[name]
unknown

[dist]
# distance from previous block
# <min> <max>
0	87

[block]
# block no. 0 follows, 59 sequences, length 7
# corresponding to MSA columns:
# 296-302
name=unknown_A
#
# <colnr> <probs for GDERKNQSTAVLIFYWHMCP>
#	G	D	E	R	K	N	Q	S	T	A	V	L	I	F	Y	W	H	M	C	P
0	0.02265	0.07406	0.07578	0.00993	0.04953	0.07956	0.05246	0.14337	0.02727	0.03218	0.03952	0.01637	0.02734	0.06533	0.15290	0.00255	0.02214	0.05125	0.00297	0.05283
1	0.03564	0.09564	0.12224	0.29044	0.04240	0.08384	0.03964	0.08287	0.04004	0.01408	0.03718	0.02697	0.01990	0.00499	0.00423	0.00136	0.00546	0.01933	0.01489	0.01885
2	0.01121	0.03996	0.06876	0.04876	0.56192	0.02960	0.02959	0.06084	0.01073	0.03849	0.02773	0.03524	0.00838	0.00450	0.00438	0.00133	0.00523	0.00420	0.00250	0.00667
3	0.00946	0.00899	0.01527	0.48506	0.37077	0.01011	0.01282	0.01227	0.00936	0.01264	0.00805	0.01141	0.00637	0.00421	0.00440	0.00140	0.00561	0.00393	0.00206	0.00581
4	0.00965	0.00838	0.01080	0.00935	0.09885	0.00688	0.03469	0.04852	0.00996	0.01513	0.03641	0.01035	0.00788	0.00366	0.00358	0.00081	0.00367	0.00311	0.00272	0.67559
5	0.03454	0.01026	0.01891	0.07543	0.10618	0.00993	0.40370	0.03476	0.05839	0.06843	0.01035	0.01341	0.00809	0.00441	0.00473	0.00139	0.00588	0.03693	0.00274	0.09154
6	0.11859	0.00549	0.00625	0.02968	0.00706	0.00605	0.00414	0.03073	0.00723	0.01106	0.01249	0.06287	0.01364	0.52024	0.09636	0.00376	0.05244	0.00575	0.00271	0.00344

[dist]
# distance from previous block
# <min> <max>
0	2

[block]
# block no. 1 follows, 59 sequences, length 7
# corresponding to MSA columns:
# 305-311
name=unknown_B
#
# <colnr> <probs for GDERKNQSTAVLIFYWHMCP>
#	G	D	E	R	K	N	Q	S	T	A	V	L	I	F	Y	W	H	M	C	P
0	0.74639	0.00875	0.00751	0.07256	0.01066	0.01016	0.00564	0.06797	0.00855	0.01969	0.00660	0.00778	0.00506	0.00421	0.00299	0.00137	0.00372	0.00263	0.00279	0.00498
1	0.06122	0.08659	0.01353	0.01161	0.08917	0.27875	0.03019	0.17909	0.13757	0.03460	0.01011	0.03042	0.00807	0.00500	0.00411	0.00128	0.00560	0.00379	0.00316	0.00615
2	0.00834	0.00785	0.01325	0.83417	0.03042	0.00981	0.01227	0.01128	0.00883	0.01128	0.00785	0.01178	0.00589	0.00442	0.00442	0.00147	0.00589	0.00393	0.00196	0.00491
3	0.00845	0.00737	0.00794	0.03191	0.02487	0.07414	0.00562	0.04051	0.14052	0.01259	0.04726	0.07715	0.10672	0.20301	0.15127	0.00309	0.04380	0.00608	0.00323	0.00447
4	0.00537	0.00390	0.00506	0.00599	0.00636	0.00360	0.00403	0.00617	0.00861	0.01134	0.02628	0.76600	0.10386	0.01359	0.00560	0.00176	0.00253	0.01225	0.00410	0.00360
5	0.03643	0.02859	0.04878	0.08526	0.06854	0.07028	0.02714	0.15856	0.18138	0.04075	0.02754	0.04353	0.06022	0.00559	0.00431	0.00132	0.00452	0.00459	0.00344	0.09923
6	0.01321	0.25435	0.08671	0.04071	0.01384	0.24130	0.02778	0.12958	0.01164	0.03218	0.00815	0.03843	0.00694	0.00499	0.00469	0.00125	0.07249	0.00347	0.00254	0.00574

[dist]
# distance from previous block
# <min> <max>
0	5

[block]
# block no. 2 follows, 59 sequences, length 79
# corresponding to MSA columns:
# 317-376,378-396
name=unknown_C
#
# <colnr> <probs for GDERKNQSTAVLIFYWHMCP>
#	G	D	E	R	K	N	Q	S	T	A	V	L	I	F	Y	W	H	M	C	P
0	0.07117	0.15709	0.13471	0.02755	0.08231	0.07857	0.07125	0.08956	0.01101	0.07622	0.06149	0.05992	0.01011	0.00520	0.00426	0.00130	0.01812	0.00423	0.00289	0.03307
1	0.10125	0.30220	0.11136	0.05707	0.05290	0.11967	0.04184	0.12722	0.01118	0.02696	0.00757	0.00875	0.00603	0.00425	0.00365	0.00120	0.00543	0.00308	0.00247	0.00593
2	0.01193	0.40344	0.12388	0.03499	0.05385	0.14718	0.06435	0.03928	0.03086	0.01229	0.00753	0.00888	0.00626	0.00456	0.01623	0.00123	0.00577	0.00307	0.01864	0.00579
3	0.00622	0.00465	0.00579	0.00550	0.00665	0.00430	0.00413	0.00845	0.03677	0.01672	0.65598	0.04639	0.16326	0.00935	0.00520	0.00141	0.00216	0.00818	0.00472	0.00418
4	0.00640	0.00438	0.00529	0.00529	0.00546	0.00454	0.00327	0.00673	0.00656	0.00892	0.01348	0.02649	0.01501	0.67507	0.19075	0.00487	0.00586	0.00607	0.00261	0.00294
5	0.01019	0.08465	0.19697	0.04818	0.21349	0.01084	0.23416	0.05499	0.01030	0.01426	0.00955	0.07442	0.00818	0.00477	0.00454	0.00139	0.00590	0.00468	0.00236	0.00617
6	0.00868	0.00804	0.01093	0.00958	0.00960	0.01075	0.00760	0.00938	0.00667	0.01004	0.00822	0.01527	0.00881	0.24566	0.03290	0.00270	0.58421	0.00461	0.00215	0.00420
7	0.01650	0.02105	0.01252	0.01138	0.01365	0.82705	0.00853	0.01764	0.01252	0.01081	0.00683	0.00796	0.00569	0.00455	0.00398	0.00114	0.00796	0.00284	0.00228	0.00512
8	0.01916	0.00792	0.01042	0.00806	0.01144	0.00718	0.00664	0.07046	0.05495	0.72866	0.01703	0.01483	0.01085	0.00548	0.00444	0.00137	0.00381	0.00444	0.00535	0.00749
9	0.00767	0.00384	0.00575	0.00575	0.00575	0.00384	0.00384	0.00575	0.00575	0.00767	0.00767	0.01343	0.00767	0.01534	0.01726	0.87150	0.00384	0.00384	0.00192	0.00192
10	0.01181	0.84744	0.02314	0.00756	0.01134	0.01748	0.00756	0.01323	0.00897	0.01039	0.00614	0.00708	0.00567	0.00378	0.00283	0.00094	0.00472	0.00236	0.00189	0.00567
11	0.01525	0.16309	0.01445	0.01069	0.01312	0.60540	0.00843	0.04380	0.01182	0.01132	0.00677	0.00802	0.00576	0.00465	0.00448	0.00116	0.06138	0.00287	0.00226	0.00528
12	0.00673	0.00462	0.00606	0.00564	0.00676	0.00425	0.00425	0.00880	0.01251	0.04592	0.78687	0.03236	0.04059	0.00890	0.00518	0.00139	0.00214	0.00786	0.00488	0.00429
13	0.00969	0.03835	0.44559	0.01289	0.03074	0.01028	0.17219	0.02655	0.10618	0.02994	0.05659	0.01267	0.00926	0.00472	0.00449	0.00142	0.00592	0.01365	0.00257	0.00632
14	0.00767	0.00384	0.00575	0.00575	0.00575	0.00384	0.00384	0.00575	0.00575	0.00767	0.00767	0.01343	0.00767	0.01534	0.01726	0.87150	0.00384	0.00384	0.00192	0.00192
15	0.01286	0.59416	0.01977	0.00848	0.01189	0.15609	0.00774	0.06274	0.06786	0.01211	0.00738	0.00813	0.00635	0.00416	0.00325	0.00104	0.00520	0.00273	0.00230	0.00578
16	0.01064	0.12792	0.52551	0.01175	0.05508	0.01074	0.01318	0.03365	0.02927	0.09340	0.02060	0.01021	0.00698	0.00437	0.00405	0.00131	0.00569	0.00340	0.00243	0.02983
17	0.00980	0.08585	0.65706	0.01235	0.02988	0.03952	0.03882	0.01444	0.02260	0.03817	0.00824	0.00950	0.00595	0.00423	0.00413	0.00136	0.00631	0.00331	0.00205	0.00644
18	0.01034	0.01168	0.02532	0.01852	0.04201	0.01098	0.75944	0.01399	0.01041	0.01413	0.00933	0.01297	0.00724	0.00397	0.00522	0.00150	0.00730	0.02743	0.00228	0.00593
19	0.00901	0.03520	0.62848	0.01314	0.05363	0.01010	0.08323	0.01381	0.03225	0.01409	0.03059	0.03968	0.00778	0.00466	0.00435	0.00141	0.00617	0.00395	0.00215	0.00633
20	0.01125	0.01410	0.20513	0.03921	0.20180	0.12650	0.12408	0.02627	0.02093	0.07567	0.02355	0.06693	0.03424	0.00519	0.00453	0.00138	0.00581	0.00466	0.00267	0.00608
21	0.01011	0.04167	0.19678	0.01014	0.03417	0.02015	0.08985	0.03507	0.03055	0.13504	0.05970	0.22423	0.03586	0.00759	0.00531	0.01517	0.03319	0.00649	0.00340	0.00554
22	0.01938	0.00761	0.01025	0.00788	0.01125	0.00669	0.00650	0.04845	0.01292	0.77311	0.03659	0.01532	0.01156	0.00555	0.00446	0.00137	0.00376	0.00451	0.00542	0.00743
23	0.00905	0.00997	0.09342	0.13145	0.17251	0.00877	0.22104	0.02508	0.00976	0.02487	0.01339	0.14347	0.04739	0.03573	0.00552	0.00160	0.00539	0.03343	0.00269	0.00546
24	0.01130	0.02491	0.19556	0.09522	0.21396	0.04310	0.14771	0.03910	0.01052	0.10400	0.02126	0.02177	0.00800	0.00461	0.00459	0.00139	0.01406	0.01574	0.01692	0.00630
25	0.03508	0.01014	0.04041	0.03226	0.52277	0.02502	0.01127	0.05272	0.01078	0.13531	0.01089	0.07433	0.00915	0.00501	0.00443	0.00136	0.00485	0.00458	0.00293	0.00670
26	0.00619	0.00451	0.00583	0.00550	0.00656	0.00414	0.00412	0.00823	0.01237	0.01740	0.77302	0.03351	0.08375	0.00915	0.00521	0.00139	0.00209	0.00806	0.00482	0.00414
27	0.03287	0.06247	0.16725	0.04622	0.14623	0.09520	0.08854	0.04172	0.04889	0.12515	0.01161	0.02524	0.03761	0.01915	0.00459	0.00139	0.00537	0.00419	0.03016	0.00614
28	0.04272	0.05591	0.29827	0.04306	0.18229	0.06806	0.06279	0.01425	0.02077	0.08714	0.03613	0.05067	0.00885	0.00488	0.00430	0.00136	0.00557	0.00417	0.00259	0.00620
29	0.01565	0.01949	0.01401	0.01212	0.01459	0.69289	0.09276	0.03818	0.01233	0.01162	0.00712	0.00851	0.00585	0.00458	0.00446	0.00121	0.03391	0.00316	0.00232	0.00526
30	0.06846	0.01078	0.01154	0.00912	0.01218	0.01183	0.00744	0.61673	0.01819	0.03990	0.06489	0.05604	0.01096	0.00592	0.00438	0.00135	0.00435	0.00461	0.03453	0.00679
31	0.02437	0.03228	0.09362	0.01254	0.14458	0.02015	0.08786	0.12261	0.14175	0.06519	0.11415	0.01783	0.07073	0.00594	0.00461	0.00140	0.00452	0.02611	0.00356	0.00619
32	0.00844	0.00719	0.02166	0.00743	0.03189	0.05489	0.01656	0.06716	0.04940	0.04405	0.36102	0.04819	0.21060	0.00849	0.00540	0.00143	0.04010	0.00713	0.00419	0.00477
33	0.01042	0.00933	0.02594	0.01503	0.28801	0.01890	0.03961	0.05199	0.22433	0.03855	0.04378	0.08697	0.04447	0.01986	0.00510	0.00146	0.02436	0.00536	0.00336	0.04318
34	0.00790	0.00496	0.00646	0.00681	0.01818	0.00471	0.00510	0.00933	0.02164	0.10481	0.08332	0.24232	0.09152	0.14514	0.00823	0.00214	0.00338	0.22581	0.00406	0.00418
35	0.02650	0.12919	0.05251	0.00988	0.02700	0.12032	0.00828	0.36324	0.12195	0.01986	0.01025	0.02128	0.00790	0.00498	0.00406	0.00124	0.00501	0.00371	0.00349	0.05935
36	0.01136	0.14949	0.21503	0.03719	0.05191	0.05120	0.06869	0.09709	0.01118	0.08062	0.04848	0.01380	0.03745	0.00512	0.00433	0.00129	0.01532	0.03658	0.00286	0.06101
37	0.02130	0.21633	0.42966	0.01078	0.01575	0.07364	0.02342	0.05253	0.05323	0.05184	0.00853	0.00942	0.00639	0.00433	0.00389	0.00127	0.00581	0.00322	0.00235	0.00631
38	0.00974	0.14409	0.22410	0.06462	0.14236	0.02248	0.11483	0.01300	0.03356	0.02439	0.03464	0.08413	0.00999	0.00543	0.00471	0.00140	0.03255	0.02567	0.00246	0.00585
39	0.03249	0.00643	0.00959	0.06116	0.08141	0.00613	0.10180	0.02296	0.01013	0.06138	0.08172	0.17719	0.30193	0.01905	0.00525	0.00154	0.00360	0.00790	0.00366	0.00467
40	0.01091	0.09684	0.29754	0.03968	0.08853	0.02197	0.07761	0.01405	0.01968	0.14474	0.02170	0.08519	0.02918	0.01600	0.00477	0.01273	0.00525	0.00470	0.00286	0.00606
41	0.01071	0.06320	0.14646	0.07291	0.37889	0.02149	0.03157	0.04872	0.05141	0.04401	0.01049	0.05533	0.02304	0.00494	0.00451	0.00137	0.01758	0.00437	0.00257	0.00642
42	0.00602	0.00441	0.00604	0.00640	0.00685	0.00470	0.00455	0.00700	0.00757	0.01042	0.01757	0.34247	0.03416	0.15739	0.34048	0.00434	0.02477	0.00814	0.00312	0.00361
43	0.02227	0.09712	0.47376	0.05698	0.08429	0.06092	0.07040	0.01362	0.00955	0.01330	0.00902	0.01062	0.03428	0.00445	0.00436	0.00136	0.02196	0.00360	0.00204	0.00612
44	0.02314	0.06777	0.18184	0.05686	0.10638	0.10215	0.05095	0.05325	0.13651	0.01481	0.06045	0.04299	0.03970	0.00556	0.00450	0.00138	0.01593	0.01575	0.01417	0.00591
45	0.02451	0.19003	0.32860	0.05502	0.09873	0.15740	0.03729	0.01454	0.03141	0.01280	0.00767	0.00915	0.00602	0.00419	0.00392	0.00126	0.00615	0.00320	0.00208	0.00603
46	0.01893	0.00763	0.01054	0.00812	0.01147	0.00671	0.02707	0.02108	0.04038	0.75169	0.03680	0.01544	0.01167	0.00553	0.00448	0.00137	0.00380	0.00457	0.00533	0.00738
47	0.04383	0.47369	0.01804	0.00859	0.01192	0.16752	0.00765	0.10546	0.01115	0.06631	0.00756	0.00829	0.00623	0.00429	0.00358	0.00108	0.02172	0.00281	0.00254	0.02775
48	0.01052	0.01176	0.12656	0.02070	0.50490	0.02200	0.05563	0.02549	0.04689	0.03728	0.02363	0.01389	0.07138	0.00477	0.00448	0.00136	0.00517	0.00444	0.00257	0.00657
49	0.00881	0.00856	0.00932	0.00852	0.00947	0.15415	0.04201	0.00999	0.00803	0.01022	0.01042	0.01681	0.01023	0.19446	0.36161	0.00448	0.12181	0.00465	0.00235	0.00410
50	0.00767	0.00384	0.00575	0.00575	0.00575	0.00384	0.00384	0.00575	0.00575	0.00767	0.00767	0.01343	0.00767	0.01534	0.01726	0.87150	0.00384	0.00384	0.00192	0.00192
51	0.01219	0.78076	0.02229	0.00787	0.01152	0.08280	0.00764	0.01358	0.00926	0.01042	0.00620	0.00716	0.00567	0.00384	0.00293	0.00096	0.00498	0.00240	0.00192	0.00562
52	0.03821	0.02958	0.01353	0.05515	0.28454	0.00967	0.02136	0.17927	0.01276	0.20530	0.04047	0.04212	0.02502	0.00528	0.00440	0.00135	0.00451	0.00455	0.01626	0.00669
53	0.00642	0.00428	0.00482	0.00482	0.00482	0.00428	0.00268	0.00642	0.00642	0.00856	0.01392	0.02890	0.01606	0.84478	0.02248	0.00428	0.00428	0.00642	0.00268	0.00268
54	0.00631	0.00473	0.00710	0.00710	0.00789	0.00552	0.00552	0.00789	0.00710	0.01025	0.01183	0.01735	0.01104	0.03312	0.82728	0.00710	0.01183	0.00473	0.00237	0.00394
55	0.44888	0.17464	0.06742	0.03136	0.02349	0.09743	0.00708	0.06772	0.00946	0.01681	0.00684	0.00794	0.00545	0.00419	0.00318	0.00126	0.00454	0.00269	0.01430	0.00533
56	0.00601	0.00517	0.00585	0.00643	0.06456	0.01696	0.00433	0.00743	0.01059	0.01325	0.19606	0.03779	0.58960	0.01013	0.00514	0.00145	0.00251	0.00857	0.00409	0.00407
57	0.00966	0.00966	0.01353	0.01160	0.01160	0.01353	0.00966	0.01063	0.00676	0.01063	0.00580	0.00966	0.00580	0.00773	0.01449	0.00193	0.83670	0.00387	0.00193	0.00483
58	0.01209	0.08119	0.05044	0.01473	0.04754	0.08260	0.40711	0.06910	0.11244	0.06297	0.01022	0.01171	0.00766	0.00432	0.00465	0.00139	0.00626	0.00449	0.00282	0.00625
59	0.01589	0.03682	0.06795	0.01139	0.01398	0.75599	0.00905	0.01730	0.01223	0.01102	0.00689	0.00804	0.00568	0.00451	0.00398	0.00115	0.00781	0.00286	0.00224	0.00523
60	0.04974	0.00845	0.01394	0.62143	0.19878	0.00996	0.01219	0.01185	0.00903	0.01236	0.00787	0.01138	0.00607	0.00430	0.00433	0.00143	0.00563	0.00386	0.00205	0.00535
61	0.00642	0.00428	0.00482	0.00482	0.00482	0.00428	0.00268	0.00642	0.00642	0.00856	0.01392	0.02890	0.01606	0.84478	0.02248	0.00428	0.00428	0.00642	0.00268	0.00268
62	0.00642	0.00428	0.00482	0.00482	0.00482	0.00428	0.00268	0.00642	0.00642	0.00856	0.01392	0.02890	0.01606	0.84478	0.02248	0.00428	0.00428	0.00642	0.00268	0.00268
63	0.01093	0.01049	0.01793	0.02711	0.81723	0.01049	0.01355	0.01355	0.01006	0.01443	0.00831	0.01093	0.00700	0.00394	0.00437	0.00131	0.00525	0.00394	0.00219	0.00700
64	0.01204	0.80579	0.02261	0.00775	0.01145	0.05828	0.00761	0.01345	0.00915	0.01041	0.00617	0.00713	0.00567	0.00382	0.00289	0.00095	0.00489	0.00239	0.00191	0.00564
65	0.00834	0.00785	0.01325	0.83417	0.03042	0.00981	0.01227	0.01128	0.00883	0.01128	0.00785	0.01178	0.00589	0.00442	0.00442	0.00147	0.00589	0.00393	0.00196	0.00491
66	0.00982	0.00986	0.01352	0.01183	0.03118	0.04273	0.03719	0.01095	0.00731	0.01105	0.00676	0.03152	0.00664	0.00746	0.01295	0.00184	0.70910	0.00411	0.02932	0.00488
67	0.00767	0.00384	0.00575	0.00575	0.00575	0.00384	0.00384	0.00575	0.00575	0.00767	0.00767	0.01343	0.00767	0.01534	0.01726	0.87150	0.00384	0.00384	0.00192	0.00192
68	0.00538	0.00386	0.00511	0.00611	0.00640	0.00359	0.00408	0.00615	0.00849	0.01129	0.02484	0.82260	0.04819	0.01377	0.00563	0.00179	0.00255	0.01248	0.00410	0.00359
69	0.00633	0.00426	0.00490	0.00502	0.00507	0.00423	0.00291	0.00646	0.00671	0.00893	0.01515	0.10983	0.01756	0.74438	0.02046	0.00399	0.00411	0.02406	0.00285	0.00280
70	0.01049	0.00893	0.00946	0.00849	0.01087	0.01014	0.00661	0.04995	0.67347	0.01830	0.06909	0.01915	0.07254	0.00653	0.00459	0.00148	0.00337	0.00545	0.00449	0.00660
71	0.00886	0.02285	0.82190	0.01259	0.01912	0.01026	0.01632	0.01399	0.00932	0.01399	0.00793	0.00932	0.00559	0.00420	0.00420	0.00140	0.00653	0.00326	0.00186	0.00653
72	0.00642	0.00428	0.00482	0.00482	0.00482	0.00428	0.00268	0.00642	0.00642	0.00856	0.01392	0.02890	0.01606	0.84478	0.02248	0.00428	0.00428	0.00642	0.00268	0.00268
73	0.00933	0.00791	0.00937	0.00679	0.01062	0.00613	0.01662	0.01171	0.04001	0.02625	0.00904	0.01015	0.02101	0.00355	0.00340	0.00072	0.00333	0.00289	0.00275	0.79843
74	0.00886	0.02285	0.82190	0.01259	0.01912	0.01026	0.01632	0.01399	0.00932	0.01399	0.00793	0.00932	0.00559	0.00420	0.00420	0.00140	0.00653	0.00326	0.00186	0.00653
75	0.00540	0.00393	0.00504	0.00591	0.00630	0.00363	0.00396	0.00618	0.00857	0.01125	0.02631	0.71983	0.11939	0.04408	0.00621	0.00185	0.00259	0.01196	0.00405	0.00357
76	0.04589	0.01972	0.05124	0.00868	0.05087	0.02234	0.00689	0.02882	0.04973	0.49452	0.04982	0.05531	0.05385	0.03559	0.00510	0.00149	0.00387	0.00509	0.00460	0.00656
77	0.05767	0.03921	0.03030	0.01751	0.01157	0.00795	0.00650	0.07470	0.04627	0.10131	0.02288	0.07025	0.01074	0.00561	0.00424	0.00121	0.00393	0.02645	0.00360	0.45808
78	0.01179	0.21645	0.04681	0.05104	0.12072	0.13025	0.00876	0.06140	0.03745	0.05388	0.00998	0.07010	0.02083	0.00579	0.01710	0.00136	0.07539	0.00406	0.00266	0.05418

[dist]
# distance from previous block
# <min> <max>
0	71

[block]
# block no. 3 follows, 59 sequences, length 19
# corresponding to MSA columns:
# 476-494
name=unknown_D
#
# <colnr> <probs for GDERKNQSTAVLIFYWHMCP>
#	G	D	E	R	K	N	Q	S	T	A	V	L	I	F	Y	W	H	M	C	P
0	0.11867	0.05012	0.03556	0.05749	0.13862	0.03058	0.07113	0.13104	0.11001	0.02937	0.01054	0.02519	0.01900	0.00469	0.00401	0.00126	0.00455	0.00392	0.03832	0.11592
1	0.02171	0.00850	0.01201	0.28691	0.15361	0.03737	0.02901	0.05084	0.07833	0.01402	0.02566	0.03906	0.02091	0.03818	0.00544	0.00152	0.03571	0.03090	0.07999	0.03031
2	0.01130	0.01020	0.01160	0.13385	0.12368	0.13054	0.01919	0.12210	0.10994	0.04200	0.07128	0.06689	0.01255	0.04018	0.03259	0.00171	0.01656	0.02296	0.01524	0.00565
3	0.00534	0.00445	0.00464	0.00471	0.00606	0.00378	0.00350	0.00647	0.00999	0.01208	0.07384	0.08949	0.70118	0.03081	0.00567	0.00158	0.00234	0.02627	0.00410	0.00372
4	0.00608	0.00409	0.00499	0.00538	0.00548	0.00399	0.00329	0.00628	0.00718	0.00957	0.01764	0.34381	0.02073	0.47883	0.01567	0.04856	0.00359	0.00867	0.00319	0.00299
5	0.00886	0.02285	0.82190	0.01259	0.01912	0.01026	0.01632	0.01399	0.00932	0.01399	0.00793	0.00932	0.00559	0.00420	0.00420	0.00140	0.00653	0.00326	0.00186	0.00653
6	0.00538	0.00436	0.00477	0.00493	0.00613	0.00375	0.00360	0.00654	0.01005	0.01250	0.13394	0.19525	0.57051	0.01144	0.00530	0.00154	0.00228	0.00978	0.00419	0.00375
7	0.87598	0.00854	0.00649	0.00581	0.00854	0.00991	0.00478	0.01298	0.00752	0.01982	0.00615	0.00717	0.00478	0.00410	0.00273	0.00137	0.00342	0.00239	0.00273	0.00478
8	0.00864	0.00451	0.00455	0.00440	0.00555	0.00457	0.00334	0.04776	0.00981	0.01700	0.01423	0.01619	0.01114	0.00515	0.00315	0.00104	0.00219	0.00411	0.82839	0.00428
9	0.87598	0.00854	0.00649	0.00581	0.00854	0.00991	0.00478	0.01298	0.00752	0.01982	0.00615	0.00717	0.00478	0.00410	0.00273	0.00137	0.00342	0.00239	0.00273	0.00478
10	0.00625	0.00451	0.00590	0.00556	0.00660	0.00417	0.00417	0.00833	0.01250	0.01771	0.81490	0.03299	0.04167	0.00903	0.00521	0.00139	0.00208	0.00799	0.00486	0.00417
11	0.87598	0.00854	0.00649	0.00581	0.00854	0.00991	0.00478	0.01298	0.00752	0.01982	0.00615	0.00717	0.00478	0.00410	0.00273	0.00137	0.00342	0.00239	0.00273	0.00478
12	0.01632	0.05163	0.01291	0.01124	0.01357	0.79709	0.00850	0.01747	0.01238	0.01079	0.00680	0.00793	0.00569	0.00452	0.00394	0.00113	0.00784	0.00283	0.00226	0.00514
13	0.01144	0.00971	0.01024	0.00908	0.01166	0.01120	0.00710	0.08412	0.74787	0.01920	0.01740	0.01602	0.01302	0.00594	0.00449	0.00148	0.00360	0.00491	0.00449	0.00703
14	0.00638	0.00472	0.00568	0.00545	0.00672	0.00429	0.00413	0.00842	0.03484	0.03410	0.48608	0.05403	0.28692	0.00975	0.00521	0.00145	0.00228	0.03080	0.00458	0.00417
15	0.00625	0.00427	0.00494	0.00506	0.00524	0.00419	0.00305	0.00654	0.00722	0.00959	0.05465	0.12100	0.06255	0.64748	0.01846	0.00366	0.00387	0.02599	0.00305	0.00294
16	0.00916	0.00785	0.00916	0.00654	0.01047	0.00589	0.00523	0.01112	0.00916	0.01439	0.00785	0.00916	0.00654	0.00327	0.00327	0.00065	0.00327	0.00262	0.00262	0.87178
17	0.00531	0.00438	0.00467	0.00479	0.00607	0.00374	0.00352	0.00644	0.01000	0.01222	0.09347	0.15867	0.64861	0.01143	0.00528	0.00153	0.00227	0.00970	0.00415	0.00374
18	0.00542	0.00388	0.00516	0.00612	0.00642	0.00362	0.00410	0.00626	0.00866	0.01160	0.06373	0.80160	0.02983	0.01360	0.00562	0.00177	0.00254	0.01233	0.00414	0.00362

[dist]
# distance from previous block
# <min> <max>
0	1

[block]
# block no. 4 follows, 59 sequences, length 29
# corresponding to MSA columns:
# 496-524
name=unknown_E
#
# <colnr> <probs for GDERKNQSTAVLIFYWHMCP>
#	G	D	E	R	K	N	Q	S	T	A	V	L	I	F	Y	W	H	M	C	P
0	0.01006	0.01069	0.07219	0.05704	0.17832	0.00960	0.35836	0.04220	0.01044	0.03944	0.02142	0.10805	0.01074	0.00559	0.00498	0.00150	0.00587	0.04495	0.00271	0.00587
1	0.00737	0.00620	0.00807	0.00773	0.00861	0.03775	0.00608	0.00945	0.05140	0.01101	0.01276	0.01708	0.04623	0.02568	0.59139	0.00551	0.11396	0.00476	0.02470	0.00426
2	0.01488	0.03932	0.01178	0.00946	0.01225	0.26859	0.00751	0.33440	0.06572	0.03675	0.01022	0.01077	0.00774	0.00496	0.00403	0.00120	0.00532	0.00360	0.10666	0.04484
3	0.01189	0.06426	0.04895	0.04610	0.17516	0.04778	0.05293	0.12240	0.13355	0.09156	0.06190	0.02830	0.05827	0.00549	0.00441	0.00134	0.00461	0.00470	0.00343	0.03295
4	0.04314	0.34719	0.20911	0.01064	0.04440	0.20357	0.02546	0.04681	0.01038	0.01262	0.00704	0.00821	0.00577	0.00414	0.00359	0.00115	0.00594	0.00287	0.00213	0.00584
5	0.01105	0.03041	0.08949	0.01271	0.16610	0.04447	0.07115	0.10449	0.03247	0.02877	0.00869	0.01009	0.00686	0.00393	0.00393	0.00105	0.00472	0.00339	0.00271	0.36355
6	0.01439	0.08802	0.02976	0.03550	0.16755	0.47151	0.05097	0.06713	0.01202	0.01281	0.00745	0.00895	0.00611	0.00436	0.00407	0.00120	0.00686	0.00324	0.00235	0.00574
7	0.00550	0.00400	0.00515	0.00587	0.00635	0.00369	0.00400	0.00645	0.00909	0.01210	0.12700	0.63762	0.11057	0.03307	0.00595	0.00177	0.00251	0.01150	0.00416	0.00365
8	0.00731	0.00573	0.00803	0.06616	0.13017	0.00604	0.00577	0.00824	0.00766	0.01046	0.03400	0.08982	0.01539	0.45858	0.05688	0.00331	0.04087	0.03903	0.00273	0.00381
9	0.00616	0.00453	0.00553	0.00541	0.00657	0.00406	0.00406	0.00783	0.01136	0.03069	0.47340	0.09890	0.27731	0.01011	0.00526	0.00147	0.00227	0.03646	0.00455	0.00405
10	0.00644	0.00487	0.00714	0.00707	0.00777	0.00570	0.00544	0.00787	0.00703	0.01013	0.01179	0.01802	0.01126	0.09845	0.73264	0.00668	0.04061	0.00484	0.00238	0.00387
11	0.38343	0.00673	0.00616	0.00549	0.00760	0.00727	0.00439	0.04793	0.00936	0.09841	0.01098	0.01206	0.00830	0.00473	0.00313	0.00122	0.00294	0.00340	0.37158	0.00489
12	0.03515	0.00521	0.00525	0.00487	0.00624	0.00540	0.00375	0.10217	0.01054	0.01788	0.01372	0.01551	0.01068	0.00513	0.00323	0.00107	0.00242	0.00405	0.74319	0.00453
13	0.01181	0.84744	0.02314	0.00756	0.01134	0.01748	0.00756	0.01323	0.00897	0.01039	0.00614	0.00708	0.00567	0.00378	0.00283	0.00094	0.00472	0.00236	0.00189	0.00567
14	0.00642	0.00428	0.00482	0.00482	0.00482	0.00428	0.00268	0.00642	0.00642	0.00856	0.01392	0.02890	0.01606	0.84478	0.02248	0.00428	0.00428	0.00642	0.00268	0.00268
15	0.01679	0.01237	0.01325	0.01016	0.01370	0.01370	0.00839	0.80251	0.02077	0.02783	0.01060	0.01060	0.00751	0.00530	0.00442	0.00133	0.00486	0.00398	0.00442	0.00751
16	0.01354	0.02356	0.13998	0.04659	0.11917	0.05181	0.00990	0.29128	0.06256	0.10379	0.01055	0.01123	0.00772	0.00553	0.02637	0.00145	0.00526	0.00382	0.00343	0.06246
17	0.01142	0.01058	0.01407	0.10431	0.27536	0.10103	0.06940	0.01622	0.20126	0.06631	0.05291	0.02628	0.02078	0.00513	0.00450	0.00138	0.00503	0.00460	0.00313	0.00628
18	0.01982	0.00752	0.01025	0.00786	0.01127	0.00649	0.00649	0.02152	0.01264	0.82029	0.01742	0.01503	0.01093	0.00547	0.00444	0.00137	0.00376	0.00444	0.00547	0.00752
19	0.00529	0.00448	0.00457	0.00454	0.00601	0.00376	0.00341	0.00647	0.01023	0.01231	0.09487	0.04189	0.76507	0.01105	0.00522	0.00148	0.00223	0.00923	0.00415	0.00376
20	0.01153	0.28856	0.24402	0.01229	0.06242	0.11537	0.12234	0.04963	0.03080	0.01320	0.00775	0.00912	0.00616	0.00412	0.00390	0.00122	0.00602	0.00331	0.00218	0.00607
21	0.00529	0.00440	0.00463	0.00474	0.00605	0.00373	0.00349	0.00642	0.00999	0.01215	0.08239	0.14365	0.67504	0.01141	0.00527	0.00152	0.00227	0.00966	0.00414	0.00373
22	0.00573	0.00407	0.00540	0.00631	0.00667	0.00386	0.00441	0.00664	0.00864	0.01150	0.04310	0.64859	0.02798	0.07748	0.00699	0.00201	0.00289	0.12013	0.00400	0.00360
23	0.01023	0.01007	0.01816	0.15884	0.49701	0.01024	0.16673	0.01308	0.00991	0.01385	0.00916	0.01196	0.02139	0.00413	0.00453	0.00137	0.00565	0.00428	0.02308	0.00632
24	0.02780	0.06013	0.34134	0.02656	0.03222	0.08765	0.19395	0.08168	0.03711	0.03968	0.00911	0.02665	0.00693	0.00448	0.00438	0.00137	0.00628	0.00397	0.00247	0.00624
25	0.01429	0.01464	0.01379	0.01150	0.01373	0.32336	0.07391	0.17479	0.05347	0.05029	0.00855	0.00997	0.00680	0.00551	0.00673	0.00142	0.20488	0.00369	0.00288	0.00580
26	0.01116	0.03710	0.11714	0.04413	0.15841	0.00933	0.06198	0.13434	0.01133	0.05064	0.00899	0.02008	0.00707	0.00413	0.00400	0.00111	0.00472	0.00356	0.00279	0.30798
27	0.05816	0.11166	0.39219	0.02672	0.01531	0.02608	0.05207	0.03808	0.00993	0.10742	0.01086	0.11257	0.00922	0.00550	0.00422	0.00139	0.00535	0.00452	0.00272	0.00603
28	0.00634	0.00462	0.00653	0.00653	0.00712	0.00521	0.00481	0.00752	0.00693	0.00983	0.01235	0.02022	0.01229	0.23483	0.62728	0.00640	0.00995	0.00515	0.00244	0.00363

[dist]
# distance from previous block
# <min> <max>
0	1

[block]
# block no. 5 follows, 59 sequences, length 14
# corresponding to MSA columns:
# 526-539
name=unknown_F
#
# <colnr> <probs for GDERKNQSTAVLIFYWHMCP>
#	G	D	E	R	K	N	Q	S	T	A	V	L	I	F	Y	W	H	M	C	P
0	0.03622	0.63522	0.04613	0.00881	0.03199	0.15610	0.00808	0.01401	0.00958	0.01094	0.00637	0.00741	0.00568	0.00394	0.00311	0.00101	0.00532	0.00251	0.00199	0.00561
1	0.02140	0.08637	0.20607	0.02248	0.03282	0.00958	0.02095	0.06785	0.15011	0.08739	0.04834	0.01289	0.02626	0.00485	0.00404	0.00122	0.00443	0.00391	0.01520	0.17383
2	0.04027	0.12494	0.07852	0.01620	0.29219	0.08835	0.05830	0.13343	0.07610	0.03666	0.00917	0.01045	0.00720	0.00439	0.00413	0.00128	0.00537	0.00370	0.00276	0.00656
3	0.00902	0.00799	0.01327	0.73699	0.05404	0.00982	0.01193	0.01182	0.00897	0.04986	0.00824	0.01182	0.00616	0.00458	0.00481	0.00148	0.03803	0.00395	0.00214	0.00509
4	0.00835	0.00435	0.00438	0.00433	0.00543	0.00442	0.00326	0.01087	0.04467	0.01655	0.01457	0.01647	0.01142	0.00518	0.00315	0.00105	0.00212	0.00416	0.83102	0.00424
5	0.01094	0.01441	0.20183	0.01483	0.21441	0.15889	0.03204	0.03351	0.04098	0.01346	0.00884	0.01140	0.00733	0.03956	0.03845	0.00171	0.09581	0.00379	0.05195	0.00584
6	0.07144	0.00690	0.00886	0.00705	0.00991	0.00611	0.00571	0.01694	0.01193	0.51133	0.18647	0.01846	0.03456	0.00608	0.00441	0.00131	0.00330	0.00502	0.00489	0.07930
7	0.00642	0.00428	0.00482	0.00482	0.00482	0.00428	0.00268	0.00642	0.00642	0.00856	0.01392	0.02890	0.01606	0.84478	0.02248	0.00428	0.00428	0.00642	0.00268	0.00268
8	0.00644	0.00545	0.03885	0.00602	0.00727	0.00476	0.00483	0.00856	0.01203	0.01701	0.71402	0.03158	0.07563	0.00889	0.00553	0.00142	0.03515	0.00770	0.00459	0.00427
9	0.00629	0.00410	0.00514	0.00582	0.00631	0.00397	0.00410	0.00742	0.00857	0.01229	0.02078	0.48416	0.02325	0.09152	0.02964	0.00204	0.00303	0.08938	0.18852	0.00367
10	0.01211	0.79383	0.02245	0.00781	0.01149	0.07000	0.00762	0.01351	0.00920	0.01042	0.00618	0.00714	0.00567	0.00383	0.00291	0.00096	0.00493	0.00239	0.00191	0.00563
11	0.01202	0.00580	0.00759	0.00644	0.00856	0.00511	0.00508	0.01377	0.01211	0.36800	0.33833	0.05272	0.13009	0.00791	0.00489	0.00141	0.00285	0.00676	0.00500	0.00556
12	0.01229	0.00990	0.01053	0.00909	0.01180	0.01124	0.00718	0.18343	0.60414	0.04343	0.01710	0.01587	0.03194	0.00596	0.00449	0.00146	0.00375	0.00487	0.00450	0.00703
13	0.01156	0.07648	0.13266	0.02412	0.03595	0.05259	0.15286	0.14162	0.01182	0.10262	0.02582	0.13877	0.05050	0.00633	0.00475	0.00142	0.01536	0.00558	0.00327	0.00590

[dist]
# distance from previous block
# <min> <max>
3	6

[block]
# block no. 6 follows, 59 sequences, length 58
# corresponding to MSA columns:
# 546-603
name=unknown_G
#
# <colnr> <probs for GDERKNQSTAVLIFYWHMCP>
#	G	D	E	R	K	N	Q	S	T	A	V	L	I	F	Y	W	H	M	C	P
0	0.00806	0.00598	0.00733	0.00649	0.00837	0.00556	0.00504	0.01145	0.11825	0.05050	0.44107	0.05162	0.02826	0.00768	0.00477	0.00131	0.00272	0.05535	0.00432	0.17589
1	0.00916	0.00785	0.00916	0.00654	0.01047	0.00589	0.00523	0.01112	0.00916	0.01439	0.00785	0.00916	0.00654	0.00327	0.00327	0.00065	0.00327	0.00262	0.00262	0.87178
2	0.00642	0.00429	0.00486	0.00486	0.00488	0.00431	0.00273	0.00645	0.00644	0.00860	0.01388	0.02868	0.01596	0.82905	0.03808	0.00434	0.00443	0.00639	0.00267	0.00270
3	0.01074	0.06486	0.50769	0.01223	0.05541	0.01034	0.04757	0.05229	0.05057	0.09235	0.00943	0.01035	0.00676	0.00436	0.00418	0.00134	0.00575	0.00353	0.00253	0.04771
4	0.00874	0.01509	0.40970	0.01160	0.08690	0.00832	0.03325	0.01223	0.00935	0.01388	0.01926	0.08895	0.02521	0.00502	0.00416	0.00124	0.00506	0.00426	0.00239	0.23539
5	0.10256	0.03199	0.24471	0.01128	0.01499	0.42626	0.03786	0.05630	0.01138	0.01363	0.00733	0.00853	0.00570	0.00440	0.00396	0.00126	0.00686	0.00305	0.00231	0.00565
6	0.01641	0.01211	0.01296	0.01001	0.01345	0.01342	0.00824	0.75860	0.05012	0.02727	0.01095	0.01093	0.00781	0.00532	0.00440	0.00133	0.00476	0.00402	0.02046	0.00743
7	0.00608	0.00470	0.00667	0.00670	0.00766	0.00427	0.06319	0.00721	0.00920	0.03091	0.05001	0.54519	0.21725	0.01211	0.00546	0.00168	0.00286	0.01091	0.00402	0.00391
8	0.01190	0.80694	0.02265	0.00775	0.01141	0.04042	0.00763	0.01330	0.00903	0.01041	0.00615	0.00716	0.00567	0.00388	0.00310	0.00097	0.02169	0.00241	0.00190	0.00564
9	0.00576	0.00455	0.00479	0.00469	0.00612	0.00387	0.00349	0.00695	0.01023	0.03364	0.12209	0.04023	0.68112	0.04569	0.00592	0.00159	0.00235	0.00893	0.00416	0.00383
10	0.00615	0.00472	0.00535	0.00512	0.00651	0.00419	0.00386	0.00802	0.03603	0.03349	0.34790	0.03728	0.46537	0.01004	0.00517	0.00145	0.00225	0.00854	0.00445	0.00409
11	0.00632	0.00464	0.00567	0.00556	0.00670	0.00425	0.00413	0.00828	0.03612	0.03313	0.44797	0.15203	0.23678	0.01015	0.00525	0.00149	0.00230	0.02054	0.00455	0.00413
12	0.00607	0.00415	0.00547	0.00629	0.00680	0.00390	0.00447	0.00709	0.00892	0.03065	0.04606	0.62785	0.05462	0.03121	0.00594	0.00183	0.00279	0.11340	0.02873	0.00376
13	0.00532	0.00448	0.00462	0.00458	0.00603	0.00377	0.00344	0.00654	0.01031	0.01251	0.12210	0.04155	0.73772	0.01097	0.00522	0.00148	0.00222	0.00919	0.00418	0.00377
14	0.00642	0.00428	0.00482	0.00482	0.00482	0.00428	0.00268	0.00642	0.00642	0.00856	0.01392	0.02890	0.01606	0.84478	0.02248	0.00428	0.00428	0.00642	0.00268	0.00268
15	0.00708	0.00470	0.00617	0.00570	0.00689	0.00431	0.00431	0.00914	0.01251	0.06693	0.76600	0.03189	0.03979	0.00881	0.00516	0.00139	0.00219	0.00777	0.00490	0.00437
16	0.00541	0.00387	0.00510	0.00606	0.00634	0.00361	0.00403	0.00616	0.00842	0.01119	0.02444	0.79520	0.04667	0.04289	0.00622	0.00187	0.00262	0.01227	0.00405	0.00356
17	0.01667	0.03301	0.01350	0.01010	0.01364	0.01379	0.00837	0.78300	0.02047	0.02740	0.01049	0.01052	0.00747	0.00526	0.00438	0.00132	0.00486	0.00394	0.00436	0.00747
18	0.01960	0.00786	0.01046	0.00802	0.01145	0.00701	0.00663	0.07722	0.01322	0.76378	0.01694	0.01472	0.01069	0.00545	0.00444	0.00136	0.00384	0.00441	0.00539	0.00752
19	0.00536	0.00445	0.00460	0.00461	0.00601	0.00376	0.00344	0.00656	0.01017	0.01243	0.10133	0.07171	0.71186	0.01101	0.00519	0.00149	0.00223	0.00924	0.02077	0.00376
20	0.01090	0.10996	0.10957	0.01139	0.06154	0.12446	0.04698	0.04647	0.01991	0.03575	0.03570	0.08147	0.01020	0.00647	0.00693	0.00149	0.21660	0.04059	0.00262	0.02099
21	0.00916	0.00785	0.00916	0.00654	0.01047	0.00589	0.00523	0.01112	0.00916	0.01439	0.00785	0.00916	0.00654	0.00327	0.00327	0.00065	0.00327	0.00262	0.00262	0.87178
22	0.02175	0.26475	0.29268	0.01164	0.08176	0.07921	0.02155	0.06387	0.04287	0.05612	0.00837	0.00937	0.00647	0.00433	0.00398	0.00124	0.01814	0.00322	0.00240	0.00627
23	0.01072	0.01028	0.01755	0.09212	0.75385	0.01044	0.01345	0.01337	0.00996	0.01418	0.00827	0.01100	0.00691	0.00397	0.00438	0.00132	0.00530	0.00393	0.00217	0.00683
24	0.00701	0.00511	0.00726	0.00779	0.00871	0.00509	0.03238	0.00868	0.00937	0.01227	0.02098	0.07751	0.02294	0.15737	0.03157	0.00254	0.00437	0.57147	0.00372	0.00386
25	0.03305	0.04957	0.11840	0.03425	0.19414	0.01011	0.18812	0.08478	0.01080	0.03434	0.02376	0.01262	0.03280	0.00456	0.00456	0.00130	0.02267	0.01663	0.01869	0.10484
26	0.04337	0.01048	0.01308	0.05802	0.04479	0.09078	0.05224	0.03051	0.09904	0.01269	0.00942	0.02481	0.03331	0.00706	0.02178	0.00176	0.43488	0.00425	0.00248	0.00524
27	0.00608	0.00449	0.00568	0.00543	0.00650	0.00409	0.00405	0.00799	0.01204	0.01671	0.68362	0.05957	0.14838	0.00948	0.00522	0.00142	0.00212	0.00831	0.00473	0.00409
28	0.00770	0.00493	0.00606	0.00575	0.00718	0.00443	0.00438	0.00947	0.02553	0.11803	0.33683	0.12281	0.27640	0.00986	0.00519	0.00149	0.00251	0.04243	0.00458	0.00444
29	0.05369	0.07524	0.06515	0.13821	0.27027	0.11402	0.06785	0.07940	0.02320	0.05920	0.00865	0.01047	0.00671	0.00431	0.00419	0.00131	0.00565	0.00370	0.00255	0.00621
30	0.01180	0.01468	0.09110	0.01665	0.13317	0.22303	0.35161	0.01465	0.01066	0.01322	0.00849	0.01126	0.00681	0.00434	0.00498	0.00138	0.03605	0.01902	0.02128	0.00582
31	0.00592	0.00442	0.00485	0.00495	0.00613	0.00394	0.00369	0.00727	0.01000	0.01313	0.13710	0.09750	0.46614	0.04995	0.00586	0.00161	0.00243	0.05841	0.11293	0.00380
32	0.02013	0.00614	0.00871	0.00847	0.03451	0.00746	0.00635	0.00895	0.00716	0.03427	0.01056	0.01659	0.01018	0.13520	0.44325	0.02517	0.20569	0.00467	0.00239	0.00415
33	0.00981	0.00943	0.03303	0.32839	0.38183	0.01000	0.02462	0.04642	0.02623	0.01361	0.00893	0.02777	0.00734	0.00591	0.04677	0.00169	0.00579	0.00417	0.00229	0.00598
34	0.00637	0.00470	0.00694	0.00694	0.00770	0.00544	0.00535	0.00790	0.00713	0.01037	0.01197	0.01773	0.01122	0.06079	0.77633	0.00683	0.01130	0.00477	0.02631	0.00390
35	0.00543	0.00388	0.00517	0.00612	0.00642	0.00362	0.00410	0.00627	0.00868	0.01163	0.06767	0.79757	0.02989	0.01357	0.00561	0.00177	0.00254	0.01231	0.00414	0.00362
36	0.01069	0.01024	0.01748	0.10335	0.74291	0.01043	0.01343	0.01334	0.00994	0.01413	0.00826	0.01101	0.00689	0.00398	0.00438	0.00133	0.00531	0.00393	0.00217	0.00680
37	0.00935	0.00797	0.00926	0.00666	0.01055	0.00614	0.00533	0.02784	0.02301	0.01474	0.00808	0.00931	0.00668	0.00336	0.00332	0.00068	0.00331	0.00269	0.00269	0.83904
38	0.82938	0.00922	0.00682	0.00611	0.00882	0.05421	0.00499	0.01324	0.00779	0.01933	0.00619	0.00722	0.00483	0.00412	0.00280	0.00135	0.00366	0.00242	0.00271	0.00480
39	0.87598	0.00854	0.00649	0.00581	0.00854	0.00991	0.00478	0.01298	0.00752	0.01982	0.00615	0.00717	0.00478	0.00410	0.00273	0.00137	0.00342	0.00239	0.00273	0.00478
40	0.00585	0.00438	0.00577	0.01890	0.02372	0.00417	0.00471	0.00716	0.02749	0.01195	0.04813	0.60849	0.10956	0.01274	0.00556	0.00175	0.00279	0.08900	0.00406	0.00383
41	0.00607	0.00442	0.00571	0.00558	0.00654	0.00406	0.00411	0.00791	0.01178	0.01647	0.65857	0.15011	0.08245	0.00984	0.00527	0.00145	0.00216	0.00872	0.00471	0.00406
42	0.00561	0.00403	0.00529	0.00603	0.00648	0.00376	0.00415	0.00662	0.00917	0.01234	0.15376	0.63527	0.05611	0.03475	0.00601	0.00179	0.00257	0.03838	0.00419	0.00368
43	0.00629	0.00423	0.00486	0.00498	0.00501	0.00420	0.00285	0.00639	0.00667	0.00890	0.01520	0.12934	0.01768	0.74213	0.02040	0.00397	0.00407	0.00718	0.00285	0.00279
44	0.00834	0.00785	0.01325	0.83417	0.03042	0.00981	0.01227	0.01128	0.00883	0.01128	0.00785	0.01178	0.00589	0.00442	0.00442	0.00147	0.00589	0.00393	0.00196	0.00491
45	0.01181	0.84744	0.02314	0.00756	0.01134	0.01748	0.00756	0.01323	0.00897	0.01039	0.00614	0.00708	0.00567	0.00378	0.00283	0.00094	0.00472	0.00236	0.00189	0.00567
46	0.00631	0.00473	0.00710	0.00710	0.00789	0.00552	0.00552	0.00789	0.00710	0.01025	0.01183	0.01735	0.01104	0.03312	0.82728	0.00710	0.01183	0.00473	0.00237	0.00394
47	0.87598	0.00854	0.00649	0.00581	0.00854	0.00991	0.00478	0.01298	0.00752	0.01982	0.00615	0.00717	0.00478	0.00410	0.00273	0.00137	0.00342	0.00239	0.00273	0.00478
48	0.00837	0.00781	0.01311	0.70670	0.09851	0.00945	0.01183	0.01114	0.00891	0.01156	0.00901	0.06781	0.00756	0.00501	0.00449	0.00148	0.00561	0.00451	0.00213	0.00500
49	0.00657	0.00507	0.00741	0.00726	0.00793	0.00603	0.00561	0.00798	0.00702	0.01015	0.01154	0.01768	0.01104	0.09547	0.70156	0.00648	0.07413	0.00480	0.00236	0.00391
50	0.01181	0.84744	0.02314	0.00756	0.01134	0.01748	0.00756	0.01323	0.00897	0.01039	0.00614	0.00708	0.00567	0.00378	0.00283	0.00094	0.00472	0.00236	0.00189	0.00567
51	0.00593	0.00423	0.00575	0.00677	0.00727	0.00406	0.00505	0.00709	0.00899	0.01188	0.02404	0.59341	0.02802	0.01332	0.00578	0.00187	0.00303	0.25567	0.00409	0.00374
52	0.01941	0.00755	0.01021	0.00785	0.01121	0.00660	0.00648	0.03917	0.01282	0.78222	0.03698	0.01537	0.01161	0.00555	0.00446	0.00137	0.00374	0.00452	0.00543	0.00743
53	0.01037	0.01227	0.05172	0.01842	0.02295	0.01114	0.77589	0.01414	0.01039	0.01414	0.00890	0.01183	0.00667	0.00374	0.00518	0.00149	0.00742	0.00515	0.00222	0.00598
54	0.00545	0.00391	0.00519	0.00614	0.00647	0.00365	0.00416	0.00631	0.00868	0.01157	0.05248	0.77423	0.04775	0.01356	0.00562	0.00178	0.00258	0.03269	0.00413	0.00362
55	0.00834	0.00785	0.01325	0.83417	0.03042	0.00981	0.01227	0.01128	0.00883	0.01128	0.00785	0.01178	0.00589	0.00442	0.00442	0.00147	0.00589	0.00393	0.00196	0.00491
56	0.00636	0.00429	0.00480	0.00480	0.00488	0.00425	0.00271	0.00642	0.00662	0.00875	0.01561	0.02965	0.06005	0.79891	0.02153	0.00413	0.00417	0.00658	0.00275	0.00273
57	0.01088	0.01044	0.01784	0.04257	0.80216	0.01048	0.01353	0.01351	0.01003	0.01437	0.00830	0.01095	0.00697	0.00394	0.00437	0.00131	0.00526	0.00394	0.00218	0.00696

[dist]
# distance from previous block
# <min> <max>
0	2

[block]
# block no. 7 follows, 59 sequences, length 22
# corresponding to MSA columns:
# 606-627
name=unknown_H
#
# <colnr> <probs for GDERKNQSTAVLIFYWHMCP>
#	G	D	E	R	K	N	Q	S	T	A	V	L	I	F	Y	W	H	M	C	P
0	0.01117	0.01038	0.01440	0.42965	0.16124	0.07414	0.03589	0.16787	0.01169	0.01512	0.00839	0.01107	0.00641	0.00455	0.00457	0.00140	0.01983	0.00389	0.00252	0.00583
1	0.00860	0.00460	0.00474	0.00459	0.00574	0.00469	0.00348	0.05509	0.00984	0.01682	0.01435	0.03491	0.01150	0.00614	0.02634	0.00123	0.00250	0.00432	0.77624	0.00429
2	0.00540	0.00410	0.00499	0.00564	0.00633	0.00369	0.00393	0.00636	0.00917	0.01178	0.06151	0.53762	0.28053	0.01277	0.00550	0.00169	0.00247	0.02874	0.00413	0.00367
3	0.23249	0.02511	0.12193	0.01122	0.09073	0.01057	0.06935	0.20997	0.01243	0.16064	0.00989	0.01042	0.00702	0.00460	0.00400	0.00136	0.00476	0.00363	0.00341	0.00649
4	0.02889	0.42127	0.33390	0.01078	0.06045	0.05215	0.01131	0.01374	0.00931	0.01224	0.00699	0.00822	0.00570	0.00399	0.00351	0.00116	0.00558	0.00283	0.00193	0.00604
5	0.01650	0.02105	0.01252	0.01138	0.01365	0.82705	0.00853	0.01764	0.01252	0.01081	0.00683	0.00796	0.00569	0.00455	0.00398	0.00114	0.00796	0.00284	0.00228	0.00512
6	0.00642	0.00430	0.00493	0.00493	0.00497	0.00435	0.00282	0.00650	0.00646	0.00865	0.01381	0.02831	0.01580	0.80337	0.06354	0.00443	0.00467	0.00634	0.00266	0.00274
7	0.00631	0.00473	0.00710	0.00710	0.00789	0.00552	0.00552	0.00789	0.00710	0.01025	0.01183	0.01735	0.01104	0.03312	0.82728	0.00710	0.01183	0.00473	0.00237	0.00394
8	0.01271	0.00635	0.00826	0.00690	0.00910	0.00586	0.00546	0.07549	0.01305	0.35361	0.38951	0.05410	0.02571	0.00743	0.00484	0.00139	0.00302	0.00637	0.00505	0.00580
9	0.00842	0.00796	0.01326	0.78500	0.02929	0.01003	0.01211	0.01125	0.00871	0.01125	0.00773	0.01165	0.00588	0.00461	0.00502	0.00150	0.05555	0.00392	0.00196	0.00490
10	0.82427	0.00866	0.00717	0.00708	0.05688	0.00994	0.00531	0.01302	0.00767	0.01949	0.00628	0.00740	0.00492	0.00409	0.00283	0.00136	0.00353	0.00248	0.00270	0.00492
11	0.01181	0.84744	0.02314	0.00756	0.01134	0.01748	0.00756	0.01323	0.00897	0.01039	0.00614	0.00708	0.00567	0.00378	0.00283	0.00094	0.00472	0.00236	0.00189	0.00567
12	0.78459	0.00957	0.00729	0.00685	0.03200	0.07335	0.00532	0.01336	0.00798	0.01896	0.00626	0.00734	0.00492	0.00413	0.00288	0.00135	0.00382	0.00247	0.00268	0.00487
13	0.01099	0.00949	0.00999	0.00899	0.01148	0.01099	0.00699	0.02347	0.80925	0.01848	0.01798	0.01648	0.01348	0.00599	0.00449	0.00150	0.00350	0.00499	0.00449	0.00699
14	0.00782	0.00683	0.01105	0.38791	0.09927	0.00766	0.03385	0.00998	0.00890	0.01171	0.01350	0.14816	0.01368	0.09289	0.00673	0.00188	0.00491	0.12595	0.00272	0.00459
15	0.00669	0.00457	0.00594	0.00555	0.00665	0.00422	0.00418	0.00876	0.01236	0.03816	0.75895	0.03180	0.03954	0.00877	0.00510	0.00137	0.00213	0.00772	0.04330	0.00425
16	0.00648	0.00497	0.00737	0.00727	0.00800	0.00590	0.00566	0.00799	0.00706	0.01023	0.01157	0.01723	0.01089	0.05116	0.76665	0.00677	0.05373	0.00473	0.00235	0.00396
17	0.00642	0.00430	0.00490	0.00490	0.00493	0.00433	0.00278	0.00648	0.00645	0.00863	0.01384	0.02847	0.01587	0.81456	0.05244	0.00439	0.00456	0.00636	0.00266	0.00272
18	0.00642	0.00428	0.00482	0.00482	0.00482	0.00428	0.00268	0.00642	0.00642	0.00856	0.01392	0.02890	0.01606	0.84478	0.02248	0.00428	0.00428	0.00642	0.00268	0.00268
19	0.01123	0.03107	0.03366	0.00973	0.03655	0.01090	0.02230	0.07907	0.61955	0.02995	0.01668	0.05430	0.01300	0.00609	0.00450	0.00147	0.00380	0.00512	0.00423	0.00681
