[name]
unknown

[dist]
# distance from previous block
# <min> <max>
1	28

[block]
# block no. 0 follows, 53 sequences, length 15
# corresponding to MSA columns:
# 37-51
name=unknown_A
#
# <colnr> <probs for GDERKNQSTAVLIFYWHMCP>
#	G	D	E	R	K	N	Q	S	T	A	V	L	I	F	Y	W	H	M	C	P
0	0.07926	0.37949	0.14000	0.00903	0.01314	0.01371	0.00905	0.07393	0.01113	0.14210	0.00987	0.01066	0.00762	0.00667	0.05562	0.00167	0.00558	0.00341	0.02155	0.00652
1	0.13618	0.02467	0.05970	0.38535	0.03661	0.00984	0.00996	0.06818	0.01023	0.01493	0.01269	0.01757	0.06712	0.09198	0.00663	0.00189	0.00535	0.03304	0.00277	0.00528
2	0.13773	0.01438	0.29352	0.01034	0.01418	0.03961	0.02994	0.06568	0.03526	0.03345	0.04935	0.10367	0.03581	0.00732	0.00504	0.00163	0.02006	0.09381	0.00329	0.00594
3	0.00886	0.00657	0.00858	0.06924	0.03080	0.00692	0.00711	0.09038	0.03523	0.01467	0.01954	0.06986	0.02068	0.21349	0.01053	0.00263	0.00464	0.37177	0.00386	0.00464
4	0.03453	0.18296	0.42491	0.01143	0.01641	0.11872	0.01286	0.01465	0.01012	0.01358	0.00850	0.01042	0.00679	0.00837	0.10421	0.00214	0.00750	0.00345	0.00218	0.00628
5	0.00959	0.02472	0.80726	0.01362	0.02069	0.01110	0.01766	0.01514	0.01009	0.01514	0.00858	0.01009	0.00605	0.00454	0.00454	0.00151	0.00706	0.00353	0.00202	0.00706
6	0.01013	0.00962	0.01632	0.51041	0.33446	0.01091	0.01382	0.01317	0.01008	0.01355	0.00869	0.01238	0.00684	0.00457	0.00476	0.00152	0.00610	0.00425	0.00222	0.00620
7	0.00841	0.00781	0.01355	0.29128	0.04210	0.00824	0.15756	0.01103	0.01048	0.01377	0.08238	0.14106	0.09265	0.00815	0.00549	0.00170	0.00521	0.09078	0.00326	0.00509
8	0.01580	0.01060	0.01172	0.00933	0.01240	0.01150	0.00762	0.51102	0.01815	0.09553	0.01297	0.01369	0.00953	0.00855	0.08045	0.00197	0.00534	0.00445	0.15226	0.00713
9	0.00565	0.00484	0.00484	0.00484	0.00646	0.00403	0.00363	0.00686	0.01089	0.01291	0.04842	0.04600	0.80027	0.01210	0.00565	0.00161	0.00242	0.01009	0.00444	0.00403
10	0.07352	0.00865	0.01388	0.70471	0.05948	0.01054	0.01253	0.01279	0.00963	0.03766	0.00870	0.01245	0.00650	0.00477	0.00464	0.00157	0.00607	0.00414	0.00231	0.00547
11	0.07582	0.51389	0.25090	0.00963	0.01449	0.01569	0.01068	0.01479	0.00982	0.03581	0.00756	0.00863	0.00620	0.00430	0.00354	0.00121	0.00554	0.00291	0.00222	0.00639
12	0.01626	0.01217	0.01283	0.01025	0.01354	0.03473	0.00825	0.53018	0.16817	0.05829	0.01346	0.01429	0.01016	0.06759	0.00625	0.00171	0.00497	0.00470	0.00464	0.00756
13	0.22056	0.00907	0.01055	0.00830	0.01184	0.00889	0.00685	0.11853	0.01349	0.52123	0.01503	0.01365	0.00979	0.00554	0.00437	0.00147	0.00413	0.00422	0.00507	0.00743
14	0.04595	0.00954	0.01574	0.47908	0.30589	0.01077	0.01324	0.01351	0.01010	0.03849	0.00892	0.01232	0.00692	0.00461	0.00469	0.00152	0.00594	0.00420	0.00236	0.00620

[dist]
# distance from previous block
# <min> <max>
0	5

[block]
# block no. 1 follows, 53 sequences, length 10
# corresponding to MSA columns:
# 57-66
name=unknown_B
#
# <colnr> <probs for GDERKNQSTAVLIFYWHMCP>
#	G	D	E	R	K	N	Q	S	T	A	V	L	I	F	Y	W	H	M	C	P
0	0.01413	0.01151	0.01395	0.01267	0.10268	0.07481	0.07638	0.18777	0.16778	0.10560	0.01357	0.01405	0.02670	0.00669	0.03985	0.00166	0.00545	0.00456	0.00390	0.11630
1	0.00754	0.00595	0.00818	0.08659	0.06078	0.00578	0.00628	0.04225	0.00997	0.01360	0.02074	0.56498	0.02370	0.01154	0.00552	0.00170	0.00350	0.01041	0.00391	0.10707
2	0.01231	0.01142	0.01869	0.06266	0.69239	0.01166	0.01407	0.08875	0.01194	0.01686	0.00921	0.01184	0.00757	0.00442	0.00474	0.00143	0.00567	0.00426	0.00259	0.00752
3	0.01184	0.01087	0.01766	0.10615	0.59839	0.01127	0.01344	0.08822	0.01166	0.01638	0.00942	0.01233	0.00778	0.00646	0.05605	0.00184	0.00616	0.00432	0.00259	0.00719
4	0.00683	0.00512	0.00768	0.00768	0.00853	0.00597	0.00597	0.00853	0.00768	0.01110	0.01280	0.01878	0.01195	0.03585	0.81308	0.00768	0.01280	0.00512	0.00256	0.00427
5	0.86579	0.00924	0.00702	0.00629	0.00924	0.01072	0.00518	0.01405	0.00813	0.02144	0.00666	0.00776	0.00518	0.00444	0.00296	0.00148	0.00370	0.00259	0.00296	0.00518
6	0.01817	0.01339	0.01434	0.01100	0.01482	0.01482	0.00908	0.78627	0.02247	0.03012	0.01148	0.01148	0.00813	0.00574	0.00478	0.00143	0.00526	0.00430	0.00478	0.00813
7	0.01154	0.00987	0.01041	0.00940	0.01191	0.01137	0.00723	0.02408	0.73742	0.01923	0.01914	0.01879	0.01479	0.06541	0.00625	0.00184	0.00384	0.00551	0.00472	0.00723
8	0.01596	0.00794	0.00940	0.00760	0.01036	0.00780	0.00615	0.18826	0.01439	0.33886	0.04359	0.01641	0.01232	0.00589	0.00433	0.00135	0.00365	0.00471	0.29426	0.00676
9	0.01302	0.01290	0.01463	0.17877	0.27024	0.20184	0.01111	0.10381	0.01242	0.01577	0.00954	0.01198	0.00763	0.00567	0.02617	0.00155	0.00632	0.00402	0.08631	0.00630

[dist]
# distance from previous block
# <min> <max>
1	4

[block]
# block no. 2 follows, 53 sequences, length 65
# corresponding to MSA columns:
# 83-98,100-129,131-149
name=unknown_C
#
# <colnr> <probs for GDERKNQSTAVLIFYWHMCP>
#	G	D	E	R	K	N	Q	S	T	A	V	L	I	F	Y	W	H	M	C	P
0	0.01133	0.01031	0.01390	0.17101	0.25564	0.03324	0.01070	0.05867	0.27423	0.01690	0.01539	0.01710	0.06026	0.00592	0.00488	0.00155	0.00500	0.02370	0.00347	0.00681
1	0.01069	0.01086	0.01438	0.62230	0.07002	0.12942	0.01248	0.02942	0.01049	0.01277	0.00842	0.01199	0.00646	0.00476	0.00468	0.00151	0.00658	0.00404	0.00226	0.02649
2	0.01546	0.01775	0.01499	0.01263	0.01553	0.47826	0.12871	0.05541	0.10926	0.02628	0.00999	0.01121	0.00788	0.00579	0.02470	0.00150	0.00751	0.00393	0.02752	0.02571
3	0.01002	0.13511	0.70068	0.01288	0.01954	0.01216	0.01637	0.01502	0.01004	0.01461	0.00831	0.00976	0.00607	0.00448	0.00434	0.00145	0.00680	0.00340	0.00202	0.00694
4	0.01384	0.01571	0.10677	0.03130	0.01493	0.25281	0.03665	0.12976	0.14118	0.03286	0.01157	0.01276	0.02307	0.00748	0.05177	0.00184	0.08472	0.00422	0.02040	0.00636
5	0.00643	0.00450	0.00599	0.00657	0.00700	0.00458	0.00453	0.00742	0.00845	0.01172	0.02043	0.44640	0.02318	0.15381	0.21867	0.00383	0.00566	0.00984	0.04715	0.00385
6	0.00657	0.00514	0.00583	0.03027	0.00772	0.00460	0.00434	0.00837	0.02881	0.03431	0.23235	0.06593	0.52645	0.01111	0.00560	0.00159	0.00258	0.00943	0.00462	0.00437
7	0.01134	0.01092	0.01880	0.16264	0.65023	0.01125	0.03634	0.01427	0.01067	0.01503	0.00893	0.01201	0.00736	0.00434	0.00477	0.00145	0.00586	0.00430	0.00233	0.00716
8	0.01046	0.01046	0.01464	0.01255	0.01255	0.01464	0.01046	0.01150	0.00732	0.01150	0.00627	0.01046	0.00627	0.00837	0.01569	0.00209	0.82328	0.00418	0.00209	0.00523
9	0.00984	0.06523	0.01033	0.00812	0.01028	0.02928	0.04761	0.04670	0.13791	0.06237	0.15770	0.06372	0.14209	0.05148	0.08704	0.00228	0.00473	0.02273	0.00410	0.03645
10	0.00676	0.00494	0.00639	0.00626	0.00740	0.00457	0.00481	0.00888	0.01289	0.01787	0.62373	0.05976	0.10708	0.01051	0.00576	0.00161	0.00254	0.09873	0.00507	0.00444
11	0.01364	0.04274	0.15354	0.03036	0.04107	0.01047	0.00927	0.24070	0.07165	0.12270	0.06462	0.02698	0.01196	0.00584	0.00454	0.00142	0.00467	0.00469	0.13227	0.00688
12	0.02981	0.01344	0.08934	0.04838	0.32586	0.09806	0.09693	0.05640	0.03667	0.07965	0.01001	0.01178	0.00771	0.00458	0.00466	0.00139	0.00600	0.00416	0.00288	0.07232
13	0.17154	0.01134	0.01109	0.00947	0.01251	0.05155	0.00754	0.20221	0.39792	0.05319	0.01460	0.01396	0.01081	0.00583	0.00446	0.00153	0.00436	0.00449	0.00442	0.00718
14	0.01264	0.79978	0.05896	0.00841	0.01263	0.01857	0.00859	0.01435	0.00973	0.01141	0.00673	0.00777	0.00613	0.00411	0.00313	0.00104	0.00520	0.00260	0.00204	0.00617
15	0.01189	0.01027	0.01081	0.00973	0.01243	0.01189	0.00757	0.02540	0.79357	0.01999	0.01945	0.01783	0.01459	0.00648	0.00486	0.00162	0.00378	0.00540	0.00486	0.00757
16	0.00582	0.00416	0.00555	0.00666	0.00693	0.00388	0.00444	0.00666	0.00915	0.01220	0.02634	0.82891	0.03161	0.01497	0.00610	0.00194	0.00277	0.01359	0.00444	0.00388
17	0.01145	0.01267	0.02734	0.01954	0.02433	0.01182	0.74700	0.01538	0.01129	0.03166	0.00983	0.01288	0.00734	0.00405	0.00556	0.00158	0.00785	0.00554	0.00250	0.03036
18	0.86579	0.00924	0.00702	0.00629	0.00924	0.01072	0.00518	0.01405	0.00813	0.02144	0.00666	0.00776	0.00518	0.00444	0.00296	0.00148	0.00370	0.00259	0.00296	0.00518
19	0.00568	0.00470	0.00498	0.00521	0.00655	0.00400	0.00379	0.00682	0.01054	0.01277	0.04395	0.20452	0.64464	0.01269	0.00574	0.00168	0.00249	0.01080	0.00444	0.00400
20	0.02144	0.00813	0.01109	0.00850	0.01220	0.00702	0.00702	0.02329	0.01368	0.80552	0.01886	0.01627	0.01183	0.00592	0.00481	0.00148	0.00407	0.00481	0.00592	0.00813
21	0.00582	0.00416	0.00555	0.00666	0.00693	0.00388	0.00444	0.00666	0.00915	0.01220	0.02634	0.82891	0.03161	0.01497	0.00610	0.00194	0.00277	0.01359	0.00444	0.00388
22	0.01166	0.01119	0.01910	0.07625	0.75660	0.01131	0.01459	0.01452	0.01080	0.01541	0.00896	0.01188	0.00750	0.00429	0.00473	0.00143	0.00572	0.00426	0.00235	0.00744
23	0.00683	0.00512	0.00768	0.00768	0.00853	0.00597	0.00597	0.00853	0.00768	0.01110	0.01280	0.01878	0.01195	0.03585	0.81308	0.00768	0.01280	0.00512	0.00256	0.00427
24	0.73580	0.03364	0.00836	0.00706	0.01002	0.09200	0.00576	0.03344	0.00907	0.02039	0.00685	0.00794	0.00537	0.00451	0.00314	0.00144	0.00427	0.00268	0.00293	0.00531
25	0.00724	0.00496	0.00614	0.00582	0.00700	0.00469	0.00437	0.00977	0.03465	0.01878	0.62368	0.03248	0.06066	0.00904	0.00523	0.00144	0.00230	0.00789	0.14928	0.00457
26	0.01213	0.01039	0.01094	0.00978	0.01252	0.01200	0.00762	0.05436	0.76422	0.02038	0.01915	0.01759	0.01434	0.00646	0.00486	0.00161	0.00384	0.00536	0.00486	0.00759
27	0.01004	0.00837	0.00926	0.00887	0.01103	0.00928	0.00709	0.01913	0.49656	0.01766	0.02465	0.03051	0.11895	0.00889	0.00540	0.00177	0.00376	0.19779	0.00469	0.00632
28	0.00959	0.02472	0.80726	0.01362	0.02069	0.01110	0.01766	0.01514	0.01009	0.01514	0.00858	0.01009	0.00605	0.00454	0.00454	0.00151	0.00706	0.00353	0.00202	0.00706
29	0.01129	0.01312	0.05424	0.02100	0.11654	0.01197	0.66731	0.01523	0.01119	0.01534	0.00955	0.01267	0.00725	0.00407	0.00550	0.00159	0.00774	0.00540	0.00240	0.00660
30	0.00570	0.00483	0.00492	0.00493	0.00650	0.00405	0.00369	0.00695	0.01097	0.01317	0.08053	0.06195	0.75143	0.01206	0.00566	0.00162	0.00242	0.01010	0.00447	0.00405
31	0.00903	0.00850	0.01434	0.82054	0.03292	0.01062	0.01327	0.01221	0.00956	0.01221	0.00850	0.01274	0.00637	0.00478	0.00478	0.00159	0.00637	0.00425	0.00212	0.00531
32	0.00903	0.00850	0.01434	0.82054	0.03292	0.01062	0.01327	0.01221	0.00956	0.01221	0.00850	0.01274	0.00637	0.00478	0.00478	0.00159	0.00637	0.00425	0.00212	0.00531
33	0.01448	0.00679	0.00882	0.00730	0.00988	0.00604	0.00582	0.03972	0.01343	0.42247	0.25662	0.04468	0.12712	0.00810	0.00520	0.00151	0.00331	0.00685	0.00545	0.00640
34	0.01785	0.02278	0.01354	0.01231	0.01478	0.81284	0.00924	0.01909	0.01354	0.01170	0.00739	0.00862	0.00616	0.00493	0.00431	0.00123	0.00862	0.00308	0.00246	0.00554
35	0.00934	0.00878	0.01464	0.73313	0.09467	0.01072	0.01322	0.01279	0.03219	0.01271	0.00885	0.01282	0.00670	0.00479	0.00478	0.00158	0.00624	0.00428	0.00222	0.00556
36	0.00582	0.00416	0.00555	0.00666	0.00693	0.00388	0.00444	0.00666	0.00915	0.01220	0.02634	0.82891	0.03161	0.01497	0.00610	0.00194	0.00277	0.01359	0.00444	0.00388
37	0.00786	0.00431	0.00589	0.00589	0.00589	0.00431	0.00374	0.00647	0.00647	0.00862	0.01053	0.02005	0.01129	0.28520	0.02054	0.57888	0.00431	0.00507	0.00235	0.00235
38	0.02117	0.00820	0.01108	0.00854	0.01221	0.00717	0.00704	0.02335	0.03636	0.78268	0.01887	0.01631	0.01191	0.00593	0.00481	0.00148	0.00406	0.00482	0.00589	0.00812
39	0.01721	0.01433	0.01419	0.01128	0.01481	0.12649	0.02950	0.56970	0.11048	0.02597	0.01178	0.01185	0.00858	0.00567	0.00475	0.00143	0.00563	0.00429	0.00440	0.00765
40	0.01278	0.83490	0.02505	0.00818	0.01227	0.01891	0.00818	0.01431	0.00971	0.01125	0.00664	0.00767	0.00613	0.00409	0.00307	0.00102	0.00511	0.00256	0.00204	0.00613
41	0.01817	0.01339	0.01434	0.01100	0.01482	0.01482	0.00908	0.78627	0.02247	0.03012	0.01148	0.01148	0.00813	0.00574	0.00478	0.00143	0.00526	0.00430	0.00478	0.00813
42	0.00582	0.00418	0.00552	0.00659	0.00692	0.00389	0.00441	0.00666	0.00921	0.01223	0.02711	0.80169	0.05833	0.01487	0.00608	0.00193	0.00276	0.01347	0.00444	0.00389
43	0.00695	0.00463	0.00521	0.00521	0.00521	0.00463	0.00290	0.00695	0.00695	0.00927	0.01506	0.03128	0.01738	0.83203	0.02433	0.00463	0.00463	0.00695	0.00290	0.00290
44	0.00582	0.00416	0.00555	0.00666	0.00693	0.00388	0.00444	0.00666	0.00915	0.01220	0.02634	0.82891	0.03161	0.01497	0.00610	0.00194	0.00277	0.01359	0.00444	0.00388
45	0.00926	0.00882	0.01518	0.74813	0.06924	0.01072	0.04679	0.01246	0.00970	0.01251	0.00857	0.01271	0.00647	0.00472	0.00481	0.00159	0.00641	0.00431	0.00215	0.00547
46	0.01007	0.02150	0.59973	0.01585	0.06350	0.01132	0.18027	0.01515	0.01039	0.01520	0.00883	0.01078	0.00639	0.00442	0.00478	0.00153	0.00720	0.00402	0.00212	0.00696
47	0.00973	0.02101	0.01019	0.00888	0.00981	0.02920	0.00687	0.10069	0.04345	0.01340	0.01253	0.01928	0.03391	0.23351	0.19829	0.00390	0.23229	0.00532	0.00292	0.00481
48	0.00582	0.00416	0.00555	0.00666	0.00693	0.00388	0.00444	0.00666	0.00915	0.01220	0.02634	0.82891	0.03161	0.01497	0.00610	0.00194	0.00277	0.01359	0.00444	0.00388
49	0.00607	0.00432	0.00578	0.00685	0.00721	0.00409	0.00475	0.00703	0.00929	0.01234	0.02587	0.71732	0.03070	0.04074	0.00674	0.00206	0.00301	0.09756	0.00438	0.00391
50	0.00581	0.00485	0.00507	0.00501	0.00656	0.00410	0.00376	0.00718	0.01128	0.01383	0.15823	0.04449	0.68989	0.01176	0.00565	0.00160	0.00240	0.00988	0.00456	0.00410
51	0.00991	0.00850	0.00991	0.00708	0.01133	0.00637	0.00566	0.01203	0.00991	0.01557	0.00850	0.00991	0.00708	0.00354	0.00354	0.00071	0.00354	0.00283	0.00283	0.86124
52	0.00907	0.00624	0.00800	0.00704	0.00876	0.00602	0.02730	0.07237	0.05017	0.07548	0.53768	0.04310	0.08224	0.00894	0.00540	0.00150	0.00288	0.00781	0.03477	0.00521
53	0.01341	0.09593	0.08576	0.03307	0.03845	0.11812	0.02433	0.12959	0.13377	0.05912	0.01089	0.01152	0.00833	0.00484	0.00425	0.00123	0.00524	0.00376	0.00335	0.21502
54	0.07005	0.11321	0.05522	0.08175	0.22621	0.02802	0.01041	0.13881	0.06419	0.09129	0.03278	0.02424	0.00936	0.00515	0.00443	0.00140	0.00512	0.00423	0.00333	0.03079
55	0.07082	0.27901	0.16087	0.01003	0.01425	0.12122	0.03119	0.06721	0.04536	0.01504	0.00846	0.00966	0.00686	0.00523	0.02366	0.00136	0.00586	0.00323	0.00259	0.11808
56	0.05483	0.03287	0.04850	0.01193	0.05250	0.07597	0.00940	0.42268	0.07495	0.04684	0.01401	0.01480	0.04255	0.00708	0.02096	0.00175	0.00576	0.00474	0.00449	0.05340
57	0.03211	0.01035	0.01049	0.00827	0.01170	0.09681	0.00655	0.12228	0.05135	0.07506	0.09031	0.02570	0.02656	0.00528	0.00423	0.00110	0.00424	0.00420	0.00369	0.40975
58	0.04841	0.03129	0.03333	0.00788	0.00989	0.00790	0.00624	0.15340	0.03932	0.09033	0.01796	0.19751	0.06268	0.09990	0.13244	0.01603	0.00540	0.00700	0.00391	0.02916
59	0.03020	0.04633	0.03676	0.00988	0.01274	0.04837	0.04445	0.26777	0.03312	0.09758	0.01262	0.05575	0.01047	0.02978	0.18411	0.00289	0.02690	0.00490	0.00374	0.04165
60	0.07181	0.01181	0.14061	0.04554	0.03841	0.00969	0.04713	0.16474	0.03068	0.03127	0.06691	0.08184	0.02793	0.00621	0.00491	0.00141	0.02646	0.01507	0.00346	0.17413
61	0.06725	0.04879	0.05048	0.01100	0.04099	0.15242	0.06074	0.20749	0.05108	0.04296	0.04454	0.01271	0.00963	0.02272	0.01589	0.00148	0.01752	0.00412	0.03910	0.09910
62	0.11393	0.03556	0.03172	0.00964	0.01256	0.13937	0.06291	0.13768	0.03217	0.08925	0.09318	0.09342	0.03740	0.00664	0.00479	0.00143	0.01595	0.00540	0.00379	0.07320
63	0.08268	0.17586	0.15998	0.01044	0.01447	0.03512	0.05701	0.16490	0.11541	0.03604	0.06898	0.01299	0.01071	0.00574	0.01552	0.00148	0.00533	0.00419	0.00339	0.01975
64	0.10331	0.11667	0.12820	0.10551	0.01595	0.08599	0.00967	0.18754	0.06814	0.01847	0.05227	0.01237	0.00947	0.02180	0.00468	0.00145	0.00542	0.00397	0.00322	0.04591

[dist]
# distance from previous block
# <min> <max>
15	135

[block]
# block no. 3 follows, 53 sequences, length 29
# corresponding to MSA columns:
# 293-321
name=unknown_D
#
# <colnr> <probs for GDERKNQSTAVLIFYWHMCP>
#	G	D	E	R	K	N	Q	S	T	A	V	L	I	F	Y	W	H	M	C	P
0	0.01158	0.14574	0.29814	0.15615	0.15178	0.10396	0.01367	0.03962	0.01086	0.01419	0.00829	0.01034	0.00645	0.00455	0.00437	0.00140	0.00652	0.00360	0.00224	0.00656
1	0.04248	0.10603	0.13631	0.11903	0.21828	0.02425	0.01204	0.19857	0.01311	0.01817	0.03017	0.01153	0.00801	0.00502	0.00491	0.00144	0.03683	0.00401	0.00291	0.00689
2	0.01644	0.06154	0.01355	0.01020	0.01348	0.12298	0.00832	0.51020	0.05581	0.02459	0.01149	0.01190	0.00853	0.00555	0.00445	0.00135	0.00529	0.00410	0.10302	0.00721
3	0.00678	0.00495	0.00605	0.00596	0.00708	0.00463	0.00443	0.00833	0.01106	0.02937	0.31372	0.04928	0.26358	0.12499	0.08433	0.00260	0.00381	0.06050	0.00438	0.00418
4	0.02747	0.20588	0.05503	0.01079	0.01400	0.40299	0.00905	0.12933	0.01354	0.03977	0.00906	0.04516	0.00772	0.00530	0.00418	0.00127	0.00678	0.00367	0.00289	0.00613
5	0.01238	0.46163	0.23867	0.01099	0.01576	0.10695	0.06583	0.01515	0.01036	0.01265	0.00747	0.00881	0.00619	0.00430	0.00380	0.00122	0.00626	0.00310	0.00211	0.00634
6	0.00694	0.00466	0.00535	0.00535	0.00539	0.00471	0.00306	0.00704	0.00699	0.00937	0.01494	0.03060	0.01708	0.78894	0.06701	0.00480	0.00508	0.00685	0.00288	0.00297
7	0.00582	0.00416	0.00555	0.00666	0.00693	0.00388	0.00444	0.00666	0.00915	0.01220	0.02634	0.82891	0.03161	0.01497	0.00610	0.00194	0.00277	0.01359	0.00444	0.00388
8	0.11887	0.04784	0.01153	0.00920	0.01211	0.22885	0.00733	0.10060	0.03178	0.24488	0.12604	0.01512	0.01372	0.00594	0.00449	0.00139	0.00517	0.00449	0.00421	0.00645
9	0.01142	0.04708	0.01878	0.14735	0.63465	0.01165	0.01408	0.01421	0.01056	0.01482	0.00875	0.01176	0.00730	0.00442	0.00490	0.00144	0.02321	0.00418	0.00231	0.00712
10	0.00623	0.00491	0.00566	0.00605	0.00731	0.00439	0.00469	0.00762	0.01067	0.01324	0.06465	0.14421	0.47325	0.03895	0.00653	0.00189	0.00299	0.18826	0.00441	0.00408
11	0.01278	0.83490	0.02505	0.00818	0.01227	0.01891	0.00818	0.01431	0.00971	0.01125	0.00664	0.00767	0.00613	0.00409	0.00307	0.00102	0.00511	0.00256	0.00204	0.00613
12	0.01733	0.01290	0.01248	0.01009	0.01334	0.13767	0.00812	0.39860	0.08594	0.16033	0.01318	0.01297	0.00939	0.00569	0.00459	0.00140	0.00519	0.00431	0.07914	0.00735
13	0.01741	0.01188	0.01308	0.01033	0.01390	0.01293	0.00843	0.50375	0.18027	0.15547	0.01434	0.01358	0.01007	0.00592	0.00480	0.00148	0.00476	0.00461	0.00498	0.00801
14	0.00567	0.00476	0.00493	0.00507	0.00652	0.00402	0.00373	0.00683	0.01068	0.01282	0.04567	0.14339	0.70466	0.01246	0.00571	0.00165	0.00246	0.01052	0.00444	0.00402
15	0.02087	0.00905	0.01166	0.00894	0.01266	0.00839	0.00738	0.15660	0.01522	0.67005	0.01757	0.01543	0.01118	0.00588	0.00480	0.00147	0.00428	0.00472	0.00572	0.00813
16	0.01444	0.09340	0.17008	0.01196	0.04022	0.22101	0.01067	0.21346	0.08837	0.01797	0.01081	0.01158	0.02815	0.00544	0.00496	0.00141	0.04221	0.00392	0.00319	0.00676
17	0.01165	0.00868	0.00966	0.00848	0.01092	0.00929	0.00672	0.15181	0.31081	0.07594	0.16124	0.02581	0.12633	0.00807	0.00520	0.00159	0.00364	0.05277	0.00491	0.00649
18	0.01134	0.01086	0.01852	0.16757	0.66780	0.01123	0.01442	0.01424	0.01065	0.01502	0.00890	0.01199	0.00736	0.00435	0.00474	0.00145	0.00580	0.00426	0.00232	0.00718
19	0.01281	0.01338	0.09366	0.12668	0.38857	0.08554	0.04596	0.08183	0.03529	0.05599	0.00979	0.01190	0.00759	0.00468	0.00473	0.00145	0.00610	0.00420	0.00277	0.00706
20	0.03183	0.08747	0.25400	0.01241	0.02975	0.01094	0.12822	0.01279	0.00946	0.01373	0.03206	0.01476	0.00953	0.01193	0.17315	0.00286	0.11886	0.03798	0.00243	0.00583
21	0.00663	0.00488	0.00620	0.00587	0.00706	0.00445	0.00440	0.00876	0.01321	0.01841	0.70873	0.03695	0.13652	0.01005	0.00564	0.00152	0.00228	0.00882	0.00516	0.00445
22	0.01053	0.01495	0.26351	0.05296	0.39199	0.01071	0.07641	0.01423	0.01062	0.01514	0.01112	0.01514	0.03187	0.00516	0.00490	0.00153	0.00615	0.05372	0.00245	0.00692
23	0.01094	0.01051	0.01673	0.22726	0.49305	0.03627	0.01320	0.01403	0.03390	0.01476	0.04368	0.03049	0.00954	0.00502	0.00500	0.00149	0.02026	0.00464	0.00255	0.00668
24	0.01430	0.00958	0.01079	0.00897	0.01188	0.01017	0.00717	0.22799	0.27032	0.17447	0.12282	0.02030	0.07576	0.00703	0.00499	0.00153	0.00393	0.00577	0.00507	0.00716
25	0.01156	0.01181	0.02295	0.04299	0.24370	0.01168	0.43324	0.01539	0.04537	0.03760	0.02479	0.01320	0.00843	0.00462	0.00584	0.00158	0.05074	0.00516	0.00264	0.00673
26	0.37257	0.10549	0.20415	0.02636	0.03834	0.03410	0.00931	0.05256	0.03050	0.01822	0.04363	0.01113	0.02617	0.00497	0.00381	0.00144	0.00491	0.00351	0.00285	0.00598
27	0.01550	0.01700	0.01264	0.01131	0.01377	0.46373	0.02436	0.15777	0.05415	0.01588	0.01211	0.07433	0.01113	0.00676	0.00483	0.00145	0.00687	0.08716	0.00336	0.00589
28	0.01567	0.01159	0.01253	0.00991	0.01317	0.01262	0.00807	0.62545	0.02016	0.02695	0.06910	0.06402	0.07487	0.00706	0.00499	0.00148	0.00468	0.00561	0.00477	0.00731

[dist]
# distance from previous block
# <min> <max>
15	23

[block]
# block no. 4 follows, 53 sequences, length 6
# corresponding to MSA columns:
# 359-362,364,365
name=unknown_E
#
# <colnr> <probs for GDERKNQSTAVLIFYWHMCP>
#	G	D	E	R	K	N	Q	S	T	A	V	L	I	F	Y	W	H	M	C	P
0	0.01095	0.01002	0.01436	0.45285	0.13528	0.05261	0.01180	0.09712	0.01105	0.01448	0.00870	0.01214	0.00686	0.00569	0.00614	0.05426	0.05006	0.00413	0.00249	0.03901
1	0.00668	0.00499	0.00634	0.00679	0.00780	0.00454	0.00502	0.00799	0.00994	0.01329	0.07389	0.41344	0.11924	0.05782	0.00688	0.00196	0.00320	0.16072	0.00424	0.08524
2	0.01198	0.01212	0.01668	0.34927	0.19843	0.12764	0.08565	0.08011	0.01160	0.01469	0.00872	0.01175	0.00684	0.00484	0.00523	0.00151	0.04005	0.00421	0.00248	0.00619
3	0.01331	0.05949	0.01885	0.05715	0.05749	0.22117	0.27768	0.08127	0.01229	0.01529	0.00934	0.01164	0.00737	0.00485	0.00532	0.00143	0.05192	0.00435	0.08372	0.00608
4	0.01523	0.05644	0.01555	0.01215	0.03524	0.12170	0.10015	0.34518	0.10561	0.04327	0.01291	0.01451	0.03127	0.00595	0.00519	0.00148	0.03274	0.03445	0.00391	0.00704
5	0.01037	0.00830	0.01173	0.00984	0.01174	0.02933	0.11121	0.12506	0.01226	0.05851	0.19459	0.10991	0.02015	0.05185	0.13690	0.00274	0.07951	0.00675	0.00385	0.00540

[dist]
# distance from previous block
# <min> <max>
11	75

[block]
# block no. 5 follows, 53 sequences, length 13
# corresponding to MSA columns:
# 445-457
name=unknown_F
#
# <colnr> <probs for GDERKNQSTAVLIFYWHMCP>
#	G	D	E	R	K	N	Q	S	T	A	V	L	I	F	Y	W	H	M	C	P
0	0.01268	0.01185	0.04507	0.01194	0.01525	0.03471	0.15116	0.22406	0.11149	0.01926	0.02446	0.05304	0.01001	0.00597	0.00623	0.00149	0.11180	0.00491	0.00352	0.14109
1	0.01386	0.00852	0.01047	0.00900	0.04062	0.00797	0.00680	0.13320	0.07445	0.24159	0.04558	0.15176	0.01476	0.00697	0.00475	0.00137	0.00387	0.00590	0.00451	0.21404
2	0.00974	0.00819	0.00803	0.00750	0.00906	0.12814	0.00560	0.03893	0.02948	0.06532	0.38776	0.18360	0.05665	0.00950	0.00537	0.00153	0.00362	0.00819	0.00459	0.02922
3	0.02903	0.01155	0.00955	0.00852	0.01057	0.26484	0.00649	0.03729	0.04241	0.05758	0.38925	0.02251	0.02557	0.00729	0.00493	0.00137	0.00464	0.00594	0.00418	0.05647
4	0.00958	0.00874	0.00861	0.00877	0.01026	0.12921	0.00693	0.01356	0.16274	0.01504	0.09291	0.17436	0.04560	0.01061	0.00571	0.00182	0.00439	0.28175	0.00428	0.00510
5	0.01160	0.01061	0.01346	0.01140	0.01394	0.01233	0.10055	0.02208	0.58075	0.01814	0.01628	0.01612	0.01245	0.00648	0.00660	0.00169	0.12903	0.00525	0.00415	0.00708
6	0.01224	0.01429	0.02535	0.01860	0.02286	0.13409	0.63132	0.01571	0.01144	0.01459	0.00917	0.01213	0.00704	0.00436	0.00590	0.00158	0.04549	0.00518	0.00241	0.00625
7	0.57342	0.00901	0.00798	0.00697	0.00996	0.00984	0.00566	0.03059	0.08469	0.02003	0.00964	0.03173	0.00815	0.00520	0.00352	0.00142	0.00372	0.03949	0.00327	0.13570
8	0.01046	0.01004	0.01479	0.49657	0.18561	0.05006	0.01249	0.01505	0.12936	0.01406	0.01021	0.01313	0.00786	0.00494	0.00476	0.00154	0.00595	0.00437	0.00261	0.00612
9	0.00997	0.00928	0.01533	0.31312	0.35967	0.01022	0.01239	0.01275	0.01062	0.01470	0.12902	0.01572	0.01278	0.00550	0.00546	0.00153	0.04816	0.00492	0.00270	0.00616
10	0.00663	0.00483	0.00623	0.00598	0.00708	0.00444	0.00445	0.00872	0.01306	0.01829	0.69890	0.08951	0.09343	0.01027	0.00567	0.00154	0.00230	0.00907	0.00515	0.00444
11	0.01136	0.13012	0.02033	0.22034	0.33553	0.03759	0.14912	0.01426	0.01054	0.01396	0.00860	0.01154	0.00697	0.00434	0.00465	0.00143	0.00628	0.00422	0.00227	0.00654
12	0.01410	0.04436	0.01588	0.01351	0.07923	0.13056	0.12706	0.19088	0.29532	0.01963	0.01308	0.01344	0.00991	0.00544	0.00480	0.00148	0.00568	0.00465	0.00381	0.00717

[dist]
# distance from previous block
# <min> <max>
0	3

[block]
# block no. 6 follows, 53 sequences, length 8
# corresponding to MSA columns:
# 461-468
name=unknown_G
#
# <colnr> <probs for GDERKNQSTAVLIFYWHMCP>
#	G	D	E	R	K	N	Q	S	T	A	V	L	I	F	Y	W	H	M	C	P
0	0.00912	0.00860	0.01450	0.55527	0.10350	0.01021	0.05112	0.01190	0.00959	0.01266	0.01059	0.10972	0.00953	0.00613	0.00566	0.00165	0.05697	0.00543	0.00244	0.00541
1	0.00711	0.00579	0.00797	0.00825	0.00857	0.00665	0.00618	0.00815	0.00874	0.01210	0.02058	0.52188	0.02393	0.01492	0.07024	0.00243	0.19402	0.06446	0.00375	0.00426
2	0.00995	0.02220	0.64103	0.01501	0.02160	0.01131	0.18136	0.01517	0.01035	0.01517	0.00881	0.01069	0.00631	0.00443	0.00478	0.00153	0.00728	0.00398	0.00210	0.00693
3	0.01069	0.01185	0.06572	0.19389	0.18369	0.01117	0.37744	0.01428	0.01070	0.01482	0.00953	0.01275	0.00732	0.00435	0.00509	0.00154	0.00685	0.00488	0.04711	0.00636
4	0.01207	0.01447	0.17415	0.01697	0.02196	0.01135	0.50365	0.01680	0.06381	0.09927	0.01109	0.01305	0.00800	0.00449	0.00529	0.00158	0.00716	0.00513	0.00288	0.00682
5	0.01175	0.01192	0.02398	0.05638	0.02230	0.01210	0.55865	0.01507	0.01068	0.07060	0.00968	0.01270	0.00737	0.00495	0.00728	0.00168	0.14874	0.00526	0.00260	0.00630
6	0.01266	0.69659	0.11761	0.00904	0.01340	0.05887	0.00936	0.01466	0.00995	0.01173	0.00691	0.00800	0.00613	0.00419	0.00331	0.00109	0.00552	0.00270	0.00206	0.00621
7	0.01071	0.25661	0.48924	0.01283	0.01877	0.01347	0.10630	0.01492	0.01012	0.01404	0.00815	0.00973	0.00622	0.00435	0.00425	0.00138	0.00662	0.00350	0.00207	0.00672

[dist]
# distance from previous block
# <min> <max>
0	97

# created by:
# /st0/software/busco_prod/Augustus/scripts/msa2prfl.pl ./align_prep/81037.fa
