[name]
unknown

[dist]
# distance from previous block
# <min> <max>
0	83

[block]
# block no. 0 follows, 59 sequences, length 22
# corresponding to MSA columns:
# 83-87,91-107
name=unknown_A
#
# <colnr> <probs for GDERKNQSTAVLIFYWHMCP>
#	G	D	E	R	K	N	Q	S	T	A	V	L	I	F	Y	W	H	M	C	P
0	0.00952	0.00823	0.01281	0.04613	0.24498	0.00796	0.09020	0.05932	0.03216	0.03277	0.13333	0.10632	0.02627	0.00634	0.00467	0.00135	0.00426	0.04318	0.00324	0.12696
1	0.04074	0.08041	0.14497	0.01082	0.08839	0.06133	0.00902	0.25702	0.03785	0.01894	0.17692	0.01468	0.01407	0.00554	0.00431	0.00130	0.00466	0.00444	0.00346	0.02113
2	0.00951	0.12156	0.59204	0.01088	0.01636	0.01026	0.01335	0.01359	0.00961	0.06069	0.02955	0.01258	0.07159	0.00489	0.00415	0.00135	0.00570	0.00381	0.00233	0.00620
3	0.00938	0.00924	0.01339	0.01128	0.01169	0.01228	0.05933	0.01048	0.00704	0.01079	0.00681	0.01147	0.00679	0.07483	0.02861	0.00215	0.67941	0.00414	0.00204	0.02885
4	0.00679	0.00503	0.00627	0.00653	0.00750	0.00472	0.00464	0.07059	0.00959	0.01299	0.02168	0.62422	0.04167	0.02502	0.00556	0.00167	0.00290	0.03981	0.00394	0.09888
5	0.00554	0.00407	0.00519	0.00578	0.00638	0.00373	0.00400	0.00663	0.00953	0.01270	0.19043	0.55722	0.14765	0.01245	0.00549	0.00167	0.00242	0.01114	0.00426	0.00373
6	0.09293	0.00862	0.04217	0.00927	0.06539	0.00782	0.00719	0.08166	0.05891	0.48768	0.01547	0.07978	0.01125	0.00588	0.00437	0.00140	0.00391	0.00482	0.00461	0.00685
7	0.00552	0.00392	0.00515	0.00600	0.00629	0.00368	0.00399	0.00631	0.00856	0.01147	0.07479	0.72432	0.02897	0.08007	0.00696	0.00197	0.00267	0.01177	0.00404	0.00355
8	0.01110	0.01034	0.01701	0.11883	0.66214	0.01067	0.01299	0.07647	0.01077	0.01514	0.00844	0.01100	0.00691	0.00410	0.00438	0.00133	0.00529	0.00394	0.00234	0.00680
9	0.00625	0.00451	0.00590	0.00556	0.00660	0.00417	0.00417	0.00833	0.01250	0.01771	0.81490	0.03299	0.04167	0.00903	0.00521	0.00139	0.00208	0.00799	0.00486	0.00417
10	0.00698	0.00499	0.00696	0.00798	0.00894	0.00497	0.00688	0.00892	0.01003	0.01307	0.02346	0.11115	0.02571	0.01233	0.00606	0.00201	0.00395	0.72750	0.00407	0.00403
11	0.00854	0.00805	0.01361	0.77168	0.09134	0.00987	0.01237	0.01146	0.00893	0.01153	0.00789	0.01171	0.00597	0.00438	0.00441	0.00146	0.00584	0.00393	0.00198	0.00507
12	0.00538	0.00384	0.00512	0.00615	0.00641	0.00359	0.00410	0.00615	0.00846	0.01127	0.02434	0.84190	0.02921	0.01384	0.00564	0.00179	0.00256	0.01256	0.00410	0.00359
13	0.06924	0.00930	0.00974	0.00878	0.01126	0.01070	0.00692	0.05935	0.67062	0.01871	0.01714	0.01752	0.01331	0.00620	0.00447	0.00151	0.00359	0.05060	0.00435	0.00670
14	0.00922	0.00890	0.01554	0.54715	0.24810	0.01011	0.07371	0.01214	0.00929	0.01238	0.00806	0.01155	0.00626	0.00423	0.00447	0.00143	0.00583	0.00403	0.00205	0.00557
15	0.00916	0.00785	0.00916	0.00654	0.01047	0.00589	0.00523	0.01112	0.00916	0.01439	0.00785	0.00916	0.00654	0.00327	0.00327	0.00065	0.00327	0.00262	0.00262	0.87178
16	0.04445	0.00895	0.01083	0.00922	0.01188	0.00974	0.06816	0.03253	0.51667	0.13177	0.07041	0.01751	0.01440	0.00604	0.00457	0.00148	0.00378	0.02657	0.00440	0.00664
17	0.00552	0.00396	0.00527	0.00627	0.00662	0.00372	0.00433	0.00641	0.00864	0.01146	0.02481	0.75385	0.05017	0.01363	0.00566	0.00181	0.00268	0.07745	0.00410	0.00363
18	0.01322	0.00671	0.00829	0.00692	0.00929	0.00626	0.00550	0.07624	0.05534	0.37160	0.13216	0.02388	0.15304	0.06361	0.00591	0.00160	0.00334	0.02769	0.02350	0.00588
19	0.06500	0.01263	0.03724	0.00965	0.01284	0.10823	0.00799	0.48390	0.11356	0.05118	0.01112	0.01117	0.00809	0.00519	0.00422	0.00132	0.00487	0.00388	0.04108	0.00683
20	0.00957	0.00792	0.00915	0.00680	0.01033	0.00645	0.00538	0.08713	0.01014	0.01529	0.00931	0.05882	0.00832	0.03579	0.00424	0.00092	0.00342	0.00347	0.00288	0.70466
21	0.11156	0.01938	0.01066	0.02167	0.15022	0.02743	0.09371	0.01077	0.01920	0.03654	0.17921	0.09676	0.15189	0.01871	0.00497	0.00149	0.00384	0.03357	0.00347	0.00496

[dist]
# distance from previous block
# <min> <max>
1	2

[block]
# block no. 1 follows, 59 sequences, length 10
# corresponding to MSA columns:
# 110-119
name=unknown_B
#
# <colnr> <probs for GDERKNQSTAVLIFYWHMCP>
#	G	D	E	R	K	N	Q	S	T	A	V	L	I	F	Y	W	H	M	C	P
0	0.00587	0.00443	0.00541	0.00531	0.00640	0.00398	0.00393	0.00754	0.01139	0.01540	0.51357	0.11824	0.26211	0.01014	0.00526	0.00146	0.00218	0.00884	0.00457	0.00398
1	0.01158	0.00994	0.01007	0.00887	0.01128	0.05217	0.00688	0.12859	0.57685	0.01873	0.05025	0.01671	0.01363	0.05752	0.00559	0.00162	0.00390	0.00496	0.00427	0.00658
2	0.01161	0.00653	0.00680	0.00590	0.00773	0.03257	0.00464	0.14367	0.01177	0.13552	0.01397	0.01501	0.01045	0.00520	0.00353	0.00113	0.00296	0.00410	0.57168	0.00521
3	0.01042	0.45898	0.39943	0.00993	0.01500	0.01408	0.01168	0.01358	0.00914	0.01209	0.00698	0.00814	0.00563	0.00398	0.00348	0.00116	0.00557	0.00279	0.00188	0.00607
4	0.03662	0.00989	0.01098	0.00956	0.06086	0.04794	0.00712	0.27572	0.06827	0.08139	0.01128	0.05422	0.00934	0.05778	0.00568	0.00141	0.03756	0.00425	0.00358	0.20655
5	0.01142	0.00991	0.01472	0.14143	0.41259	0.01061	0.01117	0.10718	0.15999	0.04058	0.01094	0.01309	0.00865	0.00479	0.00445	0.00139	0.00490	0.02251	0.00299	0.00669
6	0.01181	0.84744	0.02314	0.00756	0.01134	0.01748	0.00756	0.01323	0.00897	0.01039	0.00614	0.00708	0.00567	0.00378	0.00283	0.00094	0.00472	0.00236	0.00189	0.00567
7	0.00547	0.00391	0.00520	0.00609	0.00643	0.00365	0.00411	0.00637	0.00887	0.01193	0.10499	0.75938	0.03048	0.01335	0.00559	0.00175	0.00251	0.01209	0.00418	0.00365
8	0.00843	0.00706	0.00837	0.00642	0.00963	0.00545	0.00500	0.01023	0.00929	0.01418	0.06577	0.12728	0.01213	0.00515	0.00374	0.00086	0.00309	0.00438	0.00298	0.69056
9	0.44166	0.03853	0.01574	0.01159	0.01501	0.01084	0.34763	0.01340	0.00879	0.01671	0.00733	0.00930	0.00568	0.00406	0.00425	0.00143	0.03659	0.00366	0.00246	0.00532

[dist]
# distance from previous block
# <min> <max>
3	15

[block]
# block no. 2 follows, 59 sequences, length 54
# corresponding to MSA columns:
# 135-153,174-201,223-229
name=unknown_C
#
# <colnr> <probs for GDERKNQSTAVLIFYWHMCP>
#	G	D	E	R	K	N	Q	S	T	A	V	L	I	F	Y	W	H	M	C	P
0	0.01181	0.01044	0.08260	0.04268	0.09025	0.00897	0.24052	0.06088	0.04830	0.16554	0.05653	0.03763	0.02610	0.00501	0.00461	0.00135	0.00513	0.00484	0.00330	0.09349
1	0.56723	0.09573	0.01067	0.00767	0.01059	0.04542	0.08877	0.04306	0.00892	0.01789	0.03049	0.00944	0.02221	0.00439	0.00325	0.00132	0.00413	0.00309	0.02067	0.00506
2	0.03625	0.00836	0.04353	0.00842	0.01068	0.04718	0.00720	0.07823	0.12079	0.18929	0.04846	0.05130	0.01735	0.00822	0.00502	0.00162	0.00411	0.29128	0.01701	0.00565
3	0.04224	0.02187	0.73355	0.01269	0.04110	0.04509	0.01547	0.01409	0.00941	0.01409	0.00782	0.00923	0.00561	0.00420	0.00414	0.00138	0.00643	0.00323	0.00192	0.00641
4	0.01130	0.00917	0.00986	0.00869	0.01121	0.01034	0.00678	0.06334	0.65705	0.05299	0.05940	0.01695	0.01439	0.01792	0.00475	0.00149	0.00351	0.00503	0.00447	0.03134
5	0.00540	0.00398	0.00507	0.00586	0.00635	0.00364	0.00399	0.00630	0.00893	0.01173	0.07040	0.67411	0.15174	0.01317	0.00555	0.00172	0.00249	0.01181	0.00414	0.00364
6	0.09161	0.00803	0.00970	0.00770	0.01083	0.00773	0.00628	0.08455	0.10514	0.50528	0.01534	0.01399	0.01025	0.00528	0.00416	0.00133	0.00366	0.00419	0.06108	0.04386
7	0.03268	0.03877	0.00960	0.00736	0.01005	0.00654	0.03949	0.01601	0.05066	0.42933	0.13186	0.03500	0.15953	0.00698	0.00464	0.00139	0.00341	0.00587	0.00473	0.00609
8	0.79747	0.00926	0.00708	0.00626	0.00901	0.04495	0.00512	0.05163	0.00837	0.01982	0.00640	0.00738	0.00495	0.00418	0.00287	0.00135	0.00368	0.00249	0.00280	0.00493
9	0.01095	0.01165	0.02379	0.01716	0.02136	0.01120	0.67754	0.10189	0.01143	0.01550	0.00925	0.01201	0.00698	0.00520	0.04143	0.00172	0.00735	0.00505	0.00248	0.00604
10	0.00636	0.00431	0.00495	0.00501	0.00515	0.00426	0.00298	0.00658	0.00699	0.00931	0.04779	0.06489	0.04065	0.72181	0.01998	0.00390	0.00405	0.03525	0.00292	0.00286
11	0.00616	0.00440	0.00602	0.00704	0.00764	0.00426	0.00546	0.00750	0.00922	0.01215	0.02391	0.48603	0.02751	0.01310	0.00585	0.00190	0.00324	0.36073	0.00409	0.00380
12	0.00662	0.00512	0.00748	0.00733	0.00833	0.00489	0.06715	0.04054	0.01027	0.01390	0.20716	0.45838	0.04389	0.01135	0.00549	0.00167	0.00308	0.08909	0.00414	0.00412
13	0.00544	0.00396	0.00514	0.00595	0.00638	0.00365	0.00404	0.00636	0.00896	0.01191	0.09715	0.69728	0.10115	0.01317	0.00556	0.00173	0.00249	0.01185	0.00417	0.00365
14	0.00923	0.00792	0.00919	0.00664	0.01051	0.00610	0.00531	0.01163	0.04226	0.01456	0.00827	0.00946	0.00683	0.00338	0.00332	0.00069	0.00328	0.00272	0.00269	0.83601
15	0.01097	0.01273	0.02485	0.01797	0.02224	0.08441	0.73004	0.01446	0.01061	0.01385	0.00875	0.01156	0.00661	0.00380	0.00510	0.00146	0.00749	0.00500	0.00224	0.00588
16	0.01583	0.01228	0.01233	0.00975	0.01291	0.09482	0.00792	0.60366	0.03381	0.05883	0.08285	0.01265	0.01065	0.00558	0.00445	0.00132	0.00485	0.00426	0.00429	0.00696
17	0.00668	0.00479	0.00549	0.00518	0.00587	0.00444	0.00322	0.00711	0.00720	0.00985	0.01544	0.09956	0.05473	0.60224	0.01722	0.00337	0.00387	0.00654	0.00286	0.13434
18	0.62426	0.00918	0.07993	0.04672	0.01026	0.00907	0.00609	0.01229	0.00850	0.01856	0.12878	0.01150	0.01049	0.00487	0.00332	0.00138	0.00361	0.00339	0.00294	0.00485
19	0.01639	0.02036	0.01250	0.01126	0.01361	0.76856	0.00849	0.05644	0.03090	0.01182	0.00726	0.00829	0.00595	0.00462	0.00402	0.00116	0.00771	0.00295	0.00243	0.00528
20	0.00536	0.00453	0.00466	0.00473	0.00613	0.00388	0.00350	0.00671	0.02786	0.01202	0.04231	0.11368	0.72687	0.01131	0.00524	0.00152	0.00229	0.00951	0.00411	0.00379
21	0.00631	0.00473	0.00710	0.00710	0.00789	0.00552	0.00552	0.00789	0.00710	0.01025	0.01183	0.01735	0.01104	0.03312	0.82728	0.00710	0.01183	0.00473	0.00237	0.00394
22	0.00538	0.00384	0.00512	0.00615	0.00641	0.00359	0.00410	0.00615	0.00846	0.01127	0.02434	0.84190	0.02921	0.01384	0.00564	0.00179	0.00256	0.01256	0.00410	0.00359
23	0.87598	0.00854	0.00649	0.00581	0.00854	0.00991	0.00478	0.01298	0.00752	0.01982	0.00615	0.00717	0.00478	0.00410	0.00273	0.00137	0.00342	0.00239	0.00273	0.00478
24	0.00886	0.02285	0.82190	0.01259	0.01912	0.01026	0.01632	0.01399	0.00932	0.01399	0.00793	0.00932	0.00559	0.00420	0.00420	0.00140	0.00653	0.00326	0.00186	0.00653
25	0.00977	0.00837	0.00879	0.00800	0.01027	0.00934	0.00622	0.03649	0.60230	0.01715	0.02384	0.02264	0.19151	0.00723	0.00468	0.00150	0.00325	0.01801	0.00440	0.00623
26	0.00642	0.00428	0.00482	0.00482	0.00482	0.00428	0.00268	0.00642	0.00642	0.00856	0.01392	0.02890	0.01606	0.84478	0.02248	0.00428	0.00428	0.00642	0.00268	0.00268
27	0.01591	0.01137	0.01238	0.00969	0.01292	0.01243	0.00792	0.69253	0.01926	0.06540	0.01217	0.08545	0.00963	0.00608	0.00453	0.00137	0.00460	0.00477	0.00444	0.00716
28	0.04957	0.00955	0.01002	0.00803	0.01072	0.01044	0.00653	0.51384	0.01650	0.02383	0.01165	0.01236	0.00863	0.00520	0.00392	0.00123	0.00389	0.00396	0.28384	0.00630
29	0.00628	0.00471	0.00704	0.00707	0.00784	0.00546	0.00548	0.00783	0.00714	0.01028	0.01220	0.04198	0.01158	0.03255	0.80274	0.00694	0.01155	0.00497	0.00242	0.00393
30	0.00552	0.00434	0.00499	0.00513	0.00623	0.00381	0.00373	0.00681	0.01033	0.01327	0.23789	0.22164	0.43814	0.01123	0.00531	0.00153	0.00227	0.00971	0.00430	0.00381
31	0.00832	0.00442	0.00466	0.00456	0.00565	0.00453	0.00346	0.03374	0.00941	0.01625	0.01406	0.01637	0.01118	0.00766	0.07711	0.00158	0.00302	0.00417	0.76565	0.00420
32	0.00609	0.00443	0.00573	0.00558	0.00654	0.00407	0.00412	0.00796	0.01187	0.01661	0.67634	0.13685	0.07776	0.00975	0.00526	0.00145	0.00215	0.00864	0.00473	0.00407
33	0.00946	0.00933	0.01259	0.01205	0.08325	0.05128	0.00910	0.01072	0.00763	0.01121	0.04046	0.01182	0.00818	0.01113	0.13569	0.00260	0.56234	0.00412	0.00216	0.00488
34	0.01653	0.01998	0.01261	0.01123	0.01366	0.72719	0.00852	0.11400	0.01353	0.01290	0.00729	0.00829	0.00591	0.00464	0.00404	0.00116	0.00758	0.00298	0.00254	0.00541
35	0.21492	0.05849	0.28749	0.00904	0.05103	0.00907	0.00903	0.01334	0.05856	0.01610	0.00969	0.01103	0.00742	0.00449	0.00352	0.00127	0.00431	0.00336	0.22234	0.00551
36	0.01380	0.01087	0.01177	0.04420	0.01340	0.01230	0.00792	0.41616	0.37771	0.02290	0.01383	0.01332	0.01015	0.00558	0.00445	0.00141	0.00428	0.00444	0.00435	0.00717
37	0.05325	0.01352	0.03926	0.01210	0.08643	0.21133	0.06976	0.21118	0.13045	0.06353	0.01032	0.01093	0.00777	0.00486	0.00444	0.00131	0.02120	0.00381	0.00332	0.04124
38	0.01029	0.02602	0.06304	0.01557	0.01879	0.05171	0.48444	0.01316	0.00945	0.01292	0.00830	0.02359	0.00682	0.00574	0.03076	0.00173	0.20521	0.00472	0.00217	0.00558
39	0.02161	0.02022	0.00872	0.00697	0.00967	0.00701	0.00549	0.08650	0.12417	0.10356	0.12745	0.06362	0.09960	0.01931	0.00456	0.00124	0.00323	0.00533	0.00390	0.27782
40	0.00692	0.00466	0.00612	0.00567	0.00683	0.00428	0.00428	0.00898	0.01251	0.05704	0.77583	0.03211	0.04017	0.00885	0.00517	0.00139	0.00217	0.00781	0.00489	0.00433
41	0.01123	0.02523	0.12228	0.01615	0.21178	0.13270	0.17758	0.04794	0.06656	0.02248	0.00932	0.01149	0.00745	0.00737	0.09083	0.00196	0.02500	0.00409	0.00247	0.00608
42	0.13590	0.20992	0.01399	0.00918	0.01199	0.31032	0.00757	0.16438	0.01224	0.01543	0.00756	0.00854	0.00613	0.00457	0.00391	0.00118	0.03110	0.00296	0.03752	0.00561
43	0.00603	0.00451	0.00560	0.00533	0.00646	0.00407	0.00399	0.00791	0.01198	0.01648	0.65131	0.03501	0.20603	0.00949	0.00521	0.00141	0.00212	0.00827	0.00470	0.00407
44	0.02717	0.01022	0.01039	0.00877	0.01145	0.05737	0.00698	0.30145	0.29464	0.05172	0.04809	0.02841	0.10179	0.00648	0.00455	0.00141	0.00405	0.01425	0.00431	0.00650
45	0.00602	0.00442	0.00565	0.00563	0.00660	0.00405	0.00418	0.00776	0.01143	0.01574	0.55616	0.17100	0.13225	0.01023	0.00532	0.00150	0.00226	0.04117	0.00461	0.00401
46	0.01101	0.01042	0.01743	0.03626	0.76108	0.01048	0.01315	0.04341	0.01045	0.01485	0.00909	0.01154	0.02255	0.00413	0.00439	0.00132	0.00518	0.00404	0.00231	0.00693
47	0.01520	0.00668	0.00875	0.00709	0.00976	0.00600	0.00572	0.01756	0.05579	0.53009	0.18588	0.02043	0.06135	0.00654	0.00459	0.00137	0.00324	0.00547	0.04206	0.00643
48	0.01162	0.71040	0.12485	0.00832	0.01242	0.03174	0.00871	0.02858	0.00931	0.01119	0.00647	0.00746	0.00569	0.00388	0.00306	0.00101	0.00502	0.00252	0.00194	0.00580
49	0.00537	0.00390	0.00507	0.00600	0.00637	0.00360	0.00403	0.00617	0.00860	0.01133	0.02617	0.77014	0.09979	0.01360	0.00560	0.00177	0.00253	0.01227	0.00410	0.00360
50	0.01046	0.08726	0.05467	0.02815	0.02198	0.01168	0.69091	0.01402	0.01023	0.01377	0.00863	0.01138	0.00656	0.00375	0.00495	0.00144	0.00715	0.00487	0.00219	0.00594
51	0.01258	0.01028	0.01088	0.00931	0.01209	0.01173	0.00738	0.23727	0.59286	0.02104	0.01595	0.01487	0.01184	0.00580	0.00447	0.00145	0.00387	0.00471	0.00447	0.00713
52	0.01588	0.04642	0.01260	0.01007	0.01303	0.30920	0.00800	0.30325	0.11270	0.09066	0.01051	0.01059	0.00779	0.00502	0.00418	0.00125	0.00569	0.00364	0.00360	0.02590
53	0.01361	0.01171	0.01188	0.05050	0.04405	0.10005	0.00814	0.31697	0.34362	0.02066	0.01307	0.01289	0.00973	0.00541	0.00438	0.00138	0.00466	0.00427	0.01617	0.00684

[dist]
# distance from previous block
# <min> <max>
0	1

[block]
# block no. 3 follows, 59 sequences, length 8
# corresponding to MSA columns:
# 231-238
name=unknown_D
#
# <colnr> <probs for GDERKNQSTAVLIFYWHMCP>
#	G	D	E	R	K	N	Q	S	T	A	V	L	I	F	Y	W	H	M	C	P
0	0.01141	0.01245	0.08147	0.01538	0.01948	0.01157	0.49064	0.14558	0.10944	0.01682	0.01015	0.01199	0.00755	0.00442	0.00519	0.00147	0.03103	0.00479	0.00283	0.00635
1	0.00904	0.00840	0.01234	0.52867	0.06467	0.03335	0.01061	0.04487	0.06387	0.01283	0.03281	0.01530	0.06112	0.00551	0.00516	0.00149	0.05813	0.02417	0.00253	0.00515
2	0.00534	0.00440	0.00470	0.00480	0.00608	0.00375	0.00353	0.00651	0.01010	0.01242	0.11824	0.14419	0.63803	0.01131	0.00527	0.00152	0.00226	0.00960	0.00418	0.00375
3	0.01202	0.01073	0.03755	0.04295	0.01283	0.10355	0.03089	0.18294	0.01234	0.06036	0.03125	0.03903	0.00856	0.00459	0.00393	0.00104	0.00447	0.00367	0.00317	0.39413
4	0.00540	0.00394	0.00509	0.00594	0.00637	0.00363	0.00402	0.00627	0.00882	0.01165	0.06336	0.71804	0.11457	0.01333	0.00557	0.00174	0.00251	0.01199	0.00414	0.00363
5	0.01272	0.00906	0.01009	0.00806	0.01092	0.00926	0.00643	0.34735	0.08321	0.07515	0.04881	0.06616	0.01162	0.04079	0.00497	0.00134	0.00385	0.00466	0.06630	0.17925
6	0.26164	0.00887	0.00804	0.00727	0.00950	0.08539	0.00579	0.09956	0.11577	0.04381	0.07520	0.03669	0.12094	0.00683	0.00421	0.00144	0.00378	0.07537	0.02471	0.00520
7	0.03127	0.01290	0.01413	0.01248	0.07119	0.23878	0.11335	0.08269	0.01065	0.01350	0.00847	0.01066	0.02499	0.00656	0.04395	0.00165	0.21004	0.00379	0.00246	0.08649

[dist]
# distance from previous block
# <min> <max>
2	5

[block]
# block no. 4 follows, 59 sequences, length 23
# corresponding to MSA columns:
# 244-266
name=unknown_E
#
# <colnr> <probs for GDERKNQSTAVLIFYWHMCP>
#	G	D	E	R	K	N	Q	S	T	A	V	L	I	F	Y	W	H	M	C	P
0	0.03500	0.00845	0.01687	0.00741	0.01022	0.04550	0.00589	0.08711	0.11585	0.08193	0.02442	0.05401	0.05265	0.06291	0.00537	0.00137	0.00376	0.04899	0.00351	0.32882
1	0.02428	0.01924	0.02808	0.01338	0.24868	0.00838	0.02448	0.03543	0.13018	0.12939	0.08156	0.01632	0.07598	0.00540	0.00434	0.00127	0.00399	0.00470	0.00350	0.14144
2	0.01011	0.11312	0.24221	0.01135	0.08526	0.01014	0.03504	0.06769	0.13540	0.03921	0.03307	0.04566	0.04200	0.00622	0.00450	0.00145	0.00484	0.10358	0.00311	0.00604
3	0.00546	0.00390	0.00521	0.00624	0.00653	0.00366	0.00424	0.00629	0.00853	0.01136	0.02430	0.80604	0.02904	0.01376	0.00566	0.00180	0.00263	0.04764	0.00410	0.00361
4	0.07335	0.16662	0.06136	0.00909	0.03275	0.14783	0.00763	0.03841	0.07392	0.18480	0.01162	0.05596	0.02253	0.00531	0.00429	0.00126	0.03409	0.00398	0.00326	0.06194
5	0.00971	0.02165	0.00925	0.00676	0.01020	0.00652	0.00541	0.08228	0.01065	0.03828	0.09261	0.02924	0.03180	0.00453	0.00370	0.00086	0.00329	0.00371	0.00315	0.62639
6	0.09760	0.54845	0.05654	0.00890	0.04467	0.08551	0.02071	0.01328	0.00909	0.01175	0.00681	0.00821	0.00602	0.00590	0.05928	0.00147	0.00551	0.00272	0.00206	0.00551
7	0.03644	0.17725	0.36793	0.02496	0.02647	0.05652	0.03233	0.12536	0.01124	0.07745	0.00858	0.00952	0.00633	0.00442	0.00411	0.00129	0.01754	0.00331	0.00257	0.00639
8	0.01178	0.01031	0.01060	0.00964	0.03104	0.04817	0.00735	0.09645	0.67972	0.01891	0.01655	0.01541	0.01241	0.00581	0.00446	0.00146	0.00387	0.00477	0.00433	0.00696
9	0.00562	0.00426	0.00519	0.00550	0.00638	0.00383	0.00395	0.00691	0.01017	0.01340	0.26166	0.34446	0.27355	0.01159	0.00539	0.00159	0.00235	0.02607	0.00432	0.00381
10	0.04335	0.54277	0.06287	0.00869	0.01231	0.14768	0.00819	0.10528	0.01088	0.01300	0.00686	0.00776	0.00585	0.00411	0.00327	0.00106	0.00532	0.00268	0.00227	0.00581
11	0.00935	0.32629	0.21030	0.00916	0.04941	0.01131	0.00890	0.01196	0.02649	0.01294	0.15905	0.01569	0.04721	0.05653	0.00531	0.00142	0.02631	0.00433	0.00265	0.00540
12	0.00627	0.00463	0.00587	0.00554	0.00666	0.00429	0.00416	0.00851	0.03124	0.01721	0.72649	0.03346	0.11077	0.00915	0.00519	0.00140	0.00213	0.00804	0.00478	0.00419
13	0.00530	0.00445	0.00460	0.00463	0.00603	0.00375	0.00345	0.00647	0.01016	0.01229	0.09628	0.07924	0.72594	0.01116	0.00524	0.00150	0.00224	0.00938	0.00415	0.00375
14	0.00957	0.00952	0.01419	0.10193	0.06894	0.01267	0.04263	0.01099	0.00737	0.01110	0.00643	0.01022	0.00603	0.00743	0.02769	0.00192	0.64043	0.00395	0.00197	0.00502
15	0.00920	0.00898	0.01264	0.01097	0.01108	0.01242	0.00909	0.01025	0.00681	0.01058	0.00663	0.01073	0.00652	0.01125	0.12715	0.00265	0.72237	0.00399	0.00199	0.00471
16	0.00902	0.06742	0.77872	0.01232	0.01869	0.01065	0.01584	0.01395	0.00931	0.01379	0.00783	0.00920	0.00560	0.00417	0.00412	0.00137	0.00643	0.00321	0.00187	0.00648
17	0.00620	0.00451	0.00584	0.00551	0.00657	0.00415	0.00413	0.00824	0.01239	0.01745	0.77949	0.03343	0.07725	0.00913	0.00521	0.00139	0.00209	0.00805	0.00483	0.00415
18	0.01063	0.01016	0.01730	0.08662	0.73992	0.01030	0.01324	0.01326	0.01002	0.01427	0.02699	0.01151	0.00772	0.00409	0.00440	0.00133	0.00522	0.00403	0.00223	0.00677
19	0.00929	0.14309	0.70542	0.01185	0.01798	0.01131	0.01504	0.01388	0.00927	0.01346	0.00767	0.00900	0.00561	0.00414	0.00400	0.00133	0.00626	0.00313	0.00187	0.00640
20	0.00601	0.00500	0.00572	0.00577	0.00689	0.00487	0.00430	0.00782	0.06029	0.01244	0.07824	0.23536	0.46041	0.01117	0.00592	0.00160	0.05929	0.02087	0.00402	0.00401
21	0.80032	0.04317	0.00749	0.00608	0.00890	0.01040	0.00507	0.04991	0.00820	0.01980	0.00636	0.00733	0.00495	0.00414	0.00282	0.00135	0.00354	0.00246	0.00278	0.00495
22	0.01149	0.00925	0.00986	0.00874	0.01121	0.02495	0.00681	0.07457	0.60353	0.06619	0.03344	0.06065	0.01402	0.00678	0.01854	0.00156	0.00374	0.00527	0.00442	0.02498

[dist]
# distance from previous block
# <min> <max>
0	1

[block]
# block no. 5 follows, 59 sequences, length 11
# corresponding to MSA columns:
# 268-278
name=unknown_F
#
# <colnr> <probs for GDERKNQSTAVLIFYWHMCP>
#	G	D	E	R	K	N	Q	S	T	A	V	L	I	F	Y	W	H	M	C	P
0	0.01059	0.01098	0.01308	0.01132	0.01183	0.10864	0.00928	0.01266	0.08283	0.01139	0.00706	0.01010	0.00651	0.00719	0.01232	0.00180	0.66129	0.00385	0.00221	0.00507
1	0.00622	0.00534	0.00669	0.03840	0.10229	0.00488	0.00528	0.00768	0.01004	0.01246	0.05797	0.06484	0.56839	0.01021	0.00519	0.00153	0.00290	0.08167	0.00382	0.00419
2	0.00538	0.00384	0.00512	0.00615	0.00641	0.00359	0.00410	0.00615	0.00846	0.01127	0.02434	0.84190	0.02921	0.01384	0.00564	0.00179	0.00256	0.01256	0.00410	0.00359
3	0.00599	0.00449	0.00548	0.00524	0.00636	0.00406	0.00390	0.00773	0.01162	0.01583	0.58034	0.03535	0.24521	0.04194	0.00588	0.00153	0.00221	0.00828	0.00458	0.00399
4	0.00823	0.00412	0.00412	0.00412	0.00515	0.00412	0.00309	0.01029	0.00926	0.01647	0.01441	0.01647	0.01132	0.00515	0.00309	0.00103	0.00206	0.00412	0.86930	0.00412
5	0.00932	0.09903	0.65358	0.01282	0.01885	0.01104	0.10749	0.01393	0.00942	0.01367	0.00788	0.00942	0.00573	0.00410	0.00419	0.00137	0.00647	0.00341	0.00191	0.00638
6	0.00620	0.00451	0.00583	0.00550	0.00656	0.00414	0.00412	0.00823	0.01237	0.01740	0.77373	0.03350	0.08304	0.00914	0.00521	0.00139	0.00209	0.00806	0.00482	0.00414
7	0.03065	0.01193	0.01262	0.01186	0.10700	0.11001	0.02302	0.31951	0.22219	0.03661	0.01283	0.01294	0.03578	0.00544	0.00465	0.00137	0.02675	0.00428	0.00379	0.00675
8	0.00631	0.00473	0.00710	0.00710	0.00789	0.00552	0.00552	0.00789	0.00710	0.01025	0.01183	0.01735	0.01104	0.03312	0.82728	0.00710	0.01183	0.00473	0.00237	0.00394
9	0.01043	0.10739	0.02966	0.00984	0.03313	0.02471	0.07319	0.09976	0.26420	0.01639	0.06812	0.02207	0.04601	0.00694	0.00492	0.00150	0.02185	0.15032	0.00371	0.00586
10	0.04914	0.01026	0.01086	0.10544	0.01386	0.07421	0.00754	0.20786	0.22961	0.06769	0.01219	0.02737	0.00926	0.00515	0.00416	0.00129	0.00438	0.00409	0.02874	0.12693

[dist]
# distance from previous block
# <min> <max>
1	8

[block]
# block no. 6 follows, 59 sequences, length 25
# corresponding to MSA columns:
# 287-311
name=unknown_G
#
# <colnr> <probs for GDERKNQSTAVLIFYWHMCP>
#	G	D	E	R	K	N	Q	S	T	A	V	L	I	F	Y	W	H	M	C	P
0	0.00960	0.00864	0.04142	0.01136	0.02361	0.00840	0.23388	0.05776	0.04061	0.06720	0.02494	0.17252	0.01488	0.07168	0.00750	0.00185	0.09009	0.10564	0.00326	0.00515
1	0.01520	0.01122	0.01221	0.00964	0.01280	0.01243	0.00788	0.63035	0.09873	0.03909	0.03916	0.01249	0.00958	0.00736	0.05936	0.00173	0.00507	0.00427	0.00432	0.00711
2	0.00629	0.00424	0.00494	0.00506	0.00512	0.00424	0.00295	0.00644	0.00669	0.00895	0.01511	0.12734	0.01748	0.71444	0.04949	0.00408	0.00435	0.00711	0.00284	0.00283
3	0.00873	0.00987	0.09722	0.63083	0.05396	0.01003	0.08143	0.01220	0.02998	0.01210	0.00823	0.01163	0.00616	0.00436	0.00446	0.00146	0.00601	0.00400	0.00205	0.00529
4	0.01076	0.01147	0.08728	0.02399	0.66510	0.01052	0.01312	0.01461	0.09181	0.01480	0.00926	0.01136	0.00754	0.00417	0.00437	0.00134	0.00518	0.00398	0.00239	0.00695
5	0.00641	0.00440	0.00527	0.00526	0.00569	0.00449	0.00345	0.00708	0.00729	0.01008	0.03316	0.02680	0.09692	0.49348	0.20194	0.00433	0.00557	0.00619	0.06896	0.00321
6	0.00640	0.00435	0.00517	0.00517	0.00530	0.00448	0.00312	0.00665	0.00653	0.00883	0.01359	0.02709	0.01527	0.71746	0.14872	0.00472	0.00547	0.00616	0.00263	0.00287
7	0.01103	0.01007	0.01623	0.05264	0.63582	0.01025	0.01216	0.09378	0.01132	0.01597	0.07892	0.01285	0.01003	0.00454	0.00445	0.00133	0.00495	0.00429	0.00264	0.00673
8	0.00624	0.00433	0.00503	0.00507	0.00532	0.00432	0.00310	0.00655	0.00697	0.00921	0.01743	0.06526	0.10066	0.63664	0.10230	0.00416	0.00476	0.00683	0.00286	0.00296
9	0.01020	0.01251	0.09921	0.09898	0.02028	0.08138	0.43456	0.01338	0.01004	0.01332	0.00931	0.03825	0.00770	0.00461	0.00514	0.00143	0.03513	0.03050	0.00231	0.07176
10	0.00625	0.00451	0.00590	0.00556	0.00660	0.00417	0.00417	0.00833	0.01250	0.01771	0.81490	0.03299	0.04167	0.00903	0.00521	0.00139	0.00208	0.00799	0.00486	0.00417
11	0.00615	0.00454	0.00587	0.00613	0.00703	0.00411	0.00442	0.00746	0.00963	0.01328	0.21952	0.45358	0.04123	0.03740	0.00585	0.00167	0.00269	0.07270	0.00409	0.09262
12	0.01093	0.01049	0.01793	0.02711	0.81723	0.01049	0.01355	0.01355	0.01006	0.01443	0.00831	0.01093	0.00700	0.00394	0.00437	0.00131	0.00525	0.00394	0.00219	0.00700
13	0.00916	0.00785	0.00916	0.00654	0.01047	0.00589	0.00523	0.01112	0.00916	0.01439	0.00785	0.00916	0.00654	0.00327	0.00327	0.00065	0.00327	0.00262	0.00262	0.87178
14	0.00538	0.00384	0.00512	0.00615	0.00641	0.00359	0.00410	0.00615	0.00846	0.01127	0.02434	0.84190	0.02921	0.01384	0.00564	0.00179	0.00256	0.01256	0.00410	0.00359
15	0.01217	0.78435	0.02233	0.00785	0.01151	0.07928	0.00763	0.01356	0.00924	0.01042	0.00619	0.00715	0.00567	0.00384	0.00292	0.00096	0.00497	0.00240	0.00192	0.00563
16	0.00601	0.00438	0.00565	0.00559	0.00651	0.00402	0.00409	0.00777	0.01155	0.01605	0.60618	0.18712	0.09838	0.01011	0.00529	0.00147	0.00219	0.00896	0.00466	0.00402
17	0.01117	0.01037	0.01726	0.02462	0.69365	0.01045	0.03980	0.01471	0.08316	0.03748	0.00947	0.01159	0.00769	0.00416	0.00441	0.00134	0.00512	0.00409	0.00249	0.00697
18	0.01099	0.00949	0.00999	0.00899	0.01148	0.01099	0.00699	0.02347	0.80925	0.01848	0.01798	0.01648	0.01348	0.00599	0.00449	0.00150	0.00350	0.00499	0.00449	0.00699
19	0.01071	0.01026	0.01752	0.09754	0.74857	0.01043	0.01344	0.01336	0.00995	0.01415	0.00827	0.01100	0.00690	0.00398	0.00438	0.00133	0.00530	0.00393	0.00217	0.00681
20	0.00639	0.00427	0.00483	0.00485	0.00486	0.00426	0.00272	0.00642	0.00648	0.00864	0.01421	0.05167	0.01643	0.82151	0.02201	0.00421	0.00423	0.00659	0.00272	0.00270
21	0.00631	0.00472	0.00702	0.00702	0.00779	0.00548	0.00543	0.00784	0.00708	0.01020	0.01190	0.01773	0.01121	0.05983	0.80080	0.00701	0.01158	0.00479	0.00238	0.00390
22	0.01560	0.01916	0.01210	0.01099	0.01330	0.69353	0.00828	0.01859	0.14287	0.01206	0.00865	0.00936	0.00696	0.00479	0.00407	0.00120	0.00723	0.00320	0.00264	0.00543
23	0.01811	0.00783	0.01016	0.00800	0.01122	0.00723	0.00654	0.04337	0.12062	0.66438	0.04228	0.01567	0.01214	0.00564	0.00447	0.00138	0.00370	0.00461	0.00529	0.00734
24	0.00859	0.02097	0.73836	0.01187	0.01783	0.00963	0.01507	0.01341	0.00965	0.01437	0.09054	0.01175	0.00929	0.00469	0.00430	0.00140	0.00607	0.00375	0.00217	0.00629

[dist]
# distance from previous block
# <min> <max>
0	3

[block]
# block no. 7 follows, 59 sequences, length 27
# corresponding to MSA columns:
# 406-432
name=unknown_H
#
# <colnr> <probs for GDERKNQSTAVLIFYWHMCP>
#	G	D	E	R	K	N	Q	S	T	A	V	L	I	F	Y	W	H	M	C	P
0	0.01413	0.01177	0.01127	0.00945	0.01223	0.13183	0.00760	0.39429	0.16212	0.04463	0.01482	0.01669	0.06038	0.00625	0.00453	0.00139	0.00477	0.06798	0.01738	0.00649
1	0.06581	0.76668	0.04946	0.00762	0.01143	0.01675	0.00768	0.01324	0.00889	0.01110	0.00620	0.00717	0.00561	0.00381	0.00287	0.00099	0.00470	0.00239	0.00194	0.00564
2	0.00989	0.31627	0.51338	0.03504	0.01668	0.01282	0.01308	0.01364	0.00919	0.01263	0.00729	0.00860	0.00563	0.00405	0.00372	0.00124	0.00587	0.00296	0.00188	0.00617
3	0.00595	0.00450	0.00549	0.00524	0.00641	0.00404	0.00393	0.00775	0.01179	0.01602	0.59021	0.03577	0.26742	0.00966	0.00521	0.00142	0.00213	0.00838	0.00464	0.00404
4	0.00633	0.00467	0.00676	0.00676	0.00743	0.00534	0.00510	0.00767	0.00700	0.01000	0.01214	0.01907	0.01179	0.15375	0.70768	0.00668	0.01071	0.00498	0.00241	0.00376
5	0.00546	0.00392	0.00519	0.00606	0.00642	0.00365	0.00409	0.00637	0.00888	0.01191	0.10160	0.74665	0.04678	0.01331	0.00559	0.00175	0.00251	0.01204	0.00417	0.00365
6	0.00886	0.02285	0.82190	0.01259	0.01912	0.01026	0.01632	0.01399	0.00932	0.01399	0.00793	0.00932	0.00559	0.00420	0.00420	0.00140	0.00653	0.00326	0.00186	0.00653
7	0.01814	0.00725	0.00978	0.00764	0.01078	0.00636	0.00626	0.02017	0.03370	0.71380	0.10217	0.01698	0.01427	0.00586	0.00452	0.00137	0.00357	0.00483	0.00538	0.00715
8	0.01036	0.01243	0.06914	0.01797	0.02249	0.01111	0.73242	0.01444	0.03628	0.01428	0.00917	0.01192	0.00686	0.00382	0.00513	0.00148	0.00727	0.00510	0.00229	0.00602
9	0.00565	0.00449	0.00508	0.00493	0.00623	0.00391	0.00370	0.00718	0.01109	0.01437	0.36935	0.03849	0.48931	0.01028	0.00522	0.00145	0.00217	0.00876	0.00442	0.00391
10	0.01030	0.01240	0.06906	0.01795	0.02231	0.01123	0.72023	0.01397	0.01019	0.01397	0.00873	0.01166	0.00660	0.00394	0.00560	0.00151	0.04716	0.00504	0.00220	0.00593
11	0.01650	0.02105	0.01252	0.01138	0.01365	0.82705	0.00853	0.01764	0.01252	0.01081	0.00683	0.00796	0.00569	0.00455	0.00398	0.00114	0.00796	0.00284	0.00228	0.00512
12	0.00554	0.00454	0.00519	0.00527	0.00650	0.00399	0.01616	0.00691	0.02516	0.01241	0.10264	0.23047	0.53673	0.01142	0.00530	0.00155	0.00241	0.00983	0.00414	0.00383
13	0.01073	0.00919	0.00979	0.00893	0.01133	0.01059	0.00700	0.02251	0.75563	0.01812	0.01834	0.01872	0.01428	0.00641	0.00460	0.00153	0.00353	0.05750	0.00447	0.00679
14	0.01588	0.00976	0.01105	0.00886	0.01195	0.02397	0.00718	0.30208	0.19464	0.29325	0.06247	0.01471	0.01202	0.00572	0.00448	0.00138	0.00407	0.00458	0.00478	0.00716
15	0.76431	0.00884	0.00715	0.00629	0.00906	0.01022	0.00516	0.06296	0.06214	0.02023	0.00722	0.00801	0.00554	0.00430	0.00296	0.00137	0.00351	0.00267	0.00296	0.00510
16	0.00961	0.00792	0.00924	0.00670	0.01054	0.00615	0.00536	0.01206	0.04713	0.04236	0.00866	0.00971	0.00702	0.00348	0.00337	0.00072	0.00330	0.00279	0.00280	0.80108
17	0.00544	0.00446	0.00460	0.00462	0.00589	0.00384	0.00336	0.00643	0.00955	0.01148	0.03973	0.04075	0.67915	0.13095	0.00772	0.00191	0.00258	0.03006	0.00390	0.00359
18	0.00868	0.00523	0.00535	0.00502	0.00641	0.00533	0.00383	0.07942	0.06108	0.01677	0.01872	0.01999	0.12845	0.02243	0.00398	0.00122	0.00246	0.00496	0.59616	0.00451
19	0.00543	0.00386	0.00511	0.00609	0.00633	0.00362	0.00403	0.00616	0.00836	0.01114	0.02384	0.80291	0.02858	0.05369	0.00644	0.00191	0.00264	0.01226	0.00403	0.00354
20	0.00886	0.02285	0.82190	0.01259	0.01912	0.01026	0.01632	0.01399	0.00932	0.01399	0.00793	0.00932	0.00559	0.00420	0.00420	0.00140	0.00653	0.00326	0.00186	0.00653
21	0.01078	0.01075	0.01862	0.07606	0.55268	0.02688	0.16368	0.01417	0.05572	0.01433	0.00892	0.01143	0.00721	0.00406	0.00454	0.00136	0.00566	0.00422	0.00231	0.00663
22	0.00624	0.00450	0.00580	0.00548	0.00646	0.00417	0.00405	0.00816	0.01204	0.01697	0.74403	0.03293	0.05715	0.06516	0.00637	0.00159	0.00223	0.00791	0.00470	0.00406
23	0.01421	0.09153	0.21473	0.00946	0.01356	0.01053	0.00939	0.26596	0.01383	0.22478	0.01361	0.01332	0.06201	0.00532	0.00425	0.00133	0.00476	0.00413	0.01648	0.00679
24	0.00543	0.00388	0.00517	0.00612	0.00642	0.00362	0.00410	0.00627	0.00868	0.01163	0.06765	0.79758	0.02989	0.01357	0.00561	0.00177	0.00254	0.01231	0.00414	0.00362
25	0.00970	0.24096	0.57904	0.01149	0.01721	0.01221	0.04472	0.01379	0.00927	0.01304	0.00749	0.00883	0.00566	0.00407	0.00387	0.00128	0.00609	0.00310	0.00189	0.00628
26	0.04113	0.01147	0.01219	0.00947	0.01284	0.04382	0.00778	0.58498	0.01826	0.16414	0.01227	0.01192	0.02454	0.00539	0.00435	0.00133	0.00465	0.00408	0.01819	0.00721

[dist]
# distance from previous block
# <min> <max>
0	1

[block]
# block no. 8 follows, 59 sequences, length 12
# corresponding to MSA columns:
# 434-445
name=unknown_I
#
# <colnr> <probs for GDERKNQSTAVLIFYWHMCP>
#	G	D	E	R	K	N	Q	S	T	A	V	L	I	F	Y	W	H	M	C	P
0	0.01619	0.01207	0.01291	0.01004	0.01347	0.01341	0.00825	0.72151	0.10274	0.02686	0.01137	0.01121	0.00813	0.00537	0.00443	0.00134	0.00472	0.00408	0.00443	0.00746
1	0.01021	0.07917	0.15672	0.01140	0.01397	0.08179	0.09844	0.02860	0.02101	0.01237	0.00959	0.01175	0.05914	0.00598	0.00823	0.00152	0.33047	0.00401	0.00225	0.05335
2	0.09561	0.03472	0.01174	0.01052	0.06016	0.00764	0.16825	0.00960	0.00871	0.01283	0.01595	0.42753	0.01770	0.00925	0.00596	0.00164	0.08612	0.00831	0.00318	0.00459
3	0.00638	0.00444	0.00563	0.00563	0.00592	0.00473	0.00370	0.00695	0.00666	0.00917	0.01317	0.02476	0.01426	0.55395	0.31085	0.00529	0.00699	0.00582	0.00257	0.00313
4	0.01325	0.07849	0.01279	0.01111	0.08422	0.15642	0.00815	0.14381	0.36199	0.04788	0.01277	0.01261	0.00971	0.00528	0.00445	0.00135	0.02136	0.00410	0.00366	0.00661
5	0.00620	0.00451	0.00583	0.00550	0.00656	0.00414	0.00412	0.00823	0.01237	0.01740	0.77346	0.03350	0.08331	0.00915	0.00521	0.00139	0.00209	0.00806	0.00482	0.00414
6	0.01273	0.01043	0.01152	0.01100	0.09009	0.07462	0.02407	0.16097	0.37053	0.08464	0.04633	0.04317	0.01269	0.00597	0.00454	0.00143	0.00429	0.02022	0.00411	0.00668
7	0.01360	0.01071	0.03137	0.00891	0.01206	0.03819	0.00734	0.38006	0.17726	0.06659	0.04228	0.01408	0.04441	0.00555	0.00431	0.00128	0.00420	0.00437	0.02775	0.10570
8	0.00555	0.00397	0.00531	0.00624	0.00660	0.00372	0.00430	0.00650	0.00884	0.01184	0.07811	0.73486	0.02981	0.01340	0.00564	0.00178	0.00263	0.06308	0.00415	0.00366
9	0.01631	0.05589	0.01300	0.01117	0.01356	0.76071	0.00849	0.04821	0.01269	0.01146	0.00695	0.00803	0.00576	0.00455	0.00395	0.00114	0.00771	0.00287	0.00234	0.00524
10	0.01032	0.02918	0.10533	0.00920	0.02131	0.04302	0.01935	0.03559	0.35579	0.04772	0.10407	0.04531	0.02449	0.01875	0.00544	0.00151	0.05861	0.02427	0.03474	0.00600
11	0.00996	0.04211	0.00943	0.00930	0.06448	0.21482	0.00646	0.02626	0.12633	0.01330	0.07871	0.30538	0.03938	0.00850	0.00474	0.00145	0.00432	0.00724	0.02293	0.00491

[dist]
# distance from previous block
# <min> <max>
0	4

[block]
# block no. 9 follows, 59 sequences, length 32
# corresponding to MSA columns:
# 450-459,463-484
name=unknown_J
#
# <colnr> <probs for GDERKNQSTAVLIFYWHMCP>
#	G	D	E	R	K	N	Q	S	T	A	V	L	I	F	Y	W	H	M	C	P
0	0.02723	0.15232	0.11863	0.02594	0.16981	0.23404	0.03335	0.10127	0.07040	0.01452	0.00844	0.00964	0.00672	0.00441	0.00400	0.00124	0.00594	0.00339	0.00254	0.00617
1	0.65903	0.09400	0.08696	0.00708	0.01030	0.04001	0.02183	0.01329	0.00807	0.01788	0.00640	0.00749	0.00502	0.00409	0.00298	0.00132	0.00409	0.00254	0.00254	0.00507
2	0.04392	0.05271	0.51457	0.01381	0.13024	0.01015	0.04990	0.01339	0.01999	0.01418	0.03653	0.03306	0.01789	0.00479	0.00440	0.00140	0.01695	0.01369	0.00221	0.00622
3	0.01679	0.01237	0.01325	0.01016	0.01370	0.01370	0.00839	0.80251	0.02077	0.02783	0.01060	0.01060	0.00751	0.00530	0.00442	0.00133	0.00486	0.00398	0.00442	0.00751
4	0.00589	0.00450	0.00540	0.00518	0.00638	0.00401	0.00388	0.00763	0.01165	0.01568	0.54477	0.03633	0.31307	0.00979	0.00521	0.00142	0.00214	0.00846	0.00460	0.00401
5	0.00637	0.00439	0.00544	0.00547	0.00569	0.00460	0.00348	0.00681	0.00665	0.00908	0.01359	0.04461	0.01500	0.60530	0.24045	0.00499	0.00629	0.00611	0.00263	0.00304
6	0.66706	0.00930	0.00786	0.00712	0.02915	0.03139	0.00559	0.08399	0.06920	0.01991	0.00755	0.00835	0.00581	0.00433	0.00310	0.00135	0.00371	0.00278	0.00299	0.02946
7	0.02483	0.13900	0.04853	0.06273	0.23359	0.03229	0.03586	0.18169	0.03264	0.03875	0.02392	0.03603	0.00828	0.00540	0.01798	0.00141	0.04825	0.00403	0.00286	0.02194
8	0.00754	0.00622	0.00845	0.03676	0.13959	0.00621	0.00646	0.01079	0.10797	0.01543	0.32733	0.05958	0.15532	0.00853	0.00507	0.00149	0.00313	0.08518	0.00406	0.00489
9	0.03059	0.06454	0.01273	0.01084	0.03528	0.40381	0.02614	0.03783	0.25924	0.02548	0.01052	0.01095	0.00827	0.00507	0.00454	0.00130	0.04032	0.00365	0.00303	0.00588
10	0.00649	0.00479	0.00618	0.02260	0.00791	0.00465	0.00518	0.04383	0.01005	0.01322	0.09720	0.40226	0.12444	0.01206	0.00559	0.00176	0.00306	0.22060	0.00413	0.00399
11	0.00547	0.00394	0.00520	0.00618	0.00653	0.00367	0.00423	0.00632	0.00862	0.01141	0.02523	0.76325	0.06509	0.01363	0.00564	0.00179	0.00263	0.05346	0.00410	0.00362
12	0.01092	0.28774	0.02352	0.01389	0.01804	0.03044	0.46144	0.01369	0.00989	0.01285	0.00788	0.01002	0.00633	0.00372	0.00425	0.00124	0.00624	0.00402	0.00215	0.07172
13	0.01047	0.00839	0.01023	0.00773	0.01120	0.00740	0.04226	0.09875	0.09723	0.05375	0.08166	0.01263	0.01074	0.00442	0.00384	0.00095	0.00358	0.00370	0.00333	0.52775
14	0.09848	0.06501	0.03024	0.01460	0.07337	0.20510	0.35463	0.02479	0.02645	0.01387	0.00882	0.03403	0.00732	0.00448	0.00445	0.00136	0.00652	0.01841	0.00242	0.00564
15	0.02801	0.01380	0.16933	0.00932	0.01233	0.20688	0.00856	0.08217	0.06693	0.12046	0.01100	0.01178	0.00819	0.00505	0.00453	0.00129	0.05115	0.00369	0.17971	0.00582
16	0.01449	0.01086	0.01163	0.00924	0.01231	0.01195	0.00752	0.58540	0.12503	0.02469	0.04989	0.01489	0.07005	0.00599	0.00449	0.00136	0.00429	0.00469	0.02430	0.00693
17	0.00852	0.00602	0.00840	0.35451	0.01616	0.00696	0.00723	0.03062	0.00932	0.01444	0.01136	0.01419	0.00881	0.00490	0.00393	0.00124	0.02183	0.00403	0.46298	0.00455
18	0.01042	0.01191	0.02606	0.01862	0.02308	0.01117	0.80119	0.01415	0.01042	0.01415	0.00894	0.01191	0.00670	0.00372	0.00521	0.00149	0.00745	0.00521	0.00223	0.00596
19	0.00636	0.00453	0.00608	0.00608	0.00651	0.00497	0.00425	0.00723	0.00680	0.00950	0.01276	0.02253	0.01329	0.39678	0.46669	0.00584	0.00845	0.00549	0.00250	0.00338
20	0.00571	0.00409	0.00540	0.00635	0.00671	0.00388	0.00436	0.02208	0.00880	0.01172	0.02401	0.77878	0.02856	0.01357	0.00564	0.00180	0.00270	0.05805	0.00410	0.00369
21	0.00631	0.00473	0.00710	0.00710	0.00789	0.00552	0.00552	0.00789	0.00710	0.01025	0.01183	0.01735	0.01104	0.03312	0.82728	0.00710	0.01183	0.00473	0.00237	0.00394
22	0.00858	0.00478	0.00532	0.06680	0.00751	0.00501	0.00409	0.04659	0.00965	0.01631	0.01357	0.01581	0.01067	0.00592	0.02243	0.01609	0.00273	0.00411	0.72975	0.00429
23	0.00534	0.00400	0.00497	0.00574	0.00630	0.00362	0.00392	0.00620	0.00885	0.01143	0.02928	0.64826	0.21966	0.01319	0.00554	0.00172	0.00248	0.01177	0.00410	0.00362
24	0.01204	0.01023	0.01466	0.04224	0.40670	0.01080	0.02344	0.15351	0.19040	0.04736	0.01169	0.03739	0.00931	0.00500	0.00446	0.00138	0.00471	0.00448	0.00326	0.00692
25	0.00894	0.00761	0.00892	0.00652	0.01023	0.00575	0.00517	0.01083	0.00912	0.01421	0.00882	0.05823	0.00788	0.00389	0.00341	0.00072	0.00323	0.00320	0.00270	0.82062
26	0.01075	0.11118	0.03360	0.03544	0.20634	0.09328	0.22304	0.04282	0.04622	0.01371	0.01294	0.05207	0.08848	0.00526	0.00452	0.00135	0.00558	0.00495	0.00263	0.00584
27	0.02568	0.03222	0.18553	0.00883	0.01282	0.00781	0.05473	0.05963	0.02051	0.06661	0.03988	0.08499	0.01003	0.00498	0.00401	0.00111	0.00428	0.00421	0.00295	0.36920
28	0.01366	0.03843	0.12306	0.01296	0.14528	0.10462	0.00992	0.24299	0.15713	0.07977	0.01108	0.01146	0.00822	0.00497	0.00444	0.00134	0.01648	0.00391	0.00345	0.00684
29	0.00725	0.00470	0.00581	0.00605	0.00711	0.00428	0.00440	0.02864	0.00985	0.09697	0.05283	0.45598	0.24080	0.01180	0.00537	0.00165	0.00271	0.04535	0.00427	0.00418
30	0.01353	0.00881	0.05760	0.00847	0.01116	0.00810	0.01804	0.21161	0.06687	0.27172	0.03622	0.19834	0.01523	0.02057	0.00505	0.00153	0.00394	0.03246	0.00447	0.00626
31	0.03414	0.01192	0.02933	0.07979	0.38304	0.11995	0.01090	0.15966	0.03309	0.06865	0.02172	0.01117	0.00771	0.00454	0.00431	0.00132	0.00538	0.00387	0.00291	0.00661

[dist]
# distance from previous block
# <min> <max>
0	5

[block]
# block no. 10 follows, 59 sequences, length 15
# corresponding to MSA columns:
# 490-504
name=unknown_K
#
# <colnr> <probs for GDERKNQSTAVLIFYWHMCP>
#	G	D	E	R	K	N	Q	S	T	A	V	L	I	F	Y	W	H	M	C	P
0	0.04577	0.00886	0.01227	0.15396	0.08490	0.02097	0.04208	0.11927	0.04713	0.08790	0.12518	0.01467	0.01230	0.00700	0.03755	0.00171	0.16499	0.00461	0.00321	0.00565
1	0.14139	0.01188	0.01126	0.04669	0.01297	0.23799	0.07446	0.02781	0.12563	0.12717	0.01248	0.06168	0.03146	0.00556	0.00420	0.00135	0.00515	0.01712	0.00332	0.04043
2	0.01688	0.00768	0.03474	0.00782	0.01090	0.00655	0.00655	0.01926	0.05759	0.62068	0.04748	0.04366	0.01331	0.03144	0.00509	0.00149	0.00375	0.03630	0.00504	0.02380
3	0.01227	0.01219	0.01180	0.04501	0.11606	0.19076	0.00843	0.04524	0.47403	0.01628	0.01364	0.01352	0.01044	0.00533	0.00436	0.00139	0.00484	0.00431	0.00361	0.00651
