[name]
unknown

[dist]
# distance from previous block
# <min> <max>
0	398

[block]
# block no. 0 follows, 50 sequences, length 8
# corresponding to MSA columns:
# 408-415
name=unknown_A
#
# <colnr> <probs for GDERKNQSTAVLIFYWHMCP>
#	G	D	E	R	K	N	Q	S	T	A	V	L	I	F	Y	W	H	M	C	P
0	0.00782	0.00500	0.00617	0.00618	0.00703	0.00467	0.00437	0.00837	0.00985	0.04547	0.12778	0.09490	0.20801	0.18752	0.01280	0.17227	0.00360	0.06252	0.02188	0.00382
1	0.01148	0.01168	0.06662	0.15855	0.17434	0.07175	0.07185	0.05513	0.06994	0.03298	0.01471	0.05300	0.06743	0.00749	0.03668	0.00183	0.02852	0.00545	0.05419	0.00638
2	0.01188	0.01216	0.06915	0.01081	0.04217	0.08285	0.00854	0.02143	0.48310	0.01846	0.04422	0.07475	0.03380	0.00708	0.00504	0.00160	0.00455	0.00590	0.00437	0.05814
3	0.00754	0.00829	0.10160	0.03306	0.07880	0.00638	0.05378	0.00952	0.01022	0.01373	0.02479	0.47558	0.11244	0.01200	0.00594	0.00186	0.00412	0.03140	0.00395	0.00501
4	0.01095	0.12686	0.03891	0.01028	0.02877	0.04720	0.04313	0.03840	0.07025	0.02607	0.01248	0.03783	0.01194	0.11990	0.05215	0.07417	0.15211	0.06059	0.03269	0.00533
5	0.07555	0.01148	0.03496	0.11099	0.10009	0.04388	0.00953	0.19144	0.22502	0.02043	0.04288	0.01563	0.03194	0.00675	0.00577	0.05289	0.00506	0.00490	0.00392	0.00689
6	0.00838	0.00636	0.02986	0.00969	0.09832	0.00617	0.00629	0.00875	0.00831	0.01138	0.03654	0.02359	0.05582	0.20770	0.14036	0.26909	0.02816	0.03850	0.00281	0.00391
7	0.01307	0.52605	0.09838	0.01088	0.04975	0.08579	0.03752	0.04037	0.01122	0.01356	0.04099	0.03474	0.00907	0.00504	0.00391	0.00124	0.00579	0.00368	0.00251	0.00644

[dist]
# distance from previous block
# <min> <max>
0	2

[block]
# block no. 1 follows, 50 sequences, length 9
# corresponding to MSA columns:
# 418-426
name=unknown_B
#
# <colnr> <probs for GDERKNQSTAVLIFYWHMCP>
#	G	D	E	R	K	N	Q	S	T	A	V	L	I	F	Y	W	H	M	C	P
0	0.01225	0.01009	0.01104	0.00942	0.01265	0.01065	0.00744	0.04705	0.51273	0.04468	0.01740	0.01775	0.01349	0.00623	0.00480	0.00147	0.00397	0.03447	0.00456	0.21786
1	0.05669	0.01472	0.23312	0.02782	0.11511	0.01116	0.04078	0.20323	0.03748	0.02072	0.13675	0.03109	0.03696	0.00634	0.00504	0.00156	0.00543	0.00532	0.00368	0.00699
2	0.00739	0.00583	0.00919	0.00862	0.00965	0.00624	0.07485	0.00897	0.00848	0.01186	0.01569	0.15022	0.01618	0.15057	0.48584	0.00599	0.00993	0.00710	0.00303	0.00437
3	0.01626	0.01264	0.01316	0.01028	0.01387	0.05567	0.00831	0.52550	0.01909	0.02577	0.01160	0.01301	0.00893	0.04481	0.03880	0.00178	0.00560	0.00434	0.02839	0.14220
4	0.23001	0.00877	0.01052	0.00829	0.01196	0.00828	0.00685	0.02190	0.01283	0.60512	0.01651	0.01477	0.01062	0.00579	0.00453	0.00154	0.00415	0.00444	0.00540	0.00772
5	0.01472	0.62608	0.02335	0.00926	0.01345	0.01867	0.00876	0.20386	0.01343	0.01661	0.00818	0.00898	0.00691	0.00469	0.00364	0.00117	0.00537	0.00312	0.00284	0.00691
6	0.01538	0.01168	0.01383	0.20943	0.01913	0.01323	0.00993	0.48076	0.05610	0.02509	0.01200	0.01323	0.00875	0.00576	0.00485	0.00152	0.00541	0.00454	0.08203	0.00737
7	0.01057	0.00756	0.00886	0.00772	0.00973	0.00764	0.00601	0.20048	0.04231	0.04932	0.43675	0.07741	0.09658	0.00942	0.00563	0.00159	0.00330	0.00807	0.00525	0.00580
8	0.01222	0.02285	0.60465	0.01353	0.02006	0.01254	0.01620	0.20451	0.01372	0.01966	0.00969	0.01088	0.00685	0.00504	0.00480	0.00156	0.00690	0.00388	0.00282	0.00764

[dist]
# distance from previous block
# <min> <max>
6	10

[block]
# block no. 2 follows, 50 sequences, length 14
# corresponding to MSA columns:
# 437-450
name=unknown_C
#
# <colnr> <probs for GDERKNQSTAVLIFYWHMCP>
#	G	D	E	R	K	N	Q	S	T	A	V	L	I	F	Y	W	H	M	C	P
0	0.13279	0.00594	0.00686	0.00670	0.00798	0.00616	0.00505	0.00939	0.01084	0.01635	0.27149	0.15191	0.16667	0.03983	0.09894	0.00253	0.04325	0.00844	0.00428	0.00457
1	0.00677	0.00479	0.00548	0.00569	0.00609	0.00457	0.00353	0.00726	0.00869	0.01134	0.05516	0.18776	0.15876	0.49263	0.01748	0.00360	0.00395	0.00923	0.00371	0.00350
2	0.00964	0.00590	0.00760	0.00685	0.00851	0.00547	0.00524	0.02812	0.03349	0.13517	0.58739	0.06475	0.06270	0.00971	0.00573	0.00159	0.00277	0.00849	0.00551	0.00538
3	0.00942	0.00559	0.00632	0.00597	0.00697	0.00622	0.00464	0.01156	0.01022	0.01768	0.05452	0.01841	0.01361	0.00646	0.00551	0.00133	0.12238	0.00483	0.68360	0.00477
4	0.65060	0.00935	0.00839	0.00713	0.01041	0.01022	0.00588	0.01706	0.00993	0.21608	0.01012	0.01031	0.00713	0.00501	0.00357	0.00154	0.00395	0.00328	0.00386	0.00617
5	0.01275	0.01210	0.01218	0.12896	0.01643	0.11335	0.00899	0.02362	0.57201	0.01855	0.01699	0.01659	0.01283	0.00629	0.00499	0.00163	0.00499	0.00515	0.00433	0.00727
6	0.00694	0.00530	0.00757	0.00757	0.00858	0.00593	0.00587	0.00864	0.00851	0.01185	0.01883	0.02377	0.12748	0.03373	0.68712	0.00708	0.01175	0.00610	0.00296	0.00441
7	0.01025	0.01283	0.12605	0.01694	0.05736	0.01070	0.41881	0.01372	0.01076	0.01493	0.01297	0.15593	0.01212	0.00838	0.05080	0.00210	0.04946	0.00687	0.00283	0.00620
8	0.00653	0.00494	0.00689	0.00741	0.00799	0.00474	0.02782	0.00773	0.01027	0.01389	0.13953	0.64009	0.05014	0.01420	0.00657	0.00194	0.02764	0.01278	0.00462	0.00427
9	0.01116	0.07393	0.21210	0.15375	0.04931	0.05239	0.03224	0.01456	0.02632	0.08856	0.08854	0.03918	0.04816	0.02186	0.02975	0.00184	0.00598	0.04087	0.00327	0.00623
10	0.01134	0.08206	0.34596	0.04164	0.19095	0.05776	0.09659	0.01537	0.01113	0.01549	0.04023	0.01210	0.00850	0.00478	0.00477	0.00147	0.00670	0.00418	0.00244	0.04654
11	0.09063	0.15685	0.12848	0.01116	0.05945	0.10601	0.05768	0.03491	0.03732	0.02876	0.01116	0.03492	0.00930	0.00541	0.00422	0.00137	0.00542	0.02175	0.14968	0.04554
12	0.04751	0.20426	0.21100	0.01201	0.07913	0.03646	0.03555	0.03216	0.02446	0.03457	0.04501	0.13224	0.03474	0.00683	0.00497	0.00151	0.02615	0.00557	0.00303	0.02284
13	0.03562	0.14388	0.23358	0.01143	0.04529	0.07643	0.03034	0.09497	0.07202	0.01670	0.01623	0.03353	0.12385	0.00631	0.00468	0.00146	0.00564	0.00498	0.00319	0.03987

[dist]
# distance from previous block
# <min> <max>
0	30

[block]
# block no. 3 follows, 50 sequences, length 15
# corresponding to MSA columns:
# 481-495
name=unknown_D
#
# <colnr> <probs for GDERKNQSTAVLIFYWHMCP>
#	G	D	E	R	K	N	Q	S	T	A	V	L	I	F	Y	W	H	M	C	P
0	0.04819	0.03543	0.01440	0.04454	0.15491	0.03760	0.04233	0.20969	0.09578	0.05319	0.02783	0.01396	0.01004	0.02997	0.00526	0.00150	0.00508	0.00450	0.04821	0.11760
1	0.01260	0.06003	0.01668	0.10795	0.06175	0.04761	0.16366	0.10193	0.13900	0.03664	0.03669	0.01444	0.01044	0.00543	0.00518	0.00148	0.02890	0.00482	0.07084	0.07394
2	0.04135	0.01248	0.11674	0.09269	0.19416	0.02972	0.06842	0.07166	0.11050	0.01713	0.03130	0.01676	0.04026	0.05449	0.02455	0.00188	0.00584	0.01777	0.00319	0.04909
3	0.00958	0.00903	0.01526	0.76686	0.07897	0.01112	0.01393	0.01289	0.01005	0.01294	0.00889	0.01323	0.00672	0.00495	0.00498	0.00165	0.00660	0.00443	0.00223	0.00568
4	0.00866	0.00759	0.01183	0.08658	0.21963	0.00767	0.04254	0.01087	0.02520	0.01468	0.10397	0.27095	0.09591	0.04443	0.00675	0.00187	0.02295	0.00875	0.00372	0.00547
5	0.86003	0.00964	0.00733	0.00655	0.00964	0.01118	0.00540	0.01465	0.00848	0.02236	0.00694	0.00810	0.00540	0.00463	0.00308	0.00154	0.00386	0.00270	0.00308	0.00540
6	0.01040	0.00990	0.01579	0.49155	0.10160	0.03590	0.09032	0.03671	0.04522	0.01449	0.01163	0.05465	0.02554	0.00568	0.00511	0.00163	0.00628	0.00522	0.02644	0.00596
7	0.00601	0.00497	0.00527	0.00536	0.00685	0.00423	0.00396	0.00732	0.01139	0.01394	0.11110	0.13280	0.64410	0.01275	0.00594	0.00171	0.00255	0.01080	0.00470	0.00423
8	0.00786	0.00668	0.00859	0.00842	0.00937	0.04808	0.02416	0.00937	0.00904	0.01214	0.01861	0.15369	0.08084	0.06419	0.42065	0.00520	0.06443	0.04098	0.00321	0.00449
9	0.00648	0.00469	0.00617	0.00706	0.00758	0.00446	0.00490	0.00800	0.03310	0.01399	0.12362	0.66040	0.03400	0.01458	0.00629	0.00197	0.00294	0.05073	0.00475	0.00427
10	0.00705	0.00488	0.00611	0.00639	0.00667	0.00499	0.00418	0.00766	0.00804	0.01086	0.01800	0.17694	0.02037	0.48680	0.16540	0.00477	0.00604	0.04796	0.00333	0.00356
11	0.01251	0.01200	0.07620	0.22626	0.13296	0.03005	0.07113	0.19101	0.01379	0.03373	0.04556	0.04283	0.02080	0.00593	0.00540	0.00159	0.02989	0.00512	0.03654	0.00671
12	0.00662	0.00498	0.00598	0.00605	0.00707	0.00463	0.00435	0.00802	0.01102	0.01456	0.25278	0.13724	0.27723	0.14201	0.07115	0.00270	0.00378	0.03117	0.00447	0.00417
13	0.05955	0.15385	0.11100	0.02419	0.04829	0.09412	0.00910	0.08817	0.10710	0.03091	0.08088	0.02778	0.04109	0.00633	0.00456	0.00146	0.00510	0.02705	0.07305	0.00641
14	0.06170	0.12464	0.09186	0.06915	0.05310	0.05669	0.08509	0.08551	0.05626	0.10997	0.03525	0.01388	0.02292	0.02043	0.02135	0.00162	0.00576	0.00442	0.00341	0.07698

[dist]
# distance from previous block
# <min> <max>
0	10

[block]
# block no. 4 follows, 50 sequences, length 21
# corresponding to MSA columns:
# 506-515,517-527
name=unknown_E
#
# <colnr> <probs for GDERKNQSTAVLIFYWHMCP>
#	G	D	E	R	K	N	Q	S	T	A	V	L	I	F	Y	W	H	M	C	P
0	0.10946	0.08191	0.14494	0.03420	0.13146	0.05711	0.01070	0.11575	0.07941	0.05006	0.04078	0.03960	0.01077	0.00593	0.00493	0.00153	0.02759	0.01884	0.02818	0.00685
1	0.00616	0.00447	0.00575	0.00666	0.00713	0.00413	0.00449	0.00713	0.00994	0.01317	0.07857	0.66695	0.10999	0.04166	0.00691	0.00205	0.00288	0.01324	0.00463	0.00407
2	0.01224	0.02770	0.18068	0.06180	0.15955	0.06118	0.04881	0.06934	0.11065	0.05726	0.05666	0.03511	0.03535	0.00602	0.00514	0.00155	0.01802	0.00511	0.04091	0.00694
3	0.00931	0.00894	0.06249	0.04739	0.07424	0.02523	0.02920	0.05309	0.01126	0.01576	0.06591	0.25386	0.06385	0.00907	0.00567	0.00158	0.03398	0.03124	0.04937	0.14856
4	0.00760	0.03113	0.02377	0.00841	0.02584	0.00631	0.03455	0.00936	0.02782	0.02652	0.11956	0.42478	0.13104	0.01247	0.00671	0.00187	0.05824	0.03495	0.00435	0.00473
5	0.01199	0.08245	0.04305	0.03538	0.08429	0.05648	0.49337	0.01538	0.01126	0.01497	0.00969	0.01318	0.00778	0.03250	0.00664	0.00171	0.05084	0.00521	0.01733	0.00650
6	0.01203	0.01177	0.05312	0.10057	0.08390	0.05477	0.13173	0.09237	0.21786	0.01874	0.08154	0.01723	0.02740	0.00603	0.00509	0.00157	0.00543	0.00541	0.06665	0.00678
7	0.00725	0.00557	0.00697	0.00681	0.00824	0.00513	0.03083	0.00941	0.05391	0.03990	0.15647	0.26467	0.34124	0.01289	0.02560	0.00191	0.00320	0.01060	0.00472	0.00467
8	0.03734	0.23308	0.38163	0.02886	0.01735	0.10633	0.01316	0.03679	0.01106	0.01472	0.00959	0.01098	0.03033	0.00508	0.00466	0.00142	0.03259	0.00361	0.01477	0.00666
9	0.01096	0.00882	0.00984	0.02405	0.01164	0.00979	0.00706	0.03864	0.47934	0.03470	0.18093	0.05089	0.03755	0.00810	0.00533	0.00168	0.00363	0.03995	0.03033	0.00677
10	0.01637	0.06704	0.03025	0.00952	0.03156	0.00986	0.00780	0.16301	0.03584	0.28447	0.01333	0.01302	0.00942	0.00514	0.00444	0.00124	0.00447	0.00405	0.00441	0.28477
11	0.32280	0.00890	0.01005	0.00804	0.01162	0.00871	0.00663	0.02083	0.01219	0.51929	0.01510	0.01378	0.00985	0.00562	0.00432	0.00154	0.00410	0.00418	0.00506	0.00738
12	0.00640	0.00507	0.00576	0.00559	0.00705	0.00443	0.00419	0.00814	0.01257	0.01633	0.37606	0.04325	0.46436	0.01155	0.00589	0.00163	0.00245	0.00986	0.00501	0.00443
13	0.00614	0.00437	0.00576	0.00686	0.00713	0.00409	0.00454	0.00696	0.00942	0.01256	0.02682	0.77810	0.03215	0.06020	0.00741	0.00218	0.00300	0.01379	0.00454	0.00399
14	0.01333	0.82783	0.02612	0.00853	0.01279	0.01972	0.00853	0.01493	0.01013	0.01173	0.00693	0.00800	0.00640	0.00426	0.00320	0.00107	0.00533	0.00267	0.00213	0.00640
15	0.00982	0.00817	0.01428	0.01223	0.01470	0.00784	0.23508	0.01286	0.03461	0.05732	0.02230	0.08665	0.06612	0.01021	0.00628	0.00198	0.00541	0.36799	0.02069	0.00547
16	0.01267	0.01248	0.01990	0.02964	0.75188	0.05449	0.01499	0.01555	0.01150	0.01606	0.00929	0.01216	0.00782	0.00448	0.00491	0.00147	0.00609	0.00437	0.00247	0.00778
17	0.00866	0.00433	0.00649	0.00649	0.00649	0.00433	0.00433	0.00649	0.00649	0.00866	0.00866	0.01515	0.00866	0.01732	0.01948	0.85498	0.00433	0.00433	0.00216	0.00216
18	0.01266	0.00765	0.00859	0.00781	0.00971	0.03795	0.00613	0.09567	0.04257	0.16560	0.01907	0.15188	0.02862	0.00839	0.00536	0.00158	0.03743	0.06808	0.27937	0.00587
19	0.01153	0.03661	0.03363	0.07673	0.04185	0.10849	0.05279	0.01371	0.02470	0.02588	0.05092	0.01383	0.00989	0.00860	0.05818	0.00206	0.30360	0.01698	0.00271	0.10730
20	0.03057	0.04033	0.01169	0.06624	0.04686	0.09803	0.02125	0.05607	0.03491	0.08712	0.16439	0.02101	0.06872	0.02694	0.00727	0.02141	0.10923	0.01670	0.06554	0.00574

[dist]
# distance from previous block
# <min> <max>
1	9

[block]
# block no. 5 follows, 50 sequences, length 19
# corresponding to MSA columns:
# 537-555
name=unknown_F
#
# <colnr> <probs for GDERKNQSTAVLIFYWHMCP>
#	G	D	E	R	K	N	Q	S	T	A	V	L	I	F	Y	W	H	M	C	P
0	0.00617	0.00438	0.00576	0.00682	0.00709	0.00411	0.00450	0.00696	0.00936	0.01248	0.02654	0.75912	0.03179	0.07967	0.00787	0.00225	0.00305	0.01362	0.00450	0.00397
1	0.32139	0.00871	0.00963	0.00786	0.01111	0.00874	0.00640	0.04252	0.01202	0.41242	0.04378	0.01507	0.01127	0.03774	0.02903	0.00186	0.00436	0.00441	0.00478	0.00690
2	0.01033	0.00657	0.00809	0.00726	0.00917	0.00637	0.00559	0.01447	0.14398	0.14600	0.45658	0.05013	0.09671	0.00928	0.00561	0.00160	0.00296	0.00804	0.00544	0.00580
3	0.01359	0.00670	0.00886	0.00749	0.00983	0.00607	0.00591	0.01620	0.04269	0.34152	0.44346	0.02816	0.03150	0.00840	0.00549	0.00156	0.00319	0.00723	0.00575	0.00638
4	0.03969	0.11954	0.01464	0.01110	0.01414	0.33726	0.00880	0.11075	0.26039	0.01746	0.01210	0.01226	0.00944	0.00563	0.00453	0.00142	0.00636	0.00405	0.00361	0.00684
5	0.02053	0.01142	0.01339	0.01026	0.01419	0.01169	0.00848	0.42853	0.01919	0.38600	0.01553	0.01428	0.01026	0.00607	0.00500	0.00152	0.00491	0.00473	0.00553	0.00848
6	0.04204	0.10884	0.08378	0.00868	0.01124	0.02240	0.00755	0.12852	0.05413	0.03286	0.11529	0.19845	0.07939	0.04040	0.00620	0.00176	0.01929	0.02930	0.00411	0.00578
7	0.73946	0.00989	0.00860	0.00834	0.05897	0.01122	0.00625	0.04402	0.00948	0.05537	0.00783	0.00889	0.00597	0.00473	0.00335	0.00154	0.00406	0.00297	0.00325	0.00580
8	0.03989	0.04254	0.13857	0.02807	0.07069	0.06425	0.10142	0.07487	0.05048	0.06537	0.01240	0.01517	0.02061	0.04881	0.11418	0.00255	0.02799	0.00474	0.07105	0.00635
9	0.00640	0.00472	0.00601	0.00655	0.00734	0.00433	0.00466	0.00780	0.01118	0.01495	0.24287	0.44697	0.15868	0.01355	0.00617	0.00185	0.00276	0.04406	0.00486	0.00428
10	0.01175	0.10329	0.18747	0.04253	0.03320	0.04082	0.24773	0.05228	0.01189	0.06175	0.01545	0.06209	0.09509	0.00617	0.00518	0.00158	0.00641	0.00574	0.00307	0.00653
11	0.00647	0.00505	0.00592	0.00629	0.00742	0.00460	0.00458	0.00828	0.04043	0.01447	0.14470	0.32300	0.34858	0.01318	0.00607	0.00182	0.00278	0.04720	0.00476	0.00438
12	0.00719	0.00520	0.00742	0.00742	0.00809	0.00588	0.00549	0.00848	0.00780	0.01108	0.01372	0.02224	0.01356	0.20516	0.61583	0.03163	0.01127	0.00572	0.00273	0.00408
13	0.01189	0.01449	0.22045	0.12275	0.13231	0.01105	0.15333	0.04095	0.04986	0.08702	0.07501	0.01492	0.01122	0.00545	0.00545	0.00161	0.02716	0.00499	0.00313	0.00698
14	0.00640	0.00453	0.00592	0.00683	0.00725	0.00426	0.00467	0.00728	0.00969	0.01286	0.06104	0.61588	0.06875	0.07540	0.00819	0.03014	0.00315	0.05931	0.00446	0.00398
15	0.01111	0.02584	0.14190	0.05255	0.10614	0.10792	0.08866	0.05907	0.04322	0.01587	0.06953	0.07284	0.11561	0.02063	0.00596	0.00167	0.03295	0.01906	0.00333	0.00615
16	0.03217	0.12371	0.17412	0.04497	0.08621	0.12784	0.07845	0.11479	0.03767	0.05749	0.03399	0.03028	0.00931	0.00536	0.00470	0.00145	0.00635	0.00437	0.00312	0.02364
17	0.03916	0.24654	0.20625	0.04717	0.03643	0.13874	0.01111	0.06473	0.05188	0.02825	0.02468	0.02711	0.02202	0.00529	0.00431	0.00137	0.00615	0.00392	0.00281	0.03208
18	0.03284	0.12296	0.23303	0.03188	0.10691	0.04591	0.03460	0.05952	0.07553	0.06567	0.04228	0.03027	0.02312	0.00568	0.00503	0.00150	0.03225	0.00454	0.02503	0.02144

[dist]
# distance from previous block
# <min> <max>
13	36

[block]
# block no. 6 follows, 50 sequences, length 13
# corresponding to MSA columns:
# 592-604
name=unknown_G
#
# <colnr> <probs for GDERKNQSTAVLIFYWHMCP>
#	G	D	E	R	K	N	Q	S	T	A	V	L	I	F	Y	W	H	M	C	P
0	0.07013	0.12115	0.28267	0.06710	0.12456	0.04205	0.04632	0.05171	0.05223	0.01658	0.00961	0.01131	0.00741	0.00480	0.00445	0.00145	0.00611	0.00386	0.03320	0.04330
1	0.04441	0.13737	0.30560	0.01264	0.05452	0.11823	0.03350	0.04632	0.03197	0.08552	0.00983	0.01085	0.00736	0.00483	0.00442	0.00139	0.00637	0.00367	0.00286	0.07836
2	0.03566	0.00810	0.00936	0.05786	0.01161	0.05306	0.04038	0.03024	0.10203	0.01684	0.17306	0.12961	0.12678	0.00901	0.01668	0.00162	0.00399	0.00738	0.05981	0.10692
3	0.00627	0.00453	0.00598	0.00707	0.00753	0.00423	0.00494	0.00731	0.00985	0.01300	0.02869	0.69676	0.07630	0.01525	0.00639	0.00203	0.00305	0.09211	0.00462	0.00411
4	0.04785	0.00835	0.01081	0.00869	0.01211	0.00763	0.00707	0.02243	0.08681	0.61468	0.02094	0.05654	0.04232	0.00702	0.00509	0.00160	0.00408	0.02230	0.00580	0.00787
5	0.00607	0.00434	0.00578	0.00694	0.00723	0.00405	0.00463	0.00694	0.00954	0.01272	0.02747	0.82157	0.03297	0.01562	0.00636	0.00202	0.00289	0.01417	0.00463	0.00405
6	0.01951	0.01306	0.01440	0.01104	0.01501	0.01413	0.00912	0.65381	0.02193	0.15684	0.01323	0.01279	0.00911	0.00601	0.00499	0.00150	0.00528	0.00457	0.00518	0.00848
7	0.00628	0.00466	0.00606	0.00687	0.00737	0.00444	0.00473	0.00733	0.01008	0.01345	0.09984	0.65329	0.10483	0.01464	0.00656	0.00195	0.02575	0.01307	0.00464	0.00416
8	0.01333	0.82783	0.02612	0.00853	0.01279	0.01972	0.00853	0.01493	0.01013	0.01173	0.00693	0.00800	0.00640	0.00426	0.00320	0.00107	0.00533	0.00267	0.00213	0.00640
9	0.00844	0.00443	0.00636	0.00633	0.00654	0.00437	0.00429	0.00697	0.00747	0.01018	0.06942	0.01848	0.04807	0.01605	0.01711	0.71307	0.00401	0.00498	0.04088	0.00256
10	0.03923	0.09750	0.01616	0.08083	0.03193	0.04062	0.06372	0.44049	0.01790	0.04346	0.01122	0.01219	0.00829	0.00549	0.00468	0.00145	0.00559	0.00432	0.06752	0.00741
11	0.01281	0.01102	0.01412	0.10077	0.07858	0.03346	0.06553	0.16475	0.23073	0.03861	0.01645	0.03631	0.06743	0.00734	0.02314	0.00177	0.06056	0.00552	0.00396	0.02712
12	0.25522	0.14284	0.04997	0.03676	0.01436	0.13686	0.05300	0.11007	0.04178	0.07830	0.01068	0.01146	0.02869	0.00523	0.00416	0.00144	0.00561	0.00378	0.00333	0.00646

[dist]
# distance from previous block
# <min> <max>
1	41

[block]
# block no. 7 follows, 50 sequences, length 17
# corresponding to MSA columns:
# 646-662
name=unknown_H
#
# <colnr> <probs for GDERKNQSTAVLIFYWHMCP>
#	G	D	E	R	K	N	Q	S	T	A	V	L	I	F	Y	W	H	M	C	P
0	0.01175	0.01238	0.05847	0.20264	0.19093	0.08812	0.07954	0.06083	0.04237	0.01531	0.01061	0.04811	0.00905	0.01928	0.03745	0.00192	0.08272	0.00495	0.01717	0.00639
1	0.00693	0.00519	0.00588	0.00608	0.00745	0.00462	0.00446	0.00860	0.03605	0.04541	0.07439	0.26507	0.46472	0.01295	0.00599	0.00179	0.00279	0.03240	0.00474	0.00449
2	0.00932	0.00601	0.00726	0.00677	0.00850	0.00559	0.00512	0.02768	0.06666	0.12431	0.29941	0.15261	0.23984	0.01078	0.00576	0.00167	0.00292	0.00931	0.00518	0.00529
3	0.04388	0.00583	0.00719	0.00659	0.00822	0.00551	0.00503	0.01201	0.04101	0.11564	0.50356	0.07000	0.07401	0.00940	0.00547	0.00157	0.00274	0.00814	0.06895	0.00525
4	0.01895	0.01396	0.01496	0.01147	0.01546	0.01546	0.00947	0.77711	0.02344	0.03141	0.01197	0.01197	0.00848	0.00598	0.00499	0.00150	0.00548	0.00449	0.00499	0.00848
5	0.01298	0.76223	0.02496	0.00869	0.01265	0.01900	0.00853	0.01457	0.00994	0.01173	0.00718	0.00858	0.00665	0.00579	0.03631	0.00139	0.03756	0.00284	0.00216	0.00628
6	0.01860	0.01379	0.01476	0.01140	0.01533	0.01530	0.00939	0.73751	0.06360	0.03086	0.01241	0.01232	0.00883	0.00602	0.00499	0.00151	0.00540	0.00455	0.00499	0.00845
7	0.01378	0.02704	0.04767	0.07283	0.28312	0.07248	0.08179	0.12334	0.03411	0.08119	0.01248	0.03096	0.03411	0.00564	0.00544	0.00154	0.03708	0.00491	0.02332	0.00718
8	0.86003	0.00964	0.00733	0.00655	0.00964	0.01118	0.00540	0.01465	0.00848	0.02236	0.00694	0.00810	0.00540	0.00463	0.00308	0.00154	0.00386	0.00270	0.00308	0.00540
9	0.14274	0.00977	0.01184	0.07534	0.03514	0.05696	0.07279	0.07328	0.07431	0.10674	0.02559	0.01527	0.01047	0.04107	0.06051	0.01615	0.03737	0.00466	0.12392	0.00607
10	0.00782	0.00535	0.00645	0.00627	0.00767	0.00484	0.00463	0.00979	0.03312	0.07498	0.32325	0.17071	0.28073	0.03373	0.00641	0.00177	0.00275	0.00993	0.00504	0.00476
11	0.01577	0.01382	0.01452	0.03003	0.03271	0.11074	0.02581	0.35693	0.18493	0.02279	0.01228	0.01296	0.00933	0.00636	0.00666	0.00162	0.12657	0.00459	0.00412	0.00745
12	0.00730	0.00564	0.00769	0.06707	0.01012	0.00567	0.02447	0.03600	0.01093	0.01473	0.13349	0.47006	0.11026	0.01260	0.00631	0.00185	0.02916	0.01118	0.03092	0.00456
13	0.00714	0.00509	0.00619	0.00649	0.00703	0.00505	0.00436	0.00852	0.04991	0.01243	0.07521	0.26095	0.07919	0.32901	0.05696	0.03000	0.00432	0.04434	0.00390	0.00390
14	0.01259	0.06887	0.07258	0.09550	0.16922	0.08230	0.07600	0.07232	0.16854	0.02958	0.01315	0.04580	0.02554	0.00653	0.02182	0.00170	0.02265	0.00505	0.00330	0.00694
15	0.00772	0.00586	0.00698	0.02104	0.00837	0.04654	0.00521	0.00881	0.01025	0.03188	0.15388	0.35775	0.07415	0.04751	0.12035	0.07062	0.00485	0.00982	0.00413	0.00426
16	0.04532	0.06115	0.08942	0.01110	0.01426	0.14533	0.06061	0.15522	0.08280	0.04465	0.06869	0.06612	0.04902	0.00775	0.02728	0.00174	0.05390	0.00546	0.00371	0.00648

[dist]
# distance from previous block
# <min> <max>
1	5

[block]
# block no. 8 follows, 50 sequences, length 44
# corresponding to MSA columns:
# 668-696,716-730
name=unknown_I
#
# <colnr> <probs for GDERKNQSTAVLIFYWHMCP>
#	G	D	E	R	K	N	Q	S	T	A	V	L	I	F	Y	W	H	M	C	P
0	0.00651	0.00493	0.00673	0.00727	0.00799	0.00459	0.03316	0.00764	0.00994	0.01303	0.04168	0.56090	0.13159	0.06986	0.00761	0.00217	0.00331	0.07250	0.00445	0.00415
1	0.01163	0.01423	0.15660	0.04864	0.09047	0.10800	0.07076	0.07109	0.13891	0.01685	0.05535	0.05687	0.09117	0.02818	0.00586	0.00168	0.01787	0.00584	0.00350	0.00650
2	0.01032	0.01023	0.05379	0.06767	0.25312	0.05439	0.02710	0.03969	0.01164	0.01604	0.12533	0.12291	0.04821	0.00879	0.03995	0.00185	0.03304	0.00654	0.04284	0.02656
3	0.00962	0.10195	0.08312	0.02499	0.04160	0.02418	0.00750	0.04057	0.07561	0.04763	0.15010	0.23223	0.12200	0.00971	0.00538	0.00164	0.00400	0.00835	0.00419	0.00563
4	0.09966	0.03625	0.04938	0.10334	0.02855	0.16797	0.03791	0.09154	0.04205	0.02755	0.03124	0.01747	0.02180	0.09728	0.00787	0.00195	0.06414	0.04993	0.01831	0.00580
5	0.05005	0.02637	0.04913	0.06820	0.07077	0.01237	0.08044	0.22640	0.20606	0.04180	0.02988	0.01549	0.03290	0.00602	0.00519	0.00158	0.02323	0.00503	0.04181	0.00727
6	0.00852	0.00491	0.00748	0.00712	0.00753	0.00493	0.04165	0.00761	0.00736	0.01024	0.01100	0.05118	0.01095	0.07720	0.08042	0.58202	0.00507	0.00514	0.06677	0.00290
7	0.01325	0.01324	0.02801	0.08281	0.27517	0.17572	0.02781	0.05650	0.01197	0.04421	0.01069	0.07512	0.00951	0.00625	0.00606	0.02597	0.05944	0.00487	0.00292	0.07049
8	0.07909	0.00901	0.01115	0.00868	0.01231	0.00843	0.00713	0.12249	0.01469	0.54339	0.03570	0.01597	0.01199	0.00601	0.00475	0.00148	0.00420	0.00477	0.05442	0.04433
9	0.01091	0.01091	0.01527	0.01309	0.01309	0.01527	0.01091	0.01200	0.00763	0.01200	0.00654	0.01091	0.00654	0.00872	0.01636	0.00218	0.81570	0.00436	0.00218	0.00545
10	0.21906	0.17870	0.19227	0.01226	0.08306	0.05000	0.02877	0.14974	0.01249	0.01921	0.00860	0.00984	0.00666	0.00482	0.00410	0.00143	0.00575	0.00348	0.00292	0.00685
11	0.00741	0.00522	0.00636	0.00625	0.00640	0.00559	0.00395	0.00776	0.00739	0.01010	0.01485	0.02935	0.01659	0.65272	0.15436	0.00523	0.04736	0.00679	0.00292	0.00338
12	0.01015	0.04512	0.74271	0.01421	0.02128	0.01189	0.03719	0.01568	0.01048	0.01560	0.00887	0.01054	0.00635	0.00480	0.00499	0.00158	0.02542	0.00373	0.00212	0.00728
13	0.02157	0.00837	0.01126	0.00872	0.01243	0.00733	0.00717	0.02380	0.03215	0.74555	0.01953	0.01707	0.01242	0.00617	0.00495	0.00153	0.00415	0.00501	0.04250	0.00830
14	0.00866	0.00433	0.00649	0.00649	0.00649	0.00433	0.00433	0.00649	0.00649	0.00866	0.00866	0.01515	0.00866	0.01732	0.01948	0.85498	0.00433	0.00433	0.00216	0.00216
15	0.00815	0.00674	0.00698	0.00656	0.00856	0.00665	0.00502	0.04058	0.19988	0.01642	0.07189	0.03778	0.50876	0.01056	0.00555	0.00165	0.00296	0.00879	0.04121	0.00530
16	0.03077	0.00734	0.00863	0.00742	0.00984	0.00729	0.00586	0.03473	0.15436	0.26656	0.13359	0.02051	0.01796	0.00673	0.00464	0.00145	0.00333	0.00555	0.26684	0.00656
17	0.05237	0.00818	0.01058	0.00834	0.01182	0.00736	0.00683	0.02238	0.04672	0.64151	0.01977	0.01772	0.03438	0.00629	0.00483	0.00152	0.00399	0.00507	0.08246	0.00787
18	0.00721	0.00483	0.00552	0.00555	0.00558	0.00485	0.00315	0.00729	0.00733	0.00980	0.01595	0.05283	0.01835	0.78227	0.04613	0.00485	0.00501	0.00738	0.00305	0.00309
19	0.01423	0.48020	0.04042	0.01001	0.01348	0.22971	0.00899	0.03411	0.01129	0.01243	0.00781	0.00944	0.00694	0.00733	0.06796	0.00174	0.03227	0.00315	0.00236	0.00612
20	0.00865	0.00716	0.01101	0.17511	0.09521	0.00833	0.00885	0.03229	0.00926	0.01303	0.01216	0.03722	0.01107	0.03967	0.44830	0.00523	0.04477	0.00524	0.02229	0.00515
21	0.00962	0.00612	0.00823	0.02762	0.00875	0.03076	0.02713	0.02407	0.02271	0.02601	0.01084	0.01643	0.02499	0.04943	0.03428	0.55660	0.04641	0.00468	0.06199	0.00332
22	0.01572	0.31994	0.05787	0.01146	0.01503	0.39298	0.03733	0.03579	0.04671	0.01317	0.00822	0.00935	0.00689	0.00485	0.00411	0.00126	0.00723	0.00327	0.00255	0.00628
23	0.01297	0.04850	0.04828	0.01083	0.02674	0.01159	0.06514	0.18857	0.25120	0.02083	0.02598	0.02894	0.01155	0.00582	0.00475	0.00141	0.00475	0.01976	0.02175	0.19063
24	0.01671	0.08986	0.04524	0.01211	0.01501	0.50519	0.02354	0.10790	0.02884	0.01497	0.00909	0.02811	0.00762	0.00559	0.00509	0.00137	0.04775	0.00377	0.02604	0.00618
25	0.00725	0.00588	0.00743	0.11631	0.01117	0.00579	0.00580	0.02205	0.04075	0.01617	0.30303	0.10682	0.31170	0.01066	0.00576	0.00167	0.00316	0.00920	0.00462	0.00476
26	0.00675	0.00492	0.00572	0.00570	0.00649	0.00457	0.00383	0.00782	0.01046	0.01386	0.24827	0.10224	0.22669	0.31592	0.01321	0.00286	0.00337	0.00916	0.00427	0.00389
27	0.00713	0.00526	0.00761	0.00768	0.00845	0.00597	0.00582	0.00867	0.00806	0.01146	0.01446	0.04729	0.01429	0.13625	0.65806	0.00726	0.01169	0.02750	0.00283	0.00426
28	0.01711	0.01305	0.01392	0.01110	0.01476	0.01460	0.00903	0.56656	0.23698	0.02845	0.01430	0.01383	0.01037	0.00620	0.00501	0.00155	0.00505	0.00481	0.00501	0.00831
29	0.86003	0.00964	0.00733	0.00655	0.00964	0.01118	0.00540	0.01465	0.00848	0.02236	0.00694	0.00810	0.00540	0.00463	0.00308	0.00154	0.00386	0.00270	0.00308	0.00540
30	0.86003	0.00964	0.00733	0.00655	0.00964	0.01118	0.00540	0.01465	0.00848	0.02236	0.00694	0.00810	0.00540	0.00463	0.00308	0.00154	0.00386	0.00270	0.00308	0.00540
31	0.01333	0.82783	0.02612	0.00853	0.01279	0.01972	0.00853	0.01493	0.01013	0.01173	0.00693	0.00800	0.00640	0.00426	0.00320	0.00107	0.00533	0.00267	0.00213	0.00640
32	0.01333	0.82783	0.02612	0.00853	0.01279	0.01972	0.00853	0.01493	0.01013	0.01173	0.00693	0.00800	0.00640	0.00426	0.00320	0.00107	0.00533	0.00267	0.00213	0.00640
33	0.04574	0.00857	0.00854	0.00760	0.00967	0.04646	0.00598	0.17376	0.10006	0.02053	0.01720	0.03878	0.05603	0.00761	0.02640	0.00160	0.02002	0.02290	0.37669	0.00587
34	0.00883	0.00726	0.01065	0.04167	0.23589	0.00729	0.00802	0.02840	0.03664	0.01472	0.06071	0.29937	0.05679	0.10582	0.02217	0.00219	0.00434	0.00874	0.03508	0.00540
35	0.00689	0.00472	0.00574	0.00626	0.00657	0.00459	0.00407	0.00752	0.00870	0.01165	0.02227	0.32911	0.05294	0.40097	0.01536	0.00335	0.00392	0.07146	0.03028	0.00363
36	0.01045	0.00934	0.01447	0.05885	0.18291	0.04091	0.12667	0.01270	0.01063	0.03699	0.03619	0.15212	0.03397	0.04282	0.00734	0.00182	0.09207	0.02442	0.09956	0.00578
37	0.08521	0.00828	0.01022	0.08102	0.05712	0.00856	0.00741	0.11122	0.06120	0.16817	0.13898	0.02229	0.07640	0.00739	0.00517	0.01397	0.00405	0.03494	0.09209	0.00633
38	0.00781	0.00573	0.00761	0.00733	0.00763	0.00656	0.00518	0.00829	0.00752	0.01051	0.01359	0.02420	0.02589	0.37975	0.26277	0.09430	0.11286	0.00603	0.00274	0.00370
39	0.01333	0.82783	0.02612	0.00853	0.01279	0.01972	0.00853	0.01493	0.01013	0.01173	0.00693	0.00800	0.00640	0.00426	0.00320	0.00107	0.00533	0.00267	0.00213	0.00640
40	0.01004	0.00761	0.02520	0.00872	0.03708	0.00742	0.00645	0.10195	0.12820	0.06738	0.19187	0.26787	0.09900	0.01050	0.00569	0.00172	0.00348	0.00917	0.00489	0.00578
41	0.00941	0.00886	0.01495	0.81285	0.03433	0.01107	0.01384	0.01274	0.00997	0.01274	0.00886	0.01329	0.00664	0.00498	0.00498	0.00166	0.00664	0.00443	0.00221	0.00554
42	0.01123	0.05308	0.02372	0.00897	0.01142	0.00941	0.04391	0.10014	0.18332	0.06279	0.12040	0.05294	0.12960	0.00839	0.00566	0.00163	0.03393	0.05690	0.07635	0.00619
43	0.39025	0.02722	0.08812	0.00973	0.06452	0.01023	0.02298	0.05334	0.02763	0.04673	0.01039	0.06665	0.00879	0.00546	0.00396	0.00145	0.00441	0.00412	0.03484	0.11917

[dist]
# distance from previous block
# <min> <max>
2	33

[block]
# block no. 9 follows, 50 sequences, length 16
# corresponding to MSA columns:
# 764-779
name=unknown_J
#
# <colnr> <probs for GDERKNQSTAVLIFYWHMCP>
#	G	D	E	R	K	N	Q	S	T	A	V	L	I	F	Y	W	H	M	C	P
0	0.05106	0.00829	0.00993	0.00873	0.01076	0.02334	0.02969	0.14311	0.06796	0.12103	0.10543	0.18020	0.05543	0.06302	0.00776	0.03843	0.03336	0.03208	0.00455	0.00584
1	0.01171	0.01064	0.05415	0.01353	0.17700	0.03426	0.00914	0.15238	0.14010	0.01952	0.08681	0.08395	0.08631	0.00765	0.00518	0.00159	0.00453	0.02990	0.06499	0.00665
2	0.01621	0.01857	0.01388	0.01407	0.11701	0.49890	0.00964	0.08780	0.05728	0.01524	0.01275	0.01368	0.07223	0.00585	0.00472	0.00138	0.00729	0.00426	0.02298	0.00627
3	0.01205	0.01136	0.01795	0.31626	0.38871	0.03574	0.04246	0.08600	0.01207	0.01626	0.00940	0.01259	0.00743	0.00480	0.00498	0.00155	0.00633	0.00446	0.00262	0.00697
4	0.01389	0.03616	0.08385	0.06338	0.04453	0.01128	0.00930	0.29394	0.08303	0.07967	0.10578	0.01944	0.04527	0.02258	0.00547	0.00162	0.00488	0.03399	0.03491	0.00705
5	0.01120	0.01143	0.01518	0.07565	0.01487	0.05721	0.01107	0.01248	0.00816	0.01206	0.00679	0.01099	0.00654	0.00824	0.01483	0.00209	0.70921	0.00431	0.00220	0.00548
6	0.17501	0.13255	0.11716	0.01041	0.01385	0.12427	0.04554	0.03350	0.09556	0.02956	0.01328	0.03009	0.04389	0.00648	0.00500	0.00157	0.03765	0.07524	0.00323	0.00617
7	0.02171	0.00899	0.01181	0.00912	0.01294	0.00814	0.00751	0.08150	0.04545	0.70837	0.01911	0.01665	0.01216	0.00618	0.00501	0.00154	0.00432	0.00500	0.00604	0.00846
8	0.86003	0.00964	0.00733	0.00655	0.00964	0.01118	0.00540	0.01465	0.00848	0.02236	0.00694	0.00810	0.00540	0.00463	0.00308	0.00154	0.00386	0.00270	0.00308	0.00540
9	0.00705	0.00510	0.00666	0.00627	0.00745	0.00470	0.00470	0.00941	0.01411	0.01999	0.79110	0.03723	0.04703	0.01019	0.00588	0.00157	0.00235	0.00901	0.00549	0.00470
10	0.01240	0.01071	0.01127	0.01014	0.01296	0.01240	0.00789	0.02649	0.78473	0.02085	0.02029	0.01860	0.01522	0.00676	0.00507	0.00169	0.00394	0.00564	0.00507	0.00789
11	0.01792	0.01176	0.01292	0.01010	0.01365	0.01267	0.00828	0.53572	0.04492	0.14351	0.01397	0.01383	0.00986	0.00601	0.00479	0.00146	0.00482	0.00462	0.12125	0.00793
12	0.00630	0.00473	0.00563	0.00613	0.00692	0.00430	0.00423	0.00734	0.01026	0.01323	0.09908	0.38175	0.27580	0.12257	0.00873	0.00226	0.00303	0.02921	0.00449	0.00403
13	0.00941	0.00887	0.01433	0.13089	0.04532	0.01049	0.12096	0.01133	0.00938	0.01331	0.01392	0.24593	0.01462	0.00923	0.00935	0.00192	0.28267	0.00744	0.03533	0.00531
14	0.01699	0.01313	0.01322	0.01055	0.01388	0.07541	0.00853	0.56660	0.04785	0.02697	0.01252	0.01351	0.00941	0.03200	0.02964	0.00175	0.00560	0.00456	0.09031	0.00757
15	0.01423	0.04776	0.01394	0.01196	0.03177	0.30125	0.00924	0.11052	0.01241	0.01473	0.00975	0.06313	0.00908	0.02723	0.05286	0.00203	0.22243	0.00459	0.00291	0.03821

[dist]
# distance from previous block
# <min> <max>
4	8

[block]
# block no. 10 follows, 50 sequences, length 23
# corresponding to MSA columns:
# 788-805,808-812
name=unknown_K
#
# <colnr> <probs for GDERKNQSTAVLIFYWHMCP>
#	G	D	E	R	K	N	Q	S	T	A	V	L	I	F	Y	W	H	M	C	P
0	0.01510	0.01243	0.01248	0.01056	0.01370	0.07448	0.00837	0.26463	0.42050	0.05141	0.05037	0.01649	0.01367	0.00652	0.00503	0.00159	0.00477	0.00521	0.00491	0.00779
1	0.79361	0.00928	0.00715	0.00644	0.00941	0.01064	0.00527	0.01407	0.00871	0.02167	0.01033	0.01120	0.06655	0.00525	0.00330	0.00155	0.00375	0.00331	0.00320	0.00531
2	0.08436	0.01363	0.01437	0.01109	0.01501	0.01512	0.00916	0.71782	0.02227	0.03071	0.01158	0.01167	0.00824	0.00588	0.00484	0.00150	0.00536	0.00435	0.00484	0.00824
3	0.00712	0.00534	0.00801	0.00801	0.00890	0.00623	0.00623	0.00890	0.00801	0.01157	0.01335	0.01958	0.01246	0.03738	0.80507	0.00801	0.01335	0.00534	0.00267	0.00445
4	0.01333	0.82783	0.02612	0.00853	0.01279	0.01972	0.00853	0.01493	0.01013	0.01173	0.00693	0.00800	0.00640	0.00426	0.00320	0.00107	0.00533	0.00267	0.00213	0.00640
5	0.01070	0.06194	0.69411	0.01402	0.02098	0.01220	0.04286	0.05772	0.01126	0.01646	0.00906	0.01058	0.00648	0.00476	0.00472	0.00155	0.00720	0.00375	0.00228	0.00736
6	0.01233	0.01217	0.01421	0.04295	0.13430	0.14916	0.06441	0.08005	0.06920	0.01565	0.01393	0.03426	0.06652	0.03393	0.06903	0.00221	0.13181	0.00524	0.04253	0.00611
7	0.00629	0.00463	0.00589	0.00649	0.00721	0.00423	0.00452	0.00757	0.01093	0.01461	0.21744	0.51390	0.15027	0.01384	0.00617	0.00186	0.00270	0.01236	0.00484	0.00423
8	0.01022	0.00930	0.01490	0.68389	0.05114	0.01142	0.01323	0.07359	0.01096	0.01426	0.00919	0.01328	0.00699	0.00608	0.02835	0.00184	0.02866	0.00446	0.00245	0.00580
9	0.00730	0.00564	0.00676	0.00706	0.00806	0.00558	0.00505	0.04249	0.06887	0.01477	0.08723	0.46415	0.19370	0.02859	0.00670	0.00193	0.02533	0.01154	0.00464	0.00463
10	0.00825	0.00451	0.00640	0.00640	0.00647	0.00458	0.00422	0.00684	0.00677	0.00909	0.01045	0.01903	0.01087	0.18179	0.08328	0.61600	0.00515	0.00500	0.00238	0.00252
11	0.01333	0.82783	0.02612	0.00853	0.01279	0.01972	0.00853	0.01493	0.01013	0.01173	0.00693	0.00800	0.00640	0.00426	0.00320	0.00107	0.00533	0.00267	0.00213	0.00640
12	0.01169	0.05947	0.02567	0.01111	0.08200	0.01066	0.00819	0.04026	0.39636	0.05523	0.03831	0.05836	0.07274	0.00787	0.00521	0.00168	0.00416	0.07982	0.02429	0.00693
13	0.00941	0.00886	0.01495	0.81285	0.03433	0.01107	0.01384	0.01274	0.00997	0.01274	0.00886	0.01329	0.00664	0.00498	0.00498	0.00166	0.00664	0.00443	0.00221	0.00554
14	0.01614	0.01625	0.01503	0.01441	0.11329	0.34982	0.06558	0.10313	0.03677	0.08055	0.01063	0.01205	0.00828	0.00602	0.01924	0.00155	0.05128	0.00414	0.06927	0.00657
15	0.00713	0.00500	0.00652	0.00721	0.00787	0.00483	0.00540	0.00831	0.01008	0.01330	0.08489	0.27158	0.07705	0.16673	0.01064	0.04158	0.00382	0.25978	0.00427	0.00401
16	0.01224	0.01101	0.01862	0.19964	0.58676	0.01143	0.01455	0.01522	0.01120	0.05725	0.00981	0.01279	0.00786	0.00465	0.00495	0.00152	0.00599	0.00447	0.00261	0.00741
17	0.01245	0.03687	0.01561	0.31754	0.02232	0.04304	0.09361	0.11300	0.04217	0.06603	0.02416	0.01377	0.00880	0.00574	0.00623	0.00162	0.09972	0.00466	0.06640	0.00627
18	0.01177	0.00973	0.04932	0.00790	0.01183	0.00790	0.00669	0.12885	0.01246	0.04038	0.01092	0.01222	0.00857	0.00453	0.00394	0.00099	0.00392	0.00357	0.15170	0.51280
19	0.00697	0.00537	0.00695	0.00773	0.04823	0.00500	0.00533	0.00892	0.02619	0.01601	0.30861	0.25626	0.20234	0.01212	0.00602	0.00177	0.00291	0.06380	0.00483	0.00463
20	0.10952	0.07778	0.02865	0.04266	0.01462	0.05361	0.00887	0.36523	0.11059	0.05792	0.01185	0.01275	0.00897	0.03217	0.00578	0.00163	0.04165	0.00431	0.00414	0.00731
21	0.01207	0.05478	0.44935	0.05392	0.06716	0.02425	0.03943	0.15676	0.03895	0.01842	0.01035	0.03382	0.00791	0.00530	0.00483	0.00155	0.00662	0.00429	0.00286	0.00735
22	0.00845	0.00697	0.02293	0.01979	0.00944	0.00681	0.00571	0.01333	0.22340	0.03392	0.06050	0.22675	0.26523	0.03042	0.00613	0.00183	0.00328	0.02005	0.02968	0.00537

[dist]
# distance from previous block
# <min> <max>
0	1

[block]
# block no. 11 follows, 50 sequences, length 14
# corresponding to MSA columns:
# 814-827
name=unknown_L
#
# <colnr> <probs for GDERKNQSTAVLIFYWHMCP>
#	G	D	E	R	K	N	Q	S	T	A	V	L	I	F	Y	W	H	M	C	P
0	0.01367	0.13763	0.08478	0.01261	0.09103	0.24627	0.04366	0.04795	0.01220	0.01521	0.02243	0.01134	0.00819	0.00490	0.00443	0.00125	0.01823	0.00370	0.09276	0.12777
1	0.00687	0.00500	0.00646	0.00716	0.00792	0.00475	0.00521	0.03156	0.01103	0.01469	0.13546	0.51708	0.09253	0.01406	0.00629	0.00196	0.00311	0.11975	0.00475	0.00437
2	0.31601	0.02507	0.02767	0.02192	0.06201	0.15442	0.02475	0.03829	0.01054	0.01736	0.00878	0.01176	0.00753	0.02758	0.04093	0.00181	0.05567	0.02326	0.00290	0.12174
3	0.79467	0.00998	0.00792	0.00694	0.01009	0.01151	0.00571	0.07390	0.00964	0.02307	0.00733	0.00840	0.00564	0.00473	0.00323	0.00154	0.00398	0.00284	0.00323	0.00564
4	0.74429	0.00979	0.00786	0.00704	0.01009	0.01135	0.00574	0.01627	0.11448	0.02216	0.00876	0.00953	0.00674	0.00492	0.00336	0.00156	0.00387	0.00310	0.00336	0.00574
5	0.00646	0.00499	0.00590	0.00596	0.00722	0.00444	0.00443	0.00813	0.01219	0.01599	0.33843	0.15549	0.36031	0.01214	0.00599	0.00171	0.00259	0.03829	0.00497	0.00439
6	0.00866	0.00433	0.00649	0.00649	0.00649	0.00433	0.00433	0.00649	0.00649	0.00866	0.00866	0.01515	0.00866	0.01732	0.01948	0.85498	0.00433	0.00433	0.00216	0.00216
7	0.00957	0.00902	0.01523	0.77183	0.07415	0.01111	0.01392	0.01287	0.01004	0.01292	0.00889	0.01324	0.00671	0.00495	0.00498	0.00165	0.00661	0.00443	0.00223	0.00566
8	0.00611	0.00460	0.00565	0.00636	0.00711	0.00415	0.00440	0.00721	0.01044	0.01355	0.09865	0.54028	0.24479	0.01432	0.00619	0.00189	0.00274	0.01272	0.00470	0.00415
9	0.01219	0.01169	0.01996	0.07020	0.75529	0.01180	0.01522	0.01517	0.01128	0.01610	0.00935	0.01238	0.00783	0.00447	0.00494	0.00149	0.00596	0.00444	0.00245	0.00778
10	0.01063	0.00664	0.00937	0.00876	0.03803	0.00672	0.02605	0.07561	0.00929	0.05833	0.01078	0.02767	0.02148	0.01437	0.05696	0.49898	0.04074	0.00462	0.00283	0.07211
11	0.01376	0.35006	0.03883	0.01095	0.01404	0.14856	0.04307	0.09684	0.01173	0.01424	0.00826	0.01032	0.00720	0.00808	0.07268	0.00195	0.13697	0.00361	0.00258	0.00624
12	0.01041	0.00874	0.01043	0.00843	0.04614	0.00703	0.00621	0.04576	0.01069	0.01627	0.01024	0.04214	0.00923	0.06808	0.00559	0.00117	0.00393	0.00383	0.00309	0.68261
13	0.02667	0.08670	0.02136	0.02526	0.00973	0.04729	0.02156	0.06644	0.01083	0.02782	0.07845	0.10900	0.09539	0.22230	0.06685	0.00285	0.01625	0.00700	0.05344	0.00481

[dist]
# distance from previous block
# <min> <max>
1	7

[block]
# block no. 12 follows, 50 sequences, length 17
# corresponding to MSA columns:
# 836-852
name=unknown_M
#
# <colnr> <probs for GDERKNQSTAVLIFYWHMCP>
#	G	D	E	R	K	N	Q	S	T	A	V	L	I	F	Y	W	H	M	C	P
0	0.00891	0.02065	0.00958	0.02092	0.01038	0.04417	0.03041	0.06385	0.04089	0.01463	0.08040	0.26254	0.03374	0.03796	0.21920	0.00354	0.06308	0.02641	0.00377	0.00498
1	0.00618	0.00464	0.00575	0.00645	0.00721	0.00421	0.00452	0.00734	0.01053	0.01371	0.11057	0.51925	0.23097	0.01424	0.00621	0.00190	0.00279	0.03465	0.00471	0.00417
2	0.00689	0.00457	0.00606	0.00696	0.00742	0.00425	0.00470	0.00782	0.00981	0.04896	0.04836	0.73409	0.03189	0.04391	0.00696	0.00209	0.00301	0.01335	0.00467	0.00423
3	0.01720	0.00806	0.01012	0.00830	0.01134	0.00766	0.00667	0.02151	0.15887	0.46997	0.10325	0.01968	0.01671	0.00667	0.00493	0.00153	0.00374	0.00552	0.11079	0.00748
4	0.07632	0.00856	0.01129	0.00872	0.01253	0.00757	0.00720	0.02367	0.01389	0.74727	0.01884	0.01639	0.01189	0.00607	0.00489	0.00154	0.00422	0.00486	0.00597	0.00828
5	0.04058	0.00515	0.00510	0.00501	0.00633	0.00530	0.00379	0.01252	0.05153	0.01884	0.01613	0.01820	0.01264	0.00581	0.00355	0.00120	0.00247	0.00463	0.77638	0.00485
6	0.00803	0.00574	0.00803	0.00918	0.01033	0.00574	0.00803	0.01033	0.01147	0.01492	0.02639	0.05622	0.02869	0.01377	0.00688	0.00229	0.00459	0.76018	0.00459	0.00459
7	0.00833	0.00659	0.00925	0.00880	0.00973	0.00787	0.00692	0.05869	0.00928	0.01329	0.04079	0.07984	0.01416	0.02874	0.55424	0.00609	0.12361	0.00595	0.00300	0.00483
8	0.41984	0.04233	0.03825	0.01036	0.05164	0.10202	0.00822	0.05097	0.02272	0.03816	0.01861	0.00998	0.00696	0.00563	0.00605	0.00161	0.15424	0.00346	0.00299	0.00593
9	0.56540	0.04183	0.01011	0.00861	0.01157	0.26232	0.00684	0.01632	0.01032	0.01879	0.00718	0.00838	0.00576	0.00478	0.00353	0.00144	0.00553	0.00286	0.00289	0.00555
10	0.00816	0.00510	0.00593	0.00572	0.00612	0.00496	0.00347	0.00853	0.00842	0.06141	0.08446	0.03249	0.04420	0.67612	0.02176	0.00424	0.00451	0.00736	0.00349	0.00356
11	0.02954	0.01123	0.01516	0.16454	0.16333	0.03215	0.01129	0.16894	0.03364	0.01742	0.00960	0.01293	0.00800	0.03623	0.00893	0.00184	0.24041	0.00450	0.02383	0.00651
