[name]
unknown

[dist]
# distance from previous block
# <min> <max>
0	108

[block]
# block no. 0 follows, 54 sequences, length 11
# corresponding to MSA columns:
# 130-140
name=unknown_A
#
# <colnr> <probs for GDERKNQSTAVLIFYWHMCP>
#	G	D	E	R	K	N	Q	S	T	A	V	L	I	F	Y	W	H	M	C	P
0	0.00664	0.00455	0.00531	0.00555	0.00574	0.00446	0.00340	0.00696	0.00765	0.01009	0.01909	0.16503	0.06409	0.60848	0.01905	0.00384	0.00413	0.04951	0.00327	0.00316
1	0.04628	0.00799	0.02429	0.02958	0.01077	0.02246	0.00646	0.06247	0.08774	0.28034	0.08172	0.03938	0.02925	0.09815	0.06444	0.00225	0.03297	0.00545	0.06192	0.00607
2	0.35487	0.00891	0.00951	0.00772	0.01098	0.00917	0.00634	0.08946	0.03899	0.37568	0.03567	0.01290	0.00977	0.00537	0.00404	0.00146	0.00392	0.00396	0.00452	0.00675
3	0.03230	0.01138	0.01224	0.00989	0.01269	0.04425	0.00798	0.43172	0.09574	0.08787	0.01227	0.01355	0.00937	0.05497	0.00711	0.02462	0.08108	0.00446	0.03958	0.00693
4	0.00691	0.00525	0.00642	0.00605	0.00737	0.00498	0.00456	0.00989	0.07785	0.01798	0.61542	0.03540	0.16465	0.00974	0.00550	0.00151	0.00238	0.00849	0.00503	0.00462
5	0.00574	0.00410	0.00547	0.00657	0.00684	0.00383	0.00438	0.00657	0.00903	0.01204	0.02599	0.83122	0.03119	0.01477	0.00602	0.00191	0.00274	0.01340	0.00438	0.00383
6	0.00886	0.00509	0.00763	0.00710	0.00746	0.00530	0.03206	0.04520	0.00715	0.00962	0.00831	0.01397	0.00807	0.01509	0.01718	0.75598	0.03697	0.00416	0.00219	0.00262
7	0.00905	0.00781	0.01139	0.01043	0.01219	0.00842	0.11358	0.01390	0.20354	0.01506	0.01993	0.15580	0.02004	0.01001	0.00668	0.00190	0.07773	0.29318	0.00399	0.00538
8	0.01113	0.01272	0.02782	0.01987	0.02464	0.01192	0.78776	0.01510	0.01113	0.01510	0.00954	0.01272	0.00715	0.00397	0.00556	0.00159	0.00795	0.00556	0.00238	0.00636
9	0.86760	0.00912	0.00693	0.00620	0.00912	0.01058	0.00511	0.01386	0.00802	0.02115	0.00657	0.00766	0.00511	0.00438	0.00292	0.00146	0.00365	0.00255	0.00292	0.00511
10	0.01263	0.07010	0.07634	0.01276	0.13310	0.02840	0.05475	0.16796	0.07007	0.08748	0.04253	0.09617	0.02852	0.00627	0.00487	0.00143	0.01824	0.00533	0.01821	0.06484

[dist]
# distance from previous block
# <min> <max>
0	1

[block]
# block no. 1 follows, 54 sequences, length 10
# corresponding to MSA columns:
# 142-151
name=unknown_B
#
# <colnr> <probs for GDERKNQSTAVLIFYWHMCP>
#	G	D	E	R	K	N	Q	S	T	A	V	L	I	F	Y	W	H	M	C	P
0	0.01320	0.04737	0.13823	0.08057	0.14055	0.19339	0.03782	0.14445	0.05631	0.01630	0.01006	0.01168	0.02263	0.00590	0.02575	0.00158	0.04085	0.00401	0.00284	0.00651
1	0.00752	0.00551	0.00670	0.00655	0.00812	0.00486	0.00487	0.00922	0.03482	0.04012	0.05244	0.34516	0.16403	0.01095	0.00557	0.01941	0.00302	0.07133	0.03031	0.16948
2	0.01059	0.00831	0.01038	0.00942	0.03855	0.02347	0.06965	0.05103	0.27236	0.05040	0.10234	0.04542	0.05968	0.00777	0.02779	0.00166	0.02033	0.02197	0.16290	0.00599
3	0.03488	0.01054	0.07372	0.03911	0.16607	0.00942	0.06321	0.11963	0.07784	0.01762	0.07033	0.04362	0.07354	0.00601	0.00469	0.00138	0.00464	0.02130	0.00341	0.15905
4	0.01113	0.01272	0.02782	0.01987	0.02464	0.01192	0.78776	0.01510	0.01113	0.01510	0.00954	0.01272	0.00715	0.00397	0.00556	0.00159	0.00795	0.00556	0.00238	0.00636
5	0.00978	0.00838	0.00978	0.00698	0.01117	0.00629	0.00559	0.01187	0.00978	0.01536	0.00838	0.00978	0.00698	0.00349	0.00349	0.00070	0.00349	0.00279	0.00279	0.86312
6	0.00878	0.00616	0.00742	0.00705	0.00831	0.00638	0.00526	0.10516	0.04817	0.04151	0.17613	0.26122	0.07060	0.05459	0.05104	0.00209	0.03640	0.00838	0.09050	0.00486
7	0.00890	0.01111	0.20290	0.03892	0.04165	0.00775	0.05911	0.04305	0.05421	0.04364	0.19669	0.07806	0.15431	0.00803	0.00520	0.00156	0.00440	0.03110	0.00379	0.00562
8	0.01275	0.44578	0.07472	0.00918	0.01266	0.10111	0.00857	0.05609	0.07621	0.04006	0.04091	0.03506	0.00945	0.00593	0.02350	0.00139	0.03400	0.00372	0.00277	0.00614
9	0.06984	0.25518	0.13659	0.03094	0.05333	0.04775	0.00964	0.20066	0.02704	0.03115	0.03769	0.01126	0.02204	0.00496	0.00404	0.00128	0.00523	0.00367	0.00306	0.04464

[dist]
# distance from previous block
# <min> <max>
0	3

[block]
# block no. 2 follows, 54 sequences, length 16
# corresponding to MSA columns:
# 155-170
name=unknown_C
#
# <colnr> <probs for GDERKNQSTAVLIFYWHMCP>
#	G	D	E	R	K	N	Q	S	T	A	V	L	I	F	Y	W	H	M	C	P
0	0.25547	0.07470	0.07824	0.09509	0.04245	0.11258	0.04390	0.09178	0.02476	0.01712	0.00877	0.02377	0.00708	0.00558	0.01988	0.00154	0.04209	0.00366	0.04573	0.00579
1	0.13460	0.01430	0.01113	0.00982	0.01196	0.32693	0.00756	0.14029	0.03732	0.01596	0.00947	0.01244	0.00819	0.09135	0.06116	0.00212	0.07042	0.00388	0.02561	0.00549
2	0.03325	0.00525	0.00591	0.00576	0.00723	0.00484	0.00434	0.00911	0.05383	0.03629	0.28083	0.10365	0.39786	0.01077	0.00548	0.00159	0.00255	0.02236	0.00465	0.00445
3	0.00615	0.00441	0.00555	0.00631	0.00665	0.00424	0.00414	0.00722	0.03384	0.01172	0.02431	0.61562	0.05558	0.17956	0.00959	0.00243	0.00312	0.01170	0.00408	0.00376
4	0.00594	0.00428	0.00543	0.00628	0.00683	0.00395	0.00434	0.00696	0.00951	0.01266	0.05413	0.63599	0.13735	0.01377	0.00585	0.00183	0.00270	0.03897	0.03932	0.00391
5	0.00736	0.00447	0.00607	0.00607	0.00631	0.00461	0.00406	0.00686	0.00686	0.00925	0.01293	0.02169	0.04716	0.27293	0.18381	0.38289	0.00592	0.00541	0.00250	0.00283
6	0.01761	0.02247	0.01336	0.01215	0.01458	0.81537	0.00911	0.01883	0.01336	0.01154	0.00729	0.00850	0.00607	0.00486	0.00425	0.00121	0.00850	0.00304	0.00243	0.00547
7	0.86760	0.00912	0.00693	0.00620	0.00912	0.01058	0.00511	0.01386	0.00802	0.02115	0.00657	0.00766	0.00511	0.00438	0.00292	0.00146	0.00365	0.00255	0.00292	0.00511
8	0.01261	0.83713	0.02471	0.00807	0.01210	0.01866	0.00807	0.01412	0.00958	0.01109	0.00656	0.00756	0.00605	0.00403	0.00303	0.00101	0.00504	0.00252	0.00202	0.00605
9	0.00655	0.00496	0.00589	0.00619	0.02996	0.00437	0.00436	0.00800	0.01117	0.03984	0.22654	0.17935	0.43286	0.01146	0.00560	0.00161	0.00255	0.00988	0.00456	0.00430
10	0.00677	0.00462	0.00553	0.00560	0.00574	0.00473	0.00341	0.00708	0.00710	0.00959	0.01517	0.07619	0.01715	0.66370	0.14407	0.00487	0.00570	0.00697	0.00290	0.00312
11	0.13595	0.14694	0.01376	0.00948	0.01253	0.13156	0.03237	0.24134	0.04885	0.04789	0.01183	0.03751	0.02774	0.03210	0.01560	0.00157	0.00532	0.03788	0.00353	0.00624
12	0.39304	0.07306	0.09601	0.00858	0.04612	0.02518	0.00728	0.05260	0.05008	0.01777	0.01228	0.04604	0.07164	0.00705	0.03265	0.02943	0.00454	0.00417	0.01700	0.00548
13	0.01171	0.02260	0.09683	0.08736	0.01434	0.09004	0.00865	0.18049	0.15448	0.01799	0.03131	0.14769	0.03030	0.00709	0.00477	0.00149	0.00483	0.00587	0.04227	0.03990
14	0.02987	0.07339	0.03629	0.01052	0.09878	0.06205	0.02234	0.05585	0.03622	0.02912	0.01621	0.22703	0.04381	0.01024	0.02794	0.09295	0.02841	0.05233	0.04158	0.00506
15	0.08091	0.12544	0.09283	0.00998	0.06496	0.02194	0.02261	0.05614	0.03659	0.15153	0.07305	0.01623	0.07659	0.01811	0.02119	0.00153	0.03782	0.00463	0.00354	0.08440

[dist]
# distance from previous block
# <min> <max>
1	16

[block]
# block no. 3 follows, 54 sequences, length 13
# corresponding to MSA columns:
# 187-199
name=unknown_D
#
# <colnr> <probs for GDERKNQSTAVLIFYWHMCP>
#	G	D	E	R	K	N	Q	S	T	A	V	L	I	F	Y	W	H	M	C	P
0	0.00975	0.07090	0.18477	0.01031	0.05059	0.03185	0.04482	0.05747	0.06824	0.03616	0.08931	0.08137	0.13085	0.02360	0.00536	0.00160	0.00467	0.07047	0.02217	0.00574
1	0.17002	0.01062	0.00986	0.00819	0.01089	0.07896	0.00658	0.35042	0.01518	0.02299	0.01132	0.01228	0.00853	0.00531	0.00393	0.00131	0.00430	0.00388	0.25923	0.00619
2	0.01261	0.83713	0.02471	0.00807	0.01210	0.01866	0.00807	0.01412	0.00958	0.01109	0.00656	0.00756	0.00605	0.00403	0.00303	0.00101	0.00504	0.00252	0.00202	0.00605
3	0.01282	0.01067	0.01128	0.00982	0.01268	0.01224	0.00773	0.16007	0.65956	0.02149	0.01780	0.01648	0.01327	0.00627	0.00478	0.00157	0.00399	0.00514	0.00478	0.00756
4	0.01111	0.06678	0.16717	0.04956	0.12661	0.08765	0.08781	0.03081	0.07597	0.04387	0.01332	0.07966	0.04024	0.02721	0.01936	0.00170	0.02971	0.03237	0.00295	0.00615
5	0.00863	0.03427	0.03400	0.00840	0.05692	0.02115	0.00606	0.01094	0.08665	0.05128	0.17084	0.16476	0.11874	0.02334	0.04011	0.12900	0.01890	0.00744	0.00385	0.00471
6	0.00607	0.00453	0.00551	0.00587	0.00669	0.00413	0.00413	0.00727	0.01031	0.01356	0.20669	0.33979	0.23873	0.09213	0.00755	0.00200	0.00275	0.03394	0.00441	0.00393
7	0.02770	0.00630	0.00852	0.02370	0.00967	0.00648	0.04641	0.06640	0.03804	0.05920	0.01951	0.34296	0.02110	0.13956	0.05228	0.00255	0.02832	0.09273	0.00391	0.00466
8	0.04249	0.12997	0.12143	0.07517	0.11696	0.13632	0.04906	0.10785	0.05795	0.03235	0.02343	0.01136	0.00799	0.00596	0.03162	0.00160	0.03539	0.00389	0.00281	0.00642
9	0.01294	0.01191	0.08486	0.09753	0.11515	0.10229	0.08667	0.04315	0.04565	0.16353	0.03110	0.03923	0.04219	0.05633	0.00651	0.00169	0.04458	0.00504	0.00337	0.00627
10	0.00598	0.00433	0.00547	0.00628	0.00673	0.00404	0.00427	0.00682	0.00907	0.01187	0.02723	0.57853	0.12713	0.12218	0.00836	0.00224	0.00303	0.05850	0.00417	0.00375
11	0.01198	0.06538	0.13108	0.01319	0.09687	0.04678	0.12782	0.11842	0.05083	0.06425	0.07489	0.04365	0.02900	0.00633	0.01753	0.00156	0.04511	0.00505	0.04386	0.00640
12	0.03817	0.08873	0.13657	0.05456	0.06511	0.20146	0.04258	0.17707	0.03271	0.03580	0.01014	0.05029	0.00839	0.01852	0.01838	0.00154	0.00632	0.00422	0.00303	0.00639

[dist]
# distance from previous block
# <min> <max>
0	8

[block]
# block no. 4 follows, 54 sequences, length 20
# corresponding to MSA columns:
# 208-227
name=unknown_E
#
# <colnr> <probs for GDERKNQSTAVLIFYWHMCP>
#	G	D	E	R	K	N	Q	S	T	A	V	L	I	F	Y	W	H	M	C	P
0	0.11616	0.23800	0.09516	0.01104	0.05160	0.18381	0.04313	0.08599	0.01152	0.04109	0.00836	0.00970	0.00673	0.00555	0.02700	0.00147	0.02954	0.00334	0.02471	0.00611
1	0.02859	0.00531	0.00572	0.00572	0.00699	0.02382	0.00420	0.00793	0.01084	0.01416	0.21989	0.14786	0.37747	0.06844	0.00680	0.00181	0.00282	0.03634	0.00435	0.02092
2	0.00825	0.00642	0.03556	0.03444	0.02531	0.00584	0.00589	0.06150	0.02281	0.05391	0.07801	0.25287	0.17902	0.03884	0.04855	0.00207	0.00388	0.06812	0.05325	0.01547
3	0.04461	0.03050	0.12126	0.01305	0.09669	0.07310	0.07926	0.16330	0.02428	0.11276	0.01174	0.05498	0.00959	0.00597	0.00559	0.00151	0.07395	0.03074	0.02177	0.02535
4	0.02375	0.00749	0.03329	0.00815	0.01018	0.00720	0.06071	0.03334	0.18852	0.05345	0.19503	0.13739	0.13235	0.02658	0.03733	0.00188	0.00384	0.00765	0.02643	0.00542
5	0.00618	0.00437	0.00554	0.00625	0.00661	0.00416	0.00419	0.00696	0.00887	0.01176	0.05383	0.51035	0.06516	0.21689	0.01046	0.00256	0.00327	0.06491	0.00403	0.00366
6	0.07388	0.02760	0.05067	0.12356	0.26705	0.01110	0.04420	0.15970	0.04021	0.04082	0.03639	0.04317	0.00968	0.00548	0.00493	0.01110	0.01794	0.00462	0.02125	0.00663
7	0.04248	0.05913	0.14753	0.06668	0.13781	0.02775	0.08430	0.15730	0.06946	0.04082	0.04987	0.03475	0.01023	0.00637	0.03119	0.00167	0.01819	0.00462	0.00319	0.00666
8	0.00592	0.00455	0.00521	0.00551	0.00655	0.00403	0.00393	0.00713	0.01043	0.01343	0.14475	0.29413	0.40295	0.03542	0.00616	0.00175	0.00253	0.01060	0.03106	0.00398
9	0.01086	0.01462	0.23167	0.06831	0.21485	0.03619	0.10587	0.04243	0.07264	0.01558	0.03894	0.01265	0.00885	0.00512	0.00568	0.00152	0.07853	0.00438	0.02469	0.00662
10	0.86760	0.00912	0.00693	0.00620	0.00912	0.01058	0.00511	0.01386	0.00802	0.02115	0.00657	0.00766	0.00511	0.00438	0.00292	0.00146	0.00365	0.00255	0.00292	0.00511
11	0.00978	0.00838	0.00978	0.00698	0.01117	0.00629	0.00559	0.01187	0.00978	0.01536	0.00838	0.00978	0.00698	0.00349	0.00349	0.00070	0.00349	0.00279	0.00279	0.86312
12	0.00709	0.00511	0.00691	0.00679	0.00719	0.00575	0.00482	0.00782	0.00718	0.01007	0.01287	0.02275	0.01339	0.35452	0.40033	0.05873	0.05681	0.00567	0.00260	0.00359
13	0.01759	0.01137	0.01258	0.00975	0.01323	0.01219	0.00802	0.57088	0.01935	0.17047	0.01306	0.01281	0.00910	0.00568	0.00458	0.00139	0.00467	0.00435	0.09128	0.00765
14	0.00635	0.00447	0.00531	0.00561	0.00598	0.00426	0.00355	0.00694	0.00855	0.01132	0.09287	0.28066	0.11125	0.41496	0.01472	0.00314	0.00355	0.00938	0.00371	0.00343
15	0.00592	0.00475	0.00508	0.00504	0.00648	0.00408	0.00376	0.00734	0.01116	0.01410	0.19136	0.06783	0.59899	0.01132	0.00549	0.00156	0.00236	0.00956	0.03972	0.00408
16	0.00674	0.00489	0.00686	0.00692	0.00764	0.00543	0.00516	0.00815	0.00791	0.01129	0.03939	0.06889	0.03677	0.14853	0.57479	0.00621	0.00988	0.00602	0.03455	0.00400
17	0.00658	0.00469	0.00642	0.00664	0.00720	0.00500	0.00474	0.00750	0.00783	0.01075	0.01763	0.18273	0.06605	0.18506	0.40099	0.05818	0.00793	0.00730	0.00304	0.00372
18	0.01343	0.30094	0.03205	0.03858	0.02957	0.23800	0.16084	0.04372	0.03063	0.01308	0.00840	0.01050	0.00708	0.03513	0.00485	0.00137	0.00657	0.00368	0.01564	0.00592
19	0.01172	0.02880	0.03760	0.04523	0.48740	0.03080	0.07797	0.06761	0.06051	0.01659	0.05151	0.01337	0.00988	0.00478	0.00471	0.00142	0.00547	0.00454	0.03310	0.00699

[dist]
# distance from previous block
# <min> <max>
0	2

[block]
# block no. 5 follows, 54 sequences, length 21
# corresponding to MSA columns:
# 230-250
name=unknown_F
#
# <colnr> <probs for GDERKNQSTAVLIFYWHMCP>
#	G	D	E	R	K	N	Q	S	T	A	V	L	I	F	Y	W	H	M	C	P
0	0.01369	0.02612	0.05867	0.04450	0.15412	0.30337	0.09976	0.05794	0.01207	0.03382	0.00972	0.01325	0.00819	0.00541	0.00536	0.00144	0.06020	0.05000	0.03630	0.00607
1	0.00995	0.05889	0.05832	0.08387	0.16077	0.04237	0.05578	0.05163	0.07411	0.01493	0.03721	0.12455	0.11154	0.00746	0.00529	0.00155	0.03109	0.03259	0.03234	0.00577
2	0.00585	0.00426	0.00552	0.00639	0.00688	0.00394	0.00439	0.00686	0.00960	0.01271	0.09035	0.66750	0.11034	0.01403	0.00595	0.00185	0.00270	0.03253	0.00444	0.00391
3	0.00720	0.00504	0.00742	0.00733	0.00791	0.00579	0.00552	0.00797	0.00722	0.01027	0.01154	0.01799	0.01109	0.07587	0.56648	0.18969	0.04461	0.00491	0.00242	0.00371
4	0.00681	0.00459	0.00519	0.00517	0.00527	0.00455	0.00296	0.00696	0.00729	0.00974	0.05541	0.03149	0.04091	0.76938	0.02255	0.00433	0.00439	0.00703	0.00302	0.00297
5	0.52712	0.00855	0.00794	0.00696	0.00975	0.00936	0.00568	0.04834	0.05139	0.14642	0.03269	0.03255	0.02956	0.00575	0.00376	0.00150	0.00368	0.03789	0.02542	0.00569
6	0.00890	0.00823	0.01378	0.79275	0.03148	0.01025	0.01273	0.01201	0.00945	0.01225	0.00864	0.01276	0.00650	0.00474	0.00466	0.00155	0.00613	0.00420	0.03378	0.00521
7	0.01261	0.83713	0.02471	0.00807	0.01210	0.01866	0.00807	0.01412	0.00958	0.01109	0.00656	0.00756	0.00605	0.00403	0.00303	0.00101	0.00504	0.00252	0.00202	0.00605
8	0.01044	0.00789	0.01032	0.16616	0.05119	0.00812	0.00758	0.10367	0.03133	0.07963	0.12020	0.02126	0.14171	0.03097	0.00577	0.00150	0.03934	0.00565	0.03183	0.12543
9	0.00608	0.00459	0.00540	0.00569	0.00652	0.00424	0.00397	0.00709	0.00961	0.01237	0.10326	0.25364	0.31003	0.17054	0.05364	0.00258	0.00349	0.02939	0.00406	0.00379
10	0.86760	0.00912	0.00693	0.00620	0.00912	0.01058	0.00511	0.01386	0.00802	0.02115	0.00657	0.00766	0.00511	0.00438	0.00292	0.00146	0.00365	0.00255	0.00292	0.00511
11	0.00907	0.00855	0.01444	0.77535	0.07879	0.01052	0.01318	0.01219	0.00951	0.01225	0.00841	0.01252	0.00636	0.00468	0.00471	0.00156	0.00624	0.00419	0.00211	0.00537
12	0.01233	0.01319	0.01381	0.13636	0.01611	0.22969	0.02941	0.06048	0.01042	0.01291	0.00909	0.01186	0.03852	0.00662	0.00922	0.00167	0.35752	0.00413	0.02129	0.00539
13	0.01765	0.01307	0.01400	0.01079	0.01452	0.01449	0.00890	0.75532	0.05646	0.02927	0.01167	0.01160	0.00830	0.00569	0.00472	0.00142	0.00512	0.00429	0.00472	0.00799
14	0.00587	0.00418	0.00552	0.00655	0.00684	0.00393	0.00440	0.00669	0.00896	0.01193	0.02529	0.75662	0.03020	0.06385	0.00711	0.00208	0.00290	0.03900	0.00428	0.00379
15	0.00576	0.00415	0.00546	0.00648	0.00683	0.00385	0.00435	0.00664	0.00921	0.01225	0.04748	0.77803	0.06303	0.01452	0.00599	0.00189	0.00271	0.01313	0.00440	0.00385
16	0.00665	0.00469	0.00550	0.00561	0.00638	0.00438	0.00383	0.02454	0.00936	0.01213	0.08688	0.19464	0.27711	0.20003	0.01145	0.11281	0.00322	0.00886	0.01834	0.00358
17	0.19509	0.01204	0.09496	0.04331	0.17712	0.07311	0.01901	0.06217	0.01034	0.05148	0.00904	0.02315	0.00738	0.00629	0.02468	0.02365	0.11638	0.00388	0.04092	0.00600
18	0.00923	0.00824	0.01264	0.08140	0.27583	0.00855	0.04197	0.03901	0.02582	0.01477	0.08704	0.10905	0.14023	0.03502	0.00644	0.00168	0.05873	0.02026	0.01845	0.00563
19	0.03611	0.06724	0.04322	0.01157	0.06011	0.25809	0.00896	0.26466	0.08212	0.01897	0.03154	0.03078	0.02360	0.00568	0.00464	0.00137	0.01992	0.00421	0.02066	0.00654
20	0.01301	0.07958	0.24908	0.01171	0.03132	0.17073	0.06665	0.02809	0.08483	0.10641	0.01111	0.02286	0.00844	0.00597	0.02968	0.00157	0.00631	0.00403	0.04708	0.02153

[dist]
# distance from previous block
# <min> <max>
1	4

[block]
# block no. 6 follows, 54 sequences, length 9
# corresponding to MSA columns:
# 255-263
name=unknown_G
#
# <colnr> <probs for GDERKNQSTAVLIFYWHMCP>
#	G	D	E	R	K	N	Q	S	T	A	V	L	I	F	Y	W	H	M	C	P
0	0.17993	0.05709	0.02462	0.02109	0.03475	0.03430	0.03258	0.22870	0.04111	0.06788	0.03543	0.05042	0.02260	0.05576	0.00608	0.00170	0.03763	0.05847	0.00374	0.00611
1	0.00668	0.00465	0.00558	0.00585	0.00666	0.00430	0.00402	0.00759	0.00938	0.04595	0.06440	0.32153	0.25068	0.18667	0.05191	0.00264	0.00357	0.01000	0.00406	0.00390
2	0.00827	0.00688	0.00833	0.06126	0.01052	0.03193	0.02663	0.01195	0.14213	0.02980	0.22424	0.10283	0.18044	0.04331	0.00648	0.00176	0.02736	0.06665	0.00429	0.00495
3	0.00587	0.00437	0.00534	0.00595	0.00660	0.00398	0.00406	0.00684	0.00965	0.01257	0.09768	0.50264	0.22146	0.08110	0.00735	0.00202	0.00276	0.01159	0.00432	0.00384
4	0.07586	0.00989	0.01063	0.00917	0.01186	0.01096	0.00729	0.27485	0.29466	0.05812	0.01661	0.11514	0.01402	0.00727	0.00482	0.00157	0.00409	0.03980	0.02655	0.00684
5	0.01754	0.01380	0.01388	0.01088	0.01448	0.08116	0.00889	0.68064	0.06637	0.02762	0.01144	0.01145	0.00823	0.00564	0.00468	0.00141	0.00538	0.00421	0.00453	0.00777
6	0.00828	0.00603	0.00720	0.00660	0.00817	0.00599	0.00504	0.03569	0.14203	0.04298	0.53316	0.03113	0.09775	0.00889	0.00530	0.00149	0.00263	0.00771	0.03880	0.00512
7	0.13547	0.00803	0.00933	0.00796	0.01056	0.00805	0.00632	0.14994	0.03643	0.29530	0.06131	0.18082	0.03562	0.00795	0.00485	0.00157	0.00377	0.02556	0.00480	0.00636
8	0.22215	0.01169	0.03051	0.01054	0.07461	0.13716	0.00780	0.12899	0.05284	0.01778	0.06095	0.01334	0.01022	0.05361	0.06365	0.00206	0.07252	0.00412	0.00318	0.02230

[dist]
# distance from previous block
# <min> <max>
2	14

[block]
# block no. 7 follows, 54 sequences, length 17
# corresponding to MSA columns:
# 278-294
name=unknown_H
#
# <colnr> <probs for GDERKNQSTAVLIFYWHMCP>
#	G	D	E	R	K	N	Q	S	T	A	V	L	I	F	Y	W	H	M	C	P
0	0.03981	0.03868	0.04486	0.01977	0.09120	0.08923	0.02904	0.06381	0.01045	0.03758	0.03245	0.08009	0.03708	0.06751	0.20416	0.01606	0.00688	0.01944	0.01648	0.05541
1	0.09747	0.10296	0.10965	0.05047	0.12816	0.16598	0.02714	0.07945	0.01167	0.01566	0.06327	0.03416	0.03770	0.02551	0.00480	0.00143	0.00562	0.00433	0.00287	0.03171
2	0.00892	0.00654	0.00687	0.00653	0.00784	0.04085	0.00476	0.07338	0.07157	0.03610	0.09739	0.13846	0.14972	0.15894	0.00875	0.02217	0.00351	0.02292	0.13021	0.00459
3	0.00824	0.00740	0.04547	0.04852	0.02395	0.00704	0.02185	0.03136	0.11856	0.03297	0.15905	0.09302	0.22952	0.02677	0.05324	0.00203	0.04215	0.03970	0.00407	0.00509
4	0.00946	0.02439	0.80987	0.01344	0.02041	0.01095	0.01742	0.01493	0.00995	0.01493	0.00846	0.00995	0.00597	0.00448	0.00448	0.00149	0.00697	0.00348	0.00199	0.00697
5	0.00616	0.00455	0.00576	0.00598	0.00686	0.00415	0.00429	0.00771	0.01135	0.01542	0.39963	0.32930	0.15767	0.01188	0.00573	0.00166	0.00244	0.01054	0.00477	0.00415
6	0.00978	0.00838	0.00978	0.00698	0.01117	0.00629	0.00559	0.01187	0.00978	0.01536	0.00838	0.00978	0.00698	0.00349	0.00349	0.00070	0.00349	0.00279	0.00279	0.86312
7	0.01721	0.00876	0.01094	0.00830	0.01200	0.00782	0.00680	0.13520	0.01387	0.45958	0.04888	0.01461	0.01138	0.00539	0.00446	0.00126	0.00398	0.00435	0.00488	0.22033
8	0.03916	0.00745	0.03124	0.00715	0.02258	0.03810	0.00549	0.09683	0.04903	0.03134	0.06566	0.18263	0.34545	0.01008	0.00521	0.00158	0.00333	0.00849	0.04428	0.00494
9	0.69069	0.00949	0.00805	0.00719	0.00964	0.03938	0.00588	0.01344	0.00810	0.01911	0.00690	0.00862	0.00565	0.00662	0.05132	0.00187	0.09730	0.00289	0.00278	0.00507
10	0.00609	0.00498	0.00542	0.00554	0.00689	0.00447	0.00406	0.00805	0.05938	0.01357	0.10792	0.20222	0.53074	0.01197	0.00561	0.00165	0.00253	0.01024	0.00448	0.00421
11	0.00768	0.00569	0.00773	0.00709	0.00779	0.00607	0.04757	0.04184	0.00805	0.01116	0.01353	0.02452	0.01421	0.47683	0.25172	0.00499	0.02984	0.00601	0.02390	0.00377
12	0.01053	0.00937	0.08600	0.08760	0.17214	0.00831	0.00923	0.07465	0.03791	0.07958	0.14869	0.02172	0.05763	0.02609	0.03419	0.00178	0.00472	0.05614	0.06776	0.00595
13	0.00729	0.00497	0.00621	0.00647	0.00756	0.00466	0.00481	0.00883	0.02607	0.06745	0.10068	0.29837	0.22945	0.05389	0.06202	0.00230	0.00365	0.09663	0.00436	0.00432
14	0.01442	0.42996	0.03425	0.01057	0.04448	0.30135	0.00883	0.06045	0.01169	0.01260	0.00772	0.02941	0.00687	0.00471	0.00373	0.00115	0.00628	0.00317	0.00239	0.00597
15	0.00616	0.03049	0.00603	0.00621	0.00693	0.00446	0.00438	0.00719	0.00959	0.01257	0.06941	0.53415	0.17563	0.04914	0.00656	0.00191	0.00284	0.04002	0.02238	0.00395
16	0.01519	0.05646	0.07442	0.01301	0.08060	0.40966	0.03938	0.10506	0.07092	0.03561	0.00993	0.03762	0.00812	0.00527	0.00445	0.00133	0.00683	0.00395	0.01596	0.00624

[dist]
# distance from previous block
# <min> <max>
2	10

[block]
# block no. 8 follows, 54 sequences, length 11
# corresponding to MSA columns:
# 305-315
name=unknown_I
#
# <colnr> <probs for GDERKNQSTAVLIFYWHMCP>
#	G	D	E	R	K	N	Q	S	T	A	V	L	I	F	Y	W	H	M	C	P
0	0.02970	0.04351	0.12718	0.01418	0.15533	0.05642	0.09548	0.03534	0.13662	0.06531	0.05435	0.06286	0.03128	0.00662	0.02133	0.00163	0.03486	0.00523	0.01631	0.00645
1	0.00652	0.00436	0.00532	0.00591	0.00658	0.00410	0.00414	0.00780	0.00976	0.01381	0.09778	0.45790	0.10811	0.04302	0.00608	0.00179	0.00267	0.03615	0.17423	0.00400
2	0.00818	0.04738	0.00960	0.03129	0.00959	0.00835	0.00650	0.02622	0.03641	0.01217	0.06839	0.08368	0.03599	0.15219	0.26368	0.00404	0.18288	0.00602	0.00295	0.00449
3	0.01114	0.00895	0.01066	0.00786	0.01174	0.00757	0.02790	0.10839	0.03432	0.04506	0.00977	0.01154	0.00800	0.04480	0.00479	0.00106	0.00390	0.00339	0.00319	0.63596
4	0.00809	0.00416	0.00624	0.00624	0.00630	0.00422	0.00422	0.00630	0.00624	0.00838	0.00850	0.01462	0.00844	0.01769	0.07364	0.80358	0.00469	0.00416	0.00208	0.00220
5	0.05477	0.08308	0.07709	0.08114	0.15606	0.07703	0.06778	0.13207	0.04483	0.03258	0.02180	0.01183	0.00813	0.00639	0.04535	0.00169	0.02932	0.00403	0.01639	0.04862
6	0.01066	0.06973	0.23985	0.05334	0.07693	0.04348	0.02537	0.01424	0.06329	0.04767	0.01088	0.01319	0.03285	0.02738	0.04689	0.00191	0.16217	0.00421	0.02995	0.02602
7	0.03783	0.03272	0.03250	0.07409	0.11043	0.04119	0.05925	0.06840	0.06627	0.03266	0.01448	0.13499	0.04054	0.02585	0.00511	0.00148	0.00460	0.02966	0.03551	0.15244
8	0.01289	0.16115	0.11649	0.01111	0.04842	0.20854	0.05044	0.08896	0.02887	0.03266	0.06553	0.03904	0.03194	0.00552	0.00433	0.00130	0.00575	0.00433	0.03839	0.04435
9	0.04991	0.05866	0.17148	0.01092	0.06491	0.07846	0.02288	0.06610	0.03282	0.03221	0.02633	0.12968	0.04902	0.04572	0.00669	0.02359	0.06192	0.02481	0.00309	0.04082
10	0.01167	0.07636	0.10103	0.09378	0.06509	0.17794	0.08539	0.03250	0.02938	0.04262	0.08416	0.01546	0.02403	0.03925	0.07302	0.00205	0.02429	0.01339	0.00286	0.00572

[dist]
# distance from previous block
# <min> <max>
31	59

[block]
# block no. 9 follows, 54 sequences, length 6
# corresponding to MSA columns:
# 386-391
name=unknown_J
#
# <colnr> <probs for GDERKNQSTAVLIFYWHMCP>
#	G	D	E	R	K	N	Q	S	T	A	V	L	I	F	Y	W	H	M	C	P
0	0.03763	0.03580	0.04589	0.02700	0.09918	0.05639	0.00716	0.04826	0.04617	0.06208	0.05027	0.06063	0.06948	0.14986	0.03012	0.00207	0.02142	0.00547	0.03489	0.11023
1	0.04355	0.06219	0.16675	0.04218	0.01471	0.10667	0.06188	0.11184	0.04964	0.05168	0.04138	0.04969	0.04088	0.02331	0.04323	0.00180	0.03609	0.00479	0.02781	0.01991
2	0.03596	0.15213	0.14612	0.04222	0.09080	0.06428	0.06673	0.09903	0.06723	0.01592	0.04662	0.08844	0.03536	0.00612	0.00478	0.00145	0.02249	0.00507	0.00305	0.00622
3	0.00883	0.00707	0.00777	0.00766	0.03117	0.05195	0.00550	0.01220	0.13782	0.05075	0.12392	0.14387	0.15998	0.06550	0.09127	0.00235	0.00441	0.00747	0.03124	0.04928
4	0.00733	0.00580	0.00648	0.00689	0.00752	0.05330	0.00497	0.00831	0.00892	0.01143	0.02092	0.20715	0.07235	0.28712	0.10035	0.00341	0.00510	0.17535	0.00355	0.00377
5	0.01172	0.09497	0.25665	0.07057	0.09490	0.07942	0.02734	0.07162	0.05014	0.04526	0.00984	0.02840	0.00803	0.04236	0.00611	0.00159	0.06652	0.00410	0.00268	0.02780

[dist]
# distance from previous block
# <min> <max>
0	2

[block]
# block no. 10 follows, 54 sequences, length 6
# corresponding to MSA columns:
# 394-399
name=unknown_K
#
# <colnr> <probs for GDERKNQSTAVLIFYWHMCP>
#	G	D	E	R	K	N	Q	S	T	A	V	L	I	F	Y	W	H	M	C	P
0	0.00738	0.00555	0.00698	0.00718	0.00805	0.03039	0.03100	0.03232	0.00974	0.04282	0.02460	0.54961	0.09671	0.07102	0.05116	0.00231	0.00385	0.01097	0.00411	0.00422
1	0.01238	0.04746	0.17279	0.08907	0.13684	0.10408	0.07585	0.14139	0.01235	0.03802	0.01033	0.06105	0.00873	0.03264	0.00571	0.00158	0.03581	0.00463	0.00286	0.00644
2	0.01217	0.18440	0.01438	0.04395	0.02873	0.20941	0.03868	0.06451	0.02725	0.01356	0.01361	0.06784	0.08630	0.02460	0.00586	0.00146	0.08846	0.00487	0.06450	0.00545
3	0.01224	0.04073	0.16251	0.05654	0.06715	0.05871	0.05602	0.18154	0.03359	0.04279	0.01223	0.04242	0.04431	0.00539	0.00449	0.00133	0.00533	0.00446	0.02752	0.14071
4	0.01194	0.13556	0.12267	0.01171	0.04923	0.08069	0.10019	0.09992	0.07605	0.04065	0.03985	0.04111	0.03846	0.03338	0.02900	0.00170	0.04573	0.00475	0.00309	0.03431
5	0.00668	0.00483	0.00576	0.00569	0.00662	0.00459	0.00402	0.00789	0.03774	0.01288	0.18971	0.06940	0.28555	0.16149	0.06008	0.11779	0.00366	0.00800	0.00386	0.00375

[dist]
# distance from previous block
# <min> <max>
0	3

[block]
# block no. 11 follows, 54 sequences, length 20
# corresponding to MSA columns:
# 403-422
name=unknown_L
#
# <colnr> <probs for GDERKNQSTAVLIFYWHMCP>
#	G	D	E	R	K	N	Q	S	T	A	V	L	I	F	Y	W	H	M	C	P
0	0.02933	0.03206	0.01222	0.06796	0.09311	0.10199	0.06151	0.09181	0.01131	0.06224	0.03137	0.16533	0.01416	0.07354	0.05226	0.00213	0.04213	0.02622	0.02383	0.00547
1	0.08437	0.02852	0.13361	0.03144	0.12186	0.15036	0.06136	0.05760	0.02714	0.03698	0.02344	0.06588	0.02251	0.00874	0.08864	0.00208	0.02470	0.00467	0.00286	0.02323
2	0.01167	0.01060	0.03311	0.24946	0.03720	0.12536	0.00913	0.02784	0.17792	0.08397	0.05593	0.04622	0.01263	0.05027	0.00577	0.00167	0.00524	0.01977	0.03036	0.00587
3	0.00713	0.00512	0.00618	0.00600	0.00719	0.00492	0.00446	0.01001	0.07637	0.01743	0.48030	0.12253	0.11075	0.00967	0.00527	0.00150	0.00242	0.00845	0.10970	0.00457
4	0.03884	0.13567	0.12064	0.01219	0.08883	0.12190	0.05176	0.07474	0.04316	0.03627	0.02514	0.06115	0.01020	0.00809	0.06561	0.00190	0.04918	0.02647	0.02222	0.00605
5	0.03644	0.02852	0.05995	0.11911	0.16913	0.11867	0.09398	0.06763	0.08186	0.03318	0.02322	0.03405	0.02747	0.01549	0.01567	0.00160	0.03148	0.01504	0.02130	0.00623
6	0.00664	0.00479	0.00589	0.00634	0.00696	0.00459	0.00431	0.04860	0.00992	0.01319	0.09529	0.51446	0.09960	0.14600	0.00877	0.00225	0.00309	0.01110	0.00422	0.00397
7	0.00999	0.02731	0.04160	0.02678	0.06175	0.02998	0.00721	0.14664	0.08517	0.02579	0.07485	0.16580	0.15682	0.00997	0.03109	0.01729	0.02301	0.03692	0.01652	0.00553
8	0.02778	0.08464	0.16414	0.07433	0.15973	0.10110	0.07034	0.05386	0.04419	0.02778	0.03664	0.01314	0.03946	0.00578	0.02153	0.00154	0.03617	0.00426	0.00271	0.03087
9	0.00702	0.00575	0.00677	0.02203	0.02304	0.04808	0.00520	0.00832	0.02509	0.01259	0.05609	0.58089	0.05534	0.03470	0.02591	0.00201	0.03508	0.01101	0.03093	0.00417
10	0.00580	0.00415	0.00543	0.00643	0.00673	0.00387	0.00427	0.00659	0.00897	0.01190	0.02611	0.76271	0.05578	0.05841	0.00696	0.00205	0.00282	0.01294	0.00430	0.00378
11	0.03815	0.02708	0.19911	0.09605	0.09538	0.06517	0.09447	0.10414	0.01118	0.01555	0.00976	0.05022	0.00832	0.03562	0.02455	0.00179	0.09761	0.00457	0.01514	0.00613
12	0.03526	0.05688	0.20133	0.07710	0.22109	0.12449	0.11342	0.05834	0.01126	0.01502	0.00865	0.01108	0.00688	0.02201	0.00511	0.00149	0.01765	0.00398	0.00240	0.00653
13	0.01864	0.01206	0.01344	0.01031	0.01405	0.01292	0.00851	0.62007	0.02025	0.20151	0.01293	0.01236	0.00882	0.00570	0.00472	0.00142	0.00493	0.00435	0.00496	0.00802
14	0.00639	0.00476	0.00593	0.00574	0.00689	0.00431	0.00427	0.00830	0.01253	0.01718	0.59567	0.08991	0.19983	0.01045	0.00559	0.00153	0.00229	0.00914	0.00497	0.00431
15	0.01115	0.02659	0.17637	0.14629	0.29154	0.03237	0.10872	0.03159	0.01083	0.05389	0.01111	0.03024	0.03822	0.00496	0.00478	0.00148	0.00607	0.00461	0.00258	0.00663
16	0.00941	0.04156	0.07477	0.07770	0.17404	0.04879	0.02558	0.03319	0.05811	0.01566	0.20984	0.04882	0.11424	0.00806	0.02738	0.00166	0.00468	0.01731	0.00354	0.00567
17	0.00890	0.00838	0.01414	0.82296	0.03247	0.01048	0.01309	0.01205	0.00943	0.01205	0.00838	0.01257	0.00629	0.00471	0.00471	0.00157	0.00629	0.00419	0.00210	0.00524
18	0.00655	0.00494	0.00577	0.00566	0.00693	0.00454	0.00420	0.00876	0.04629	0.01605	0.38360	0.11341	0.30517	0.01055	0.00544	0.00155	0.00240	0.00911	0.05472	0.00436
19	0.02514	0.01211	0.11968	0.06764	0.23954	0.02990	0.10898	0.08562	0.04602	0.04490	0.02775	0.07087	0.02357	0.00590	0.00514	0.00153	0.02574	0.02712	0.02635	0.00651

[dist]
# distance from previous block
# <min> <max>
0	1

[block]
# block no. 12 follows, 54 sequences, length 9
# corresponding to MSA columns:
# 424-432
name=unknown_M
#
# <colnr> <probs for GDERKNQSTAVLIFYWHMCP>
#	G	D	E	R	K	N	Q	S	T	A	V	L	I	F	Y	W	H	M	C	P
0	0.01139	0.01182	0.01820	0.04794	0.12094	0.08558	0.29624	0.01678	0.19477	0.01547	0.01387	0.01678	0.04653	0.00567	0.00554	0.00158	0.03758	0.04382	0.00311	0.00638
1	0.01074	0.00833	0.01011	0.00807	0.04474	0.00664	0.00608	0.01325	0.03836	0.08442	0.05372	0.01209	0.00976	0.00417	0.00381	0.00087	0.00356	0.00343	0.00324	0.67459
2	0.05623	0.03432	0.04565	0.03582	0.22778	0.13418	0.04479	0.11130	0.05566	0.01674	0.00959	0.02961	0.00789	0.00482	0.00454	0.00130	0.02009	0.00397	0.00291	0.15282
3	0.00789	0.00686	0.06147	0.02563	0.05304	0.00629	0.00640	0.00939	0.00867	0.04153	0.04802	0.13095	0.04674	0.22307	0.21225	0.00387	0.04779	0.02454	0.03118	0.00441
4	0.00879	0.00439	0.00439	0.00439	0.00549	0.00439	0.00330	0.01099	0.00989	0.01758	0.01538	0.01758	0.01209	0.00549	0.00330	0.00110	0.00220	0.00439	0.86047	0.00439
5	0.03806	0.01028	0.01722	0.15764	0.44251	0.01072	0.08404	0.03306	0.01070	0.05611	0.01072	0.03727	0.02803	0.00506	0.00520	0.00150	0.03784	0.00472	0.00266	0.00667
6	0.05549	0.12004	0.05458	0.03656	0.05081	0.25354	0.03565	0.10667	0.06237	0.03541	0.01171	0.08595	0.01060	0.00626	0.00452	0.00142	0.00594	0.05333	0.00316	0.00599
7	0.00879	0.00439	0.00439	0.00439	0.00549	0.00439	0.00330	0.01099	0.00989	0.01758	0.01538	0.01758	0.01209	0.00549	0.00330	0.00110	0.00220	0.00439	0.86047	0.00439
8	0.00711	0.00631	0.03697	0.00819	0.06081	0.00568	0.00590	0.00975	0.07884	0.01412	0.12832	0.22063	0.23932	0.03227	0.06485	0.00219	0.00389	0.06607	0.00412	0.00467

[dist]
# distance from previous block
# <min> <max>
0	99

[block]
# block no. 13 follows, 54 sequences, length 45
# corresponding to MSA columns:
# 532-576
name=unknown_N
#
# <colnr> <probs for GDERKNQSTAVLIFYWHMCP>
#	G	D	E	R	K	N	Q	S	T	A	V	L	I	F	Y	W	H	M	C	P
0	0.04811	0.01016	0.06798	0.02632	0.09455	0.07203	0.00788	0.07258	0.08521	0.04896	0.13917	0.03720	0.12132	0.03066	0.02952	0.00173	0.02310	0.02153	0.00373	0.05825
1	0.01199	0.06629	0.08144	0.03938	0.09264	0.08791	0.02715	0.10142	0.13776	0.05691	0.06060	0.06354	0.04054	0.00711	0.03096	0.00160	0.00515	0.00511	0.02290	0.05959
2	0.00879	0.00439	0.00439	0.00439	0.00549	0.00439	0.00330	0.01099	0.00989	0.01758	0.01538	0.01758	0.01209	0.00549	0.00330	0.00110	0.00220	0.00439	0.86047	0.00439
3	0.01433	0.11438	0.03002	0.04468	0.13832	0.20292	0.05274	0.10571	0.09280	0.07590	0.01016	0.01125	0.00789	0.00502	0.00489	0.00136	0.04326	0.00389	0.00310	0.03739
4	0.01038	0.03422	0.01474	0.01225	0.01237	0.01456	0.01025	0.01143	0.00729	0.01134	0.00620	0.01024	0.00619	0.00813	0.01511	0.00203	0.80194	0.00408	0.00206	0.00518
5	0.03049	0.00922	0.01072	0.00840	0.01168	0.00914	0.00685	0.26498	0.04232	0.31407	0.01458	0.01409	0.01010	0.00549	0.00435	0.00132	0.00403	0.00432	0.14353	0.09031
6	0.01162	0.01059	0.01594	0.12154	0.48119	0.03396	0.01216	0.02959	0.13321	0.04170	0.01227	0.03239	0.03252	0.00517	0.00474	0.00147	0.00526	0.00474	0.00295	0.00698
7	0.00725	0.00577	0.00663	0.00635	0.00783	0.00566	0.00477	0.01119	0.16248	0.01671	0.36963	0.09991	0.25771	0.01011	0.00546	0.00157	0.00260	0.00873	0.00481	0.00484
8	0.63283	0.00871	0.00771	0.00662	0.00959	0.00958	0.00544	0.03140	0.00950	0.17548	0.00955	0.00997	0.00687	0.00476	0.00334	0.00144	0.00366	0.00313	0.05475	0.00570
9	0.00598	0.00475	0.00537	0.00532	0.00664	0.00414	0.00395	0.00752	0.01157	0.01491	0.31812	0.09569	0.47672	0.01131	0.00560	0.00157	0.00235	0.00968	0.00467	0.00414
10	0.00584	0.00411	0.00544	0.00650	0.00680	0.00385	0.00434	0.00670	0.00905	0.01221	0.02566	0.80639	0.03060	0.01449	0.00594	0.00189	0.00272	0.01313	0.03050	0.00385
11	0.00691	0.00457	0.00512	0.00512	0.00515	0.00457	0.00287	0.00697	0.00694	0.00937	0.01487	0.03049	0.01700	0.81176	0.02344	0.00448	0.00451	0.00679	0.02617	0.00290
12	0.01792	0.01321	0.01415	0.01085	0.01462	0.01462	0.00896	0.78916	0.02217	0.02972	0.01132	0.01132	0.00802	0.00566	0.00472	0.00142	0.00519	0.00425	0.00472	0.00802
13	0.86760	0.00912	0.00693	0.00620	0.00912	0.01058	0.00511	0.01386	0.00802	0.02115	0.00657	0.00766	0.00511	0.00438	0.00292	0.00146	0.00365	0.00255	0.00292	0.00511
14	0.86760	0.00912	0.00693	0.00620	0.00912	0.01058	0.00511	0.01386	0.00802	0.02115	0.00657	0.00766	0.00511	0.00438	0.00292	0.00146	0.00365	0.00255	0.00292	0.00511
15	0.00580	0.00436	0.00537	0.00602	0.00673	0.00393	0.00417	0.00686	0.00993	0.01294	0.11243	0.53924	0.23813	0.01348	0.00585	0.00178	0.00259	0.01198	0.00446	0.00393
16	0.01261	0.83713	0.02471	0.00807	0.01210	0.01866	0.00807	0.01412	0.00958	0.01109	0.00656	0.00756	0.00605	0.00403	0.00303	0.00101	0.00504	0.00252	0.00202	0.00605
17	0.01342	0.00887	0.00935	0.00767	0.01013	0.00958	0.00617	0.40589	0.01612	0.02374	0.01332	0.01440	0.01002	0.00558	0.00402	0.00126	0.00372	0.00432	0.42620	0.00623
18	0.03309	0.00959	0.01115	0.00917	0.01240	0.01000	0.00738	0.12042	0.34594	0.36086	0.01770	0.01594	0.01224	0.00602	0.00473	0.00151	0.00403	0.00489	0.00520	0.00773
19	0.00577	0.00477	0.00506	0.00502	0.00650	0.00406	0.00375	0.00713	0.01115	0.01378	0.17727	0.06517	0.65104	0.01162	0.00558	0.00158	0.00237	0.00980	0.00452	0.00406
20	0.00573	0.00416	0.00542	0.00642	0.00680	0.00384	0.00431	0.00658	0.00916	0.01209	0.02773	0.76834	0.09294	0.01455	0.00598	0.00189	0.00271	0.01313	0.00438	0.00384
21	0.02020	0.00824	0.01091	0.00851	0.01206	0.00742	0.00698	0.02319	0.09291	0.72817	0.01866	0.01620	0.01195	0.00589	0.00475	0.00147	0.00398	0.00480	0.00573	0.00797
22	0.02090	0.00522	0.00665	0.01943	0.00809	0.00497	0.00488	0.04035	0.01055	0.10114	0.11948	0.47123	0.08520	0.05631	0.02091	0.00200	0.00323	0.01043	0.00448	0.00454
23	0.00581	0.00440	0.00534	0.00603	0.00677	0.00397	0.00422	0.00682	0.00971	0.01244	0.05036	0.51008	0.27994	0.03216	0.00629	0.00187	0.00272	0.04282	0.00436	0.00389
24	0.01819	0.00778	0.01009	0.00800	0.01118	0.00708	0.00652	0.05108	0.05882	0.59914	0.07140	0.01805	0.03254	0.00623	0.00471	0.00144	0.00374	0.00511	0.07153	0.00738
25	0.01316	0.57140	0.02127	0.00931	0.01258	0.08623	0.00857	0.08187	0.01065	0.01280	0.00698	0.00838	0.00625	0.00488	0.00514	0.00122	0.12802	0.00296	0.00230	0.00604
26	0.02718	0.01267	0.10967	0.11157	0.44622	0.03944	0.05618	0.04289	0.04414	0.03134	0.00981	0.03027	0.00798	0.00472	0.00469	0.00146	0.00584	0.00439	0.00259	0.00694
27	0.00736	0.00565	0.00712	0.00693	0.00737	0.02320	0.00493	0.00827	0.00763	0.01065	0.03663	0.04674	0.01496	0.36883	0.32371	0.00517	0.08216	0.00602	0.02294	0.00375
28	0.00661	0.00490	0.00613	0.00599	0.00711	0.00454	0.00443	0.02593	0.01232	0.01690	0.52243	0.15887	0.16494	0.01132	0.02468	0.00171	0.00264	0.00933	0.00486	0.00435
29	0.01138	0.23005	0.03609	0.00792	0.01200	0.04329	0.00694	0.06800	0.01081	0.01513	0.01921	0.00961	0.00727	0.00396	0.00354	0.00089	0.00431	0.00293	0.00272	0.50397
30	0.01177	0.01405	0.22603	0.04648	0.22017	0.01035	0.07326	0.11090	0.01198	0.06550	0.02626	0.03887	0.00880	0.00493	0.00462	0.00138	0.00560	0.00438	0.00293	0.11173
31	0.07403	0.19426	0.10267	0.01078	0.02773	0.24561	0.02633	0.11904	0.02658	0.01546	0.02736	0.03423	0.00820	0.00567	0.01635	0.00141	0.03767	0.00372	0.00279	0.02011
32	0.01005	0.06361	0.45231	0.12373	0.04402	0.01134	0.12754	0.03688	0.02675	0.01504	0.03866	0.01178	0.00792	0.00467	0.00465	0.00149	0.00658	0.00410	0.00233	0.00655
33	0.01181	0.00960	0.03663	0.00827	0.01216	0.00817	0.02915	0.12442	0.07829	0.06929	0.01083	0.01162	0.00834	0.00436	0.00394	0.00100	0.00395	0.00354	0.05478	0.50984
34	0.00560	0.00478	0.00481	0.00480	0.00638	0.00399	0.00360	0.00681	0.01080	0.01287	0.06447	0.04515	0.78617	0.01189	0.00557	0.00159	0.00238	0.00992	0.00440	0.00399
35	0.01229	0.75927	0.08243	0.00839	0.01258	0.01778	0.00866	0.01411	0.00961	0.01152	0.00688	0.00795	0.00617	0.00410	0.00314	0.00105	0.00512	0.00263	0.02023	0.00608
36	0.00574	0.00410	0.00547	0.00657	0.00684	0.00383	0.00438	0.00657	0.00903	0.01204	0.02599	0.83122	0.03119	0.01477	0.00602	0.00191	0.00274	0.01340	0.00438	0.00383
37	0.00587	0.00462	0.00520	0.00549	0.00654	0.00410	0.00392	0.00694	0.00999	0.01248	0.06917	0.23983	0.46265	0.09130	0.02587	0.00210	0.00297	0.03287	0.00422	0.00387
38	0.01761	0.02247	0.01336	0.01215	0.01458	0.81537	0.00911	0.01883	0.01336	0.01154	0.00729	0.00850	0.00607	0.00486	0.00425	0.00121	0.00850	0.00304	0.00243	0.00547
39	0.00667	0.00482	0.00630	0.00593	0.00704	0.00445	0.00445	0.00890	0.01335	0.01891	0.80239	0.03522	0.04449	0.00964	0.00556	0.00148	0.00222	0.00853	0.00519	0.00445
40	0.02082	0.00857	0.01128	0.00865	0.01231	0.00774	0.00714	0.10324	0.01440	0.72660	0.01784	0.01555	0.01129	0.00582	0.00474	0.00145	0.00414	0.00469	0.00572	0.00802
41	0.00686	0.00457	0.00514	0.00514	0.00514	0.00457	0.00286	0.00686	0.00686	0.00914	0.01486	0.03086	0.01714	0.83430	0.02400	0.00457	0.00457	0.00686	0.00286	0.00286
42	0.03421	0.03791	0.61400	0.01366	0.05973	0.03645	0.02903	0.06118	0.01093	0.04726	0.00895	0.01026	0.00640	0.00458	0.00445	0.00146	0.00661	0.00359	0.00237	0.00697
43	0.01188	0.01174	0.04812	0.13591	0.48303	0.04843	0.01284	0.10296	0.02582	0.01631	0.01115	0.01336	0.04771	0.00491	0.00470	0.00143	0.00564	0.00443	0.00271	0.00693
44	0.07616	0.04771	0.06777	0.02346	0.09428	0.04595	0.02641	0.11036	0.07092	0.08125	0.06006	0.06320	0.09777	0.00640	0.00456	0.00138	0.00445	0.00529	0.00366	0.10895

[dist]
# distance from previous block
# <min> <max>
0	40

[block]
# block no. 14 follows, 54 sequences, length 43
# corresponding to MSA columns:
# 618-660
name=unknown_O
#
# <colnr> <probs for GDERKNQSTAVLIFYWHMCP>
#	G	D	E	R	K	N	Q	S	T	A	V	L	I	F	Y	W	H	M	C	P
0	0.09761	0.07001	0.06743	0.01075	0.06389	0.07372	0.06048	0.15911	0.05981	0.08186	0.01577	0.02743	0.11458	0.00597	0.00446	0.00139	0.00487	0.00481	0.02029	0.05575
1	0.05270	0.11917	0.03873	0.02137	0.05645	0.25640	0.05154	0.08540	0.05023	0.01497	0.02957	0.03224	0.04458	0.04130	0.02108	0.00156	0.00599	0.00431	0.02663	0.04580
2	0.00735	0.01923	0.00714	0.00677	0.00739	0.00571	0.00489	0.02764	0.00758	0.01053	0.01254	0.02114	0.01265	0.26186	0.44535	0.12174	0.00884	0.00538	0.00260	0.00366
3	0.01322	0.43849	0.11611	0.01094	0.04232	0.19909	0.04344	0.03744	0.01095	0.01255	0.00788	0.03315	0.00695	0.00465	0.00379	0.00119	0.00615	0.00332	0.00228	0.00608
4	0.00795	0.00572	0.00707	0.00650	0.00792	0.00563	0.00494	0.03010	0.10827	0.03694	0.64723	0.03155	0.03825	0.00894	0.00536	0.00148	0.00252	0.00783	0.03081	0.00498
5	0.00978	0.00838	0.00978	0.00698	0.01117	0.00629	0.00559	0.01187	0.00978	0.01536	0.00838	0.00978	0.00698	0.00349	0.00349	0.00070	0.00349	0.00279	0.00279	0.86312
6	0.01261	0.83713	0.02471	0.00807	0.01210	0.01866	0.00807	0.01412	0.00958	0.01109	0.00656	0.00756	0.00605	0.00403	0.00303	0.00101	0.00504	0.00252	0.00202	0.00605
7	0.00890	0.00838	0.01414	0.82296	0.03247	0.01048	0.01309	0.01205	0.00943	0.01205	0.00838	0.01257	0.00629	0.00471	0.00471	0.00157	0.00629	0.00419	0.00210	0.00524
