[name]
unknown

[dist]
# distance from previous block
# <min> <max>
0	18

[block]
# block no. 0 follows, 57 sequences, length 36
# corresponding to MSA columns:
# 18-53
name=unknown_A
#
# <colnr> <probs for GDERKNQSTAVLIFYWHMCP>
#	G	D	E	R	K	N	Q	S	T	A	V	L	I	F	Y	W	H	M	C	P
0	0.04369	0.00593	0.00702	0.00647	0.00814	0.02218	0.01942	0.01089	0.03789	0.13353	0.23180	0.05740	0.24447	0.06738	0.00642	0.00174	0.00314	0.08341	0.00440	0.00470
1	0.01408	0.05376	0.05020	0.01010	0.02645	0.06926	0.02337	0.40693	0.10880	0.03763	0.01286	0.07765	0.02588	0.00598	0.00448	0.00136	0.00482	0.00476	0.00393	0.05768
2	0.01072	0.20060	0.41708	0.02903	0.03199	0.06835	0.09029	0.02500	0.01019	0.03026	0.04038	0.01043	0.00754	0.00443	0.00414	0.00132	0.00618	0.00357	0.00223	0.00626
3	0.01267	0.18086	0.25619	0.01103	0.03967	0.14765	0.02215	0.11292	0.03063	0.04924	0.00861	0.00954	0.00660	0.00441	0.00397	0.00121	0.00581	0.00326	0.00263	0.09093
4	0.01180	0.10966	0.04530	0.04883	0.23934	0.01156	0.24012	0.03774	0.08854	0.07815	0.02232	0.01222	0.00834	0.00451	0.00478	0.00140	0.02160	0.00442	0.00280	0.00658
5	0.00555	0.00458	0.00488	0.00485	0.00625	0.00390	0.00362	0.00687	0.01073	0.01330	0.18448	0.06629	0.64670	0.01116	0.00537	0.00152	0.00228	0.00942	0.00435	0.00390
6	0.01016	0.02797	0.12996	0.14636	0.17262	0.05143	0.02212	0.05589	0.02204	0.05160	0.06620	0.10626	0.05039	0.01575	0.00498	0.00146	0.01579	0.00541	0.00299	0.04062
7	0.03079	0.02210	0.01240	0.06732	0.08393	0.11131	0.00838	0.21187	0.05868	0.29719	0.02784	0.02672	0.00983	0.00543	0.00447	0.00137	0.00490	0.00433	0.00420	0.00694
8	0.00561	0.00455	0.00498	0.00506	0.00638	0.00393	0.00378	0.00691	0.01057	0.01317	0.16603	0.12013	0.58433	0.01142	0.00543	0.00156	0.00237	0.03555	0.00433	0.00390
9	0.75316	0.00867	0.00762	0.11998	0.01187	0.01015	0.00597	0.01308	0.00790	0.01912	0.00655	0.00801	0.00506	0.00425	0.00304	0.00142	0.00386	0.00267	0.00269	0.00492
10	0.11005	0.06686	0.14128	0.10163	0.17600	0.07764	0.05544	0.08810	0.03362	0.06250	0.00910	0.01066	0.00693	0.00454	0.00429	0.00137	0.01565	0.00369	0.02435	0.00629
11	0.00668	0.00511	0.00619	0.00586	0.00714	0.00487	0.00441	0.00966	0.08988	0.01706	0.58099	0.04755	0.17861	0.00944	0.00528	0.00146	0.00232	0.00822	0.00480	0.00447
12	0.00552	0.00394	0.00526	0.00631	0.00657	0.00368	0.00421	0.00631	0.00868	0.01157	0.02498	0.83779	0.02997	0.01420	0.00578	0.00184	0.00263	0.01288	0.00421	0.00368
13	0.03876	0.01842	0.01190	0.01106	0.03594	0.64348	0.00815	0.03229	0.01247	0.05020	0.00838	0.00949	0.00671	0.00476	0.00400	0.00118	0.00711	0.00317	0.08718	0.00536
14	0.01340	0.62881	0.02100	0.00863	0.01225	0.13629	0.00800	0.10228	0.01110	0.01273	0.00692	0.00781	0.00603	0.00417	0.00326	0.00104	0.00535	0.00268	0.00229	0.00594
15	0.02378	0.02862	0.16546	0.03699	0.19804	0.05393	0.05846	0.11577	0.05973	0.01651	0.02541	0.01110	0.00783	0.00440	0.00424	0.00124	0.00527	0.00376	0.00277	0.17666
16	0.01460	0.05388	0.10681	0.02341	0.14764	0.13873	0.01006	0.22476	0.10210	0.11701	0.01101	0.01143	0.00810	0.00497	0.00436	0.00134	0.00546	0.00390	0.00349	0.00693
17	0.00930	0.00867	0.01404	0.55753	0.19272	0.01015	0.01209	0.01314	0.08726	0.01298	0.00965	0.03584	0.00772	0.00486	0.00456	0.00149	0.00556	0.00439	0.00238	0.00566
18	0.01048	0.00870	0.00998	0.00723	0.01120	0.00715	0.00582	0.12018	0.01104	0.01667	0.00844	0.00960	0.00685	0.00364	0.00352	0.00077	0.00358	0.00288	0.00294	0.74934
19	0.00582	0.00416	0.00560	0.00665	0.00705	0.00394	0.00473	0.00683	0.00897	0.01190	0.02481	0.70527	0.02931	0.01391	0.00586	0.00188	0.00289	0.14245	0.00420	0.00376
20	0.01160	0.01069	0.01664	0.02357	0.63889	0.03736	0.01230	0.01459	0.04604	0.04719	0.00925	0.01136	0.00755	0.00415	0.00437	0.00128	0.00514	0.00394	0.00253	0.09155
21	0.00925	0.04066	0.69343	0.01193	0.01791	0.00997	0.01499	0.01401	0.00998	0.03986	0.08700	0.01208	0.00954	0.00482	0.00438	0.00142	0.00612	0.00384	0.00233	0.00647
22	0.00856	0.00805	0.01359	0.82986	0.03121	0.01007	0.01258	0.01158	0.00906	0.01158	0.00805	0.01208	0.00604	0.00453	0.00453	0.00151	0.00604	0.00403	0.00201	0.00503
23	0.00659	0.00439	0.00494	0.00494	0.00494	0.00439	0.00275	0.00659	0.00659	0.00879	0.01428	0.02965	0.01647	0.84075	0.02306	0.00439	0.00439	0.00659	0.00275	0.00275
24	0.00865	0.00824	0.01418	0.79349	0.03087	0.01013	0.04773	0.01171	0.00913	0.01171	0.00810	0.01209	0.00608	0.00450	0.00457	0.00151	0.00611	0.00409	0.00203	0.00508
25	0.02033	0.00771	0.01052	0.00806	0.01157	0.00666	0.00666	0.02208	0.01297	0.81562	0.01788	0.01542	0.01122	0.00561	0.00456	0.00140	0.00386	0.00456	0.00561	0.00771
26	0.00552	0.00394	0.00526	0.00631	0.00657	0.00368	0.00421	0.00631	0.00868	0.01157	0.02498	0.83779	0.02997	0.01420	0.00578	0.00184	0.00263	0.01288	0.00421	0.00368
27	0.00659	0.00439	0.00494	0.00494	0.00494	0.00439	0.00275	0.00659	0.00659	0.00879	0.01428	0.02965	0.01647	0.84075	0.02306	0.00439	0.00439	0.00659	0.00275	0.00275
28	0.01249	0.00996	0.01062	0.00924	0.01197	0.01133	0.00728	0.13690	0.63777	0.05606	0.01723	0.01596	0.01277	0.00600	0.00457	0.00150	0.00377	0.00493	0.02244	0.00721
29	0.00552	0.00394	0.00526	0.00631	0.00657	0.00368	0.00421	0.00631	0.00868	0.01157	0.02498	0.83779	0.02997	0.01420	0.00578	0.00184	0.00263	0.01288	0.00421	0.00368
30	0.01036	0.00989	0.01684	0.28718	0.55984	0.01054	0.01348	0.01315	0.00991	0.01376	0.00837	0.01150	0.00681	0.00420	0.00450	0.00140	0.00560	0.00403	0.00217	0.00648
31	0.01603	0.05703	0.01346	0.01148	0.01370	0.68050	0.00882	0.04292	0.01238	0.01163	0.00700	0.00839	0.00591	0.00498	0.00510	0.00124	0.08871	0.00304	0.00236	0.00533
32	0.00546	0.00440	0.00487	0.00516	0.00629	0.00381	0.00371	0.00657	0.00999	0.01239	0.08400	0.27450	0.53873	0.01214	0.00548	0.00161	0.00238	0.01045	0.00425	0.00381
33	0.69871	0.00921	0.00810	0.00796	0.06849	0.03544	0.00586	0.01437	0.00858	0.09758	0.00763	0.00846	0.00572	0.00435	0.00314	0.00139	0.00383	0.00279	0.00302	0.00536
34	0.72103	0.01003	0.03525	0.00859	0.08814	0.04664	0.00636	0.01363	0.00826	0.01917	0.00662	0.00785	0.00520	0.00421	0.00308	0.00139	0.00401	0.00266	0.00270	0.00521
35	0.02607	0.01218	0.15308	0.00999	0.03562	0.05159	0.02209	0.11950	0.08989	0.20501	0.02138	0.02940	0.00933	0.00559	0.01784	0.00139	0.02078	0.00409	0.00367	0.16149

[dist]
# distance from previous block
# <min> <max>
0	7

[block]
# block no. 1 follows, 57 sequences, length 64
# corresponding to MSA columns:
# 61-124
name=unknown_B
#
# <colnr> <probs for GDERKNQSTAVLIFYWHMCP>
#	G	D	E	R	K	N	Q	S	T	A	V	L	I	F	Y	W	H	M	C	P
0	0.01056	0.03917	0.09726	0.02390	0.08982	0.00879	0.00806	0.04478	0.24541	0.09819	0.08920	0.08308	0.07765	0.03427	0.00536	0.00159	0.00400	0.02887	0.00395	0.00609
1	0.01990	0.00840	0.01094	0.00839	0.01191	0.00769	0.00693	0.12966	0.01413	0.70642	0.01691	0.01479	0.01073	0.00558	0.00455	0.00140	0.00401	0.00449	0.00546	0.00771
2	0.00566	0.00481	0.00532	0.00516	0.00668	0.00414	0.02119	0.00712	0.02350	0.01282	0.10145	0.08294	0.68102	0.01119	0.00536	0.00154	0.00244	0.00947	0.00423	0.00396
3	0.02372	0.06519	0.36519	0.01496	0.14287	0.06250	0.11513	0.02872	0.02504	0.10036	0.00940	0.01070	0.00688	0.00439	0.00439	0.00139	0.00616	0.00380	0.00254	0.00666
4	0.01137	0.00975	0.09812	0.01008	0.01304	0.02688	0.18677	0.08234	0.01117	0.12384	0.02919	0.02883	0.01064	0.03175	0.02099	0.03497	0.00488	0.02189	0.23792	0.00557
5	0.00536	0.00459	0.00459	0.00459	0.00612	0.00383	0.00344	0.00650	0.01033	0.01224	0.04590	0.04361	0.81065	0.01148	0.00536	0.00153	0.00230	0.00956	0.00421	0.00383
6	0.05838	0.01426	0.19031	0.02528	0.07485	0.07880	0.03373	0.23398	0.01313	0.09226	0.01050	0.01155	0.02825	0.00578	0.01805	0.00154	0.09566	0.00396	0.00319	0.00655
7	0.01204	0.09502	0.13854	0.10647	0.20281	0.09070	0.09504	0.02781	0.03379	0.10004	0.02341	0.01258	0.01971	0.00474	0.00443	0.00137	0.00578	0.01666	0.00272	0.00635
8	0.18865	0.00591	0.00584	0.00528	0.00709	0.00613	0.00415	0.04464	0.01002	0.11075	0.01323	0.01451	0.01002	0.00510	0.00331	0.00118	0.00272	0.00389	0.55265	0.00491
9	0.00659	0.00439	0.00494	0.00494	0.00494	0.00439	0.00275	0.00659	0.00659	0.00879	0.01428	0.02965	0.01647	0.84075	0.02306	0.00439	0.00439	0.00659	0.00275	0.00275
10	0.02823	0.09643	0.03954	0.04583	0.20224	0.10148	0.02592	0.17214	0.06940	0.11035	0.03087	0.01194	0.00879	0.00509	0.00453	0.01645	0.00518	0.00398	0.01499	0.00663
11	0.02938	0.78271	0.02287	0.00786	0.01170	0.01757	0.00774	0.05534	0.00982	0.01181	0.00654	0.00746	0.00590	0.00397	0.00299	0.00100	0.00483	0.00251	0.00209	0.00590
12	0.03039	0.21386	0.20704	0.00981	0.02684	0.02451	0.04340	0.08704	0.03662	0.01516	0.00825	0.00940	0.00655	0.00407	0.00373	0.00109	0.00497	0.00313	0.00253	0.26161
13	0.01723	0.01269	0.01360	0.01043	0.01405	0.01405	0.00861	0.79738	0.02131	0.02856	0.01088	0.01088	0.00771	0.00544	0.00453	0.00136	0.00499	0.00408	0.00453	0.00771
14	0.01778	0.04189	0.01049	0.00777	0.01093	0.00712	0.00641	0.05733	0.01312	0.62371	0.11827	0.01726	0.01487	0.00599	0.00456	0.00138	0.00369	0.00490	0.02541	0.00711
15	0.00552	0.00394	0.00526	0.00631	0.00657	0.00368	0.00421	0.00631	0.00868	0.01157	0.02498	0.83779	0.02997	0.01420	0.00578	0.00184	0.00263	0.01288	0.00421	0.00368
16	0.00552	0.00394	0.00526	0.00631	0.00657	0.00368	0.00421	0.00631	0.00868	0.01157	0.02498	0.83779	0.02997	0.01420	0.00578	0.00184	0.00263	0.01288	0.00421	0.00368
17	0.01122	0.01077	0.01839	0.02781	0.81248	0.01077	0.01391	0.01391	0.01032	0.01480	0.00852	0.01122	0.00718	0.00404	0.00449	0.00135	0.00538	0.00404	0.00224	0.00718
18	0.00991	0.00991	0.01388	0.01190	0.01190	0.01388	0.00991	0.01091	0.00694	0.01091	0.00595	0.00991	0.00595	0.00793	0.01487	0.00198	0.83246	0.00397	0.00198	0.00496
19	0.00909	0.02344	0.81727	0.01292	0.01961	0.01052	0.01674	0.01435	0.00957	0.01435	0.00813	0.00957	0.00574	0.00431	0.00431	0.00144	0.00670	0.00335	0.00191	0.00670
20	0.00552	0.00394	0.00526	0.00631	0.00657	0.00368	0.00421	0.00631	0.00868	0.01157	0.02498	0.83779	0.02997	0.01420	0.00578	0.00184	0.00263	0.01288	0.00421	0.00368
21	0.02033	0.00771	0.01052	0.00806	0.01157	0.00666	0.00666	0.02208	0.01297	0.81562	0.01788	0.01542	0.01122	0.00561	0.00456	0.00140	0.00386	0.00456	0.00561	0.00771
22	0.00647	0.00485	0.00728	0.00728	0.00809	0.00566	0.00566	0.00809	0.00728	0.01052	0.01214	0.01780	0.01133	0.03398	0.82279	0.00728	0.01214	0.00485	0.00243	0.00405
23	0.00867	0.00481	0.00456	0.00451	0.00561	0.03133	0.00338	0.01076	0.00970	0.01674	0.03551	0.01705	0.01224	0.00536	0.00326	0.00107	0.00231	0.00428	0.81459	0.00426
24	0.00552	0.00394	0.00526	0.00631	0.00657	0.00368	0.00421	0.00631	0.00868	0.01157	0.02498	0.83779	0.02997	0.01420	0.00578	0.00184	0.00263	0.01288	0.00421	0.00368
25	0.87276	0.00876	0.00666	0.00596	0.00876	0.01017	0.00491	0.01332	0.00771	0.02033	0.00631	0.00736	0.00491	0.00421	0.00280	0.00140	0.00351	0.00245	0.00280	0.00491
26	0.01070	0.01222	0.02674	0.01910	0.02368	0.01146	0.79603	0.01451	0.01070	0.01451	0.00917	0.01222	0.00688	0.00382	0.00535	0.00153	0.00764	0.00535	0.00229	0.00611
27	0.00751	0.00546	0.00746	0.00839	0.00952	0.00554	0.00730	0.01017	0.05275	0.01385	0.02370	0.04929	0.02543	0.01218	0.00617	0.00206	0.00414	0.74058	0.00420	0.00433
28	0.07049	0.01150	0.02360	0.09776	0.06637	0.01120	0.62193	0.01411	0.01031	0.01465	0.00882	0.01182	0.00667	0.00393	0.00504	0.00151	0.00707	0.00495	0.00230	0.00598
29	0.01200	0.71635	0.03978	0.00825	0.01181	0.05863	0.00803	0.01349	0.00927	0.01080	0.00685	0.02942	0.00646	0.00442	0.00371	0.00107	0.04911	0.00283	0.00202	0.00570
30	0.01146	0.05143	0.06921	0.07072	0.16768	0.05297	0.02991	0.11510	0.02523	0.04731	0.04789	0.01252	0.02057	0.02246	0.00481	0.00127	0.02319	0.00393	0.00294	0.21940
31	0.01231	0.02357	0.09441	0.24372	0.11413	0.00947	0.04209	0.06711	0.04130	0.19846	0.01199	0.03818	0.00913	0.00599	0.02383	0.00160	0.01800	0.02098	0.01745	0.00629
32	0.02016	0.00799	0.01069	0.00820	0.01171	0.00708	0.00677	0.06587	0.01344	0.77118	0.01748	0.01517	0.01102	0.00560	0.00456	0.00140	0.00392	0.00453	0.00555	0.00771
33	0.00628	0.00565	0.00541	0.00548	0.00683	0.05628	0.00402	0.00762	0.02334	0.01252	0.08519	0.17721	0.56555	0.01129	0.00534	0.00155	0.00274	0.00956	0.00414	0.00397
34	0.04679	0.06873	0.01187	0.02813	0.03584	0.04551	0.04838	0.04811	0.01018	0.03312	0.00836	0.00972	0.00678	0.00375	0.00358	0.00089	0.00410	0.00302	0.01976	0.56338
35	0.00631	0.00510	0.00605	0.00626	0.03894	0.00459	0.00436	0.00799	0.02805	0.01374	0.21748	0.09319	0.40728	0.05097	0.04209	0.00187	0.00302	0.00844	0.00409	0.05017
36	0.00552	0.00394	0.00526	0.00631	0.00657	0.00368	0.00421	0.00631	0.00868	0.01157	0.02498	0.83779	0.02997	0.01420	0.00578	0.00184	0.00263	0.01288	0.00421	0.00368
37	0.00808	0.00710	0.02314	0.15100	0.02956	0.01741	0.00672	0.01249	0.18683	0.02793	0.18855	0.02685	0.24503	0.00908	0.03891	0.00173	0.00386	0.00673	0.00392	0.00509
38	0.03861	0.07383	0.16301	0.04383	0.19763	0.15421	0.04170	0.17429	0.02646	0.01662	0.00858	0.01006	0.00666	0.00459	0.00446	0.00134	0.02125	0.00363	0.00269	0.00654
39	0.00620	0.00462	0.00576	0.00548	0.00664	0.00419	0.00411	0.00814	0.01233	0.01698	0.65682	0.03581	0.19677	0.00971	0.00535	0.00145	0.00217	0.00847	0.00483	0.00419
40	0.00552	0.00394	0.00526	0.00631	0.00657	0.00368	0.00421	0.00631	0.00868	0.01157	0.02498	0.83779	0.02997	0.01420	0.00578	0.00184	0.00263	0.01288	0.00421	0.00368
41	0.01088	0.01546	0.34620	0.07695	0.28566	0.01034	0.01366	0.07597	0.01086	0.05187	0.00927	0.01107	0.00696	0.00443	0.00435	0.00138	0.00570	0.00379	0.04846	0.00673
42	0.01273	0.73909	0.02236	0.00825	0.01193	0.12012	0.00788	0.01414	0.00967	0.01072	0.00639	0.00738	0.00582	0.00398	0.00306	0.00099	0.00527	0.00249	0.00199	0.00574
43	0.00874	0.04971	0.02415	0.02834	0.15702	0.02190	0.00724	0.01241	0.14153	0.02760	0.18598	0.14092	0.11953	0.00811	0.00505	0.00148	0.01536	0.02008	0.00381	0.02104
44	0.02694	0.01336	0.05989	0.02631	0.16695	0.17870	0.02280	0.19577	0.13196	0.03159	0.02560	0.01498	0.01012	0.00564	0.00457	0.00142	0.00551	0.06800	0.00339	0.00650
45	0.01041	0.01405	0.15839	0.01794	0.02279	0.01135	0.65176	0.01442	0.01044	0.01442	0.00894	0.01174	0.00667	0.00398	0.00535	0.00152	0.02245	0.00499	0.00222	0.00619
46	0.01011	0.15198	0.58026	0.01174	0.01726	0.04257	0.01415	0.01423	0.00962	0.03130	0.02310	0.00976	0.00659	0.00459	0.00472	0.00138	0.05484	0.00334	0.00208	0.00638
47	0.03964	0.00836	0.00968	0.00713	0.01098	0.00688	0.00574	0.05500	0.04257	0.10007	0.00960	0.01035	0.00747	0.00385	0.00358	0.00084	0.00351	0.00305	0.00317	0.66854
48	0.00691	0.00509	0.00676	0.00759	0.00873	0.00494	0.00653	0.00881	0.01041	0.01330	0.02839	0.04961	0.18373	0.01231	0.00608	0.00197	0.00380	0.62678	0.00418	0.00410
49	0.00652	0.00461	0.00596	0.00562	0.00669	0.00427	0.00422	0.00866	0.01265	0.01810	0.76770	0.03294	0.04110	0.00905	0.00523	0.00141	0.00214	0.00798	0.05088	0.00427
50	0.00856	0.00805	0.01359	0.82986	0.03121	0.01007	0.01258	0.01158	0.00906	0.01158	0.00805	0.01208	0.00604	0.00453	0.00453	0.00151	0.00604	0.00403	0.00201	0.00503
51	0.00991	0.00991	0.01388	0.01190	0.01190	0.01388	0.00991	0.01091	0.00694	0.01091	0.00595	0.00991	0.00595	0.00793	0.01487	0.00198	0.83246	0.00397	0.00198	0.00496
52	0.00909	0.02344	0.81727	0.01292	0.01961	0.01052	0.01674	0.01435	0.00957	0.01435	0.00813	0.00957	0.00574	0.00431	0.00431	0.00144	0.00670	0.00335	0.00191	0.00670
53	0.02023	0.00788	0.01062	0.00814	0.01165	0.00690	0.00672	0.04776	0.01325	0.78955	0.01765	0.01527	0.01110	0.00560	0.00456	0.00140	0.00389	0.00454	0.00557	0.00771
54	0.50160	0.00831	0.00834	0.00687	0.00998	0.00864	0.00567	0.01714	0.01000	0.36661	0.01135	0.01087	0.00765	0.00482	0.00357	0.00140	0.00366	0.00337	0.00403	0.00613
55	0.00909	0.02344	0.81727	0.01292	0.01961	0.01052	0.01674	0.01435	0.00957	0.01435	0.00813	0.00957	0.00574	0.00431	0.00431	0.00144	0.00670	0.00335	0.00191	0.00670
56	0.04074	0.00774	0.01042	0.00801	0.01150	0.00674	0.00662	0.02187	0.01284	0.79658	0.01760	0.01523	0.01107	0.00557	0.00451	0.00140	0.00385	0.00451	0.00554	0.00764
57	0.00564	0.00408	0.00536	0.00634	0.00674	0.00380	0.00437	0.00654	0.00891	0.01175	0.02628	0.73053	0.08080	0.01390	0.00579	0.00184	0.00272	0.06671	0.00420	0.00372
58	0.87276	0.00876	0.00666	0.00596	0.00876	0.01017	0.00491	0.01332	0.00771	0.02033	0.00631	0.00736	0.00491	0.00421	0.00280	0.00140	0.00351	0.00245	0.00280	0.00491
59	0.02033	0.00771	0.01052	0.00806	0.01157	0.00666	0.00666	0.02208	0.01297	0.81562	0.01788	0.01542	0.01122	0.00561	0.00456	0.00140	0.00386	0.00456	0.00561	0.00771
60	0.00537	0.00454	0.00464	0.00472	0.00615	0.00381	0.00350	0.00649	0.01020	0.01219	0.04432	0.10356	0.75171	0.01168	0.00539	0.00155	0.00232	0.00981	0.00421	0.00381
61	0.81662	0.00869	0.00691	0.00610	0.00895	0.00993	0.00502	0.01390	0.00806	0.07271	0.00707	0.00789	0.00532	0.00430	0.00292	0.00140	0.00353	0.00259	0.00299	0.00509
62	0.01270	0.30666	0.06205	0.02775	0.09299	0.05254	0.00881	0.16143	0.01204	0.05800	0.04802	0.02514	0.00911	0.00511	0.00454	0.00125	0.05557	0.00376	0.04634	0.00617
63	0.01154	0.02364	0.08879	0.00914	0.03850	0.00835	0.03471	0.12435	0.05412	0.09297	0.02434	0.02412	0.03184	0.00464	0.00402	0.00107	0.00414	0.00382	0.00332	0.41260

[dist]
# distance from previous block
# <min> <max>
0	2

[block]
# block no. 2 follows, 57 sequences, length 13
# corresponding to MSA columns:
# 171-183
name=unknown_C
#
# <colnr> <probs for GDERKNQSTAVLIFYWHMCP>
#	G	D	E	R	K	N	Q	S	T	A	V	L	I	F	Y	W	H	M	C	P
0	0.06957	0.21013	0.18279	0.01041	0.03052	0.09799	0.00987	0.23787	0.07873	0.01796	0.00911	0.00975	0.00697	0.00471	0.00395	0.00128	0.00544	0.00340	0.00300	0.00656
1	0.00886	0.00672	0.00734	0.00680	0.00830	0.05837	0.00518	0.08217	0.03794	0.06045	0.41216	0.13057	0.09814	0.00916	0.00517	0.00148	0.00307	0.03267	0.02065	0.00481
2	0.00683	0.00612	0.04862	0.06232	0.03935	0.00513	0.02369	0.00844	0.00993	0.04113	0.07099	0.27210	0.33664	0.01056	0.00528	0.00160	0.00318	0.02203	0.02168	0.00436
3	0.08587	0.09735	0.17192	0.00912	0.02798	0.03552	0.02159	0.04480	0.02297	0.05523	0.00846	0.00957	0.00662	0.00408	0.00392	0.00107	0.02329	0.00306	0.00268	0.36492
4	0.00601	0.00478	0.00544	0.00560	0.00676	0.00439	0.00407	0.00805	0.06644	0.01358	0.17328	0.26248	0.39978	0.01147	0.00542	0.00160	0.00245	0.00994	0.00437	0.00410
5	0.00552	0.00394	0.00526	0.00631	0.00657	0.00368	0.00421	0.00631	0.00868	0.01157	0.02498	0.83779	0.02997	0.01420	0.00578	0.00184	0.00263	0.01288	0.00421	0.00368
6	0.03740	0.05365	0.54086	0.05630	0.07924	0.03853	0.05889	0.01395	0.00987	0.01437	0.04938	0.01101	0.00782	0.00452	0.00433	0.00141	0.00625	0.00372	0.00217	0.00634
7	0.01043	0.04020	0.27142	0.11921	0.30488	0.01102	0.04953	0.04230	0.07943	0.01497	0.00925	0.01121	0.00712	0.00440	0.00444	0.00141	0.00580	0.00392	0.00239	0.00669
8	0.00651	0.00471	0.00657	0.00657	0.00713	0.00528	0.00478	0.00763	0.00707	0.00999	0.01279	0.02140	0.01289	0.27926	0.57966	0.00640	0.00978	0.00538	0.00252	0.00365
9	0.01259	0.01020	0.01461	0.08688	0.23152	0.01071	0.07812	0.26276	0.05416	0.05964	0.05804	0.04949	0.03925	0.00569	0.00472	0.00143	0.00493	0.00506	0.00356	0.00666
10	0.02796	0.13742	0.07109	0.02733	0.25993	0.19415	0.03242	0.06339	0.06448	0.01425	0.00845	0.01009	0.00691	0.00466	0.00482	0.00132	0.05897	0.00358	0.00249	0.00630
11	0.01210	0.75487	0.02267	0.06104	0.01300	0.01726	0.00810	0.04605	0.00970	0.01146	0.00660	0.00773	0.00591	0.00398	0.00308	0.00102	0.00493	0.00260	0.00205	0.00584
12	0.01216	0.05497	0.01181	0.00943	0.07816	0.03083	0.00698	0.17132	0.01220	0.06909	0.00935	0.01028	0.00730	0.00409	0.00376	0.00095	0.00407	0.00323	0.02537	0.47467

[dist]
# distance from previous block
# <min> <max>
0	2

[block]
# block no. 3 follows, 57 sequences, length 22
# corresponding to MSA columns:
# 186-207
name=unknown_D
#
# <colnr> <probs for GDERKNQSTAVLIFYWHMCP>
#	G	D	E	R	K	N	Q	S	T	A	V	L	I	F	Y	W	H	M	C	P
0	0.01017	0.04267	0.00936	0.00730	0.00941	0.00642	0.05648	0.06779	0.01286	0.16601	0.42518	0.02742	0.12443	0.00799	0.00504	0.00142	0.00315	0.00696	0.00467	0.00529
1	0.00735	0.00603	0.00788	0.00723	0.04033	0.00525	0.03586	0.02283	0.01117	0.01555	0.32944	0.08947	0.19144	0.00827	0.00488	0.00131	0.00288	0.00723	0.00402	0.20158
2	0.00905	0.04254	0.76280	0.01248	0.01886	0.01043	0.01598	0.01408	0.00970	0.01443	0.04289	0.01056	0.00735	0.00451	0.00432	0.00142	0.00645	0.00354	0.00205	0.00657
3	0.00627	0.00458	0.00589	0.00565	0.00670	0.00420	0.00420	0.00824	0.01235	0.01726	0.69678	0.08687	0.10454	0.00976	0.00537	0.00146	0.00218	0.00861	0.00487	0.00420
4	0.01899	0.00818	0.01123	0.00977	0.07781	0.00738	0.00731	0.06852	0.01326	0.67819	0.03951	0.01533	0.01158	0.00557	0.00457	0.00140	0.00400	0.00459	0.00525	0.00757
5	0.00919	0.02271	0.76595	0.01332	0.01988	0.01058	0.06733	0.01436	0.00964	0.01436	0.00820	0.00974	0.00581	0.00427	0.00437	0.00144	0.00676	0.00348	0.00194	0.00666
6	0.01127	0.00973	0.01025	0.00922	0.01178	0.01127	0.00717	0.02408	0.80430	0.01896	0.01844	0.01691	0.01383	0.00615	0.00461	0.00154	0.00359	0.00512	0.00461	0.00717
7	0.00845	0.00422	0.00422	0.00422	0.00528	0.00422	0.00317	0.01056	0.00950	0.01689	0.01478	0.01689	0.01161	0.00528	0.00317	0.00106	0.00211	0.00422	0.86591	0.00422
8	0.02669	0.01509	0.26921	0.01533	0.02025	0.01078	0.41794	0.04866	0.02696	0.05575	0.00962	0.01173	0.00706	0.00538	0.03736	0.00171	0.00706	0.00455	0.00250	0.00636
9	0.00547	0.00416	0.00503	0.00573	0.00642	0.00373	0.00395	0.00637	0.00923	0.01179	0.03202	0.57029	0.29292	0.01328	0.00564	0.00174	0.00252	0.01176	0.00421	0.00373
10	0.02033	0.00771	0.01052	0.00806	0.01157	0.00666	0.00666	0.02208	0.01297	0.81562	0.01788	0.01542	0.01122	0.00561	0.00456	0.00140	0.00386	0.00456	0.00561	0.00771
11	0.00594	0.00419	0.00532	0.00603	0.00664	0.00381	0.00414	0.00687	0.00925	0.03409	0.05999	0.64272	0.16773	0.01328	0.00566	0.00176	0.00258	0.01188	0.00428	0.00384
12	0.05818	0.25879	0.18183	0.05553	0.08620	0.10069	0.09350	0.03383	0.01027	0.03802	0.00812	0.00966	0.00642	0.00425	0.00390	0.00126	0.00579	0.00338	0.03431	0.00604
13	0.00857	0.00804	0.01354	0.78362	0.05585	0.00993	0.01242	0.01152	0.00909	0.01168	0.00849	0.03242	0.00667	0.00475	0.00456	0.00151	0.00594	0.00425	0.00208	0.00507
14	0.00559	0.00435	0.00504	0.00538	0.00634	0.00385	0.00382	0.00671	0.00997	0.01271	0.14100	0.33225	0.40153	0.03275	0.00595	0.00170	0.00245	0.01052	0.00428	0.00381
15	0.01155	0.04024	0.07416	0.11213	0.29571	0.14028	0.15269	0.04086	0.01079	0.01388	0.00894	0.04426	0.00755	0.00471	0.00478	0.00140	0.02317	0.00435	0.00236	0.00619
16	0.06376	0.00434	0.00600	0.00600	0.00626	0.00449	0.00410	0.00661	0.00627	0.00908	0.00907	0.04775	0.00920	0.04921	0.08294	0.67136	0.00455	0.00438	0.00218	0.00243
17	0.00759	0.00620	0.04196	0.00726	0.02153	0.00545	0.00548	0.08468	0.01066	0.03264	0.11442	0.44542	0.08160	0.02955	0.02824	0.00185	0.00339	0.02848	0.00409	0.03952
18	0.01289	0.01324	0.11238	0.04594	0.18015	0.09850	0.18694	0.08438	0.05508	0.11541	0.01066	0.02954	0.00813	0.00483	0.00486	0.00143	0.02161	0.00444	0.00300	0.00659
19	0.04135	0.05905	0.14938	0.01124	0.05947	0.11881	0.02034	0.32808	0.04034	0.01961	0.02291	0.03797	0.02816	0.02447	0.00478	0.00142	0.00542	0.00424	0.01647	0.00651
20	0.17190	0.08107	0.11890	0.01215	0.11846	0.17553	0.02910	0.07059	0.01080	0.04839	0.00839	0.02958	0.00685	0.00479	0.00448	0.00132	0.04818	0.00349	0.00266	0.05337
21	0.04194	0.15472	0.11510	0.02664	0.08053	0.13717	0.08600	0.12288	0.01173	0.04774	0.00856	0.01017	0.00680	0.02234	0.00472	0.00131	0.02647	0.00353	0.00268	0.08898

[dist]
# distance from previous block
# <min> <max>
0	7

[block]
# block no. 4 follows, 57 sequences, length 16
# corresponding to MSA columns:
# 216-231
name=unknown_E
#
# <colnr> <probs for GDERKNQSTAVLIFYWHMCP>
#	G	D	E	R	K	N	Q	S	T	A	V	L	I	F	Y	W	H	M	C	P
0	0.01012	0.14810	0.01190	0.04369	0.06876	0.08061	0.01947	0.10508	0.02486	0.02693	0.04225	0.29535	0.03378	0.00939	0.03841	0.00170	0.00458	0.00705	0.02279	0.00518
1	0.03536	0.15426	0.04113	0.03223	0.02613	0.01205	0.12150	0.25779	0.10317	0.01841	0.02795	0.08645	0.03058	0.02688	0.00494	0.00147	0.00489	0.00509	0.00347	0.00626
2	0.04967	0.03981	0.10000	0.01752	0.32288	0.15209	0.07630	0.02767	0.04936	0.02837	0.02649	0.01194	0.00822	0.04274	0.00519	0.00146	0.00581	0.00399	0.00255	0.02793
3	0.01652	0.05154	0.01363	0.01104	0.01383	0.44304	0.00871	0.31569	0.01566	0.01775	0.00841	0.00925	0.00656	0.00508	0.00470	0.00127	0.04458	0.00339	0.00314	0.00620
4	0.00962	0.03087	0.03519	0.02277	0.07878	0.04085	0.00687	0.04021	0.01016	0.02691	0.04573	0.08485	0.06606	0.00576	0.00459	0.00111	0.04179	0.01954	0.00302	0.42531
5	0.00649	0.00478	0.00688	0.00688	0.00755	0.00545	0.00516	0.00783	0.00716	0.01022	0.01251	0.01984	0.01221	0.17271	0.68528	0.00679	0.01081	0.00515	0.00248	0.00382
6	0.07947	0.02539	0.01197	0.01037	0.05398	0.10841	0.05548	0.13684	0.05021	0.23998	0.01459	0.03945	0.03635	0.00646	0.00507	0.01761	0.02342	0.07469	0.00398	0.00629
7	0.01588	0.01203	0.01284	0.01015	0.01354	0.01343	0.00829	0.62312	0.19775	0.02639	0.01258	0.01224	0.00909	0.00560	0.00455	0.00140	0.00467	0.00431	0.00455	0.00759
8	0.00623	0.00462	0.00580	0.00551	0.00666	0.00420	0.00413	0.00819	0.01239	0.01713	0.67634	0.03556	0.17716	0.00965	0.00535	0.00144	0.00217	0.00843	0.00485	0.00420
9	0.01211	0.84348	0.02374	0.00775	0.01163	0.01793	0.00775	0.01357	0.00921	0.01066	0.00630	0.00727	0.00582	0.00388	0.00291	0.00097	0.00485	0.00242	0.00194	0.00582
10	0.00940	0.00805	0.00940	0.00671	0.01074	0.00604	0.00537	0.01141	0.00940	0.01477	0.00805	0.00940	0.00671	0.00336	0.00336	0.00067	0.00336	0.00268	0.00268	0.86845
11	0.01811	0.00881	0.01089	0.00862	0.01196	0.00860	0.00703	0.13063	0.17061	0.54829	0.01701	0.01508	0.01124	0.00569	0.00456	0.00142	0.00396	0.00460	0.00526	0.00760
12	0.00940	0.00805	0.00940	0.00671	0.01074	0.00604	0.00537	0.01141	0.00940	0.01477	0.00805	0.00940	0.00671	0.00336	0.00336	0.00067	0.00336	0.00268	0.00268	0.86845
13	0.01110	0.00829	0.00975	0.00716	0.01098	0.00671	0.00575	0.07877	0.01076	0.10029	0.00983	0.03451	0.00795	0.00409	0.00365	0.00084	0.00352	0.00330	0.00319	0.67957
14	0.01446	0.00878	0.03225	0.00837	0.01112	0.00852	0.00688	0.23005	0.08261	0.28337	0.03292	0.07690	0.04893	0.06406	0.00604	0.00168	0.00406	0.05488	0.01763	0.00650
15	0.06047	0.15387	0.21083	0.01007	0.02699	0.09485	0.02723	0.09522	0.04116	0.11016	0.02482	0.05982	0.02121	0.00533	0.00414	0.00132	0.00522	0.00415	0.00308	0.04007

[dist]
# distance from previous block
# <min> <max>
2	32

[block]
# block no. 5 follows, 57 sequences, length 33
# corresponding to MSA columns:
# 266-298
name=unknown_F
#
# <colnr> <probs for GDERKNQSTAVLIFYWHMCP>
#	G	D	E	R	K	N	Q	S	T	A	V	L	I	F	Y	W	H	M	C	P
0	0.01424	0.44566	0.01874	0.00964	0.03000	0.17928	0.00828	0.19774	0.03166	0.01521	0.00785	0.00861	0.00648	0.00446	0.00360	0.00112	0.00553	0.00301	0.00269	0.00620
1	0.00642	0.00506	0.02529	0.00573	0.00697	0.00433	0.00441	0.00827	0.01178	0.02895	0.54410	0.10155	0.19356	0.02642	0.00570	0.00154	0.00239	0.00865	0.00466	0.00422
2	0.04273	0.10283	0.31101	0.02355	0.08683	0.07750	0.02429	0.06617	0.05236	0.07272	0.02971	0.01268	0.02766	0.00500	0.00423	0.00136	0.00552	0.01916	0.02836	0.00634
3	0.01032	0.10140	0.30443	0.03456	0.22672	0.03121	0.01214	0.04727	0.01054	0.03075	0.06507	0.01373	0.04169	0.02970	0.00487	0.00144	0.00540	0.00419	0.01829	0.00628
4	0.00552	0.00394	0.00526	0.00631	0.00657	0.00368	0.00421	0.00631	0.00868	0.01157	0.02498	0.83779	0.02997	0.01420	0.00578	0.00184	0.00263	0.01288	0.00421	0.00368
5	0.01046	0.03114	0.09243	0.19135	0.45637	0.01084	0.04692	0.01431	0.07489	0.01432	0.00917	0.01166	0.00730	0.00432	0.00449	0.00140	0.00558	0.00408	0.00235	0.00661
6	0.06051	0.07998	0.14877	0.12946	0.07845	0.04649	0.05420	0.12137	0.05673	0.12730	0.03558	0.01201	0.00858	0.00491	0.00446	0.00139	0.01620	0.00400	0.00316	0.00643
7	0.00673	0.00580	0.00645	0.00604	0.00773	0.01968	0.02923	0.02114	0.08883	0.01409	0.14656	0.03784	0.53849	0.01024	0.00529	0.00153	0.00280	0.04290	0.00427	0.00439
8	0.00576	0.00415	0.00565	0.00651	0.00688	0.00407	0.00452	0.00672	0.00846	0.01140	0.02261	0.65747	0.02649	0.03726	0.13814	0.00279	0.00426	0.03924	0.00388	0.00373
9	0.00602	0.00445	0.00611	0.00691	0.00747	0.00425	0.02110	0.00734	0.02584	0.01211	0.02485	0.66107	0.04707	0.01348	0.00581	0.00186	0.00299	0.13319	0.00417	0.00389
10	0.01368	0.57637	0.02020	0.00903	0.01240	0.27943	0.00808	0.01504	0.01039	0.01080	0.00653	0.00756	0.00582	0.00413	0.00329	0.00103	0.00593	0.00258	0.00207	0.00563
11	0.03660	0.10134	0.55076	0.01128	0.01686	0.02954	0.02434	0.03078	0.01001	0.02853	0.04339	0.01046	0.00759	0.00445	0.00411	0.00132	0.00590	0.00344	0.00228	0.07703
12	0.05751	0.07052	0.04021	0.01363	0.15004	0.37105	0.02315	0.12651	0.04097	0.05223	0.00871	0.00973	0.00683	0.00466	0.00415	0.00126	0.00638	0.00343	0.00284	0.00619
13	0.01043	0.06200	0.21169	0.07147	0.10085	0.02077	0.10395	0.05682	0.02539	0.08161	0.06637	0.08871	0.06797	0.00613	0.00469	0.00145	0.00517	0.00543	0.00308	0.00600
14	0.01364	0.11463	0.01361	0.02558	0.01317	0.07941	0.02441	0.33063	0.09297	0.01980	0.01025	0.02587	0.00805	0.00488	0.00407	0.00117	0.00475	0.00375	0.00351	0.20584
15	0.00552	0.00394	0.00526	0.00631	0.00657	0.00368	0.00421	0.00631	0.00868	0.01157	0.02498	0.83779	0.02997	0.01420	0.00578	0.00184	0.00263	0.01288	0.00421	0.00368
16	0.00658	0.00442	0.00510	0.00510	0.00516	0.00448	0.00295	0.00669	0.00664	0.00891	0.01413	0.02884	0.01612	0.78539	0.07794	0.00459	0.00492	0.00647	0.00272	0.00283
17	0.01175	0.29899	0.25506	0.01100	0.03390	0.19446	0.04166	0.01438	0.01025	0.01224	0.00900	0.03645	0.02336	0.00488	0.00394	0.00125	0.00612	0.02325	0.00221	0.00585
18	0.00856	0.00805	0.01359	0.82986	0.03121	0.01007	0.01258	0.01158	0.00906	0.01158	0.00805	0.01208	0.00604	0.00453	0.00453	0.00151	0.00604	0.00403	0.00201	0.00503
19	0.00647	0.00485	0.00728	0.00728	0.00809	0.00566	0.00566	0.00809	0.00728	0.01052	0.01214	0.01780	0.01133	0.03398	0.82279	0.00728	0.01214	0.00485	0.00243	0.00405
20	0.00924	0.00893	0.01566	0.60871	0.17536	0.01032	0.08286	0.01227	0.00944	0.01244	0.00824	0.01193	0.00633	0.00438	0.00460	0.00148	0.00606	0.00415	0.00208	0.00553
21	0.02033	0.00771	0.01052	0.00806	0.01157	0.00666	0.00666	0.02208	0.01297	0.81562	0.01788	0.01542	0.01122	0.00561	0.00456	0.00140	0.00386	0.00456	0.00561	0.00771
22	0.00730	0.00522	0.00730	0.00835	0.00939	0.00522	0.00730	0.00939	0.01043	0.01356	0.02399	0.05111	0.02608	0.01252	0.00626	0.00209	0.00417	0.78199	0.00417	0.00417
23	0.00659	0.00439	0.00494	0.00494	0.00494	0.00439	0.00275	0.00659	0.00659	0.00879	0.01428	0.02965	0.01647	0.84075	0.02306	0.00439	0.00439	0.00659	0.00275	0.00275
24	0.01741	0.01123	0.01258	0.01013	0.03342	0.03110	0.00808	0.51578	0.03423	0.23393	0.01314	0.03663	0.00935	0.00570	0.00457	0.00138	0.00468	0.00446	0.00470	0.00751
25	0.00552	0.00394	0.00526	0.00631	0.00657	0.00368	0.00421	0.00631	0.00868	0.01157	0.02498	0.83779	0.02997	0.01420	0.00578	0.00184	0.00263	0.01288	0.00421	0.00368
26	0.00856	0.00805	0.01359	0.82986	0.03121	0.01007	0.01258	0.01158	0.00906	0.01158	0.00805	0.01208	0.00604	0.00453	0.00453	0.00151	0.00604	0.00403	0.00201	0.00503
27	0.01587	0.20294	0.01525	0.01081	0.01348	0.64502	0.00853	0.01710	0.01204	0.01100	0.00685	0.00797	0.00583	0.00449	0.00383	0.00112	0.00744	0.00281	0.00225	0.00538
28	0.00579	0.00471	0.02278	0.00621	0.00707	0.00407	0.00464	0.00698	0.00949	0.01226	0.05516	0.48280	0.24271	0.01288	0.00568	0.00176	0.00280	0.10417	0.00418	0.00386
29	0.22222	0.03527	0.01172	0.25921	0.03654	0.14219	0.02758	0.02969	0.00998	0.09288	0.00873	0.01061	0.00660	0.00473	0.00435	0.00139	0.03856	0.00351	0.04882	0.00541
30	0.04065	0.01137	0.01122	0.00962	0.01246	0.07145	0.00760	0.23060	0.51107	0.02100	0.01519	0.01435	0.01132	0.00579	0.00449	0.00146	0.00430	0.00460	0.00437	0.00710
31	0.01096	0.06073	0.12469	0.03639	0.19002	0.02993	0.04525	0.06874	0.17061	0.01616	0.03076	0.01210	0.00901	0.00461	0.00423	0.00126	0.00486	0.00395	0.00297	0.17280
32	0.00958	0.09008	0.64627	0.03895	0.05860	0.01106	0.01522	0.02757	0.00976	0.01423	0.00804	0.00955	0.00589	0.00425	0.00418	0.00137	0.00632	0.00332	0.00200	0.03375

[dist]
# distance from previous block
# <min> <max>
0	7

[block]
# block no. 6 follows, 57 sequences, length 17
# corresponding to MSA columns:
# 306-322
name=unknown_G
#
# <colnr> <probs for GDERKNQSTAVLIFYWHMCP>
#	G	D	E	R	K	N	Q	S	T	A	V	L	I	F	Y	W	H	M	C	P
0	0.01742	0.01148	0.01268	0.00976	0.01327	0.01236	0.00805	0.62951	0.01937	0.16668	0.01227	0.01192	0.00848	0.00546	0.00448	0.00136	0.00467	0.00417	0.03905	0.00757
1	0.00722	0.00516	0.00593	0.00556	0.00712	0.00467	0.00423	0.00953	0.06185	0.07353	0.32957	0.03619	0.41289	0.00988	0.00525	0.00148	0.00243	0.00840	0.00463	0.00449
2	0.00836	0.02125	0.03346	0.05261	0.04971	0.09029	0.03200	0.01003	0.03054	0.04572	0.02050	0.48608	0.06669	0.01056	0.00541	0.00165	0.01753	0.00935	0.00366	0.00458
3	0.01779	0.00761	0.00991	0.00781	0.01099	0.00685	0.00638	0.05112	0.05526	0.63549	0.05890	0.01858	0.07954	0.00630	0.00466	0.00142	0.00367	0.00516	0.00536	0.00719
4	0.00553	0.00404	0.00520	0.00609	0.00653	0.00371	0.00412	0.00640	0.00899	0.01184	0.05039	0.72177	0.12127	0.01374	0.00572	0.00179	0.00258	0.01236	0.00423	0.00371
5	0.24010	0.00869	0.00892	0.00751	0.01023	0.00943	0.00605	0.16350	0.16631	0.15971	0.02681	0.01330	0.01002	0.00532	0.00389	0.00136	0.00361	0.00403	0.14497	0.00624
6	0.01070	0.03864	0.43464	0.01655	0.22637	0.01091	0.05820	0.05299	0.05287	0.04195	0.00925	0.01074	0.00689	0.00439	0.00441	0.00141	0.00602	0.00379	0.00242	0.00688
7	0.73769	0.00860	0.00727	0.00629	0.00921	0.00961	0.00519	0.01471	0.00854	0.14634	0.00814	0.00864	0.00591	0.00443	0.00308	0.00140	0.00356	0.00279	0.00325	0.00535
8	0.00561	0.00398	0.00523	0.00620	0.00644	0.00374	0.00409	0.00633	0.00851	0.01134	0.02411	0.77216	0.02887	0.08133	0.00719	0.00205	0.00277	0.01237	0.00409	0.00360
9	0.01172	0.01146	0.03403	0.05344	0.59014	0.05072	0.04323	0.08787	0.01129	0.01555	0.00889	0.01179	0.00744	0.03673	0.00522	0.00147	0.00558	0.00412	0.00247	0.00683
10	0.09404	0.09901	0.01093	0.00807	0.02380	0.00908	0.00654	0.05021	0.06427	0.26848	0.09051	0.01518	0.01261	0.00778	0.06122	0.00179	0.08226	0.00442	0.08376	0.00603
11	0.52058	0.05116	0.01015	0.03145	0.08399	0.05600	0.00685	0.10532	0.05314	0.01939	0.00781	0.00884	0.00608	0.00444	0.00339	0.00136	0.00424	0.00300	0.00296	0.01983
12	0.13813	0.01214	0.01262	0.00979	0.01330	0.01350	0.00809	0.68657	0.01938	0.02740	0.01023	0.01038	0.00731	0.00527	0.00429	0.00137	0.00478	0.00385	0.00429	0.00731
13	0.01924	0.00819	0.01069	0.00824	0.01169	0.00743	0.00678	0.09624	0.03421	0.68266	0.03317	0.01525	0.01148	0.00562	0.00454	0.00138	0.00391	0.00455	0.00539	0.02934
14	0.00552	0.00394	0.00526	0.00631	0.00657	0.00368	0.00421	0.00631	0.00868	0.01157	0.02498	0.83779	0.02997	0.01420	0.00578	0.00184	0.00263	0.01288	0.00421	0.00368
15	0.00655	0.00440	0.00505	0.00509	0.00513	0.00442	0.00292	0.00665	0.00669	0.00895	0.01453	0.05540	0.01669	0.77923	0.05686	0.00443	0.00467	0.00672	0.00278	0.00283
16	0.00956	0.00889	0.01471	0.60671	0.21253	0.01041	0.01272	0.04687	0.00990	0.01308	0.00829	0.01183	0.00638	0.00446	0.00452	0.00147	0.00584	0.00403	0.00218	0.00565

[dist]
# distance from previous block
# <min> <max>
0	1

[block]
# block no. 7 follows, 57 sequences, length 49
# corresponding to MSA columns:
# 324,325,332-378
name=unknown_H
#
# <colnr> <probs for GDERKNQSTAVLIFYWHMCP>
#	G	D	E	R	K	N	Q	S	T	A	V	L	I	F	Y	W	H	M	C	P
0	0.00991	0.00991	0.01388	0.01190	0.01190	0.01388	0.00991	0.01091	0.00694	0.01091	0.00595	0.00991	0.00595	0.00793	0.01487	0.00198	0.83246	0.00397	0.00198	0.00496
1	0.00909	0.02344	0.81727	0.01292	0.01961	0.01052	0.01674	0.01435	0.00957	0.01435	0.00813	0.00957	0.00574	0.00431	0.00431	0.00144	0.00670	0.00335	0.00191	0.00670
2	0.00598	0.00461	0.00545	0.00524	0.00650	0.00409	0.00393	0.00771	0.01180	0.01573	0.49516	0.03787	0.35921	0.01018	0.00535	0.00147	0.00220	0.00876	0.00467	0.00409
3	0.06319	0.00776	0.01032	0.00796	0.01143	0.00684	0.00657	0.02164	0.01271	0.77564	0.01730	0.01502	0.01090	0.00554	0.00447	0.00140	0.00384	0.00445	0.00547	0.00757
4	0.00659	0.00439	0.00494	0.00494	0.00494	0.00439	0.00275	0.00659	0.00659	0.00879	0.01428	0.02965	0.01647	0.84075	0.02306	0.00439	0.00439	0.00659	0.00275	0.00275
5	0.00635	0.00463	0.00597	0.00563	0.00673	0.00425	0.00422	0.00842	0.01267	0.01780	0.76228	0.03446	0.09080	0.00940	0.00535	0.00143	0.00215	0.00828	0.00494	0.00425
6	0.00571	0.00402	0.00520	0.00607	0.00629	0.00380	0.00395	0.00636	0.00831	0.01109	0.02312	0.69800	0.02764	0.15717	0.00877	0.00228	0.00293	0.01179	0.00395	0.00352
7	0.87276	0.00876	0.00666	0.00596	0.00876	0.01017	0.00491	0.01332	0.00771	0.02033	0.00631	0.00736	0.00491	0.00421	0.00280	0.00140	0.00351	0.00245	0.00280	0.00491
8	0.01070	0.01222	0.02674	0.01910	0.02368	0.01146	0.79603	0.01451	0.01070	0.01451	0.00917	0.01222	0.00688	0.00382	0.00535	0.00153	0.00764	0.00535	0.00229	0.00611
9	0.00586	0.00422	0.00561	0.00655	0.00704	0.00398	0.00471	0.00695	0.00924	0.01224	0.06148	0.63001	0.06552	0.01356	0.00583	0.00185	0.00286	0.14445	0.00424	0.00380
10	0.01102	0.01210	0.02543	0.03984	0.04516	0.01155	0.70992	0.05835	0.01124	0.01523	0.00922	0.01212	0.00691	0.00394	0.00526	0.00151	0.00739	0.00521	0.00241	0.00620
11	0.01166	0.27598	0.27464	0.02397	0.04200	0.09245	0.03473	0.07827	0.01050	0.01365	0.00748	0.00903	0.00604	0.00468	0.00507	0.00132	0.09693	0.00324	0.00221	0.00615
12	0.00994	0.04026	0.38724	0.01167	0.08786	0.00907	0.01161	0.01386	0.03587	0.04686	0.02596	0.01059	0.00746	0.00418	0.00402	0.00117	0.00514	0.00338	0.00249	0.28137
13	0.01076	0.03043	0.05751	0.10419	0.03326	0.05330	0.02363	0.08498	0.02312	0.11830	0.10552	0.03882	0.15340	0.00684	0.00472	0.00139	0.01781	0.00565	0.12096	0.00543
14	0.05560	0.01153	0.01245	0.00978	0.01320	0.01265	0.00802	0.56190	0.13580	0.11327	0.01256	0.01211	0.00887	0.00551	0.00447	0.00139	0.00459	0.00421	0.00458	0.00750
15	0.00635	0.00470	0.00556	0.00530	0.00663	0.00415	0.00399	0.00806	0.01177	0.03772	0.46439	0.03747	0.36724	0.01010	0.00533	0.00147	0.00225	0.00867	0.00467	0.00418
16	0.00977	0.02618	0.03133	0.00788	0.03578	0.00690	0.02027	0.03679	0.00983	0.01511	0.00814	0.00951	0.00672	0.00349	0.00348	0.00076	0.00366	0.00283	0.00269	0.75889
17	0.06017	0.00607	0.00796	0.00719	0.00840	0.00660	0.00546	0.01131	0.00833	0.18637	0.01303	0.01913	0.01181	0.24272	0.30075	0.00436	0.08749	0.00504	0.00319	0.00463
18	0.00552	0.00394	0.00526	0.00631	0.00657	0.00368	0.00421	0.00631	0.00868	0.01157	0.02498	0.83779	0.02997	0.01420	0.00578	0.00184	0.00263	0.01288	0.00421	0.00368
19	0.00978	0.00980	0.07415	0.17653	0.16897	0.00917	0.12347	0.01398	0.11885	0.05253	0.06254	0.03014	0.10657	0.00586	0.00478	0.00147	0.00497	0.00539	0.01511	0.00592
20	0.01387	0.07964	0.27046	0.01282	0.11828	0.03162	0.02666	0.09382	0.02480	0.24147	0.01115	0.01153	0.00783	0.00486	0.00466	0.00138	0.03098	0.00385	0.00332	0.00698
21	0.03677	0.01279	0.01190	0.00973	0.01279	0.17449	0.00779	0.35993	0.11520	0.15156	0.01227	0.01204	0.00880	0.00536	0.00435	0.00134	0.00509	0.00402	0.04689	0.00691
22	0.00552	0.00394	0.00526	0.00631	0.00657	0.00368	0.00421	0.00631	0.00868	0.01157	0.02498	0.83779	0.02997	0.01420	0.00578	0.00184	0.00263	0.01288	0.00421	0.00368
23	0.01086	0.01771	0.48615	0.10208	0.08706	0.01043	0.01402	0.09050	0.01097	0.08128	0.01003	0.01135	0.02441	0.00474	0.00458	0.00144	0.01938	0.00380	0.00256	0.00665
24	0.01274	0.73639	0.02232	0.00826	0.01194	0.12277	0.00788	0.01416	0.00968	0.01072	0.00639	0.00739	0.00582	0.00398	0.00306	0.00100	0.00528	0.00249	0.00199	0.00574
25	0.02313	0.00993	0.09409	0.04030	0.07157	0.02161	0.03228	0.05104	0.17420	0.05153	0.10549	0.03378	0.03446	0.00596	0.00486	0.00136	0.03876	0.01705	0.06665	0.12195
26	0.03874	0.09739	0.13689	0.01103	0.06231	0.12191	0.02339	0.16143	0.11634	0.08225	0.01214	0.09473	0.01017	0.00584	0.00437	0.00138	0.00518	0.00468	0.00340	0.00640
27	0.00921	0.02156	0.70061	0.01372	0.03837	0.01046	0.09388	0.01417	0.00968	0.01431	0.00864	0.02950	0.00646	0.00448	0.00445	0.00145	0.00666	0.00379	0.00201	0.00658
28	0.01602	0.01863	0.01290	0.01146	0.01354	0.61800	0.00882	0.04646	0.01223	0.05687	0.00759	0.00896	0.00623	0.00527	0.00584	0.00132	0.13868	0.00322	0.00255	0.00544
29	0.00986	0.04069	0.73685	0.01255	0.01895	0.01080	0.01586	0.05844	0.01029	0.03265	0.00846	0.00972	0.00597	0.00439	0.00429	0.00142	0.00650	0.00340	0.00214	0.00676
30	0.00730	0.00522	0.00730	0.00835	0.00939	0.00522	0.00730	0.00939	0.01043	0.01356	0.02399	0.05111	0.02608	0.01252	0.00626	0.00209	0.00417	0.78199	0.00417	0.00417
31	0.00641	0.00463	0.00606	0.00570	0.00677	0.00428	0.00428	0.00855	0.01283	0.01817	0.81009	0.03385	0.04276	0.00926	0.00534	0.00143	0.00214	0.00819	0.00499	0.00428
