[name]
unknown

[dist]
# distance from previous block
# <min> <max>
9	235

[block]
# block no. 0 follows, 58 sequences, length 32
# corresponding to MSA columns:
# 477-488,509-516,528-531,539-546
name=unknown_A
#
# <colnr> <probs for GDERKNQSTAVLIFYWHMCP>
#	G	D	E	R	K	N	Q	S	T	A	V	L	I	F	Y	W	H	M	C	P
0	0.05681	0.04768	0.03553	0.04292	0.10559	0.13430	0.00789	0.08088	0.06415	0.08525	0.05292	0.07329	0.04562	0.00654	0.02139	0.00144	0.01925	0.01833	0.00330	0.09692
1	0.10041	0.01017	0.02672	0.10585	0.03044	0.04165	0.00796	0.25957	0.14371	0.07356	0.04235	0.02611	0.05151	0.00592	0.00458	0.00142	0.01928	0.02296	0.00382	0.02201
2	0.00722	0.00489	0.00597	0.02374	0.04026	0.00479	0.00426	0.00863	0.02572	0.01252	0.01695	0.20940	0.03638	0.25101	0.03241	0.00239	0.00350	0.02532	0.23141	0.05324
3	0.04144	0.00539	0.00650	0.00650	0.00750	0.00553	0.00488	0.05600	0.07409	0.01371	0.07924	0.15126	0.07284	0.05230	0.00871	0.19797	0.00335	0.12743	0.08141	0.00395
4	0.02707	0.00940	0.01510	0.18609	0.08654	0.06090	0.22395	0.01212	0.04033	0.01238	0.00954	0.01317	0.02307	0.03653	0.00788	0.14012	0.05038	0.00443	0.02057	0.02041
5	0.07382	0.00873	0.01125	0.05628	0.17988	0.02367	0.02044	0.12166	0.12446	0.02872	0.07574	0.03640	0.07419	0.00728	0.01536	0.00159	0.01604	0.11508	0.00359	0.00582
6	0.02175	0.00722	0.00864	0.00733	0.00967	0.00702	0.00578	0.16042	0.04216	0.26577	0.05359	0.12995	0.15522	0.03632	0.03758	0.00178	0.00383	0.01680	0.00452	0.02465
7	0.06466	0.00476	0.00555	0.00584	0.00676	0.00458	0.00418	0.01881	0.00929	0.03267	0.08969	0.34820	0.18556	0.11003	0.02352	0.00208	0.00308	0.05402	0.02282	0.00388
8	0.09746	0.00767	0.01142	0.11549	0.04669	0.00813	0.13497	0.04031	0.08407	0.03219	0.06754	0.11832	0.02575	0.07779	0.02962	0.01400	0.01728	0.01780	0.04850	0.00502
9	0.01220	0.00949	0.01047	0.00946	0.04512	0.01045	0.00714	0.20119	0.43182	0.06451	0.03444	0.01830	0.09501	0.02363	0.00499	0.00152	0.00381	0.00528	0.00442	0.00675
10	0.07059	0.00601	0.00691	0.00664	0.00799	0.00607	0.00486	0.11667	0.03639	0.07554	0.06926	0.37255	0.09003	0.08956	0.00673	0.00186	0.00320	0.00866	0.01584	0.00464
11	0.11366	0.00648	0.00745	0.00681	0.00866	0.00646	0.00531	0.11619	0.01175	0.14570	0.14359	0.21145	0.11559	0.00898	0.00487	0.00153	0.00318	0.05781	0.01944	0.00510
12	0.00589	0.00442	0.00552	0.00622	0.00686	0.00421	0.00434	0.00758	0.06002	0.01232	0.05992	0.61199	0.14043	0.01286	0.00557	0.00175	0.00264	0.03934	0.00421	0.00392
13	0.00529	0.00451	0.00456	0.00459	0.00606	0.00377	0.00343	0.00641	0.01014	0.01206	0.04457	0.07171	0.78489	0.01143	0.00530	0.00152	0.00228	0.00956	0.00415	0.00377
14	0.15500	0.00657	0.00718	0.00675	0.00836	0.00681	0.00508	0.14595	0.01102	0.07170	0.04581	0.32572	0.06301	0.06305	0.00589	0.00174	0.00332	0.02440	0.03786	0.00480
15	0.00854	0.00615	0.00688	0.00663	0.00803	0.02154	0.00492	0.05410	0.14936	0.06145	0.12691	0.24807	0.13078	0.05476	0.00595	0.00168	0.00303	0.02163	0.07477	0.00481
16	0.00639	0.00479	0.00719	0.00719	0.00799	0.00559	0.00559	0.00799	0.00719	0.01038	0.01198	0.01757	0.01118	0.03355	0.82507	0.00719	0.01198	0.00479	0.00240	0.00399
17	0.00634	0.00433	0.00520	0.00534	0.00548	0.00439	0.00326	0.00664	0.00688	0.00926	0.01533	0.14225	0.01754	0.62966	0.11574	0.00432	0.00500	0.00718	0.00288	0.00299
18	0.01023	0.00662	0.00781	0.00679	0.00882	0.00643	0.00530	0.11052	0.08732	0.14205	0.26135	0.06784	0.15612	0.02511	0.00525	0.00147	0.00305	0.02033	0.02282	0.04476
19	0.00597	0.00440	0.00566	0.00619	0.00688	0.00395	0.00420	0.00685	0.00852	0.01163	0.02202	0.69145	0.02604	0.06335	0.00647	0.00183	0.00279	0.01114	0.00389	0.10678
20	0.01700	0.01253	0.01342	0.01029	0.01387	0.01387	0.00850	0.79997	0.02103	0.02819	0.01074	0.01074	0.00761	0.00537	0.00447	0.00134	0.00492	0.00403	0.00447	0.00761
21	0.00551	0.00454	0.00484	0.00477	0.00618	0.00387	0.00357	0.00685	0.01072	0.01334	0.20978	0.04098	0.64782	0.01086	0.00528	0.00149	0.00223	0.00915	0.00432	0.00387
22	0.71819	0.00882	0.00722	0.00631	0.00906	0.01013	0.00517	0.09277	0.02908	0.02067	0.00745	0.00837	0.00571	0.00438	0.00301	0.00136	0.00353	0.00275	0.05088	0.00514
23	0.00545	0.00389	0.00519	0.00623	0.00649	0.00363	0.00415	0.00623	0.00856	0.01142	0.02465	0.83987	0.02959	0.01401	0.00571	0.00182	0.00260	0.01272	0.00415	0.00363
24	0.01080	0.00925	0.00978	0.00880	0.01124	0.01060	0.00684	0.03608	0.72873	0.01857	0.05035	0.01834	0.04792	0.00640	0.00461	0.00151	0.00346	0.00534	0.00455	0.00684
25	0.00650	0.00437	0.00505	0.00505	0.00511	0.00443	0.00292	0.00662	0.00656	0.00880	0.01394	0.02840	0.01589	0.78267	0.08238	0.00455	0.00490	0.00638	0.00269	0.00281
26	0.00640	0.00477	0.00706	0.00706	0.00781	0.00552	0.00543	0.00790	0.00715	0.01029	0.01210	0.01824	0.01147	0.07997	0.77904	0.00703	0.01154	0.00489	0.00241	0.00392
27	0.01062	0.01209	0.02401	0.01743	0.02155	0.06240	0.69040	0.01407	0.01075	0.01423	0.04958	0.03192	0.00902	0.00433	0.00521	0.00149	0.00719	0.00544	0.00244	0.00583
28	0.02049	0.00938	0.01615	0.38385	0.13839	0.01025	0.17381	0.01321	0.06533	0.01332	0.00886	0.01182	0.00687	0.00441	0.00493	0.00143	0.03828	0.00420	0.00232	0.07272
29	0.00942	0.06438	0.00860	0.03242	0.03397	0.02399	0.00532	0.05533	0.00768	0.04115	0.00842	0.02380	0.00788	0.01262	0.01386	0.62314	0.01864	0.00392	0.00228	0.00317
30	0.00560	0.00403	0.00510	0.00587	0.00622	0.00376	0.00388	0.00632	0.00849	0.01121	0.03906	0.63694	0.09997	0.13158	0.00809	0.00214	0.00280	0.01145	0.00396	0.00353
31	0.00698	0.00602	0.00639	0.00672	0.00752	0.08214	0.00480	0.02365	0.00902	0.01144	0.02219	0.41986	0.12699	0.05834	0.18311	0.00299	0.00523	0.00915	0.00353	0.00391

[dist]
# distance from previous block
# <min> <max>
2	22

[block]
# block no. 1 follows, 58 sequences, length 29
# corresponding to MSA columns:
# 580-583,585-609
name=unknown_B
#
# <colnr> <probs for GDERKNQSTAVLIFYWHMCP>
#	G	D	E	R	K	N	Q	S	T	A	V	L	I	F	Y	W	H	M	C	P
0	0.00638	0.00435	0.00524	0.00544	0.00569	0.00435	0.00347	0.00688	0.00738	0.01000	0.03267	0.15907	0.04094	0.53265	0.09326	0.00386	0.00459	0.04056	0.03007	0.00314
1	0.02399	0.05596	0.01491	0.09827	0.23452	0.12379	0.02639	0.02555	0.00950	0.01284	0.00733	0.00994	0.00631	0.00507	0.00687	0.00139	0.22466	0.00358	0.00222	0.10690
2	0.00645	0.00444	0.00548	0.00550	0.00571	0.00464	0.00348	0.00688	0.00673	0.00917	0.01378	0.04414	0.01525	0.61639	0.22874	0.00501	0.00626	0.00620	0.00266	0.00306
3	0.00928	0.00795	0.00928	0.00663	0.01060	0.00596	0.00530	0.01126	0.00928	0.01458	0.00795	0.00928	0.00663	0.00331	0.00331	0.00066	0.00331	0.00265	0.00265	0.87014
4	0.00558	0.00397	0.00525	0.00623	0.00650	0.00373	0.00419	0.00636	0.00851	0.01133	0.02399	0.76075	0.02865	0.06300	0.00674	0.00198	0.00276	0.04281	0.00407	0.00360
5	0.08547	0.00856	0.00919	0.00799	0.01026	0.00932	0.00623	0.23014	0.22812	0.06174	0.04178	0.09185	0.06337	0.09230	0.00646	0.00178	0.00382	0.03153	0.00418	0.00592
6	0.00718	0.00544	0.00647	0.00604	0.00746	0.00530	0.00458	0.01081	0.14083	0.03208	0.52934	0.03212	0.17722	0.00898	0.00515	0.00144	0.00240	0.00778	0.00474	0.00467
7	0.03949	0.00499	0.00626	0.00582	0.00705	0.00476	0.00441	0.00950	0.04323	0.03516	0.73441	0.03139	0.03903	0.00876	0.00514	0.00141	0.00225	0.00768	0.00484	0.00443
8	0.00808	0.00572	0.00694	0.00694	0.00826	0.00572	0.00536	0.05260	0.11368	0.05636	0.14291	0.24757	0.12112	0.02399	0.00563	0.00171	0.00311	0.15918	0.02044	0.00469
9	0.04082	0.00483	0.00581	0.00567	0.00679	0.00508	0.00435	0.02574	0.00930	0.01456	0.12361	0.02121	0.08967	0.01632	0.29500	0.00333	0.00573	0.00534	0.31268	0.00418
10	0.00979	0.00979	0.01370	0.01174	0.01174	0.01370	0.00979	0.01077	0.00685	0.01077	0.00587	0.00979	0.00587	0.00783	0.01468	0.00196	0.83461	0.00391	0.00196	0.00489
11	0.00573	0.00412	0.00550	0.00650	0.00692	0.00388	0.00462	0.00673	0.00890	0.01176	0.02514	0.68718	0.05343	0.01366	0.00577	0.00185	0.00283	0.13761	0.00415	0.00372
12	0.00701	0.00515	0.00604	0.00589	0.01634	0.00486	0.00429	0.03837	0.04580	0.03309	0.31384	0.08548	0.27859	0.08882	0.00684	0.00175	0.00268	0.02250	0.02840	0.00426
13	0.00619	0.00475	0.00567	0.00570	0.00678	0.00445	0.00417	0.00837	0.06326	0.01459	0.33944	0.20568	0.25052	0.03820	0.00592	0.00164	0.00246	0.02364	0.00443	0.00411
14	0.01107	0.01063	0.01816	0.02746	0.81489	0.01063	0.01373	0.01373	0.01019	0.01461	0.00841	0.01107	0.00709	0.00399	0.00443	0.00133	0.00531	0.00399	0.00221	0.00709
15	0.00655	0.00419	0.00517	0.00535	0.00542	0.00416	0.00325	0.00637	0.00676	0.00903	0.01472	0.16801	0.01689	0.52369	0.03963	0.16402	0.00415	0.00706	0.00281	0.00276
16	0.00676	0.00486	0.00582	0.00596	0.00683	0.00466	0.00422	0.03678	0.03983	0.02921	0.15520	0.30716	0.16849	0.15981	0.00851	0.00212	0.00298	0.04275	0.00408	0.00397
17	0.00625	0.00441	0.00569	0.00642	0.00702	0.00422	0.00458	0.00776	0.04002	0.02544	0.07002	0.58069	0.06020	0.03577	0.00607	0.00184	0.00283	0.10319	0.02367	0.00392
18	0.01842	0.00985	0.01172	0.00903	0.01251	0.00995	0.00744	0.36541	0.04269	0.44288	0.01462	0.01329	0.00963	0.00548	0.00449	0.00137	0.00429	0.00431	0.00504	0.00759
19	0.08043	0.00768	0.00939	0.00771	0.01042	0.00751	0.00621	0.11290	0.07359	0.41435	0.08809	0.04862	0.01412	0.00687	0.00527	0.05250	0.00368	0.02519	0.01905	0.00642
20	0.00698	0.00473	0.00574	0.00584	0.00681	0.00438	0.00416	0.03641	0.01024	0.05896	0.17824	0.35247	0.19574	0.07948	0.00676	0.00182	0.00272	0.00964	0.02479	0.00408
21	0.02459	0.00494	0.00575	0.01529	0.00695	0.00460	0.00408	0.02516	0.01068	0.05897	0.27224	0.05206	0.31224	0.08380	0.02535	0.02140	0.00286	0.00769	0.05721	0.00413
22	0.00854	0.00805	0.01359	0.80264	0.05946	0.00996	0.01247	0.01151	0.00899	0.01155	0.00797	0.01189	0.00600	0.00445	0.00447	0.00148	0.00594	0.00398	0.00200	0.00505
23	0.02818	0.00856	0.04078	0.03244	0.03579	0.05088	0.03819	0.07788	0.08863	0.10016	0.07322	0.04507	0.09069	0.02705	0.00554	0.00148	0.05814	0.02900	0.16289	0.00541
24	0.00670	0.00483	0.00552	0.00539	0.00666	0.00439	0.00399	0.00845	0.04125	0.05015	0.21868	0.09341	0.38365	0.09353	0.00698	0.00179	0.00264	0.03418	0.02373	0.00409
25	0.00730	0.00519	0.00781	0.14257	0.04557	0.00560	0.00631	0.00834	0.00807	0.02911	0.01475	0.26020	0.01544	0.01626	0.19794	0.15512	0.00572	0.02935	0.03545	0.00391
26	0.01040	0.01133	0.12699	0.19881	0.17264	0.02345	0.09642	0.07368	0.06354	0.04534	0.01122	0.02884	0.03448	0.01773	0.04780	0.00178	0.02230	0.00452	0.00269	0.00602
27	0.00810	0.00495	0.00606	0.01918	0.06737	0.00491	0.00460	0.00996	0.02531	0.03080	0.03024	0.09687	0.07994	0.04159	0.01880	0.04466	0.00295	0.04214	0.45729	0.00427
28	0.02190	0.00540	0.00742	0.08927	0.07120	0.00553	0.00564	0.00917	0.00895	0.04697	0.09566	0.05157	0.12846	0.06652	0.11806	0.12226	0.00459	0.00577	0.13152	0.00413

[dist]
# distance from previous block
# <min> <max>
3	6

[block]
# block no. 2 follows, 58 sequences, length 10
# corresponding to MSA columns:
# 618-627
name=unknown_C
#
# <colnr> <probs for GDERKNQSTAVLIFYWHMCP>
#	G	D	E	R	K	N	Q	S	T	A	V	L	I	F	Y	W	H	M	C	P
0	0.00940	0.00963	0.01638	0.48069	0.05239	0.05052	0.21255	0.01235	0.00966	0.01247	0.02911	0.01294	0.02698	0.00463	0.00492	0.00147	0.02588	0.00447	0.00222	0.02135
1	0.00756	0.00556	0.00661	0.00664	0.02295	0.02608	0.00483	0.04825	0.02810	0.04014	0.36371	0.21796	0.11039	0.00985	0.00518	0.00151	0.00276	0.04027	0.04723	0.00444
2	0.02512	0.00910	0.01326	0.10312	0.18650	0.03992	0.09257	0.06715	0.07907	0.03446	0.08506	0.08829	0.03060	0.00658	0.00546	0.00151	0.06018	0.04821	0.01815	0.00570
3	0.00595	0.00441	0.00564	0.00620	0.00691	0.00410	0.00436	0.00738	0.03251	0.01278	0.13310	0.58106	0.08874	0.01241	0.00551	0.00169	0.00262	0.04117	0.00421	0.03927
4	0.05858	0.19058	0.05918	0.00841	0.01215	0.05593	0.00744	0.17746	0.06349	0.05678	0.00916	0.00974	0.00712	0.00431	0.00366	0.00107	0.00446	0.00317	0.00308	0.26425
5	0.00731	0.00399	0.00551	0.00562	0.00581	0.00393	0.00375	0.00639	0.00685	0.00944	0.04317	0.10964	0.03643	0.09028	0.01476	0.56950	0.00353	0.00547	0.06612	0.00251
6	0.03348	0.00932	0.01551	0.18596	0.14277	0.00987	0.18425	0.04330	0.03359	0.03274	0.02479	0.01498	0.03655	0.00572	0.01771	0.00155	0.08459	0.04481	0.00265	0.07584
7	0.01278	0.17533	0.03271	0.01035	0.05528	0.18656	0.00809	0.10812	0.28009	0.01594	0.03252	0.04198	0.01050	0.00545	0.00415	0.00131	0.00501	0.00421	0.00336	0.00627
8	0.04357	0.00682	0.00809	0.00716	0.00893	0.00728	0.00571	0.12280	0.04324	0.10322	0.07341	0.02261	0.18896	0.01267	0.16252	0.00255	0.07066	0.02306	0.08162	0.00512
9	0.00583	0.00433	0.00522	0.00540	0.00628	0.00391	0.00383	0.00695	0.01007	0.01324	0.26381	0.25569	0.28712	0.06002	0.00697	0.04140	0.00250	0.00951	0.00420	0.00372

[dist]
# distance from previous block
# <min> <max>
0	1

[block]
# block no. 3 follows, 58 sequences, length 142
# corresponding to MSA columns:
# 629-651,653-660,668-778
name=unknown_D
#
# <colnr> <probs for GDERKNQSTAVLIFYWHMCP>
#	G	D	E	R	K	N	Q	S	T	A	V	L	I	F	Y	W	H	M	C	P
0	0.01319	0.01036	0.01468	0.04609	0.35265	0.01084	0.02292	0.25766	0.05128	0.08463	0.01136	0.01417	0.00907	0.00596	0.02700	0.00156	0.00515	0.05109	0.00341	0.00694
1	0.00648	0.00475	0.00581	0.00586	0.00700	0.00437	0.00443	0.02828	0.01111	0.03018	0.31546	0.19782	0.26040	0.01091	0.00542	0.00158	0.00256	0.08898	0.00446	0.00412
2	0.11035	0.00691	0.00881	0.00748	0.01014	0.00641	0.00616	0.01716	0.01145	0.50397	0.03836	0.06967	0.01468	0.00707	0.00462	0.00151	0.00364	0.13057	0.03474	0.00630
3	0.00969	0.00778	0.00918	0.00665	0.01047	0.00592	0.00532	0.01167	0.00960	0.05512	0.04432	0.01065	0.00844	0.00368	0.00346	0.00073	0.00328	0.00299	0.00290	0.78816
4	0.00963	0.00787	0.00873	0.00750	0.01013	0.00789	0.00588	0.01640	0.37505	0.04226	0.08963	0.02065	0.11686	0.00648	0.00444	0.00130	0.00322	0.03035	0.00406	0.23170
5	0.83265	0.00884	0.00691	0.00610	0.00891	0.01022	0.00502	0.05146	0.00827	0.02047	0.00645	0.00744	0.00498	0.00421	0.00285	0.00138	0.00353	0.00250	0.00285	0.00498
6	0.00573	0.00434	0.00507	0.00527	0.00613	0.00391	0.00368	0.00681	0.00974	0.01265	0.19801	0.25458	0.32195	0.13219	0.00793	0.00198	0.00262	0.00961	0.00411	0.00368
7	0.01651	0.00763	0.00961	0.00767	0.01043	0.00721	0.00608	0.10827	0.05732	0.51950	0.02957	0.01749	0.01223	0.14710	0.00758	0.00188	0.00395	0.00487	0.01845	0.00664
8	0.05880	0.01225	0.01304	0.01004	0.01357	0.01355	0.00829	0.74756	0.02023	0.04212	0.01065	0.01065	0.00754	0.00531	0.00439	0.00135	0.00483	0.00396	0.00441	0.00747
9	0.79080	0.00864	0.00701	0.00613	0.00897	0.00984	0.00505	0.02888	0.00828	0.08299	0.00721	0.00796	0.00539	0.00428	0.00294	0.00138	0.00352	0.00262	0.00302	0.00512
10	0.00573	0.00446	0.00531	0.00562	0.00650	0.00413	0.00405	0.00683	0.00966	0.01243	0.13227	0.32548	0.34590	0.05272	0.00658	0.00178	0.02527	0.03737	0.00412	0.00377
11	0.01185	0.81661	0.05140	0.00783	0.01176	0.01744	0.00797	0.01342	0.00910	0.01065	0.00628	0.00726	0.00574	0.00384	0.00292	0.00097	0.00485	0.00242	0.00191	0.00577
12	0.00561	0.00454	0.00498	0.00487	0.00624	0.00391	0.00365	0.00705	0.01096	0.01391	0.28396	0.04005	0.57329	0.01065	0.00528	0.00148	0.00222	0.00902	0.00439	0.00391
13	0.73383	0.00881	0.00740	0.00638	0.00927	0.00996	0.00526	0.06686	0.00902	0.09808	0.00764	0.00827	0.00563	0.00437	0.00305	0.00138	0.00359	0.00273	0.00315	0.00530
14	0.00624	0.00424	0.00494	0.00517	0.00527	0.00417	0.00305	0.00644	0.00706	0.00937	0.01723	0.21147	0.03888	0.63638	0.01851	0.00370	0.00390	0.00797	0.00307	0.00294
15	0.01700	0.01253	0.01342	0.01029	0.01387	0.01387	0.00850	0.79997	0.02103	0.02819	0.01074	0.01074	0.00761	0.00537	0.00447	0.00134	0.00492	0.00403	0.00447	0.00761
16	0.01641	0.02074	0.01336	0.01186	0.01429	0.77293	0.04710	0.02955	0.01270	0.01137	0.00708	0.00830	0.00584	0.00458	0.00410	0.00117	0.00799	0.00302	0.00234	0.00526
17	0.00777	0.00389	0.00583	0.00583	0.00583	0.00389	0.00389	0.00583	0.00583	0.00777	0.00777	0.01360	0.00777	0.01554	0.01748	0.86985	0.00389	0.00389	0.00194	0.00194
18	0.59308	0.00854	0.00797	0.00668	0.00968	0.00924	0.00550	0.05263	0.00971	0.24549	0.00966	0.00967	0.00673	0.00460	0.00334	0.00138	0.00363	0.00308	0.00363	0.00576
19	0.00551	0.00403	0.00515	0.00602	0.00647	0.00372	0.00410	0.00635	0.00879	0.01150	0.02718	0.68594	0.13654	0.03509	0.00611	0.00185	0.00264	0.03526	0.00411	0.00364
20	0.02637	0.01892	0.53200	0.01176	0.01728	0.01099	0.02544	0.21245	0.01259	0.07646	0.00940	0.01020	0.00655	0.00462	0.00432	0.00140	0.00594	0.00359	0.00283	0.00690
21	0.00575	0.00412	0.00534	0.00611	0.00636	0.00399	0.00406	0.00643	0.00823	0.01098	0.02280	0.65454	0.04095	0.15704	0.00884	0.00225	0.02012	0.02472	0.00386	0.00351
22	0.00571	0.00453	0.00513	0.00502	0.00631	0.00395	0.00375	0.00723	0.01115	0.01443	0.35432	0.06093	0.48062	0.01052	0.00529	0.00148	0.00221	0.00899	0.00446	0.00395
23	0.01181	0.05088	0.01159	0.00961	0.03336	0.05348	0.02497	0.07830	0.48981	0.04195	0.01525	0.01467	0.02765	0.00556	0.00451	0.00137	0.01879	0.00451	0.00396	0.09795
24	0.00601	0.00462	0.00554	0.00554	0.00676	0.00415	0.00428	0.00770	0.01128	0.01487	0.38588	0.05417	0.34986	0.01053	0.00541	0.00154	0.00245	0.11089	0.00449	0.00402
25	0.01684	0.01208	0.01306	0.01006	0.01355	0.01329	0.00828	0.72979	0.04008	0.06609	0.01132	0.01141	0.00807	0.01895	0.00477	0.00140	0.00482	0.00412	0.00450	0.00752
26	0.00547	0.00391	0.00521	0.00621	0.00649	0.00365	0.00415	0.00629	0.00868	0.01160	0.04618	0.81784	0.02993	0.01388	0.00570	0.00181	0.00258	0.01259	0.00417	0.00365
27	0.00639	0.00478	0.00712	0.00709	0.00791	0.00551	0.00551	0.00802	0.00752	0.01084	0.06076	0.01854	0.01307	0.03206	0.77512	0.00684	0.01138	0.00499	0.00255	0.00401
28	0.01140	0.00949	0.01009	0.00902	0.01156	0.01089	0.00703	0.03631	0.75321	0.04311	0.03449	0.01689	0.01407	0.00610	0.00456	0.00151	0.00354	0.00509	0.00459	0.00705
29	0.00721	0.00515	0.00721	0.00824	0.00927	0.00515	0.00721	0.00927	0.01030	0.01339	0.02368	0.05046	0.02574	0.01236	0.00618	0.00206	0.00412	0.78478	0.00412	0.00412
30	0.01133	0.00956	0.01012	0.00908	0.01163	0.01102	0.00707	0.02373	0.78908	0.03656	0.01819	0.01666	0.01360	0.00606	0.00455	0.00151	0.00355	0.00504	0.00457	0.00709
31	0.01107	0.01063	0.01816	0.02746	0.81489	0.01063	0.01373	0.01373	0.01019	0.01461	0.00841	0.01107	0.00709	0.00399	0.00443	0.00133	0.00531	0.00399	0.00221	0.00709
32	0.01700	0.01253	0.01342	0.01029	0.01387	0.01387	0.00850	0.79997	0.02103	0.02819	0.01074	0.01074	0.00761	0.00537	0.00447	0.00134	0.00492	0.00403	0.00447	0.00761
33	0.01228	0.01018	0.01076	0.00934	0.01207	0.01166	0.00736	0.17566	0.65304	0.02057	0.01675	0.01553	0.01247	0.00593	0.00454	0.00148	0.00381	0.00486	0.00454	0.00718
34	0.01306	0.00937	0.01035	0.00886	0.01158	0.01033	0.00701	0.13502	0.51247	0.14640	0.07184	0.01675	0.01434	0.00610	0.00458	0.00146	0.00368	0.00503	0.00472	0.00704
35	0.00541	0.00454	0.00470	0.00466	0.00612	0.00383	0.00350	0.00666	0.01049	0.01278	0.13640	0.04191	0.72156	0.01107	0.00529	0.00150	0.00225	0.00928	0.00425	0.00383
36	0.00570	0.00451	0.00513	0.00505	0.00631	0.00394	0.00376	0.00719	0.01107	0.01432	0.34175	0.08183	0.47231	0.01063	0.00531	0.00149	0.00222	0.00909	0.00445	0.00394
37	0.00651	0.00434	0.00488	0.00488	0.00488	0.00434	0.00271	0.00651	0.00651	0.00867	0.01409	0.02927	0.01626	0.84279	0.02277	0.00434	0.00434	0.00651	0.00271	0.00271
38	0.00529	0.00451	0.00455	0.00458	0.00605	0.00377	0.00342	0.00641	0.01015	0.01207	0.04478	0.06378	0.79269	0.01140	0.00530	0.00152	0.00227	0.00953	0.00415	0.00377
39	0.00606	0.00434	0.00564	0.00648	0.00692	0.00417	0.00444	0.04495	0.00921	0.01228	0.02395	0.78006	0.02842	0.01355	0.00566	0.00180	0.00275	0.03131	0.00417	0.00384
40	0.43028	0.00647	0.00577	0.00558	0.00728	0.00698	0.00421	0.00983	0.00810	0.01535	0.01751	0.10154	0.16083	0.16167	0.00736	0.00202	0.00334	0.03856	0.00321	0.00410
41	0.00651	0.00434	0.00488	0.00488	0.00488	0.00434	0.00271	0.00651	0.00651	0.00867	0.01409	0.02927	0.01626	0.84279	0.02277	0.00434	0.00434	0.00651	0.00271	0.00271
42	0.03820	0.00914	0.01123	0.00863	0.01211	0.00889	0.00713	0.25982	0.01521	0.55841	0.01528	0.01367	0.00987	0.00545	0.00445	0.00137	0.00414	0.00431	0.00515	0.00755
43	0.00547	0.00425	0.00500	0.00553	0.00641	0.00377	0.00394	0.00649	0.00947	0.01197	0.05432	0.42956	0.38122	0.01262	0.00553	0.00168	0.00250	0.04238	0.00417	0.00373
44	0.00608	0.00422	0.00543	0.00607	0.00666	0.00389	0.00422	0.00708	0.00926	0.03627	0.10300	0.57846	0.11653	0.04788	0.00632	0.00185	0.00269	0.04607	0.00421	0.00381
45	0.00609	0.00416	0.00500	0.00541	0.00552	0.00406	0.00328	0.00640	0.00732	0.00976	0.01827	0.35005	0.02154	0.51482	0.01602	0.00334	0.00365	0.00896	0.00328	0.00308
46	0.22336	0.01085	0.01448	0.07231	0.44620	0.07862	0.02517	0.01365	0.00953	0.01525	0.00761	0.00990	0.00629	0.00429	0.00449	0.00137	0.04465	0.00353	0.00233	0.00612
47	0.00545	0.00389	0.00519	0.00623	0.00649	0.00363	0.00415	0.00623	0.00856	0.01142	0.02465	0.83987	0.02959	0.01401	0.00571	0.00182	0.00260	0.01272	0.00415	0.00363
48	0.00897	0.02314	0.81962	0.01275	0.01936	0.01039	0.01653	0.01417	0.00944	0.01417	0.00803	0.00944	0.00567	0.00425	0.00425	0.00142	0.00661	0.00331	0.00189	0.00661
49	0.01056	0.01168	0.10876	0.12886	0.58801	0.01045	0.01357	0.02777	0.01012	0.01440	0.00834	0.01094	0.00678	0.00409	0.00439	0.00134	0.00549	0.00387	0.00220	0.02839
50	0.01101	0.01057	0.01805	0.04542	0.79738	0.01061	0.01370	0.01368	0.01016	0.01454	0.00840	0.01109	0.00706	0.00400	0.00443	0.00133	0.00533	0.00399	0.00221	0.00704
51	0.01673	0.01239	0.01327	0.01024	0.01377	0.01374	0.00843	0.76310	0.05836	0.02774	0.01109	0.01102	0.00789	0.00540	0.00448	0.00135	0.00486	0.00408	0.00448	0.00758
52	0.00781	0.00390	0.00571	0.00571	0.00578	0.00390	0.00383	0.00615	0.00608	0.00839	0.00825	0.01381	0.00803	0.01482	0.01648	0.80917	0.00376	0.00390	0.06241	0.00210
53	0.01536	0.01146	0.01263	0.01047	0.04809	0.01262	0.00812	0.64594	0.05548	0.02526	0.02304	0.01286	0.00908	0.06893	0.01846	0.00167	0.00490	0.00433	0.00422	0.00709
54	0.00548	0.00398	0.00518	0.00612	0.00652	0.00369	0.00416	0.00632	0.00876	0.01153	0.02653	0.74623	0.10143	0.01372	0.00568	0.00179	0.00260	0.03244	0.00415	0.00366
55	0.04689	0.00522	0.00623	0.00584	0.00715	0.00500	0.00441	0.04393	0.01145	0.06156	0.40859	0.06456	0.13620	0.06837	0.00653	0.02031	0.00271	0.04096	0.04974	0.00434
56	0.31924	0.00653	0.00648	0.00595	0.00774	0.00688	0.00452	0.04743	0.00952	0.08935	0.10372	0.12126	0.07033	0.12337	0.00663	0.00184	0.00326	0.00576	0.05561	0.00459
57	0.00566	0.00480	0.00492	0.00484	0.00638	0.00420	0.00364	0.00747	0.05284	0.01279	0.08993	0.04107	0.72415	0.01092	0.00525	0.00150	0.00232	0.00913	0.00422	0.00398
58	0.00631	0.00457	0.00596	0.00561	0.00667	0.00421	0.00421	0.00841	0.01262	0.01784	0.79998	0.03357	0.05482	0.00918	0.00528	0.00141	0.00211	0.00811	0.00491	0.00421
59	0.16533	0.00569	0.00635	0.00604	0.00748	0.00570	0.00458	0.04124	0.01078	0.05473	0.32938	0.14999	0.09178	0.05977	0.00592	0.00168	0.00286	0.04210	0.00419	0.00441
60	0.00715	0.00537	0.00698	0.00792	0.00885	0.02513	0.00662	0.00910	0.02333	0.01301	0.02338	0.20998	0.02583	0.01240	0.00600	0.00198	0.00390	0.59489	0.00409	0.00410
61	0.00529	0.00453	0.00453	0.00453	0.00604	0.00378	0.00340	0.00642	0.01020	0.01208	0.04532	0.04305	0.81307	0.01133	0.00529	0.00151	0.00227	0.00944	0.00415	0.00378
62	0.05390	0.01100	0.01217	0.00947	0.01291	0.01180	0.00779	0.52663	0.07758	0.21126	0.01272	0.01208	0.00875	0.00541	0.00441	0.00137	0.00450	0.00415	0.00466	0.00745
63	0.44027	0.00828	0.00781	0.00687	0.00938	0.00914	0.00550	0.09799	0.10827	0.08610	0.03662	0.06518	0.05640	0.02659	0.00426	0.00151	0.00353	0.01720	0.00365	0.00543
64	0.87439	0.00865	0.00657	0.00588	0.00865	0.01003	0.00484	0.01315	0.00761	0.02007	0.00623	0.00727	0.00484	0.00415	0.00277	0.00138	0.00346	0.00242	0.00277	0.00484
65	0.00545	0.00389	0.00519	0.00623	0.00649	0.00363	0.00415	0.00623	0.00856	0.01142	0.02465	0.83987	0.02959	0.01401	0.00571	0.00182	0.00260	0.01272	0.00415	0.00363
66	0.00879	0.00528	0.00630	0.00592	0.00715	0.00498	0.00426	0.02699	0.03774	0.14307	0.10750	0.11660	0.17472	0.27109	0.01064	0.00241	0.00336	0.03921	0.01968	0.00432
67	0.00665	0.00475	0.00657	0.00760	0.00839	0.00467	0.00624	0.00830	0.00975	0.01276	0.02399	0.30112	0.02696	0.01288	0.00603	0.00198	0.00364	0.53963	0.00413	0.00396
68	0.00651	0.00434	0.00488	0.00488	0.00488	0.00434	0.00271	0.00651	0.00651	0.00867	0.01409	0.02927	0.01626	0.84279	0.02277	0.00434	0.00434	0.00651	0.00271	0.00271
69	0.01113	0.00961	0.01011	0.00910	0.01163	0.01113	0.00708	0.02377	0.80681	0.01871	0.01821	0.01669	0.01365	0.00607	0.00455	0.00152	0.00354	0.00506	0.00455	0.00708
70	0.00639	0.00478	0.00715	0.00715	0.00793	0.00557	0.00554	0.00796	0.00718	0.01035	0.01202	0.01778	0.01127	0.04754	0.81120	0.00714	0.01185	0.00482	0.00240	0.00397
71	0.01090	0.01117	0.05547	0.02590	0.73311	0.01079	0.01364	0.01358	0.00997	0.01438	0.00826	0.01092	0.00695	0.00421	0.00499	0.00137	0.05132	0.00395	0.00218	0.00694
72	0.01802	0.01090	0.01242	0.00952	0.01306	0.01146	0.00786	0.54236	0.01831	0.28965	0.01303	0.01222	0.00875	0.00543	0.00448	0.00136	0.00455	0.00418	0.00483	0.00761
73	0.01206	0.00927	0.01005	0.00889	0.01150	0.01044	0.00696	0.02320	0.69709	0.11130	0.03587	0.01689	0.01399	0.00608	0.00456	0.00150	0.00354	0.00506	0.00467	0.00708
74	0.01047	0.05906	0.14838	0.01710	0.04309	0.01164	0.56694	0.02610	0.01030	0.01416	0.00861	0.01125	0.00654	0.00405	0.00535	0.00148	0.04247	0.00470	0.00220	0.00611
75	0.00645	0.00433	0.00488	0.00491	0.00495	0.00431	0.00276	0.00650	0.00664	0.00882	0.01505	0.05172	0.03375	0.80228	0.02193	0.00421	0.00424	0.00674	0.00278	0.00276
76	0.10573	0.28320	0.03758	0.00971	0.01249	0.31460	0.02180	0.04232	0.01055	0.01265	0.02133	0.00853	0.00641	0.00473	0.00469	0.00122	0.09177	0.00297	0.00230	0.00542
77	0.00882	0.00543	0.00674	0.00655	0.00784	0.00519	0.00484	0.03225	0.07046	0.14111	0.14249	0.30265	0.10827	0.08592	0.00686	0.00186	0.00305	0.05061	0.00439	0.00468
78	0.00647	0.00571	0.05223	0.00672	0.00760	0.00499	0.00515	0.00782	0.02335	0.02736	0.07453	0.48470	0.10921	0.08819	0.00765	0.00197	0.05543	0.02306	0.00384	0.00400
79	0.85299	0.00862	0.00667	0.00593	0.00872	0.00995	0.00489	0.01337	0.00774	0.04006	0.00651	0.00747	0.00500	0.00419	0.00281	0.00138	0.00347	0.00247	0.00284	0.00491
80	0.00647	0.00433	0.00492	0.00494	0.00497	0.00431	0.00279	0.00655	0.00672	0.00899	0.03516	0.05153	0.01730	0.79846	0.02185	0.00419	0.00423	0.00672	0.00281	0.00277
81	0.00745	0.00638	0.00645	0.00634	0.00762	0.06844	0.00469	0.05673	0.03872	0.01402	0.17359	0.21406	0.28464	0.04629	0.01611	0.00173	0.00324	0.03514	0.00410	0.00425
82	0.00576	0.00408	0.00504	0.00568	0.00596	0.00386	0.00365	0.00633	0.00806	0.01063	0.02304	0.52890	0.08691	0.26790	0.01091	0.00257	0.00310	0.01056	0.00371	0.00336
83	0.00732	0.00449	0.00547	0.00560	0.00656	0.00423	0.00405	0.00905	0.02470	0.06103	0.21674	0.31697	0.08204	0.00979	0.00484	0.00147	0.00241	0.00860	0.22041	0.00421
84	0.00545	0.00391	0.00517	0.00618	0.00648	0.00364	0.00413	0.00623	0.00861	0.01144	0.02519	0.81927	0.04985	0.01394	0.00570	0.00181	0.00259	0.01263	0.00415	0.00364
85	0.00608	0.00428	0.00524	0.00573	0.00621	0.00403	0.00379	0.00699	0.02165	0.02518	0.06329	0.46993	0.12648	0.21824	0.00982	0.00237	0.00300	0.01027	0.00386	0.00358
86	0.04600	0.00764	0.01027	0.00790	0.01134	0.00668	0.00652	0.02154	0.01265	0.79377	0.01730	0.01498	0.01088	0.00549	0.00445	0.00138	0.00380	0.00444	0.00545	0.00753
87	0.01689	0.01247	0.01336	0.01027	0.01383	0.01382	0.00847	0.78499	0.03620	0.02801	0.01088	0.01085	0.00772	0.00538	0.00448	0.00135	0.00490	0.00405	0.00448	0.00760
88	0.00638	0.00436	0.00520	0.00549	0.00585	0.00421	0.00356	0.00691	0.00788	0.02180	0.04001	0.22638	0.09557	0.47016	0.01508	0.00318	0.00365	0.06771	0.00339	0.00325
89	0.01487	0.00975	0.01088	0.00878	0.01168	0.01039	0.00712	0.43821	0.08841	0.15495	0.02799	0.06948	0.03123	0.00636	0.00452	0.00139	0.00410	0.01923	0.07382	0.00681
90	0.04115	0.01192	0.01292	0.00993	0.01348	0.01302	0.00820	0.69834	0.01982	0.10892	0.01132	0.01110	0.00789	0.00535	0.00443	0.00135	0.00477	0.00403	0.00454	0.00753
91	0.86044	0.00871	0.00669	0.00595	0.00874	0.01010	0.00490	0.02595	0.00783	0.02020	0.00630	0.00732	0.00489	0.00417	0.00280	0.00138	0.00348	0.00245	0.00280	0.00489
92	0.00618	0.00438	0.00526	0.00560	0.00657	0.00389	0.00399	0.00727	0.00978	0.05155	0.10594	0.41720	0.33184	0.01211	0.00545	0.00164	0.00248	0.01062	0.00429	0.00394
93	0.00845	0.00795	0.01342	0.83204	0.03081	0.00994	0.01242	0.01143	0.00894	0.01143	0.00795	0.01193	0.00596	0.00447	0.00447	0.00149	0.00596	0.00398	0.00199	0.00497
94	0.00777	0.00389	0.00583	0.00583	0.00583	0.00389	0.00389	0.00583	0.00583	0.00777	0.00777	0.01360	0.00777	0.01554	0.01748	0.86985	0.00389	0.00389	0.00194	0.00194
95	0.01219	0.01014	0.01071	0.00932	0.01204	0.01162	0.00734	0.16383	0.66502	0.02042	0.01686	0.01562	0.01256	0.00594	0.00454	0.00149	0.00379	0.00487	0.00454	0.00718
96	0.00667	0.00446	0.00553	0.00608	0.00667	0.00438	0.00444	0.00799	0.02047	0.01230	0.03287	0.28405	0.04232	0.20537	0.00937	0.00233	0.00330	0.20074	0.13697	0.00368
97	0.01639	0.00759	0.00969	0.00783	0.01076	0.00715	0.00635	0.04363	0.13955	0.53683	0.11465	0.01807	0.01540	0.00614	0.00459	0.00141	0.00355	0.01584	0.02761	0.00698
98	0.01056	0.01207	0.02640	0.01885	0.02338	0.01131	0.79864	0.01433	0.01056	0.01433	0.00905	0.01207	0.00679	0.00377	0.00528	0.00151	0.00754	0.00528	0.00226	0.00603
99	0.00583	0.00413	0.00519	0.00582	0.00615	0.00392	0.00385	0.00654	0.00839	0.01114	0.06380	0.50843	0.06968	0.23369	0.01021	0.00246	0.00307	0.04043	0.00381	0.00345
100	0.00574	0.00438	0.00523	0.00552	0.00642	0.00397	0.00392	0.00713	0.02331	0.01325	0.22220	0.33739	0.29213	0.04091	0.00604	0.00170	0.00245	0.01016	0.00430	0.00385
101	0.00697	0.00498	0.00693	0.00796	0.00889	0.00494	0.00679	0.00885	0.01006	0.01312	0.02382	0.15787	0.02627	0.01258	0.00611	0.00203	0.00391	0.67973	0.00412	0.00405
102	0.01056	0.01207	0.02640	0.01885	0.02338	0.01131	0.79864	0.01433	0.01056	0.01433	0.00905	0.01207	0.00679	0.00377	0.00528	0.00151	0.00754	0.00528	0.00226	0.00603
103	0.01056	0.01012	0.01716	0.16930	0.64792	0.01061	0.01336	0.01322	0.00985	0.01392	0.00824	0.01118	0.00684	0.00421	0.00480	0.00138	0.03455	0.00398	0.00217	0.00663
104	0.01652	0.01194	0.01291	0.01004	0.01348	0.01317	0.00825	0.68449	0.08811	0.06671	0.01174	0.01156	0.00835	0.00578	0.01451	0.00143	0.00483	0.00415	0.00451	0.00752
105	0.01086	0.07642	0.11558	0.02383	0.64031	0.01121	0.01352	0.01370	0.00994	0.01417	0.00815	0.01055	0.00679	0.00408	0.00450	0.00132	0.02228	0.00378	0.00215	0.00688
106	0.00612	0.00442	0.00576	0.00655	0.00711	0.00423	0.00469	0.03461	0.00947	0.01257	0.05839	0.64203	0.05685	0.01318	0.00570	0.00180	0.00285	0.11561	0.00419	0.00387
107	0.85685	0.00869	0.00681	0.00632	0.02503	0.01005	0.00502	0.01316	0.00766	0.01996	0.00627	0.00734	0.00489	0.00415	0.00280	0.00138	0.00350	0.00245	0.00276	0.00489
108	0.00590	0.00434	0.00581	0.00668	0.00711	0.00425	0.00482	0.00692	0.00890	0.01183	0.03479	0.64392	0.05526	0.01337	0.00608	0.00185	0.03204	0.13830	0.00408	0.00377
109	0.04878	0.04276	0.02807	0.09239	0.15519	0.04136	0.03800	0.11140	0.02254	0.01440	0.00754	0.01025	0.00641	0.00587	0.00862	0.00160	0.35279	0.00384	0.00242	0.00577
110	0.01594	0.10262	0.01386	0.01105	0.01350	0.64038	0.00859	0.08054	0.01272	0.01230	0.00711	0.00827	0.00591	0.00474	0.00445	0.00119	0.04601	0.00297	0.00243	0.00542
111	0.00928	0.00795	0.00928	0.00663	0.01060	0.00596	0.00530	0.01126	0.00928	0.01458	0.00795	0.00928	0.00663	0.00331	0.00331	0.00066	0.00331	0.00265	0.00265	0.87014
112	0.00587	0.00451	0.00509	0.00511	0.00637	0.00392	0.00377	0.00718	0.01057	0.03064	0.21662	0.15948	0.50279	0.01111	0.00533	0.00153	0.00231	0.00952	0.00436	0.00394
113	0.01191	0.83089	0.03757	0.00774	0.01162	0.01757	0.00781	0.01341	0.00910	0.01059	0.00625	0.00722	0.00574	0.00383	0.00289	0.00096	0.00482	0.00241	0.00191	0.00576
114	0.00718	0.00513	0.00717	0.00815	0.00918	0.00512	0.00710	0.00924	0.01038	0.01355	0.05138	0.04986	0.02632	0.01224	0.00615	0.00204	0.00405	0.75751	0.00415	0.00412
115	0.00615	0.00471	0.00576	0.00610	0.00728	0.00432	0.00489	0.00776	0.01061	0.01364	0.18849	0.09421	0.34650	0.01141	0.00561	0.00169	0.00288	0.26973	0.00429	0.00397
116	0.00641	0.00472	0.00683	0.00683	0.00750	0.00539	0.00514	0.00775	0.00708	0.01012	0.01231	0.01941	0.01198	0.16085	0.69886	0.00674	0.01078	0.00506	0.00245	0.00379
117	0.00825	0.00753	0.01070	0.00965	0.00997	0.01001	0.00782	0.00944	0.00704	0.01060	0.00907	0.04233	0.00897	0.03322	0.33080	0.00404	0.46927	0.00461	0.00222	0.00446
118	0.00696	0.00505	0.00681	0.00737	0.00844	0.00496	0.00618	0.00925	0.03088	0.01474	0.24925	0.06504	0.04963	0.01130	0.00585	0.00184	0.00345	0.50445	0.00436	0.00420
119	0.01056	0.01207	0.02640	0.01885	0.02338	0.01131	0.79864	0.01433	0.01056	0.01433	0.00905	0.01207	0.00679	0.00377	0.00528	0.00151	0.00754	0.00528	0.00226	0.00603
120	0.00908	0.00773	0.00904	0.00664	0.01037	0.00591	0.00526	0.01117	0.02233	0.01445	0.00912	0.05934	0.00812	0.00400	0.00348	0.00075	0.00327	0.00330	0.00277	0.80386
121	0.00768	0.00394	0.00588	0.00588	0.00591	0.00398	0.00395	0.00595	0.00591	0.00791	0.00810	0.01409	0.00810	0.03224	0.05690	0.81130	0.00429	0.00398	0.00198	0.00206
122	0.00715	0.00513	0.00713	0.00813	0.00917	0.00511	0.00709	0.00918	0.01029	0.01335	0.02434	0.05023	0.04964	0.01233	0.00615	0.00204	0.00406	0.76125	0.00412	0.00411
123	0.00604	0.00434	0.00502	0.00533	0.00602	0.00398	0.00358	0.00675	0.00864	0.02727	0.02849	0.29613	0.29406	0.25547	0.01054	0.00245	0.00305	0.02557	0.00376	0.00350
124	0.00779	0.00469	0.00598	0.00603	0.00711	0.00423	0.00433	0.00898	0.01013	0.13158	0.17221	0.40036	0.15942	0.04801	0.00613	0.00174	0.00271	0.00983	0.00444	0.00431
125	0.01619	0.01025	0.01173	0.00898	0.01253	0.01036	0.00739	0.43045	0.02902	0.23348	0.01244	0.01253	0.00880	0.00520	0.00431	0.00125	0.00431	0.01900	0.00443	0.15734
126	0.00682	0.00462	0.00562	0.00559	0.00678	0.00410	0.00410	0.00821	0.01074	0.07714	0.27628	0.24938	0.30224	0.01091	0.00533	0.00155	0.00243	0.00950	0.00450	0.00418
127	0.00567	0.00419	0.00520	0.00581	0.00638	0.00388	0.00396	0.00675	0.02128	0.01204	0.09974	0.55053	0.16791	0.07629	0.00688	0.00191	0.00264	0.01112	0.00412	0.00369
128	0.00933	0.00788	0.00917	0.00666	0.01042	0.00608	0.00528	0.03255	0.00949	0.01469	0.00851	0.02358	0.00737	0.03296	0.00407	0.00083	0.00338	0.00299	0.00273	0.80204
129	0.00639	0.00462	0.00528	0.00533	0.00576	0.01745	0.00342	0.00709	0.00860	0.01150	0.20260	0.14889	0.08252	0.45461	0.01465	0.00303	0.00348	0.00793	0.00353	0.00331
130	0.01301	0.00708	0.00886	0.00779	0.01010	0.00699	0.00626	0.01750	0.21097	0.32963	0.14061	0.05047	0.01938	0.02922	0.00539	0.00161	0.00350	0.12057	0.00487	0.00619
131	0.00698	0.00477	0.00573	0.00585	0.00706	0.00430	0.00438	0.02216	0.01041	0.07280	0.13180	0.27626	0.32748	0.01132	0.00539	0.00162	0.00267	0.07787	0.01698	0.00418
132	0.13790	0.00554	0.00657	0.00623	0.00748	0.00564	0.00467	0.01035	0.04951	0.09917	0.09743	0.04583	0.06770	0.05717	0.02300	0.27376	0.00358	0.06245	0.03205	0.00397
133	0.00633	0.00440	0.00496	0.00501	0.00531	0.00427	0.00307	0.00666	0.00741	0.00966	0.03901	0.04515	0.13656	0.64876	0.01873	0.00370	0.00394	0.04101	0.00306	0.00298
134	0.00897	0.02314	0.81962	0.01275	0.01936	0.01039	0.01653	0.01417	0.00944	0.01417	0.00803	0.00944	0.00567	0.00425	0.00425	0.00142	0.00661	0.00331	0.00189	0.00661
135	0.73241	0.00880	0.00741	0.00638	0.00927	0.00994	0.00526	0.06590	0.00902	0.10041	0.00767	0.00829	0.00565	0.00437	0.00305	0.00138	0.00359	0.00274	0.00316	0.00530
136	0.10581	0.02721	0.06518	0.03788	0.07246	0.02201	0.03872	0.15225	0.06363	0.06680	0.02362	0.08616	0.01094	0.02849	0.02386	0.00161	0.04056	0.03800	0.00334	0.09147
137	0.07327	0.05579	0.02816	0.11507	0.24985	0.04403	0.04984	0.09126	0.07174	0.06774	0.02337	0.03230	0.00851	0.00501	0.00489	0.00139	0.05211	0.00418	0.00291	0.01859
138	0.00746	0.00461	0.00575	0.00589	0.00693	0.00423	0.00433	0.00882	0.01010	0.09222	0.16409	0.31847	0.15765	0.03983	0.00581	0.00168	0.00269	0.06235	0.09288	0.00421
139	0.00746	0.00501	0.00667	0.00679	0.02938	0.00499	0.00492	0.00876	0.00894	0.08331	0.07711	0.08632	0.20447	0.09712	0.31052	0.01963	0.00636	0.02460	0.00345	0.00418
140	0.03629	0.13534	0.06745	0.10333	0.05080	0.14499	0.01788	0.17639	0.08848	0.05280	0.01034	0.04120	0.00840	0.00568	0.01680	0.00142	0.01940	0.01381	0.00309	0.00612
141	0.14732	0.08951	0.05648	0.00892	0.02063	0.16648	0.00743	0.14872	0.01168	0.05070	0.05612	0.03798	0.03422	0.03437	0.06885	0.00188	0.04595	0.00418	0.00309	0.00548

[dist]
# distance from previous block
# <min> <max>
4	11

[block]
# block no. 4 follows, 58 sequences, length 52
# corresponding to MSA columns:
# 790-841
name=unknown_E
#
# <colnr> <probs for GDERKNQSTAVLIFYWHMCP>
#	G	D	E	R	K	N	Q	S	T	A	V	L	I	F	Y	W	H	M	C	P
0	0.00938	0.01057	0.15477	0.03514	0.02087	0.02207	0.06159	0.13100	0.06730	0.01610	0.09901	0.15117	0.09177	0.00751	0.00509	0.02414	0.00431	0.00627	0.00347	0.07847
1	0.00623	0.03765	0.00600	0.00542	0.00660	0.00455	0.00401	0.00755	0.01032	0.02717	0.25597	0.18197	0.34008	0.05706	0.02766	0.00182	0.00278	0.00901	0.00418	0.00397
2	0.02144	0.00568	0.00643	0.00646	0.00745	0.03128	0.00465	0.02471	0.10572	0.02541	0.11929	0.27474	0.12595	0.06645	0.01921	0.11801	0.00331	0.02591	0.00383	0.00408
3	0.00978	0.03754	0.01007	0.04594	0.03601	0.03613	0.02254	0.07440	0.05354	0.05943	0.03721	0.13257	0.05134	0.02910	0.02171	0.07297	0.09260	0.10192	0.00336	0.07185
4	0.01074	0.00922	0.00941	0.00897	0.02850	0.08587	0.00672	0.08273	0.37311	0.03949	0.06064	0.19027	0.01770	0.00798	0.00486	0.00155	0.00389	0.04821	0.00422	0.00593
5	0.06898	0.00602	0.00682	0.00631	0.00804	0.00592	0.00484	0.04055	0.10281	0.11913	0.10367	0.09318	0.26705	0.03067	0.00628	0.06565	0.00305	0.03984	0.01642	0.00476
6	0.13166	0.00642	0.00709	0.00664	0.00820	0.00661	0.00496	0.09415	0.06281	0.09255	0.05745	0.22088	0.08153	0.13119	0.00760	0.01715	0.00342	0.03668	0.01829	0.00474
7	0.01115	0.00859	0.05461	0.07191	0.30066	0.00788	0.00958	0.01343	0.01033	0.18152	0.07379	0.07303	0.02600	0.00931	0.10168	0.00211	0.00539	0.02964	0.00333	0.00606
8	0.00590	0.00456	0.00538	0.00518	0.00642	0.00404	0.00388	0.00761	0.01165	0.01552	0.49623	0.03739	0.36001	0.01005	0.00528	0.00145	0.00217	0.00865	0.00461	0.00404
9	0.00898	0.00690	0.00769	0.00729	0.00875	0.01903	0.00540	0.16233	0.14701	0.01633	0.07449	0.35320	0.07529	0.05789	0.00611	0.00174	0.00332	0.00850	0.02473	0.00502
10	0.16497	0.00591	0.00646	0.00601	0.00758	0.00590	0.00450	0.04057	0.02390	0.10358	0.19150	0.13643	0.14323	0.12178	0.00714	0.00188	0.00309	0.01698	0.00404	0.00453
11	0.78994	0.00903	0.00725	0.00632	0.00917	0.01041	0.00520	0.09065	0.00893	0.02087	0.00667	0.00761	0.00512	0.00427	0.00294	0.00138	0.00360	0.00258	0.00294	0.00512
12	0.06184	0.00837	0.01063	0.00819	0.01164	0.00780	0.00677	0.13339	0.01373	0.66488	0.01609	0.01419	0.01027	0.00544	0.00441	0.00138	0.00395	0.00433	0.00525	0.00748
13	0.00761	0.00548	0.00618	0.00587	0.00699	0.00543	0.00416	0.07442	0.06791	0.02855	0.15020	0.12909	0.19442	0.24777	0.01011	0.00230	0.00321	0.00772	0.03843	0.00417
14	0.00550	0.00423	0.00505	0.00563	0.00645	0.00379	0.00400	0.00653	0.00944	0.01200	0.05970	0.45434	0.34352	0.01269	0.00555	0.00169	0.00252	0.04943	0.00418	0.00373
15	0.05235	0.00765	0.01024	0.00788	0.01131	0.00671	0.00651	0.02147	0.01261	0.78784	0.01722	0.01492	0.01084	0.00548	0.00443	0.00138	0.00379	0.00442	0.00543	0.00751
16	0.00644	0.00435	0.00506	0.00508	0.00520	0.00435	0.00299	0.00670	0.00709	0.00956	0.07535	0.06287	0.01860	0.71415	0.05104	0.00412	0.00438	0.00682	0.00293	0.00291
17	0.03159	0.00665	0.00778	0.00697	0.00854	0.02381	0.00528	0.07414	0.04187	0.19672	0.03365	0.16439	0.05267	0.13208	0.03597	0.00209	0.05265	0.00639	0.11168	0.00508
18	0.00709	0.00506	0.00707	0.00810	0.00908	0.00504	0.00700	0.00906	0.01018	0.01325	0.02375	0.10514	0.02601	0.01247	0.00615	0.00204	0.00401	0.73130	0.00412	0.00409
19	0.00897	0.02314	0.81962	0.01275	0.01936	0.01039	0.01653	0.01417	0.00944	0.01417	0.00803	0.00944	0.00567	0.00425	0.00425	0.00142	0.00661	0.00331	0.00189	0.00661
20	0.00609	0.00440	0.00536	0.00545	0.00631	0.00405	0.00390	0.00749	0.01042	0.01423	0.35575	0.19538	0.18282	0.11024	0.00739	0.00186	0.00255	0.02923	0.04325	0.00383
21	0.01445	0.00973	0.01101	0.00914	0.01200	0.01043	0.00752	0.40823	0.12154	0.13969	0.01590	0.03894	0.02878	0.00692	0.00478	0.00149	0.00429	0.12851	0.01989	0.00675
22	0.00897	0.02314	0.81962	0.01275	0.01936	0.01039	0.01653	0.01417	0.00944	0.01417	0.00803	0.00944	0.00567	0.00425	0.00425	0.00142	0.00661	0.00331	0.00189	0.00661
23	0.00644	0.00453	0.00584	0.00578	0.00622	0.00475	0.00393	0.00731	0.00769	0.01069	0.13676	0.02592	0.01854	0.43806	0.29360	0.00486	0.00660	0.00617	0.00295	0.00338
