[name]
unknown

[dist]
# distance from previous block
# <min> <max>
0	35

[block]
# block no. 0 follows, 58 sequences, length 14
# corresponding to MSA columns:
# 43-56
name=unknown_A
#
# <colnr> <probs for GDERKNQSTAVLIFYWHMCP>
#	G	D	E	R	K	N	Q	S	T	A	V	L	I	F	Y	W	H	M	C	P
0	0.04385	0.00793	0.00986	0.00807	0.01093	0.00769	0.00657	0.12600	0.07955	0.46568	0.04533	0.04433	0.01371	0.03904	0.00536	0.00157	0.00387	0.06896	0.00493	0.00676
1	0.01347	0.01377	0.01495	0.07501	0.33476	0.24662	0.01087	0.14554	0.05106	0.01568	0.00874	0.01044	0.00700	0.00464	0.00461	0.00132	0.02869	0.00372	0.00271	0.00641
2	0.01190	0.01159	0.01066	0.01007	0.04305	0.16046	0.00747	0.02155	0.59559	0.01684	0.01691	0.01601	0.04622	0.00594	0.00448	0.00144	0.00439	0.00480	0.00403	0.00659
3	0.75143	0.00835	0.00689	0.00606	0.00880	0.00942	0.00497	0.01370	0.00835	0.09336	0.04849	0.00934	0.00733	0.00453	0.00306	0.00139	0.00342	0.00290	0.00313	0.00507
4	0.00565	0.00410	0.00531	0.00614	0.00658	0.00387	0.00424	0.00653	0.00866	0.01140	0.02554	0.62701	0.10758	0.06357	0.04090	0.00217	0.00315	0.05995	0.00399	0.00364
5	0.00551	0.00401	0.00520	0.00603	0.00647	0.00370	0.00409	0.00644	0.00906	0.01204	0.09502	0.70099	0.09821	0.01336	0.00564	0.00175	0.00252	0.01203	0.00422	0.00370
6	0.00637	0.00491	0.00561	0.00542	0.00655	0.00464	0.00391	0.00861	0.07572	0.01423	0.32694	0.05525	0.29852	0.15399	0.00826	0.00197	0.00268	0.00815	0.00423	0.00403
7	0.02211	0.00502	0.00606	0.00586	0.00716	0.00471	0.00436	0.00978	0.05817	0.08104	0.33534	0.19388	0.18648	0.00980	0.00511	0.00150	0.00248	0.00852	0.04816	0.00447
8	0.01380	0.01043	0.01129	0.00931	0.01223	0.01160	0.00747	0.37439	0.34944	0.05917	0.07988	0.01530	0.01314	0.00598	0.00457	0.00142	0.00406	0.00481	0.00459	0.00711
9	0.01416	0.01637	0.01215	0.05548	0.03624	0.51419	0.00854	0.06041	0.01197	0.01279	0.05529	0.01073	0.00842	0.00533	0.00544	0.00130	0.10990	0.00355	0.05252	0.00521
10	0.06133	0.00720	0.00839	0.00674	0.00966	0.00619	0.00525	0.03203	0.04605	0.11846	0.04157	0.13760	0.04163	0.02730	0.00451	0.00118	0.00327	0.00506	0.00352	0.43307
11	0.06642	0.01037	0.01243	0.01190	0.12979	0.07025	0.02868	0.15984	0.09606	0.27716	0.02270	0.01306	0.00946	0.02064	0.00527	0.00145	0.04946	0.00422	0.00401	0.00681
12	0.01172	0.01115	0.01717	0.11529	0.50522	0.07728	0.07775	0.02651	0.01045	0.05738	0.00872	0.01117	0.00700	0.00434	0.00490	0.00138	0.03959	0.00403	0.00240	0.00655
13	0.00762	0.00485	0.00599	0.00594	0.00710	0.00445	0.00433	0.00912	0.03037	0.10934	0.17375	0.27811	0.21363	0.08131	0.02553	0.00195	0.00299	0.02504	0.00431	0.00428

[dist]
# distance from previous block
# <min> <max>
0	1

[block]
# block no. 1 follows, 58 sequences, length 9
# corresponding to MSA columns:
# 58-66
name=unknown_B
#
# <colnr> <probs for GDERKNQSTAVLIFYWHMCP>
#	G	D	E	R	K	N	Q	S	T	A	V	L	I	F	Y	W	H	M	C	P
0	0.11953	0.00936	0.02645	0.02769	0.09696	0.05550	0.00785	0.09081	0.02352	0.12489	0.05980	0.06166	0.01990	0.01769	0.05734	0.00188	0.14518	0.01857	0.00331	0.03211
1	0.06116	0.00966	0.01454	0.10346	0.34195	0.03391	0.06287	0.06387	0.01063	0.09355	0.01156	0.03502	0.04442	0.00600	0.02189	0.01729	0.04279	0.01642	0.00285	0.00615
2	0.03110	0.00606	0.00761	0.00711	0.00855	0.00606	0.04193	0.07999	0.08330	0.05094	0.09611	0.32471	0.13267	0.05456	0.02334	0.00185	0.00338	0.00864	0.02743	0.00467
3	0.00655	0.00447	0.00546	0.00595	0.00664	0.00430	0.00418	0.04309	0.00963	0.01342	0.07621	0.51027	0.08540	0.04214	0.00584	0.00173	0.00268	0.03389	0.13424	0.00393
4	0.01101	0.04678	0.01138	0.03386	0.03732	0.03013	0.03402	0.11853	0.06922	0.05665	0.02379	0.05257	0.01038	0.01837	0.00475	0.00121	0.03081	0.05300	0.00327	0.35298
5	0.01057	0.02057	0.02182	0.12891	0.11675	0.02343	0.03685	0.06397	0.08507	0.12568	0.10624	0.07175	0.11952	0.02868	0.00525	0.00153	0.00418	0.01986	0.00372	0.00565
6	0.00850	0.00560	0.00642	0.00592	0.00767	0.00516	0.00452	0.04712	0.06006	0.12994	0.15484	0.11607	0.41141	0.00983	0.00513	0.00150	0.00270	0.00833	0.00451	0.00476
7	0.01211	0.01264	0.07049	0.10924	0.18718	0.11831	0.19138	0.12203	0.01202	0.05156	0.01137	0.01307	0.05829	0.00482	0.00463	0.00139	0.00603	0.00447	0.00277	0.00620
8	0.04076	0.01182	0.04659	0.08093	0.50217	0.08079	0.07917	0.03243	0.03350	0.01464	0.00854	0.01088	0.00693	0.00415	0.00438	0.00133	0.00566	0.00392	0.00235	0.02906

[dist]
# distance from previous block
# <min> <max>
0	2

[block]
# block no. 2 follows, 58 sequences, length 13
# corresponding to MSA columns:
# 69-81
name=unknown_C
#
# <colnr> <probs for GDERKNQSTAVLIFYWHMCP>
#	G	D	E	R	K	N	Q	S	T	A	V	L	I	F	Y	W	H	M	C	P
0	0.00717	0.00476	0.00610	0.00580	0.00702	0.00443	0.00438	0.00895	0.01131	0.07432	0.46920	0.08707	0.15657	0.01215	0.09574	0.00208	0.00338	0.00789	0.02735	0.00433
1	0.00888	0.00818	0.03000	0.08667	0.16054	0.04857	0.06742	0.03282	0.02859	0.03629	0.12021	0.24990	0.05592	0.02035	0.00549	0.00157	0.02274	0.00734	0.00340	0.00512
2	0.04971	0.03629	0.02643	0.05945	0.21109	0.34056	0.02972	0.08174	0.01156	0.01382	0.00758	0.00948	0.00625	0.00479	0.00526	0.00133	0.09323	0.00345	0.00242	0.00586
3	0.01090	0.00936	0.01020	0.00975	0.06619	0.04605	0.00710	0.13334	0.37630	0.01856	0.15056	0.01991	0.08552	0.00677	0.00498	0.00146	0.02697	0.00559	0.00423	0.00625
4	0.00561	0.00403	0.00528	0.00618	0.00654	0.00377	0.00421	0.00648	0.00877	0.01165	0.05231	0.70289	0.06333	0.04944	0.00644	0.00191	0.00272	0.05069	0.00412	0.00364
5	0.00639	0.00479	0.00719	0.00719	0.00799	0.00559	0.00559	0.00799	0.00719	0.01038	0.01198	0.01757	0.01118	0.03355	0.82507	0.00719	0.01198	0.00479	0.00240	0.00399
6	0.00561	0.00449	0.00501	0.00500	0.00627	0.00390	0.00371	0.00700	0.01078	0.01375	0.26956	0.10820	0.51915	0.01091	0.00532	0.00151	0.00225	0.00932	0.00438	0.00390
7	0.01029	0.01096	0.01940	0.06085	0.12430	0.04666	0.36360	0.01287	0.00933	0.01285	0.00828	0.01186	0.00695	0.02681	0.04624	0.00192	0.21445	0.00460	0.00218	0.00562
8	0.00597	0.00437	0.00572	0.00600	0.00663	0.00436	0.00425	0.00709	0.00870	0.01179	0.13958	0.29160	0.11431	0.13869	0.22625	0.00352	0.00524	0.00864	0.00359	0.00370
9	0.01029	0.00964	0.01032	0.02846	0.12948	0.16765	0.00739	0.03091	0.00974	0.04975	0.04972	0.18217	0.01458	0.13350	0.04438	0.00218	0.10588	0.00615	0.00301	0.00482
10	0.00979	0.00915	0.07314	0.00752	0.01090	0.00738	0.00648	0.13119	0.05729	0.01734	0.15866	0.01606	0.05390	0.00533	0.00409	0.00105	0.00356	0.00439	0.00347	0.41932
11	0.11553	0.05186	0.14460	0.04920	0.07294	0.17776	0.05154	0.05834	0.01086	0.09017	0.00956	0.01091	0.02405	0.02214	0.00440	0.00132	0.00555	0.00354	0.00276	0.09297
12	0.06308	0.00974	0.02723	0.09313	0.10332	0.08761	0.02759	0.09438	0.09984	0.05584	0.06443	0.06607	0.01195	0.04102	0.00558	0.02533	0.01417	0.00479	0.04227	0.06261

[dist]
# distance from previous block
# <min> <max>
3	19

[block]
# block no. 3 follows, 58 sequences, length 15
# corresponding to MSA columns:
# 101-115
name=unknown_D
#
# <colnr> <probs for GDERKNQSTAVLIFYWHMCP>
#	G	D	E	R	K	N	Q	S	T	A	V	L	I	F	Y	W	H	M	C	P
0	0.20227	0.02288	0.00815	0.00729	0.02637	0.04581	0.00548	0.05690	0.06585	0.03005	0.09411	0.14530	0.05394	0.00848	0.04111	0.03960	0.00388	0.00554	0.00342	0.13355
1	0.01090	0.08645	0.03826	0.02494	0.01230	0.00871	0.06074	0.12176	0.03877	0.05883	0.06539	0.05345	0.01073	0.00488	0.00398	0.00106	0.00404	0.00411	0.00322	0.38750
2	0.01045	0.02722	0.02757	0.14722	0.14659	0.04237	0.07012	0.08471	0.01118	0.06738	0.10191	0.04430	0.06958	0.00701	0.02437	0.00160	0.05859	0.03675	0.01551	0.00559
3	0.00776	0.00625	0.00742	0.00721	0.00789	0.05086	0.00532	0.04630	0.00846	0.01140	0.03187	0.16890	0.03567	0.17184	0.24400	0.05566	0.08963	0.02163	0.01803	0.00390
4	0.18926	0.01035	0.01064	0.05123	0.01247	0.04943	0.00720	0.37608	0.01481	0.10997	0.01119	0.01175	0.02240	0.00651	0.04344	0.00162	0.00482	0.00384	0.05665	0.00634
5	0.01044	0.01049	0.03545	0.16460	0.33098	0.02817	0.14183	0.04515	0.02482	0.01393	0.00876	0.01216	0.00729	0.04797	0.00628	0.00157	0.06994	0.00426	0.00233	0.03355
6	0.01040	0.00885	0.01110	0.03649	0.04398	0.05608	0.08539	0.07402	0.20628	0.04957	0.04289	0.07810	0.04382	0.06894	0.03670	0.00190	0.02085	0.05824	0.01913	0.04727
7	0.00630	0.00467	0.00542	0.00538	0.00673	0.00411	0.00412	0.00779	0.01089	0.04367	0.25323	0.08648	0.45607	0.01076	0.00536	0.00154	0.00246	0.07654	0.00441	0.00406
8	0.01160	0.00779	0.02687	0.00777	0.02421	0.02059	0.00615	0.14117	0.08652	0.19161	0.13378	0.05152	0.18791	0.02561	0.02476	0.00165	0.00373	0.03654	0.00446	0.00574
9	0.08435	0.22076	0.09702	0.05440	0.05251	0.15673	0.08026	0.14416	0.02911	0.01539	0.00800	0.00934	0.00634	0.00456	0.00412	0.01530	0.00575	0.00334	0.00258	0.00598
10	0.00655	0.00488	0.00588	0.00646	0.04563	0.00432	0.00448	0.00782	0.01016	0.05441	0.09582	0.21913	0.45760	0.01116	0.00534	0.00158	0.00265	0.04778	0.00419	0.00415
11	0.00639	0.00479	0.00719	0.00719	0.00799	0.00559	0.00559	0.00799	0.00719	0.01038	0.01198	0.01757	0.01118	0.03355	0.82507	0.00719	0.01198	0.00479	0.00240	0.00399
12	0.01265	0.00943	0.01243	0.04249	0.12899	0.00993	0.05161	0.28284	0.08211	0.09162	0.08510	0.01734	0.05308	0.00736	0.04423	0.00169	0.00481	0.03250	0.02335	0.00643
13	0.01227	0.11938	0.02765	0.06775	0.12263	0.14873	0.11510	0.11159	0.05578	0.04478	0.02953	0.07217	0.02008	0.00540	0.00438	0.00133	0.00548	0.00465	0.02537	0.00595
14	0.03077	0.00971	0.01057	0.00869	0.01153	0.04886	0.00694	0.25149	0.18060	0.25363	0.04536	0.05757	0.01249	0.02620	0.00495	0.00148	0.00413	0.00496	0.02325	0.00681

[dist]
# distance from previous block
# <min> <max>
0	20

[block]
# block no. 4 follows, 58 sequences, length 14
# corresponding to MSA columns:
# 139-152
name=unknown_E
#
# <colnr> <probs for GDERKNQSTAVLIFYWHMCP>
#	G	D	E	R	K	N	Q	S	T	A	V	L	I	F	Y	W	H	M	C	P
0	0.06653	0.04829	0.05605	0.04924	0.08732	0.10213	0.05198	0.16431	0.05423	0.04630	0.01008	0.01269	0.00821	0.01937	0.03459	0.00155	0.02383	0.03779	0.00305	0.12246
1	0.05868	0.02361	0.06213	0.09336	0.15130	0.28183	0.03923	0.02810	0.01032	0.01295	0.00780	0.02210	0.00659	0.00506	0.00578	0.00138	0.13571	0.00362	0.02967	0.02081
2	0.00593	0.00454	0.00584	0.00676	0.03924	0.00424	0.00449	0.00738	0.03171	0.01284	0.14395	0.51418	0.17795	0.01216	0.00548	0.00167	0.00260	0.01085	0.00420	0.00398
3	0.01228	0.74888	0.02241	0.00876	0.04450	0.07860	0.00798	0.01375	0.00941	0.01072	0.00636	0.00740	0.00580	0.00389	0.00302	0.00099	0.00505	0.00249	0.00196	0.00575
4	0.00629	0.00467	0.00584	0.00580	0.00681	0.00438	0.00430	0.00837	0.04013	0.01563	0.49317	0.15107	0.14072	0.04389	0.00607	0.00164	0.00245	0.05009	0.00456	0.00411
5	0.00945	0.00896	0.01263	0.65029	0.04242	0.08567	0.01120	0.01210	0.00949	0.03362	0.01001	0.01318	0.04178	0.00483	0.00442	0.00144	0.00579	0.00413	0.03357	0.00502
6	0.00585	0.00440	0.00536	0.00542	0.00639	0.00397	0.00392	0.00732	0.01085	0.01453	0.39524	0.21100	0.25633	0.04164	0.00602	0.00163	0.00234	0.00942	0.00446	0.00391
7	0.00569	0.00416	0.00540	0.00625	0.00679	0.00387	0.00444	0.00674	0.00918	0.01207	0.06736	0.60793	0.12172	0.01325	0.00570	0.00179	0.00272	0.10703	0.00419	0.00374
8	0.00594	0.00440	0.00558	0.00610	0.00676	0.00417	0.00426	0.00767	0.05060	0.01340	0.21327	0.54357	0.09307	0.01224	0.00551	0.00168	0.00250	0.01097	0.00436	0.00396
9	0.15817	0.01099	0.04116	0.03280	0.13086	0.04211	0.00857	0.24915	0.11235	0.09488	0.01099	0.02216	0.00827	0.00517	0.00452	0.00139	0.03403	0.00397	0.02187	0.00659
10	0.14305	0.01105	0.03015	0.02271	0.03036	0.07981	0.04243	0.23908	0.06427	0.04347	0.01013	0.01084	0.01870	0.00463	0.00392	0.00119	0.00454	0.00356	0.02688	0.20923
11	0.03397	0.00518	0.00642	0.04938	0.00854	0.00514	0.00500	0.03864	0.03848	0.01306	0.05568	0.43158	0.13117	0.04593	0.02799	0.00192	0.00331	0.05988	0.00389	0.03483
12	0.06016	0.01087	0.07033	0.15630	0.48946	0.01051	0.01242	0.07864	0.01077	0.01562	0.03693	0.01165	0.00797	0.00439	0.00436	0.00137	0.00526	0.00400	0.00247	0.00652
13	0.03048	0.12620	0.02682	0.01046	0.04402	0.17021	0.07254	0.09098	0.04015	0.05879	0.03505	0.04119	0.00940	0.02709	0.07301	0.00184	0.06199	0.00414	0.00289	0.07274

[dist]
# distance from previous block
# <min> <max>
1	9

[block]
# block no. 5 follows, 58 sequences, length 17
# corresponding to MSA columns:
# 163-179
name=unknown_F
#
# <colnr> <probs for GDERKNQSTAVLIFYWHMCP>
#	G	D	E	R	K	N	Q	S	T	A	V	L	I	F	Y	W	H	M	C	P
0	0.00972	0.07110	0.04999	0.03166	0.16528	0.06920	0.03570	0.06267	0.09030	0.01438	0.04275	0.13281	0.13249	0.00774	0.01728	0.00153	0.00452	0.03635	0.00328	0.02124
1	0.00667	0.00700	0.07017	0.03874	0.03255	0.02813	0.00562	0.02619	0.02082	0.01308	0.08475	0.09946	0.50841	0.01000	0.00514	0.00152	0.00315	0.03043	0.00384	0.00434
2	0.02309	0.03433	0.01220	0.04683	0.07082	0.16212	0.06701	0.06592	0.09512	0.09810	0.08763	0.08131	0.04924	0.00632	0.00497	0.00138	0.03933	0.00524	0.00346	0.04555
3	0.01031	0.00901	0.01105	0.11816	0.01421	0.03266	0.05630	0.01846	0.46788	0.03871	0.03978	0.11134	0.01438	0.00673	0.00502	0.00154	0.02860	0.00580	0.00392	0.00615
4	0.02364	0.01043	0.01341	0.14643	0.25166	0.10665	0.03945	0.08901	0.06019	0.01482	0.02160	0.11367	0.03321	0.00592	0.00469	0.00140	0.01626	0.00517	0.00290	0.03948
5	0.01039	0.04569	0.04158	0.16213	0.26978	0.06646	0.04635	0.03765	0.05970	0.01347	0.00932	0.02393	0.00788	0.02174	0.08264	0.00198	0.06002	0.00414	0.00243	0.03273
6	0.01114	0.01047	0.02620	0.03763	0.07331	0.10670	0.04256	0.03855	0.08990	0.04731	0.00966	0.02291	0.00778	0.00419	0.00387	0.00100	0.00446	0.00346	0.00291	0.45599
7	0.00731	0.00489	0.00586	0.00551	0.00700	0.00431	0.00423	0.00896	0.01153	0.09572	0.37252	0.03641	0.36672	0.00985	0.00524	0.00148	0.00243	0.04106	0.00462	0.00437
8	0.01099	0.55905	0.26510	0.00970	0.01440	0.01520	0.04543	0.01367	0.00926	0.01180	0.00689	0.00808	0.00576	0.00395	0.00340	0.00112	0.00546	0.00280	0.00192	0.00602
9	0.00606	0.00439	0.00570	0.00603	0.00684	0.00421	0.00445	0.00752	0.00991	0.01358	0.24551	0.30737	0.12999	0.01435	0.11297	0.00235	0.00374	0.06865	0.04244	0.00392
10	0.00596	0.00468	0.00560	0.00551	0.00663	0.00432	0.00414	0.00750	0.01101	0.01458	0.37866	0.11714	0.35072	0.01054	0.00566	0.00152	0.03002	0.02739	0.00442	0.00400
11	0.00591	0.00442	0.00513	0.00531	0.00606	0.00418	0.00366	0.00672	0.00852	0.01088	0.04279	0.15262	0.31695	0.28363	0.09126	0.00305	0.00400	0.03795	0.00353	0.00345
12	0.00779	0.00559	0.00676	0.00634	0.00723	0.00592	0.00452	0.11176	0.00936	0.01269	0.07158	0.02520	0.06491	0.37898	0.24019	0.00430	0.00624	0.02359	0.00313	0.00392
13	0.01153	0.72201	0.09209	0.00804	0.01211	0.01634	0.00828	0.01333	0.00913	0.01109	0.00648	0.00750	0.00579	0.00383	0.00302	0.00098	0.00485	0.00249	0.00196	0.05913
14	0.05029	0.07648	0.02536	0.07287	0.21386	0.03582	0.13333	0.10511	0.01119	0.09757	0.00988	0.01188	0.00769	0.00740	0.08792	0.00194	0.01485	0.00409	0.02625	0.00620
15	0.05416	0.05202	0.10997	0.03544	0.04213	0.14512	0.05422	0.03793	0.05579	0.08605	0.05469	0.02780	0.06596	0.00572	0.00520	0.00136	0.07963	0.00442	0.02854	0.05388
16	0.00709	0.00621	0.04162	0.00739	0.00837	0.00623	0.02085	0.02528	0.00878	0.01243	0.06425	0.25168	0.09147	0.05632	0.16758	0.00287	0.12093	0.02040	0.07606	0.00419

[dist]
# distance from previous block
# <min> <max>
16	49

[block]
# block no. 6 follows, 58 sequences, length 39
# corresponding to MSA columns:
# 252-290
name=unknown_G
#
# <colnr> <probs for GDERKNQSTAVLIFYWHMCP>
#	G	D	E	R	K	N	Q	S	T	A	V	L	I	F	Y	W	H	M	C	P
0	0.04037	0.12455	0.13522	0.04294	0.05275	0.07102	0.07972	0.07566	0.03721	0.02589	0.09356	0.07837	0.04339	0.00655	0.02113	0.00148	0.01709	0.00502	0.04250	0.00557
1	0.05995	0.13446	0.03011	0.00880	0.03976	0.10772	0.04911	0.01309	0.06985	0.04887	0.03619	0.09022	0.05605	0.02208	0.02725	0.00149	0.00457	0.03496	0.07038	0.09510
2	0.01104	0.15767	0.07407	0.02455	0.04024	0.06145	0.03611	0.10969	0.10283	0.04013	0.12270	0.04853	0.04359	0.00662	0.01950	0.00145	0.05815	0.00487	0.00331	0.03351
3	0.04153	0.14581	0.20436	0.02288	0.07254	0.04867	0.11365	0.14588	0.02601	0.05635	0.04273	0.01190	0.00859	0.00475	0.00424	0.00133	0.00553	0.01967	0.00286	0.02071
4	0.04772	0.16696	0.16298	0.02688	0.08364	0.09810	0.02226	0.12684	0.06760	0.02776	0.02351	0.02909	0.02561	0.02013	0.00455	0.00134	0.01917	0.00386	0.00282	0.03917
5	0.08352	0.14515	0.12774	0.02730	0.02489	0.10281	0.02476	0.02479	0.01000	0.03258	0.09987	0.10898	0.05881	0.04078	0.00532	0.02149	0.00459	0.02174	0.01613	0.01874
6	0.01086	0.01176	0.11172	0.04843	0.42284	0.02400	0.09204	0.03001	0.08014	0.03531	0.01007	0.02738	0.00810	0.00449	0.00444	0.00136	0.00533	0.00426	0.03704	0.03042
7	0.00848	0.00715	0.02857	0.02939	0.00994	0.00713	0.02355	0.04341	0.24799	0.02832	0.18411	0.07900	0.15762	0.02259	0.00536	0.00160	0.00332	0.09088	0.01635	0.00522
8	0.02853	0.00526	0.02173	0.00708	0.00793	0.00580	0.00553	0.00815	0.00718	0.01060	0.01176	0.01790	0.01117	0.10038	0.67070	0.02611	0.02852	0.00480	0.01693	0.00393
9	0.08820	0.12609	0.15427	0.04906	0.27467	0.13773	0.02465	0.01409	0.00992	0.01370	0.00755	0.00940	0.00616	0.00417	0.00413	0.00126	0.02071	0.00330	0.00219	0.04876
10	0.01425	0.01514	0.01268	0.01121	0.03120	0.38545	0.02559	0.19164	0.01296	0.01499	0.00838	0.01025	0.00693	0.00840	0.09563	0.00198	0.12801	0.00360	0.01612	0.00560
11	0.00722	0.00513	0.00650	0.00602	0.00729	0.00492	0.00456	0.01027	0.08444	0.04449	0.71443	0.03130	0.03860	0.00875	0.00518	0.00142	0.00230	0.00770	0.00491	0.00459
12	0.00762	0.00484	0.00625	0.00574	0.00704	0.00441	0.00436	0.00964	0.01244	0.09178	0.67197	0.03168	0.07893	0.00880	0.00513	0.00140	0.00227	0.00770	0.03350	0.00451
13	0.00552	0.00394	0.00526	0.00625	0.00656	0.00369	0.00422	0.00637	0.00873	0.01167	0.04949	0.79676	0.02990	0.01382	0.00571	0.00181	0.00261	0.02985	0.00418	0.00366
14	0.87439	0.00865	0.00657	0.00588	0.00865	0.01003	0.00484	0.01315	0.00761	0.02007	0.00623	0.00727	0.00484	0.00415	0.00277	0.00138	0.00346	0.00242	0.00277	0.00484
15	0.87439	0.00865	0.00657	0.00588	0.00865	0.01003	0.00484	0.01315	0.00761	0.02007	0.00623	0.00727	0.00484	0.00415	0.00277	0.00138	0.00346	0.00242	0.00277	0.00484
16	0.01113	0.00961	0.01011	0.00910	0.01163	0.01113	0.00708	0.02377	0.80681	0.01871	0.01821	0.01669	0.01365	0.00607	0.00455	0.00152	0.00354	0.00506	0.00455	0.00708
17	0.00651	0.00434	0.00488	0.00488	0.00488	0.00434	0.00271	0.00651	0.00651	0.00867	0.01409	0.02927	0.01626	0.84279	0.02277	0.00434	0.00434	0.00651	0.00271	0.00271
18	0.01196	0.84548	0.02344	0.00765	0.01148	0.01770	0.00765	0.01339	0.00909	0.01052	0.00622	0.00718	0.00574	0.00383	0.00287	0.00096	0.00478	0.00239	0.00191	0.00574
19	0.00845	0.00795	0.01342	0.83204	0.03081	0.00994	0.01242	0.01143	0.00894	0.01143	0.00795	0.01193	0.00596	0.00447	0.00447	0.00149	0.00596	0.00398	0.00199	0.00497
20	0.00544	0.00403	0.00508	0.00590	0.00641	0.00367	0.00401	0.00631	0.00896	0.01168	0.04512	0.67426	0.17597	0.01341	0.00562	0.00175	0.00252	0.01201	0.00417	0.00367
21	0.00979	0.00979	0.01370	0.01174	0.01174	0.01370	0.00979	0.01077	0.00685	0.01077	0.00587	0.00979	0.00587	0.00783	0.01468	0.00196	0.83461	0.00391	0.00196	0.00489
22	0.02941	0.01406	0.01049	0.00981	0.02772	0.41658	0.00727	0.02941	0.08431	0.06573	0.06131	0.12754	0.04790	0.00675	0.00478	0.00135	0.03087	0.00521	0.00326	0.01623
23	0.76890	0.00852	0.00704	0.00614	0.00899	0.00961	0.00506	0.01422	0.00825	0.11859	0.00764	0.00825	0.00561	0.00432	0.00298	0.00138	0.00350	0.00268	0.00311	0.00519
24	0.00979	0.00979	0.01370	0.01174	0.01174	0.01370	0.00979	0.01077	0.00685	0.01077	0.00587	0.00979	0.00587	0.00783	0.01468	0.00196	0.83461	0.00391	0.00196	0.00489
25	0.01107	0.01063	0.01816	0.02746	0.81489	0.01063	0.01373	0.01373	0.01019	0.01461	0.00841	0.01107	0.00709	0.00399	0.00443	0.00133	0.00531	0.00399	0.00221	0.00709
26	0.00566	0.00502	0.02300	0.00517	0.00665	0.00415	0.00402	0.00723	0.02755	0.01285	0.11992	0.11149	0.60981	0.01110	0.00531	0.00154	0.00245	0.02896	0.00419	0.00395
27	0.00573	0.00402	0.00516	0.00595	0.00617	0.00383	0.00388	0.00636	0.00812	0.01082	0.02215	0.63286	0.02638	0.20857	0.00972	0.00241	0.00304	0.02758	0.00381	0.00343
28	0.00545	0.00391	0.00517	0.00619	0.00648	0.00364	0.00413	0.00623	0.00860	0.01144	0.02516	0.82025	0.04888	0.01395	0.00570	0.00181	0.00259	0.01264	0.00415	0.00364
29	0.03405	0.01179	0.01253	0.00993	0.01325	0.01317	0.00810	0.60789	0.19812	0.02588	0.01233	0.01201	0.00891	0.00550	0.00446	0.00138	0.00458	0.00423	0.00446	0.00743
30	0.00969	0.05607	0.48097	0.02961	0.03407	0.01077	0.22970	0.01422	0.02587	0.02566	0.00871	0.01064	0.00643	0.00512	0.03166	0.00161	0.00682	0.00393	0.00212	0.00633
31	0.02007	0.00761	0.01038	0.00796	0.01142	0.00657	0.00657	0.02180	0.01280	0.81799	0.01765	0.01523	0.01107	0.00554	0.00450	0.00138	0.00381	0.00450	0.00554	0.00761
32	0.00908	0.00521	0.00661	0.00592	0.00757	0.00462	0.00456	0.01087	0.01207	0.19061	0.45813	0.05010	0.19921	0.00894	0.00512	0.00143	0.00252	0.00770	0.00488	0.00485
33	0.00546	0.00394	0.00517	0.00612	0.00647	0.00365	0.00411	0.00629	0.00875	0.01161	0.04413	0.77702	0.07323	0.01375	0.00568	0.00179	0.00257	0.01243	0.00417	0.00365
34	0.00871	0.00802	0.01299	0.62464	0.07156	0.00986	0.01145	0.02932	0.00907	0.01201	0.00893	0.05432	0.00748	0.00587	0.02316	0.00165	0.07400	0.00444	0.01748	0.00504
35	0.01299	0.00648	0.00745	0.00631	0.00846	0.00641	0.00502	0.09665	0.07030	0.26065	0.01538	0.01562	0.01111	0.00539	0.00379	0.00121	0.00301	0.00432	0.45366	0.00578
36	0.01219	0.01140	0.06159	0.07037	0.10862	0.05861	0.03300	0.19674	0.27516	0.01871	0.01254	0.01312	0.00947	0.00524	0.00454	0.00139	0.01870	0.00430	0.07772	0.00659
37	0.01044	0.03028	0.29660	0.08256	0.30409	0.02526	0.05212	0.05644	0.02552	0.01479	0.00858	0.01067	0.00666	0.00438	0.00468	0.00139	0.03285	0.00379	0.02237	0.00653
38	0.01059	0.01003	0.02843	0.21381	0.47218	0.01074	0.01252	0.02618	0.05028	0.03133	0.00880	0.01150	0.00711	0.00462	0.00540	0.00144	0.08226	0.00403	0.00236	0.00640

[dist]
# distance from previous block
# <min> <max>
0	9

[block]
# block no. 7 follows, 58 sequences, length 61
# corresponding to MSA columns:
# 300-312,337-361,369-379,386-397
name=unknown_H
#
# <colnr> <probs for GDERKNQSTAVLIFYWHMCP>
#	G	D	E	R	K	N	Q	S	T	A	V	L	I	F	Y	W	H	M	C	P
0	0.00578	0.00416	0.00537	0.00594	0.00652	0.00386	0.00415	0.00695	0.00970	0.01314	0.21748	0.52364	0.09267	0.03282	0.00596	0.00175	0.00253	0.03422	0.01957	0.00379
1	0.01009	0.00828	0.00897	0.00812	0.01030	0.00925	0.00626	0.01970	0.58658	0.03789	0.15593	0.02130	0.06315	0.02747	0.00516	0.00156	0.00325	0.00584	0.00457	0.00631
2	0.00623	0.00455	0.00585	0.00556	0.00663	0.00417	0.00416	0.00823	0.01238	0.01734	0.73539	0.05425	0.09966	0.00943	0.00529	0.00142	0.00213	0.00831	0.00485	0.00417
3	0.87439	0.00865	0.00657	0.00588	0.00865	0.01003	0.00484	0.01315	0.00761	0.02007	0.00623	0.00727	0.00484	0.00415	0.00277	0.00138	0.00346	0.00242	0.00277	0.00484
4	0.00625	0.00457	0.00587	0.00554	0.00663	0.00419	0.00416	0.00828	0.01247	0.01748	0.75265	0.03417	0.10237	0.00932	0.00528	0.00142	0.00212	0.00820	0.00486	0.00419
5	0.01113	0.00961	0.01011	0.00910	0.01163	0.01113	0.00708	0.02377	0.80681	0.01871	0.01821	0.01669	0.01365	0.00607	0.00455	0.00152	0.00354	0.00506	0.00455	0.00708
6	0.01183	0.57871	0.13298	0.00880	0.01279	0.06759	0.00892	0.02601	0.09239	0.01216	0.00783	0.00859	0.00658	0.00419	0.00334	0.00110	0.00512	0.00285	0.00225	0.00599
7	0.03738	0.03452	0.16343	0.00869	0.01175	0.00873	0.02115	0.10806	0.17055	0.08437	0.17057	0.08008	0.06793	0.00695	0.00466	0.00145	0.00398	0.00584	0.00397	0.00595
8	0.06200	0.04232	0.06244	0.01151	0.05105	0.45819	0.02439	0.12075	0.02435	0.07011	0.00847	0.00930	0.00653	0.00465	0.00407	0.00123	0.00661	0.00326	0.00284	0.02595
9	0.00714	0.00510	0.00713	0.00816	0.00916	0.00509	0.00709	0.00915	0.01023	0.01331	0.02372	0.08020	0.02589	0.01242	0.00616	0.00205	0.00406	0.75569	0.00412	0.00410
10	0.00639	0.00530	0.00574	0.00599	0.00712	0.02379	0.00432	0.00885	0.10808	0.01290	0.07091	0.35512	0.34601	0.01148	0.00533	0.00162	0.00268	0.00998	0.00420	0.00418
11	0.01154	0.01146	0.05468	0.01965	0.38347	0.02434	0.15697	0.09869	0.07324	0.02992	0.00978	0.02138	0.00784	0.00497	0.01603	0.00148	0.04047	0.00435	0.00272	0.02702
12	0.20554	0.01104	0.01132	0.05538	0.03899	0.05190	0.00772	0.40444	0.06011	0.05229	0.01108	0.01154	0.03193	0.00576	0.02057	0.00148	0.00477	0.00387	0.00377	0.00649
13	0.01107	0.01063	0.01816	0.02746	0.81489	0.01063	0.01373	0.01373	0.01019	0.01461	0.00841	0.01107	0.00709	0.00399	0.00443	0.00133	0.00531	0.00399	0.00221	0.00709
14	0.00823	0.00715	0.01006	0.01302	0.25964	0.00719	0.00754	0.01180	0.14511	0.01433	0.09232	0.22245	0.15281	0.00895	0.01750	0.00161	0.00365	0.00760	0.00366	0.00538
15	0.00545	0.00391	0.00517	0.00618	0.00647	0.00364	0.00413	0.00623	0.00861	0.01144	0.02529	0.81554	0.05351	0.01393	0.00570	0.00181	0.00259	0.01262	0.00415	0.00364
16	0.01907	0.00632	0.02472	0.00710	0.02104	0.03524	0.00517	0.04252	0.00750	0.01043	0.00795	0.01236	0.00743	0.01188	0.01340	0.57870	0.04492	0.00367	0.02100	0.11958
17	0.00912	0.06384	0.78020	0.01250	0.01897	0.01075	0.01609	0.01413	0.00943	0.01399	0.00794	0.00933	0.00567	0.00423	0.00418	0.00139	0.00652	0.00326	0.00189	0.00657
18	0.00545	0.00391	0.00518	0.00619	0.00648	0.00364	0.00413	0.00623	0.00860	0.01143	0.02514	0.82130	0.04785	0.01395	0.00570	0.00181	0.00259	0.01264	0.00415	0.00364
19	0.00537	0.00453	0.00465	0.00462	0.00610	0.00381	0.00347	0.00659	0.01040	0.01257	0.10945	0.04224	0.74863	0.01115	0.00529	0.00150	0.00225	0.00933	0.00422	0.00381
20	0.00850	0.01695	0.49853	0.01246	0.01731	0.00910	0.15692	0.01248	0.00946	0.01360	0.01181	0.18937	0.01104	0.00627	0.00475	0.00152	0.00591	0.00570	0.00245	0.00586
21	0.01023	0.04808	0.01037	0.00710	0.01099	0.02644	0.00576	0.07801	0.01034	0.01545	0.00808	0.00927	0.00665	0.00354	0.00341	0.00075	0.00363	0.00276	0.00276	0.73639
22	0.00800	0.00504	0.00562	0.00539	0.00666	0.00499	0.00406	0.03870	0.06907	0.03104	0.21389	0.09500	0.10628	0.00767	0.00429	0.00130	0.00239	0.00650	0.37962	0.00449
23	0.02395	0.15905	0.38361	0.01134	0.02979	0.02535	0.04831	0.13787	0.04826	0.06697	0.00931	0.01015	0.00683	0.00451	0.00409	0.00132	0.00566	0.00351	0.01351	0.00661
24	0.00952	0.05192	0.10486	0.03445	0.20455	0.02404	0.10444	0.01370	0.13379	0.01445	0.07427	0.02925	0.12186	0.00643	0.01623	0.00152	0.04051	0.00532	0.00301	0.00590
25	0.00845	0.00795	0.01342	0.83204	0.03081	0.00994	0.01242	0.01143	0.00894	0.01143	0.00795	0.01193	0.00596	0.00447	0.00447	0.00149	0.00596	0.00398	0.00199	0.00497
26	0.00563	0.00463	0.00501	0.00516	0.00658	0.00401	0.00403	0.00695	0.01031	0.01252	0.07205	0.04384	0.65829	0.01141	0.00543	0.00159	0.00255	0.13197	0.00418	0.00385
27	0.01282	0.06996	0.17312	0.01336	0.15305	0.11117	0.03878	0.10519	0.05238	0.11863	0.01063	0.03435	0.00829	0.00605	0.03484	0.00156	0.02496	0.00405	0.02037	0.00644
28	0.04823	0.07927	0.11195	0.04721	0.11076	0.18026	0.04550	0.03834	0.02375	0.09057	0.06191	0.07806	0.01097	0.00566	0.00466	0.00136	0.03299	0.00457	0.01823	0.00577
29	0.00613	0.00442	0.00580	0.00577	0.00664	0.00409	0.00421	0.00793	0.01172	0.01644	0.63163	0.21858	0.03931	0.01026	0.00538	0.00150	0.00222	0.00915	0.00475	0.00409
30	0.00937	0.01064	0.12643	0.26239	0.24629	0.00942	0.06666	0.03057	0.02516	0.02416	0.02318	0.12458	0.01033	0.00569	0.00467	0.00147	0.00536	0.00526	0.00255	0.00581
31	0.03686	0.30187	0.24524	0.01137	0.05672	0.15569	0.04539	0.02894	0.01024	0.04673	0.00765	0.00884	0.00608	0.00426	0.00391	0.00122	0.01763	0.00309	0.00223	0.00605
32	0.00651	0.00434	0.00488	0.00488	0.00488	0.00434	0.00271	0.00651	0.00651	0.00867	0.01409	0.02927	0.01626	0.84279	0.02277	0.00434	0.00434	0.00651	0.00271	0.00271
33	0.00601	0.00412	0.00542	0.00614	0.00665	0.00380	0.00421	0.00698	0.00922	0.03835	0.11109	0.69010	0.06500	0.01309	0.00560	0.00174	0.00257	0.01180	0.00428	0.00383
34	0.01014	0.03603	0.30432	0.05390	0.07292	0.12251	0.08045	0.01416	0.07209	0.01368	0.02506	0.05911	0.01056	0.00590	0.00476	0.00148	0.01683	0.08765	0.00263	0.00584
35	0.01168	0.72704	0.10958	0.00821	0.01229	0.01663	0.00857	0.02905	0.00937	0.01136	0.00663	0.00763	0.00585	0.00392	0.00306	0.00102	0.00495	0.00255	0.01475	0.00585
36	0.00584	0.00467	0.00525	0.00512	0.00647	0.00413	0.00387	0.00761	0.02805	0.01445	0.33239	0.03903	0.48948	0.01042	0.00529	0.00148	0.00227	0.02570	0.00445	0.00402
37	0.01236	0.51402	0.08319	0.00849	0.01195	0.16913	0.00810	0.03223	0.01011	0.01196	0.00749	0.00862	0.00639	0.00419	0.00327	0.00105	0.00527	0.00278	0.09381	0.00558
38	0.04852	0.03775	0.01055	0.02372	0.01151	0.02454	0.00627	0.16968	0.01171	0.05188	0.00919	0.02423	0.00738	0.00423	0.00383	0.00095	0.01848	0.00325	0.02441	0.50792
39	0.07064	0.11087	0.14117	0.02077	0.01317	0.06105	0.00888	0.16105	0.25498	0.01763	0.01209	0.02531	0.00969	0.02060	0.00478	0.00146	0.02403	0.03208	0.00340	0.00636
40	0.00545	0.00402	0.00510	0.00592	0.00642	0.00368	0.00403	0.00633	0.00897	0.01174	0.05325	0.67840	0.16352	0.01340	0.00562	0.00175	0.00252	0.01201	0.00418	0.00368
41	0.01129	0.06543	0.27265	0.03944	0.07909	0.06148	0.09726	0.09435	0.11056	0.04264	0.03559	0.01218	0.01985	0.00494	0.00475	0.00140	0.03374	0.00410	0.00283	0.00641
42	0.00663	0.00509	0.00736	0.00725	0.00807	0.00593	0.00563	0.00849	0.03025	0.01090	0.04142	0.01861	0.02839	0.04927	0.70738	0.00645	0.04120	0.00502	0.00258	0.00409
43	0.01286	0.21960	0.24681	0.01124	0.02873	0.29439	0.02750	0.05846	0.01108	0.01284	0.00740	0.00870	0.00596	0.00481	0.01620	0.00131	0.02096	0.00306	0.00220	0.00589
44	0.00594	0.00454	0.00546	0.00527	0.00646	0.00405	0.00393	0.00768	0.01169	0.01572	0.52342	0.06137	0.30813	0.01005	0.00529	0.00146	0.00218	0.00870	0.00463	0.00405
45	0.00661	0.00506	0.02001	0.00586	0.00697	0.00461	0.00445	0.00900	0.04617	0.01675	0.62465	0.06966	0.04748	0.06885	0.00646	0.00164	0.00247	0.02041	0.02865	0.00424
46	0.02196	0.00870	0.03708	0.00763	0.03344	0.00665	0.00612	0.04292	0.00998	0.06899	0.00870	0.00976	0.00692	0.00360	0.00349	0.00079	0.00358	0.00288	0.00288	0.71392
47	0.00530	0.00449	0.00458	0.00465	0.00607	0.00377	0.00345	0.00641	0.01008	0.01204	0.04384	0.10014	0.75694	0.01152	0.00532	0.00153	0.00229	0.00968	0.00415	0.00377
48	0.02572	0.11037	0.02389	0.03617	0.02756	0.12638	0.11753	0.29409	0.05437	0.05197	0.01028	0.02598	0.00799	0.00627	0.04188	0.00158	0.00585	0.00408	0.02168	0.00636
49	0.01213	0.81587	0.02305	0.00779	0.01157	0.04670	0.00769	0.01356	0.00922	0.01054	0.00624	0.00721	0.00574	0.00386	0.00291	0.00096	0.00490	0.00241	0.00193	0.00572
50	0.00772	0.00617	0.00761	0.00687	0.00916	0.00518	0.00557	0.00951	0.00971	0.01370	0.04277	0.12340	0.08983	0.00836	0.00475	0.00134	0.00335	0.25458	0.00350	0.38692
51	0.00645	0.00456	0.00602	0.00607	0.00647	0.00493	0.00420	0.00726	0.00697	0.00965	0.01360	0.04074	0.01445	0.42841	0.39278	0.00554	0.00783	0.02806	0.00263	0.00336
52	0.87439	0.00865	0.00657	0.00588	0.00865	0.01003	0.00484	0.01315	0.00761	0.02007	0.00623	0.00727	0.00484	0.00415	0.00277	0.00138	0.00346	0.00242	0.00277	0.00484
53	0.00928	0.00795	0.00928	0.00663	0.01060	0.00596	0.00530	0.01126	0.00928	0.01458	0.00795	0.00928	0.00663	0.00331	0.00331	0.00066	0.00331	0.00265	0.00265	0.87014
54	0.01182	0.00955	0.01021	0.00906	0.01167	0.01091	0.00708	0.04190	0.73877	0.06882	0.01800	0.01646	0.01335	0.00602	0.00455	0.00150	0.00359	0.00500	0.00461	0.00713
55	0.01113	0.00976	0.01614	0.03762	0.52891	0.02295	0.08174	0.01360	0.01055	0.08849	0.03575	0.01567	0.09742	0.00508	0.00462	0.00137	0.00501	0.00485	0.00281	0.00652
56	0.01185	0.28622	0.10437	0.00914	0.01240	0.03641	0.00851	0.16252	0.14688	0.01624	0.06138	0.01205	0.01003	0.00605	0.02833	0.00146	0.05916	0.00383	0.01702	0.00617
57	0.01186	0.74569	0.09294	0.00823	0.01225	0.04412	0.00847	0.01361	0.00924	0.01086	0.00640	0.00740	0.00573	0.00389	0.00303	0.00100	0.00505	0.00249	0.00192	0.00580
58	0.00985	0.02980	0.00989	0.00699	0.01085	0.03007	0.00562	0.03539	0.03911	0.01493	0.00834	0.00950	0.00687	0.00353	0.00340	0.00074	0.00354	0.00278	0.00275	0.76606
59	0.01252	0.10966	0.01315	0.06587	0.05101	0.17576	0.00836	0.08299	0.35202	0.01587	0.01236	0.01307	0.00971	0.00543	0.00468	0.00138	0.03893	0.01751	0.00339	0.00630
60	0.00644	0.00451	0.00572	0.00629	0.00675	0.00443	0.00455	0.00734	0.00834	0.01097	0.02070	0.22515	0.05093	0.34133	0.02670	0.00297	0.00392	0.25599	0.00354	0.00343

[dist]
# distance from previous block
# <min> <max>
0	9

[block]
# block no. 8 follows, 58 sequences, length 15
# corresponding to MSA columns:
# 407-421
name=unknown_I
#
# <colnr> <probs for GDERKNQSTAVLIFYWHMCP>
#	G	D	E	R	K	N	Q	S	T	A	V	L	I	F	Y	W	H	M	C	P
0	0.01071	0.27236	0.34598	0.01251	0.01754	0.06143	0.19243	0.01419	0.00978	0.01290	0.00764	0.00927	0.00595	0.00403	0.00405	0.00128	0.00635	0.00345	0.00201	0.00613
1	0.00644	0.00460	0.00631	0.00724	0.00796	0.00447	0.00576	0.00798	0.00976	0.01291	0.07873	0.36895	0.02844	0.01281	0.00593	0.00192	0.00336	0.41831	0.00419	0.00393
2	0.00532	0.00441	0.00465	0.00485	0.00613	0.00375	0.00354	0.00638	0.00989	0.01196	0.04146	0.19192	0.66669	0.01183	0.00537	0.00157	0.00233	0.01005	0.00415	0.00375
3	0.00614	0.00454	0.00573	0.00548	0.00658	0.00413	0.00409	0.00806	0.01215	0.01682	0.66785	0.06153	0.16102	0.00964	0.00529	0.00144	0.00215	0.00845	0.00478	0.00413
4	0.00647	0.00473	0.00610	0.00578	0.00686	0.00445	0.00432	0.00891	0.04155	0.01769	0.75001	0.06704	0.04063	0.00924	0.00527	0.00143	0.00218	0.00818	0.00488	0.00430
5	0.01700	0.01253	0.01342	0.01029	0.01387	0.01387	0.00850	0.79997	0.02103	0.02819	0.01074	0.01074	0.00761	0.00537	0.00447	0.00134	0.00492	0.00403	0.00447	0.00761
6	0.05157	0.03309	0.39357	0.01109	0.02957	0.00981	0.04380	0.08000	0.05622	0.20733	0.03347	0.01199	0.00862	0.00485	0.00432	0.00140	0.00534	0.00391	0.00326	0.00678
7	0.00897	0.02314	0.81962	0.01275	0.01936	0.01039	0.01653	0.01417	0.00944	0.01417	0.00803	0.00944	0.00567	0.00425	0.00425	0.00142	0.00661	0.00331	0.00189	0.00661
8	0.01113	0.00961	0.01011	0.00910	0.01163	0.01113	0.00708	0.02377	0.80681	0.01871	0.01821	0.01669	0.01365	0.00607	0.00455	0.00152	0.00354	0.00506	0.00455	0.00708
9	0.00870	0.00721	0.02762	0.01104	0.14480	0.02179	0.05360	0.03807	0.03280	0.05795	0.21158	0.20717	0.03391	0.03035	0.06373	0.00199	0.00434	0.03453	0.00376	0.00506
10	0.04957	0.00895	0.01503	0.51850	0.26769	0.01020	0.04218	0.01232	0.00932	0.01291	0.00805	0.01146	0.00628	0.00428	0.00441	0.00144	0.00571	0.00396	0.00210	0.00565
11	0.87439	0.00865	0.00657	0.00588	0.00865	0.01003	0.00484	0.01315	0.00761	0.02007	0.00623	0.00727	0.00484	0.00415	0.00277	0.00138	0.00346	0.00242	0.00277	0.00484
12	0.69003	0.00864	0.00753	0.00643	0.00935	0.00961	0.00530	0.04877	0.00909	0.15788	0.00839	0.00879	0.00604	0.00444	0.00314	0.00138	0.00358	0.00285	0.00332	0.00544
13	0.01073	0.15692	0.18521	0.01139	0.08416	0.09905	0.06209	0.01309	0.00999	0.07360	0.03681	0.11600	0.05618	0.02349	0.00520	0.00144	0.04111	0.00514	0.00279	0.00563
14	0.01070	0.00966	0.01611	0.02380	0.67622	0.00956	0.01215	0.01309	0.01016	0.04750	0.01195	0.07925	0.04954	0.00522	0.00458	0.00138	0.00488	0.00498	0.00260	0.00666

[dist]
# distance from previous block
# <min> <max>
0	19

[block]
# block no. 9 follows, 58 sequences, length 25
# corresponding to MSA columns:
# 441-465
name=unknown_J
#
# <colnr> <probs for GDERKNQSTAVLIFYWHMCP>
#	G	D	E	R	K	N	Q	S	T	A	V	L	I	F	Y	W	H	M	C	P
0	0.00593	0.00456	0.00542	0.00520	0.00644	0.00405	0.00390	0.00766	0.01171	0.01568	0.51663	0.03713	0.33951	0.00999	0.00528	0.00145	0.00217	0.00861	0.00463	0.00405
1	0.01626	0.02066	0.01236	0.01125	0.01352	0.79259	0.00844	0.01741	0.01258	0.01099	0.00842	0.00944	0.03747	0.00487	0.00408	0.00117	0.00784	0.00314	0.00238	0.00513
2	0.00936	0.06918	0.69316	0.01228	0.01840	0.01079	0.03263	0.02910	0.00961	0.01418	0.00795	0.00940	0.00577	0.00427	0.00436	0.00137	0.02244	0.00330	0.00198	0.04045
3	0.00697	0.00620	0.04387	0.02511	0.12440	0.00533	0.00617	0.00877	0.01045	0.02442	0.25263	0.23808	0.18328	0.00969	0.00516	0.00152	0.00305	0.01789	0.02246	0.00456
4	0.00845	0.00795	0.01342	0.83204	0.03081	0.00994	0.01242	0.01143	0.00894	0.01143	0.00795	0.01193	0.00596	0.00447	0.00447	0.00149	0.00596	0.00398	0.00199	0.00497
5	0.01029	0.00945	0.09884	0.06195	0.22725	0.00807	0.03748	0.04140	0.04915	0.10567	0.10602	0.10132	0.04855	0.01842	0.00496	0.00148	0.00436	0.02045	0.03897	0.00589
6	0.03295	0.03249	0.30073	0.01633	0.15717	0.02629	0.23919	0.07118	0.01091	0.05688	0.00898	0.01075	0.00664	0.00421	0.00454	0.00141	0.00630	0.00406	0.00246	0.00656
7	0.04246	0.01462	0.01526	0.05137	0.42486	0.33219	0.01123	0.01541	0.01109	0.02907	0.00791	0.00987	0.00652	0.00429	0.00422	0.00127	0.00633	0.00351	0.00233	0.00619
8	0.39477	0.04182	0.01133	0.01006	0.06016	0.28203	0.05488	0.04995	0.01033	0.01631	0.00717	0.00844	0.00572	0.00434	0.00353	0.00129	0.00543	0.00296	0.02418	0.00530
9	0.00553	0.00398	0.00519	0.00612	0.00645	0.00371	0.00411	0.00632	0.00860	0.01138	0.02531	0.73877	0.07303	0.05228	0.00649	0.00192	0.00269	0.03042	0.00408	0.00361
10	0.03685	0.02718	0.01324	0.13654	0.13144	0.29671	0.01915	0.09875	0.01192	0.04764	0.00829	0.00986	0.00652	0.00439	0.00408	0.00119	0.00595	0.00337	0.00267	0.13426
11	0.00997	0.01207	0.18730	0.01386	0.20590	0.00869	0.06222	0.04336	0.03560	0.03062	0.01138	0.03193	0.05524	0.00464	0.00419	0.00119	0.00478	0.00409	0.00267	0.27031
12	0.00553	0.00395	0.00529	0.00632	0.00662	0.00371	0.00430	0.00637	0.00865	0.01151	0.02461	0.80206	0.02940	0.01393	0.00573	0.00183	0.00267	0.04970	0.00415	0.00366
13	0.01140	0.40182	0.11449	0.02549	0.05945	0.03279	0.04545	0.01361	0.01025	0.09266	0.12397	0.01330	0.02797	0.00500	0.00385	0.00119	0.00474	0.00394	0.00279	0.00584
14	0.00601	0.00475	0.00545	0.00539	0.00669	0.00431	0.00407	0.00801	0.04529	0.01449	0.31709	0.08728	0.41866	0.01053	0.00532	0.00152	0.00237	0.04425	0.00445	0.00408
15	0.00855	0.03335	0.02726	0.01046	0.05674	0.01015	0.00806	0.00979	0.00753	0.01111	0.04132	0.06011	0.01071	0.08724	0.17925	0.00313	0.42333	0.00493	0.00237	0.00461
16	0.00994	0.00789	0.04415	0.00728	0.00960	0.00739	0.00600	0.15645	0.11375	0.04558	0.32337	0.02137	0.03366	0.00715	0.01638	0.00138	0.00332	0.00568	0.08857	0.09109
17	0.00595	0.00466	0.00540	0.00519	0.00649	0.00416	0.00390	0.00782	0.02796	0.01525	0.44142	0.03752	0.39797	0.01009	0.00527	0.00146	0.00221	0.00865	0.00456	0.00407
18	0.03368	0.18939	0.21478	0.03821	0.16762	0.06091	0.04159	0.01382	0.00973	0.04044	0.00791	0.00949	0.00631	0.00410	0.00407	0.00119	0.02177	0.00325	0.00225	0.12947
19	0.00551	0.00399	0.00518	0.00604	0.00642	0.00369	0.00406	0.00636	0.00883	0.01173	0.06631	0.71972	0.08560	0.03612	0.00612	0.00184	0.00259	0.01208	0.00415	0.00365
20	0.00882	0.00558	0.03099	0.00631	0.00791	0.00465	0.00494	0.01033	0.01077	0.18291	0.19580	0.26752	0.20899	0.01024	0.00523	0.00156	0.00282	0.02536	0.00454	0.00473
21	0.03609	0.13840	0.34307	0.01181	0.07684	0.07348	0.04708	0.02945	0.01004	0.03816	0.03072	0.02763	0.01733	0.02073	0.00440	0.00132	0.00560	0.00370	0.00239	0.08176
22	0.04106	0.46827	0.15300	0.00875	0.01266	0.07253	0.00885	0.06229	0.02426	0.04282	0.02877	0.01015	0.02440	0.02051	0.00386	0.00120	0.00510	0.00318	0.00244	0.00589
23	0.04039	0.05720	0.16221	0.01079	0.07938	0.07381	0.01821	0.12455	0.06163	0.03218	0.02754	0.02584	0.02434	0.02467	0.00481	0.00130	0.02740	0.01394	0.00295	0.18686
24	0.02309	0.11405	0.01356	0.01132	0.08875	0.20481	0.04467	0.05633	0.02584	0.03603	0.03864	0.05278	0.00995	0.02520	0.03132	0.00160	0.12180	0.02080	0.04493	0.03453

[dist]
# distance from previous block
# <min> <max>
1	6

[block]
# block no. 10 follows, 58 sequences, length 27
# corresponding to MSA columns:
# 472-498
name=unknown_K
#
# <colnr> <probs for GDERKNQSTAVLIFYWHMCP>
#	G	D	E	R	K	N	Q	S	T	A	V	L	I	F	Y	W	H	M	C	P
0	0.05025	0.15314	0.06371	0.05126	0.05872	0.09999	0.05911	0.15080	0.03644	0.03296	0.04313	0.04803	0.04683	0.01732	0.00477	0.00137	0.03200	0.00444	0.03997	0.00578
1	0.10467	0.05097	0.35886	0.01294	0.10837	0.02437	0.06591	0.02846	0.04719	0.07639	0.00948	0.02835	0.00727	0.00509	0.01711	0.00148	0.02392	0.00379	0.00258	0.02279
2	0.06359	0.06392	0.23084	0.02478	0.01304	0.07838	0.00959	0.01263	0.00942	0.06721	0.03999	0.03154	0.10613	0.00664	0.01741	0.00154	0.17277	0.00447	0.00271	0.04339
3	0.00924	0.02009	0.63894	0.01461	0.13096	0.01039	0.01548	0.01377	0.00946	0.01404	0.00855	0.01119	0.00661	0.00468	0.00484	0.00145	0.04524	0.03194	0.00202	0.00651
4	0.00911	0.06128	0.78269	0.01251	0.01900	0.01073	0.01612	0.01413	0.00943	0.01400	0.00794	0.00934	0.00567	0.00423	0.00419	0.00140	0.00653	0.00326	0.00189	0.00657
5	0.02645	0.23792	0.05252	0.02685	0.02652	0.02565	0.03353	0.11498	0.12465	0.11997	0.05098	0.03006	0.01043	0.00579	0.00494	0.04158	0.02697	0.00413	0.03003	0.00608
