[name]
unknown

[dist]
# distance from previous block
# <min> <max>
7	392

[block]
# block no. 0 follows, 55 sequences, length 38
# corresponding to MSA columns:
# 398-435
name=unknown_A
#
# <colnr> <probs for GDERKNQSTAVLIFYWHMCP>
#	G	D	E	R	K	N	Q	S	T	A	V	L	I	F	Y	W	H	M	C	P
0	0.03011	0.02333	0.14167	0.05285	0.10011	0.00858	0.07691	0.09131	0.01136	0.10172	0.01611	0.20821	0.04556	0.00755	0.00494	0.00156	0.00474	0.02488	0.04260	0.00593
1	0.00763	0.00714	0.04036	0.01003	0.03208	0.00636	0.16007	0.04882	0.01020	0.01371	0.03672	0.53323	0.05204	0.01117	0.00567	0.00175	0.00404	0.01042	0.00382	0.00471
2	0.02699	0.04031	0.23202	0.07398	0.11470	0.10429	0.06725	0.10020	0.05614	0.01582	0.02154	0.03267	0.02914	0.01462	0.00515	0.00148	0.03512	0.00434	0.00275	0.02151
3	0.04364	0.08622	0.32856	0.04159	0.08722	0.02704	0.06726	0.07458	0.01130	0.03675	0.07909	0.01516	0.05557	0.00548	0.00455	0.00144	0.00562	0.01978	0.00283	0.00632
4	0.06051	0.01853	0.01293	0.08208	0.03418	0.59711	0.02275	0.03868	0.01246	0.01270	0.00817	0.04073	0.00704	0.00509	0.00426	0.00127	0.00743	0.00356	0.00254	0.02797
5	0.02869	0.24274	0.13185	0.01061	0.05333	0.04579	0.03233	0.12009	0.04967	0.03153	0.02096	0.04163	0.00844	0.00502	0.00443	0.00125	0.03677	0.00382	0.00286	0.12819
6	0.00981	0.02295	0.17827	0.10930	0.17773	0.02356	0.02298	0.04653	0.04850	0.03681	0.05548	0.07639	0.07379	0.04652	0.03047	0.00180	0.00531	0.00549	0.00301	0.02529
7	0.01271	0.25211	0.19008	0.03383	0.09438	0.12151	0.04203	0.07487	0.05021	0.04515	0.00946	0.01055	0.01943	0.00463	0.00409	0.00128	0.00589	0.00356	0.00262	0.02160
8	0.01076	0.00895	0.06011	0.01041	0.10157	0.02415	0.02597	0.09682	0.09032	0.10779	0.21849	0.05894	0.13844	0.00780	0.00507	0.00150	0.00387	0.01882	0.00430	0.00592
9	0.00763	0.00592	0.00865	0.16839	0.03725	0.00658	0.02057	0.02441	0.00858	0.01195	0.06188	0.03824	0.01415	0.24321	0.27490	0.00426	0.00724	0.00563	0.04635	0.00422
10	0.01035	0.12201	0.05306	0.06251	0.03794	0.14320	0.05870	0.04517	0.05363	0.01360	0.02865	0.22486	0.08483	0.00791	0.00477	0.00148	0.00491	0.00675	0.03041	0.00527
11	0.06449	0.07206	0.38878	0.01357	0.13483	0.06997	0.01270	0.02844	0.03650	0.01532	0.05991	0.01239	0.02869	0.00492	0.00431	0.00138	0.00577	0.00391	0.00253	0.03952
12	0.07525	0.00771	0.00938	0.00769	0.01056	0.00734	0.00619	0.07257	0.07984	0.43441	0.09991	0.05166	0.10293	0.00708	0.00478	0.00148	0.00359	0.00582	0.00511	0.00671
13	0.02931	0.00827	0.06994	0.07879	0.02926	0.00753	0.05305	0.05223	0.10514	0.04346	0.21779	0.19837	0.05917	0.00862	0.00533	0.00159	0.01515	0.00760	0.00405	0.00534
14	0.06617	0.02613	0.05612	0.27135	0.11153	0.07120	0.01010	0.09149	0.02076	0.01479	0.00995	0.03919	0.00848	0.04615	0.07592	0.00212	0.03208	0.00439	0.03651	0.00557
15	0.00929	0.02729	0.09275	0.00711	0.00941	0.00604	0.00617	0.01188	0.06325	0.15138	0.12442	0.18577	0.26760	0.00968	0.00522	0.00157	0.00331	0.00827	0.00439	0.00523
16	0.00583	0.00416	0.00545	0.00639	0.00680	0.00390	0.00436	0.00679	0.00913	0.01225	0.04427	0.71224	0.07099	0.01446	0.02388	0.00197	0.00291	0.03194	0.02843	0.00384
17	0.00683	0.00492	0.00620	0.03271	0.00796	0.00483	0.00476	0.05250	0.02301	0.01373	0.08129	0.55452	0.08942	0.02592	0.00610	0.01716	0.00293	0.01092	0.05013	0.00416
18	0.01068	0.05771	0.09420	0.14509	0.23334	0.04972	0.05247	0.05208	0.08707	0.01543	0.09172	0.02741	0.03644	0.00556	0.00488	0.00145	0.02070	0.00485	0.00294	0.00626
19	0.00620	0.00500	0.00629	0.02677	0.00782	0.00501	0.00491	0.00734	0.00958	0.01245	0.07095	0.39611	0.28768	0.01292	0.02247	0.00188	0.07341	0.03511	0.00407	0.00403
20	0.00907	0.00506	0.00588	0.00573	0.00712	0.00471	0.00428	0.02906	0.01061	0.12286	0.04867	0.22165	0.18306	0.00925	0.00471	0.00146	0.00268	0.01886	0.30058	0.00469
21	0.01182	0.24660	0.20701	0.05183	0.06043	0.10472	0.06965	0.06268	0.03038	0.01398	0.00879	0.03627	0.00736	0.00496	0.00472	0.00135	0.04961	0.00381	0.01784	0.00619
22	0.01561	0.04550	0.01395	0.06467	0.08541	0.60658	0.00959	0.02986	0.01244	0.01206	0.00833	0.00985	0.02474	0.00501	0.00468	0.00127	0.03909	0.00337	0.00242	0.00557
23	0.00578	0.00470	0.00512	0.00506	0.00647	0.00404	0.00378	0.00721	0.01121	0.01411	0.24103	0.06625	0.58643	0.01128	0.00551	0.00155	0.00233	0.00956	0.00453	0.00404
24	0.00569	0.00429	0.00528	0.00600	0.00668	0.00387	0.00416	0.00669	0.00959	0.01239	0.06382	0.56726	0.24575	0.01356	0.00581	0.00179	0.00261	0.02654	0.00435	0.00385
25	0.06411	0.06918	0.16906	0.07871	0.25266	0.09074	0.02191	0.08442	0.03539	0.03211	0.00979	0.03045	0.00808	0.00503	0.00443	0.00142	0.00577	0.02750	0.00270	0.00655
26	0.01297	0.10444	0.09636	0.04260	0.01463	0.27587	0.05052	0.08989	0.01136	0.01342	0.00841	0.01132	0.00727	0.05679	0.06135	0.00200	0.12890	0.00379	0.00249	0.00561
27	0.00965	0.00827	0.00965	0.00689	0.01102	0.00620	0.00551	0.01171	0.00965	0.01516	0.00827	0.00965	0.00689	0.00345	0.00345	0.00069	0.00345	0.00276	0.00276	0.86494
28	0.03208	0.10752	0.12543	0.03539	0.06056	0.14493	0.07305	0.10068	0.06041	0.04422	0.00948	0.02749	0.00771	0.00619	0.02665	0.00162	0.12355	0.00403	0.00279	0.00622
29	0.01353	0.36153	0.11836	0.01074	0.04431	0.29802	0.00954	0.03074	0.01116	0.01218	0.00904	0.01006	0.04336	0.00472	0.00380	0.00118	0.00632	0.00323	0.00230	0.00588
30	0.02682	0.04950	0.11323	0.01027	0.07153	0.05089	0.02577	0.04235	0.04742	0.05690	0.01432	0.14065	0.04879	0.00961	0.08846	0.00200	0.03068	0.00553	0.02016	0.14511
31	0.01144	0.11482	0.10051	0.04793	0.48684	0.01199	0.06372	0.04435	0.02954	0.01512	0.00911	0.01190	0.00757	0.00444	0.00449	0.00138	0.00568	0.01979	0.00241	0.00696
32	0.00802	0.00600	0.00761	0.00729	0.00834	0.02661	0.02079	0.07173	0.00947	0.02719	0.04324	0.15797	0.04821	0.15474	0.35009	0.00454	0.00752	0.00684	0.02947	0.00432
33	0.00879	0.00827	0.01395	0.82532	0.03204	0.01034	0.01292	0.01189	0.00930	0.01189	0.00827	0.01240	0.00620	0.00465	0.00465	0.00155	0.00620	0.00413	0.00207	0.00517
34	0.01128	0.01223	0.13234	0.08757	0.18106	0.01126	0.01082	0.09493	0.31387	0.01765	0.01440	0.01497	0.04452	0.00564	0.00495	0.00151	0.02586	0.00472	0.00348	0.00694
35	0.00592	0.00458	0.00532	0.00543	0.00652	0.00406	0.00391	0.00726	0.01082	0.01405	0.26550	0.20451	0.37975	0.05320	0.00650	0.00175	0.00249	0.00995	0.00448	0.00398
36	0.02326	0.01043	0.07171	0.43908	0.18328	0.02134	0.06667	0.02853	0.00987	0.01346	0.00884	0.02335	0.00710	0.01943	0.00542	0.00157	0.04035	0.00431	0.01623	0.00579
37	0.00882	0.00706	0.00959	0.03366	0.13450	0.00705	0.02281	0.12929	0.01137	0.01529	0.03468	0.38460	0.09190	0.05211	0.00626	0.00178	0.00379	0.00894	0.00384	0.03267

[dist]
# distance from previous block
# <min> <max>
3	6

[block]
# block no. 1 follows, 55 sequences, length 21
# corresponding to MSA columns:
# 442-462
name=unknown_B
#
# <colnr> <probs for GDERKNQSTAVLIFYWHMCP>
#	G	D	E	R	K	N	Q	S	T	A	V	L	I	F	Y	W	H	M	C	P
0	0.02419	0.03713	0.30085	0.05469	0.20982	0.12294	0.03293	0.05783	0.05383	0.03714	0.00975	0.01125	0.01768	0.00469	0.00447	0.00141	0.00625	0.00386	0.00257	0.00672
1	0.03503	0.13670	0.06206	0.02233	0.54709	0.01210	0.02623	0.01480	0.05896	0.01488	0.00902	0.01119	0.00750	0.00475	0.01711	0.00144	0.00550	0.00392	0.00241	0.00700
2	0.00708	0.00455	0.00578	0.00620	0.00706	0.00414	0.00437	0.00824	0.01004	0.07627	0.11978	0.52762	0.14076	0.01250	0.00561	0.00172	0.00267	0.01112	0.04027	0.00422
3	0.00620	0.00447	0.00579	0.00666	0.00715	0.00426	0.00461	0.03604	0.00954	0.01265	0.02591	0.73445	0.06069	0.01405	0.00590	0.00187	0.00285	0.04862	0.00433	0.00396
4	0.01234	0.05298	0.08431	0.01169	0.10977	0.03122	0.04580	0.16684	0.03019	0.06694	0.06799	0.01257	0.01015	0.00477	0.00426	0.00117	0.00469	0.00398	0.00334	0.27498
5	0.02262	0.00651	0.00832	0.00740	0.00916	0.00653	0.00576	0.05020	0.03693	0.23989	0.16612	0.18413	0.06172	0.00990	0.03970	0.00182	0.06642	0.00726	0.06408	0.00555
6	0.01180	0.12742	0.18712	0.01057	0.04204	0.09201	0.04826	0.08236	0.02719	0.08194	0.07263	0.03828	0.08627	0.00603	0.00450	0.00136	0.00519	0.01600	0.00325	0.05579
7	0.62731	0.00888	0.00796	0.00678	0.00975	0.00980	0.00557	0.06689	0.01002	0.15602	0.04636	0.01049	0.00816	0.00489	0.00343	0.00144	0.00370	0.00328	0.00359	0.00569
8	0.13952	0.00638	0.00747	0.00672	0.00865	0.00620	0.00523	0.01381	0.01014	0.27630	0.01759	0.05781	0.04113	0.18368	0.00862	0.00217	0.00378	0.10867	0.09088	0.00525
9	0.01047	0.06720	0.06524	0.01035	0.09639	0.05270	0.00786	0.09411	0.03737	0.06055	0.09606	0.11264	0.09628	0.00831	0.00500	0.00155	0.00425	0.12388	0.04421	0.00558
10	0.01070	0.17184	0.43340	0.02826	0.03682	0.01185	0.12877	0.01460	0.00998	0.05710	0.00901	0.01118	0.00695	0.04384	0.00525	0.00154	0.00635	0.00382	0.00228	0.00646
11	0.00787	0.00458	0.00571	0.00590	0.00678	0.00465	0.00432	0.00946	0.00908	0.05171	0.01766	0.25113	0.01734	0.03377	0.19746	0.00292	0.00489	0.00710	0.35339	0.00427
12	0.00594	0.00422	0.00562	0.00664	0.00699	0.00400	0.00460	0.00685	0.00900	0.01195	0.02493	0.70050	0.02956	0.05915	0.00696	0.00206	0.00298	0.10003	0.00423	0.00378
13	0.00946	0.02893	0.07734	0.01407	0.24728	0.02254	0.03653	0.04894	0.04411	0.01404	0.06879	0.09156	0.02967	0.23505	0.01003	0.00231	0.00484	0.00605	0.00304	0.00540
14	0.01153	0.11352	0.17982	0.00912	0.01220	0.00910	0.00881	0.03086	0.00996	0.19494	0.01302	0.08530	0.01110	0.03221	0.20972	0.00305	0.05165	0.00497	0.00325	0.00588
15	0.00713	0.00514	0.00620	0.00632	0.00768	0.00472	0.00498	0.02856	0.01129	0.04775	0.16954	0.13259	0.34809	0.01154	0.00571	0.00171	0.00296	0.18923	0.00452	0.00434
16	0.86937	0.00900	0.00684	0.00612	0.00900	0.01044	0.00504	0.01368	0.00792	0.02087	0.00648	0.00756	0.00504	0.00432	0.00288	0.00144	0.00360	0.00252	0.00288	0.00504
17	0.00676	0.00455	0.00527	0.00527	0.00534	0.00462	0.00306	0.00689	0.00682	0.00917	0.01448	0.02945	0.01648	0.77129	0.08830	0.00475	0.00516	0.00662	0.00279	0.00293
18	0.00958	0.01189	0.15479	0.03401	0.23239	0.00936	0.20007	0.01311	0.02753	0.01576	0.19463	0.01826	0.04621	0.00573	0.00503	0.00148	0.00541	0.00558	0.00303	0.00615
19	0.00978	0.03548	0.37080	0.13774	0.06537	0.01039	0.01283	0.07481	0.03388	0.01527	0.03295	0.01524	0.07722	0.00568	0.00509	0.00149	0.04244	0.02191	0.00266	0.02899
20	0.06984	0.14407	0.10550	0.02085	0.05408	0.08760	0.03824	0.07325	0.09137	0.10642	0.13474	0.02926	0.01396	0.00575	0.00439	0.00138	0.00487	0.00463	0.00355	0.00625

[dist]
# distance from previous block
# <min> <max>
0	2

[block]
# block no. 2 follows, 55 sequences, length 7
# corresponding to MSA columns:
# 465-471
name=unknown_C
#
# <colnr> <probs for GDERKNQSTAVLIFYWHMCP>
#	G	D	E	R	K	N	Q	S	T	A	V	L	I	F	Y	W	H	M	C	P
0	0.26795	0.13276	0.04303	0.01115	0.09297	0.12043	0.05208	0.07852	0.04665	0.07970	0.02867	0.01048	0.00780	0.00473	0.00388	0.00135	0.00512	0.00352	0.00307	0.00614
1	0.09555	0.26936	0.11618	0.01035	0.05751	0.13345	0.00901	0.08291	0.07337	0.01542	0.05085	0.02937	0.02810	0.00522	0.00396	0.00129	0.00528	0.00386	0.00287	0.00609
2	0.07327	0.04361	0.20551	0.06886	0.01486	0.03722	0.02276	0.15402	0.08146	0.04563	0.04970	0.01353	0.01000	0.02804	0.03254	0.00172	0.03560	0.00422	0.07124	0.00621
3	0.00639	0.00493	0.00691	0.00690	0.00774	0.00484	0.04489	0.00756	0.00885	0.01177	0.05078	0.30889	0.14974	0.14842	0.18058	0.00341	0.00530	0.03458	0.00362	0.00390
4	0.00868	0.00681	0.00790	0.00773	0.03093	0.00708	0.00564	0.07445	0.20117	0.01665	0.20761	0.08529	0.13310	0.11844	0.00772	0.00198	0.00340	0.06588	0.00438	0.00515
5	0.00608	0.00435	0.00589	0.00665	0.00708	0.00430	0.00466	0.00711	0.00881	0.01190	0.05446	0.55254	0.02686	0.08195	0.13845	0.00300	0.00451	0.06367	0.00394	0.00382
6	0.01053	0.01031	0.04628	0.07853	0.01367	0.07366	0.00710	0.04517	0.01043	0.01514	0.00831	0.00985	0.00676	0.00379	0.00371	0.00087	0.00431	0.00299	0.00271	0.64589

[dist]
# distance from previous block
# <min> <max>
1	4

[block]
# block no. 3 follows, 55 sequences, length 21
# corresponding to MSA columns:
# 476-496
name=unknown_D
#
# <colnr> <probs for GDERKNQSTAVLIFYWHMCP>
#	G	D	E	R	K	N	Q	S	T	A	V	L	I	F	Y	W	H	M	C	P
0	0.06188	0.00846	0.01040	0.00850	0.01127	0.02524	0.04507	0.12455	0.08564	0.30193	0.13898	0.06538	0.06263	0.02219	0.00520	0.00154	0.00394	0.00594	0.00480	0.00647
1	0.01393	0.03046	0.01216	0.00982	0.03417	0.02608	0.00769	0.44045	0.08855	0.02313	0.07025	0.08156	0.01277	0.00630	0.00462	0.00135	0.00441	0.00509	0.00424	0.12297
2	0.00585	0.00423	0.00553	0.00642	0.00687	0.00394	0.00443	0.00684	0.00936	0.01244	0.07975	0.66689	0.07759	0.03227	0.00631	0.00191	0.00278	0.05840	0.00434	0.00384
3	0.06680	0.03686	0.11597	0.05004	0.04241	0.04649	0.04441	0.24494	0.14971	0.07756	0.01227	0.03967	0.00936	0.00550	0.00449	0.00144	0.00508	0.00444	0.01935	0.02321
4	0.04484	0.03308	0.01612	0.09875	0.38444	0.10722	0.05041	0.07423	0.02707	0.01568	0.05254	0.03442	0.00971	0.00509	0.00486	0.00142	0.02646	0.00447	0.00274	0.00646
5	0.00597	0.00444	0.00558	0.00624	0.00689	0.00414	0.00432	0.00743	0.03604	0.01315	0.13475	0.58666	0.14073	0.01322	0.00577	0.00178	0.00261	0.01183	0.00444	0.00400
6	0.01019	0.02864	0.13828	0.21111	0.21439	0.01080	0.20863	0.03190	0.01043	0.01439	0.02676	0.02732	0.00815	0.00561	0.03191	0.00169	0.00656	0.00463	0.00236	0.00624
7	0.02560	0.04410	0.12526	0.08767	0.13289	0.00958	0.06373	0.06900	0.03629	0.09655	0.01509	0.04083	0.07458	0.02318	0.04988	0.00192	0.02908	0.06548	0.00322	0.00608
8	0.02242	0.00524	0.00681	0.00671	0.00773	0.00525	0.00492	0.00953	0.00940	0.11499	0.07702	0.28958	0.10625	0.10010	0.15438	0.00303	0.04082	0.00850	0.02289	0.00443
9	0.01003	0.01028	0.06683	0.25059	0.12717	0.01026	0.15571	0.07392	0.01070	0.01467	0.02995	0.05059	0.00996	0.02433	0.03416	0.00184	0.05750	0.03479	0.02094	0.00577
10	0.01223	0.17202	0.13285	0.09718	0.09586	0.10416	0.06396	0.06874	0.07373	0.05401	0.04207	0.01260	0.00921	0.03591	0.00505	0.00147	0.00575	0.00407	0.00284	0.00627
11	0.01042	0.02987	0.10031	0.06188	0.01231	0.02587	0.04185	0.05126	0.02518	0.14620	0.05381	0.25122	0.04463	0.05401	0.03752	0.00198	0.00462	0.01942	0.02224	0.00540
12	0.00619	0.00462	0.00570	0.00631	0.00704	0.00436	0.00440	0.04093	0.00979	0.01275	0.02923	0.59219	0.19978	0.01435	0.03719	0.00201	0.00311	0.01176	0.00426	0.00401
13	0.01289	0.01356	0.16643	0.01110	0.04183	0.09520	0.05055	0.22145	0.02884	0.08252	0.05859	0.06849	0.05455	0.00684	0.01835	0.00155	0.02329	0.00520	0.03237	0.00640
14	0.02903	0.01313	0.15020	0.11865	0.23690	0.05925	0.02859	0.09983	0.07758	0.08845	0.02510	0.03316	0.00908	0.00514	0.00461	0.00145	0.00556	0.00440	0.00310	0.00678
15	0.04218	0.00947	0.04740	0.25097	0.16366	0.03660	0.02366	0.06695	0.02066	0.03909	0.02242	0.06722	0.03522	0.06292	0.00652	0.03571	0.00519	0.02609	0.00287	0.03520
16	0.02130	0.03620	0.01311	0.20021	0.10421	0.02627	0.09065	0.08805	0.03356	0.03077	0.03871	0.15535	0.06817	0.00784	0.02370	0.00168	0.00506	0.01971	0.02992	0.00553
17	0.02532	0.04019	0.16407	0.01325	0.13642	0.09097	0.05566	0.07361	0.02942	0.11167	0.02966	0.03265	0.05157	0.02579	0.00569	0.00152	0.05789	0.00465	0.04368	0.00632
18	0.03479	0.08026	0.04670	0.02512	0.12119	0.02093	0.03719	0.11852	0.06153	0.07753	0.04996	0.07427	0.05089	0.09660	0.03722	0.00196	0.00487	0.00543	0.00347	0.05156
19	0.03470	0.00965	0.06231	0.01103	0.12500	0.04148	0.00790	0.14235	0.05958	0.04940	0.06753	0.01750	0.05792	0.02292	0.03583	0.08041	0.02590	0.02145	0.10790	0.01923
20	0.03129	0.04176	0.07203	0.01191	0.14593	0.02491	0.03430	0.11297	0.06747	0.01645	0.01544	0.12997	0.05760	0.00878	0.05893	0.00184	0.00493	0.02696	0.08872	0.04782

[dist]
# distance from previous block
# <min> <max>
4	93

[block]
# block no. 4 follows, 55 sequences, length 22
# corresponding to MSA columns:
# 596-617
name=unknown_E
#
# <colnr> <probs for GDERKNQSTAVLIFYWHMCP>
#	G	D	E	R	K	N	Q	S	T	A	V	L	I	F	Y	W	H	M	C	P
0	0.04365	0.02561	0.09003	0.02713	0.05130	0.04827	0.04164	0.12521	0.04263	0.01699	0.17411	0.05443	0.05932	0.06907	0.03071	0.00185	0.03205	0.00576	0.02125	0.03902
1	0.01030	0.05777	0.06435	0.02766	0.06305	0.07462	0.03049	0.10802	0.07065	0.01550	0.04802	0.23508	0.02903	0.00908	0.03989	0.00174	0.02540	0.00668	0.00347	0.07919
2	0.02097	0.00918	0.06878	0.12729	0.05783	0.02466	0.08066	0.02909	0.08255	0.02876	0.08603	0.07926	0.08559	0.00899	0.05906	0.00192	0.02906	0.04675	0.01581	0.05776
3	0.02485	0.02714	0.05468	0.05838	0.07361	0.00976	0.05008	0.03662	0.23030	0.04910	0.04999	0.01821	0.05518	0.06352	0.05279	0.00207	0.07614	0.01740	0.01434	0.03586
4	0.04069	0.01436	0.19186	0.05306	0.10549	0.08475	0.06472	0.13457	0.12144	0.04060	0.02348	0.03735	0.00988	0.00556	0.00466	0.00147	0.00564	0.03452	0.00323	0.02269
5	0.01346	0.01541	0.04471	0.08005	0.14742	0.35787	0.03254	0.05463	0.03823	0.01403	0.02339	0.01277	0.03411	0.00528	0.00478	0.00134	0.03216	0.01809	0.04097	0.02876
6	0.07059	0.03825	0.06970	0.07899	0.05975	0.08112	0.05171	0.12815	0.03636	0.12623	0.01095	0.01197	0.02546	0.00511	0.00508	0.00136	0.06368	0.00395	0.00328	0.12832
7	0.00655	0.00446	0.00529	0.00547	0.00560	0.00443	0.00329	0.00687	0.00747	0.01005	0.05177	0.17675	0.02042	0.61476	0.05412	0.00402	0.00442	0.00794	0.00318	0.00312
8	0.00610	0.00429	0.00540	0.00608	0.00635	0.00412	0.00397	0.00674	0.00834	0.01106	0.02265	0.50574	0.05354	0.27327	0.02803	0.00283	0.00352	0.04068	0.00381	0.00351
9	0.01151	0.05066	0.12089	0.06924	0.14015	0.06356	0.17745	0.04407	0.06835	0.06332	0.01161	0.06996	0.00979	0.00614	0.02077	0.00162	0.02838	0.02085	0.01538	0.00630
10	0.05249	0.01203	0.09074	0.23666	0.18721	0.02953	0.10500	0.13139	0.04319	0.01660	0.00921	0.01157	0.00705	0.00469	0.00487	0.00147	0.02644	0.00416	0.00270	0.02300
11	0.00570	0.00466	0.00504	0.00519	0.00654	0.00401	0.00388	0.00695	0.01061	0.01303	0.10421	0.14075	0.61486	0.01199	0.00559	0.00163	0.00247	0.04454	0.00438	0.00396
12	0.00910	0.04114	0.29457	0.03937	0.01444	0.04453	0.06063	0.02491	0.04713	0.02905	0.08067	0.05665	0.14171	0.06333	0.00616	0.00172	0.00515	0.03104	0.00313	0.00557
13	0.07820	0.05733	0.04098	0.06699	0.02199	0.03215	0.05485	0.14773	0.12288	0.01685	0.01446	0.13820	0.02376	0.04442	0.03780	0.00194	0.04124	0.04903	0.00351	0.00573
14	0.00947	0.00977	0.05783	0.06167	0.01284	0.10222	0.07470	0.01170	0.04680	0.02933	0.02628	0.11919	0.06204	0.04626	0.13578	0.04016	0.11824	0.02789	0.00295	0.00486
15	0.00954	0.00629	0.00722	0.00652	0.00745	0.00659	0.00446	0.14212	0.00998	0.05803	0.01448	0.06055	0.01500	0.52335	0.04848	0.00359	0.02526	0.00625	0.04065	0.00419
16	0.01205	0.20188	0.03265	0.06104	0.05354	0.12436	0.14041	0.03627	0.01000	0.02718	0.00793	0.01091	0.00690	0.04141	0.00783	0.00161	0.21207	0.00393	0.00232	0.00571
17	0.07118	0.10081	0.04257	0.09655	0.05715	0.12486	0.05570	0.08961	0.02576	0.10264	0.02973	0.05754	0.04567	0.03841	0.00546	0.00155	0.02226	0.02341	0.00326	0.00587
18	0.00791	0.00508	0.00651	0.00613	0.00752	0.00464	0.00476	0.00993	0.01253	0.09041	0.54087	0.03541	0.13635	0.00964	0.00543	0.00153	0.00257	0.07826	0.02988	0.00464
19	0.00694	0.00526	0.00723	0.00824	0.04374	0.00504	0.01968	0.03397	0.01001	0.01327	0.02483	0.49951	0.07529	0.01279	0.00586	0.00186	0.00337	0.19591	0.00416	0.02304
20	0.01041	0.02360	0.03987	0.22000	0.11914	0.01023	0.20992	0.03426	0.01057	0.05775	0.06982	0.03375	0.01110	0.00672	0.03675	0.00179	0.06671	0.02897	0.00280	0.00585
21	0.00666	0.00494	0.00724	0.00724	0.00799	0.00569	0.00552	0.00816	0.00741	0.01063	0.01267	0.01946	0.01214	0.11265	0.74101	0.00719	0.01169	0.00516	0.00252	0.00402

[dist]
# distance from previous block
# <min> <max>
0	1

[block]
# block no. 5 follows, 55 sequences, length 33
# corresponding to MSA columns:
# 619-625,631-644,649-660
name=unknown_F
#
# <colnr> <probs for GDERKNQSTAVLIFYWHMCP>
#	G	D	E	R	K	N	Q	S	T	A	V	L	I	F	Y	W	H	M	C	P
0	0.00992	0.08381	0.70068	0.01327	0.04454	0.01150	0.01612	0.04171	0.01024	0.01497	0.00832	0.00975	0.00602	0.00442	0.00433	0.00143	0.00663	0.00342	0.00207	0.00686
1	0.01333	0.61991	0.02154	0.00959	0.04439	0.15583	0.00839	0.03033	0.03787	0.01185	0.00721	0.00820	0.00635	0.00424	0.00335	0.00107	0.00554	0.00277	0.00222	0.00601
2	0.02205	0.05170	0.32153	0.03329	0.20323	0.02424	0.04283	0.03652	0.03506	0.03694	0.00930	0.02260	0.00730	0.00461	0.00464	0.00136	0.02796	0.00384	0.01219	0.09880
3	0.02387	0.14499	0.18565	0.03632	0.08870	0.07955	0.02535	0.12144	0.06422	0.02725	0.01277	0.09640	0.04463	0.00664	0.02097	0.00153	0.00552	0.00492	0.00303	0.00625
4	0.00603	0.00435	0.00589	0.00719	0.03461	0.00411	0.00467	0.00697	0.00904	0.01221	0.03792	0.73345	0.02927	0.03608	0.00631	0.00192	0.00286	0.02832	0.02491	0.00391
5	0.00920	0.00956	0.01926	0.04317	0.06522	0.00907	0.46120	0.01202	0.01028	0.01385	0.01533	0.25550	0.03960	0.00735	0.00554	0.00165	0.00596	0.00778	0.00298	0.00549
6	0.01385	0.01533	0.25210	0.03756	0.17662	0.08649	0.06590	0.05619	0.02907	0.20479	0.01115	0.01195	0.00791	0.00479	0.00460	0.00143	0.00594	0.00407	0.00320	0.00706
7	0.01153	0.01045	0.07692	0.12558	0.33941	0.00978	0.01139	0.07377	0.02444	0.09582	0.01267	0.04228	0.03729	0.03050	0.03524	0.00180	0.02060	0.03098	0.00304	0.00650
8	0.21146	0.00802	0.00952	0.00766	0.01084	0.00770	0.00626	0.01963	0.05269	0.52769	0.07847	0.01555	0.01277	0.00576	0.00434	0.00145	0.00372	0.00452	0.00500	0.00695
9	0.00910	0.00834	0.01368	0.40245	0.25764	0.00932	0.01155	0.01195	0.03040	0.01313	0.01214	0.15328	0.01156	0.00648	0.00491	0.00158	0.00528	0.02893	0.00266	0.00562
10	0.04147	0.02778	0.08500	0.07159	0.15925	0.06812	0.07466	0.17429	0.05380	0.13203	0.01095	0.01202	0.00805	0.00505	0.00495	0.00144	0.03617	0.00417	0.02235	0.00688
11	0.00641	0.00494	0.00652	0.00687	0.02117	0.00484	0.01911	0.00769	0.00968	0.01304	0.12602	0.36438	0.19124	0.04302	0.06718	0.00224	0.03911	0.02373	0.03873	0.00408
12	0.00592	0.00473	0.00532	0.00531	0.00666	0.00413	0.00401	0.00744	0.01131	0.01443	0.27281	0.07561	0.50801	0.01127	0.00556	0.00158	0.00241	0.04487	0.00456	0.00408
13	0.00965	0.00827	0.00965	0.00689	0.01102	0.00620	0.00551	0.01171	0.00965	0.01516	0.00827	0.00965	0.00689	0.00345	0.00345	0.00069	0.00345	0.00276	0.00276	0.86494
14	0.00612	0.00533	0.02856	0.03876	0.00815	0.00463	0.00482	0.00782	0.03128	0.01327	0.12976	0.31236	0.35145	0.01229	0.02206	0.00178	0.00298	0.01019	0.00424	0.00416
15	0.02711	0.17515	0.13509	0.03713	0.03755	0.01071	0.04001	0.04974	0.10365	0.04791	0.18641	0.01806	0.04380	0.00623	0.00485	0.00140	0.03083	0.01601	0.00345	0.02491
16	0.01081	0.11297	0.29890	0.08193	0.12488	0.01175	0.08674	0.03208	0.12890	0.03277	0.02773	0.01209	0.00849	0.00475	0.00448	0.00143	0.00582	0.00410	0.00268	0.00670
17	0.00572	0.00413	0.00532	0.00624	0.00661	0.00383	0.00416	0.00651	0.00893	0.01177	0.02689	0.71721	0.09817	0.06225	0.00693	0.00201	0.00277	0.01255	0.00423	0.00374
18	0.01088	0.01662	0.34877	0.01465	0.09416	0.03280	0.14623	0.07047	0.13405	0.01626	0.01093	0.01325	0.00845	0.00531	0.00514	0.02592	0.00616	0.03046	0.00278	0.00670
19	0.00818	0.02349	0.05398	0.00847	0.02918	0.00669	0.06319	0.04705	0.08914	0.03553	0.06883	0.27240	0.22101	0.01014	0.00536	0.00164	0.00359	0.03195	0.01516	0.00501
20	0.03217	0.03953	0.02983	0.05544	0.23139	0.12999	0.04847	0.01709	0.02773	0.25195	0.01284	0.02933	0.01007	0.00556	0.00467	0.00144	0.00543	0.05682	0.00355	0.00670
21	0.01736	0.00823	0.01041	0.00833	0.01147	0.00783	0.00676	0.08586	0.12727	0.52544	0.12258	0.01818	0.01591	0.00632	0.00479	0.00146	0.00378	0.00522	0.00543	0.00737
22	0.00971	0.00899	0.06811	0.01123	0.04362	0.00791	0.15654	0.10125	0.01206	0.04790	0.07488	0.11402	0.09105	0.00896	0.00556	0.00172	0.00478	0.22240	0.00385	0.00545
23	0.01150	0.06030	0.34684	0.09567	0.13137	0.12893	0.04127	0.05116	0.06208	0.01481	0.00899	0.01064	0.00682	0.00459	0.00443	0.00141	0.00649	0.00372	0.00240	0.00657
24	0.01152	0.01197	0.01662	0.26819	0.33272	0.13605	0.07073	0.01473	0.05039	0.01371	0.00887	0.01165	0.00710	0.00457	0.00483	0.00144	0.02218	0.00412	0.00237	0.00626
25	0.00621	0.00450	0.00587	0.00663	0.00725	0.00427	0.00485	0.00742	0.00963	0.01272	0.09151	0.45551	0.10155	0.07139	0.02294	0.00217	0.00328	0.17417	0.00424	0.00389
26	0.02195	0.00859	0.04475	0.64114	0.02722	0.00978	0.01176	0.01179	0.03006	0.01240	0.01180	0.04448	0.05799	0.00572	0.00505	0.00158	0.02897	0.01741	0.00240	0.00515
27	0.02620	0.10444	0.18851	0.07465	0.05091	0.10869	0.12254	0.06745	0.04856	0.05879	0.04080	0.03362	0.00926	0.00585	0.02432	0.00157	0.02040	0.00435	0.00283	0.00625
28	0.00669	0.00551	0.00682	0.00665	0.00777	0.01905	0.02847	0.00786	0.00977	0.01268	0.09947	0.25359	0.28766	0.06415	0.02927	0.02466	0.04616	0.04140	0.00391	0.03848
29	0.01116	0.01274	0.02605	0.03663	0.02360	0.04412	0.71068	0.01483	0.01088	0.01455	0.00916	0.01228	0.00696	0.00414	0.00582	0.00157	0.04102	0.00530	0.00234	0.00617
30	0.01098	0.03709	0.15866	0.19309	0.33534	0.02380	0.01308	0.07149	0.03000	0.02750	0.00986	0.05059	0.00817	0.00499	0.00460	0.00145	0.00571	0.00442	0.00257	0.00661
31	0.03102	0.04395	0.14683	0.08697	0.07315	0.04317	0.10245	0.09435	0.02266	0.05107	0.02614	0.10721	0.03873	0.00658	0.00556	0.00155	0.06461	0.02602	0.02203	0.00596
32	0.00833	0.00613	0.00748	0.00721	0.03083	0.00589	0.01798	0.08578	0.01176	0.06663	0.13151	0.14182	0.36589	0.02159	0.03034	0.00181	0.02562	0.02430	0.00432	0.00478

[dist]
# distance from previous block
# <min> <max>
4	23

[block]
# block no. 6 follows, 55 sequences, length 35
# corresponding to MSA columns:
# 686-708,710-721
name=unknown_G
#
# <colnr> <probs for GDERKNQSTAVLIFYWHMCP>
#	G	D	E	R	K	N	Q	S	T	A	V	L	I	F	Y	W	H	M	C	P
0	0.05176	0.16071	0.01237	0.00810	0.01089	0.02615	0.00675	0.21817	0.07100	0.05139	0.05602	0.05326	0.03840	0.00639	0.00467	0.01875	0.01886	0.02421	0.09477	0.06739
1	0.00841	0.00594	0.02404	0.00654	0.00808	0.00530	0.02538	0.02477	0.04238	0.10436	0.07390	0.15996	0.27675	0.15330	0.02052	0.00219	0.00350	0.02672	0.02339	0.00456
2	0.01042	0.14062	0.17799	0.15706	0.14364	0.01176	0.18390	0.02671	0.01030	0.01394	0.00979	0.01321	0.02248	0.00473	0.00459	0.00143	0.00618	0.03599	0.00233	0.02293
3	0.01112	0.54528	0.14416	0.00890	0.01291	0.03125	0.02678	0.01348	0.02474	0.01206	0.01143	0.02890	0.07184	0.00529	0.00372	0.00121	0.00510	0.03361	0.00238	0.00586
4	0.00841	0.00493	0.00643	0.00673	0.00768	0.00457	0.00480	0.00965	0.02291	0.14080	0.04158	0.52648	0.06500	0.07524	0.00706	0.00200	0.00312	0.05368	0.00446	0.00448
5	0.00594	0.00431	0.00530	0.00592	0.00640	0.00401	0.00396	0.00673	0.00898	0.01175	0.05994	0.48757	0.15929	0.17974	0.00944	0.00235	0.00302	0.02766	0.00405	0.00365
6	0.00575	0.00414	0.00540	0.00630	0.00667	0.00385	0.00422	0.00662	0.00913	0.01216	0.06849	0.71805	0.06916	0.04813	0.00663	0.00196	0.00273	0.01253	0.00430	0.00378
7	0.02988	0.00749	0.09765	0.02594	0.00998	0.00588	0.00692	0.03028	0.01131	0.04349	0.25893	0.14053	0.08476	0.02615	0.00588	0.00176	0.00363	0.20057	0.00423	0.00475
8	0.00962	0.05668	0.71774	0.01299	0.01946	0.01118	0.03474	0.01524	0.05255	0.01484	0.00887	0.01020	0.00637	0.00449	0.00440	0.00146	0.00665	0.00355	0.00212	0.00685
9	0.00579	0.00411	0.00541	0.00635	0.00664	0.00386	0.00422	0.00660	0.00896	0.01199	0.06109	0.74094	0.03042	0.07107	0.00714	0.00205	0.00280	0.01256	0.00425	0.00374
10	0.00737	0.00525	0.00654	0.00694	0.00790	0.00524	0.00512	0.01034	0.11826	0.03404	0.14107	0.42812	0.04276	0.01170	0.00558	0.00175	0.00294	0.10282	0.05168	0.00456
11	0.06999	0.03781	0.06222	0.09046	0.04352	0.14333	0.02243	0.12058	0.01198	0.12260	0.03674	0.02876	0.00933	0.00606	0.00641	0.00153	0.15245	0.02451	0.00323	0.00608
12	0.00808	0.00404	0.00606	0.00606	0.00606	0.00404	0.00404	0.00606	0.00606	0.00808	0.00808	0.01414	0.00808	0.01616	0.01818	0.86465	0.00404	0.00404	0.00202	0.00202
13	0.00677	0.00451	0.00507	0.00507	0.00507	0.00451	0.00282	0.00677	0.00677	0.00902	0.01466	0.03044	0.01691	0.83650	0.02368	0.00451	0.00451	0.00677	0.00282	0.00282
14	0.01200	0.01213	0.01794	0.07661	0.66997	0.10148	0.01360	0.01461	0.01080	0.01456	0.00855	0.01122	0.00714	0.00425	0.00456	0.00137	0.00589	0.00402	0.00230	0.00701
15	0.05063	0.01476	0.12475	0.01048	0.01314	0.25803	0.00913	0.06468	0.09597	0.04739	0.01055	0.02877	0.00872	0.01101	0.15504	0.00256	0.08159	0.00410	0.00291	0.00578
16	0.01178	0.18878	0.25694	0.05845	0.21233	0.01300	0.03639	0.12568	0.02594	0.01608	0.00868	0.01029	0.00676	0.00446	0.00425	0.00135	0.00583	0.00365	0.00251	0.00686
17	0.00676	0.00452	0.00514	0.00514	0.00516	0.00454	0.00290	0.00681	0.00678	0.00907	0.01460	0.03012	0.01677	0.81548	0.04451	0.00459	0.00472	0.00672	0.00281	0.00285
18	0.00677	0.00451	0.00507	0.00507	0.00507	0.00451	0.00282	0.00677	0.00677	0.00902	0.01466	0.03044	0.01691	0.83650	0.02368	0.00451	0.00451	0.00677	0.00282	0.00282
19	0.01264	0.01306	0.12485	0.03097	0.16474	0.03082	0.06290	0.18312	0.25852	0.03272	0.02978	0.01361	0.01019	0.00532	0.00470	0.00147	0.00519	0.00457	0.00363	0.00719
20	0.00808	0.00404	0.00606	0.00606	0.00606	0.00404	0.00404	0.00606	0.00606	0.00808	0.00808	0.01414	0.00808	0.01616	0.01818	0.86465	0.00404	0.00404	0.00202	0.00202
21	0.00648	0.00479	0.00607	0.00586	0.00703	0.00438	0.00446	0.00851	0.01261	0.01739	0.63519	0.03749	0.16107	0.01009	0.00555	0.00153	0.00236	0.05990	0.00494	0.00431
22	0.01446	0.50506	0.01980	0.00961	0.01294	0.34541	0.00838	0.01583	0.01098	0.01113	0.00676	0.00784	0.00598	0.00431	0.00348	0.00108	0.00637	0.00270	0.00216	0.00573
23	0.02664	0.03329	0.01577	0.02986	0.08219	0.14084	0.11359	0.35774	0.05835	0.05392	0.01054	0.01142	0.00784	0.00513	0.00480	0.00140	0.02061	0.00418	0.01491	0.00698
24	0.00863	0.00718	0.00855	0.00684	0.00998	0.00563	0.00537	0.01047	0.00971	0.01450	0.02690	0.14259	0.04829	0.00635	0.00418	0.00104	0.00332	0.06296	0.00322	0.61429
25	0.02689	0.07026	0.09470	0.02356	0.13465	0.02778	0.06127	0.04393	0.02527	0.07902	0.01100	0.04064	0.03028	0.00484	0.00445	0.00120	0.02490	0.00407	0.00294	0.28835
26	0.00867	0.00434	0.00434	0.00434	0.00542	0.00434	0.00325	0.01084	0.00976	0.01734	0.01518	0.01734	0.01192	0.00542	0.00325	0.00108	0.00217	0.00434	0.86233	0.00434
27	0.01162	0.07027	0.14044	0.08350	0.11358	0.04484	0.04733	0.12840	0.13365	0.01669	0.01090	0.04115	0.00883	0.00591	0.02152	0.00154	0.04315	0.00435	0.00303	0.06930
28	0.05349	0.00766	0.00965	0.03109	0.11114	0.03254	0.01803	0.06965	0.04691	0.07058	0.20404	0.09443	0.08024	0.08040	0.02514	0.00192	0.02579	0.02804	0.00394	0.00530
29	0.00860	0.00434	0.00436	0.00436	0.00541	0.00434	0.00324	0.01069	0.00965	0.01705	0.01516	0.01781	0.01210	0.03514	0.00398	0.00121	0.00225	0.00442	0.83159	0.00428
30	0.38127	0.02272	0.02588	0.05501	0.05564	0.02852	0.07567	0.16701	0.02217	0.01971	0.00971	0.04493	0.00827	0.03737	0.00476	0.00159	0.00472	0.02608	0.00319	0.00577
31	0.32638	0.01153	0.03959	0.00917	0.01235	0.07581	0.05857	0.23376	0.03826	0.05320	0.03303	0.01289	0.03690	0.02399	0.00452	0.00151	0.00477	0.01411	0.00358	0.00610
32	0.01055	0.05624	0.28667	0.02849	0.13155	0.02475	0.02208	0.06454	0.08450	0.03059	0.05649	0.01404	0.04235	0.00622	0.03354	0.00158	0.00555	0.00430	0.00291	0.09306
33	0.01066	0.02747	0.12283	0.00916	0.04422	0.04238	0.00777	0.05002	0.28585	0.01776	0.04268	0.01567	0.01218	0.00559	0.00417	0.00135	0.00397	0.00454	0.26806	0.02366
34	0.07842	0.01138	0.07267	0.02406	0.16648	0.02507	0.02842	0.22565	0.13321	0.03470	0.11673	0.01591	0.03525	0.00586	0.00465	0.00145	0.00465	0.00489	0.00382	0.00673

[dist]
# distance from previous block
# <min> <max>
3	18

[block]
# block no. 7 follows, 55 sequences, length 6
# corresponding to MSA columns:
# 740-745
name=unknown_H
#
# <colnr> <probs for GDERKNQSTAVLIFYWHMCP>
#	G	D	E	R	K	N	Q	S	T	A	V	L	I	F	Y	W	H	M	C	P
0	0.01035	0.00992	0.01409	0.52807	0.06938	0.06052	0.04155	0.04241	0.14885	0.01410	0.01025	0.01294	0.00775	0.00493	0.00467	0.00152	0.00588	0.00432	0.00267	0.00583
1	0.00734	0.00772	0.11788	0.00700	0.00909	0.00556	0.00629	0.01012	0.04581	0.03936	0.38807	0.08215	0.20573	0.00951	0.00535	0.00155	0.00311	0.03912	0.00442	0.00482
2	0.00924	0.02133	0.70046	0.01202	0.01810	0.00991	0.01526	0.01419	0.00981	0.01509	0.00929	0.01086	0.00673	0.00456	0.00426	0.00142	0.00622	0.00356	0.12115	0.00652
3	0.00754	0.00680	0.05161	0.12084	0.04066	0.00613	0.00682	0.02539	0.02947	0.03100	0.26322	0.13645	0.18135	0.01022	0.03221	0.00178	0.00377	0.03593	0.00403	0.00477
4	0.04159	0.00860	0.01064	0.00938	0.01072	0.03931	0.02554	0.14420	0.03750	0.01477	0.01123	0.04924	0.01042	0.07167	0.30295	0.00397	0.19522	0.00496	0.00294	0.00514
5	0.01011	0.01039	0.07196	0.26494	0.17050	0.04235	0.05997	0.05498	0.01073	0.02908	0.05328	0.01727	0.05999	0.03360	0.02561	0.00177	0.04020	0.03477	0.00277	0.00573

[dist]
# distance from previous block
# <min> <max>
5	10

[block]
# block no. 8 follows, 55 sequences, length 43
# corresponding to MSA columns:
# 757-766,775-807
name=unknown_I
#
# <colnr> <probs for GDERKNQSTAVLIFYWHMCP>
#	G	D	E	R	K	N	Q	S	T	A	V	L	I	F	Y	W	H	M	C	P
0	0.01065	0.00994	0.05907	0.03761	0.01188	0.06199	0.00739	0.05279	0.34840	0.04379	0.26415	0.02192	0.02207	0.00711	0.00494	0.00151	0.00389	0.02027	0.00446	0.00618
1	0.03084	0.04461	0.16900	0.06027	0.25883	0.00932	0.02283	0.01275	0.00986	0.03012	0.02381	0.09269	0.01029	0.00684	0.04121	0.00164	0.01728	0.01699	0.00264	0.13817
2	0.00677	0.00451	0.00507	0.00507	0.00507	0.00451	0.00282	0.00677	0.00677	0.00902	0.01466	0.03044	0.01691	0.83650	0.02368	0.00451	0.00451	0.00677	0.00282	0.00282
3	0.00938	0.00783	0.00964	0.00743	0.01061	0.00680	0.00595	0.01129	0.00931	0.03024	0.03716	0.01195	0.00891	0.00865	0.12192	0.00183	0.07687	0.00343	0.00280	0.61799
4	0.00879	0.00827	0.01395	0.82532	0.03204	0.01034	0.01292	0.01189	0.00930	0.01189	0.00827	0.01240	0.00620	0.00465	0.00465	0.00155	0.00620	0.00413	0.00207	0.00517
5	0.00692	0.00536	0.00788	0.00773	0.00846	0.00640	0.00601	0.00846	0.00742	0.01075	0.01208	0.01820	0.01144	0.06807	0.72246	0.00693	0.07380	0.00499	0.00247	0.00417
6	0.01449	0.03294	0.05252	0.01054	0.01323	0.42741	0.00842	0.10323	0.15850	0.01516	0.01323	0.02976	0.06447	0.01722	0.00471	0.00138	0.00633	0.00431	0.01621	0.00593
7	0.01280	0.67232	0.02224	0.00874	0.01224	0.07178	0.00827	0.04911	0.01006	0.01183	0.00670	0.00794	0.00607	0.00448	0.00425	0.00112	0.07924	0.00274	0.00214	0.00594
8	0.00824	0.00642	0.00768	0.00642	0.00896	0.00517	0.00489	0.00996	0.01031	0.04272	0.14423	0.18000	0.11913	0.00774	0.00456	0.00119	0.00298	0.00668	0.00374	0.41898
9	0.01316	0.02782	0.23920	0.11763	0.05905	0.11989	0.02746	0.06676	0.01163	0.17516	0.01182	0.05231	0.02061	0.00577	0.00499	0.02692	0.00585	0.00443	0.00316	0.00639
10	0.01032	0.00912	0.03019	0.01359	0.20995	0.02149	0.09179	0.01327	0.06086	0.07585	0.01934	0.03428	0.19269	0.00623	0.00468	0.00133	0.00436	0.00556	0.01770	0.17738
11	0.00567	0.00405	0.00540	0.00648	0.00675	0.00378	0.00432	0.00648	0.00891	0.01188	0.02564	0.83347	0.03077	0.01457	0.00594	0.00189	0.00270	0.01323	0.00432	0.00378
12	0.00566	0.00407	0.00538	0.00643	0.00674	0.00378	0.00430	0.00648	0.00895	0.01189	0.02619	0.81332	0.05056	0.01450	0.00593	0.00188	0.00269	0.01314	0.00432	0.00378
13	0.00932	0.04023	0.15901	0.10867	0.10135	0.00946	0.04643	0.02923	0.13448	0.01543	0.13542	0.01901	0.06815	0.00843	0.06518	0.00195	0.02264	0.01649	0.00324	0.00591
14	0.01183	0.00974	0.01054	0.00936	0.01180	0.01110	0.00729	0.15787	0.53471	0.01997	0.01813	0.12560	0.01510	0.00734	0.00516	0.00160	0.02526	0.00611	0.00459	0.00692
15	0.00879	0.00827	0.01395	0.82532	0.03204	0.01034	0.01292	0.01189	0.00930	0.01189	0.00827	0.01240	0.00620	0.00465	0.00465	0.00155	0.00620	0.00413	0.00207	0.00517
16	0.01055	0.00978	0.01511	0.40109	0.26790	0.03515	0.02851	0.06620	0.03119	0.01456	0.00987	0.01423	0.00808	0.00503	0.00471	0.00150	0.00577	0.04417	0.02053	0.00606
17	0.86937	0.00900	0.00684	0.00612	0.00900	0.01044	0.00504	0.01368	0.00792	0.02087	0.00648	0.00756	0.00504	0.00432	0.00288	0.00144	0.00360	0.00252	0.00288	0.00504
18	0.00879	0.00827	0.01395	0.82532	0.03204	0.01034	0.01292	0.01189	0.00930	0.01189	0.00827	0.01240	0.00620	0.00465	0.00465	0.00155	0.00620	0.00413	0.00207	0.00517
19	0.00867	0.00434	0.00434	0.00434	0.00542	0.00434	0.00325	0.01084	0.00976	0.01734	0.01518	0.01734	0.01192	0.00542	0.00325	0.00108	0.00217	0.00434	0.86233	0.00434
20	0.86937	0.00900	0.00684	0.00612	0.00900	0.01044	0.00504	0.01368	0.00792	0.02087	0.00648	0.00756	0.00504	0.00432	0.00288	0.00144	0.00360	0.00252	0.00288	0.00504
21	0.00933	0.02406	0.81240	0.01326	0.02014	0.01080	0.01719	0.01473	0.00982	0.01473	0.00835	0.00982	0.00589	0.00442	0.00442	0.00147	0.00688	0.00344	0.00196	0.00688
22	0.00818	0.00425	0.00629	0.00623	0.00641	0.00432	0.00425	0.00673	0.00641	0.02750	0.00905	0.01524	0.00888	0.04881	0.10498	0.71862	0.00497	0.00426	0.00219	0.00242
23	0.04643	0.00798	0.01064	0.00821	0.01174	0.00703	0.00677	0.03548	0.01330	0.75759	0.03322	0.01587	0.01189	0.00578	0.00464	0.00144	0.00393	0.00468	0.00564	0.00776
24	0.01610	0.01960	0.01290	0.05360	0.02965	0.65926	0.00899	0.05337	0.04082	0.01263	0.00926	0.02603	0.02753	0.00523	0.00433	0.00127	0.00764	0.00358	0.00265	0.00553
25	0.00930	0.00553	0.00622	0.00578	0.00726	0.00554	0.00442	0.03533	0.09364	0.06805	0.23378	0.04184	0.03778	0.00701	0.00426	0.00130	0.00255	0.00590	0.41954	0.00498
26	0.00677	0.00451	0.00507	0.00507	0.00507	0.00451	0.00282	0.00677	0.00677	0.00902	0.01466	0.03044	0.01691	0.83650	0.02368	0.00451	0.00451	0.00677	0.00282	0.00282
27	0.01203	0.00950	0.01024	0.00917	0.01175	0.01077	0.00716	0.04332	0.66387	0.07332	0.01888	0.04031	0.01450	0.00659	0.00475	0.00157	0.00368	0.02131	0.03009	0.00716
28	0.00671	0.00455	0.00573	0.00626	0.00667	0.00438	0.00412	0.03021	0.00899	0.03137	0.04956	0.55095	0.02646	0.22909	0.01050	0.00253	0.00326	0.01089	0.00400	0.00377
29	0.00603	0.00442	0.00533	0.00591	0.00648	0.00411	0.00404	0.00685	0.00895	0.01153	0.02801	0.39791	0.20813	0.20624	0.01003	0.00245	0.00317	0.07282	0.00396	0.00363
30	0.00905	0.00470	0.00474	0.00460	0.00580	0.00476	0.00349	0.04344	0.01026	0.01784	0.01501	0.01709	0.01176	0.00543	0.00331	0.00110	0.00229	0.00433	0.82653	0.00449
31	0.00859	0.00793	0.01320	0.75270	0.02979	0.00981	0.01215	0.01153	0.00929	0.01199	0.00976	0.03828	0.02247	0.00566	0.01956	0.00166	0.00605	0.00454	0.01996	0.00507
32	0.01566	0.00908	0.01038	0.00841	0.01135	0.00943	0.00680	0.25712	0.14648	0.26765	0.03595	0.01543	0.01177	0.00583	0.00443	0.00138	0.00389	0.00466	0.16725	0.00705
33	0.00602	0.00428	0.00568	0.00660	0.00700	0.00406	0.00461	0.00701	0.00921	0.01230	0.06772	0.63640	0.03002	0.07247	0.00723	0.00208	0.00299	0.10625	0.00425	0.00381
34	0.66189	0.10495	0.03361	0.00781	0.04479	0.03596	0.00635	0.03290	0.00877	0.01923	0.00677	0.00790	0.00537	0.00432	0.00310	0.00138	0.00412	0.00267	0.00275	0.00538
35	0.00704	0.00472	0.00688	0.00692	0.00746	0.00523	0.00512	0.00764	0.00717	0.01005	0.01204	0.01972	0.01183	0.11272	0.50955	0.21863	0.00927	0.03205	0.00247	0.00349
36	0.01223	0.78501	0.07686	0.00831	0.01249	0.01790	0.00857	0.01398	0.00948	0.01120	0.00659	0.00762	0.00597	0.00401	0.00308	0.00103	0.00510	0.00255	0.00199	0.00603
37	0.01867	0.00884	0.01107	0.00872	0.01213	0.00852	0.00713	0.12758	0.13215	0.56499	0.03793	0.01592	0.01227	0.00591	0.00470	0.00145	0.00403	0.00480	0.00544	0.00774
38	0.00879	0.00827	0.01395	0.82532	0.03204	0.01034	0.01292	0.01189	0.00930	0.01189	0.00827	0.01240	0.00620	0.00465	0.00465	0.00155	0.00620	0.00413	0.00207	0.00517
39	0.00645	0.00494	0.00681	0.02927	0.00808	0.00500	0.03221	0.00754	0.00853	0.01144	0.02233	0.32937	0.12942	0.16605	0.17687	0.00344	0.01909	0.00903	0.02025	0.00386
40	0.00637	0.00475	0.00592	0.00563	0.00682	0.00430	0.00422	0.00836	0.01266	0.01745	0.65447	0.03674	0.19521	0.00996	0.00549	0.00148	0.00223	0.00869	0.00496	0.00430
41	0.00775	0.00652	0.04000	0.00759	0.00849	0.00685	0.00607	0.00908	0.00841	0.02643	0.08289	0.04314	0.07227	0.14518	0.25658	0.03721	0.15301	0.02000	0.05832	0.00422
42	0.01351	0.63599	0.03725	0.00851	0.01249	0.01689	0.00819	0.14422	0.01168	0.04423	0.00778	0.00849	0.00652	0.00431	0.00337	0.00108	0.00497	0.00288	0.00259	0.02504

[dist]
# distance from previous block
# <min> <max>
0	1

[block]
# block no. 9 follows, 55 sequences, length 12
# corresponding to MSA columns:
# 809,810,834-836,840,849-854
name=unknown_J
#
# <colnr> <probs for GDERKNQSTAVLIFYWHMCP>
#	G	D	E	R	K	N	Q	S	T	A	V	L	I	F	Y	W	H	M	C	P
0	0.00948	0.03752	0.23460	0.03564	0.07295	0.00989	0.03700	0.01457	0.17462	0.01514	0.11118	0.05850	0.01426	0.02180	0.02415	0.03534	0.07901	0.00524	0.00314	0.00596
1	0.05822	0.01018	0.03385	0.00892	0.01134	0.04390	0.00701	0.06653	0.52953	0.01808	0.01656	0.03578	0.01347	0.11742	0.00716	0.00194	0.00414	0.00528	0.00418	0.00648
2	0.01244	0.83930	0.02438	0.00796	0.01194	0.01841	0.00796	0.01393	0.00945	0.01095	0.00647	0.00746	0.00597	0.00398	0.00299	0.00100	0.00498	0.00249	0.00199	0.00597
