[name]
unknown

[dist]
# distance from previous block
# <min> <max>
16	660

[block]
# block no. 0 follows, 43 sequences, length 13
# corresponding to MSA columns:
# 714-726
name=unknown_A
#
# <colnr> <probs for GDERKNQSTAVLIFYWHMCP>
#	G	D	E	R	K	N	Q	S	T	A	V	L	I	F	Y	W	H	M	C	P
0	0.01143	0.00971	0.01135	0.00876	0.01295	0.00832	0.00695	0.01588	0.12741	0.01824	0.01239	0.01409	0.01020	0.00895	0.09434	0.00192	0.00538	0.00405	0.00361	0.61406
1	0.01091	0.00907	0.01043	0.00795	0.01195	0.00734	0.00630	0.05987	0.01308	0.01913	0.10479	0.02154	0.13130	0.00664	0.00485	0.00114	0.00386	0.00547	0.00404	0.56035
2	0.01032	0.00516	0.00516	0.00516	0.00645	0.00516	0.00387	0.01290	0.01161	0.02065	0.01807	0.02065	0.01420	0.00645	0.00387	0.00129	0.00258	0.00516	0.83611	0.00516
3	0.01118	0.00917	0.01350	0.01143	0.01336	0.00995	0.12230	0.01551	0.14839	0.05372	0.04267	0.02630	0.03355	0.22581	0.11228	0.00378	0.09803	0.03920	0.00392	0.00598
4	0.00830	0.00595	0.00784	0.00735	0.00778	0.00604	0.04332	0.00882	0.00844	0.01140	0.01676	0.03313	0.01865	0.65832	0.13062	0.00567	0.00688	0.00768	0.00327	0.00379
5	0.01911	0.23759	0.01934	0.01290	0.01634	0.54302	0.01036	0.05316	0.01495	0.01436	0.00854	0.00984	0.00723	0.00549	0.00463	0.00137	0.00871	0.00347	0.00284	0.00674
6	0.01549	0.00984	0.01189	0.00898	0.01327	0.00833	0.00723	0.09277	0.01441	0.21556	0.07306	0.04038	0.01407	0.00605	0.00491	0.00125	0.00432	0.00496	0.00471	0.44852
7	0.00857	0.00737	0.01190	0.01105	0.01222	0.00759	0.12181	0.01022	0.01081	0.01466	0.02424	0.50116	0.02785	0.04493	0.00913	0.00235	0.09586	0.06873	0.00439	0.00514
8	0.01032	0.00516	0.00516	0.00516	0.00645	0.00516	0.00387	0.01290	0.01161	0.02065	0.01807	0.02065	0.01420	0.00645	0.00387	0.00129	0.00258	0.00516	0.83611	0.00516
9	0.01545	0.01222	0.01309	0.01138	0.01475	0.01387	0.00896	0.12503	0.61580	0.07282	0.02127	0.01957	0.01571	0.00736	0.00562	0.00184	0.00463	0.00605	0.00570	0.00889
10	0.01032	0.00516	0.00516	0.00516	0.00645	0.00516	0.00387	0.01290	0.01161	0.02065	0.01807	0.02065	0.01420	0.00645	0.00387	0.00129	0.00258	0.00516	0.83611	0.00516
11	0.01992	0.01495	0.01599	0.01251	0.01674	0.01665	0.01025	0.64022	0.14000	0.03308	0.01473	0.01444	0.01058	0.00678	0.00556	0.00170	0.00583	0.00518	0.00556	0.00932
12	0.01429	0.01274	0.02001	0.02795	0.56623	0.01300	0.01506	0.13041	0.01471	0.02053	0.01305	0.01928	0.01154	0.00640	0.00574	0.00175	0.00633	0.08909	0.00345	0.00845

[dist]
# distance from previous block
# <min> <max>
3	5

[block]
# block no. 1 follows, 43 sequences, length 12
# corresponding to MSA columns:
# 733-744
name=unknown_B
#
# <colnr> <probs for GDERKNQSTAVLIFYWHMCP>
#	G	D	E	R	K	N	Q	S	T	A	V	L	I	F	Y	W	H	M	C	P
0	0.01543	0.62683	0.02605	0.01061	0.01467	0.13233	0.00988	0.01711	0.01166	0.01313	0.00779	0.00932	0.00713	0.00530	0.00501	0.00133	0.07386	0.00321	0.00244	0.00692
1	0.00710	0.00482	0.00652	0.00765	0.00793	0.00454	0.00510	0.00765	0.01019	0.01359	0.02798	0.70621	0.03334	0.01758	0.00884	0.10409	0.00341	0.01441	0.00481	0.00424
2	0.84448	0.01071	0.00814	0.00728	0.01071	0.01242	0.00600	0.01628	0.00943	0.02485	0.00771	0.00900	0.00600	0.00514	0.00343	0.00171	0.00428	0.00300	0.00343	0.00600
3	0.00880	0.00867	0.01036	0.04112	0.01225	0.07257	0.09619	0.01075	0.01299	0.01557	0.08793	0.06988	0.50852	0.01178	0.00639	0.00184	0.00440	0.01013	0.00461	0.00525
4	0.00775	0.00566	0.00728	0.00688	0.00822	0.00519	0.00516	0.01028	0.01547	0.02172	0.71965	0.04218	0.10081	0.01151	0.00653	0.00175	0.00263	0.01013	0.00603	0.00519
5	0.01414	0.01494	0.11381	0.09942	0.02103	0.06695	0.16477	0.05187	0.15644	0.08451	0.01391	0.01630	0.01069	0.03672	0.03603	0.00223	0.07950	0.00552	0.00372	0.00748
6	0.01032	0.00516	0.00516	0.00516	0.00645	0.00516	0.00387	0.01290	0.01161	0.02065	0.01807	0.02065	0.01420	0.00645	0.00387	0.00129	0.00258	0.00516	0.83611	0.00516
7	0.01148	0.01237	0.06922	0.14359	0.18141	0.02698	0.13067	0.01457	0.01107	0.01548	0.02613	0.01628	0.01023	0.03571	0.14742	0.00324	0.12921	0.00546	0.00276	0.00673
8	0.01813	0.26099	0.05026	0.04437	0.01738	0.46014	0.01091	0.05007	0.01444	0.01446	0.00860	0.01005	0.00723	0.00543	0.00462	0.00139	0.00842	0.00352	0.00278	0.00681
9	0.08139	0.00673	0.00817	0.00739	0.00933	0.00641	0.00569	0.01337	0.03677	0.11362	0.54813	0.03597	0.08515	0.01030	0.00612	0.00175	0.00307	0.00887	0.00589	0.00587
10	0.01115	0.00957	0.01166	0.00922	0.01265	0.00868	0.00729	0.03886	0.01141	0.01731	0.01293	0.13948	0.01271	0.00716	0.00671	0.00132	0.12081	0.00559	0.00354	0.55196
11	0.00906	0.00656	0.00814	0.00844	0.00961	0.00660	0.00651	0.07279	0.01222	0.01600	0.02776	0.16533	0.11653	0.19360	0.06443	0.00341	0.00533	0.25816	0.00461	0.00492

[dist]
# distance from previous block
# <min> <max>
0	2

[block]
# block no. 2 follows, 43 sequences, length 196
# corresponding to MSA columns:
# 747-770,774-903,911-931,934-936,938-955
name=unknown_C
#
# <colnr> <probs for GDERKNQSTAVLIFYWHMCP>
#	G	D	E	R	K	N	Q	S	T	A	V	L	I	F	Y	W	H	M	C	P
0	0.00706	0.00589	0.00673	0.00679	0.00820	0.00557	0.00507	0.00847	0.01191	0.01489	0.07587	0.17810	0.51625	0.01600	0.05745	0.00242	0.05216	0.01153	0.00488	0.00477
1	0.01113	0.00936	0.01098	0.00826	0.01259	0.00727	0.00648	0.03183	0.01174	0.01798	0.01253	0.11088	0.01181	0.00583	0.00451	0.00102	0.00404	0.00489	0.00357	0.71329
2	0.01319	0.03649	0.12353	0.13533	0.11415	0.01272	0.21861	0.06163	0.01296	0.04995	0.01096	0.01377	0.00838	0.00580	0.01852	0.00177	0.03190	0.00503	0.00306	0.12224
3	0.01320	0.00979	0.01195	0.00967	0.01340	0.00896	0.02321	0.06453	0.11766	0.09826	0.07976	0.02294	0.01689	0.00721	0.00551	0.00147	0.01727	0.10054	0.00458	0.37321
4	0.00718	0.00555	0.00631	0.00623	0.00759	0.00494	0.00449	0.00878	0.01296	0.01680	0.28669	0.08771	0.39651	0.11279	0.00929	0.00229	0.00309	0.01089	0.00524	0.00468
5	0.02069	0.02640	0.01569	0.01427	0.01712	0.78313	0.01070	0.02212	0.01569	0.01355	0.00856	0.00999	0.00713	0.00571	0.00499	0.00143	0.00999	0.00357	0.00285	0.00642
6	0.01782	0.01555	0.04377	0.01379	0.03519	0.09702	0.08114	0.36877	0.13005	0.05829	0.01655	0.01750	0.04658	0.00697	0.00568	0.00173	0.00642	0.02390	0.00485	0.00842
7	0.02041	0.01519	0.01626	0.01261	0.01693	0.01687	0.01037	0.68827	0.09117	0.03386	0.01412	0.01395	0.01008	0.00673	0.00555	0.00168	0.00594	0.00510	0.00555	0.00936
8	0.01371	0.01316	0.02248	0.03399	0.77081	0.01316	0.01700	0.01700	0.01261	0.01809	0.01042	0.01371	0.00877	0.00493	0.00548	0.00164	0.00658	0.00493	0.00274	0.00877
9	0.00761	0.00556	0.00717	0.00709	0.00830	0.00512	0.00527	0.00987	0.01455	0.02019	0.57040	0.15655	0.10864	0.01260	0.00666	0.00186	0.00281	0.03886	0.00584	0.00507
10	0.00804	0.00540	0.00619	0.00617	0.00627	0.00540	0.00356	0.00825	0.00857	0.01153	0.06579	0.03624	0.02206	0.73658	0.04416	0.00522	0.00541	0.00813	0.00352	0.00351
11	0.01010	0.00779	0.01030	0.01165	0.06220	0.00801	0.00914	0.04020	0.10725	0.01803	0.02871	0.05152	0.08436	0.01323	0.00709	0.00232	0.00497	0.51219	0.00503	0.00593
12	0.00675	0.00482	0.00643	0.00771	0.00803	0.00450	0.00514	0.00771	0.01060	0.01414	0.03053	0.80175	0.03663	0.01735	0.00707	0.00225	0.00321	0.01574	0.00514	0.00450
13	0.01403	0.01411	0.02049	0.05014	0.05406	0.07739	0.20350	0.10876	0.04449	0.01794	0.01204	0.01505	0.03930	0.00737	0.01038	0.00200	0.29315	0.00554	0.00321	0.00706
14	0.00737	0.00526	0.00714	0.00842	0.00901	0.00503	0.00622	0.00878	0.01121	0.01483	0.03018	0.59143	0.03528	0.01677	0.00723	0.00233	0.00375	0.21995	0.00513	0.00467
15	0.04278	0.15615	0.52513	0.01321	0.01981	0.01337	0.01609	0.01629	0.01185	0.01720	0.06119	0.01558	0.05653	0.00610	0.00507	0.00166	0.00697	0.00471	0.00280	0.00752
16	0.05499	0.05911	0.01595	0.01377	0.01673	0.71833	0.01045	0.02163	0.01524	0.01401	0.00849	0.00990	0.00709	0.00564	0.00487	0.00143	0.00957	0.00352	0.00286	0.00643
17	0.01858	0.02218	0.01464	0.01329	0.01620	0.56717	0.01005	0.02366	0.20712	0.01606	0.01327	0.01375	0.02748	0.00637	0.00520	0.00155	0.00838	0.00445	0.00362	0.00698
18	0.66805	0.06322	0.02184	0.05655	0.03049	0.05123	0.00749	0.01649	0.01006	0.02261	0.00798	0.00954	0.00629	0.00516	0.00372	0.00167	0.00497	0.00320	0.00324	0.00619
19	0.00698	0.00499	0.00669	0.00798	0.00840	0.00470	0.00554	0.00811	0.01083	0.01440	0.03040	0.72282	0.03612	0.01713	0.00713	0.00228	0.00341	0.09238	0.00514	0.00456
20	0.01108	0.09333	0.04830	0.48532	0.04724	0.01338	0.01398	0.01425	0.01098	0.01439	0.01116	0.01820	0.00969	0.00690	0.00717	0.00191	0.10968	0.07405	0.00270	0.00629
21	0.03483	0.01464	0.17661	0.01141	0.01450	0.07862	0.02279	0.08973	0.06469	0.01715	0.03159	0.01980	0.01294	0.17145	0.15502	0.00382	0.06507	0.00563	0.00339	0.00634
22	0.00688	0.00518	0.00631	0.00703	0.00790	0.00469	0.00490	0.00810	0.01153	0.01491	0.09293	0.47542	0.25143	0.04796	0.00775	0.00223	0.00318	0.03196	0.00514	0.00457
23	0.01222	0.05449	0.37384	0.01728	0.03564	0.01304	0.25930	0.03332	0.01243	0.01787	0.01033	0.01269	0.00771	0.00492	0.00547	0.00165	0.00788	0.00478	0.00269	0.11242
24	0.01182	0.01005	0.01167	0.00836	0.01327	0.00773	0.00670	0.04023	0.01200	0.01865	0.00997	0.01155	0.00825	0.00419	0.00415	0.00085	0.00417	0.00334	0.00336	0.80968
25	0.01147	0.01177	0.01829	0.06241	0.01870	0.09243	0.24363	0.01418	0.01099	0.01450	0.01209	0.01764	0.01066	0.05606	0.29678	0.00465	0.08910	0.00580	0.00284	0.00601
26	0.00835	0.00609	0.00813	0.00757	0.00801	0.00615	0.05203	0.00886	0.00859	0.01157	0.01753	0.08045	0.01979	0.64505	0.07290	0.00513	0.01833	0.00824	0.00339	0.00383
27	0.00696	0.00491	0.00637	0.00745	0.00772	0.00464	0.00486	0.00777	0.01020	0.01360	0.02845	0.68020	0.03401	0.14248	0.01042	0.00274	0.00356	0.01452	0.00486	0.00432
28	0.01078	0.01242	0.08437	0.01665	0.02072	0.01049	0.39443	0.01452	0.01281	0.01725	0.06659	0.09521	0.08820	0.00875	0.00665	0.00199	0.00703	0.12088	0.00375	0.00650
29	0.19960	0.01696	0.01415	0.06212	0.01678	0.25610	0.00975	0.23312	0.03253	0.07290	0.01098	0.01191	0.00821	0.00606	0.00522	0.00164	0.02632	0.00416	0.00405	0.00742
30	0.01378	0.01190	0.01252	0.01127	0.01440	0.01378	0.00877	0.02943	0.76081	0.02317	0.02254	0.02066	0.01691	0.00751	0.00564	0.00188	0.00438	0.00626	0.00564	0.00877
31	0.84448	0.01071	0.00814	0.00728	0.01071	0.01242	0.00600	0.01628	0.00943	0.02485	0.00771	0.00900	0.00600	0.00514	0.00343	0.00171	0.00428	0.00300	0.00343	0.00600
32	0.00703	0.00502	0.00675	0.00804	0.00848	0.00474	0.00564	0.00821	0.01089	0.01446	0.03037	0.70473	0.03601	0.01708	0.00715	0.00229	0.00346	0.10994	0.00514	0.00458
33	0.00791	0.00593	0.00890	0.00890	0.00989	0.00692	0.00692	0.00989	0.00890	0.01286	0.01483	0.02176	0.01385	0.04154	0.78341	0.00890	0.01483	0.00593	0.00297	0.00494
34	0.04869	0.01343	0.01949	0.23744	0.39992	0.08416	0.03201	0.03642	0.01254	0.01713	0.00994	0.01341	0.00807	0.00541	0.00591	0.00172	0.03918	0.00476	0.00277	0.00760
35	0.00671	0.00495	0.00629	0.00737	0.00794	0.00453	0.00499	0.00775	0.01093	0.01427	0.03470	0.67967	0.15601	0.01681	0.00698	0.00219	0.00315	0.01508	0.00514	0.00453
36	0.01195	0.04878	0.15739	0.13540	0.12192	0.01250	0.20878	0.05342	0.03064	0.01794	0.05314	0.01934	0.09110	0.00644	0.00582	0.00177	0.00702	0.00612	0.00326	0.00728
37	0.00661	0.00556	0.00573	0.00579	0.00755	0.00469	0.00431	0.00804	0.01262	0.01521	0.08364	0.09863	0.69447	0.01412	0.00658	0.00189	0.00282	0.01187	0.00518	0.00469
38	0.01568	0.01405	0.06399	0.13093	0.22932	0.01417	0.01332	0.31565	0.04918	0.02439	0.01401	0.01694	0.03089	0.00652	0.00562	0.00174	0.00634	0.03481	0.00410	0.00836
39	0.12353	0.01633	0.05086	0.05753	0.08339	0.22627	0.01169	0.01655	0.01127	0.01555	0.00856	0.01181	0.00748	0.00855	0.04405	0.00221	0.29091	0.00428	0.00272	0.00645
40	0.02069	0.02640	0.01569	0.01427	0.01712	0.78313	0.01070	0.02212	0.01569	0.01355	0.00856	0.00999	0.00713	0.00571	0.00499	0.00143	0.00999	0.00357	0.00285	0.00642
41	0.01130	0.00985	0.01191	0.00901	0.01302	0.00848	0.00721	0.01351	0.01104	0.01720	0.01069	0.05678	0.00971	0.00559	0.00612	0.00111	0.10787	0.00420	0.00328	0.68213
42	0.00675	0.00502	0.00630	0.00724	0.00793	0.00457	0.00495	0.00788	0.01124	0.01465	0.06733	0.61277	0.19038	0.01640	0.00694	0.00215	0.00310	0.01465	0.00518	0.00457
43	0.01633	0.01066	0.01265	0.01062	0.01375	0.01145	0.00851	0.16373	0.22804	0.19737	0.06875	0.01973	0.01597	0.01251	0.12227	0.00283	0.03843	0.00590	0.00532	0.03518
44	0.01243	0.28098	0.24608	0.01156	0.01629	0.01490	0.01214	0.06134	0.07244	0.01664	0.01331	0.06335	0.02863	0.01064	0.09563	0.00245	0.02576	0.00509	0.00313	0.00721
45	0.00679	0.00548	0.00606	0.00629	0.00778	0.00475	0.00462	0.00827	0.01258	0.01566	0.13097	0.19824	0.52605	0.01440	0.00667	0.00195	0.00292	0.03054	0.00525	0.00471
46	0.01183	0.01030	0.01231	0.00917	0.01342	0.00895	0.00740	0.03053	0.02912	0.01795	0.00990	0.01182	0.00832	0.00494	0.00594	0.00107	0.10361	0.00359	0.00328	0.69655
47	0.04799	0.64889	0.15019	0.01042	0.01566	0.02005	0.01113	0.01673	0.01125	0.01425	0.00807	0.00935	0.00705	0.00484	0.00383	0.00130	0.00623	0.00315	0.00241	0.00724
48	0.04614	0.18126	0.59805	0.01420	0.02151	0.01462	0.01771	0.01730	0.01151	0.01695	0.00941	0.01103	0.00699	0.00515	0.00485	0.00164	0.00758	0.00383	0.00239	0.00788
49	0.02410	0.01025	0.01332	0.01025	0.01453	0.00941	0.00846	0.11824	0.03519	0.66343	0.02079	0.01820	0.01325	0.00684	0.00557	0.00171	0.00488	0.00551	0.00666	0.00941
50	0.00781	0.00526	0.00611	0.00636	0.00642	0.00520	0.00370	0.00799	0.00854	0.01139	0.01994	0.18208	0.02328	0.65524	0.02417	0.00477	0.00496	0.00952	0.00370	0.00357
51	0.01086	0.00881	0.04254	0.01040	0.01257	0.00833	0.06890	0.01590	0.17875	0.08422	0.05386	0.32131	0.02470	0.04010	0.07286	0.00272	0.00539	0.02657	0.00489	0.00633
52	0.84448	0.01071	0.00814	0.00728	0.01071	0.01242	0.00600	0.01628	0.00943	0.02485	0.00771	0.00900	0.00600	0.00514	0.00343	0.00171	0.00428	0.00300	0.00343	0.00600
53	0.00675	0.00482	0.00643	0.00771	0.00803	0.00450	0.00514	0.00771	0.01060	0.01414	0.03053	0.80175	0.03663	0.01735	0.00707	0.00225	0.00321	0.01574	0.00514	0.00450
54	0.01111	0.02865	0.77667	0.01579	0.02397	0.01286	0.02046	0.01754	0.01169	0.01754	0.00994	0.01169	0.00702	0.00526	0.00526	0.00175	0.00818	0.00409	0.00234	0.00818
55	0.01046	0.00984	0.01661	0.79205	0.03814	0.01230	0.01538	0.01415	0.01107	0.01415	0.00984	0.01477	0.00738	0.00554	0.00554	0.00185	0.00738	0.00492	0.00246	0.00615
56	0.02105	0.01551	0.01662	0.01274	0.01717	0.01717	0.01053	0.75235	0.02604	0.03490	0.01330	0.01330	0.00942	0.00665	0.00554	0.00166	0.00609	0.00499	0.00554	0.00942
57	0.00681	0.00486	0.00649	0.00778	0.00813	0.00455	0.00525	0.00782	0.01066	0.01420	0.03049	0.78143	0.03650	0.01729	0.00708	0.00226	0.00327	0.03547	0.00514	0.00451
58	0.01035	0.00549	0.00781	0.00757	0.00785	0.00560	0.00517	0.05470	0.00841	0.01123	0.00985	0.01661	0.00961	0.01844	0.02062	0.78552	0.00489	0.00482	0.00260	0.00285
59	0.01114	0.02756	0.72757	0.01598	0.02389	0.01276	0.05106	0.01741	0.01178	0.01753	0.01044	0.01300	0.00765	0.00547	0.00537	0.00178	0.00816	0.02097	0.00242	0.00808
60	0.00673	0.00487	0.00637	0.00758	0.00800	0.00451	0.00508	0.00773	0.01073	0.01419	0.03217	0.75347	0.08384	0.01714	0.00704	0.00222	0.00319	0.01548	0.00514	0.00451
61	0.01152	0.15877	0.32656	0.01297	0.04163	0.01344	0.01356	0.04520	0.01222	0.01697	0.07864	0.04599	0.08494	0.00755	0.00690	0.00176	0.10543	0.00569	0.00319	0.00708
62	0.00670	0.00499	0.00625	0.00727	0.00792	0.00454	0.00494	0.00776	0.01103	0.01431	0.03593	0.64355	0.19134	0.01665	0.00696	0.00217	0.00313	0.01489	0.00514	0.00454
63	0.01462	0.01344	0.07865	0.01122	0.01574	0.01197	0.03358	0.25911	0.06483	0.02395	0.05816	0.01466	0.01173	0.00595	0.00558	0.00140	0.03777	0.00469	0.00422	0.32872
64	0.01131	0.11082	0.01727	0.01278	0.01459	0.04594	0.10653	0.01330	0.00988	0.01364	0.01091	0.01614	0.01012	0.04157	0.29117	0.00457	0.25558	0.00526	0.00271	0.00591
65	0.01794	0.03935	0.01359	0.01203	0.01458	0.54863	0.00909	0.04931	0.01500	0.01583	0.01152	0.04565	0.00986	0.00636	0.00485	0.00144	0.00800	0.00444	0.16631	0.00623
66	0.01273	0.18472	0.09720	0.11908	0.11804	0.01517	0.25576	0.01630	0.01176	0.01580	0.00994	0.01325	0.00805	0.00672	0.03793	0.00200	0.06070	0.00499	0.00259	0.00726
67	0.00675	0.00482	0.00643	0.00771	0.00803	0.00450	0.00514	0.00771	0.01060	0.01414	0.03053	0.80175	0.03663	0.01735	0.00707	0.00225	0.00321	0.01574	0.00514	0.00450
68	0.01362	0.01054	0.07290	0.00955	0.01266	0.00935	0.00816	0.12603	0.12985	0.14469	0.30267	0.02875	0.07841	0.01999	0.00629	0.00181	0.00424	0.00759	0.00566	0.00724
69	0.01428	0.07697	0.20352	0.13196	0.10544	0.07409	0.07825	0.11103	0.06205	0.03613	0.01120	0.01327	0.00850	0.00577	0.00596	0.00172	0.04413	0.00472	0.00321	0.00779
70	0.00723	0.00564	0.00656	0.00633	0.00790	0.00497	0.00475	0.00928	0.01425	0.01882	0.43458	0.04696	0.38769	0.01259	0.00654	0.00180	0.00270	0.01080	0.00565	0.00497
71	0.01148	0.00984	0.01148	0.00820	0.01312	0.00738	0.00656	0.01395	0.01148	0.01805	0.00984	0.01148	0.00820	0.00410	0.00410	0.00082	0.00410	0.00328	0.00328	0.83922
72	0.07116	0.01612	0.01545	0.01234	0.01639	0.12444	0.01000	0.50756	0.07334	0.07817	0.01347	0.01343	0.00968	0.00650	0.00534	0.00165	0.00633	0.00479	0.00512	0.00874
73	0.01285	0.01306	0.01850	0.43579	0.28533	0.10950	0.01534	0.01612	0.01218	0.01542	0.00988	0.01380	0.00783	0.00535	0.00545	0.00172	0.00744	0.00476	0.00261	0.00708
74	0.02253	0.01250	0.01468	0.01132	0.01563	0.01279	0.00933	0.38152	0.05208	0.38167	0.01770	0.01621	0.01175	0.00678	0.00556	0.00170	0.00537	0.00531	0.00616	0.00939
75	0.00734	0.00536	0.00626	0.00661	0.00734	0.00502	0.00442	0.00825	0.01059	0.01369	0.07754	0.23217	0.22904	0.30412	0.02549	0.00336	0.00409	0.04058	0.00452	0.00420
76	0.01066	0.01015	0.01746	0.73842	0.05789	0.01240	0.04680	0.01438	0.01120	0.01441	0.00992	0.01474	0.00746	0.00548	0.00558	0.00184	0.00744	0.00499	0.00248	0.00628
77	0.01227	0.04577	0.01651	0.01364	0.01443	0.07960	0.03507	0.01376	0.00942	0.01340	0.00880	0.01352	0.00840	0.01437	0.14538	0.00336	0.53884	0.00490	0.00256	0.00599
78	0.00680	0.00485	0.00648	0.00777	0.00811	0.00454	0.00522	0.00779	0.01065	0.01419	0.03050	0.78560	0.03653	0.01731	0.00708	0.00226	0.00325	0.03142	0.00514	0.00451
79	0.01313	0.01464	0.02821	0.07365	0.08981	0.06300	0.54726	0.01724	0.01281	0.01696	0.01110	0.01492	0.00862	0.00707	0.05384	0.00225	0.00936	0.00607	0.00279	0.00727
80	0.01329	0.01273	0.02173	0.13112	0.67694	0.01305	0.01679	0.01663	0.01241	0.01759	0.01034	0.01384	0.00859	0.00501	0.00549	0.00167	0.00668	0.00493	0.00271	0.00844
81	0.00674	0.00484	0.00641	0.00767	0.00802	0.00450	0.00512	0.00772	0.01065	0.01416	0.03108	0.78540	0.05261	0.01728	0.00706	0.00224	0.00320	0.01566	0.00514	0.00450
82	0.01158	0.01156	0.03673	0.50410	0.21625	0.01271	0.07556	0.01564	0.03223	0.01574	0.01045	0.01461	0.00806	0.00537	0.00560	0.00180	0.00728	0.00507	0.00264	0.00702
83	0.00868	0.00731	0.00999	0.02790	0.01116	0.00825	0.02553	0.01104	0.05640	0.01479	0.04251	0.30183	0.11867	0.02801	0.12439	0.00322	0.14970	0.04111	0.00423	0.00527
84	0.00675	0.00482	0.00643	0.00771	0.00803	0.00450	0.00514	0.00771	0.01060	0.01414	0.03053	0.80175	0.03663	0.01735	0.00707	0.00225	0.00321	0.01574	0.00514	0.00450
85	0.01628	0.51471	0.08376	0.01133	0.01585	0.21513	0.01069	0.04893	0.01304	0.01444	0.00833	0.00957	0.00720	0.00511	0.00414	0.00131	0.00714	0.00329	0.00262	0.00711
86	0.00675	0.00482	0.00643	0.00771	0.00803	0.00450	0.00514	0.00771	0.01060	0.01414	0.03053	0.80175	0.03663	0.01735	0.00707	0.00225	0.00321	0.01574	0.00514	0.00450
87	0.10973	0.06123	0.04493	0.09596	0.01715	0.01406	0.00981	0.08238	0.44056	0.04006	0.01728	0.01697	0.01294	0.00668	0.00522	0.00179	0.00509	0.00533	0.00472	0.00811
88	0.66765	0.04424	0.01002	0.00833	0.01148	0.07191	0.00683	0.01629	0.00991	0.02238	0.00811	0.00984	0.00658	0.00717	0.04261	0.00206	0.04204	0.00327	0.00327	0.00603
89	0.02069	0.02640	0.01569	0.01427	0.01712	0.78313	0.01070	0.02212	0.01569	0.01355	0.00856	0.00999	0.00713	0.00571	0.00499	0.00143	0.00999	0.00357	0.00285	0.00642
90	0.03150	0.22922	0.13849	0.05836	0.16654	0.03447	0.10671	0.01630	0.01142	0.01561	0.00936	0.01253	0.00795	0.02758	0.00730	0.00178	0.11053	0.00448	0.00257	0.00731
91	0.00655	0.00561	0.00561	0.00561	0.00748	0.00468	0.00421	0.00795	0.01262	0.01496	0.05610	0.05330	0.76857	0.01403	0.00655	0.00187	0.00281	0.01169	0.00514	0.00468
92	0.04434	0.04657	0.01457	0.01142	0.01500	0.06856	0.00920	0.36767	0.19683	0.04505	0.04802	0.01762	0.03109	0.02995	0.02739	0.00199	0.00586	0.00554	0.00509	0.00827
93	0.01316	0.06981	0.14962	0.12950	0.13416	0.06137	0.01370	0.04913	0.10430	0.01734	0.01128	0.01377	0.00902	0.00648	0.00769	0.00181	0.15841	0.00473	0.03733	0.00739
94	0.00678	0.00559	0.00595	0.00592	0.00764	0.00477	0.00442	0.00838	0.01309	0.01621	0.18031	0.07558	0.61890	0.01366	0.00656	0.00186	0.00278	0.01153	0.00531	0.00477
95	0.01704	0.01341	0.07922	0.03410	0.01724	0.05855	0.09423	0.13378	0.10372	0.22907	0.05261	0.06624	0.01551	0.00766	0.00606	0.00181	0.01974	0.03698	0.00501	0.00801
96	0.01458	0.01043	0.01285	0.01026	0.01378	0.01027	0.02020	0.08573	0.11558	0.14529	0.07794	0.01883	0.01496	0.00697	0.00669	0.00154	0.09540	0.03476	0.00460	0.29934
97	0.04848	0.41204	0.37568	0.01232	0.01860	0.01730	0.01443	0.01701	0.01138	0.01563	0.00874	0.01019	0.00702	0.00500	0.00434	0.00147	0.00690	0.00349	0.00240	0.00756
98	0.01962	0.08905	0.01874	0.01405	0.01791	0.34816	0.10322	0.16748	0.03754	0.11428	0.01182	0.01258	0.00884	0.00587	0.00526	0.00156	0.00795	0.00450	0.00392	0.00765
99	0.00880	0.00493	0.00683	0.00704	0.00710	0.00488	0.00455	0.00748	0.00796	0.01062	0.01480	0.15201	0.01640	0.18860	0.02062	0.51935	0.00466	0.00733	0.00307	0.00296
100	0.01109	0.01074	0.01695	0.71114	0.08454	0.04409	0.01529	0.01466	0.01136	0.01438	0.00983	0.01450	0.00746	0.00551	0.00551	0.00182	0.00744	0.00487	0.00250	0.00633
101	0.84448	0.01071	0.00814	0.00728	0.01071	0.01242	0.00600	0.01628	0.00943	0.02485	0.00771	0.00900	0.00600	0.00514	0.00343	0.00171	0.00428	0.00300	0.00343	0.00600
102	0.00687	0.00500	0.00647	0.00742	0.00801	0.00461	0.00507	0.00808	0.01143	0.01523	0.12559	0.63714	0.10609	0.01629	0.00695	0.00215	0.00310	0.01465	0.00526	0.00461
103	0.04739	0.07736	0.58108	0.01441	0.02156	0.03238	0.01750	0.06313	0.01282	0.06734	0.01064	0.01191	0.00756	0.00542	0.00510	0.00170	0.00757	0.00411	0.00289	0.00814
104	0.03931	0.15637	0.05005	0.03054	0.04883	0.34934	0.01092	0.07119	0.03300	0.09375	0.01051	0.01164	0.00825	0.00595	0.00571	0.00155	0.05843	0.00401	0.00339	0.00725
105	0.02044	0.01521	0.01628	0.01262	0.01694	0.01689	0.01038	0.69147	0.08791	0.03392	0.01408	0.01392	0.01005	0.00672	0.00555	0.00168	0.00595	0.00509	0.00555	0.00936
106	0.00675	0.00482	0.00643	0.00771	0.00803	0.00450	0.00514	0.00771	0.01060	0.01414	0.03053	0.80175	0.03663	0.01735	0.00707	0.00225	0.00321	0.01574	0.00514	0.00450
107	0.01297	0.01764	0.16766	0.05212	0.04364	0.06315	0.47371	0.01781	0.03089	0.01727	0.01136	0.03125	0.00883	0.00532	0.00632	0.00183	0.02199	0.00595	0.00282	0.00745
108	0.01285	0.01092	0.01376	0.01414	0.12406	0.01180	0.03981	0.08320	0.36879	0.02168	0.09365	0.02501	0.07985	0.00858	0.00645	0.03163	0.00480	0.03634	0.00496	0.00772
109	0.00675	0.00482	0.00643	0.00771	0.00803	0.00450	0.00514	0.00771	0.01060	0.01414	0.03053	0.80175	0.03663	0.01735	0.00707	0.00225	0.00321	0.01574	0.00514	0.00450
110	0.00983	0.02738	0.01098	0.22732	0.02908	0.04047	0.00860	0.07253	0.01345	0.01663	0.06428	0.06392	0.36223	0.01038	0.00607	0.00183	0.00483	0.02024	0.00427	0.00570
111	0.00690	0.00493	0.00659	0.00780	0.00821	0.00462	0.00532	0.00801	0.01092	0.01459	0.06163	0.73462	0.03707	0.01700	0.00707	0.00224	0.00328	0.04948	0.00518	0.00456
112	0.26761	0.01059	0.01242	0.13122	0.01718	0.01117	0.00890	0.09924	0.03233	0.33433	0.01485	0.01471	0.01003	0.00613	0.00492	0.00173	0.00514	0.00465	0.00497	0.00787
113	0.01388	0.45668	0.08666	0.16759	0.08486	0.06498	0.02521	0.01657	0.01167	0.01417	0.00865	0.01087	0.00732	0.00501	0.00439	0.00143	0.00676	0.00371	0.00245	0.00711
114	0.02069	0.02640	0.01569	0.01427	0.01712	0.78313	0.01070	0.02212	0.01569	0.01355	0.00856	0.00999	0.00713	0.00571	0.00499	0.00143	0.00999	0.00357	0.00285	0.00642
115	0.01733	0.02990	0.01341	0.01164	0.05952	0.04385	0.00878	0.19726	0.03186	0.21495	0.04633	0.01784	0.01328	0.02842	0.04703	0.00213	0.06982	0.00540	0.13355	0.00770
116	0.00657	0.00552	0.00571	0.00586	0.00755	0.00465	0.00432	0.00792	0.01238	0.01486	0.05306	0.14243	0.68141	0.01442	0.00661	0.00192	0.00285	0.01217	0.00514	0.00465
117	0.03966	0.22848	0.07824	0.03697	0.01668	0.07008	0.01057	0.21432	0.15978	0.07295	0.01329	0.01348	0.01002	0.00606	0.00491	0.00158	0.00605	0.00450	0.00420	0.00817
118	0.01321	0.01256	0.01802	0.10429	0.22701	0.07594	0.10233	0.08698	0.03748	0.01906	0.10774	0.02156	0.01623	0.00805	0.02487	0.00198	0.04433	0.06743	0.00370	0.00722
119	0.00674	0.00484	0.00641	0.00766	0.00802	0.00450	0.00512	0.00772	0.01065	0.01416	0.03111	0.78465	0.05335	0.01728	0.00706	0.00224	0.00320	0.01565	0.00514	0.00450
120	0.01184	0.00984	0.01290	0.00957	0.01414	0.00777	0.06641	0.01441	0.01182	0.04952	0.01233	0.04838	0.01087	0.00540	0.00467	0.00109	0.00456	0.04139	0.00356	0.65953
121	0.01803	0.04391	0.01377	0.07421	0.01585	0.01060	0.00890	0.08914	0.08033	0.34224	0.01770	0.07495	0.01339	0.00731	0.00622	0.00168	0.05588	0.00583	0.00520	0.11485
122	0.22330	0.42562	0.04569	0.01005	0.01389	0.03714	0.00938	0.04711	0.01117	0.01712	0.00798	0.00964	0.00694	0.00561	0.00562	0.00152	0.10927	0.00335	0.00279	0.00681
123	0.01937	0.01012	0.01236	0.00985	0.01345	0.00985	0.00800	0.19934	0.04935	0.38521	0.15238	0.02362	0.06576	0.00805	0.00579	0.00172	0.00455	0.00661	0.00625	0.00837
124	0.00799	0.00536	0.00611	0.00615	0.00622	0.00533	0.00351	0.00814	0.00849	0.01137	0.05001	0.06857	0.02220	0.73843	0.02638	0.00508	0.00516	0.00846	0.00355	0.00348
125	0.04181	0.01300	0.01466	0.01143	0.01556	0.01376	0.00938	0.45299	0.06647	0.23696	0.05428	0.01658	0.01313	0.00696	0.00555	0.00169	0.00539	0.00543	0.00588	0.00908
126	0.64309	0.01173	0.01004	0.00856	0.01218	0.01344	0.00703	0.16628	0.04373	0.02682	0.00946	0.01035	0.00714	0.00554	0.00395	0.00171	0.00466	0.00354	0.00395	0.00681
127	0.00675	0.00482	0.00643	0.00771	0.00803	0.00450	0.00514	0.00771	0.01060	0.01414	0.03053	0.80175	0.03663	0.01735	0.00707	0.00225	0.00321	0.01574	0.00514	0.00450
128	0.01281	0.01152	0.01377	0.01167	0.03055	0.06015	0.08350	0.05944	0.23739	0.03162	0.01944	0.12083	0.05774	0.00779	0.00553	0.00161	0.00508	0.00680	0.00443	0.21832
129	0.01227	0.01023	0.01207	0.01133	0.04379	0.09168	0.05566	0.09978	0.01348	0.06646	0.02285	0.09213	0.13218	0.04772	0.20679	0.00380	0.00805	0.05943	0.00418	0.00611
130	0.00683	0.00488	0.00650	0.00766	0.00805	0.00455	0.00515	0.00791	0.01097	0.01472	0.08332	0.74730	0.03775	0.01692	0.00703	0.00221	0.00317	0.01533	0.00521	0.00455
131	0.01184	0.18354	0.62821	0.01453	0.02203	0.01466	0.01828	0.01735	0.01161	0.01664	0.00949	0.01114	0.00703	0.00516	0.00492	0.00164	0.00774	0.00387	0.00234	0.00797
132	0.01128	0.00988	0.04183	0.00972	0.01230	0.00997	0.00797	0.08066	0.29716	0.02130	0.17827	0.03136	0.11473	0.01255	0.07456	0.00250	0.00511	0.06666	0.00525	0.00694
133	0.00670	0.00499	0.00625	0.00727	0.00792	0.00454	0.00494	0.00776	0.01103	0.01431	0.03594	0.64336	0.19153	0.01665	0.00696	0.00217	0.00313	0.01489	0.00514	0.00454
134	0.01481	0.80869	0.02902	0.00948	0.01421	0.02191	0.00948	0.01658	0.01125	0.01303	0.00770	0.00888	0.00711	0.00474	0.00355	0.00118	0.00592	0.00296	0.00237	0.00711
135	0.00682	0.00493	0.00648	0.00768	0.00814	0.00459	0.00524	0.00788	0.01082	0.01429	0.03213	0.72304	0.08364	0.01705	0.00706	0.00224	0.00326	0.04503	0.00514	0.00453
136	0.03744	0.01231	0.01656	0.34997	0.07180	0.01451	0.01294	0.26607	0.05429	0.02213	0.01141	0.01411	0.00860	0.00634	0.00661	0.00182	0.07688	0.00495	0.00371	0.00754
137	0.58376	0.02679	0.20163	0.00962	0.01426	0.01265	0.00980	0.01719	0.03459	0.03412	0.00897	0.01020	0.00674	0.00527	0.00399	0.00172	0.00530	0.00342	0.00326	0.00671
138	0.02069	0.02640	0.01569	0.01427	0.01712	0.78313	0.01070	0.02212	0.01569	0.01355	0.00856	0.00999	0.00713	0.00571	0.00499	0.00143	0.00999	0.00357	0.00285	0.00642
139	0.05462	0.04153	0.01599	0.01313	0.01643	0.37131	0.01039	0.26503	0.02851	0.05342	0.01074	0.01171	0.00827	0.00635	0.00613	0.00161	0.06915	0.00422	0.00394	0.00755
140	0.00671	0.00498	0.00626	0.00727	0.00792	0.00454	0.00495	0.00776	0.01103	0.01431	0.03586	0.64554	0.18939	0.01666	0.00696	0.00217	0.00313	0.01490	0.00514	0.00454
141	0.01275	0.00986	0.01472	0.12009	0.22721	0.01028	0.02286	0.08361	0.01365	0.08125	0.12645	0.04376	0.01909	0.11241	0.00918	0.00228	0.02728	0.05232	0.00409	0.00687
142	0.01253	0.03779	0.58886	0.03375	0.02311	0.01375	0.04921	0.10966	0.01340	0.01941	0.01027	0.01208	0.00740	0.00559	0.00586	0.00177	0.04031	0.00434	0.00277	0.00816
143	0.00670	0.00535	0.00596	0.00636	0.00766	0.00466	0.00454	0.00798	0.01200	0.01491	0.07736	0.29522	0.48485	0.03162	0.00717	0.00206	0.00298	0.01286	0.00515	0.00461
144	0.01516	0.68848	0.07607	0.01018	0.01506	0.04574	0.01025	0.04806	0.01211	0.02464	0.00830	0.00942	0.00729	0.00491	0.00382	0.00126	0.00619	0.00318	0.00258	0.00728
145	0.04767	0.01029	0.01215	0.00906	0.01356	0.00875	0.01925	0.10020	0.01364	0.09894	0.03288	0.03897	0.01096	0.00536	0.00460	0.00114	0.00442	0.00435	0.00405	0.55975
146	0.07293	0.07684	0.04708	0.01219	0.01630	0.19810	0.01021	0.32953	0.05368	0.08982	0.01233	0.01261	0.00907	0.00612	0.00508	0.00157	0.00672	0.00440	0.00445	0.03098
147	0.00867	0.00605	0.00768	0.00720	0.00871	0.00564	0.00542	0.01166	0.04674	0.05348	0.62131	0.07139	0.10205	0.01142	0.00648	0.00178	0.00282	0.01003	0.00600	0.00548
148	0.00805	0.00537	0.00604	0.00604	0.00604	0.00537	0.00336	0.00805	0.00805	0.01074	0.01745	0.03624	0.02013	0.80536	0.02819	0.00537	0.00537	0.00805	0.00336	0.00336
149	0.01091	0.00993	0.01543	0.44334	0.07807	0.01150	0.04303	0.01642	0.13783	0.01712	0.10070	0.02132	0.02772	0.00699	0.00581	0.00186	0.00619	0.03558	0.00360	0.00665
150	0.01428	0.59495	0.04632	0.01011	0.01500	0.01875	0.03951	0.04018	0.01186	0.01490	0.00845	0.00979	0.00742	0.00471	0.00388	0.00118	0.00582	0.00326	0.00264	0.14701
151	0.70537	0.01054	0.00879	0.00754	0.01118	0.01162	0.00619	0.01669	0.01004	0.07003	0.00880	0.00987	0.00671	0.00513	0.00363	0.00162	0.00429	0.00319	0.00362	0.09517
152	0.00930	0.00706	0.00925	0.00939	0.01148	0.00642	0.00792	0.01167	0.01226	0.01668	0.02538	0.11249	0.04471	0.01274	0.00672	0.00209	0.00464	0.47883	0.00467	0.20630
153	0.24605	0.03002	0.01254	0.00935	0.01364	0.00999	0.03861	0.04344	0.01298	0.28573	0.01358	0.01352	0.00955	0.00548	0.00457	0.00146	0.00470	0.00419	0.00461	0.23599
154	0.01212	0.01145	0.01798	0.25481	0.22672	0.01367	0.02999	0.04473	0.01129	0.01582	0.01043	0.04621	0.00934	0.02682	0.00993	0.00206	0.24151	0.00546	0.00279	0.00686
155	0.00675	0.00482	0.00643	0.00771	0.00803	0.00450	0.00514	0.00771	0.01060	0.01414	0.03053	0.80175	0.03663	0.01735	0.00707	0.00225	0.00321	0.01574	0.00514	0.00450
156	0.01649	0.01121	0.01346	0.06005	0.06433	0.02773	0.00962	0.15861	0.21149	0.18959	0.05120	0.02430	0.04705	0.00810	0.00585	0.00184	0.00516	0.08040	0.00539	0.00814
157	0.01200	0.01308	0.06462	0.11527	0.19361	0.04987	0.07865	0.01471	0.01101	0.01526	0.01268	0.01641	0.05737	0.01015	0.07530	0.00255	0.24247	0.00545	0.00277	0.00679
158	0.00687	0.00490	0.00648	0.00759	0.00797	0.00458	0.00507	0.00791	0.01083	0.01453	0.07885	0.71984	0.03699	0.04939	0.00790	0.00234	0.00326	0.01505	0.00513	0.00450
159	0.00864	0.05856	0.00923	0.00824	0.00944	0.05430	0.00615	0.01004	0.01039	0.01338	0.02427	0.24222	0.12429	0.09014	0.29954	0.00483	0.00828	0.00929	0.00386	0.00488
160	0.00688	0.00490	0.00652	0.00777	0.00812	0.00460	0.00525	0.00788	0.01062	0.01415	0.03012	0.74951	0.03598	0.03887	0.00767	0.00235	0.00335	0.04587	0.00509	0.00449
161	0.06131	0.01588	0.01432	0.01236	0.03619	0.23545	0.00951	0.15020	0.11492	0.27036	0.01561	0.01494	0.01097	0.00644	0.00530	0.00164	0.00647	0.00484	0.00503	0.00828
162	0.11399	0.68017	0.02596	0.00942	0.01392	0.05326	0.00911	0.01678	0.01122	0.01446	0.00774	0.00894	0.00698	0.00483	0.00360	0.00126	0.00590	0.00299	0.00252	0.00695
163	0.02069	0.02640	0.01569	0.01427	0.01712	0.78313	0.01070	0.02212	0.01569	0.01355	0.00856	0.00999	0.00713	0.00571	0.00499	0.00143	0.00999	0.00357	0.00285	0.00642
164	0.01067	0.01120	0.02257	0.01705	0.02088	0.01042	0.46524	0.01405	0.01260	0.01680	0.05231	0.18655	0.11590	0.00884	0.00665	0.00194	0.00692	0.00929	0.00374	0.00639
165	0.00683	0.00495	0.00631	0.00736	0.00782	0.00458	0.00491	0.00776	0.01062	0.01396	0.03221	0.66427	0.11238	0.07746	0.00863	0.00245	0.00334	0.01473	0.00500	0.00443
166	0.01637	0.11484	0.01785	0.04712	0.07993	0.11497	0.04159	0.22360	0.19849	0.02266	0.04478	0.01541	0.01220	0.00647	0.00553	0.00165	0.01904	0.00512	0.00431	0.00808
167	0.01568	0.04842	0.11507	0.02442	0.01613	0.12906	0.01137	0.13382	0.01405	0.11124	0.01282	0.01558	0.02247	0.01145	0.10208	0.00269	0.18260	0.02015	0.00368	0.00721
168	0.00707	0.00567	0.00634	0.00630	0.00797	0.00494	0.00481	0.00890	0.01351	0.01715	0.25939	0.05046	0.51474	0.01333	0.00661	0.00188	0.00290	0.05776	0.00541	0.00486
169	0.01210	0.01021	0.01182	0.00850	0.01339	0.00801	0.00682	0.06157	0.01242	0.01913	0.01007	0.01160	0.00828	0.00427	0.00419	0.00087	0.00423	0.00339	0.00343	0.78570
170	0.00791	0.00593	0.00890	0.00890	0.00989	0.00692	0.00692	0.00989	0.00890	0.01286	0.01483	0.02176	0.01385	0.04154	0.78341	0.00890	0.01483	0.00593	0.00297	0.00494
171	0.02837	0.15088	0.04153	0.04861	0.11319	0.02623	0.13519	0.13046	0.03122	0.15021	0.01412	0.03213	0.02744	0.00600	0.00531	0.00162	0.00632	0.00526	0.00401	0.04190
172	0.01809	0.01259	0.02423	0.01760	0.02264	0.01151	0.43439	0.02168	0.01426	0.34016	0.01574	0.01661	0.01066	0.00560	0.00612	0.00180	0.00737	0.00612	0.00453	0.00830
173	0.00694	0.00501	0.00657	0.00749	0.00805	0.00464	0.00512	0.00822	0.01161	0.01564	0.16517	0.63196	0.07083	0.01612	0.00695	0.00214	0.00309	0.01453	0.00531	0.00464
174	0.18920	0.01278	0.01612	0.01238	0.01656	0.01340	0.12712	0.31471	0.01788	0.15184	0.01509	0.01577	0.04076	0.02473	0.00583	0.00181	0.00586	0.00527	0.00482	0.00807
175	0.01546	0.01336	0.01308	0.01065	0.01434	0.14012	0.01969	0.14198	0.11868	0.07480	0.04574	0.04699	0.01319	0.02634	0.01828	0.00163	0.00570	0.00518	0.00435	0.27044
176	0.00681	0.00498	0.00643	0.00755	0.00811	0.00460	0.00518	0.00790	0.01095	0.01434	0.03369	0.67641	0.12845	0.01685	0.00703	0.00221	0.00324	0.04557	0.00514	0.00455
177	0.01307	0.01230	0.02053	0.25268	0.52698	0.01308	0.01626	0.04702	0.01273	0.01766	0.01037	0.01400	0.00840	0.00518	0.00550	0.00170	0.00679	0.00493	0.00278	0.00804
178	0.01338	0.01099	0.01448	0.24405	0.02144	0.01273	0.02187	0.22372	0.08669	0.02117	0.01689	0.08791	0.03157	0.00871	0.00705	0.00196	0.07387	0.09024	0.00423	0.00704
179	0.00734	0.00525	0.00710	0.00834	0.00893	0.00501	0.00613	0.00876	0.01130	0.01499	0.05043	0.58893	0.03582	0.01665	0.00721	0.00231	0.00369	0.20198	0.00516	0.00467
180	0.01200	0.01149	0.01907	0.38305	0.33600	0.01324	0.01563	0.01522	0.01138	0.01567	0.00976	0.01400	0.00794	0.00581	0.00710	0.00184	0.10610	0.00492	0.00257	0.00722
181	0.01071	0.00950	0.03929	0.00949	0.01189	0.00969	0.00760	0.01951	0.36813	0.02118	0.27374	0.04991	0.05411	0.01224	0.07554	0.00247	0.00478	0.00786	0.00540	0.00695
182	0.00675	0.00482	0.00643	0.00771	0.00803	0.00450	0.00514	0.00771	0.01060	0.01414	0.03053	0.80175	0.03663	0.01735	0.00707	0.00225	0.00321	0.01574	0.00514	0.00450
183	0.01555	0.71034	0.02735	0.01008	0.01458	0.11761	0.00963	0.01728	0.01181	0.01310	0.00781	0.00902	0.00711	0.00486	0.00373	0.00122	0.00643	0.00304	0.00243	0.00702
184	0.00672	0.00494	0.00630	0.00739	0.00795	0.00453	0.00500	0.00775	0.01092	0.01427	0.03448	0.68600	0.14982	0.01684	0.00699	0.00219	0.00315	0.01512	0.00514	0.00453
185	0.02113	0.01668	0.01638	0.01284	0.01707	0.11318	0.01047	0.63692	0.02441	0.05632	0.01298	0.01306	0.00927	0.00654	0.00547	0.00163	0.00654	0.00483	0.00525	0.00904
186	0.01094	0.00949	0.01228	0.04373	0.01317	0.04270	0.00902	0.08348	0.01079	0.01512	0.01231	0.01815	0.01137	0.05582	0.41165	0.00574	0.21995	0.00549	0.00306	0.00573
187	0.02069	0.02640	0.01569	0.01427	0.01712	0.78313	0.01070	0.02212	0.01569	0.01355	0.00856	0.00999	0.00713	0.00571	0.00499	0.00143	0.00999	0.00357	0.00285	0.00642
188	0.01112	0.01066	0.01524	0.37972	0.10906	0.06793	0.02793	0.01401	0.01198	0.01576	0.11102	0.08332	0.01602	0.00759	0.00682	0.00185	0.07460	0.00643	0.02275	0.00620
189	0.00663	0.00558	0.00575	0.00578	0.00755	0.00470	0.00431	0.00809	0.01273	0.01537	0.09861	0.08396	0.69401	0.01400	0.00657	0.00188	0.00281	0.01176	0.00520	0.00470
190	0.01698	0.01554	0.06169	0.07646	0.07000	0.12257	0.04216	0.32414	0.04947	0.03595	0.01192	0.01382	0.00912	0.00784	0.00760	0.11153	0.00678	0.00483	0.00403	0.00759
191	0.01507	0.04748	0.01975	0.13904	0.32523	0.07845	0.04500	0.14482	0.08125	0.02017	0.01162	0.01393	0.00915	0.00567	0.00564	0.00168	0.01958	0.00493	0.00343	0.00812
192	0.00791	0.00570	0.00762	0.00863	0.00957	0.00550	0.00681	0.00975	0.01204	0.01584	0.08860	0.30922	0.08215	0.04931	0.00817	0.00246	0.00413	0.35665	0.00512	0.00480
193	0.02675	0.05927	0.03548	0.01164	0.01416	0.01148	0.09177	0.13214	0.07675	0.01881	0.02101	0.21323	0.08222	0.01239	0.05764	0.00242	0.09707	0.02501	0.00425	0.00651
194	0.12384	0.06528	0.01778	0.01290	0.01688	0.09501	0.13960	0.13161	0.01387	0.02020	0.00978	0.01180	0.00785	0.00557	0.00630	0.00152	0.09437	0.00427	0.00337	0.21820
195	0.06747	0.08166	0.08859	0.01098	0.01529	0.11241	0.02907	0.06252	0.05943	0.19316	0.04964	0.02665	0.01244	0.00625	0.00503	0.00151	0.00578	0.01606	0.00434	0.15172

[dist]
# distance from previous block
# <min> <max>
1	12

[block]
# block no. 3 follows, 43 sequences, length 117
# corresponding to MSA columns:
# 1023-1063,1068-1121,1123-1144
name=unknown_D
#
# <colnr> <probs for GDERKNQSTAVLIFYWHMCP>
#	G	D	E	R	K	N	Q	S	T	A	V	L	I	F	Y	W	H	M	C	P
0	0.04592	0.00973	0.01316	0.25912	0.03077	0.01082	0.02530	0.08603	0.12121	0.08519	0.03732	0.04061	0.03535	0.09719	0.05344	0.00259	0.00624	0.00612	0.00405	0.02984
1	0.40435	0.01554	0.01172	0.01033	0.01351	0.23354	0.00815	0.09833	0.04345	0.04631	0.01049	0.04126	0.00860	0.00621	0.00480	0.00167	0.02722	0.00413	0.00373	0.00666
2	0.00998	0.00703	0.00864	0.00817	0.00985	0.00709	0.00615	0.01339	0.10736	0.07938	0.13132	0.12719	0.14911	0.10056	0.13240	0.00337	0.02666	0.02971	0.00480	0.03785
3	0.01327	0.01366	0.02477	0.05583	0.30208	0.03660	0.32228	0.03546	0.01301	0.01785	0.01176	0.03676	0.00990	0.00559	0.00616	0.00176	0.02019	0.02686	0.00298	0.04322
4	0.00743	0.00534	0.00706	0.00819	0.00885	0.00509	0.00605	0.00881	0.01118	0.01468	0.03095	0.50412	0.07788	0.06256	0.00843	0.00249	0.00385	0.21742	0.00503	0.00461
5	0.01954	0.01867	0.01542	0.01288	0.01645	0.29708	0.01016	0.37365	0.10012	0.02525	0.04701	0.01415	0.01134	0.00661	0.00540	0.00160	0.00718	0.00483	0.00459	0.00806
6	0.00675	0.00482	0.00643	0.00771	0.00803	0.00450	0.00514	0.00771	0.01060	0.01414	0.03053	0.80175	0.03663	0.01735	0.00707	0.00225	0.00321	0.01574	0.00514	0.00450
7	0.01498	0.78607	0.02864	0.00962	0.01430	0.04393	0.00951	0.01674	0.01138	0.01305	0.00772	0.00892	0.00711	0.00477	0.00360	0.00119	0.00604	0.00298	0.00238	0.00709
8	0.01355	0.01338	0.05342	0.01169	0.04820	0.11933	0.00907	0.11316	0.25267	0.02188	0.19476	0.02494	0.08375	0.00833	0.00579	0.00174	0.00515	0.00687	0.00499	0.00733
9	0.00683	0.00485	0.00640	0.00761	0.00791	0.00455	0.00503	0.00773	0.01045	0.01393	0.02974	0.75565	0.03564	0.06480	0.00834	0.00244	0.00334	0.01528	0.00503	0.00443
10	0.01175	0.03573	0.01756	0.38904	0.04852	0.04379	0.08033	0.04562	0.01150	0.01512	0.01115	0.06245	0.00992	0.04346	0.00893	0.00209	0.14818	0.00574	0.00284	0.00628
11	0.00675	0.00482	0.00643	0.00771	0.00803	0.00450	0.00514	0.00771	0.01060	0.01414	0.03053	0.80175	0.03663	0.01735	0.00707	0.00225	0.00321	0.01574	0.00514	0.00450
12	0.01412	0.51060	0.24144	0.01193	0.01761	0.04007	0.03350	0.04640	0.01214	0.01534	0.00868	0.01006	0.00721	0.00499	0.00424	0.00139	0.00678	0.00348	0.00251	0.00750
13	0.00815	0.00612	0.00890	0.00880	0.00961	0.00715	0.00671	0.00978	0.00875	0.01257	0.01468	0.02286	0.01417	0.12565	0.64845	0.02545	0.04836	0.00610	0.00297	0.00476
14	0.02069	0.02640	0.01569	0.01427	0.01712	0.78313	0.01070	0.02212	0.01569	0.01355	0.00856	0.00999	0.00713	0.00571	0.00499	0.00143	0.00999	0.00357	0.00285	0.00642
15	0.01405	0.09733	0.10256	0.04186	0.05609	0.09445	0.39396	0.01783	0.01266	0.03763	0.01036	0.01332	0.00805	0.00534	0.00676	0.00177	0.07050	0.00535	0.00279	0.00736
16	0.00661	0.00550	0.00577	0.00593	0.00758	0.00466	0.00436	0.00798	0.01242	0.01503	0.07053	0.15581	0.64997	0.01441	0.00662	0.00192	0.00286	0.01220	0.00517	0.00466
