[name]
unknown

[dist]
# distance from previous block
# <min> <max>
0	32

[block]
# block no. 0 follows, 49 sequences, length 20
# corresponding to MSA columns:
# 35-54
name=unknown_A
#
# <colnr> <probs for GDERKNQSTAVLIFYWHMCP>
#	G	D	E	R	K	N	Q	S	T	A	V	L	I	F	Y	W	H	M	C	P
0	0.00828	0.00633	0.00828	0.00967	0.04290	0.02931	0.00754	0.01018	0.01105	0.01432	0.02474	0.17018	0.02731	0.08173	0.00833	0.00244	0.00460	0.52383	0.00438	0.00461
1	0.03920	0.17227	0.34997	0.01332	0.07749	0.02876	0.01334	0.06673	0.10252	0.01701	0.01142	0.01450	0.00930	0.00566	0.00467	0.00155	0.00615	0.05604	0.00293	0.00717
2	0.04898	0.09099	0.08338	0.06164	0.20723	0.12040	0.17172	0.05214	0.03060	0.02888	0.00993	0.01212	0.00781	0.00482	0.00482	0.00149	0.00670	0.00439	0.04505	0.00691
3	0.00874	0.00482	0.00734	0.00704	0.00733	0.00484	0.03151	0.00734	0.00708	0.00971	0.00990	0.01688	0.00977	0.07102	0.06290	0.68304	0.00500	0.00471	0.03835	0.00265
4	0.00639	0.00502	0.00579	0.00594	0.00723	0.00442	0.00439	0.00791	0.01190	0.01528	0.23692	0.19208	0.42875	0.01278	0.00610	0.00176	0.00265	0.03538	0.00492	0.00438
5	0.01253	0.01244	0.02699	0.14661	0.17865	0.09688	0.09248	0.08679	0.05056	0.01631	0.01141	0.01502	0.02476	0.00700	0.02896	0.00186	0.12750	0.02866	0.02803	0.00656
6	0.06109	0.16842	0.39297	0.05279	0.03682	0.03887	0.04010	0.10482	0.02891	0.01736	0.00920	0.01065	0.00692	0.00490	0.00451	0.00149	0.00661	0.00375	0.00265	0.00717
7	0.07710	0.01459	0.09203	0.08127	0.17310	0.15904	0.05109	0.09563	0.05164	0.04511	0.01083	0.01272	0.00840	0.00658	0.03862	0.00178	0.00663	0.00428	0.06276	0.00681
8	0.00616	0.00440	0.00587	0.00704	0.00733	0.00411	0.00469	0.00704	0.00968	0.01291	0.02787	0.81899	0.03344	0.01584	0.00645	0.00205	0.00293	0.01438	0.00469	0.00411
9	0.01770	0.05370	0.01515	0.01193	0.05150	0.01468	0.00940	0.57644	0.08542	0.06070	0.01429	0.01413	0.03901	0.00624	0.00501	0.00152	0.00528	0.00481	0.00484	0.00825
10	0.05891	0.05480	0.13802	0.04624	0.22200	0.05596	0.05529	0.06848	0.07780	0.05239	0.01090	0.02324	0.00856	0.00506	0.00471	0.00145	0.00586	0.00431	0.00312	0.10290
11	0.00686	0.00477	0.00548	0.00590	0.00686	0.00439	0.00417	0.00822	0.01055	0.01453	0.07123	0.33077	0.26701	0.04711	0.02251	0.00199	0.00297	0.01058	0.16981	0.00427
12	0.00622	0.00442	0.00585	0.00697	0.00725	0.00414	0.00462	0.00706	0.00957	0.01276	0.02732	0.78252	0.03275	0.05326	0.00735	0.00219	0.00303	0.01405	0.00462	0.00406
13	0.17603	0.35631	0.04596	0.01003	0.01379	0.09243	0.06796	0.03526	0.03535	0.02715	0.00856	0.00990	0.00708	0.00487	0.00431	0.00134	0.03798	0.00338	0.03330	0.02901
14	0.00868	0.06733	0.00826	0.00744	0.04593	0.03689	0.00464	0.00929	0.00844	0.01126	0.01501	0.02885	0.01640	0.58692	0.03629	0.00403	0.00515	0.03296	0.06235	0.00388
15	0.01113	0.14084	0.17074	0.01071	0.01530	0.04389	0.09067	0.02873	0.01143	0.01606	0.08867	0.03310	0.01185	0.00518	0.00447	0.00123	0.00536	0.00436	0.00298	0.30331
16	0.00689	0.00516	0.00639	0.00608	0.00739	0.00466	0.00456	0.00903	0.01369	0.01879	0.62252	0.04022	0.21419	0.01089	0.00597	0.00162	0.00243	0.00949	0.00537	0.00466
17	0.01274	0.01062	0.01252	0.00951	0.01363	0.00996	0.04264	0.17084	0.16122	0.02050	0.01191	0.01258	0.00925	0.00484	0.00438	0.00114	0.00439	0.00397	0.00381	0.47955
18	0.04892	0.39246	0.19965	0.01153	0.02692	0.03710	0.06343	0.07675	0.05848	0.02831	0.00921	0.01029	0.00734	0.00480	0.00413	0.00136	0.00605	0.00357	0.00272	0.00699
19	0.01207	0.47942	0.22426	0.01124	0.03298	0.01616	0.04761	0.01496	0.01032	0.01345	0.00833	0.01007	0.00703	0.00628	0.04404	0.00164	0.02627	0.00340	0.02385	0.00663

[dist]
# distance from previous block
# <min> <max>
5	22

[block]
# block no. 1 follows, 49 sequences, length 37
# corresponding to MSA columns:
# 80-116
name=unknown_B
#
# <colnr> <probs for GDERKNQSTAVLIFYWHMCP>
#	G	D	E	R	K	N	Q	S	T	A	V	L	I	F	Y	W	H	M	C	P
0	0.00945	0.00716	0.00935	0.00959	0.04034	0.01745	0.03446	0.08512	0.05155	0.04026	0.03948	0.37966	0.06340	0.01209	0.00633	0.00192	0.02407	0.13272	0.03028	0.00532
1	0.02695	0.02652	0.07063	0.01465	0.10801	0.06342	0.10202	0.21787	0.19925	0.03757	0.01423	0.04010	0.01139	0.00630	0.00520	0.00162	0.00579	0.03691	0.00404	0.00754
2	0.00662	0.00541	0.00611	0.00629	0.00765	0.00500	0.00485	0.00796	0.01104	0.01358	0.04198	0.10286	0.54073	0.05491	0.00763	0.00202	0.03611	0.13045	0.00450	0.00431
3	0.01204	0.07009	0.26977	0.09115	0.23259	0.05353	0.12685	0.04507	0.01167	0.01601	0.00924	0.01168	0.00716	0.00476	0.00511	0.00155	0.01776	0.00429	0.00245	0.00723
4	0.01673	0.08209	0.01611	0.01363	0.07095	0.36627	0.03685	0.17178	0.11635	0.01785	0.01047	0.01140	0.00826	0.00557	0.00513	0.00144	0.03481	0.00402	0.00338	0.00692
5	0.01271	0.09582	0.35752	0.01235	0.04836	0.04738	0.01278	0.07549	0.03253	0.09605	0.05166	0.04201	0.01098	0.00578	0.00478	0.00149	0.00600	0.01430	0.00326	0.06875
6	0.02522	0.09757	0.14625	0.22856	0.05588	0.08920	0.09144	0.01590	0.06521	0.03833	0.03245	0.01336	0.00900	0.00678	0.04227	0.00187	0.02704	0.00447	0.00275	0.00645
7	0.01279	0.54257	0.21583	0.01141	0.03980	0.04586	0.04094	0.01559	0.01062	0.01324	0.00776	0.00913	0.00656	0.00448	0.00384	0.00125	0.00619	0.00316	0.00220	0.00677
8	0.00658	0.00485	0.00658	0.00714	0.00768	0.00469	0.02106	0.00760	0.00947	0.01267	0.04553	0.53255	0.07678	0.12342	0.10556	0.00312	0.00456	0.01182	0.00422	0.00411
9	0.01284	0.42880	0.22635	0.04012	0.02898	0.10861	0.01157	0.01598	0.03303	0.01347	0.00953	0.01073	0.03090	0.00492	0.00404	0.00131	0.00632	0.00347	0.00238	0.00664
10	0.03400	0.25160	0.32448	0.01249	0.04848	0.09942	0.01286	0.08188	0.03598	0.01629	0.03264	0.01099	0.00821	0.00504	0.00437	0.00141	0.00648	0.00369	0.00268	0.00702
11	0.00762	0.03896	0.00874	0.00795	0.00884	0.00696	0.00611	0.00914	0.00810	0.01149	0.01340	0.02093	0.01300	0.14339	0.63912	0.00722	0.03634	0.00554	0.00272	0.00443
12	0.00728	0.00492	0.00619	0.00688	0.00735	0.00481	0.00487	0.00833	0.00946	0.01291	0.02281	0.32201	0.02587	0.27609	0.01259	0.00297	0.00392	0.18319	0.07361	0.00395
13	0.09558	0.01399	0.18795	0.06985	0.22731	0.01129	0.05449	0.06382	0.04761	0.05936	0.01152	0.02445	0.00917	0.00556	0.00515	0.00160	0.02657	0.02899	0.04866	0.00709
14	0.01548	0.01462	0.03181	0.01113	0.01431	0.17492	0.00891	0.22340	0.37901	0.02200	0.01531	0.01488	0.01149	0.00623	0.00494	0.00156	0.00550	0.00482	0.03208	0.00760
15	0.00619	0.00453	0.00574	0.00668	0.00717	0.00417	0.00449	0.00709	0.00985	0.01288	0.03086	0.66447	0.14776	0.05355	0.00729	0.00214	0.00297	0.01348	0.00462	0.00408
16	0.00630	0.00453	0.00598	0.00689	0.00735	0.00421	0.00468	0.00741	0.01041	0.01400	0.13923	0.68315	0.05718	0.01495	0.00637	0.00198	0.00284	0.01351	0.00482	0.00421
17	0.03500	0.62105	0.02306	0.00935	0.01329	0.14559	0.00868	0.04963	0.01150	0.01329	0.00760	0.00870	0.00671	0.00459	0.00354	0.00115	0.00591	0.00292	0.02201	0.00642
18	0.00991	0.00937	0.06210	0.03509	0.03432	0.06685	0.00711	0.07017	0.06312	0.01518	0.06121	0.09865	0.03716	0.21311	0.10778	0.00323	0.00598	0.03244	0.04666	0.02056
19	0.09092	0.16827	0.11578	0.01234	0.06336	0.18435	0.01044	0.17523	0.09975	0.01896	0.01018	0.01097	0.00792	0.00527	0.00441	0.00143	0.00625	0.00379	0.00330	0.00709
20	0.01764	0.04759	0.01382	0.01196	0.01459	0.64227	0.00910	0.06979	0.01449	0.01413	0.01031	0.01144	0.03733	0.00558	0.00454	0.00132	0.00808	0.00371	0.05639	0.00593
21	0.03420	0.01399	0.21136	0.05234	0.03676	0.00964	0.03868	0.08691	0.02435	0.05761	0.03545	0.01232	0.00894	0.00476	0.00447	0.00125	0.00525	0.00390	0.00319	0.35461
22	0.01283	0.06649	0.19473	0.03563	0.18747	0.04501	0.13058	0.04414	0.04608	0.08106	0.03156	0.01544	0.01020	0.00565	0.00549	0.00161	0.03220	0.04351	0.00311	0.00720
23	0.01106	0.01106	0.01549	0.01328	0.01328	0.01549	0.01106	0.01217	0.00774	0.01217	0.00664	0.01106	0.00664	0.00885	0.01659	0.00221	0.81303	0.00443	0.00221	0.00553
24	0.00999	0.00891	0.01424	0.31934	0.22038	0.00978	0.02981	0.01353	0.05678	0.01568	0.12858	0.03422	0.01569	0.03965	0.00608	0.00177	0.00541	0.03013	0.03397	0.00608
25	0.03698	0.01344	0.01937	0.01705	0.12074	0.13668	0.29279	0.06782	0.06373	0.04952	0.01407	0.07516	0.03905	0.00623	0.00545	0.00163	0.00676	0.02348	0.00335	0.00672
26	0.00738	0.00497	0.00574	0.00577	0.00591	0.00494	0.00345	0.00767	0.00806	0.01081	0.07033	0.03466	0.02098	0.72387	0.02339	0.00454	0.00471	0.04623	0.00332	0.00327
27	0.00688	0.00508	0.00644	0.00673	0.00765	0.00494	0.00495	0.00833	0.01048	0.01401	0.15529	0.19356	0.18876	0.11599	0.15758	0.00340	0.00515	0.08285	0.01766	0.00427
28	0.01202	0.02906	0.11669	0.07819	0.03438	0.10869	0.05890	0.07660	0.04866	0.07315	0.06834	0.13545	0.07603	0.02103	0.00588	0.00172	0.01760	0.02766	0.00380	0.00617
29	0.01288	0.21809	0.42262	0.01363	0.07140	0.09094	0.01435	0.01680	0.01127	0.07050	0.00926	0.01049	0.00699	0.00481	0.00443	0.00144	0.00680	0.00359	0.00251	0.00719
30	0.00689	0.00455	0.00564	0.00640	0.00680	0.00435	0.00423	0.00787	0.00950	0.01343	0.03765	0.54503	0.02792	0.15368	0.00933	0.00240	0.00317	0.01157	0.13553	0.00403
31	0.01120	0.01009	0.01631	0.07691	0.52038	0.01016	0.01246	0.02587	0.02259	0.02892	0.03929	0.08960	0.08012	0.00659	0.00522	0.00158	0.00521	0.00611	0.02438	0.00700
32	0.01175	0.01122	0.03903	0.17900	0.28808	0.01126	0.15551	0.05920	0.01207	0.04014	0.04415	0.04402	0.01142	0.00595	0.00567	0.00166	0.02576	0.04421	0.00303	0.00684
33	0.01059	0.00984	0.01646	0.29885	0.21346	0.01088	0.08852	0.04262	0.01135	0.01541	0.05202	0.05528	0.01265	0.00675	0.00623	0.00174	0.06231	0.07585	0.00296	0.00624
34	0.00977	0.00917	0.01628	0.16404	0.19899	0.00944	0.16492	0.01236	0.01081	0.01472	0.04494	0.20949	0.01647	0.00841	0.00632	0.02000	0.02642	0.04835	0.00321	0.00590
35	0.04394	0.00828	0.04282	0.07346	0.02852	0.00760	0.07704	0.01385	0.04013	0.17153	0.04090	0.07644	0.01568	0.30292	0.01267	0.00282	0.00507	0.00652	0.00382	0.02597
36	0.10094	0.01102	0.01324	0.01318	0.14567	0.01158	0.00905	0.28093	0.04276	0.04086	0.02539	0.03600	0.03470	0.02612	0.00581	0.00159	0.03778	0.03657	0.00398	0.12283

[dist]
# distance from previous block
# <min> <max>
17	76

[block]
# block no. 2 follows, 49 sequences, length 20
# corresponding to MSA columns:
# 203-222
name=unknown_C
#
# <colnr> <probs for GDERKNQSTAVLIFYWHMCP>
#	G	D	E	R	K	N	Q	S	T	A	V	L	I	F	Y	W	H	M	C	P
0	0.07661	0.07621	0.07536	0.04292	0.02486	0.10319	0.07563	0.05433	0.03674	0.03468	0.11965	0.01980	0.11987	0.00663	0.00485	0.00144	0.00517	0.00548	0.00358	0.11300
1	0.11424	0.02324	0.13440	0.01622	0.22378	0.02259	0.06236	0.06398	0.04842	0.05366	0.02797	0.04299	0.05825	0.00592	0.00509	0.00154	0.02260	0.00503	0.00328	0.06443
2	0.13558	0.01169	0.06188	0.04185	0.16329	0.02874	0.04227	0.10563	0.06825	0.05628	0.05319	0.01505	0.04544	0.00569	0.00496	0.00147	0.02373	0.00466	0.00356	0.12680
3	0.13245	0.13114	0.19665	0.01403	0.11943	0.01323	0.05918	0.12180	0.02874	0.04252	0.02676	0.01158	0.00823	0.00516	0.00497	0.00150	0.03878	0.00401	0.00306	0.03678
4	0.13102	0.07326	0.09542	0.02556	0.22392	0.04589	0.05506	0.14899	0.08203	0.01994	0.02972	0.01244	0.00903	0.00519	0.00466	0.00151	0.00571	0.00429	0.00330	0.02308
5	0.18082	0.01131	0.01273	0.01311	0.14740	0.08323	0.03213	0.12333	0.06508	0.11157	0.10926	0.03186	0.03399	0.00646	0.00485	0.00156	0.00495	0.01543	0.00412	0.00682
6	0.15706	0.02561	0.17803	0.01368	0.13931	0.01127	0.02980	0.09241	0.10736	0.07235	0.03772	0.01452	0.04014	0.00562	0.00467	0.00153	0.00523	0.00455	0.00358	0.05558
7	0.11476	0.05955	0.03594	0.03829	0.57976	0.01229	0.01355	0.01523	0.01093	0.01683	0.00897	0.01162	0.00751	0.00460	0.00488	0.00148	0.02285	0.00412	0.00256	0.03429
8	0.07229	0.01215	0.01942	0.06034	0.66163	0.03667	0.03322	0.01553	0.01135	0.01667	0.00928	0.01217	0.00772	0.00456	0.00489	0.00151	0.00605	0.00438	0.00254	0.00764
9	0.01291	0.01236	0.01984	0.08540	0.64212	0.03724	0.03469	0.06373	0.01229	0.01710	0.00961	0.01248	0.00790	0.00466	0.00502	0.00152	0.00620	0.00451	0.00265	0.00777
10	0.06712	0.01203	0.01326	0.04158	0.14301	0.07390	0.00938	0.09433	0.36712	0.02014	0.02584	0.01509	0.01170	0.00585	0.00483	0.00153	0.00493	0.00480	0.00409	0.07948
11	0.01237	0.01187	0.02027	0.06803	0.75485	0.01198	0.01545	0.01540	0.01145	0.01635	0.00949	0.01256	0.00795	0.00453	0.00501	0.00151	0.00604	0.00450	0.00249	0.00790
12	0.00744	0.00538	0.00710	0.00702	0.00743	0.00597	0.00487	0.00831	0.00772	0.01079	0.01447	0.02616	0.01529	0.43023	0.38226	0.00628	0.04024	0.00635	0.00287	0.00383
13	0.00828	0.00647	0.00800	0.03782	0.00975	0.00663	0.00579	0.01303	0.16826	0.01950	0.53569	0.03285	0.07491	0.01069	0.03830	0.00189	0.00334	0.00820	0.00520	0.00542
14	0.01829	0.04126	0.01445	0.01260	0.01538	0.66003	0.00959	0.07864	0.07608	0.01456	0.00915	0.01010	0.00738	0.00539	0.00461	0.00135	0.00835	0.00354	0.00299	0.00626
15	0.00632	0.00462	0.00573	0.00648	0.00703	0.00426	0.00434	0.00722	0.00991	0.01296	0.06211	0.55055	0.16685	0.11625	0.00877	0.00233	0.00309	0.01262	0.00453	0.00403
16	0.00751	0.00555	0.00792	0.00792	0.00879	0.00629	0.00600	0.03206	0.00868	0.01229	0.01497	0.09123	0.01484	0.10107	0.64232	0.00712	0.01164	0.00634	0.00299	0.00448
17	0.07424	0.11330	0.01503	0.01046	0.01423	0.04201	0.00871	0.39756	0.14196	0.11248	0.01326	0.01293	0.00960	0.00588	0.00470	0.00150	0.00516	0.00440	0.00463	0.00794
18	0.04770	0.05733	0.06326	0.01591	0.07698	0.04618	0.26818	0.09844	0.03248	0.01740	0.03698	0.01317	0.00914	0.00651	0.03164	0.00182	0.11819	0.00487	0.00296	0.05086
19	0.07836	0.37360	0.31452	0.01133	0.01675	0.01565	0.03899	0.07016	0.01133	0.01588	0.00828	0.00957	0.00657	0.00466	0.00405	0.00137	0.00619	0.00334	0.00245	0.00695

[dist]
# distance from previous block
# <min> <max>
1	7

[block]
# block no. 3 follows, 49 sequences, length 56
# corresponding to MSA columns:
# 230-285
name=unknown_D
#
# <colnr> <probs for GDERKNQSTAVLIFYWHMCP>
#	G	D	E	R	K	N	Q	S	T	A	V	L	I	F	Y	W	H	M	C	P
0	0.06452	0.00564	0.00632	0.00642	0.02946	0.00517	0.00463	0.00897	0.01236	0.01697	0.32371	0.04010	0.41631	0.01093	0.00569	0.00164	0.00268	0.00924	0.02459	0.00466
1	0.00681	0.00500	0.00684	0.00760	0.00830	0.00474	0.02085	0.00813	0.01039	0.01373	0.06719	0.51194	0.07632	0.05455	0.00746	0.00220	0.00347	0.17559	0.00461	0.00427
2	0.00628	0.00457	0.00611	0.02650	0.00805	0.00432	0.00496	0.00726	0.00980	0.01298	0.02828	0.75411	0.06145	0.01543	0.00641	0.00204	0.00305	0.02960	0.00463	0.00416
3	0.01244	0.01240	0.03894	0.03032	0.74663	0.01203	0.04151	0.01555	0.01151	0.01650	0.00953	0.01251	0.00796	0.00450	0.00503	0.00151	0.00613	0.00454	0.00250	0.00796
4	0.83326	0.01020	0.00764	0.00684	0.00995	0.03466	0.00560	0.01502	0.00877	0.02238	0.00706	0.00824	0.00551	0.00471	0.00317	0.00156	0.00407	0.00275	0.00311	0.00549
5	0.00951	0.00876	0.01475	0.77067	0.03344	0.01090	0.01357	0.01261	0.00994	0.01272	0.00898	0.01357	0.00684	0.00567	0.00578	0.04349	0.00663	0.00449	0.00224	0.00545
6	0.01033	0.01003	0.01444	0.14348	0.01621	0.01359	0.01088	0.01190	0.00848	0.01260	0.03815	0.01377	0.02394	0.01017	0.06301	0.00246	0.58390	0.00480	0.00243	0.00543
7	0.00999	0.00911	0.01435	0.10369	0.29375	0.00963	0.03216	0.01215	0.01034	0.01455	0.03388	0.17889	0.02739	0.04797	0.00776	0.00186	0.10375	0.02212	0.00310	0.06354
8	0.00943	0.00471	0.00471	0.00471	0.00589	0.00471	0.00353	0.01178	0.01060	0.01885	0.01650	0.01885	0.01296	0.00589	0.00353	0.00118	0.00236	0.00471	0.85036	0.00471
9	0.01546	0.40786	0.06417	0.01145	0.01528	0.34105	0.05062	0.01733	0.01206	0.01255	0.00764	0.00896	0.00656	0.00471	0.00402	0.00123	0.00722	0.00316	0.00236	0.00630
10	0.00943	0.00471	0.00471	0.00471	0.00589	0.00471	0.00353	0.01178	0.01060	0.01885	0.01650	0.01885	0.01296	0.00589	0.00353	0.00118	0.00236	0.00471	0.85036	0.00471
11	0.01134	0.01776	0.28223	0.01904	0.02493	0.01244	0.52412	0.01614	0.01152	0.01614	0.00985	0.01266	0.00726	0.00444	0.00558	0.00167	0.00818	0.00523	0.00242	0.00704
12	0.04209	0.00869	0.01163	0.00898	0.01284	0.00766	0.00740	0.02447	0.03423	0.75603	0.01966	0.01704	0.01243	0.00624	0.00504	0.00157	0.00429	0.00505	0.00616	0.00852
13	0.04950	0.01285	0.01567	0.06505	0.18131	0.04113	0.02554	0.38548	0.07285	0.06566	0.01205	0.01298	0.00892	0.00625	0.02062	0.00167	0.00583	0.00458	0.00415	0.00791
14	0.01182	0.01222	0.05554	0.17894	0.46277	0.01191	0.12168	0.03733	0.01163	0.01615	0.01041	0.01350	0.02341	0.00481	0.00516	0.00158	0.00649	0.00480	0.00256	0.00730
15	0.01106	0.01106	0.01549	0.01328	0.01328	0.01549	0.01106	0.01217	0.00774	0.01217	0.00664	0.01106	0.00664	0.00885	0.01659	0.00221	0.81303	0.00443	0.00221	0.00553
16	0.04027	0.04253	0.08736	0.04515	0.25217	0.04562	0.01161	0.15941	0.04450	0.18269	0.03123	0.01373	0.00994	0.00548	0.00491	0.00152	0.00561	0.00456	0.00391	0.00781
17	0.00616	0.00440	0.00587	0.00704	0.00733	0.00411	0.00469	0.00704	0.00968	0.01291	0.02787	0.81899	0.03344	0.01584	0.00645	0.00205	0.00293	0.01438	0.00469	0.00411
18	0.00626	0.00513	0.00552	0.00542	0.00701	0.00439	0.00407	0.00781	0.01220	0.01526	0.22977	0.04603	0.60915	0.01221	0.00597	0.00168	0.00252	0.01030	0.00491	0.00439
19	0.01891	0.02356	0.01438	0.01295	0.01564	0.75891	0.00976	0.06148	0.01485	0.01344	0.00805	0.00928	0.00663	0.00526	0.00459	0.00131	0.00892	0.00333	0.00274	0.00601
20	0.01889	0.02410	0.01433	0.01303	0.01563	0.80199	0.00977	0.02019	0.01433	0.01238	0.00782	0.00912	0.00651	0.00521	0.00456	0.00130	0.00912	0.00326	0.00261	0.00586
21	0.00943	0.00471	0.00471	0.00471	0.00589	0.00471	0.00353	0.01178	0.01060	0.01885	0.01650	0.01885	0.01296	0.00589	0.00353	0.00118	0.00236	0.00471	0.85036	0.00471
22	0.00722	0.00551	0.00664	0.00731	0.00805	0.01944	0.00509	0.04016	0.03886	0.01434	0.06081	0.63556	0.08632	0.01490	0.02236	0.00208	0.00336	0.01277	0.00469	0.00452
23	0.09166	0.01607	0.05786	0.04779	0.16092	0.23108	0.10409	0.10850	0.03877	0.03502	0.00962	0.01145	0.00753	0.00528	0.00550	0.00154	0.05324	0.00419	0.00303	0.00686
24	0.00943	0.00471	0.00471	0.00471	0.00589	0.00471	0.00353	0.01178	0.01060	0.01885	0.01650	0.01885	0.01296	0.00589	0.00353	0.00118	0.00236	0.00471	0.85036	0.00471
25	0.85801	0.00978	0.00743	0.00665	0.00978	0.01134	0.00548	0.01486	0.00861	0.02269	0.00704	0.00821	0.00548	0.00469	0.00313	0.00156	0.00391	0.00274	0.00313	0.00548
26	0.01002	0.00934	0.01554	0.78647	0.05338	0.01146	0.01420	0.01326	0.01040	0.01339	0.00940	0.01399	0.00715	0.00530	0.00522	0.00175	0.00684	0.00462	0.00239	0.00588
27	0.00652	0.00543	0.00560	0.00554	0.00722	0.00457	0.00412	0.00780	0.01206	0.01472	0.12764	0.04785	0.70753	0.01276	0.00614	0.00177	0.00269	0.01060	0.00491	0.00453
28	0.00757	0.00547	0.00705	0.00664	0.00787	0.00502	0.00495	0.00984	0.01454	0.02061	0.78365	0.03815	0.04784	0.01057	0.00613	0.00166	0.00253	0.00924	0.00568	0.00498
29	0.00983	0.00502	0.00502	0.00500	0.00621	0.00496	0.00372	0.01206	0.01085	0.01919	0.01685	0.01935	0.01330	0.00615	0.00371	0.00125	0.00250	0.00484	0.84525	0.00492
30	0.01286	0.01788	0.39959	0.02775	0.09800	0.01074	0.01391	0.04613	0.07037	0.13724	0.04089	0.03435	0.02482	0.02117	0.02000	0.00185	0.00629	0.00501	0.00354	0.00759
31	0.01232	0.01389	0.02999	0.02150	0.02662	0.01298	0.76781	0.01645	0.01218	0.01656	0.01062	0.01417	0.00805	0.00453	0.00613	0.00178	0.00863	0.00608	0.00269	0.00702
32	0.01054	0.02633	0.79150	0.01464	0.02211	0.01195	0.01878	0.01627	0.01092	0.01637	0.00947	0.01122	0.00679	0.00507	0.00497	0.00167	0.00759	0.00387	0.00227	0.00767
33	0.85316	0.01005	0.00772	0.00693	0.01008	0.01155	0.00565	0.01513	0.00887	0.02301	0.00745	0.00878	0.00586	0.00496	0.00331	0.00164	0.00405	0.00288	0.00326	0.00568
34	0.01882	0.01250	0.01396	0.01078	0.01471	0.01304	0.00881	0.52854	0.02061	0.16813	0.05176	0.01471	0.01150	0.00636	0.00516	0.00153	0.00515	0.00486	0.00524	0.08384
35	0.85316	0.01005	0.00772	0.00693	0.01008	0.01155	0.00565	0.01513	0.00887	0.02301	0.00745	0.00878	0.00586	0.00496	0.00331	0.00164	0.00405	0.00288	0.00326	0.00568
36	0.01088	0.00926	0.01076	0.00776	0.01227	0.00697	0.00617	0.01301	0.01073	0.01683	0.00938	0.01103	0.00786	0.00401	0.00392	0.00083	0.00388	0.00313	0.00313	0.84816
37	0.00983	0.00502	0.00502	0.00500	0.00621	0.00496	0.00372	0.01206	0.01085	0.01919	0.01685	0.01935	0.01330	0.00615	0.00371	0.00125	0.00250	0.00484	0.84525	0.00492
38	0.00777	0.00544	0.00660	0.00703	0.00749	0.00530	0.00463	0.04532	0.00996	0.01335	0.04492	0.43289	0.02708	0.31629	0.01374	0.00316	0.00398	0.03660	0.00425	0.00419
39	0.00805	0.00543	0.00613	0.00601	0.00632	0.00539	0.00362	0.02472	0.00858	0.01170	0.05510	0.03281	0.04188	0.68347	0.04588	0.00458	0.00502	0.00743	0.03425	0.00363
40	0.00983	0.00502	0.00502	0.00500	0.00621	0.00496	0.00372	0.01206	0.01085	0.01919	0.01685	0.01935	0.01330	0.00615	0.00371	0.00125	0.00250	0.00484	0.84525	0.00492
41	0.51999	0.06844	0.05532	0.00949	0.03267	0.09055	0.00790	0.12793	0.01198	0.02208	0.00846	0.00969	0.00661	0.00519	0.00388	0.00157	0.00516	0.00329	0.00336	0.00643
42	0.01457	0.06532	0.24079	0.03243	0.06654	0.27654	0.02728	0.07125	0.08076	0.01664	0.03336	0.01260	0.00927	0.00561	0.00490	0.00154	0.00723	0.00417	0.02217	0.00704
43	0.00780	0.00556	0.00712	0.00762	0.00871	0.00497	0.00548	0.00895	0.01047	0.03705	0.02647	0.57723	0.05808	0.01401	0.00630	0.00198	0.00340	0.10058	0.00466	0.10355
44	0.00757	0.00547	0.00705	0.00664	0.00787	0.00502	0.00495	0.00984	0.01454	0.02061	0.78365	0.03815	0.04784	0.01057	0.00613	0.00166	0.00253	0.00924	0.00568	0.00498
45	0.00958	0.00545	0.00613	0.04688	0.00812	0.00568	0.00465	0.01168	0.01039	0.01769	0.01596	0.01968	0.01308	0.04901	0.07358	0.00208	0.02210	0.00501	0.66837	0.00489
46	0.01549	0.01234	0.01374	0.10139	0.01697	0.01397	0.00954	0.34837	0.36245	0.02518	0.01595	0.01585	0.01182	0.00657	0.00526	0.00170	0.00512	0.00519	0.00490	0.00818
47	0.01178	0.02578	0.08007	0.21272	0.01959	0.08642	0.02966	0.01441	0.01115	0.03728	0.01041	0.01270	0.02353	0.00495	0.00478	0.00129	0.01999	0.00391	0.00292	0.38667
48	0.08292	0.16530	0.39049	0.03249	0.08197	0.04402	0.03254	0.01626	0.01098	0.05177	0.00950	0.01128	0.00731	0.00577	0.02111	0.00170	0.02094	0.00382	0.00263	0.00720
49	0.01166	0.13697	0.52304	0.01494	0.02144	0.01320	0.15421	0.01640	0.01119	0.03554	0.00967	0.01156	0.00718	0.00494	0.00497	0.00162	0.00741	0.00416	0.00246	0.00744
50	0.01090	0.01288	0.10463	0.06022	0.04316	0.03764	0.36348	0.01424	0.01169	0.01561	0.01626	0.08354	0.05155	0.00761	0.00628	0.00188	0.02229	0.12660	0.00323	0.00632
51	0.01360	0.05415	0.07085	0.10345	0.09858	0.04595	0.12136	0.06573	0.11218	0.11947	0.03019	0.07209	0.04202	0.00676	0.00558	0.00170	0.01944	0.00589	0.00387	0.00715
52	0.00942	0.00953	0.09386	0.00957	0.02957	0.03414	0.06277	0.03389	0.02589	0.05405	0.10586	0.19064	0.27510	0.01086	0.00598	0.00181	0.00429	0.03272	0.00445	0.00559
53	0.00769	0.00643	0.00733	0.00852	0.04662	0.05062	0.00566	0.00877	0.01087	0.01389	0.05316	0.52275	0.18237	0.01403	0.00634	0.00198	0.00356	0.04011	0.00461	0.00469
54	0.03293	0.04268	0.06501	0.02673	0.06932	0.30197	0.06257	0.15257	0.01504	0.10443	0.01168	0.05106	0.00942	0.00604	0.00503	0.00153	0.00702	0.00465	0.00364	0.02668
55	0.01718	0.01258	0.01421	0.03270	0.06535	0.06511	0.02306	0.37244	0.05931	0.13389	0.01464	0.03493	0.01145	0.00780	0.02909	0.00185	0.02482	0.04252	0.02925	0.00782

[dist]
# distance from previous block
# <min> <max>
6	45

[block]
# block no. 4 follows, 49 sequences, length 18
# corresponding to MSA columns:
# 336-353
name=unknown_E
#
# <colnr> <probs for GDERKNQSTAVLIFYWHMCP>
#	G	D	E	R	K	N	Q	S	T	A	V	L	I	F	Y	W	H	M	C	P
0	0.01132	0.07800	0.52205	0.01701	0.15401	0.03036	0.05050	0.03265	0.02848	0.01620	0.00936	0.01113	0.00700	0.00478	0.00479	0.00155	0.00704	0.00395	0.00236	0.00747
1	0.03308	0.17866	0.21277	0.01629	0.18355	0.01294	0.09000	0.03401	0.02855	0.14694	0.01098	0.01211	0.00815	0.00490	0.00467	0.00148	0.00612	0.00419	0.00311	0.00751
2	0.02163	0.01030	0.01278	0.00980	0.01375	0.00994	0.00810	0.25264	0.01730	0.56225	0.01757	0.01567	0.01133	0.00620	0.00508	0.00155	0.00469	0.00492	0.00589	0.00860
3	0.00638	0.00471	0.00592	0.00664	0.00733	0.00432	0.00463	0.00755	0.01059	0.01394	0.12574	0.51824	0.17459	0.04438	0.00704	0.00205	0.00294	0.04405	0.00474	0.00420
4	0.01415	0.01560	0.24174	0.01785	0.20562	0.01126	0.12402	0.07003	0.04147	0.17344	0.02730	0.01379	0.00949	0.00522	0.00513	0.00158	0.00628	0.00475	0.00349	0.00778
5	0.01150	0.01225	0.02148	0.01653	0.01963	0.05016	0.40618	0.01537	0.07371	0.01520	0.01228	0.07804	0.01100	0.00691	0.00833	0.00186	0.18996	0.04039	0.00296	0.00627
6	0.00955	0.00899	0.01517	0.81013	0.03483	0.01123	0.01404	0.01292	0.01011	0.01292	0.00899	0.01348	0.00674	0.00506	0.00506	0.00169	0.00674	0.00449	0.00225	0.00562
7	0.01598	0.45841	0.02093	0.01066	0.01419	0.37812	0.00916	0.01745	0.01213	0.01212	0.00739	0.00857	0.00650	0.00473	0.00385	0.00118	0.00711	0.00296	0.00237	0.00620
8	0.01076	0.01022	0.01735	0.49264	0.34288	0.01155	0.01464	0.01398	0.01068	0.01439	0.00920	0.01309	0.00726	0.00483	0.00504	0.00161	0.00644	0.00450	0.00235	0.00659
9	0.00616	0.00440	0.00587	0.00704	0.00733	0.00411	0.00469	0.00704	0.00968	0.01291	0.02787	0.81899	0.03344	0.01584	0.00645	0.00205	0.00293	0.01438	0.00469	0.00411
10	0.00618	0.00452	0.00582	0.00678	0.00728	0.00416	0.00459	0.00718	0.01011	0.01333	0.06471	0.69008	0.12622	0.01523	0.00637	0.00199	0.00286	0.01369	0.00473	0.00416
11	0.03256	0.07003	0.62958	0.01560	0.08576	0.01228	0.05357	0.01590	0.01073	0.01600	0.00900	0.01076	0.00658	0.00472	0.00474	0.00157	0.00719	0.00382	0.00221	0.00738
12	0.00795	0.00605	0.00811	0.00796	0.00896	0.00690	0.00598	0.01109	0.10988	0.01264	0.01488	0.02202	0.01400	0.16951	0.56293	0.00672	0.01079	0.00579	0.00309	0.00472
13	0.01352	0.82533	0.02650	0.00865	0.01298	0.02001	0.00865	0.01514	0.01027	0.01190	0.00703	0.00811	0.00649	0.00433	0.00324	0.00108	0.00541	0.00270	0.00216	0.00649
14	0.01056	0.01028	0.01819	0.52610	0.22082	0.01161	0.10221	0.01394	0.01067	0.01419	0.00926	0.01326	0.00716	0.00483	0.00515	0.00164	0.00677	0.00467	0.00235	0.00635
15	0.01449	0.03467	0.01322	0.01147	0.01411	0.31055	0.04546	0.08417	0.20553	0.01681	0.01614	0.02131	0.04165	0.02818	0.00575	0.00170	0.00640	0.11816	0.00384	0.00638
16	0.26163	0.01261	0.01270	0.01011	0.01380	0.01409	0.00836	0.52840	0.01897	0.02865	0.01116	0.01252	0.00839	0.00594	0.00457	0.00156	0.00506	0.02943	0.00449	0.00756
17	0.01339	0.08466	0.36505	0.01103	0.01617	0.01034	0.01219	0.01783	0.06027	0.22137	0.06871	0.01726	0.06732	0.00623	0.00493	0.00156	0.00555	0.00499	0.00383	0.00731

[dist]
# distance from previous block
# <min> <max>
0	1

[block]
# block no. 5 follows, 49 sequences, length 15
# corresponding to MSA columns:
# 355-369
name=unknown_F
#
# <colnr> <probs for GDERKNQSTAVLIFYWHMCP>
#	G	D	E	R	K	N	Q	S	T	A	V	L	I	F	Y	W	H	M	C	P
0	0.01104	0.01049	0.01819	0.26604	0.28004	0.01101	0.14669	0.01476	0.05159	0.03319	0.01473	0.01730	0.09108	0.00568	0.00530	0.00163	0.00617	0.00549	0.00289	0.00668
1	0.04670	0.00914	0.01479	0.58280	0.15129	0.01081	0.01301	0.01332	0.01031	0.01442	0.00963	0.01356	0.00742	0.00502	0.00483	0.00161	0.00613	0.00444	0.07487	0.00591
2	0.01381	0.01308	0.01202	0.01077	0.01363	0.13803	0.00834	0.05197	0.63324	0.02013	0.01826	0.01708	0.01378	0.00657	0.00505	0.00164	0.00487	0.00529	0.00474	0.00768
3	0.01218	0.01224	0.04535	0.16621	0.35688	0.03852	0.05238	0.03484	0.16246	0.01677	0.01149	0.01375	0.00907	0.00531	0.00556	0.00162	0.04031	0.00475	0.00301	0.00733
4	0.00704	0.00516	0.00660	0.00624	0.00748	0.00472	0.00468	0.00932	0.01405	0.01964	0.71721	0.03882	0.11898	0.01058	0.00597	0.00160	0.00240	0.00929	0.00548	0.00472
5	0.00711	0.00588	0.00606	0.00590	0.00750	0.00552	0.00429	0.00999	0.11741	0.01408	0.04138	0.04207	0.55939	0.14051	0.00900	0.00222	0.00313	0.00946	0.00450	0.00459
6	0.01352	0.82533	0.02650	0.00865	0.01298	0.02001	0.00865	0.01514	0.01027	0.01190	0.00703	0.00811	0.00649	0.00433	0.00324	0.00108	0.00541	0.00270	0.00216	0.00649
7	0.01352	0.82533	0.02650	0.00865	0.01298	0.02001	0.00865	0.01514	0.01027	0.01190	0.00703	0.00811	0.00649	0.00433	0.00324	0.00108	0.00541	0.00270	0.00216	0.00649
8	0.01104	0.13376	0.50767	0.01525	0.02173	0.01314	0.19625	0.01594	0.01092	0.01549	0.00907	0.01103	0.00672	0.00461	0.00486	0.00155	0.00744	0.00412	0.00224	0.00718
9	0.01613	0.01324	0.01204	0.01017	0.01298	0.17553	0.00803	0.35952	0.01743	0.06116	0.01420	0.08459	0.01206	0.02592	0.00540	0.00158	0.00550	0.03027	0.12745	0.00682
10	0.01352	0.82533	0.02650	0.00865	0.01298	0.02001	0.00865	0.01514	0.01027	0.01190	0.00703	0.00811	0.00649	0.00433	0.00324	0.00108	0.00541	0.00270	0.00216	0.00649
11	0.00741	0.00569	0.00849	0.00838	0.00924	0.00677	0.00655	0.00918	0.00811	0.01176	0.01321	0.01943	0.01235	0.03650	0.76369	0.00784	0.05278	0.00537	0.00268	0.00456
12	0.00730	0.00510	0.00651	0.00651	0.00685	0.00544	0.00430	0.00799	0.00765	0.01054	0.01502	0.02806	0.01620	0.52366	0.32138	0.00613	0.00819	0.00662	0.00293	0.00362
13	0.01436	0.14400	0.07575	0.04675	0.06362	0.07866	0.25807	0.20558	0.01462	0.01901	0.00981	0.01168	0.00751	0.00487	0.00498	0.00149	0.00696	0.00452	0.00309	0.02469
14	0.01359	0.01133	0.09709	0.00987	0.01308	0.01026	0.00856	0.18988	0.20819	0.12746	0.14125	0.11146	0.01975	0.00797	0.00536	0.00166	0.00440	0.00670	0.00496	0.00720

[dist]
# distance from previous block
# <min> <max>
0	1

[block]
# block no. 6 follows, 49 sequences, length 28
# corresponding to MSA columns:
# 371-398
name=unknown_G
#
# <colnr> <probs for GDERKNQSTAVLIFYWHMCP>
#	G	D	E	R	K	N	Q	S	T	A	V	L	I	F	Y	W	H	M	C	P
0	0.01838	0.04920	0.01487	0.01276	0.01544	0.66318	0.00978	0.09242	0.01480	0.01423	0.00815	0.00947	0.00672	0.00543	0.00513	0.00136	0.04633	0.00342	0.00281	0.00613
1	0.01917	0.01563	0.01505	0.01184	0.01567	0.13143	0.00963	0.66293	0.02238	0.02900	0.01150	0.01170	0.00829	0.00594	0.00499	0.00149	0.00609	0.00436	0.00470	0.00820
2	0.02437	0.00686	0.00913	0.01032	0.12008	0.00673	0.00674	0.02272	0.07602	0.01895	0.45731	0.03412	0.12343	0.00956	0.00576	0.00164	0.00326	0.05261	0.00489	0.00550
3	0.00878	0.00439	0.00659	0.00659	0.00659	0.00439	0.00439	0.00659	0.00659	0.00878	0.00878	0.01537	0.00878	0.01757	0.01976	0.85288	0.00439	0.00439	0.00220	0.00220
4	0.00703	0.00573	0.00661	0.00755	0.00797	0.05126	0.00516	0.00794	0.00990	0.01286	0.02615	0.75073	0.03118	0.01504	0.00660	0.00201	0.02404	0.01347	0.00451	0.00425
5	0.01768	0.03689	0.01468	0.01127	0.01507	0.07526	0.00920	0.55330	0.12848	0.02757	0.01270	0.01266	0.00929	0.00595	0.00492	0.00148	0.00553	0.00449	0.00470	0.04888
6	0.01503	0.22081	0.16720	0.01317	0.10782	0.07993	0.01125	0.07827	0.02457	0.15862	0.03263	0.01232	0.00924	0.00533	0.00484	0.00142	0.02876	0.00403	0.00337	0.02138
7	0.05288	0.08824	0.29075	0.01529	0.15839	0.02233	0.02655	0.09119	0.03607	0.14093	0.01190	0.01271	0.02006	0.00524	0.00474	0.00152	0.00603	0.00423	0.00333	0.00762
8	0.01065	0.06494	0.54672	0.01586	0.06006	0.01208	0.14566	0.01570	0.01096	0.01581	0.01006	0.01344	0.00784	0.00513	0.00504	0.00162	0.00733	0.04157	0.00235	0.00720
9	0.01064	0.01042	0.01609	0.62196	0.17085	0.05782	0.01406	0.01382	0.01061	0.01354	0.00901	0.01305	0.00696	0.00496	0.00502	0.00163	0.00675	0.00442	0.00231	0.00607
10	0.01318	0.10277	0.37913	0.01389	0.09794	0.02345	0.02594	0.04545	0.01219	0.15308	0.05764	0.01428	0.02791	0.00553	0.00483	0.00153	0.00611	0.00448	0.00328	0.00740
11	0.05118	0.01333	0.09943	0.07995	0.47260	0.04151	0.05677	0.01540	0.03075	0.01602	0.00979	0.01320	0.00819	0.04237	0.00620	0.00171	0.02727	0.00454	0.00257	0.00723
12	0.00777	0.00522	0.00666	0.00723	0.00794	0.00502	0.00501	0.04596	0.01044	0.04980	0.02589	0.59606	0.05419	0.09570	0.03047	0.00245	0.00365	0.03151	0.00457	0.00446
13	0.03135	0.03484	0.16982	0.18808	0.20408	0.01213	0.21642	0.02693	0.02323	0.01598	0.02337	0.01299	0.00807	0.00478	0.00516	0.00161	0.00695	0.00476	0.00253	0.00694
14	0.01197	0.01233	0.05596	0.16732	0.50905	0.01204	0.09641	0.03251	0.02344	0.01624	0.00971	0.01281	0.00780	0.00466	0.00511	0.00156	0.00643	0.00464	0.00255	0.00744
15	0.00937	0.00867	0.01504	0.05818	0.21842	0.00879	0.14460	0.01164	0.01029	0.01417	0.01660	0.24238	0.03767	0.04288	0.10838	0.00270	0.03331	0.00793	0.00321	0.00576
16	0.01093	0.01994	0.47037	0.01632	0.09045	0.01197	0.12285	0.01547	0.01058	0.03708	0.00951	0.01191	0.00722	0.00674	0.04330	0.00198	0.09959	0.00431	0.00238	0.00710
17	0.01303	0.06972	0.34930	0.07624	0.05643	0.01199	0.13440	0.06425	0.02517	0.12554	0.01961	0.01272	0.00831	0.00507	0.00499	0.00158	0.00671	0.00445	0.00308	0.00740
18	0.05211	0.03753	0.49719	0.01382	0.04092	0.04204	0.03619	0.15876	0.01336	0.04732	0.00991	0.01110	0.00708	0.00507	0.00478	0.00156	0.00684	0.00394	0.00292	0.00755
19	0.00952	0.00682	0.03664	0.02441	0.04788	0.00606	0.00745	0.01163	0.02185	0.11096	0.04137	0.27744	0.08547	0.01238	0.00626	0.00200	0.00408	0.27786	0.00465	0.00528
20	0.01141	0.04897	0.03035	0.25319	0.02120	0.07279	0.09836	0.05631	0.01062	0.01405	0.00958	0.04883	0.00844	0.00849	0.05520	0.00216	0.23663	0.00496	0.00259	0.00586
21	0.01638	0.08248	0.30464	0.01186	0.01715	0.03762	0.04061	0.10404	0.01367	0.30230	0.01324	0.01308	0.00895	0.00543	0.00484	0.00153	0.00603	0.00431	0.00401	0.00786
22	0.01169	0.00985	0.01516	0.18288	0.30590	0.01037	0.02620	0.08730	0.04118	0.05264	0.02917	0.10604	0.05093	0.00713	0.00536	0.00167	0.00538	0.04094	0.00347	0.00675
23	0.01154	0.01086	0.01816	0.06802	0.62501	0.01102	0.01398	0.01432	0.01129	0.01589	0.01287	0.05390	0.03977	0.00601	0.00545	0.00161	0.02082	0.04937	0.00279	0.00732
24	0.01108	0.01116	0.01478	0.01281	0.01301	0.05083	0.01058	0.01226	0.00808	0.01214	0.00731	0.01176	0.00717	0.01128	0.08609	0.00270	0.70480	0.00446	0.00227	0.00546
25	0.14813	0.00990	0.03308	0.01161	0.09078	0.00986	0.00880	0.10590	0.03458	0.26659	0.01625	0.03623	0.01336	0.00747	0.00580	0.00174	0.05217	0.13613	0.00456	0.00705
26	0.03795	0.01415	0.01493	0.10478	0.01777	0.06987	0.01004	0.61457	0.02116	0.02808	0.01135	0.01199	0.00816	0.00586	0.00498	0.00152	0.00591	0.00441	0.00451	0.00799
27	0.01076	0.00983	0.01557	0.63368	0.12201	0.03316	0.01366	0.01416	0.02668	0.04373	0.00964	0.01346	0.00729	0.00515	0.00525	0.00166	0.02122	0.00451	0.00250	0.00607

[dist]
# distance from previous block
# <min> <max>
3	7

[block]
# block no. 7 follows, 49 sequences, length 15
# corresponding to MSA columns:
# 406-420
name=unknown_H
#
# <colnr> <probs for GDERKNQSTAVLIFYWHMCP>
#	G	D	E	R	K	N	Q	S	T	A	V	L	I	F	Y	W	H	M	C	P
0	0.01341	0.01021	0.01204	0.04332	0.11093	0.03612	0.00860	0.02169	0.40063	0.14364	0.04174	0.02108	0.10009	0.00709	0.00521	0.00165	0.00437	0.00598	0.00476	0.00744
1	0.00648	0.00482	0.00567	0.00604	0.00681	0.00441	0.00409	0.00747	0.01028	0.01332	0.12158	0.32027	0.26226	0.19078	0.01047	0.00252	0.00319	0.01109	0.00444	0.00401
2	0.01395	0.78272	0.02595	0.00899	0.01323	0.05968	0.00878	0.01551	0.01059	0.01209	0.00724	0.00840	0.00665	0.00448	0.00339	0.00112	0.00565	0.00279	0.00224	0.00654
3	0.00726	0.00498	0.00567	0.00582	0.00601	0.00485	0.00343	0.00743	0.00810	0.01070	0.02035	0.14592	0.07678	0.64683	0.02158	0.00429	0.00451	0.00864	0.00347	0.00339
4	0.03171	0.00817	0.01043	0.00902	0.01184	0.00784	0.00731	0.03543	0.12020	0.41232	0.05466	0.06290	0.01834	0.03455	0.02418	0.00202	0.00448	0.13185	0.00552	0.00724
5	0.71326	0.01102	0.04517	0.00766	0.01111	0.01173	0.00661	0.08502	0.01039	0.04752	0.00818	0.00921	0.00619	0.00499	0.00352	0.00159	0.00430	0.00308	0.00341	0.00604
6	0.00972	0.00911	0.01527	0.80814	0.03489	0.01132	0.01410	0.01304	0.01022	0.01308	0.00916	0.01371	0.00690	0.00517	0.00513	0.00172	0.00679	0.00455	0.00231	0.00570
7	0.01131	0.01601	0.27037	0.07755	0.10085	0.01137	0.22458	0.01651	0.08231	0.03651	0.06893	0.01528	0.01133	0.00542	0.00533	0.00165	0.00669	0.00519	0.02571	0.00709
8	0.00764	0.00538	0.00666	0.00635	0.00773	0.00483	0.00474	0.00961	0.01347	0.05061	0.53454	0.09190	0.21507	0.01120	0.00603	0.00168	0.00261	0.00972	0.00539	0.00486
9	0.00878	0.04188	0.02936	0.00775	0.00975	0.04097	0.01892	0.01220	0.11492	0.01625	0.20498	0.10440	0.22996	0.04628	0.01951	0.00193	0.00386	0.04174	0.00453	0.04203
10	0.01095	0.29368	0.42666	0.01146	0.01698	0.01363	0.01340	0.01473	0.01079	0.01471	0.04531	0.05493	0.04079	0.00589	0.00453	0.00148	0.00617	0.00451	0.00259	0.00680
11	0.04913	0.29360	0.40389	0.01204	0.03384	0.04551	0.01350	0.01587	0.01085	0.02928	0.02296	0.01073	0.00762	0.00491	0.00427	0.00143	0.00643	0.00354	0.02361	0.00699
12	0.01364	0.21515	0.06263	0.01231	0.07578	0.09130	0.09084	0.01654	0.05132	0.10704	0.03282	0.03129	0.04745	0.02371	0.00511	0.00146	0.00566	0.00473	0.00335	0.10788
13	0.01239	0.18612	0.13829	0.01118	0.01533	0.01235	0.10417	0.05642	0.13283	0.05681	0.04859	0.02880	0.01194	0.06347	0.00622	0.00169	0.00550	0.00488	0.00345	0.09957
14	0.01066	0.21358	0.11974	0.03121	0.04712	0.01144	0.00882	0.06913	0.05367	0.01604	0.08607	0.04511	0.19495	0.02872	0.00568	0.00161	0.01930	0.00622	0.00361	0.02731

[dist]
# distance from previous block
# <min> <max>
11	38

[block]
# block no. 8 follows, 49 sequences, length 8
# corresponding to MSA columns:
# 467-474
name=unknown_I
#
# <colnr> <probs for GDERKNQSTAVLIFYWHMCP>
#	G	D	E	R	K	N	Q	S	T	A	V	L	I	F	Y	W	H	M	C	P
0	0.03171	0.07173	0.09677	0.01018	0.01347	0.02424	0.05618	0.07313	0.05719	0.09719	0.04319	0.05661	0.04293	0.05182	0.00702	0.00173	0.06993	0.05250	0.01644	0.12603
1	0.06061	0.09959	0.08163	0.02640	0.10202	0.05797	0.02641	0.10457	0.03491	0.06768	0.01560	0.12689	0.05323	0.02449	0.01893	0.00172	0.00530	0.02416	0.00362	0.06427
2	0.17036	0.08724	0.06458	0.01042	0.03095	0.15235	0.00872	0.10715	0.07824	0.12035	0.01262	0.04123	0.01026	0.00613	0.00454	0.00151	0.00551	0.04346	0.00380	0.04057
3	0.05452	0.16847	0.10854	0.10605	0.01641	0.05754	0.00994	0.19150	0.05408	0.01886	0.01280	0.04844	0.03279	0.00619	0.00460	0.00148	0.00551	0.02834	0.04595	0.02799
4	0.05676	0.20167	0.04983	0.01034	0.01334	0.26083	0.00876	0.07308	0.04422	0.03973	0.01262	0.10067	0.01192	0.00798	0.03048	0.00170	0.00645	0.06021	0.00329	0.00612
5	0.00832	0.00596	0.00688	0.00668	0.00832	0.00560	0.00507	0.02986	0.07592	0.06168	0.19647	0.14996	0.33361	0.01153	0.00588	0.00174	0.00298	0.04875	0.02976	0.00506
6	0.01488	0.15955	0.04793	0.00880	0.01164	0.08817	0.00758	0.03464	0.03650	0.21524	0.01374	0.01516	0.01053	0.04845	0.00625	0.00159	0.06480	0.00440	0.20370	0.00644
7	0.01053	0.03722	0.08240	0.00817	0.01254	0.00770	0.00719	0.03800	0.01089	0.01665	0.01049	0.06210	0.00923	0.00478	0.00403	0.00096	0.00410	0.00389	0.03224	0.63687

[dist]
# distance from previous block
# <min> <max>
20	35

[block]
# block no. 9 follows, 49 sequences, length 77
# corresponding to MSA columns:
# 523-599
name=unknown_J
#
# <colnr> <probs for GDERKNQSTAVLIFYWHMCP>
#	G	D	E	R	K	N	Q	S	T	A	V	L	I	F	Y	W	H	M	C	P
0	0.02732	0.10029	0.11311	0.03084	0.04877	0.05134	0.00922	0.10846	0.12883	0.02935	0.02743	0.05677	0.04306	0.07677	0.00855	0.07503	0.04984	0.00537	0.00346	0.00619
1	0.14947	0.03306	0.01351	0.08558	0.08969	0.15565	0.04359	0.12612	0.01309	0.05360	0.01124	0.03064	0.02355	0.01778	0.00480	0.00147	0.00570	0.00430	0.05085	0.08630
2	0.08191	0.02935	0.01202	0.06582	0.02611	0.00956	0.08383	0.08151	0.15403	0.03340	0.09800	0.05625	0.13178	0.04141	0.00610	0.00177	0.00448	0.03318	0.00416	0.04531
3	0.05496	0.00932	0.06053	0.04859	0.10665	0.02632	0.00859	0.04518	0.02883	0.02987	0.09091	0.04244	0.07949	0.07260	0.16322	0.00317	0.06415	0.03468	0.00343	0.02709
4	0.11801	0.01352	0.01232	0.06260	0.01457	0.19623	0.00862	0.21731	0.06095	0.01945	0.01132	0.04603	0.00949	0.01045	0.11333	0.00242	0.04083	0.00456	0.00355	0.03444
5	0.00948	0.00887	0.01468	0.66710	0.09579	0.01064	0.01320	0.01263	0.01042	0.01341	0.02630	0.01659	0.06881	0.00571	0.00514	0.00167	0.00627	0.00506	0.00252	0.00570
6	0.00673	0.00514	0.00617	0.00595	0.00730	0.00458	0.00445	0.00870	0.01325	0.01783	0.51648	0.05790	0.30454	0.01131	0.00598	0.00164	0.00246	0.00978	0.00525	0.00458
7	0.01279	0.01324	0.02840	0.02033	0.02535	0.01236	0.71147	0.01687	0.01214	0.07815	0.01100	0.01392	0.00806	0.00442	0.00590	0.00169	0.00819	0.00590	0.00285	0.00696
8	0.01395	0.76153	0.02553	0.00900	0.01319	0.08228	0.00874	0.01554	0.01060	0.01194	0.00709	0.00819	0.00649	0.00440	0.00335	0.00110	0.00570	0.00275	0.00220	0.00644
9	0.06832	0.01143	0.01754	0.09791	0.52133	0.03284	0.01332	0.03629	0.01161	0.05683	0.01051	0.03126	0.00884	0.00524	0.00522	0.00155	0.02600	0.01816	0.00288	0.02292
10	0.01039	0.04672	0.71331	0.01455	0.02170	0.01205	0.06110	0.01625	0.02872	0.01603	0.00935	0.01097	0.00669	0.00481	0.00484	0.00160	0.00740	0.00388	0.00223	0.00742
11	0.00705	0.00528	0.00753	0.00754	0.00821	0.00528	0.04346	0.00817	0.00913	0.01243	0.06306	0.34052	0.03729	0.22911	0.18814	0.00409	0.00605	0.00979	0.00377	0.00410
12	0.00724	0.00588	0.00938	0.00922	0.01035	0.00554	0.10670	0.00882	0.01038	0.01374	0.02632	0.55561	0.06044	0.01388	0.00646	0.00204	0.00394	0.13507	0.00441	0.00456
