[name]
unknown

[dist]
# distance from previous block
# <min> <max>
0	0

[block]
# block no. 0 follows, 45 sequences, length 17
# corresponding to MSA columns:
# 74-78,89-100
name=unknown_A
#
# <colnr> <probs for GDERKNQSTAVLIFYWHMCP>
#	G	D	E	R	K	N	Q	S	T	A	V	L	I	F	Y	W	H	M	C	P
0	0.00865	0.00618	0.00865	0.00989	0.01112	0.00618	0.00865	0.01112	0.01236	0.01606	0.02842	0.06055	0.03089	0.01483	0.00741	0.00247	0.00494	0.74174	0.00494	0.00494
1	0.01157	0.01161	0.04541	0.42906	0.36757	0.01231	0.01578	0.01506	0.01142	0.01554	0.00979	0.01375	0.00775	0.00510	0.00533	0.00170	0.00683	0.00475	0.00250	0.00717
2	0.02005	0.02558	0.01521	0.01383	0.01659	0.78980	0.01037	0.02143	0.01521	0.01314	0.00830	0.00968	0.00691	0.00553	0.00484	0.00138	0.00968	0.00346	0.00277	0.00622
3	0.00653	0.00471	0.00619	0.00737	0.00776	0.00437	0.00494	0.00749	0.01037	0.01374	0.03082	0.77030	0.07226	0.01666	0.00683	0.00216	0.00309	0.01506	0.00498	0.00437
4	0.01318	0.04426	0.03125	0.04991	0.19770	0.03248	0.02876	0.05952	0.22454	0.06656	0.09327	0.01981	0.03368	0.02799	0.05153	0.00216	0.00580	0.00587	0.00422	0.00751
5	0.00720	0.00541	0.00714	0.05287	0.00953	0.00514	0.00550	0.00906	0.01274	0.01732	0.36746	0.33276	0.12155	0.01316	0.00648	0.00190	0.00304	0.01172	0.00525	0.00479
6	0.01165	0.03446	0.04902	0.04612	0.09722	0.04974	0.03521	0.09246	0.04599	0.01676	0.04952	0.15257	0.01597	0.04631	0.02522	0.09418	0.08706	0.00691	0.03769	0.00596
7	0.01291	0.07090	0.07512	0.07271	0.06374	0.06874	0.13052	0.10456	0.05131	0.04092	0.01314	0.05612	0.01114	0.01346	0.17304	0.00315	0.00843	0.00558	0.01770	0.00681
8	0.01166	0.01088	0.01461	0.07430	0.01606	0.08469	0.14649	0.07318	0.03152	0.01779	0.12561	0.06180	0.07356	0.02664	0.03065	0.00203	0.09117	0.00681	0.09456	0.00601
9	0.01410	0.01297	0.05397	0.09348	0.14390	0.06871	0.06625	0.17930	0.06712	0.05338	0.07403	0.07156	0.01491	0.00837	0.03473	0.00197	0.00638	0.02345	0.00406	0.00735
10	0.01200	0.01154	0.07599	0.13649	0.04160	0.03156	0.06615	0.15385	0.06687	0.02053	0.14583	0.03987	0.08040	0.00836	0.02361	0.00185	0.00556	0.00654	0.06472	0.00667
11	0.03353	0.01048	0.01302	0.21926	0.08216	0.08270	0.01021	0.01445	0.08155	0.01506	0.03816	0.09051	0.03121	0.07937	0.04133	0.00241	0.11634	0.00629	0.02607	0.00590
12	0.04593	0.11234	0.09041	0.08853	0.05812	0.11993	0.01099	0.13845	0.06401	0.04120	0.04318	0.04837	0.01153	0.02842	0.00671	0.00175	0.07447	0.00506	0.00356	0.00703
13	0.00849	0.00588	0.00756	0.00752	0.00862	0.00567	0.02403	0.01050	0.05164	0.05626	0.10358	0.31731	0.12757	0.15526	0.05637	0.00291	0.00431	0.01073	0.03093	0.00486
14	0.05036	0.08153	0.15381	0.03081	0.13687	0.18387	0.06239	0.03806	0.06130	0.01702	0.02711	0.01293	0.00923	0.00637	0.02815	0.00172	0.00718	0.00433	0.02354	0.06343
15	0.07716	0.09712	0.11833	0.00973	0.03021	0.05362	0.02597	0.03409	0.03039	0.06032	0.14373	0.04581	0.10827	0.11854	0.00827	0.00212	0.00505	0.00664	0.01863	0.00600
16	0.03096	0.01034	0.04178	0.01065	0.04554	0.09091	0.00793	0.07048	0.03307	0.06719	0.05356	0.33271	0.03756	0.04019	0.00768	0.00202	0.06752	0.02436	0.00439	0.02113

[dist]
# distance from previous block
# <min> <max>
2	36

[block]
# block no. 1 follows, 45 sequences, length 6
# corresponding to MSA columns:
# 137-142
name=unknown_B
#
# <colnr> <probs for GDERKNQSTAVLIFYWHMCP>
#	G	D	E	R	K	N	Q	S	T	A	V	L	I	F	Y	W	H	M	C	P
0	0.03435	0.00836	0.01244	0.01132	0.03838	0.00878	0.11059	0.06745	0.01203	0.03591	0.06031	0.26469	0.06771	0.02900	0.04344	0.00231	0.09543	0.02713	0.06467	0.00569
1	0.00879	0.00635	0.00777	0.00821	0.04323	0.00634	0.00581	0.04513	0.01209	0.01693	0.12279	0.11530	0.18568	0.10118	0.03765	0.00243	0.03159	0.08081	0.15693	0.00502
2	0.01279	0.00852	0.01042	0.00966	0.04231	0.03112	0.04807	0.07357	0.10216	0.11587	0.06744	0.12246	0.05263	0.00825	0.00520	0.00162	0.00405	0.00708	0.27031	0.00646
3	0.03607	0.00838	0.01045	0.03253	0.01178	0.05423	0.06819	0.02847	0.04007	0.01685	0.18145	0.13912	0.18472	0.01347	0.08116	0.00247	0.05059	0.00879	0.02583	0.00539
4	0.21824	0.22377	0.01710	0.01081	0.01416	0.22229	0.04065	0.06533	0.01253	0.01725	0.01076	0.01205	0.04940	0.00588	0.00515	0.00151	0.05978	0.00390	0.00304	0.00641
5	0.01392	0.04287	0.01407	0.03606	0.01475	0.04424	0.05366	0.07743	0.07826	0.11990	0.04509	0.03849	0.04006	0.00737	0.02395	0.00165	0.09000	0.00522	0.00404	0.24896

[dist]
# distance from previous block
# <min> <max>
1	22

[block]
# block no. 2 follows, 45 sequences, length 9
# corresponding to MSA columns:
# 165-173
name=unknown_C
#
# <colnr> <probs for GDERKNQSTAVLIFYWHMCP>
#	G	D	E	R	K	N	Q	S	T	A	V	L	I	F	Y	W	H	M	C	P
0	0.02986	0.19310	0.05089	0.07073	0.04972	0.05606	0.02766	0.05296	0.11109	0.04302	0.08219	0.09072	0.08785	0.00786	0.00545	0.00164	0.02224	0.00641	0.00389	0.00666
1	0.00859	0.00653	0.00817	0.05802	0.01051	0.00671	0.00602	0.06406	0.04736	0.01679	0.18825	0.19960	0.13127	0.12052	0.10023	0.00309	0.00503	0.00958	0.00459	0.00508
2	0.00843	0.00622	0.00838	0.00809	0.00895	0.00696	0.00599	0.04409	0.00975	0.01373	0.08204	0.02575	0.01790	0.23701	0.45877	0.00658	0.03682	0.00656	0.00334	0.00465
3	0.04606	0.00675	0.00744	0.00711	0.00860	0.04036	0.00526	0.01110	0.01315	0.07039	0.36441	0.11289	0.16438	0.09052	0.00823	0.00211	0.00347	0.02753	0.00517	0.00509
4	0.00874	0.00588	0.00801	0.00776	0.00911	0.00566	0.03101	0.01062	0.01183	0.06427	0.19226	0.19171	0.11749	0.05604	0.13163	0.00309	0.00519	0.05663	0.07802	0.00504
5	0.04977	0.06957	0.05864	0.01255	0.05880	0.03191	0.06138	0.20054	0.12497	0.03690	0.08420	0.11481	0.01686	0.02462	0.00627	0.00180	0.02817	0.00661	0.00439	0.00725
6	0.13350	0.21543	0.08853	0.06264	0.05827	0.08458	0.04331	0.06433	0.01220	0.06882	0.00949	0.01116	0.00753	0.00550	0.00560	0.00154	0.07763	0.00388	0.00306	0.04301
7	0.08865	0.09876	0.07594	0.01323	0.06825	0.34646	0.01040	0.10433	0.03106	0.01768	0.01002	0.01153	0.00805	0.00659	0.02935	0.00168	0.00755	0.00388	0.05977	0.00681
8	0.03376	0.09515	0.04969	0.12233	0.14717	0.06165	0.07396	0.01466	0.04398	0.01548	0.01584	0.11153	0.06928	0.00834	0.02617	0.00189	0.05955	0.00634	0.02089	0.02234

[dist]
# distance from previous block
# <min> <max>
7	26

[block]
# block no. 3 follows, 45 sequences, length 33
# corresponding to MSA columns:
# 203-235
name=unknown_D
#
# <colnr> <probs for GDERKNQSTAVLIFYWHMCP>
#	G	D	E	R	K	N	Q	S	T	A	V	L	I	F	Y	W	H	M	C	P
0	0.03656	0.18811	0.17609	0.01271	0.07319	0.05057	0.02822	0.07198	0.06705	0.05386	0.05541	0.01407	0.01117	0.00572	0.00495	0.00148	0.02209	0.00443	0.05495	0.06741
1	0.02975	0.13565	0.10189	0.01056	0.03592	0.14425	0.00903	0.04199	0.01246	0.01628	0.09254	0.08879	0.03819	0.01069	0.08689	0.00222	0.00657	0.00576	0.04649	0.08408
2	0.03292	0.06790	0.03427	0.01057	0.03778	0.11572	0.00831	0.13786	0.02729	0.08812	0.01600	0.11826	0.04981	0.00840	0.03185	0.00170	0.00562	0.00585	0.00405	0.19774
3	0.07326	0.12533	0.05839	0.07260	0.24135	0.04675	0.01187	0.09725	0.04225	0.05878	0.02956	0.01470	0.03818	0.00596	0.00553	0.00160	0.04474	0.00472	0.01972	0.00746
4	0.00948	0.00692	0.00810	0.00702	0.00951	0.00586	0.00532	0.01168	0.03413	0.07344	0.17221	0.09953	0.24899	0.05239	0.00677	0.00172	0.00337	0.00839	0.00472	0.23044
5	0.00755	0.00578	0.00699	0.00680	0.00826	0.00536	0.00516	0.01032	0.05083	0.01903	0.46920	0.07199	0.24769	0.01195	0.00637	0.00179	0.00283	0.05152	0.00554	0.00505
6	0.34806	0.05526	0.01255	0.00977	0.01329	0.12268	0.00798	0.13702	0.03252	0.17268	0.01150	0.01177	0.00832	0.00579	0.00476	0.00161	0.02916	0.00391	0.00419	0.00718
7	0.00904	0.00601	0.00748	0.00752	0.00895	0.00565	0.00572	0.03503	0.01247	0.08089	0.13787	0.21866	0.21675	0.06392	0.04611	0.00250	0.00411	0.12118	0.00505	0.00511
8	0.01317	0.08361	0.38653	0.01247	0.01788	0.06764	0.01369	0.04092	0.12299	0.07618	0.01393	0.01473	0.03457	0.00640	0.00561	0.03277	0.00650	0.00460	0.03830	0.00750
9	0.00786	0.00591	0.00826	0.00814	0.00886	0.00677	0.00607	0.00927	0.00854	0.01208	0.01597	0.02493	0.04056	0.21706	0.54775	0.00729	0.05083	0.00637	0.00301	0.00448
10	0.01006	0.00808	0.00841	0.03722	0.01017	0.08258	0.00623	0.04187	0.02269	0.01606	0.04032	0.24677	0.07255	0.03168	0.04574	0.03724	0.05515	0.00842	0.21371	0.00505
11	0.04062	0.06552	0.07986	0.01244	0.01683	0.01299	0.11634	0.28471	0.03034	0.14186	0.03417	0.01653	0.05123	0.00761	0.03449	0.00187	0.00622	0.00535	0.00450	0.03653
12	0.00899	0.04076	0.03720	0.00784	0.00974	0.00680	0.00614	0.03228	0.06930	0.04931	0.12069	0.34202	0.18286	0.01243	0.00613	0.00185	0.00352	0.01084	0.00491	0.04641
13	0.01506	0.06195	0.02741	0.02710	0.04361	0.18845	0.05386	0.17289	0.13264	0.01921	0.01466	0.05409	0.02523	0.03539	0.03586	0.04318	0.00676	0.03186	0.00390	0.00689
14	0.06329	0.19405	0.11026	0.03671	0.01992	0.22070	0.21316	0.01827	0.01267	0.04934	0.00952	0.01139	0.00745	0.00502	0.00492	0.00152	0.00783	0.00426	0.00279	0.00694
15	0.03756	0.01823	0.31856	0.01391	0.01939	0.01244	0.12079	0.17093	0.05605	0.07702	0.05267	0.01495	0.01109	0.00589	0.00532	0.00168	0.00658	0.00503	0.04407	0.00785
16	0.00674	0.00502	0.00610	0.00668	0.00753	0.00454	0.00462	0.00785	0.01121	0.01454	0.12011	0.43140	0.26051	0.05406	0.00804	0.02588	0.00307	0.01278	0.00493	0.00438
17	0.00903	0.00582	0.00733	0.00714	0.00828	0.00637	0.00549	0.02795	0.01049	0.01657	0.05369	0.02219	0.03525	0.03943	0.34248	0.00459	0.03414	0.00577	0.35300	0.00499
18	0.05329	0.00559	0.00656	0.00664	0.00790	0.00532	0.00483	0.01078	0.01199	0.06363	0.19751	0.28190	0.10030	0.02968	0.00620	0.00184	0.00300	0.00996	0.18807	0.00502
19	0.16513	0.00853	0.01025	0.00831	0.01173	0.00794	0.00676	0.02067	0.01381	0.48069	0.08795	0.02176	0.08804	0.00738	0.00515	0.00166	0.00406	0.00589	0.03669	0.00760
20	0.00949	0.00693	0.00831	0.00805	0.00935	0.00756	0.00592	0.04468	0.15817	0.01651	0.05691	0.12207	0.01958	0.16039	0.23241	0.00431	0.00692	0.00743	0.10962	0.00541
21	0.07766	0.16215	0.20871	0.03477	0.10894	0.01417	0.02829	0.14601	0.02626	0.12682	0.01153	0.01240	0.00845	0.00544	0.00482	0.00157	0.00619	0.00424	0.00361	0.00797
22	0.04286	0.06890	0.03466	0.01218	0.03363	0.28120	0.00968	0.25674	0.01761	0.09379	0.04582	0.01345	0.01055	0.00610	0.00496	0.00150	0.00675	0.00443	0.04775	0.00744
23	0.84927	0.01038	0.00789	0.00706	0.01038	0.01204	0.00581	0.01578	0.00914	0.02408	0.00747	0.00872	0.00581	0.00498	0.00332	0.00166	0.00415	0.00291	0.00332	0.00581
24	0.01240	0.22617	0.35521	0.03414	0.03089	0.04772	0.01342	0.03132	0.01188	0.04489	0.03710	0.03323	0.03207	0.02394	0.00524	0.00161	0.00647	0.00458	0.04063	0.00710
25	0.00749	0.00536	0.00657	0.00665	0.00787	0.00482	0.00481	0.00918	0.01285	0.04147	0.32661	0.25189	0.24829	0.03271	0.00696	0.00194	0.00287	0.01149	0.00536	0.00481
26	0.00881	0.00598	0.00750	0.00800	0.03290	0.00568	0.00546	0.03159	0.02713	0.06078	0.11201	0.32065	0.15345	0.11823	0.00953	0.02547	0.00364	0.03468	0.02357	0.00494
27	0.01271	0.01028	0.03007	0.05436	0.11636	0.01055	0.02817	0.14420	0.16730	0.05147	0.07716	0.11545	0.05597	0.00916	0.02769	0.00192	0.00500	0.00711	0.06794	0.00712
28	0.00706	0.00535	0.00619	0.00627	0.00761	0.00483	0.00463	0.00874	0.01236	0.01629	0.22437	0.14196	0.37830	0.03802	0.04463	0.00224	0.00340	0.02831	0.05476	0.00465
29	0.04817	0.11263	0.12913	0.01349	0.05442	0.17374	0.05973	0.09686	0.08686	0.01795	0.01341	0.01660	0.03821	0.01956	0.00584	0.00167	0.03219	0.04704	0.00340	0.02908
30	0.01038	0.02507	0.09646	0.01048	0.05743	0.05606	0.00836	0.03543	0.05673	0.01679	0.07911	0.14445	0.10024	0.04838	0.02580	0.00198	0.02788	0.02545	0.05279	0.12071
31	0.01403	0.19589	0.13662	0.02508	0.03196	0.09744	0.07329	0.09586	0.04662	0.06267	0.03492	0.03569	0.06729	0.02596	0.03236	0.00188	0.00661	0.00528	0.00351	0.00703
32	0.13205	0.11601	0.11645	0.02788	0.01478	0.04187	0.00971	0.13885	0.13344	0.03869	0.01517	0.06728	0.04832	0.00728	0.00568	0.02222	0.03083	0.00532	0.00390	0.02427

[dist]
# distance from previous block
# <min> <max>
1	7

[block]
# block no. 4 follows, 45 sequences, length 34
# corresponding to MSA columns:
# 243-276
name=unknown_E
#
# <colnr> <probs for GDERKNQSTAVLIFYWHMCP>
#	G	D	E	R	K	N	Q	S	T	A	V	L	I	F	Y	W	H	M	C	P
0	0.03189	0.06596	0.40201	0.02769	0.03686	0.08603	0.04833	0.12316	0.01365	0.04572	0.01058	0.01230	0.00789	0.00759	0.05548	0.00207	0.00790	0.00426	0.00301	0.00763
1	0.01043	0.01357	0.21879	0.01027	0.03133	0.07636	0.00969	0.01363	0.02700	0.05064	0.12665	0.14791	0.12607	0.02657	0.00607	0.00179	0.00502	0.00783	0.08433	0.00605
2	0.10756	0.00713	0.00819	0.00729	0.00961	0.00677	0.00575	0.04274	0.01396	0.16789	0.27729	0.03462	0.22660	0.01001	0.00576	0.00173	0.00339	0.03576	0.02200	0.00595
3	0.23518	0.03985	0.04570	0.02278	0.02652	0.05049	0.00830	0.01925	0.19065	0.11421	0.04938	0.01794	0.04145	0.00890	0.05292	0.00215	0.04212	0.02107	0.00424	0.00690
4	0.02783	0.10430	0.04256	0.01183	0.09775	0.02230	0.03749	0.05655	0.06615	0.04867	0.07470	0.06577	0.06539	0.17478	0.02456	0.00253	0.03049	0.01893	0.02132	0.00611
5	0.00926	0.00628	0.00676	0.00657	0.00783	0.02285	0.00478	0.05836	0.01224	0.01776	0.13402	0.10372	0.12660	0.13790	0.03657	0.00242	0.00386	0.02182	0.27550	0.00489
6	0.04362	0.24819	0.15629	0.01364	0.10073	0.11062	0.02395	0.05739	0.02813	0.03373	0.04815	0.01263	0.00995	0.00626	0.02549	0.00161	0.00659	0.00408	0.00302	0.06593
7	0.06425	0.17656	0.10996	0.01080	0.04059	0.08217	0.00948	0.09435	0.05955	0.01891	0.14722	0.01866	0.04492	0.00833	0.03994	0.00185	0.01805	0.00531	0.04239	0.00668
8	0.64146	0.04915	0.01002	0.00880	0.04623	0.04136	0.00676	0.03995	0.01047	0.02271	0.05442	0.01129	0.00903	0.00623	0.02255	0.00179	0.00474	0.00355	0.00343	0.00604
9	0.00674	0.00526	0.00619	0.00663	0.00781	0.00460	0.00468	0.00801	0.01141	0.01467	0.08383	0.41778	0.33550	0.01456	0.00648	0.00194	0.00296	0.01277	0.00496	0.04322
10	0.01216	0.02791	0.14801	0.06231	0.12038	0.02566	0.19264	0.03414	0.05029	0.06318	0.02744	0.12186	0.01393	0.03561	0.00651	0.00190	0.00650	0.02104	0.02154	0.00700
11	0.01572	0.04642	0.01097	0.05548	0.02763	0.06951	0.00723	0.05567	0.05384	0.23810	0.01706	0.03710	0.01273	0.00648	0.00467	0.00148	0.00444	0.00518	0.32341	0.00688
12	0.00793	0.00589	0.00765	0.00833	0.00971	0.00561	0.00700	0.01015	0.01276	0.01653	0.14969	0.05526	0.21339	0.01394	0.00699	0.00219	0.00404	0.45299	0.00510	0.00486
13	0.03096	0.01471	0.11760	0.02096	0.30008	0.03985	0.10704	0.13032	0.01441	0.08686	0.02731	0.06194	0.01109	0.00609	0.00549	0.00167	0.00648	0.00558	0.00360	0.00797
14	0.00885	0.00491	0.00681	0.00708	0.00745	0.00477	0.00485	0.00820	0.00882	0.03112	0.03676	0.21759	0.03407	0.04651	0.01511	0.46164	0.00408	0.03385	0.05413	0.00341
15	0.02041	0.01504	0.01611	0.01235	0.01665	0.01665	0.01020	0.75997	0.02524	0.03383	0.01289	0.01289	0.00913	0.00644	0.00537	0.00161	0.00591	0.00483	0.00537	0.00913
16	0.01116	0.00964	0.01137	0.00822	0.01278	0.00757	0.00660	0.01349	0.01100	0.01729	0.00943	0.01116	0.00791	0.00422	0.00458	0.00086	0.03939	0.00325	0.00314	0.80694
17	0.01481	0.70961	0.05161	0.00985	0.01437	0.09807	0.00965	0.01664	0.01135	0.01282	0.00762	0.00881	0.00689	0.00470	0.00364	0.00119	0.00621	0.00297	0.00234	0.00686
18	0.01169	0.01403	0.09662	0.01732	0.02080	0.03165	0.36966	0.01490	0.01091	0.01525	0.01108	0.05468	0.00990	0.05625	0.03061	0.00233	0.21699	0.00613	0.00273	0.00647
19	0.03248	0.08031	0.71280	0.01468	0.02227	0.01305	0.01876	0.01691	0.01125	0.01689	0.00943	0.01108	0.00678	0.00506	0.00494	0.00166	0.00769	0.00387	0.00230	0.00781
20	0.00767	0.00634	0.00875	0.05577	0.01099	0.00620	0.04381	0.00961	0.01235	0.01629	0.22811	0.20122	0.25982	0.01252	0.00698	0.00193	0.04035	0.06152	0.00483	0.00495
21	0.00914	0.00580	0.00707	0.00689	0.00853	0.00512	0.00516	0.01083	0.01297	0.11887	0.22515	0.21069	0.30863	0.01275	0.00635	0.00186	0.00307	0.03044	0.00544	0.00526
22	0.01394	0.00748	0.00939	0.00805	0.01062	0.00696	0.00633	0.01762	0.10248	0.28990	0.32309	0.03159	0.13130	0.00936	0.00590	0.00171	0.00348	0.00798	0.00599	0.00683
23	0.00777	0.00522	0.00666	0.00702	0.00774	0.00489	0.00482	0.00902	0.01138	0.04406	0.22337	0.38275	0.06012	0.17195	0.01070	0.00262	0.00345	0.02699	0.00495	0.00452
24	0.00731	0.00535	0.00686	0.00674	0.00791	0.00490	0.00496	0.00948	0.01414	0.01963	0.58922	0.16121	0.11801	0.01214	0.00641	0.00178	0.00264	0.01073	0.00568	0.00490
25	0.01267	0.06502	0.01238	0.01017	0.01302	0.01268	0.00800	0.02508	0.61040	0.02124	0.05892	0.05525	0.01819	0.00766	0.00535	0.00176	0.00413	0.00639	0.04380	0.00787
26	0.21615	0.01193	0.01457	0.08992	0.23984	0.05943	0.01082	0.07520	0.04097	0.06502	0.02651	0.02772	0.02159	0.00596	0.00538	0.00166	0.04089	0.00469	0.01986	0.02190
27	0.01589	0.12386	0.12566	0.01482	0.08342	0.16515	0.07554	0.10820	0.11819	0.07571	0.02455	0.01346	0.00989	0.00577	0.00524	0.00158	0.01715	0.00460	0.00364	0.00769
28	0.18169	0.25663	0.07090	0.02215	0.01303	0.05865	0.00883	0.01429	0.01030	0.01562	0.01135	0.08580	0.01102	0.02272	0.08371	0.00237	0.07994	0.02808	0.01691	0.00601
29	0.01400	0.01491	0.04133	0.06301	0.10451	0.20780	0.01048	0.07069	0.16421	0.01773	0.06048	0.03389	0.07991	0.00746	0.00662	0.00171	0.08480	0.00574	0.00381	0.00690
30	0.00746	0.00553	0.00701	0.00713	0.00829	0.00517	0.00531	0.00985	0.03571	0.01850	0.43789	0.21948	0.12989	0.01282	0.00651	0.00188	0.00293	0.06819	0.00550	0.00493
31	0.00759	0.00596	0.00657	0.00637	0.00812	0.00540	0.00479	0.01028	0.07022	0.03384	0.22737	0.08373	0.48544	0.01248	0.00628	0.00180	0.00285	0.01060	0.00529	0.00506
32	0.01012	0.00797	0.00907	0.00879	0.01062	0.00850	0.00654	0.03510	0.32028	0.03368	0.13259	0.28999	0.08198	0.01143	0.00611	0.00191	0.00356	0.01001	0.00535	0.00636
33	0.00796	0.00577	0.00778	0.00880	0.00992	0.00560	0.00728	0.01003	0.01211	0.01579	0.07631	0.20338	0.10432	0.01486	0.00714	0.00230	0.00423	0.48660	0.00501	0.00480

[dist]
# distance from previous block
# <min> <max>
0	2

[block]
# block no. 5 follows, 45 sequences, length 12
# corresponding to MSA columns:
# 279-285,296-300
name=unknown_F
#
# <colnr> <probs for GDERKNQSTAVLIFYWHMCP>
#	G	D	E	R	K	N	Q	S	T	A	V	L	I	F	Y	W	H	M	C	P
0	0.06124	0.01306	0.07651	0.01056	0.01417	0.04847	0.02547	0.32777	0.03090	0.09079	0.01578	0.04632	0.03607	0.00769	0.02574	0.00177	0.00551	0.00536	0.14932	0.00750
1	0.05880	0.08928	0.04571	0.01078	0.01388	0.12989	0.00900	0.12947	0.22575	0.03328	0.03976	0.03191	0.01332	0.00700	0.00559	0.00165	0.04299	0.03092	0.07380	0.00721
2	0.00769	0.00528	0.00644	0.00653	0.00675	0.00545	0.00408	0.00814	0.00815	0.01106	0.01732	0.08838	0.01944	0.59756	0.18027	0.00568	0.00691	0.00793	0.00330	0.00364
3	0.01304	0.41435	0.17659	0.01301	0.04670	0.01672	0.09728	0.04736	0.01166	0.01512	0.00989	0.04865	0.00885	0.02601	0.00551	0.00156	0.03360	0.00442	0.00264	0.00705
4	0.00997	0.00789	0.00979	0.00810	0.01088	0.00705	0.03512	0.07381	0.03289	0.03331	0.28083	0.06136	0.16602	0.00902	0.00560	0.00149	0.00359	0.00778	0.00480	0.23069
5	0.00677	0.00519	0.00624	0.00680	0.00788	0.00466	0.00495	0.00819	0.01181	0.01518	0.13268	0.36323	0.31842	0.01470	0.00664	0.00200	0.00304	0.07196	0.00510	0.00456
6	0.01837	0.01496	0.01422	0.01181	0.01520	0.18803	0.02470	0.22047	0.17833	0.16525	0.03300	0.01636	0.03297	0.00682	0.00577	0.00165	0.03402	0.00521	0.00488	0.00797
7	0.01167	0.09066	0.58771	0.01683	0.09838	0.01339	0.05316	0.03722	0.01183	0.01716	0.00965	0.01149	0.00711	0.00504	0.00505	0.00165	0.00759	0.00409	0.00241	0.00790
8	0.00966	0.00751	0.01023	0.00892	0.01057	0.00773	0.05489	0.05263	0.04476	0.04030	0.40303	0.03392	0.09103	0.09361	0.00948	0.00216	0.07752	0.03157	0.00497	0.00552
9	0.01681	0.30097	0.03300	0.01230	0.03984	0.23287	0.03806	0.15011	0.01499	0.03768	0.02502	0.01112	0.00851	0.00535	0.00451	0.00135	0.00686	0.00382	0.00324	0.05360
10	0.00657	0.00476	0.00615	0.00724	0.00767	0.00441	0.00484	0.00751	0.01034	0.01364	0.03115	0.71481	0.09639	0.04760	0.00761	0.00227	0.00316	0.01464	0.00492	0.00433
11	0.01122	0.06087	0.02807	0.03144	0.11578	0.06116	0.04940	0.02691	0.04965	0.01561	0.08685	0.10449	0.01716	0.04029	0.09207	0.00271	0.15885	0.03789	0.00347	0.00612

[dist]
# distance from previous block
# <min> <max>
0	3

[block]
# block no. 6 follows, 45 sequences, length 32
# corresponding to MSA columns:
# 304-335
name=unknown_G
#
# <colnr> <probs for GDERKNQSTAVLIFYWHMCP>
#	G	D	E	R	K	N	Q	S	T	A	V	L	I	F	Y	W	H	M	C	P
0	0.07276	0.17416	0.23629	0.01172	0.01621	0.01358	0.04601	0.07874	0.07954	0.03332	0.01284	0.08552	0.01106	0.00726	0.01906	0.00177	0.04659	0.00522	0.04125	0.00710
1	0.00977	0.05973	0.10618	0.00909	0.04728	0.00796	0.00696	0.03504	0.00976	0.03481	0.01567	0.08292	0.01675	0.48034	0.01818	0.00371	0.00544	0.00705	0.00333	0.04003
2	0.60394	0.01045	0.00959	0.00860	0.03622	0.01142	0.00671	0.04582	0.03226	0.12510	0.01013	0.01078	0.00746	0.00526	0.00384	0.00161	0.00434	0.00348	0.00387	0.05913
3	0.01275	0.15254	0.44615	0.01567	0.06693	0.03970	0.08985	0.04275	0.03354	0.03697	0.01014	0.01174	0.00757	0.00510	0.00498	0.00160	0.00739	0.00418	0.00267	0.00776
4	0.07106	0.01412	0.02030	0.11072	0.42865	0.10845	0.10105	0.05049	0.01286	0.01772	0.00985	0.01276	0.00796	0.00500	0.00525	0.00162	0.00701	0.00467	0.00282	0.00764
5	0.03379	0.01758	0.23962	0.02041	0.08486	0.01281	0.44460	0.01667	0.01208	0.01721	0.01108	0.04364	0.00878	0.00519	0.00585	0.00177	0.00817	0.00580	0.00269	0.00739
6	0.00842	0.00577	0.00647	0.00632	0.00668	0.00581	0.00381	0.05288	0.00919	0.01218	0.01901	0.08127	0.05161	0.68148	0.02389	0.00466	0.00502	0.00823	0.00356	0.00373
7	0.00707	0.00550	0.00644	0.00630	0.00782	0.00487	0.00479	0.00905	0.01368	0.01799	0.40296	0.04649	0.38658	0.01238	0.00639	0.00179	0.00274	0.04692	0.00543	0.00481
8	0.01665	0.01625	0.01379	0.01204	0.01524	0.23720	0.00937	0.16862	0.40735	0.02199	0.01621	0.01567	0.01225	0.00662	0.00527	0.00165	0.00613	0.00508	0.00467	0.00797
9	0.00833	0.00566	0.00736	0.00684	0.00826	0.00518	0.00516	0.01080	0.01510	0.05676	0.71610	0.03946	0.07281	0.01086	0.00629	0.00169	0.00263	0.00956	0.00591	0.00524
10	0.84927	0.01038	0.00789	0.00706	0.01038	0.01204	0.00581	0.01578	0.00914	0.02408	0.00747	0.00872	0.00581	0.00498	0.00332	0.00166	0.00415	0.00291	0.00332	0.00581
11	0.00932	0.00466	0.00699	0.00699	0.00699	0.00466	0.00466	0.00699	0.00699	0.00932	0.00932	0.01632	0.00932	0.01865	0.02098	0.84382	0.00466	0.00466	0.00233	0.00233
12	0.84927	0.01038	0.00789	0.00706	0.01038	0.01204	0.00581	0.01578	0.00914	0.02408	0.00747	0.00872	0.00581	0.00498	0.00332	0.00166	0.00415	0.00291	0.00332	0.00581
13	0.01418	0.01259	0.02035	0.05525	0.62180	0.01289	0.01522	0.07232	0.03436	0.05428	0.01106	0.01368	0.00891	0.00519	0.00561	0.00163	0.02430	0.00485	0.00311	0.00843
14	0.01329	0.01275	0.02179	0.03295	0.77787	0.01275	0.01647	0.01647	0.01222	0.01754	0.01010	0.01329	0.00850	0.00478	0.00531	0.00159	0.00638	0.00478	0.00266	0.00850
15	0.03793	0.04548	0.74095	0.01489	0.02260	0.01266	0.01913	0.01694	0.01125	0.01713	0.00951	0.01119	0.00677	0.00508	0.00500	0.00169	0.00776	0.00391	0.00230	0.00784
16	0.01335	0.01153	0.01214	0.01092	0.01396	0.01335	0.00850	0.02852	0.76817	0.02245	0.02185	0.02003	0.01639	0.00728	0.00546	0.00182	0.00425	0.00607	0.00546	0.00850
17	0.01267	0.01448	0.03167	0.02262	0.02805	0.01357	0.75837	0.01719	0.01267	0.01719	0.01086	0.01448	0.00814	0.00452	0.00633	0.00181	0.00905	0.00633	0.00271	0.00724
18	0.00781	0.00520	0.00585	0.00585	0.00585	0.00520	0.00325	0.00781	0.00781	0.01041	0.01691	0.03513	0.01952	0.81135	0.02732	0.00520	0.00520	0.00781	0.00325	0.00325
19	0.01191	0.01201	0.01790	0.01586	0.06093	0.01601	0.06761	0.01345	0.00879	0.01351	0.00751	0.01204	0.00722	0.00876	0.01604	0.00226	0.69485	0.00482	0.00239	0.00613
20	0.84927	0.01038	0.00789	0.00706	0.01038	0.01204	0.00581	0.01578	0.00914	0.02408	0.00747	0.00872	0.00581	0.00498	0.00332	0.00166	0.00415	0.00291	0.00332	0.00581
21	0.01967	0.01467	0.01569	0.01220	0.01636	0.01630	0.01002	0.68330	0.10311	0.03264	0.01383	0.01364	0.00989	0.00653	0.00538	0.00163	0.00573	0.00496	0.00538	0.00906
22	0.01265	0.01990	0.48111	0.01286	0.01880	0.01026	0.03094	0.01730	0.01250	0.15960	0.08901	0.04478	0.03910	0.00681	0.00545	0.00173	0.00641	0.01954	0.00368	0.00757
23	0.84927	0.01038	0.00789	0.00706	0.01038	0.01204	0.00581	0.01578	0.00914	0.02408	0.00747	0.00872	0.00581	0.00498	0.00332	0.00166	0.00415	0.00291	0.00332	0.00581
24	0.01329	0.01275	0.02179	0.03295	0.77787	0.01275	0.01647	0.01647	0.01222	0.01754	0.01010	0.01329	0.00850	0.00478	0.00531	0.00159	0.00638	0.00478	0.00266	0.00850
25	0.01816	0.03327	0.03800	0.01528	0.10030	0.04618	0.15477	0.06285	0.05040	0.34336	0.01562	0.01589	0.01089	0.00739	0.03878	0.00197	0.02877	0.00532	0.00464	0.00817
26	0.02242	0.01054	0.05944	0.01177	0.07554	0.00855	0.00929	0.02483	0.01487	0.67449	0.01960	0.01745	0.01252	0.00640	0.00537	0.00166	0.00491	0.00526	0.00606	0.00901
27	0.02096	0.00897	0.01257	0.12557	0.01675	0.00828	0.00870	0.02322	0.01449	0.62243	0.02145	0.01969	0.05810	0.00687	0.00545	0.00169	0.00484	0.00566	0.00592	0.00839
28	0.01201	0.01224	0.05016	0.07044	0.48189	0.03647	0.02691	0.01542	0.03784	0.01703	0.06049	0.03150	0.07941	0.00699	0.01917	0.00179	0.02377	0.00584	0.00316	0.00749
29	0.01517	0.04650	0.11924	0.01574	0.14985	0.01069	0.11035	0.05718	0.02744	0.22871	0.07133	0.03368	0.07619	0.00680	0.00556	0.00168	0.00572	0.00607	0.00435	0.00776
30	0.03367	0.01397	0.09436	0.02645	0.53084	0.01256	0.04783	0.05532	0.04893	0.01861	0.01211	0.01449	0.03282	0.00527	0.00529	0.00161	0.00628	0.00495	0.00300	0.03163
31	0.01296	0.01394	0.14190	0.03891	0.03592	0.02299	0.05518	0.13708	0.12950	0.03244	0.06303	0.04351	0.01308	0.00615	0.00513	0.00148	0.00543	0.00520	0.00395	0.23222

[dist]
# distance from previous block
# <min> <max>
3	13

[block]
# block no. 7 follows, 45 sequences, length 24
# corresponding to MSA columns:
# 393-416
name=unknown_H
#
# <colnr> <probs for GDERKNQSTAVLIFYWHMCP>
#	G	D	E	R	K	N	Q	S	T	A	V	L	I	F	Y	W	H	M	C	P
0	0.01322	0.15236	0.27256	0.03094	0.06940	0.04556	0.06941	0.07455	0.03524	0.06379	0.03536	0.01622	0.05838	0.03330	0.00584	0.00172	0.00655	0.00499	0.00327	0.00736
1	0.04496	0.07794	0.14862	0.01210	0.05209	0.05301	0.03765	0.13080	0.03209	0.03921	0.01617	0.17772	0.03194	0.06781	0.02755	0.00218	0.03077	0.00699	0.00377	0.00662
2	0.01420	0.36827	0.01911	0.00984	0.01329	0.08468	0.03343	0.08426	0.02976	0.07327	0.03598	0.13133	0.06677	0.00765	0.00481	0.00150	0.00542	0.00607	0.00371	0.00667
3	0.01472	0.41024	0.07673	0.01057	0.01489	0.12140	0.00985	0.07240	0.08820	0.01612	0.01047	0.01239	0.00890	0.00545	0.00428	0.00133	0.00611	0.02841	0.00307	0.08449
4	0.26299	0.10039	0.01659	0.04411	0.10067	0.08109	0.12087	0.02916	0.01156	0.03511	0.03577	0.03385	0.00973	0.00570	0.00506	0.00160	0.03501	0.00457	0.04361	0.02257
5	0.01337	0.07576	0.03667	0.12250	0.11169	0.06336	0.03161	0.16224	0.07297	0.03432	0.01837	0.09864	0.08485	0.00797	0.00554	0.00172	0.00574	0.04169	0.00398	0.00700
6	0.00914	0.00701	0.00819	0.00722	0.00952	0.00635	0.00554	0.02893	0.07524	0.03569	0.29612	0.06162	0.20561	0.01048	0.02348	0.00172	0.00340	0.00831	0.02984	0.16659
7	0.01299	0.01341	0.06729	0.25874	0.16860	0.07491	0.07083	0.11830	0.01357	0.01782	0.03738	0.03554	0.02480	0.00643	0.00628	0.02069	0.03703	0.00531	0.00313	0.00695
8	0.00672	0.00540	0.00575	0.00571	0.00736	0.00464	0.00426	0.00831	0.01264	0.01591	0.17650	0.07230	0.59613	0.01295	0.00625	0.00178	0.00269	0.01092	0.03914	0.00464
9	0.01570	0.03151	0.01310	0.01070	0.01403	0.01342	0.00856	0.25029	0.40548	0.06601	0.04059	0.01806	0.01459	0.00696	0.00528	0.00169	0.00463	0.00561	0.06546	0.00833
10	0.00932	0.00466	0.00699	0.00699	0.00699	0.00466	0.00466	0.00699	0.00699	0.00932	0.00932	0.01632	0.00932	0.01865	0.02098	0.84382	0.00466	0.00466	0.00233	0.00233
11	0.01050	0.00991	0.01675	0.71077	0.12183	0.01202	0.01509	0.01403	0.01090	0.01415	0.00960	0.01419	0.00731	0.00530	0.00536	0.00177	0.00707	0.00477	0.00242	0.00625
12	0.61311	0.07596	0.04309	0.00807	0.01183	0.01240	0.00708	0.04041	0.01069	0.12195	0.00952	0.01020	0.00702	0.00522	0.00374	0.00162	0.00455	0.00333	0.00369	0.00653
13	0.01435	0.81458	0.02813	0.00918	0.01378	0.02124	0.00918	0.01607	0.01091	0.01263	0.00746	0.00861	0.00689	0.00459	0.00344	0.00115	0.00574	0.00287	0.00230	0.00689
14	0.64304	0.03430	0.00951	0.00775	0.01114	0.01234	0.00641	0.10968	0.01155	0.05044	0.00921	0.01023	0.00698	0.00529	0.00368	0.00162	0.00434	0.00336	0.05282	0.00633
15	0.01636	0.03837	0.18620	0.01284	0.01742	0.09180	0.05741	0.22228	0.08244	0.12881	0.01478	0.05793	0.01161	0.00682	0.00542	0.00169	0.00641	0.02913	0.00432	0.00794
16	0.00723	0.00572	0.02950	0.00787	0.00860	0.00530	0.00581	0.00858	0.00987	0.01354	0.02416	0.48114	0.02756	0.09185	0.17971	0.00383	0.00599	0.05178	0.02744	0.00451
17	0.00778	0.00532	0.00642	0.00642	0.00662	0.00551	0.00396	0.00817	0.00797	0.01083	0.01639	0.03225	0.01826	0.65314	0.18383	0.00591	0.00709	0.00738	0.00318	0.00357
18	0.02140	0.00850	0.01148	0.00901	0.01268	0.00741	0.00736	0.02355	0.01518	0.65357	0.11872	0.02117	0.01815	0.00719	0.00546	0.00165	0.00422	0.00594	0.03890	0.00845
19	0.00806	0.00561	0.00717	0.00670	0.00814	0.00511	0.00505	0.01043	0.01486	0.04857	0.66336	0.04065	0.13383	0.01112	0.00630	0.00170	0.00263	0.00974	0.00583	0.00515
20	0.27529	0.01456	0.01310	0.01075	0.01441	0.11453	0.00871	0.38759	0.04443	0.02713	0.01098	0.01168	0.00820	0.00690	0.02783	0.00181	0.00604	0.00413	0.00433	0.00758
21	0.00836	0.00593	0.00743	0.00734	0.00801	0.00634	0.00510	0.03473	0.03054	0.01280	0.01744	0.04763	0.03085	0.41795	0.28587	0.00585	0.00820	0.03558	0.01977	0.00428
22	0.00825	0.00570	0.00739	0.00792	0.03248	0.00535	0.00544	0.00998	0.03288	0.04872	0.23915	0.29982	0.13754	0.05480	0.00845	0.05553	0.00334	0.02741	0.00499	0.00486
23	0.07607	0.10400	0.01523	0.03354	0.01460	0.12650	0.05860	0.11112	0.02641	0.05144	0.01343	0.05608	0.01199	0.00750	0.00671	0.00172	0.11250	0.07205	0.09402	0.00648

[dist]
# distance from previous block
# <min> <max>
2	5

[block]
# block no. 8 follows, 45 sequences, length 34
# corresponding to MSA columns:
# 422,423,427-442,444-459
name=unknown_I
#
# <colnr> <probs for GDERKNQSTAVLIFYWHMCP>
#	G	D	E	R	K	N	Q	S	T	A	V	L	I	F	Y	W	H	M	C	P
0	0.01012	0.00942	0.01588	0.77890	0.03623	0.01175	0.01465	0.01355	0.01064	0.01361	0.00954	0.01436	0.00721	0.00569	0.00575	0.02259	0.00709	0.00477	0.00238	0.00587
1	0.01159	0.00960	0.01469	0.18239	0.07823	0.01045	0.10182	0.04824	0.11695	0.04152	0.01626	0.05152	0.01426	0.03131	0.03581	0.00218	0.03115	0.09716	0.09839	0.00649
2	0.00749	0.00525	0.00585	0.00586	0.00628	0.00505	0.00354	0.00791	0.00910	0.01185	0.06519	0.05407	0.16506	0.60075	0.02180	0.00431	0.00455	0.00873	0.00376	0.00362
3	0.01264	0.01204	0.02046	0.11467	0.66232	0.01228	0.01578	0.01576	0.01197	0.01695	0.01093	0.04984	0.00960	0.00540	0.00539	0.00164	0.00631	0.00526	0.00273	0.00804
4	0.00744	0.00585	0.00676	0.00647	0.00807	0.00537	0.00487	0.01028	0.06165	0.01864	0.42550	0.04367	0.35215	0.01184	0.00628	0.00175	0.00272	0.01016	0.00549	0.00506
5	0.00778	0.00530	0.00635	0.00635	0.00652	0.00547	0.00387	0.00812	0.00795	0.01078	0.01646	0.03261	0.01842	0.67329	0.16389	0.00582	0.00685	0.00744	0.00319	0.00353
6	0.01716	0.37102	0.02103	0.01202	0.03431	0.33423	0.00992	0.08594	0.04134	0.01523	0.00888	0.00996	0.00748	0.00525	0.00431	0.00132	0.00733	0.00345	0.00289	0.00692
7	0.01196	0.01111	0.01758	0.42226	0.29924	0.03070	0.01462	0.05084	0.01213	0.01630	0.01061	0.01514	0.00855	0.00549	0.00534	0.00170	0.00667	0.02385	0.02893	0.00698
8	0.01133	0.09118	0.58187	0.01537	0.06199	0.04164	0.03648	0.01646	0.01146	0.01631	0.01072	0.06168	0.00876	0.00578	0.00511	0.00167	0.00745	0.00468	0.00249	0.00757
9	0.81142	0.01032	0.00810	0.00717	0.01053	0.01185	0.00591	0.01626	0.00942	0.05883	0.00810	0.00916	0.00616	0.00506	0.00342	0.00166	0.00417	0.00302	0.00347	0.00597
10	0.01158	0.05213	0.03217	0.02149	0.10276	0.04506	0.03756	0.03317	0.13370	0.06082	0.20915	0.02874	0.13932	0.00879	0.00609	0.00173	0.02608	0.03846	0.00461	0.00659
11	0.00678	0.00490	0.00649	0.00753	0.00805	0.00452	0.00512	0.00785	0.01048	0.01410	0.04803	0.74194	0.03479	0.01616	0.00675	0.00212	0.00317	0.03156	0.00494	0.03472
12	0.01183	0.01230	0.02334	0.01855	0.06965	0.03354	0.45328	0.01587	0.03976	0.01739	0.08024	0.05254	0.01438	0.00697	0.01982	0.00191	0.04183	0.02730	0.05274	0.00672
13	0.00947	0.00694	0.00923	0.00870	0.00986	0.00795	0.00668	0.09294	0.01049	0.01503	0.01431	0.02138	0.01337	0.13076	0.50766	0.01866	0.04941	0.00580	0.05626	0.00511
14	0.01271	0.01066	0.01151	0.01052	0.02868	0.01191	0.00801	0.09347	0.52953	0.02242	0.08909	0.02462	0.10711	0.00820	0.00563	0.00178	0.00412	0.00685	0.00538	0.00780
15	0.06013	0.01424	0.01468	0.01149	0.01549	0.06369	0.00941	0.54399	0.02187	0.13520	0.01368	0.01353	0.00960	0.00634	0.00517	0.00159	0.00573	0.00474	0.04081	0.00861
16	0.01077	0.02777	0.78354	0.01530	0.02323	0.01247	0.01983	0.01700	0.01133	0.01700	0.00963	0.01133	0.00680	0.00510	0.00510	0.00170	0.00793	0.00397	0.00227	0.00793
17	0.01180	0.05121	0.01607	0.05563	0.23201	0.07157	0.06581	0.01459	0.03129	0.01633	0.04150	0.13627	0.02516	0.00715	0.00561	0.00156	0.02786	0.00635	0.03448	0.14774
18	0.01030	0.00821	0.01165	0.00990	0.01222	0.00813	0.12464	0.07078	0.10693	0.02971	0.11066	0.16219	0.15742	0.01010	0.00623	0.02220	0.00425	0.00876	0.11980	0.00591
19	0.03715	0.10543	0.01655	0.01197	0.02857	0.17899	0.05652	0.14486	0.02666	0.13611	0.01163	0.01248	0.00880	0.00625	0.02072	0.00156	0.03637	0.00420	0.00386	0.15131
20	0.54567	0.01388	0.07833	0.03053	0.04126	0.10526	0.03180	0.03869	0.01087	0.02159	0.00851	0.01005	0.00660	0.00513	0.00395	0.00162	0.00545	0.00342	0.03112	0.00627
21	0.00669	0.00479	0.00626	0.00732	0.00771	0.00448	0.00491	0.00768	0.01043	0.01390	0.06198	0.68950	0.05822	0.06675	0.00812	0.00234	0.00324	0.02643	0.00491	0.00434
22	0.07753	0.05145	0.47549	0.05568	0.04355	0.03281	0.10761	0.03008	0.01158	0.01731	0.01007	0.02824	0.00773	0.00599	0.02096	0.00183	0.00765	0.00447	0.00256	0.00740
23	0.09140	0.13415	0.30655	0.01161	0.01687	0.01270	0.02541	0.08873	0.03114	0.08407	0.07201	0.01483	0.02326	0.00675	0.02448	0.00175	0.00621	0.00459	0.00351	0.04000
24	0.02785	0.01212	0.01225	0.01038	0.03274	0.13343	0.01839	0.11095	0.02436	0.11664	0.06872	0.01690	0.04322	0.00641	0.00557	0.00141	0.05092	0.00491	0.09335	0.20948
25	0.00694	0.00530	0.00631	0.00682	0.00786	0.00485	0.00489	0.00852	0.02676	0.01490	0.11148	0.34857	0.29547	0.06510	0.00793	0.00221	0.00320	0.06338	0.00497	0.00454
26	0.03663	0.04072	0.01342	0.01005	0.01388	0.01126	0.00829	0.26429	0.05119	0.37671	0.05170	0.01714	0.01340	0.00667	0.00522	0.00161	0.00480	0.00527	0.05925	0.00851
27	0.00932	0.00466	0.00699	0.00699	0.00699	0.00466	0.00466	0.00699	0.00699	0.00932	0.00932	0.01632	0.00932	0.01865	0.02098	0.84382	0.00466	0.00466	0.00233	0.00233
28	0.04738	0.01149	0.01846	0.41991	0.29709	0.03710	0.04898	0.01517	0.01138	0.01564	0.00963	0.01353	0.00761	0.00518	0.00549	0.00171	0.02005	0.00472	0.00255	0.00692
29	0.01157	0.00983	0.01136	0.00824	0.01292	0.00778	0.00660	0.04193	0.04460	0.01832	0.01020	0.01158	0.00836	0.00421	0.00409	0.00087	0.00406	0.00337	0.00336	0.77675
30	0.01758	0.01306	0.01412	0.01140	0.01498	0.01442	0.00926	0.55231	0.11343	0.02951	0.01596	0.06904	0.01301	0.02166	0.00590	0.00176	0.00536	0.03706	0.03187	0.00832
31	0.69777	0.01281	0.09083	0.00927	0.04534	0.03684	0.00791	0.01612	0.00970	0.02270	0.00784	0.00923	0.00607	0.00500	0.00365	0.00165	0.00483	0.00312	0.00316	0.00617
32	0.01803	0.02185	0.04800	0.04652	0.01700	0.55785	0.01049	0.10035	0.03383	0.01585	0.01092	0.07362	0.00965	0.00654	0.00511	0.00151	0.00844	0.00468	0.00325	0.00651
33	0.00767	0.00497	0.00680	0.00732	0.00783	0.00469	0.00500	0.00787	0.00972	0.01321	0.08588	0.45532	0.02735	0.01692	0.03106	0.24994	0.00385	0.01091	0.00415	0.03954

[dist]
# distance from previous block
# <min> <max>
0	1

[block]
# block no. 9 follows, 45 sequences, length 31
# corresponding to MSA columns:
# 461-465,467-490,492,493
name=unknown_J
#
# <colnr> <probs for GDERKNQSTAVLIFYWHMCP>
#	G	D	E	R	K	N	Q	S	T	A	V	L	I	F	Y	W	H	M	C	P
0	0.00643	0.00539	0.00561	0.00576	0.00742	0.00457	0.00430	0.00779	0.01206	0.01447	0.05129	0.12188	0.68445	0.01393	0.00642	0.00187	0.00282	0.03403	0.00498	0.00453
1	0.02330	0.00950	0.01258	0.00974	0.01383	0.00855	0.00801	0.05444	0.06054	0.70774	0.02090	0.01817	0.01331	0.00667	0.00540	0.00167	0.00460	0.00542	0.00652	0.00910
2	0.04169	0.00927	0.01056	0.01040	0.06149	0.00992	0.00743	0.10541	0.26322	0.03301	0.11599	0.05829	0.11635	0.07498	0.00745	0.00205	0.00419	0.03103	0.03054	0.00675
3	0.01333	0.01079	0.01179	0.00980	0.01341	0.01111	0.00772	0.07175	0.42754	0.04588	0.01724	0.01675	0.01308	0.00614	0.00492	0.00146	0.00421	0.00503	0.04157	0.26650
4	0.01207	0.01427	0.07769	0.06322	0.02625	0.01286	0.58224	0.01637	0.01228	0.01684	0.01182	0.01716	0.00950	0.00544	0.00657	0.00185	0.03392	0.05170	0.02094	0.00698
5	0.01056	0.01027	0.03405	0.26156	0.21691	0.02616	0.03822	0.01372	0.03660	0.01543	0.03108	0.06346	0.12681	0.00786	0.00647	0.02164	0.03632	0.02087	0.01564	0.00636
6	0.00814	0.00616	0.00770	0.00794	0.00868	0.00639	0.00569	0.05503	0.01104	0.01473	0.04607	0.41177	0.11040	0.14106	0.03596	0.00280	0.06586	0.04542	0.00448	0.00468
7	0.01329	0.10959	0.03975	0.01121	0.04793	0.15754	0.04169	0.01558	0.01214	0.03555	0.01195	0.04894	0.02098	0.00573	0.00462	0.00124	0.00570	0.03667	0.02017	0.35972
8	0.01798	0.22880	0.06886	0.01273	0.01630	0.54108	0.01069	0.01976	0.01385	0.01326	0.00817	0.00951	0.00690	0.00526	0.00450	0.00134	0.00855	0.00334	0.00261	0.00651
9	0.01323	0.01292	0.02155	0.08464	0.68296	0.03301	0.04014	0.01644	0.01221	0.01715	0.01004	0.01330	0.00836	0.00483	0.00534	0.00161	0.00660	0.00480	0.00264	0.00823
10	0.01046	0.00877	0.01196	0.01116	0.02841	0.01082	0.00871	0.09162	0.03461	0.01541	0.01336	0.07789	0.01276	0.02387	0.37478	0.00515	0.24523	0.00606	0.00323	0.00574
11	0.01049	0.02957	0.00988	0.00888	0.03491	0.00796	0.02066	0.03982	0.15676	0.06724	0.32937	0.05738	0.12830	0.04043	0.00671	0.00185	0.00358	0.00835	0.03173	0.00614
12	0.00732	0.00557	0.00664	0.00645	0.00782	0.00508	0.00478	0.00953	0.02889	0.01828	0.44580	0.06318	0.28008	0.06170	0.00766	0.00198	0.00286	0.02615	0.00539	0.00483
13	0.05619	0.01024	0.01221	0.00974	0.01337	0.01020	0.00792	0.19190	0.09087	0.39336	0.08989	0.01952	0.03036	0.00711	0.00536	0.00166	0.00454	0.00573	0.03151	0.00833
14	0.00730	0.00499	0.00600	0.00650	0.00663	0.00487	0.00394	0.00767	0.00879	0.01172	0.02197	0.34345	0.02589	0.49433	0.01915	0.00400	0.00437	0.01078	0.00394	0.00369
15	0.00772	0.00523	0.00618	0.00635	0.00649	0.00526	0.00386	0.00803	0.00828	0.01108	0.01841	0.10546	0.02109	0.65633	0.07198	0.00502	0.00557	0.04065	0.00346	0.00352
16	0.01077	0.02777	0.78354	0.01530	0.02323	0.01247	0.01983	0.01700	0.01133	0.01700	0.00963	0.01133	0.00680	0.00510	0.00510	0.00170	0.00793	0.00397	0.00227	0.00793
17	0.01308	0.01254	0.02141	0.08321	0.72922	0.01270	0.01637	0.01629	0.01212	0.01729	0.01006	0.01335	0.00841	0.00482	0.00532	0.00161	0.00643	0.00478	0.00264	0.00834
18	0.02005	0.02558	0.01521	0.01383	0.01659	0.78980	0.01037	0.02143	0.01521	0.01314	0.00830	0.00968	0.00691	0.00553	0.00484	0.00138	0.00968	0.00346	0.00277	0.00622
19	0.84927	0.01038	0.00789	0.00706	0.01038	0.01204	0.00581	0.01578	0.00914	0.02408	0.00747	0.00872	0.00581	0.00498	0.00332	0.00166	0.00415	0.00291	0.00332	0.00581
20	0.00663	0.00474	0.00634	0.00758	0.00793	0.00444	0.00514	0.00763	0.01037	0.01381	0.02953	0.77500	0.03530	0.01673	0.00688	0.00219	0.00319	0.04720	0.00498	0.00439
21	0.01208	0.01145	0.01940	0.24608	0.52816	0.01210	0.01549	0.01529	0.01175	0.01631	0.01098	0.03966	0.00950	0.00556	0.00543	0.00169	0.00646	0.02233	0.00271	0.00758
22	0.01115	0.01091	0.01529	0.01332	0.01340	0.01505	0.01099	0.01236	0.00838	0.01294	0.00893	0.06182	0.00924	0.01189	0.06797	0.00275	0.69993	0.00542	0.00255	0.00571
23	0.32592	0.01138	0.01322	0.35086	0.07029	0.06332	0.01094	0.04559	0.03065	0.01884	0.00917	0.01194	0.00704	0.00529	0.00457	0.00170	0.00602	0.00402	0.00298	0.00627
24	0.03538	0.24004	0.49190	0.01326	0.01975	0.06323	0.01575	0.03451	0.01173	0.01617	0.00898	0.01046	0.00686	0.00502	0.00459	0.00153	0.00730	0.00363	0.00241	0.00751
25	0.00734	0.00513	0.00587	0.00613	0.00645	0.00493	0.00373	0.00772	0.00894	0.01167	0.02481	0.19905	0.12877	0.53345	0.02010	0.00410	0.00442	0.00986	0.00386	0.00366
26	0.01266	0.04136	0.07998	0.01181	0.06701	0.06217	0.00927	0.12311	0.21203	0.02063	0.12131	0.08892	0.06871	0.00815	0.00551	0.00167	0.00492	0.00682	0.00455	0.04938
27	0.00657	0.00485	0.00617	0.00719	0.00780	0.00445	0.00494	0.00763	0.01069	0.01392	0.03389	0.65179	0.16488	0.01619	0.00678	0.00212	0.00310	0.03764	0.00498	0.00441
