[name]
unknown

[dist]
# distance from previous block
# <min> <max>
0	37

[block]
# block no. 0 follows, 68 sequences, length 19
# corresponding to MSA columns:
# 37-55
name=unknown_A
#
# <colnr> <probs for GDERKNQSTAVLIFYWHMCP>
#	G	D	E	R	K	N	Q	S	T	A	V	L	I	F	Y	W	H	M	C	P
0	0.00683	0.00507	0.00672	0.00740	0.00848	0.00524	0.00637	0.00986	0.11435	0.01247	0.02037	0.04088	0.02144	0.01024	0.00529	0.00176	0.00359	0.70593	0.00370	0.00399
1	0.01103	0.77674	0.01980	0.00713	0.01039	0.10044	0.00687	0.01228	0.00838	0.00937	0.00558	0.00644	0.00509	0.00346	0.00265	0.00087	0.00454	0.00216	0.00173	0.00504
2	0.00626	0.00541	0.00661	0.09262	0.05714	0.02681	0.01465	0.04278	0.00986	0.01259	0.21622	0.05614	0.42169	0.00820	0.00452	0.00130	0.00277	0.00700	0.00349	0.00392
3	0.01130	0.00910	0.00974	0.00836	0.01081	0.01032	0.00668	0.27301	0.52515	0.01896	0.01434	0.01489	0.01104	0.00551	0.00410	0.00132	0.00355	0.05156	0.00399	0.00627
4	0.03334	0.00762	0.01002	0.00834	0.02357	0.04031	0.10373	0.06391	0.10917	0.14218	0.01312	0.09642	0.04362	0.00622	0.00507	0.05790	0.03041	0.04501	0.00319	0.15685
5	0.00602	0.00509	0.00703	0.00715	0.02707	0.03836	0.07516	0.01785	0.00842	0.01115	0.10138	0.60325	0.03435	0.02022	0.00516	0.00153	0.01426	0.00944	0.00346	0.00364
6	0.00577	0.00384	0.00432	0.00432	0.00432	0.00384	0.00240	0.00577	0.00577	0.00769	0.01249	0.02595	0.01441	0.86066	0.02018	0.00384	0.00384	0.00577	0.00240	0.00240
7	0.00930	0.00890	0.01517	0.20576	0.65849	0.00929	0.01191	0.01172	0.00879	0.01233	0.00737	0.00998	0.00606	0.00363	0.00393	0.00121	0.00484	0.00353	0.00192	0.00587
8	0.01559	0.00683	0.00890	0.00701	0.00974	0.00626	0.00571	0.11336	0.01204	0.61667	0.10238	0.05263	0.01313	0.00557	0.00411	0.00124	0.00328	0.00460	0.00468	0.00627
9	0.04733	0.00651	0.00765	0.00644	0.00818	0.00702	0.05269	0.20744	0.03972	0.01664	0.01238	0.01373	0.04565	0.00619	0.04678	0.00137	0.04023	0.00391	0.42549	0.00465
10	0.00544	0.00405	0.00506	0.00481	0.00582	0.00367	0.00361	0.00715	0.01082	0.01493	0.68585	0.03121	0.18600	0.00847	0.00468	0.00126	0.00190	0.00739	0.00424	0.00367
11	0.00923	0.06351	0.01538	0.12034	0.56144	0.00932	0.05677	0.01156	0.00886	0.01226	0.00860	0.01305	0.00764	0.00427	0.00403	0.00124	0.00476	0.07997	0.00208	0.00568
12	0.01008	0.00926	0.09486	0.00843	0.01105	0.00883	0.04229	0.04007	0.52429	0.09617	0.04467	0.06832	0.01256	0.00561	0.00412	0.00133	0.00353	0.00479	0.00378	0.00596
13	0.00588	0.00464	0.00633	0.06070	0.07033	0.00444	0.00483	0.00763	0.01019	0.01392	0.50146	0.06987	0.17247	0.00817	0.00463	0.00131	0.00243	0.04306	0.00383	0.00388
14	0.05515	0.02384	0.01285	0.36474	0.23107	0.03416	0.03137	0.08974	0.08056	0.01327	0.00804	0.01022	0.00623	0.00406	0.00401	0.00126	0.01831	0.00352	0.00227	0.00531
15	0.00821	0.00702	0.04121	0.00761	0.03798	0.00701	0.00575	0.07920	0.31559	0.03595	0.03391	0.30581	0.07341	0.00804	0.00444	0.00141	0.00303	0.01571	0.00374	0.00498
16	0.04629	0.00779	0.01323	0.41109	0.07259	0.00893	0.15742	0.01105	0.05313	0.01160	0.04128	0.01155	0.00741	0.00593	0.05870	0.00166	0.06962	0.00392	0.00210	0.00471
17	0.01209	0.07119	0.02437	0.08997	0.02687	0.48215	0.07326	0.03270	0.04596	0.01095	0.03712	0.05923	0.00795	0.00466	0.00380	0.00113	0.00597	0.00360	0.00229	0.00473
18	0.00926	0.00918	0.04611	0.06986	0.59419	0.01914	0.01084	0.03051	0.03087	0.01297	0.04415	0.01142	0.01724	0.00560	0.05791	0.00152	0.00497	0.00376	0.00218	0.01832

[dist]
# distance from previous block
# <min> <max>
15	26

[block]
# block no. 1 follows, 68 sequences, length 29
# corresponding to MSA columns:
# 88-116
name=unknown_B
#
# <colnr> <probs for GDERKNQSTAVLIFYWHMCP>
#	G	D	E	R	K	N	Q	S	T	A	V	L	I	F	Y	W	H	M	C	P
0	0.02504	0.00949	0.05422	0.21466	0.33910	0.02723	0.07305	0.05444	0.04930	0.07192	0.00836	0.01033	0.00643	0.00402	0.00429	0.00126	0.03528	0.00362	0.00232	0.00566
1	0.03403	0.26087	0.01321	0.00786	0.01066	0.11782	0.00669	0.30200	0.07672	0.01630	0.00871	0.00954	0.00690	0.00433	0.00337	0.00105	0.00431	0.01514	0.07229	0.02820
2	0.10005	0.05875	0.27427	0.00792	0.01154	0.02243	0.00820	0.09595	0.02833	0.10357	0.03105	0.02590	0.07148	0.00468	0.00359	0.00114	0.00407	0.00364	0.03841	0.10502
3	0.00630	0.00485	0.00524	0.00517	0.00544	0.04630	0.00335	0.00671	0.00673	0.00895	0.05671	0.11022	0.03816	0.55351	0.04697	0.00315	0.05139	0.00607	0.03191	0.00289
4	0.01713	0.00607	0.00697	0.02025	0.00807	0.02510	0.00496	0.14409	0.05548	0.08261	0.02919	0.16568	0.11939	0.08363	0.07785	0.02473	0.01541	0.05791	0.05114	0.00434
5	0.05216	0.00763	0.02760	0.09202	0.13466	0.02996	0.02052	0.04602	0.18113	0.08617	0.06312	0.05638	0.15358	0.00607	0.00413	0.00129	0.00357	0.01777	0.01108	0.00513
6	0.03373	0.05649	0.02697	0.13218	0.45435	0.04670	0.06921	0.03372	0.08394	0.01298	0.00807	0.01001	0.00648	0.00380	0.00386	0.00120	0.00483	0.00353	0.00218	0.00577
7	0.06308	0.00715	0.00862	0.00689	0.00954	0.02900	0.00558	0.08362	0.04570	0.54585	0.04754	0.01478	0.04388	0.03455	0.02216	0.00142	0.00356	0.00420	0.01685	0.00602
8	0.00896	0.00849	0.01432	0.11761	0.49596	0.00890	0.06997	0.02365	0.02991	0.01259	0.05334	0.02596	0.00851	0.00578	0.05488	0.00156	0.04786	0.00401	0.00218	0.00554
9	0.03128	0.26713	0.24841	0.05666	0.10037	0.03636	0.03059	0.02630	0.03745	0.08345	0.00828	0.01018	0.00661	0.00410	0.00352	0.00115	0.00479	0.03561	0.00223	0.00552
10	0.00500	0.00394	0.00451	0.00455	0.00559	0.00345	0.00334	0.00622	0.00950	0.01224	0.28551	0.15962	0.46284	0.00980	0.00474	0.00135	0.00201	0.00843	0.00390	0.00345
11	0.00741	0.00524	0.00667	0.05813	0.03701	0.00534	0.00493	0.04275	0.10037	0.05949	0.30830	0.12992	0.07942	0.00837	0.04092	0.00150	0.00295	0.00635	0.09061	0.00433
12	0.04620	0.02875	0.03643	0.03209	0.18056	0.10348	0.02837	0.06753	0.08453	0.04651	0.05519	0.06042	0.05569	0.05343	0.02628	0.00153	0.04891	0.02073	0.01836	0.00500
13	0.00990	0.04470	0.08419	0.01572	0.11888	0.03018	0.50707	0.01281	0.00912	0.05759	0.00796	0.01016	0.00607	0.00375	0.00494	0.00131	0.06394	0.00413	0.00210	0.00548
14	0.00488	0.00409	0.00425	0.00426	0.00553	0.00352	0.00318	0.00616	0.02799	0.01118	0.09520	0.08220	0.71401	0.00993	0.00469	0.00135	0.00204	0.00835	0.00374	0.00344
15	0.01113	0.00967	0.03029	0.03153	0.01114	0.05577	0.00681	0.26164	0.39034	0.01778	0.04536	0.01386	0.02793	0.03993	0.00491	0.00138	0.02672	0.00425	0.00366	0.00589
16	0.00981	0.02336	0.09630	0.11593	0.26466	0.09152	0.12946	0.07113	0.04298	0.01291	0.00885	0.03278	0.01701	0.00474	0.01587	0.00133	0.03128	0.02238	0.00225	0.00546
17	0.00492	0.00351	0.00467	0.00557	0.00583	0.00329	0.00377	0.00565	0.00762	0.01014	0.02161	0.80385	0.02581	0.03103	0.00541	0.00167	0.00239	0.04638	0.00365	0.00322
18	0.00845	0.00841	0.03660	0.44644	0.08373	0.00921	0.15325	0.05556	0.04099	0.01185	0.00790	0.01083	0.00613	0.00573	0.05937	0.00165	0.04316	0.00380	0.00205	0.00490
19	0.03271	0.28419	0.20594	0.01019	0.06948	0.21017	0.02921	0.04614	0.04334	0.01165	0.00706	0.02021	0.00583	0.00393	0.00337	0.00107	0.00530	0.00286	0.00204	0.00531
20	0.00557	0.00381	0.00454	0.00468	0.00485	0.00375	0.00286	0.00595	0.00670	0.00906	0.10166	0.18006	0.01891	0.58624	0.04209	0.00323	0.00356	0.00689	0.00284	0.00273
21	0.00486	0.00349	0.00457	0.00541	0.00568	0.00325	0.00360	0.00554	0.00758	0.01005	0.02226	0.79083	0.05988	0.04557	0.00564	0.00169	0.00235	0.01093	0.00363	0.00319
22	0.00629	0.00554	0.00624	0.03027	0.06120	0.07433	0.00481	0.00763	0.02903	0.01113	0.09873	0.44894	0.15580	0.00989	0.00472	0.00145	0.00292	0.03389	0.00345	0.00373
23	0.02552	0.09026	0.58235	0.04463	0.03976	0.02258	0.08193	0.01231	0.00835	0.01214	0.00694	0.00848	0.00515	0.00383	0.00410	0.00124	0.04003	0.00305	0.00174	0.00559
24	0.01256	0.01498	0.01164	0.04807	0.05946	0.53333	0.00823	0.02718	0.00978	0.01011	0.00620	0.00806	0.00536	0.00537	0.02739	0.00135	0.20139	0.00292	0.00199	0.00463
25	0.00776	0.00724	0.01201	0.58049	0.17876	0.00856	0.01040	0.01007	0.00796	0.01055	0.00808	0.05742	0.00698	0.03819	0.00501	0.00143	0.03851	0.00404	0.00193	0.00462
26	0.01174	0.02524	0.05753	0.05503	0.26349	0.04529	0.06500	0.09158	0.04379	0.18861	0.03014	0.01128	0.00795	0.01868	0.00472	0.00127	0.05107	0.00375	0.00290	0.02093
27	0.02726	0.04080	0.01011	0.05020	0.06980	0.00698	0.00652	0.05901	0.03366	0.58254	0.03916	0.01369	0.03202	0.00493	0.00394	0.00122	0.00356	0.00404	0.00426	0.00630
28	0.00566	0.00425	0.00637	0.00637	0.00708	0.00496	0.00496	0.00708	0.00637	0.00920	0.01062	0.01558	0.00991	0.02974	0.84494	0.00637	0.01062	0.00425	0.00212	0.00354

[dist]
# distance from previous block
# <min> <max>
0	1

[block]
# block no. 2 follows, 68 sequences, length 6
# corresponding to MSA columns:
# 118-123
name=unknown_C
#
# <colnr> <probs for GDERKNQSTAVLIFYWHMCP>
#	G	D	E	R	K	N	Q	S	T	A	V	L	I	F	Y	W	H	M	C	P
0	0.00554	0.00412	0.00522	0.00584	0.00649	0.00399	0.00433	0.00717	0.05704	0.01108	0.05176	0.45647	0.11994	0.04876	0.00571	0.00170	0.00268	0.19501	0.00366	0.00350
1	0.01242	0.09447	0.06308	0.08512	0.04738	0.40556	0.09994	0.09601	0.03736	0.01211	0.00714	0.00844	0.00566	0.00400	0.00372	0.00111	0.00608	0.00306	0.00222	0.00512
2	0.00552	0.00406	0.00499	0.00509	0.00548	0.00408	0.00343	0.00621	0.00749	0.01007	0.14365	0.22989	0.11892	0.33670	0.05260	0.00262	0.04555	0.00745	0.00312	0.00307
3	0.11098	0.00876	0.01007	0.00917	0.07466	0.08111	0.06228	0.15014	0.09001	0.14756	0.03025	0.03671	0.02806	0.05957	0.02238	0.00150	0.02519	0.00411	0.04217	0.00532
4	0.03775	0.07201	0.03195	0.04649	0.01301	0.21520	0.13341	0.10322	0.05118	0.07005	0.00845	0.00960	0.00652	0.00496	0.03436	0.00128	0.01882	0.00329	0.03398	0.10447
5	0.00862	0.00871	0.03509	0.00835	0.00926	0.12848	0.00677	0.04543	0.02476	0.01059	0.02875	0.03582	0.00879	0.07121	0.23221	0.00293	0.29889	0.00402	0.02717	0.00416

[dist]
# distance from previous block
# <min> <max>
0	7

[block]
# block no. 3 follows, 68 sequences, length 33
# corresponding to MSA columns:
# 131-163
name=unknown_D
#
# <colnr> <probs for GDERKNQSTAVLIFYWHMCP>
#	G	D	E	R	K	N	Q	S	T	A	V	L	I	F	Y	W	H	M	C	P
0	0.02210	0.02748	0.05773	0.05552	0.01434	0.07400	0.24327	0.05410	0.18812	0.01318	0.01044	0.03079	0.02758	0.03587	0.00564	0.00140	0.09367	0.00424	0.00260	0.03792
1	0.00633	0.00473	0.00667	0.00791	0.06384	0.00464	0.00613	0.00807	0.00922	0.01216	0.10351	0.09812	0.07010	0.01021	0.00522	0.00168	0.00335	0.57070	0.00361	0.00379
2	0.01146	0.01009	0.01068	0.01059	0.11976	0.09143	0.00741	0.18216	0.45519	0.02941	0.01273	0.02144	0.00968	0.00495	0.00397	0.00126	0.00398	0.00405	0.00356	0.00618
3	0.01051	0.43700	0.24414	0.00860	0.01245	0.09328	0.00905	0.06497	0.06485	0.01175	0.00699	0.00776	0.00565	0.00378	0.00317	0.00103	0.00490	0.00264	0.00203	0.00544
4	0.01575	0.02047	0.20341	0.00942	0.10144	0.00701	0.02186	0.06037	0.04286	0.15276	0.08609	0.04800	0.13575	0.04817	0.02772	0.00153	0.00406	0.00495	0.00315	0.00521
5	0.00967	0.27092	0.35859	0.06415	0.01551	0.10955	0.09562	0.01260	0.00869	0.01111	0.00661	0.00801	0.00517	0.00366	0.00349	0.00112	0.00558	0.00286	0.00176	0.00533
6	0.00775	0.00734	0.01234	0.62083	0.11060	0.00879	0.04064	0.01023	0.00820	0.01088	0.06314	0.01167	0.00759	0.00437	0.00461	0.00133	0.05934	0.00381	0.00197	0.00459
7	0.03116	0.56255	0.12250	0.00788	0.01136	0.04473	0.06273	0.01200	0.00836	0.02362	0.00714	0.00814	0.01978	0.00369	0.00296	0.00097	0.00449	0.00265	0.05823	0.00507
8	0.00849	0.01224	0.25670	0.01365	0.21297	0.06837	0.11994	0.01154	0.03868	0.01224	0.03073	0.14158	0.04452	0.00543	0.00418	0.00129	0.00488	0.00495	0.00236	0.00526
9	0.00543	0.00491	0.00465	0.00467	0.00589	0.05723	0.00345	0.00647	0.00920	0.01102	0.10280	0.12981	0.62104	0.00977	0.00466	0.00134	0.00236	0.00823	0.00363	0.00345
10	0.01052	0.83878	0.04437	0.00691	0.01038	0.01550	0.00701	0.01189	0.00807	0.00942	0.00556	0.00642	0.00509	0.00340	0.00258	0.00086	0.00429	0.00214	0.00170	0.00511
11	0.00987	0.06556	0.02800	0.15795	0.02338	0.03106	0.02805	0.12731	0.07980	0.10921	0.09987	0.06189	0.07162	0.01611	0.00421	0.00127	0.00375	0.01651	0.05959	0.00501
12	0.29635	0.01191	0.27679	0.01006	0.10266	0.01967	0.04954	0.01211	0.04584	0.02642	0.06157	0.01141	0.03856	0.00441	0.00353	0.00125	0.00428	0.01609	0.00241	0.00512
13	0.02366	0.00725	0.00884	0.00708	0.00975	0.00706	0.00575	0.14615	0.11715	0.46688	0.06546	0.01563	0.06721	0.00546	0.00403	0.00124	0.00328	0.00445	0.02752	0.00617
14	0.00865	0.04522	0.34960	0.03240	0.07067	0.00959	0.36817	0.01226	0.00885	0.01241	0.00870	0.01057	0.03639	0.00379	0.00417	0.00128	0.00593	0.00392	0.00192	0.00551
15	0.02241	0.02018	0.11153	0.20050	0.25406	0.07141	0.05752	0.11302	0.01593	0.01341	0.02503	0.01017	0.00659	0.01596	0.00457	0.00128	0.04523	0.00354	0.00221	0.00545
16	0.00517	0.00431	0.00442	0.00435	0.00561	0.00385	0.00320	0.00680	0.06484	0.01096	0.05667	0.03516	0.67820	0.09161	0.00613	0.00158	0.00226	0.00782	0.00360	0.00347
17	0.00518	0.00409	0.00469	0.00491	0.00600	0.00365	0.00382	0.00640	0.00911	0.01139	0.12054	0.09364	0.50361	0.03343	0.00530	0.00152	0.00240	0.17320	0.00371	0.00342
18	0.03769	0.01165	0.01166	0.03143	0.18736	0.23179	0.01795	0.16607	0.15714	0.06323	0.02080	0.02834	0.00805	0.00458	0.00386	0.00119	0.00484	0.00366	0.00298	0.00573
19	0.00910	0.03441	0.00898	0.02194	0.08562	0.04922	0.00615	0.06655	0.33837	0.03193	0.02939	0.05218	0.11334	0.06896	0.05480	0.00178	0.00394	0.01482	0.00336	0.00517
20	0.00844	0.00535	0.00520	0.00487	0.00609	0.05831	0.00373	0.06648	0.00916	0.04015	0.01338	0.01504	0.04759	0.00727	0.08416	0.00150	0.00326	0.00389	0.61208	0.00403
21	0.05696	0.00929	0.01006	0.02698	0.06856	0.04092	0.00681	0.33317	0.24367	0.02906	0.06709	0.01327	0.01061	0.05977	0.00498	0.00141	0.00388	0.00410	0.00359	0.00584
22	0.07230	0.02878	0.01647	0.01280	0.04489	0.06867	0.36886	0.05884	0.04643	0.03881	0.00793	0.01006	0.00627	0.00540	0.04059	0.00156	0.15998	0.00392	0.00228	0.00516
23	0.00573	0.00447	0.00615	0.04520	0.00772	0.00461	0.02134	0.02604	0.00798	0.01061	0.02026	0.51481	0.09053	0.03569	0.04813	0.00189	0.05336	0.08865	0.00333	0.00352
24	0.00488	0.00387	0.00442	0.00477	0.00570	0.00340	0.00349	0.00587	0.00866	0.01080	0.06313	0.30492	0.48608	0.01080	0.00486	0.00146	0.00221	0.06364	0.00371	0.00334
25	0.06753	0.00871	0.02818	0.02042	0.16730	0.08907	0.05272	0.06300	0.04637	0.16575	0.01241	0.06873	0.02700	0.00671	0.04300	0.00153	0.01651	0.08195	0.02781	0.00529
26	0.03675	0.24567	0.35195	0.06778	0.07024	0.01109	0.05775	0.06314	0.02035	0.01262	0.02386	0.00874	0.00604	0.00381	0.00351	0.00114	0.00505	0.00302	0.00198	0.00552
27	0.00536	0.00376	0.00489	0.00541	0.00575	0.00372	0.00372	0.00612	0.00726	0.00982	0.03949	0.43670	0.03140	0.22031	0.11001	0.00272	0.00377	0.07549	0.02118	0.00312
28	0.00892	0.00884	0.03363	0.29817	0.49177	0.00940	0.01160	0.01132	0.00845	0.01177	0.00716	0.00995	0.00585	0.00391	0.00455	0.00127	0.06255	0.00351	0.00187	0.00551
29	0.02368	0.08769	0.01271	0.23106	0.18985	0.11558	0.03016	0.03082	0.05982	0.05428	0.03975	0.01239	0.04755	0.00461	0.00414	0.00122	0.03121	0.01594	0.00242	0.00511
30	0.00928	0.20744	0.47806	0.00999	0.02243	0.06715	0.03431	0.02917	0.02572	0.02456	0.05101	0.00928	0.00706	0.00399	0.00357	0.00115	0.00526	0.00306	0.00200	0.00552
31	0.00707	0.00531	0.00571	0.00544	0.00661	0.03851	0.00405	0.05365	0.08456	0.02404	0.13397	0.10139	0.26187	0.00955	0.02956	0.13004	0.00291	0.00628	0.08574	0.00375
32	0.02371	0.00897	0.06089	0.14730	0.15534	0.08724	0.03983	0.02421	0.04409	0.16608	0.04404	0.03140	0.07237	0.00650	0.05431	0.00155	0.00479	0.00973	0.01243	0.00522

[dist]
# distance from previous block
# <min> <max>
2	6

[block]
# block no. 4 follows, 68 sequences, length 43
# corresponding to MSA columns:
# 170-212
name=unknown_E
#
# <colnr> <probs for GDERKNQSTAVLIFYWHMCP>
#	G	D	E	R	K	N	Q	S	T	A	V	L	I	F	Y	W	H	M	C	P
0	0.02567	0.04506	0.03860	0.00971	0.09193	0.07334	0.00734	0.37257	0.08292	0.04012	0.00957	0.01010	0.00719	0.00440	0.00374	0.00111	0.01162	0.00339	0.08659	0.07503
1	0.04939	0.00995	0.08536	0.07325	0.16355	0.03720	0.14310	0.08339	0.02853	0.04459	0.01787	0.03189	0.01845	0.00414	0.00410	0.00115	0.02929	0.00370	0.00245	0.16866
2	0.00934	0.01063	0.02306	0.01652	0.02041	0.01009	0.79719	0.01261	0.00926	0.01261	0.00794	0.01063	0.00599	0.00345	0.00493	0.00135	0.03204	0.00464	0.00200	0.00532
3	0.00855	0.01980	0.05304	0.03349	0.05590	0.13369	0.11194	0.01113	0.07784	0.02053	0.11483	0.13145	0.06990	0.00710	0.01780	0.00143	0.06999	0.05415	0.00289	0.00454
4	0.00783	0.04103	0.03513	0.20686	0.13221	0.00752	0.05697	0.04314	0.02550	0.02723	0.06550	0.13049	0.05530	0.04088	0.04392	0.00168	0.02909	0.04251	0.00265	0.00457
5	0.00842	0.08906	0.59852	0.01198	0.05437	0.00976	0.11151	0.01258	0.02634	0.01248	0.02456	0.00913	0.00604	0.00380	0.00381	0.00123	0.00563	0.00322	0.00184	0.00572
6	0.00871	0.00845	0.01093	0.00947	0.00975	0.04762	0.00771	0.04278	0.00681	0.00998	0.00651	0.01080	0.00649	0.09042	0.07245	0.00222	0.63906	0.00371	0.00193	0.00420
7	0.00724	0.00657	0.00944	0.23273	0.03896	0.05191	0.06688	0.00923	0.02519	0.01062	0.01343	0.09549	0.05879	0.04905	0.14395	0.00235	0.03170	0.12084	0.02159	0.00405
8	0.04457	0.15880	0.32831	0.09737	0.04288	0.05225	0.06118	0.02320	0.04075	0.01194	0.00938	0.04300	0.04786	0.00448	0.00383	0.00121	0.01810	0.00361	0.00207	0.00521
9	0.01919	0.00712	0.00805	0.00691	0.00888	0.08399	0.03746	0.07928	0.02690	0.26357	0.11778	0.16237	0.13777	0.00719	0.00432	0.00129	0.00335	0.00612	0.01352	0.00495
10	0.00583	0.00425	0.00535	0.00535	0.00639	0.00395	0.00418	0.00764	0.02648	0.02799	0.44944	0.07102	0.19732	0.00913	0.00482	0.00139	0.00231	0.15938	0.00406	0.00372
11	0.00543	0.00408	0.00501	0.00519	0.00597	0.00386	0.00377	0.00649	0.00877	0.02910	0.18854	0.34834	0.28126	0.02878	0.00554	0.00150	0.04057	0.02060	0.00373	0.00348
12	0.00943	0.39242	0.13760	0.04158	0.01173	0.05472	0.03309	0.03245	0.05764	0.01083	0.00852	0.08837	0.00797	0.03104	0.02671	0.00134	0.04381	0.00366	0.00214	0.00494
13	0.00711	0.00497	0.00610	0.00613	0.00707	0.00502	0.00447	0.12741	0.02751	0.04472	0.02553	0.49766	0.06999	0.05110	0.07185	0.00199	0.00341	0.03040	0.00360	0.00396
14	0.00534	0.00445	0.00473	0.00507	0.00590	0.04212	0.00359	0.00631	0.00870	0.01097	0.10850	0.40285	0.34446	0.01057	0.00478	0.00143	0.00236	0.00922	0.01526	0.00339
15	0.02103	0.17696	0.43744	0.00959	0.02982	0.04775	0.01061	0.07216	0.02566	0.04798	0.03123	0.00978	0.00690	0.03885	0.00422	0.00126	0.00503	0.00313	0.01508	0.00552
16	0.01131	0.14575	0.09970	0.07961	0.04226	0.11077	0.00788	0.13955	0.04223	0.11326	0.03117	0.01242	0.05636	0.00525	0.00452	0.03628	0.03244	0.02115	0.00281	0.00528
17	0.00608	0.00480	0.00727	0.04089	0.04535	0.00564	0.00564	0.00752	0.00652	0.00939	0.01011	0.01504	0.00944	0.04765	0.71079	0.00564	0.05224	0.00419	0.00209	0.00371
18	0.00579	0.00406	0.00574	0.00617	0.00674	0.00382	0.03643	0.02202	0.00808	0.04427	0.02078	0.74219	0.02425	0.01155	0.00500	0.00158	0.00261	0.04169	0.00367	0.00353
19	0.01017	0.01031	0.03165	0.03236	0.69120	0.07179	0.01160	0.02882	0.00922	0.01275	0.00728	0.00953	0.00611	0.00378	0.00434	0.00120	0.04642	0.00345	0.00199	0.00604
20	0.10251	0.05980	0.02129	0.00972	0.09733	0.12702	0.02787	0.16956	0.05424	0.18024	0.01080	0.04964	0.00860	0.00496	0.00378	0.00121	0.00429	0.03689	0.02467	0.00561
21	0.00573	0.00425	0.00536	0.00505	0.00607	0.00398	0.00380	0.00795	0.04791	0.01551	0.73198	0.02965	0.10151	0.00814	0.00465	0.00126	0.00194	0.00715	0.00429	0.00382
22	0.00811	0.00604	0.03061	0.04047	0.00840	0.00611	0.04621	0.09848	0.04193	0.01448	0.02371	0.01672	0.08898	0.02277	0.04018	0.00142	0.05335	0.02492	0.42284	0.00428
23	0.00998	0.06600	0.03220	0.13575	0.46535	0.03504	0.08560	0.02912	0.00905	0.04470	0.00754	0.00975	0.00608	0.00382	0.00431	0.00121	0.04317	0.00352	0.00206	0.00573
24	0.00525	0.00451	0.00494	0.00542	0.04317	0.01820	0.00381	0.00637	0.00903	0.01100	0.06156	0.10564	0.63315	0.00984	0.00472	0.00138	0.00235	0.06254	0.00360	0.00352
25	0.00688	0.00480	0.00669	0.00638	0.00709	0.00545	0.00486	0.00797	0.00681	0.07519	0.01253	0.05955	0.04492	0.15901	0.47844	0.00461	0.09773	0.00491	0.00249	0.00367
26	0.04831	0.00916	0.00999	0.00818	0.01068	0.07695	0.05124	0.29610	0.12007	0.12811	0.01470	0.06074	0.09733	0.00680	0.04198	0.00148	0.00429	0.00464	0.00364	0.00563
27	0.00861	0.10994	0.65677	0.02814	0.05420	0.01004	0.02137	0.04422	0.00877	0.01267	0.00706	0.00833	0.00517	0.00375	0.00366	0.00121	0.00557	0.00292	0.00178	0.00580
28	0.00860	0.00815	0.01613	0.01234	0.01515	0.00765	0.48036	0.01122	0.02057	0.06633	0.01431	0.13051	0.06215	0.00619	0.00479	0.00144	0.00511	0.12142	0.00279	0.00480
29	0.00959	0.00925	0.01577	0.08491	0.68274	0.00948	0.05235	0.01235	0.04267	0.01281	0.00776	0.01009	0.00641	0.00370	0.00417	0.00122	0.02301	0.00363	0.00203	0.00605
30	0.01407	0.00864	0.01161	0.06609	0.07737	0.08488	0.10382	0.07292	0.01096	0.41780	0.01233	0.02934	0.00875	0.00473	0.00403	0.00123	0.00434	0.02127	0.03990	0.00593
31	0.00609	0.00597	0.07679	0.00608	0.00749	0.00502	0.00517	0.02350	0.05877	0.01163	0.09616	0.09741	0.26768	0.07937	0.10833	0.00223	0.02086	0.11435	0.00326	0.00384
32	0.00786	0.00732	0.01203	0.77049	0.02587	0.00911	0.01934	0.04203	0.00828	0.01071	0.00707	0.01044	0.00535	0.00413	0.00439	0.00134	0.04436	0.00354	0.00185	0.00450
33	0.00685	0.00655	0.07047	0.00668	0.00835	0.03939	0.07015	0.00876	0.01004	0.04629	0.42539	0.04741	0.12920	0.05076	0.02193	0.00152	0.00321	0.03940	0.00362	0.00405
34	0.00932	0.00935	0.01738	0.08862	0.49278	0.00930	0.24586	0.01196	0.00904	0.01260	0.00827	0.01188	0.00695	0.00388	0.00422	0.00127	0.00527	0.04427	0.00204	0.00573
35	0.00785	0.00731	0.01162	0.44154	0.11602	0.03320	0.05050	0.00982	0.00793	0.01052	0.04896	0.02875	0.00789	0.00695	0.06165	0.06804	0.07114	0.00393	0.00199	0.00436
36	0.01024	0.04639	0.14136	0.00977	0.06681	0.04817	0.08977	0.02295	0.15917	0.13787	0.07672	0.01447	0.01108	0.03048	0.00445	0.00129	0.00420	0.03718	0.03803	0.04960
37	0.00651	0.00571	0.07678	0.00632	0.00762	0.00454	0.00529	0.04119	0.00914	0.05351	0.11180	0.37963	0.11620	0.00998	0.00484	0.00151	0.00290	0.14896	0.00365	0.00392
38	0.00885	0.17361	0.58342	0.01124	0.07216	0.04885	0.01257	0.01249	0.00853	0.01191	0.01822	0.00834	0.00557	0.00376	0.00356	0.00116	0.00549	0.00286	0.00175	0.00566
39	0.00746	0.00619	0.00789	0.00743	0.00880	0.00680	0.04225	0.02940	0.27873	0.01309	0.05357	0.16985	0.06940	0.01087	0.11015	0.00210	0.04643	0.12156	0.00346	0.00459
40	0.00797	0.00832	0.05555	0.16956	0.10137	0.04647	0.13290	0.01054	0.04909	0.01098	0.00968	0.04672	0.00874	0.04876	0.18258	0.00253	0.06446	0.03700	0.00220	0.00457
41	0.00986	0.03155	0.01459	0.09247	0.58503	0.07538	0.01082	0.02421	0.01575	0.01217	0.00753	0.01038	0.00649	0.04677	0.00505	0.00133	0.03940	0.00354	0.00201	0.00569
42	0.00587	0.00435	0.00544	0.00585	0.00660	0.00429	0.00439	0.02811	0.04959	0.01137	0.06830	0.32131	0.13323	0.09777	0.04070	0.00200	0.00315	0.20058	0.00354	0.00354

[dist]
# distance from previous block
# <min> <max>
0	1

[block]
# block no. 5 follows, 68 sequences, length 13
# corresponding to MSA columns:
# 214-226
name=unknown_F
#
# <colnr> <probs for GDERKNQSTAVLIFYWHMCP>
#	G	D	E	R	K	N	Q	S	T	A	V	L	I	F	Y	W	H	M	C	P
0	0.01254	0.00781	0.00905	0.00743	0.00976	0.00810	0.00592	0.37215	0.03420	0.20628	0.05504	0.14876	0.04717	0.03040	0.02510	0.00148	0.00369	0.00537	0.00406	0.00568
1	0.00919	0.00955	0.06339	0.20626	0.60934	0.00927	0.01206	0.01174	0.00875	0.01231	0.00735	0.00990	0.00599	0.00364	0.00392	0.00121	0.00490	0.00350	0.00190	0.00584
2	0.00578	0.00419	0.00526	0.00580	0.00635	0.00407	0.00401	0.08198	0.00868	0.01154	0.02142	0.74620	0.05642	0.01161	0.00494	0.00156	0.00248	0.01044	0.00371	0.00356
3	0.06766	0.03923	0.42176	0.05983	0.03586	0.03152	0.07209	0.07443	0.03551	0.06895	0.00882	0.02523	0.01933	0.00425	0.00395	0.00126	0.01894	0.00344	0.00231	0.00561
4	0.02241	0.03785	0.00882	0.00752	0.02964	0.06803	0.03150	0.15329	0.04513	0.08520	0.03123	0.21129	0.04981	0.00730	0.02450	0.00135	0.00368	0.02958	0.05839	0.09347
5	0.03789	0.28672	0.17371	0.00924	0.07140	0.07283	0.02455	0.02718	0.02072	0.04433	0.02376	0.03449	0.02119	0.00449	0.00345	0.00108	0.00448	0.05030	0.00228	0.08589
6	0.03975	0.03863	0.03009	0.04547	0.14921	0.07013	0.04738	0.05373	0.09702	0.02310	0.09672	0.01461	0.05845	0.00544	0.01913	0.00125	0.03340	0.02964	0.00278	0.14407
7	0.04412	0.00863	0.01121	0.07968	0.25667	0.05926	0.02172	0.11318	0.07042	0.02872	0.02742	0.11008	0.03919	0.00532	0.00421	0.00122	0.02754	0.00456	0.00277	0.08408
8	0.03449	0.03622	0.01164	0.08404	0.17855	0.05810	0.03620	0.16704	0.05008	0.02533	0.03209	0.04487	0.02874	0.02154	0.00439	0.00119	0.03087	0.00387	0.00272	0.14802
9	0.03570	0.07516	0.03036	0.09732	0.10101	0.09707	0.00721	0.14481	0.02268	0.07084	0.07570	0.03429	0.08706	0.05637	0.00521	0.00138	0.03365	0.01627	0.00293	0.00498
10	0.03874	0.03737	0.07510	0.04319	0.12230	0.07535	0.00756	0.17025	0.11171	0.01533	0.08250	0.09728	0.02258	0.00541	0.00392	0.00119	0.00401	0.00450	0.00303	0.07866
11	0.04883	0.03409	0.12880	0.02461	0.03982	0.07313	0.06022	0.09572	0.00999	0.04494	0.11107	0.10184	0.07394	0.02064	0.02050	0.00137	0.01455	0.01952	0.00292	0.07350
12	0.02876	0.03361	0.08407	0.06381	0.03199	0.04701	0.07082	0.05283	0.06881	0.04551	0.06804	0.15030	0.11472	0.01905	0.00454	0.00129	0.01997	0.00553	0.00299	0.08635

[dist]
# distance from previous block
# <min> <max>
14	131

[block]
# block no. 6 follows, 68 sequences, length 50
# corresponding to MSA columns:
# 364-413
name=unknown_G
#
# <colnr> <probs for GDERKNQSTAVLIFYWHMCP>
#	G	D	E	R	K	N	Q	S	T	A	V	L	I	F	Y	W	H	M	C	P
0	0.04339	0.19373	0.44453	0.00928	0.01348	0.03459	0.01063	0.02668	0.00859	0.05267	0.04384	0.00942	0.00696	0.00537	0.04541	0.00143	0.03948	0.00306	0.00206	0.00539
1	0.13248	0.14689	0.22538	0.00978	0.10057	0.08613	0.00862	0.02789	0.00857	0.04359	0.01001	0.03515	0.07359	0.00507	0.00432	0.04029	0.03094	0.00350	0.00225	0.00499
2	0.03434	0.08788	0.32051	0.01007	0.04657	0.05855	0.08135	0.02180	0.04389	0.03636	0.01840	0.06836	0.00776	0.00542	0.03758	0.00136	0.00509	0.00371	0.00225	0.10875
3	0.00534	0.00387	0.00496	0.00562	0.00608	0.00366	0.00384	0.04179	0.00820	0.01094	0.03562	0.76622	0.05401	0.01180	0.00496	0.00156	0.00238	0.01064	0.00369	0.01482
4	0.01411	0.02007	0.01193	0.00995	0.06406	0.02098	0.00768	0.66516	0.10750	0.02296	0.01004	0.01006	0.00727	0.00473	0.00395	0.00120	0.00428	0.00364	0.00380	0.00662
5	0.02367	0.00831	0.06324	0.00742	0.01062	0.00699	0.02700	0.08871	0.10678	0.28525	0.04423	0.01232	0.00943	0.00444	0.00371	0.00106	0.00349	0.01641	0.00358	0.27334
6	0.00849	0.05100	0.77309	0.01095	0.01659	0.00930	0.01397	0.01283	0.00849	0.04900	0.00743	0.00852	0.00524	0.00380	0.00373	0.00124	0.00569	0.00295	0.00182	0.00587
7	0.00930	0.44828	0.42412	0.00901	0.01361	0.01250	0.01066	0.01221	0.00821	0.01092	0.00630	0.00735	0.00506	0.00358	0.00315	0.00105	0.00504	0.00252	0.00169	0.00547
8	0.00504	0.00392	0.00463	0.00503	0.00593	0.00351	0.00376	0.00612	0.00873	0.01103	0.08391	0.29936	0.40852	0.01080	0.00492	0.00149	0.00233	0.12389	0.00372	0.00338
9	0.00936	0.01070	0.02340	0.01671	0.02072	0.01003	0.82152	0.01270	0.00936	0.01270	0.00802	0.01070	0.00602	0.00334	0.00468	0.00134	0.00668	0.00468	0.00201	0.00535
10	0.00646	0.00473	0.00608	0.00661	0.00768	0.00469	0.00550	0.00883	0.07804	0.02856	0.04133	0.12680	0.14764	0.01032	0.00514	0.00166	0.00317	0.49919	0.00373	0.00384
11	0.00568	0.00384	0.00451	0.00459	0.00466	0.00388	0.00271	0.00585	0.00597	0.00801	0.01313	0.09454	0.01505	0.72444	0.08390	0.00386	0.00425	0.00611	0.00249	0.00256
12	0.00832	0.06644	0.68167	0.01227	0.07777	0.00967	0.05376	0.01246	0.00842	0.01237	0.00707	0.00848	0.00517	0.00375	0.00388	0.00124	0.01673	0.00302	0.00171	0.00580
13	0.01193	0.01054	0.09310	0.07069	0.01277	0.09067	0.04366	0.30334	0.01281	0.12278	0.01370	0.05314	0.09131	0.00568	0.00414	0.00127	0.00446	0.04509	0.00336	0.00555
14	0.00795	0.02051	0.84011	0.01130	0.01716	0.00921	0.01465	0.01256	0.00837	0.01256	0.00712	0.00837	0.00502	0.00377	0.00377	0.00126	0.00586	0.00293	0.00167	0.00586
15	0.01453	0.01836	0.01151	0.01101	0.05859	0.79776	0.00791	0.01563	0.01111	0.00989	0.00620	0.00730	0.00517	0.00405	0.00359	0.00103	0.00701	0.00261	0.00204	0.00469
16	0.00861	0.12092	0.35486	0.01015	0.08491	0.00854	0.03778	0.02895	0.00928	0.06322	0.12231	0.02558	0.07350	0.00517	0.00394	0.00122	0.00445	0.02877	0.00256	0.00528
17	0.00945	0.00995	0.03593	0.01385	0.01679	0.01001	0.51626	0.07197	0.00931	0.02600	0.00864	0.04876	0.00730	0.01796	0.00641	0.00146	0.16315	0.01943	0.00225	0.00513
18	0.00504	0.00363	0.00471	0.00549	0.00585	0.00341	0.00379	0.00581	0.00770	0.01014	0.02233	0.65840	0.08154	0.07775	0.00624	0.00178	0.00253	0.08707	0.00358	0.00321
19	0.00555	0.00407	0.00560	0.00574	0.00622	0.00444	0.00415	0.00649	0.00654	0.00908	0.01392	0.17162	0.03948	0.21089	0.47093	0.00472	0.01883	0.00598	0.00251	0.00323
20	0.01331	0.04034	0.01214	0.08199	0.04135	0.53677	0.03398	0.11727	0.01137	0.01188	0.00693	0.02157	0.00574	0.00436	0.00413	0.00112	0.04551	0.00303	0.00226	0.00491
21	0.00817	0.07645	0.66207	0.01108	0.01620	0.00958	0.06950	0.01216	0.00828	0.01210	0.00739	0.00951	0.00567	0.02725	0.00453	0.00133	0.03431	0.01708	0.00175	0.00559
22	0.00494	0.00352	0.00466	0.00545	0.00571	0.00333	0.00364	0.00566	0.00759	0.01018	0.05397	0.74980	0.02549	0.06362	0.03056	0.00187	0.00262	0.01057	0.00359	0.00320
23	0.01307	0.01560	0.01329	0.01218	0.08476	0.54119	0.13122	0.03637	0.09242	0.01152	0.00762	0.00874	0.00609	0.00407	0.00383	0.00112	0.00640	0.00318	0.00228	0.00508
24	0.22097	0.00906	0.00910	0.00760	0.01011	0.04434	0.02306	0.29114	0.17848	0.05260	0.01197	0.05891	0.04176	0.00522	0.00369	0.00125	0.00368	0.00404	0.01744	0.00556
25	0.00531	0.00390	0.00503	0.00556	0.00612	0.00375	0.00398	0.00664	0.03415	0.01122	0.13708	0.49747	0.09264	0.04616	0.04277	0.00185	0.00280	0.08647	0.00367	0.00342
26	0.01340	0.01130	0.01060	0.00885	0.01140	0.16944	0.00704	0.31642	0.27748	0.09051	0.01142	0.01109	0.00839	0.00491	0.00418	0.00123	0.02890	0.00370	0.00364	0.00611
27	0.00938	0.23292	0.55308	0.00996	0.01486	0.06526	0.01193	0.01281	0.00857	0.03727	0.00691	0.00794	0.00519	0.00373	0.00345	0.00114	0.00546	0.00273	0.00180	0.00561
28	0.00802	0.04202	0.81919	0.01119	0.01698	0.00937	0.01445	0.01254	0.00836	0.01247	0.00707	0.00832	0.00502	0.00376	0.00374	0.00125	0.00582	0.00291	0.00167	0.00584
29	0.00549	0.00405	0.00513	0.00486	0.00585	0.00369	0.00364	0.00724	0.01093	0.01520	0.72706	0.03077	0.14462	0.00837	0.00468	0.00126	0.00189	0.00733	0.00427	0.00369
30	0.00903	0.06153	0.20242	0.15928	0.30388	0.00978	0.16258	0.02252	0.00882	0.01228	0.00733	0.00958	0.00572	0.00363	0.00396	0.00123	0.00540	0.00353	0.00188	0.00563
31	0.01020	0.03224	0.05754	0.01500	0.01887	0.04384	0.65274	0.01327	0.00950	0.08223	0.00866	0.02156	0.00649	0.00364	0.00449	0.00130	0.00627	0.00448	0.00225	0.00542
32	0.00486	0.00403	0.00427	0.00435	0.00559	0.00344	0.00331	0.00595	0.00910	0.01105	0.08177	0.07441	0.70077	0.01010	0.00475	0.00138	0.00212	0.06163	0.00372	0.00338
33	0.03645	0.01888	0.71208	0.01178	0.01730	0.00930	0.11430	0.01255	0.00844	0.01274	0.00718	0.00860	0.00512	0.00371	0.00384	0.00126	0.00587	0.00312	0.00174	0.00575
34	0.02600	0.01022	0.01219	0.12381	0.18707	0.06852	0.00871	0.35042	0.10498	0.05438	0.00947	0.01028	0.00704	0.00441	0.00392	0.00121	0.00455	0.00358	0.00314	0.00610
35	0.01054	0.01103	0.01463	0.07830	0.57177	0.17019	0.01101	0.01257	0.00920	0.01193	0.00704	0.00929	0.00592	0.00387	0.00441	0.00119	0.05612	0.00334	0.00195	0.00571
36	0.00608	0.00416	0.00545	0.00507	0.00608	0.00382	0.00382	0.00793	0.01123	0.04721	0.80269	0.02900	0.03636	0.00798	0.00465	0.00125	0.00193	0.00705	0.00439	0.00386
37	0.00569	0.00403	0.00529	0.00515	0.00603	0.00377	0.00382	0.00734	0.01036	0.02924	0.63056	0.14431	0.05983	0.01001	0.05511	0.00161	0.00249	0.00755	0.00412	0.00370
38	0.07461	0.19676	0.01484	0.10753	0.19463	0.01163	0.03937	0.01098	0.00754	0.01104	0.00611	0.00854	0.00539	0.00469	0.00658	0.00132	0.28849	0.00314	0.00184	0.00497
39	0.00477	0.00402	0.00413	0.00410	0.00540	0.00338	0.00308	0.00584	0.00923	0.01116	0.10862	0.03742	0.76558	0.00987	0.00469	0.00133	0.00200	0.00826	0.00374	0.00338
40	0.01693	0.00715	0.00946	0.00735	0.01026	0.00662	0.00606	0.06419	0.04682	0.72405	0.01490	0.01313	0.00956	0.00500	0.00435	0.00125	0.03764	0.00396	0.00469	0.00663
41	0.00837	0.01793	0.63457	0.02766	0.06641	0.02508	0.10174	0.01269	0.02861	0.01253	0.00745	0.00896	0.00544	0.00405	0.01237	0.00131	0.01407	0.00322	0.00180	0.00575
42	0.00483	0.00346	0.00459	0.00549	0.00574	0.00322	0.00367	0.00552	0.00762	0.01013	0.02224	0.84074	0.04330	0.01237	0.00505	0.00160	0.00229	0.01121	0.00368	0.00322
43	0.00939	0.01057	0.02258	0.01623	0.02014	0.01002	0.77567	0.01317	0.05545	0.01292	0.00848	0.01093	0.00636	0.00346	0.00464	0.00134	0.00649	0.00467	0.00212	0.00540
44	0.00883	0.20285	0.50047	0.01168	0.04947	0.01076	0.13820	0.01241	0.00848	0.01189	0.00692	0.00835	0.00524	0.00361	0.00365	0.00118	0.00559	0.00305	0.00174	0.00563
45	0.00596	0.00458	0.00605	0.00557	0.00692	0.00404	0.06430	0.00721	0.00913	0.05790	0.12878	0.17383	0.45783	0.03093	0.00511	0.00144	0.00254	0.02052	0.00368	0.00369
46	0.00568	0.00381	0.00435	0.00443	0.00445	0.00379	0.00252	0.00574	0.00593	0.00791	0.01334	0.10105	0.01548	0.78410	0.01882	0.00364	0.00370	0.00626	0.00252	0.00248
47	0.01000	0.00894	0.00899	0.00816	0.01034	0.05661	0.00636	0.02026	0.74978	0.01601	0.01577	0.01557	0.01214	0.00553	0.00407	0.00135	0.00338	0.03677	0.00391	0.00608
48	0.00805	0.04067	0.79963	0.01133	0.01708	0.00939	0.03484	0.01254	0.00839	0.01248	0.00710	0.00838	0.00505	0.00375	0.00376	0.00125	0.00584	0.00295	0.00168	0.00583
49	0.00988	0.00965	0.01566	0.04418	0.75415	0.03770	0.01184	0.01213	0.00895	0.01263	0.00731	0.00970	0.00617	0.00370	0.00428	0.00120	0.03930	0.00350	0.00195	0.00610

[dist]
# distance from previous block
# <min> <max>
0	12

[block]
# block no. 7 follows, 68 sequences, length 62
# corresponding to MSA columns:
# 426-487
name=unknown_H
#
# <colnr> <probs for GDERKNQSTAVLIFYWHMCP>
#	G	D	E	R	K	N	Q	S	T	A	V	L	I	F	Y	W	H	M	C	P
0	0.00537	0.00402	0.00497	0.00478	0.00578	0.00363	0.00357	0.00699	0.01057	0.01446	0.61694	0.06538	0.22148	0.00873	0.00469	0.00128	0.00192	0.00762	0.00418	0.00363
1	0.00660	0.00461	0.00595	0.00620	0.00690	0.00472	0.00448	0.05264	0.04581	0.05723	0.01928	0.58751	0.03900	0.01244	0.07745	0.00197	0.03941	0.02040	0.00356	0.00384
2	0.00869	0.22319	0.23780	0.01072	0.01442	0.01016	0.24144	0.01160	0.02654	0.01858	0.00983	0.10946	0.02257	0.00492	0.00405	0.00124	0.01491	0.02260	0.00217	0.00512
3	0.00936	0.01070	0.02340	0.01671	0.02072	0.01003	0.82152	0.01270	0.00936	0.01270	0.00802	0.01070	0.00602	0.00334	0.00468	0.00134	0.00668	0.00468	0.00201	0.00535
4	0.01049	0.34216	0.26387	0.02189	0.05832	0.08190	0.07265	0.04643	0.00916	0.04893	0.00699	0.00806	0.00549	0.00370	0.00338	0.00108	0.00516	0.00284	0.00200	0.00550
5	0.01793	0.03167	0.14703	0.08345	0.21127	0.02089	0.16120	0.01158	0.03299	0.01863	0.02038	0.04758	0.01962	0.00491	0.00540	0.00135	0.12530	0.03142	0.00215	0.00524
6	0.01113	0.45773	0.09112	0.00803	0.01114	0.16830	0.00755	0.01393	0.11093	0.03953	0.00808	0.00955	0.00685	0.00416	0.00320	0.00103	0.00474	0.03555	0.00224	0.00521
7	0.00484	0.00390	0.00432	0.00448	0.00552	0.00337	0.00326	0.00589	0.00902	0.01128	0.14311	0.21554	0.55099	0.01030	0.00477	0.00139	0.00205	0.00884	0.00377	0.00337
8	0.00933	0.45962	0.41309	0.00895	0.01352	0.01259	0.01055	0.01220	0.00821	0.01087	0.00628	0.00732	0.00506	0.00357	0.00313	0.00104	0.00502	0.00251	0.00169	0.00546
9	0.00862	0.00855	0.01346	0.54794	0.15454	0.06288	0.08788	0.02910	0.00869	0.01113	0.00752	0.02849	0.00599	0.00404	0.00402	0.00128	0.00536	0.00374	0.00193	0.00483
10	0.00519	0.00432	0.00458	0.00462	0.00586	0.00390	0.00342	0.00706	0.07939	0.01133	0.06578	0.15699	0.61368	0.00992	0.00469	0.00138	0.00214	0.00842	0.00374	0.00360
11	0.07142	0.03336	0.00891	0.00721	0.00947	0.02048	0.00584	0.24498	0.04213	0.22982	0.05433	0.10738	0.02131	0.04154	0.00480	0.00142	0.00355	0.08273	0.00390	0.00544
12	0.09142	0.01163	0.02096	0.00849	0.01075	0.25821	0.00670	0.12815	0.29615	0.03295	0.01134	0.03074	0.00913	0.00573	0.02506	0.00137	0.00473	0.03788	0.00320	0.00542
13	0.01129	0.00830	0.00889	0.02587	0.01033	0.04890	0.00614	0.08988	0.44777	0.16076	0.04771	0.05129	0.04528	0.00580	0.00411	0.00131	0.00340	0.01306	0.00402	0.00591
14	0.00619	0.00435	0.00550	0.00524	0.00618	0.00416	0.00385	0.00838	0.06279	0.03958	0.60992	0.10556	0.03193	0.08155	0.00598	0.00151	0.00221	0.00717	0.00413	0.00383
15	0.00615	0.00418	0.00521	0.00488	0.00593	0.00380	0.00362	0.00769	0.01041	0.06077	0.57984	0.02995	0.17736	0.07579	0.00587	0.00147	0.00214	0.00709	0.00412	0.00373
16	0.73178	0.01688	0.00668	0.00581	0.00827	0.04541	0.00474	0.03280	0.07245	0.03521	0.00671	0.00736	0.00514	0.00388	0.00270	0.00122	0.00330	0.00242	0.00264	0.00459
17	0.01261	0.00902	0.00988	0.00822	0.01086	0.00996	0.00658	0.27362	0.44352	0.13945	0.02404	0.01312	0.01039	0.00515	0.00401	0.00128	0.00354	0.00416	0.00414	0.00646
18	0.07961	0.00853	0.00880	0.00787	0.01016	0.00986	0.00616	0.04362	0.74012	0.01693	0.01510	0.01398	0.01133	0.00523	0.00391	0.00133	0.00317	0.00427	0.00391	0.00613
19	0.00874	0.06093	0.70894	0.01101	0.01647	0.00982	0.03137	0.08384	0.00928	0.01350	0.00727	0.00842	0.00520	0.00383	0.00374	0.00123	0.00567	0.00298	0.00188	0.00589
20	0.01408	0.05428	0.01170	0.01052	0.04704	0.71706	0.00772	0.01586	0.06618	0.01029	0.00683	0.00775	0.00563	0.00412	0.00358	0.00104	0.00665	0.00271	0.00216	0.00480
21	0.00544	0.00408	0.00510	0.00514	0.00613	0.00373	0.00397	0.00700	0.01008	0.01353	0.44511	0.09290	0.23758	0.00936	0.00483	0.00139	0.00222	0.13479	0.00403	0.00359
22	0.00936	0.00915	0.01432	0.19074	0.57699	0.05614	0.01119	0.01164	0.00896	0.01221	0.03269	0.03362	0.00750	0.00403	0.00397	0.00121	0.00481	0.00380	0.00205	0.00564
23	0.02831	0.45479	0.36895	0.00863	0.01296	0.01237	0.00999	0.01200	0.00821	0.01103	0.02413	0.00785	0.00581	0.00404	0.01516	0.00112	0.00494	0.00260	0.00177	0.00535
24	0.21392	0.00695	0.00844	0.00664	0.00957	0.00652	0.00548	0.01760	0.01031	0.65379	0.01336	0.01191	0.00857	0.00463	0.00364	0.00123	0.00330	0.00357	0.00435	0.00620
25	0.01481	0.01890	0.01124	0.01021	0.01226	0.84474	0.00766	0.01583	0.01124	0.00970	0.00613	0.00715	0.00511	0.00409	0.00358	0.00102	0.00715	0.00255	0.00204	0.00460
26	0.00818	0.05129	0.66466	0.01080	0.01595	0.00931	0.04748	0.01305	0.07973	0.01293	0.04402	0.00988	0.00710	0.00406	0.00382	0.00125	0.00542	0.00329	0.00201	0.00575
27	0.00923	0.01082	0.04743	0.01616	0.02004	0.00999	0.75574	0.01250	0.00917	0.01253	0.00794	0.01063	0.00602	0.00390	0.01837	0.00143	0.03623	0.00458	0.00199	0.00530
28	0.00476	0.00395	0.00417	0.00426	0.00544	0.00336	0.00314	0.00579	0.00900	0.01098	0.08939	0.13661	0.68509	0.01020	0.00473	0.00137	0.00203	0.00864	0.00373	0.00336
29	0.00820	0.00790	0.01289	0.59430	0.19143	0.02348	0.02023	0.01063	0.00809	0.01069	0.00699	0.01022	0.00549	0.00410	0.00464	0.00132	0.06929	0.00352	0.00181	0.00480
30	0.00932	0.01231	0.16399	0.01611	0.08079	0.00991	0.59661	0.03714	0.00944	0.01307	0.00787	0.01019	0.00589	0.00347	0.00444	0.00131	0.00632	0.00426	0.00200	0.00555
31	0.01734	0.00663	0.00904	0.00700	0.00997	0.00574	0.00575	0.01884	0.01122	0.80987	0.01586	0.04285	0.01039	0.00517	0.00402	0.00124	0.00334	0.00424	0.00486	0.00663
32	0.00526	0.00465	0.00452	0.00448	0.00587	0.02670	0.00340	0.00675	0.04613	0.01099	0.03748	0.03648	0.74629	0.00970	0.00465	0.00135	0.00226	0.03587	0.00365	0.00352
33	0.00927	0.01082	0.04183	0.03941	0.02082	0.00997	0.78083	0.01263	0.00930	0.01263	0.00797	0.01064	0.00597	0.00337	0.00464	0.00133	0.00663	0.00461	0.00199	0.00533
34	0.09671	0.00829	0.01116	0.59681	0.02222	0.06075	0.00963	0.08640	0.03380	0.01243	0.00731	0.00995	0.00552	0.00411	0.00395	0.00129	0.01952	0.00336	0.00212	0.00468
35	0.01453	0.01759	0.01133	0.04584	0.01290	0.72354	0.00779	0.09863	0.01186	0.01129	0.00652	0.00754	0.00528	0.00415	0.00363	0.00105	0.00678	0.00270	0.00223	0.00481
36	0.01779	0.00675	0.00920	0.00705	0.01012	0.00583	0.00583	0.01932	0.01135	0.83867	0.01564	0.01350	0.00981	0.00491	0.00399	0.00123	0.00337	0.00399	0.00491	0.00675
37	0.65912	0.05635	0.00767	0.00602	0.00859	0.00977	0.00499	0.10950	0.07893	0.01807	0.00691	0.00752	0.00530	0.00394	0.00278	0.00121	0.00329	0.00252	0.00273	0.00480
38	0.00552	0.00375	0.00501	0.00570	0.00606	0.00359	0.00391	0.00628	0.00773	0.04536	0.03199	0.75568	0.02472	0.02833	0.01754	0.00170	0.02149	0.01861	0.00365	0.00340
39	0.00749	0.00705	0.01189	0.85113	0.02731	0.00881	0.01101	0.01013	0.00793	0.01013	0.00705	0.01057	0.00529	0.00396	0.00396	0.00132	0.00529	0.00352	0.00176	0.00440
