[name]
unknown

[dist]
# distance from previous block
# <min> <max>
0	84

[block]
# block no. 0 follows, 64 sequences, length 34
# corresponding to MSA columns:
# 117-150
name=unknown_A
#
# <colnr> <probs for GDERKNQSTAVLIFYWHMCP>
#	G	D	E	R	K	N	Q	S	T	A	V	L	I	F	Y	W	H	M	C	P
0	0.00654	0.00529	0.01995	0.00775	0.05111	0.00496	0.00618	0.00861	0.03604	0.01232	0.02613	0.05197	0.23312	0.01052	0.00535	0.00171	0.00343	0.50128	0.00372	0.00401
1	0.00951	0.00866	0.01411	0.02023	0.60758	0.00864	0.01054	0.04462	0.01040	0.01479	0.19401	0.01499	0.01402	0.00484	0.00429	0.00125	0.00424	0.00457	0.00271	0.00599
2	0.00595	0.00375	0.00497	0.00539	0.00571	0.00358	0.00364	0.00612	0.00757	0.01031	0.08731	0.39465	0.05917	0.07592	0.00934	0.24392	0.00280	0.01777	0.04918	0.00296
3	0.01136	0.00861	0.01065	0.08588	0.13099	0.01912	0.00733	0.32931	0.01260	0.05051	0.01095	0.05838	0.00984	0.19822	0.00803	0.00189	0.00442	0.00464	0.00321	0.03407
4	0.01233	0.01297	0.19802	0.00964	0.01336	0.01116	0.00911	0.38552	0.23244	0.02032	0.01116	0.01113	0.00813	0.00485	0.00408	0.00128	0.00452	0.00379	0.00356	0.04263
5	0.00658	0.00848	0.19474	0.00799	0.00993	0.00645	0.00763	0.00881	0.00714	0.01045	0.01010	0.01436	0.00906	0.02418	0.62096	0.00530	0.03733	0.00411	0.00210	0.00429
6	0.00540	0.00384	0.00490	0.00538	0.00578	0.00361	0.00361	0.00627	0.00848	0.01146	0.19093	0.50118	0.06098	0.15874	0.00797	0.00200	0.00258	0.00977	0.00377	0.00334
7	0.00552	0.00423	0.00521	0.00562	0.00629	0.00408	0.00398	0.02719	0.00860	0.01121	0.04804	0.49623	0.24235	0.03318	0.04958	0.00191	0.02965	0.00987	0.00370	0.00355
8	0.01793	0.00996	0.01012	0.00814	0.01111	0.19520	0.00654	0.01941	0.01186	0.64426	0.01412	0.01263	0.00916	0.00495	0.00408	0.00124	0.00443	0.00384	0.00446	0.00656
9	0.00832	0.00763	0.00671	0.00679	0.00783	0.19332	0.00488	0.00934	0.00961	0.06010	0.10657	0.44547	0.09764	0.00984	0.00480	0.00146	0.00356	0.00853	0.00362	0.00399
10	0.00959	0.01021	0.01230	0.65447	0.02502	0.19761	0.01074	0.01197	0.00909	0.01051	0.00716	0.01026	0.00549	0.00418	0.00406	0.00131	0.00598	0.00346	0.00191	0.00466
11	0.01006	0.01007	0.00920	0.00715	0.01037	0.19469	0.00558	0.01174	0.00947	0.01291	0.04327	0.00935	0.00743	0.00359	0.00331	0.00075	0.00403	0.00273	0.00248	0.64184
12	0.00686	0.00384	0.00577	0.00577	0.00597	0.00405	0.00405	0.00597	0.00577	0.00789	0.00831	0.01366	0.00810	0.01911	0.24627	0.63479	0.00571	0.00384	0.00192	0.00234
13	0.01472	0.20383	0.01458	0.00900	0.01238	0.01369	0.00772	0.63186	0.01701	0.02245	0.00902	0.00922	0.00667	0.00466	0.00382	0.00117	0.00454	0.00339	0.00361	0.00667
14	0.00509	0.00375	0.00470	0.00541	0.00591	0.00341	0.00369	0.00581	0.00823	0.01065	0.02683	0.64368	0.20867	0.01248	0.00551	0.02575	0.00237	0.01089	0.00380	0.00336
15	0.01335	0.00981	0.01073	0.00870	0.01132	0.01072	0.00698	0.63034	0.01690	0.02264	0.01291	0.20136	0.01171	0.00681	0.00442	0.00135	0.00408	0.00558	0.00409	0.00622
16	0.07500	0.00973	0.00943	0.00776	0.01046	0.19519	0.00619	0.01761	0.01147	0.50452	0.08299	0.01360	0.01126	0.00514	0.00401	0.00123	0.00425	0.00399	0.02012	0.00605
17	0.01357	0.00990	0.01066	0.00841	0.01098	0.01087	0.00667	0.63040	0.01646	0.02206	0.01068	0.01389	0.00889	0.19813	0.00802	0.00188	0.00445	0.00426	0.00378	0.00603
18	0.00536	0.00387	0.00498	0.00547	0.00599	0.00360	0.00379	0.00640	0.00893	0.01204	0.22660	0.50574	0.09087	0.07093	0.00630	0.00174	0.00242	0.02756	0.00394	0.00347
19	0.00592	0.00430	0.00537	0.00578	0.00652	0.00410	0.00441	0.00710	0.00882	0.01150	0.11994	0.12980	0.17879	0.20277	0.00893	0.00220	0.00316	0.28352	0.00363	0.00343
20	0.01018	0.01021	0.00933	0.00719	0.01053	0.19476	0.00563	0.01185	0.00933	0.01277	0.00716	0.00836	0.00597	0.00335	0.00323	0.00072	0.00408	0.00251	0.00239	0.68046
21	0.01048	0.00872	0.00930	0.00829	0.01062	0.00998	0.00647	0.04737	0.73206	0.03737	0.05921	0.01610	0.01383	0.00575	0.00426	0.00140	0.00327	0.00480	0.00426	0.00646
22	0.00517	0.00387	0.00479	0.00547	0.00608	0.00353	0.00385	0.00605	0.00845	0.01086	0.02782	0.55115	0.24392	0.03056	0.00557	0.00168	0.00247	0.07145	0.00382	0.00343
23	0.00763	0.00555	0.00668	0.00674	0.00773	0.00568	0.00490	0.19002	0.02206	0.01430	0.01984	0.62265	0.02251	0.01103	0.00504	0.00159	0.00296	0.03489	0.00393	0.00427
24	0.68476	0.00824	0.00685	0.00614	0.00866	0.00955	0.00497	0.01445	0.19214	0.01835	0.00831	0.00874	0.00636	0.00426	0.00295	0.00131	0.00323	0.00281	0.00295	0.00497
25	0.01154	0.00748	0.00826	0.00681	0.00910	0.00767	0.00546	0.32403	0.02265	0.12811	0.02027	0.01990	0.23756	0.00730	0.01632	0.03748	0.00344	0.00524	0.11599	0.00539
26	0.01315	0.00681	0.00827	0.00691	0.00943	0.00650	0.00554	0.03447	0.18453	0.41761	0.03825	0.02130	0.19727	0.00668	0.00440	0.00135	0.00315	0.02377	0.00459	0.00602
27	0.00528	0.00391	0.00483	0.00524	0.00595	0.00355	0.00369	0.00641	0.00923	0.01231	0.21915	0.44948	0.21338	0.01117	0.00506	0.00151	0.00222	0.00990	0.02419	0.00355
28	0.01563	0.00701	0.00925	0.00767	0.01038	0.00649	0.00642	0.09764	0.01213	0.56364	0.01702	0.02116	0.01306	0.00657	0.00453	0.00142	0.00370	0.18521	0.00474	0.00633
29	0.00737	0.00521	0.00724	0.00669	0.00756	0.00571	0.03112	0.04144	0.01938	0.05348	0.02487	0.01892	0.01181	0.26837	0.42529	0.00480	0.03978	0.00491	0.01223	0.00381
30	0.00888	0.01154	0.20068	0.34393	0.32976	0.00957	0.01286	0.01200	0.00885	0.01231	0.00756	0.01025	0.00587	0.00393	0.00409	0.00131	0.00545	0.00355	0.00190	0.00571
31	0.00740	0.05018	0.00713	0.00651	0.00748	0.02858	0.00479	0.08071	0.05482	0.02266	0.05146	0.47066	0.02105	0.06993	0.03537	0.00188	0.01363	0.03801	0.02367	0.00409
32	0.00997	0.00872	0.01017	0.00797	0.01102	0.05321	0.06784	0.11286	0.13410	0.02541	0.02961	0.03630	0.05252	0.00482	0.00384	0.00103	0.00377	0.02357	0.00312	0.40016
33	0.26385	0.07327	0.00903	0.00666	0.00931	0.04811	0.00543	0.06308	0.03883	0.21807	0.01186	0.01204	0.06334	0.00550	0.00445	0.06877	0.00362	0.00350	0.00330	0.08797

[dist]
# distance from previous block
# <min> <max>
1	7

[block]
# block no. 1 follows, 64 sequences, length 36
# corresponding to MSA columns:
# 158-193
name=unknown_B
#
# <colnr> <probs for GDERKNQSTAVLIFYWHMCP>
#	G	D	E	R	K	N	Q	S	T	A	V	L	I	F	Y	W	H	M	C	P
0	0.00659	0.00424	0.00493	0.00482	0.00501	0.00424	0.00288	0.00671	0.00650	0.04164	0.03070	0.04432	0.03207	0.73056	0.01918	0.02410	0.01995	0.00608	0.00269	0.00279
1	0.03359	0.01336	0.01205	0.00970	0.01269	0.20584	0.00780	0.57865	0.04983	0.02191	0.00933	0.00955	0.00684	0.00482	0.00403	0.00121	0.00517	0.00350	0.00365	0.00646
2	0.00646	0.00385	0.00534	0.00549	0.00577	0.00382	0.00373	0.00612	0.00666	0.00917	0.05495	0.20160	0.01459	0.09812	0.09661	0.41869	0.00400	0.00595	0.03084	0.01825
3	0.00613	0.00447	0.00502	0.00501	0.00621	0.00401	0.00369	0.03944	0.00977	0.04316	0.11274	0.21812	0.46235	0.01030	0.00503	0.01440	0.00233	0.00870	0.03533	0.00378
4	0.00973	0.00793	0.00844	0.00748	0.00966	0.00867	0.00589	0.17487	0.39710	0.01716	0.02226	0.04940	0.21736	0.00722	0.00448	0.00140	0.00324	0.03792	0.00409	0.00568
5	0.00553	0.00392	0.00490	0.00550	0.00576	0.00380	0.00357	0.00643	0.03379	0.01025	0.04011	0.57046	0.02379	0.25063	0.00974	0.00233	0.00288	0.00984	0.00351	0.00325
6	0.00561	0.00411	0.00496	0.00525	0.00594	0.00383	0.00367	0.02180	0.00896	0.01186	0.16429	0.34945	0.20823	0.13278	0.00738	0.00188	0.00257	0.03475	0.01922	0.00347
7	0.00518	0.00369	0.00484	0.00564	0.00593	0.00346	0.00376	0.00594	0.00810	0.01084	0.07529	0.72862	0.04129	0.06855	0.00632	0.00181	0.00248	0.01109	0.00381	0.00335
8	0.01025	0.00907	0.00923	0.00833	0.01062	0.03792	0.00646	0.02112	0.75467	0.01684	0.01775	0.01639	0.05119	0.00582	0.00424	0.00140	0.00337	0.00482	0.00414	0.00637
9	0.00666	0.00414	0.00539	0.00575	0.00652	0.00376	0.00405	0.00767	0.00901	0.10293	0.12549	0.57842	0.10168	0.01133	0.00509	0.00157	0.00245	0.01013	0.00409	0.00387
10	0.02281	0.00407	0.00477	0.00489	0.00526	0.00412	0.00316	0.00685	0.00702	0.01019	0.03376	0.15132	0.03065	0.45474	0.10641	0.00334	0.00416	0.00644	0.13295	0.00307
11	0.00982	0.00844	0.00892	0.00806	0.01030	0.00965	0.00626	0.02050	0.73793	0.01697	0.05116	0.01763	0.06389	0.00605	0.00430	0.00140	0.00316	0.00506	0.00422	0.00628
12	0.00616	0.00434	0.00549	0.00515	0.00627	0.00393	0.00388	0.00798	0.01143	0.04318	0.68377	0.03177	0.15371	0.00868	0.00488	0.00132	0.00203	0.00758	0.00449	0.00396
13	0.02011	0.00452	0.00545	0.00526	0.00638	0.00415	0.00386	0.00828	0.02674	0.07868	0.33687	0.14266	0.23009	0.08977	0.00641	0.00165	0.00245	0.01867	0.00410	0.00392
14	0.01065	0.00757	0.00812	0.00682	0.00904	0.00800	0.00539	0.25912	0.16208	0.01865	0.01287	0.05699	0.01030	0.00526	0.00368	0.00113	0.00315	0.00424	0.30335	0.10360
15	0.00588	0.00424	0.00553	0.00521	0.00616	0.00392	0.00388	0.00779	0.01161	0.01643	0.80465	0.03093	0.03856	0.03062	0.00532	0.00138	0.00201	0.00747	0.00452	0.00388
16	0.00909	0.00909	0.01272	0.01091	0.01091	0.01272	0.00909	0.01000	0.00636	0.01000	0.00545	0.00909	0.00545	0.00727	0.01363	0.00182	0.84642	0.00364	0.00182	0.00454
17	0.62330	0.00680	0.00544	0.00499	0.00708	0.00770	0.00402	0.01146	0.00756	0.01770	0.00809	0.00934	0.00632	0.00415	0.00267	0.00119	0.00283	0.00273	0.26231	0.00431
18	0.01864	0.00707	0.00964	0.00739	0.01060	0.00611	0.00611	0.02024	0.01189	0.83099	0.01639	0.01414	0.01028	0.00514	0.00418	0.00129	0.00353	0.00418	0.00514	0.00707
19	0.88336	0.00803	0.00611	0.00546	0.00803	0.00932	0.00450	0.01221	0.00707	0.01864	0.00578	0.00675	0.00450	0.00386	0.00257	0.00129	0.00321	0.00225	0.00257	0.00450
20	0.01552	0.01980	0.01177	0.01070	0.01284	0.83735	0.00803	0.01659	0.01177	0.01017	0.00642	0.00749	0.00535	0.00428	0.00375	0.00107	0.00749	0.00268	0.00214	0.00482
21	0.00572	0.00417	0.00538	0.00522	0.00614	0.00383	0.00386	0.00747	0.01116	0.01559	0.68021	0.12665	0.09075	0.00915	0.00495	0.00136	0.00202	0.00809	0.00444	0.00383
22	0.00586	0.00424	0.00552	0.00520	0.00619	0.00391	0.00390	0.00779	0.01170	0.01653	0.80719	0.03124	0.05800	0.00854	0.00490	0.00131	0.00196	0.00754	0.00456	0.00391
23	0.01552	0.01980	0.01177	0.01070	0.01284	0.83735	0.00803	0.01659	0.01177	0.01017	0.00642	0.00749	0.00535	0.00428	0.00375	0.00107	0.00749	0.00268	0.00214	0.00482
24	0.01033	0.00892	0.00939	0.00845	0.01080	0.01033	0.00657	0.02207	0.82061	0.01738	0.01691	0.01550	0.01268	0.00564	0.00423	0.00141	0.00329	0.00470	0.00423	0.00657
25	0.00594	0.00444	0.00662	0.00662	0.00735	0.00516	0.00513	0.00738	0.00666	0.00960	0.01117	0.01658	0.01050	0.05100	0.81787	0.00661	0.01095	0.00449	0.00223	0.00368
26	0.00602	0.00409	0.00486	0.00486	0.00498	0.00421	0.00293	0.00625	0.00614	0.00830	0.01278	0.02550	0.01437	0.72679	0.14737	0.00444	0.00512	0.00579	0.00247	0.00270
27	0.01111	0.85652	0.02177	0.00711	0.01066	0.01644	0.00711	0.01244	0.00844	0.00977	0.00577	0.00666	0.00533	0.00355	0.00267	0.00089	0.00444	0.00222	0.00178	0.00533
28	0.00597	0.00431	0.00595	0.00595	0.00644	0.00480	0.00429	0.00695	0.00646	0.00911	0.01179	0.01998	0.01198	0.30871	0.56218	0.00578	0.00873	0.00499	0.00232	0.00331
29	0.00573	0.00481	0.02407	0.02130	0.02527	0.00414	0.00425	0.00746	0.01077	0.01448	0.49822	0.03282	0.31359	0.00891	0.00485	0.00134	0.00224	0.00769	0.00415	0.00390
30	0.01000	0.00955	0.01625	0.04348	0.77488	0.00958	0.01234	0.01240	0.00937	0.01338	0.00844	0.04595	0.00744	0.00411	0.00416	0.00126	0.00484	0.00404	0.00213	0.00640
31	0.88336	0.00803	0.00611	0.00546	0.00803	0.00932	0.00450	0.01221	0.00707	0.01864	0.00578	0.00675	0.00450	0.00386	0.00257	0.00129	0.00321	0.00225	0.00257	0.00450
32	0.00522	0.00422	0.00464	0.00453	0.00580	0.00364	0.00340	0.00656	0.01020	0.01295	0.29147	0.03713	0.57595	0.00987	0.00491	0.00137	0.00206	0.00837	0.00408	0.00364
33	0.01111	0.85652	0.02177	0.00711	0.01066	0.01644	0.00711	0.01244	0.00844	0.00977	0.00577	0.00666	0.00533	0.00355	0.00267	0.00089	0.00444	0.00222	0.00178	0.00533
34	0.07669	0.06588	0.01263	0.01129	0.11316	0.26111	0.00810	0.28840	0.06722	0.04367	0.00874	0.00932	0.00667	0.00449	0.00383	0.00118	0.00527	0.00329	0.00306	0.00600
35	0.03091	0.00814	0.01377	0.61124	0.05565	0.00949	0.11031	0.06037	0.00923	0.01228	0.00812	0.01204	0.00633	0.00434	0.00426	0.00139	0.00552	0.02957	0.00211	0.00493

[dist]
# distance from previous block
# <min> <max>
1	2

[block]
# block no. 2 follows, 64 sequences, length 189
# corresponding to MSA columns:
# 196-384
name=unknown_C
#
# <colnr> <probs for GDERKNQSTAVLIFYWHMCP>
#	G	D	E	R	K	N	Q	S	T	A	V	L	I	F	Y	W	H	M	C	P
0	0.01627	0.01087	0.01199	0.00919	0.01250	0.01174	0.00759	0.68082	0.01825	0.16143	0.01105	0.01067	0.00760	0.00501	0.00416	0.00125	0.00440	0.00381	0.00432	0.00706
1	0.01120	0.83854	0.02155	0.00718	0.01071	0.03407	0.00713	0.01253	0.00851	0.00978	0.00579	0.00668	0.00533	0.00357	0.00269	0.00089	0.00451	0.00223	0.00178	0.00532
2	0.01111	0.85652	0.02177	0.00711	0.01066	0.01644	0.00711	0.01244	0.00844	0.00977	0.00577	0.00666	0.00533	0.00355	0.00267	0.00089	0.00444	0.00222	0.00178	0.00533
3	0.00784	0.00738	0.01246	0.84404	0.02861	0.00923	0.01154	0.01061	0.00831	0.01061	0.00738	0.01107	0.00554	0.00415	0.00415	0.00138	0.00554	0.00369	0.00185	0.00461
4	0.00800	0.00685	0.00718	0.00664	0.00855	0.00735	0.00511	0.01509	0.46393	0.01496	0.06997	0.02579	0.32845	0.00768	0.00453	0.00140	0.00276	0.00642	0.00410	0.00525
5	0.00506	0.00361	0.00482	0.00578	0.00602	0.00337	0.00386	0.00578	0.00795	0.01060	0.02289	0.85131	0.02747	0.01301	0.00530	0.00169	0.00241	0.01181	0.00386	0.00337
6	0.00588	0.00425	0.00555	0.00523	0.00621	0.00392	0.00392	0.00784	0.01176	0.01666	0.82592	0.03103	0.03919	0.00849	0.00490	0.00131	0.00196	0.00751	0.00457	0.00392
7	0.01111	0.85652	0.02177	0.00711	0.01066	0.01644	0.00711	0.01244	0.00844	0.00977	0.00577	0.00666	0.00533	0.00355	0.00267	0.00089	0.00444	0.00222	0.00178	0.00533
8	0.00923	0.00969	0.02505	0.10483	0.02551	0.03116	0.15261	0.01088	0.00739	0.01074	0.00627	0.00966	0.00562	0.00610	0.01055	0.00166	0.56252	0.00384	0.00188	0.00479
9	0.00514	0.00414	0.00460	0.00491	0.00597	0.00365	0.00360	0.00631	0.02209	0.01121	0.03510	0.27236	0.54148	0.01121	0.00506	0.00151	0.00230	0.05197	0.00386	0.00353
10	0.00506	0.00361	0.00482	0.00578	0.00602	0.00337	0.00386	0.00578	0.00795	0.01060	0.02289	0.85131	0.02747	0.01301	0.00530	0.00169	0.00241	0.01181	0.00386	0.00337
11	0.01417	0.01083	0.01155	0.00923	0.01226	0.01213	0.00750	0.57936	0.25707	0.02357	0.01203	0.01161	0.00873	0.00518	0.00418	0.00129	0.00419	0.00402	0.00418	0.00692
12	0.00906	0.01029	0.12028	0.01835	0.48485	0.00873	0.03412	0.01232	0.07027	0.01345	0.02679	0.03498	0.11615	0.00518	0.00429	0.00131	0.00453	0.01660	0.00253	0.00593
13	0.01157	0.77139	0.02079	0.00741	0.01088	0.05237	0.00719	0.05846	0.00922	0.01073	0.00604	0.00689	0.00543	0.00367	0.00280	0.00092	0.00458	0.00233	0.00193	0.00541
14	0.00845	0.03321	0.77730	0.01207	0.01807	0.00979	0.05796	0.01315	0.00882	0.01311	0.00748	0.00887	0.00532	0.00392	0.00398	0.00131	0.00616	0.00316	0.00177	0.00610
15	0.00560	0.00406	0.00528	0.00535	0.00613	0.00374	0.00387	0.00715	0.01054	0.01465	0.55668	0.27601	0.06557	0.00992	0.00502	0.00142	0.00210	0.00884	0.00433	0.00374
16	0.00644	0.00519	0.04216	0.00565	0.00695	0.00438	0.00454	0.00874	0.02981	0.03926	0.74910	0.02923	0.03630	0.00813	0.00482	0.00131	0.00222	0.00716	0.00446	0.00416
17	0.01408	0.01090	0.01266	0.07061	0.01419	0.01211	0.05110	0.59566	0.13666	0.02305	0.01073	0.01094	0.00774	0.00494	0.00421	0.00129	0.00458	0.00394	0.00389	0.00673
18	0.00511	0.00364	0.00482	0.00572	0.00597	0.00341	0.00380	0.00582	0.00793	0.01059	0.03429	0.80521	0.02713	0.04769	0.00595	0.00178	0.00247	0.01151	0.00381	0.00335
19	0.81203	0.00809	0.00648	0.00568	0.00831	0.00925	0.00468	0.03576	0.00769	0.06237	0.00647	0.00724	0.00488	0.00396	0.00270	0.00128	0.00327	0.00240	0.00275	0.00471
20	0.09704	0.00683	0.00875	0.00695	0.00977	0.00623	0.00567	0.01786	0.03460	0.62119	0.12573	0.01579	0.01375	0.00549	0.00413	0.00129	0.00328	0.00447	0.00480	0.00639
21	0.00565	0.00414	0.00505	0.00549	0.00626	0.00386	0.00406	0.00668	0.01738	0.01105	0.04998	0.27551	0.27612	0.09175	0.00726	0.04613	0.00279	0.16097	0.01648	0.00340
22	0.00508	0.00363	0.00484	0.00577	0.00603	0.00339	0.00386	0.00584	0.00806	0.01077	0.04491	0.82882	0.02779	0.01289	0.00529	0.00168	0.00240	0.01169	0.00388	0.00339
23	0.00593	0.00445	0.00668	0.00668	0.00742	0.00519	0.00519	0.00742	0.00668	0.00964	0.01113	0.01632	0.01038	0.03115	0.83756	0.00668	0.01113	0.00445	0.00223	0.00371
24	0.01031	0.00582	0.00723	0.00674	0.00832	0.00573	0.00517	0.03174	0.13416	0.24058	0.01876	0.20520	0.04046	0.12638	0.00702	0.00186	0.00332	0.11791	0.01837	0.00494
25	0.02201	0.00603	0.00785	0.00661	0.00874	0.00550	0.00519	0.05712	0.01133	0.43716	0.17996	0.14978	0.02779	0.03668	0.00506	0.00144	0.00307	0.00612	0.01697	0.00558
26	0.77527	0.00848	0.00690	0.00597	0.00864	0.00976	0.00492	0.11214	0.00862	0.01958	0.00631	0.00715	0.00482	0.00400	0.00277	0.00128	0.00338	0.00243	0.00277	0.00482
27	0.00820	0.00467	0.00479	0.00453	0.00568	0.00478	0.00340	0.07528	0.03163	0.01565	0.01484	0.01718	0.05443	0.06584	0.00445	0.00124	0.00235	0.00430	0.67268	0.00409
28	0.05594	0.00485	0.00601	0.00570	0.00702	0.00448	0.00422	0.00978	0.00973	0.18963	0.21288	0.27356	0.12620	0.06364	0.00579	0.00160	0.00265	0.00786	0.00415	0.00432
29	0.71216	0.00765	0.00625	0.00559	0.00791	0.00873	0.00447	0.02241	0.04311	0.04118	0.00745	0.00945	0.00616	0.08399	0.00446	0.00154	0.00330	0.00281	0.01689	0.00450
30	0.00606	0.00401	0.00452	0.00455	0.00458	0.00400	0.00257	0.00613	0.00617	0.00833	0.01338	0.05062	0.01534	0.80650	0.02019	0.00388	0.00392	0.00615	0.02653	0.00258
31	0.00573	0.00427	0.00503	0.00486	0.00600	0.00382	0.00361	0.00716	0.01027	0.03186	0.38755	0.05667	0.37642	0.04729	0.02961	0.00163	0.00243	0.00795	0.00410	0.00373
32	0.01670	0.00427	0.00535	0.00560	0.00639	0.00394	0.00388	0.00742	0.01799	0.04449	0.05111	0.51625	0.04064	0.06883	0.00638	0.04028	0.00263	0.00890	0.07200	0.07693
33	0.00513	0.00371	0.00487	0.00578	0.00608	0.00348	0.00387	0.00602	0.01949	0.01072	0.02336	0.81611	0.05029	0.01284	0.00528	0.00167	0.00241	0.01162	0.00386	0.00342
34	0.01374	0.00711	0.00883	0.00721	0.00970	0.00692	0.00578	0.11570	0.12384	0.40029	0.19153	0.01801	0.03474	0.00631	0.00470	0.02661	0.00326	0.00500	0.00464	0.00609
35	0.05190	0.00576	0.00678	0.00636	0.00795	0.00579	0.00498	0.05037	0.10724	0.12608	0.09382	0.09177	0.18269	0.06297	0.06695	0.00201	0.00365	0.11442	0.00388	0.00461
36	0.00566	0.00438	0.00513	0.00544	0.00638	0.00407	0.00395	0.03046	0.03933	0.01215	0.09939	0.38523	0.32476	0.01111	0.00507	0.00153	0.00242	0.04587	0.00394	0.00372
37	0.01579	0.01163	0.01247	0.00956	0.01288	0.01288	0.00789	0.81426	0.01953	0.02618	0.00997	0.00997	0.00706	0.00499	0.00416	0.00125	0.00457	0.00374	0.00416	0.00706
38	0.00867	0.00755	0.00931	0.00665	0.01037	0.00576	0.04049	0.01058	0.00867	0.01353	0.00743	0.00873	0.00616	0.00309	0.00316	0.00065	0.00325	0.00257	0.00245	0.84095
39	0.01805	0.00690	0.00933	0.00720	0.01029	0.00599	0.00593	0.01968	0.01172	0.78730	0.01624	0.01421	0.01030	0.00512	0.00411	0.00127	0.00345	0.00416	0.05185	0.00690
40	0.00967	0.00927	0.01587	0.22970	0.61704	0.00972	0.02386	0.01222	0.00918	0.01283	0.00771	0.01049	0.00632	0.00381	0.00413	0.00127	0.00511	0.00372	0.00200	0.00608
41	0.00652	0.00463	0.00629	0.00707	0.00794	0.00458	0.00598	0.00810	0.00916	0.01189	0.03346	0.05682	0.06809	0.07973	0.00722	0.02733	0.00369	0.64420	0.00367	0.00364
42	0.04685	0.02089	0.79612	0.01156	0.01754	0.00963	0.01487	0.01311	0.00869	0.01340	0.00738	0.00868	0.00523	0.00394	0.00389	0.00131	0.00601	0.00303	0.00179	0.00607
43	0.00892	0.00882	0.01228	0.01056	0.01056	0.01226	0.00874	0.00978	0.00634	0.00989	0.00586	0.01006	0.00597	0.05263	0.01403	0.00194	0.80129	0.00376	0.00185	0.00444
44	0.00506	0.00361	0.00482	0.00578	0.00602	0.00337	0.00386	0.00578	0.00795	0.01060	0.02289	0.85131	0.02747	0.01301	0.00530	0.00169	0.00241	0.01181	0.00386	0.00337
45	0.01864	0.00707	0.00964	0.00739	0.01060	0.00611	0.00611	0.02024	0.01189	0.83099	0.01639	0.01414	0.01028	0.00514	0.00418	0.00129	0.00353	0.00418	0.00514	0.00707
46	0.00752	0.00440	0.00577	0.00608	0.00685	0.00410	0.00425	0.03134	0.00880	0.13789	0.02102	0.65554	0.02359	0.05438	0.00590	0.00173	0.00273	0.01010	0.00400	0.00401
47	0.00626	0.00435	0.00549	0.00516	0.00629	0.00393	0.00388	0.00802	0.01129	0.05144	0.63830	0.05100	0.17141	0.00879	0.00488	0.00133	0.00206	0.00768	0.00446	0.00398
48	0.00595	0.00439	0.00638	0.00638	0.00701	0.00503	0.00482	0.00723	0.00659	0.00942	0.01140	0.01783	0.01104	0.14586	0.72375	0.00631	0.01014	0.00467	0.00227	0.00354
49	0.00600	0.00401	0.00454	0.00459	0.00460	0.00400	0.00258	0.00603	0.00612	0.00817	0.01352	0.06346	0.01565	0.81700	0.02044	0.00392	0.00396	0.00629	0.00258	0.00255
50	0.73475	0.00736	0.00588	0.00531	0.00760	0.00842	0.00431	0.01175	0.00725	0.03006	0.00687	0.00809	0.00539	0.00445	0.00323	0.03989	0.00309	0.00252	0.09942	0.00435
51	0.88336	0.00803	0.00611	0.00546	0.00803	0.00932	0.00450	0.01221	0.00707	0.01864	0.00578	0.00675	0.00450	0.00386	0.00257	0.00129	0.00321	0.00225	0.00257	0.00450
52	0.00506	0.00361	0.00482	0.00578	0.00602	0.00337	0.00386	0.00578	0.00795	0.01060	0.02289	0.85131	0.02747	0.01301	0.00530	0.00169	0.00241	0.01181	0.00386	0.00337
53	0.01579	0.01163	0.01247	0.00956	0.01288	0.01288	0.00789	0.81426	0.01953	0.02618	0.00997	0.00997	0.00706	0.00499	0.00416	0.00125	0.00457	0.00374	0.00416	0.00706
54	0.03888	0.01104	0.01175	0.00910	0.01225	0.01218	0.00748	0.73896	0.01845	0.02492	0.01134	0.01158	0.04324	0.02382	0.00452	0.00132	0.00441	0.00397	0.00406	0.00674
55	0.01579	0.01163	0.01247	0.00956	0.01288	0.01288	0.00789	0.81426	0.01953	0.02618	0.00997	0.00997	0.00706	0.00499	0.00416	0.00125	0.00457	0.00374	0.00416	0.00706
56	0.00604	0.00403	0.00453	0.00453	0.00453	0.00403	0.00252	0.00604	0.00604	0.00805	0.01309	0.02718	0.01510	0.85402	0.02114	0.00403	0.00403	0.00604	0.00252	0.00252
57	0.00506	0.00361	0.00482	0.00578	0.00602	0.00337	0.00386	0.00578	0.00795	0.01060	0.02289	0.85131	0.02747	0.01301	0.00530	0.00169	0.00241	0.01181	0.00386	0.00337
58	0.00593	0.00445	0.00668	0.00668	0.00742	0.00519	0.00519	0.00742	0.00668	0.00964	0.01113	0.01632	0.01038	0.03115	0.83756	0.00668	0.01113	0.00445	0.00223	0.00371
59	0.01064	0.00908	0.00957	0.00852	0.01092	0.01048	0.00665	0.06736	0.77481	0.01788	0.01651	0.01518	0.01236	0.00560	0.00422	0.00140	0.00336	0.00464	0.00422	0.00660
60	0.88336	0.00803	0.00611	0.00546	0.00803	0.00932	0.00450	0.01221	0.00707	0.01864	0.00578	0.00675	0.00450	0.00386	0.00257	0.00129	0.00321	0.00225	0.00257	0.00450
61	0.82019	0.00785	0.00607	0.00543	0.00792	0.00906	0.00446	0.02419	0.00735	0.01857	0.00629	0.00730	0.00489	0.00393	0.00261	0.00127	0.00316	0.00236	0.05259	0.00450
62	0.00497	0.00417	0.00426	0.00431	0.00559	0.00352	0.00317	0.00595	0.00923	0.01105	0.03971	0.08580	0.74503	0.04779	0.00565	0.00153	0.00221	0.00882	0.00380	0.00346
63	0.88336	0.00803	0.00611	0.00546	0.00803	0.00932	0.00450	0.01221	0.00707	0.01864	0.00578	0.00675	0.00450	0.00386	0.00257	0.00129	0.00321	0.00225	0.00257	0.00450
64	0.00539	0.00375	0.00472	0.00537	0.00553	0.00359	0.00341	0.00587	0.00732	0.00975	0.01963	0.57673	0.02335	0.29322	0.01058	0.00247	0.00295	0.00989	0.00341	0.00309
65	0.01028	0.00987	0.01686	0.02550	0.82811	0.00987	0.01275	0.01275	0.00946	0.01357	0.00781	0.01028	0.00658	0.00370	0.00411	0.00123	0.00493	0.00370	0.00206	0.00658
66	0.00593	0.00445	0.00668	0.00668	0.00742	0.00519	0.00519	0.00742	0.00668	0.00964	0.01113	0.01632	0.01038	0.03115	0.83756	0.00668	0.01113	0.00445	0.00223	0.00371
67	0.00522	0.00448	0.00450	0.00445	0.00591	0.00390	0.00335	0.00688	0.05584	0.01157	0.04064	0.03858	0.77990	0.01024	0.00487	0.00140	0.00217	0.00853	0.00388	0.00368
68	0.01864	0.00707	0.00964	0.00739	0.01060	0.00611	0.00611	0.02024	0.01189	0.83099	0.01639	0.01414	0.01028	0.00514	0.00418	0.00129	0.00353	0.00418	0.00514	0.00707
69	0.00506	0.00361	0.00482	0.00578	0.00602	0.00337	0.00386	0.00578	0.00795	0.01060	0.02289	0.85131	0.02747	0.01301	0.00530	0.00169	0.00241	0.01181	0.00386	0.00337
70	0.88336	0.00803	0.00611	0.00546	0.00803	0.00932	0.00450	0.01221	0.00707	0.01864	0.00578	0.00675	0.00450	0.00386	0.00257	0.00129	0.00321	0.00225	0.00257	0.00450
71	0.01111	0.85652	0.02177	0.00711	0.01066	0.01644	0.00711	0.01244	0.00844	0.00977	0.00577	0.00666	0.00533	0.00355	0.00267	0.00089	0.00444	0.00222	0.00178	0.00533
72	0.00559	0.00413	0.00522	0.00517	0.00608	0.00376	0.00379	0.00719	0.01074	0.01477	0.56606	0.17632	0.15660	0.00959	0.00497	0.00139	0.00206	0.00846	0.00434	0.00376
73	0.00518	0.00385	0.00483	0.00541	0.00601	0.00350	0.00376	0.00617	0.00886	0.01167	0.14838	0.55296	0.18950	0.01181	0.00517	0.00158	0.00230	0.02162	0.00396	0.00349
74	0.00525	0.00421	0.00464	0.00455	0.00576	0.00367	0.00338	0.00651	0.00990	0.01257	0.25840	0.03650	0.55723	0.04745	0.02031	0.00158	0.00231	0.00822	0.00397	0.00358
75	0.00506	0.00361	0.00482	0.00578	0.00602	0.00337	0.00386	0.00578	0.00795	0.01060	0.02289	0.85131	0.02747	0.01301	0.00530	0.00169	0.00241	0.01181	0.00386	0.00337
76	0.00555	0.00439	0.00504	0.00500	0.00620	0.00396	0.00379	0.00733	0.03848	0.01340	0.31751	0.07980	0.42968	0.00982	0.00495	0.00141	0.00221	0.05359	0.00412	0.00377
77	0.00522	0.00427	0.00462	0.00480	0.00600	0.00375	0.00359	0.00653	0.03094	0.01132	0.03668	0.16624	0.61786	0.01089	0.00515	0.01237	0.00231	0.06005	0.00384	0.00357
78	0.00604	0.00403	0.00453	0.00453	0.00453	0.00403	0.00252	0.00604	0.00604	0.00805	0.01309	0.02718	0.01510	0.85402	0.02114	0.00403	0.00403	0.00604	0.00252	0.00252
79	0.88336	0.00803	0.00611	0.00546	0.00803	0.00932	0.00450	0.01221	0.00707	0.01864	0.00578	0.00675	0.00450	0.00386	0.00257	0.00129	0.00321	0.00225	0.00257	0.00450
80	0.00861	0.00738	0.00861	0.00615	0.00984	0.00554	0.00492	0.01046	0.00861	0.01354	0.00738	0.00861	0.00615	0.00308	0.00308	0.00062	0.00308	0.00246	0.00246	0.87941
81	0.00572	0.00428	0.00478	0.00472	0.00599	0.00369	0.00351	0.00694	0.00986	0.04831	0.19331	0.12744	0.54635	0.01016	0.00492	0.00141	0.00217	0.00866	0.00405	0.00373
82	0.01567	0.01117	0.01210	0.00934	0.01261	0.01227	0.00770	0.71430	0.06480	0.08109	0.01081	0.01058	0.00761	0.00503	0.00416	0.00126	0.00443	0.00382	0.00423	0.00704
83	0.00588	0.00425	0.00555	0.00523	0.00621	0.00392	0.00392	0.00784	0.01176	0.01666	0.82592	0.03103	0.03919	0.00849	0.00490	0.00131	0.00196	0.00751	0.00457	0.00392
84	0.00517	0.00372	0.00490	0.00566	0.00604	0.00345	0.00384	0.00608	0.00853	0.01147	0.13634	0.71239	0.05237	0.01231	0.00523	0.00163	0.00234	0.01112	0.00396	0.00345
85	0.00604	0.00403	0.00453	0.00453	0.00453	0.00403	0.00252	0.00604	0.00604	0.00805	0.01309	0.02718	0.01510	0.85402	0.02114	0.00403	0.00403	0.00604	0.00252	0.00252
86	0.01844	0.00739	0.00984	0.00754	0.01076	0.00657	0.00623	0.07523	0.01242	0.77525	0.01594	0.01385	0.01006	0.00513	0.00418	0.00128	0.00361	0.00415	0.00507	0.00707
87	0.00618	0.00438	0.00537	0.00527	0.00541	0.00471	0.00337	0.00651	0.00618	0.00846	0.01231	0.02417	0.01370	0.65431	0.17388	0.00441	0.05049	0.00561	0.00242	0.00285
88	0.00636	0.00453	0.00627	0.00720	0.00798	0.00448	0.00602	0.00798	0.00915	0.01195	0.02191	0.20345	0.02435	0.03606	0.00610	0.00193	0.00355	0.62325	0.00379	0.00370
89	0.02758	0.00904	0.01058	0.00824	0.01134	0.00925	0.00677	0.36126	0.06864	0.38655	0.02490	0.01262	0.00940	0.00513	0.00413	0.00127	0.00389	0.00404	0.02852	0.00687
90	0.00971	0.01118	0.03761	0.01676	0.02059	0.01071	0.72050	0.01298	0.00945	0.01298	0.00810	0.01095	0.00620	0.00388	0.00574	0.00144	0.08891	0.00475	0.00207	0.00551
91	0.01058	0.00904	0.00961	0.02196	0.01120	0.01045	0.00673	0.06433	0.76462	0.01774	0.01638	0.01513	0.01226	0.00558	0.00422	0.00140	0.00339	0.00463	0.00418	0.00657
92	0.88336	0.00803	0.00611	0.00546	0.00803	0.00932	0.00450	0.01221	0.00707	0.01864	0.00578	0.00675	0.00450	0.00386	0.00257	0.00129	0.00321	0.00225	0.00257	0.00450
93	0.00818	0.00757	0.01130	0.28968	0.03868	0.03515	0.04406	0.01021	0.01995	0.02319	0.03184	0.01272	0.00808	0.02509	0.21388	0.00283	0.20693	0.00406	0.00213	0.00449
94	0.01906	0.00418	0.00515	0.00520	0.00605	0.00386	0.00377	0.00703	0.00960	0.02326	0.34261	0.18634	0.20121	0.07397	0.00684	0.05181	0.00244	0.04016	0.00392	0.00355
95	0.01001	0.27733	0.44853	0.01067	0.03655	0.07214	0.03660	0.01326	0.00900	0.03050	0.00727	0.01744	0.00571	0.00396	0.00359	0.00117	0.00561	0.00297	0.00191	0.00578
96	0.00726	0.00404	0.00567	0.00569	0.00591	0.00407	0.00387	0.04882	0.00665	0.00887	0.01034	0.16742	0.01106	0.02561	0.01364	0.65778	0.00344	0.00516	0.00232	0.00239
97	0.24869	0.00903	0.04530	0.00779	0.02025	0.04986	0.03013	0.05600	0.09524	0.24607	0.01152	0.04744	0.00874	0.00492	0.00370	0.00125	0.00382	0.01676	0.00354	0.08995
98	0.03352	0.00798	0.00843	0.00758	0.00983	0.00885	0.00589	0.01857	0.60680	0.03782	0.01978	0.04258	0.12352	0.00634	0.00425	0.00137	0.00310	0.00528	0.00407	0.04444
99	0.00528	0.00430	0.00468	0.00482	0.00608	0.00375	0.00374	0.00648	0.00950	0.01161	0.08004	0.04020	0.63339	0.03566	0.00552	0.00156	0.00243	0.13358	0.00385	0.00355
100	0.04223	0.00469	0.00652	0.00642	0.00726	0.00535	0.00493	0.01950	0.00696	0.02243	0.01120	0.01667	0.01049	0.09599	0.68707	0.00591	0.00974	0.00446	0.02845	0.00375
101	0.00594	0.00443	0.00659	0.00659	0.00731	0.00515	0.00509	0.00736	0.00665	0.00958	0.01120	0.01674	0.01057	0.06299	0.80597	0.00657	0.01085	0.00451	0.00224	0.00366
102	0.01864	0.00707	0.00964	0.00739	0.01060	0.00611	0.00611	0.02024	0.01189	0.83099	0.01639	0.01414	0.01028	0.00514	0.00418	0.00129	0.00353	0.00418	0.00514	0.00707
103	0.00498	0.00412	0.00436	0.00449	0.00570	0.00351	0.00329	0.00602	0.00935	0.01138	0.07593	0.15823	0.67275	0.01079	0.00497	0.00144	0.00214	0.00915	0.00389	0.00351
104	0.00861	0.00738	0.00861	0.00615	0.00984	0.00554	0.00492	0.01046	0.00861	0.01354	0.00738	0.00861	0.00615	0.00308	0.00308	0.00062	0.00308	0.00246	0.00246	0.87941
105	0.00508	0.00365	0.00483	0.00573	0.00602	0.00339	0.00384	0.00585	0.00810	0.01080	0.04729	0.80859	0.04578	0.01282	0.00528	0.00167	0.00239	0.01161	0.00388	0.00339
106	0.01864	0.00707	0.00964	0.00739	0.01060	0.00611	0.00611	0.02024	0.01189	0.83099	0.01639	0.01414	0.01028	0.00514	0.00418	0.00129	0.00353	0.00418	0.00514	0.00707
107	0.00508	0.00363	0.00484	0.00577	0.00603	0.00339	0.00386	0.00583	0.00804	0.01075	0.04169	0.83211	0.02775	0.01291	0.00529	0.00168	0.00240	0.01171	0.00387	0.00339
108	0.01552	0.01966	0.01178	0.01068	0.01284	0.82381	0.00802	0.02968	0.01190	0.01043	0.00648	0.00753	0.00538	0.00429	0.00375	0.00107	0.00744	0.00269	0.00217	0.00485
109	0.01118	0.00873	0.00942	0.00834	0.01078	0.00990	0.00653	0.02188	0.73762	0.10087	0.01685	0.01536	0.01243	0.00558	0.00422	0.00140	0.00331	0.00464	0.00432	0.00663
110	0.00833	0.02149	0.83250	0.01184	0.01798	0.00965	0.01535	0.01315	0.00877	0.01315	0.00745	0.00877	0.00526	0.00395	0.00395	0.00132	0.00614	0.00307	0.00175	0.00614
111	0.01864	0.00707	0.00964	0.00739	0.01060	0.00611	0.00611	0.02024	0.01189	0.83099	0.01639	0.01414	0.01028	0.00514	0.00418	0.00129	0.00353	0.00418	0.00514	0.00707
112	0.00491	0.00421	0.00421	0.00421	0.00561	0.00351	0.00316	0.00596	0.00947	0.01122	0.04208	0.03997	0.82643	0.01052	0.00491	0.00140	0.00210	0.00877	0.00386	0.00351
113	0.00508	0.00362	0.00481	0.00576	0.00599	0.00339	0.00383	0.00579	0.00791	0.01055	0.02267	0.83255	0.02719	0.03216	0.00566	0.00174	0.00245	0.01168	0.00383	0.00335
114	0.00909	0.00909	0.01272	0.01091	0.01091	0.01272	0.00909	0.01000	0.00636	0.01000	0.00545	0.00909	0.00545	0.00727	0.01363	0.00182	0.84642	0.00364	0.00182	0.00454
115	0.01579	0.01163	0.01247	0.00956	0.01288	0.01288	0.00789	0.81426	0.01953	0.02618	0.00997	0.00997	0.00706	0.00499	0.00416	0.00125	0.00457	0.00374	0.00416	0.00706
116	0.01552	0.01980	0.01177	0.01070	0.01284	0.83735	0.00803	0.01659	0.01177	0.01017	0.00642	0.00749	0.00535	0.00428	0.00375	0.00107	0.00749	0.00268	0.00214	0.00482
117	0.01540	0.01957	0.01189	0.01104	0.03140	0.81851	0.00813	0.01650	0.01172	0.01024	0.00645	0.00755	0.00538	0.00427	0.00375	0.00107	0.00743	0.00270	0.00214	0.00486
118	0.01025	0.00883	0.00933	0.00843	0.01075	0.01021	0.00658	0.02177	0.80214	0.01726	0.01702	0.01621	0.01294	0.00577	0.00426	0.00142	0.00330	0.02281	0.00422	0.00651
119	0.00790	0.00744	0.01255	0.82645	0.04579	0.00924	0.01156	0.01066	0.00833	0.01068	0.00739	0.01106	0.00556	0.00414	0.00415	0.00138	0.00552	0.00369	0.00185	0.00466
120	0.01120	0.83854	0.02155	0.00718	0.01071	0.03407	0.00713	0.01253	0.00851	0.00978	0.00579	0.00668	0.00533	0.00357	0.00269	0.00089	0.00451	0.00223	0.00178	0.00532
121	0.00828	0.00513	0.00655	0.00661	0.00769	0.00498	0.00491	0.10021	0.01006	0.12195	0.04118	0.53939	0.02279	0.01077	0.00506	0.00160	0.00294	0.09149	0.00408	0.00435
122	0.01918	0.09377	0.75214	0.01135	0.01722	0.01023	0.01450	0.01308	0.00872	0.01293	0.00729	0.00856	0.00526	0.00391	0.00382	0.00128	0.00596	0.00299	0.00177	0.00605
123	0.03465	0.01187	0.01149	0.00919	0.01215	0.12999	0.00744	0.53063	0.06262	0.08675	0.01152	0.01139	0.04035	0.00516	0.00421	0.00125	0.01513	0.00384	0.00387	0.00648
124	0.01111	0.85652	0.02177	0.00711	0.01066	0.01644	0.00711	0.01244	0.00844	0.00977	0.00577	0.00666	0.00533	0.00355	0.00267	0.00089	0.00444	0.00222	0.00178	0.00533
125	0.01002	0.00923	0.02482	0.34179	0.30186	0.00994	0.06853	0.13155	0.01051	0.01433	0.00817	0.01074	0.00633	0.00409	0.00415	0.00130	0.00519	0.00379	0.02794	0.00573
126	0.00989	0.00932	0.01617	0.20745	0.52439	0.00978	0.08167	0.01243	0.00918	0.03631	0.00793	0.01061	0.00639	0.00396	0.00455	0.00131	0.03677	0.00381	0.00209	0.00599
127	0.01566	0.00641	0.00869	0.00689	0.00958	0.00560	0.00560	0.01735	0.01186	0.64102	0.20524	0.01808	0.01703	0.00592	0.00435	0.00129	0.00317	0.00496	0.00501	0.00633
128	0.70536	0.01037	0.10830	0.00708	0.03200	0.05373	0.00625	0.01258	0.00760	0.01737	0.00608	0.00713	0.00469	0.00389	0.00284	0.00128	0.00385	0.00241	0.00243	0.00477
129	0.00491	0.00421	0.00421	0.00421	0.00561	0.00351	0.00316	0.00596	0.00947	0.01122	0.04208	0.03997	0.82643	0.01052	0.00491	0.00140	0.00210	0.00877	0.00386	0.00351
130	0.00587	0.00425	0.00553	0.00521	0.00620	0.00391	0.00391	0.00781	0.01173	0.01658	0.81503	0.03115	0.05013	0.00852	0.00490	0.00131	0.00196	0.00753	0.00456	0.00391
131	0.01033	0.00892	0.00939	0.00845	0.01080	0.01033	0.00657	0.02207	0.82061	0.01738	0.01691	0.01550	0.01268	0.00564	0.00423	0.00141	0.00329	0.00470	0.00423	0.00657
132	0.00511	0.00365	0.00486	0.00575	0.00604	0.00341	0.00386	0.00590	0.00817	0.01095	0.06880	0.80442	0.02814	0.01275	0.00528	0.00167	0.00238	0.01156	0.00390	0.00341
133	0.01859	0.00714	0.00969	0.00743	0.01064	0.00621	0.00613	0.03310	0.01201	0.81796	0.01628	0.01407	0.01023	0.00514	0.00418	0.00128	0.00355	0.00417	0.00513	0.00707
134	0.00491	0.00421	0.00421	0.00421	0.00561	0.00351	0.00316	0.00596	0.00947	0.01122	0.04208	0.03997	0.82643	0.01052	0.00491	0.00140	0.00210	0.00877	0.00386	0.00351
135	0.00507	0.00374	0.00475	0.00550	0.00596	0.00342	0.00374	0.00590	0.00835	0.01095	0.05872	0.68564	0.15820	0.01242	0.00522	0.00163	0.00234	0.01114	0.00389	0.00342
136	0.00496	0.00413	0.00433	0.00445	0.00568	0.00350	0.00327	0.00599	0.00932	0.01128	0.05966	0.15184	0.69573	0.01081	0.00496	0.00144	0.00214	0.00915	0.00388	0.00350
137	0.88336	0.00803	0.00611	0.00546	0.00803	0.00932	0.00450	0.01221	0.00707	0.01864	0.00578	0.00675	0.00450	0.00386	0.00257	0.00129	0.00321	0.00225	0.00257	0.00450
138	0.00893	0.00828	0.01312	0.26132	0.06371	0.01037	0.07279	0.01077	0.00765	0.04379	0.00737	0.01079	0.00626	0.00796	0.08538	0.00205	0.36879	0.00385	0.00203	0.00479
139	0.01093	0.00922	0.00973	0.00857	0.01103	0.01061	0.00672	0.10874	0.73297	0.01834	0.01615	0.01489	0.01207	0.00556	0.00422	0.00139	0.00343	0.00459	0.00422	0.00663
140	0.06240	0.00679	0.00882	0.00708	0.00979	0.00625	0.00574	0.04007	0.03309	0.59848	0.05793	0.03805	0.02076	0.01844	0.05222	0.01482	0.00385	0.00454	0.00462	0.00628
141	0.01579	0.01163	0.01247	0.00956	0.01288	0.01288	0.00789	0.81426	0.01953	0.02618	0.00997	0.00997	0.00706	0.00499	0.00416	0.00125	0.00457	0.00374	0.00416	0.00706
142	0.00836	0.00808	0.01146	0.07414	0.01153	0.01097	0.00845	0.00948	0.00671	0.01006	0.00816	0.02296	0.04252	0.01026	0.11604	0.00238	0.62798	0.00408	0.00199	0.00438
143	0.00553	0.00412	0.00512	0.00510	0.00603	0.00374	0.00373	0.00706	0.01053	0.01433	0.50782	0.17767	0.20451	0.01952	0.00516	0.00143	0.00209	0.00852	0.00427	0.00372
144	0.00515	0.00368	0.00491	0.00578	0.00604	0.00351	0.00387	0.00589	0.00780	0.01044	0.02179	0.76730	0.02595	0.05107	0.05358	0.00208	0.00298	0.01113	0.00370	0.00336
145	0.00594	0.00442	0.00653	0.00653	0.00722	0.00511	0.00501	0.00732	0.00663	0.00953	0.01126	0.01706	0.01071	0.08739	0.78177	0.00649	0.01064	0.00456	0.00225	0.00363
146	0.10289	0.00723	0.00953	0.00736	0.01053	0.00649	0.01863	0.01935	0.01139	0.73886	0.01523	0.01337	0.00966	0.00499	0.00403	0.00129	0.00356	0.00400	0.00484	0.00680
147	0.00593	0.00402	0.00466	0.00480	0.00493	0.00397	0.00288	0.00616	0.00662	0.00880	0.03437	0.11698	0.04074	0.68509	0.01796	0.00355	0.00374	0.03927	0.00280	0.00272
148	0.00508	0.00362	0.00481	0.00576	0.00599	0.00339	0.00383	0.00579	0.00791	0.01055	0.02267	0.83279	0.02719	0.03192	0.00566	0.00174	0.00245	0.01168	0.00383	0.00335
149	0.00506	0.00361	0.00482	0.00578	0.00602	0.00337	0.00386	0.00578	0.00795	0.01060	0.02289	0.85131	0.02747	0.01301	0.00530	0.00169	0.00241	0.01181	0.00386	0.00337
150	0.00604	0.00403	0.00453	0.00453	0.00453	0.00403	0.00252	0.00604	0.00604	0.00805	0.01309	0.02718	0.01510	0.85402	0.02114	0.00403	0.00403	0.00604	0.00252	0.00252
151	0.01028	0.00790	0.00857	0.00763	0.00988	0.00870	0.00595	0.02741	0.58229	0.09813	0.06340	0.01932	0.11964	0.00637	0.00435	0.00139	0.00310	0.00531	0.00429	0.00609
152	0.00861	0.00738	0.00861	0.00615	0.00984	0.00554	0.00492	0.01046	0.00861	0.01354	0.00738	0.00861	0.00615	0.00308	0.00308	0.00062	0.00308	0.00246	0.00246	0.87941
153	0.00593	0.00445	0.00668	0.00668	0.00742	0.00519	0.00519	0.00742	0.00668	0.00964	0.01113	0.01632	0.01038	0.03115	0.83756	0.00668	0.01113	0.00445	0.00223	0.00371
154	0.00618	0.00498	0.00526	0.00491	0.00645	0.00453	0.00376	0.08942	0.01085	0.01360	0.15921	0.03551	0.62116	0.00964	0.00483	0.00137	0.00234	0.00806	0.00400	0.00394
155	0.00788	0.00558	0.00672	0.00663	0.00802	0.00563	0.00526	0.03977	0.15005	0.07027	0.11022	0.11925	0.15659	0.05461	0.00586	0.00170	0.00311	0.23435	0.00402	0.00448
156	0.00585	0.00397	0.00463	0.00478	0.00489	0.00390	0.00283	0.00609	0.00672	0.00899	0.05868	0.16694	0.02940	0.65514	0.01737	0.00345	0.00362	0.00713	0.00287	0.00275
157	0.00636	0.00444	0.00565	0.00541	0.00640	0.00421	0.00407	0.00832	0.04051	0.02793	0.58531	0.03010	0.07571	0.05371	0.00634	0.04852	0.00235	0.05616	0.02465	0.00385
158	0.00637	0.00464	0.00587	0.00542	0.00654	0.00438	0.00410	0.05096	0.01208	0.01694	0.75013	0.03027	0.06969	0.00839	0.00486	0.00131	0.00211	0.00736	0.00452	0.00407
159	0.00853	0.00490	0.00624	0.00619	0.00714	0.02302	0.00444	0.01895	0.00865	0.17842	0.03966	0.43611	0.01972	0.08089	0.07140	0.06610	0.00366	0.00819	0.00372	0.00406
160	0.13931	0.00900	0.01012	0.00799	0.01107	0.00936	0.00656	0.30101	0.08992	0.35392	0.01266	0.01174	0.00855	0.00495	0.00395	0.00128	0.00383	0.00380	0.00434	0.00666
161	0.00590	0.00426	0.00549	0.00596	0.00659	0.00415	0.00433	0.00766	0.05364	0.01256	0.20948	0.42012	0.02770	0.07172	0.00631	0.00177	0.00267	0.12770	0.01827	0.00369
162	0.00904	0.00887	0.01379	0.54192	0.27627	0.05677	0.01171	0.01162	0.00886	0.01151	0.00746	0.01062	0.00585	0.00402	0.00412	0.00132	0.00546	0.00364	0.00193	0.00524
163	0.00654	0.00487	0.00689	0.00697	0.02961	0.00563	0.00518	0.00796	0.00722	0.01078	0.05480	0.02887	0.01201	0.08129	0.52804	0.00487	0.08011	0.00467	0.10990	0.00380
164	0.01536	0.01135	0.01218	0.00943	0.01264	0.01256	0.00775	0.77197	0.03956	0.02553	0.01050	0.03318	0.00777	0.00522	0.00419	0.00126	0.00448	0.00399	0.00415	0.00695
165	0.02156	0.00556	0.00735	0.00867	0.12856	0.02297	0.00545	0.01924	0.00923	0.05616	0.14767	0.24886	0.14074	0.05802	0.08801	0.00210	0.00385	0.01828	0.00348	0.00424
166	0.00731	0.00372	0.00552	0.00550	0.00561	0.00374	0.00373	0.00584	0.00568	0.02101	0.00790	0.02419	0.00778	0.01506	0.06263	0.78870	0.00399	0.00378	0.01628	0.00205
167	0.00602	0.00406	0.00471	0.00472	0.00478	0.00411	0.00275	0.00615	0.00612	0.00822	0.01306	0.03759	0.01489	0.77621	0.08671	0.00421	0.00458	0.00599	0.00251	0.00262
168	0.00528	0.00379	0.00506	0.00594	0.00632	0.00356	0.00417	0.00621	0.00835	0.01113	0.06481	0.70767	0.03895	0.01257	0.00532	0.00169	0.00254	0.09931	0.00389	0.00345
169	0.00505	0.00364	0.00479	0.00571	0.00601	0.00338	0.00382	0.00579	0.00802	0.01063	0.02376	0.81463	0.06359	0.01290	0.00528	0.00167	0.00240	0.01167	0.00386	0.00338
