[name]
unknown

[dist]
# distance from previous block
# <min> <max>
15	64

[block]
# block no. 0 follows, 54 sequences, length 15
# corresponding to MSA columns:
# 66-80
name=unknown_A
#
# <colnr> <probs for GDERKNQSTAVLIFYWHMCP>
#	G	D	E	R	K	N	Q	S	T	A	V	L	I	F	Y	W	H	M	C	P
0	0.03991	0.07033	0.16671	0.02859	0.04315	0.05460	0.03039	0.11390	0.08810	0.08793	0.12374	0.01694	0.05433	0.00612	0.00482	0.00144	0.02091	0.00493	0.03680	0.00636
1	0.03767	0.06045	0.07061	0.01289	0.17453	0.04015	0.02944	0.05206	0.01101	0.10744	0.09539	0.06032	0.03575	0.04058	0.12582	0.00248	0.02876	0.00537	0.00334	0.00594
2	0.10645	0.16356	0.05562	0.03271	0.10691	0.01055	0.04463	0.04384	0.05074	0.13953	0.01171	0.01269	0.00884	0.00490	0.00393	0.00131	0.00440	0.00392	0.18751	0.00625
3	0.13951	0.01308	0.23168	0.01019	0.01319	0.01065	0.01001	0.08325	0.02763	0.04041	0.03080	0.06427	0.02704	0.04443	0.04463	0.00205	0.19371	0.00475	0.00292	0.00578
4	0.01510	0.06302	0.03026	0.12009	0.09770	0.48196	0.02938	0.06102	0.01259	0.01316	0.00783	0.00965	0.00638	0.00484	0.00465	0.00132	0.02926	0.00345	0.00247	0.00586
5	0.01136	0.01088	0.01842	0.02773	0.76480	0.01084	0.01392	0.01408	0.01074	0.01527	0.01082	0.01336	0.04740	0.00459	0.00471	0.00141	0.00544	0.00449	0.00244	0.00729
6	0.00702	0.00549	0.00844	0.11448	0.01157	0.00649	0.00684	0.00890	0.00782	0.01109	0.01207	0.01774	0.01107	0.03134	0.70929	0.00679	0.01180	0.00494	0.00247	0.00434
7	0.01633	0.01443	0.11821	0.01109	0.01520	0.01392	0.00995	0.62835	0.08065	0.02700	0.01156	0.01163	0.00825	0.00556	0.00469	0.00144	0.00531	0.00423	0.00437	0.00784
8	0.01417	0.01204	0.06301	0.16810	0.26148	0.11530	0.02461	0.02987	0.01176	0.21523	0.03122	0.01304	0.00898	0.00497	0.00467	0.00143	0.00574	0.00427	0.00328	0.00681
9	0.02910	0.20595	0.39847	0.01335	0.09520	0.02480	0.03586	0.05460	0.02263	0.04864	0.00873	0.01004	0.00664	0.00456	0.00442	0.00138	0.02293	0.00350	0.00241	0.00680
10	0.02005	0.00811	0.01082	0.00837	0.01186	0.00720	0.00688	0.06434	0.01396	0.71481	0.06825	0.01701	0.01357	0.00607	0.00479	0.00146	0.00396	0.00496	0.00573	0.00780
11	0.12905	0.02072	0.01252	0.01137	0.01386	0.70985	0.00859	0.01818	0.01266	0.01280	0.00719	0.00839	0.00595	0.00480	0.00408	0.00125	0.00787	0.00297	0.00249	0.00542
12	0.00987	0.06787	0.15036	0.01355	0.17383	0.00985	0.02433	0.01305	0.05869	0.04315	0.12379	0.10190	0.03243	0.02748	0.00676	0.00166	0.11230	0.01999	0.00320	0.00594
13	0.01168	0.03310	0.02900	0.05923	0.21578	0.11439	0.05738	0.01395	0.01086	0.06501	0.03893	0.07738	0.01050	0.00525	0.00445	0.00125	0.00515	0.00462	0.00294	0.23915
14	0.01109	0.04130	0.18993	0.01595	0.23874	0.05691	0.03571	0.04858	0.02486	0.01476	0.00890	0.01175	0.00748	0.04668	0.00675	0.02658	0.07900	0.00391	0.00247	0.12866

[dist]
# distance from previous block
# <min> <max>
2	26

[block]
# block no. 1 follows, 54 sequences, length 53
# corresponding to MSA columns:
# 107-159
name=unknown_B
#
# <colnr> <probs for GDERKNQSTAVLIFYWHMCP>
#	G	D	E	R	K	N	Q	S	T	A	V	L	I	F	Y	W	H	M	C	P
0	0.06508	0.02308	0.03633	0.00961	0.07577	0.03559	0.00709	0.08130	0.15020	0.03380	0.18688	0.05166	0.06077	0.00757	0.02704	0.00155	0.00407	0.00565	0.00396	0.13301
1	0.01498	0.30834	0.05299	0.03458	0.05761	0.08955	0.00927	0.28113	0.01452	0.06397	0.00934	0.01013	0.00725	0.00545	0.02026	0.00138	0.00566	0.00352	0.00323	0.00684
2	0.00617	0.00439	0.00533	0.00591	0.00626	0.00415	0.00383	0.00678	0.00851	0.01115	0.02462	0.43181	0.11849	0.30504	0.01236	0.00283	0.00339	0.03164	0.00384	0.00352
3	0.00969	0.00919	0.01557	0.59617	0.25309	0.01068	0.01349	0.01274	0.00980	0.01301	0.00852	0.01231	0.00662	0.00457	0.00470	0.00152	0.00609	0.00419	0.00216	0.00587
4	0.01270	0.10875	0.17875	0.01301	0.07232	0.17259	0.05138	0.04439	0.15760	0.02773	0.01009	0.01128	0.00793	0.00534	0.00575	0.00147	0.10570	0.00392	0.00282	0.00650
5	0.00572	0.00421	0.00536	0.00628	0.00676	0.00385	0.00425	0.00660	0.00930	0.01215	0.02950	0.70457	0.15556	0.01432	0.00595	0.00186	0.00268	0.01285	0.00438	0.00385
6	0.01183	0.47442	0.15667	0.01203	0.01670	0.03459	0.20571	0.01461	0.01012	0.01275	0.00764	0.00928	0.00632	0.00411	0.00394	0.00124	0.00618	0.00346	0.00211	0.00627
7	0.01134	0.01069	0.01704	0.23947	0.52499	0.04522	0.01345	0.01410	0.01054	0.03741	0.00930	0.02868	0.00770	0.00463	0.00469	0.00145	0.00580	0.00435	0.00242	0.00673
8	0.00978	0.00838	0.00978	0.00698	0.01117	0.00629	0.00559	0.01187	0.00978	0.01536	0.00838	0.00978	0.00698	0.00349	0.00349	0.00070	0.00349	0.00279	0.00279	0.86312
9	0.00684	0.00462	0.00540	0.00540	0.00549	0.00471	0.00318	0.00702	0.00693	0.00933	0.01462	0.02955	0.01658	0.74978	0.10774	0.00489	0.00542	0.00667	0.00282	0.00300
10	0.00890	0.00838	0.01414	0.82296	0.03247	0.01048	0.01309	0.01205	0.00943	0.01205	0.00838	0.01257	0.00629	0.00471	0.00471	0.00157	0.00629	0.00419	0.00210	0.00524
11	0.00745	0.00537	0.00739	0.00838	0.00950	0.00532	0.00728	0.00956	0.01090	0.01414	0.04426	0.05229	0.07529	0.01288	0.00643	0.00212	0.00417	0.70858	0.00436	0.00432
12	0.03774	0.01045	0.01252	0.01029	0.03611	0.10138	0.04120	0.06227	0.01319	0.54242	0.01507	0.01406	0.00997	0.00573	0.00545	0.00148	0.06405	0.00445	0.00480	0.00737
13	0.01182	0.01125	0.01902	0.02850	0.78584	0.01129	0.01434	0.03314	0.01101	0.01575	0.00893	0.01166	0.00748	0.00424	0.00467	0.00140	0.00559	0.00420	0.00239	0.00748
14	0.00577	0.00418	0.00546	0.00641	0.00681	0.00387	0.00432	0.00668	0.00934	0.01238	0.06089	0.73904	0.08875	0.01434	0.00597	0.00187	0.00269	0.01294	0.00441	0.00387
15	0.01761	0.02247	0.01336	0.01215	0.01458	0.81537	0.00911	0.01883	0.01336	0.01154	0.00729	0.00850	0.00607	0.00486	0.00425	0.00121	0.00850	0.00304	0.00243	0.00547
16	0.00601	0.00442	0.00567	0.00640	0.00706	0.00408	0.00456	0.00720	0.01002	0.01324	0.13199	0.53671	0.14894	0.01351	0.00594	0.00183	0.00276	0.08121	0.00448	0.00398
17	0.00599	0.00434	0.00565	0.00628	0.00687	0.00401	0.00435	0.00721	0.01031	0.01396	0.23927	0.56487	0.08302	0.01319	0.00587	0.00178	0.00257	0.01186	0.00460	0.00401
18	0.00819	0.00410	0.00614	0.00614	0.00614	0.00410	0.00410	0.00614	0.00614	0.00819	0.00819	0.01433	0.00819	0.01638	0.01843	0.86282	0.00410	0.00410	0.00205	0.00205
19	0.01385	0.01059	0.01137	0.01020	0.04978	0.06000	0.00768	0.21939	0.28800	0.10956	0.12688	0.01829	0.04016	0.00657	0.00486	0.00149	0.00427	0.00538	0.00467	0.00702
20	0.01167	0.01120	0.01914	0.02894	0.80488	0.01120	0.01447	0.01447	0.01074	0.01540	0.00887	0.01167	0.00747	0.00420	0.00467	0.00140	0.00560	0.00420	0.00233	0.00747
21	0.02115	0.00802	0.01094	0.00839	0.01204	0.00693	0.00693	0.02298	0.01350	0.80815	0.01860	0.01605	0.01167	0.00584	0.00474	0.00146	0.00401	0.00474	0.00584	0.00802
22	0.01058	0.01089	0.02109	0.07156	0.29638	0.01060	0.36616	0.01384	0.01112	0.01540	0.09841	0.01546	0.02611	0.00488	0.00520	0.00151	0.00628	0.00541	0.00270	0.00642
23	0.01172	0.01253	0.01226	0.02273	0.01243	0.24819	0.03512	0.04680	0.01092	0.01338	0.10027	0.10715	0.03008	0.00803	0.00857	0.00167	0.28484	0.02515	0.00302	0.00514
24	0.00890	0.00838	0.01414	0.82296	0.03247	0.01048	0.01309	0.01205	0.00943	0.01205	0.00838	0.01257	0.00629	0.00471	0.00471	0.00157	0.00629	0.00419	0.00210	0.00524
25	0.00574	0.00410	0.00547	0.00657	0.00684	0.00383	0.00438	0.00657	0.00903	0.01204	0.02599	0.83122	0.03119	0.01477	0.00602	0.00191	0.00274	0.01340	0.00438	0.00383
26	0.01263	0.01055	0.01117	0.00970	0.01259	0.01200	0.00763	0.14322	0.65035	0.02113	0.01761	0.01636	0.01316	0.00619	0.00474	0.00154	0.00395	0.00508	0.00472	0.03567
27	0.01082	0.32002	0.48207	0.01129	0.01693	0.04007	0.01349	0.01465	0.01000	0.01350	0.02314	0.00953	0.00675	0.00443	0.00396	0.00131	0.00623	0.00322	0.00208	0.00654
28	0.03286	0.00869	0.00985	0.00743	0.01116	0.01969	0.00593	0.05303	0.06497	0.06935	0.07120	0.01270	0.01069	0.00448	0.00388	0.00094	0.00361	0.00361	0.00341	0.60252
29	0.01167	0.01120	0.01914	0.02894	0.80488	0.01120	0.01447	0.01447	0.01074	0.01540	0.00887	0.01167	0.00747	0.00420	0.00467	0.00140	0.00560	0.00420	0.00233	0.00747
30	0.00574	0.00412	0.00545	0.00652	0.00683	0.00383	0.00436	0.00657	0.00907	0.01205	0.02654	0.81138	0.05067	0.01470	0.00601	0.00191	0.00273	0.01332	0.00438	0.00383
31	0.01117	0.01137	0.02118	0.05859	0.47359	0.01131	0.26342	0.01426	0.01070	0.01496	0.01005	0.01293	0.02923	0.00449	0.00532	0.00149	0.03190	0.00480	0.00239	0.00685
32	0.01792	0.01321	0.01415	0.01085	0.01462	0.01462	0.00896	0.78916	0.02217	0.02972	0.01132	0.01132	0.00802	0.00566	0.00472	0.00142	0.00519	0.00425	0.00472	0.00802
33	0.00569	0.00431	0.00525	0.00601	0.00669	0.00388	0.00413	0.00663	0.00956	0.01226	0.03279	0.58578	0.27224	0.01389	0.00588	0.00181	0.00263	0.01233	0.00438	0.00388
34	0.00680	0.00479	0.00628	0.00628	0.00667	0.00519	0.00427	0.00758	0.00719	0.00998	0.01382	0.02512	0.01465	0.46273	0.39216	0.00597	0.00832	0.00602	0.00270	0.00349
35	0.12483	0.01139	0.01200	0.00983	0.01304	0.01269	0.00809	0.48930	0.14000	0.02543	0.01336	0.01619	0.01063	0.00638	0.00469	0.00153	0.00468	0.08431	0.00446	0.00718
36	0.01117	0.37289	0.43861	0.01102	0.01659	0.01442	0.01304	0.04779	0.01032	0.01392	0.00777	0.00899	0.00609	0.00434	0.00387	0.00128	0.00606	0.00310	0.00212	0.00662
37	0.00574	0.00410	0.00547	0.00657	0.00684	0.00383	0.00438	0.00657	0.00903	0.01204	0.02599	0.83122	0.03119	0.01477	0.00602	0.00191	0.00274	0.01340	0.00438	0.00383
38	0.01117	0.01056	0.01777	0.04586	0.68454	0.01074	0.01365	0.01386	0.01060	0.01507	0.01030	0.01559	0.00926	0.00518	0.00520	0.00150	0.03245	0.07716	0.00251	0.00704
39	0.00569	0.00470	0.00500	0.00517	0.00654	0.00401	0.00382	0.00690	0.01062	0.01293	0.07655	0.15556	0.64431	0.01227	0.00566	0.00165	0.00247	0.02775	0.00441	0.00399
40	0.01053	0.01094	0.01793	0.01433	0.01558	0.01379	0.21303	0.01233	0.00824	0.01233	0.00706	0.01094	0.00644	0.00714	0.01289	0.00194	0.61245	0.00450	0.00215	0.00547
41	0.01261	0.83713	0.02471	0.00807	0.01210	0.01866	0.00807	0.01412	0.00958	0.01109	0.00656	0.00756	0.00605	0.00403	0.00303	0.00101	0.00504	0.00252	0.00202	0.00605
42	0.01257	0.01181	0.01965	0.02927	0.79413	0.01168	0.01475	0.01509	0.01131	0.01625	0.00979	0.01293	0.00834	0.00482	0.00506	0.00157	0.00590	0.00450	0.00265	0.00792
43	0.00976	0.02397	0.78938	0.01331	0.02019	0.01085	0.01715	0.01514	0.01005	0.03527	0.00872	0.01011	0.00612	0.00451	0.00449	0.00149	0.00689	0.00352	0.00209	0.00700
44	0.00946	0.02439	0.80987	0.01344	0.02041	0.01095	0.01742	0.01493	0.00995	0.01493	0.00846	0.00995	0.00597	0.00448	0.00448	0.00149	0.00697	0.00348	0.00199	0.00697
45	0.00573	0.00456	0.00511	0.00543	0.00653	0.00398	0.00387	0.00684	0.01024	0.01279	0.08650	0.29708	0.48485	0.03671	0.00625	0.00178	0.00255	0.01088	0.00438	0.00393
46	0.01631	0.00879	0.01039	0.00862	0.01166	0.02754	0.00689	0.02214	0.28755	0.43543	0.06685	0.01868	0.04446	0.00647	0.00483	0.00151	0.00385	0.00533	0.00530	0.00740
47	0.00732	0.00475	0.00678	0.00682	0.00715	0.00519	0.00485	0.00730	0.00710	0.00984	0.01247	0.10493	0.01303	0.13050	0.30222	0.31811	0.04004	0.00579	0.00257	0.00324
48	0.01167	0.01120	0.01914	0.02894	0.80488	0.01120	0.01447	0.01447	0.01074	0.01540	0.00887	0.01167	0.00747	0.00420	0.00467	0.00140	0.00560	0.00420	0.00233	0.00747
49	0.01034	0.01046	0.01726	0.17308	0.10666	0.01287	0.14801	0.01249	0.00873	0.01260	0.00750	0.01133	0.00652	0.00636	0.01044	0.00181	0.43135	0.00440	0.00216	0.00564
50	0.00657	0.00472	0.00632	0.00656	0.00725	0.00458	0.01891	0.00768	0.00928	0.02531	0.11925	0.36454	0.09470	0.15426	0.12947	0.00311	0.00457	0.02505	0.00393	0.00394
51	0.01227	0.01162	0.01680	0.21553	0.47327	0.09247	0.01305	0.04770	0.01129	0.04793	0.00910	0.01173	0.00724	0.00452	0.00464	0.00143	0.00598	0.00410	0.00253	0.00678
52	0.05618	0.01149	0.04314	0.00983	0.01350	0.01152	0.00834	0.43742	0.01756	0.28791	0.01340	0.01306	0.00918	0.02263	0.00525	0.00151	0.02122	0.00436	0.00481	0.00769

[dist]
# distance from previous block
# <min> <max>
0	4

[block]
# block no. 2 follows, 54 sequences, length 16
# corresponding to MSA columns:
# 164-179
name=unknown_C
#
# <colnr> <probs for GDERKNQSTAVLIFYWHMCP>
#	G	D	E	R	K	N	Q	S	T	A	V	L	I	F	Y	W	H	M	C	P
0	0.12028	0.04474	0.01604	0.03695	0.45214	0.05264	0.05866	0.01354	0.01027	0.01524	0.01084	0.11048	0.01027	0.00571	0.00461	0.00148	0.00527	0.02176	0.00269	0.00638
1	0.01201	0.75178	0.02285	0.00792	0.01159	0.01729	0.00772	0.01347	0.00935	0.01100	0.00727	0.00920	0.00686	0.04029	0.05362	0.00156	0.00549	0.00286	0.00208	0.00581
2	0.01144	0.06230	0.07731	0.01962	0.43744	0.04364	0.01161	0.02828	0.02565	0.02995	0.04670	0.02580	0.00949	0.00465	0.00441	0.00128	0.00516	0.00415	0.00269	0.14844
3	0.03891	0.51140	0.22862	0.00978	0.01439	0.08011	0.01049	0.01499	0.03039	0.01267	0.00744	0.00853	0.00622	0.00429	0.00355	0.00118	0.00575	0.00289	0.00214	0.00625
4	0.86760	0.00912	0.00693	0.00620	0.00912	0.01058	0.00511	0.01386	0.00802	0.02115	0.00657	0.00766	0.00511	0.00438	0.00292	0.00146	0.00365	0.00255	0.00292	0.00511
5	0.00669	0.00657	0.07638	0.00781	0.00910	0.00515	0.04267	0.02048	0.00984	0.01324	0.07192	0.55700	0.07075	0.02788	0.00615	0.00187	0.00346	0.05459	0.00410	0.00434
6	0.03722	0.01417	0.23657	0.07066	0.41600	0.01057	0.05176	0.01392	0.01028	0.01502	0.00999	0.05627	0.00863	0.00508	0.00472	0.00149	0.00589	0.02255	0.00240	0.00680
7	0.03775	0.02257	0.71922	0.01280	0.01937	0.01061	0.01617	0.01555	0.01018	0.07973	0.00923	0.01038	0.00641	0.00459	0.00445	0.00149	0.00662	0.00356	0.00233	0.00699
8	0.06034	0.04201	0.01165	0.00867	0.01223	0.06111	0.00716	0.06881	0.01360	0.63967	0.01637	0.01453	0.01055	0.00562	0.00455	0.00142	0.00440	0.00441	0.00526	0.00764
9	0.01063	0.13821	0.35372	0.19970	0.05154	0.01197	0.03468	0.01495	0.05206	0.05131	0.00919	0.01105	0.00687	0.00472	0.00471	0.00146	0.03064	0.00377	0.00238	0.00646
10	0.00592	0.00426	0.00566	0.00671	0.00711	0.00399	0.00467	0.00689	0.00927	0.01227	0.02663	0.72699	0.05725	0.01450	0.00605	0.00193	0.00288	0.08875	0.00437	0.00389
11	0.00890	0.00838	0.01414	0.82296	0.03247	0.01048	0.01309	0.01205	0.00943	0.01205	0.00838	0.01257	0.00629	0.00471	0.00471	0.00157	0.00629	0.00419	0.00210	0.00524
12	0.01112	0.03360	0.03220	0.16075	0.53364	0.02566	0.07387	0.01416	0.02217	0.01460	0.00929	0.03087	0.00781	0.00456	0.00472	0.00145	0.00587	0.00446	0.00237	0.00684
13	0.01146	0.01099	0.01876	0.08918	0.74628	0.01115	0.01437	0.01429	0.01064	0.01515	0.00883	0.01174	0.00738	0.00424	0.00467	0.00141	0.00565	0.00420	0.00232	0.00730
14	0.00579	0.00412	0.00546	0.00650	0.00677	0.00386	0.00431	0.00658	0.00894	0.01191	0.02552	0.79729	0.03059	0.04951	0.00678	0.00203	0.00281	0.01313	0.00431	0.00379
15	0.00715	0.00595	0.00668	0.00700	0.04989	0.00557	0.00489	0.05301	0.07098	0.01474	0.09179	0.10463	0.53878	0.01083	0.00545	0.00159	0.00284	0.00916	0.00438	0.00468

[dist]
# distance from previous block
# <min> <max>
0	6

[block]
# block no. 3 follows, 54 sequences, length 13
# corresponding to MSA columns:
# 186-198
name=unknown_D
#
# <colnr> <probs for GDERKNQSTAVLIFYWHMCP>
#	G	D	E	R	K	N	Q	S	T	A	V	L	I	F	Y	W	H	M	C	P
0	0.40024	0.01227	0.00973	0.00858	0.01143	0.17942	0.00678	0.05540	0.18647	0.07215	0.01058	0.01080	0.00797	0.00509	0.00383	0.00144	0.00478	0.00350	0.00352	0.00605
1	0.00591	0.00507	0.00510	0.00504	0.00669	0.00441	0.00380	0.00778	0.05410	0.01312	0.04619	0.04384	0.75945	0.01164	0.00553	0.00159	0.00246	0.00970	0.00440	0.00417
2	0.00760	0.00543	0.00760	0.00868	0.00977	0.00543	0.00760	0.00977	0.01085	0.01411	0.02496	0.05319	0.02714	0.01303	0.00651	0.00217	0.00434	0.77315	0.00434	0.00434
3	0.06979	0.03388	0.03305	0.01256	0.10197	0.06580	0.00943	0.44708	0.06601	0.05239	0.01077	0.01133	0.00798	0.00549	0.00512	0.00144	0.05053	0.00407	0.00396	0.00734
4	0.01335	0.05301	0.01261	0.02959	0.01350	0.16247	0.03434	0.12178	0.37386	0.03552	0.03898	0.03666	0.01290	0.00631	0.00474	0.00150	0.00504	0.03305	0.00407	0.00672
5	0.00674	0.00505	0.00758	0.00758	0.00842	0.00589	0.00589	0.00842	0.00758	0.01095	0.01263	0.01852	0.01179	0.03536	0.81561	0.00758	0.01263	0.00505	0.00253	0.00421
6	0.54962	0.14145	0.01104	0.00765	0.01068	0.13254	0.00637	0.03784	0.03830	0.01833	0.00727	0.00824	0.00582	0.00451	0.00326	0.00136	0.00464	0.00277	0.00282	0.00548
7	0.00581	0.00416	0.00542	0.00641	0.00672	0.00388	0.00425	0.00659	0.00896	0.01188	0.02609	0.75233	0.05872	0.06582	0.00712	0.00207	0.00284	0.01287	0.00428	0.00377
8	0.00647	0.00482	0.00662	0.08237	0.00956	0.00486	0.00546	0.00799	0.04193	0.01232	0.02337	0.65325	0.02714	0.01346	0.00633	0.03346	0.00323	0.04921	0.00410	0.00407
9	0.03451	0.24965	0.54594	0.01171	0.01755	0.01318	0.01427	0.01457	0.00972	0.01394	0.00781	0.00924	0.00598	0.00446	0.00435	0.00137	0.02991	0.00321	0.00203	0.00661
10	0.01008	0.01004	0.01548	0.01277	0.01377	0.01280	0.13273	0.01228	0.04695	0.01269	0.04624	0.01286	0.00900	0.00954	0.07148	0.00234	0.55648	0.00469	0.00243	0.00536
11	0.00760	0.00481	0.00565	0.00556	0.00601	0.00465	0.00349	0.00807	0.00823	0.05968	0.07795	0.07535	0.06898	0.60184	0.01880	0.00375	0.00412	0.02858	0.00344	0.00346
12	0.03209	0.42248	0.19739	0.01032	0.02793	0.07428	0.03305	0.02945	0.04336	0.05875	0.02588	0.00997	0.00762	0.00456	0.00380	0.00123	0.00562	0.00330	0.00253	0.00640

[dist]
# distance from previous block
# <min> <max>
12	22

[block]
# block no. 4 follows, 54 sequences, length 23
# corresponding to MSA columns:
# 223-225,227-246
name=unknown_E
#
# <colnr> <probs for GDERKNQSTAVLIFYWHMCP>
#	G	D	E	R	K	N	Q	S	T	A	V	L	I	F	Y	W	H	M	C	P
0	0.05733	0.32592	0.06178	0.01049	0.06757	0.05600	0.00882	0.21208	0.01317	0.04016	0.02879	0.01095	0.02005	0.00593	0.03222	0.00145	0.00541	0.00358	0.00306	0.03523
1	0.02794	0.08802	0.07389	0.08364	0.11300	0.33875	0.01032	0.12765	0.03683	0.01533	0.00988	0.01117	0.03344	0.00506	0.00436	0.00133	0.00664	0.00374	0.00279	0.00623
2	0.00813	0.00647	0.00937	0.03246	0.03755	0.00775	0.00705	0.00968	0.00808	0.04063	0.01383	0.01868	0.06520	0.05210	0.49446	0.00537	0.17070	0.00520	0.00268	0.00462
3	0.00781	0.00635	0.00821	0.02961	0.09557	0.00607	0.00603	0.01017	0.05122	0.03453	0.21997	0.08716	0.29466	0.00942	0.00564	0.00153	0.03177	0.02595	0.00416	0.06417
4	0.01662	0.01501	0.01167	0.01007	0.01275	0.39176	0.00780	0.09661	0.04209	0.20483	0.10750	0.01518	0.03542	0.00601	0.00463	0.00135	0.00599	0.00451	0.00395	0.00624
5	0.01099	0.01032	0.01692	0.13972	0.57876	0.01048	0.01297	0.03281	0.01077	0.01514	0.01081	0.01338	0.04789	0.00466	0.00464	0.00139	0.00538	0.00440	0.00250	0.06609
6	0.01496	0.21748	0.15444	0.01045	0.01480	0.04433	0.01003	0.38305	0.01591	0.04745	0.00964	0.01016	0.00719	0.00496	0.00420	0.00130	0.00549	0.00361	0.00347	0.03708
7	0.00642	0.00461	0.00586	0.00622	0.00711	0.00422	0.00451	0.00787	0.01092	0.02952	0.28068	0.37240	0.16903	0.01234	0.00580	0.00173	0.00264	0.05930	0.00467	0.00417
8	0.00686	0.00457	0.00514	0.00514	0.00514	0.00457	0.00286	0.00686	0.00686	0.00914	0.01486	0.03086	0.01714	0.83430	0.02400	0.00457	0.00457	0.00686	0.00286	0.00286
9	0.01167	0.01167	0.03810	0.04177	0.69854	0.02676	0.03093	0.01508	0.05086	0.01547	0.00936	0.01191	0.00773	0.00434	0.00468	0.00142	0.00566	0.00425	0.00245	0.00735
10	0.01295	0.78086	0.02392	0.00835	0.01227	0.07369	0.00814	0.01444	0.00984	0.01112	0.00661	0.00763	0.00605	0.00409	0.00311	0.00102	0.00528	0.00256	0.00205	0.00601
11	0.01223	0.01068	0.01742	0.05294	0.60182	0.01075	0.03213	0.05038	0.04075	0.07073	0.01178	0.01374	0.04361	0.00482	0.00474	0.00143	0.00534	0.00457	0.00286	0.00727
12	0.01081	0.01032	0.01758	0.27673	0.56384	0.01098	0.01404	0.01371	0.01033	0.01436	0.00872	0.01195	0.00710	0.00436	0.00468	0.00145	0.00581	0.00420	0.00226	0.00677
13	0.00574	0.00410	0.00547	0.00657	0.00684	0.00383	0.00438	0.00657	0.00903	0.01204	0.02599	0.83122	0.03119	0.01477	0.00602	0.00191	0.00274	0.01340	0.00438	0.00383
14	0.01712	0.05244	0.01357	0.01181	0.01428	0.76507	0.00893	0.01835	0.01315	0.01155	0.00829	0.00940	0.02626	0.00501	0.00424	0.00122	0.00822	0.00319	0.00246	0.00545
15	0.01143	0.01218	0.07292	0.08502	0.52054	0.05270	0.07872	0.01439	0.01074	0.02661	0.00974	0.01365	0.00823	0.00534	0.02126	0.00159	0.00616	0.03948	0.00245	0.00687
16	0.00574	0.00410	0.00547	0.00657	0.00684	0.00383	0.00438	0.00657	0.00903	0.01204	0.02599	0.83122	0.03119	0.01477	0.00602	0.00191	0.00274	0.01340	0.00438	0.00383
17	0.00819	0.00410	0.00614	0.00614	0.00614	0.00410	0.00410	0.00614	0.00614	0.00819	0.00819	0.01433	0.00819	0.01638	0.01843	0.86282	0.00410	0.00410	0.00205	0.00205
18	0.01528	0.04965	0.25100	0.01132	0.01591	0.03891	0.07753	0.11148	0.02892	0.30395	0.02996	0.01312	0.00941	0.00527	0.00480	0.00146	0.01656	0.00431	0.00389	0.00726
19	0.01168	0.01142	0.01932	0.05178	0.72628	0.02727	0.05380	0.01452	0.01077	0.01521	0.00886	0.01169	0.00739	0.00422	0.00471	0.00141	0.00580	0.00425	0.00233	0.00731
20	0.02058	0.00790	0.01072	0.00826	0.01183	0.00682	0.00681	0.02238	0.01339	0.77886	0.01968	0.01713	0.04080	0.00606	0.00477	0.00146	0.00395	0.00493	0.00578	0.00788
21	0.00953	0.02392	0.78382	0.01331	0.02014	0.01098	0.01710	0.01526	0.03558	0.01509	0.00881	0.01020	0.00625	0.00454	0.00449	0.00150	0.00686	0.00354	0.00208	0.00698
22	0.00945	0.00725	0.00995	0.13697	0.05410	0.00797	0.00790	0.02492	0.10096	0.07393	0.12542	0.10085	0.08510	0.02290	0.00670	0.00177	0.08463	0.12997	0.00393	0.00533

[dist]
# distance from previous block
# <min> <max>
0	1

[block]
# block no. 5 follows, 54 sequences, length 33
# corresponding to MSA columns:
# 248-251,253-281
name=unknown_F
#
# <colnr> <probs for GDERKNQSTAVLIFYWHMCP>
#	G	D	E	R	K	N	Q	S	T	A	V	L	I	F	Y	W	H	M	C	P
0	0.15505	0.01000	0.01142	0.00889	0.01247	0.01018	0.00734	0.28759	0.01563	0.41229	0.01415	0.01307	0.00936	0.00554	0.00444	0.00144	0.00436	0.00422	0.00498	0.00756
1	0.83076	0.00930	0.00724	0.00640	0.00936	0.01075	0.00527	0.04748	0.00864	0.02153	0.00677	0.00782	0.00523	0.00443	0.00300	0.00146	0.00371	0.00263	0.00300	0.00523
2	0.00686	0.00457	0.00514	0.00514	0.00514	0.00457	0.00286	0.00686	0.00686	0.00914	0.01486	0.03086	0.01714	0.83430	0.02400	0.00457	0.00457	0.00686	0.00286	0.00286
3	0.01260	0.01056	0.01115	0.00977	0.01259	0.01214	0.00768	0.13312	0.68687	0.02114	0.01808	0.01670	0.01349	0.00629	0.00479	0.00157	0.00394	0.00518	0.00479	0.00754
4	0.02839	0.10608	0.01425	0.02645	0.07738	0.02415	0.03377	0.09668	0.05390	0.18484	0.01130	0.01258	0.00865	0.00535	0.00564	0.00134	0.10691	0.01855	0.00353	0.18025
5	0.00975	0.09165	0.67104	0.01246	0.01871	0.01129	0.01558	0.03785	0.01027	0.01489	0.00982	0.04519	0.02112	0.00504	0.00445	0.00147	0.00649	0.00396	0.00222	0.00674
6	0.00946	0.02439	0.80987	0.01344	0.02041	0.01095	0.01742	0.01493	0.00995	0.01493	0.00846	0.00995	0.00597	0.00448	0.00448	0.00149	0.00697	0.00348	0.00199	0.00697
7	0.00574	0.00410	0.00547	0.00657	0.00684	0.00383	0.00438	0.00657	0.00903	0.01204	0.02599	0.83122	0.03119	0.01477	0.00602	0.00191	0.00274	0.01340	0.00438	0.00383
8	0.01187	0.11766	0.22624	0.01424	0.06710	0.05985	0.22046	0.06108	0.02186	0.06333	0.01069	0.06468	0.00888	0.02497	0.00519	0.00153	0.00634	0.00481	0.00276	0.00646
9	0.01677	0.00871	0.01064	0.00868	0.01181	0.00862	0.00703	0.10205	0.20465	0.43943	0.07056	0.01900	0.03681	0.00657	0.00488	0.00151	0.00391	0.02558	0.00534	0.00744
10	0.00574	0.00410	0.00547	0.00657	0.00684	0.00383	0.00438	0.00657	0.00903	0.01204	0.02599	0.83122	0.03119	0.01477	0.00602	0.00191	0.00274	0.01340	0.00438	0.00383
11	0.01130	0.01092	0.01880	0.11975	0.66949	0.01121	0.04402	0.01415	0.01053	0.01492	0.00878	0.01179	0.00729	0.00433	0.00493	0.00144	0.02265	0.00425	0.00230	0.00712
12	0.00988	0.02142	0.61101	0.01507	0.02148	0.01120	0.21330	0.01498	0.01025	0.01498	0.00874	0.01066	0.00627	0.00435	0.00476	0.00152	0.00722	0.00401	0.00209	0.00681
13	0.00946	0.02439	0.80987	0.01344	0.02041	0.01095	0.01742	0.01493	0.00995	0.01493	0.00846	0.00995	0.00597	0.00448	0.00448	0.00149	0.00697	0.00348	0.00199	0.00697
14	0.00686	0.00457	0.00514	0.00514	0.00514	0.00457	0.00286	0.00686	0.00686	0.00914	0.01486	0.03086	0.01714	0.83430	0.02400	0.00457	0.00457	0.00686	0.00286	0.00286
15	0.07605	0.06433	0.13426	0.01259	0.01626	0.07753	0.21813	0.05687	0.13199	0.01612	0.02240	0.07409	0.02083	0.00595	0.00517	0.00154	0.03360	0.02303	0.00309	0.00619
16	0.01032	0.01032	0.01444	0.01238	0.01238	0.01444	0.01032	0.01135	0.00722	0.01135	0.00619	0.01032	0.00619	0.00825	0.01547	0.00206	0.82567	0.00413	0.00206	0.00516
17	0.01021	0.01017	0.01425	0.01224	0.01227	0.01420	0.01019	0.01126	0.00723	0.01134	0.00637	0.01055	0.00635	0.00902	0.03817	0.00222	0.80260	0.00415	0.00208	0.00513
18	0.01098	0.01376	0.09765	0.01930	0.02426	0.01184	0.71897	0.01509	0.01102	0.01509	0.00944	0.01247	0.00705	0.00402	0.00547	0.00158	0.00786	0.00538	0.00235	0.00641
19	0.01185	0.47122	0.28338	0.01071	0.01569	0.04646	0.05760	0.01481	0.01002	0.02878	0.00763	0.00887	0.00621	0.00425	0.00374	0.00122	0.00596	0.00309	0.00212	0.00639
20	0.01167	0.01120	0.01914	0.02894	0.80488	0.01120	0.01447	0.01447	0.01074	0.01540	0.00887	0.01167	0.00747	0.00420	0.00467	0.00140	0.00560	0.00420	0.00233	0.00747
21	0.00624	0.00482	0.00572	0.00561	0.00690	0.00429	0.00425	0.00801	0.01204	0.01595	0.43292	0.05935	0.35606	0.01088	0.00563	0.00157	0.00241	0.04831	0.00479	0.00424
22	0.01280	0.73231	0.03886	0.00897	0.01299	0.06877	0.04412	0.01448	0.00990	0.01138	0.00677	0.00790	0.00610	0.00409	0.00325	0.00106	0.00543	0.00271	0.00206	0.00605
23	0.00931	0.01506	0.31916	0.01382	0.01840	0.00960	0.28804	0.01324	0.01070	0.01507	0.11012	0.03707	0.03512	0.04176	0.00601	0.00170	0.00628	0.04076	0.00280	0.00598
24	0.00674	0.00502	0.00743	0.00743	0.00822	0.00581	0.00571	0.00832	0.00753	0.01084	0.01276	0.01927	0.01211	0.08395	0.76747	0.00739	0.01214	0.00516	0.00255	0.00413
25	0.00722	0.00555	0.00744	0.00771	0.00862	0.02699	0.00612	0.00890	0.00885	0.01202	0.04326	0.04383	0.03493	0.07639	0.47038	0.00535	0.00907	0.21000	0.00319	0.00419
26	0.01664	0.07941	0.04627	0.01102	0.01485	0.04642	0.04420	0.57419	0.03667	0.05320	0.01104	0.01134	0.00800	0.00589	0.01790	0.00149	0.00555	0.00414	0.00420	0.00757
27	0.00584	0.00425	0.00552	0.00646	0.00693	0.00394	0.00445	0.00680	0.00941	0.01240	0.05001	0.69398	0.10904	0.01426	0.00598	0.00188	0.00276	0.04782	0.00440	0.00389
28	0.00574	0.00412	0.00545	0.00651	0.00682	0.00383	0.00435	0.00657	0.00908	0.01206	0.02667	0.80669	0.05528	0.01468	0.00600	0.00190	0.00272	0.01330	0.00438	0.00383
29	0.03808	0.03497	0.25900	0.01662	0.22782	0.05552	0.05070	0.11227	0.01189	0.05790	0.01013	0.01171	0.02603	0.00504	0.00531	0.00148	0.06180	0.00406	0.00276	0.00691
30	0.04126	0.33834	0.15351	0.04622	0.05209	0.17839	0.06548	0.01568	0.04452	0.01306	0.00797	0.00936	0.00652	0.00442	0.00392	0.00126	0.00626	0.00328	0.00229	0.00617
31	0.00695	0.02165	0.02574	0.00726	0.00875	0.00532	0.06602	0.00888	0.01151	0.01576	0.40416	0.19688	0.12741	0.03601	0.00614	0.00168	0.00309	0.02306	0.00444	0.01929
32	0.16417	0.09613	0.24621	0.02880	0.14434	0.01205	0.04680	0.09037	0.06526	0.01728	0.00917	0.01089	0.00716	0.02295	0.00480	0.00151	0.01908	0.00373	0.00271	0.00658

[dist]
# distance from previous block
# <min> <max>
4	17

[block]
# block no. 6 follows, 54 sequences, length 7
# corresponding to MSA columns:
# 299-305
name=unknown_G
#
# <colnr> <probs for GDERKNQSTAVLIFYWHMCP>
#	G	D	E	R	K	N	Q	S	T	A	V	L	I	F	Y	W	H	M	C	P
0	0.04903	0.04245	0.03514	0.03545	0.21432	0.08528	0.02670	0.05641	0.08336	0.12345	0.03387	0.01665	0.04745	0.02504	0.04136	0.00182	0.03718	0.03519	0.00343	0.00644
1	0.01088	0.06066	0.09104	0.03026	0.01269	0.01173	0.00920	0.12122	0.04006	0.03712	0.01031	0.04664	0.00942	0.07266	0.11058	0.00267	0.30965	0.00474	0.00285	0.00562
2	0.03456	0.03803	0.38381	0.01554	0.17892	0.01057	0.06539	0.03673	0.01054	0.04532	0.01224	0.04767	0.06035	0.00552	0.00504	0.00151	0.03438	0.00466	0.00260	0.00663
3	0.01761	0.02247	0.01336	0.01215	0.01458	0.81537	0.00911	0.01883	0.01336	0.01154	0.00729	0.00850	0.00607	0.00486	0.00425	0.00121	0.00850	0.00304	0.00243	0.00547
4	0.01691	0.03623	0.01241	0.00945	0.01283	0.01123	0.00780	0.41530	0.06116	0.24183	0.05117	0.01683	0.04739	0.00640	0.00481	0.00146	0.00449	0.02990	0.00494	0.00747
5	0.00608	0.00456	0.00563	0.00587	0.00680	0.00412	0.00421	0.00755	0.01119	0.01497	0.34359	0.31613	0.22806	0.01201	0.00572	0.00166	0.00244	0.01059	0.00470	0.00412
6	0.01330	0.27157	0.05176	0.01051	0.01298	0.30048	0.00902	0.01473	0.01027	0.01139	0.00741	0.00996	0.00677	0.03954	0.04112	0.00174	0.17636	0.00336	0.00223	0.00549

[dist]
# distance from previous block
# <min> <max>
0	2

[block]
# block no. 7 follows, 54 sequences, length 11
# corresponding to MSA columns:
# 308-318
name=unknown_H
#
# <colnr> <probs for GDERKNQSTAVLIFYWHMCP>
#	G	D	E	R	K	N	Q	S	T	A	V	L	I	F	Y	W	H	M	C	P
0	0.03049	0.08838	0.27528	0.01859	0.33581	0.04127	0.01366	0.05519	0.04348	0.04076	0.00928	0.01091	0.00720	0.00452	0.00442	0.00140	0.00591	0.00381	0.00255	0.00710
1	0.00839	0.00649	0.00812	0.00766	0.00909	0.00647	0.00583	0.06743	0.01027	0.03075	0.02054	0.36770	0.07512	0.03471	0.00701	0.00174	0.09262	0.07820	0.00385	0.15802
2	0.01149	0.44906	0.26929	0.01121	0.07325	0.01457	0.01126	0.01439	0.01002	0.03365	0.03449	0.00983	0.00760	0.00441	0.00375	0.00121	0.00552	0.00321	0.00226	0.02955
3	0.01241	0.01285	0.09030	0.13925	0.19972	0.08911	0.03021	0.13671	0.07356	0.03968	0.01210	0.01371	0.05300	0.00557	0.00557	0.00150	0.07065	0.00448	0.00304	0.00658
4	0.00764	0.00494	0.00627	0.00617	0.00651	0.00514	0.00407	0.04550	0.00768	0.01039	0.01327	0.06648	0.01434	0.41263	0.15845	0.21264	0.00579	0.00609	0.00278	0.00320
5	0.01761	0.02247	0.01336	0.01215	0.01458	0.81537	0.00911	0.01883	0.01336	0.01154	0.00729	0.00850	0.00607	0.00486	0.00425	0.00121	0.00850	0.00304	0.00243	0.00547
6	0.00972	0.04944	0.33024	0.01149	0.05345	0.00915	0.03020	0.01395	0.07243	0.06030	0.08252	0.10655	0.01595	0.00744	0.00524	0.00162	0.02151	0.10939	0.00331	0.00609
7	0.00576	0.00462	0.00515	0.00537	0.00657	0.00401	0.00389	0.00700	0.01066	0.01338	0.14224	0.23903	0.51108	0.01234	0.00568	0.00166	0.00245	0.01062	0.00449	0.00401
8	0.06084	0.15723	0.31313	0.01100	0.03470	0.06459	0.01130	0.12604	0.04061	0.03946	0.03272	0.01179	0.00845	0.04573	0.00516	0.00152	0.00573	0.00377	0.00284	0.02340
9	0.07262	0.01274	0.16117	0.02698	0.03287	0.10922	0.03387	0.05340	0.06307	0.04707	0.03493	0.08022	0.02723	0.02146	0.08104	0.05912	0.06934	0.00504	0.00303	0.00557
10	0.04634	0.11734	0.18967	0.04411	0.05550	0.04423	0.11390	0.03692	0.01095	0.11169	0.03670	0.08473	0.01117	0.00596	0.00479	0.00147	0.01697	0.03301	0.00309	0.03145

[dist]
# distance from previous block
# <min> <max>
2	15

[block]
# block no. 8 follows, 54 sequences, length 92
# corresponding to MSA columns:
# 337-428
name=unknown_I
#
# <colnr> <probs for GDERKNQSTAVLIFYWHMCP>
#	G	D	E	R	K	N	Q	S	T	A	V	L	I	F	Y	W	H	M	C	P
0	0.01133	0.01084	0.01385	0.01492	0.23663	0.09596	0.06311	0.04119	0.06215	0.02692	0.05442	0.02505	0.06525	0.00537	0.00484	0.00127	0.02916	0.00463	0.00307	0.23006
1	0.01187	0.06505	0.02668	0.05654	0.33781	0.08948	0.03981	0.03611	0.07216	0.04066	0.07439	0.04695	0.01171	0.00570	0.00546	0.00147	0.06384	0.00484	0.00297	0.00650
2	0.01059	0.03998	0.03570	0.01859	0.38353	0.05682	0.03912	0.02710	0.04766	0.01490	0.06368	0.12865	0.03528	0.00685	0.00549	0.00153	0.04613	0.02910	0.00305	0.00626
3	0.01284	0.45306	0.10089	0.01234	0.12135	0.06380	0.03951	0.08658	0.01138	0.02388	0.02961	0.00982	0.00758	0.00448	0.00381	0.00120	0.00556	0.00334	0.00248	0.00648
4	0.00742	0.00595	0.00854	0.00809	0.00867	0.00715	0.01767	0.00868	0.00746	0.01075	0.01219	0.03595	0.01219	0.18427	0.49748	0.00585	0.14960	0.00542	0.00255	0.00413
5	0.00752	0.00945	0.17314	0.02263	0.03062	0.00672	0.01848	0.02557	0.02365	0.01404	0.11093	0.29936	0.11910	0.03528	0.02439	0.00192	0.03949	0.02911	0.00369	0.00491
6	0.06344	0.19338	0.14264	0.01102	0.01479	0.14080	0.05053	0.16180	0.03784	0.05894	0.00905	0.01008	0.00700	0.00508	0.00508	0.00138	0.07411	0.00358	0.00296	0.00651
7	0.01201	0.03567	0.04676	0.03607	0.60918	0.03528	0.05144	0.02870	0.02545	0.03287	0.00913	0.01162	0.00749	0.00446	0.00502	0.00143	0.03357	0.00419	0.00247	0.00721
8	0.01503	0.00751	0.00942	0.00777	0.01054	0.00703	0.00620	0.06509	0.09531	0.41383	0.15345	0.05713	0.10248	0.00752	0.00501	0.00150	0.00352	0.00631	0.00528	0.02008
9	0.03726	0.05671	0.01393	0.02894	0.05956	0.64494	0.00925	0.02872	0.02953	0.03785	0.00802	0.00917	0.00651	0.00484	0.00423	0.00125	0.00773	0.00321	0.00260	0.00575
10	0.00839	0.02646	0.06813	0.02650	0.01259	0.00722	0.14581	0.03017	0.05472	0.03110	0.01999	0.41091	0.02160	0.01056	0.00567	0.00179	0.00443	0.10510	0.00381	0.00505
11	0.00585	0.00428	0.00550	0.00626	0.00681	0.00393	0.00429	0.00690	0.00981	0.01304	0.13250	0.62900	0.12699	0.01374	0.00590	0.00182	0.00262	0.01233	0.00449	0.00393
12	0.00918	0.00866	0.01464	0.74331	0.10996	0.01055	0.01323	0.01229	0.00956	0.01238	0.00843	0.01248	0.00640	0.00466	0.00471	0.00155	0.00622	0.00419	0.00212	0.00546
13	0.05888	0.23093	0.43457	0.01193	0.02977	0.03155	0.05905	0.01480	0.02949	0.01440	0.02130	0.01090	0.00733	0.00465	0.00415	0.00138	0.00614	0.02006	0.00226	0.00648
14	0.01177	0.01081	0.01697	0.05267	0.52282	0.03752	0.02373	0.01413	0.01031	0.05756	0.00983	0.03887	0.00861	0.00553	0.00652	0.00155	0.13901	0.02244	0.00259	0.00677
15	0.01100	0.01146	0.01434	0.01236	0.01259	0.08999	0.01020	0.01205	0.00780	0.01137	0.00629	0.01014	0.00618	0.00793	0.01441	0.00198	0.74858	0.00402	0.00210	0.00519
16	0.00918	0.00886	0.01315	0.29842	0.08421	0.05893	0.09526	0.01219	0.05863	0.01331	0.03840	0.21440	0.03953	0.00763	0.00542	0.00163	0.02560	0.00691	0.00306	0.00529
17	0.18386	0.20713	0.40401	0.01076	0.01588	0.02375	0.02663	0.03024	0.00972	0.01547	0.00764	0.00901	0.00589	0.00448	0.00415	0.00139	0.02828	0.00314	0.00225	0.00632
18	0.00574	0.00452	0.00519	0.00558	0.00661	0.00396	0.00397	0.00688	0.01031	0.01303	0.10795	0.35121	0.43266	0.01284	0.00575	0.00171	0.00251	0.01117	0.00445	0.00396
19	0.01007	0.00934	0.01588	0.50119	0.29587	0.01054	0.02888	0.01304	0.00998	0.02892	0.00915	0.03002	0.00735	0.00476	0.00474	0.00152	0.00596	0.00443	0.00231	0.00605
20	0.01367	0.45218	0.14106	0.01007	0.01433	0.10463	0.02288	0.16275	0.01248	0.01535	0.00789	0.00884	0.00644	0.00450	0.00375	0.00119	0.00579	0.00311	0.00258	0.00651
21	0.53080	0.06823	0.01088	0.00868	0.02372	0.08140	0.02505	0.05240	0.00929	0.01835	0.00691	0.00849	0.00565	0.00503	0.00510	0.00150	0.12735	0.00301	0.00275	0.00542
22	0.00704	0.00493	0.00667	0.00663	0.00727	0.00535	0.00475	0.00812	0.00763	0.02885	0.01524	0.04031	0.04635	0.30651	0.47659	0.00605	0.00905	0.00603	0.00283	0.00382
23	0.01243	0.79244	0.06788	0.00836	0.01256	0.01823	0.00858	0.01416	0.00960	0.01130	0.00666	0.00770	0.00605	0.00406	0.00311	0.00104	0.00515	0.00257	0.00202	0.00610
24	0.00975	0.00955	0.01460	0.58671	0.09751	0.04574	0.01260	0.01244	0.00936	0.01221	0.00802	0.01195	0.00637	0.00524	0.00642	0.00162	0.13820	0.00413	0.00213	0.00543
25	0.00574	0.00413	0.00544	0.00650	0.00682	0.00384	0.00435	0.00657	0.00909	0.01206	0.02681	0.80139	0.06048	0.01466	0.00600	0.00190	0.00272	0.01327	0.00438	0.00384
26	0.02768	0.23299	0.28179	0.01218	0.01655	0.03905	0.12424	0.03945	0.01004	0.01378	0.00817	0.01030	0.00664	0.00685	0.06061	0.00184	0.09570	0.00370	0.00222	0.00620
27	0.04261	0.00807	0.01312	0.64186	0.07725	0.00972	0.01181	0.01161	0.00941	0.01262	0.01047	0.11127	0.00932	0.00588	0.00480	0.00160	0.00571	0.00524	0.00242	0.00520
28	0.00623	0.00481	0.00623	0.00741	0.04834	0.00443	0.00500	0.00745	0.00996	0.01292	0.06710	0.46288	0.24051	0.01305	0.00585	0.00180	0.00292	0.08466	0.00431	0.00414
29	0.01429	0.00868	0.01011	0.00854	0.01135	0.00899	0.00679	0.07695	0.33722	0.27983	0.11621	0.02051	0.06554	0.00690	0.00491	0.00152	0.00366	0.00574	0.00516	0.00710
30	0.06924	0.00922	0.03714	0.00887	0.01223	0.00853	0.00752	0.14747	0.01397	0.50567	0.01654	0.04081	0.01182	0.00690	0.01863	0.00162	0.02290	0.04848	0.00508	0.00735
31	0.04519	0.01185	0.05255	0.09700	0.44294	0.01177	0.04825	0.17228	0.02832	0.03040	0.00960	0.01169	0.00750	0.00462	0.00465	0.00144	0.00561	0.00421	0.00291	0.00722
32	0.82516	0.00906	0.00713	0.00631	0.00926	0.01039	0.00520	0.01432	0.00830	0.06061	0.00717	0.00808	0.00544	0.00445	0.00301	0.00146	0.00367	0.00266	0.00306	0.00525
33	0.01021	0.00867	0.01017	0.00758	0.02604	0.00679	0.00592	0.05009	0.01040	0.01607	0.00853	0.00989	0.00704	0.00361	0.00357	0.00075	0.00361	0.00289	0.00288	0.80529
34	0.03509	0.06356	0.03616	0.01367	0.12618	0.40827	0.00971	0.03450	0.01180	0.07350	0.00859	0.01048	0.00709	0.02623	0.01871	0.00155	0.10270	0.00359	0.00267	0.00595
35	0.03715	0.02933	0.03212	0.01105	0.01364	0.11167	0.00919	0.40737	0.01572	0.02101	0.00940	0.01098	0.00742	0.00794	0.05760	0.00192	0.20232	0.00402	0.00350	0.00665
36	0.01177	0.01182	0.02072	0.09177	0.46041	0.03527	0.22938	0.05261	0.01137	0.01563	0.00909	0.01193	0.00727	0.00427	0.00491	0.00146	0.00638	0.00455	0.00245	0.00694
37	0.01056	0.30159	0.52663	0.01173	0.01765	0.01360	0.02923	0.01466	0.00985	0.01363	0.00783	0.00919	0.00602	0.00432	0.00400	0.00133	0.00633	0.00320	0.00201	0.00664
38	0.00686	0.00457	0.00514	0.00514	0.00514	0.00457	0.00286	0.00686	0.00686	0.00914	0.01486	0.03086	0.01714	0.83430	0.02400	0.00457	0.00457	0.00686	0.00286	0.00286
39	0.00637	0.00500	0.00578	0.00555	0.00694	0.00451	0.00417	0.00855	0.04190	0.01617	0.43380	0.03911	0.38395	0.01055	0.00554	0.00154	0.00236	0.00905	0.00481	0.00435
40	0.00955	0.04840	0.78667	0.01328	0.02016	0.01118	0.01714	0.01491	0.00994	0.01482	0.00841	0.00988	0.00598	0.00447	0.00444	0.00148	0.00691	0.00346	0.00199	0.00694
41	0.00978	0.00838	0.00978	0.00698	0.01117	0.00629	0.00559	0.01187	0.00978	0.01536	0.00838	0.00978	0.00698	0.00349	0.00349	0.00070	0.00349	0.00279	0.00279	0.86312
42	0.01137	0.01097	0.01891	0.10846	0.70224	0.01115	0.03912	0.01425	0.01062	0.01506	0.00884	0.01179	0.00734	0.00425	0.00470	0.00142	0.00575	0.00424	0.00231	0.00721
43	0.00663	0.00482	0.00624	0.00589	0.00702	0.00443	0.00442	0.00882	0.01325	0.01867	0.77375	0.03561	0.07328	0.00973	0.00556	0.00149	0.00223	0.00858	0.00516	0.00443
44	0.01134	0.01304	0.02735	0.01962	0.02431	0.03831	0.76218	0.01523	0.01120	0.01499	0.00947	0.01258	0.00712	0.00400	0.00552	0.00158	0.00797	0.00548	0.00239	0.00633
45	0.67615	0.02159	0.04534	0.03438	0.03051	0.05342	0.00648	0.01430	0.03198	0.01952	0.00764	0.02759	0.00619	0.00471	0.00329	0.00146	0.00419	0.00305	0.00289	0.00533
46	0.00574	0.00410	0.00547	0.00657	0.00684	0.00383	0.00438	0.00657	0.00903	0.01204	0.02599	0.83122	0.03119	0.01477	0.00602	0.00191	0.00274	0.01340	0.00438	0.00383
47	0.00819	0.00410	0.00614	0.00614	0.00614	0.00410	0.00410	0.00614	0.00614	0.00819	0.00819	0.01433	0.00819	0.01638	0.01843	0.86282	0.00410	0.00410	0.00205	0.00205
48	0.01004	0.00948	0.01527	0.49206	0.23140	0.02589	0.02586	0.03578	0.01033	0.01371	0.02875	0.01402	0.00827	0.00509	0.00510	0.00155	0.03019	0.02895	0.00239	0.00588
49	0.00743	0.00541	0.00663	0.00672	0.00805	0.00514	0.00529	0.03240	0.03990	0.03704	0.22623	0.12580	0.24137	0.02740	0.00614	0.00180	0.00310	0.20503	0.00461	0.00451
50	0.01972	0.00771	0.01048	0.00815	0.01154	0.00668	0.00668	0.02158	0.01348	0.72989	0.09632	0.01795	0.01493	0.00621	0.00482	0.00146	0.00383	0.00512	0.00577	0.00767
51	0.00868	0.00694	0.01091	0.03000	0.06882	0.00675	0.12336	0.01156	0.08144	0.06465	0.09902	0.35884	0.07717	0.01009	0.00556	0.00170	0.00393	0.02130	0.00409	0.00518
52	0.03749	0.01659	0.32399	0.01310	0.08019	0.08472	0.05551	0.04569	0.05558	0.22359	0.01175	0.01212	0.00818	0.00497	0.00459	0.00146	0.00594	0.00405	0.00337	0.00713
53	0.08055	0.01096	0.01221	0.00953	0.01312	0.02700	0.00783	0.38737	0.05523	0.32619	0.01406	0.01311	0.00948	0.00565	0.00459	0.00144	0.00462	0.00434	0.00497	0.00773
54	0.02582	0.10874	0.01638	0.02760	0.13385	0.47941	0.06926	0.02651	0.01221	0.01285	0.00772	0.00934	0.00642	0.00455	0.00425	0.00124	0.00730	0.00337	0.00241	0.04077
55	0.00686	0.00457	0.00514	0.00514	0.00514	0.00457	0.00286	0.00686	0.00686	0.00914	0.01486	0.03086	0.01714	0.83430	0.02400	0.00457	0.00457	0.00686	0.00286	0.00286
56	0.03425	0.01177	0.01286	0.01116	0.05485	0.01314	0.00855	0.42967	0.31711	0.02478	0.01406	0.01364	0.01035	0.00581	0.00469	0.00148	0.00460	0.00460	0.00456	0.01807
57	0.01279	0.06404	0.07901	0.00946	0.04628	0.03479	0.00787	0.09657	0.04308	0.15311	0.10673	0.01433	0.01255	0.00528	0.00454	0.00120	0.02345	0.00421	0.00372	0.27698
58	0.01310	0.31406	0.20916	0.01229	0.07999	0.06171	0.05213	0.11254	0.01186	0.06447	0.00885	0.00998	0.00690	0.00504	0.01769	0.00139	0.00599	0.00348	0.00267	0.00671
59	0.00950	0.02409	0.78954	0.01361	0.02052	0.01098	0.03744	0.01494	0.00999	0.01494	0.00849	0.01003	0.00600	0.00447	0.00451	0.00150	0.00699	0.00354	0.00200	0.00695
