[name]
unknown

[dist]
# distance from previous block
# <min> <max>
15	559

[block]
# block no. 0 follows, 56 sequences, length 41
# corresponding to MSA columns:
# 564-604
name=unknown_A
#
# <colnr> <probs for GDERKNQSTAVLIFYWHMCP>
#	G	D	E	R	K	N	Q	S	T	A	V	L	I	F	Y	W	H	M	C	P
0	0.04296	0.00921	0.01001	0.00892	0.03564	0.05604	0.00678	0.04895	0.30953	0.20101	0.11679	0.01846	0.05170	0.00633	0.00461	0.00142	0.00382	0.00521	0.00454	0.05806
1	0.02739	0.01177	0.03151	0.00935	0.01188	0.16847	0.00737	0.06338	0.39215	0.06750	0.04325	0.08876	0.02942	0.00667	0.00464	0.00147	0.00456	0.00542	0.00411	0.02095
2	0.13627	0.06309	0.17590	0.01299	0.16378	0.01095	0.01023	0.05709	0.15367	0.07821	0.03874	0.01229	0.00933	0.00506	0.00460	0.00142	0.03576	0.00398	0.00318	0.02346
3	0.01069	0.01010	0.01686	0.28184	0.48660	0.01089	0.02999	0.04159	0.02409	0.01445	0.00871	0.01173	0.00701	0.00441	0.00479	0.00144	0.02185	0.00413	0.00232	0.00653
4	0.00856	0.03711	0.00909	0.00801	0.05683	0.00678	0.02106	0.02528	0.11338	0.02949	0.20762	0.04152	0.20924	0.00752	0.00471	0.00130	0.00317	0.00642	0.00395	0.19899
5	0.00963	0.00818	0.00953	0.00686	0.01085	0.00627	0.00549	0.03032	0.00991	0.01539	0.03036	0.01024	0.00784	0.00362	0.00348	0.00072	0.00341	0.00291	0.00283	0.82218
6	0.05589	0.01053	0.01201	0.00929	0.01285	0.01090	0.00765	0.41258	0.05588	0.31326	0.01367	0.01279	0.00925	0.00548	0.00448	0.00138	0.00444	0.00424	0.00485	0.03859
7	0.01303	0.01066	0.01129	0.00967	0.01255	0.01217	0.00766	0.22969	0.59381	0.02180	0.01664	0.01550	0.01236	0.00604	0.00465	0.00151	0.00401	0.00491	0.00465	0.00741
8	0.01011	0.00795	0.00941	0.00756	0.03760	0.00650	0.00572	0.03122	0.05039	0.06985	0.01396	0.01479	0.09905	0.02153	0.00425	0.00099	0.00345	0.00393	0.00323	0.59852
9	0.00962	0.02317	0.78590	0.01291	0.01958	0.01052	0.01659	0.01482	0.00982	0.04331	0.00859	0.00991	0.00602	0.00441	0.00437	0.00145	0.00668	0.00344	0.00207	0.00682
10	0.87108	0.00888	0.00675	0.00604	0.00888	0.01030	0.00497	0.01350	0.00781	0.02060	0.00639	0.00746	0.00497	0.00426	0.00284	0.00142	0.00355	0.00249	0.00284	0.00497
11	0.00741	0.00530	0.00693	0.00748	0.00874	0.00513	0.00633	0.00965	0.03279	0.03603	0.11543	0.04651	0.16908	0.01175	0.00598	0.00190	0.00363	0.51118	0.00438	0.00436
12	0.01760	0.00726	0.00969	0.00772	0.01071	0.00643	0.00622	0.01966	0.03946	0.63603	0.09134	0.04414	0.02854	0.04641	0.00564	0.00159	0.00370	0.00542	0.00538	0.00704
13	0.00596	0.00461	0.00544	0.00548	0.00667	0.00410	0.00409	0.00751	0.01125	0.01473	0.34109	0.14028	0.37496	0.01114	0.00552	0.00157	0.00239	0.04457	0.00457	0.00405
14	0.02060	0.00781	0.01065	0.00817	0.01172	0.00675	0.00675	0.02237	0.01314	0.81320	0.01811	0.01563	0.01136	0.00568	0.00462	0.00142	0.00391	0.00462	0.00568	0.00781
15	0.00656	0.00492	0.00738	0.00738	0.00820	0.00574	0.00574	0.00820	0.00738	0.01066	0.01230	0.01804	0.01148	0.03443	0.82046	0.00738	0.01230	0.00492	0.00246	0.00410
16	0.59137	0.00830	0.00715	0.00650	0.00897	0.00938	0.00519	0.06394	0.06086	0.01962	0.03363	0.10498	0.03997	0.00606	0.00359	0.00148	0.00345	0.00443	0.01604	0.00510
17	0.01681	0.01233	0.01319	0.01021	0.01372	0.01365	0.00841	0.72950	0.04816	0.02802	0.01148	0.01153	0.00822	0.00553	0.00453	0.00137	0.00486	0.00418	0.04668	0.00762
18	0.00558	0.00405	0.00527	0.00624	0.00662	0.00374	0.00419	0.00641	0.00893	0.01178	0.02714	0.76718	0.09766	0.01414	0.00582	0.00184	0.00263	0.01276	0.00426	0.00374
19	0.00619	0.00465	0.00573	0.00552	0.00668	0.00419	0.00412	0.00804	0.01217	0.01660	0.58069	0.07375	0.23447	0.01018	0.00544	0.00149	0.00223	0.00887	0.00482	0.00419
20	0.00579	0.00463	0.00514	0.00507	0.00638	0.00403	0.00375	0.00721	0.01105	0.01408	0.27427	0.07146	0.52288	0.03656	0.00599	0.00162	0.00236	0.00931	0.00446	0.00397
21	0.00740	0.00528	0.00740	0.00845	0.00951	0.00528	0.00740	0.00951	0.01057	0.01374	0.02431	0.05179	0.02642	0.01268	0.00634	0.00211	0.00423	0.77912	0.00423	0.00423
22	0.02060	0.00781	0.01065	0.00817	0.01172	0.00675	0.00675	0.02237	0.01314	0.81320	0.01811	0.01563	0.01136	0.00568	0.00462	0.00142	0.00391	0.00462	0.00568	0.00781
23	0.00595	0.00461	0.00550	0.00600	0.00706	0.00416	0.00457	0.00726	0.01016	0.01281	0.07610	0.26349	0.38780	0.01249	0.00574	0.00175	0.00281	0.17350	0.00430	0.00393
24	0.00569	0.00405	0.00535	0.00630	0.00659	0.00379	0.00419	0.00651	0.00888	0.01189	0.06038	0.76007	0.03029	0.05417	0.00669	0.00197	0.00273	0.01253	0.00423	0.00371
25	0.00952	0.00816	0.00952	0.00680	0.01088	0.00612	0.00544	0.01156	0.00952	0.01496	0.00816	0.00952	0.00680	0.00340	0.00340	0.00068	0.00340	0.00272	0.00272	0.86672
26	0.00546	0.00465	0.00470	0.00469	0.00622	0.00389	0.00352	0.00666	0.01055	0.01261	0.07239	0.04385	0.78214	0.01155	0.00543	0.00155	0.00232	0.00964	0.00429	0.00389
27	0.00656	0.00450	0.00515	0.00512	0.00536	0.00443	0.00306	0.00689	0.00754	0.01005	0.08522	0.03116	0.08117	0.67773	0.04456	0.00405	0.00432	0.00700	0.00308	0.00304
28	0.00653	0.00443	0.00501	0.00509	0.00519	0.00437	0.00293	0.00665	0.00702	0.00929	0.01688	0.09006	0.05762	0.73627	0.02117	0.00411	0.00421	0.00730	0.00297	0.00291
29	0.87108	0.00888	0.00675	0.00604	0.00888	0.01030	0.00497	0.01350	0.00781	0.02060	0.00639	0.00746	0.00497	0.00426	0.00284	0.00142	0.00355	0.00249	0.00284	0.00497
30	0.01765	0.01254	0.01358	0.01041	0.01408	0.01376	0.00860	0.74514	0.02104	0.07927	0.01148	0.01132	0.00804	0.00552	0.00459	0.00138	0.00498	0.00416	0.00466	0.00781
31	0.00669	0.00510	0.00670	0.00709	0.03522	0.00535	0.00494	0.00776	0.00815	0.01091	0.02055	0.07000	0.16422	0.26394	0.27235	0.00435	0.03624	0.06356	0.00309	0.00380
32	0.00877	0.00826	0.01395	0.79760	0.06085	0.01023	0.01280	0.01182	0.00923	0.01185	0.00818	0.01221	0.00616	0.00457	0.00459	0.00152	0.00609	0.00408	0.00205	0.00518
33	0.01793	0.01209	0.01330	0.01020	0.01386	0.01310	0.00843	0.67757	0.02030	0.14788	0.01210	0.01172	0.00835	0.00554	0.00460	0.00138	0.00488	0.00421	0.00476	0.00781
34	0.00646	0.00469	0.00608	0.00574	0.00684	0.00432	0.00430	0.00859	0.01291	0.01820	0.78084	0.03464	0.07020	0.00946	0.00542	0.00145	0.00217	0.00835	0.00503	0.00432
35	0.04097	0.01092	0.04085	0.17065	0.50775	0.05825	0.01255	0.01343	0.01037	0.01443	0.04429	0.01316	0.03311	0.00470	0.00453	0.00140	0.00548	0.00430	0.00243	0.00643
36	0.00815	0.00732	0.01032	0.00949	0.00978	0.00954	0.00757	0.00928	0.00742	0.01098	0.01136	0.14950	0.01202	0.04224	0.25749	0.00368	0.42099	0.00586	0.00254	0.00446
37	0.00960	0.00958	0.01464	0.01260	0.03154	0.01237	0.10482	0.01097	0.00780	0.01167	0.00895	0.11576	0.00928	0.00825	0.01247	0.00192	0.60504	0.00534	0.00234	0.00505
38	0.01083	0.03034	0.03926	0.09510	0.59649	0.03107	0.01292	0.01363	0.02301	0.01434	0.01081	0.01366	0.04858	0.00480	0.00479	0.00141	0.02244	0.01741	0.00241	0.00671
39	0.01002	0.05619	0.62527	0.01255	0.04259	0.01049	0.01477	0.03608	0.01011	0.05701	0.00984	0.06339	0.00781	0.00514	0.00460	0.00146	0.01958	0.00409	0.00237	0.00662
40	0.01133	0.01251	0.02261	0.05364	0.19691	0.08693	0.48545	0.01459	0.01088	0.01429	0.00946	0.01325	0.00763	0.00436	0.00511	0.00149	0.00709	0.03389	0.00237	0.00623

[dist]
# distance from previous block
# <min> <max>
0	9

[block]
# block no. 1 follows, 56 sequences, length 80
# corresponding to MSA columns:
# 614-693
name=unknown_B
#
# <colnr> <probs for GDERKNQSTAVLIFYWHMCP>
#	G	D	E	R	K	N	Q	S	T	A	V	L	I	F	Y	W	H	M	C	P
0	0.01045	0.01006	0.01782	0.10459	0.42259	0.01009	0.17466	0.01368	0.03958	0.02665	0.05138	0.01581	0.05502	0.00507	0.00487	0.00146	0.00554	0.02155	0.00269	0.00643
1	0.01140	0.00812	0.01013	0.00820	0.04187	0.00683	0.00624	0.01345	0.02182	0.15562	0.01089	0.05519	0.00895	0.00473	0.00450	0.00099	0.05218	0.00378	0.00330	0.57182
2	0.01015	0.27866	0.53668	0.04304	0.01780	0.01299	0.01395	0.01418	0.00956	0.01326	0.00766	0.00906	0.00585	0.00423	0.00393	0.00131	0.00617	0.00313	0.00195	0.00644
3	0.01115	0.01036	0.04225	0.04741	0.08484	0.02716	0.00832	0.06454	0.53578	0.01809	0.01786	0.04693	0.05221	0.00639	0.00471	0.00153	0.00410	0.00538	0.00415	0.00685
4	0.00732	0.00525	0.00730	0.00834	0.00939	0.00523	0.00726	0.00939	0.01053	0.01367	0.02478	0.06708	0.04231	0.01269	0.00631	0.00210	0.00416	0.74845	0.00423	0.00421
5	0.01460	0.01174	0.01215	0.01003	0.01315	0.03893	0.00804	0.40706	0.38852	0.02378	0.01450	0.01381	0.01067	0.00582	0.00462	0.00146	0.00449	0.00459	0.00456	0.00747
6	0.01181	0.01283	0.08156	0.16977	0.21348	0.12119	0.07964	0.10219	0.04428	0.01533	0.00951	0.03121	0.00769	0.00501	0.00510	0.00144	0.04830	0.00426	0.02915	0.00623
7	0.01121	0.01052	0.01767	0.11628	0.65870	0.01080	0.02491	0.01448	0.04964	0.02787	0.00925	0.01183	0.00754	0.00428	0.00457	0.00140	0.00545	0.00417	0.00242	0.00702
8	0.01151	0.63846	0.22035	0.00915	0.01379	0.01630	0.01012	0.01394	0.00942	0.01173	0.00684	0.00794	0.00587	0.00404	0.00330	0.00110	0.00538	0.00269	0.00196	0.00611
9	0.02060	0.00781	0.01065	0.00817	0.01172	0.00675	0.00675	0.02237	0.01314	0.81320	0.01811	0.01563	0.01136	0.00568	0.00462	0.00142	0.00391	0.00462	0.00568	0.00781
10	0.01332	0.00625	0.00855	0.00783	0.00995	0.00568	0.00642	0.01508	0.01169	0.39202	0.07584	0.14816	0.02105	0.00939	0.00539	0.00170	0.00370	0.24713	0.00498	0.00586
11	0.00684	0.00502	0.00663	0.00733	0.00836	0.00491	0.00609	0.00858	0.01014	0.01312	0.05565	0.08551	0.16106	0.06220	0.05421	0.00242	0.00422	0.48959	0.00408	0.00405
12	0.00668	0.00445	0.00501	0.00501	0.00501	0.00445	0.00278	0.00668	0.00668	0.00890	0.01447	0.03004	0.01669	0.83866	0.02337	0.00445	0.00445	0.00668	0.00278	0.00278
13	0.00952	0.00816	0.00952	0.00680	0.01088	0.00612	0.00544	0.01156	0.00952	0.01496	0.00816	0.00952	0.00680	0.00340	0.00340	0.00068	0.00340	0.00272	0.00272	0.86672
14	0.00596	0.00436	0.00518	0.00552	0.00612	0.00404	0.00368	0.00680	0.00913	0.01194	0.12448	0.32847	0.21313	0.23778	0.01047	0.00244	0.00301	0.00993	0.00396	0.00358
15	0.00573	0.00472	0.00508	0.00524	0.00667	0.00407	0.00406	0.00704	0.01051	0.01275	0.06692	0.06536	0.65990	0.01177	0.00556	0.00163	0.00258	0.11220	0.00428	0.00393
16	0.01920	0.00892	0.01113	0.00859	0.01205	0.00854	0.00708	0.21881	0.01512	0.57362	0.01615	0.01453	0.01048	0.00562	0.00454	0.00139	0.00411	0.00448	0.04802	0.00764
17	0.01745	0.01286	0.01378	0.01056	0.01424	0.01424	0.00873	0.79471	0.02159	0.02893	0.01102	0.01102	0.00781	0.00551	0.00459	0.00138	0.00505	0.00413	0.00459	0.00781
18	0.08626	0.00589	0.00689	0.00599	0.00794	0.00555	0.00464	0.01351	0.01098	0.26262	0.16017	0.02221	0.08216	0.07697	0.00589	0.00160	0.00302	0.00560	0.22682	0.00528
19	0.01847	0.00829	0.01057	0.00837	0.01170	0.00778	0.00683	0.06054	0.14130	0.62000	0.01876	0.01655	0.03706	0.00595	0.00465	0.00144	0.00387	0.00485	0.00542	0.00760
20	0.00559	0.00400	0.00533	0.00639	0.00666	0.00373	0.00426	0.00639	0.00879	0.01172	0.02530	0.83566	0.03036	0.01438	0.00586	0.00186	0.00266	0.01305	0.00426	0.00373
21	0.00658	0.00448	0.00523	0.00520	0.00543	0.00439	0.00314	0.00704	0.00800	0.01085	0.16462	0.06059	0.03402	0.64001	0.01908	0.00375	0.00392	0.00726	0.00329	0.00312
22	0.68940	0.00911	0.00775	0.00672	0.00965	0.01035	0.00551	0.06212	0.06951	0.08132	0.00850	0.00903	0.00632	0.00459	0.00322	0.00143	0.00368	0.00295	0.00330	0.00553
23	0.00559	0.00400	0.00533	0.00639	0.00666	0.00373	0.00426	0.00639	0.00879	0.01172	0.02530	0.83566	0.03036	0.01438	0.00586	0.00186	0.00266	0.01305	0.00426	0.00373
24	0.00656	0.00490	0.00730	0.00730	0.00810	0.00570	0.00564	0.00815	0.00736	0.01060	0.01237	0.01842	0.01165	0.06039	0.79473	0.00728	0.01204	0.00498	0.00247	0.00406
25	0.00588	0.00470	0.00530	0.00543	0.00672	0.00416	0.00409	0.00742	0.02206	0.01360	0.17867	0.13846	0.50398	0.01156	0.00554	0.00161	0.00250	0.06989	0.00441	0.00402
26	0.03993	0.00467	0.00541	0.00552	0.00607	0.00454	0.00366	0.00740	0.00875	0.01209	0.16688	0.14324	0.10093	0.41671	0.01422	0.00302	0.00353	0.04633	0.00363	0.00346
27	0.00665	0.00455	0.00553	0.00553	0.00571	0.00473	0.00343	0.00701	0.00683	0.00929	0.01399	0.02741	0.01555	0.66242	0.19804	0.00509	0.00617	0.00629	0.00271	0.00307
28	0.01096	0.01162	0.04200	0.06994	0.46185	0.01111	0.29522	0.01419	0.01050	0.01470	0.00883	0.01174	0.00706	0.00405	0.00486	0.00144	0.00635	0.00455	0.00227	0.00675
29	0.00592	0.00463	0.00522	0.00526	0.00639	0.00413	0.00378	0.00733	0.02159	0.01353	0.22586	0.14654	0.42807	0.09246	0.00723	0.00185	0.00256	0.00944	0.00432	0.00391
30	0.00692	0.00457	0.00513	0.00511	0.00524	0.00459	0.00295	0.02039	0.00715	0.00974	0.01478	0.05480	0.01673	0.75667	0.02149	0.00415	0.00429	0.00672	0.04562	0.00297
31	0.01673	0.01181	0.01357	0.01033	0.01404	0.01254	0.04207	0.59096	0.03796	0.11595	0.01170	0.01163	0.00824	0.00530	0.00454	0.00134	0.00487	0.00415	0.00447	0.07779
32	0.01106	0.01157	0.06937	0.02621	0.70508	0.01071	0.03891	0.01397	0.01042	0.01491	0.00921	0.01277	0.00787	0.00442	0.00463	0.00140	0.00557	0.03251	0.00232	0.00709
33	0.01026	0.16677	0.57765	0.01175	0.01744	0.07536	0.01418	0.01444	0.01003	0.01379	0.04233	0.01023	0.00746	0.00453	0.00414	0.00135	0.00637	0.00341	0.00211	0.00641
34	0.00799	0.00711	0.00909	0.00860	0.00934	0.06228	0.00678	0.00944	0.00767	0.01075	0.01070	0.01594	0.01007	0.04069	0.58641	0.00581	0.18000	0.00463	0.00237	0.00435
35	0.00560	0.00463	0.00491	0.00489	0.00632	0.00394	0.00365	0.00690	0.01080	0.01331	0.16389	0.07167	0.66090	0.01138	0.00544	0.00155	0.00231	0.00960	0.00439	0.00394
36	0.01696	0.02153	0.01319	0.01235	0.03960	0.79438	0.00904	0.01820	0.01293	0.01136	0.00715	0.00838	0.00596	0.00471	0.00415	0.00119	0.00819	0.00299	0.00236	0.00538
37	0.00605	0.00455	0.00651	0.00695	0.00754	0.00433	0.04022	0.00712	0.00904	0.01213	0.07129	0.61763	0.04828	0.05613	0.05539	0.00228	0.00357	0.03309	0.00404	0.00387
38	0.00562	0.00412	0.00527	0.00612	0.00661	0.00378	0.00416	0.00653	0.00923	0.01215	0.06706	0.68700	0.13800	0.01376	0.00578	0.00180	0.00259	0.01235	0.00430	0.00378
39	0.00574	0.00412	0.00539	0.00626	0.00663	0.00384	0.00423	0.00664	0.00908	0.01212	0.08087	0.69409	0.05904	0.05481	0.00669	0.00196	0.00274	0.02777	0.00424	0.00374
40	0.01252	0.00909	0.01001	0.00880	0.01145	0.01002	0.00690	0.02267	0.60332	0.15370	0.04516	0.01876	0.05392	0.00650	0.00472	0.00153	0.00357	0.00542	0.00484	0.00710
41	0.62626	0.00849	0.00734	0.00656	0.00914	0.00958	0.00524	0.05254	0.05330	0.06498	0.00987	0.07865	0.00856	0.03771	0.00418	0.00158	0.00361	0.00389	0.00331	0.00521
42	0.00656	0.00492	0.00738	0.00738	0.00820	0.00574	0.00574	0.00820	0.00738	0.01066	0.01230	0.01804	0.01148	0.03443	0.82046	0.00738	0.01230	0.00492	0.00246	0.00410
43	0.00668	0.00445	0.00501	0.00501	0.00501	0.00445	0.00278	0.00668	0.00668	0.00890	0.01447	0.03004	0.01669	0.83866	0.02337	0.00445	0.00445	0.00668	0.00278	0.00278
44	0.00662	0.00445	0.00516	0.00521	0.00527	0.00449	0.00302	0.00675	0.00682	0.00914	0.01488	0.06936	0.01707	0.75213	0.06770	0.00449	0.00481	0.00689	0.00284	0.00290
45	0.00681	0.00449	0.00516	0.00508	0.00545	0.00440	0.00316	0.00749	0.00835	0.01177	0.17767	0.02989	0.03860	0.56552	0.01724	0.00343	0.00370	0.00683	0.09170	0.00328
46	0.00559	0.00400	0.00533	0.00639	0.00666	0.00373	0.00426	0.00639	0.00879	0.01172	0.02530	0.83566	0.03036	0.01438	0.00586	0.00186	0.00266	0.01305	0.00426	0.00373
47	0.84326	0.00936	0.03284	0.00626	0.00923	0.01031	0.00536	0.01353	0.00787	0.02040	0.00645	0.00753	0.00500	0.00426	0.00289	0.00142	0.00366	0.00252	0.00281	0.00503
48	0.00617	0.00468	0.00569	0.00543	0.00666	0.00419	0.00408	0.00803	0.01223	0.01658	0.57636	0.03730	0.27569	0.01007	0.00542	0.00148	0.00221	0.00872	0.00481	0.00419
49	0.00659	0.00440	0.00563	0.00628	0.00694	0.00405	0.00438	0.00752	0.00923	0.05720	0.02708	0.58456	0.13549	0.06569	0.00687	0.00197	0.00289	0.05502	0.00425	0.00395
50	0.02044	0.00807	0.01081	0.00829	0.01185	0.00712	0.00685	0.06094	0.01356	0.77403	0.01776	0.01540	0.01119	0.00567	0.00462	0.00142	0.00396	0.00459	0.00563	0.00781
51	0.00559	0.00400	0.00533	0.00639	0.00666	0.00373	0.00426	0.00639	0.00879	0.01172	0.02530	0.83566	0.03036	0.01438	0.00586	0.00186	0.00266	0.01305	0.00426	0.00373
52	0.01283	0.00720	0.00796	0.00676	0.00896	0.00744	0.00537	0.16983	0.09383	0.16585	0.01515	0.01563	0.01114	0.00553	0.00389	0.00125	0.00320	0.00441	0.44784	0.00593
53	0.01037	0.01061	0.01386	0.01194	0.01209	0.05960	0.00989	0.01140	0.00738	0.01105	0.00622	0.01012	0.00614	0.00841	0.03170	0.00208	0.76611	0.00398	0.00204	0.00502
54	0.00564	0.00406	0.00535	0.00629	0.00665	0.00377	0.00424	0.00653	0.00909	0.01212	0.07045	0.76126	0.05955	0.01400	0.00582	0.00183	0.00262	0.01266	0.00431	0.00377
55	0.00871	0.00672	0.00786	0.00779	0.00918	0.00714	0.00584	0.10470	0.21683	0.01624	0.06492	0.41464	0.02382	0.01079	0.00542	0.00172	0.00330	0.07470	0.00445	0.00521
56	0.06592	0.01254	0.01332	0.01026	0.01389	0.01387	0.00848	0.73583	0.02064	0.04325	0.01089	0.01091	0.00771	0.00544	0.00449	0.00138	0.00495	0.00405	0.00451	0.00765
57	0.01058	0.00879	0.01009	0.00730	0.01133	0.00720	0.00588	0.11604	0.01113	0.01682	0.00854	0.00972	0.00693	0.00368	0.00356	0.00077	0.00362	0.00291	0.00297	0.75214
58	0.00614	0.00476	0.00614	0.00701	0.05216	0.00435	0.00464	0.00754	0.01053	0.01402	0.25683	0.35468	0.23096	0.01165	0.00555	0.00163	0.00259	0.01031	0.00438	0.00414
59	0.00602	0.00470	0.00503	0.00495	0.00636	0.00406	0.00368	0.00732	0.01065	0.02696	0.15532	0.04090	0.60545	0.05796	0.00639	0.00169	0.00247	0.02100	0.02514	0.00396
60	0.05496	0.01279	0.01255	0.01009	0.01336	0.09550	0.00816	0.51953	0.14089	0.04933	0.01191	0.01180	0.00865	0.00549	0.00445	0.00138	0.00500	0.00412	0.02275	0.00727
61	0.01554	0.01153	0.01332	0.01239	0.12529	0.02773	0.00879	0.53956	0.01783	0.06904	0.01186	0.04859	0.00947	0.06062	0.00587	0.00160	0.00496	0.00469	0.00415	0.00717
62	0.00576	0.00414	0.00551	0.00652	0.00690	0.00388	0.00452	0.00671	0.00907	0.01204	0.04094	0.73304	0.04917	0.01407	0.00588	0.00187	0.00278	0.07915	0.00427	0.00379
63	0.00653	0.00471	0.00617	0.00619	0.00717	0.00442	0.00472	0.00845	0.01191	0.01652	0.56004	0.10852	0.06192	0.04258	0.00630	0.00171	0.00263	0.13056	0.00474	0.00419
64	0.00983	0.00834	0.00969	0.00695	0.01101	0.00643	0.00557	0.04193	0.00999	0.01550	0.00827	0.00958	0.00684	0.00348	0.00345	0.00071	0.00346	0.00277	0.00279	0.83342
65	0.01897	0.00900	0.01164	0.00980	0.05745	0.00858	0.00754	0.15847	0.06127	0.58226	0.01636	0.01466	0.01066	0.00559	0.00461	0.00142	0.00418	0.00454	0.00524	0.00775
66	0.04991	0.00903	0.01102	0.00859	0.01198	0.00882	0.00706	0.21646	0.04560	0.51288	0.04623	0.01496	0.01157	0.00575	0.00456	0.00141	0.00408	0.00458	0.01802	0.00750
67	0.00563	0.00466	0.00494	0.00487	0.00633	0.00396	0.00365	0.00699	0.01096	0.01357	0.19445	0.04226	0.65948	0.01119	0.00542	0.00153	0.00229	0.00942	0.00442	0.00396
68	0.00959	0.00831	0.01010	0.00761	0.03251	0.00635	0.02082	0.01169	0.00957	0.01496	0.00819	0.00962	0.00682	0.00343	0.00347	0.00071	0.00354	0.00281	0.00270	0.82718
69	0.01342	0.01494	0.01589	0.02082	0.46379	0.32755	0.01161	0.01546	0.01131	0.01330	0.00824	0.01073	0.00705	0.02512	0.02023	0.00148	0.00667	0.00372	0.00232	0.00634
70	0.00862	0.00768	0.02771	0.03954	0.02420	0.00786	0.00626	0.01541	0.36243	0.01648	0.15249	0.04100	0.24011	0.00835	0.00504	0.00155	0.00323	0.02201	0.00439	0.00564
71	0.01064	0.03773	0.01616	0.04209	0.06109	0.00877	0.24736	0.02483	0.01028	0.04579	0.00890	0.01079	0.00701	0.00376	0.00418	0.00106	0.00504	0.00376	0.00267	0.44810
72	0.00661	0.00471	0.00634	0.00634	0.00681	0.00518	0.00445	0.00753	0.00707	0.00989	0.01324	0.02328	0.01375	0.38550	0.47251	0.00610	0.00887	0.00569	0.00260	0.00352
73	0.01035	0.01065	0.01579	0.01339	0.03495	0.03319	0.10823	0.01176	0.00774	0.01162	0.00653	0.01033	0.00617	0.00733	0.01331	0.00191	0.68527	0.00417	0.00206	0.00524
74	0.00561	0.00451	0.00502	0.00535	0.00652	0.00393	0.00393	0.00676	0.01011	0.01249	0.06430	0.25205	0.53782	0.01233	0.00559	0.00166	0.00251	0.05137	0.00429	0.00387
75	0.03780	0.00873	0.01269	0.06609	0.06610	0.01003	0.08830	0.07528	0.08129	0.03599	0.01385	0.19189	0.01370	0.00823	0.00770	0.00174	0.21721	0.05468	0.00326	0.00547
76	0.00659	0.00444	0.00501	0.00506	0.00511	0.00440	0.00287	0.00666	0.00687	0.00912	0.01580	0.06606	0.03847	0.78007	0.02211	0.00426	0.00431	0.00704	0.00289	0.00285
77	0.01134	0.00974	0.01124	0.01158	0.11722	0.01095	0.00798	0.05335	0.60892	0.01886	0.04189	0.01708	0.02639	0.00608	0.00465	0.00151	0.00383	0.00515	0.02516	0.00707
78	0.04043	0.01203	0.11761	0.27082	0.22587	0.01102	0.17019	0.06994	0.01075	0.01507	0.00866	0.01147	0.00663	0.00434	0.00466	0.00147	0.00619	0.00421	0.00236	0.00628
79	0.72029	0.06440	0.02184	0.00667	0.00970	0.02313	0.00568	0.05987	0.00894	0.03583	0.00694	0.00787	0.00535	0.00435	0.00303	0.00139	0.00386	0.00265	0.00292	0.00529

[dist]
# distance from previous block
# <min> <max>
1	12

[block]
# block no. 2 follows, 56 sequences, length 97
# corresponding to MSA columns:
# 709-714,717-737,748-769,782-800,803-815,817-832
name=unknown_C
#
# <colnr> <probs for GDERKNQSTAVLIFYWHMCP>
#	G	D	E	R	K	N	Q	S	T	A	V	L	I	F	Y	W	H	M	C	P
0	0.01077	0.06316	0.39280	0.03584	0.09521	0.01185	0.10617	0.09161	0.05911	0.01577	0.00905	0.01072	0.00682	0.00476	0.00526	0.00147	0.06661	0.00389	0.00245	0.00667
1	0.01119	0.51095	0.01863	0.00846	0.01115	0.05280	0.00769	0.02339	0.00918	0.01140	0.03472	0.01063	0.00818	0.02265	0.10937	0.00204	0.12503	0.00334	0.01379	0.00541
2	0.00569	0.00441	0.00503	0.00534	0.00637	0.00386	0.00381	0.00661	0.00982	0.01228	0.08223	0.28936	0.47257	0.01261	0.00630	0.05293	0.00252	0.01032	0.00417	0.00374
3	0.00594	0.00474	0.00497	0.00487	0.00642	0.00400	0.00367	0.00724	0.01082	0.03410	0.13084	0.04233	0.70174	0.01122	0.00540	0.00153	0.00235	0.00940	0.00439	0.00403
4	0.01555	0.29142	0.01664	0.01052	0.01340	0.55643	0.00854	0.01682	0.01180	0.01109	0.00686	0.00798	0.00591	0.00447	0.00375	0.00112	0.00717	0.00279	0.00223	0.00551
5	0.00655	0.00491	0.00730	0.00728	0.00812	0.00566	0.00566	0.00823	0.00771	0.01112	0.05946	0.01900	0.01337	0.03295	0.77213	0.00703	0.01170	0.00512	0.00261	0.00411
6	0.01072	0.01206	0.10932	0.13264	0.53342	0.02690	0.02533	0.01393	0.02549	0.01440	0.00912	0.01253	0.00759	0.00456	0.00477	0.00143	0.01974	0.02699	0.00231	0.00674
7	0.00679	0.00444	0.00496	0.00496	0.00503	0.00444	0.00281	0.00691	0.00685	0.00939	0.01450	0.02928	0.01640	0.78924	0.02217	0.00425	0.00431	0.00653	0.05386	0.00287
8	0.01440	0.03816	0.01213	0.01007	0.01287	0.21941	0.00793	0.22508	0.34084	0.01940	0.01319	0.01296	0.00998	0.00555	0.00441	0.00138	0.00518	0.00422	0.03608	0.00676
9	0.01156	0.00860	0.00963	0.00861	0.01074	0.00934	0.00662	0.26276	0.23574	0.04923	0.01863	0.31285	0.01789	0.00895	0.00508	0.00161	0.00374	0.00769	0.00454	0.00617
10	0.00898	0.00848	0.01202	0.01062	0.01088	0.01152	0.00873	0.01018	0.00714	0.01093	0.00794	0.01249	0.00769	0.01610	0.26118	0.00365	0.58030	0.00429	0.00215	0.00474
11	0.01227	0.84142	0.02406	0.00786	0.01178	0.01817	0.00786	0.01375	0.00933	0.01080	0.00638	0.00736	0.00589	0.00393	0.00295	0.00098	0.00491	0.00245	0.00196	0.00589
12	0.00589	0.00466	0.00519	0.00506	0.00642	0.00405	0.00379	0.00745	0.01138	0.01473	0.32743	0.03991	0.50694	0.01065	0.00537	0.00150	0.00226	0.00905	0.02419	0.00405
13	0.00626	0.00463	0.00576	0.00557	0.00664	0.00422	0.00410	0.00805	0.01197	0.01645	0.58373	0.08340	0.18041	0.05085	0.00633	0.00164	0.00234	0.00876	0.00475	0.00414
14	0.00966	0.00509	0.00525	0.00491	0.00627	0.00516	0.00377	0.07464	0.01071	0.04322	0.01475	0.01657	0.01143	0.00537	0.00337	0.00111	0.00243	0.00428	0.76733	0.00468
15	0.00570	0.00407	0.00527	0.00618	0.00647	0.00381	0.00408	0.00643	0.00864	0.01145	0.02502	0.72005	0.06001	0.10021	0.00767	0.00212	0.00284	0.01225	0.00411	0.00364
16	0.05617	0.00523	0.00600	0.00568	0.00722	0.00475	0.00427	0.00948	0.01082	0.11505	0.20818	0.10859	0.35108	0.06499	0.00642	0.00173	0.00276	0.02266	0.00444	0.00446
17	0.00866	0.00513	0.00542	0.00509	0.00659	0.00488	0.00388	0.05638	0.01086	0.06360	0.04867	0.03799	0.26929	0.02005	0.00449	0.00134	0.00252	0.00632	0.43431	0.00454
18	0.01173	0.00688	0.00730	0.00626	0.00820	0.00721	0.00496	0.23106	0.01318	0.06565	0.01405	0.01532	0.01063	0.00541	0.00368	0.00118	0.00306	0.00426	0.57450	0.00547
19	0.01462	0.01035	0.01146	0.00940	0.01225	0.01123	0.00751	0.49776	0.09605	0.08182	0.01527	0.18314	0.01337	0.00744	0.00487	0.00150	0.00433	0.00613	0.00461	0.00691
20	0.03591	0.00508	0.00629	0.00626	0.00753	0.00469	0.00464	0.00997	0.01037	0.14238	0.13515	0.31157	0.15084	0.04888	0.00613	0.00176	0.00292	0.05618	0.04891	0.00455
21	0.00622	0.00464	0.00566	0.00562	0.00666	0.00423	0.00414	0.00782	0.01133	0.01526	0.43927	0.10304	0.23298	0.08307	0.00707	0.00180	0.00256	0.05008	0.00455	0.00403
22	0.84584	0.00900	0.00696	0.00617	0.00904	0.01042	0.00508	0.03660	0.00822	0.02084	0.00653	0.00756	0.00506	0.00430	0.00289	0.00142	0.00360	0.00253	0.00289	0.00506
23	0.07232	0.00731	0.00910	0.00746	0.01019	0.00689	0.00600	0.04667	0.07268	0.43733	0.21811	0.02090	0.05132	0.00680	0.00474	0.00144	0.00340	0.00564	0.00516	0.00654
24	0.00783	0.00401	0.00591	0.00593	0.00594	0.00401	0.00392	0.00603	0.00610	0.00813	0.00881	0.03649	0.00908	0.06469	0.01795	0.79261	0.00398	0.00438	0.00210	0.00209
25	0.00656	0.00492	0.00738	0.00738	0.00820	0.00574	0.00574	0.00820	0.00738	0.01066	0.01230	0.01804	0.01148	0.03443	0.82046	0.00738	0.01230	0.00492	0.00246	0.00410
26	0.00560	0.00414	0.00525	0.00607	0.00659	0.00378	0.00413	0.00653	0.00926	0.01213	0.06306	0.66561	0.16367	0.01369	0.00577	0.00179	0.00258	0.01227	0.00430	0.00378
27	0.00621	0.00445	0.00582	0.00646	0.02358	0.00428	0.00428	0.00706	0.00891	0.01198	0.12629	0.39327	0.09652	0.14999	0.08046	0.04945	0.00383	0.00969	0.00380	0.00368
28	0.02593	0.01255	0.08151	0.02308	0.47669	0.02620	0.20919	0.06064	0.01115	0.01574	0.00884	0.01135	0.00705	0.00416	0.00472	0.00142	0.00613	0.00432	0.00241	0.00692
29	0.01136	0.01091	0.01863	0.02818	0.81002	0.01091	0.01409	0.01409	0.01045	0.01500	0.00864	0.01136	0.00727	0.00409	0.00455	0.00136	0.00545	0.00409	0.00227	0.00727
30	0.01004	0.01004	0.01406	0.01205	0.01205	0.01406	0.01004	0.01105	0.00703	0.01105	0.00603	0.01004	0.00603	0.00804	0.01507	0.00201	0.83025	0.00402	0.00201	0.00502
31	0.00797	0.00399	0.00598	0.00598	0.00598	0.00399	0.00399	0.00598	0.00598	0.00797	0.00797	0.01396	0.00797	0.01595	0.01794	0.86643	0.00399	0.00399	0.00199	0.00199
32	0.00554	0.00464	0.00481	0.00479	0.00627	0.00392	0.00359	0.00679	0.01069	0.01299	0.12152	0.05731	0.71853	0.01145	0.00543	0.00155	0.00232	0.00961	0.00434	0.00392
33	0.01911	0.00800	0.01053	0.00824	0.01160	0.00726	0.00675	0.04484	0.08085	0.68750	0.05225	0.01643	0.01287	0.00588	0.00466	0.00143	0.00384	0.00481	0.00554	0.00761
34	0.01715	0.02188	0.01301	0.01183	0.01419	0.82022	0.00887	0.01833	0.01301	0.01124	0.00710	0.00828	0.00591	0.00473	0.00414	0.00118	0.00828	0.00296	0.00237	0.00532
35	0.01715	0.02188	0.01301	0.01183	0.01419	0.82022	0.00887	0.01833	0.01301	0.01124	0.00710	0.00828	0.00591	0.00473	0.00414	0.00118	0.00828	0.00296	0.00237	0.00532
36	0.00571	0.00412	0.00543	0.00643	0.00683	0.00385	0.00443	0.00662	0.00901	0.01190	0.02649	0.73394	0.07621	0.01410	0.00587	0.00186	0.00275	0.06639	0.00426	0.00377
37	0.00657	0.00443	0.00501	0.00507	0.00515	0.00439	0.00289	0.00666	0.00694	0.00920	0.01630	0.07768	0.04705	0.75957	0.02167	0.00419	0.00427	0.00716	0.00292	0.00288
38	0.85465	0.00886	0.00682	0.00608	0.00893	0.01023	0.00501	0.01367	0.00792	0.03592	0.00662	0.00762	0.00510	0.00429	0.00288	0.00142	0.00356	0.00253	0.00290	0.00503
39	0.00554	0.00440	0.00496	0.00536	0.00637	0.00384	0.00379	0.00657	0.00981	0.01223	0.05843	0.34836	0.47200	0.02919	0.00595	0.00173	0.00249	0.01089	0.00425	0.00381
40	0.02042	0.00810	0.01083	0.00831	0.01186	0.00718	0.00686	0.06673	0.01363	0.76816	0.01770	0.01536	0.01116	0.00567	0.00462	0.00142	0.00397	0.00459	0.00562	0.00781
41	0.00668	0.00445	0.00501	0.00501	0.00501	0.00445	0.00278	0.00668	0.00668	0.00890	0.01447	0.03004	0.01669	0.83866	0.02337	0.00445	0.00445	0.00668	0.00278	0.00278
42	0.02046	0.00803	0.01079	0.00827	0.01183	0.00707	0.00683	0.05541	0.01350	0.77965	0.01781	0.01543	0.01121	0.00567	0.00462	0.00142	0.00396	0.00460	0.00564	0.00781
43	0.00593	0.00476	0.00530	0.00515	0.00654	0.00417	0.00387	0.00766	0.02486	0.01476	0.32972	0.04004	0.50956	0.01070	0.00541	0.00151	0.00229	0.00910	0.00456	0.00410
44	0.01716	0.02163	0.01303	0.01179	0.01419	0.79777	0.00887	0.03996	0.01325	0.01173	0.00721	0.00836	0.00597	0.00475	0.00415	0.00119	0.00819	0.00299	0.00243	0.00539
45	0.70730	0.00867	0.00750	0.00645	0.00943	0.00962	0.00531	0.01521	0.00884	0.17324	0.00865	0.00903	0.00620	0.00454	0.00318	0.00142	0.00362	0.00290	0.00339	0.00552
46	0.00643	0.00469	0.00605	0.00571	0.00682	0.00430	0.00428	0.00854	0.01285	0.01805	0.76246	0.03488	0.08867	0.00952	0.00542	0.00145	0.00218	0.00838	0.00501	0.00430
47	0.00921	0.02375	0.81487	0.01309	0.01987	0.01066	0.01696	0.01454	0.00969	0.01454	0.00824	0.00969	0.00582	0.00436	0.00436	0.00145	0.00678	0.00339	0.00194	0.00678
48	0.00592	0.00435	0.00606	0.00690	0.00738	0.00410	0.02263	0.00696	0.00908	0.01204	0.02526	0.70779	0.04535	0.01389	0.00590	0.00188	0.00296	0.10350	0.00421	0.00385
49	0.00565	0.00403	0.00539	0.00645	0.00674	0.00378	0.00435	0.00648	0.00884	0.01178	0.02527	0.81243	0.03025	0.01433	0.00587	0.00187	0.00271	0.03575	0.00426	0.00374
50	0.01007	0.01011	0.01442	0.01226	0.01239	0.01399	0.03186	0.01115	0.00714	0.01115	0.00612	0.01011	0.00605	0.00792	0.01480	0.00200	0.80734	0.00406	0.00202	0.00505
51	0.00562	0.00404	0.00533	0.00631	0.00665	0.00376	0.00424	0.00648	0.00900	0.01198	0.05413	0.77738	0.05988	0.01410	0.00583	0.00184	0.00263	0.01276	0.00429	0.00376
52	0.01715	0.02188	0.01301	0.01183	0.01419	0.82022	0.00887	0.01833	0.01301	0.01124	0.00710	0.00828	0.00591	0.00473	0.00414	0.00118	0.00828	0.00296	0.00237	0.00532
53	0.01662	0.02082	0.01303	0.01220	0.03956	0.74633	0.00894	0.01856	0.05970	0.01183	0.00783	0.00890	0.00644	0.00480	0.00418	0.00121	0.00791	0.00313	0.00250	0.00550
54	0.00628	0.00467	0.00578	0.00551	0.00664	0.00424	0.00409	0.00814	0.01218	0.01672	0.61310	0.03615	0.20070	0.04817	0.00625	0.00160	0.00230	0.00852	0.00478	0.00417
55	0.00751	0.00531	0.00704	0.00721	0.05483	0.00486	0.00507	0.00955	0.01237	0.06155	0.57258	0.03345	0.13983	0.00919	0.00532	0.00146	0.00258	0.03673	0.00475	0.01881
56	0.01106	0.00955	0.01004	0.00906	0.01160	0.01097	0.00704	0.02334	0.75480	0.01880	0.02034	0.01873	0.06111	0.00655	0.00472	0.00156	0.00356	0.00546	0.00465	0.00707
57	0.83920	0.00903	0.00701	0.00621	0.00908	0.01045	0.00511	0.04267	0.00833	0.02091	0.00657	0.00759	0.00508	0.00431	0.00291	0.00142	0.00361	0.00255	0.00291	0.00508
58	0.00833	0.00429	0.00441	0.00444	0.00548	0.00426	0.00331	0.01042	0.00975	0.01694	0.05206	0.05353	0.01403	0.00593	0.00343	0.00112	0.00216	0.00485	0.78702	0.00426
59	0.00543	0.00465	0.00465	0.00465	0.00620	0.00388	0.00349	0.00659	0.01046	0.01240	0.04651	0.04418	0.80815	0.01163	0.00543	0.00155	0.00233	0.00969	0.00426	0.00388
60	0.00559	0.00400	0.00533	0.00639	0.00666	0.00373	0.00426	0.00639	0.00879	0.01172	0.02530	0.83566	0.03036	0.01438	0.00586	0.00186	0.00266	0.01305	0.00426	0.00373
61	0.00559	0.00400	0.00533	0.00639	0.00666	0.00373	0.00426	0.00639	0.00879	0.01172	0.02530	0.83566	0.03036	0.01438	0.00586	0.00186	0.00266	0.01305	0.00426	0.00373
62	0.09989	0.00651	0.00649	0.00576	0.00752	0.00694	0.00451	0.17065	0.01181	0.01970	0.01327	0.01517	0.01037	0.02430	0.00391	0.00125	0.00293	0.00412	0.57989	0.00504
63	0.87108	0.00888	0.00675	0.00604	0.00888	0.01030	0.00497	0.01350	0.00781	0.02060	0.00639	0.00746	0.00497	0.00426	0.00284	0.00142	0.00355	0.00249	0.00284	0.00497
64	0.00559	0.00400	0.00533	0.00639	0.00666	0.00373	0.00426	0.00639	0.00879	0.01172	0.02530	0.83566	0.03036	0.01438	0.00586	0.00186	0.00266	0.01305	0.00426	0.00373
65	0.00649	0.00437	0.00506	0.00525	0.00529	0.00433	0.00304	0.00663	0.00704	0.00939	0.01635	0.16989	0.01906	0.69557	0.02033	0.00400	0.00414	0.00778	0.00304	0.00295
66	0.00669	0.00456	0.00554	0.00557	0.00622	0.00428	0.00374	0.00768	0.00960	0.03655	0.26150	0.19064	0.10948	0.31373	0.01204	0.00264	0.00317	0.00868	0.00400	0.00370
67	0.00656	0.00492	0.00738	0.00738	0.00820	0.00574	0.00574	0.00820	0.00738	0.01066	0.01230	0.01804	0.01148	0.03443	0.82046	0.00738	0.01230	0.00492	0.00246	0.00410
68	0.01227	0.84142	0.02406	0.00786	0.01178	0.01817	0.00786	0.01375	0.00933	0.01080	0.00638	0.00736	0.00589	0.00393	0.00295	0.00098	0.00491	0.00245	0.00196	0.00589
69	0.00814	0.00520	0.00580	0.00534	0.00721	0.00441	0.00412	0.00948	0.01112	0.15186	0.09793	0.03849	0.61321	0.01043	0.00528	0.00152	0.00259	0.00871	0.00457	0.00459
70	0.00668	0.00445	0.00501	0.00501	0.00501	0.00445	0.00278	0.00668	0.00668	0.00890	0.01447	0.03004	0.01669	0.83866	0.02337	0.00445	0.00445	0.00668	0.00278	0.00278
71	0.00797	0.00399	0.00598	0.00598	0.00598	0.00399	0.00399	0.00598	0.00598	0.00797	0.00797	0.01396	0.00797	0.01595	0.01794	0.86643	0.00399	0.00399	0.00199	0.00199
72	0.00650	0.00469	0.00614	0.00578	0.00686	0.00433	0.00433	0.00866	0.01300	0.01841	0.80760	0.03429	0.04332	0.00939	0.00541	0.00144	0.00217	0.00830	0.00505	0.00433
73	0.00668	0.00445	0.00501	0.00501	0.00501	0.00445	0.00278	0.00668	0.00668	0.00890	0.01447	0.03004	0.01669	0.83866	0.02337	0.00445	0.00445	0.00668	0.00278	0.00278
74	0.87108	0.00888	0.00675	0.00604	0.00888	0.01030	0.00497	0.01350	0.00781	0.02060	0.00639	0.00746	0.00497	0.00426	0.00284	0.00142	0.00355	0.00249	0.00284	0.00497
75	0.01142	0.00986	0.01038	0.00934	0.01194	0.01142	0.00727	0.02440	0.80172	0.01920	0.01869	0.01713	0.01401	0.00623	0.00467	0.00156	0.00363	0.00519	0.00467	0.00727
76	0.01538	0.29352	0.01660	0.01044	0.01333	0.53203	0.00849	0.01698	0.03327	0.01131	0.00718	0.00822	0.00613	0.00451	0.00376	0.00113	0.00703	0.00285	0.00230	0.00556
77	0.00650	0.00469	0.00614	0.00578	0.00686	0.00433	0.00433	0.00866	0.01300	0.01841	0.80760	0.03429	0.04332	0.00939	0.00541	0.00144	0.00217	0.00830	0.00505	0.00433
78	0.00740	0.00528	0.00740	0.00845	0.00951	0.00528	0.00740	0.00951	0.01057	0.01374	0.02431	0.05179	0.02642	0.01268	0.00634	0.00211	0.00423	0.77912	0.00423	0.00423
79	0.00648	0.00469	0.00611	0.00575	0.00685	0.00432	0.00432	0.00862	0.01295	0.01829	0.79283	0.03449	0.05816	0.00943	0.00541	0.00145	0.00217	0.00833	0.00504	0.00432
80	0.01132	0.00975	0.01027	0.00925	0.01179	0.01127	0.00717	0.02402	0.78479	0.01899	0.01860	0.01740	0.01407	0.02396	0.00507	0.00162	0.00365	0.00522	0.00463	0.00717
81	0.00650	0.00469	0.00614	0.00578	0.00686	0.00433	0.00433	0.00866	0.01300	0.01841	0.80760	0.03429	0.04332	0.00939	0.00541	0.00144	0.00217	0.00830	0.00505	0.00433
82	0.02060	0.00781	0.01065	0.00817	0.01172	0.00675	0.00675	0.02237	0.01314	0.81320	0.01811	0.01563	0.01136	0.00568	0.00462	0.00142	0.00391	0.00462	0.00568	0.00781
83	0.01107	0.01066	0.01764	0.11627	0.68306	0.02750	0.01363	0.01378	0.01037	0.01452	0.00901	0.01259	0.00768	0.00441	0.00459	0.00140	0.00555	0.02703	0.00231	0.00690
84	0.01751	0.01300	0.01369	0.01055	0.01418	0.03604	0.00869	0.75749	0.02118	0.04477	0.01106	0.01104	0.00783	0.00549	0.00458	0.00137	0.00512	0.00411	0.00455	0.00774
85	0.00668	0.00445	0.00501	0.00501	0.00501	0.00445	0.00278	0.00668	0.00668	0.00890	0.01447	0.03004	0.01669	0.83866	0.02337	0.00445	0.00445	0.00668	0.00278	0.00278
86	0.00977	0.09444	0.71648	0.01259	0.01896	0.04155	0.01587	0.01461	0.00979	0.01409	0.00804	0.00944	0.00583	0.00434	0.00423	0.00140	0.00668	0.00330	0.00196	0.00665
87	0.01810	0.00736	0.00992	0.00779	0.01092	0.00646	0.00636	0.03316	0.01326	0.66186	0.15504	0.01879	0.01685	0.00632	0.00475	0.00142	0.00362	0.00525	0.00555	0.00721
88	0.00952	0.00816	0.00952	0.00680	0.01088	0.00612	0.00544	0.01156	0.00952	0.01496	0.00816	0.00952	0.00680	0.00340	0.00340	0.00068	0.00340	0.00272	0.00272	0.86672
89	0.00547	0.00466	0.00471	0.00473	0.00627	0.00390	0.00357	0.00665	0.01047	0.01243	0.04605	0.04434	0.79208	0.01165	0.00544	0.00156	0.00236	0.02551	0.00426	0.00388
90	0.01136	0.01091	0.01863	0.02818	0.81002	0.01091	0.01409	0.01409	0.01045	0.01500	0.00864	0.01136	0.00727	0.00409	0.00455	0.00136	0.00545	0.00409	0.00227	0.00727
91	0.00575	0.00418	0.00547	0.00636	0.00681	0.00383	0.00429	0.00660	0.00887	0.01187	0.02525	0.77925	0.05242	0.01386	0.00575	0.00181	0.00268	0.01254	0.00420	0.03821
92	0.00670	0.00492	0.00631	0.00598	0.00713	0.00463	0.00452	0.00928	0.04438	0.01818	0.73762	0.03432	0.05697	0.00940	0.00541	0.00147	0.00229	0.03105	0.00500	0.00444
93	0.00723	0.00459	0.00523	0.00513	0.00528	0.00454	0.00294	0.00730	0.00693	0.04103	0.01461	0.02947	0.01648	0.80538	0.02262	0.00433	0.00443	0.00659	0.00290	0.00298
94	0.04394	0.00819	0.00941	0.00677	0.01080	0.00629	0.00542	0.01164	0.00945	0.01519	0.00809	0.00944	0.00673	0.00343	0.00338	0.00071	0.00341	0.00271	0.00272	0.83229
95	0.01084	0.01238	0.02709	0.01935	0.02399	0.01161	0.79334	0.01471	0.01084	0.01471	0.00929	0.01238	0.00697	0.00387	0.00542	0.00155	0.00774	0.00542	0.00232	0.00619
96	0.04658	0.80816	0.02337	0.00778	0.01167	0.01785	0.00774	0.01374	0.00927	0.01119	0.00638	0.00737	0.00585	0.00394	0.00294	0.00100	0.00486	0.00246	0.00200	0.00585

[dist]
# distance from previous block
# <min> <max>
0	1

[block]
# block no. 3 follows, 56 sequences, length 6
# corresponding to MSA columns:
# 836-841
name=unknown_D
#
# <colnr> <probs for GDERKNQSTAVLIFYWHMCP>
#	G	D	E	R	K	N	Q	S	T	A	V	L	I	F	Y	W	H	M	C	P
0	0.00612	0.00415	0.00549	0.00621	0.00659	0.00390	0.00425	0.00657	0.00860	0.01137	0.04957	0.54954	0.08498	0.04879	0.00848	0.13878	0.00298	0.04630	0.00387	0.00347
1	0.00593	0.00455	0.00557	0.00606	0.00700	0.00402	0.00430	0.00699	0.00938	0.01224	0.02958	0.52488	0.23494	0.01273	0.00558	0.00170	0.00271	0.04833	0.00414	0.06936
2	0.01098	0.04699	0.36799	0.01109	0.01572	0.00974	0.07712	0.01632	0.13977	0.12543	0.08150	0.01564	0.05019	0.00557	0.00462	0.00146	0.00527	0.00471	0.00331	0.00657
3	0.01444	0.01700	0.01531	0.05047	0.17065	0.47277	0.08636	0.03840	0.01205	0.01284	0.00833	0.03675	0.00715	0.00496	0.00479	0.00132	0.03430	0.00387	0.00244	0.00579
4	0.77589	0.01033	0.00745	0.00668	0.00947	0.10058	0.00541	0.01403	0.00839	0.01955	0.00647	0.00755	0.00508	0.00431	0.00299	0.00139	0.00408	0.00254	0.00279	0.00501
5	0.00579	0.00417	0.00534	0.00619	0.00659	0.00390	0.00419	0.00660	0.00881	0.01158	0.02601	0.63635	0.09928	0.10309	0.00774	0.00213	0.00291	0.05158	0.00410	0.00367

[dist]
# distance from previous block
# <min> <max>
0	1

[block]
# block no. 4 follows, 56 sequences, length 9
# corresponding to MSA columns:
# 843-851
name=unknown_E
#
# <colnr> <probs for GDERKNQSTAVLIFYWHMCP>
#	G	D	E	R	K	N	Q	S	T	A	V	L	I	F	Y	W	H	M	C	P
0	0.13939	0.01180	0.01080	0.00988	0.05209	0.18514	0.00726	0.15514	0.07654	0.10844	0.02826	0.01411	0.00981	0.12368	0.00743	0.00183	0.04480	0.00422	0.00350	0.00586
1	0.31076	0.00818	0.00932	0.00744	0.01075	0.00796	0.00614	0.01934	0.01132	0.54278	0.01411	0.01284	0.00918	0.00520	0.00401	0.00142	0.00379	0.00389	0.00471	0.00684
2	0.06609	0.04090	0.03074	0.01096	0.07546	0.17446	0.00824	0.30732	0.08263	0.01964	0.01524	0.01536	0.12128	0.00602	0.00446	0.00137	0.00517	0.00460	0.00367	0.00640
3	0.01715	0.01896	0.01315	0.01268	0.08050	0.63692	0.00901	0.01855	0.01281	0.12543	0.00879	0.00958	0.00680	0.00481	0.00424	0.00123	0.00742	0.00329	0.00283	0.00584
4	0.00662	0.00445	0.00515	0.00519	0.00525	0.00448	0.00300	0.00674	0.00681	0.00912	0.01485	0.06645	0.01705	0.75879	0.06416	0.00448	0.00478	0.00688	0.00283	0.00289
5	0.02060	0.00781	0.01065	0.00817	0.01172	0.00675	0.00675	0.02237	0.01314	0.81320	0.01811	0.01563	0.01136	0.00568	0.00462	0.00142	0.00391	0.00462	0.00568	0.00781
6	0.00714	0.00514	0.00703	0.00778	0.00886	0.00504	0.00664	0.00922	0.01101	0.01454	0.17035	0.04819	0.06678	0.01202	0.00613	0.00196	0.00376	0.59979	0.00438	0.00423
7	0.00723	0.00654	0.00642	0.00716	0.00773	0.11967	0.00492	0.00809	0.00939	0.01165	0.02272	0.71817	0.02689	0.01301	0.00562	0.00177	0.00346	0.01162	0.00399	0.00396
8	0.87108	0.00888	0.00675	0.00604	0.00888	0.01030	0.00497	0.01350	0.00781	0.02060	0.00639	0.00746	0.00497	0.00426	0.00284	0.00142	0.00355	0.00249	0.00284	0.00497

[dist]
# distance from previous block
# <min> <max>
0	10

[block]
# block no. 5 follows, 56 sequences, length 12
# corresponding to MSA columns:
# 862-873
name=unknown_F
#
# <colnr> <probs for GDERKNQSTAVLIFYWHMCP>
#	G	D	E	R	K	N	Q	S	T	A	V	L	I	F	Y	W	H	M	C	P
0	0.00711	0.00552	0.00664	0.00716	0.00803	0.00573	0.00504	0.01107	0.21476	0.01366	0.02358	0.62304	0.02612	0.01226	0.00555	0.00178	0.00292	0.01101	0.00437	0.00465
1	0.87108	0.00888	0.00675	0.00604	0.00888	0.01030	0.00497	0.01350	0.00781	0.02060	0.00639	0.00746	0.00497	0.00426	0.00284	0.00142	0.00355	0.00249	0.00284	0.00497
