[name]
unknown

[dist]
# distance from previous block
# <min> <max>
0	155

[block]
# block no. 0 follows, 51 sequences, length 6
# corresponding to MSA columns:
# 439-444
name=unknown_A
#
# <colnr> <probs for GDERKNQSTAVLIFYWHMCP>
#	G	D	E	R	K	N	Q	S	T	A	V	L	I	F	Y	W	H	M	C	P
0	0.03085	0.33149	0.03483	0.03534	0.02903	0.14202	0.00885	0.07399	0.01195	0.08351	0.04368	0.01326	0.00989	0.00716	0.04407	0.00168	0.05571	0.03339	0.00303	0.00626
1	0.04331	0.05127	0.25324	0.03238	0.17925	0.02567	0.07857	0.04500	0.06245	0.04587	0.03082	0.01372	0.03344	0.00542	0.00540	0.00154	0.05208	0.00451	0.02915	0.00690
2	0.00768	0.00501	0.00633	0.00644	0.00758	0.00451	0.00466	0.00915	0.01155	0.08517	0.26481	0.35897	0.18490	0.01235	0.00592	0.00175	0.00274	0.01091	0.00496	0.00461
3	0.00746	0.00557	0.00789	0.00772	0.00843	0.00654	0.00589	0.00894	0.00791	0.01160	0.01315	0.02040	0.01264	0.14406	0.58764	0.00660	0.07319	0.00541	0.05468	0.00428
4	0.00606	0.00450	0.00565	0.00640	0.00705	0.00409	0.00440	0.00715	0.01026	0.01347	0.11492	0.58371	0.18594	0.01423	0.00613	0.00188	0.00272	0.01270	0.00465	0.00409
5	0.04363	0.01925	0.44364	0.03855	0.11794	0.05413	0.04384	0.05348	0.01169	0.07658	0.04427	0.01234	0.00878	0.00504	0.00475	0.00153	0.00651	0.00414	0.00279	0.00712

[dist]
# distance from previous block
# <min> <max>
5	20

[block]
# block no. 1 follows, 51 sequences, length 20
# corresponding to MSA columns:
# 466-485
name=unknown_B
#
# <colnr> <probs for GDERKNQSTAVLIFYWHMCP>
#	G	D	E	R	K	N	Q	S	T	A	V	L	I	F	Y	W	H	M	C	P
0	0.15035	0.13347	0.09108	0.03296	0.03370	0.14743	0.04532	0.03867	0.15007	0.07998	0.01125	0.02555	0.00878	0.00541	0.00461	0.00147	0.02596	0.00406	0.00331	0.00659
1	0.01040	0.01122	0.10122	0.03749	0.07310	0.05260	0.11428	0.04236	0.10637	0.03726	0.07374	0.11569	0.09645	0.02083	0.03334	0.00193	0.02679	0.03527	0.00367	0.00600
2	0.00791	0.00538	0.00623	0.00615	0.00741	0.00518	0.00457	0.03753	0.02721	0.03429	0.14642	0.12911	0.22481	0.08563	0.05451	0.00226	0.00358	0.04563	0.16166	0.00454
3	0.04251	0.05063	0.01240	0.01273	0.15514	0.03310	0.03316	0.09318	0.01104	0.02905	0.02611	0.17416	0.02476	0.10655	0.09672	0.00271	0.06399	0.02310	0.00337	0.00559
4	0.01052	0.00652	0.00794	0.00724	0.00909	0.00633	0.00553	0.04483	0.11168	0.15412	0.29777	0.15780	0.11239	0.00974	0.00551	0.00163	0.00307	0.00843	0.03419	0.00568
5	0.05523	0.08089	0.01281	0.00873	0.01279	0.03553	0.00719	0.23114	0.03703	0.02019	0.00965	0.01054	0.00761	0.00451	0.00400	0.00105	0.00446	0.00339	0.00347	0.44980
6	0.00610	0.00468	0.00559	0.00602	0.00698	0.00417	0.00426	0.00737	0.01092	0.01414	0.17731	0.38516	0.32304	0.01329	0.00601	0.00179	0.00262	0.01167	0.00472	0.00417
7	0.01062	0.02328	0.67619	0.01456	0.06613	0.01154	0.01697	0.06856	0.01130	0.01668	0.00905	0.01057	0.00650	0.00470	0.00467	0.00152	0.00694	0.00371	0.00232	0.03420
8	0.01506	0.01196	0.01271	0.01057	0.01386	0.01355	0.00846	0.35697	0.45229	0.02513	0.01640	0.01547	0.01209	0.00633	0.00496	0.00158	0.00456	0.00506	0.00496	0.00803
9	0.00741	0.00506	0.00614	0.00636	0.00706	0.00493	0.00431	0.03418	0.00958	0.03510	0.04316	0.32677	0.12347	0.25998	0.07586	0.00319	0.00430	0.00977	0.02934	0.00405
10	0.00647	0.00572	0.03509	0.00615	0.00768	0.00465	0.00491	0.00823	0.01182	0.01535	0.27235	0.12632	0.40339	0.01182	0.00588	0.00170	0.00279	0.06054	0.00473	0.00442
11	0.01348	0.00850	0.00982	0.00839	0.01104	0.00878	0.00663	0.09710	0.26807	0.20651	0.17662	0.02347	0.08726	0.00758	0.00514	0.00156	0.00361	0.00633	0.04319	0.00689
12	0.00629	0.00451	0.00609	0.00691	0.00728	0.00447	0.00472	0.00724	0.00892	0.01206	0.02338	0.59909	0.02733	0.09297	0.16067	0.00337	0.00499	0.01169	0.00405	0.00398
13	0.00879	0.00705	0.00718	0.00696	0.00782	0.08197	0.00488	0.02824	0.03447	0.01260	0.03662	0.04504	0.03401	0.34032	0.21875	0.00440	0.00683	0.00617	0.10373	0.00417
14	0.00882	0.00663	0.00756	0.00725	0.00903	0.00664	0.00557	0.02662	0.20063	0.05769	0.16264	0.13687	0.26837	0.01065	0.00568	0.00172	0.00314	0.06420	0.00490	0.00542
15	0.00743	0.00529	0.00715	0.00720	0.00812	0.00556	0.00541	0.00885	0.00926	0.04200	0.07231	0.14439	0.12101	0.10991	0.35882	0.00480	0.02824	0.04631	0.00360	0.00435
16	0.01163	0.03402	0.01669	0.14764	0.43140	0.03808	0.02443	0.03026	0.03195	0.03648	0.05949	0.03588	0.02356	0.00555	0.00526	0.00152	0.03118	0.00498	0.02319	0.00681
17	0.00759	0.00589	0.00822	0.00851	0.03805	0.00662	0.00610	0.02912	0.00867	0.01211	0.01666	0.11977	0.05993	0.13950	0.45013	0.00559	0.06330	0.00676	0.00305	0.00443
18	0.00918	0.00524	0.00594	0.00595	0.00714	0.00514	0.00437	0.05584	0.01112	0.05472	0.04892	0.27039	0.04010	0.00910	0.00463	0.00148	0.00275	0.00782	0.44540	0.00479
19	0.06242	0.17795	0.14619	0.02927	0.17682	0.13246	0.04277	0.09594	0.01238	0.02642	0.02731	0.01090	0.00786	0.00480	0.00436	0.00137	0.00620	0.00377	0.00275	0.02807

[dist]
# distance from previous block
# <min> <max>
1	4

[block]
# block no. 2 follows, 51 sequences, length 6
# corresponding to MSA columns:
# 490,493-497
name=unknown_C
#
# <colnr> <probs for GDERKNQSTAVLIFYWHMCP>
#	G	D	E	R	K	N	Q	S	T	A	V	L	I	F	Y	W	H	M	C	P
0	0.04245	0.17547	0.09117	0.03833	0.06031	0.10442	0.00928	0.06475	0.04991	0.05223	0.01039	0.02576	0.00854	0.00720	0.05370	0.00174	0.05322	0.00393	0.05912	0.08810
1	0.01039	0.06354	0.01138	0.00946	0.03856	0.09108	0.04288	0.08023	0.05630	0.01651	0.16392	0.09728	0.16805	0.00861	0.00569	0.00153	0.04023	0.02370	0.00400	0.06664
2	0.03057	0.05338	0.08749	0.04058	0.06993	0.10165	0.05804	0.10847	0.01330	0.01749	0.20163	0.07474	0.10722	0.00766	0.00516	0.00153	0.00496	0.00652	0.00380	0.00586
3	0.00861	0.05348	0.01109	0.06336	0.09547	0.00765	0.05416	0.05420	0.01145	0.01505	0.09375	0.15878	0.24808	0.01112	0.05420	0.00198	0.00454	0.00811	0.00382	0.04110
4	0.00940	0.00849	0.00982	0.05616	0.10442	0.08861	0.00741	0.04494	0.04092	0.01429	0.04146	0.31185	0.08888	0.04446	0.02998	0.00203	0.04297	0.02384	0.02493	0.00513
5	0.00811	0.00648	0.00868	0.05816	0.10380	0.00670	0.00639	0.01091	0.10189	0.01387	0.10053	0.20404	0.06878	0.22164	0.05574	0.00285	0.00455	0.00825	0.00379	0.00482

[dist]
# distance from previous block
# <min> <max>
29	40

[block]
# block no. 3 follows, 51 sequences, length 8
# corresponding to MSA columns:
# 543-550
name=unknown_D
#
# <colnr> <probs for GDERKNQSTAVLIFYWHMCP>
#	G	D	E	R	K	N	Q	S	T	A	V	L	I	F	Y	W	H	M	C	P
0	0.01294	0.13245	0.01311	0.00913	0.01176	0.03612	0.03140	0.25418	0.03233	0.05446	0.01584	0.08146	0.05004	0.09096	0.06970	0.00232	0.00551	0.04755	0.04260	0.00613
1	0.00923	0.00472	0.00507	0.00510	0.00620	0.00463	0.00374	0.01122	0.01023	0.05205	0.01764	0.12690	0.01546	0.03984	0.00474	0.00142	0.00255	0.00596	0.66870	0.00461
2	0.01093	0.04396	0.21224	0.11361	0.08164	0.06205	0.07861	0.04575	0.05550	0.03338	0.09295	0.04515	0.04581	0.00687	0.02131	0.00170	0.03377	0.00533	0.00311	0.00635
3	0.00661	0.00446	0.00612	0.00684	0.00715	0.00441	0.00466	0.00709	0.00857	0.01156	0.02136	0.52656	0.02479	0.06971	0.13099	0.13616	0.00475	0.01071	0.00379	0.00370
4	0.01019	0.00873	0.01019	0.00728	0.01165	0.00655	0.00582	0.01237	0.01019	0.01601	0.00873	0.01019	0.00728	0.00364	0.00364	0.00073	0.00364	0.00291	0.00291	0.85734
5	0.01049	0.00879	0.00818	0.00742	0.00925	0.14274	0.00565	0.04302	0.01362	0.08335	0.38395	0.03087	0.18914	0.00905	0.00538	0.00150	0.00376	0.00757	0.03110	0.00518
6	0.00716	0.00506	0.00633	0.00634	0.00749	0.00474	0.00468	0.00869	0.01108	0.04783	0.24569	0.17039	0.24409	0.06658	0.11468	0.00273	0.00421	0.03331	0.00450	0.00441
7	0.00908	0.00797	0.07153	0.00861	0.04893	0.03324	0.00672	0.01125	0.02777	0.08878	0.17433	0.15352	0.19310	0.06360	0.00693	0.00190	0.00381	0.07939	0.00439	0.00514

[dist]
# distance from previous block
# <min> <max>
1	5

[block]
# block no. 4 follows, 51 sequences, length 19
# corresponding to MSA columns:
# 558-576
name=unknown_E
#
# <colnr> <probs for GDERKNQSTAVLIFYWHMCP>
#	G	D	E	R	K	N	Q	S	T	A	V	L	I	F	Y	W	H	M	C	P
0	0.29867	0.06753	0.16351	0.01358	0.16188	0.06740	0.02502	0.04680	0.01066	0.03440	0.00996	0.01137	0.03800	0.00506	0.00443	0.00149	0.02725	0.00374	0.00281	0.00642
1	0.01401	0.25973	0.01750	0.04937	0.08319	0.20033	0.02536	0.06247	0.11582	0.03486	0.01110	0.01294	0.02073	0.00647	0.03165	0.00159	0.02029	0.02312	0.00302	0.00647
2	0.01321	0.01087	0.01160	0.01049	0.03934	0.05143	0.00802	0.26034	0.28185	0.02178	0.06872	0.04793	0.04890	0.00926	0.05529	0.00200	0.00510	0.04230	0.00458	0.00699
3	0.00770	0.00489	0.00556	0.00548	0.00662	0.00469	0.00402	0.00940	0.01058	0.02894	0.15359	0.05033	0.20751	0.10078	0.08559	0.00242	0.00372	0.00728	0.29654	0.00434
4	0.00690	0.00511	0.00597	0.00582	0.00727	0.00450	0.00441	0.00862	0.01231	0.04216	0.34472	0.07322	0.40885	0.01143	0.00583	0.00165	0.00257	0.03921	0.00495	0.00449
5	0.04532	0.00928	0.01161	0.00912	0.01278	0.00888	0.00747	0.10741	0.11681	0.58939	0.01826	0.01614	0.01192	0.00609	0.00489	0.00153	0.00427	0.00490	0.00572	0.00820
6	0.86201	0.00950	0.00722	0.00646	0.00950	0.01102	0.00532	0.01445	0.00836	0.02205	0.00684	0.00798	0.00532	0.00456	0.00304	0.00152	0.00380	0.00266	0.00304	0.00532
7	0.00691	0.00477	0.00628	0.00720	0.00777	0.00456	0.00504	0.00844	0.04182	0.03834	0.02646	0.70652	0.03081	0.01460	0.00622	0.00199	0.00306	0.07026	0.00463	0.00433
8	0.00957	0.00498	0.00502	0.00487	0.00614	0.00504	0.00369	0.04459	0.01086	0.01887	0.01585	0.01804	0.01241	0.00573	0.00350	0.00116	0.00242	0.00457	0.81795	0.00474
9	0.11217	0.00941	0.01126	0.00887	0.01247	0.00918	0.00728	0.14690	0.06556	0.51077	0.01783	0.01610	0.03739	0.00614	0.00476	0.00153	0.00427	0.00483	0.00544	0.00785
10	0.00778	0.00551	0.00680	0.00635	0.00775	0.00524	0.00480	0.01088	0.07294	0.03946	0.60883	0.03466	0.10430	0.00965	0.00558	0.00154	0.00250	0.00842	0.05207	0.00493
11	0.01109	0.00571	0.00714	0.00692	0.00841	0.00539	0.00511	0.02982	0.03194	0.20375	0.02193	0.38823	0.02161	0.01029	0.00518	0.00165	0.00311	0.00901	0.21833	0.00539
12	0.00928	0.00873	0.01474	0.81548	0.03385	0.01092	0.01365	0.01256	0.00983	0.01256	0.00873	0.01310	0.00655	0.00491	0.00491	0.00164	0.00655	0.00437	0.00218	0.00546
13	0.01087	0.01375	0.14946	0.04851	0.02105	0.01197	0.39433	0.01436	0.01034	0.03230	0.01001	0.03979	0.00823	0.00726	0.05014	0.00207	0.16145	0.00533	0.00250	0.00628
14	0.00594	0.00477	0.00531	0.00564	0.00684	0.00413	0.00405	0.00715	0.01084	0.01351	0.09555	0.28508	0.50759	0.01318	0.00595	0.00175	0.00259	0.01137	0.00462	0.00413
15	0.00761	0.00523	0.00597	0.00575	0.00720	0.00481	0.00432	0.00991	0.04307	0.04402	0.30008	0.07384	0.30666	0.01016	0.00536	0.00154	0.00253	0.00867	0.14859	0.00468
16	0.03998	0.01070	0.01771	0.06894	0.56848	0.01068	0.03893	0.01541	0.01130	0.10129	0.01216	0.03588	0.03617	0.00517	0.00492	0.00151	0.00552	0.00490	0.00297	0.00737
17	0.01167	0.06685	0.06741	0.10989	0.06288	0.10790	0.04014	0.08177	0.08653	0.02867	0.01412	0.10025	0.03530	0.08011	0.02006	0.00198	0.05364	0.02166	0.00326	0.00593
18	0.01242	0.01065	0.04825	0.13744	0.02925	0.01090	0.10769	0.19345	0.05035	0.07019	0.09869	0.01927	0.06363	0.00685	0.00615	0.00164	0.07337	0.03159	0.02177	0.00647

[dist]
# distance from previous block
# <min> <max>
2	12

[block]
# block no. 5 follows, 51 sequences, length 37
# corresponding to MSA columns:
# 589-625
name=unknown_F
#
# <colnr> <probs for GDERKNQSTAVLIFYWHMCP>
#	G	D	E	R	K	N	Q	S	T	A	V	L	I	F	Y	W	H	M	C	P
0	0.01114	0.02817	0.11174	0.03793	0.04214	0.05550	0.00823	0.12590	0.01260	0.04893	0.10002	0.09753	0.02953	0.02547	0.06677	0.00204	0.02234	0.00591	0.16232	0.00580
1	0.01115	0.02774	0.13039	0.25720	0.16274	0.03829	0.08950	0.03466	0.02273	0.05062	0.01138	0.06414	0.02107	0.00617	0.01661	0.00169	0.03970	0.00509	0.00274	0.00640
2	0.16477	0.01201	0.05070	0.01692	0.28315	0.05061	0.03325	0.12870	0.04977	0.04449	0.01018	0.01252	0.00818	0.00649	0.02140	0.05199	0.02929	0.01566	0.00315	0.00677
3	0.00599	0.00428	0.00570	0.00684	0.00713	0.00399	0.00456	0.00684	0.00941	0.01254	0.02709	0.82409	0.03250	0.01540	0.00627	0.00200	0.00285	0.01397	0.00456	0.00399
4	0.00599	0.00428	0.00570	0.00684	0.00713	0.00399	0.00456	0.00684	0.00941	0.01254	0.02709	0.82409	0.03250	0.01540	0.00627	0.00200	0.00285	0.01397	0.00456	0.00399
5	0.80527	0.00964	0.00764	0.00672	0.00982	0.01109	0.00553	0.04531	0.00911	0.04374	0.00738	0.00838	0.00563	0.00466	0.00317	0.00152	0.00388	0.00279	0.00320	0.00553
6	0.00715	0.00476	0.00536	0.00536	0.00536	0.00476	0.00298	0.00715	0.00715	0.00953	0.01548	0.03216	0.01787	0.82729	0.02501	0.00476	0.00476	0.00715	0.00298	0.00298
7	0.01077	0.01025	0.01743	0.40960	0.42809	0.01131	0.01439	0.01386	0.01053	0.01436	0.00900	0.01262	0.00719	0.00464	0.00489	0.00155	0.00618	0.00437	0.00231	0.00666
8	0.13556	0.11229	0.29492	0.03584	0.10721	0.03719	0.06857	0.03115	0.03302	0.01596	0.00911	0.01160	0.00733	0.04271	0.01992	0.00175	0.02291	0.00390	0.00251	0.00654
9	0.18877	0.01222	0.01271	0.01003	0.01368	0.06703	0.02746	0.36678	0.01697	0.21842	0.01235	0.01209	0.00853	0.00557	0.00453	0.00149	0.00509	0.00415	0.00460	0.00752
10	0.01032	0.00607	0.00627	0.00584	0.00741	0.00640	0.00449	0.08412	0.09288	0.01959	0.01600	0.01774	0.01245	0.00646	0.01970	0.00136	0.00296	0.00468	0.67000	0.00526
11	0.00610	0.00436	0.00583	0.00697	0.00731	0.00409	0.00476	0.00704	0.00952	0.01267	0.02702	0.77885	0.03225	0.01529	0.00630	0.00201	0.00295	0.05808	0.00456	0.00402
12	0.00961	0.00753	0.01180	0.01104	0.04774	0.00740	0.13289	0.04926	0.06305	0.06205	0.09758	0.28717	0.02395	0.01112	0.02449	0.00198	0.00462	0.13695	0.00429	0.00548
13	0.02069	0.00822	0.01107	0.00862	0.01221	0.00723	0.00707	0.02305	0.04179	0.72015	0.07098	0.01811	0.01454	0.00637	0.00500	0.00153	0.00405	0.00523	0.00600	0.00809
14	0.01026	0.00693	0.00756	0.00621	0.00880	0.00627	0.00486	0.06091	0.03904	0.01834	0.01317	0.01486	0.01042	0.00499	0.00366	0.00103	0.00305	0.00398	0.45134	0.32431
15	0.01947	0.01351	0.01342	0.01066	0.01428	0.14217	0.00863	0.38750	0.04623	0.27278	0.01383	0.01313	0.00948	0.00585	0.00485	0.00146	0.00553	0.00442	0.00490	0.00790
16	0.01006	0.06205	0.74976	0.01367	0.02070	0.01180	0.01749	0.01574	0.02653	0.01548	0.00896	0.01043	0.00641	0.00469	0.00461	0.00154	0.00710	0.00363	0.00214	0.00723
17	0.01652	0.00956	0.01135	0.00909	0.01222	0.00970	0.00736	0.27851	0.07462	0.29115	0.20412	0.02000	0.01935	0.00702	0.00514	0.00152	0.00413	0.00576	0.00544	0.00742
18	0.01825	0.01335	0.01429	0.01100	0.01481	0.01475	0.00907	0.74528	0.02252	0.03040	0.01199	0.01210	0.00855	0.00589	0.00485	0.00146	0.00527	0.00443	0.04357	0.00819
19	0.00752	0.00549	0.00644	0.00628	0.00780	0.00496	0.00471	0.02425	0.03507	0.05125	0.22886	0.18354	0.34062	0.01157	0.00578	0.00168	0.00279	0.03703	0.00482	0.02954
20	0.00854	0.00427	0.00640	0.00640	0.00640	0.00427	0.00427	0.00640	0.00640	0.00854	0.00854	0.01494	0.00854	0.01707	0.01921	0.85702	0.00427	0.00427	0.00213	0.00213
21	0.01222	0.01056	0.01111	0.01000	0.01278	0.01222	0.00778	0.02611	0.78776	0.02056	0.02000	0.01833	0.01500	0.00667	0.00500	0.00167	0.00389	0.00556	0.00500	0.00778
22	0.01104	0.01061	0.01828	0.32974	0.47769	0.01141	0.04191	0.01414	0.01068	0.01471	0.00907	0.01256	0.00730	0.00457	0.00492	0.00153	0.00620	0.00443	0.00234	0.00685
23	0.00705	0.00475	0.00549	0.00557	0.00563	0.00476	0.00322	0.00719	0.00735	0.00983	0.01627	0.09179	0.01876	0.73439	0.05454	0.00468	0.00495	0.00759	0.00308	0.00311
24	0.05935	0.00487	0.00474	0.00469	0.00595	0.00496	0.00355	0.01163	0.01019	0.01854	0.01549	0.01771	0.01217	0.00566	0.00341	0.00117	0.00238	0.00447	0.80446	0.00462
25	0.00986	0.02542	0.80183	0.01401	0.02127	0.01141	0.01816	0.01556	0.01038	0.01556	0.00882	0.01038	0.00623	0.00467	0.00467	0.00156	0.00726	0.00363	0.00208	0.00726
26	0.00672	0.00498	0.00626	0.00601	0.00721	0.00452	0.00448	0.00879	0.01325	0.01829	0.63280	0.07464	0.17246	0.01070	0.00582	0.00159	0.00237	0.00937	0.00523	0.00452
27	0.01325	0.73865	0.06901	0.00897	0.01325	0.06396	0.00902	0.01504	0.01023	0.01181	0.00699	0.00808	0.00630	0.00428	0.00331	0.00109	0.00557	0.00272	0.00213	0.00633
28	0.00670	0.00491	0.00605	0.00657	0.00762	0.00446	0.00492	0.00809	0.01088	0.03071	0.11047	0.33635	0.28818	0.01336	0.00613	0.00187	0.00299	0.14075	0.00467	0.00429
29	0.00677	0.00552	0.00609	0.00578	0.00747	0.00490	0.00434	0.00907	0.05756	0.01549	0.24100	0.05835	0.47465	0.02412	0.00595	0.00163	0.00264	0.00929	0.00469	0.05468
30	0.02884	0.04141	0.02985	0.06270	0.14012	0.07355	0.11432	0.24079	0.01469	0.05468	0.01249	0.09852	0.01066	0.00620	0.00496	0.00152	0.00572	0.00544	0.04668	0.00685
31	0.04433	0.00955	0.01057	0.00929	0.01210	0.01046	0.00737	0.05240	0.48885	0.16390	0.04105	0.01992	0.01536	0.00688	0.00496	0.00163	0.00391	0.04596	0.04410	0.00741
32	0.00735	0.00530	0.00672	0.00684	0.00794	0.00507	0.00508	0.00995	0.06595	0.03347	0.38144	0.27114	0.09171	0.01177	0.00594	0.00175	0.00281	0.07004	0.00501	0.00470
33	0.03464	0.01422	0.09962	0.05847	0.43218	0.10065	0.02899	0.08854	0.02990	0.03351	0.01003	0.02913	0.00817	0.00498	0.00481	0.00148	0.00617	0.00440	0.00283	0.00729
34	0.01210	0.08924	0.19068	0.05293	0.08445	0.06622	0.04029	0.11949	0.04850	0.02691	0.01065	0.01373	0.00880	0.07230	0.05713	0.00215	0.05658	0.00437	0.03705	0.00645
35	0.00657	0.00493	0.00635	0.00709	0.02722	0.00462	0.00488	0.00810	0.02148	0.01442	0.20162	0.40893	0.15511	0.04546	0.02535	0.00208	0.00315	0.04373	0.00460	0.00430
36	0.02264	0.07626	0.03225	0.00775	0.00915	0.04432	0.00610	0.03357	0.02632	0.01382	0.09207	0.27391	0.14325	0.07060	0.02405	0.02130	0.07409	0.02000	0.00385	0.00470

[dist]
# distance from previous block
# <min> <max>
2	17

[block]
# block no. 6 follows, 51 sequences, length 32
# corresponding to MSA columns:
# 659-690
name=unknown_G
#
# <colnr> <probs for GDERKNQSTAVLIFYWHMCP>
#	G	D	E	R	K	N	Q	S	T	A	V	L	I	F	Y	W	H	M	C	P
0	0.01019	0.06860	0.06787	0.03950	0.07254	0.02223	0.04226	0.07408	0.04982	0.03479	0.06985	0.22359	0.03209	0.02465	0.00590	0.00169	0.02995	0.03745	0.06912	0.02386
1	0.03544	0.04729	0.06661	0.02334	0.02568	0.10094	0.02935	0.15877	0.03340	0.01735	0.11328	0.07684	0.07277	0.11656	0.02850	0.00212	0.02483	0.00618	0.00372	0.01703
2	0.01078	0.03326	0.33390	0.01384	0.09391	0.03587	0.06940	0.04373	0.14786	0.01651	0.01517	0.01681	0.07873	0.02048	0.02097	0.00174	0.00607	0.01763	0.01650	0.00684
3	0.00673	0.00470	0.00593	0.00647	0.00728	0.00428	0.00454	0.00791	0.01055	0.04170	0.14091	0.50251	0.17860	0.03101	0.00648	0.00191	0.00283	0.02671	0.00470	0.00426
4	0.01019	0.00873	0.01019	0.00728	0.01165	0.00655	0.00582	0.01237	0.01019	0.01601	0.00873	0.01019	0.00728	0.00364	0.00364	0.00073	0.00364	0.00291	0.00291	0.85734
5	0.05167	0.02307	0.10512	0.02311	0.09881	0.02917	0.02179	0.08637	0.04919	0.11083	0.18015	0.06443	0.09591	0.00815	0.01936	0.00168	0.00459	0.01615	0.00418	0.00628
6	0.01452	0.20946	0.16817	0.01117	0.01518	0.16500	0.01062	0.20033	0.05777	0.01785	0.00961	0.01060	0.00751	0.00528	0.00487	0.00138	0.04682	0.00367	0.03335	0.00684
7	0.00647	0.00469	0.00590	0.00652	0.00729	0.00435	0.00469	0.00779	0.01059	0.01414	0.15241	0.42779	0.16335	0.04239	0.00674	0.00196	0.00293	0.09162	0.03422	0.00416
8	0.08701	0.00746	0.00931	0.00762	0.01048	0.00686	0.00613	0.03331	0.02561	0.42650	0.22408	0.02287	0.06546	0.00732	0.00501	0.00152	0.00353	0.00606	0.02292	0.02095
9	0.00970	0.00917	0.01574	0.67045	0.11602	0.01091	0.05060	0.01296	0.01007	0.01324	0.00904	0.01314	0.00688	0.00484	0.00491	0.00161	0.00645	0.00444	0.02407	0.00575
10	0.00709	0.00476	0.00546	0.00551	0.00555	0.00477	0.00315	0.00718	0.00728	0.00973	0.01597	0.07011	0.01840	0.76317	0.04866	0.00473	0.00494	0.00742	0.00304	0.00307
11	0.00986	0.02542	0.80183	0.01401	0.02127	0.01141	0.01816	0.01556	0.01038	0.01556	0.00882	0.01038	0.00623	0.00467	0.00467	0.00156	0.00726	0.00363	0.00208	0.00726
12	0.01168	0.01102	0.01108	0.07794	0.05983	0.18866	0.03251	0.06992	0.01204	0.01578	0.08630	0.01799	0.04962	0.03794	0.07456	0.00209	0.04894	0.00507	0.18165	0.00540
13	0.01075	0.01075	0.01505	0.01290	0.01290	0.01505	0.01075	0.01183	0.00753	0.01183	0.00645	0.01075	0.00645	0.00860	0.01613	0.00215	0.81830	0.00430	0.00215	0.00538
14	0.00729	0.00521	0.00720	0.00834	0.00919	0.00512	0.00683	0.00910	0.01070	0.01401	0.02636	0.30393	0.02965	0.01416	0.00662	0.00218	0.00398	0.52123	0.00454	0.00435
15	0.04849	0.01500	0.06348	0.03665	0.06202	0.19110	0.00968	0.35049	0.01691	0.03381	0.04927	0.04689	0.01100	0.00624	0.00484	0.00148	0.00596	0.02292	0.01686	0.00694
16	0.01150	0.01416	0.11737	0.02095	0.17497	0.01225	0.47231	0.01596	0.04970	0.01587	0.01004	0.01286	0.00771	0.00454	0.00583	0.00163	0.03768	0.00520	0.00254	0.00694
17	0.01052	0.00907	0.01104	0.00791	0.01229	0.00705	0.03476	0.03742	0.01066	0.01649	0.00888	0.01036	0.00732	0.00373	0.00376	0.00079	0.00387	0.00307	0.00296	0.79806
18	0.00749	0.00515	0.00666	0.00641	0.00765	0.00466	0.00474	0.00942	0.01271	0.05243	0.53369	0.19937	0.07760	0.01086	0.00578	0.00161	0.00257	0.00962	0.00513	0.03644
19	0.00986	0.00933	0.01579	0.65645	0.18832	0.01107	0.01394	0.01307	0.01010	0.01326	0.00884	0.01291	0.00680	0.00480	0.00490	0.00160	0.00641	0.00437	0.00223	0.00593
20	0.00741	0.00560	0.00685	0.00720	0.00844	0.00539	0.00561	0.04621	0.03708	0.01539	0.12859	0.24357	0.23142	0.01270	0.00612	0.00189	0.00331	0.21793	0.00469	0.00460
21	0.01069	0.01067	0.01504	0.04599	0.01377	0.01488	0.01087	0.01186	0.00762	0.01186	0.00655	0.01085	0.00646	0.00845	0.01566	0.00213	0.78483	0.00430	0.00215	0.00538
22	0.01836	0.02342	0.01393	0.01266	0.01519	0.80756	0.00950	0.01962	0.01393	0.01203	0.00760	0.00886	0.00633	0.00506	0.00443	0.00127	0.00886	0.00317	0.00253	0.00570
23	0.00646	0.00515	0.00624	0.00693	0.04602	0.00461	0.00465	0.00788	0.01121	0.01448	0.20024	0.22369	0.38923	0.04261	0.00658	0.00182	0.00279	0.01048	0.00458	0.00435
24	0.02682	0.00803	0.03029	0.01007	0.01157	0.04093	0.09849	0.01054	0.00858	0.01222	0.01180	0.01756	0.01091	0.06817	0.52843	0.00589	0.08716	0.00515	0.00258	0.00482
25	0.01241	0.01170	0.01956	0.04947	0.73824	0.01183	0.01476	0.05295	0.01175	0.01670	0.00936	0.01217	0.00778	0.00447	0.00487	0.00146	0.00584	0.00438	0.00255	0.00775
26	0.00788	0.00647	0.00998	0.02839	0.02968	0.00654	0.09510	0.01024	0.03890	0.02918	0.11388	0.12571	0.14722	0.04576	0.27782	0.00389	0.00713	0.00771	0.00366	0.00485
27	0.01634	0.03671	0.01208	0.01066	0.07363	0.05428	0.00786	0.05875	0.19714	0.34885	0.06461	0.01893	0.06475	0.00661	0.00497	0.00153	0.00438	0.00543	0.00501	0.00747
28	0.01035	0.01006	0.01455	0.33364	0.04768	0.09282	0.12027	0.01329	0.02473	0.02681	0.01516	0.06269	0.04497	0.00738	0.00546	0.00174	0.00618	0.15365	0.00306	0.00551
29	0.01250	0.18692	0.19314	0.03871	0.01479	0.08165	0.01007	0.16481	0.01303	0.01725	0.01252	0.07817	0.03954	0.00607	0.00442	0.00138	0.00549	0.00471	0.07332	0.04152
30	0.01066	0.00987	0.01578	0.03455	0.34225	0.03445	0.10583	0.02882	0.01145	0.03236	0.08116	0.05504	0.08959	0.00902	0.06289	0.00204	0.02325	0.04143	0.00322	0.00633
31	0.01433	0.01251	0.04105	0.01887	0.35396	0.12817	0.01130	0.04298	0.01230	0.16003	0.03816	0.05691	0.02961	0.00605	0.00557	0.00152	0.05113	0.00507	0.00344	0.00706

[dist]
# distance from previous block
# <min> <max>
1	192

[block]
# block no. 7 follows, 51 sequences, length 33
# corresponding to MSA columns:
# 883-915
name=unknown_H
#
# <colnr> <probs for GDERKNQSTAVLIFYWHMCP>
#	G	D	E	R	K	N	Q	S	T	A	V	L	I	F	Y	W	H	M	C	P
0	0.04153	0.24282	0.08895	0.07388	0.09753	0.07890	0.03581	0.11182	0.08836	0.03625	0.02579	0.02273	0.00929	0.00535	0.00440	0.00141	0.00570	0.01963	0.00310	0.00676
1	0.07299	0.03592	0.05311	0.01922	0.05275	0.03075	0.02169	0.02201	0.02233	0.05627	0.04903	0.34092	0.09506	0.07145	0.00721	0.00197	0.02942	0.00895	0.00391	0.00504
2	0.03537	0.06633	0.05188	0.00930	0.01159	0.14894	0.03100	0.01399	0.09654	0.04522	0.04273	0.21367	0.10119	0.00904	0.00559	0.00162	0.03576	0.03959	0.00378	0.03687
3	0.00793	0.00587	0.00703	0.00655	0.00838	0.00503	0.00483	0.02488	0.01085	0.04445	0.10454	0.28978	0.22139	0.01099	0.00588	0.03063	0.00303	0.00920	0.00426	0.19450
4	0.01196	0.07338	0.39437	0.01386	0.06277	0.10324	0.06389	0.05949	0.06010	0.03068	0.01113	0.03012	0.02673	0.00584	0.01743	0.00161	0.01946	0.00431	0.00272	0.00690
5	0.01058	0.01046	0.01459	0.01250	0.01269	0.01439	0.01039	0.01172	0.00764	0.01196	0.00681	0.01108	0.00672	0.00957	0.04777	0.00233	0.75640	0.00429	0.00220	0.03594
6	0.03988	0.06111	0.02829	0.09764	0.15731	0.01043	0.09710	0.03029	0.16764	0.03773	0.04058	0.09333	0.05073	0.00664	0.00495	0.00157	0.00488	0.00597	0.05752	0.00641
7	0.00708	0.00501	0.00661	0.00661	0.00704	0.00544	0.00454	0.00795	0.00752	0.01045	0.01434	0.02583	0.01512	0.43803	0.41052	0.00631	0.00890	0.00622	0.00281	0.00367
8	0.06851	0.00873	0.01111	0.00867	0.01221	0.00809	0.00712	0.10470	0.01471	0.60314	0.08566	0.01744	0.01435	0.00632	0.00490	0.00152	0.00413	0.00510	0.00572	0.00786
9	0.01038	0.06923	0.72757	0.01365	0.02055	0.04412	0.01727	0.01568	0.01050	0.01520	0.00866	0.01018	0.00623	0.00466	0.00458	0.00152	0.00722	0.00356	0.00210	0.00715
10	0.74673	0.05362	0.00873	0.00688	0.01005	0.01155	0.00575	0.05224	0.00937	0.04838	0.00751	0.00846	0.00576	0.00466	0.00320	0.00149	0.00397	0.00282	0.00319	0.00563
11	0.03096	0.00866	0.00949	0.00800	0.01062	0.04004	0.00619	0.12557	0.03698	0.02854	0.05672	0.14228	0.06718	0.05413	0.03675	0.00178	0.02468	0.02059	0.00381	0.28704
12	0.01129	0.05097	0.04225	0.00973	0.01197	0.04523	0.07787	0.17553	0.03914	0.01676	0.04699	0.02002	0.01329	0.20804	0.12983	0.00325	0.03421	0.02146	0.03666	0.00554
13	0.00704	0.00526	0.00671	0.00756	0.03758	0.00499	0.00539	0.00842	0.01038	0.01353	0.10467	0.17643	0.19551	0.17638	0.00997	0.00249	0.00367	0.21562	0.00424	0.00418
14	0.01257	0.01076	0.01156	0.01065	0.03544	0.01237	0.00807	0.06618	0.72450	0.02099	0.01925	0.01781	0.01444	0.00656	0.00499	0.00165	0.00403	0.00546	0.00492	0.00781
15	0.00596	0.00440	0.00558	0.00652	0.00704	0.00402	0.00442	0.00688	0.00972	0.01267	0.03099	0.69046	0.16361	0.01489	0.00619	0.00194	0.00279	0.01335	0.00456	0.00402
16	0.02127	0.00954	0.03601	0.00922	0.01314	0.00833	0.00782	0.11580	0.01505	0.68236	0.01814	0.01593	0.01152	0.00602	0.00493	0.00152	0.00443	0.00484	0.00582	0.00833
17	0.01314	0.83025	0.02575	0.00841	0.01261	0.01945	0.00841	0.01472	0.00999	0.01156	0.00683	0.00788	0.00631	0.00420	0.00315	0.00105	0.00526	0.00263	0.00210	0.00631
18	0.00625	0.00476	0.00561	0.00598	0.00702	0.00426	0.00431	0.00758	0.01093	0.01418	0.16313	0.31138	0.34296	0.03105	0.00638	0.00184	0.00271	0.04169	0.02380	0.00417
19	0.00613	0.00500	0.00545	0.00556	0.00705	0.00432	0.00424	0.00756	0.01142	0.01407	0.12919	0.08842	0.60453	0.01243	0.00592	0.00172	0.00267	0.07544	0.00465	0.00423
20	0.00592	0.00456	0.00541	0.00610	0.00693	0.00405	0.00423	0.00693	0.01012	0.01284	0.03611	0.51527	0.33550	0.01422	0.00609	0.00186	0.00271	0.01254	0.00456	0.00405
21	0.00732	0.00493	0.00638	0.00650	0.00695	0.00509	0.00437	0.00811	0.00818	0.03365	0.04002	0.17304	0.01959	0.39950	0.24966	0.00499	0.00678	0.00783	0.00333	0.00378
22	0.00899	0.00738	0.00893	0.00718	0.01002	0.00628	0.02167	0.02794	0.05234	0.01687	0.22451	0.04078	0.08724	0.05473	0.00586	0.00138	0.00338	0.00589	0.00391	0.40473
23	0.01030	0.00670	0.00654	0.00620	0.00764	0.04889	0.00468	0.08987	0.03425	0.01839	0.01616	0.09122	0.01381	0.02334	0.03325	0.00159	0.00349	0.00545	0.57321	0.00503
24	0.00701	0.00526	0.00659	0.00678	0.00782	0.00523	0.00516	0.00878	0.03017	0.01339	0.11150	0.06161	0.21897	0.15909	0.17781	0.00363	0.00556	0.15745	0.00398	0.00421
25	0.01035	0.01070	0.04500	0.13555	0.09024	0.02598	0.04475	0.01262	0.02636	0.01280	0.00849	0.01258	0.00757	0.01084	0.11399	0.00268	0.41701	0.00449	0.00233	0.00567
26	0.00664	0.00550	0.00584	0.00592	0.00729	0.02106	0.00439	0.00840	0.03769	0.01414	0.14031	0.13477	0.48183	0.05582	0.00689	0.00187	0.00292	0.04986	0.00456	0.00431
27	0.00673	0.00487	0.00568	0.00591	0.00688	0.00444	0.00413	0.00776	0.01008	0.03594	0.07924	0.25481	0.33257	0.16622	0.03813	0.00255	0.00347	0.02225	0.00429	0.00405
28	0.02308	0.00571	0.03618	0.00652	0.00729	0.00507	0.00470	0.00819	0.02126	0.01229	0.06351	0.25015	0.09181	0.35382	0.02959	0.00320	0.00412	0.06586	0.00379	0.00387
29	0.02587	0.01432	0.04940	0.07624	0.12310	0.15502	0.17360	0.10668	0.14804	0.01742	0.01141	0.01358	0.00894	0.00541	0.00541	0.00156	0.03433	0.01962	0.00321	0.00685
30	0.02726	0.00731	0.00961	0.05235	0.03840	0.00769	0.02407	0.06403	0.06834	0.10341	0.11518	0.14676	0.08038	0.06142	0.05543	0.00225	0.05345	0.03026	0.04687	0.00553
31	0.00807	0.00533	0.00611	0.00600	0.00693	0.00531	0.00419	0.02579	0.03785	0.03389	0.08785	0.13066	0.13362	0.25369	0.03800	0.00272	0.01883	0.00781	0.18309	0.00427
32	0.16712	0.06070	0.04225	0.03430	0.13668	0.03519	0.03647	0.16240	0.08385	0.03447	0.02513	0.01260	0.02629	0.00516	0.00435	0.00139	0.00496	0.00410	0.00345	0.11914

[dist]
# distance from previous block
# <min> <max>
1	6

[block]
# block no. 8 follows, 51 sequences, length 22
# corresponding to MSA columns:
# 922-943
name=unknown_I
#
# <colnr> <probs for GDERKNQSTAVLIFYWHMCP>
#	G	D	E	R	K	N	Q	S	T	A	V	L	I	F	Y	W	H	M	C	P
0	0.00747	0.00553	0.00660	0.00682	0.00777	0.00543	0.00490	0.04590	0.05572	0.01443	0.11020	0.29233	0.14980	0.17251	0.00974	0.00242	0.00347	0.09021	0.00438	0.00437
1	0.00986	0.03381	0.15388	0.10117	0.10882	0.00952	0.11619	0.06657	0.01121	0.01532	0.01548	0.19592	0.03700	0.03668	0.00603	0.00177	0.00554	0.04344	0.00318	0.02860
2	0.01350	0.11410	0.09428	0.02657	0.11666	0.11297	0.11766	0.12297	0.03823	0.05187	0.02692	0.03135	0.03025	0.00533	0.00470	0.00140	0.00603	0.00455	0.00317	0.07749
3	0.02710	0.07036	0.04393	0.03265	0.09438	0.03078	0.04114	0.02420	0.00988	0.01361	0.03527	0.31401	0.03790	0.01186	0.06549	0.00222	0.12856	0.00807	0.00333	0.00526
4	0.00665	0.00469	0.00574	0.00618	0.00687	0.00431	0.00419	0.00763	0.01001	0.03182	0.11916	0.41832	0.18290	0.15703	0.00939	0.00235	0.00309	0.01124	0.00442	0.00402
5	0.01058	0.00944	0.01037	0.00754	0.01182	0.04510	0.00600	0.01272	0.01037	0.01582	0.00868	0.01013	0.00723	0.00371	0.00368	0.00075	0.00389	0.00292	0.00289	0.81635
6	0.00700	0.00631	0.03846	0.00760	0.00831	0.04055	0.00555	0.00832	0.02434	0.01266	0.02411	0.67488	0.02831	0.03676	0.02892	0.00218	0.02498	0.01224	0.00422	0.00429
7	0.01132	0.00953	0.01018	0.00924	0.01174	0.01072	0.00718	0.06309	0.58062	0.01988	0.06053	0.05839	0.09197	0.00790	0.00521	0.00168	0.00373	0.02506	0.00494	0.00706
8	0.01228	0.00906	0.01047	0.03123	0.03086	0.05870	0.00749	0.16468	0.01322	0.10795	0.06741	0.07200	0.08254	0.03417	0.10614	0.00252	0.07627	0.06884	0.03828	0.00587
9	0.05094	0.01194	0.04148	0.06953	0.39377	0.03114	0.08556	0.05410	0.11433	0.08143	0.01149	0.01317	0.00882	0.00494	0.00489	0.00152	0.00573	0.00459	0.00320	0.00743
10	0.00854	0.00427	0.00640	0.00640	0.00640	0.00427	0.00427	0.00640	0.00640	0.00854	0.00854	0.01494	0.00854	0.01707	0.01921	0.85702	0.00427	0.00427	0.00213	0.00213
11	0.00710	0.00520	0.00725	0.00754	0.00818	0.00568	0.00567	0.00845	0.00848	0.01172	0.01746	0.14784	0.01863	0.17867	0.40337	0.00546	0.02629	0.11963	0.00326	0.00410
12	0.01225	0.10949	0.18950	0.03990	0.16781	0.09604	0.04583	0.06688	0.08844	0.01606	0.02336	0.03553	0.00995	0.00579	0.00522	0.00153	0.03818	0.03850	0.00293	0.00680
13	0.01171	0.01391	0.09750	0.26175	0.11856	0.19251	0.01179	0.01526	0.06958	0.01405	0.03180	0.06715	0.01086	0.00624	0.00524	0.00158	0.02632	0.03535	0.00283	0.00601
14	0.00719	0.00533	0.00693	0.00753	0.00874	0.00506	0.00625	0.00918	0.01168	0.01522	0.17413	0.08780	0.19641	0.01277	0.00637	0.00199	0.00360	0.42470	0.00470	0.00444
15	0.03551	0.15601	0.03730	0.01055	0.07013	0.05580	0.04606	0.04147	0.02766	0.06176	0.02940	0.22041	0.08106	0.00914	0.00519	0.00164	0.00465	0.09687	0.00374	0.00565
16	0.01313	0.02937	0.14717	0.06047	0.05140	0.12547	0.08525	0.13088	0.10246	0.06063	0.01402	0.09700	0.02894	0.00647	0.00499	0.00155	0.00594	0.00549	0.02267	0.00669
17	0.01127	0.18340	0.03606	0.01086	0.04409	0.06098	0.08399	0.07965	0.04639	0.01490	0.03540	0.08433	0.06476	0.07859	0.02734	0.00197	0.08204	0.01911	0.02911	0.00574
18	0.07214	0.22552	0.13014	0.02244	0.03604	0.07332	0.09683	0.06934	0.02280	0.01554	0.01106	0.04984	0.02589	0.02047	0.00493	0.00146	0.01638	0.03480	0.00283	0.06822
19	0.09943	0.03710	0.14180	0.05288	0.10170	0.02767	0.02501	0.04404	0.04118	0.03639	0.03782	0.10970	0.04086	0.05515	0.02994	0.00195	0.05262	0.01523	0.00320	0.04632
20	0.04711	0.03321	0.05496	0.02501	0.05740	0.08090	0.00689	0.02910	0.04386	0.01567	0.15203	0.07876	0.24234	0.02601	0.00556	0.00158	0.00406	0.01872	0.00392	0.07291
21	0.02980	0.03201	0.08207	0.06298	0.14941	0.03276	0.05370	0.05993	0.03531	0.03052	0.07750	0.08647	0.08794	0.03095	0.00551	0.00162	0.00472	0.01601	0.11487	0.00591

[dist]
# distance from previous block
# <min> <max>
11	24

[block]
# block no. 9 follows, 51 sequences, length 15
# corresponding to MSA columns:
# 968-976,979-984
name=unknown_J
#
# <colnr> <probs for GDERKNQSTAVLIFYWHMCP>
#	G	D	E	R	K	N	Q	S	T	A	V	L	I	F	Y	W	H	M	C	P
0	0.06270	0.07823	0.09433	0.05140	0.08080	0.04610	0.00851	0.03857	0.12885	0.03807	0.07039	0.11751	0.12211	0.03433	0.00561	0.00168	0.00455	0.00656	0.00373	0.00596
1	0.01334	0.01611	0.16541	0.01525	0.14531	0.21210	0.08651	0.04565	0.01231	0.07297	0.05050	0.06600	0.01118	0.00657	0.02209	0.00163	0.02017	0.00499	0.02539	0.00651
2	0.00697	0.00549	0.00691	0.00702	0.00801	0.02623	0.00526	0.00849	0.00951	0.01283	0.09645	0.15130	0.16625	0.04434	0.40042	0.00482	0.00799	0.00790	0.01949	0.00431
3	0.02703	0.04468	0.04211	0.04795	0.05991	0.01008	0.00794	0.18151	0.15267	0.05218	0.12365	0.03397	0.13988	0.03571	0.00580	0.00167	0.00426	0.01819	0.00437	0.00643
4	0.00730	0.00684	0.05629	0.00818	0.02356	0.00564	0.05510	0.03493	0.01077	0.01436	0.08805	0.40108	0.18896	0.04603	0.00665	0.00191	0.00356	0.01064	0.02554	0.00463
5	0.01050	0.01116	0.09647	0.00824	0.01284	0.04055	0.00732	0.01302	0.01037	0.01580	0.00870	0.01015	0.00712	0.00381	0.00378	0.00084	0.00425	0.00300	0.00280	0.72927
6	0.01142	0.17593	0.16328	0.03271	0.10966	0.01222	0.04800	0.05857	0.06893	0.04025	0.10065	0.01628	0.05425	0.00611	0.00551	0.00149	0.06496	0.00489	0.01833	0.00655
7	0.00783	0.00566	0.00665	0.00627	0.00769	0.00543	0.00469	0.02329	0.07461	0.01765	0.38191	0.05995	0.13833	0.06786	0.00674	0.00175	0.00282	0.02690	0.11632	0.03765
8	0.01194	0.09491	0.24545	0.01142	0.04038	0.04379	0.05639	0.08129	0.01230	0.06460	0.10420	0.01394	0.01196	0.00523	0.00454	0.00132	0.00545	0.00430	0.00320	0.18338
9	0.01530	0.14896	0.04733	0.04351	0.14996	0.31887	0.03205	0.01732	0.01207	0.09170	0.00917	0.01065	0.00732	0.00540	0.01659	0.00143	0.03279	0.00366	0.00277	0.03314
10	0.01098	0.01218	0.12742	0.01273	0.02672	0.02704	0.19166	0.06927	0.07873	0.04124	0.13907	0.01852	0.01541	0.07371	0.04358	0.00218	0.09432	0.00569	0.00342	0.00614
11	0.01828	0.01399	0.01450	0.01119	0.01507	0.05221	0.00919	0.70939	0.02208	0.02940	0.01146	0.01159	0.00821	0.00576	0.00484	0.00143	0.00549	0.00430	0.00471	0.04692
12	0.00604	0.00430	0.00569	0.00678	0.00705	0.00403	0.00449	0.00686	0.00931	0.01241	0.02658	0.78965	0.03187	0.05071	0.00709	0.00212	0.00293	0.01367	0.00449	0.00395
13	0.00702	0.00525	0.00784	0.00782	0.00871	0.00607	0.00607	0.00880	0.00818	0.01180	0.04994	0.02013	0.01389	0.03559	0.77005	0.00760	0.01265	0.00544	0.00276	0.00440
14	0.01262	0.01196	0.01790	0.09999	0.55398	0.04817	0.01354	0.06808	0.09341	0.01702	0.01042	0.01272	0.00840	0.00480	0.00487	0.00149	0.00581	0.00445	0.00285	0.00751

[dist]
# distance from previous block
# <min> <max>
7	12

[block]
# block no. 10 follows, 51 sequences, length 17
# corresponding to MSA columns:
# 998-1014
name=unknown_K
#
# <colnr> <probs for GDERKNQSTAVLIFYWHMCP>
#	G	D	E	R	K	N	Q	S	T	A	V	L	I	F	Y	W	H	M	C	P
0	0.04631	0.01051	0.09609	0.53959	0.06949	0.01066	0.03084	0.01292	0.01010	0.01408	0.05384	0.01396	0.00900	0.00527	0.00523	0.00161	0.03451	0.00451	0.02577	0.00572
1	0.03023	0.00594	0.00597	0.00607	0.00744	0.03937	0.00441	0.00865	0.03839	0.01406	0.11261	0.21348	0.44253	0.04059	0.00642	0.00181	0.00299	0.01022	0.00448	0.00435
2	0.00882	0.00660	0.00824	0.00769	0.00859	0.00746	0.00561	0.08949	0.05384	0.01325	0.01390	0.02302	0.01387	0.34350	0.31741	0.00526	0.05996	0.00588	0.00311	0.00450
3	0.01168	0.00998	0.01064	0.00960	0.01221	0.01143	0.00745	0.02436	0.70735	0.02047	0.10044	0.02024	0.01826	0.00702	0.00508	0.00165	0.00373	0.00590	0.00504	0.00745
4	0.01240	0.06320	0.05094	0.19833	0.32036	0.09231	0.01274	0.05527	0.09225	0.01567	0.00996	0.01228	0.00794	0.00501	0.00508	0.00150	0.03089	0.00424	0.00274	0.00690
5	0.01211	0.01416	0.09538	0.01846	0.02349	0.01233	0.59190	0.09500	0.01261	0.01732	0.00997	0.01269	0.00743	0.00435	0.00550	0.00158	0.00766	0.00532	0.00272	0.05001
6	0.01321	0.12934	0.32514	0.01315	0.08257	0.10997	0.01263	0.06074	0.04988	0.09523	0.02578	0.04111	0.00925	0.00543	0.00459	0.00146	0.00623	0.00425	0.00303	0.00702
7	0.03169	0.43974	0.23944	0.01045	0.04806	0.01463	0.01075	0.01400	0.01035	0.01355	0.03528	0.01372	0.08943	0.00538	0.00400	0.00130	0.00543	0.00398	0.00249	0.00634
8	0.00625	0.00496	0.00561	0.00552	0.00693	0.00432	0.00411	0.00787	0.01212	0.01563	0.32596	0.08410	0.47579	0.01171	0.00583	0.00163	0.00244	0.01001	0.00488	0.00432
9	0.01099	0.34695	0.37778	0.01135	0.01667	0.01412	0.04506	0.01475	0.02548	0.01383	0.01025	0.05710	0.02563	0.00529	0.00423	0.00139	0.00607	0.00410	0.00236	0.00660
10	0.01408	0.16863	0.05243	0.05830	0.07437	0.14241	0.03123	0.06744	0.03298	0.12536	0.03024	0.05067	0.01024	0.00784	0.05461	0.00186	0.06302	0.00457	0.00327	0.00646
11	0.01662	0.00968	0.01129	0.00918	0.01227	0.00988	0.00737	0.31731	0.05232	0.27824	0.01915	0.13086	0.05853	0.00771	0.00512	0.00157	0.00430	0.00634	0.03491	0.00734
12	0.00742	0.00639	0.00660	0.00735	0.00795	0.08762	0.00506	0.00837	0.00998	0.01258	0.04372	0.61730	0.05768	0.06319	0.00720	0.00207	0.00362	0.03746	0.00427	0.00415
13	0.03437	0.01404	0.10684	0.13667	0.09377	0.10997	0.11983	0.15997	0.03686	0.04983	0.01109	0.03672	0.00865	0.00538	0.00486	0.00151	0.00628	0.00467	0.05197	0.00672
14	0.01059	0.00801	0.01106	0.02955	0.18650	0.00810	0.00818	0.11580	0.01252	0.07179	0.06870	0.23566	0.11786	0.02226	0.00617	0.00175	0.02824	0.04722	0.00414	0.00589
15	0.00631	0.00472	0.00575	0.00605	0.00695	0.00428	0.00426	0.00766	0.01111	0.01473	0.26716	0.32543	0.23747	0.06630	0.00723	0.00195	0.00272	0.01101	0.00472	0.00416
16	0.02294	0.11581	0.14009	0.03812	0.15564	0.10474	0.04733	0.10564	0.01219	0.03041	0.02422	0.02607	0.00855	0.00563	0.00600	0.00150	0.10458	0.01554	0.00282	0.03219

[dist]
# distance from previous block
# <min> <max>
15	30

[block]
# block no. 11 follows, 51 sequences, length 9
# corresponding to MSA columns:
# 1053-1061
name=unknown_L
#
# <colnr> <probs for GDERKNQSTAVLIFYWHMCP>
#	G	D	E	R	K	N	Q	S	T	A	V	L	I	F	Y	W	H	M	C	P
0	0.00652	0.00482	0.00539	0.00556	0.00641	0.00443	0.00378	0.00742	0.00973	0.01251	0.07909	0.14953	0.33250	0.28679	0.01230	0.00275	0.00335	0.03374	0.02961	0.00379
1	0.01405	0.55109	0.06350	0.01046	0.03826	0.17203	0.00945	0.04071	0.01116	0.01265	0.00731	0.00856	0.00643	0.00460	0.00402	0.00118	0.03296	0.00295	0.00229	0.00632
2	0.00854	0.00427	0.00640	0.00640	0.00640	0.00427	0.00427	0.00640	0.00640	0.00854	0.00854	0.01494	0.00854	0.01707	0.01921	0.85702	0.00427	0.00427	0.00213	0.00213
3	0.12284	0.13256	0.05730	0.01200	0.04935	0.08287	0.09508	0.24370	0.03770	0.03744	0.00990	0.01104	0.00760	0.00592	0.02842	0.00158	0.00599	0.00393	0.00339	0.05139
4	0.01395	0.19468	0.07146	0.01130	0.05126	0.11751	0.06036	0.09632	0.06808	0.10671	0.04873	0.07977	0.01222	0.00618	0.00460	0.00142	0.00545	0.00503	0.03837	0.00660
5	0.00622	0.00497	0.00558	0.00560	0.00700	0.00433	0.00420	0.00776	0.01182	0.01504	0.25072	0.10156	0.50490	0.01205	0.00588	0.00168	0.00255	0.03908	0.00479	0.00429
6	0.01013	0.01162	0.14691	0.00844	0.01331	0.00739	0.00795	0.01292	0.01022	0.01594	0.00875	0.01022	0.00710	0.00382	0.00382	0.00087	0.00427	0.00304	0.00277	0.71053
7	0.00901	0.08725	0.10759	0.00840	0.01101	0.00822	0.02508	0.03549	0.00970	0.01365	0.04503	0.09433	0.02928	0.16749	0.14785	0.00312	0.02586	0.00576	0.00302	0.16285
8	0.16274	0.17386	0.27347	0.04317	0.01553	0.02934	0.01105	0.05137	0.05047	0.03837	0.00949	0.01098	0.00737	0.00682	0.05245	0.00183	0.02343	0.00360	0.02820	0.00644

[dist]
# distance from previous block
# <min> <max>
3	4

[block]
# block no. 12 follows, 51 sequences, length 8
# corresponding to MSA columns:
# 1066-1073
name=unknown_M
#
# <colnr> <probs for GDERKNQSTAVLIFYWHMCP>
#	G	D	E	R	K	N	Q	S	T	A	V	L	I	F	Y	W	H	M	C	P
0	0.48315	0.08625	0.01115	0.00810	0.01149	0.04558	0.00678	0.15961	0.01224	0.12149	0.00940	0.00984	0.00690	0.00499	0.00370	0.00146	0.00450	0.00330	0.00367	0.00639
