[name]
unknown

[dist]
# distance from previous block
# <min> <max>
15	710

[block]
# block no. 0 follows, 57 sequences, length 12
# corresponding to MSA columns:
# 726-737
name=unknown_A
#
# <colnr> <probs for GDERKNQSTAVLIFYWHMCP>
#	G	D	E	R	K	N	Q	S	T	A	V	L	I	F	Y	W	H	M	C	P
0	0.00714	0.00516	0.00612	0.04503	0.00790	0.00490	0.00439	0.04046	0.01037	0.05015	0.16410	0.10275	0.33801	0.15922	0.03245	0.00221	0.00332	0.00822	0.00400	0.00410
1	0.00689	0.00553	0.00782	0.00799	0.04146	0.00522	0.06040	0.04568	0.01056	0.01401	0.15147	0.38678	0.17281	0.01125	0.00552	0.00167	0.00315	0.05333	0.00413	0.00434
2	0.06340	0.00602	0.00822	0.00978	0.14170	0.00631	0.00614	0.00916	0.00870	0.01284	0.05500	0.09774	0.11164	0.11625	0.22624	0.00339	0.03009	0.01867	0.06424	0.00446
3	0.01012	0.00720	0.01009	0.02768	0.19418	0.00712	0.00731	0.08445	0.01144	0.11312	0.14604	0.08165	0.11950	0.07326	0.06197	0.00209	0.00441	0.02911	0.00380	0.00546
4	0.07510	0.00770	0.00799	0.00780	0.03707	0.04570	0.00569	0.03714	0.24585	0.01571	0.09377	0.02400	0.17438	0.07705	0.07397	0.00218	0.00423	0.02006	0.03940	0.00520
5	0.01342	0.00988	0.01110	0.00999	0.05030	0.01090	0.00755	0.19085	0.45674	0.11462	0.03688	0.01559	0.01256	0.00588	0.00456	0.00146	0.00392	0.00483	0.03180	0.00718
6	0.01233	0.04856	0.11659	0.01584	0.23027	0.10613	0.07275	0.13227	0.14803	0.01681	0.01103	0.01337	0.00887	0.00509	0.00453	0.00140	0.00561	0.04078	0.00304	0.00669
7	0.00993	0.00827	0.01090	0.05420	0.05031	0.00690	0.04896	0.01248	0.03659	0.05206	0.04955	0.01155	0.00898	0.00398	0.00378	0.00090	0.00380	0.00342	0.00292	0.62051
8	0.00662	0.00491	0.00704	0.00702	0.00770	0.00565	0.00532	0.00801	0.00732	0.01057	0.01278	0.05127	0.01250	0.12608	0.64499	0.00636	0.03679	0.00533	0.02983	0.00391
9	0.00920	0.00783	0.00918	0.00665	0.01048	0.00593	0.00530	0.01122	0.00962	0.01499	0.05999	0.01098	0.00905	0.00374	0.00348	0.00072	0.00328	0.00304	0.00283	0.81249
10	0.01021	0.12024	0.08411	0.07974	0.15009	0.09113	0.00902	0.04898	0.01096	0.02909	0.13006	0.05662	0.11138	0.00656	0.00498	0.00139	0.04149	0.00536	0.00306	0.00552
11	0.00576	0.00463	0.00516	0.00509	0.00645	0.00402	0.00386	0.00726	0.01112	0.01415	0.28455	0.04085	0.53857	0.01082	0.00539	0.00152	0.00232	0.04005	0.00445	0.00398

[dist]
# distance from previous block
# <min> <max>
0	1

[block]
# block no. 1 follows, 57 sequences, length 14
# corresponding to MSA columns:
# 739-752
name=unknown_B
#
# <colnr> <probs for GDERKNQSTAVLIFYWHMCP>
#	G	D	E	R	K	N	Q	S	T	A	V	L	I	F	Y	W	H	M	C	P
0	0.00821	0.00783	0.08820	0.07616	0.10991	0.00687	0.00754	0.03736	0.01978	0.01252	0.09364	0.07029	0.05487	0.12272	0.05790	0.16991	0.02844	0.02061	0.00286	0.00439
1	0.00853	0.00805	0.01366	0.72369	0.05602	0.00974	0.03844	0.01143	0.00918	0.01180	0.00973	0.04238	0.02857	0.00502	0.00462	0.00152	0.00585	0.00454	0.00217	0.00506
2	0.01230	0.18402	0.01405	0.03558	0.01214	0.01264	0.00784	0.26313	0.06052	0.03240	0.01044	0.04095	0.00904	0.05746	0.07226	0.00206	0.14612	0.00430	0.01679	0.00595
3	0.04110	0.13273	0.23997	0.05478	0.39918	0.01158	0.01329	0.01403	0.00986	0.03089	0.00820	0.01019	0.00654	0.00415	0.00416	0.00133	0.00560	0.00357	0.00219	0.00669
4	0.04208	0.13822	0.25616	0.06059	0.25083	0.01168	0.06525	0.05172	0.01046	0.05920	0.00865	0.01033	0.00663	0.00427	0.00420	0.00134	0.00571	0.00365	0.00241	0.00662
5	0.00909	0.02344	0.81727	0.01292	0.01961	0.01052	0.01674	0.01435	0.00957	0.01435	0.00813	0.00957	0.00574	0.00431	0.00431	0.00144	0.00670	0.00335	0.00191	0.00670
6	0.01064	0.02842	0.11860	0.11023	0.48376	0.04677	0.04141	0.01353	0.01007	0.01391	0.00950	0.01240	0.02873	0.00462	0.00488	0.00141	0.03569	0.01668	0.00225	0.00651
7	0.00851	0.00670	0.01887	0.00769	0.00900	0.00730	0.01893	0.09076	0.10702	0.01409	0.05879	0.04220	0.01439	0.15234	0.32389	0.00421	0.04215	0.02459	0.04386	0.00471
8	0.00657	0.00447	0.00534	0.00534	0.00547	0.00461	0.00324	0.00684	0.00671	0.00908	0.01392	0.02766	0.01561	0.70498	0.15765	0.00488	0.00570	0.00630	0.00269	0.00296
9	0.00759	0.00637	0.00757	0.02203	0.06895	0.05844	0.00560	0.03102	0.03306	0.01245	0.07482	0.33648	0.05457	0.12296	0.13405	0.00286	0.00500	0.00840	0.00351	0.00427
10	0.01369	0.52159	0.01937	0.00910	0.01244	0.25700	0.00805	0.04461	0.05491	0.01191	0.00735	0.00821	0.00634	0.00430	0.00341	0.00107	0.00577	0.00278	0.00230	0.00579
11	0.02551	0.00794	0.00973	0.00761	0.01078	0.00704	0.03508	0.04616	0.08023	0.04471	0.06111	0.01513	0.01131	0.02212	0.02278	0.00124	0.02120	0.04697	0.03396	0.48939
12	0.01091	0.05650	0.03218	0.02986	0.20640	0.08204	0.08392	0.06497	0.04923	0.05366	0.11734	0.06280	0.09245	0.00643	0.00504	0.00142	0.03007	0.00560	0.00330	0.00587
13	0.06086	0.04195	0.07527	0.00984	0.01294	0.04358	0.00828	0.16319	0.40245	0.03564	0.04327	0.01706	0.03669	0.00653	0.00482	0.00161	0.00453	0.01999	0.00437	0.00714

[dist]
# distance from previous block
# <min> <max>
0	2

[block]
# block no. 2 follows, 57 sequences, length 27
# corresponding to MSA columns:
# 755,759-784
name=unknown_C
#
# <colnr> <probs for GDERKNQSTAVLIFYWHMCP>
#	G	D	E	R	K	N	Q	S	T	A	V	L	I	F	Y	W	H	M	C	P
0	0.01104	0.01120	0.04178	0.11907	0.25366	0.11231	0.03552	0.04436	0.16569	0.01493	0.01248	0.04490	0.03423	0.00650	0.03692	0.00164	0.00551	0.00467	0.03744	0.00615
1	0.00828	0.01224	0.27802	0.04128	0.03930	0.02450	0.04058	0.02396	0.02740	0.02588	0.13447	0.07220	0.16006	0.00799	0.01569	0.00160	0.01900	0.05893	0.00327	0.00535
2	0.01155	0.06383	0.11915	0.05893	0.13235	0.05131	0.02022	0.05790	0.03273	0.12521	0.04182	0.11186	0.01186	0.00595	0.00444	0.00133	0.00471	0.01900	0.00326	0.12259
3	0.00653	0.00437	0.00496	0.00502	0.00503	0.00435	0.00283	0.00657	0.00671	0.00894	0.01487	0.07439	0.01722	0.79500	0.02211	0.00425	0.00430	0.00694	0.00283	0.00280
4	0.00974	0.00826	0.00958	0.00688	0.01088	0.00639	0.00551	0.04612	0.00992	0.01537	0.00818	0.00946	0.00676	0.00345	0.00341	0.00070	0.00343	0.00275	0.00277	0.83044
5	0.01576	0.01196	0.01249	0.00989	0.01307	0.04865	0.00802	0.61059	0.07859	0.04098	0.03048	0.01289	0.00948	0.04334	0.03117	0.00169	0.00513	0.00435	0.00433	0.00714
6	0.00600	0.00460	0.00540	0.00582	0.00674	0.00421	0.00411	0.04139	0.00999	0.01278	0.05743	0.47435	0.32546	0.01262	0.00555	0.00169	0.00259	0.01108	0.00425	0.00393
7	0.01143	0.20118	0.23360	0.02786	0.02901	0.08091	0.05963	0.09293	0.01071	0.03901	0.00892	0.02779	0.00735	0.00793	0.09129	0.00196	0.05624	0.00376	0.00247	0.00600
8	0.01133	0.54298	0.23683	0.01036	0.05801	0.03131	0.01052	0.01411	0.02592	0.01206	0.00718	0.00832	0.00604	0.00406	0.00343	0.00113	0.00541	0.00283	0.00201	0.00614
9	0.01220	0.09572	0.18370	0.03311	0.15845	0.09251	0.03911	0.08283	0.01127	0.07419	0.00889	0.01017	0.00682	0.00425	0.00408	0.00120	0.00545	0.00345	0.00268	0.16991
10	0.00961	0.00688	0.02509	0.00685	0.00891	0.00610	0.00529	0.07972	0.00906	0.03896	0.00930	0.01308	0.00826	0.05885	0.03844	0.30783	0.02116	0.00372	0.03748	0.30539
11	0.01575	0.01167	0.01265	0.03212	0.01379	0.01297	0.00825	0.59799	0.15692	0.04501	0.01241	0.01226	0.00894	0.00554	0.00450	0.00139	0.00465	0.00428	0.03149	0.00743
12	0.00625	0.00467	0.00610	0.00639	0.03189	0.00430	0.00446	0.00800	0.01157	0.01596	0.52783	0.20532	0.12948	0.01041	0.00541	0.00152	0.00236	0.00922	0.00464	0.00419
13	0.01205	0.08554	0.07533	0.01337	0.09237	0.18616	0.06360	0.05164	0.03728	0.01294	0.00780	0.02288	0.00681	0.00587	0.00809	0.00154	0.30483	0.00385	0.00234	0.00571
14	0.00551	0.00397	0.00523	0.00624	0.00655	0.00369	0.00417	0.00632	0.00874	0.01160	0.02585	0.80466	0.06254	0.01408	0.00577	0.00183	0.00262	0.01274	0.00421	0.00369
15	0.01686	0.01251	0.01339	0.01035	0.01391	0.01388	0.00852	0.74941	0.06987	0.02796	0.01135	0.01125	0.00809	0.00548	0.00454	0.00137	0.00490	0.00414	0.00454	0.00767
16	0.00636	0.00463	0.00599	0.00565	0.00674	0.00425	0.00423	0.00845	0.01270	0.01788	0.77287	0.03432	0.08016	0.00937	0.00534	0.00143	0.00215	0.00826	0.00495	0.00425
17	0.00555	0.00460	0.00487	0.00480	0.00624	0.00391	0.00360	0.00689	0.01080	0.01335	0.18928	0.04178	0.66658	0.01106	0.00535	0.00151	0.00227	0.00931	0.00435	0.00391
18	0.00621	0.00462	0.00578	0.00549	0.00664	0.00419	0.00412	0.00816	0.01235	0.01703	0.66336	0.03572	0.19020	0.00969	0.00535	0.00145	0.00217	0.00846	0.00484	0.00419
19	0.00940	0.00805	0.00940	0.00671	0.01074	0.00604	0.00537	0.01141	0.00940	0.01477	0.00805	0.00940	0.00671	0.00336	0.00336	0.00067	0.00336	0.00268	0.00268	0.86845
20	0.02033	0.00771	0.01052	0.00806	0.01157	0.00666	0.00666	0.02208	0.01297	0.81562	0.01788	0.01542	0.01122	0.00561	0.00456	0.00140	0.00386	0.00456	0.00561	0.00771
21	0.00648	0.00483	0.00718	0.00718	0.00795	0.00561	0.00553	0.00802	0.00725	0.01044	0.01223	0.01834	0.01156	0.07032	0.78677	0.00715	0.01179	0.00493	0.00244	0.00399
22	0.01571	0.14334	0.06658	0.01117	0.01402	0.65087	0.00912	0.01718	0.01209	0.01124	0.00697	0.00813	0.00583	0.00453	0.00393	0.00116	0.00758	0.00287	0.00225	0.00543
23	0.00909	0.02344	0.81727	0.01292	0.01961	0.01052	0.01674	0.01435	0.00957	0.01435	0.00813	0.00957	0.00574	0.00431	0.00431	0.00144	0.00670	0.00335	0.00191	0.00670
24	0.00977	0.02178	0.71509	0.01317	0.01954	0.01041	0.07785	0.01474	0.00982	0.05378	0.00869	0.01006	0.00610	0.00433	0.00440	0.00144	0.00663	0.00357	0.00213	0.00670
25	0.01065	0.09169	0.22739	0.01655	0.20191	0.03672	0.18558	0.03950	0.03908	0.01465	0.03488	0.02387	0.00869	0.00479	0.00482	0.00142	0.02635	0.02263	0.00246	0.00638
26	0.00856	0.00805	0.01359	0.82986	0.03121	0.01007	0.01258	0.01158	0.00906	0.01158	0.00805	0.01208	0.00604	0.00453	0.00453	0.00151	0.00604	0.00403	0.00201	0.00503

[dist]
# distance from previous block
# <min> <max>
0	8

[block]
# block no. 3 follows, 57 sequences, length 16
# corresponding to MSA columns:
# 793-808
name=unknown_D
#
# <colnr> <probs for GDERKNQSTAVLIFYWHMCP>
#	G	D	E	R	K	N	Q	S	T	A	V	L	I	F	Y	W	H	M	C	P
0	0.00565	0.00404	0.00539	0.00639	0.00673	0.00378	0.00437	0.00655	0.00892	0.01192	0.05402	0.76667	0.03024	0.01393	0.00579	0.00184	0.00269	0.05311	0.00423	0.00373
1	0.05339	0.00830	0.00988	0.00799	0.04580	0.00699	0.02151	0.04317	0.04819	0.01572	0.01001	0.02713	0.02669	0.00411	0.00361	0.00088	0.00354	0.00336	0.02345	0.63628
2	0.00967	0.00794	0.00966	0.00846	0.07013	0.00674	0.00607	0.05633	0.04945	0.03334	0.06146	0.07176	0.04766	0.00521	0.00398	0.00099	0.00345	0.00440	0.00324	0.54008
3	0.00730	0.00522	0.00730	0.00835	0.00939	0.00522	0.00730	0.00939	0.01043	0.01356	0.02399	0.05111	0.02608	0.01252	0.00626	0.00209	0.00417	0.78199	0.00417	0.00417
4	0.00552	0.00394	0.00526	0.00631	0.00657	0.00368	0.00421	0.00631	0.00868	0.01157	0.02498	0.83779	0.02997	0.01420	0.00578	0.00184	0.00263	0.01288	0.00421	0.00368
5	0.01171	0.73368	0.12999	0.00844	0.01270	0.01694	0.00896	0.01367	0.00926	0.01115	0.00654	0.00758	0.00581	0.00393	0.00309	0.00103	0.00509	0.00255	0.00194	0.00593
6	0.00928	0.05168	0.75796	0.01332	0.05060	0.01079	0.01632	0.01431	0.00958	0.01424	0.00808	0.00955	0.00580	0.00428	0.00426	0.00142	0.00658	0.00334	0.00193	0.00668
7	0.00957	0.00498	0.00523	0.00496	0.00633	0.00504	0.00379	0.01262	0.08151	0.07562	0.01534	0.01679	0.01179	0.00538	0.00340	0.00112	0.00237	0.00433	0.72509	0.00475
8	0.00599	0.00447	0.00554	0.00622	0.00685	0.00425	0.00435	0.00752	0.04969	0.01217	0.04671	0.55005	0.14992	0.06537	0.00677	0.00194	0.00283	0.06133	0.00415	0.00387
9	0.02271	0.10068	0.47850	0.03243	0.04595	0.04025	0.08443	0.06566	0.01062	0.04642	0.00891	0.02758	0.00676	0.00456	0.00430	0.00139	0.00624	0.00375	0.00236	0.00650
10	0.00663	0.00478	0.00633	0.00627	0.00666	0.00528	0.00435	0.00744	0.00693	0.00968	0.01301	0.02340	0.01370	0.43015	0.40531	0.00570	0.03271	0.00568	0.00257	0.00343
11	0.00552	0.00394	0.00526	0.00631	0.00657	0.00368	0.00421	0.00631	0.00868	0.01157	0.02498	0.83779	0.02997	0.01420	0.00578	0.00184	0.00263	0.01288	0.00421	0.00368
12	0.02423	0.05290	0.65275	0.03184	0.01895	0.04218	0.03967	0.04607	0.01020	0.02857	0.00830	0.00969	0.00595	0.00436	0.00427	0.00141	0.00653	0.00341	0.00213	0.00658
13	0.03346	0.04172	0.19660	0.04423	0.11888	0.22468	0.05213	0.09155	0.03529	0.05153	0.00921	0.02331	0.00720	0.00478	0.00446	0.00134	0.01962	0.00375	0.01968	0.01656
14	0.00924	0.00849	0.01405	0.57267	0.15945	0.00999	0.02998	0.03071	0.00956	0.01287	0.00883	0.02612	0.00700	0.00476	0.00479	0.00147	0.03015	0.00422	0.05023	0.00541
15	0.01180	0.00927	0.03632	0.11068	0.11541	0.00935	0.04442	0.18094	0.06747	0.09594	0.05709	0.05999	0.04140	0.02589	0.00526	0.00148	0.02400	0.00515	0.06645	0.03169

[dist]
# distance from previous block
# <min> <max>
1	5

[block]
# block no. 4 follows, 57 sequences, length 23
# corresponding to MSA columns:
# 814-836
name=unknown_E
#
# <colnr> <probs for GDERKNQSTAVLIFYWHMCP>
#	G	D	E	R	K	N	Q	S	T	A	V	L	I	F	Y	W	H	M	C	P
0	0.25330	0.07206	0.01164	0.02377	0.09053	0.15241	0.00755	0.07440	0.12003	0.10815	0.01095	0.02708	0.01989	0.00507	0.00390	0.00135	0.00477	0.00375	0.00333	0.00606
1	0.00673	0.00471	0.00583	0.00572	0.00598	0.00484	0.01877	0.00717	0.00723	0.00994	0.02790	0.10881	0.02967	0.59326	0.07454	0.00395	0.03206	0.00695	0.04275	0.00318
2	0.01221	0.01050	0.01275	0.03012	0.18411	0.03339	0.02217	0.13605	0.42635	0.03322	0.01471	0.04086	0.01147	0.00573	0.00461	0.00147	0.00440	0.00490	0.00394	0.00704
3	0.00648	0.00483	0.00716	0.00716	0.00793	0.00560	0.00551	0.00801	0.00725	0.01043	0.01225	0.01842	0.01160	0.07642	0.78072	0.00713	0.01173	0.00495	0.00244	0.00398
4	0.00909	0.02344	0.81727	0.01292	0.01961	0.01052	0.01674	0.01435	0.00957	0.01435	0.00813	0.00957	0.00574	0.00431	0.00431	0.00144	0.00670	0.00335	0.00191	0.00670
5	0.00592	0.00456	0.00541	0.00531	0.00650	0.00405	0.00394	0.00756	0.01150	0.01529	0.44397	0.10377	0.34476	0.01054	0.00538	0.00150	0.00224	0.00912	0.00462	0.00405
6	0.00542	0.00457	0.00469	0.00470	0.00617	0.00384	0.00351	0.00661	0.01041	0.01253	0.08548	0.06679	0.74696	0.01144	0.00537	0.00153	0.00230	0.00959	0.00425	0.00384
7	0.00602	0.00459	0.00552	0.00534	0.00654	0.00410	0.00399	0.00777	0.01182	0.01589	0.51901	0.06605	0.30649	0.01020	0.00536	0.00148	0.00221	0.00883	0.00469	0.00410
8	0.00676	0.00489	0.00630	0.00585	0.00700	0.00459	0.00441	0.03389	0.01310	0.01850	0.78442	0.03311	0.04163	0.00914	0.00532	0.00142	0.00223	0.00806	0.00497	0.00439
9	0.01720	0.01340	0.01354	0.01052	0.01405	0.07792	0.00862	0.73581	0.02064	0.02718	0.01057	0.01067	0.00756	0.00538	0.00450	0.00134	0.00524	0.00399	0.00436	0.00751
10	0.01211	0.84348	0.02374	0.00775	0.01163	0.01793	0.00775	0.01357	0.00921	0.01066	0.00630	0.00727	0.00582	0.00388	0.00291	0.00097	0.00485	0.00242	0.00194	0.00582
11	0.87276	0.00876	0.00666	0.00596	0.00876	0.01017	0.00491	0.01332	0.00771	0.02033	0.00631	0.00736	0.00491	0.00421	0.00280	0.00140	0.00351	0.00245	0.00280	0.00491
12	0.06600	0.01247	0.01320	0.01017	0.01375	0.01383	0.00840	0.75268	0.02053	0.02809	0.01062	0.01068	0.00755	0.00537	0.00443	0.00136	0.00490	0.00399	0.00443	0.00755
13	0.01230	0.01060	0.01393	0.11348	0.21858	0.02989	0.03717	0.15066	0.30643	0.04007	0.01279	0.01345	0.00967	0.00517	0.00457	0.00144	0.00483	0.00448	0.00358	0.00694
14	0.01211	0.84348	0.02374	0.00775	0.01163	0.01793	0.00775	0.01357	0.00921	0.01066	0.00630	0.00727	0.00582	0.00388	0.00291	0.00097	0.00485	0.00242	0.00194	0.00582
15	0.17510	0.01099	0.01507	0.05914	0.44140	0.06947	0.03687	0.05056	0.01054	0.06000	0.00856	0.01053	0.00681	0.00436	0.00439	0.00137	0.02198	0.00373	0.00263	0.00648
16	0.01127	0.00973	0.01025	0.00922	0.01178	0.01127	0.00717	0.02408	0.80430	0.01896	0.01844	0.01691	0.01383	0.00615	0.00461	0.00154	0.00359	0.00512	0.00461	0.00717
17	0.02111	0.00538	0.00673	0.00611	0.00763	0.00498	0.00467	0.01024	0.05392	0.05705	0.60086	0.04439	0.06121	0.00861	0.00510	0.00139	0.00247	0.02229	0.00473	0.07113
18	0.01162	0.14219	0.29354	0.03786	0.09997	0.03794	0.09506	0.13196	0.02815	0.03727	0.00942	0.03808	0.00746	0.00476	0.00432	0.00136	0.00587	0.00400	0.00263	0.00654
19	0.00672	0.00490	0.00626	0.00633	0.02332	0.00459	0.00454	0.00894	0.04490	0.03282	0.51176	0.18297	0.12455	0.01012	0.00536	0.00152	0.00241	0.00893	0.00470	0.00437
20	0.04962	0.00769	0.01011	0.00792	0.01121	0.00692	0.00649	0.02113	0.05788	0.69715	0.06173	0.01625	0.01290	0.00579	0.00454	0.00141	0.00373	0.00472	0.00542	0.00739
21	0.00987	0.01034	0.07698	0.02726	0.01404	0.04520	0.18033	0.08452	0.01002	0.01372	0.01192	0.17420	0.01182	0.00821	0.00829	0.06840	0.19244	0.02752	0.01982	0.00510
22	0.03706	0.03165	0.07337	0.05382	0.33388	0.08083	0.07090	0.16487	0.02789	0.01685	0.00925	0.02741	0.00752	0.00523	0.01838	0.00148	0.02610	0.00413	0.00275	0.00663

[dist]
# distance from previous block
# <min> <max>
4	8

[block]
# block no. 5 follows, 57 sequences, length 18
# corresponding to MSA columns:
# 845-862
name=unknown_F
#
# <colnr> <probs for GDERKNQSTAVLIFYWHMCP>
#	G	D	E	R	K	N	Q	S	T	A	V	L	I	F	Y	W	H	M	C	P
0	0.01099	0.01049	0.01417	0.04643	0.37435	0.06762	0.03207	0.02920	0.21658	0.01556	0.03204	0.01566	0.07279	0.00546	0.00479	0.00142	0.02106	0.00481	0.01798	0.00652
1	0.00609	0.00446	0.00535	0.00537	0.00633	0.00407	0.00385	0.00754	0.01073	0.01456	0.36549	0.17147	0.23830	0.08825	0.00698	0.00178	0.00247	0.00902	0.04398	0.00391
2	0.00876	0.00826	0.01395	0.76929	0.09021	0.01012	0.01268	0.01175	0.00916	0.01182	0.00809	0.01202	0.00613	0.00449	0.00453	0.00150	0.00599	0.00403	0.00203	0.00520
3	0.06064	0.00494	0.00592	0.00563	0.00683	0.00475	0.00423	0.00917	0.02974	0.01763	0.60188	0.05918	0.08178	0.00884	0.00500	0.00142	0.00228	0.00767	0.07814	0.00433
4	0.00559	0.00399	0.00534	0.00639	0.00668	0.00374	0.00433	0.00643	0.00874	0.01165	0.02494	0.80693	0.02982	0.01413	0.00580	0.00185	0.00269	0.04306	0.00420	0.00370
5	0.01293	0.21182	0.25758	0.01159	0.07564	0.14616	0.01087	0.03592	0.01081	0.12093	0.00968	0.01047	0.02372	0.00465	0.00420	0.00126	0.02167	0.00342	0.00264	0.02403
6	0.00552	0.00394	0.00526	0.00631	0.00657	0.00368	0.00421	0.00631	0.00868	0.01157	0.02498	0.83779	0.02997	0.01420	0.00578	0.00184	0.00263	0.01288	0.00421	0.00368
7	0.00761	0.00903	0.13747	0.03240	0.08608	0.02474	0.03936	0.01021	0.02423	0.01486	0.28966	0.07926	0.16828	0.03559	0.00566	0.00158	0.00383	0.02151	0.00370	0.00493
8	0.01050	0.04094	0.12541	0.03484	0.43426	0.01028	0.04928	0.01426	0.07409	0.01474	0.00952	0.01204	0.00782	0.00498	0.02269	0.00144	0.00541	0.01814	0.00247	0.10687
9	0.01693	0.02160	0.01284	0.01167	0.01401	0.82256	0.00876	0.01809	0.01284	0.01109	0.00700	0.00817	0.00584	0.00467	0.00409	0.00117	0.00817	0.00292	0.00233	0.00525
10	0.00856	0.00805	0.01359	0.82986	0.03121	0.01007	0.01258	0.01158	0.00906	0.01158	0.00805	0.01208	0.00604	0.00453	0.00453	0.00151	0.00604	0.00403	0.00201	0.00503
11	0.87276	0.00876	0.00666	0.00596	0.00876	0.01017	0.00491	0.01332	0.00771	0.02033	0.00631	0.00736	0.00491	0.00421	0.00280	0.00140	0.00351	0.00245	0.00280	0.00491
12	0.01122	0.01077	0.01839	0.02781	0.81248	0.01077	0.01391	0.01391	0.01032	0.01480	0.00852	0.01122	0.00718	0.00404	0.00449	0.00135	0.00538	0.00404	0.00224	0.00718
13	0.87276	0.00876	0.00666	0.00596	0.00876	0.01017	0.00491	0.01332	0.00771	0.02033	0.00631	0.00736	0.00491	0.00421	0.00280	0.00140	0.00351	0.00245	0.00280	0.00491
14	0.87276	0.00876	0.00666	0.00596	0.00876	0.01017	0.00491	0.01332	0.00771	0.02033	0.00631	0.00736	0.00491	0.00421	0.00280	0.00140	0.00351	0.00245	0.00280	0.00491
15	0.02033	0.00771	0.01052	0.00806	0.01157	0.00666	0.00666	0.02208	0.01297	0.81562	0.01788	0.01542	0.01122	0.00561	0.00456	0.00140	0.00386	0.00456	0.00561	0.00771
16	0.00634	0.00463	0.00595	0.00562	0.00672	0.00424	0.00422	0.00841	0.01265	0.01775	0.75600	0.03454	0.09711	0.00942	0.00535	0.00143	0.00215	0.00829	0.00493	0.00424
17	0.00872	0.00804	0.01310	0.75400	0.02922	0.00997	0.01197	0.01233	0.05867	0.01220	0.00890	0.01253	0.00669	0.00465	0.00449	0.00150	0.00577	0.00410	0.02800	0.00514

[dist]
# distance from previous block
# <min> <max>
0	36

[block]
# block no. 6 follows, 57 sequences, length 36
# corresponding to MSA columns:
# 910-945
name=unknown_G
#
# <colnr> <probs for GDERKNQSTAVLIFYWHMCP>
#	G	D	E	R	K	N	Q	S	T	A	V	L	I	F	Y	W	H	M	C	P
0	0.00571	0.00408	0.00547	0.00652	0.00686	0.00384	0.00453	0.00663	0.00886	0.01177	0.02487	0.75623	0.02957	0.01402	0.00583	0.00187	0.00279	0.09262	0.00420	0.00373
1	0.87276	0.00876	0.00666	0.00596	0.00876	0.01017	0.00491	0.01332	0.00771	0.02033	0.00631	0.00736	0.00491	0.00421	0.00280	0.00140	0.00351	0.00245	0.00280	0.00491
2	0.00687	0.00513	0.00660	0.00705	0.00823	0.00497	0.00584	0.00921	0.04365	0.01457	0.20896	0.05959	0.17264	0.01135	0.00581	0.00181	0.00331	0.41580	0.00439	0.00425
3	0.00793	0.00833	0.05420	0.01248	0.05753	0.00728	0.29604	0.01014	0.00951	0.01291	0.01722	0.43179	0.01876	0.02627	0.00583	0.00173	0.00486	0.00903	0.00325	0.00490
4	0.01628	0.01223	0.01257	0.00983	0.01312	0.05305	0.00804	0.67516	0.01963	0.02645	0.01110	0.01138	0.00803	0.00538	0.00437	0.00132	0.00484	0.00404	0.09597	0.00721
5	0.05706	0.00844	0.01041	0.00814	0.01142	0.00807	0.00668	0.15630	0.03829	0.55971	0.01593	0.01442	0.01043	0.00551	0.00437	0.00137	0.00390	0.00437	0.06786	0.00731
6	0.00879	0.00818	0.01359	0.80800	0.03075	0.01017	0.01248	0.03254	0.00939	0.01203	0.00813	0.01205	0.00608	0.00455	0.00453	0.00151	0.00601	0.00403	0.00208	0.00511
7	0.87276	0.00876	0.00666	0.00596	0.00876	0.01017	0.00491	0.01332	0.00771	0.02033	0.00631	0.00736	0.00491	0.00421	0.00280	0.00140	0.00351	0.00245	0.00280	0.00491
8	0.01618	0.01012	0.01308	0.14012	0.06125	0.01067	0.02918	0.35074	0.01564	0.27281	0.01253	0.01266	0.00857	0.00523	0.00454	0.00140	0.00484	0.00425	0.01906	0.00716
9	0.01024	0.00672	0.00837	0.00747	0.00908	0.03853	0.03100	0.05564	0.02531	0.16721	0.21802	0.17358	0.05830	0.07881	0.05080	0.00208	0.03041	0.01912	0.00427	0.00502
10	0.00551	0.00423	0.00506	0.00568	0.00646	0.00378	0.00398	0.00649	0.00943	0.01200	0.04815	0.49883	0.33210	0.01301	0.00562	0.00172	0.00252	0.02746	0.00422	0.00376
11	0.00552	0.00394	0.00526	0.00631	0.00657	0.00368	0.00421	0.00631	0.00868	0.01157	0.02498	0.83779	0.02997	0.01420	0.00578	0.00184	0.00263	0.01288	0.00421	0.00368
12	0.00659	0.00439	0.00494	0.00494	0.00494	0.00439	0.00275	0.00659	0.00659	0.00879	0.01428	0.02965	0.01647	0.84075	0.02306	0.00439	0.00439	0.00659	0.00275	0.00275
13	0.01970	0.00757	0.01031	0.00796	0.01135	0.00655	0.00655	0.02147	0.01296	0.77968	0.05358	0.01625	0.01264	0.00577	0.00459	0.00140	0.00378	0.00472	0.00558	0.00756
14	0.01211	0.84348	0.02374	0.00775	0.01163	0.01793	0.00775	0.01357	0.00921	0.01066	0.00630	0.00727	0.00582	0.00388	0.00291	0.00097	0.00485	0.00242	0.00194	0.00582
15	0.02033	0.00771	0.01052	0.00806	0.01157	0.00666	0.00666	0.02208	0.01297	0.81562	0.01788	0.01542	0.01122	0.00561	0.00456	0.00140	0.00386	0.00456	0.00561	0.00771
16	0.01211	0.84348	0.02374	0.00775	0.01163	0.01793	0.00775	0.01357	0.00921	0.01066	0.00630	0.00727	0.00582	0.00388	0.00291	0.00097	0.00485	0.00242	0.00194	0.00582
17	0.87276	0.00876	0.00666	0.00596	0.00876	0.01017	0.00491	0.01332	0.00771	0.02033	0.00631	0.00736	0.00491	0.00421	0.00280	0.00140	0.00351	0.00245	0.00280	0.00491
18	0.02033	0.00771	0.01052	0.00806	0.01157	0.00666	0.00666	0.02208	0.01297	0.81562	0.01788	0.01542	0.01122	0.00561	0.00456	0.00140	0.00386	0.00456	0.00561	0.00771
19	0.01180	0.00999	0.01054	0.00933	0.01198	0.01152	0.00730	0.09217	0.73535	0.01980	0.01778	0.01638	0.01329	0.00609	0.00460	0.00152	0.00371	0.00503	0.00460	0.00722
20	0.01116	0.01056	0.01726	0.06544	0.67194	0.01090	0.01307	0.02819	0.07944	0.01515	0.00935	0.01172	0.00768	0.00436	0.00474	0.00139	0.02403	0.00413	0.00247	0.00703
21	0.00659	0.00439	0.00494	0.00494	0.00494	0.00439	0.00275	0.00659	0.00659	0.00879	0.01428	0.02965	0.01647	0.84075	0.02306	0.00439	0.00439	0.00659	0.00275	0.00275
22	0.02682	0.01321	0.14233	0.02457	0.03748	0.07004	0.02107	0.30284	0.02522	0.18477	0.01142	0.01158	0.00802	0.00499	0.00433	0.00131	0.00508	0.00389	0.03247	0.06856
23	0.01198	0.80715	0.05890	0.00798	0.01198	0.01760	0.00815	0.01360	0.00922	0.01082	0.00638	0.00737	0.00581	0.00390	0.00297	0.00099	0.00493	0.00246	0.00194	0.00585
24	0.00576	0.00417	0.00553	0.00626	0.00666	0.00408	0.00428	0.00664	0.00837	0.01120	0.02317	0.59047	0.07032	0.08498	0.14253	0.00293	0.00433	0.01085	0.00379	0.00367
25	0.03394	0.19715	0.24305	0.02180	0.08426	0.04176	0.03159	0.05427	0.12275	0.07189	0.02686	0.01211	0.02979	0.00489	0.00412	0.00133	0.00523	0.00386	0.00289	0.00647
26	0.01101	0.01052	0.01791	0.02702	0.78284	0.01051	0.01355	0.01363	0.01026	0.01468	0.00913	0.04162	0.00802	0.00441	0.00453	0.00136	0.00528	0.00436	0.00232	0.00705
27	0.00558	0.00399	0.00531	0.00627	0.00658	0.00372	0.00421	0.00645	0.00894	0.01198	0.07416	0.78743	0.03077	0.01389	0.00576	0.00181	0.00260	0.01259	0.00426	0.00372
28	0.01046	0.19162	0.57529	0.01155	0.01729	0.04405	0.01400	0.01483	0.02811	0.04124	0.00828	0.00941	0.00614	0.00432	0.00402	0.00133	0.00620	0.00322	0.00213	0.00650
29	0.01154	0.22367	0.22020	0.03433	0.13516	0.06025	0.05882	0.07575	0.01097	0.04572	0.03668	0.04920	0.00883	0.00493	0.00417	0.00131	0.00557	0.00405	0.00258	0.00628
30	0.01627	0.01184	0.05233	0.01089	0.06476	0.03589	0.00866	0.48549	0.01731	0.16681	0.01196	0.01205	0.00844	0.00601	0.02510	0.00150	0.00502	0.00412	0.04826	0.00728
31	0.00574	0.00417	0.00546	0.00640	0.00689	0.00389	0.00453	0.00673	0.00907	0.01189	0.02698	0.65491	0.10890	0.01370	0.00580	0.00184	0.00280	0.11234	0.00420	0.00376
32	0.01110	0.00999	0.02540	0.12637	0.29818	0.05122	0.05946	0.07596	0.06788	0.04934	0.02504	0.03278	0.02220	0.07372	0.00617	0.00168	0.00521	0.03646	0.01576	0.00608
33	0.02962	0.12255	0.19476	0.01297	0.10339	0.13768	0.07008	0.13513	0.01201	0.04788	0.01010	0.04575	0.02511	0.00514	0.00458	0.00135	0.02875	0.00409	0.00277	0.00629
34	0.00626	0.00479	0.00606	0.00696	0.04959	0.00440	0.00465	0.00769	0.02484	0.02618	0.12209	0.40439	0.27611	0.01189	0.00550	0.00166	0.00268	0.02591	0.00422	0.00412
35	0.00898	0.00630	0.00711	0.00683	0.00832	0.02479	0.00508	0.06289	0.12712	0.08663	0.12162	0.30317	0.14008	0.00990	0.00510	0.00156	0.00302	0.00859	0.05792	0.00498

[dist]
# distance from previous block
# <min> <max>
0	28

[block]
# block no. 7 follows, 57 sequences, length 101
# corresponding to MSA columns:
# 974-1008,1010-1075
name=unknown_H
#
# <colnr> <probs for GDERKNQSTAVLIFYWHMCP>
#	G	D	E	R	K	N	Q	S	T	A	V	L	I	F	Y	W	H	M	C	P
0	0.08325	0.12787	0.17561	0.03036	0.24903	0.02967	0.01088	0.05427	0.05596	0.04202	0.02952	0.02449	0.03081	0.00482	0.00412	0.00132	0.00504	0.00395	0.00271	0.03431
1	0.03120	0.06605	0.07559	0.00773	0.01028	0.02165	0.00669	0.09580	0.13359	0.10051	0.27337	0.04845	0.09578	0.00740	0.00475	0.00142	0.00356	0.00618	0.00429	0.00571
2	0.01616	0.00876	0.03229	0.00838	0.01124	0.00833	0.00687	0.22552	0.04075	0.38396	0.03311	0.01459	0.01054	0.02637	0.00718	0.14628	0.00421	0.00445	0.00450	0.00651
3	0.04505	0.14489	0.12004	0.08810	0.06462	0.05405	0.06680	0.17590	0.06934	0.05051	0.03263	0.04890	0.00927	0.00523	0.00430	0.00136	0.00528	0.00429	0.00311	0.00633
4	0.03600	0.04042	0.10405	0.02860	0.16085	0.04902	0.02110	0.24957	0.04336	0.07253	0.03066	0.05040	0.00998	0.00551	0.00440	0.00137	0.00490	0.01564	0.06506	0.00658
5	0.01042	0.29122	0.01620	0.02254	0.07708	0.05423	0.04915	0.03484	0.00960	0.01238	0.03840	0.13733	0.02258	0.00686	0.00618	0.00143	0.15775	0.03020	0.00265	0.01895
6	0.18459	0.00787	0.00970	0.00762	0.01095	0.00730	0.00629	0.02019	0.01195	0.65015	0.02759	0.01415	0.01047	0.00539	0.00423	0.00140	0.00376	0.00421	0.00506	0.00712
7	0.00586	0.00456	0.00533	0.00530	0.00650	0.00403	0.00394	0.00741	0.01124	0.01473	0.36944	0.11529	0.39435	0.01081	0.00541	0.00153	0.00229	0.02344	0.00454	0.00401
8	0.00857	0.00585	0.00698	0.00626	0.00794	0.00556	0.00487	0.09584	0.02468	0.08273	0.43796	0.03244	0.22355	0.00913	0.00521	0.00146	0.00270	0.02864	0.00477	0.00486
9	0.00713	0.00440	0.00461	0.00455	0.00577	0.00410	0.00342	0.00892	0.01025	0.01552	0.13752	0.02822	0.28305	0.00791	0.00421	0.00127	0.00218	0.00657	0.45632	0.00410
10	0.85443	0.00874	0.00674	0.00600	0.00882	0.01009	0.00495	0.01351	0.00782	0.03743	0.00656	0.00753	0.00504	0.00424	0.00284	0.00140	0.00351	0.00250	0.00286	0.00497
11	0.01723	0.01269	0.01360	0.01043	0.01405	0.01405	0.00861	0.79738	0.02131	0.02856	0.01088	0.01088	0.00771	0.00544	0.00453	0.00136	0.00499	0.00408	0.00453	0.00771
12	0.00856	0.00805	0.01359	0.82986	0.03121	0.01007	0.01258	0.01158	0.00906	0.01158	0.00805	0.01208	0.00604	0.00453	0.00453	0.00151	0.00604	0.00403	0.00201	0.00503
13	0.01980	0.00814	0.01074	0.00825	0.01173	0.00733	0.00681	0.09634	0.01377	0.72667	0.03046	0.01529	0.01141	0.00565	0.00457	0.00140	0.00394	0.00457	0.00549	0.00765
14	0.00991	0.00991	0.01388	0.01190	0.01190	0.01388	0.00991	0.01091	0.00694	0.01091	0.00595	0.00991	0.00595	0.00793	0.01487	0.00198	0.83246	0.00397	0.00198	0.00496
15	0.00556	0.00397	0.00530	0.00635	0.00663	0.00371	0.00427	0.00637	0.00871	0.01161	0.02496	0.82240	0.02989	0.01416	0.00579	0.00185	0.00266	0.02793	0.00421	0.00369
16	0.02292	0.02300	0.78984	0.01292	0.01951	0.01053	0.03082	0.01434	0.00956	0.01445	0.00812	0.00958	0.00575	0.00429	0.00430	0.00144	0.00666	0.00337	0.00193	0.00666
17	0.01132	0.11562	0.17845	0.01878	0.32723	0.03912	0.15688	0.01447	0.01037	0.05195	0.02794	0.01123	0.00767	0.00425	0.00443	0.00135	0.00594	0.00403	0.00238	0.00661
18	0.00971	0.11982	0.66140	0.01218	0.01826	0.01117	0.03591	0.01429	0.00963	0.03550	0.00859	0.02848	0.00648	0.00450	0.00421	0.00139	0.00633	0.00354	0.00208	0.00653
19	0.01624	0.01333	0.22518	0.01004	0.01440	0.00988	0.00989	0.23711	0.03578	0.36143	0.01335	0.01264	0.00885	0.00523	0.00448	0.00140	0.00492	0.00412	0.00430	0.00743
20	0.00837	0.00718	0.00818	0.00800	0.04150	0.02570	0.02258	0.03451	0.26212	0.01592	0.16715	0.11174	0.25118	0.00889	0.00508	0.00153	0.00316	0.00764	0.00432	0.00527
21	0.01911	0.00759	0.01023	0.00793	0.01124	0.00666	0.00652	0.04167	0.01318	0.72949	0.08239	0.01681	0.01370	0.00590	0.00462	0.00140	0.00375	0.00484	0.00553	0.00743
22	0.01287	0.01253	0.05257	0.03650	0.25601	0.07000	0.11262	0.20945	0.14397	0.01842	0.01064	0.01191	0.00816	0.00484	0.00476	0.00141	0.01895	0.00428	0.00319	0.00692
23	0.00856	0.00805	0.01359	0.82986	0.03121	0.01007	0.01258	0.01158	0.00906	0.01158	0.00805	0.01208	0.00604	0.00453	0.00453	0.00151	0.00604	0.00403	0.00201	0.00503
24	0.01611	0.01228	0.01296	0.01022	0.01363	0.02610	0.00835	0.64082	0.16743	0.02649	0.01223	0.01196	0.00882	0.00556	0.00454	0.00139	0.00477	0.00426	0.00451	0.00757
25	0.00665	0.00453	0.00558	0.00572	0.00633	0.00440	0.00388	0.00744	0.00840	0.04055	0.06816	0.21069	0.14618	0.32477	0.12108	0.00343	0.00454	0.02053	0.00352	0.00359
26	0.00660	0.00440	0.00495	0.00494	0.00501	0.00438	0.00280	0.00671	0.00686	0.00922	0.03403	0.02977	0.03110	0.79060	0.02196	0.00421	0.00426	0.00664	0.01874	0.00283
27	0.00856	0.00805	0.01359	0.82986	0.03121	0.01007	0.01258	0.01158	0.00906	0.01158	0.00805	0.01208	0.00604	0.00453	0.00453	0.00151	0.00604	0.00403	0.00201	0.00503
28	0.01038	0.00991	0.00907	0.00864	0.01045	0.14872	0.00646	0.01729	0.40631	0.01542	0.04698	0.24367	0.03101	0.00832	0.00488	0.00155	0.00404	0.00707	0.00411	0.00572
29	0.00590	0.00438	0.00497	0.00518	0.00586	0.00403	0.00343	0.00665	0.00886	0.01135	0.08947	0.21402	0.30230	0.29995	0.01160	0.00259	0.00309	0.00916	0.00376	0.00345
30	0.00552	0.00394	0.00526	0.00631	0.00657	0.00368	0.00421	0.00631	0.00868	0.01157	0.02498	0.83779	0.02997	0.01420	0.00578	0.00184	0.00263	0.01288	0.00421	0.00368
31	0.00730	0.00522	0.00730	0.00835	0.00939	0.00522	0.00730	0.00939	0.01043	0.01356	0.02399	0.05111	0.02608	0.01252	0.00626	0.00209	0.00417	0.78199	0.00417	0.00417
32	0.00900	0.00847	0.01199	0.02851	0.05104	0.02180	0.00878	0.01023	0.00731	0.01093	0.00797	0.01237	0.00761	0.01533	0.24713	0.02457	0.50589	0.00421	0.00213	0.00474
33	0.82651	0.00871	0.00687	0.00607	0.00892	0.00998	0.00500	0.01380	0.00800	0.06348	0.00694	0.00780	0.00525	0.00428	0.00290	0.00140	0.00352	0.00257	0.00296	0.00506
34	0.00659	0.00439	0.00494	0.00494	0.00494	0.00439	0.00275	0.00659	0.00659	0.00879	0.01428	0.02965	0.01647	0.84075	0.02306	0.00439	0.00439	0.00659	0.00275	0.00275
35	0.00991	0.00991	0.01388	0.01190	0.01190	0.01388	0.00991	0.01091	0.00694	0.01091	0.00595	0.00991	0.00595	0.00793	0.01487	0.00198	0.83246	0.00397	0.00198	0.00496
36	0.00707	0.00495	0.00565	0.00567	0.00601	0.00507	0.00354	0.02472	0.06849	0.01048	0.01613	0.12421	0.01801	0.63271	0.01863	0.00373	0.00413	0.03429	0.00315	0.00335
37	0.00594	0.00409	0.00533	0.00621	0.00665	0.00378	0.00420	0.00680	0.00891	0.03257	0.02595	0.75218	0.07885	0.01365	0.00568	0.00180	0.00263	0.01231	0.01866	0.00380
38	0.00641	0.00463	0.00606	0.00570	0.00677	0.00428	0.00428	0.00855	0.01283	0.01817	0.81009	0.03385	0.04276	0.00926	0.00534	0.00143	0.00214	0.00819	0.00499	0.00428
39	0.00795	0.00410	0.00621	0.00644	0.02556	0.00410	0.00418	0.00610	0.00601	0.00804	0.00789	0.01371	0.00785	0.01546	0.01739	0.84704	0.00397	0.00394	0.00197	0.00209
40	0.00711	0.00512	0.00617	0.00654	0.00724	0.00515	0.00450	0.04048	0.09697	0.02373	0.02186	0.50539	0.04107	0.16943	0.00883	0.00225	0.00320	0.02522	0.01563	0.00413
41	0.00671	0.00459	0.00549	0.00574	0.00599	0.00461	0.00360	0.00765	0.06237	0.01024	0.01718	0.26967	0.01954	0.45805	0.01610	0.08407	0.00377	0.00813	0.00324	0.00326
42	0.19717	0.00756	0.00837	0.00699	0.00969	0.00766	0.00564	0.03865	0.11309	0.34872	0.01463	0.01411	0.01021	0.00530	0.00389	0.00134	0.00340	0.00410	0.19319	0.00628
43	0.00654	0.00476	0.00617	0.00579	0.00690	0.00446	0.00435	0.00895	0.03337	0.01819	0.78955	0.03341	0.04200	0.00918	0.00533	0.00143	0.00218	0.00812	0.00498	0.00435
44	0.00922	0.00878	0.01503	0.62480	0.21027	0.01026	0.03322	0.01219	0.00939	0.01239	0.00819	0.01189	0.00632	0.00440	0.00454	0.00147	0.00593	0.00406	0.00207	0.00555
45	0.44710	0.05665	0.02789	0.00910	0.06522	0.03427	0.00701	0.16920	0.09770	0.02036	0.00904	0.02287	0.00709	0.00481	0.00358	0.00138	0.00419	0.00337	0.00325	0.00594
46	0.00558	0.00459	0.00491	0.00485	0.00626	0.00391	0.00363	0.00692	0.01081	0.01344	0.20239	0.05778	0.63708	0.01108	0.00536	0.00151	0.00227	0.00935	0.00437	0.00391
47	0.00975	0.00912	0.01464	0.56627	0.21294	0.03225	0.01254	0.01253	0.00947	0.03189	0.00829	0.01177	0.00642	0.00458	0.00493	0.00148	0.03935	0.00401	0.00216	0.00561
48	0.01211	0.84348	0.02374	0.00775	0.01163	0.01793	0.00775	0.01357	0.00921	0.01066	0.00630	0.00727	0.00582	0.00388	0.00291	0.00097	0.00485	0.00242	0.00194	0.00582
49	0.01127	0.00973	0.01025	0.00922	0.01178	0.01127	0.00717	0.02408	0.80430	0.01896	0.01844	0.01691	0.01383	0.00615	0.00461	0.00154	0.00359	0.00512	0.00461	0.00717
50	0.01070	0.01222	0.02674	0.01910	0.02368	0.01146	0.79603	0.01451	0.01070	0.01451	0.00917	0.01222	0.00688	0.00382	0.00535	0.00153	0.00764	0.00535	0.00229	0.00611
51	0.00845	0.00422	0.00422	0.00422	0.00528	0.00422	0.00317	0.01056	0.00950	0.01689	0.01478	0.01689	0.01161	0.00528	0.00317	0.00106	0.00211	0.00422	0.86591	0.00422
52	0.87276	0.00876	0.00666	0.00596	0.00876	0.01017	0.00491	0.01332	0.00771	0.02033	0.00631	0.00736	0.00491	0.00421	0.00280	0.00140	0.00351	0.00245	0.00280	0.00491
53	0.00659	0.00439	0.00494	0.00494	0.00494	0.00439	0.00275	0.00659	0.00659	0.00879	0.01428	0.02965	0.01647	0.84075	0.02306	0.00439	0.00439	0.00659	0.00275	0.00275
54	0.01122	0.01077	0.01839	0.02781	0.81248	0.01077	0.01391	0.01391	0.01032	0.01480	0.00852	0.01122	0.00718	0.00404	0.00449	0.00135	0.00538	0.00404	0.00224	0.00718
55	0.00557	0.00398	0.00531	0.00634	0.00663	0.00372	0.00427	0.00642	0.00880	0.01175	0.04198	0.80517	0.03017	0.01406	0.00578	0.00184	0.00265	0.02764	0.00422	0.00370
56	0.00600	0.00420	0.00513	0.00566	0.00591	0.00402	0.00360	0.00653	0.00801	0.01060	0.03674	0.42424	0.07047	0.36042	0.01300	0.00289	0.00336	0.02228	0.00361	0.00332
57	0.01141	0.00980	0.01032	0.00925	0.01183	0.01133	0.00721	0.04171	0.78645	0.01917	0.01827	0.01677	0.01369	0.00613	0.00461	0.00153	0.00362	0.00510	0.00461	0.00718
58	0.00860	0.00814	0.01387	0.81271	0.03105	0.01010	0.02915	0.01164	0.00910	0.01164	0.00808	0.01208	0.00606	0.00452	0.00455	0.00151	0.00607	0.00405	0.00202	0.00506
59	0.01246	0.02754	0.24243	0.05111	0.23138	0.06353	0.01227	0.16847	0.03598	0.06006	0.00961	0.01096	0.00721	0.00471	0.00459	0.00138	0.02316	0.00382	0.02253	0.00682
60	0.01678	0.00998	0.01150	0.00919	0.01248	0.01046	0.00747	0.28874	0.23309	0.32675	0.01563	0.01427	0.01073	0.00570	0.00456	0.00142	0.00417	0.00455	0.00497	0.00756
61	0.02016	0.00775	0.01051	0.00808	0.01157	0.00675	0.00667	0.02212	0.02807	0.80042	0.01789	0.01545	0.01127	0.00562	0.00456	0.00140	0.00385	0.00457	0.00559	0.00770
62	0.00978	0.02235	0.03366	0.49655	0.08725	0.05020	0.07005	0.04582	0.00999	0.02460	0.02185	0.04745	0.00816	0.02522	0.00532	0.00156	0.02788	0.00454	0.00238	0.00537
63	0.00867	0.00743	0.03152	0.01083	0.14157	0.00705	0.04392	0.02492	0.12055	0.05083	0.10223	0.17847	0.19242	0.00874	0.00524	0.00155	0.01664	0.02232	0.01979	0.00532
64	0.00698	0.00468	0.00545	0.00567	0.00661	0.00451	0.00408	0.04169	0.02531	0.01478	0.12720	0.35526	0.13626	0.01031	0.00491	0.00151	0.00250	0.00902	0.22910	0.00416
65	0.00659	0.00439	0.00494	0.00494	0.00494	0.00439	0.00275	0.00659	0.00659	0.00879	0.01428	0.02965	0.01647	0.84075	0.02306	0.00439	0.00439	0.00659	0.00275	0.00275
66	0.03528	0.04830	0.13850	0.11500	0.06400	0.03794	0.20155	0.15103	0.05877	0.07056	0.00992	0.01148	0.00731	0.00467	0.00482	0.00144	0.02582	0.00421	0.00294	0.00647
67	0.01624	0.01132	0.01147	0.00927	0.01227	0.11242	0.00745	0.38176	0.02956	0.21607	0.04740	0.06324	0.02768	0.00620	0.00458	0.00138	0.00470	0.00488	0.02528	0.00684
68	0.00577	0.00422	0.00548	0.00639	0.00694	0.00393	0.00457	0.00680	0.00915	0.01195	0.02753	0.61692	0.13007	0.01359	0.00580	0.00184	0.00282	0.12826	0.00420	0.00377
69	0.00991	0.00991	0.01388	0.01190	0.01190	0.01388	0.00991	0.01091	0.00694	0.01091	0.00595	0.00991	0.00595	0.00793	0.01487	0.00198	0.83246	0.00397	0.00198	0.00496
70	0.00634	0.00463	0.00596	0.00562	0.00673	0.00424	0.00422	0.00841	0.01266	0.01776	0.75771	0.03452	0.09540	0.00942	0.00535	0.00143	0.00215	0.00829	0.00493	0.00424
71	0.00987	0.02215	0.67323	0.01345	0.01958	0.07495	0.09529	0.01466	0.00994	0.01411	0.00815	0.00973	0.00586	0.00428	0.00439	0.00142	0.00691	0.00352	0.00199	0.00652
72	0.00869	0.00822	0.01399	0.78633	0.06054	0.01012	0.02547	0.01171	0.00913	0.01175	0.00809	0.01205	0.00610	0.00450	0.00454	0.00150	0.00604	0.00405	0.00203	0.00513
73	0.00787	0.00394	0.00590	0.00590	0.00590	0.00394	0.00394	0.00590	0.00590	0.00787	0.00787	0.01377	0.00787	0.01574	0.01771	0.86816	0.00394	0.00394	0.00197	0.00197
74	0.02033	0.00771	0.01052	0.00806	0.01157	0.00666	0.00666	0.02208	0.01297	0.81562	0.01788	0.01542	0.01122	0.00561	0.00456	0.00140	0.00386	0.00456	0.00561	0.00771
75	0.00659	0.00439	0.00494	0.00494	0.00494	0.00439	0.00275	0.00659	0.00659	0.00879	0.01428	0.02965	0.01647	0.84075	0.02306	0.00439	0.00439	0.00659	0.00275	0.00275
76	0.01211	0.84348	0.02374	0.00775	0.01163	0.01793	0.00775	0.01357	0.00921	0.01066	0.00630	0.00727	0.00582	0.00388	0.00291	0.00097	0.00485	0.00242	0.00194	0.00582
77	0.00678	0.00471	0.00618	0.00576	0.00690	0.00434	0.00434	0.00891	0.01283	0.03945	0.78895	0.03336	0.04191	0.00917	0.00532	0.00142	0.00218	0.00810	0.00500	0.00437
78	0.00909	0.02344	0.81727	0.01292	0.01961	0.01052	0.01674	0.01435	0.00957	0.01435	0.00813	0.00957	0.00574	0.00431	0.00431	0.00144	0.00670	0.00335	0.00191	0.00670
79	0.00604	0.00435	0.00584	0.00684	0.00739	0.00414	0.00510	0.00724	0.00927	0.01219	0.02561	0.56787	0.06343	0.01357	0.00591	0.00190	0.00307	0.24220	0.00420	0.00383
80	0.00552	0.00394	0.00526	0.00631	0.00657	0.00368	0.00421	0.00631	0.00868	0.01157	0.02498	0.83779	0.02997	0.01420	0.00578	0.00184	0.00263	0.01288	0.00421	0.00368
81	0.00683	0.00527	0.00715	0.00729	0.02150	0.02513	0.00531	0.00814	0.00733	0.01027	0.01237	0.01977	0.01213	0.19007	0.63307	0.00647	0.01042	0.00513	0.00248	0.00388
82	0.00542	0.00445	0.00477	0.00499	0.00623	0.00380	0.00363	0.00651	0.01003	0.01224	0.05979	0.21564	0.62280	0.01201	0.00545	0.00159	0.00236	0.01025	0.00423	0.00380
83	0.01982	0.00760	0.01035	0.00798	0.01139	0.00657	0.00657	0.02158	0.01296	0.78622	0.04708	0.01610	0.01238	0.00574	0.00459	0.00140	0.00379	0.00469	0.00559	0.00758
84	0.01013	0.03734	0.29345	0.05199	0.06721	0.01121	0.43341	0.01427	0.01018	0.01425	0.00866	0.01113	0.00644	0.00403	0.00485	0.00147	0.00705	0.00446	0.00214	0.00632
85	0.01131	0.00906	0.02224	0.12906	0.18113	0.02116	0.04293	0.08384	0.13394	0.09611	0.09914	0.03119	0.02411	0.00662	0.02995	0.00161	0.01846	0.00501	0.04694	0.00619
86	0.00568	0.00403	0.00531	0.00620	0.00645	0.00384	0.00410	0.00642	0.00838	0.01121	0.02323	0.71241	0.02767	0.10809	0.04200	0.00236	0.00323	0.01184	0.00397	0.00359
