[name]
unknown

[dist]
# distance from previous block
# <min> <max>
10	51

[block]
# block no. 0 follows, 51 sequences, length 33
# corresponding to MSA columns:
# 70-102
name=unknown_A
#
# <colnr> <probs for GDERKNQSTAVLIFYWHMCP>
#	G	D	E	R	K	N	Q	S	T	A	V	L	I	F	Y	W	H	M	C	P
0	0.01133	0.06101	0.07810	0.12411	0.02684	0.09050	0.05009	0.08224	0.05192	0.04535	0.09515	0.07841	0.07422	0.02654	0.00540	0.00158	0.00512	0.00592	0.05743	0.02874
1	0.01156	0.02685	0.04992	0.11725	0.03505	0.04770	0.19979	0.10356	0.04281	0.01722	0.08419	0.01460	0.01140	0.00628	0.03174	0.00163	0.02678	0.00484	0.00316	0.16366
2	0.05532	0.10504	0.16206	0.01134	0.04373	0.08433	0.04454	0.09567	0.05343	0.07640	0.04050	0.01402	0.01020	0.00978	0.11784	0.00233	0.00683	0.01578	0.00324	0.04761
3	0.03818	0.07309	0.16673	0.06351	0.05585	0.02335	0.04813	0.12897	0.11092	0.06221	0.05161	0.05036	0.02401	0.01618	0.00501	0.00152	0.00529	0.00497	0.00356	0.06656
4	0.02546	0.02785	0.02873	0.08699	0.16448	0.06560	0.15163	0.05569	0.05826	0.03823	0.04061	0.05585	0.07036	0.00620	0.00558	0.00154	0.04427	0.00555	0.00320	0.06391
5	0.00972	0.00705	0.00829	0.05913	0.01063	0.02311	0.00590	0.06259	0.02817	0.09796	0.09956	0.14087	0.26868	0.03880	0.01980	0.00180	0.02445	0.00811	0.00434	0.08103
6	0.01192	0.04895	0.10010	0.01224	0.01613	0.02418	0.20625	0.11154	0.10793	0.03440	0.09695	0.01566	0.01294	0.00555	0.00507	0.00144	0.01880	0.00506	0.06161	0.10326
7	0.01323	0.08067	0.10113	0.01093	0.05782	0.03550	0.00908	0.17534	0.15639	0.07177	0.07972	0.03832	0.01326	0.00651	0.00536	0.02751	0.01931	0.00493	0.02425	0.06897
8	0.00879	0.00540	0.00665	0.00676	0.03254	0.00534	0.00411	0.00923	0.00810	0.08761	0.01577	0.02975	0.01688	0.65155	0.06997	0.00447	0.00525	0.02475	0.00328	0.00379
9	0.00903	0.00835	0.01395	0.73887	0.03141	0.01031	0.01289	0.01212	0.00984	0.01262	0.01044	0.06664	0.00888	0.00585	0.00506	0.00168	0.00625	0.02806	0.00241	0.00534
10	0.01126	0.00963	0.01052	0.06122	0.01326	0.01102	0.00761	0.02274	0.62703	0.01941	0.05246	0.02085	0.07250	0.00708	0.00504	0.00164	0.00385	0.00594	0.02977	0.00714
11	0.07064	0.04428	0.03841	0.03025	0.02572	0.08704	0.01822	0.13502	0.16618	0.11331	0.05577	0.05868	0.06170	0.01983	0.00517	0.00157	0.00476	0.02063	0.00424	0.03859
12	0.00974	0.02259	0.67405	0.01359	0.04593	0.01067	0.01638	0.01488	0.01053	0.01568	0.03664	0.01240	0.03088	0.00500	0.00468	0.00150	0.00667	0.00399	0.00233	0.06187
13	0.01678	0.06025	0.01477	0.01240	0.06468	0.22744	0.03793	0.20854	0.14759	0.12871	0.01318	0.01320	0.02099	0.00567	0.00475	0.00144	0.00599	0.00439	0.00404	0.00726
14	0.01588	0.19315	0.01651	0.01194	0.03797	0.45756	0.02701	0.06783	0.04216	0.01366	0.00867	0.01014	0.00728	0.00721	0.06118	0.00173	0.00788	0.00347	0.00269	0.00607
15	0.01013	0.00857	0.00995	0.00729	0.01138	0.00668	0.00580	0.01284	0.04485	0.01642	0.03890	0.01176	0.00923	0.00407	0.00378	0.00081	0.00356	0.00330	0.02581	0.76487
16	0.07109	0.00895	0.03071	0.02316	0.04662	0.00848	0.02031	0.15664	0.02560	0.20776	0.12433	0.13516	0.05708	0.00786	0.00509	0.00155	0.00408	0.00665	0.00469	0.05419
17	0.01368	0.04436	0.12062	0.02848	0.15951	0.27367	0.10141	0.01707	0.06187	0.04202	0.01050	0.03863	0.00868	0.00700	0.04952	0.00181	0.00743	0.00445	0.00279	0.00651
18	0.01067	0.01074	0.01579	0.01329	0.01366	0.01452	0.06699	0.01196	0.00788	0.01214	0.00734	0.03571	0.00732	0.00848	0.01507	0.00211	0.73395	0.00471	0.00225	0.00543
19	0.05033	0.09932	0.01469	0.01149	0.03998	0.22467	0.00895	0.26915	0.19536	0.02069	0.01179	0.01199	0.00901	0.00558	0.00455	0.00142	0.00591	0.00410	0.00386	0.00717
20	0.01280	0.03129	0.20969	0.06210	0.08102	0.05074	0.04640	0.09745	0.09154	0.11339	0.03532	0.04824	0.03834	0.02040	0.00532	0.00161	0.00563	0.02441	0.00361	0.02070
21	0.03843	0.17728	0.08025	0.02922	0.10020	0.12483	0.05989	0.12563	0.01299	0.04607	0.05856	0.04517	0.02741	0.00600	0.00501	0.00145	0.03326	0.01865	0.00320	0.00651
22	0.01139	0.11658	0.01781	0.01296	0.01448	0.03857	0.12443	0.01354	0.03806	0.01303	0.00803	0.01136	0.00720	0.00705	0.01153	0.00184	0.49790	0.00434	0.04416	0.00574
23	0.00752	0.00736	0.08854	0.00741	0.00924	0.00552	0.01982	0.03228	0.01120	0.04094	0.12804	0.32838	0.24911	0.02365	0.00610	0.00180	0.00340	0.02049	0.00441	0.00477
24	0.43926	0.01155	0.02406	0.00850	0.01171	0.10080	0.00700	0.09699	0.03544	0.17858	0.01052	0.01085	0.00758	0.00575	0.01797	0.00161	0.01808	0.00354	0.00381	0.00639
25	0.00978	0.00944	0.01661	0.34080	0.18028	0.01042	0.13648	0.01258	0.01017	0.01373	0.01197	0.14895	0.01130	0.00668	0.00600	0.00170	0.05837	0.00621	0.00268	0.00587
26	0.00766	0.00553	0.00648	0.00627	0.00695	0.00568	0.00421	0.05729	0.00916	0.01214	0.03319	0.06981	0.14239	0.46002	0.13483	0.00428	0.01933	0.00753	0.00341	0.00384
27	0.00702	0.00527	0.00790	0.00790	0.00878	0.00614	0.00614	0.00878	0.00790	0.01141	0.01316	0.01931	0.01229	0.03686	0.80782	0.00790	0.01316	0.00527	0.00263	0.00439
28	0.01197	0.01075	0.03289	0.07517	0.06140	0.01176	0.00881	0.07716	0.55355	0.01980	0.01949	0.01873	0.06342	0.00665	0.00502	0.00163	0.00433	0.00557	0.00451	0.00739
29	0.00636	0.00496	0.00579	0.00581	0.00712	0.00439	0.00435	0.00801	0.01205	0.01569	0.32616	0.12089	0.40150	0.01189	0.00590	0.00168	0.00256	0.04570	0.00488	0.00433
30	0.01287	0.09123	0.02717	0.00935	0.04556	0.03596	0.00743	0.13056	0.01255	0.06743	0.00967	0.01066	0.00763	0.00429	0.00396	0.00099	0.00443	0.00333	0.00329	0.51164
31	0.04390	0.03346	0.14433	0.02912	0.05346	0.06875	0.11563	0.08100	0.02453	0.05935	0.07196	0.02667	0.03158	0.01919	0.01836	0.00159	0.01937	0.02293	0.00329	0.13153
32	0.01346	0.29580	0.22467	0.01251	0.06663	0.12777	0.02162	0.04554	0.02687	0.05665	0.00877	0.01005	0.00698	0.00496	0.00492	0.00137	0.05868	0.00348	0.00257	0.00673

[dist]
# distance from previous block
# <min> <max>
9	13

[block]
# block no. 1 follows, 51 sequences, length 23
# corresponding to MSA columns:
# 116-138
name=unknown_B
#
# <colnr> <probs for GDERKNQSTAVLIFYWHMCP>
#	G	D	E	R	K	N	Q	S	T	A	V	L	I	F	Y	W	H	M	C	P
0	0.03929	0.01129	0.01665	0.14841	0.47307	0.05161	0.01278	0.03673	0.06377	0.01606	0.01117	0.03360	0.02679	0.00514	0.00482	0.00149	0.00567	0.00467	0.00278	0.03420
1	0.01259	0.01399	0.16884	0.04679	0.04878	0.03333	0.06947	0.21824	0.12085	0.02000	0.03806	0.02711	0.02942	0.01683	0.02795	0.00172	0.00579	0.01952	0.00364	0.07709
2	0.00723	0.00508	0.00617	0.00619	0.00659	0.00528	0.00402	0.00825	0.04090	0.01075	0.01744	0.08057	0.05480	0.51578	0.18598	0.02478	0.00624	0.00722	0.00315	0.00358
3	0.01075	0.04306	0.12753	0.13969	0.10464	0.06087	0.07366	0.01488	0.09170	0.03751	0.04850	0.05942	0.03953	0.00711	0.00546	0.00167	0.02255	0.10204	0.00327	0.00617
4	0.01209	0.06070	0.09347	0.05053	0.38503	0.03829	0.10982	0.05270	0.02536	0.03764	0.01278	0.02510	0.06390	0.00529	0.00494	0.00150	0.00600	0.00493	0.00283	0.00708
5	0.01148	0.02801	0.08480	0.05233	0.02341	0.04522	0.56139	0.03091	0.01150	0.01539	0.01055	0.05802	0.00865	0.00505	0.00588	0.00165	0.03095	0.00579	0.00259	0.00643
6	0.01090	0.00710	0.00794	0.00707	0.00923	0.02194	0.00547	0.03091	0.14605	0.16442	0.18723	0.03129	0.27795	0.02493	0.00572	0.00164	0.00323	0.00763	0.04356	0.00578
7	0.01220	0.06457	0.06095	0.02316	0.48831	0.05085	0.06607	0.01628	0.09402	0.01598	0.03035	0.01296	0.00924	0.00491	0.00515	0.00149	0.02894	0.00451	0.00274	0.00733
8	0.01159	0.00957	0.01025	0.00925	0.01183	0.01075	0.00721	0.03656	0.61223	0.04203	0.07683	0.02282	0.08672	0.00753	0.00516	0.00166	0.00370	0.02210	0.00501	0.00719
9	0.00715	0.00476	0.00536	0.00536	0.00536	0.00476	0.00298	0.00715	0.00715	0.00953	0.01548	0.03216	0.01787	0.82729	0.02501	0.00476	0.00476	0.00715	0.00298	0.00298
10	0.01462	0.01337	0.01421	0.08506	0.01662	0.22665	0.10541	0.01960	0.19695	0.14034	0.01462	0.03381	0.01171	0.00641	0.00529	0.00159	0.02035	0.06297	0.00384	0.00658
11	0.01005	0.05053	0.73975	0.01415	0.02121	0.01172	0.05456	0.01554	0.01042	0.01544	0.00881	0.01043	0.00629	0.00463	0.00468	0.00155	0.00725	0.00370	0.00210	0.00720
12	0.01161	0.00770	0.00880	0.00808	0.01009	0.00821	0.00619	0.01817	0.33453	0.11984	0.01883	0.07487	0.01591	0.07627	0.02796	0.04330	0.00397	0.04927	0.13560	0.02078
13	0.12498	0.00922	0.00913	0.00774	0.01035	0.04754	0.00616	0.17786	0.08903	0.11373	0.01410	0.01472	0.01048	0.00565	0.00408	0.00135	0.00388	0.00432	0.31533	0.03033
14	0.00602	0.00471	0.00540	0.00580	0.00684	0.00415	0.00410	0.00716	0.01060	0.01340	0.10151	0.34226	0.41574	0.04093	0.00663	0.00188	0.00269	0.01151	0.00458	0.00409
15	0.00714	0.00510	0.00701	0.00808	0.00889	0.00497	0.00649	0.00886	0.01069	0.01409	0.05917	0.34965	0.03067	0.01412	0.00655	0.00213	0.00379	0.44369	0.00458	0.00433
16	0.07755	0.00557	0.00622	0.00592	0.00746	0.00525	0.00449	0.00950	0.03868	0.01769	0.44353	0.03739	0.30245	0.01031	0.00555	0.00159	0.00255	0.00878	0.00491	0.00463
17	0.00909	0.00845	0.01417	0.74860	0.03177	0.01052	0.01303	0.01224	0.00967	0.01246	0.00910	0.01362	0.00703	0.00756	0.07141	0.00216	0.00710	0.00444	0.00222	0.00537
18	0.01169	0.03733	0.13871	0.05588	0.25482	0.06900	0.17029	0.04895	0.01157	0.01571	0.01067	0.07890	0.00931	0.00538	0.00499	0.00150	0.00639	0.00512	0.00269	0.06108
19	0.01023	0.00860	0.01002	0.00740	0.01137	0.00687	0.00592	0.02648	0.02501	0.02899	0.01251	0.01357	0.07271	0.00465	0.00425	0.00089	0.02689	0.00368	0.00315	0.71681
20	0.01829	0.00839	0.01079	0.00861	0.01183	0.00786	0.00697	0.08698	0.07270	0.53312	0.12012	0.01953	0.01670	0.03058	0.02276	0.00176	0.00423	0.00553	0.00565	0.00759
21	0.00658	0.00517	0.00653	0.00674	0.00755	0.00511	0.00490	0.00792	0.01081	0.01447	0.22468	0.37592	0.21207	0.01279	0.00686	0.00182	0.07016	0.01104	0.00458	0.00431
22	0.01018	0.16166	0.60297	0.01240	0.01863	0.01223	0.01537	0.01490	0.01060	0.01522	0.07351	0.01213	0.00956	0.00503	0.00450	0.00147	0.00651	0.00389	0.00236	0.00688

[dist]
# distance from previous block
# <min> <max>
0	88

[block]
# block no. 2 follows, 51 sequences, length 6
# corresponding to MSA columns:
# 227-232
name=unknown_C
#
# <colnr> <probs for GDERKNQSTAVLIFYWHMCP>
#	G	D	E	R	K	N	Q	S	T	A	V	L	I	F	Y	W	H	M	C	P
0	0.00608	0.00480	0.00548	0.00571	0.00690	0.00420	0.00413	0.00742	0.01124	0.01432	0.18675	0.25365	0.44635	0.01278	0.00593	0.00173	0.00255	0.01105	0.00473	0.00420
1	0.00683	0.00558	0.00679	0.00781	0.06402	0.00513	0.00532	0.00864	0.03554	0.01381	0.06214	0.18600	0.43162	0.04225	0.00662	0.00189	0.00316	0.09795	0.00439	0.00451
2	0.06448	0.21672	0.08407	0.01125	0.01493	0.22870	0.03487	0.19617	0.03711	0.01761	0.00885	0.00990	0.00703	0.00517	0.00477	0.00137	0.04376	0.00355	0.00303	0.00666
3	0.00893	0.00588	0.00799	0.00763	0.00877	0.00662	0.00596	0.03649	0.00932	0.06100	0.01426	0.05089	0.01269	0.02508	0.48929	0.00534	0.05628	0.00537	0.17736	0.00484
4	0.00612	0.00458	0.00571	0.00645	0.00719	0.00417	0.00455	0.00726	0.01029	0.01336	0.08778	0.52946	0.22459	0.01417	0.00615	0.00189	0.00282	0.05474	0.00462	0.00411
5	0.04087	0.01483	0.09985	0.09940	0.32806	0.16511	0.06170	0.05197	0.01216	0.01599	0.05613	0.01282	0.00946	0.00500	0.00482	0.00147	0.00650	0.00437	0.00271	0.00678

[dist]
# distance from previous block
# <min> <max>
4	77

[block]
# block no. 3 follows, 51 sequences, length 18
# corresponding to MSA columns:
# 311-316,318-324,326-330
name=unknown_D
#
# <colnr> <probs for GDERKNQSTAVLIFYWHMCP>
#	G	D	E	R	K	N	Q	S	T	A	V	L	I	F	Y	W	H	M	C	P
0	0.01498	0.04236	0.15914	0.02632	0.01615	0.14819	0.03001	0.23758	0.20921	0.04791	0.01259	0.01278	0.00929	0.00561	0.00478	0.00150	0.00600	0.00434	0.00385	0.00740
1	0.01288	0.01151	0.01788	0.20337	0.40313	0.01239	0.04431	0.18201	0.01342	0.01842	0.00965	0.01231	0.00759	0.00492	0.00519	0.00153	0.02485	0.00444	0.00292	0.00728
2	0.01103	0.00935	0.01135	0.00856	0.01208	0.00858	0.00695	0.05197	0.01046	0.03603	0.00874	0.01054	0.00731	0.00473	0.00604	0.00105	0.15367	0.00330	0.00296	0.63531
3	0.01097	0.00613	0.00780	0.00697	0.00898	0.00544	0.00533	0.01304	0.03219	0.22620	0.26939	0.17580	0.14225	0.00986	0.00551	0.00159	0.00306	0.00855	0.00515	0.05577
4	0.01220	0.01350	0.01011	0.00895	0.01140	0.34328	0.00677	0.01383	0.01260	0.01446	0.15941	0.04074	0.14755	0.00719	0.00480	0.00129	0.00538	0.00564	0.00353	0.17738
5	0.01051	0.00999	0.01697	0.47976	0.35994	0.01124	0.01426	0.01364	0.01041	0.01405	0.00895	0.01270	0.00708	0.00468	0.00489	0.00156	0.00625	0.00437	0.00229	0.00645
6	0.00705	0.00515	0.00733	0.00733	0.00802	0.00584	0.00544	0.00841	0.00773	0.01099	0.01368	0.02216	0.01352	0.21225	0.63412	0.00720	0.01130	0.00568	0.00271	0.00407
7	0.00667	0.00485	0.00628	0.00626	0.00725	0.00446	0.00457	0.00859	0.01272	0.01769	0.57521	0.21794	0.08632	0.01141	0.00591	0.00166	0.00245	0.01014	0.00517	0.00446
8	0.00603	0.00436	0.00567	0.00665	0.00706	0.00404	0.00447	0.00694	0.00962	0.01274	0.05123	0.72521	0.08796	0.03453	0.00667	0.00202	0.00285	0.01339	0.00455	0.00400
9	0.00716	0.00543	0.00799	0.00792	0.00871	0.00637	0.00611	0.00878	0.00784	0.01131	0.01307	0.01979	0.01242	0.08414	0.73229	0.00751	0.04084	0.00535	0.00264	0.00434
10	0.70561	0.00990	0.00956	0.01082	0.15436	0.01114	0.00712	0.01456	0.00888	0.02095	0.00728	0.00875	0.00578	0.00453	0.00338	0.00151	0.00418	0.00298	0.00293	0.00578
11	0.02616	0.01505	0.23978	0.05566	0.42434	0.01104	0.04797	0.01503	0.01093	0.03904	0.01081	0.01299	0.03514	0.00479	0.00482	0.00149	0.00611	0.00438	0.00253	0.03194
12	0.01392	0.13383	0.03362	0.01202	0.11951	0.07637	0.00871	0.04653	0.06636	0.17924	0.01447	0.07055	0.02908	0.04224	0.02225	0.00174	0.04522	0.02543	0.00371	0.05520
13	0.70550	0.01019	0.01123	0.00909	0.01248	0.01128	0.14767	0.01468	0.00896	0.02089	0.00741	0.00895	0.00571	0.00448	0.00355	0.00155	0.00463	0.00324	0.00294	0.00556
14	0.04170	0.00890	0.01076	0.00920	0.01118	0.01008	0.02071	0.13157	0.15393	0.07927	0.19034	0.04002	0.01902	0.00763	0.00703	0.00164	0.15355	0.00588	0.09138	0.00623
15	0.70675	0.01207	0.00846	0.00760	0.01055	0.15762	0.00609	0.01540	0.00939	0.02020	0.00698	0.00814	0.00551	0.00465	0.00330	0.00147	0.00473	0.00275	0.00295	0.00539
16	0.01174	0.01421	0.16384	0.02719	0.65394	0.01163	0.01565	0.01517	0.01104	0.01596	0.00917	0.01183	0.00750	0.00443	0.00483	0.00148	0.00610	0.00424	0.00237	0.00769
17	0.01659	0.01428	0.01327	0.01103	0.01432	0.15977	0.00877	0.36237	0.27608	0.05088	0.01403	0.01361	0.01033	0.00601	0.00486	0.00150	0.00549	0.00459	0.00455	0.00767

[dist]
# distance from previous block
# <min> <max>
0	26

[block]
# block no. 4 follows, 51 sequences, length 28
# corresponding to MSA columns:
# 357-384
name=unknown_E
#
# <colnr> <probs for GDERKNQSTAVLIFYWHMCP>
#	G	D	E	R	K	N	Q	S	T	A	V	L	I	F	Y	W	H	M	C	P
0	0.00861	0.00663	0.00775	0.00787	0.00919	0.00690	0.00580	0.08130	0.17430	0.01603	0.02574	0.43330	0.09139	0.03630	0.00643	0.00195	0.00345	0.06720	0.00464	0.00521
1	0.01308	0.01037	0.01208	0.01145	0.08131	0.01132	0.02046	0.17514	0.39255	0.05950	0.07780	0.02006	0.07901	0.00697	0.00511	0.00159	0.00422	0.00584	0.00477	0.00737
2	0.00687	0.00535	0.00803	0.00821	0.00916	0.00503	0.07291	0.00832	0.01013	0.01351	0.04315	0.54704	0.07869	0.01358	0.00620	0.00195	0.00354	0.12814	0.02586	0.00434
3	0.01627	0.00749	0.00976	0.00826	0.01099	0.00694	0.00658	0.04849	0.05951	0.46409	0.04729	0.15653	0.03649	0.00916	0.02896	0.00182	0.00410	0.03608	0.03418	0.00696
4	0.01090	0.01091	0.01593	0.01467	0.08206	0.01467	0.03610	0.01224	0.00798	0.01232	0.00681	0.01096	0.00660	0.00809	0.01480	0.00207	0.72071	0.00436	0.00219	0.00563
5	0.00743	0.00552	0.00653	0.00658	0.00789	0.00524	0.00484	0.01025	0.09648	0.04195	0.22187	0.27021	0.25945	0.01190	0.00584	0.00174	0.00280	0.02384	0.00487	0.00477
6	0.00616	0.00460	0.00558	0.00612	0.00686	0.00418	0.00420	0.00722	0.01025	0.01335	0.12486	0.44567	0.24281	0.08515	0.00773	0.00209	0.00285	0.01177	0.00453	0.00402
7	0.01088	0.01073	0.01471	0.01265	0.01289	0.01480	0.01049	0.01308	0.07596	0.01259	0.00764	0.01142	0.00720	0.00843	0.01515	0.00211	0.74687	0.00441	0.00240	0.00559
8	0.00728	0.00700	0.07737	0.00827	0.00966	0.00652	0.00700	0.00927	0.00807	0.01165	0.01293	0.01933	0.01210	0.08365	0.68824	0.00714	0.01212	0.00524	0.00261	0.00455
9	0.43518	0.00904	0.00918	0.00765	0.01093	0.00948	0.00626	0.01920	0.07904	0.33233	0.01319	0.01259	0.00905	0.00538	0.00398	0.00153	0.00393	0.00386	0.02148	0.00674
10	0.00854	0.00655	0.00845	0.00822	0.01845	0.00724	0.01549	0.05459	0.07758	0.02240	0.01779	0.17817	0.04266	0.21570	0.21622	0.00411	0.07046	0.01921	0.00352	0.00468
11	0.01059	0.02782	0.08752	0.02625	0.05629	0.02670	0.03128	0.09030	0.06867	0.06810	0.16316	0.10990	0.10109	0.00874	0.00539	0.00164	0.00429	0.07390	0.03247	0.00592
12	0.01445	0.04093	0.04433	0.02998	0.15629	0.18836	0.09877	0.12223	0.10452	0.06118	0.01250	0.01609	0.01026	0.00590	0.00501	0.00153	0.00634	0.07095	0.00346	0.00690
13	0.27651	0.08759	0.12025	0.06484	0.17402	0.08351	0.05883	0.01504	0.01017	0.01679	0.00816	0.01017	0.00652	0.00467	0.00439	0.00147	0.02629	0.00357	0.02092	0.00628
14	0.00803	0.00608	0.00873	0.00943	0.08697	0.00640	0.03361	0.00904	0.00815	0.01141	0.01392	0.02518	0.01452	0.39740	0.22761	0.03541	0.03023	0.03229	0.03148	0.00411
15	0.00618	0.00463	0.00569	0.00624	0.00701	0.00423	0.00435	0.00733	0.01035	0.01353	0.13403	0.44497	0.23232	0.05826	0.02439	0.00213	0.00304	0.02270	0.00455	0.00408
16	0.00620	0.00483	0.00565	0.00607	0.00713	0.00434	0.00436	0.00768	0.02557	0.01395	0.13106	0.35696	0.36297	0.01325	0.00600	0.00180	0.00269	0.03059	0.00467	0.00422
17	0.00711	0.00499	0.00642	0.00633	0.00740	0.00461	0.00466	0.00898	0.01249	0.03699	0.51758	0.16664	0.10844	0.04100	0.02404	0.00190	0.00285	0.02800	0.00504	0.00451
18	0.01091	0.01104	0.01484	0.01277	0.01288	0.04146	0.01060	0.01201	0.00775	0.01182	0.00666	0.01090	0.00659	0.00918	0.03533	0.00226	0.77118	0.00429	0.00218	0.00536
19	0.00718	0.00506	0.00635	0.00612	0.00737	0.00457	0.00455	0.00913	0.01294	0.04572	0.54709	0.11966	0.18409	0.01091	0.00582	0.00161	0.00247	0.00955	0.00519	0.00461
20	0.01008	0.00874	0.01079	0.00787	0.01199	0.00689	0.03190	0.01228	0.01006	0.01567	0.00897	0.01080	0.00754	0.00555	0.04737	0.00117	0.02012	0.00316	0.00287	0.76618
21	0.02788	0.00592	0.03428	0.03166	0.03654	0.00565	0.00568	0.02305	0.03431	0.01037	0.00910	0.01463	0.00860	0.01542	0.03384	0.68872	0.00468	0.00429	0.00233	0.00304
22	0.02679	0.00575	0.00726	0.00660	0.00829	0.00523	0.00503	0.01146	0.02510	0.13096	0.49669	0.09855	0.10425	0.00975	0.00557	0.00156	0.00275	0.00849	0.00522	0.03471
23	0.09693	0.01113	0.01356	0.08371	0.01575	0.07168	0.08911	0.16305	0.01314	0.12985	0.01061	0.01202	0.00792	0.00580	0.00581	0.05473	0.03269	0.00406	0.00355	0.17490
24	0.01298	0.06961	0.15893	0.03980	0.01590	0.22741	0.03926	0.05143	0.13053	0.01527	0.02842	0.01519	0.01031	0.00713	0.02970	0.00176	0.08179	0.05521	0.00306	0.00632
25	0.00848	0.00429	0.00636	0.00636	0.00636	0.00429	0.00421	0.00643	0.00643	0.00858	0.00882	0.01565	0.00892	0.05057	0.01945	0.82179	0.00429	0.00439	0.00217	0.00217
26	0.00708	0.00498	0.00656	0.00710	0.00762	0.00508	0.00519	0.00817	0.00886	0.01187	0.02031	0.20528	0.02273	0.29715	0.15756	0.00408	0.00581	0.20705	0.00366	0.00386
27	0.01016	0.02744	0.02989	0.49610	0.19822	0.01090	0.01292	0.02753	0.03816	0.01389	0.01006	0.01497	0.00828	0.02972	0.00584	0.02059	0.00609	0.03077	0.00249	0.00598

[dist]
# distance from previous block
# <min> <max>
3	6

[block]
# block no. 5 follows, 51 sequences, length 6
# corresponding to MSA columns:
# 393-397,425
name=unknown_F
#
# <colnr> <probs for GDERKNQSTAVLIFYWHMCP>
#	G	D	E	R	K	N	Q	S	T	A	V	L	I	F	Y	W	H	M	C	P
0	0.01047	0.13196	0.63814	0.01450	0.07956	0.01251	0.01662	0.01541	0.01039	0.01507	0.00859	0.01018	0.00636	0.00458	0.00448	0.00148	0.00689	0.00355	0.00211	0.00717
1	0.01031	0.00704	0.00871	0.00845	0.03789	0.00710	0.00626	0.06951	0.12604	0.10386	0.23441	0.11164	0.10874	0.01148	0.06402	0.00211	0.00409	0.04912	0.02349	0.00574
2	0.05230	0.01061	0.04530	0.00960	0.01282	0.04611	0.04012	0.19108	0.07212	0.24185	0.20436	0.01943	0.01882	0.00679	0.00507	0.00152	0.00449	0.00563	0.00496	0.00704
3	0.01522	0.05112	0.04772	0.01217	0.04793	0.29434	0.06793	0.11541	0.04315	0.07994	0.01161	0.01278	0.03534	0.00681	0.02939	0.04085	0.00673	0.00416	0.00326	0.07414
4	0.01786	0.01247	0.01367	0.01070	0.01430	0.01357	0.00874	0.64802	0.02114	0.09521	0.01378	0.08309	0.01079	0.00674	0.00504	0.00152	0.00508	0.00530	0.00499	0.00798
5	0.04220	0.01328	0.14917	0.01054	0.01434	0.07924	0.06321	0.06382	0.16931	0.10411	0.04640	0.04619	0.07721	0.00643	0.00487	0.00149	0.00510	0.00535	0.00390	0.09385

[dist]
# distance from previous block
# <min> <max>
0	1

[block]
# block no. 6 follows, 51 sequences, length 28
# corresponding to MSA columns:
# 427-454
name=unknown_G
#
# <colnr> <probs for GDERKNQSTAVLIFYWHMCP>
#	G	D	E	R	K	N	Q	S	T	A	V	L	I	F	Y	W	H	M	C	P
0	0.01144	0.01198	0.08236	0.11766	0.27969	0.03117	0.06441	0.08655	0.03962	0.01676	0.06407	0.03005	0.04016	0.00603	0.00591	0.00158	0.06810	0.01765	0.00304	0.02176
1	0.01142	0.03781	0.36711	0.01186	0.04723	0.06469	0.01226	0.04465	0.03202	0.03493	0.00934	0.01064	0.00710	0.00447	0.00431	0.00125	0.00584	0.00348	0.00268	0.28691
2	0.67938	0.13026	0.01002	0.00684	0.00996	0.03337	0.00581	0.01450	0.00883	0.02008	0.00724	0.00842	0.00579	0.00457	0.00311	0.00143	0.00409	0.00275	0.03811	0.00545
3	0.00881	0.00716	0.01004	0.01117	0.12606	0.02778	0.05470	0.02344	0.01026	0.01423	0.05091	0.11215	0.07382	0.15734	0.07842	0.00276	0.01723	0.10343	0.10540	0.00489
4	0.00735	0.00543	0.00665	0.00665	0.00783	0.00527	0.00494	0.00963	0.05979	0.03648	0.23973	0.19477	0.22200	0.06003	0.05426	0.00228	0.01795	0.04976	0.00461	0.00458
5	0.01370	0.74409	0.02449	0.00886	0.01289	0.10360	0.00852	0.01524	0.01041	0.01161	0.00691	0.00799	0.00631	0.00430	0.00329	0.00107	0.00564	0.00269	0.00215	0.00624
6	0.00615	0.00448	0.00575	0.00668	0.00719	0.00415	0.00460	0.00713	0.00975	0.01279	0.04519	0.63595	0.12471	0.04667	0.00697	0.00207	0.00297	0.05826	0.00452	0.00402
7	0.01153	0.01106	0.01080	0.00822	0.01224	0.12902	0.00647	0.01411	0.04633	0.01561	0.00908	0.01036	0.00749	0.00400	0.00382	0.00085	0.00445	0.00307	0.00295	0.68854
8	0.00665	0.00715	0.08688	0.00720	0.00903	0.00523	0.03427	0.00837	0.01060	0.01365	0.08251	0.27414	0.36265	0.04676	0.00667	0.00189	0.00342	0.02422	0.00422	0.00450
9	0.01219	0.43210	0.10185	0.04335	0.03419	0.04175	0.00963	0.07204	0.01124	0.01419	0.05098	0.01316	0.06097	0.00568	0.00507	0.00134	0.07737	0.00399	0.00268	0.00623
10	0.15699	0.00886	0.01078	0.00848	0.01209	0.00840	0.00698	0.06987	0.03354	0.58659	0.01763	0.01578	0.02979	0.00599	0.00466	0.00152	0.00415	0.00469	0.00545	0.00775
11	0.14790	0.00875	0.01055	0.00855	0.01192	0.00849	0.00701	0.05287	0.09359	0.50650	0.04622	0.01774	0.01321	0.00637	0.00477	0.00157	0.00409	0.03700	0.00537	0.00754
12	0.01612	0.01153	0.04758	0.01262	0.11383	0.10423	0.02993	0.07486	0.04859	0.31177	0.01618	0.07676	0.03031	0.02935	0.00605	0.00166	0.03883	0.01836	0.00436	0.00708
13	0.00844	0.00427	0.00638	0.00642	0.00643	0.00426	0.00428	0.00642	0.00651	0.00868	0.00920	0.04404	0.00940	0.01701	0.01874	0.82627	0.00422	0.00462	0.00222	0.00220
14	0.00599	0.00428	0.00570	0.00684	0.00713	0.00399	0.00456	0.00684	0.00941	0.01254	0.02709	0.82409	0.03250	0.01540	0.00627	0.00200	0.00285	0.01397	0.00456	0.00399
15	0.00973	0.00799	0.01248	0.08734	0.31532	0.00793	0.00964	0.01198	0.01136	0.05635	0.14929	0.16632	0.08897	0.00849	0.00544	0.00164	0.00434	0.03568	0.00375	0.00596
16	0.01046	0.01045	0.01371	0.02760	0.01300	0.07331	0.04049	0.01213	0.02353	0.01208	0.00862	0.01298	0.00807	0.01491	0.20677	0.00344	0.49629	0.00453	0.00237	0.00526
17	0.00704	0.00478	0.00533	0.00533	0.00546	0.00472	0.00304	0.00714	0.00745	0.00981	0.01809	0.03331	0.07692	0.76535	0.02355	0.00453	0.00459	0.00739	0.00310	0.00307
18	0.01177	0.01115	0.01900	0.08156	0.61114	0.01129	0.06232	0.04281	0.01156	0.01630	0.03147	0.04743	0.00980	0.00508	0.00501	0.00151	0.00580	0.00500	0.00268	0.00732
19	0.01453	0.01413	0.04288	0.01137	0.01420	0.20699	0.05764	0.11139	0.23502	0.07976	0.02787	0.03500	0.02302	0.03615	0.00649	0.00168	0.06621	0.00503	0.00390	0.00674
20	0.01035	0.01133	0.02382	0.01752	0.02157	0.01058	0.60843	0.01380	0.01125	0.01509	0.01538	0.13449	0.06900	0.00640	0.00587	0.00171	0.00706	0.00733	0.00294	0.00606
21	0.01836	0.02342	0.01393	0.01266	0.01519	0.80756	0.00950	0.01962	0.01393	0.01203	0.00760	0.00886	0.00633	0.00506	0.00443	0.00127	0.00886	0.00317	0.00253	0.00570
22	0.10547	0.02693	0.16915	0.02394	0.07414	0.05446	0.09802	0.09201	0.02070	0.16529	0.01368	0.05382	0.04322	0.00599	0.00517	0.00156	0.03103	0.00497	0.00358	0.00686
23	0.03244	0.02503	0.08211	0.01125	0.06150	0.09347	0.03182	0.02877	0.02994	0.07581	0.09005	0.12557	0.01537	0.00791	0.01691	0.00165	0.12667	0.02346	0.00347	0.11679
24	0.00837	0.00564	0.00731	0.00804	0.04152	0.00538	0.00543	0.05789	0.01105	0.07303	0.07160	0.52679	0.09104	0.04490	0.00670	0.00196	0.00327	0.02071	0.00460	0.00477
25	0.00602	0.00439	0.00560	0.00654	0.00699	0.00405	0.00439	0.00688	0.00953	0.01250	0.02940	0.69047	0.12738	0.05217	0.00707	0.00208	0.00289	0.01321	0.00449	0.00396
26	0.01554	0.01432	0.05745	0.01533	0.16353	0.11643	0.05831	0.32797	0.05785	0.05174	0.01180	0.04650	0.00932	0.00573	0.00492	0.00148	0.00594	0.00475	0.00382	0.02729
27	0.01303	0.01538	0.13449	0.06324	0.23147	0.11824	0.22629	0.03845	0.04104	0.05564	0.01012	0.01227	0.00771	0.00469	0.00505	0.00152	0.00700	0.00458	0.00275	0.00703

[dist]
# distance from previous block
# <min> <max>
0	3

[block]
# block no. 7 follows, 51 sequences, length 14
# corresponding to MSA columns:
# 458-471
name=unknown_H
#
# <colnr> <probs for GDERKNQSTAVLIFYWHMCP>
#	G	D	E	R	K	N	Q	S	T	A	V	L	I	F	Y	W	H	M	C	P
0	0.00902	0.00647	0.02313	0.00776	0.02897	0.01526	0.00562	0.02370	0.01068	0.09811	0.05650	0.41595	0.09530	0.02342	0.02285	0.00183	0.00357	0.00973	0.01726	0.12486
1	0.02971	0.60019	0.09475	0.01024	0.04235	0.06140	0.02574	0.01481	0.01024	0.01247	0.00829	0.00954	0.02649	0.00466	0.00397	0.00120	0.03228	0.00313	0.00223	0.00632
2	0.00645	0.00455	0.00568	0.00641	0.00701	0.00417	0.00433	0.00733	0.00966	0.03186	0.03016	0.58853	0.17445	0.08550	0.00779	0.00216	0.00298	0.01247	0.00446	0.00404
3	0.01133	0.01116	0.04305	0.16839	0.51087	0.01126	0.01364	0.01557	0.09573	0.01607	0.04697	0.01409	0.01010	0.00500	0.00493	0.00152	0.00564	0.00469	0.00279	0.00720
4	0.00891	0.00699	0.00799	0.00778	0.00943	0.00736	0.00585	0.01508	0.30306	0.03076	0.17767	0.22622	0.10912	0.01035	0.00560	0.00174	0.00317	0.03778	0.01947	0.00566
5	0.04627	0.04342	0.01468	0.01116	0.01485	0.04979	0.03198	0.54338	0.14887	0.02692	0.01257	0.01253	0.00917	0.00583	0.00481	0.00149	0.00533	0.00447	0.00458	0.00791
6	0.01269	0.01269	0.04299	0.13320	0.46196	0.08061	0.09720	0.01587	0.02521	0.05588	0.00981	0.01242	0.00776	0.00462	0.00494	0.00150	0.00639	0.00445	0.00264	0.00717
7	0.01270	0.38397	0.27063	0.01136	0.04554	0.01516	0.01173	0.06379	0.07999	0.04859	0.00957	0.01039	0.00748	0.00476	0.00405	0.00133	0.00576	0.00348	0.00271	0.00701
8	0.00733	0.00568	0.00829	0.00814	0.00895	0.00675	0.00636	0.00900	0.00805	0.01168	0.01396	0.03773	0.03315	0.03261	0.68262	0.00695	0.07988	0.00550	0.02290	0.00446
9	0.00929	0.00973	0.11058	0.01084	0.06304	0.00785	0.08664	0.01373	0.11590	0.04326	0.36563	0.02762	0.07031	0.00809	0.00550	0.00160	0.00414	0.03600	0.00438	0.00588
10	0.00835	0.00436	0.00643	0.00643	0.00648	0.00442	0.00430	0.00660	0.00654	0.00878	0.00926	0.01629	0.00936	0.06929	0.06839	0.75083	0.00485	0.00451	0.00222	0.00233
11	0.12319	0.01484	0.01325	0.01083	0.01425	0.17498	0.00870	0.44864	0.10239	0.02489	0.01122	0.01144	0.00829	0.00565	0.00459	0.00146	0.00574	0.00407	0.00421	0.00738
12	0.01203	0.01027	0.01697	0.01857	0.30997	0.00987	0.14822	0.05726	0.01218	0.08316	0.08549	0.04607	0.04742	0.00585	0.00531	0.00147	0.02107	0.00556	0.00339	0.09986
13	0.00988	0.06092	0.01648	0.65386	0.03071	0.01165	0.07953	0.01367	0.05030	0.01318	0.00930	0.01306	0.00705	0.00489	0.00488	0.00160	0.00648	0.00444	0.00235	0.00573

[dist]
# distance from previous block
# <min> <max>
0	1

[block]
# block no. 8 follows, 51 sequences, length 58
# corresponding to MSA columns:
# 473-530
name=unknown_I
#
# <colnr> <probs for GDERKNQSTAVLIFYWHMCP>
#	G	D	E	R	K	N	Q	S	T	A	V	L	I	F	Y	W	H	M	C	P
0	0.01206	0.01037	0.03817	0.01106	0.06128	0.02874	0.03469	0.18468	0.21193	0.03357	0.11210	0.04401	0.07254	0.02522	0.00598	0.00172	0.02101	0.07978	0.00446	0.00662
1	0.01263	0.01121	0.01110	0.00996	0.01262	0.06919	0.00773	0.07822	0.60672	0.01995	0.01945	0.03158	0.03610	0.02894	0.00557	0.00172	0.00434	0.02092	0.00473	0.00732
2	0.01172	0.03392	0.09381	0.01142	0.09372	0.00937	0.02485	0.10773	0.02870	0.04931	0.02594	0.03212	0.00964	0.00628	0.03507	0.00145	0.02680	0.01938	0.00325	0.37550
3	0.01574	0.01086	0.05259	0.04900	0.27116	0.02422	0.04839	0.06264	0.01300	0.30822	0.04568	0.01494	0.01100	0.00540	0.00490	0.00148	0.00518	0.00477	0.02904	0.02178
4	0.69988	0.13272	0.02781	0.00704	0.01034	0.02774	0.00615	0.01461	0.00876	0.02014	0.00690	0.00804	0.00551	0.00452	0.00312	0.00145	0.00419	0.00269	0.00287	0.00552
5	0.01632	0.02620	0.11019	0.01033	0.01423	0.01143	0.00924	0.26315	0.18372	0.23098	0.06065	0.01573	0.01272	0.00617	0.00493	0.00154	0.00480	0.00494	0.00488	0.00785
6	0.01333	0.01088	0.01194	0.00907	0.01302	0.02563	0.00733	0.26512	0.08701	0.02117	0.01072	0.01146	0.00832	0.00479	0.00446	0.00110	0.02128	0.00369	0.00374	0.46593
7	0.00601	0.00451	0.00559	0.00643	0.00710	0.00409	0.00446	0.00701	0.00994	0.01281	0.03296	0.59615	0.23078	0.01457	0.00617	0.00192	0.00281	0.03810	0.00456	0.00405
8	0.01015	0.00790	0.03059	0.00846	0.01014	0.02737	0.00668	0.14775	0.03357	0.06100	0.05007	0.36629	0.08574	0.01152	0.00619	0.00183	0.03341	0.09141	0.00454	0.00540
9	0.01179	0.14750	0.47432	0.01304	0.03559	0.10885	0.03275	0.01602	0.02171	0.03658	0.02479	0.01141	0.00774	0.00501	0.00472	0.00147	0.02257	0.01492	0.00241	0.00683
10	0.00623	0.00447	0.00597	0.00708	0.00751	0.00421	0.00497	0.00727	0.00970	0.01284	0.02753	0.70606	0.05143	0.01509	0.00633	0.00202	0.00306	0.10963	0.00456	0.00406
11	0.00628	0.00498	0.00564	0.00551	0.00694	0.00434	0.00412	0.00795	0.01227	0.01588	0.35286	0.06052	0.47220	0.01153	0.00581	0.00162	0.00243	0.00985	0.00491	0.00434
12	0.01191	0.34885	0.32638	0.01138	0.01647	0.08806	0.04217	0.01545	0.03008	0.01362	0.00973	0.02802	0.02845	0.00499	0.00415	0.00134	0.00633	0.00372	0.00234	0.00656
13	0.00889	0.00777	0.01048	0.00937	0.00947	0.00981	0.02059	0.00954	0.00756	0.01094	0.01179	0.07326	0.01313	0.36485	0.01916	0.00327	0.39699	0.00620	0.00267	0.00427
14	0.86201	0.00950	0.00722	0.00646	0.00950	0.01102	0.00532	0.01445	0.00836	0.02205	0.00684	0.00798	0.00532	0.00456	0.00304	0.00152	0.00380	0.00266	0.00304	0.00532
15	0.00599	0.00508	0.00519	0.00520	0.00683	0.00433	0.00391	0.00751	0.02565	0.01359	0.06900	0.06411	0.73176	0.01235	0.00582	0.00167	0.00255	0.02062	0.00459	0.00423
16	0.05814	0.03166	0.04459	0.01251	0.02644	0.44422	0.06298	0.10051	0.02957	0.10526	0.00979	0.01067	0.00744	0.00528	0.00492	0.00140	0.03116	0.00377	0.00323	0.00646
17	0.00928	0.00873	0.01474	0.81548	0.03385	0.01092	0.01365	0.01256	0.00983	0.01256	0.00873	0.01310	0.00655	0.00491	0.00491	0.00164	0.00655	0.00437	0.00218	0.00546
18	0.03876	0.00662	0.00742	0.00695	0.00873	0.03607	0.00540	0.01206	0.05485	0.11722	0.31234	0.07004	0.22121	0.01010	0.00560	0.00165	0.00319	0.07163	0.00496	0.00519
19	0.01192	0.01142	0.01950	0.09760	0.73114	0.01161	0.01496	0.01486	0.01107	0.01575	0.00920	0.01224	0.00768	0.00442	0.00487	0.00147	0.00590	0.00438	0.00241	0.00758
20	0.00706	0.00510	0.00707	0.00707	0.00766	0.00569	0.00511	0.00825	0.00765	0.01080	0.01392	0.02349	0.01410	0.29398	0.55318	0.00688	0.01043	0.00588	0.00274	0.00393
21	0.02106	0.00900	0.01170	0.00901	0.01274	0.00825	0.00743	0.12902	0.01532	0.66586	0.04496	0.01673	0.01281	0.00619	0.00497	0.00152	0.00429	0.00501	0.00590	0.00823
22	0.03594	0.00827	0.00864	0.00733	0.00962	0.00889	0.00583	0.27298	0.06193	0.03964	0.01466	0.01580	0.01110	0.00582	0.00405	0.00131	0.00352	0.00454	0.47398	0.00615
23	0.18618	0.40571	0.16408	0.00951	0.01396	0.03354	0.02512	0.03155	0.02743	0.05175	0.00826	0.00922	0.00662	0.00456	0.00365	0.00130	0.00540	0.00311	0.00261	0.00645
24	0.00894	0.00574	0.00682	0.00631	0.00788	0.00554	0.00481	0.01230	0.09225	0.07693	0.41901	0.03074	0.11408	0.00878	0.00517	0.00149	0.00263	0.00754	0.17786	0.00517
25	0.00684	0.00523	0.00598	0.00577	0.00729	0.00465	0.00438	0.00886	0.03166	0.03338	0.34536	0.04187	0.43965	0.01123	0.00579	0.00163	0.00254	0.02842	0.00495	0.00454
26	0.01307	0.29605	0.06515	0.02605	0.01274	0.09661	0.00818	0.06634	0.05424	0.09881	0.08950	0.06100	0.07976	0.00666	0.00448	0.00138	0.00496	0.00519	0.00358	0.00625
27	0.07696	0.03073	0.01042	0.00843	0.02920	0.01851	0.00664	0.01920	0.03394	0.48545	0.13840	0.02076	0.06717	0.00690	0.00490	0.00151	0.00384	0.00564	0.02428	0.00710
28	0.00605	0.00435	0.00575	0.00674	0.00713	0.00404	0.00454	0.00702	0.00978	0.01308	0.08309	0.74619	0.05414	0.01493	0.00623	0.00195	0.00280	0.01351	0.00462	0.00404
29	0.00835	0.00540	0.00650	0.00646	0.00773	0.00503	0.00474	0.02546	0.02987	0.08516	0.15406	0.24882	0.20597	0.08157	0.00735	0.00198	0.00308	0.04500	0.06281	0.00468
30	0.04239	0.15821	0.14797	0.04538	0.07718	0.18765	0.03300	0.10856	0.03218	0.04663	0.01005	0.02375	0.00819	0.00646	0.03481	0.00165	0.00671	0.01969	0.00294	0.00661
31	0.00986	0.02542	0.80183	0.01401	0.02127	0.01141	0.01816	0.01556	0.01038	0.01556	0.00882	0.01038	0.00623	0.00467	0.00467	0.00156	0.00726	0.00363	0.00208	0.00726
32	0.00664	0.00475	0.00577	0.00627	0.00724	0.00425	0.00445	0.00780	0.01056	0.04313	0.08765	0.45388	0.29738	0.01361	0.00604	0.00184	0.00277	0.02704	0.00468	0.00427
33	0.01216	0.01168	0.01995	0.03016	0.79664	0.01168	0.01508	0.01508	0.01119	0.01605	0.00924	0.01216	0.00778	0.00438	0.00487	0.00146	0.00584	0.00438	0.00243	0.00778
34	0.03585	0.01058	0.11596	0.03580	0.03259	0.00853	0.18374	0.03461	0.01125	0.12428	0.01911	0.22777	0.07781	0.00857	0.00577	0.00173	0.02330	0.03301	0.00377	0.00597
35	0.01457	0.00845	0.01159	0.00976	0.01206	0.02454	0.06039	0.07675	0.01236	0.32587	0.01875	0.26883	0.01712	0.00914	0.00676	0.00175	0.10247	0.00768	0.00472	0.00645
36	0.01840	0.01305	0.01413	0.01092	0.01473	0.01433	0.00899	0.68145	0.05304	0.08017	0.01273	0.01255	0.00898	0.00594	0.00488	0.00148	0.00519	0.00451	0.02629	0.00824
37	0.01253	0.03945	0.01221	0.02655	0.10270	0.16058	0.00833	0.08502	0.27762	0.01733	0.02150	0.02109	0.18009	0.00717	0.00498	0.00153	0.00497	0.00579	0.00399	0.00656
38	0.01868	0.05299	0.05557	0.03165	0.04823	0.11308	0.03499	0.09308	0.01408	0.44493	0.01510	0.03275	0.01042	0.00581	0.00483	0.00148	0.00536	0.00468	0.00469	0.00760
39	0.65329	0.02521	0.00956	0.00929	0.07672	0.09181	0.00676	0.03477	0.00967	0.03510	0.00748	0.00868	0.00585	0.00465	0.00342	0.00148	0.00456	0.00294	0.00303	0.00572
40	0.01071	0.00997	0.01638	0.11921	0.47438	0.02173	0.04530	0.01346	0.01122	0.01572	0.08597	0.05749	0.02712	0.00604	0.00509	0.00154	0.00535	0.03154	0.03514	0.00664
41	0.00936	0.00477	0.00504	0.00491	0.00608	0.00470	0.00364	0.01148	0.01051	0.04790	0.07432	0.02055	0.01545	0.06037	0.00510	0.00143	0.00253	0.00509	0.70215	0.00462
42	0.01242	0.01196	0.01954	0.06800	0.68897	0.03314	0.03295	0.04456	0.01166	0.01634	0.00929	0.01213	0.00770	0.00448	0.00488	0.00147	0.00600	0.00438	0.00252	0.00761
43	0.01112	0.00919	0.00997	0.00910	0.01153	0.01028	0.00710	0.02187	0.58252	0.03592	0.12919	0.02428	0.06678	0.00778	0.00524	0.00167	0.00362	0.04082	0.00503	0.00699
44	0.00668	0.00477	0.00630	0.00728	0.00784	0.00458	0.00537	0.00788	0.00982	0.01291	0.02645	0.48222	0.05930	0.09824	0.00834	0.00235	0.00354	0.23770	0.00439	0.00405
45	0.00742	0.00527	0.00673	0.00629	0.00759	0.00490	0.00474	0.01000	0.03645	0.03891	0.70783	0.03630	0.08892	0.00999	0.00575	0.00156	0.00242	0.00878	0.00536	0.00479
46	0.01510	0.00692	0.00925	0.00779	0.01036	0.00620	0.00624	0.01735	0.03061	0.43500	0.27113	0.06611	0.03976	0.00836	0.00540	0.00160	0.00349	0.04703	0.00565	0.00665
47	0.00606	0.00500	0.00534	0.00542	0.00695	0.00429	0.00412	0.00745	0.01138	0.01391	0.11214	0.07363	0.65188	0.01241	0.00589	0.00170	0.00262	0.06096	0.00463	0.00421
48	0.01299	0.77576	0.05468	0.00867	0.01295	0.01893	0.00876	0.01508	0.03281	0.01198	0.00729	0.00828	0.00656	0.00429	0.00326	0.00109	0.00529	0.00275	0.00219	0.00639
49	0.84180	0.00939	0.00716	0.00642	0.00941	0.01087	0.00528	0.01437	0.00841	0.02196	0.00706	0.00823	0.00549	0.00459	0.00305	0.00151	0.00377	0.00271	0.02321	0.00530
50	0.00708	0.00491	0.00607	0.00607	0.00635	0.00514	0.00388	0.00760	0.00744	0.01014	0.01556	0.02886	0.03269	0.58769	0.24486	0.00558	0.00708	0.00669	0.00291	0.00340
51	0.01836	0.02342	0.01393	0.01266	0.01519	0.80756	0.00950	0.01962	0.01393	0.01203	0.00760	0.00886	0.00633	0.00506	0.00443	0.00127	0.00886	0.00317	0.00253	0.00570
52	0.08320	0.00864	0.02438	0.00845	0.01193	0.00772	0.00702	0.06868	0.01376	0.58353	0.03574	0.04802	0.04816	0.00665	0.00487	0.00154	0.00408	0.00538	0.02062	0.00761
53	0.00684	0.00467	0.00541	0.00565	0.00579	0.00457	0.00335	0.00708	0.00782	0.01034	0.01958	0.19987	0.05826	0.61696	0.02014	0.00403	0.00425	0.00874	0.00339	0.00325
54	0.00794	0.00572	0.00658	0.00646	0.00701	0.00606	0.00417	0.01038	0.13603	0.01166	0.01650	0.07303	0.01749	0.55562	0.09004	0.02574	0.00525	0.00703	0.00335	0.00393
55	0.04860	0.01031	0.01159	0.00999	0.01220	0.07733	0.02382	0.20160	0.05877	0.08653	0.02458	0.04411	0.01158	0.01567	0.24057	0.00346	0.08720	0.02216	0.00374	0.00619
56	0.04618	0.12494	0.09246	0.02694	0.06184	0.04228	0.03769	0.06109	0.03235	0.04605	0.00933	0.01061	0.00741	0.00431	0.00403	0.00111	0.00494	0.00341	0.00295	0.38008
57	0.01065	0.05708	0.12991	0.08565	0.14433	0.05709	0.02867	0.03019	0.05574	0.01448	0.02306	0.04433	0.03819	0.04788	0.05789	0.00215	0.10532	0.02624	0.01931	0.02186

[dist]
# distance from previous block
# <min> <max>
5	7

[block]
# block no. 9 follows, 51 sequences, length 39
# corresponding to MSA columns:
# 540-578
name=unknown_J
#
# <colnr> <probs for GDERKNQSTAVLIFYWHMCP>
#	G	D	E	R	K	N	Q	S	T	A	V	L	I	F	Y	W	H	M	C	P
0	0.01466	0.13569	0.05263	0.05625	0.13864	0.25481	0.01019	0.03545	0.09186	0.08668	0.01114	0.01340	0.00906	0.02554	0.02025	0.00161	0.00649	0.02594	0.00312	0.00657
1	0.01134	0.01076	0.01809	0.14019	0.60169	0.01127	0.01398	0.01410	0.01060	0.01500	0.00941	0.01316	0.00805	0.03314	0.03486	0.00185	0.03852	0.00450	0.00241	0.00707
2	0.05585	0.01097	0.11010	0.02756	0.20904	0.00919	0.08512	0.04482	0.03190	0.07051	0.20060	0.04886	0.04799	0.00685	0.00519	0.00157	0.00488	0.01884	0.00374	0.00642
3	0.00874	0.00749	0.01170	0.11353	0.12190	0.00779	0.06977	0.01153	0.04755	0.01482	0.11254	0.08399	0.09160	0.02364	0.06797	0.02277	0.02185	0.13841	0.01714	0.00528
4	0.00727	0.00506	0.00653	0.00627	0.00745	0.00465	0.00471	0.00918	0.01298	0.03599	0.59931	0.06315	0.12105	0.01090	0.00654	0.04681	0.00259	0.03995	0.00510	0.00451
5	0.01049	0.00948	0.01166	0.01177	0.12608	0.03706	0.00796	0.01461	0.15327	0.01566	0.01390	0.09621	0.03426	0.00789	0.04477	0.00167	0.08206	0.00521	0.00334	0.31265
6	0.01121	0.00883	0.01066	0.00811	0.03048	0.00697	0.00630	0.01336	0.01045	0.07916	0.00954	0.01078	0.00766	0.00400	0.00414	0.00085	0.02731	0.00315	0.00313	0.74391
7	0.01440	0.17520	0.12561	0.01407	0.07836	0.07551	0.14042	0.16657	0.01345	0.08177	0.00989	0.01129	0.00754	0.00524	0.00542	0.01504	0.04596	0.00413	0.00311	0.00702
8	0.01200	0.07577	0.08482	0.16402	0.30732	0.08575	0.15381	0.01541	0.02693	0.01471	0.00913	0.01188	0.00728	0.00455	0.00486	0.00149	0.00673	0.00435	0.00240	0.00681
9	0.00661	0.00496	0.00575	0.00558	0.00693	0.00441	0.00417	0.00844	0.01243	0.01676	0.41139	0.05677	0.35771	0.01087	0.00565	0.00158	0.00240	0.00932	0.06388	0.00441
10	0.01500	0.01236	0.01259	0.01055	0.01373	0.05524	0.00840	0.33106	0.41266	0.02430	0.04016	0.01576	0.01283	0.00638	0.00496	0.00156	0.00472	0.00507	0.00485	0.00781
11	0.00631	0.00448	0.00571	0.00657	0.00712	0.00417	0.00454	0.00740	0.00991	0.01333	0.06915	0.60904	0.10615	0.03359	0.00652	0.00197	0.00288	0.04761	0.04949	0.00407
12	0.01287	0.00972	0.01067	0.00940	0.01214	0.01080	0.00736	0.05030	0.57593	0.10852	0.10220	0.02046	0.03357	0.00705	0.00509	0.00163	0.00378	0.00590	0.00515	0.00746
13	0.01125	0.01452	0.21720	0.04615	0.09164	0.02292	0.17008	0.05771	0.06398	0.04424	0.02356	0.05760	0.05446	0.00631	0.00639	0.00166	0.09521	0.00546	0.00303	0.00663
14	0.08269	0.00974	0.01100	0.00860	0.01228	0.00943	0.00696	0.16034	0.12672	0.20583	0.01362	0.01338	0.00982	0.00524	0.00433	0.00127	0.00409	0.00411	0.03871	0.27183
