[name]
unknown

[dist]
# distance from previous block
# <min> <max>
0	62

[block]
# block no. 0 follows, 59 sequences, length 35
# corresponding to MSA columns:
# 66-95,98-102
name=unknown_A
#
# <colnr> <probs for GDERKNQSTAVLIFYWHMCP>
#	G	D	E	R	K	N	Q	S	T	A	V	L	I	F	Y	W	H	M	C	P
0	0.00712	0.00508	0.00712	0.00813	0.00915	0.00508	0.00712	0.00915	0.01017	0.01322	0.02338	0.04982	0.02542	0.01220	0.00610	0.00203	0.00407	0.78750	0.00407	0.00407
1	0.01679	0.01237	0.01325	0.01016	0.01370	0.01370	0.00839	0.80251	0.02077	0.02783	0.01060	0.01060	0.00751	0.00530	0.00442	0.00133	0.00486	0.00398	0.00442	0.00751
2	0.01087	0.01043	0.01781	0.04695	0.79789	0.01048	0.01352	0.01350	0.01003	0.01435	0.00830	0.01095	0.00697	0.00395	0.00437	0.00132	0.00526	0.00393	0.00218	0.00694
3	0.01800	0.00726	0.00976	0.00765	0.01077	0.00640	0.00625	0.02014	0.04160	0.70277	0.10524	0.01706	0.01441	0.00588	0.00453	0.00137	0.00356	0.00485	0.00536	0.00713
4	0.01082	0.01038	0.01773	0.06113	0.78406	0.01047	0.01350	0.01346	0.01000	0.01430	0.00829	0.01097	0.00695	0.00396	0.00437	0.00132	0.00527	0.00393	0.00218	0.00691
5	0.01085	0.01041	0.01778	0.05261	0.79237	0.01047	0.01351	0.01348	0.01002	0.01433	0.00829	0.01096	0.00696	0.00395	0.00437	0.00132	0.00527	0.00393	0.00218	0.00693
6	0.00681	0.00477	0.00600	0.00560	0.00684	0.00439	0.00423	0.00902	0.03375	0.05077	0.65333	0.03310	0.14648	0.00909	0.00516	0.00141	0.00221	0.00794	0.00477	0.00432
7	0.00533	0.00404	0.00493	0.00564	0.00627	0.00363	0.00387	0.00621	0.00895	0.01147	0.03057	0.59805	0.26904	0.01303	0.00551	0.00170	0.00246	0.01157	0.00410	0.00363
8	0.01092	0.47049	0.35344	0.00965	0.01456	0.01402	0.01114	0.01389	0.00927	0.04602	0.00736	0.00835	0.00586	0.00402	0.00347	0.00115	0.00543	0.00282	0.00203	0.00610
9	0.00893	0.04384	0.80156	0.01246	0.01892	0.01044	0.01610	0.01397	0.00932	0.01390	0.00788	0.00927	0.00560	0.00419	0.00416	0.00139	0.00648	0.00324	0.00187	0.00651
10	0.01974	0.00764	0.01032	0.00791	0.01133	0.00667	0.00654	0.04065	0.01284	0.80089	0.01726	0.01492	0.01085	0.00546	0.00444	0.00137	0.00379	0.00443	0.00544	0.00752
11	0.00904	0.00872	0.01530	0.56648	0.19980	0.00996	0.08608	0.01194	0.00924	0.01223	0.00838	0.02822	0.00667	0.00444	0.00451	0.00145	0.00583	0.00422	0.00208	0.00543
12	0.00992	0.03771	0.68668	0.01246	0.01845	0.05562	0.04512	0.03638	0.00995	0.03597	0.00820	0.00949	0.00584	0.00425	0.00421	0.00138	0.00649	0.00335	0.00207	0.00647
13	0.00705	0.00621	0.00610	0.00588	0.00748	0.04467	0.00442	0.03184	0.13454	0.01359	0.07807	0.11061	0.51317	0.01003	0.00506	0.00149	0.00280	0.00842	0.00413	0.00442
14	0.03556	0.01305	0.02177	0.04656	0.09948	0.14918	0.52662	0.01449	0.01055	0.01361	0.00835	0.01098	0.00646	0.00398	0.00497	0.00142	0.02038	0.00454	0.00224	0.00583
15	0.01619	0.02041	0.01238	0.01125	0.01353	0.78190	0.00845	0.01796	0.05660	0.01123	0.00744	0.00844	0.00612	0.00463	0.00401	0.00116	0.00772	0.00296	0.00240	0.00522
16	0.00897	0.00785	0.01011	0.19914	0.01511	0.00680	0.00687	0.01116	0.00908	0.01367	0.00785	0.00977	0.00639	0.00354	0.00354	0.00084	0.00388	0.00292	0.00246	0.67005
17	0.00886	0.02285	0.82190	0.01259	0.01912	0.01026	0.01632	0.01399	0.00932	0.01399	0.00793	0.00932	0.00559	0.00420	0.00420	0.00140	0.00653	0.00326	0.00186	0.00653
18	0.00533	0.00403	0.00493	0.00565	0.00627	0.00363	0.00388	0.00621	0.00894	0.01147	0.03048	0.60122	0.26593	0.01304	0.00551	0.00170	0.00246	0.01158	0.00410	0.00363
19	0.01169	0.81548	0.05410	0.00775	0.01164	0.01720	0.00790	0.01325	0.00899	0.01053	0.00621	0.00717	0.00567	0.00379	0.00289	0.00096	0.00479	0.00240	0.00189	0.00570
20	0.00538	0.00384	0.00512	0.00615	0.00641	0.00359	0.00410	0.00615	0.00846	0.01127	0.02434	0.84190	0.02921	0.01384	0.00564	0.00179	0.00256	0.01256	0.00410	0.00359
21	0.01217	0.00601	0.00781	0.00665	0.00870	0.00553	0.00527	0.03898	0.02494	0.33322	0.35874	0.02441	0.02475	0.02757	0.00518	0.00145	0.00298	0.03672	0.06335	0.00559
22	0.01146	0.74935	0.11816	0.00816	0.01226	0.01662	0.00860	0.01332	0.00902	0.01082	0.00635	0.00735	0.00566	0.00383	0.00300	0.00100	0.00494	0.00247	0.00189	0.00577
23	0.01086	0.01042	0.01780	0.04884	0.79605	0.01048	0.01352	0.01349	0.01002	0.01434	0.00830	0.01095	0.00697	0.00395	0.00437	0.00132	0.00526	0.00393	0.00218	0.00694
24	0.68268	0.01082	0.00781	0.00695	0.00964	0.15398	0.00557	0.03347	0.00885	0.03769	0.00665	0.00759	0.00516	0.00424	0.00304	0.00133	0.00426	0.00256	0.00276	0.00498
25	0.00541	0.00444	0.00476	0.00477	0.00610	0.00380	0.00354	0.00667	0.01039	0.01289	0.17633	0.09112	0.63251	0.01098	0.00524	0.00149	0.00223	0.00929	0.00423	0.00380
26	0.01519	0.01107	0.01190	0.00959	0.01238	0.06578	0.00779	0.41999	0.09263	0.14458	0.05925	0.02532	0.01066	0.00593	0.00545	0.00141	0.08566	0.00442	0.00422	0.00679
27	0.01479	0.01179	0.01210	0.00982	0.01294	0.05098	0.00792	0.49943	0.28982	0.02384	0.01295	0.01249	0.00947	0.00550	0.00442	0.00138	0.00454	0.00427	0.00434	0.00722
28	0.00627	0.00422	0.00486	0.00501	0.00504	0.00418	0.00288	0.00638	0.00671	0.00895	0.01540	0.14451	0.01793	0.72662	0.02008	0.00393	0.00404	0.00729	0.00288	0.00281
29	0.00953	0.20961	0.64099	0.01145	0.01735	0.01189	0.01433	0.01381	0.00925	0.01317	0.00752	0.00882	0.00561	0.00410	0.00389	0.00130	0.00612	0.00306	0.00187	0.00633
30	0.00893	0.04276	0.80261	0.01247	0.01893	0.01043	0.01611	0.01397	0.00932	0.01390	0.00788	0.00927	0.00560	0.00419	0.00416	0.00139	0.00648	0.00324	0.00187	0.00651
31	0.00627	0.00464	0.00602	0.00678	0.00764	0.00445	0.00535	0.00796	0.02887	0.01262	0.05578	0.32404	0.15441	0.01234	0.00573	0.00183	0.00316	0.34408	0.00412	0.00392
32	0.00938	0.00799	0.00927	0.00668	0.01056	0.00619	0.00535	0.02936	0.02880	0.01480	0.00816	0.00937	0.00673	0.00338	0.00333	0.00069	0.00331	0.00271	0.00270	0.83124
33	0.77597	0.00980	0.00721	0.00643	0.00914	0.08633	0.00522	0.03154	0.00829	0.01916	0.00632	0.00733	0.00493	0.00417	0.00289	0.00134	0.00387	0.00247	0.00273	0.00488
34	0.00536	0.00392	0.00504	0.00594	0.00635	0.00360	0.00401	0.00617	0.00866	0.01136	0.02689	0.74196	0.12750	0.01351	0.00559	0.00176	0.00252	0.01215	0.00410	0.00360

[dist]
# distance from previous block
# <min> <max>
1	17

[block]
# block no. 1 follows, 59 sequences, length 96
# corresponding to MSA columns:
# 120-162,164-171,176-220
name=unknown_B
#
# <colnr> <probs for GDERKNQSTAVLIFYWHMCP>
#	G	D	E	R	K	N	Q	S	T	A	V	L	I	F	Y	W	H	M	C	P
0	0.01559	0.04415	0.01278	0.01094	0.01341	0.61852	0.02099	0.09827	0.08299	0.01328	0.00853	0.02470	0.00702	0.00489	0.00409	0.00120	0.00704	0.00335	0.00271	0.00553
1	0.00681	0.00486	0.00676	0.00778	0.00866	0.00482	0.00658	0.00861	0.00986	0.01287	0.02356	0.19144	0.02610	0.01249	0.00602	0.00199	0.00380	0.64894	0.00407	0.00398
2	0.03258	0.02040	0.06466	0.00797	0.01009	0.03489	0.02139	0.12874	0.09946	0.07115	0.03363	0.22822	0.13590	0.02665	0.02124	0.00169	0.02959	0.02266	0.00385	0.00524
3	0.01416	0.01707	0.01128	0.01027	0.01219	0.61636	0.01866	0.03088	0.01138	0.01090	0.00826	0.01133	0.00744	0.09267	0.10632	0.00219	0.00800	0.00349	0.00237	0.00479
4	0.00547	0.00448	0.00483	0.00480	0.00616	0.00384	0.00361	0.00680	0.01054	0.01313	0.20234	0.05572	0.62642	0.01081	0.00524	0.00149	0.00225	0.02398	0.00426	0.00382
5	0.01116	0.00957	0.01008	0.00902	0.01155	0.01107	0.00703	0.04674	0.78570	0.01876	0.01776	0.01630	0.01330	0.00597	0.00449	0.00149	0.00354	0.00496	0.00449	0.00701
6	0.00834	0.00785	0.01325	0.83417	0.03042	0.00981	0.01227	0.01128	0.00883	0.01128	0.00785	0.01178	0.00589	0.00442	0.00442	0.00147	0.00589	0.00393	0.00196	0.00491
7	0.00536	0.00394	0.00502	0.00588	0.00634	0.00361	0.00398	0.00618	0.00871	0.01138	0.02760	0.71425	0.15476	0.01341	0.00557	0.00175	0.00251	0.01204	0.00410	0.00361
8	0.01168	0.00983	0.01038	0.00913	0.01175	0.01131	0.00716	0.11676	0.71483	0.01960	0.01709	0.01577	0.01277	0.00591	0.00448	0.00148	0.00366	0.00487	0.00448	0.00705
9	0.00540	0.00386	0.00514	0.00614	0.00641	0.00360	0.00410	0.00620	0.00855	0.01142	0.04213	0.82370	0.02949	0.01373	0.00563	0.00178	0.00255	0.01245	0.00412	0.00360
10	0.01662	0.01228	0.01316	0.01013	0.01363	0.01362	0.00835	0.77923	0.04432	0.02756	0.01082	0.01078	0.00769	0.00532	0.00442	0.00133	0.00482	0.00401	0.00442	0.00750
11	0.00966	0.00966	0.01353	0.01160	0.01160	0.01353	0.00966	0.01063	0.00676	0.01063	0.00580	0.00966	0.00580	0.00773	0.01449	0.00193	0.83670	0.00387	0.00193	0.00483
12	0.01650	0.02105	0.01252	0.01138	0.01365	0.82705	0.00853	0.01764	0.01252	0.01081	0.00683	0.00796	0.00569	0.00455	0.00398	0.00114	0.00796	0.00284	0.00228	0.00512
13	0.01102	0.01031	0.01756	0.06103	0.76574	0.01038	0.01334	0.01364	0.01006	0.03230	0.00849	0.01106	0.00704	0.00399	0.00438	0.00132	0.00524	0.00395	0.00225	0.00692
14	0.00524	0.00438	0.00457	0.00471	0.00603	0.00371	0.00346	0.00631	0.00984	0.01184	0.04183	0.15665	0.70318	0.01156	0.00528	0.00153	0.00228	0.00978	0.00410	0.00371
15	0.01148	0.01095	0.01883	0.08330	0.21583	0.01120	0.31116	0.16206	0.06723	0.01675	0.01047	0.01245	0.02716	0.00452	0.00486	0.00142	0.01646	0.00463	0.00281	0.00642
16	0.01168	0.06712	0.02016	0.00795	0.03454	0.03234	0.00623	0.08941	0.08236	0.20586	0.26073	0.05700	0.06720	0.00727	0.00469	0.00139	0.00348	0.03045	0.00442	0.00572
17	0.00601	0.00449	0.00558	0.00535	0.00646	0.00406	0.00400	0.00786	0.01188	0.01633	0.63256	0.05626	0.20365	0.00961	0.00522	0.00142	0.00213	0.00839	0.00468	0.00406
18	0.01009	0.00894	0.00962	0.00707	0.01087	0.05628	0.00564	0.06214	0.01010	0.01503	0.00796	0.00918	0.00655	0.00348	0.00339	0.00073	0.00366	0.00272	0.00271	0.76383
19	0.01143	0.00778	0.00939	0.00682	0.01064	0.00602	0.00550	0.01334	0.00990	0.18627	0.00989	0.01041	0.00748	0.00374	0.00352	0.00081	0.00337	0.00301	0.00322	0.68746
20	0.67895	0.00858	0.00753	0.00641	0.00931	0.00953	0.00528	0.05959	0.00916	0.15856	0.00835	0.00873	0.00600	0.00440	0.00312	0.00136	0.00356	0.00284	0.00330	0.00541
21	0.00536	0.00402	0.00497	0.00570	0.00629	0.00364	0.00390	0.00624	0.00896	0.01157	0.04501	0.61503	0.23722	0.01304	0.00552	0.00171	0.00247	0.01161	0.00411	0.00364
22	0.01982	0.00752	0.01025	0.00786	0.01127	0.00649	0.00649	0.02152	0.01264	0.82029	0.01742	0.01503	0.01093	0.00547	0.00444	0.00137	0.00376	0.00444	0.00547	0.00752
23	0.01622	0.02060	0.01237	0.01126	0.01350	0.80463	0.00845	0.01737	0.01237	0.01079	0.00696	0.00822	0.00584	0.00533	0.02646	0.00130	0.00807	0.00290	0.00228	0.00509
24	0.00538	0.00384	0.00512	0.00615	0.00641	0.00359	0.00410	0.00615	0.00846	0.01127	0.02434	0.84190	0.02921	0.01384	0.00564	0.00179	0.00256	0.01256	0.00410	0.00359
25	0.00805	0.00621	0.00709	0.00666	0.00816	0.01954	0.00508	0.04436	0.16670	0.04400	0.30664	0.13054	0.17101	0.00915	0.00525	0.00150	0.01835	0.03243	0.00444	0.00485
26	0.01631	0.02077	0.01293	0.01160	0.01394	0.80190	0.03297	0.01753	0.01245	0.01091	0.00689	0.00809	0.00572	0.00453	0.00402	0.00115	0.00795	0.00292	0.00227	0.00515
27	0.00538	0.00385	0.00511	0.00612	0.00640	0.00359	0.00409	0.00615	0.00848	0.01129	0.02469	0.82815	0.04274	0.01379	0.00563	0.00179	0.00256	0.01250	0.00410	0.00359
28	0.00886	0.02285	0.82190	0.01259	0.01912	0.01026	0.01632	0.01399	0.00932	0.01399	0.00793	0.00932	0.00559	0.00420	0.00420	0.00140	0.00653	0.00326	0.00186	0.00653
29	0.00528	0.00449	0.00456	0.00459	0.00606	0.00377	0.00347	0.00643	0.01007	0.01197	0.04408	0.04273	0.79109	0.01122	0.00525	0.00151	0.00229	0.03331	0.00410	0.00374
30	0.00542	0.00388	0.00512	0.00607	0.00637	0.00362	0.00406	0.00621	0.00854	0.01137	0.04116	0.79081	0.04677	0.03031	0.00596	0.00183	0.00258	0.01226	0.00409	0.00358
31	0.01614	0.02029	0.01235	0.01122	0.01351	0.77341	0.00843	0.01802	0.06488	0.01131	0.00756	0.00852	0.00620	0.00465	0.00402	0.00116	0.00767	0.00299	0.00242	0.00524
32	0.00544	0.00390	0.00508	0.00600	0.00628	0.00364	0.00398	0.00618	0.00838	0.01112	0.02446	0.75672	0.05927	0.06866	0.00673	0.00195	0.00266	0.01202	0.00401	0.00353
33	0.01221	0.00709	0.00824	0.00692	0.00864	0.00719	0.00506	0.19022	0.04057	0.21210	0.01418	0.02092	0.01278	0.41922	0.01333	0.00280	0.00426	0.00533	0.00382	0.00511
34	0.01640	0.03837	0.01274	0.01130	0.01361	0.81008	0.00851	0.01754	0.01244	0.01080	0.00681	0.00795	0.00569	0.00454	0.00396	0.00113	0.00790	0.00283	0.00227	0.00513
35	0.01650	0.02105	0.01252	0.01138	0.01365	0.82705	0.00853	0.01764	0.01252	0.01081	0.00683	0.00796	0.00569	0.00455	0.00398	0.00114	0.00796	0.00284	0.00228	0.00512
36	0.03694	0.01012	0.01562	0.01260	0.01394	0.04382	0.20267	0.01157	0.00796	0.01180	0.00728	0.01102	0.00659	0.02252	0.06795	0.00216	0.49308	0.00422	0.01313	0.00501
37	0.00527	0.00429	0.00466	0.00496	0.00609	0.00369	0.00357	0.00628	0.00960	0.01174	0.03885	0.27348	0.58827	0.01195	0.00534	0.00158	0.00233	0.01026	0.00410	0.00369
38	0.00983	0.05368	0.41522	0.07409	0.01711	0.01067	0.04285	0.01678	0.25965	0.02882	0.02131	0.01214	0.00867	0.00482	0.00430	0.00142	0.00538	0.00397	0.00281	0.00647
39	0.00895	0.04782	0.79771	0.01244	0.01888	0.01048	0.01605	0.01396	0.00931	0.01388	0.00787	0.00926	0.00560	0.00418	0.00415	0.00138	0.00647	0.00324	0.00187	0.00650
40	0.00538	0.00386	0.00511	0.00612	0.00640	0.00359	0.00409	0.00615	0.00849	0.01129	0.02474	0.82620	0.04466	0.01378	0.00563	0.00179	0.00256	0.01249	0.00410	0.00359
41	0.00916	0.00785	0.00916	0.00654	0.01047	0.00589	0.00523	0.01112	0.00916	0.01439	0.00785	0.00916	0.00654	0.00327	0.00327	0.00065	0.00327	0.00262	0.00262	0.87178
42	0.00631	0.00483	0.00585	0.00588	0.00698	0.00460	0.00437	0.00883	0.08216	0.01495	0.37125	0.20602	0.20378	0.01040	0.00528	0.00154	0.00244	0.04589	0.00446	0.00420
43	0.01679	0.01237	0.01325	0.01016	0.01370	0.01370	0.00839	0.80251	0.02077	0.02783	0.01060	0.01060	0.00751	0.00530	0.00442	0.00133	0.00486	0.00398	0.00442	0.00751
44	0.00537	0.00390	0.00507	0.00600	0.00637	0.00360	0.00403	0.00617	0.00860	0.01133	0.02614	0.77148	0.09847	0.01360	0.00560	0.00177	0.00253	0.01227	0.00410	0.00360
45	0.01679	0.01237	0.01325	0.01016	0.01370	0.01370	0.00839	0.80251	0.02077	0.02783	0.01060	0.01060	0.00751	0.00530	0.00442	0.00133	0.00486	0.00398	0.00442	0.00751
46	0.01506	0.01225	0.01673	0.01246	0.01625	0.01301	0.22373	0.58838	0.01796	0.02412	0.01015	0.01096	0.00729	0.00487	0.00463	0.00137	0.00556	0.00431	0.00382	0.00709
47	0.00677	0.00484	0.00672	0.00774	0.00860	0.00479	0.00652	0.00855	0.00983	0.01283	0.02358	0.20737	0.02617	0.01253	0.00601	0.00199	0.00377	0.63336	0.00407	0.00397
48	0.00936	0.00797	0.00927	0.00664	0.01055	0.00609	0.00532	0.03194	0.00946	0.01475	0.00792	0.00920	0.00657	0.00332	0.00330	0.00067	0.00331	0.00265	0.00266	0.84905
49	0.01093	0.01049	0.01793	0.02711	0.81723	0.01049	0.01355	0.01355	0.01006	0.01443	0.00831	0.01093	0.00700	0.00394	0.00437	0.00131	0.00525	0.00394	0.00219	0.00700
50	0.00538	0.00384	0.00512	0.00615	0.00641	0.00359	0.00410	0.00615	0.00846	0.01127	0.02434	0.84190	0.02921	0.01384	0.00564	0.00179	0.00256	0.01256	0.00410	0.00359
51	0.00834	0.00785	0.01325	0.83417	0.03042	0.00981	0.01227	0.01128	0.00883	0.01128	0.00785	0.01178	0.00589	0.00442	0.00442	0.00147	0.00589	0.00393	0.00196	0.00491
52	0.00522	0.00447	0.00447	0.00447	0.00597	0.00373	0.00336	0.00634	0.01007	0.01193	0.04474	0.04250	0.81544	0.01119	0.00522	0.00149	0.00224	0.00932	0.00410	0.00373
53	0.00540	0.00385	0.00512	0.00612	0.00637	0.00360	0.00407	0.00616	0.00842	0.01122	0.02414	0.82573	0.02895	0.03037	0.00597	0.00184	0.00260	0.01243	0.00407	0.00357
54	0.01650	0.02105	0.01252	0.01138	0.01365	0.82705	0.00853	0.01764	0.01252	0.01081	0.00683	0.00796	0.00569	0.00455	0.00398	0.00114	0.00796	0.00284	0.00228	0.00512
55	0.00623	0.00431	0.00553	0.00556	0.00640	0.00402	0.00404	0.00798	0.01115	0.01596	0.53467	0.23557	0.03547	0.00985	0.00510	0.00145	0.00220	0.00875	0.09173	0.00402
56	0.44014	0.01026	0.00997	0.00804	0.01116	0.01150	0.02207	0.37204	0.01371	0.03584	0.00855	0.00911	0.00627	0.00468	0.00358	0.00134	0.00413	0.00323	0.01831	0.00608
57	0.00618	0.00466	0.00590	0.00659	0.00762	0.00437	0.00535	0.00769	0.00982	0.01244	0.03046	0.19305	0.28145	0.01217	0.00573	0.00181	0.00320	0.39355	0.00408	0.00387
58	0.01650	0.02105	0.01252	0.01138	0.01365	0.82705	0.00853	0.01764	0.01252	0.01081	0.00683	0.00796	0.00569	0.00455	0.00398	0.00114	0.00796	0.00284	0.00228	0.00512
59	0.00856	0.00807	0.01364	0.76716	0.09574	0.00987	0.01237	0.01147	0.00893	0.01155	0.00789	0.01171	0.00598	0.00438	0.00441	0.00146	0.00583	0.00393	0.00198	0.00508
60	0.00538	0.00384	0.00512	0.00615	0.00641	0.00359	0.00410	0.00615	0.00846	0.01127	0.02434	0.84190	0.02921	0.01384	0.00564	0.00179	0.00256	0.01256	0.00410	0.00359
61	0.04795	0.29542	0.01449	0.00876	0.01122	0.32202	0.00727	0.01359	0.00995	0.01106	0.02198	0.01056	0.02001	0.01041	0.17519	0.00233	0.00730	0.00325	0.00226	0.00501
62	0.07593	0.01047	0.01013	0.00852	0.01103	0.10628	0.00676	0.29911	0.14299	0.04207	0.21127	0.01707	0.02694	0.00624	0.00446	0.00135	0.00415	0.00497	0.00419	0.00607
63	0.00538	0.00384	0.00512	0.00615	0.00641	0.00359	0.00410	0.00615	0.00846	0.01127	0.02434	0.84190	0.02921	0.01384	0.00564	0.00179	0.00256	0.01256	0.00410	0.00359
64	0.00916	0.00785	0.00916	0.00654	0.01047	0.00589	0.00523	0.01112	0.00916	0.01439	0.00785	0.00916	0.00654	0.00327	0.00327	0.00065	0.00327	0.00262	0.00262	0.87178
65	0.00834	0.00785	0.01325	0.83417	0.03042	0.00981	0.01227	0.01128	0.00883	0.01128	0.00785	0.01178	0.00589	0.00442	0.00442	0.00147	0.00589	0.00393	0.00196	0.00491
66	0.87598	0.00854	0.00649	0.00581	0.00854	0.00991	0.00478	0.01298	0.00752	0.01982	0.00615	0.00717	0.00478	0.00410	0.00273	0.00137	0.00342	0.00239	0.00273	0.00478
67	0.00642	0.00428	0.00482	0.00482	0.00482	0.00428	0.00268	0.00642	0.00642	0.00856	0.01392	0.02890	0.01606	0.84478	0.02248	0.00428	0.00428	0.00642	0.00268	0.00268
68	0.87598	0.00854	0.00649	0.00581	0.00854	0.00991	0.00478	0.01298	0.00752	0.01982	0.00615	0.00717	0.00478	0.00410	0.00273	0.00137	0.00342	0.00239	0.00273	0.00478
69	0.01963	0.00781	0.01043	0.00800	0.01142	0.00693	0.00661	0.06942	0.01314	0.77169	0.01701	0.01476	0.01072	0.00546	0.00444	0.00136	0.00383	0.00441	0.00540	0.00752
70	0.00645	0.00426	0.00480	0.00483	0.00487	0.00426	0.00273	0.00653	0.00656	0.00888	0.01422	0.05072	0.01627	0.79667	0.02143	0.00412	0.00417	0.00652	0.02896	0.00274
71	0.00949	0.00784	0.00919	0.00658	0.01049	0.00591	0.00527	0.01144	0.00927	0.03923	0.00815	0.00934	0.00668	0.00334	0.00331	0.00068	0.00329	0.00267	0.00270	0.84514
72	0.00746	0.00478	0.00624	0.00575	0.00701	0.00438	0.00439	0.00949	0.01236	0.08688	0.70047	0.03163	0.05350	0.00875	0.00512	0.00139	0.00227	0.02229	0.02141	0.00445
73	0.00538	0.00384	0.00512	0.00615	0.00641	0.00359	0.00410	0.00615	0.00846	0.01127	0.02434	0.84190	0.02921	0.01384	0.00564	0.00179	0.00256	0.01256	0.00410	0.00359
74	0.00886	0.02285	0.82190	0.01259	0.01912	0.01026	0.01632	0.01399	0.00932	0.01399	0.00793	0.00932	0.00559	0.00420	0.00420	0.00140	0.00653	0.00326	0.00186	0.00653
75	0.02065	0.00458	0.00570	0.00540	0.00653	0.00420	0.00405	0.00811	0.01205	0.01686	0.68392	0.03401	0.15905	0.00928	0.00517	0.00140	0.00213	0.00810	0.00471	0.00411
76	0.00538	0.00384	0.00512	0.00615	0.00641	0.00359	0.00410	0.00615	0.00846	0.01127	0.02434	0.84190	0.02921	0.01384	0.00564	0.00179	0.00256	0.01256	0.00410	0.00359
77	0.01181	0.84744	0.02314	0.00756	0.01134	0.01748	0.00756	0.01323	0.00897	0.01039	0.00614	0.00708	0.00567	0.00378	0.00283	0.00094	0.00472	0.00236	0.00189	0.00567
78	0.00538	0.00384	0.00512	0.00615	0.00641	0.00359	0.00410	0.00615	0.00846	0.01127	0.02434	0.84190	0.02921	0.01384	0.00564	0.00179	0.00256	0.01256	0.00410	0.00359
79	0.01244	0.01021	0.01080	0.00928	0.01204	0.01166	0.00734	0.21822	0.61214	0.02082	0.01613	0.01501	0.01199	0.00582	0.00448	0.00145	0.00384	0.00474	0.00448	0.00712
80	0.00631	0.00473	0.00710	0.00710	0.00789	0.00552	0.00552	0.00789	0.00710	0.01025	0.01183	0.01735	0.01104	0.03312	0.82728	0.00710	0.01183	0.00473	0.00237	0.00394
81	0.01650	0.02105	0.01252	0.01138	0.01365	0.82705	0.00853	0.01764	0.01252	0.01081	0.00683	0.00796	0.00569	0.00455	0.00398	0.00114	0.00796	0.00284	0.00228	0.00512
82	0.01650	0.02105	0.01252	0.01138	0.01365	0.82705	0.00853	0.01764	0.01252	0.01081	0.00683	0.00796	0.00569	0.00455	0.00398	0.00114	0.00796	0.00284	0.00228	0.00512
83	0.00538	0.00384	0.00512	0.00615	0.00641	0.00359	0.00410	0.00615	0.00846	0.01127	0.02434	0.84190	0.02921	0.01384	0.00564	0.00179	0.00256	0.01256	0.00410	0.00359
84	0.01528	0.05406	0.01364	0.02929	0.08087	0.40242	0.00893	0.25813	0.01428	0.01641	0.00815	0.00926	0.00644	0.00486	0.00463	0.00125	0.04899	0.00335	0.01376	0.00601
85	0.00892	0.04011	0.80518	0.01248	0.01895	0.01041	0.01613	0.01397	0.00932	0.01391	0.00789	0.00928	0.00560	0.00419	0.00417	0.00139	0.00649	0.00324	0.00187	0.00651
86	0.03802	0.06290	0.06350	0.04904	0.42756	0.09664	0.07133	0.08525	0.02353	0.01502	0.00828	0.01032	0.00670	0.00423	0.00442	0.00131	0.01930	0.00376	0.00240	0.00648
87	0.02679	0.01265	0.02557	0.00911	0.01153	0.26192	0.00720	0.18856	0.13898	0.04825	0.19017	0.01641	0.03170	0.00609	0.00446	0.00132	0.00490	0.00476	0.00383	0.00581
88	0.00541	0.00385	0.00512	0.00612	0.00637	0.00360	0.00406	0.00616	0.00841	0.01121	0.02409	0.82195	0.02889	0.03423	0.00605	0.00185	0.00260	0.01241	0.00406	0.00356
89	0.00946	0.00803	0.00932	0.00668	0.01059	0.00620	0.00536	0.04233	0.00962	0.01492	0.00796	0.00922	0.00658	0.00335	0.00332	0.00068	0.00333	0.00267	0.00269	0.83770
90	0.82894	0.00890	0.00677	0.00603	0.00876	0.03457	0.00494	0.01333	0.00779	0.03919	0.00645	0.00739	0.00496	0.00415	0.00281	0.00136	0.00356	0.00246	0.00279	0.00486
91	0.01650	0.02105	0.01252	0.01138	0.01365	0.82705	0.00853	0.01764	0.01252	0.01081	0.00683	0.00796	0.00569	0.00455	0.00398	0.00114	0.00796	0.00284	0.00228	0.00512
92	0.00642	0.00428	0.00482	0.00482	0.00482	0.00428	0.00268	0.00642	0.00642	0.00856	0.01392	0.02890	0.01606	0.84478	0.02248	0.00428	0.00428	0.00642	0.00268	0.00268
93	0.00642	0.00430	0.00489	0.00489	0.00491	0.00432	0.00276	0.00647	0.00644	0.00861	0.01385	0.02856	0.01591	0.82054	0.04652	0.00437	0.00451	0.00637	0.00267	0.00271
94	0.04913	0.00555	0.00768	0.00872	0.04539	0.00553	0.02267	0.00932	0.00999	0.01346	0.02344	0.06232	0.09114	0.01122	0.00576	0.00191	0.00396	0.61468	0.00389	0.00423
95	0.00652	0.00472	0.00639	0.00732	0.00819	0.00459	0.00604	0.00816	0.00974	0.01262	0.02552	0.24454	0.09652	0.01251	0.00591	0.00193	0.00353	0.52725	0.00408	0.00392

[dist]
# distance from previous block
# <min> <max>
0	6

[block]
# block no. 2 follows, 59 sequences, length 72
# corresponding to MSA columns:
# 227-264,267-277,283,285-306
name=unknown_C
#
# <colnr> <probs for GDERKNQSTAVLIFYWHMCP>
#	G	D	E	R	K	N	Q	S	T	A	V	L	I	F	Y	W	H	M	C	P
0	0.04256	0.11781	0.66366	0.01145	0.01729	0.01084	0.01435	0.01363	0.00934	0.01395	0.04079	0.00995	0.00705	0.00434	0.00402	0.00134	0.00601	0.00332	0.00202	0.00626
1	0.01249	0.01023	0.01083	0.00929	0.01206	0.01169	0.00735	0.22538	0.60489	0.02090	0.01607	0.01496	0.01193	0.00581	0.00447	0.00145	0.00385	0.00473	0.00447	0.00713
2	0.00542	0.00386	0.00511	0.00610	0.00634	0.00362	0.00404	0.00616	0.00837	0.01116	0.02391	0.80851	0.02867	0.04797	0.00633	0.00190	0.00263	0.01230	0.00404	0.00355
3	0.00834	0.00785	0.01325	0.83417	0.03042	0.00981	0.01227	0.01128	0.00883	0.01128	0.00785	0.01178	0.00589	0.00442	0.00442	0.00147	0.00589	0.00393	0.00196	0.00491
4	0.01945	0.00760	0.01024	0.00790	0.01128	0.00668	0.00651	0.02160	0.04536	0.78736	0.01745	0.01509	0.01104	0.00549	0.00444	0.00137	0.00375	0.00446	0.00543	0.00749
5	0.00538	0.00384	0.00512	0.00615	0.00641	0.00359	0.00410	0.00615	0.00846	0.01127	0.02434	0.84190	0.02921	0.01384	0.00564	0.00179	0.00256	0.01256	0.00410	0.00359
6	0.00631	0.00473	0.00710	0.00710	0.00789	0.00552	0.00552	0.00789	0.00710	0.01025	0.01183	0.01735	0.01104	0.03312	0.82728	0.00710	0.01183	0.00473	0.00237	0.00394
7	0.00538	0.00384	0.00512	0.00615	0.00641	0.00359	0.00410	0.00615	0.00846	0.01127	0.02434	0.84190	0.02921	0.01384	0.00564	0.00179	0.00256	0.01256	0.00410	0.00359
8	0.65562	0.00838	0.00752	0.00638	0.00929	0.00917	0.00526	0.03091	0.00900	0.20983	0.00891	0.00911	0.00630	0.00445	0.00317	0.00137	0.00353	0.00291	0.00342	0.00549
9	0.01181	0.84744	0.02314	0.00756	0.01134	0.01748	0.00756	0.01323	0.00897	0.01039	0.00614	0.00708	0.00567	0.00378	0.00283	0.00094	0.00472	0.00236	0.00189	0.00567
10	0.01650	0.02105	0.01252	0.01138	0.01365	0.82705	0.00853	0.01764	0.01252	0.01081	0.00683	0.00796	0.00569	0.00455	0.00398	0.00114	0.00796	0.00284	0.00228	0.00512
11	0.01173	0.82524	0.04465	0.00769	0.01155	0.01728	0.00779	0.01325	0.00898	0.01049	0.00619	0.00715	0.00567	0.00379	0.00287	0.00096	0.00477	0.00239	0.00189	0.00569
12	0.00642	0.00428	0.00482	0.00482	0.00482	0.00428	0.00268	0.00642	0.00642	0.00856	0.01392	0.02890	0.01606	0.84478	0.02248	0.00428	0.00428	0.00642	0.00268	0.00268
13	0.00893	0.02240	0.79471	0.01247	0.01886	0.01028	0.01601	0.01430	0.03611	0.01414	0.00826	0.00956	0.00586	0.00426	0.00421	0.00140	0.00643	0.00332	0.00195	0.00654
14	0.00667	0.00569	0.03427	0.00700	0.00790	0.00598	0.00551	0.00828	0.02556	0.01065	0.03678	0.02099	0.07963	0.16337	0.49662	0.00531	0.06784	0.00539	0.00263	0.00394
15	0.00534	0.00401	0.00495	0.00570	0.00629	0.00363	0.00390	0.00620	0.00889	0.01145	0.02985	0.62620	0.24136	0.01312	0.00552	0.00171	0.00247	0.01168	0.00410	0.00363
16	0.00980	0.00832	0.00975	0.00714	0.01079	0.00697	0.00575	0.07447	0.00994	0.01524	0.00795	0.00930	0.00657	0.00370	0.00404	0.00079	0.05375	0.00280	0.00272	0.75018
17	0.03069	0.03428	0.02621	0.00961	0.11077	0.02042	0.00686	0.06553	0.02149	0.04170	0.00844	0.00965	0.00681	0.00367	0.00354	0.00086	0.00382	0.00297	0.00277	0.58990
18	0.07584	0.10094	0.63820	0.01176	0.01761	0.01092	0.04669	0.01395	0.00924	0.02517	0.00779	0.00913	0.00566	0.00415	0.00400	0.00136	0.00611	0.00321	0.00200	0.00630
19	0.00536	0.00440	0.00473	0.00483	0.00610	0.00376	0.00355	0.00655	0.01014	0.01253	0.13378	0.14754	0.61884	0.01128	0.00527	0.00152	0.00226	0.00959	0.00419	0.00376
20	0.61821	0.00902	0.00958	0.05346	0.19598	0.01010	0.00725	0.02577	0.00838	0.01827	0.00681	0.00833	0.00539	0.00410	0.00322	0.00136	0.00399	0.00285	0.00259	0.00534
21	0.01348	0.01630	0.01764	0.01406	0.01712	0.43780	0.32485	0.02607	0.01157	0.01246	0.00856	0.02317	0.00717	0.00469	0.00472	0.00133	0.01877	0.03243	0.00237	0.00542
22	0.00545	0.00389	0.00521	0.00623	0.00652	0.00365	0.00422	0.00627	0.00852	0.01135	0.02430	0.80996	0.02906	0.01377	0.00566	0.00180	0.00262	0.04380	0.00410	0.00361
23	0.01093	0.01049	0.01793	0.02711	0.81723	0.01049	0.01355	0.01355	0.01006	0.01443	0.00831	0.01093	0.00700	0.00394	0.00437	0.00131	0.00525	0.00394	0.00219	0.00700
24	0.01650	0.02105	0.01252	0.01138	0.01365	0.82705	0.00853	0.01764	0.01252	0.01081	0.00683	0.00796	0.00569	0.00455	0.00398	0.00114	0.00796	0.00284	0.00228	0.00512
25	0.00538	0.00384	0.00512	0.00615	0.00641	0.00359	0.00410	0.00615	0.00846	0.01127	0.02434	0.84190	0.02921	0.01384	0.00564	0.00179	0.00256	0.01256	0.00410	0.00359
26	0.01036	0.01234	0.05678	0.01838	0.02293	0.01113	0.77090	0.01414	0.01038	0.01414	0.00890	0.01181	0.00666	0.00374	0.00517	0.00149	0.00741	0.00514	0.00222	0.00598
27	0.00522	0.00447	0.00447	0.00447	0.00597	0.00373	0.00336	0.00634	0.01007	0.01193	0.04474	0.04250	0.81544	0.01119	0.00522	0.00149	0.00224	0.00932	0.00410	0.00373
28	0.00542	0.00387	0.00517	0.00620	0.00647	0.00362	0.00417	0.00622	0.00850	0.01132	0.02432	0.82341	0.02912	0.01380	0.00565	0.00180	0.00260	0.03065	0.00410	0.00360
29	0.23656	0.00683	0.00726	0.00637	0.00828	0.00717	0.00502	0.13075	0.01245	0.03597	0.46395	0.02244	0.02616	0.00710	0.00442	0.00137	0.00289	0.00584	0.00425	0.00491
30	0.00562	0.00402	0.00540	0.00642	0.00679	0.00379	0.00452	0.00657	0.00869	0.01154	0.02421	0.73207	0.02869	0.01361	0.00570	0.00183	0.00277	0.12001	0.00410	0.00365
31	0.00834	0.00785	0.01325	0.83417	0.03042	0.00981	0.01227	0.01128	0.00883	0.01128	0.00785	0.01178	0.00589	0.00442	0.00442	0.00147	0.00589	0.00393	0.00196	0.00491
32	0.00991	0.31653	0.53741	0.01080	0.01634	0.01283	0.01320	0.01372	0.00920	0.01271	0.00729	0.00853	0.00562	0.00405	0.00371	0.00124	0.00588	0.00294	0.00187	0.00622
33	0.01650	0.02105	0.01252	0.01138	0.01365	0.82705	0.00853	0.01764	0.01252	0.01081	0.00683	0.00796	0.00569	0.00455	0.00398	0.00114	0.00796	0.00284	0.00228	0.00512
34	0.01173	0.82667	0.04327	0.00768	0.01153	0.01729	0.00778	0.01324	0.00898	0.01048	0.00619	0.00714	0.00567	0.00379	0.00287	0.00096	0.00477	0.00238	0.00189	0.00569
35	0.00537	0.00388	0.00509	0.00606	0.00638	0.00359	0.00406	0.00616	0.00854	0.01131	0.02541	0.80021	0.07021	0.01370	0.00562	0.00178	0.00255	0.01239	0.00410	0.00359
36	0.00538	0.00430	0.00482	0.00507	0.00616	0.00374	0.00366	0.00651	0.00988	0.01239	0.12469	0.26901	0.50546	0.01170	0.00534	0.00157	0.00231	0.01009	0.00419	0.00374
37	0.00944	0.10951	0.71053	0.01198	0.01811	0.01113	0.01513	0.04031	0.00967	0.01407	0.00783	0.00913	0.00567	0.00419	0.00406	0.00135	0.00628	0.00319	0.00195	0.00647
38	0.00550	0.00400	0.00519	0.00592	0.00640	0.00369	0.00405	0.00650	0.00920	0.01231	0.14615	0.65265	0.09637	0.01289	0.00554	0.00171	0.00246	0.01159	0.00422	0.00369
39	0.00916	0.00785	0.00916	0.00654	0.01047	0.00589	0.00523	0.01112	0.00916	0.01439	0.00785	0.00916	0.00654	0.00327	0.00327	0.00065	0.00327	0.00262	0.00262	0.87178
40	0.00997	0.00951	0.01619	0.32730	0.52457	0.01024	0.01308	0.01271	0.00960	0.01326	0.00814	0.01125	0.00658	0.00411	0.00439	0.00137	0.00549	0.00393	0.00210	0.00622
41	0.00886	0.02285	0.82190	0.01259	0.01912	0.01026	0.01632	0.01399	0.00932	0.01399	0.00793	0.00932	0.00559	0.00420	0.00420	0.00140	0.00653	0.00326	0.00186	0.00653
42	0.00533	0.00436	0.00471	0.00493	0.00615	0.00375	0.00362	0.00643	0.00983	0.01202	0.06581	0.20284	0.61338	0.01167	0.00532	0.00156	0.00234	0.02809	0.00413	0.00372
43	0.83943	0.00870	0.00678	0.00599	0.00876	0.01007	0.00494	0.04657	0.00808	0.02016	0.00634	0.00732	0.00490	0.00415	0.00280	0.00136	0.00348	0.00246	0.00280	0.00490
44	0.00935	0.12260	0.60878	0.01258	0.01838	0.01115	0.11007	0.01377	0.00936	0.01348	0.00792	0.00954	0.00586	0.00474	0.02275	0.00148	0.00654	0.00342	0.00192	0.00629
45	0.00538	0.00384	0.00512	0.00615	0.00641	0.00359	0.00410	0.00615	0.00846	0.01127	0.02434	0.84190	0.02921	0.01384	0.00564	0.00179	0.00256	0.01256	0.00410	0.00359
46	0.01291	0.00935	0.01065	0.00892	0.01171	0.02102	0.03312	0.14361	0.42311	0.15329	0.05455	0.01683	0.04929	0.00602	0.00453	0.00142	0.00382	0.00500	0.00450	0.02636
47	0.00834	0.00785	0.01325	0.83417	0.03042	0.00981	0.01227	0.01128	0.00883	0.01128	0.00785	0.01178	0.00589	0.00442	0.00442	0.00147	0.00589	0.00393	0.00196	0.00491
48	0.00537	0.00388	0.00509	0.00605	0.00638	0.00360	0.00406	0.00616	0.00855	0.01131	0.02555	0.79479	0.07555	0.01368	0.00561	0.00178	0.00254	0.01237	0.00410	0.00360
49	0.00844	0.00795	0.01343	0.80302	0.06079	0.00984	0.01232	0.01137	0.00888	0.01141	0.00787	0.01174	0.00593	0.00440	0.00441	0.00147	0.00586	0.00393	0.00197	0.00499
50	0.00886	0.02285	0.82190	0.01259	0.01912	0.01026	0.01632	0.01399	0.00932	0.01399	0.00793	0.00932	0.00559	0.00420	0.00420	0.00140	0.00653	0.00326	0.00186	0.00653
51	0.00538	0.00384	0.00512	0.00615	0.00641	0.00359	0.00410	0.00615	0.00846	0.01127	0.02434	0.84190	0.02921	0.01384	0.00564	0.00179	0.00256	0.01256	0.00410	0.00359
52	0.00960	0.00957	0.01341	0.01151	0.01153	0.01338	0.00959	0.01058	0.00677	0.01062	0.00591	0.00981	0.00590	0.00821	0.02975	0.00203	0.82122	0.00388	0.00194	0.00481
53	0.00532	0.00428	0.00475	0.00504	0.00613	0.00371	0.00363	0.00638	0.00970	0.01202	0.07769	0.28753	0.53458	0.01189	0.00535	0.00158	0.00233	0.01025	0.00414	0.00371
54	0.01042	0.01191	0.02606	0.01862	0.02308	0.01117	0.80119	0.01415	0.01042	0.01415	0.00894	0.01191	0.00670	0.00372	0.00521	0.00149	0.00745	0.00521	0.00223	0.00596
55	0.55349	0.01079	0.00845	0.00737	0.01003	0.16405	0.00592	0.01507	0.00921	0.13905	0.00797	0.00860	0.00592	0.00452	0.00364	0.00134	0.03344	0.00284	0.00303	0.00526
56	0.01650	0.02105	0.01252	0.01138	0.01365	0.82705	0.00853	0.01764	0.01252	0.01081	0.00683	0.00796	0.00569	0.00455	0.00398	0.00114	0.00796	0.00284	0.00228	0.00512
57	0.00834	0.00785	0.01325	0.83417	0.03042	0.00981	0.01227	0.01128	0.00883	0.01128	0.00785	0.01178	0.00589	0.00442	0.00442	0.00147	0.00589	0.00393	0.00196	0.00491
58	0.00538	0.00384	0.00512	0.00615	0.00641	0.00359	0.00410	0.00615	0.00846	0.01127	0.02434	0.84190	0.02921	0.01384	0.00564	0.00179	0.00256	0.01256	0.00410	0.00359
59	0.01036	0.00916	0.01165	0.02183	0.01266	0.01011	0.11091	0.04091	0.56102	0.01784	0.11309	0.03212	0.01601	0.00616	0.00469	0.00148	0.00390	0.00547	0.00420	0.00644
60	0.00611	0.00446	0.00566	0.00550	0.00647	0.00411	0.00406	0.00788	0.01156	0.01603	0.61603	0.09445	0.11700	0.05759	0.00625	0.00161	0.00230	0.02436	0.00459	0.00399
61	0.00540	0.00392	0.00512	0.00606	0.00643	0.00363	0.00411	0.00623	0.00861	0.01136	0.02585	0.76571	0.08809	0.01360	0.00562	0.00178	0.00257	0.02821	0.00410	0.00361
62	0.00916	0.00785	0.00916	0.00654	0.01047	0.00589	0.00523	0.01112	0.00916	0.01439	0.00785	0.00916	0.00654	0.00327	0.00327	0.00065	0.00327	0.00262	0.00262	0.87178
63	0.00916	0.00785	0.00916	0.00654	0.01047	0.00589	0.00523	0.01112	0.00916	0.01439	0.00785	0.00916	0.00654	0.00327	0.00327	0.00065	0.00327	0.00262	0.00262	0.87178
64	0.00897	0.05467	0.79107	0.01239	0.01882	0.01054	0.01598	0.01396	0.00931	0.01385	0.00786	0.00924	0.00560	0.00418	0.00414	0.00138	0.00646	0.00323	0.00187	0.00649
65	0.00537	0.00435	0.00477	0.00494	0.00613	0.00375	0.00360	0.00653	0.01002	0.01246	0.12881	0.20341	0.56750	0.01148	0.00530	0.00154	0.00229	0.00982	0.00419	0.00375
66	0.66580	0.00845	0.00751	0.00639	0.00929	0.00931	0.00527	0.04123	0.00905	0.18970	0.00869	0.00895	0.00618	0.00443	0.00315	0.00137	0.00354	0.00288	0.00337	0.00545
67	0.01519	0.01779	0.01443	0.01213	0.01487	0.55260	0.12719	0.11416	0.04921	0.01375	0.00820	0.00944	0.00651	0.00510	0.01901	0.00134	0.00737	0.00347	0.00264	0.00560
68	0.00538	0.00384	0.00512	0.00615	0.00641	0.00359	0.00410	0.00615	0.00846	0.01127	0.02434	0.84190	0.02921	0.01384	0.00564	0.00179	0.00256	0.01256	0.00410	0.00359
69	0.01172	0.82261	0.04720	0.00771	0.01157	0.01726	0.00782	0.01325	0.00898	0.01050	0.00619	0.00715	0.00567	0.00379	0.00287	0.00096	0.00478	0.00239	0.00189	0.00569
70	0.00582	0.00413	0.00549	0.00639	0.00679	0.00394	0.00454	0.00680	0.00872	0.01160	0.04708	0.59988	0.02775	0.08452	0.00715	0.00204	0.00298	0.15674	0.00399	0.00362
71	0.00981	0.00619	0.00767	0.00698	0.00868	0.00612	0.00536	0.06049	0.12294	0.15254	0.27848	0.17079	0.02499	0.02831	0.03326	0.00173	0.00331	0.03927	0.00452	0.02854

[dist]
# distance from previous block
# <min> <max>
0	1

[block]
# block no. 3 follows, 59 sequences, length 30
# corresponding to MSA columns:
# 308-337
name=unknown_D
#
# <colnr> <probs for GDERKNQSTAVLIFYWHMCP>
#	G	D	E	R	K	N	Q	S	T	A	V	L	I	F	Y	W	H	M	C	P
0	0.01530	0.06178	0.06594	0.01128	0.01416	0.58909	0.03998	0.09316	0.02913	0.01300	0.00756	0.00862	0.00607	0.00453	0.00402	0.00117	0.00720	0.00309	0.00249	0.02242
1	0.01093	0.01049	0.01793	0.02711	0.81723	0.01049	0.01355	0.01355	0.01006	0.01443	0.00831	0.01093	0.00700	0.00394	0.00437	0.00131	0.00525	0.00394	0.00219	0.00700
2	0.01757	0.01113	0.01248	0.00957	0.01308	0.01185	0.00791	0.60217	0.01868	0.23111	0.01235	0.01174	0.00839	0.00534	0.00442	0.00134	0.00458	0.00410	0.00469	0.00751
3	0.00701	0.00673	0.10057	0.00642	0.00819	0.00495	0.00565	0.00940	0.01194	0.04196	0.63898	0.02987	0.05868	0.00838	0.00503	0.00140	0.00269	0.02166	0.02596	0.00453
4	0.00618	0.00429	0.00536	0.00574	0.00610	0.00416	0.00388	0.00697	0.00839	0.01129	0.13521	0.27181	0.02487	0.37184	0.01291	0.00284	0.00343	0.10782	0.00359	0.00334
5	0.00986	0.00945	0.01624	0.35634	0.47394	0.01023	0.03494	0.01264	0.00957	0.01314	0.00814	0.01130	0.00654	0.00413	0.00441	0.00138	0.00557	0.00397	0.00210	0.00611
6	0.00651	0.00461	0.00622	0.00710	0.00776	0.00454	0.00563	0.00790	0.00916	0.01202	0.02239	0.27941	0.02527	0.12496	0.00817	0.00227	0.00365	0.45479	0.00389	0.00374
7	0.00933	0.12723	0.62559	0.01183	0.01724	0.01156	0.01442	0.01350	0.00898	0.01314	0.00745	0.00908	0.00563	0.00455	0.00521	0.00140	0.10253	0.00322	0.00188	0.00622
8	0.28727	0.00981	0.17291	0.00708	0.00939	0.02667	0.00650	0.01035	0.00776	0.01370	0.01119	0.11144	0.01147	0.27091	0.02454	0.00244	0.00449	0.00507	0.00268	0.00433
9	0.01650	0.02105	0.01252	0.01138	0.01365	0.82705	0.00853	0.01764	0.01252	0.01081	0.00683	0.00796	0.00569	0.00455	0.00398	0.00114	0.00796	0.00284	0.00228	0.00512
10	0.00904	0.03176	0.07663	0.00760	0.03549	0.03473	0.00619	0.01096	0.00899	0.01336	0.02871	0.01261	0.00869	0.12675	0.00625	0.00131	0.00392	0.00340	0.00257	0.57102
11	0.00767	0.00384	0.00575	0.00575	0.00575	0.00384	0.00384	0.00575	0.00575	0.00767	0.00767	0.01343	0.00767	0.01534	0.01726	0.87150	0.00384	0.00384	0.00192	0.00192
12	0.00617	0.00451	0.00579	0.00547	0.00655	0.00413	0.00410	0.00817	0.01230	0.01724	0.75223	0.03377	0.10464	0.00920	0.00521	0.00140	0.00210	0.00810	0.00480	0.00413
13	0.01170	0.00979	0.03719	0.00920	0.01226	0.04027	0.06685	0.01922	0.42021	0.12104	0.04099	0.01504	0.02207	0.00535	0.00434	0.00132	0.00400	0.00456	0.00397	0.15062
14	0.00980	0.00787	0.00932	0.00673	0.01054	0.00609	0.00541	0.01172	0.00931	0.06163	0.00837	0.00951	0.00678	0.00350	0.00359	0.00072	0.02196	0.00275	0.00277	0.80163
15	0.00522	0.00447	0.00447	0.00447	0.00597	0.00373	0.00336	0.00634	0.01007	0.01193	0.04474	0.04250	0.81544	0.01119	0.00522	0.00149	0.00224	0.00932	0.00410	0.00373
16	0.16860	0.01085	0.15710	0.00934	0.03854	0.00834	0.03398	0.05762	0.01135	0.41032	0.02958	0.01295	0.02182	0.00504	0.00414	0.00137	0.00436	0.00400	0.00403	0.00666
17	0.01120	0.67861	0.18669	0.00859	0.01293	0.01600	0.00935	0.01338	0.00905	0.01113	0.00651	0.00754	0.00565	0.00386	0.00311	0.00104	0.00509	0.00255	0.00188	0.00584
18	0.01042	0.01191	0.02606	0.01862	0.02308	0.01117	0.80119	0.01415	0.01042	0.01415	0.00894	0.01191	0.00670	0.00372	0.00521	0.00149	0.00745	0.00521	0.00223	0.00596
19	0.00557	0.00405	0.00551	0.00629	0.00669	0.00399	0.00437	0.00651	0.00823	0.01109	0.02246	0.64628	0.05185	0.01770	0.17385	0.00287	0.00445	0.01085	0.00374	0.00366
20	0.00958	0.00989	0.01963	0.05511	0.12904	0.00955	0.46605	0.03873	0.01024	0.01392	0.01201	0.18166	0.01134	0.00591	0.00512	0.00152	0.00598	0.00644	0.00267	0.00562
21	0.05139	0.00525	0.00697	0.00804	0.08383	0.00510	0.00521	0.00898	0.03764	0.03887	0.28086	0.38453	0.04589	0.01024	0.00514	0.00156	0.00277	0.00914	0.00415	0.00440
22	0.79372	0.00848	0.00674	0.00588	0.00872	0.00953	0.00483	0.01281	0.00767	0.01930	0.00631	0.00736	0.00495	0.00402	0.00278	0.00130	0.00340	0.00241	0.00272	0.08706
23	0.00628	0.00670	0.08293	0.00574	0.00797	0.00472	0.00499	0.00801	0.01012	0.01320	0.13341	0.05906	0.49612	0.00917	0.00485	0.00136	0.00279	0.00770	0.00377	0.13112
24	0.03133	0.01167	0.01244	0.08787	0.01461	0.05870	0.00828	0.57566	0.01773	0.02375	0.05104	0.01155	0.00889	0.00521	0.00433	0.00129	0.00486	0.00399	0.00394	0.06285
25	0.00919	0.00896	0.01277	0.10638	0.01330	0.01221	0.00944	0.01049	0.00755	0.01138	0.08282	0.01212	0.00921	0.00747	0.01244	0.00183	0.66119	0.00426	0.00221	0.00478
26	0.00652	0.08435	0.00729	0.00583	0.00697	0.00527	0.00443	0.00819	0.01111	0.01524	0.51635	0.21763	0.07499	0.00975	0.00508	0.00145	0.00245	0.00858	0.00437	0.00415
27	0.00674	0.00535	0.00767	0.00897	0.08487	0.00511	0.03084	0.00836	0.00973	0.01267	0.03916	0.25224	0.18016	0.01133	0.00560	0.00177	0.00349	0.31786	0.00386	0.00421
28	0.01094	0.54654	0.23634	0.00904	0.01344	0.01492	0.00986	0.01440	0.08501	0.01212	0.00774	0.00858	0.00639	0.00410	0.00336	0.00112	0.00509	0.00285	0.00213	0.00602
29	0.00728	0.00627	0.00755	0.00744	0.00835	0.08345	0.00573	0.00877	0.00759	0.01026	0.01141	0.01677	0.01067	0.05239	0.72736	0.00646	0.01126	0.00460	0.00237	0.00402

[dist]
# distance from previous block
# <min> <max>
2	5

[block]
# block no. 4 follows, 59 sequences, length 14
# corresponding to MSA columns:
# 343-356
name=unknown_E
#
# <colnr> <probs for GDERKNQSTAVLIFYWHMCP>
#	G	D	E	R	K	N	Q	S	T	A	V	L	I	F	Y	W	H	M	C	P
0	0.01395	0.01402	0.18436	0.01044	0.01441	0.01243	0.00980	0.48027	0.17497	0.02303	0.01150	0.01150	0.00829	0.00520	0.00439	0.00138	0.00494	0.00403	0.00389	0.00720
1	0.00969	0.12514	0.54761	0.01118	0.01650	0.01133	0.01322	0.01590	0.17918	0.01448	0.00983	0.01056	0.00728	0.00452	0.00409	0.00136	0.00565	0.00352	0.00243	0.00652
2	0.19518	0.00885	0.00898	0.00797	0.01055	0.00998	0.00629	0.02016	0.52674	0.08876	0.01683	0.01575	0.05389	0.00582	0.00415	0.00146	0.00344	0.00462	0.00418	0.00640
3	0.00633	0.00464	0.00661	0.00661	0.00723	0.00526	0.00492	0.00758	0.00695	0.00989	0.01227	0.01980	0.01211	0.20552	0.65634	0.00650	0.01023	0.00509	0.00243	0.00367
