[name]
unknown

[dist]
# distance from previous block
# <min> <max>
4	37

[block]
# block no. 0 follows, 55 sequences, length 12
# corresponding to MSA columns:
# 45-56
name=unknown_A
#
# <colnr> <probs for GDERKNQSTAVLIFYWHMCP>
#	G	D	E	R	K	N	Q	S	T	A	V	L	I	F	Y	W	H	M	C	P
0	0.01118	0.34716	0.28174	0.01226	0.06751	0.01386	0.09253	0.05778	0.01056	0.01399	0.00966	0.01094	0.04276	0.00458	0.00403	0.00129	0.00582	0.00365	0.00230	0.00641
1	0.01099	0.01251	0.11704	0.03610	0.42375	0.04707	0.09359	0.03591	0.03529	0.01527	0.01191	0.01545	0.04496	0.00518	0.00476	0.00146	0.00570	0.04790	0.02850	0.00665
2	0.00593	0.00568	0.05163	0.00570	0.00717	0.00437	0.00452	0.00729	0.01020	0.01288	0.10643	0.20707	0.47976	0.06206	0.00664	0.00180	0.00281	0.00986	0.00416	0.00404
3	0.06402	0.04620	0.06481	0.01182	0.09386	0.15752	0.00905	0.15871	0.03818	0.14660	0.03558	0.04964	0.01048	0.00605	0.00526	0.00145	0.06242	0.02824	0.00361	0.00647
4	0.05792	0.13296	0.18831	0.01360	0.15476	0.06500	0.04286	0.11807	0.03458	0.04725	0.02559	0.03412	0.00880	0.02954	0.01525	0.00154	0.00563	0.00413	0.01360	0.00649
5	0.00792	0.00552	0.00788	0.00756	0.00863	0.00533	0.05924	0.00942	0.03004	0.08664	0.08149	0.46669	0.07968	0.08122	0.00754	0.00199	0.03437	0.01021	0.00417	0.00445
6	0.00605	0.00440	0.00543	0.00584	0.00650	0.00410	0.00402	0.00689	0.00928	0.01215	0.11123	0.36273	0.22009	0.11365	0.05548	0.05097	0.00342	0.01010	0.00399	0.00369
7	0.05318	0.05806	0.01296	0.01237	0.13717	0.13932	0.02232	0.06366	0.19040	0.15182	0.04293	0.01554	0.01160	0.00572	0.00451	0.00142	0.00493	0.03947	0.02595	0.00664
8	0.01224	0.07869	0.01298	0.03901	0.01305	0.03321	0.05744	0.08766	0.08033	0.11750	0.07234	0.03045	0.01138	0.00549	0.00530	0.00127	0.08090	0.00434	0.00351	0.25294
9	0.01306	0.01072	0.05613	0.02760	0.25821	0.03893	0.00973	0.04226	0.15265	0.16712	0.04906	0.01399	0.01087	0.00508	0.00450	0.00134	0.00463	0.00437	0.00364	0.12611
10	0.04447	0.09191	0.03946	0.00818	0.01206	0.10736	0.00690	0.06405	0.01113	0.09051	0.00904	0.00989	0.00709	0.00408	0.00370	0.00095	0.00448	0.00305	0.00302	0.47867
11	0.02758	0.08645	0.10456	0.06519	0.10543	0.11558	0.02555	0.04580	0.09866	0.10280	0.06920	0.06788	0.03296	0.00611	0.00484	0.00144	0.02539	0.00499	0.00336	0.00621

[dist]
# distance from previous block
# <min> <max>
20	32

[block]
# block no. 1 follows, 55 sequences, length 12
# corresponding to MSA columns:
# 94-105
name=unknown_B
#
# <colnr> <probs for GDERKNQSTAVLIFYWHMCP>
#	G	D	E	R	K	N	Q	S	T	A	V	L	I	F	Y	W	H	M	C	P
0	0.07611	0.25614	0.26529	0.02040	0.05038	0.02611	0.01055	0.05703	0.03104	0.02896	0.03787	0.01098	0.00819	0.02400	0.02198	0.00147	0.00547	0.00348	0.00255	0.06199
1	0.04605	0.31762	0.29087	0.01143	0.03090	0.08680	0.06571	0.06019	0.01078	0.02881	0.00792	0.00916	0.00623	0.00434	0.00391	0.00127	0.00608	0.00324	0.00231	0.00639
2	0.04036	0.02512	0.06354	0.00834	0.03518	0.03302	0.02382	0.03802	0.07113	0.16480	0.13717	0.06962	0.08348	0.15394	0.00816	0.00200	0.00407	0.00626	0.00402	0.02796
3	0.08234	0.09056	0.02833	0.15390	0.01573	0.02462	0.09390	0.09148	0.03332	0.08972	0.08560	0.08538	0.06015	0.01968	0.00521	0.00154	0.02384	0.00558	0.00345	0.00569
4	0.00896	0.07201	0.01036	0.04142	0.04310	0.00761	0.04473	0.07953	0.05220	0.03230	0.07678	0.22997	0.17736	0.00893	0.00500	0.00148	0.00365	0.00778	0.00385	0.09298
5	0.11205	0.01252	0.01285	0.01008	0.01360	0.03891	0.00827	0.61218	0.05912	0.05785	0.01120	0.01118	0.00799	0.00546	0.00445	0.00141	0.00494	0.00404	0.00443	0.00749
6	0.05842	0.13821	0.20961	0.03001	0.19614	0.09124	0.01164	0.08269	0.05072	0.07496	0.00946	0.01058	0.00722	0.00462	0.00420	0.00135	0.00572	0.00363	0.00279	0.00677
7	0.00609	0.00453	0.00514	0.00534	0.00602	0.00424	0.00354	0.00677	0.00862	0.01096	0.02859	0.18142	0.31203	0.33300	0.06067	0.00312	0.00385	0.00897	0.00363	0.00348
8	0.00903	0.00833	0.01393	0.68062	0.09825	0.01015	0.01243	0.01173	0.00915	0.01193	0.00823	0.01236	0.00641	0.00540	0.00579	0.05259	0.03229	0.00413	0.00208	0.00517
9	0.01096	0.01126	0.05984	0.15227	0.56140	0.01099	0.03478	0.01473	0.07000	0.01496	0.00944	0.01204	0.00761	0.00440	0.00464	0.00143	0.00563	0.00423	0.00243	0.00696
10	0.01065	0.01095	0.03712	0.37129	0.09193	0.05386	0.19715	0.07434	0.01091	0.01427	0.00934	0.04398	0.00758	0.00505	0.00532	0.00154	0.04170	0.00474	0.00246	0.00583
11	0.01579	0.01791	0.01214	0.01126	0.03816	0.57802	0.00830	0.04441	0.04228	0.06729	0.04607	0.01353	0.07373	0.00570	0.00444	0.00128	0.00695	0.00406	0.00306	0.00563

[dist]
# distance from previous block
# <min> <max>
4	15

[block]
# block no. 2 follows, 55 sequences, length 23
# corresponding to MSA columns:
# 121-143
name=unknown_C
#
# <colnr> <probs for GDERKNQSTAVLIFYWHMCP>
#	G	D	E	R	K	N	Q	S	T	A	V	L	I	F	Y	W	H	M	C	P
0	0.05339	0.51517	0.01990	0.04483	0.01344	0.08033	0.00832	0.18769	0.01244	0.01558	0.00765	0.00858	0.00637	0.00445	0.00352	0.00115	0.00527	0.00298	0.00266	0.00628
1	0.01192	0.03681	0.20082	0.08554	0.23874	0.02104	0.02526	0.08172	0.01145	0.10768	0.04534	0.03355	0.00961	0.00558	0.00519	0.03952	0.00541	0.00439	0.00297	0.02746
2	0.01063	0.00985	0.05211	0.47165	0.27449	0.01031	0.01306	0.01363	0.01005	0.07649	0.00923	0.01228	0.00698	0.00457	0.00463	0.00148	0.00584	0.00415	0.00243	0.00616
3	0.00712	0.00574	0.00773	0.00768	0.00858	0.04166	0.00596	0.00876	0.00773	0.01083	0.01223	0.01784	0.01138	0.03356	0.78214	0.00720	0.01228	0.00490	0.00249	0.00421
4	0.01285	0.03039	0.16526	0.11646	0.21549	0.02985	0.05350	0.12604	0.03707	0.11501	0.01040	0.01179	0.00765	0.00470	0.00455	0.00140	0.00564	0.00407	0.00307	0.04481
5	0.81379	0.00893	0.00710	0.00626	0.00919	0.01020	0.00516	0.01426	0.00827	0.07261	0.00726	0.00810	0.00546	0.00441	0.00300	0.00144	0.00362	0.00266	0.00307	0.00523
6	0.03329	0.01070	0.01810	0.05750	0.51194	0.01080	0.12234	0.01549	0.08565	0.05227	0.02952	0.01292	0.00894	0.00455	0.00473	0.00144	0.00551	0.00453	0.00277	0.00701
7	0.03181	0.00863	0.01327	0.03832	0.42212	0.00833	0.00982	0.01233	0.01098	0.04369	0.16200	0.01975	0.11011	0.00607	0.00473	0.00136	0.00425	0.00547	0.00324	0.08367
8	0.04492	0.00669	0.00768	0.00677	0.00870	0.00667	0.00527	0.11416	0.08065	0.07808	0.39633	0.02955	0.17883	0.00866	0.00515	0.00148	0.00293	0.00734	0.00483	0.00531
9	0.01715	0.01302	0.01365	0.01055	0.01421	0.03862	0.00866	0.71174	0.04567	0.02787	0.01117	0.01122	0.00801	0.00549	0.00459	0.00137	0.00510	0.00413	0.00451	0.04328
10	0.00928	0.00864	0.01436	0.73579	0.09485	0.01052	0.01291	0.03550	0.00979	0.01268	0.00840	0.01229	0.00635	0.00464	0.00465	0.00153	0.00611	0.00414	0.00216	0.00543
11	0.02455	0.01089	0.01824	0.03971	0.63791	0.02264	0.07652	0.03137	0.01082	0.01529	0.01073	0.03005	0.04080	0.00471	0.00471	0.00142	0.00554	0.00464	0.00249	0.00697
12	0.01259	0.27696	0.20936	0.09600	0.05987	0.07137	0.03455	0.09122	0.01145	0.06998	0.02071	0.01034	0.00723	0.00459	0.00407	0.00130	0.00582	0.00351	0.00262	0.00645
13	0.00710	0.00476	0.00591	0.00617	0.00705	0.00442	0.00437	0.00844	0.02769	0.06285	0.14269	0.36536	0.16766	0.10982	0.00798	0.01404	0.00296	0.04231	0.00433	0.00412
14	0.00970	0.07633	0.16037	0.03832	0.03720	0.02592	0.05964	0.06134	0.04440	0.03331	0.01144	0.01715	0.01046	0.21442	0.16287	0.00332	0.02103	0.00481	0.00271	0.00526
15	0.06456	0.09775	0.14798	0.03955	0.11846	0.11069	0.03374	0.12487	0.04848	0.05236	0.02954	0.02473	0.00946	0.02462	0.00504	0.00149	0.01909	0.03819	0.00305	0.00636
16	0.01244	0.17741	0.23744	0.01209	0.01645	0.08448	0.13104	0.17062	0.01243	0.01627	0.00910	0.02438	0.00739	0.04034	0.00547	0.00151	0.02807	0.00400	0.00269	0.00641
17	0.06409	0.26441	0.16768	0.01084	0.06142	0.02421	0.02851	0.16473	0.01193	0.04117	0.02207	0.01131	0.00795	0.04286	0.04601	0.00175	0.01622	0.00368	0.00282	0.00634
18	0.05933	0.26720	0.14840	0.00974	0.03202	0.03336	0.00913	0.18315	0.01251	0.02921	0.07120	0.08559	0.01161	0.00594	0.00439	0.00135	0.02197	0.00456	0.00314	0.00621
19	0.04609	0.29393	0.17018	0.01132	0.06601	0.05623	0.05881	0.10245	0.02800	0.03814	0.03058	0.01180	0.04291	0.00489	0.00404	0.00128	0.00543	0.00379	0.00275	0.02138
20	0.01378	0.18906	0.16862	0.00988	0.01380	0.03982	0.00952	0.28078	0.03268	0.08112	0.02895	0.01297	0.00919	0.05910	0.01988	0.00165	0.00542	0.01366	0.00343	0.00668
21	0.03533	0.26830	0.16288	0.01100	0.06779	0.08172	0.00989	0.17335	0.02947	0.02918	0.02475	0.03243	0.04450	0.00528	0.00410	0.00130	0.00537	0.00397	0.00295	0.00644
22	0.01303	0.16940	0.18659	0.01022	0.01421	0.04588	0.03431	0.23636	0.04881	0.06434	0.08868	0.03616	0.02068	0.00569	0.00443	0.00137	0.00518	0.00450	0.00351	0.00664

[dist]
# distance from previous block
# <min> <max>
10	138

[block]
# block no. 3 follows, 55 sequences, length 24
# corresponding to MSA columns:
# 333-356
name=unknown_D
#
# <colnr> <probs for GDERKNQSTAVLIFYWHMCP>
#	G	D	E	R	K	N	Q	S	T	A	V	L	I	F	Y	W	H	M	C	P
0	0.01171	0.01139	0.10414	0.06992	0.12028	0.01051	0.05462	0.17472	0.18598	0.04443	0.08929	0.05762	0.03212	0.00624	0.00485	0.00150	0.00479	0.00541	0.00379	0.00668
1	0.01433	0.21216	0.01525	0.01092	0.04914	0.42023	0.00840	0.05590	0.01246	0.01334	0.11273	0.01199	0.01116	0.00533	0.00442	0.00123	0.02889	0.00374	0.00276	0.00561
2	0.02620	0.00834	0.04598	0.07224	0.01190	0.00815	0.00712	0.17430	0.05872	0.05521	0.20256	0.09367	0.10775	0.02023	0.00568	0.00160	0.02701	0.05393	0.00425	0.01518
3	0.04041	0.04200	0.19547	0.08760	0.09110	0.08679	0.10130	0.14956	0.05589	0.01691	0.00922	0.01091	0.00703	0.00485	0.00509	0.00144	0.05170	0.00394	0.00277	0.03603
4	0.07272	0.08347	0.19942	0.01326	0.15206	0.01045	0.03670	0.06867	0.04976	0.19787	0.02310	0.05177	0.00969	0.00535	0.00444	0.00143	0.00508	0.00445	0.00344	0.00688
5	0.01085	0.17813	0.44508	0.01466	0.12268	0.01234	0.08683	0.02731	0.01026	0.03809	0.00848	0.01005	0.00641	0.00431	0.00428	0.00138	0.00630	0.00359	0.00221	0.00676
6	0.00743	0.00544	0.00662	0.00703	0.04410	0.00500	0.00498	0.02493	0.03310	0.06053	0.15845	0.17964	0.37058	0.01101	0.00551	0.00163	0.00286	0.06214	0.00446	0.00457
7	0.01048	0.02866	0.42375	0.03969	0.22255	0.02400	0.09422	0.04133	0.02501	0.01519	0.00890	0.01092	0.00675	0.00504	0.02228	0.00158	0.00661	0.00392	0.00226	0.00684
8	0.01275	0.01064	0.01781	0.02587	0.70231	0.01050	0.01329	0.01539	0.01095	0.12036	0.01002	0.01209	0.00792	0.00436	0.00462	0.00139	0.00532	0.00422	0.00276	0.00744
9	0.73190	0.01110	0.11352	0.00719	0.01062	0.01060	0.00675	0.03554	0.00856	0.02030	0.00686	0.00796	0.00523	0.00437	0.00313	0.00144	0.00407	0.00269	0.00281	0.00536
10	0.05056	0.01106	0.01127	0.16428	0.04949	0.20372	0.03689	0.03726	0.04359	0.04802	0.03458	0.11672	0.12511	0.00730	0.00513	0.00151	0.03002	0.01497	0.00324	0.00527
11	0.01366	0.00706	0.00815	0.00682	0.00902	0.00716	0.00546	0.15319	0.01279	0.23567	0.01502	0.01559	0.01090	0.00563	0.00430	0.00127	0.03153	0.00439	0.44642	0.00598
12	0.00824	0.00516	0.00650	0.00593	0.00746	0.00461	0.00453	0.01016	0.01264	0.12205	0.53788	0.03441	0.20359	0.00950	0.00538	0.00148	0.00246	0.00822	0.00503	0.00476
13	0.00964	0.00924	0.01560	0.47163	0.11855	0.01049	0.12235	0.01404	0.11408	0.01371	0.01069	0.05063	0.00864	0.00516	0.00483	0.00155	0.00586	0.00489	0.00259	0.00581
14	0.01558	0.13979	0.06350	0.01278	0.08218	0.52718	0.00975	0.05717	0.02737	0.01292	0.00771	0.00892	0.00635	0.00467	0.00410	0.00122	0.00730	0.00315	0.00246	0.00590
15	0.01225	0.01218	0.04188	0.01798	0.02258	0.01109	0.67060	0.01593	0.01126	0.12010	0.01057	0.01293	0.00762	0.00417	0.00536	0.00155	0.00731	0.00534	0.00279	0.00650
16	0.00700	0.11507	0.00941	0.00760	0.00868	0.00633	0.05306	0.00817	0.00915	0.01201	0.02173	0.61642	0.02537	0.01296	0.02616	0.00191	0.00364	0.04725	0.00384	0.00425
17	0.02544	0.01346	0.07150	0.06689	0.21586	0.15501	0.04031	0.16725	0.03014	0.02939	0.01058	0.08312	0.00920	0.00582	0.00530	0.00147	0.05506	0.00475	0.00302	0.00643
18	0.00811	0.00501	0.00617	0.00624	0.00757	0.00446	0.00465	0.00936	0.01050	0.13304	0.07087	0.31672	0.30362	0.02341	0.00586	0.00174	0.00289	0.07073	0.00455	0.00451
19	0.00825	0.00669	0.11265	0.00701	0.00792	0.00493	0.00578	0.00721	0.00656	0.00896	0.00812	0.01357	0.00779	0.01461	0.01636	0.75054	0.00442	0.00396	0.00201	0.00266
20	0.00981	0.15092	0.68978	0.01244	0.01886	0.01199	0.01575	0.01461	0.00976	0.01414	0.00806	0.00945	0.00591	0.00435	0.00420	0.00140	0.00658	0.00329	0.00197	0.00673
21	0.06444	0.01364	0.01306	0.11691	0.09938	0.23063	0.00936	0.22000	0.08435	0.01794	0.00993	0.01159	0.00780	0.02636	0.00519	0.00147	0.03060	0.00392	0.02716	0.00629
22	0.00579	0.00415	0.00535	0.00623	0.00657	0.00387	0.00414	0.00658	0.00893	0.01186	0.04926	0.69119	0.07335	0.09005	0.00754	0.00210	0.00283	0.01229	0.00420	0.00372
23	0.00569	0.00412	0.00538	0.00633	0.00672	0.00381	0.00427	0.00657	0.00917	0.01215	0.05319	0.75165	0.08536	0.01421	0.00589	0.00185	0.00266	0.01283	0.00435	0.00381

[dist]
# distance from previous block
# <min> <max>
0	4

[block]
# block no. 4 follows, 55 sequences, length 22
# corresponding to MSA columns:
# 361-382
name=unknown_E
#
# <colnr> <probs for GDERKNQSTAVLIFYWHMCP>
#	G	D	E	R	K	N	Q	S	T	A	V	L	I	F	Y	W	H	M	C	P
0	0.01154	0.01167	0.01693	0.03529	0.38229	0.09698	0.09800	0.03425	0.02563	0.01430	0.02569	0.02924	0.00900	0.02743	0.00702	0.00161	0.14241	0.02188	0.00253	0.00631
1	0.00779	0.00546	0.00688	0.00734	0.00829	0.00548	0.00545	0.03501	0.09834	0.04767	0.04604	0.46803	0.02629	0.05347	0.00667	0.00199	0.00332	0.15756	0.00438	0.00455
2	0.01098	0.01255	0.02745	0.01961	0.02431	0.01176	0.79059	0.01490	0.01098	0.01490	0.00941	0.01255	0.00706	0.00392	0.00549	0.00157	0.00784	0.00549	0.00235	0.00627
3	0.01134	0.01048	0.01677	0.12708	0.51339	0.01054	0.03212	0.07198	0.01115	0.01582	0.00882	0.01136	0.00718	0.00421	0.00447	0.00131	0.00534	0.00398	0.00252	0.13015
4	0.03729	0.00572	0.00600	0.00562	0.00709	0.00587	0.00434	0.09883	0.02902	0.01794	0.06442	0.02236	0.08634	0.04408	0.00486	0.00142	0.00282	0.04744	0.50380	0.00473
5	0.00625	0.00466	0.00588	0.00654	0.00724	0.00446	0.00464	0.00813	0.06004	0.01334	0.11756	0.55686	0.11274	0.01306	0.00579	0.00180	0.00277	0.05967	0.00444	0.00413
6	0.03020	0.00895	0.00858	0.00778	0.00979	0.11549	0.00604	0.12904	0.06442	0.07326	0.15579	0.10570	0.20149	0.00892	0.00513	0.00153	0.00393	0.05428	0.00434	0.00534
7	0.01383	0.03187	0.03263	0.01225	0.13518	0.06902	0.00859	0.06542	0.32709	0.17797	0.03093	0.03245	0.02987	0.00596	0.00466	0.00147	0.00449	0.00495	0.00424	0.00711
8	0.04895	0.01022	0.01194	0.00929	0.01284	0.01046	0.00764	0.34027	0.07582	0.40036	0.01501	0.01373	0.01000	0.00568	0.00461	0.00143	0.00440	0.00444	0.00512	0.00777
9	0.01738	0.02217	0.01318	0.01199	0.01438	0.81783	0.00899	0.01858	0.01318	0.01139	0.00719	0.00839	0.00599	0.00479	0.00419	0.00120	0.00839	0.00300	0.00240	0.00539
10	0.04827	0.01143	0.02096	0.08589	0.26642	0.01142	0.35553	0.06960	0.03223	0.03800	0.00961	0.01212	0.00737	0.00430	0.00493	0.00149	0.00640	0.00472	0.00266	0.00666
11	0.00655	0.00465	0.00629	0.00729	0.00789	0.00452	0.00560	0.00788	0.00954	0.01256	0.02440	0.43418	0.02802	0.07379	0.00744	0.00219	0.00352	0.34559	0.00419	0.00393
12	0.00944	0.00805	0.00950	0.00693	0.01084	0.00618	0.00553	0.01148	0.00950	0.01486	0.00855	0.01023	0.00721	0.00559	0.05893	0.00115	0.00406	0.00291	0.00274	0.80631
13	0.01168	0.04494	0.01952	0.01433	0.01779	0.03656	0.39610	0.06429	0.03171	0.06938	0.02799	0.01728	0.01053	0.02438	0.00636	0.00163	0.06797	0.08744	0.00305	0.04706
14	0.00989	0.00849	0.03260	0.01029	0.09187	0.02625	0.01724	0.03266	0.00939	0.05153	0.01109	0.01455	0.02586	0.05975	0.17952	0.00276	0.12392	0.00423	0.05887	0.22921
15	0.01219	0.39339	0.21939	0.01097	0.03542	0.07731	0.04775	0.06211	0.07517	0.01403	0.00849	0.00950	0.00683	0.00444	0.00384	0.00124	0.00577	0.00328	0.00242	0.00643
16	0.01213	0.03744	0.06228	0.01159	0.11811	0.06915	0.00844	0.07117	0.28334	0.09096	0.10228	0.01845	0.06434	0.02337	0.00511	0.00152	0.00441	0.00527	0.00404	0.00660
17	0.00704	0.00538	0.00710	0.00698	0.00741	0.00611	0.00506	0.00789	0.00771	0.01078	0.01677	0.15511	0.07159	0.25701	0.24273	0.02194	0.12467	0.00701	0.02794	0.00379
18	0.01110	0.01293	0.13919	0.05771	0.37606	0.05212	0.04444	0.05920	0.05150	0.01555	0.01136	0.04925	0.03667	0.00512	0.00462	0.00140	0.00553	0.00461	0.00270	0.05894
19	0.01203	0.12983	0.26154	0.01432	0.13467	0.05025	0.08258	0.05680	0.06859	0.07353	0.01054	0.01173	0.02385	0.00492	0.00493	0.00142	0.04500	0.00400	0.00275	0.00672
20	0.00648	0.00477	0.00639	0.00670	0.00718	0.00475	0.02495	0.00734	0.00840	0.01120	0.02130	0.37226	0.06033	0.27033	0.07355	0.00313	0.02246	0.08121	0.00361	0.00366
21	0.05306	0.01083	0.06482	0.13109	0.25036	0.03052	0.06430	0.09802	0.05447	0.05675	0.02917	0.02719	0.04183	0.00542	0.00463	0.00146	0.00520	0.02051	0.04397	0.00641

[dist]
# distance from previous block
# <min> <max>
1	5

[block]
# block no. 5 follows, 55 sequences, length 24
# corresponding to MSA columns:
# 388-411
name=unknown_F
#
# <colnr> <probs for GDERKNQSTAVLIFYWHMCP>
#	G	D	E	R	K	N	Q	S	T	A	V	L	I	F	Y	W	H	M	C	P
0	0.12541	0.23500	0.01551	0.00987	0.01296	0.27853	0.02518	0.11230	0.06987	0.04083	0.00863	0.00941	0.00690	0.00482	0.00413	0.00127	0.02719	0.00325	0.00290	0.00605
1	0.04889	0.06272	0.15737	0.01236	0.09707	0.10244	0.05065	0.10698	0.08221	0.08017	0.02473	0.03496	0.00942	0.00526	0.00441	0.00136	0.00540	0.02185	0.00322	0.08852
2	0.01098	0.10026	0.38125	0.01471	0.12897	0.06176	0.09383	0.03218	0.02304	0.02916	0.03524	0.01110	0.00783	0.00451	0.00440	0.00137	0.00623	0.00383	0.00240	0.04697
3	0.00725	0.03399	0.05454	0.00623	0.00695	0.02689	0.00447	0.00790	0.00752	0.00998	0.01486	0.11880	0.01669	0.56775	0.09353	0.00410	0.00531	0.00690	0.00287	0.00347
4	0.01129	0.03595	0.07365	0.04993	0.14974	0.02373	0.09012	0.09781	0.09898	0.07136	0.11065	0.03716	0.04838	0.00663	0.00498	0.00152	0.00487	0.07329	0.00366	0.00629
5	0.01279	0.07957	0.24519	0.01698	0.27830	0.08843	0.01275	0.07808	0.02720	0.08762	0.00986	0.01164	0.00761	0.00474	0.00443	0.00138	0.00591	0.01778	0.00278	0.00697
6	0.01100	0.03311	0.17049	0.03683	0.22169	0.06367	0.04316	0.02694	0.08255	0.06874	0.09483	0.05965	0.05499	0.00608	0.00477	0.00146	0.00514	0.00530	0.00322	0.00637
7	0.03457	0.00831	0.00958	0.03378	0.03439	0.04593	0.02408	0.11993	0.13028	0.09758	0.20330	0.09939	0.08579	0.00796	0.00500	0.00151	0.00377	0.02266	0.02640	0.00579
8	0.05301	0.13826	0.05078	0.05764	0.05324	0.26711	0.10676	0.12969	0.03668	0.03475	0.02441	0.01054	0.00756	0.00477	0.00429	0.00132	0.00643	0.00374	0.00285	0.00619
9	0.01096	0.05371	0.38856	0.01524	0.17014	0.07804	0.04891	0.01546	0.06587	0.04031	0.04167	0.01261	0.02820	0.00491	0.00452	0.00142	0.00609	0.00411	0.00258	0.00668
10	0.03633	0.00885	0.00986	0.00853	0.01116	0.00955	0.00672	0.08907	0.41695	0.16575	0.09970	0.03919	0.04643	0.00681	0.00477	0.00152	0.00360	0.00566	0.02268	0.00686
11	0.01022	0.00912	0.01441	0.03925	0.32774	0.00926	0.09307	0.06211	0.07626	0.01618	0.10313	0.01824	0.06574	0.03309	0.05533	0.00190	0.00525	0.00538	0.04816	0.00616
12	0.02446	0.05818	0.05970	0.03530	0.13230	0.17316	0.06827	0.15755	0.05385	0.10352	0.02288	0.02185	0.00898	0.00538	0.00496	0.00142	0.03643	0.02188	0.00332	0.00662
13	0.02736	0.01278	0.01526	0.07845	0.27187	0.15334	0.04875	0.16370	0.08286	0.01727	0.03215	0.01247	0.00887	0.02212	0.00533	0.00148	0.03201	0.00426	0.00306	0.00662
14	0.00696	0.00514	0.00644	0.00667	0.00759	0.00504	0.00482	0.05200	0.04957	0.01521	0.24791	0.43056	0.07486	0.01265	0.03066	0.00189	0.00306	0.03003	0.00453	0.00439
15	0.04119	0.01074	0.05723	0.03613	0.09391	0.01074	0.00867	0.25271	0.17172	0.12222	0.01431	0.03212	0.02356	0.00587	0.00470	0.00145	0.01689	0.01333	0.07552	0.00698
16	0.04990	0.05255	0.03664	0.01315	0.11648	0.25109	0.06538	0.08143	0.08674	0.02496	0.01193	0.09482	0.02105	0.00626	0.00513	0.00145	0.04606	0.02593	0.00308	0.00597
17	0.00731	0.00510	0.00646	0.00678	0.00771	0.00493	0.00491	0.02611	0.06812	0.04929	0.19223	0.47427	0.06192	0.01210	0.00568	0.00175	0.00284	0.05342	0.00459	0.00447
18	0.00594	0.00424	0.00571	0.00679	0.00718	0.00401	0.00479	0.00695	0.00918	0.01218	0.02549	0.71646	0.03017	0.01432	0.00601	0.00193	0.00294	0.12753	0.00431	0.00385
19	0.02451	0.29924	0.13622	0.05025	0.07615	0.11664	0.09201	0.08848	0.02716	0.01443	0.00914	0.01050	0.02698	0.00459	0.00407	0.00128	0.00599	0.00361	0.00248	0.00628
20	0.03842	0.01556	0.01535	0.03986	0.25063	0.33517	0.05401	0.09431	0.08365	0.01551	0.00924	0.01072	0.00737	0.00475	0.00446	0.00134	0.00656	0.00382	0.00281	0.00644
21	0.00618	0.00440	0.00582	0.00677	0.00722	0.00421	0.00486	0.00722	0.00913	0.01206	0.02475	0.56225	0.04422	0.09624	0.00781	0.00220	0.00323	0.18345	0.00416	0.00380
22	0.00573	0.00420	0.00537	0.00623	0.00672	0.00387	0.00425	0.00664	0.00925	0.01213	0.04776	0.66696	0.14000	0.03109	0.00625	0.00189	0.00271	0.03082	0.00431	0.00381
23	0.01216	0.16316	0.12010	0.03114	0.05961	0.05880	0.14598	0.08779	0.11908	0.06000	0.02802	0.07219	0.01044	0.00555	0.00456	0.00142	0.00554	0.00486	0.00316	0.00645

[dist]
# distance from previous block
# <min> <max>
0	30

[block]
# block no. 6 follows, 55 sequences, length 20
# corresponding to MSA columns:
# 442-452,455-463
name=unknown_G
#
# <colnr> <probs for GDERKNQSTAVLIFYWHMCP>
#	G	D	E	R	K	N	Q	S	T	A	V	L	I	F	Y	W	H	M	C	P
0	0.00583	0.00416	0.00544	0.00635	0.00668	0.00390	0.00426	0.00668	0.00901	0.01202	0.06064	0.70373	0.04423	0.07781	0.00729	0.00207	0.00284	0.02906	0.00424	0.00375
1	0.01086	0.01231	0.04348	0.06492	0.12620	0.01165	0.60305	0.01453	0.01068	0.01465	0.00913	0.01227	0.00699	0.00414	0.00562	0.00156	0.03417	0.00515	0.00231	0.00633
2	0.02666	0.10090	0.15649	0.02494	0.06619	0.13369	0.05271	0.17757	0.14027	0.04536	0.01074	0.01147	0.00812	0.00549	0.01804	0.00148	0.00593	0.00394	0.00323	0.00679
3	0.01109	0.00849	0.01827	0.02114	0.08278	0.06485	0.00694	0.06210	0.14611	0.12348	0.10077	0.21437	0.05156	0.04155	0.00586	0.00169	0.00398	0.02497	0.00425	0.00574
4	0.00650	0.00470	0.00616	0.00720	0.03021	0.00455	0.00480	0.02043	0.03227	0.01280	0.04944	0.62871	0.02798	0.06524	0.00689	0.00200	0.00301	0.05087	0.03219	0.00406
5	0.00738	0.02831	0.00697	0.00677	0.00771	0.00565	0.00496	0.06362	0.03305	0.01368	0.06230	0.40502	0.11434	0.06135	0.03920	0.03007	0.01879	0.05303	0.03355	0.00426
6	0.06428	0.07517	0.03197	0.03519	0.30562	0.09682	0.09649	0.06173	0.06909	0.05134	0.01103	0.04929	0.02136	0.00512	0.00452	0.00141	0.00556	0.00454	0.00291	0.00657
7	0.01342	0.03946	0.01814	0.06055	0.12540	0.13028	0.25837	0.10128	0.01257	0.09981	0.04635	0.01296	0.00926	0.00486	0.00492	0.00142	0.01692	0.00461	0.03301	0.00641
8	0.00924	0.00774	0.00854	0.00784	0.00893	0.10414	0.03276	0.04559	0.00899	0.03488	0.01247	0.02004	0.01214	0.27734	0.31982	0.00467	0.03104	0.00522	0.04435	0.00427
9	0.01196	0.01002	0.03703	0.00816	0.01223	0.00859	0.00681	0.20888	0.03462	0.03605	0.00951	0.01038	0.00742	0.00415	0.00384	0.00093	0.00400	0.00325	0.00333	0.57885
10	0.00961	0.09750	0.74141	0.01278	0.01940	0.01149	0.01636	0.01466	0.00979	0.01439	0.00818	0.00961	0.00590	0.00438	0.00429	0.00143	0.00670	0.00335	0.00197	0.00679
11	0.01086	0.00885	0.01048	0.00925	0.01145	0.00998	0.03838	0.07107	0.45840	0.03974	0.04385	0.03848	0.01470	0.06621	0.10645	0.00251	0.02900	0.01979	0.00417	0.00636
12	0.01132	0.04020	0.04932	0.14398	0.50174	0.06000	0.04849	0.03276	0.01078	0.01454	0.00991	0.01245	0.03480	0.00456	0.00460	0.00140	0.00582	0.00425	0.00238	0.00669
13	0.02543	0.08698	0.04814	0.05329	0.13851	0.32038	0.03271	0.09818	0.09235	0.01503	0.00940	0.02351	0.00766	0.00504	0.00458	0.00134	0.02460	0.00381	0.00281	0.00625
14	0.00914	0.00606	0.00765	0.00798	0.04687	0.00588	0.00551	0.10545	0.01136	0.09733	0.06439	0.41462	0.11036	0.06124	0.00660	0.00186	0.00334	0.02511	0.00436	0.00489
15	0.07160	0.02042	0.00911	0.04810	0.04578	0.06057	0.02211	0.10095	0.02677	0.01626	0.11327	0.23882	0.01942	0.01022	0.05499	0.00190	0.00443	0.03356	0.08418	0.01754
16	0.01232	0.02191	0.02643	0.02100	0.48189	0.08743	0.03429	0.07926	0.06334	0.02572	0.03100	0.01300	0.00917	0.00479	0.00455	0.00137	0.00541	0.01461	0.04411	0.01841
17	0.08751	0.07271	0.01375	0.09037	0.14564	0.17847	0.02400	0.08569	0.08254	0.01578	0.01007	0.04253	0.00855	0.00514	0.00424	0.00131	0.00545	0.01948	0.00293	0.10383
18	0.07937	0.05427	0.01584	0.01704	0.30598	0.05024	0.06820	0.12693	0.07111	0.06827	0.02223	0.01207	0.00853	0.00495	0.00494	0.00141	0.04498	0.00417	0.03268	0.00679
19	0.02255	0.01956	0.10794	0.08430	0.16356	0.10394	0.04189	0.07119	0.04542	0.03709	0.05096	0.15821	0.02091	0.00671	0.00478	0.00147	0.00519	0.00584	0.01758	0.03093

[dist]
# distance from previous block
# <min> <max>
1	59

[block]
# block no. 7 follows, 55 sequences, length 13
# corresponding to MSA columns:
# 532-544
name=unknown_H
#
# <colnr> <probs for GDERKNQSTAVLIFYWHMCP>
#	G	D	E	R	K	N	Q	S	T	A	V	L	I	F	Y	W	H	M	C	P
0	0.03385	0.04411	0.06047	0.00929	0.03644	0.04020	0.01979	0.13562	0.10193	0.03186	0.07411	0.04731	0.04747	0.03287	0.05332	0.00178	0.03276	0.01580	0.00352	0.17751
1	0.05332	0.02894	0.09154	0.05875	0.12751	0.05227	0.02477	0.03300	0.06950	0.03786	0.03183	0.07824	0.01080	0.03776	0.00551	0.00144	0.03649	0.01249	0.00299	0.20498
2	0.01212	0.10615	0.03962	0.08379	0.25238	0.10778	0.02975	0.05441	0.05746	0.05983	0.03704	0.03582	0.04409	0.01728	0.00496	0.00144	0.01836	0.01795	0.00298	0.01680
3	0.04544	0.05936	0.01713	0.03973	0.53077	0.06194	0.01209	0.08287	0.04262	0.01626	0.00902	0.01108	0.00738	0.00438	0.00438	0.00133	0.00542	0.00391	0.00263	0.04226
4	0.04173	0.01232	0.16002	0.16464	0.32525	0.01054	0.03517	0.01366	0.00984	0.04004	0.00891	0.01171	0.00711	0.01803	0.00561	0.00151	0.06991	0.00401	0.02828	0.03172
5	0.00936	0.00854	0.04431	0.22962	0.04106	0.00806	0.05488	0.05595	0.03132	0.03488	0.07237	0.10237	0.05767	0.00659	0.00475	0.00140	0.00457	0.03870	0.00322	0.19037
6	0.01197	0.01012	0.01562	0.06606	0.48191	0.00984	0.01139	0.04395	0.03776	0.07991	0.00984	0.01172	0.00779	0.00429	0.00439	0.00126	0.00494	0.00395	0.00283	0.18046
7	0.00637	0.00482	0.00656	0.00784	0.06169	0.00460	0.00511	0.00758	0.00958	0.01284	0.11401	0.47836	0.10276	0.06135	0.04771	0.00222	0.00349	0.05492	0.00409	0.00410
8	0.04652	0.08533	0.11133	0.03095	0.28257	0.13023	0.01102	0.03985	0.07195	0.04808	0.05389	0.02238	0.01943	0.00515	0.00461	0.00138	0.02173	0.00420	0.00287	0.00651
9	0.03372	0.31843	0.13084	0.12900	0.04619	0.05454	0.10617	0.01370	0.00990	0.01294	0.03654	0.01060	0.00762	0.00487	0.01381	0.00137	0.03383	0.00362	0.00224	0.03008
10	0.00743	0.00534	0.00707	0.00695	0.00777	0.00581	0.00516	0.05983	0.00895	0.01248	0.06728	0.06957	0.01677	0.22229	0.41022	0.00521	0.00815	0.05049	0.01913	0.00408
11	0.05910	0.04190	0.38599	0.01232	0.05868	0.05791	0.01258	0.19225	0.01308	0.10825	0.00992	0.01063	0.00703	0.00482	0.00438	0.00142	0.00593	0.00368	0.00310	0.00705
12	0.04585	0.07219	0.12610	0.05550	0.16378	0.17557	0.03218	0.16587	0.01295	0.03773	0.00949	0.04200	0.00774	0.00504	0.00438	0.00135	0.00600	0.00401	0.00290	0.02939

[dist]
# distance from previous block
# <min> <max>
0	1

[block]
# block no. 8 follows, 55 sequences, length 29
# corresponding to MSA columns:
# 546-574
name=unknown_I
#
# <colnr> <probs for GDERKNQSTAVLIFYWHMCP>
#	G	D	E	R	K	N	Q	S	T	A	V	L	I	F	Y	W	H	M	C	P
0	0.00567	0.00431	0.00523	0.00595	0.00668	0.00388	0.00415	0.00664	0.00953	0.01217	0.03281	0.54588	0.29021	0.01359	0.00581	0.00179	0.00263	0.03493	0.00432	0.00384
1	0.05938	0.09111	0.04595	0.05296	0.05430	0.07589	0.11693	0.18415	0.01348	0.18196	0.03523	0.01301	0.01898	0.01845	0.00497	0.00145	0.01720	0.00433	0.00363	0.00667
2	0.05051	0.25820	0.16184	0.06036	0.13757	0.03089	0.01062	0.07245	0.09724	0.03061	0.03134	0.01156	0.01835	0.00481	0.00406	0.00132	0.00523	0.00375	0.00277	0.00651
3	0.02564	0.06193	0.01400	0.14217	0.03881	0.20281	0.07123	0.11949	0.07174	0.01533	0.04784	0.01432	0.03871	0.04716	0.00616	0.00158	0.05753	0.00448	0.01331	0.00574
4	0.00892	0.00811	0.01128	0.04913	0.01111	0.01074	0.00814	0.01001	0.00731	0.01101	0.00897	0.01523	0.00901	0.15147	0.14375	0.00326	0.49186	0.00468	0.03145	0.00454
5	0.01201	0.10124	0.14063	0.01839	0.33373	0.09527	0.06621	0.02680	0.07812	0.03761	0.02409	0.02720	0.00864	0.00477	0.00448	0.00138	0.00581	0.00419	0.00266	0.00677
6	0.01395	0.07575	0.04889	0.01320	0.13569	0.08728	0.07638	0.14069	0.04858	0.16151	0.05081	0.07173	0.01192	0.00604	0.00492	0.00144	0.02206	0.01882	0.00370	0.00665
7	0.00693	0.00499	0.00681	0.00686	0.00750	0.00549	0.00504	0.02390	0.00784	0.01091	0.01449	0.05834	0.01498	0.27030	0.47458	0.00586	0.00897	0.05954	0.00283	0.00383
8	0.01059	0.01034	0.06807	0.09394	0.39118	0.00965	0.03309	0.04569	0.06618	0.04410	0.03734	0.08635	0.07095	0.00611	0.00484	0.00149	0.00496	0.00557	0.00306	0.00649
9	0.06332	0.09516	0.19835	0.01009	0.02876	0.08305	0.02144	0.10918	0.05374	0.02607	0.00898	0.00999	0.00696	0.00436	0.00394	0.00116	0.00517	0.00329	0.00283	0.26416
10	0.00736	0.00501	0.00703	0.00691	0.00766	0.00553	0.00511	0.00861	0.00758	0.04885	0.01330	0.02124	0.01296	0.23628	0.57795	0.00644	0.01004	0.00542	0.00273	0.00400
11	0.04030	0.00828	0.01366	0.75631	0.05163	0.01022	0.01248	0.01189	0.00922	0.01222	0.00821	0.01224	0.00623	0.00487	0.00487	0.01999	0.00604	0.00407	0.00210	0.00516
12	0.01528	0.26450	0.07925	0.01089	0.01411	0.51754	0.00933	0.01690	0.01181	0.01152	0.00707	0.00823	0.00598	0.00452	0.00385	0.00116	0.00726	0.00288	0.00224	0.00568
13	0.02633	0.02929	0.08376	0.01176	0.07811	0.06502	0.02820	0.31173	0.08720	0.16140	0.02730	0.01258	0.00932	0.00531	0.00454	0.00138	0.00511	0.00422	0.00408	0.04334
14	0.00955	0.00749	0.02140	0.00740	0.00936	0.02172	0.00583	0.07486	0.20918	0.05721	0.43029	0.02747	0.08281	0.00821	0.00516	0.00149	0.00308	0.00704	0.00486	0.00560
15	0.00557	0.00452	0.00494	0.00524	0.00643	0.00389	0.00378	0.00667	0.01017	0.01250	0.05732	0.26991	0.56779	0.01253	0.00562	0.00166	0.00245	0.01076	0.00434	0.00389
16	0.01024	0.03690	0.06172	0.06099	0.08100	0.01068	0.49258	0.02799	0.01070	0.01451	0.01163	0.11065	0.01044	0.00560	0.00532	0.00159	0.00666	0.03218	0.00264	0.00599
17	0.01181	0.01161	0.01860	0.02773	0.76779	0.05143	0.01401	0.01449	0.01072	0.01501	0.00867	0.01136	0.00730	0.00418	0.00459	0.00137	0.00567	0.00409	0.00231	0.00727
18	0.00798	0.00404	0.00603	0.00608	0.00609	0.00403	0.00405	0.00608	0.00618	0.00824	0.00882	0.04852	0.00903	0.01610	0.01767	0.82844	0.00398	0.00443	0.00212	0.00209
19	0.01530	0.14857	0.01489	0.01119	0.01350	0.54637	0.00886	0.03006	0.01177	0.01158	0.00720	0.00888	0.00624	0.00620	0.03516	0.00151	0.11179	0.00315	0.00233	0.00544
20	0.01200	0.51259	0.27634	0.00979	0.01464	0.03829	0.01090	0.01476	0.00987	0.05220	0.00769	0.00867	0.00622	0.00423	0.00357	0.00118	0.00563	0.00292	0.00218	0.00634
21	0.01070	0.01022	0.01741	0.26603	0.57637	0.01084	0.01387	0.01356	0.01021	0.01421	0.00861	0.01178	0.00702	0.00430	0.00462	0.00143	0.00573	0.00414	0.00223	0.00671
22	0.01145	0.00986	0.01041	0.00938	0.01197	0.01139	0.00729	0.02432	0.77925	0.01944	0.03877	0.01780	0.01495	0.00639	0.00475	0.00158	0.00364	0.00534	0.00474	0.00729
23	0.00983	0.00946	0.01514	0.45169	0.26707	0.03439	0.03473	0.01299	0.03668	0.01324	0.01030	0.05227	0.02206	0.00514	0.00473	0.00151	0.00579	0.00472	0.00240	0.00587
24	0.00723	0.00606	0.00624	0.00632	0.00753	0.06326	0.00464	0.00892	0.03506	0.02966	0.19398	0.24538	0.29975	0.02647	0.00585	0.00168	0.00304	0.04031	0.00436	0.00427
25	0.04812	0.00760	0.00953	0.00788	0.01058	0.00721	0.00628	0.12148	0.02330	0.42451	0.11673	0.14901	0.03177	0.00767	0.00492	0.00151	0.00365	0.00646	0.00515	0.00663
26	0.05346	0.00982	0.01104	0.01011	0.05533	0.02711	0.01995	0.17790	0.32325	0.04757	0.09710	0.01844	0.06861	0.00738	0.02706	0.00167	0.02786	0.00537	0.00432	0.00664
27	0.36738	0.05468	0.01029	0.00872	0.06425	0.02324	0.00656	0.04331	0.04974	0.18713	0.01078	0.03663	0.00824	0.00497	0.00373	0.00134	0.00397	0.00366	0.00358	0.10781
28	0.12792	0.01013	0.01292	0.07538	0.22195	0.03902	0.02386	0.14655	0.08011	0.08750	0.05236	0.04011	0.02462	0.00581	0.00457	0.00147	0.00475	0.03086	0.00358	0.00652

[dist]
# distance from previous block
# <min> <max>
2	10

[block]
# block no. 9 follows, 55 sequences, length 34
# corresponding to MSA columns:
# 586-598,600-620
name=unknown_J
#
# <colnr> <probs for GDERKNQSTAVLIFYWHMCP>
#	G	D	E	R	K	N	Q	S	T	A	V	L	I	F	Y	W	H	M	C	P
0	0.04436	0.18667	0.14310	0.01080	0.03282	0.13634	0.02203	0.19056	0.09897	0.06136	0.01008	0.01057	0.00763	0.00489	0.00414	0.00131	0.00562	0.00361	0.00321	0.02194
1	0.00963	0.01086	0.05984	0.01262	0.01511	0.09384	0.27555	0.01197	0.00963	0.01265	0.01294	0.11389	0.04140	0.04555	0.16015	0.00285	0.09768	0.00602	0.00266	0.00516
2	0.01421	0.20142	0.01504	0.00954	0.01297	0.06860	0.00800	0.29553	0.22622	0.02016	0.01169	0.01168	0.00895	0.00520	0.00417	0.00129	0.00479	0.00390	0.00377	0.07291
3	0.00817	0.00657	0.00719	0.00665	0.00854	0.00662	0.00509	0.01350	0.26644	0.03591	0.21829	0.03218	0.33348	0.00917	0.00519	0.00153	0.00280	0.00776	0.00465	0.02024
4	0.00587	0.00440	0.00545	0.00596	0.00676	0.00399	0.00423	0.00709	0.01026	0.01349	0.18960	0.44464	0.23289	0.01277	0.00575	0.00173	0.00256	0.03413	0.00448	0.00396
5	0.01217	0.03958	0.05986	0.07726	0.46647	0.07722	0.08809	0.05861	0.03487	0.02801	0.00915	0.01142	0.00732	0.00439	0.00461	0.00140	0.00598	0.00413	0.00253	0.00692
6	0.01111	0.01181	0.02353	0.04620	0.32588	0.01149	0.45570	0.01451	0.01072	0.01486	0.00907	0.01211	0.00714	0.00410	0.00529	0.00150	0.02111	0.00491	0.00232	0.00664
7	0.00554	0.00471	0.00477	0.00476	0.00631	0.00395	0.00357	0.00676	0.01070	0.01281	0.07688	0.04438	0.77569	0.01169	0.00550	0.00157	0.00235	0.00976	0.00435	0.00395
8	0.05970	0.10611	0.51968	0.01198	0.01756	0.08894	0.02559	0.07373	0.01100	0.03268	0.00838	0.00959	0.00615	0.00451	0.00420	0.00139	0.00646	0.00336	0.00235	0.00663
9	0.01154	0.02989	0.02334	0.01003	0.01171	0.23040	0.07938	0.07975	0.01044	0.01252	0.01037	0.01679	0.01009	0.25697	0.09136	0.00295	0.10024	0.00477	0.00267	0.00480
10	0.01434	0.00751	0.00885	0.00742	0.01009	0.03129	0.00590	0.03382	0.09163	0.40462	0.07490	0.05183	0.22194	0.00789	0.00498	0.00150	0.00352	0.00654	0.00506	0.00638
11	0.00587	0.00418	0.00559	0.00664	0.00698	0.00394	0.00458	0.00678	0.00903	0.01200	0.02529	0.74128	0.03007	0.03358	0.00640	0.00197	0.00289	0.08484	0.00428	0.00380
12	0.01440	0.01078	0.01227	0.02445	0.01322	0.07563	0.06087	0.35216	0.02824	0.12346	0.01631	0.13053	0.05624	0.00783	0.01914	0.00162	0.00502	0.03703	0.00430	0.00653
13	0.04739	0.38661	0.03839	0.00991	0.01318	0.37399	0.00855	0.03324	0.02832	0.01220	0.00721	0.00823	0.00616	0.00445	0.00363	0.00114	0.00647	0.00284	0.00232	0.00577
14	0.01002	0.00948	0.01589	0.33392	0.44308	0.01023	0.01297	0.01281	0.01010	0.01374	0.01116	0.01476	0.05325	0.00499	0.00472	0.00148	0.00557	0.02322	0.00238	0.00625
15	0.05609	0.11353	0.22238	0.01130	0.01555	0.10312	0.07177	0.18617	0.05564	0.01759	0.00963	0.02542	0.00761	0.00503	0.00452	0.00136	0.02250	0.01284	0.00295	0.05501
16	0.01092	0.01147	0.12119	0.20270	0.34454	0.01024	0.01257	0.03817	0.06443	0.05983	0.03722	0.04610	0.00979	0.00518	0.00469	0.00147	0.00541	0.00467	0.00281	0.00661
17	0.00607	0.00421	0.00562	0.00655	0.00696	0.00393	0.00449	0.00703	0.00930	0.02694	0.07081	0.74223	0.03103	0.01405	0.00591	0.00187	0.00275	0.04193	0.00439	0.00391
18	0.00660	0.00552	0.00723	0.13832	0.04729	0.00539	0.00583	0.00834	0.01068	0.01371	0.17235	0.11212	0.40173	0.01007	0.00534	0.00157	0.00316	0.02276	0.01762	0.00437
19	0.01049	0.01367	0.19954	0.19432	0.39658	0.02315	0.05578	0.01412	0.02153	0.01437	0.00871	0.01141	0.00684	0.00435	0.00462	0.00145	0.00612	0.00405	0.00221	0.00670
20	0.01037	0.00984	0.01669	0.32930	0.49117	0.01062	0.01357	0.01324	0.01011	0.01391	0.00903	0.01303	0.00749	0.00459	0.00468	0.00147	0.00575	0.02644	0.00227	0.00645
21	0.01372	0.01094	0.01164	0.00985	0.01285	0.01242	0.00783	0.27406	0.53264	0.03658	0.01640	0.01532	0.01211	0.00607	0.00471	0.00152	0.00415	0.00490	0.00473	0.00755
22	0.01077	0.01214	0.02617	0.09613	0.02505	0.01163	0.71673	0.01462	0.01082	0.01462	0.00930	0.01254	0.00698	0.00399	0.00541	0.00157	0.00769	0.00536	0.00233	0.00617
23	0.00722	0.00591	0.00798	0.00787	0.00906	0.00592	0.06292	0.01073	0.16410	0.01375	0.03731	0.53180	0.09328	0.01185	0.00562	0.00177	0.00323	0.01072	0.00427	0.00469
24	0.01006	0.00907	0.01446	0.03504	0.49024	0.00906	0.01081	0.03881	0.01044	0.01478	0.04414	0.07966	0.03837	0.02679	0.09585	0.00214	0.00569	0.00530	0.00278	0.05651
25	0.00945	0.00885	0.01492	0.60796	0.22242	0.01036	0.01301	0.01245	0.00963	0.01284	0.00856	0.01231	0.00664	0.00455	0.00460	0.00150	0.00593	0.00414	0.02417	0.00569
26	0.13012	0.06976	0.01329	0.00995	0.01330	0.12735	0.00815	0.45247	0.08261	0.03347	0.01040	0.01062	0.00770	0.00526	0.00425	0.00136	0.00523	0.00378	0.00394	0.00700
27	0.12644	0.15908	0.33055	0.01114	0.03205	0.10497	0.02307	0.09949	0.01138	0.03231	0.02451	0.00981	0.00696	0.00462	0.00402	0.00135	0.00593	0.00336	0.00259	0.00639
28	0.00836	0.06304	0.01007	0.00834	0.00979	0.03192	0.05017	0.01044	0.03468	0.04359	0.01226	0.01725	0.01110	0.05862	0.60164	0.00596	0.01063	0.00485	0.00267	0.00464
29	0.03614	0.17462	0.17755	0.07135	0.08743	0.09265	0.10346	0.04224	0.04135	0.03659	0.00879	0.01049	0.00690	0.00463	0.00473	0.00136	0.04539	0.00370	0.02010	0.03052
30	0.00753	0.03461	0.05221	0.00688	0.04030	0.00541	0.00535	0.00916	0.01076	0.06746	0.11278	0.11109	0.46428	0.01009	0.00522	0.00151	0.00300	0.00853	0.00414	0.03969
31	0.00774	0.00664	0.00813	0.00782	0.03114	0.05751	0.05858	0.00971	0.03780	0.02462	0.23409	0.18099	0.18540	0.07804	0.03111	0.00198	0.00377	0.00846	0.02201	0.00447
32	0.56472	0.04598	0.05383	0.02565	0.01155	0.06786	0.05056	0.03054	0.03628	0.01889	0.03457	0.00965	0.00716	0.00462	0.00344	0.00141	0.00443	0.00317	0.02029	0.00538
33	0.04382	0.04049	0.12930	0.04483	0.28451	0.02311	0.10632	0.05684	0.01083	0.04206	0.03342	0.02956	0.00901	0.00726	0.07319	0.00190	0.00622	0.00441	0.00268	0.05024

[dist]
# distance from previous block
# <min> <max>
1	29

[block]
# block no. 10 follows, 55 sequences, length 32
# corresponding to MSA columns:
# 657-678,692-701
name=unknown_K
#
# <colnr> <probs for GDERKNQSTAVLIFYWHMCP>
#	G	D	E	R	K	N	Q	S	T	A	V	L	I	F	Y	W	H	M	C	P
0	0.03335	0.10804	0.08522	0.23950	0.05587	0.11226	0.06566	0.02373	0.03257	0.03994	0.03858	0.01241	0.02588	0.00490	0.00460	0.00135	0.02652	0.00400	0.00259	0.08301
1	0.03028	0.10219	0.08906	0.01153	0.11166	0.06300	0.05710	0.06555	0.06037	0.03763	0.11306	0.09054	0.09113	0.01605	0.00493	0.00146	0.00465	0.01648	0.00343	0.02990
2	0.01143	0.11899	0.19062	0.01395	0.08855	0.04380	0.18874	0.06622	0.05512	0.04072	0.03262	0.05367	0.00947	0.00514	0.00477	0.00141	0.01913	0.00464	0.00281	0.04821
3	0.03181	0.05188	0.48286	0.01403	0.11369	0.01051	0.05660	0.03168	0.02562	0.03603	0.07707	0.01312	0.02480	0.00501	0.00453	0.00145	0.00595	0.00420	0.00257	0.00661
4	0.00724	0.00658	0.04473	0.12421	0.01203	0.00688	0.00717	0.00910	0.00828	0.01150	0.01579	0.03255	0.09933	0.06828	0.42604	0.00481	0.06300	0.02535	0.02272	0.00439
5	0.01238	0.41851	0.01781	0.00912	0.01215	0.21701	0.04552	0.02679	0.01075	0.01181	0.01280	0.08431	0.09183	0.00595	0.00396	0.00122	0.00551	0.00450	0.00260	0.00547
6	0.07443	0.01015	0.06602	0.05428	0.03523	0.02242	0.00758	0.12077	0.08730	0.06888	0.08009	0.01337	0.01111	0.00497	0.00413	0.00118	0.00414	0.00399	0.01933	0.31062
7	0.00993	0.02287	0.69784	0.01309	0.01914	0.06495	0.01610	0.01472	0.00984	0.01424	0.00810	0.00975	0.00592	0.00473	0.00524	0.00150	0.06993	0.00346	0.00200	0.00664
8	0.00555	0.00468	0.00481	0.00485	0.00633	0.00394	0.00361	0.00676	0.01064	0.01280	0.07927	0.08162	0.73564	0.01181	0.00552	0.00158	0.00237	0.00992	0.00436	0.00394
9	0.00672	0.00469	0.00596	0.00596	0.00627	0.00499	0.00393	0.00734	0.00703	0.00968	0.01385	0.02595	0.01496	0.54025	0.31726	0.00561	0.00745	0.00611	0.00270	0.00331
10	0.01244	0.83930	0.02438	0.00796	0.01194	0.01841	0.00796	0.01393	0.00945	0.01095	0.00647	0.00746	0.00597	0.00398	0.00299	0.00100	0.00498	0.00249	0.00199	0.00597
11	0.01244	0.83930	0.02438	0.00796	0.01194	0.01841	0.00796	0.01393	0.00945	0.01095	0.00647	0.00746	0.00597	0.00398	0.00299	0.00100	0.00498	0.00249	0.00199	0.00597
12	0.04039	0.33474	0.01730	0.00941	0.01292	0.08106	0.00820	0.33234	0.05339	0.01919	0.00931	0.00999	0.00738	0.00611	0.03781	0.00149	0.00552	0.00346	0.00329	0.00668
13	0.01232	0.80942	0.05326	0.00815	0.01224	0.01813	0.00830	0.01396	0.00947	0.01108	0.00654	0.00755	0.00597	0.00400	0.00304	0.00101	0.00504	0.00252	0.00199	0.00600
14	0.00677	0.00451	0.00507	0.00507	0.00507	0.00451	0.00282	0.00677	0.00677	0.00902	0.01466	0.03044	0.01691	0.83650	0.02368	0.00451	0.00451	0.00677	0.00282	0.00282
