[name]
unknown

[dist]
# distance from previous block
# <min> <max>
0	13

[block]
# block no. 0 follows, 57 sequences, length 8
# corresponding to MSA columns:
# 58-65
name=unknown_A
#
# <colnr> <probs for GDERKNQSTAVLIFYWHMCP>
#	G	D	E	R	K	N	Q	S	T	A	V	L	I	F	Y	W	H	M	C	P
0	0.01346	0.11497	0.05568	0.01196	0.11418	0.17905	0.03294	0.01657	0.09899	0.16397	0.02627	0.03245	0.01001	0.02439	0.04243	0.00169	0.03352	0.01809	0.00324	0.00615
1	0.05035	0.17779	0.01753	0.03628	0.04648	0.11647	0.15611	0.12097	0.01177	0.11473	0.00909	0.01042	0.00698	0.00490	0.00542	0.00137	0.10043	0.00381	0.00292	0.00618
2	0.00649	0.00481	0.00704	0.00704	0.00777	0.00553	0.00536	0.00794	0.00721	0.01034	0.01236	0.01902	0.01186	0.11721	0.74029	0.00698	0.01134	0.00503	0.00246	0.00391
3	0.00595	0.00452	0.00595	0.06372	0.00834	0.00443	0.00476	0.00720	0.00925	0.01228	0.08799	0.44344	0.18848	0.01434	0.08978	0.00226	0.00373	0.01012	0.02954	0.00391
4	0.02842	0.04248	0.01490	0.02879	0.04237	0.06569	0.23002	0.09046	0.04385	0.07130	0.01546	0.15027	0.03376	0.00735	0.00510	0.00157	0.00526	0.11386	0.00345	0.00563
5	0.06070	0.01069	0.04818	0.05547	0.12568	0.01069	0.25027	0.11991	0.04858	0.01631	0.02322	0.04508	0.02327	0.02173	0.01763	0.00166	0.07267	0.02707	0.01521	0.00600
6	0.00712	0.00533	0.00652	0.00620	0.00741	0.00525	0.00469	0.00933	0.05630	0.04912	0.36460	0.12963	0.25282	0.01005	0.00599	0.00155	0.06065	0.00852	0.00447	0.00444
7	0.03462	0.06582	0.13587	0.24787	0.09924	0.06221	0.06371	0.09021	0.05606	0.01479	0.00977	0.03468	0.00803	0.00516	0.00473	0.00145	0.02697	0.03028	0.00260	0.00595

[dist]
# distance from previous block
# <min> <max>
0	4

[block]
# block no. 1 follows, 57 sequences, length 19
# corresponding to MSA columns:
# 70,71,74-90
name=unknown_B
#
# <colnr> <probs for GDERKNQSTAVLIFYWHMCP>
#	G	D	E	R	K	N	Q	S	T	A	V	L	I	F	Y	W	H	M	C	P
0	0.05655	0.07596	0.04802	0.02679	0.06071	0.22202	0.05475	0.05888	0.11716	0.14682	0.01133	0.03743	0.00883	0.00577	0.01793	0.00146	0.03595	0.00411	0.00330	0.00621
1	0.12841	0.02631	0.08781	0.13150	0.13705	0.01063	0.23270	0.03322	0.00987	0.04549	0.00899	0.02355	0.00710	0.00529	0.02423	0.00161	0.05474	0.00427	0.02133	0.00591
2	0.01201	0.51324	0.08488	0.03460	0.01385	0.12172	0.06799	0.03093	0.01006	0.01178	0.00801	0.05717	0.00737	0.00467	0.00361	0.00115	0.00555	0.00349	0.00221	0.00573
3	0.70419	0.00874	0.00729	0.00630	0.00914	0.00981	0.00516	0.06708	0.00907	0.02040	0.05416	0.00930	0.00746	0.00453	0.00311	0.00135	0.00352	0.00292	0.00304	0.06343
4	0.01149	0.14595	0.11937	0.06026	0.07554	0.17592	0.09100	0.04757	0.03711	0.02411	0.04317	0.04440	0.03327	0.02691	0.04332	0.00168	0.00618	0.00442	0.00265	0.00569
5	0.13703	0.01832	0.02938	0.02570	0.08961	0.02338	0.02190	0.11832	0.07603	0.10608	0.07760	0.08107	0.04703	0.02347	0.02875	0.00167	0.00422	0.03002	0.05466	0.00576
6	0.00581	0.00421	0.00551	0.00619	0.00676	0.00391	0.00436	0.00700	0.00980	0.01318	0.19868	0.56375	0.08194	0.01284	0.00569	0.00174	0.00259	0.05781	0.00438	0.00385
7	0.01847	0.00920	0.01129	0.00872	0.01212	0.00900	0.00718	0.28168	0.01576	0.50423	0.06226	0.01498	0.01190	0.00577	0.00460	0.00139	0.00413	0.00461	0.00521	0.00751
8	0.01999	0.18758	0.05488	0.15639	0.04219	0.15102	0.02063	0.08196	0.07827	0.05136	0.05066	0.02957	0.04626	0.00538	0.00421	0.00131	0.00534	0.00423	0.00296	0.00582
9	0.00720	0.00457	0.00579	0.00610	0.00661	0.00448	0.00412	0.03088	0.00851	0.04827	0.01911	0.41528	0.02152	0.23173	0.05584	0.05766	0.00382	0.01874	0.04608	0.00368
10	0.00570	0.00413	0.00518	0.00594	0.00634	0.00384	0.00397	0.00646	0.00862	0.01129	0.02605	0.59531	0.12815	0.13683	0.00831	0.00219	0.00289	0.03124	0.00399	0.00357
11	0.01684	0.01250	0.01338	0.01035	0.01391	0.01387	0.00852	0.74752	0.07178	0.02794	0.01137	0.01127	0.00810	0.00549	0.00454	0.00137	0.00490	0.00415	0.00454	0.00767
12	0.00573	0.00405	0.00514	0.00596	0.00630	0.00380	0.00394	0.00649	0.00854	0.01142	0.02466	0.65926	0.07803	0.11848	0.00787	0.00212	0.00282	0.01161	0.03019	0.00359
13	0.01015	0.00965	0.01449	0.57528	0.14166	0.06276	0.03053	0.04614	0.01008	0.02820	0.00835	0.01168	0.00638	0.00458	0.00472	0.00147	0.02210	0.00400	0.00225	0.00555
14	0.08316	0.24693	0.01581	0.01002	0.01182	0.09089	0.03089	0.01270	0.00852	0.03132	0.00730	0.03346	0.00683	0.00696	0.03301	0.00170	0.35754	0.00364	0.00225	0.00526
15	0.02498	0.10692	0.08445	0.01031	0.05204	0.18969	0.02008	0.08726	0.01100	0.01412	0.03855	0.01230	0.02315	0.04649	0.05078	0.00171	0.07698	0.00378	0.02134	0.12405
16	0.03544	0.00978	0.01338	0.01130	0.01199	0.01291	0.03288	0.04966	0.04737	0.01298	0.04391	0.01138	0.00813	0.00742	0.01246	0.00184	0.64066	0.00418	0.00243	0.02990
17	0.01000	0.00639	0.00789	0.00688	0.00853	0.00643	0.00532	0.08965	0.04335	0.14393	0.35948	0.02675	0.10052	0.08816	0.03069	0.00191	0.04776	0.00674	0.00450	0.00512
18	0.06237	0.00994	0.02441	0.03672	0.16729	0.05073	0.05187	0.16779	0.07984	0.08248	0.02422	0.11887	0.01264	0.00749	0.02944	0.00167	0.00496	0.05748	0.00361	0.00619

[dist]
# distance from previous block
# <min> <max>
4	7

[block]
# block no. 2 follows, 57 sequences, length 6
# corresponding to MSA columns:
# 98-103
name=unknown_C
#
# <colnr> <probs for GDERKNQSTAVLIFYWHMCP>
#	G	D	E	R	K	N	Q	S	T	A	V	L	I	F	Y	W	H	M	C	P
0	0.03328	0.04113	0.40874	0.01075	0.01564	0.05432	0.02960	0.12203	0.01166	0.05556	0.04357	0.01276	0.05268	0.00503	0.00430	0.00133	0.00555	0.00396	0.00283	0.08526
1	0.01265	0.18466	0.01536	0.03852	0.08213	0.18030	0.06669	0.08630	0.08084	0.05013	0.06369	0.01449	0.04472	0.00599	0.01907	0.00142	0.02027	0.02379	0.00307	0.00591
2	0.01145	0.00878	0.07906	0.00769	0.01100	0.00689	0.00674	0.06180	0.03523	0.18670	0.01544	0.01675	0.08699	0.00865	0.09490	0.00183	0.00472	0.02831	0.02530	0.30179
3	0.03425	0.11921	0.32194	0.00985	0.01383	0.00929	0.03503	0.01318	0.03221	0.08002	0.04468	0.06585	0.06274	0.00691	0.00465	0.00151	0.00500	0.13100	0.00309	0.00577
4	0.06114	0.01189	0.05971	0.01128	0.07221	0.11849	0.05217	0.14054	0.20969	0.06679	0.03978	0.01574	0.02738	0.00732	0.04919	0.00176	0.00539	0.03952	0.00366	0.00635
5	0.01002	0.00728	0.01054	0.03738	0.22895	0.00724	0.00789	0.03187	0.06821	0.11298	0.10950	0.16127	0.04993	0.06087	0.00619	0.00173	0.00394	0.07482	0.00381	0.00558

[dist]
# distance from previous block
# <min> <max>
5	7

[block]
# block no. 3 follows, 57 sequences, length 17
# corresponding to MSA columns:
# 111-127
name=unknown_D
#
# <colnr> <probs for GDERKNQSTAVLIFYWHMCP>
#	G	D	E	R	K	N	Q	S	T	A	V	L	I	F	Y	W	H	M	C	P
0	0.02864	0.05704	0.05004	0.00953	0.01276	0.03352	0.05383	0.14559	0.07754	0.23349	0.01263	0.05461	0.00967	0.00565	0.00525	0.00136	0.07632	0.00443	0.00385	0.12425
1	0.00997	0.09024	0.01112	0.00730	0.01096	0.00806	0.00600	0.04131	0.04658	0.01478	0.00851	0.00987	0.00710	0.00474	0.02893	0.00102	0.03760	0.00294	0.00273	0.65023
2	0.00589	0.00423	0.00524	0.00587	0.00628	0.00400	0.00394	0.00661	0.00843	0.01104	0.02464	0.47191	0.12592	0.22404	0.02579	0.00257	0.00330	0.05301	0.00380	0.00350
3	0.08706	0.57370	0.09827	0.00826	0.01208	0.03618	0.00824	0.06714	0.00991	0.01302	0.00718	0.00880	0.00635	0.04261	0.00411	0.00124	0.00498	0.00283	0.00224	0.00580
4	0.03863	0.23426	0.51729	0.01110	0.01665	0.01264	0.01329	0.05479	0.03621	0.01447	0.00808	0.00921	0.00610	0.00431	0.00392	0.00131	0.00592	0.00318	0.00217	0.00648
5	0.00647	0.00541	0.04742	0.00645	0.00759	0.00437	0.00505	0.00786	0.00985	0.04266	0.11627	0.43681	0.19732	0.01209	0.00556	0.00171	0.00289	0.07587	0.00423	0.00413
6	0.00642	0.00480	0.00599	0.00578	0.00692	0.00448	0.00433	0.00876	0.04438	0.01682	0.59883	0.08451	0.15430	0.00984	0.00536	0.00149	0.00230	0.02563	0.00479	0.00429
7	0.05909	0.00694	0.00742	0.00692	0.00865	0.02340	0.00528	0.15107	0.07197	0.04366	0.03816	0.24701	0.20378	0.01005	0.02326	0.00167	0.00345	0.02172	0.06151	0.00500
8	0.01345	0.00730	0.00892	0.00774	0.00983	0.03768	0.00610	0.07535	0.02746	0.33086	0.01627	0.14182	0.01355	0.01194	0.14902	0.00248	0.03480	0.00575	0.09379	0.00588
9	0.00991	0.00991	0.01388	0.01190	0.01190	0.01388	0.00991	0.01091	0.00694	0.01091	0.00595	0.00991	0.00595	0.00793	0.01487	0.00198	0.83246	0.00397	0.00198	0.00496
10	0.00564	0.00410	0.00525	0.00607	0.00651	0.00380	0.00412	0.00652	0.00898	0.01185	0.06310	0.65642	0.11279	0.05635	0.00662	0.00193	0.00270	0.02940	0.00417	0.00369
11	0.01064	0.00992	0.01655	0.15802	0.52561	0.01028	0.04894	0.06286	0.01069	0.01485	0.01004	0.08227	0.00896	0.00507	0.00465	0.00142	0.00534	0.00486	0.00252	0.00650
12	0.00987	0.00601	0.00675	0.00614	0.00783	0.00615	0.00474	0.03104	0.17591	0.09943	0.19897	0.02138	0.04542	0.00661	0.00421	0.00130	0.00267	0.00553	0.35476	0.00527
13	0.00579	0.00435	0.00538	0.00577	0.00662	0.00394	0.00415	0.00710	0.01032	0.01364	0.24735	0.37902	0.23592	0.01206	0.00557	0.00165	0.00247	0.04056	0.00442	0.00390
14	0.01144	0.00904	0.02336	0.06054	0.10292	0.04689	0.04433	0.10655	0.05171	0.10999	0.01170	0.01502	0.01987	0.07671	0.16215	0.04748	0.08707	0.00457	0.00309	0.00556
15	0.01564	0.00867	0.01058	0.00902	0.03462	0.03845	0.00703	0.15220	0.04949	0.39067	0.02674	0.03197	0.03734	0.00979	0.10677	0.02428	0.03082	0.00481	0.00447	0.00664
16	0.00659	0.00455	0.00582	0.00632	0.00718	0.00423	0.00468	0.00782	0.00972	0.04836	0.09615	0.39865	0.17549	0.04446	0.02646	0.00200	0.00314	0.14016	0.00423	0.00400

[dist]
# distance from previous block
# <min> <max>
1	5

[block]
# block no. 4 follows, 57 sequences, length 23
# corresponding to MSA columns:
# 133-155
name=unknown_E
#
# <colnr> <probs for GDERKNQSTAVLIFYWHMCP>
#	G	D	E	R	K	N	Q	S	T	A	V	L	I	F	Y	W	H	M	C	P
0	0.09171	0.11977	0.04760	0.09889	0.14068	0.19071	0.02960	0.03929	0.02368	0.04588	0.00814	0.00974	0.00651	0.00440	0.00422	0.00124	0.02839	0.00333	0.00253	0.10371
1	0.02967	0.53522	0.06749	0.03842	0.04744	0.13794	0.04022	0.03538	0.01017	0.01198	0.00691	0.00817	0.00595	0.00410	0.00343	0.00110	0.00561	0.00284	0.00211	0.00586
2	0.00875	0.00595	0.00738	0.01490	0.00824	0.02350	0.00499	0.03684	0.00901	0.08835	0.07516	0.03417	0.04365	0.21351	0.27550	0.03847	0.00657	0.00545	0.00317	0.09642
3	0.01081	0.05052	0.03473	0.02779	0.01052	0.08739	0.00672	0.05097	0.07685	0.13060	0.08182	0.16601	0.04174	0.03912	0.02362	0.00180	0.00434	0.13637	0.01302	0.00525
4	0.02322	0.11000	0.29971	0.03664	0.03709	0.04258	0.03635	0.05285	0.05697	0.11865	0.04574	0.03265	0.01026	0.00614	0.02639	0.00155	0.00552	0.03267	0.01871	0.00628
5	0.01750	0.00747	0.00990	0.00802	0.01107	0.00676	0.00659	0.03248	0.06433	0.62274	0.04803	0.03469	0.02808	0.00664	0.00477	0.00148	0.00377	0.07325	0.00533	0.00710
6	0.00719	0.00571	0.00734	0.00718	0.00787	0.03917	0.00540	0.00848	0.00745	0.01050	0.01207	0.01907	0.01174	0.17597	0.56684	0.00597	0.05627	0.00501	0.03684	0.00392
7	0.01311	0.06008	0.05868	0.08385	0.11925	0.20463	0.06333	0.13197	0.07642	0.05007	0.01082	0.05709	0.00907	0.00549	0.00463	0.00139	0.01741	0.02351	0.00304	0.00616
8	0.04656	0.00999	0.07575	0.01023	0.01233	0.06938	0.12478	0.02628	0.00921	0.06294	0.01085	0.01426	0.02097	0.04882	0.18922	0.00292	0.15845	0.00445	0.09750	0.00511
9	0.01065	0.01208	0.02592	0.01864	0.02293	0.01161	0.74584	0.01428	0.01046	0.01428	0.00896	0.01208	0.00682	0.00408	0.00596	0.00156	0.06030	0.00526	0.00227	0.00604
10	0.01525	0.01170	0.01256	0.01006	0.01312	0.07043	0.03923	0.52393	0.04643	0.05799	0.01263	0.04886	0.01018	0.02534	0.00505	0.00148	0.00495	0.04541	0.03857	0.00684
11	0.02717	0.01036	0.02980	0.00937	0.01229	0.10562	0.05158	0.12780	0.09914	0.28316	0.03720	0.08634	0.02588	0.00659	0.00471	0.00145	0.00460	0.04367	0.00434	0.02895
12	0.02896	0.00571	0.00679	0.00624	0.00789	0.00549	0.00481	0.06172	0.02975	0.15708	0.17953	0.15225	0.09277	0.00835	0.00467	0.00143	0.00284	0.03304	0.20565	0.00503
13	0.00672	0.00496	0.00604	0.00583	0.00700	0.00473	0.00438	0.00935	0.06879	0.01656	0.51426	0.06768	0.14708	0.03571	0.00580	0.00157	0.00244	0.03893	0.04784	0.00434
14	0.04049	0.01167	0.02362	0.01703	0.02133	0.01112	0.64529	0.06967	0.01153	0.06675	0.02885	0.01269	0.00800	0.00419	0.00516	0.00150	0.00694	0.00518	0.00274	0.00624
15	0.10698	0.00999	0.01062	0.00866	0.01160	0.06578	0.02731	0.22640	0.11355	0.22181	0.02670	0.01455	0.04308	0.00617	0.01936	0.00148	0.00441	0.00443	0.07052	0.00658
16	0.00608	0.00429	0.00538	0.00569	0.00619	0.00403	0.00382	0.00701	0.00939	0.01272	0.24565	0.34391	0.08139	0.20937	0.01005	0.02488	0.00292	0.00961	0.00402	0.00359
17	0.04327	0.00657	0.00744	0.00673	0.00858	0.00670	0.00520	0.03862	0.21498	0.07272	0.35720	0.02821	0.16922	0.00829	0.00498	0.00147	0.00280	0.00704	0.00469	0.00531
18	0.01084	0.01053	0.01725	0.19130	0.62896	0.03482	0.01348	0.01356	0.01014	0.01403	0.00838	0.01130	0.00691	0.00416	0.00448	0.00137	0.00560	0.00400	0.00220	0.00668
19	0.00609	0.00481	0.00627	0.00638	0.00753	0.00440	0.03593	0.00733	0.00972	0.01232	0.05926	0.24307	0.36775	0.01307	0.04061	0.03645	0.00336	0.12778	0.00399	0.00388
20	0.00569	0.00407	0.00515	0.00594	0.00626	0.00381	0.00389	0.00637	0.00845	0.01114	0.02481	0.63522	0.09006	0.15623	0.00872	0.00225	0.00291	0.01153	0.00396	0.00353
21	0.01049	0.01224	0.04581	0.01853	0.02303	0.01119	0.75111	0.01425	0.01060	0.01442	0.00965	0.03868	0.00759	0.00417	0.00534	0.00154	0.00745	0.00554	0.00234	0.00605
22	0.06837	0.00951	0.03975	0.01009	0.01267	0.06661	0.13949	0.07949	0.07286	0.11569	0.05374	0.11409	0.02871	0.00943	0.06971	0.00201	0.00539	0.09307	0.00371	0.00561

[dist]
# distance from previous block
# <min> <max>
0	1

[block]
# block no. 5 follows, 57 sequences, length 20
# corresponding to MSA columns:
# 157-176
name=unknown_F
#
# <colnr> <probs for GDERKNQSTAVLIFYWHMCP>
#	G	D	E	R	K	N	Q	S	T	A	V	L	I	F	Y	W	H	M	C	P
0	0.01088	0.07783	0.01809	0.14994	0.62703	0.01124	0.01320	0.01352	0.01003	0.01397	0.00827	0.01103	0.00689	0.00410	0.00436	0.00134	0.00544	0.00390	0.00218	0.00674
1	0.01087	0.25715	0.49904	0.01120	0.01670	0.03923	0.01325	0.07770	0.01052	0.01434	0.00779	0.00897	0.00592	0.00429	0.00392	0.00129	0.00608	0.00313	0.00215	0.00648
2	0.00940	0.11436	0.69387	0.01231	0.01852	0.01123	0.03208	0.01414	0.00962	0.01403	0.02568	0.00990	0.00659	0.00436	0.00419	0.00138	0.00641	0.00339	0.00199	0.00653
3	0.01693	0.02160	0.01284	0.01167	0.01401	0.82256	0.00876	0.01809	0.01284	0.01109	0.00700	0.00817	0.00584	0.00467	0.00409	0.00117	0.00817	0.00292	0.00233	0.00525
4	0.00787	0.00394	0.00590	0.00590	0.00590	0.00394	0.00394	0.00590	0.00590	0.00787	0.00787	0.01377	0.00787	0.01574	0.01771	0.86816	0.00394	0.00394	0.00197	0.00197
5	0.08292	0.00688	0.00780	0.00748	0.00909	0.00726	0.00599	0.19594	0.01210	0.01737	0.01833	0.16941	0.03645	0.06632	0.00625	0.00184	0.00377	0.23594	0.10395	0.00489
6	0.00559	0.00400	0.00532	0.00626	0.00659	0.00373	0.00421	0.00649	0.00901	0.01210	0.08860	0.77264	0.03101	0.01380	0.00575	0.00181	0.00259	0.01250	0.00427	0.00373
7	0.04626	0.00823	0.00983	0.02419	0.05293	0.00654	0.00594	0.01162	0.00937	0.01494	0.00800	0.00946	0.00665	0.00345	0.00341	0.00075	0.00352	0.00277	0.00265	0.76947
8	0.00645	0.00450	0.00574	0.00584	0.00678	0.00410	0.00422	0.00799	0.01110	0.04277	0.41531	0.30471	0.14136	0.01109	0.00547	0.00158	0.00238	0.00983	0.00464	0.00413
9	0.00804	0.00520	0.00719	0.00787	0.00900	0.00505	0.00662	0.00991	0.01051	0.07852	0.06806	0.16454	0.02640	0.01202	0.00600	0.00196	0.00380	0.56059	0.00434	0.00439
10	0.01005	0.01026	0.01023	0.00929	0.01081	0.23888	0.06494	0.01157	0.00933	0.02751	0.01192	0.05058	0.02958	0.05990	0.40425	0.00439	0.02453	0.00486	0.00258	0.00455
11	0.01032	0.00842	0.00945	0.04707	0.01155	0.00943	0.00679	0.04110	0.52548	0.03846	0.17809	0.02145	0.03661	0.00696	0.00481	0.00152	0.00344	0.02812	0.00457	0.00636
12	0.00785	0.00523	0.00678	0.00654	0.00786	0.00498	0.00514	0.01046	0.05551	0.07821	0.51347	0.06003	0.06019	0.00963	0.00542	0.00157	0.00274	0.14894	0.00482	0.00465
13	0.00934	0.00497	0.00529	0.00505	0.00633	0.00499	0.00382	0.06756	0.01043	0.05360	0.01564	0.09681	0.01311	0.00618	0.00359	0.00117	0.00245	0.00508	0.68003	0.00458
14	0.00572	0.00412	0.00528	0.00598	0.00641	0.00383	0.00402	0.00663	0.00910	0.01216	0.12244	0.60464	0.08388	0.09437	0.00739	0.00202	0.00272	0.01146	0.00416	0.00367
15	0.01164	0.53424	0.19707	0.00926	0.01354	0.06111	0.00974	0.01503	0.08738	0.01231	0.00793	0.00877	0.00659	0.00424	0.00345	0.00114	0.00532	0.00292	0.00222	0.00611
16	0.00568	0.00403	0.00529	0.00624	0.00650	0.00380	0.00416	0.00643	0.00853	0.01136	0.02390	0.73433	0.02853	0.09511	0.00749	0.00210	0.00285	0.03602	0.00406	0.00360
17	0.00938	0.00938	0.01352	0.74971	0.02952	0.08966	0.01221	0.01222	0.00943	0.01153	0.00795	0.01170	0.00602	0.00454	0.00449	0.00148	0.00625	0.00392	0.00204	0.00506
18	0.00588	0.00443	0.00591	0.05540	0.00815	0.00438	0.00476	0.00701	0.00879	0.01166	0.02532	0.52557	0.15207	0.01572	0.11949	0.00251	0.00409	0.01049	0.02453	0.00385
19	0.09155	0.00535	0.00626	0.00659	0.00759	0.00541	0.00478	0.04378	0.06007	0.01465	0.12779	0.49302	0.05740	0.01148	0.00531	0.00170	0.00287	0.04589	0.00421	0.00431

[dist]
# distance from previous block
# <min> <max>
2	26

[block]
# block no. 6 follows, 57 sequences, length 99
# corresponding to MSA columns:
# 203-301
name=unknown_G
#
# <colnr> <probs for GDERKNQSTAVLIFYWHMCP>
#	G	D	E	R	K	N	Q	S	T	A	V	L	I	F	Y	W	H	M	C	P
0	0.04611	0.02297	0.14750	0.01107	0.04307	0.05279	0.11982	0.09716	0.07289	0.08064	0.06420	0.04638	0.04099	0.04996	0.00566	0.00160	0.00507	0.05090	0.00339	0.03783
1	0.01155	0.02128	0.01727	0.05755	0.63449	0.02444	0.01285	0.06478	0.05263	0.01552	0.00903	0.01138	0.00743	0.00441	0.00485	0.00138	0.03561	0.00406	0.00249	0.00699
2	0.02436	0.00917	0.01033	0.00835	0.03206	0.06982	0.02795	0.07224	0.01030	0.01506	0.00885	0.01077	0.00741	0.00783	0.11306	0.00172	0.01419	0.00325	0.01856	0.53472
3	0.48248	0.02940	0.00930	0.11558	0.04195	0.11821	0.00688	0.02598	0.00916	0.01683	0.00922	0.03245	0.03607	0.00504	0.00357	0.00139	0.00453	0.02325	0.00275	0.02598
4	0.01003	0.17394	0.47327	0.01364	0.09165	0.01229	0.06368	0.01387	0.00941	0.01341	0.00770	0.00949	0.00598	0.00449	0.00506	0.00139	0.07893	0.00342	0.00198	0.00639
5	0.00891	0.00575	0.00633	0.00583	0.00732	0.03074	0.00430	0.01061	0.03962	0.13888	0.16581	0.04067	0.28010	0.16461	0.00836	0.00200	0.00315	0.01583	0.05670	0.00451
6	0.00630	0.00512	0.00823	0.00809	0.00898	0.00480	0.11001	0.00758	0.00911	0.01219	0.03988	0.67738	0.02700	0.01263	0.00574	0.00180	0.00335	0.04382	0.00397	0.00404
7	0.02188	0.02154	0.69892	0.01480	0.12527	0.01055	0.01619	0.01428	0.00964	0.01450	0.00816	0.00975	0.00592	0.00427	0.00431	0.00142	0.00648	0.00343	0.00197	0.00674
8	0.01139	0.01106	0.01800	0.02682	0.76654	0.03492	0.01357	0.01431	0.03241	0.01481	0.00875	0.01128	0.00732	0.00411	0.00448	0.00135	0.00542	0.00403	0.00231	0.00712
9	0.01497	0.00674	0.00865	0.00721	0.00972	0.00642	0.00579	0.01783	0.08589	0.45467	0.01647	0.01621	0.01157	0.00937	0.11345	0.00212	0.00455	0.00458	0.19741	0.00639
10	0.01771	0.00743	0.00971	0.00768	0.01086	0.00660	0.00627	0.02014	0.06669	0.65397	0.02166	0.01929	0.11808	0.00643	0.00467	0.00143	0.00363	0.00526	0.00535	0.00716
11	0.01018	0.27958	0.51559	0.01229	0.06972	0.01286	0.01374	0.01408	0.00950	0.01322	0.00758	0.00896	0.00586	0.00415	0.00388	0.00128	0.00603	0.00310	0.00194	0.00645
12	0.01054	0.00659	0.00686	0.00616	0.00796	0.02518	0.00486	0.14635	0.03731	0.07066	0.01894	0.02110	0.11832	0.00659	0.00403	0.00127	0.00305	0.04963	0.44949	0.00511
13	0.00590	0.00424	0.00563	0.00661	0.00707	0.00401	0.00476	0.00694	0.00905	0.01193	0.02543	0.62434	0.06353	0.03485	0.00630	0.00194	0.00297	0.16659	0.00416	0.00376
14	0.00711	0.00508	0.00709	0.00813	0.00909	0.00505	0.00698	0.00906	0.01025	0.01335	0.02410	0.13384	0.02649	0.01269	0.00621	0.00206	0.00401	0.70110	0.00418	0.00412
15	0.20097	0.00936	0.01003	0.00842	0.01135	0.03099	0.00694	0.20466	0.09035	0.24932	0.01428	0.01731	0.01111	0.00621	0.00439	0.00149	0.00418	0.10775	0.00437	0.00652
16	0.00818	0.00431	0.00463	0.00463	0.00565	0.00442	0.00350	0.01023	0.00921	0.01604	0.01443	0.01701	0.01158	0.00911	0.11255	0.00189	0.00345	0.00431	0.75067	0.00420
17	0.00747	0.00504	0.00559	0.00555	0.00563	0.00492	0.00315	0.00725	0.00717	0.00964	0.01504	0.03056	0.01715	0.83041	0.02318	0.00451	0.00468	0.00683	0.00303	0.00321
18	0.00941	0.00865	0.01412	0.81972	0.03156	0.01052	0.01286	0.01217	0.00960	0.01239	0.00890	0.01321	0.00685	0.00509	0.00489	0.00166	0.00630	0.00430	0.00231	0.00547
19	0.00684	0.00525	0.00605	0.00582	0.00716	0.00461	0.00430	0.00830	0.01224	0.01633	0.46900	0.03893	0.37618	0.01072	0.00570	0.00162	0.00252	0.00901	0.00491	0.00453
20	0.00930	0.00487	0.00488	0.00484	0.00597	0.00475	0.00357	0.01117	0.01004	0.01764	0.01554	0.01796	0.01235	0.00583	0.00355	0.00121	0.00243	0.00449	0.85494	0.00467
21	0.01946	0.00944	0.01161	0.00919	0.01264	0.00900	0.00743	0.16275	0.10316	0.57506	0.01739	0.01586	0.01161	0.00618	0.00492	0.00156	0.00432	0.00480	0.00555	0.00806
22	0.03494	0.01087	0.01151	0.00927	0.01252	0.11729	0.00741	0.16017	0.01464	0.49574	0.01549	0.01467	0.01052	0.00595	0.00474	0.00150	0.00482	0.00446	0.05598	0.00753
23	0.01292	0.83318	0.02414	0.00833	0.01223	0.01828	0.00810	0.01414	0.00975	0.01149	0.00717	0.00846	0.00663	0.00444	0.00329	0.00113	0.00512	0.00272	0.00223	0.00624
24	0.06091	0.01807	0.01189	0.01078	0.01316	0.58100	0.00810	0.06125	0.04598	0.01387	0.01371	0.01456	0.11444	0.00621	0.00460	0.00141	0.00701	0.00422	0.00312	0.00570
25	0.00856	0.00805	0.01359	0.82986	0.03121	0.01007	0.01258	0.01158	0.00906	0.01158	0.00805	0.01208	0.00604	0.00453	0.00453	0.00151	0.00604	0.00403	0.00201	0.00503
26	0.01739	0.01089	0.01210	0.00952	0.01292	0.03246	0.00778	0.41552	0.12895	0.28278	0.01412	0.01314	0.00966	0.00557	0.00454	0.00139	0.00450	0.00435	0.00484	0.00757
27	0.05073	0.03474	0.03312	0.00957	0.01326	0.01237	0.00806	0.55113	0.04787	0.06421	0.01075	0.01086	0.00776	0.00507	0.00426	0.00127	0.00464	0.00383	0.00413	0.12236
28	0.01141	0.19036	0.52546	0.01117	0.01675	0.03227	0.01334	0.01532	0.01003	0.12044	0.00903	0.00984	0.00649	0.00440	0.00404	0.00133	0.00597	0.00331	0.00242	0.00661
29	0.01059	0.19302	0.23356	0.20484	0.01898	0.04268	0.05586	0.07205	0.01058	0.03116	0.03128	0.01207	0.03675	0.00539	0.02160	0.00147	0.00589	0.00388	0.00243	0.00590
30	0.01180	0.62533	0.06596	0.00973	0.01369	0.03580	0.11346	0.02541	0.00962	0.01165	0.00699	0.00840	0.00610	0.00465	0.02135	0.00123	0.01794	0.00298	0.00204	0.00587
31	0.01239	0.01029	0.01087	0.00945	0.01221	0.01179	0.00744	0.16891	0.65765	0.02075	0.01703	0.01578	0.01268	0.00602	0.00460	0.00150	0.00385	0.00493	0.00460	0.00727
32	0.01122	0.01077	0.01839	0.02781	0.81248	0.01077	0.01391	0.01391	0.01032	0.01480	0.00852	0.01122	0.00718	0.00404	0.00449	0.00135	0.00538	0.00404	0.00224	0.00718
33	0.00924	0.00875	0.01482	0.62438	0.23137	0.01025	0.01292	0.01217	0.00938	0.01240	0.00817	0.01186	0.00633	0.00440	0.00452	0.00147	0.00587	0.00403	0.00207	0.00558
34	0.00724	0.00437	0.00658	0.00647	0.00688	0.00421	0.03991	0.00644	0.00715	0.00941	0.01530	0.20151	0.08735	0.01446	0.01332	0.55379	0.00366	0.00653	0.00269	0.00271
35	0.75779	0.00889	0.00714	0.00639	0.00917	0.01031	0.00521	0.01476	0.11402	0.02015	0.00793	0.00863	0.00610	0.00447	0.00305	0.00142	0.00352	0.00281	0.00305	0.00521
36	0.00704	0.00513	0.00694	0.00784	0.00895	0.00503	0.00679	0.00900	0.01042	0.01338	0.02692	0.05011	0.13078	0.01238	0.00614	0.00201	0.00392	0.67890	0.00418	0.00413
37	0.00600	0.00428	0.00581	0.00685	0.00733	0.00409	0.00504	0.00713	0.00915	0.01210	0.02471	0.62719	0.02893	0.01375	0.00591	0.00191	0.00304	0.21878	0.00420	0.00381
38	0.01442	0.01114	0.01046	0.00886	0.01123	0.19186	0.00686	0.10849	0.09612	0.21366	0.02044	0.02722	0.01062	0.11756	0.02241	0.00186	0.04891	0.00448	0.01786	0.05554
39	0.00558	0.00408	0.00513	0.00593	0.00636	0.00376	0.00396	0.00636	0.00876	0.01144	0.02735	0.64570	0.15104	0.08309	0.00717	0.00201	0.00272	0.01183	0.00408	0.00362
40	0.00668	0.00470	0.00608	0.00569	0.00684	0.00431	0.00428	0.00875	0.01269	0.03624	0.74925	0.03397	0.08479	0.00930	0.00533	0.00143	0.00219	0.00819	0.00496	0.00433
41	0.01680	0.02133	0.01271	0.01156	0.01387	0.80984	0.00867	0.01798	0.01279	0.01118	0.00713	0.00831	0.00593	0.00468	0.00407	0.00117	0.00808	0.00294	0.01576	0.00524
42	0.01070	0.01222	0.02674	0.01910	0.02368	0.01146	0.79603	0.01451	0.01070	0.01451	0.00917	0.01222	0.00688	0.00382	0.00535	0.00153	0.00764	0.00535	0.00229	0.00611
43	0.00592	0.00423	0.00571	0.00676	0.00720	0.00402	0.00490	0.00700	0.00907	0.01201	0.02476	0.66237	0.02910	0.01382	0.00589	0.00190	0.00297	0.18438	0.00420	0.00379
44	0.00616	0.00419	0.00510	0.00556	0.00567	0.00407	0.00341	0.00645	0.00747	0.00996	0.01871	0.37712	0.02206	0.46330	0.01548	0.02595	0.00362	0.00923	0.00335	0.00313
45	0.01122	0.01077	0.01839	0.02781	0.81248	0.01077	0.01391	0.01391	0.01032	0.01480	0.00852	0.01122	0.00718	0.00404	0.00449	0.00135	0.00538	0.00404	0.00224	0.00718
46	0.00624	0.00459	0.00583	0.00559	0.00668	0.00419	0.00417	0.00819	0.01231	0.01711	0.67610	0.07296	0.13964	0.00978	0.00537	0.00146	0.00218	0.00859	0.00485	0.00419
47	0.00647	0.00485	0.00728	0.00728	0.00809	0.00566	0.00566	0.00809	0.00728	0.01052	0.01214	0.01780	0.01133	0.03398	0.82279	0.00728	0.01214	0.00485	0.00243	0.00405
48	0.00719	0.00525	0.00626	0.00595	0.00601	0.00580	0.00379	0.01900	0.00686	0.00936	0.01312	0.02674	0.01494	0.71711	0.02169	0.00403	0.11491	0.00620	0.00267	0.00311
49	0.03184	0.00887	0.01484	0.57046	0.21440	0.01041	0.02961	0.01221	0.00928	0.01261	0.00806	0.01167	0.00629	0.00452	0.00488	0.00149	0.03689	0.00401	0.00209	0.00556
50	0.00539	0.00457	0.00465	0.00466	0.00615	0.00383	0.00348	0.00655	0.01035	0.01237	0.06486	0.06433	0.77043	0.01149	0.00537	0.00154	0.00230	0.00962	0.00423	0.00383
51	0.01618	0.01964	0.01363	0.01376	0.12057	0.66776	0.00943	0.06232	0.01299	0.01259	0.00743	0.00873	0.00612	0.00463	0.00416	0.00120	0.00762	0.00313	0.00245	0.00565
52	0.01112	0.01064	0.01797	0.05663	0.76007	0.01076	0.01366	0.01412	0.03388	0.01481	0.00880	0.01142	0.00733	0.00412	0.00449	0.00136	0.00535	0.00407	0.00231	0.00710
53	0.00582	0.00426	0.00550	0.00624	0.00653	0.00416	0.00418	0.00653	0.00842	0.01121	0.02396	0.65769	0.06852	0.12413	0.00840	0.00217	0.03323	0.01154	0.00393	0.00361
54	0.01037	0.03250	0.01485	0.01221	0.01270	0.05433	0.05672	0.01155	0.00752	0.01112	0.00620	0.00989	0.00599	0.00742	0.01345	0.00189	0.72025	0.00396	0.00202	0.00506
55	0.00552	0.00394	0.00526	0.00631	0.00657	0.00368	0.00421	0.00631	0.00868	0.01157	0.02498	0.83779	0.02997	0.01420	0.00578	0.00184	0.00263	0.01288	0.00421	0.00368
56	0.00865	0.00511	0.00551	0.00553	0.00679	0.00532	0.00434	0.01218	0.11572	0.01665	0.01670	0.02221	0.01416	0.00652	0.00384	0.00128	0.00263	0.12508	0.61719	0.00461
57	0.01096	0.01036	0.01683	0.10468	0.62834	0.01076	0.01288	0.01503	0.11615	0.01504	0.00980	0.01206	0.00795	0.00437	0.00451	0.00139	0.00521	0.00418	0.00254	0.00696
58	0.12462	0.00815	0.00903	0.00661	0.01047	0.00659	0.00531	0.01166	0.00917	0.01551	0.00782	0.00912	0.00647	0.00347	0.00328	0.00077	0.00338	0.00265	0.00270	0.75321
59	0.00552	0.00394	0.00526	0.00631	0.00657	0.00368	0.00421	0.00631	0.00868	0.01157	0.02498	0.83779	0.02997	0.01420	0.00578	0.00184	0.00263	0.01288	0.00421	0.00368
60	0.00622	0.00530	0.00544	0.00535	0.00700	0.00487	0.00408	0.00895	0.11629	0.01319	0.04144	0.04032	0.67558	0.01080	0.00529	0.00155	0.00254	0.03725	0.00426	0.00428
61	0.00883	0.00830	0.01400	0.70011	0.13479	0.00998	0.01253	0.01174	0.00922	0.01201	0.00858	0.03474	0.00685	0.00473	0.00456	0.00150	0.00586	0.00427	0.00210	0.00528
62	0.01873	0.00790	0.01032	0.00813	0.01145	0.00720	0.00664	0.02194	0.11851	0.68823	0.01869	0.01636	0.03254	0.00583	0.00458	0.00142	0.00378	0.00476	0.00544	0.00754
63	0.00538	0.00459	0.00463	0.00462	0.00614	0.00384	0.00346	0.00655	0.01039	0.01239	0.06527	0.04336	0.79119	0.01142	0.00536	0.00153	0.00229	0.00953	0.00423	0.00384
64	0.01003	0.36671	0.37423	0.00967	0.01429	0.01283	0.01108	0.01298	0.00902	0.01205	0.00818	0.01128	0.00720	0.11575	0.00622	0.00163	0.00561	0.00339	0.00203	0.00580
65	0.01565	0.01203	0.01272	0.03281	0.01390	0.05528	0.00855	0.62956	0.01907	0.02517	0.01235	0.01614	0.01001	0.00632	0.00474	0.00145	0.00507	0.10783	0.00430	0.00703
66	0.01442	0.01027	0.01136	0.00901	0.01190	0.01117	0.02884	0.55294	0.01763	0.02461	0.01243	0.05236	0.00968	0.00578	0.00430	0.00132	0.00427	0.00457	0.20649	0.00665
67	0.03399	0.00949	0.01027	0.00781	0.01141	0.07879	0.02786	0.05536	0.03930	0.08354	0.03460	0.01155	0.02312	0.00424	0.00377	0.00093	0.00398	0.00339	0.00316	0.55344
68	0.00712	0.11642	0.00811	0.00615	0.00692	0.00641	0.00441	0.00786	0.00747	0.00995	0.01443	0.15771	0.01595	0.38220	0.22536	0.00426	0.00617	0.00663	0.00280	0.00365
69	0.01106	0.01054	0.01799	0.05613	0.76972	0.01062	0.01368	0.01368	0.01019	0.01456	0.00849	0.01129	0.00715	0.00427	0.00473	0.01725	0.00538	0.00404	0.00223	0.00701
70	0.01262	0.52297	0.14277	0.00918	0.01311	0.12319	0.00922	0.01463	0.00988	0.05882	0.00746	0.00848	0.00623	0.00480	0.01871	0.00123	0.02573	0.00284	0.00221	0.00593
71	0.03411	0.01068	0.01509	0.03424	0.14838	0.03978	0.13852	0.15020	0.14483	0.01694	0.01174	0.07034	0.01009	0.00613	0.00626	0.00156	0.12647	0.02514	0.00320	0.00627
72	0.00688	0.00464	0.00527	0.00519	0.00532	0.00471	0.00302	0.02858	0.00703	0.00940	0.01410	0.02866	0.01603	0.78571	0.05415	0.00442	0.00472	0.00645	0.00278	0.00293
73	0.01409	0.00945	0.01080	0.00820	0.01183	0.02262	0.00664	0.23296	0.03713	0.19619	0.01172	0.03144	0.00875	0.00480	0.00406	0.00109	0.00399	0.00381	0.00394	0.37648
74	0.00581	0.00442	0.00585	0.00714	0.04820	0.00409	0.00459	0.00679	0.00913	0.01201	0.04747	0.64925	0.15224	0.01312	0.00564	0.00176	0.00271	0.01178	0.00412	0.00390
75	0.05348	0.00905	0.01103	0.00844	0.01200	0.00861	0.00696	0.21678	0.01451	0.50557	0.01467	0.01335	0.00963	0.00529	0.00436	0.00132	0.00408	0.00417	0.00494	0.09177
76	0.01043	0.01301	0.10233	0.01753	0.02171	0.01169	0.61491	0.01402	0.01008	0.01402	0.00864	0.01166	0.00664	0.00442	0.00652	0.00158	0.11762	0.00497	0.00221	0.00601
77	0.00950	0.01002	0.02020	0.14483	0.06152	0.00980	0.48099	0.01275	0.01065	0.01441	0.11753	0.03411	0.04148	0.00518	0.00518	0.00151	0.00623	0.00577	0.00272	0.00561
78	0.00561	0.00460	0.00494	0.00486	0.00628	0.00393	0.00364	0.00699	0.01093	0.01366	0.22937	0.04127	0.62629	0.01094	0.00535	0.00150	0.00226	0.00923	0.00440	0.00393
79	0.01127	0.00973	0.01025	0.00922	0.01178	0.01127	0.00717	0.02408	0.80430	0.01896	0.01844	0.01691	0.01383	0.00615	0.00461	0.00154	0.00359	0.00512	0.00461	0.00717
80	0.00649	0.00479	0.00694	0.00694	0.00763	0.00548	0.00524	0.00787	0.00718	0.01027	0.01245	0.01954	0.01208	0.15217	0.70564	0.00686	0.01100	0.00511	0.00247	0.00386
81	0.00987	0.00925	0.01563	0.23941	0.49635	0.00990	0.01245	0.01251	0.00958	0.01337	0.00888	0.01233	0.00743	0.00817	0.11370	0.00218	0.00646	0.00414	0.00221	0.00619
82	0.00651	0.00471	0.00657	0.00657	0.00713	0.00528	0.00477	0.00763	0.00707	0.00999	0.01279	0.02142	0.01290	0.28002	0.57890	0.00640	0.00978	0.00538	0.00252	0.00365
83	0.00655	0.00457	0.00583	0.00583	0.00614	0.00487	0.00385	0.00716	0.00685	0.00944	0.01347	0.02516	0.01452	0.53507	0.32608	0.00549	0.00733	0.00593	0.00263	0.00324
84	0.00831	0.00570	0.00711	0.00652	0.00802	0.00560	0.00500	0.01211	0.13906	0.08086	0.60089	0.03015	0.03522	0.00856	0.00519	0.00146	0.00256	0.02772	0.00496	0.00501
85	0.87276	0.00876	0.00666	0.00596	0.00876	0.01017	0.00491	0.01332	0.00771	0.02033	0.00631	0.00736	0.00491	0.00421	0.00280	0.00140	0.00351	0.00245	0.00280	0.00491
86	0.00843	0.00739	0.01204	0.68952	0.02685	0.00905	0.01102	0.01125	0.00911	0.01229	0.00957	0.04296	0.00766	0.00498	0.00439	0.00146	0.00539	0.00438	0.11738	0.00488
87	0.01132	0.01083	0.01804	0.06916	0.72746	0.02067	0.02405	0.03714	0.01061	0.01499	0.00856	0.01123	0.00711	0.00411	0.00450	0.00136	0.00547	0.00404	0.00230	0.00704
88	0.01883	0.00981	0.11818	0.00871	0.01264	0.00718	0.00801	0.02105	0.01252	0.70869	0.01658	0.01464	0.01049	0.00543	0.00452	0.00141	0.00423	0.00440	0.00512	0.00758
89	0.00703	0.00519	0.00686	0.00765	0.00879	0.00509	0.00653	0.00922	0.03139	0.01356	0.04789	0.06765	0.15157	0.01214	0.00604	0.00196	0.00377	0.59928	0.00421	0.00419
90	0.00658	0.00443	0.00511	0.00511	0.00517	0.00448	0.00295	0.00670	0.00664	0.00891	0.01413	0.02881	0.01611	0.78327	0.08004	0.00460	0.00494	0.00647	0.00272	0.00284
91	0.01171	0.73404	0.12964	0.00844	0.01270	0.01694	0.00895	0.01367	0.00926	0.01115	0.00654	0.00758	0.00581	0.00393	0.00309	0.00103	0.00509	0.00255	0.00194	0.00593
92	0.18342	0.01212	0.01223	0.00959	0.01302	0.03086	0.00790	0.62813	0.01848	0.02658	0.00991	0.01014	0.00712	0.00518	0.00419	0.00136	0.00477	0.00374	0.00415	0.00711
93	0.01226	0.63331	0.04306	0.01123	0.13359	0.07746	0.00900	0.01398	0.00966	0.01142	0.00674	0.00800	0.00602	0.00397	0.00327	0.00105	0.00523	0.00273	0.00201	0.00600
94	0.00650	0.00477	0.00684	0.00684	0.00750	0.00542	0.00511	0.00781	0.00715	0.01019	0.01254	0.02003	0.01230	0.18598	0.67213	0.00674	0.01068	0.00518	0.00249	0.00380
95	0.01225	0.01175	0.01570	0.15222	0.43206	0.14261	0.02618	0.01521	0.05085	0.06891	0.02320	0.01184	0.00800	0.00452	0.00447	0.00136	0.00573	0.00404	0.00262	0.00648
96	0.02313	0.12079	0.02680	0.00866	0.01142	0.04434	0.02106	0.17870	0.15576	0.13959	0.03341	0.14037	0.04978	0.00709	0.00458	0.00144	0.00418	0.01853	0.00410	0.00626
97	0.03322	0.00799	0.01062	0.00815	0.01166	0.00710	0.00674	0.06297	0.01333	0.76180	0.01733	0.01506	0.01093	0.00558	0.00453	0.00140	0.00391	0.00450	0.00551	0.00767
98	0.03434	0.41748	0.05355	0.11880	0.02711	0.21123	0.00888	0.01417	0.01026	0.01176	0.04909	0.00969	0.00779	0.00447	0.00362	0.00115	0.00573	0.00313	0.00223	0.00553

[dist]
# distance from previous block
# <min> <max>
0	4

[block]
# block no. 7 follows, 57 sequences, length 99
# corresponding to MSA columns:
# 306-342,368-429
name=unknown_H
#
# <colnr> <probs for GDERKNQSTAVLIFYWHMCP>
#	G	D	E	R	K	N	Q	S	T	A	V	L	I	F	Y	W	H	M	C	P
0	0.00653	0.00461	0.00602	0.00600	0.00642	0.00494	0.00410	0.00736	0.00727	0.01010	0.06150	0.02477	0.01584	0.44108	0.36831	0.00546	0.00761	0.00594	0.00274	0.00340
1	0.02001	0.00768	0.01043	0.00803	0.01147	0.00668	0.00661	0.02187	0.02236	0.79369	0.01783	0.01566	0.01133	0.01844	0.00484	0.00145	0.00386	0.00459	0.00555	0.00763
2	0.00653	0.00437	0.00496	0.00501	0.00503	0.00436	0.00282	0.00657	0.00670	0.00893	0.01484	0.07229	0.01719	0.79715	0.02215	0.00426	0.00430	0.00692	0.00282	0.00279
3	0.01007	0.03349	0.44539	0.04508	0.04098	0.01056	0.18151	0.06175	0.01058	0.03426	0.01813	0.04681	0.02006	0.00493	0.00476	0.00147	0.01695	0.00444	0.00242	0.00637
4	0.06391	0.01258	0.01352	0.17310	0.11995	0.22332	0.01021	0.02961	0.00971	0.01254	0.00748	0.02677	0.00656	0.00576	0.00756	0.00154	0.26444	0.00381	0.00226	0.00537
5	0.00851	0.00434	0.00436	0.00433	0.00542	0.00438	0.00326	0.01085	0.02690	0.01694	0.01486	0.01689	0.01166	0.00530	0.00320	0.00107	0.00214	0.00424	0.84706	0.00429
6	0.00968	0.00937	0.01275	0.01072	0.01151	0.01204	0.00885	0.01087	0.00747	0.01168	0.00692	0.03416	0.00680	0.00722	0.01234	0.00172	0.64541	0.00398	0.00219	0.17432
7	0.01037	0.04787	0.03137	0.28286	0.42360	0.01066	0.01247	0.05196	0.01043	0.01420	0.01902	0.01310	0.03135	0.00468	0.00449	0.00140	0.00543	0.01611	0.00238	0.00626
8	0.01230	0.06897	0.05339	0.18503	0.11355	0.11146	0.12886	0.13960	0.01214	0.05031	0.01000	0.02454	0.00817	0.00513	0.00469	0.00142	0.01452	0.04700	0.00282	0.00609
9	0.01355	0.00964	0.01039	0.00841	0.01085	0.01050	0.00662	0.50734	0.01633	0.02236	0.01242	0.01679	0.01059	0.19402	0.00859	0.00203	0.00449	0.02342	0.10555	0.00609
10	0.03140	0.00860	0.01167	0.11782	0.20938	0.01801	0.00863	0.08264	0.12892	0.05000	0.03054	0.03315	0.07965	0.01461	0.00610	0.09393	0.00439	0.00485	0.00320	0.06248
11	0.01109	0.01036	0.01715	0.18243	0.60912	0.01084	0.01331	0.06414	0.01078	0.01507	0.00858	0.01136	0.00699	0.00422	0.00450	0.00138	0.00549	0.00404	0.00235	0.00680
12	0.01693	0.02160	0.01284	0.01167	0.01401	0.82256	0.00876	0.01809	0.01284	0.01109	0.00700	0.00817	0.00584	0.00467	0.00409	0.00117	0.00817	0.00292	0.00233	0.00525
13	0.01122	0.01077	0.01839	0.02781	0.81248	0.01077	0.01391	0.01391	0.01032	0.01480	0.00852	0.01122	0.00718	0.00404	0.00449	0.00135	0.00538	0.00404	0.00224	0.00718
14	0.00887	0.00832	0.01351	0.71873	0.02875	0.01033	0.02326	0.01265	0.07627	0.01222	0.00887	0.01241	0.00671	0.00478	0.00493	0.00153	0.03625	0.00414	0.00224	0.00523
15	0.00613	0.00449	0.00605	0.00675	0.00724	0.00428	0.02051	0.04046	0.00926	0.01236	0.02405	0.78547	0.02854	0.01361	0.00572	0.00181	0.00283	0.01235	0.00418	0.00390
16	0.00536	0.00459	0.00459	0.00459	0.00612	0.00383	0.00344	0.00650	0.01033	0.01224	0.04590	0.04361	0.81065	0.01148	0.00536	0.00153	0.00230	0.00956	0.00421	0.00383
17	0.00552	0.00394	0.00526	0.00631	0.00657	0.00368	0.00421	0.00631	0.00868	0.01157	0.02498	0.83779	0.02997	0.01420	0.00578	0.00184	0.00263	0.01288	0.00421	0.00368
18	0.00764	0.00654	0.00732	0.00766	0.05679	0.00660	0.00541	0.01248	0.25453	0.01443	0.03284	0.06764	0.43679	0.02306	0.00542	0.00160	0.00301	0.04101	0.00419	0.00505
19	0.00676	0.00521	0.00795	0.00852	0.05676	0.00597	0.00616	0.00844	0.00747	0.01078	0.01192	0.01740	0.01108	0.03217	0.77329	0.00692	0.01173	0.00481	0.00242	0.00424
20	0.00552	0.00394	0.00526	0.00631	0.00657	0.00368	0.00421	0.00631	0.00868	0.01157	0.02498	0.83779	0.02997	0.01420	0.00578	0.00184	0.00263	0.01288	0.00421	0.00368
21	0.00658	0.00487	0.00603	0.00570	0.00693	0.00452	0.00429	0.00900	0.04744	0.02559	0.62371	0.04846	0.17078	0.00955	0.00531	0.00145	0.00226	0.00833	0.00483	0.00435
22	0.00940	0.00805	0.00940	0.00671	0.01074	0.00604	0.00537	0.01141	0.00940	0.01477	0.00805	0.00940	0.00671	0.00336	0.00336	0.00067	0.00336	0.00268	0.00268	0.86845
23	0.00651	0.00460	0.00600	0.00579	0.00681	0.00423	0.00429	0.00846	0.01228	0.03033	0.68679	0.12860	0.05852	0.00984	0.00538	0.00148	0.00223	0.00872	0.00489	0.00425
24	0.01148	0.01134	0.01792	0.05042	0.74120	0.05986	0.01356	0.01409	0.01043	0.01448	0.00842	0.01106	0.00706	0.00409	0.00446	0.00134	0.00557	0.00397	0.00224	0.00700
25	0.00703	0.00511	0.00693	0.00785	0.00893	0.00501	0.00677	0.00897	0.01038	0.01336	0.02662	0.06919	0.11956	0.01243	0.00614	0.00201	0.00391	0.67150	0.00418	0.00412
26	0.00551	0.00399	0.00521	0.00620	0.00654	0.00369	0.00416	0.00632	0.00878	0.01161	0.02636	0.78528	0.08159	0.01402	0.00576	0.00182	0.00261	0.01266	0.00421	0.00369
27	0.00579	0.00430	0.00578	0.00665	0.00689	0.00430	0.00455	0.00659	0.00857	0.01153	0.02382	0.78771	0.02852	0.01382	0.00633	0.00185	0.05283	0.01234	0.00407	0.00376
28	0.87276	0.00876	0.00666	0.00596	0.00876	0.01017	0.00491	0.01332	0.00771	0.02033	0.00631	0.00736	0.00491	0.00421	0.00280	0.00140	0.00351	0.00245	0.00280	0.00491
29	0.00660	0.00505	0.00731	0.00712	0.00789	0.00571	0.01932	0.00797	0.00741	0.01045	0.01426	0.02079	0.06021	0.15115	0.61621	0.00625	0.03443	0.00538	0.00257	0.00390
30	0.00683	0.00493	0.00672	0.00769	0.00863	0.00483	0.00644	0.00860	0.01009	0.01309	0.02575	0.19837	0.08303	0.01276	0.00610	0.00200	0.00375	0.58214	0.00418	0.00406
31	0.00961	0.00805	0.00942	0.00674	0.01075	0.00605	0.00539	0.01162	0.00947	0.03036	0.00825	0.00951	0.00680	0.00340	0.00338	0.00069	0.00337	0.00272	0.00274	0.85170
32	0.01264	0.01078	0.01530	0.13127	0.32497	0.02475	0.04128	0.19174	0.13571	0.04969	0.01089	0.01230	0.00829	0.00481	0.00455	0.00141	0.00518	0.00427	0.00323	0.00695
33	0.01037	0.00995	0.01706	0.18349	0.48654	0.01052	0.07742	0.02582	0.01002	0.01397	0.00931	0.01285	0.01772	0.00560	0.03247	0.00164	0.04652	0.02007	0.00230	0.00636
34	0.01361	0.07678	0.15725	0.05438	0.05925	0.01996	0.05037	0.28425	0.03737	0.10882	0.01072	0.01191	0.00793	0.00601	0.03077	0.00158	0.03371	0.01275	0.01579	0.00679
35	0.00649	0.00513	0.00600	0.00642	0.00716	0.03560	0.00452	0.00829	0.04983	0.01380	0.24576	0.50875	0.06125	0.01194	0.00552	0.00167	0.00274	0.01067	0.00437	0.00409
36	0.00561	0.00401	0.00536	0.00641	0.00671	0.00376	0.00436	0.00646	0.00876	0.01167	0.02493	0.79848	0.02978	0.01411	0.00581	0.00185	0.00271	0.05132	0.00420	0.00371
37	0.00994	0.09489	0.58021	0.04004	0.03232	0.01118	0.11493	0.01445	0.00978	0.03907	0.00841	0.00999	0.00610	0.00425	0.00433	0.00140	0.00652	0.00359	0.00209	0.00653
38	0.01067	0.01021	0.01741	0.19224	0.65232	0.01062	0.01364	0.01343	0.01006	0.01414	0.00843	0.01139	0.00694	0.00414	0.00450	0.00138	0.00552	0.00404	0.00220	0.00674
39	0.00657	0.00494	0.00723	0.00719	0.00791	0.00575	0.00551	0.00803	0.00721	0.01038	0.01218	0.01866	0.01165	0.10458	0.73270	0.00690	0.03124	0.00499	0.00244	0.00395
40	0.01384	0.44539	0.05144	0.01048	0.05292	0.31508	0.00882	0.03310	0.01090	0.01158	0.00685	0.00798	0.00593	0.00423	0.00352	0.00109	0.00618	0.00276	0.00216	0.00575
