[name]
unknown

[dist]
# distance from previous block
# <min> <max>
0	33

[block]
# block no. 0 follows, 56 sequences, length 21
# corresponding to MSA columns:
# 33-53
name=unknown_A
#
# <colnr> <probs for GDERKNQSTAVLIFYWHMCP>
#	G	D	E	R	K	N	Q	S	T	A	V	L	I	F	Y	W	H	M	C	P
0	0.01048	0.00836	0.01208	0.05986	0.21154	0.00872	0.03566	0.06609	0.12815	0.06324	0.01391	0.06736	0.01240	0.05530	0.12004	0.00247	0.00569	0.05999	0.01949	0.03917
1	0.08235	0.10457	0.01238	0.09932	0.01378	0.03462	0.02872	0.12371	0.06980	0.06927	0.02898	0.01263	0.02986	0.02164	0.00435	0.00124	0.00438	0.00382	0.01583	0.23873
2	0.00636	0.00469	0.00595	0.00563	0.00677	0.00427	0.00422	0.00840	0.01267	0.01764	0.71033	0.03556	0.14106	0.00967	0.00542	0.00146	0.00219	0.00848	0.00495	0.00427
3	0.01435	0.06303	0.03035	0.01093	0.03048	0.03342	0.07078	0.40918	0.15889	0.04355	0.01311	0.07819	0.01055	0.00606	0.00466	0.00144	0.00491	0.00500	0.00411	0.00704
4	0.01244	0.00918	0.03600	0.00771	0.01173	0.00738	0.00644	0.11027	0.01165	0.15702	0.01027	0.01078	0.00770	0.00409	0.00379	0.00092	0.00380	0.00325	0.00345	0.58215
5	0.01052	0.02870	0.01510	0.39345	0.19383	0.01087	0.04086	0.03357	0.04214	0.05818	0.00944	0.02921	0.00755	0.00520	0.00582	0.00154	0.10127	0.00435	0.00252	0.00590
6	0.00786	0.00499	0.00641	0.00594	0.00730	0.00451	0.00449	0.00980	0.01249	0.10403	0.59139	0.07737	0.12672	0.00951	0.00535	0.00148	0.00240	0.00832	0.00499	0.00463
7	0.00668	0.00445	0.00501	0.00501	0.00501	0.00445	0.00278	0.00668	0.00668	0.00890	0.01447	0.03004	0.01669	0.83866	0.02337	0.00445	0.00445	0.00668	0.00278	0.00278
8	0.01268	0.01111	0.01443	0.12214	0.24747	0.10222	0.05333	0.03402	0.18694	0.10635	0.01238	0.01347	0.01982	0.00511	0.00479	0.00143	0.02194	0.00442	0.01933	0.00663
9	0.01964	0.00843	0.01071	0.00837	0.01176	0.03735	0.00686	0.04642	0.02942	0.71111	0.01726	0.01533	0.01111	0.00676	0.03590	0.00164	0.00442	0.00456	0.00538	0.00757
10	0.00583	0.00454	0.00536	0.00583	0.00688	0.00407	0.00437	0.00708	0.01009	0.01272	0.07775	0.29232	0.40521	0.01253	0.00570	0.00173	0.00271	0.12707	0.00430	0.00391
11	0.01020	0.01089	0.02235	0.04899	0.13755	0.01042	0.53617	0.01353	0.01061	0.01446	0.02768	0.07112	0.01040	0.00525	0.00534	0.00157	0.00669	0.04822	0.00260	0.00600
12	0.01529	0.13925	0.01439	0.01080	0.01340	0.47349	0.00857	0.09923	0.09501	0.01390	0.00890	0.01033	0.00737	0.00519	0.00470	0.00128	0.05132	0.01896	0.00280	0.00583
13	0.00622	0.00450	0.00589	0.00604	0.00688	0.00417	0.00441	0.00792	0.01150	0.01594	0.50710	0.28530	0.06322	0.01115	0.00559	0.00161	0.00241	0.04128	0.00475	0.00412
14	0.01343	0.62024	0.02110	0.00893	0.01238	0.21590	0.00816	0.01482	0.01018	0.01091	0.00655	0.00765	0.00590	0.00422	0.00352	0.00105	0.02465	0.00261	0.00206	0.00573
15	0.00619	0.00501	0.00557	0.00555	0.00701	0.00454	0.00429	0.00832	0.05459	0.01418	0.20166	0.04145	0.52027	0.01097	0.00548	0.00159	0.00257	0.09210	0.00445	0.00420
16	0.04321	0.08764	0.12048	0.04925	0.12371	0.04835	0.02330	0.04172	0.12902	0.11025	0.03703	0.01371	0.00996	0.00561	0.01549	0.00145	0.03093	0.02663	0.00323	0.07901
17	0.02564	0.01550	0.37064	0.01228	0.07772	0.00962	0.04179	0.07014	0.06764	0.15095	0.06230	0.02951	0.03477	0.00548	0.00460	0.00146	0.00533	0.00457	0.00331	0.00675
18	0.00569	0.00407	0.00544	0.00651	0.00682	0.00381	0.00443	0.00656	0.00889	0.01183	0.02525	0.79264	0.03015	0.01429	0.00589	0.00188	0.00275	0.05509	0.00426	0.00376
19	0.01553	0.00971	0.01158	0.00953	0.02713	0.01005	0.02283	0.36092	0.05974	0.23518	0.04235	0.03980	0.06421	0.00722	0.02014	0.00158	0.00448	0.04631	0.00473	0.00700
20	0.01146	0.01130	0.04390	0.04572	0.42279	0.06279	0.03779	0.08163	0.09785	0.01603	0.02546	0.05018	0.02089	0.01672	0.00497	0.00148	0.00527	0.03417	0.00296	0.00664

[dist]
# distance from previous block
# <min> <max>
0	6

[block]
# block no. 1 follows, 56 sequences, length 23
# corresponding to MSA columns:
# 60-82
name=unknown_B
#
# <colnr> <probs for GDERKNQSTAVLIFYWHMCP>
#	G	D	E	R	K	N	Q	S	T	A	V	L	I	F	Y	W	H	M	C	P
0	0.00813	0.00470	0.00557	0.00555	0.00652	0.00488	0.00415	0.02381	0.00910	0.03362	0.01521	0.07308	0.01365	0.08454	0.20460	0.00299	0.00500	0.02572	0.46497	0.00422
1	0.01421	0.01202	0.04802	0.00983	0.01335	0.03039	0.00822	0.40814	0.24820	0.02311	0.01266	0.01249	0.00936	0.00536	0.00443	0.00133	0.00456	0.00419	0.00419	0.12595
2	0.01063	0.01615	0.36217	0.01289	0.01754	0.01074	0.15974	0.06165	0.02609	0.04715	0.00891	0.01080	0.00672	0.00509	0.00622	0.02212	0.11438	0.00393	0.00247	0.09460
3	0.01245	0.13246	0.05914	0.08254	0.29203	0.05386	0.04720	0.11596	0.04559	0.05307	0.02711	0.01165	0.00822	0.00521	0.01869	0.00146	0.01990	0.00400	0.00282	0.00666
4	0.00945	0.08346	0.72126	0.03233	0.01964	0.01122	0.03204	0.01442	0.00968	0.01420	0.00812	0.00964	0.00585	0.00433	0.00428	0.00142	0.00665	0.00338	0.00195	0.00667
5	0.00554	0.00461	0.00485	0.00498	0.00637	0.00392	0.00372	0.00672	0.01037	0.01255	0.06541	0.12466	0.68198	0.01188	0.00550	0.00160	0.00242	0.03476	0.00428	0.00389
6	0.00867	0.00816	0.01377	0.82762	0.03162	0.01020	0.01275	0.01173	0.00918	0.01173	0.00816	0.01224	0.00612	0.00459	0.00459	0.00153	0.00612	0.00408	0.00204	0.00510
7	0.00952	0.00816	0.00952	0.00680	0.01088	0.00612	0.00544	0.01156	0.00952	0.01496	0.00816	0.00952	0.00680	0.00340	0.00340	0.00068	0.00340	0.00272	0.00272	0.86672
8	0.00592	0.00460	0.00511	0.00506	0.00617	0.00409	0.00360	0.00711	0.01036	0.01325	0.22952	0.06951	0.44698	0.15844	0.00863	0.00205	0.00268	0.00894	0.00420	0.00379
9	0.00557	0.00410	0.00522	0.00612	0.00659	0.00375	0.00414	0.00642	0.00905	0.01183	0.02865	0.71059	0.15327	0.01395	0.00579	0.00181	0.00261	0.01252	0.00426	0.00375
10	0.01019	0.00844	0.00975	0.00721	0.01100	0.00690	0.00574	0.10140	0.01086	0.01636	0.00957	0.06168	0.00840	0.00433	0.00369	0.00083	0.00354	0.00353	0.00303	0.71353
11	0.01195	0.00714	0.00757	0.00644	0.00845	0.00751	0.00511	0.25559	0.01354	0.06197	0.01391	0.01514	0.01051	0.00542	0.00371	0.00118	0.00314	0.00425	0.55192	0.00556
12	0.00572	0.00405	0.00529	0.00623	0.00647	0.00381	0.00409	0.00643	0.00855	0.01140	0.02406	0.74291	0.02879	0.10928	0.00788	0.00216	0.00287	0.01232	0.00409	0.00362
13	0.00650	0.00469	0.00614	0.00578	0.00686	0.00433	0.00433	0.00866	0.01300	0.01841	0.80760	0.03429	0.04332	0.00939	0.00541	0.00144	0.00217	0.00830	0.00505	0.00433
14	0.00867	0.00816	0.01377	0.82762	0.03162	0.01020	0.01275	0.01173	0.00918	0.01173	0.00816	0.01224	0.00612	0.00459	0.00459	0.00153	0.00612	0.00408	0.00204	0.00510
15	0.00907	0.00659	0.00836	0.00859	0.01015	0.00679	0.00739	0.14914	0.01252	0.01636	0.02332	0.04406	0.07160	0.01134	0.00597	0.00195	0.00426	0.59339	0.00429	0.00484
16	0.10785	0.01119	0.01205	0.00944	0.01281	0.01216	0.00775	0.54009	0.04363	0.12575	0.06180	0.01288	0.01039	0.00567	0.00446	0.00140	0.00452	0.00432	0.00457	0.00727
17	0.00557	0.00407	0.00525	0.00619	0.00661	0.00375	0.00417	0.00642	0.00898	0.01180	0.02774	0.74454	0.11991	0.01407	0.00581	0.00183	0.00262	0.01266	0.00426	0.00375
18	0.00547	0.00448	0.00483	0.00510	0.00632	0.00384	0.00369	0.00654	0.01003	0.01223	0.04104	0.24846	0.60741	0.01234	0.00554	0.00163	0.00241	0.01056	0.00426	0.00384
19	0.01646	0.10791	0.06461	0.00989	0.01368	0.01304	0.00869	0.49844	0.04268	0.14521	0.01171	0.01153	0.00828	0.00530	0.00437	0.00134	0.00487	0.00400	0.02054	0.00744
20	0.01132	0.00944	0.01018	0.00758	0.01139	0.05826	0.00606	0.10254	0.01139	0.05209	0.03285	0.01063	0.00816	0.00401	0.00370	0.00085	0.00388	0.00315	0.00312	0.64939
21	0.10575	0.00530	0.00586	0.00635	0.00728	0.02625	0.00451	0.00794	0.00931	0.01341	0.07829	0.53952	0.10368	0.01197	0.00533	0.00171	0.00291	0.03069	0.00406	0.02987
22	0.01259	0.69732	0.05070	0.00849	0.01226	0.10993	0.00825	0.01417	0.00972	0.01098	0.00668	0.00781	0.00603	0.00478	0.02314	0.00118	0.00555	0.00261	0.00202	0.00581

[dist]
# distance from previous block
# <min> <max>
0	10

[block]
# block no. 2 follows, 56 sequences, length 44
# corresponding to MSA columns:
# 93-136
name=unknown_C
#
# <colnr> <probs for GDERKNQSTAVLIFYWHMCP>
#	G	D	E	R	K	N	Q	S	T	A	V	L	I	F	Y	W	H	M	C	P
0	0.00949	0.00900	0.01526	0.58301	0.26979	0.01042	0.01316	0.01245	0.00957	0.01273	0.00831	0.01197	0.00647	0.00444	0.00458	0.00148	0.00592	0.00408	0.00211	0.00576
1	0.01036	0.00983	0.01676	0.06456	0.59695	0.00983	0.05490	0.01300	0.01055	0.01484	0.06718	0.03411	0.04546	0.00527	0.00477	0.00143	0.00515	0.02580	0.00264	0.00659
2	0.01100	0.17214	0.24500	0.01415	0.05519	0.03891	0.26531	0.05964	0.02446	0.01461	0.01049	0.01211	0.04715	0.00459	0.00451	0.00138	0.00635	0.00428	0.00242	0.00632
3	0.00571	0.00464	0.00509	0.00517	0.00651	0.00401	0.00389	0.00706	0.01074	0.01339	0.16676	0.10871	0.58023	0.01155	0.00551	0.00159	0.00242	0.04870	0.00439	0.00396
4	0.00559	0.00400	0.00533	0.00639	0.00666	0.00373	0.00426	0.00639	0.00879	0.01172	0.02530	0.83566	0.03036	0.01438	0.00586	0.00186	0.00266	0.01305	0.00426	0.00373
5	0.01325	0.00920	0.01040	0.00930	0.02971	0.01000	0.00714	0.05805	0.52336	0.18909	0.01924	0.04426	0.04316	0.00650	0.00472	0.00153	0.00372	0.00542	0.00480	0.00717
6	0.00576	0.00451	0.00515	0.00536	0.00644	0.00398	0.00387	0.00698	0.01034	0.01318	0.17700	0.22555	0.43271	0.05375	0.00645	0.00176	0.00252	0.02646	0.00433	0.00388
7	0.00569	0.00411	0.00539	0.00624	0.00666	0.00381	0.00424	0.00667	0.00937	0.01255	0.11983	0.70548	0.06561	0.01367	0.00579	0.00180	0.00259	0.01234	0.00436	0.00381
8	0.01393	0.00997	0.01091	0.00878	0.01167	0.01061	0.00710	0.49238	0.03554	0.06943	0.09061	0.06072	0.14339	0.00734	0.00487	0.00144	0.00412	0.00592	0.00463	0.00663
9	0.79125	0.00994	0.03366	0.00659	0.00956	0.04061	0.00560	0.03175	0.00839	0.02024	0.00659	0.00764	0.00510	0.00431	0.00298	0.00141	0.00387	0.00257	0.00283	0.00511
10	0.00651	0.00529	0.00562	0.00547	0.00710	0.00476	0.00426	0.06221	0.01138	0.01399	0.08049	0.04206	0.64087	0.01118	0.00545	0.00159	0.00268	0.08055	0.00432	0.00421
11	0.00980	0.18151	0.66229	0.01208	0.01831	0.01211	0.01521	0.01439	0.00962	0.01382	0.00788	0.00924	0.00583	0.00428	0.00409	0.00136	0.00642	0.00321	0.00194	0.00661
12	0.00917	0.00675	0.00803	0.00742	0.00888	0.00700	0.00562	0.20626	0.03153	0.01813	0.25050	0.29582	0.05240	0.01028	0.00591	0.02491	0.02196	0.01995	0.00447	0.00501
13	0.00650	0.00469	0.00614	0.00578	0.00686	0.00433	0.00433	0.00866	0.01300	0.01841	0.80760	0.03429	0.04332	0.00939	0.00541	0.00144	0.00217	0.00830	0.00505	0.00433
14	0.01715	0.02188	0.01301	0.01183	0.01419	0.82022	0.00887	0.01833	0.01301	0.01124	0.00710	0.00828	0.00591	0.00473	0.00414	0.00118	0.00828	0.00296	0.00237	0.00532
15	0.01631	0.01219	0.01233	0.00977	0.01285	0.08570	0.00782	0.55982	0.01821	0.08929	0.01169	0.01358	0.00906	0.11192	0.00695	0.00176	0.00517	0.00439	0.00425	0.00694
16	0.00560	0.00467	0.00491	0.00506	0.00650	0.00399	0.00385	0.00682	0.01039	0.01248	0.04359	0.08435	0.70394	0.01185	0.00552	0.00161	0.00250	0.07419	0.00426	0.00390
17	0.00636	0.00469	0.00594	0.00563	0.00677	0.00427	0.00422	0.00840	0.01267	0.01763	0.70936	0.03557	0.14203	0.00967	0.00542	0.00146	0.00219	0.00848	0.00495	0.00427
18	0.01962	0.00939	0.01163	0.00892	0.01251	0.00909	0.00737	0.26349	0.01578	0.56836	0.01590	0.01419	0.01025	0.00563	0.00461	0.00141	0.00426	0.00447	0.00534	0.00781
19	0.00575	0.00415	0.00566	0.00655	0.00691	0.00406	0.00450	0.00669	0.00856	0.01155	0.02318	0.70197	0.02728	0.01766	0.13906	0.00277	0.00424	0.01172	0.00397	0.00379
20	0.00559	0.00400	0.00533	0.00639	0.00666	0.00373	0.00426	0.00639	0.00879	0.01172	0.02530	0.83566	0.03036	0.01438	0.00586	0.00186	0.00266	0.01305	0.00426	0.00373
21	0.01577	0.01274	0.01717	0.01280	0.01672	0.01357	0.20841	0.59620	0.01885	0.02531	0.01058	0.01137	0.00759	0.00509	0.00480	0.00142	0.00574	0.00446	0.00401	0.00740
22	0.00576	0.00465	0.00512	0.00504	0.00641	0.00401	0.00377	0.00722	0.01119	0.01422	0.27817	0.06251	0.55380	0.01102	0.00543	0.00153	0.00229	0.00936	0.00450	0.00401
23	0.01312	0.47005	0.15703	0.00987	0.01385	0.24262	0.00971	0.01517	0.01043	0.01157	0.00690	0.00802	0.00588	0.00423	0.00353	0.00112	0.00618	0.00276	0.00207	0.00589
24	0.00665	0.00457	0.00561	0.00561	0.00582	0.00478	0.00353	0.00706	0.00685	0.00935	0.01391	0.02699	0.01536	0.63398	0.22623	0.00520	0.00645	0.00623	0.00270	0.00312
25	0.01060	0.01105	0.01360	0.01175	0.01205	0.09595	0.00968	0.01163	0.00777	0.01112	0.00765	0.01114	0.03593	0.00783	0.01359	0.00191	0.71550	0.00412	0.00213	0.00501
26	0.09021	0.01269	0.21642	0.02790	0.07243	0.00931	0.05269	0.04535	0.08690	0.28613	0.04518	0.01358	0.01017	0.00518	0.00447	0.00145	0.00492	0.00430	0.00381	0.00692
27	0.00559	0.00400	0.00533	0.00639	0.00666	0.00373	0.00426	0.00639	0.00879	0.01172	0.02530	0.83566	0.03036	0.01438	0.00586	0.00186	0.00266	0.01305	0.00426	0.00373
28	0.00964	0.02365	0.77121	0.01302	0.01956	0.05474	0.01652	0.01475	0.00987	0.01436	0.00818	0.00962	0.00582	0.00438	0.00435	0.00144	0.00687	0.00337	0.00196	0.00671
29	0.02572	0.05465	0.01142	0.00890	0.01156	0.06619	0.06359	0.08069	0.23557	0.11178	0.16609	0.02044	0.09269	0.00672	0.00474	0.00143	0.00407	0.00567	0.00427	0.02383
30	0.01165	0.67457	0.18543	0.00892	0.01343	0.01663	0.00971	0.01391	0.00940	0.01156	0.00676	0.00784	0.00588	0.00402	0.00323	0.00108	0.00529	0.00265	0.00196	0.00607
31	0.00693	0.00463	0.00611	0.00609	0.00704	0.00427	0.00443	0.00865	0.01170	0.05657	0.52489	0.28200	0.03768	0.01075	0.00551	0.00157	0.00241	0.00959	0.00484	0.00432
32	0.01063	0.01016	0.01732	0.24503	0.59887	0.01072	0.01373	0.01345	0.01011	0.01411	0.00851	0.01160	0.00696	0.00423	0.00456	0.00141	0.00563	0.00409	0.00221	0.00668
33	0.01101	0.01068	0.01865	0.12246	0.66276	0.01087	0.06831	0.01385	0.01033	0.01459	0.00862	0.01154	0.00711	0.00413	0.00461	0.00140	0.00569	0.00418	0.00225	0.00694
34	0.00921	0.02375	0.81487	0.01309	0.01987	0.01066	0.01696	0.01454	0.00969	0.01454	0.00824	0.00969	0.00582	0.00436	0.00436	0.00145	0.00678	0.00339	0.00194	0.00678
35	0.00994	0.01082	0.02277	0.01754	0.06372	0.01018	0.61114	0.01320	0.01045	0.01419	0.01209	0.15817	0.01113	0.00574	0.00545	0.00159	0.00672	0.00670	0.00266	0.00581
36	0.01039	0.01233	0.06796	0.01781	0.02220	0.01099	0.67312	0.01436	0.03194	0.01460	0.01064	0.07159	0.00878	0.00472	0.00537	0.00157	0.00721	0.00585	0.00250	0.00608
37	0.00801	0.00500	0.00656	0.00704	0.00797	0.00475	0.00518	0.02771	0.02982	0.10468	0.02427	0.56703	0.04289	0.01266	0.00572	0.00183	0.00312	0.12687	0.00444	0.00446
38	0.00867	0.00816	0.01377	0.82762	0.03162	0.01020	0.01275	0.01173	0.00918	0.01173	0.00816	0.01224	0.00612	0.00459	0.00459	0.00153	0.00612	0.00408	0.00204	0.00510
39	0.01109	0.01166	0.02481	0.01792	0.02218	0.01101	0.69298	0.01462	0.01077	0.05795	0.01050	0.05375	0.00836	0.00459	0.00562	0.00157	0.02618	0.00572	0.00259	0.00613
40	0.01136	0.01091	0.01863	0.02818	0.81002	0.01091	0.01409	0.01409	0.01045	0.01500	0.00864	0.01136	0.00727	0.00409	0.00455	0.00136	0.00545	0.00409	0.00227	0.00727
41	0.10271	0.00878	0.00926	0.02673	0.07680	0.07827	0.00668	0.13565	0.03184	0.02639	0.08455	0.12858	0.14929	0.02070	0.00540	0.00155	0.03315	0.03287	0.03551	0.00526
42	0.57253	0.05493	0.00867	0.00703	0.00977	0.08069	0.00580	0.03136	0.00935	0.05453	0.03976	0.01237	0.00859	0.00518	0.00345	0.00141	0.00408	0.06057	0.00311	0.02682
43	0.04812	0.01130	0.01118	0.00946	0.01205	0.10984	0.00751	0.34374	0.13863	0.03632	0.01235	0.03191	0.00992	0.02939	0.16445	0.00264	0.00649	0.00451	0.00382	0.00638

[dist]
# distance from previous block
# <min> <max>
11	15

[block]
# block no. 3 follows, 56 sequences, length 32
# corresponding to MSA columns:
# 153-184
name=unknown_D
#
# <colnr> <probs for GDERKNQSTAVLIFYWHMCP>
#	G	D	E	R	K	N	Q	S	T	A	V	L	I	F	Y	W	H	M	C	P
0	0.66959	0.00935	0.00800	0.00684	0.00984	0.01057	0.00561	0.10901	0.04649	0.05034	0.00801	0.00870	0.00603	0.00453	0.00322	0.00140	0.00375	0.00290	0.00324	0.03260
1	0.00596	0.00463	0.00548	0.00583	0.00693	0.00412	0.00432	0.00720	0.01004	0.01284	0.09540	0.29549	0.36484	0.02759	0.00594	0.00174	0.00272	0.10370	0.00424	0.03100
2	0.01799	0.00760	0.00998	0.00790	0.01106	0.00679	0.00643	0.05592	0.03321	0.63697	0.04700	0.05604	0.06844	0.00663	0.00476	0.00145	0.00373	0.00548	0.00542	0.00722
3	0.00759	0.00640	0.00677	0.00731	0.00815	0.08178	0.00532	0.05278	0.01025	0.01296	0.02387	0.56141	0.07134	0.01258	0.00566	0.00179	0.00352	0.11224	0.00410	0.00419
4	0.18032	0.17098	0.50972	0.01073	0.01621	0.01197	0.01292	0.01419	0.00925	0.01505	0.00753	0.00882	0.00566	0.00426	0.00380	0.00136	0.00580	0.00304	0.00212	0.00626
5	0.00665	0.00455	0.00552	0.00552	0.00569	0.00473	0.00342	0.00700	0.00683	0.00928	0.01400	0.02747	0.01557	0.66609	0.19440	0.00508	0.00613	0.00630	0.00271	0.00306
6	0.00921	0.02375	0.81487	0.01309	0.01987	0.01066	0.01696	0.01454	0.00969	0.01454	0.00824	0.00969	0.00582	0.00436	0.00436	0.00145	0.00678	0.00339	0.00194	0.00678
7	0.00898	0.00874	0.01548	0.70502	0.03018	0.01047	0.11244	0.01209	0.00934	0.01209	0.00825	0.01221	0.00623	0.00458	0.00494	0.00154	0.02584	0.00425	0.00208	0.00524
8	0.04512	0.01151	0.01267	0.00978	0.01328	0.01240	0.00803	0.60124	0.01908	0.17028	0.01228	0.01242	0.00868	0.03528	0.00521	0.00150	0.00477	0.00426	0.00467	0.00754
9	0.01167	0.67422	0.13820	0.00855	0.01291	0.01638	0.00904	0.01374	0.00939	0.01159	0.00676	0.00783	0.00593	0.00396	0.00318	0.00103	0.00509	0.00261	0.00200	0.05592
10	0.04288	0.00927	0.01060	0.00886	0.01163	0.00973	0.00730	0.34778	0.06161	0.11387	0.11881	0.02219	0.01648	0.00724	0.00491	0.00150	0.00417	0.14601	0.00456	0.05060
11	0.01274	0.01000	0.01021	0.00902	0.01163	0.07687	0.00710	0.04715	0.47793	0.13070	0.04386	0.01934	0.04339	0.00660	0.00473	0.00151	0.00404	0.04996	0.00454	0.02868
12	0.00927	0.00968	0.06019	0.72693	0.02980	0.03796	0.01274	0.03672	0.00973	0.01242	0.00822	0.01192	0.00615	0.00461	0.00456	0.00151	0.00620	0.00400	0.00213	0.00529
13	0.00931	0.00881	0.01493	0.63716	0.21707	0.01037	0.01307	0.01229	0.00948	0.01251	0.00827	0.01203	0.00639	0.00447	0.00458	0.00149	0.00596	0.00408	0.00210	0.00562
14	0.00636	0.00475	0.00586	0.00607	0.00707	0.00441	0.00448	0.03190	0.01110	0.01478	0.28954	0.30429	0.21122	0.01169	0.00561	0.00166	0.00261	0.06794	0.00453	0.00413
15	0.03631	0.00872	0.01383	0.68977	0.07463	0.01057	0.01226	0.07517	0.01021	0.01358	0.00836	0.01194	0.00629	0.00463	0.00453	0.00150	0.00592	0.00404	0.00228	0.00544
16	0.00576	0.00422	0.00535	0.00598	0.00656	0.00388	0.00410	0.00681	0.00964	0.01281	0.15712	0.55560	0.14437	0.04724	0.00645	0.00186	0.00261	0.01152	0.00433	0.00381
17	0.00698	0.00474	0.00623	0.00594	0.00704	0.00436	0.00442	0.00898	0.01253	0.05052	0.68747	0.12314	0.04055	0.00979	0.00543	0.00149	0.00229	0.00868	0.00499	0.00441
18	0.00559	0.00400	0.00533	0.00639	0.00666	0.00373	0.00426	0.00639	0.00879	0.01172	0.02530	0.83566	0.03036	0.01438	0.00586	0.00186	0.00266	0.01305	0.00426	0.00373
19	0.13931	0.01201	0.01246	0.00976	0.01322	0.01338	0.00803	0.63446	0.05554	0.02710	0.01078	0.01089	0.00775	0.00536	0.00432	0.00139	0.00472	0.00395	0.01824	0.00732
20	0.00932	0.05297	0.78661	0.01290	0.01958	0.01093	0.01664	0.01451	0.00968	0.01441	0.00817	0.00961	0.00582	0.00435	0.00431	0.00144	0.00672	0.00336	0.00194	0.00675
21	0.00555	0.00435	0.00502	0.00550	0.00644	0.00383	0.00388	0.00658	0.00980	0.01234	0.06823	0.40769	0.41891	0.01280	0.00562	0.00169	0.00247	0.01118	0.00430	0.00383
22	0.00586	0.00414	0.00521	0.00596	0.00622	0.00392	0.00385	0.00647	0.00833	0.01103	0.02351	0.59290	0.06288	0.22514	0.01032	0.00251	0.00311	0.01126	0.00388	0.00349
23	0.02903	0.00795	0.00968	0.00862	0.00987	0.11277	0.10435	0.00985	0.00846	0.01102	0.01286	0.08774	0.01322	0.27478	0.27506	0.00432	0.00774	0.00589	0.00269	0.00410
24	0.00593	0.00470	0.00538	0.00557	0.00686	0.00416	0.00429	0.00738	0.01078	0.01360	0.17489	0.10960	0.49072	0.01162	0.00560	0.00164	0.00261	0.12628	0.00440	0.00400
25	0.05302	0.01240	0.03544	0.01551	0.01967	0.05809	0.48688	0.12058	0.01252	0.11257	0.01050	0.01261	0.00770	0.00450	0.00501	0.00149	0.00669	0.01526	0.00308	0.00648
26	0.01752	0.01021	0.01264	0.00974	0.01313	0.01046	0.04631	0.39808	0.01660	0.32484	0.01347	0.01316	0.00920	0.00671	0.02162	0.05512	0.00483	0.00439	0.00469	0.00730
27	0.01057	0.01188	0.02562	0.01892	0.04835	0.01115	0.72495	0.01423	0.01071	0.01455	0.01015	0.05753	0.00826	0.00445	0.00541	0.00156	0.00739	0.00579	0.00243	0.00609
28	0.00565	0.00450	0.00508	0.00529	0.00645	0.00394	0.00384	0.00688	0.01038	0.01309	0.15294	0.23292	0.49280	0.01240	0.02109	0.00172	0.00257	0.01020	0.00434	0.00391
29	0.01158	0.01077	0.01825	0.01379	0.01702	0.03805	0.38231	0.11455	0.04968	0.05895	0.06122	0.04924	0.03730	0.02547	0.00631	0.00161	0.06852	0.00564	0.02373	0.00600
30	0.00957	0.10031	0.70743	0.01301	0.03325	0.01140	0.03455	0.01446	0.00970	0.01420	0.00810	0.00957	0.00588	0.00430	0.00426	0.00141	0.00661	0.00336	0.00196	0.00670
31	0.04309	0.00949	0.06983	0.01099	0.01323	0.02455	0.18184	0.06642	0.00990	0.03880	0.01317	0.18797	0.01291	0.03664	0.13210	0.00261	0.11404	0.00637	0.02087	0.00519

[dist]
# distance from previous block
# <min> <max>
2	23

[block]
# block no. 4 follows, 56 sequences, length 73
# corresponding to MSA columns:
# 208-270,288-297
name=unknown_E
#
# <colnr> <probs for GDERKNQSTAVLIFYWHMCP>
#	G	D	E	R	K	N	Q	S	T	A	V	L	I	F	Y	W	H	M	C	P
0	0.00717	0.00517	0.00592	0.00565	0.00729	0.00453	0.00436	0.00886	0.02611	0.06919	0.17021	0.05494	0.46814	0.02855	0.00574	0.00160	0.00270	0.07573	0.00440	0.04373
1	0.01096	0.00967	0.01588	0.06107	0.59466	0.00968	0.01202	0.01374	0.03197	0.05790	0.05606	0.05268	0.04275	0.00533	0.00470	0.00141	0.00492	0.00502	0.00284	0.00673
2	0.01136	0.01145	0.01944	0.01439	0.01805	0.04326	0.40337	0.06359	0.04399	0.03155	0.00923	0.01152	0.00721	0.00460	0.00614	0.00141	0.11501	0.00449	0.00267	0.17728
3	0.01713	0.01262	0.01355	0.01045	0.01403	0.01395	0.00861	0.77342	0.02124	0.02847	0.01141	0.03329	0.00842	0.00575	0.00463	0.00139	0.00499	0.00437	0.00458	0.00770
4	0.01058	0.38942	0.46120	0.01075	0.01625	0.01402	0.01289	0.01418	0.00953	0.01287	0.00741	0.00865	0.00585	0.00417	0.00373	0.00124	0.00595	0.00297	0.00195	0.00639
5	0.00570	0.00415	0.00539	0.00631	0.00677	0.00384	0.00435	0.00664	0.00916	0.01206	0.04674	0.69107	0.11165	0.01388	0.00583	0.00183	0.00270	0.05386	0.00428	0.00379
6	0.00648	0.00437	0.00507	0.00526	0.00531	0.00432	0.00305	0.00662	0.00706	0.00942	0.01645	0.17738	0.01919	0.68790	0.02017	0.00398	0.00412	0.00784	0.00305	0.00296
7	0.01201	0.77060	0.09255	0.00831	0.01248	0.01752	0.00864	0.01382	0.00936	0.01112	0.00654	0.00757	0.00589	0.00397	0.00307	0.00102	0.00507	0.00254	0.00196	0.00597
8	0.01574	0.17024	0.01481	0.01079	0.01348	0.56946	0.00852	0.06773	0.03471	0.01251	0.00773	0.00889	0.00646	0.00574	0.03318	0.00139	0.00747	0.00307	0.00250	0.00560
9	0.17125	0.17377	0.15864	0.00887	0.02431	0.01059	0.00854	0.04967	0.01082	0.26053	0.02385	0.01123	0.00819	0.00503	0.00420	0.02168	0.00459	0.00353	0.00346	0.03726
10	0.00605	0.00468	0.00552	0.00531	0.00658	0.00414	0.00398	0.00780	0.01194	0.01590	0.48978	0.03842	0.36270	0.01032	0.00542	0.00149	0.00223	0.00888	0.00472	0.00414
11	0.00658	0.00485	0.00701	0.00701	0.00771	0.00554	0.00528	0.00796	0.00727	0.01039	0.01263	0.01988	0.01228	0.15810	0.69789	0.00693	0.01109	0.00519	0.00251	0.00390
12	0.00716	0.00487	0.00606	0.00640	0.00752	0.00447	0.00484	0.00872	0.02645	0.07225	0.09192	0.33016	0.25295	0.01209	0.00567	0.00175	0.00291	0.14510	0.00443	0.00428
13	0.00954	0.04761	0.68520	0.01213	0.01846	0.01032	0.01520	0.01432	0.00972	0.02868	0.00835	0.00971	0.00603	0.00426	0.00421	0.00135	0.00629	0.00331	0.00209	0.10321
14	0.00921	0.02375	0.81487	0.01309	0.01987	0.01066	0.01696	0.01454	0.00969	0.01454	0.00824	0.00969	0.00582	0.00436	0.00436	0.00145	0.00678	0.00339	0.00194	0.00678
15	0.00577	0.00460	0.00516	0.00516	0.00644	0.00400	0.00382	0.00720	0.01107	0.01416	0.27486	0.11593	0.50321	0.01121	0.00546	0.00155	0.00231	0.00959	0.00450	0.00400
16	0.01299	0.00844	0.00942	0.00784	0.01029	0.00893	0.00626	0.27659	0.12726	0.11529	0.15951	0.01804	0.01648	0.00631	0.00445	0.00135	0.00354	0.00514	0.19556	0.00631
17	0.01104	0.64291	0.02033	0.00791	0.01107	0.01551	0.00751	0.01253	0.00885	0.01078	0.00756	0.00962	0.00702	0.01024	0.16850	0.00231	0.03574	0.00301	0.00207	0.00550
18	0.00652	0.00479	0.00563	0.00535	0.00674	0.00421	0.00404	0.00822	0.01186	0.04413	0.43505	0.03810	0.38816	0.01027	0.00539	0.00149	0.00230	0.00880	0.00472	0.00425
19	0.00548	0.00445	0.00485	0.00517	0.00634	0.00383	0.00372	0.00653	0.00996	0.01220	0.04015	0.28143	0.57501	0.01245	0.00556	0.00164	0.00243	0.01070	0.00426	0.00383
20	0.00971	0.00612	0.00556	0.00527	0.00661	0.06239	0.00401	0.05359	0.03055	0.01739	0.01430	0.01617	0.01120	0.00534	0.00339	0.00111	0.00277	0.00420	0.73572	0.00462
21	0.00549	0.00459	0.00478	0.00487	0.00627	0.00388	0.00360	0.00665	0.01040	0.01257	0.07485	0.12234	0.70037	0.01181	0.00547	0.00158	0.00235	0.00997	0.00429	0.00388
22	0.01924	0.00850	0.01087	0.00843	0.01189	0.00790	0.00693	0.13167	0.04580	0.64129	0.01814	0.01605	0.03948	0.00589	0.00464	0.00142	0.00400	0.00475	0.00544	0.00765
23	0.00558	0.00405	0.00527	0.00625	0.00662	0.00374	0.00420	0.00641	0.00893	0.01178	0.02708	0.76937	0.09551	0.01415	0.00582	0.00184	0.00264	0.01277	0.00426	0.00374
24	0.01938	0.00866	0.03623	0.00845	0.01202	0.00747	0.00716	0.09326	0.01381	0.68331	0.04874	0.01576	0.01214	0.00577	0.00464	0.00142	0.00403	0.00468	0.00544	0.00764
25	0.00921	0.02375	0.81487	0.01309	0.01987	0.01066	0.01696	0.01454	0.00969	0.01454	0.00824	0.00969	0.00582	0.00436	0.00436	0.00145	0.00678	0.00339	0.00194	0.00678
26	0.00559	0.00401	0.00531	0.00635	0.00665	0.00373	0.00424	0.00640	0.00883	0.01173	0.02578	0.81794	0.04777	0.01432	0.00585	0.00186	0.00266	0.01298	0.00426	0.00373
27	0.00952	0.00816	0.00952	0.00680	0.01088	0.00612	0.00544	0.01156	0.00952	0.01496	0.00816	0.00952	0.00680	0.00340	0.00340	0.00068	0.00340	0.00272	0.00272	0.86672
28	0.01566	0.03666	0.01197	0.00961	0.01262	0.15492	0.00768	0.25034	0.22078	0.16187	0.01435	0.01377	0.02697	0.00567	0.00446	0.00138	0.00488	0.00436	0.03508	0.00696
29	0.00639	0.00496	0.00658	0.00693	0.00775	0.00480	0.03253	0.00859	0.08423	0.01312	0.08804	0.59657	0.09675	0.01260	0.00566	0.00176	0.00287	0.01137	0.00429	0.00421
30	0.00563	0.00405	0.00535	0.00638	0.00671	0.00377	0.00431	0.00648	0.00889	0.01179	0.02603	0.78826	0.05791	0.01424	0.00586	0.00186	0.00269	0.03176	0.00426	0.00375
31	0.01643	0.01675	0.01395	0.01159	0.01462	0.39295	0.05933	0.30357	0.08109	0.03097	0.00980	0.01039	0.00743	0.00510	0.00444	0.00131	0.00661	0.00376	0.00342	0.00649
32	0.00576	0.00487	0.00522	0.00513	0.00657	0.00428	0.00385	0.00699	0.01042	0.01282	0.09935	0.09059	0.65908	0.01132	0.00571	0.00156	0.02858	0.00945	0.00421	0.02426
33	0.00835	0.00714	0.00933	0.01650	0.01016	0.03906	0.09130	0.03145	0.08998	0.01448	0.06972	0.30190	0.09272	0.00919	0.00543	0.00154	0.03666	0.00811	0.09623	0.06075
34	0.02674	0.38889	0.30776	0.01070	0.01554	0.06521	0.05297	0.04227	0.02717	0.01338	0.00768	0.00887	0.00615	0.00424	0.00376	0.00123	0.00590	0.00310	0.00217	0.00628
35	0.00602	0.00477	0.00546	0.00561	0.00683	0.00430	0.00419	0.00780	0.03881	0.01384	0.19661	0.18643	0.43072	0.01155	0.00553	0.00162	0.00252	0.05887	0.00444	0.00409
36	0.01037	0.00698	0.00808	0.00718	0.00918	0.00720	0.00558	0.04244	0.26240	0.12192	0.31251	0.02479	0.07399	0.00757	0.00486	0.00145	0.00296	0.00644	0.07831	0.00580
37	0.00977	0.17329	0.67024	0.01213	0.01839	0.01203	0.01530	0.01439	0.00963	0.01386	0.00790	0.00927	0.00583	0.00428	0.00410	0.00137	0.00644	0.00322	0.00194	0.00662
38	0.01110	0.00801	0.00892	0.00793	0.01028	0.00855	0.00618	0.01906	0.45105	0.13286	0.13512	0.02361	0.14275	0.00745	0.00489	0.00152	0.00326	0.00626	0.00481	0.00639
39	0.00568	0.00405	0.00537	0.00641	0.00669	0.00380	0.00430	0.00649	0.00877	0.01169	0.02493	0.78826	0.02982	0.04044	0.00643	0.00195	0.00276	0.03424	0.00421	0.00371
40	0.00572	0.00412	0.00542	0.00624	0.00667	0.00382	0.00425	0.00674	0.00947	0.01274	0.14216	0.68944	0.05908	0.01355	0.00578	0.00179	0.00258	0.01223	0.00438	0.00382
41	0.00987	0.00960	0.01407	0.01189	0.01246	0.01274	0.06631	0.03791	0.00786	0.01188	0.00730	0.01135	0.00691	0.01130	0.12542	0.00270	0.62892	0.00425	0.00218	0.00508
42	0.00641	0.00469	0.00603	0.00577	0.00687	0.00431	0.00434	0.00847	0.01263	0.01764	0.70602	0.05278	0.10614	0.00977	0.00545	0.00148	0.00225	0.02973	0.00495	0.00428
43	0.01260	0.01336	0.01585	0.03201	0.30547	0.21510	0.07179	0.04804	0.01109	0.01414	0.00805	0.01027	0.00671	0.00463	0.00548	0.00131	0.09426	0.00371	0.00243	0.12369
44	0.01287	0.01461	0.01358	0.01375	0.12594	0.34943	0.00966	0.01422	0.01003	0.01161	0.00749	0.01051	0.00679	0.02581	0.06876	0.00202	0.29161	0.00371	0.00225	0.00535
45	0.87108	0.00888	0.00675	0.00604	0.00888	0.01030	0.00497	0.01350	0.00781	0.02060	0.00639	0.00746	0.00497	0.00426	0.00284	0.00142	0.00355	0.00249	0.00284	0.00497
46	0.00999	0.00868	0.01094	0.04123	0.03191	0.00780	0.02382	0.05837	0.00995	0.01511	0.00829	0.01017	0.00693	0.00514	0.03292	0.00116	0.08838	0.00316	0.00270	0.62331
47	0.03157	0.11690	0.17727	0.18618	0.06340	0.03102	0.02266	0.07217	0.01100	0.09943	0.02510	0.01485	0.07608	0.00544	0.00451	0.00140	0.01449	0.01908	0.00293	0.02452
48	0.00552	0.00466	0.00479	0.00484	0.00634	0.00393	0.00366	0.00673	0.01049	0.01257	0.06159	0.05937	0.74915	0.01167	0.00547	0.00157	0.00240	0.03707	0.00428	0.00390
49	0.00550	0.00465	0.00475	0.00473	0.00625	0.00391	0.00355	0.00673	0.01064	0.01281	0.09798	0.04351	0.75643	0.01148	0.00543	0.00154	0.00231	0.00960	0.00432	0.00391
50	0.00992	0.00569	0.00584	0.00535	0.00684	0.00594	0.00413	0.12261	0.03861	0.01887	0.01454	0.01625	0.01128	0.00540	0.00346	0.00113	0.00260	0.00429	0.71236	0.00488
51	0.01052	0.00552	0.00809	0.13173	0.01110	0.00569	0.00590	0.01064	0.03313	0.15657	0.01050	0.01424	0.00867	0.01157	0.01241	0.51164	0.00421	0.00417	0.03991	0.00380
52	0.00588	0.00467	0.00531	0.00549	0.00665	0.00419	0.00398	0.00755	0.03880	0.01357	0.17956	0.25133	0.43307	0.01175	0.00551	0.00161	0.00243	0.01017	0.00442	0.00404
53	0.00662	0.00469	0.00611	0.00582	0.00690	0.00432	0.00434	0.00866	0.01266	0.02952	0.72566	0.08713	0.06079	0.00972	0.00543	0.00147	0.00223	0.00860	0.00499	0.00433
54	0.02018	0.00773	0.01049	0.00807	0.01157	0.00667	0.00666	0.02194	0.01307	0.79117	0.01889	0.01641	0.03328	0.00585	0.00464	0.00142	0.00386	0.00476	0.00564	0.00770
55	0.01715	0.02188	0.01301	0.01183	0.01419	0.82022	0.00887	0.01833	0.01301	0.01124	0.00710	0.00828	0.00591	0.00473	0.00414	0.00118	0.00828	0.00296	0.00237	0.00532
56	0.00965	0.00771	0.00873	0.00794	0.00931	0.06856	0.04799	0.12770	0.01086	0.03091	0.01747	0.06277	0.06226	0.33787	0.01250	0.00277	0.00476	0.16232	0.00350	0.00442
57	0.00952	0.00816	0.00952	0.00680	0.01088	0.00612	0.00544	0.01156	0.00952	0.01496	0.00816	0.00952	0.00680	0.00340	0.00340	0.00068	0.00340	0.00272	0.00272	0.86672
58	0.01227	0.84142	0.02406	0.00786	0.01178	0.01817	0.00786	0.01375	0.00933	0.01080	0.00638	0.00736	0.00589	0.00393	0.00295	0.00098	0.00491	0.00245	0.00196	0.00589
59	0.01154	0.00772	0.00822	0.00710	0.00917	0.00836	0.00564	0.25284	0.12112	0.02085	0.03952	0.01659	0.01218	0.00643	0.02145	0.00140	0.00350	0.02184	0.41877	0.00576
60	0.00651	0.00450	0.00560	0.00572	0.00596	0.00465	0.00365	0.00702	0.00721	0.00982	0.03061	0.12643	0.01772	0.54212	0.19855	0.00473	0.00594	0.00710	0.00294	0.00322
61	0.01071	0.00940	0.01376	0.32451	0.09761	0.05323	0.07767	0.10903	0.01103	0.03613	0.01068	0.04819	0.00928	0.01590	0.01883	0.06432	0.02663	0.05489	0.00276	0.00545
62	0.00988	0.20337	0.64114	0.01194	0.01809	0.01231	0.01496	0.01437	0.00961	0.01372	0.00783	0.00918	0.00583	0.00427	0.00405	0.00135	0.00637	0.00319	0.00194	0.00659
63	0.00644	0.00468	0.00606	0.00574	0.00683	0.00430	0.00430	0.00854	0.01283	0.01806	0.76482	0.04730	0.07372	0.00955	0.00542	0.00145	0.00218	0.00843	0.00501	0.00430
64	0.01028	0.00527	0.00618	0.00560	0.00718	0.00505	0.00432	0.01286	0.04695	0.15920	0.22579	0.02140	0.02016	0.00652	0.00411	0.00125	0.00253	0.00545	0.44484	0.00506
65	0.02258	0.02366	0.11412	0.01102	0.07391	0.01079	0.00898	0.11798	0.38197	0.13143	0.01622	0.01548	0.03950	0.00580	0.00459	0.00148	0.00436	0.00475	0.00420	0.00718
66	0.01339	0.01000	0.01259	0.01036	0.01218	0.03400	0.03016	0.21926	0.01214	0.14541	0.01052	0.01318	0.00854	0.05921	0.08660	0.00237	0.30626	0.00440	0.00339	0.00603
67	0.00568	0.00412	0.00537	0.00620	0.00665	0.00381	0.00421	0.00666	0.00937	0.01250	0.11246	0.68982	0.08893	0.01363	0.00578	0.00180	0.00258	0.01228	0.00435	0.00381
68	0.00562	0.00463	0.00494	0.00492	0.00634	0.00395	0.00367	0.00695	0.01085	0.01344	0.18096	0.07410	0.64106	0.01134	0.00544	0.00154	0.00231	0.00958	0.00440	0.00395
69	0.02555	0.00892	0.01203	0.00966	0.01253	0.04059	0.11260	0.12436	0.05206	0.30041	0.08927	0.09526	0.04090	0.01810	0.00521	0.00154	0.00443	0.03564	0.00453	0.00640
70	0.01635	0.01983	0.01339	0.02731	0.07486	0.66821	0.00926	0.06071	0.04445	0.01282	0.00791	0.00908	0.00645	0.00478	0.00422	0.00123	0.00767	0.00322	0.00257	0.00568
71	0.38695	0.04148	0.00854	0.00677	0.00947	0.00917	0.00556	0.10011	0.02582	0.16103	0.01100	0.01163	0.00810	0.00591	0.03162	0.00154	0.00388	0.00351	0.16220	0.00571
72	0.01039	0.33805	0.51089	0.01107	0.01676	0.01355	0.01346	0.01423	0.00955	0.01310	0.00753	0.00880	0.00584	0.00419	0.00382	0.00127	0.00606	0.00303	0.00195	0.00644

[dist]
# distance from previous block
# <min> <max>
4	8

[block]
# block no. 5 follows, 56 sequences, length 43
# corresponding to MSA columns:
# 306-348
name=unknown_F
#
# <colnr> <probs for GDERKNQSTAVLIFYWHMCP>
#	G	D	E	R	K	N	Q	S	T	A	V	L	I	F	Y	W	H	M	C	P
0	0.60770	0.00957	0.00815	0.00697	0.00983	0.02602	0.00570	0.17415	0.01098	0.02188	0.02661	0.00941	0.00687	0.00471	0.00331	0.00139	0.00383	0.00308	0.05434	0.00551
1	0.20611	0.00955	0.01352	0.20799	0.31787	0.01044	0.01059	0.03724	0.06381	0.05388	0.02164	0.01162	0.00771	0.00459	0.00420	0.00143	0.00492	0.00389	0.00278	0.00624
2	0.00633	0.00543	0.00687	0.00647	0.00777	0.00522	0.04105	0.00789	0.02472	0.01320	0.13777	0.17690	0.45496	0.01107	0.00626	0.00163	0.06886	0.00936	0.00410	0.00417
3	0.00908	0.00857	0.01450	0.70716	0.14891	0.01031	0.01295	0.01209	0.00937	0.01222	0.00823	0.01211	0.00629	0.00451	0.00458	0.00150	0.00602	0.00408	0.00208	0.00543
4	0.04507	0.00712	0.00829	0.00780	0.00971	0.02877	0.00604	0.02961	0.16430	0.21705	0.02143	0.27661	0.05094	0.00947	0.00516	0.00166	0.00357	0.09712	0.00460	0.00568
5	0.01274	0.01172	0.05021	0.04789	0.17212	0.06287	0.21898	0.10260	0.05992	0.10679	0.02994	0.01525	0.00994	0.00532	0.00513	0.00149	0.02374	0.05355	0.00324	0.00656
6	0.01437	0.00779	0.00950	0.00824	0.01080	0.00781	0.00644	0.01994	0.29301	0.37225	0.01974	0.17812	0.01606	0.00760	0.00488	0.00156	0.00356	0.00649	0.00504	0.00681
7	0.00563	0.00413	0.00530	0.00621	0.00668	0.00380	0.00425	0.00652	0.00909	0.01188	0.02834	0.69607	0.14273	0.01393	0.00581	0.00183	0.00266	0.03712	0.00426	0.00377
8	0.01180	0.00933	0.01059	0.03883	0.01244	0.04315	0.02351	0.17253	0.28119	0.05657	0.04862	0.04620	0.01609	0.00857	0.03213	0.00181	0.00462	0.17147	0.00430	0.00625
9	0.03164	0.00757	0.03557	0.00874	0.02782	0.00717	0.00713	0.05586	0.12995	0.20215	0.02088	0.14398	0.04421	0.00925	0.00531	0.00172	0.00392	0.24682	0.00451	0.00580
10	0.00559	0.00400	0.00533	0.00639	0.00666	0.00373	0.00426	0.00639	0.00879	0.01172	0.02530	0.83566	0.03036	0.01438	0.00586	0.00186	0.00266	0.01305	0.00426	0.00373
11	0.01083	0.00693	0.00668	0.00595	0.00763	0.04660	0.00463	0.17362	0.01227	0.01928	0.01377	0.01542	0.01066	0.00535	0.00354	0.00114	0.00305	0.00418	0.64342	0.00506
12	0.01148	0.11111	0.26404	0.09504	0.10586	0.03271	0.20506	0.01504	0.01039	0.09252	0.00926	0.01106	0.00684	0.00432	0.00452	0.00141	0.00635	0.00403	0.00246	0.00649
13	0.00921	0.00571	0.00753	0.00779	0.00935	0.00547	0.00661	0.01149	0.03728	0.13523	0.04571	0.04354	0.14535	0.01116	0.00586	0.00189	0.00381	0.49770	0.00449	0.00482
14	0.01425	0.01647	0.01056	0.00974	0.01164	0.56720	0.00728	0.01560	0.01166	0.01222	0.00932	0.01168	0.00793	0.04504	0.06370	0.00176	0.00721	0.00352	0.16828	0.00492
15	0.00952	0.00816	0.00952	0.00680	0.01088	0.00612	0.00544	0.01156	0.00952	0.01496	0.00816	0.00952	0.00680	0.00340	0.00340	0.00068	0.00340	0.00272	0.00272	0.86672
16	0.01368	0.00984	0.01137	0.01698	0.01210	0.01070	0.00750	0.39772	0.04327	0.08317	0.03422	0.04734	0.02926	0.00957	0.10136	0.00211	0.06708	0.00479	0.02270	0.07524
17	0.05712	0.01029	0.03290	0.02446	0.01865	0.00952	0.52264	0.01254	0.01044	0.01439	0.01709	0.06543	0.15421	0.00610	0.00529	0.00157	0.00613	0.02286	0.00284	0.00552
18	0.04345	0.00859	0.01092	0.00844	0.01191	0.00803	0.00694	0.14006	0.02732	0.64349	0.01664	0.01498	0.01078	0.02048	0.00490	0.00147	0.00408	0.00453	0.00537	0.00763
19	0.00884	0.00509	0.00674	0.00691	0.00784	0.00486	0.00491	0.01007	0.02751	0.16728	0.02253	0.58607	0.02475	0.05868	0.00687	0.00192	0.02955	0.01059	0.00439	0.00459
20	0.01642	0.00928	0.01099	0.00875	0.01198	0.00931	0.00712	0.25127	0.11954	0.35304	0.03986	0.03541	0.03761	0.00621	0.00467	0.00142	0.00406	0.01837	0.00495	0.04973
21	0.00800	0.00702	0.00712	0.00671	0.00829	0.07080	0.00512	0.01181	0.15637	0.01629	0.37868	0.03219	0.23014	0.00912	0.00521	0.00149	0.00303	0.03323	0.00454	0.00483
22	0.00878	0.00827	0.01396	0.79639	0.06202	0.01023	0.01280	0.01182	0.00923	0.01186	0.00818	0.01221	0.00616	0.00457	0.00459	0.00152	0.00609	0.00408	0.00205	0.00518
23	0.04915	0.00969	0.01155	0.00898	0.01248	0.00971	0.00738	0.28171	0.06970	0.46722	0.01535	0.01389	0.01012	0.00561	0.00455	0.00142	0.00426	0.00442	0.00515	0.00767
24	0.00967	0.00912	0.01529	0.02094	0.51650	0.00893	0.06662	0.01203	0.01032	0.01420	0.01676	0.10093	0.13111	0.00663	0.00495	0.00149	0.00481	0.04064	0.00286	0.00619
25	0.01117	0.00505	0.00566	0.00512	0.00673	0.00481	0.00398	0.01323	0.01039	0.18976	0.01566	0.01679	0.01168	0.00542	0.00351	0.00115	0.00252	0.00435	0.67797	0.00505
26	0.00819	0.00508	0.00659	0.00599	0.00742	0.00460	0.00457	0.01023	0.01282	0.11775	0.64987	0.03271	0.09819	0.00909	0.00532	0.00145	0.00240	0.00795	0.00507	0.00473
27	0.01087	0.06971	0.54177	0.01247	0.01815	0.01165	0.06506	0.14388	0.03375	0.01671	0.00909	0.01063	0.00671	0.02394	0.00483	0.00149	0.00630	0.00372	0.00250	0.00678
28	0.00923	0.00523	0.00676	0.00683	0.00810	0.00483	0.00507	0.01079	0.03634	0.18597	0.02558	0.43656	0.11629	0.03766	0.00610	0.00183	0.00313	0.08441	0.00453	0.00477
29	0.01046	0.00688	0.00785	0.00797	0.06044	0.02326	0.00574	0.16013	0.01225	0.03929	0.04196	0.09782	0.01491	0.00704	0.00426	0.00135	0.00334	0.08405	0.40579	0.00520
30	0.00975	0.00891	0.01478	0.57285	0.22643	0.01035	0.01272	0.01310	0.04236	0.03198	0.00895	0.01230	0.00686	0.00456	0.00458	0.00149	0.00580	0.00414	0.00229	0.00580
31	0.03722	0.00501	0.00668	0.00745	0.00838	0.00494	0.00607	0.00877	0.01044	0.01426	0.15105	0.23327	0.02934	0.01225	0.00595	0.00192	0.00350	0.44502	0.00432	0.00415
32	0.00952	0.00816	0.00952	0.00680	0.01088	0.00612	0.00544	0.01156	0.00952	0.01496	0.00816	0.00952	0.00680	0.00340	0.00340	0.00068	0.00340	0.00272	0.00272	0.86672
33	0.03679	0.00970	0.01152	0.00890	0.01236	0.00974	0.00733	0.33486	0.01627	0.43791	0.01483	0.01366	0.00981	0.00557	0.00450	0.00139	0.00427	0.00436	0.04867	0.00757
34	0.00581	0.00409	0.00526	0.00612	0.00633	0.00387	0.00397	0.00645	0.00837	0.01116	0.02316	0.67655	0.02766	0.17718	0.00932	0.00238	0.00302	0.01179	0.00397	0.00354
35	0.01268	0.00658	0.00855	0.00775	0.00997	0.00619	0.00639	0.01560	0.08610	0.32930	0.12408	0.03139	0.09046	0.00881	0.00531	0.00165	0.00361	0.23473	0.00495	0.00591
36	0.00552	0.00447	0.00491	0.00519	0.00636	0.00386	0.00374	0.00663	0.01011	0.01249	0.07566	0.26540	0.55505	0.01230	0.00555	0.00163	0.00241	0.01057	0.00430	0.00386
37	0.01250	0.01210	0.01301	0.01512	0.24806	0.17165	0.00937	0.06385	0.26398	0.02876	0.01329	0.06140	0.01119	0.02067	0.00493	0.00148	0.00513	0.01953	0.01745	0.00653
38	0.00559	0.00400	0.00533	0.00639	0.00666	0.00373	0.00426	0.00639	0.00879	0.01172	0.02530	0.83566	0.03036	0.01438	0.00586	0.00186	0.00266	0.01305	0.00426	0.00373
39	0.01436	0.01060	0.01134	0.00930	0.01228	0.01180	0.00749	0.40011	0.29868	0.05167	0.01448	0.01408	0.01062	0.00575	0.00446	0.00141	0.00416	0.00455	0.10567	0.00720
40	0.00567	0.00405	0.00541	0.00648	0.00678	0.00379	0.00439	0.00652	0.00886	0.01180	0.02526	0.80325	0.03020	0.01431	0.00588	0.00187	0.00273	0.04472	0.00426	0.00375
41	0.04358	0.16736	0.23409	0.01494	0.19918	0.01243	0.05638	0.04952	0.14936	0.01563	0.00993	0.01108	0.00773	0.00456	0.00421	0.00136	0.00544	0.00381	0.00267	0.00676
42	0.02167	0.09172	0.02862	0.03578	0.01230	0.05056	0.02286	0.05621	0.00864	0.01228	0.00790	0.01171	0.00733	0.03253	0.14333	0.00272	0.43351	0.00403	0.01117	0.00512

[dist]
