[name]
unknown

[dist]
# distance from previous block
# <min> <max>
4	1671

[block]
# block no. 0 follows, 58 sequences, length 8
# corresponding to MSA columns:
# 1686-1693
name=unknown_A
#
# <colnr> <probs for GDERKNQSTAVLIFYWHMCP>
#	G	D	E	R	K	N	Q	S	T	A	V	L	I	F	Y	W	H	M	C	P
0	0.05005	0.00547	0.00653	0.00697	0.04159	0.00544	0.00470	0.01013	0.09853	0.05495	0.09975	0.29604	0.11980	0.13091	0.00758	0.00197	0.00306	0.00840	0.04371	0.00440
1	0.00787	0.00563	0.00650	0.05123	0.00846	0.02957	0.00474	0.02537	0.02969	0.08232	0.17403	0.18708	0.24795	0.09001	0.00681	0.00179	0.00309	0.00827	0.02524	0.00433
2	0.08724	0.00727	0.00799	0.00732	0.00866	0.05196	0.00566	0.04822	0.04013	0.06572	0.15910	0.11324	0.10740	0.06251	0.04752	0.00200	0.12174	0.02016	0.03148	0.00468
3	0.07590	0.00639	0.00758	0.03456	0.00928	0.02097	0.00540	0.04863	0.02408	0.16196	0.14765	0.18897	0.09535	0.03352	0.04556	0.00184	0.00371	0.03208	0.00413	0.05244
4	0.04894	0.00649	0.03382	0.00658	0.00781	0.05005	0.00497	0.03030	0.02475	0.04759	0.14557	0.30107	0.10762	0.09607	0.04683	0.02140	0.00375	0.00835	0.00383	0.00421
5	0.06570	0.00584	0.00665	0.00626	0.00766	0.00587	0.00467	0.04754	0.09834	0.05536	0.26054	0.10553	0.13780	0.13229	0.00762	0.00193	0.00305	0.03859	0.00421	0.00456
6	0.00717	0.00523	0.00676	0.00677	0.02683	0.00528	0.00484	0.02833	0.00922	0.03627	0.12554	0.14754	0.13733	0.12312	0.21558	0.00330	0.03252	0.00715	0.03020	0.04103
7	0.02488	0.01014	0.12680	0.16715	0.14489	0.00874	0.08755	0.04640	0.04592	0.01428	0.08523	0.08629	0.02732	0.05763	0.03115	0.00183	0.00525	0.02021	0.00286	0.00547

[dist]
# distance from previous block
# <min> <max>
5	17

[block]
# block no. 1 follows, 58 sequences, length 54
# corresponding to MSA columns:
# 1711-1764
name=unknown_B
#
# <colnr> <probs for GDERKNQSTAVLIFYWHMCP>
#	G	D	E	R	K	N	Q	S	T	A	V	L	I	F	Y	W	H	M	C	P
0	0.03767	0.03746	0.02833	0.07276	0.14211	0.04933	0.05989	0.05171	0.01039	0.06430	0.05236	0.09260	0.06960	0.00852	0.07876	0.00184	0.00517	0.00523	0.00306	0.12893
1	0.07248	0.00976	0.01511	0.11677	0.41748	0.02734	0.06621	0.02848	0.07560	0.01492	0.03823	0.02360	0.00937	0.02168	0.03289	0.00165	0.00537	0.01425	0.00263	0.00620
2	0.01433	0.13066	0.01447	0.01023	0.02333	0.10733	0.05994	0.35343	0.08121	0.06015	0.01253	0.04236	0.03661	0.00572	0.00438	0.00134	0.00508	0.02668	0.00371	0.00653
3	0.00589	0.00458	0.00571	0.04916	0.00777	0.00422	0.00437	0.00716	0.00979	0.01286	0.17736	0.35586	0.25969	0.03788	0.00590	0.00167	0.00266	0.00988	0.00409	0.03349
4	0.01098	0.05455	0.06817	0.11781	0.22603	0.08874	0.02592	0.02467	0.03237	0.07869	0.10509	0.05051	0.01240	0.00621	0.02248	0.00152	0.04711	0.00473	0.01616	0.00585
5	0.39138	0.03840	0.06609	0.00956	0.06034	0.23492	0.00749	0.07252	0.01027	0.01654	0.00741	0.00926	0.00611	0.04752	0.00448	0.00146	0.00525	0.00303	0.00264	0.00532
6	0.01032	0.00978	0.01629	0.20085	0.57612	0.01028	0.01279	0.01352	0.05190	0.01404	0.00935	0.03800	0.00791	0.00452	0.00449	0.00139	0.00527	0.00432	0.00235	0.00651
7	0.03972	0.01032	0.01296	0.01121	0.01149	0.07320	0.00922	0.01118	0.00730	0.01102	0.00635	0.01036	0.00627	0.03466	0.03103	0.00207	0.70088	0.00389	0.00204	0.00482
8	0.00684	0.00481	0.00628	0.00589	0.00698	0.00456	0.00444	0.00879	0.01216	0.04551	0.68498	0.07497	0.07146	0.00932	0.00557	0.00145	0.02877	0.00813	0.00478	0.00431
9	0.00637	0.00476	0.00631	0.00585	0.00699	0.00438	0.02935	0.00825	0.01173	0.01634	0.59926	0.06003	0.13638	0.05330	0.00616	0.00158	0.00244	0.00813	0.02827	0.00412
10	0.00642	0.00497	0.00571	0.00537	0.00677	0.00453	0.00407	0.04928	0.01197	0.01580	0.41887	0.03663	0.39340	0.00995	0.00524	0.00145	0.00233	0.00849	0.00455	0.00420
11	0.01070	0.00924	0.00971	0.00877	0.01122	0.01059	0.00681	0.02250	0.74863	0.01823	0.02019	0.01861	0.07203	0.00645	0.00461	0.00152	0.00345	0.00538	0.00452	0.00684
12	0.87439	0.00865	0.00657	0.00588	0.00865	0.01003	0.00484	0.01315	0.00761	0.02007	0.00623	0.00727	0.00484	0.00415	0.00277	0.00138	0.00346	0.00242	0.00277	0.00484
13	0.87439	0.00865	0.00657	0.00588	0.00865	0.01003	0.00484	0.01315	0.00761	0.02007	0.00623	0.00727	0.00484	0.00415	0.00277	0.00138	0.00346	0.00242	0.00277	0.00484
14	0.01700	0.01253	0.01342	0.01029	0.01387	0.01387	0.00850	0.79997	0.02103	0.02819	0.01074	0.01074	0.00761	0.00537	0.00447	0.00134	0.00492	0.00403	0.00447	0.00761
15	0.01628	0.01222	0.01370	0.04753	0.06082	0.01351	0.00898	0.71985	0.01987	0.02667	0.01048	0.01081	0.00750	0.00525	0.00447	0.00135	0.00499	0.00402	0.00423	0.00746
16	0.87439	0.00865	0.00657	0.00588	0.00865	0.01003	0.00484	0.01315	0.00761	0.02007	0.00623	0.00727	0.00484	0.00415	0.00277	0.00138	0.00346	0.00242	0.00277	0.00484
17	0.00529	0.00453	0.00453	0.00453	0.00604	0.00378	0.00340	0.00642	0.01020	0.01208	0.04532	0.04305	0.81307	0.01133	0.00529	0.00151	0.00227	0.00944	0.00415	0.00378
18	0.87439	0.00865	0.00657	0.00588	0.00865	0.01003	0.00484	0.01315	0.00761	0.02007	0.00623	0.00727	0.00484	0.00415	0.00277	0.00138	0.00346	0.00242	0.00277	0.00484
19	0.00958	0.00884	0.01472	0.03899	0.58898	0.00881	0.01122	0.01178	0.00982	0.01385	0.02837	0.20955	0.01314	0.00650	0.00475	0.00145	0.00461	0.00615	0.00273	0.00616
20	0.02776	0.00783	0.03731	0.02126	0.00983	0.00769	0.00611	0.19167	0.01223	0.18625	0.01277	0.01390	0.00946	0.00643	0.00578	0.09088	0.04094	0.00410	0.30220	0.00559
21	0.00836	0.00514	0.00654	0.00621	0.00747	0.00481	0.00461	0.02262	0.03745	0.12744	0.36702	0.20153	0.08416	0.06877	0.00648	0.00172	0.00276	0.02775	0.00460	0.00458
22	0.04351	0.00764	0.01028	0.00790	0.01134	0.00667	0.00653	0.02156	0.01266	0.79609	0.01733	0.01501	0.01090	0.00550	0.00445	0.00138	0.00380	0.00444	0.00546	0.00754
23	0.00676	0.00578	0.04902	0.00612	0.02455	0.00456	0.00485	0.00837	0.01050	0.05512	0.15283	0.10434	0.45947	0.01021	0.00517	0.00152	0.00273	0.04724	0.03659	0.00428
24	0.00874	0.02431	0.33132	0.01023	0.01359	0.00880	0.04316	0.03288	0.04495	0.04097	0.01537	0.21719	0.06946	0.00774	0.00604	0.00159	0.10887	0.00634	0.00294	0.00551
25	0.03161	0.00645	0.00818	0.00669	0.00922	0.00585	0.00538	0.02864	0.01166	0.49765	0.04438	0.04534	0.01276	0.00584	0.00413	0.00130	0.00320	0.00477	0.26067	0.00628
26	0.01661	0.00683	0.00921	0.00737	0.01019	0.00596	0.00594	0.01833	0.01246	0.61868	0.15757	0.04847	0.03258	0.02229	0.00504	0.00146	0.00345	0.00555	0.00530	0.00671
27	0.01005	0.00945	0.01648	0.22866	0.40650	0.00987	0.10810	0.01300	0.02585	0.02762	0.01032	0.04125	0.00899	0.00506	0.00471	0.00146	0.00552	0.05855	0.00246	0.00611
28	0.00909	0.00954	0.06532	0.23736	0.21399	0.03666	0.05416	0.02502	0.00949	0.01284	0.01210	0.18639	0.02233	0.00669	0.00550	0.00153	0.06777	0.00589	0.01292	0.00539
29	0.82915	0.00886	0.00694	0.00612	0.00893	0.01024	0.00504	0.05467	0.00832	0.02050	0.00647	0.00745	0.00499	0.00422	0.00286	0.00138	0.00354	0.00251	0.00286	0.00499
30	0.02007	0.00761	0.01038	0.00796	0.01142	0.00657	0.00657	0.02180	0.01280	0.81799	0.01765	0.01523	0.01107	0.00554	0.00450	0.00138	0.00381	0.00450	0.00554	0.00761
31	0.01298	0.07362	0.01398	0.01130	0.01264	0.32960	0.00913	0.05137	0.00995	0.01165	0.00653	0.00898	0.00590	0.00618	0.00921	0.00154	0.41462	0.00341	0.00221	0.00520
32	0.00629	0.00457	0.00593	0.00559	0.00666	0.00420	0.00419	0.00837	0.01257	0.01772	0.78452	0.03377	0.07035	0.00922	0.00528	0.00141	0.00212	0.00814	0.00490	0.00420
33	0.01094	0.00938	0.00991	0.00891	0.01138	0.01078	0.00693	0.03590	0.74945	0.01870	0.04585	0.01772	0.03158	0.00627	0.00459	0.00151	0.00349	0.00524	0.00455	0.00692
34	0.00550	0.00452	0.00485	0.00489	0.00626	0.00387	0.00367	0.00677	0.01043	0.01286	0.14352	0.08416	0.64453	0.01122	0.00534	0.00153	0.00233	0.03565	0.00425	0.00384
35	0.00591	0.00459	0.00501	0.00494	0.00634	0.00393	0.00369	0.00722	0.01062	0.03584	0.18574	0.09127	0.59733	0.01093	0.00529	0.00151	0.00230	0.00926	0.00434	0.00396
36	0.13000	0.00788	0.00998	0.00776	0.01113	0.00723	0.00641	0.04261	0.01237	0.69298	0.01598	0.01407	0.01017	0.00535	0.00427	0.00138	0.00379	0.00422	0.00515	0.00726
37	0.00845	0.00795	0.01342	0.83204	0.03081	0.00994	0.01242	0.01143	0.00894	0.01143	0.00795	0.01193	0.00596	0.00447	0.00447	0.00149	0.00596	0.00398	0.00199	0.00497
38	0.01410	0.44668	0.01818	0.00943	0.01255	0.36996	0.00809	0.03008	0.03335	0.01126	0.00694	0.00790	0.00601	0.00426	0.00346	0.00107	0.00619	0.00271	0.00221	0.00557
39	0.00801	0.01085	0.22427	0.06052	0.02687	0.02536	0.05294	0.01130	0.04645	0.02978	0.24283	0.09394	0.11001	0.01626	0.00510	0.00151	0.00426	0.02113	0.00348	0.00515
40	0.02360	0.08884	0.22727	0.02641	0.23305	0.04770	0.12319	0.05990	0.02618	0.01467	0.02080	0.01232	0.04826	0.00496	0.01281	0.00142	0.01573	0.00414	0.00243	0.00631
41	0.01004	0.00981	0.01465	0.21670	0.41344	0.07267	0.02472	0.01246	0.01000	0.01318	0.01164	0.06411	0.03933	0.00563	0.00466	0.00145	0.00536	0.06178	0.00249	0.00587
42	0.00551	0.00394	0.00526	0.00630	0.00658	0.00368	0.00426	0.00633	0.00862	0.01149	0.02462	0.81318	0.02946	0.01396	0.00573	0.00182	0.00265	0.03882	0.00415	0.00365
43	0.01035	0.02780	0.33812	0.04161	0.12568	0.02579	0.07541	0.12767	0.04033	0.01602	0.02566	0.06730	0.04742	0.00548	0.00455	0.00143	0.00558	0.00473	0.00276	0.00632
44	0.09992	0.02597	0.07324	0.03919	0.11041	0.05476	0.06151	0.11423	0.02296	0.13813	0.06913	0.12864	0.01335	0.00643	0.00455	0.00144	0.00461	0.02202	0.00357	0.00595
45	0.01900	0.00764	0.01022	0.00794	0.01125	0.00679	0.00652	0.03646	0.04492	0.73240	0.05525	0.01606	0.01259	0.00573	0.00454	0.00139	0.00374	0.00468	0.00545	0.00743
46	0.00804	0.00771	0.04998	0.11224	0.17093	0.00717	0.07491	0.01062	0.02185	0.01481	0.26809	0.09340	0.05416	0.00816	0.03556	0.00166	0.00435	0.01718	0.03407	0.00510
47	0.02357	0.08726	0.16194	0.04961	0.13888	0.16094	0.06410	0.08431	0.02600	0.09570	0.00940	0.01112	0.00729	0.03359	0.01522	0.00149	0.01687	0.00376	0.00274	0.00622
48	0.00884	0.08866	0.52646	0.02857	0.05886	0.00997	0.03936	0.01280	0.00943	0.01356	0.03963	0.09516	0.00977	0.00635	0.03212	0.00161	0.00601	0.00453	0.00228	0.00603
49	0.00558	0.00451	0.00501	0.00529	0.00653	0.00394	0.00401	0.00680	0.01003	0.01233	0.06423	0.17037	0.56764	0.01181	0.00546	0.00162	0.00254	0.10434	0.00417	0.00381
50	0.02262	0.01097	0.18403	0.02426	0.18622	0.00832	0.00956	0.08040	0.06699	0.02906	0.04064	0.15186	0.14194	0.00740	0.00477	0.00149	0.00435	0.01604	0.00330	0.00576
51	0.04821	0.02259	0.11659	0.06947	0.14411	0.03779	0.10984	0.05748	0.06706	0.02711	0.08155	0.10213	0.01297	0.00625	0.00534	0.00150	0.05940	0.02184	0.00300	0.00578
52	0.01239	0.02490	0.01063	0.02037	0.02349	0.03670	0.04230	0.05054	0.01081	0.25901	0.06744	0.01879	0.12019	0.02431	0.06020	0.00191	0.15378	0.00523	0.05138	0.00563
53	0.00941	0.00625	0.00870	0.22955	0.09485	0.00672	0.00706	0.02828	0.00988	0.06467	0.02601	0.01582	0.03837	0.00519	0.00384	0.00124	0.00363	0.00436	0.43121	0.00495

[dist]
# distance from previous block
# <min> <max>
3	6

[block]
# block no. 2 follows, 58 sequences, length 11
# corresponding to MSA columns:
# 1772-1777,1829-1833
name=unknown_C
#
# <colnr> <probs for GDERKNQSTAVLIFYWHMCP>
#	G	D	E	R	K	N	Q	S	T	A	V	L	I	F	Y	W	H	M	C	P
0	0.01020	0.01147	0.02474	0.05389	0.02284	0.01086	0.72349	0.01379	0.01039	0.01405	0.00980	0.05442	0.00792	0.00433	0.00527	0.00152	0.00722	0.00560	0.00235	0.00586
1	0.00945	0.00937	0.04148	0.17988	0.33631	0.02332	0.08001	0.02837	0.00990	0.01331	0.01361	0.04096	0.09591	0.04260	0.00584	0.02477	0.00519	0.03151	0.00256	0.00565
2	0.00600	0.00477	0.00540	0.00527	0.00641	0.00441	0.00385	0.00758	0.03258	0.01347	0.25517	0.07467	0.42734	0.10346	0.00747	0.00182	0.02362	0.00862	0.00416	0.00390
3	0.01084	0.04843	0.28137	0.03817	0.06745	0.05385	0.23058	0.05509	0.07301	0.03115	0.00938	0.01137	0.00715	0.02212	0.00534	0.00149	0.04031	0.00415	0.00247	0.00628
4	0.04224	0.00673	0.00885	0.00897	0.07720	0.00733	0.00639	0.08740	0.04000	0.09086	0.01387	0.01701	0.05002	0.04742	0.35533	0.00396	0.03893	0.00474	0.08767	0.00510
5	0.00766	0.00543	0.00738	0.10487	0.02952	0.00544	0.00566	0.02652	0.02474	0.07124	0.25368	0.23460	0.11084	0.03886	0.05128	0.00195	0.00362	0.00820	0.00404	0.00448
6	0.01535	0.01074	0.01172	0.00914	0.01231	0.01157	0.00748	0.59646	0.01849	0.07748	0.06800	0.01371	0.02802	0.00570	0.00442	0.00131	0.00434	0.00443	0.06763	0.03170
7	0.00581	0.00411	0.00533	0.00602	0.00654	0.00383	0.00420	0.00696	0.00949	0.01297	0.16835	0.58769	0.06460	0.01251	0.00550	0.00170	0.00252	0.04036	0.04771	0.00379
8	0.01221	0.80192	0.02287	0.00786	0.01161	0.06036	0.00771	0.01363	0.00928	0.01055	0.00626	0.00722	0.00574	0.00387	0.00293	0.00097	0.00496	0.00242	0.00193	0.00571
9	0.00613	0.00469	0.00550	0.00547	0.00663	0.00432	0.00403	0.00821	0.05098	0.01485	0.35365	0.16298	0.30944	0.01041	0.00525	0.00150	0.00231	0.00903	0.03051	0.00411
10	0.18696	0.01008	0.01082	0.03966	0.01256	0.01106	0.00728	0.31187	0.17680	0.16928	0.01253	0.01213	0.00887	0.00527	0.00415	0.00140	0.00418	0.00400	0.00425	0.00685

[dist]
# distance from previous block
# <min> <max>
0	2

[block]
# block no. 3 follows, 58 sequences, length 15
# corresponding to MSA columns:
# 1836-1850
name=unknown_D
#
# <colnr> <probs for GDERKNQSTAVLIFYWHMCP>
#	G	D	E	R	K	N	Q	S	T	A	V	L	I	F	Y	W	H	M	C	P
0	0.05547	0.34572	0.01665	0.00986	0.05049	0.22145	0.00800	0.16981	0.01241	0.01487	0.00946	0.01019	0.04870	0.00475	0.00368	0.00115	0.00548	0.00329	0.00269	0.00589
1	0.00762	0.00534	0.00792	0.00808	0.04131	0.00605	0.00593	0.00898	0.00753	0.05853	0.01179	0.01719	0.01085	0.06780	0.62658	0.05172	0.04527	0.00474	0.00255	0.00420
2	0.06833	0.23452	0.29978	0.01055	0.05168	0.03365	0.01067	0.06300	0.05168	0.03535	0.00965	0.01085	0.03295	0.02123	0.00449	0.00134	0.02768	0.00346	0.00249	0.02666
3	0.01295	0.11089	0.08484	0.04984	0.03173	0.09497	0.06078	0.10821	0.08304	0.15410	0.06962	0.05983	0.01170	0.00568	0.00458	0.00135	0.02126	0.00465	0.00351	0.02646
4	0.00595	0.00456	0.00545	0.00522	0.00645	0.00406	0.00392	0.00770	0.01176	0.01579	0.53053	0.03696	0.32554	0.00995	0.00528	0.00144	0.00217	0.00859	0.00464	0.00406
5	0.01128	0.04202	0.37241	0.04307	0.10075	0.03058	0.11053	0.05625	0.02360	0.10952	0.01003	0.02948	0.00752	0.00542	0.02663	0.00156	0.00613	0.00406	0.00266	0.00651
6	0.03377	0.01199	0.07342	0.09810	0.33947	0.05804	0.02623	0.14868	0.09241	0.03638	0.00975	0.01136	0.00755	0.00468	0.00468	0.00139	0.02852	0.00398	0.00288	0.00670
7	0.05131	0.00864	0.04973	0.00859	0.05268	0.04395	0.00672	0.05590	0.06246	0.33816	0.11725	0.01755	0.03665	0.02767	0.00483	0.00142	0.00380	0.00487	0.10160	0.00622
8	0.00583	0.00417	0.00514	0.00570	0.00611	0.00393	0.00379	0.00655	0.00845	0.01111	0.05987	0.45052	0.12092	0.24306	0.01038	0.00247	0.00308	0.04167	0.00379	0.00344
9	0.03110	0.13728	0.08940	0.02433	0.06012	0.10130	0.05170	0.08130	0.03199	0.12762	0.04388	0.06234	0.01038	0.00592	0.00529	0.01717	0.06983	0.01399	0.02916	0.00589
10	0.03216	0.16205	0.30619	0.01224	0.08178	0.05981	0.05246	0.10042	0.06160	0.02991	0.00888	0.01005	0.00680	0.00495	0.02020	0.00140	0.00580	0.00348	0.00254	0.03730
11	0.00753	0.00495	0.00605	0.00601	0.00723	0.00458	0.00443	0.00893	0.02559	0.11195	0.10832	0.32834	0.30964	0.01116	0.00564	0.00161	0.02974	0.00963	0.00434	0.00434
12	0.00925	0.10638	0.62782	0.01182	0.01756	0.01083	0.03487	0.01413	0.04560	0.01391	0.00993	0.01201	0.02940	0.00476	0.00425	0.00140	0.00610	0.03143	0.00216	0.00636
13	0.04397	0.13809	0.17389	0.09203	0.10642	0.08457	0.06695	0.06894	0.01096	0.10634	0.02217	0.01097	0.00753	0.00452	0.00409	0.00130	0.00550	0.00368	0.04189	0.00617
14	0.07380	0.08873	0.18880	0.08636	0.10181	0.04672	0.03092	0.07109	0.20818	0.01606	0.02309	0.01235	0.02323	0.00493	0.00420	0.00138	0.00508	0.00399	0.00296	0.00633

[dist]
# distance from previous block
# <min> <max>
0	2

[block]
# block no. 4 follows, 58 sequences, length 54
# corresponding to MSA columns:
# 1853-1906
name=unknown_E
#
# <colnr> <probs for GDERKNQSTAVLIFYWHMCP>
#	G	D	E	R	K	N	Q	S	T	A	V	L	I	F	Y	W	H	M	C	P
0	0.73608	0.02171	0.00708	0.00617	0.00871	0.00941	0.01965	0.01240	0.00797	0.01899	0.04004	0.07883	0.00848	0.00517	0.00317	0.00142	0.00343	0.00357	0.00295	0.00475
1	0.01000	0.07449	0.01106	0.00722	0.01117	0.00737	0.02804	0.04318	0.00982	0.02711	0.00810	0.00934	0.00667	0.00348	0.00340	0.00075	0.00362	0.00279	0.00270	0.72970
2	0.00557	0.00449	0.00469	0.00469	0.00608	0.00384	0.00350	0.00685	0.01035	0.01293	0.12296	0.07017	0.65905	0.01086	0.00518	0.00149	0.00225	0.00913	0.05210	0.00384
3	0.00723	0.04358	0.00844	0.00730	0.00833	0.00642	0.03686	0.03783	0.00778	0.01085	0.01200	0.01910	0.01170	0.20098	0.55457	0.00586	0.00960	0.00504	0.00251	0.00402
4	0.00739	0.00516	0.00704	0.00788	0.00898	0.00508	0.00675	0.00944	0.02071	0.03607	0.02488	0.09932	0.07541	0.01212	0.00602	0.00198	0.00389	0.65351	0.00417	0.00420
5	0.00552	0.00392	0.00517	0.00614	0.00639	0.00368	0.00406	0.00625	0.00844	0.01125	0.02400	0.78963	0.02876	0.06539	0.00677	0.00197	0.00270	0.01233	0.00406	0.00358
6	0.00601	0.00456	0.00551	0.00534	0.00650	0.00410	0.00400	0.00773	0.01159	0.01561	0.51335	0.05103	0.28713	0.03082	0.00575	0.00154	0.00228	0.02856	0.00459	0.00403
7	0.01671	0.02132	0.01268	0.01152	0.01383	0.82483	0.00864	0.01786	0.01268	0.01095	0.00691	0.00807	0.00576	0.00461	0.00403	0.00115	0.00807	0.00288	0.00230	0.00519
8	0.00863	0.00445	0.00448	0.00437	0.00550	0.00449	0.00331	0.03685	0.00977	0.01706	0.01446	0.01648	0.01134	0.00522	0.00317	0.00105	0.00218	0.00416	0.83873	0.00428
9	0.01929	0.00744	0.01013	0.00783	0.01115	0.00644	0.00644	0.02105	0.01280	0.77285	0.06249	0.01625	0.01283	0.00574	0.00454	0.00139	0.00371	0.00470	0.00550	0.00742
10	0.87439	0.00865	0.00657	0.00588	0.00865	0.01003	0.00484	0.01315	0.00761	0.02007	0.00623	0.00727	0.00484	0.00415	0.00277	0.00138	0.00346	0.00242	0.00277	0.00484
11	0.05710	0.00709	0.00801	0.00803	0.00962	0.03022	0.00647	0.04319	0.21404	0.04054	0.02029	0.13358	0.03457	0.04411	0.00601	0.00186	0.00385	0.32224	0.00411	0.00506
12	0.01849	0.00761	0.00991	0.00771	0.01091	0.00688	0.00633	0.08206	0.01306	0.66419	0.01675	0.01504	0.01084	0.00549	0.00434	0.00134	0.00370	0.00442	0.10370	0.00722
13	0.00595	0.00470	0.00502	0.00491	0.00639	0.00404	0.00369	0.00744	0.02474	0.03495	0.15501	0.06100	0.64484	0.01083	0.00526	0.00150	0.00232	0.00912	0.00431	0.00400
14	0.00919	0.00457	0.00482	0.00454	0.00588	0.00441	0.00346	0.01124	0.00961	0.07188	0.01451	0.01625	0.01123	0.00515	0.00323	0.00105	0.00226	0.00413	0.77041	0.04218
15	0.80787	0.01851	0.00716	0.02072	0.00928	0.01016	0.00515	0.03469	0.00813	0.03661	0.00662	0.00761	0.00508	0.00422	0.00288	0.00138	0.00357	0.00254	0.00285	0.00499
16	0.00978	0.00948	0.03637	0.10130	0.40553	0.00942	0.05818	0.01380	0.11699	0.01519	0.13035	0.02901	0.03412	0.00542	0.00466	0.00141	0.00471	0.00507	0.00298	0.00623
17	0.00574	0.00431	0.00506	0.00533	0.00608	0.00395	0.00366	0.00668	0.00922	0.01193	0.13206	0.28233	0.29565	0.17589	0.02975	0.00229	0.00300	0.00957	0.00393	0.00359
18	0.00915	0.07286	0.77147	0.01244	0.01888	0.01083	0.01599	0.01412	0.00942	0.01395	0.00792	0.00931	0.00567	0.00422	0.00417	0.00139	0.00650	0.00325	0.00189	0.00656
19	0.03487	0.61353	0.15830	0.00933	0.03591	0.01579	0.02268	0.04306	0.00961	0.01225	0.00681	0.00789	0.00583	0.00397	0.00325	0.00108	0.00513	0.00270	0.00204	0.00598
20	0.00818	0.00654	0.00754	0.00737	0.00889	0.00696	0.00572	0.01398	0.31482	0.01569	0.17129	0.09691	0.09202	0.06408	0.00636	0.00181	0.00325	0.15913	0.00435	0.00511
21	0.01420	0.06197	0.04656	0.01142	0.09056	0.01252	0.00878	0.40733	0.21040	0.04479	0.01206	0.01204	0.00891	0.00521	0.00435	0.00134	0.00460	0.00412	0.00399	0.03486
22	0.00870	0.02856	0.12807	0.00779	0.02400	0.00669	0.01781	0.02928	0.06464	0.06647	0.25215	0.02433	0.16065	0.00721	0.00467	0.00133	0.00349	0.02610	0.00383	0.13422
23	0.01227	0.20094	0.22784	0.02643	0.04984	0.12189	0.10951	0.05095	0.01919	0.08744	0.02395	0.01146	0.00781	0.00464	0.00416	0.00130	0.00593	0.02565	0.00261	0.00617
24	0.01211	0.60552	0.01993	0.00828	0.01166	0.10466	0.02228	0.04545	0.03273	0.01200	0.04185	0.01081	0.02998	0.00465	0.00340	0.00108	0.00497	0.02061	0.00238	0.00565
25	0.00871	0.00512	0.00624	0.00594	0.00748	0.00455	0.00445	0.01020	0.02520	0.18158	0.12750	0.22953	0.31628	0.02906	0.00561	0.00162	0.00274	0.01903	0.00451	0.00464
26	0.01036	0.04550	0.04196	0.14925	0.46712	0.02887	0.04464	0.01308	0.01931	0.01371	0.03568	0.01316	0.00864	0.00481	0.00511	0.00141	0.05574	0.03306	0.00233	0.00626
27	0.02902	0.00964	0.02964	0.03635	0.29894	0.01000	0.13496	0.03779	0.07740	0.01414	0.01107	0.05825	0.02189	0.03106	0.05794	0.02128	0.09839	0.01373	0.00264	0.00588
28	0.00676	0.00509	0.00750	0.00801	0.00899	0.00494	0.04847	0.00848	0.00981	0.01289	0.04403	0.30261	0.04276	0.01233	0.00594	0.00192	0.00372	0.45764	0.00405	0.00406
29	0.00609	0.00478	0.00569	0.00599	0.00713	0.00446	0.00472	0.00748	0.01005	0.01268	0.09563	0.10514	0.41580	0.04714	0.00655	0.00181	0.02366	0.22723	0.00409	0.00388
30	0.01337	0.46309	0.03318	0.04339	0.01353	0.25989	0.02614	0.05677	0.01078	0.01179	0.00683	0.00805	0.00588	0.00428	0.00376	0.00110	0.02752	0.00281	0.00218	0.00564
31	0.00661	0.00492	0.00602	0.00617	0.00722	0.00473	0.00454	0.00916	0.09029	0.02791	0.28214	0.30290	0.16700	0.01095	0.00539	0.00161	0.00258	0.05112	0.00446	0.00429
32	0.01671	0.02132	0.01268	0.01152	0.01383	0.82483	0.00864	0.01786	0.01268	0.01095	0.00691	0.00807	0.00576	0.00461	0.00403	0.00115	0.00807	0.00288	0.00230	0.00519
33	0.00629	0.00437	0.00569	0.00594	0.00631	0.00457	0.00403	0.00709	0.00735	0.01024	0.01600	0.22281	0.01764	0.33901	0.28175	0.00452	0.00633	0.00736	0.03929	0.00342
34	0.00648	0.00437	0.00568	0.00600	0.00648	0.00432	0.00414	0.00717	0.00810	0.02881	0.05612	0.29311	0.07208	0.23708	0.13884	0.06111	0.00467	0.04855	0.00341	0.00348
35	0.75488	0.00880	0.00729	0.00631	0.00918	0.00998	0.00520	0.06039	0.00882	0.08480	0.00741	0.00811	0.00551	0.00434	0.00301	0.00138	0.00357	0.00268	0.00309	0.00523
36	0.01233	0.01007	0.01069	0.00918	0.01191	0.01143	0.00726	0.22247	0.55984	0.02092	0.03689	0.01641	0.03804	0.00613	0.00457	0.00147	0.00382	0.00501	0.00453	0.00704
37	0.00775	0.00504	0.00686	0.00666	0.00773	0.00523	0.00505	0.00910	0.00870	0.10313	0.06209	0.14007	0.13081	0.06862	0.38580	0.00433	0.02853	0.00681	0.00340	0.00429
38	0.00951	0.02256	0.01033	0.00919	0.01064	0.21279	0.06748	0.01106	0.00889	0.01081	0.01066	0.01594	0.00994	0.07239	0.45132	0.00469	0.03111	0.02386	0.00241	0.00443
39	0.00996	0.00639	0.00734	0.00608	0.00857	0.00562	0.00486	0.03641	0.02998	0.08528	0.01304	0.01633	0.01070	0.00513	0.00365	0.00103	0.00300	0.06817	0.34290	0.33558
40	0.00900	0.00772	0.00811	0.00746	0.00958	0.00842	0.00575	0.01742	0.51081	0.01652	0.06428	0.02604	0.27465	0.00792	0.00482	0.00151	0.00306	0.00662	0.00444	0.00587
41	0.01012	0.00976	0.01675	0.29452	0.48756	0.01055	0.04688	0.01287	0.00965	0.01339	0.00819	0.01135	0.00665	0.00429	0.00489	0.00142	0.03875	0.00403	0.00213	0.00625
42	0.01540	0.00711	0.00948	0.00779	0.01035	0.00692	0.00633	0.05889	0.03197	0.48883	0.01541	0.01548	0.01084	0.01195	0.19082	0.00270	0.03296	0.00451	0.06582	0.00644
43	0.00604	0.00451	0.00562	0.00546	0.00654	0.00408	0.00405	0.00784	0.01181	0.01620	0.58992	0.10520	0.19621	0.01001	0.00532	0.00146	0.00218	0.00876	0.00470	0.00408
44	0.00599	0.00448	0.00558	0.00582	0.00669	0.00417	0.00417	0.00779	0.03996	0.01441	0.34353	0.35922	0.15890	0.01134	0.00543	0.00159	0.00238	0.01006	0.00448	0.00402
45	0.01081	0.01061	0.06728	0.00969	0.02462	0.03858	0.11046	0.09587	0.03756	0.03092	0.00885	0.01015	0.00697	0.00392	0.00405	0.00099	0.01795	0.00335	0.00283	0.50456
46	0.17865	0.00998	0.04416	0.22146	0.33137	0.01029	0.04254	0.05075	0.00988	0.02779	0.00852	0.03010	0.00692	0.00447	0.00418	0.00140	0.00515	0.00392	0.00246	0.00601
47	0.00702	0.00498	0.00683	0.00775	0.00862	0.00496	0.00654	0.00878	0.00978	0.01276	0.02274	0.09956	0.02499	0.10003	0.00790	0.00228	0.00404	0.65251	0.00397	0.00394
48	0.01107	0.01063	0.01816	0.02746	0.81489	0.01063	0.01373	0.01373	0.01019	0.01461	0.00841	0.01107	0.00709	0.00399	0.00443	0.00133	0.00531	0.00399	0.00221	0.00709
49	0.02541	0.03756	0.09239	0.04987	0.15500	0.04301	0.14138	0.12084	0.08587	0.17461	0.02250	0.01243	0.00868	0.00477	0.00451	0.00139	0.00535	0.00428	0.00339	0.00676
50	0.01428	0.01003	0.01285	0.37548	0.03461	0.07267	0.01000	0.10140	0.05674	0.24540	0.01227	0.01368	0.00874	0.00545	0.00476	0.00155	0.00548	0.00434	0.00370	0.00656
51	0.24827	0.03385	0.02456	0.13617	0.27097	0.11449	0.07172	0.01376	0.00956	0.01498	0.00750	0.00970	0.00604	0.00422	0.00410	0.00136	0.01719	0.00346	0.00233	0.00576
52	0.00942	0.14862	0.58045	0.05196	0.01778	0.01107	0.02618	0.01358	0.00941	0.02431	0.02983	0.01072	0.00716	0.03547	0.00478	0.00146	0.00607	0.00349	0.00207	0.00619
53	0.87439	0.00865	0.00657	0.00588	0.00865	0.01003	0.00484	0.01315	0.00761	0.02007	0.00623	0.00727	0.00484	0.00415	0.00277	0.00138	0.00346	0.00242	0.00277	0.00484

[dist]
# distance from previous block
# <min> <max>
0	1

[block]
# block no. 5 follows, 58 sequences, length 89
# corresponding to MSA columns:
# 1908-1915,1933-2013
name=unknown_F
#
# <colnr> <probs for GDERKNQSTAVLIFYWHMCP>
#	G	D	E	R	K	N	Q	S	T	A	V	L	I	F	Y	W	H	M	C	P
0	0.00700	0.00555	0.00685	0.07202	0.03028	0.00552	0.00522	0.02517	0.01018	0.04175	0.10167	0.07578	0.46053	0.01078	0.04193	0.00177	0.05594	0.00791	0.02986	0.00430
1	0.00535	0.00453	0.00462	0.00460	0.00608	0.00380	0.00345	0.00654	0.01035	0.01244	0.09225	0.04246	0.76592	0.01120	0.00529	0.00150	0.00226	0.00936	0.00420	0.00380
2	0.00664	0.00473	0.00603	0.00568	0.00684	0.00438	0.00426	0.00886	0.03022	0.03556	0.68902	0.05344	0.10882	0.00931	0.00525	0.00143	0.00221	0.00817	0.00484	0.00431
3	0.00563	0.00422	0.00491	0.00535	0.00600	0.00384	0.00359	0.00638	0.00874	0.01116	0.04068	0.38378	0.29482	0.18907	0.00918	0.00224	0.00285	0.01021	0.00386	0.00349
4	0.00962	0.00801	0.00884	0.00809	0.01015	0.00894	0.00629	0.01887	0.55110	0.01827	0.24075	0.02279	0.02215	0.00719	0.00482	0.00151	0.00316	0.03864	0.00464	0.00616
5	0.15716	0.00994	0.01098	0.00861	0.01193	0.01043	0.00709	0.36424	0.03611	0.30230	0.01269	0.01202	0.00860	0.00525	0.00418	0.00136	0.00420	0.00396	0.02189	0.00708
6	0.01674	0.01240	0.01328	0.01024	0.01377	0.01375	0.00844	0.76519	0.05624	0.02777	0.01107	0.01101	0.00788	0.00540	0.00448	0.00135	0.00486	0.00407	0.00448	0.00758
7	0.00990	0.01257	0.13470	0.01617	0.02050	0.01016	0.57635	0.01348	0.01028	0.03036	0.01191	0.07608	0.04505	0.00500	0.00515	0.00152	0.00672	0.00574	0.00251	0.00586
8	0.07528	0.00765	0.00990	0.00773	0.01095	0.00693	0.00635	0.05454	0.01281	0.66436	0.08211	0.01600	0.01307	0.00574	0.00445	0.00138	0.00369	0.00464	0.00526	0.00715
9	0.16457	0.00886	0.01040	0.00811	0.01148	0.00875	0.00670	0.19005	0.01372	0.51015	0.01420	0.01289	0.00926	0.00526	0.00420	0.00138	0.00399	0.00404	0.00483	0.00714
10	0.00643	0.00478	0.00604	0.00667	0.00717	0.02876	0.01983	0.00730	0.00874	0.02951	0.02259	0.65346	0.02650	0.09207	0.00728	0.00204	0.00314	0.05998	0.00395	0.00376
11	0.00606	0.00429	0.00538	0.00597	0.00653	0.00406	0.00423	0.00710	0.00901	0.01207	0.08806	0.40086	0.11174	0.15286	0.00847	0.00218	0.00301	0.12187	0.04264	0.00363
12	0.87439	0.00865	0.00657	0.00588	0.00865	0.01003	0.00484	0.01315	0.00761	0.02007	0.00623	0.00727	0.00484	0.00415	0.00277	0.00138	0.00346	0.00242	0.00277	0.00484
13	0.00550	0.00455	0.00486	0.00499	0.00636	0.00390	0.00379	0.00673	0.01022	0.01241	0.07615	0.09051	0.66768	0.01148	0.00538	0.00157	0.00243	0.07349	0.00418	0.00382
14	0.00643	0.00464	0.00639	0.00639	0.00692	0.00516	0.00460	0.00748	0.00695	0.00979	0.01271	0.02160	0.01293	0.31237	0.54864	0.00621	0.00935	0.00538	0.00250	0.00355
15	0.87439	0.00865	0.00657	0.00588	0.00865	0.01003	0.00484	0.01315	0.00761	0.02007	0.00623	0.00727	0.00484	0.00415	0.00277	0.00138	0.00346	0.00242	0.00277	0.00484
16	0.00626	0.00460	0.00661	0.00678	0.00740	0.00514	0.00504	0.00754	0.00733	0.01035	0.01421	0.14772	0.01464	0.12216	0.60582	0.00602	0.00965	0.00623	0.00271	0.00379
17	0.23896	0.01074	0.01089	0.00881	0.01199	0.01199	0.00719	0.41582	0.15573	0.06776	0.01126	0.01113	0.00815	0.00519	0.00405	0.00139	0.00424	0.00382	0.00410	0.00680
18	0.02924	0.00720	0.00919	0.00724	0.01028	0.00629	0.00587	0.03652	0.02790	0.48850	0.12078	0.01876	0.07888	0.00614	0.00447	0.00130	0.00341	0.00507	0.00485	0.12813
19	0.00639	0.00479	0.00719	0.00719	0.00799	0.00559	0.00559	0.00799	0.00719	0.01038	0.01198	0.01757	0.01118	0.03355	0.82507	0.00719	0.01198	0.00479	0.00240	0.00399
20	0.06730	0.00944	0.01039	0.00830	0.01127	0.01001	0.00676	0.36916	0.08155	0.20566	0.01336	0.01311	0.00942	0.00536	0.00414	0.00132	0.00396	0.00415	0.15854	0.00679
21	0.03907	0.00939	0.01118	0.00864	0.01202	0.00938	0.00712	0.32336	0.01571	0.45447	0.01454	0.01336	0.00959	0.00542	0.00438	0.00135	0.00415	0.00425	0.04523	0.00738
22	0.06393	0.01015	0.01088	0.00897	0.01192	0.01122	0.00722	0.32543	0.32105	0.10459	0.02530	0.01390	0.01080	0.00563	0.00435	0.00140	0.00401	0.00444	0.04778	0.00703
23	0.01107	0.01063	0.01816	0.02746	0.81489	0.01063	0.01373	0.01373	0.01019	0.01461	0.00841	0.01107	0.00709	0.00399	0.00443	0.00133	0.00531	0.00399	0.00221	0.00709
24	0.00667	0.00433	0.00532	0.00532	0.00543	0.00444	0.00326	0.00661	0.00650	0.00878	0.01292	0.02550	0.01439	0.61813	0.12975	0.12609	0.00530	0.00591	0.00256	0.00278
25	0.02007	0.00761	0.01038	0.00796	0.01142	0.00657	0.00657	0.02180	0.01280	0.81799	0.01765	0.01523	0.01107	0.00554	0.00450	0.00138	0.00381	0.00450	0.00554	0.00761
26	0.00559	0.00403	0.00530	0.00606	0.00650	0.00374	0.00413	0.00661	0.00932	0.01255	0.15869	0.67111	0.06361	0.01308	0.00562	0.00173	0.00250	0.01180	0.00428	0.00374
27	0.00853	0.00803	0.01356	0.80780	0.05444	0.00996	0.01246	0.01150	0.00898	0.01153	0.00796	0.01190	0.00600	0.00446	0.00447	0.00149	0.00594	0.00398	0.00199	0.00503
28	0.81945	0.00858	0.00682	0.00602	0.00883	0.00981	0.00496	0.01371	0.00795	0.07138	0.00696	0.00778	0.00525	0.00424	0.00288	0.00138	0.00348	0.00256	0.00295	0.00502
29	0.00579	0.00409	0.00537	0.00626	0.00657	0.00390	0.00429	0.00660	0.00847	0.01125	0.02308	0.64039	0.02731	0.12940	0.00814	0.00219	0.00300	0.09640	0.00395	0.00356
30	0.02000	0.00773	0.01045	0.00801	0.01148	0.00675	0.00662	0.04000	0.01300	0.79951	0.01749	0.01512	0.01099	0.00553	0.00450	0.00138	0.00383	0.00449	0.00551	0.00761
31	0.00897	0.02314	0.81962	0.01275	0.01936	0.01039	0.01653	0.01417	0.00944	0.01417	0.00803	0.00944	0.00567	0.00425	0.00425	0.00142	0.00661	0.00331	0.00189	0.00661
32	0.01675	0.01022	0.01166	0.00924	0.01255	0.01079	0.00754	0.36522	0.19104	0.29411	0.01473	0.01357	0.01011	0.00558	0.00450	0.00140	0.00424	0.00441	0.00485	0.00749
33	0.00550	0.00418	0.00507	0.00560	0.00637	0.00375	0.00392	0.00656	0.00959	0.01242	0.12590	0.48351	0.28638	0.01256	0.00552	0.00167	0.00243	0.01109	0.00425	0.00375
34	0.01508	0.06974	0.03072	0.00946	0.01242	0.06403	0.06640	0.15663	0.02571	0.31677	0.01369	0.04496	0.02281	0.03846	0.04713	0.00180	0.04910	0.00464	0.00400	0.00644
35	0.00721	0.00515	0.00721	0.00824	0.00927	0.00515	0.00721	0.00927	0.01030	0.01339	0.02368	0.05046	0.02574	0.01236	0.00618	0.00206	0.00412	0.78478	0.00412	0.00412
36	0.00897	0.02314	0.81962	0.01275	0.01936	0.01039	0.01653	0.01417	0.00944	0.01417	0.00803	0.00944	0.00567	0.00425	0.00425	0.00142	0.00661	0.00331	0.00189	0.00661
37	0.00847	0.00564	0.00693	0.00674	0.00799	0.00560	0.00497	0.07234	0.09035	0.08174	0.23756	0.37486	0.02756	0.01020	0.00519	0.00157	0.00282	0.00902	0.03567	0.00480
38	0.01094	0.00929	0.01418	0.22440	0.28616	0.02781	0.05291	0.05357	0.07129	0.08424	0.05570	0.01541	0.06395	0.00525	0.00460	0.00141	0.00500	0.00474	0.00302	0.00614
39	0.13131	0.02950	0.05135	0.00849	0.01161	0.05533	0.04403	0.01249	0.02614	0.03019	0.02797	0.02357	0.00765	0.00465	0.00517	0.00113	0.12295	0.00335	0.00265	0.40045
40	0.00830	0.00671	0.00889	0.02921	0.00976	0.00804	0.00657	0.03504	0.13795	0.02616	0.01322	0.09614	0.01239	0.05112	0.36706	0.00421	0.15403	0.00546	0.01497	0.00477
41	0.35540	0.04695	0.01091	0.00985	0.04700	0.43632	0.00733	0.01565	0.01043	0.01470	0.00668	0.00785	0.00546	0.00437	0.00351	0.00124	0.00600	0.00273	0.00247	0.00516
42	0.00582	0.00453	0.00528	0.00513	0.00638	0.00400	0.00383	0.00743	0.01139	0.01500	0.43012	0.06222	0.40220	0.01031	0.00529	0.00147	0.00220	0.00886	0.00454	0.00400
43	0.01405	0.02567	0.01336	0.10517	0.06506	0.06282	0.02932	0.44852	0.07955	0.02139	0.01097	0.03783	0.00866	0.03453	0.00532	0.00149	0.02153	0.00439	0.00370	0.00666
44	0.00612	0.00450	0.00573	0.00555	0.00659	0.00411	0.00411	0.00799	0.01198	0.01661	0.64490	0.11059	0.13484	0.00987	0.00532	0.00146	0.00217	0.00869	0.00476	0.00411
45	0.01088	0.00933	0.00993	0.00905	0.01149	0.01076	0.00709	0.02287	0.75743	0.01838	0.01855	0.01878	0.01440	0.00646	0.00465	0.00155	0.00358	0.05339	0.00452	0.00690
46	0.00546	0.00396	0.00515	0.00607	0.00645	0.00366	0.00409	0.00630	0.00880	0.01163	0.04554	0.75208	0.09697	0.01367	0.00566	0.00178	0.00256	0.01232	0.00417	0.00366
47	0.03770	0.00838	0.01012	0.00793	0.01103	0.00818	0.00650	0.22266	0.01429	0.46855	0.01510	0.01409	0.01008	0.00541	0.00424	0.00132	0.00382	0.00428	0.13930	0.00701
48	0.00600	0.00415	0.00540	0.00611	0.00644	0.00399	0.00412	0.00677	0.00833	0.02085	0.04014	0.56886	0.02598	0.18244	0.04312	0.00255	0.00343	0.05395	0.00382	0.00355
49	0.00928	0.00795	0.00928	0.00663	0.01060	0.00596	0.00530	0.01126	0.00928	0.01458	0.00795	0.00928	0.00663	0.00331	0.00331	0.00066	0.00331	0.00265	0.00265	0.87014
50	0.01118	0.00764	0.00914	0.00670	0.01039	0.00595	0.00539	0.01313	0.00993	0.16143	0.01017	0.01086	0.00776	0.00385	0.00352	0.00082	0.00332	0.00309	0.06115	0.65460
51	0.01196	0.84548	0.02344	0.00765	0.01148	0.01770	0.00765	0.01339	0.00909	0.01052	0.00622	0.00718	0.00574	0.00383	0.00287	0.00096	0.00478	0.00239	0.00191	0.00574
52	0.01113	0.00961	0.01011	0.00910	0.01163	0.01113	0.00708	0.02377	0.80681	0.01871	0.01821	0.01669	0.01365	0.00607	0.00455	0.00152	0.00354	0.00506	0.00455	0.00708
53	0.01278	0.66804	0.04204	0.00852	0.01213	0.17042	0.00807	0.01426	0.00978	0.01070	0.00640	0.00740	0.00574	0.00399	0.00313	0.00101	0.00545	0.00251	0.00199	0.00566
54	0.01113	0.00961	0.01011	0.00910	0.01163	0.01113	0.00708	0.02377	0.80681	0.01871	0.01821	0.01669	0.01365	0.00607	0.00455	0.00152	0.00354	0.00506	0.00455	0.00708
55	0.00928	0.00795	0.00928	0.00663	0.01060	0.00596	0.00530	0.01126	0.00928	0.01458	0.00795	0.00928	0.00663	0.00331	0.00331	0.00066	0.00331	0.00265	0.00265	0.87014
56	0.87439	0.00865	0.00657	0.00588	0.00865	0.01003	0.00484	0.01315	0.00761	0.02007	0.00623	0.00727	0.00484	0.00415	0.00277	0.00138	0.00346	0.00242	0.00277	0.00484
57	0.00649	0.00440	0.00519	0.00519	0.00530	0.00451	0.00310	0.00671	0.00660	0.00891	0.01381	0.02768	0.01557	0.73237	0.13224	0.00473	0.00538	0.00627	0.00267	0.00289
58	0.01418	0.01429	0.33807	0.01180	0.07770	0.00867	0.04056	0.02950	0.01128	0.37087	0.03054	0.01279	0.00907	0.00491	0.00444	0.00140	0.00517	0.00408	0.00365	0.00703
59	0.01120	0.01408	0.11039	0.04710	0.06842	0.30346	0.02468	0.01426	0.08300	0.01356	0.13126	0.03160	0.11582	0.00631	0.00455	0.00135	0.00548	0.00507	0.00309	0.00532
60	0.00897	0.02314	0.81962	0.01275	0.01936	0.01039	0.01653	0.01417	0.00944	0.01417	0.00803	0.00944	0.00567	0.00425	0.00425	0.00142	0.00661	0.00331	0.00189	0.00661
61	0.02230	0.06877	0.44742	0.01243	0.01734	0.25059	0.07418	0.03202	0.01069	0.01339	0.00771	0.00911	0.00582	0.00432	0.00417	0.00132	0.00693	0.00329	0.00211	0.00610
62	0.00854	0.00872	0.05917	0.06292	0.30816	0.00791	0.10484	0.01079	0.00955	0.01316	0.01538	0.30367	0.03478	0.00789	0.00503	0.00156	0.00464	0.02488	0.00296	0.00545
63	0.05312	0.01104	0.01128	0.00943	0.01237	0.04192	0.00753	0.33197	0.40212	0.03516	0.01470	0.01398	0.02359	0.00573	0.00443	0.00143	0.00424	0.00451	0.00437	0.00707
64	0.01107	0.01063	0.01816	0.02746	0.81489	0.01063	0.01373	0.01373	0.01019	0.01461	0.00841	0.01107	0.00709	0.00399	0.00443	0.00133	0.00531	0.00399	0.00221	0.00709
65	0.00912	0.00778	0.00911	0.00661	0.01043	0.00587	0.00525	0.01106	0.00925	0.01445	0.00864	0.04345	0.00757	0.00375	0.00341	0.00071	0.00328	0.00306	0.00271	0.83449
66	0.00822	0.02712	0.11383	0.07870	0.19360	0.00769	0.03339	0.01108	0.05158	0.01344	0.04823	0.24634	0.06275	0.00812	0.00494	0.00155	0.00432	0.05984	0.00317	0.02210
67	0.00900	0.02145	0.74287	0.01210	0.01825	0.00985	0.01540	0.01387	0.00969	0.03217	0.04811	0.01153	0.02670	0.00468	0.00433	0.00142	0.00623	0.00371	0.00217	0.00645
68	0.01113	0.00961	0.01011	0.00910	0.01163	0.01113	0.00708	0.02377	0.80681	0.01871	0.01821	0.01669	0.01365	0.00607	0.00455	0.00152	0.00354	0.00506	0.00455	0.00708
69	0.01102	0.01036	0.01785	0.09545	0.57306	0.01060	0.09602	0.03721	0.01035	0.03401	0.00899	0.02903	0.00751	0.00443	0.00491	0.00140	0.03445	0.00432	0.00238	0.00667
70	0.00606	0.00461	0.02457	0.00612	0.00690	0.00393	0.00439	0.00705	0.00906	0.04262	0.02796	0.63536	0.17887	0.01294	0.00555	0.00173	0.00267	0.01155	0.00415	0.00388
71	0.00533	0.00453	0.00460	0.00464	0.00612	0.00380	0.00349	0.00647	0.01017	0.01210	0.04449	0.05798	0.78250	0.01140	0.00531	0.00153	0.00231	0.02530	0.00415	0.00378
72	0.01594	0.01162	0.01241	0.00966	0.01296	0.01284	0.00794	0.69230	0.05372	0.02670	0.01142	0.01155	0.00823	0.00539	0.00435	0.00132	0.00460	0.00409	0.08571	0.00726
73	0.27235	0.01449	0.25940	0.01161	0.01604	0.04060	0.19513	0.06011	0.01016	0.06808	0.00845	0.00980	0.00614	0.00427	0.00406	0.00141	0.00565	0.00360	0.00264	0.00601
74	0.14254	0.01036	0.01089	0.00893	0.01196	0.01148	0.00725	0.37031	0.22814	0.08606	0.04187	0.01374	0.01068	0.00566	0.00430	0.00141	0.00413	0.01909	0.00433	0.00687
75	0.38314	0.00868	0.00900	0.00732	0.01040	0.00909	0.00602	0.13118	0.02228	0.32210	0.02683	0.01157	0.00855	0.00499	0.00375	0.00137	0.00375	0.00361	0.02009	0.00630
76	0.70953	0.00979	0.00778	0.00705	0.02510	0.07177	0.00557	0.05292	0.00896	0.05764	0.00709	0.00795	0.00539	0.00431	0.00306	0.00136	0.00393	0.00267	0.00294	0.00518
77	0.00553	0.00402	0.00525	0.00616	0.00656	0.00369	0.00414	0.00635	0.00866	0.01152	0.02527	0.78175	0.06724	0.01364	0.00563	0.00177	0.00260	0.01232	0.00412	0.02375
78	0.00897	0.00560	0.00774	0.00702	0.00825	0.00574	0.02133	0.01038	0.00969	0.14843	0.20981	0.06429	0.06487	0.11477	0.19186	0.02564	0.06661	0.02072	0.00375	0.00453
79	0.01238	0.04682	0.11013	0.04116	0.23174	0.03693	0.13385	0.22349	0.05733	0.01788	0.00963	0.01154	0.00747	0.00469	0.00474	0.00139	0.02463	0.01455	0.00292	0.00674
80	0.01041	0.00792	0.00939	0.00677	0.01069	0.00603	0.00543	0.01237	0.00965	0.09878	0.00897	0.00990	0.00709	0.00355	0.00344	0.00074	0.00336	0.00284	0.00295	0.77974
81	0.02197	0.21140	0.49363	0.01183	0.03270	0.02547	0.05397	0.02753	0.00972	0.04229	0.00797	0.00927	0.00599	0.00427	0.00421	0.00132	0.02473	0.00326	0.00211	0.00636
82	0.00999	0.22069	0.06641	0.02021	0.02892	0.00968	0.05044	0.02881	0.06741	0.07923	0.31364	0.03842	0.02119	0.00651	0.00461	0.00132	0.01790	0.00548	0.00366	0.00548
83	0.00627	0.00460	0.00590	0.00565	0.00675	0.00422	0.00429	0.00828	0.01230	0.01713	0.69712	0.03522	0.11763	0.00952	0.00532	0.00145	0.00223	0.04714	0.00481	0.00417
84	0.21197	0.00796	0.00959	0.00754	0.01085	0.00752	0.00623	0.03737	0.01182	0.62092	0.01493	0.01334	0.00960	0.00522	0.00411	0.00138	0.00375	0.00402	0.00489	0.00699
85	0.02911	0.05793	0.20832	0.09609	0.37480	0.05097	0.04023	0.03135	0.02636	0.01424	0.00863	0.02657	0.00703	0.00438	0.00431	0.00136	0.00573	0.00389	0.00225	0.00647
86	0.01179	0.01104	0.01955	0.10415	0.33359	0.04316	0.28984	0.02794	0.01072	0.08991	0.00944	0.01178	0.00720	0.00415	0.00472	0.00141	0.00613	0.00445	0.00256	0.00648
87	0.00637	0.00456	0.00562	0.00617	0.00710	0.00420	0.00457	0.00777	0.02773	0.04310	0.03030	0.42494	0.26368	0.01244	0.00558	0.00174	0.00280	0.13313	0.00421	0.00398
88	0.00590	0.00430	0.00525	0.00566	0.00627	0.00402	0.00391	0.00682	0.00900	0.01182	0.11927	0.33627	0.18287	0.20166	0.02163	0.00238	0.00311	0.06242	0.00389	0.00356

[dist]
# distance from previous block
# <min> <max>
4	57

[block]
# block no. 6 follows, 58 sequences, length 21
# corresponding to MSA columns:
# 2077-2097
name=unknown_G
#
# <colnr> <probs for GDERKNQSTAVLIFYWHMCP>
#	G	D	E	R	K	N	Q	S	T	A	V	L	I	F	Y	W	H	M	C	P
0	0.01451	0.05223	0.02175	0.01326	0.20225	0.13923	0.02349	0.04297	0.09052	0.25748	0.01390	0.01394	0.04651	0.00519	0.00432	0.00132	0.00486	0.00427	0.04142	0.00658
1	0.70880	0.00934	0.03294	0.05338	0.03288	0.01026	0.03396	0.03244	0.00823	0.01908	0.00664	0.00800	0.00515	0.00425	0.00331	0.00140	0.01943	0.00275	0.00269	0.00508
2	0.01167	0.01227	0.04539	0.09065	0.43819	0.14298	0.02208	0.05916	0.02437	0.01429	0.00911	0.01249	0.00773	0.00569	0.03261	0.00157	0.02527	0.03574	0.00245	0.00631
