[name]
unknown

[dist]
# distance from previous block
# <min> <max>
0	64

[block]
# block no. 0 follows, 60 sequences, length 132
# corresponding to MSA columns:
# 64-95,98-126,132-135,137-203
name=unknown_A
#
# <colnr> <probs for GDERKNQSTAVLIFYWHMCP>
#	G	D	E	R	K	N	Q	S	T	A	V	L	I	F	Y	W	H	M	C	P
0	0.00703	0.00502	0.00703	0.00803	0.00904	0.00502	0.00703	0.00904	0.01004	0.01305	0.02309	0.04920	0.02510	0.01205	0.00602	0.00201	0.00402	0.79016	0.00402	0.00402
1	0.01957	0.00742	0.01012	0.00776	0.01113	0.00641	0.00641	0.02126	0.01248	0.82254	0.01721	0.01484	0.01080	0.00540	0.00439	0.00135	0.00371	0.00439	0.00540	0.00742
2	0.00935	0.00926	0.01299	0.01119	0.01124	0.01290	0.00930	0.01034	0.00670	0.01047	0.00607	0.00998	0.00603	0.00909	0.06164	0.00220	0.79073	0.00387	0.00193	0.00472
3	0.00623	0.00467	0.00701	0.00701	0.00779	0.00545	0.00545	0.00779	0.00701	0.01012	0.01168	0.01713	0.01090	0.03271	0.82944	0.00701	0.01168	0.00467	0.00234	0.00389
4	0.01079	0.01036	0.01770	0.02677	0.81952	0.01036	0.01339	0.01339	0.00993	0.01425	0.00820	0.01079	0.00691	0.00389	0.00432	0.00130	0.00518	0.00389	0.00216	0.00691
5	0.87753	0.00843	0.00641	0.00574	0.00843	0.00978	0.00472	0.01282	0.00742	0.01957	0.00607	0.00709	0.00472	0.00405	0.00270	0.00135	0.00337	0.00236	0.00270	0.00472
6	0.01936	0.00749	0.01030	0.00820	0.03004	0.00650	0.00657	0.02107	0.01242	0.80363	0.01700	0.01475	0.01071	0.00536	0.00438	0.00135	0.00375	0.00437	0.00532	0.00741
7	0.01957	0.00742	0.01012	0.00776	0.01113	0.00641	0.00641	0.02126	0.01248	0.82254	0.01721	0.01484	0.01080	0.00540	0.00439	0.00135	0.00371	0.00439	0.00540	0.00742
8	0.01658	0.01222	0.01309	0.01003	0.01353	0.01353	0.00829	0.80497	0.02051	0.02749	0.01047	0.01047	0.00742	0.00524	0.00436	0.00131	0.00480	0.00393	0.00436	0.00742
9	0.00875	0.02256	0.82413	0.01243	0.01888	0.01013	0.01611	0.01381	0.00921	0.01381	0.00783	0.00921	0.00552	0.00414	0.00414	0.00138	0.00645	0.00322	0.00184	0.00645
10	0.06938	0.00748	0.00991	0.00764	0.01098	0.00661	0.00631	0.02077	0.01219	0.77592	0.01656	0.01439	0.01044	0.00532	0.00429	0.00135	0.00369	0.00427	0.00524	0.00727
11	0.83488	0.00862	0.00674	0.00595	0.00869	0.00997	0.00490	0.05206	0.00807	0.01996	0.00629	0.00725	0.00486	0.00411	0.00278	0.00135	0.00344	0.00244	0.00278	0.00486
12	0.00824	0.00775	0.01308	0.83624	0.03004	0.00969	0.01211	0.01114	0.00872	0.01114	0.00775	0.01163	0.00581	0.00436	0.00436	0.00145	0.00581	0.00388	0.00194	0.00484
13	0.01957	0.00742	0.01012	0.00776	0.01113	0.00641	0.00641	0.02126	0.01248	0.82254	0.01721	0.01484	0.01080	0.00540	0.00439	0.00135	0.00371	0.00439	0.00540	0.00742
14	0.00877	0.00535	0.00746	0.00799	0.00933	0.00521	0.00694	0.01074	0.01038	0.12580	0.02227	0.04441	0.02311	0.01112	0.00580	0.00192	0.00397	0.68072	0.00421	0.00449
15	0.01011	0.01123	0.02278	0.01673	0.02008	0.01159	0.61386	0.01314	0.00943	0.01314	0.00808	0.01123	0.00640	0.00462	0.00734	0.00158	0.20607	0.00483	0.00213	0.00562
16	0.00531	0.00380	0.00506	0.00607	0.00633	0.00354	0.00405	0.00607	0.00835	0.01113	0.02404	0.84388	0.02885	0.01366	0.00557	0.00177	0.00253	0.01240	0.00405	0.00354
17	0.00674	0.00487	0.00666	0.00758	0.00856	0.00479	0.00649	0.00857	0.00990	0.01280	0.02491	0.11082	0.09093	0.01209	0.00592	0.00195	0.00375	0.66469	0.00402	0.00395
18	0.01079	0.01036	0.01770	0.02677	0.81952	0.01036	0.01339	0.01339	0.00993	0.01425	0.00820	0.01079	0.00691	0.00389	0.00432	0.00130	0.00518	0.00389	0.00216	0.00691
19	0.01074	0.01030	0.01760	0.04498	0.80176	0.01035	0.01336	0.01333	0.00990	0.01418	0.00819	0.01081	0.00688	0.00390	0.00432	0.00130	0.00520	0.00389	0.00215	0.00686
20	0.00824	0.00775	0.01308	0.83624	0.03004	0.00969	0.01211	0.01114	0.00872	0.01114	0.00775	0.01163	0.00581	0.00436	0.00436	0.00145	0.00581	0.00388	0.00194	0.00484
21	0.00875	0.02256	0.82413	0.01243	0.01888	0.01013	0.01611	0.01381	0.00921	0.01381	0.00783	0.00921	0.00552	0.00414	0.00414	0.00138	0.00645	0.00322	0.00184	0.00645
22	0.00756	0.00698	0.01089	0.01343	0.27880	0.00657	0.07779	0.00936	0.00975	0.01274	0.02572	0.14131	0.34561	0.00840	0.00495	0.00147	0.00375	0.02674	0.00326	0.00494
23	0.01654	0.00965	0.07931	0.01060	0.01446	0.00778	0.19226	0.01896	0.01171	0.56971	0.01451	0.01368	0.00940	0.00490	0.00454	0.00138	0.00478	0.00447	0.00437	0.00699
24	0.01018	0.01048	0.02196	0.01639	0.03679	0.00983	0.63252	0.01342	0.01028	0.05379	0.01167	0.05484	0.02254	0.00503	0.00518	0.00152	0.00655	0.06872	0.00263	0.00568
25	0.00991	0.01119	0.03671	0.01714	0.02121	0.01035	0.70252	0.01342	0.01025	0.01387	0.01039	0.01587	0.00865	0.00461	0.00523	0.00153	0.00697	0.09211	0.00240	0.00568
26	0.00908	0.11657	0.73302	0.01187	0.01800	0.01094	0.01513	0.01373	0.00917	0.01341	0.00763	0.00896	0.00553	0.00410	0.00399	0.00133	0.00624	0.00312	0.00184	0.00635
27	0.00628	0.00483	0.00515	0.00506	0.00659	0.00427	0.00383	0.00810	0.05768	0.05244	0.05689	0.09134	0.64381	0.01061	0.00512	0.00150	0.00241	0.02586	0.00416	0.00407
28	0.00875	0.02256	0.82413	0.01243	0.01888	0.01013	0.01611	0.01381	0.00921	0.01381	0.00783	0.00921	0.00552	0.00414	0.00414	0.00138	0.00645	0.00322	0.00184	0.00645
29	0.00576	0.00405	0.00499	0.00548	0.00574	0.00392	0.00351	0.00627	0.00760	0.01007	0.02071	0.42702	0.07569	0.34517	0.05140	0.00298	0.00362	0.00941	0.00341	0.00321
30	0.00833	0.00788	0.01344	0.80427	0.04373	0.00973	0.02934	0.01124	0.00878	0.01126	0.00778	0.01162	0.00585	0.00434	0.00438	0.00145	0.00584	0.00390	0.00195	0.00490
31	0.01073	0.01028	0.01747	0.04614	0.78821	0.01035	0.01326	0.01348	0.02196	0.01423	0.00834	0.01090	0.00698	0.00393	0.00432	0.00130	0.00517	0.00390	0.00219	0.00686
32	0.01079	0.01036	0.01770	0.02677	0.81952	0.01036	0.01339	0.01339	0.00993	0.01425	0.00820	0.01079	0.00691	0.00389	0.00432	0.00130	0.00518	0.00389	0.00216	0.00691
33	0.01064	0.01020	0.01742	0.07651	0.77100	0.01032	0.01331	0.01325	0.00986	0.01406	0.00818	0.01085	0.00684	0.00392	0.00432	0.00131	0.00522	0.00389	0.00215	0.00678
34	0.00516	0.00441	0.00443	0.00445	0.00590	0.00368	0.00333	0.00626	0.00991	0.01177	0.04376	0.05882	0.80118	0.01110	0.00516	0.00148	0.00222	0.00927	0.00405	0.00368
35	0.00875	0.02256	0.82413	0.01243	0.01888	0.01013	0.01611	0.01381	0.00921	0.01381	0.00783	0.00921	0.00552	0.00414	0.00414	0.00138	0.00645	0.00322	0.00184	0.00645
36	0.02856	0.17527	0.61635	0.01128	0.01695	0.03656	0.01387	0.02999	0.00943	0.01346	0.00748	0.00874	0.00556	0.00410	0.00386	0.00129	0.00606	0.00304	0.00193	0.00623
37	0.01107	0.68135	0.18566	0.00847	0.01276	0.01581	0.00922	0.01321	0.00893	0.01098	0.00642	0.00745	0.00558	0.00382	0.00307	0.00102	0.00503	0.00251	0.00186	0.00577
38	0.00540	0.00386	0.00516	0.00617	0.00646	0.00362	0.00420	0.00622	0.00843	0.01123	0.02399	0.80451	0.02866	0.01358	0.00559	0.00178	0.00260	0.05093	0.00405	0.00357
39	0.01062	0.01019	0.01739	0.08142	0.76622	0.01032	0.01330	0.01323	0.00985	0.01404	0.00817	0.01085	0.00683	0.00392	0.00432	0.00131	0.00522	0.00389	0.00214	0.00677
40	0.00540	0.00430	0.00486	0.00503	0.00615	0.00375	0.00368	0.00662	0.01003	0.01270	0.18059	0.21507	0.49208	0.01124	0.00526	0.00153	0.00228	0.02151	0.00419	0.00374
41	0.01272	0.18493	0.03362	0.01072	0.01328	0.12363	0.07851	0.21585	0.03072	0.01548	0.02006	0.00973	0.00691	0.00535	0.00660	0.00138	0.21838	0.00360	0.00270	0.00583
42	0.01552	0.01933	0.01311	0.01341	0.12647	0.71443	0.00912	0.01685	0.01202	0.01118	0.00695	0.00828	0.00580	0.00441	0.00399	0.00115	0.00749	0.00296	0.00223	0.00532
43	0.00515	0.00442	0.00442	0.00442	0.00589	0.00368	0.00331	0.00626	0.00994	0.01178	0.04418	0.04197	0.81775	0.01105	0.00515	0.00147	0.00221	0.00920	0.00405	0.00368
44	0.00900	0.09530	0.75363	0.01199	0.01820	0.01076	0.01535	0.01375	0.00918	0.01350	0.00767	0.00901	0.00553	0.00411	0.00403	0.00134	0.00629	0.00314	0.00184	0.00637
45	0.01605	0.01910	0.01232	0.01096	0.01338	0.68288	0.00833	0.11786	0.05501	0.01321	0.00779	0.00863	0.00625	0.00466	0.00401	0.00117	0.00725	0.00306	0.00263	0.00545
46	0.01079	0.01036	0.01770	0.02677	0.81952	0.01036	0.01339	0.01339	0.00993	0.01425	0.00820	0.01079	0.00691	0.00389	0.00432	0.00130	0.00518	0.00389	0.00216	0.00691
47	0.00634	0.00423	0.00476	0.00476	0.00476	0.00423	0.00264	0.00634	0.00634	0.00846	0.01374	0.02854	0.01586	0.84672	0.02220	0.00423	0.00423	0.00634	0.00264	0.00264
48	0.01913	0.00757	0.01050	0.00870	0.05118	0.00661	0.00676	0.02087	0.01236	0.78250	0.01676	0.01464	0.01060	0.00532	0.00438	0.00135	0.00378	0.00436	0.00524	0.00740
49	0.01396	0.00910	0.01027	0.00867	0.01151	0.00984	0.00690	0.10352	0.49867	0.25178	0.01684	0.01526	0.01198	0.00570	0.00442	0.00142	0.00367	0.00467	0.00471	0.00711
50	0.00954	0.00954	0.01336	0.01145	0.01145	0.01336	0.00954	0.01050	0.00668	0.01050	0.00573	0.00954	0.00573	0.00763	0.01431	0.00191	0.83874	0.00382	0.00191	0.00477
51	0.00618	0.00464	0.00679	0.00679	0.00758	0.00532	0.00524	0.00766	0.00713	0.01014	0.01337	0.01880	0.05106	0.06293	0.75757	0.00663	0.01093	0.00496	0.00243	0.00384
52	0.01270	0.66302	0.02049	0.00831	0.01171	0.19985	0.00768	0.01404	0.00965	0.01035	0.00622	0.00719	0.00560	0.00390	0.00305	0.00098	0.00538	0.00244	0.00195	0.00548
53	0.01934	0.00774	0.02727	0.00786	0.01130	0.00649	0.00661	0.02110	0.01241	0.80550	0.01701	0.01473	0.01069	0.00537	0.00438	0.00135	0.00377	0.00436	0.00532	0.00740
54	0.00617	0.00446	0.00583	0.00549	0.00652	0.00412	0.00412	0.00823	0.01235	0.01749	0.81722	0.03258	0.04115	0.00892	0.00514	0.00137	0.00206	0.00789	0.00480	0.00412
55	0.00875	0.02256	0.82413	0.01243	0.01888	0.01013	0.01611	0.01381	0.00921	0.01381	0.00783	0.00921	0.00552	0.00414	0.00414	0.00138	0.00645	0.00322	0.00184	0.00645
56	0.01017	0.01109	0.02381	0.01728	0.02137	0.01042	0.71925	0.01367	0.01031	0.02843	0.01023	0.01511	0.00832	0.00444	0.00521	0.00152	0.00699	0.07420	0.00242	0.00575
57	0.01029	0.01176	0.02574	0.01838	0.02279	0.01103	0.80368	0.01397	0.01029	0.01397	0.00882	0.01176	0.00662	0.00368	0.00515	0.00147	0.00735	0.00515	0.00221	0.00588
58	0.00531	0.00380	0.00506	0.00607	0.00633	0.00354	0.00405	0.00607	0.00835	0.01113	0.02404	0.84388	0.02885	0.01366	0.00557	0.00177	0.00253	0.01240	0.00405	0.00354
59	0.01079	0.01036	0.01770	0.02677	0.81952	0.01036	0.01339	0.01339	0.00993	0.01425	0.00820	0.01079	0.00691	0.00389	0.00432	0.00130	0.00518	0.00389	0.00216	0.00691
60	0.01373	0.01043	0.01123	0.00923	0.01215	0.01164	0.00742	0.40093	0.35823	0.05361	0.05381	0.01422	0.01174	0.00572	0.00443	0.00139	0.00405	0.00457	0.00446	0.00703
61	0.01639	0.04440	0.01346	0.00994	0.01344	0.01367	0.00826	0.77453	0.02006	0.02682	0.01030	0.01034	0.00735	0.00518	0.00430	0.00129	0.00479	0.00387	0.00427	0.00735
62	0.01085	0.00937	0.00986	0.00888	0.01134	0.01085	0.00690	0.02318	0.81164	0.01824	0.01775	0.01627	0.01331	0.00592	0.00444	0.00148	0.00345	0.00493	0.00444	0.00690
63	0.00524	0.00442	0.00454	0.00451	0.00595	0.00372	0.00338	0.00643	0.01015	0.01228	0.11220	0.04115	0.74942	0.01086	0.00515	0.00146	0.00220	0.00909	0.00412	0.00372
64	0.87753	0.00843	0.00641	0.00574	0.00843	0.00978	0.00472	0.01282	0.00742	0.01957	0.00607	0.00709	0.00472	0.00405	0.00270	0.00135	0.00337	0.00236	0.00270	0.00472
65	0.00531	0.00380	0.00506	0.00607	0.00633	0.00354	0.00405	0.00607	0.00835	0.01113	0.02404	0.84388	0.02885	0.01366	0.00557	0.00177	0.00253	0.01240	0.00405	0.00354
66	0.00617	0.00446	0.00583	0.00549	0.00652	0.00412	0.00412	0.00823	0.01235	0.01749	0.81722	0.03258	0.04115	0.00892	0.00514	0.00137	0.00206	0.00789	0.00480	0.00412
67	0.01085	0.00937	0.00986	0.00888	0.01134	0.01085	0.00690	0.02318	0.81164	0.01824	0.01775	0.01627	0.01331	0.00592	0.00444	0.00148	0.00345	0.00493	0.00444	0.00690
68	0.00531	0.00380	0.00506	0.00607	0.00633	0.00354	0.00405	0.00607	0.00835	0.01113	0.02404	0.84388	0.02885	0.01366	0.00557	0.00177	0.00253	0.01240	0.00405	0.00354
69	0.01276	0.65297	0.02037	0.00836	0.01174	0.20970	0.00769	0.01409	0.00969	0.01036	0.00622	0.00720	0.00560	0.00391	0.00307	0.00098	0.00542	0.00245	0.00196	0.00547
70	0.00881	0.02214	0.79343	0.01266	0.01903	0.01016	0.04639	0.01382	0.00925	0.01382	0.00787	0.00931	0.00557	0.00413	0.00418	0.00138	0.00648	0.00330	0.00186	0.00642
71	0.00703	0.00502	0.00703	0.00803	0.00904	0.00502	0.00703	0.00904	0.01004	0.01305	0.02309	0.04920	0.02510	0.01205	0.00602	0.00201	0.00402	0.79016	0.00402	0.00402
72	0.01079	0.01036	0.01770	0.02677	0.81952	0.01036	0.01339	0.01339	0.00993	0.01425	0.00820	0.01079	0.00691	0.00389	0.00432	0.00130	0.00518	0.00389	0.00216	0.00691
73	0.01924	0.00758	0.01068	0.00814	0.01155	0.00657	0.03476	0.02100	0.01241	0.79378	0.01691	0.01474	0.01065	0.00534	0.00441	0.00135	0.00384	0.00441	0.00528	0.00737
74	0.01079	0.01036	0.01770	0.02677	0.81952	0.01036	0.01339	0.01339	0.00993	0.01425	0.00820	0.01079	0.00691	0.00389	0.00432	0.00130	0.00518	0.00389	0.00216	0.00691
75	0.01029	0.01176	0.02574	0.01838	0.02279	0.01103	0.80368	0.01397	0.01029	0.01397	0.00882	0.01176	0.00662	0.00368	0.00515	0.00147	0.00735	0.00515	0.00221	0.00588
76	0.00875	0.02256	0.82413	0.01243	0.01888	0.01013	0.01611	0.01381	0.00921	0.01381	0.00783	0.00921	0.00552	0.00414	0.00414	0.00138	0.00645	0.00322	0.00184	0.00645
77	0.01341	0.21281	0.01439	0.00983	0.01213	0.42312	0.00796	0.03450	0.05045	0.01141	0.00930	0.01037	0.05394	0.00520	0.00512	0.00122	0.11392	0.00334	0.00238	0.00522
78	0.00515	0.00442	0.00442	0.00442	0.00589	0.00368	0.00331	0.00626	0.00994	0.01178	0.04418	0.04197	0.81775	0.01105	0.00515	0.00147	0.00221	0.00920	0.00405	0.00368
79	0.00617	0.00445	0.00584	0.00555	0.00656	0.00412	0.00417	0.00820	0.01221	0.01727	0.78481	0.05053	0.04058	0.00908	0.00517	0.00139	0.00211	0.02292	0.00477	0.00410
80	0.00985	0.00958	0.01682	0.31007	0.46934	0.01019	0.08547	0.01265	0.00954	0.01313	0.00810	0.01118	0.00650	0.00403	0.00441	0.00137	0.00560	0.00400	0.00209	0.00609
81	0.00882	0.02203	0.78511	0.01272	0.01907	0.01017	0.05460	0.01382	0.00926	0.01382	0.00788	0.00933	0.00558	0.00412	0.00419	0.00139	0.00649	0.00332	0.00186	0.00642
82	0.00824	0.00775	0.01308	0.83624	0.03004	0.00969	0.01211	0.01114	0.00872	0.01114	0.00775	0.01163	0.00581	0.00436	0.00436	0.00145	0.00581	0.00388	0.00194	0.00484
83	0.00875	0.02256	0.82413	0.01243	0.01888	0.01013	0.01611	0.01381	0.00921	0.01381	0.00783	0.00921	0.00552	0.00414	0.00414	0.00138	0.00645	0.00322	0.00184	0.00645
84	0.00973	0.00928	0.01579	0.36223	0.49234	0.01008	0.01286	0.01246	0.00943	0.01296	0.00802	0.01114	0.00645	0.00408	0.00434	0.00136	0.00544	0.00388	0.00207	0.00605
85	0.01075	0.01032	0.01762	0.04117	0.80547	0.01035	0.01336	0.01335	0.00991	0.01419	0.00820	0.01081	0.00689	0.00389	0.00432	0.00130	0.00519	0.00389	0.00215	0.00687
86	0.00536	0.00383	0.00511	0.00612	0.00639	0.00358	0.00412	0.00614	0.00839	0.01118	0.02402	0.82460	0.02876	0.01362	0.00558	0.00178	0.00257	0.03127	0.00405	0.00355
87	0.01929	0.00736	0.01003	0.00771	0.01104	0.00636	0.00636	0.02098	0.01248	0.80570	0.03394	0.01522	0.01143	0.00547	0.00440	0.00135	0.00368	0.00446	0.00539	0.00735
88	0.01001	0.01132	0.02457	0.01769	0.02187	0.01061	0.75871	0.01353	0.01018	0.01381	0.00968	0.05856	0.00787	0.00424	0.00517	0.00149	0.00708	0.00555	0.00231	0.00575
89	0.01079	0.01036	0.01770	0.02677	0.81952	0.01036	0.01339	0.01339	0.00993	0.01425	0.00820	0.01079	0.00691	0.00389	0.00432	0.00130	0.00518	0.00389	0.00216	0.00691
90	0.00993	0.01428	0.26802	0.01855	0.27948	0.01017	0.25988	0.01355	0.00986	0.02716	0.00984	0.01190	0.03831	0.00421	0.00456	0.00138	0.00611	0.00429	0.00220	0.00633
91	0.01276	0.10729	0.08976	0.16058	0.12039	0.00889	0.01949	0.01500	0.01026	0.30038	0.01276	0.10214	0.01018	0.00557	0.00430	0.00136	0.00457	0.00476	0.00341	0.00614
92	0.00889	0.06352	0.78443	0.01218	0.01850	0.01048	0.01569	0.01377	0.00919	0.01364	0.00774	0.00910	0.00553	0.00412	0.00408	0.00136	0.00636	0.00318	0.00184	0.00640
93	0.01071	0.01027	0.01754	0.05488	0.79210	0.01034	0.01334	0.01331	0.00989	0.01414	0.00819	0.01082	0.00687	0.00390	0.00432	0.00130	0.00520	0.00389	0.00215	0.00684
94	0.00957	0.14642	0.60394	0.01179	0.01728	0.04289	0.04153	0.01368	0.00919	0.01300	0.00745	0.00893	0.00559	0.00425	0.00447	0.00133	0.04749	0.00317	0.00188	0.00616
95	0.00986	0.00978	0.01796	0.36205	0.20955	0.01044	0.25043	0.05184	0.01006	0.01352	0.00831	0.01142	0.00639	0.00409	0.00459	0.00141	0.00608	0.00426	0.00219	0.00576
96	0.00875	0.02256	0.82413	0.01243	0.01888	0.01013	0.01611	0.01381	0.00921	0.01381	0.00783	0.00921	0.00552	0.00414	0.00414	0.00138	0.00645	0.00322	0.00184	0.00645
97	0.01018	0.01033	0.03765	0.18474	0.54408	0.01031	0.11268	0.01303	0.00972	0.01359	0.00818	0.01104	0.00662	0.00396	0.00443	0.00135	0.00561	0.00403	0.00211	0.00636
98	0.00856	0.01203	0.20853	0.01344	0.01715	0.00869	0.38007	0.01177	0.00957	0.01321	0.01305	0.20825	0.01273	0.00665	0.00506	0.00155	0.00580	0.05589	0.00267	0.00535
99	0.00904	0.00858	0.01454	0.58101	0.27896	0.00990	0.01251	0.01185	0.00910	0.01212	0.00789	0.01137	0.00616	0.00421	0.00435	0.00140	0.00561	0.00388	0.00201	0.00550
100	0.01406	0.01080	0.15239	0.01102	0.01494	0.00797	0.20933	0.01681	0.01121	0.40350	0.05385	0.03495	0.02767	0.00524	0.00462	0.00140	0.00496	0.00485	0.00389	0.00653
101	0.00531	0.00393	0.00498	0.00581	0.00629	0.00359	0.00396	0.00615	0.00867	0.01128	0.02766	0.68610	0.17130	0.01316	0.00550	0.00172	0.00250	0.02445	0.00405	0.00358
102	0.01134	0.01877	0.61620	0.01144	0.01712	0.00927	0.02903	0.01558	0.01000	0.20507	0.01006	0.01059	0.00679	0.00443	0.00422	0.00138	0.00582	0.00354	0.00269	0.00667
103	0.01894	0.00831	0.05759	0.00803	0.01159	0.00663	0.00698	0.02082	0.01229	0.77538	0.01666	0.01452	0.01049	0.00532	0.00437	0.00135	0.00387	0.00432	0.00519	0.00737
104	0.01014	0.00967	0.01615	0.02416	0.72449	0.00958	0.01221	0.01255	0.00993	0.01396	0.01241	0.01444	0.10161	0.00472	0.00442	0.00132	0.00483	0.00451	0.00238	0.00653
105	0.00984	0.01219	0.09458	0.03733	0.02176	0.01052	0.67256	0.01347	0.01006	0.01374	0.00952	0.05560	0.00768	0.00426	0.00506	0.00148	0.00698	0.00533	0.00226	0.00578
106	0.01951	0.00752	0.01018	0.00781	0.01118	0.00656	0.00645	0.03776	0.01265	0.80579	0.01706	0.01475	0.01073	0.00539	0.00439	0.00135	0.00373	0.00438	0.00538	0.00742
107	0.00895	0.02116	0.72089	0.01320	0.01938	0.01025	0.11795	0.01383	0.00935	0.01383	0.00796	0.00954	0.00567	0.00408	0.00427	0.00139	0.00656	0.00347	0.00189	0.00637
108	0.01079	0.01036	0.01770	0.02677	0.81952	0.01036	0.01339	0.01339	0.00993	0.01425	0.00820	0.01079	0.00691	0.00389	0.00432	0.00130	0.00518	0.00389	0.00216	0.00691
109	0.01557	0.09539	0.01325	0.01058	0.01310	0.60681	0.00822	0.12640	0.02656	0.01309	0.00751	0.00852	0.00613	0.00525	0.02421	0.00128	0.00716	0.00300	0.00255	0.00544
110	0.01011	0.00967	0.01647	0.24237	0.60924	0.01018	0.01305	0.01279	0.00961	0.01342	0.00808	0.01102	0.00662	0.00401	0.00433	0.00134	0.00535	0.00388	0.00210	0.00636
111	0.01025	0.01168	0.02548	0.03516	0.02294	0.01100	0.78744	0.01391	0.01026	0.01391	0.00880	0.01176	0.00660	0.00369	0.00513	0.00147	0.00732	0.00512	0.00220	0.00586
112	0.01030	0.00989	0.01689	0.14218	0.67733	0.01014	0.02525	0.01293	0.00976	0.01375	0.00889	0.01157	0.02340	0.00410	0.00435	0.00132	0.00524	0.00401	0.00217	0.00653
113	0.00956	0.00922	0.01550	0.47548	0.29247	0.02351	0.06820	0.03076	0.00957	0.01275	0.00803	0.01127	0.00627	0.00418	0.00439	0.00139	0.00572	0.00395	0.00209	0.00567
114	0.01029	0.01176	0.02574	0.01838	0.02279	0.01103	0.80368	0.01397	0.01029	0.01397	0.00882	0.01176	0.00662	0.00368	0.00515	0.00147	0.00735	0.00515	0.00221	0.00588
115	0.00515	0.00442	0.00442	0.00442	0.00589	0.00368	0.00331	0.00626	0.00994	0.01178	0.04418	0.04197	0.81775	0.01105	0.00515	0.00147	0.00221	0.00920	0.00405	0.00368
116	0.01043	0.01146	0.02471	0.01817	0.04790	0.01076	0.74409	0.01397	0.01030	0.03284	0.00929	0.02788	0.00715	0.00392	0.00511	0.00147	0.00710	0.00523	0.00231	0.00591
117	0.01899	0.00769	0.01021	0.00790	0.01123	0.00690	0.00650	0.04858	0.05619	0.75121	0.01700	0.01477	0.01082	0.00542	0.00439	0.00136	0.00373	0.00440	0.00531	0.00739
118	0.00531	0.00380	0.00506	0.00607	0.00633	0.00354	0.00405	0.00607	0.00835	0.01113	0.02404	0.84388	0.02885	0.01366	0.00557	0.00177	0.00253	0.01240	0.00405	0.00354
119	0.01658	0.01222	0.01309	0.01003	0.01353	0.01353	0.00829	0.80497	0.02051	0.02749	0.01047	0.01047	0.00742	0.00524	0.00436	0.00131	0.00480	0.00393	0.00436	0.00742
120	0.00634	0.00423	0.00476	0.00476	0.00476	0.00423	0.00264	0.00634	0.00634	0.00846	0.01374	0.02854	0.01586	0.84672	0.02220	0.00423	0.00423	0.00634	0.00264	0.00264
121	0.01468	0.15428	0.01363	0.00988	0.01259	0.42021	0.00788	0.13823	0.12778	0.02899	0.00913	0.00963	0.00721	0.00471	0.00387	0.00117	0.00603	0.00326	0.02105	0.00579
122	0.00581	0.00429	0.00541	0.00592	0.00660	0.00390	0.00412	0.00675	0.00862	0.01152	0.05382	0.54436	0.10161	0.09372	0.00700	0.00190	0.00280	0.06263	0.00383	0.06538
123	0.01217	0.45639	0.18373	0.00955	0.01351	0.16362	0.02874	0.03078	0.00992	0.03368	0.00701	0.00805	0.00579	0.00409	0.00358	0.00111	0.01769	0.00278	0.00209	0.00575
124	0.02765	0.27776	0.54264	0.01073	0.01617	0.02953	0.01304	0.01363	0.00913	0.01277	0.00722	0.00845	0.00553	0.00402	0.00369	0.00124	0.00586	0.00292	0.00188	0.00612
125	0.06196	0.57489	0.22324	0.00869	0.01301	0.03168	0.00950	0.01332	0.00894	0.01171	0.00652	0.00758	0.00553	0.00387	0.00315	0.00107	0.00510	0.00257	0.00192	0.00575
126	0.02335	0.06696	0.62603	0.01136	0.01695	0.05467	0.01382	0.03629	0.00981	0.04012	0.02008	0.01020	0.02325	0.00440	0.00406	0.00132	0.00602	0.00337	0.00217	0.02576
127	0.02602	0.22424	0.39908	0.00980	0.01430	0.05316	0.01106	0.01370	0.02897	0.06213	0.05201	0.05553	0.00928	0.00496	0.00391	0.00127	0.00527	0.00383	0.01559	0.00589
128	0.10581	0.23604	0.46233	0.01009	0.01512	0.02349	0.01187	0.02643	0.01986	0.02923	0.00760	0.00870	0.00577	0.00411	0.00363	0.00125	0.00548	0.00296	0.01422	0.00602
129	0.06363	0.38230	0.27485	0.00895	0.01312	0.04469	0.00973	0.02414	0.00940	0.03603	0.03768	0.04979	0.01963	0.00475	0.00359	0.00119	0.00502	0.00350	0.00230	0.00569
130	0.06691	0.30528	0.28973	0.00973	0.02821	0.01250	0.02048	0.09113	0.02779	0.07421	0.00886	0.00959	0.01714	0.00433	0.00364	0.00121	0.00507	0.00318	0.01486	0.00615
131	0.10494	0.22560	0.29908	0.00978	0.02697	0.08644	0.01022	0.04823	0.02438	0.08810	0.03291	0.00974	0.00728	0.00440	0.00370	0.00124	0.00527	0.00319	0.00255	0.00600

[dist]
# distance from previous block
# <min> <max>
4	71

[block]
# block no. 1 follows, 60 sequences, length 73
# corresponding to MSA columns:
# 288-360
name=unknown_B
#
# <colnr> <probs for GDERKNQSTAVLIFYWHMCP>
#	G	D	E	R	K	N	Q	S	T	A	V	L	I	F	Y	W	H	M	C	P
0	0.02733	0.26454	0.31584	0.02519	0.08179	0.02216	0.06524	0.02751	0.03102	0.01311	0.03315	0.01130	0.03404	0.02506	0.00432	0.00132	0.00538	0.00360	0.00222	0.00589
1	0.01021	0.11913	0.12177	0.01067	0.06556	0.05075	0.10405	0.08377	0.08356	0.02674	0.06750	0.01612	0.09001	0.04015	0.01854	0.00152	0.02803	0.00469	0.03836	0.01886
2	0.03460	0.06567	0.22766	0.01099	0.06946	0.06511	0.06443	0.09275	0.04428	0.09164	0.03944	0.06710	0.06703	0.02251	0.00469	0.00141	0.00499	0.00476	0.00306	0.01844
3	0.05279	0.03076	0.28210	0.02592	0.06937	0.02959	0.00967	0.02707	0.02413	0.04591	0.03343	0.05362	0.03407	0.03379	0.00492	0.00135	0.02706	0.01616	0.01644	0.18186
4	0.00907	0.01879	0.00913	0.00744	0.03707	0.00666	0.01579	0.06607	0.03740	0.03016	0.10969	0.03011	0.10784	0.00551	0.00432	0.00103	0.03384	0.00452	0.02063	0.44495
5	0.02448	0.00739	0.00886	0.03838	0.10856	0.05731	0.00627	0.01172	0.05006	0.10034	0.19997	0.08696	0.12788	0.00711	0.00454	0.00130	0.00346	0.01601	0.00372	0.13568
6	0.00837	0.00715	0.00975	0.07953	0.20251	0.02553	0.00732	0.03719	0.05020	0.02582	0.13987	0.14153	0.15029	0.00794	0.01826	0.00147	0.00375	0.00659	0.01807	0.05885
7	0.01079	0.01036	0.01770	0.02677	0.81952	0.01036	0.01339	0.01339	0.00993	0.01425	0.00820	0.01079	0.00691	0.00389	0.00432	0.00130	0.00518	0.00389	0.00216	0.00691
8	0.01059	0.01015	0.01733	0.09252	0.75539	0.01031	0.01328	0.01320	0.00983	0.01400	0.00817	0.01086	0.00682	0.00392	0.00432	0.00131	0.00523	0.00389	0.00214	0.00674
9	0.00529	0.00448	0.00460	0.00454	0.00603	0.00375	0.00340	0.00645	0.01000	0.01208	0.07771	0.05533	0.75071	0.01082	0.00512	0.00146	0.00223	0.00906	0.00405	0.02290
10	0.00965	0.00885	0.01474	0.23817	0.50157	0.00938	0.01169	0.01215	0.00934	0.01323	0.00882	0.01231	0.00739	0.04237	0.02034	0.00155	0.00520	0.00402	0.06331	0.00591
11	0.01079	0.01036	0.01770	0.02677	0.81952	0.01036	0.01339	0.01339	0.00993	0.01425	0.00820	0.01079	0.00691	0.00389	0.00432	0.00130	0.00518	0.00389	0.00216	0.00691
12	0.01567	0.13153	0.01376	0.01073	0.01318	0.72069	0.00830	0.01683	0.01189	0.01062	0.00665	0.00775	0.00562	0.00439	0.00378	0.00110	0.00744	0.00275	0.00220	0.00513
13	0.00904	0.00775	0.00904	0.00646	0.01034	0.00581	0.00517	0.01098	0.00904	0.01421	0.00775	0.00904	0.00646	0.00323	0.00323	0.00065	0.00323	0.00258	0.00258	0.87339
14	0.01203	0.63450	0.05699	0.00837	0.01183	0.13681	0.00802	0.01374	0.02245	0.01069	0.00688	0.00856	0.00625	0.00421	0.00339	0.00104	0.02300	0.02367	0.00202	0.00552
15	0.00653	0.00454	0.00595	0.00555	0.00664	0.00418	0.00418	0.00858	0.01235	0.03911	0.79573	0.03210	0.04034	0.00882	0.00512	0.00137	0.00210	0.00779	0.00482	0.00420
16	0.01166	0.84935	0.02285	0.00746	0.01119	0.01726	0.00746	0.01306	0.00886	0.01026	0.00606	0.00700	0.00560	0.00373	0.00280	0.00093	0.00466	0.00233	0.00187	0.00560
17	0.01085	0.00937	0.00986	0.00888	0.01134	0.01085	0.00690	0.02318	0.81164	0.01824	0.01775	0.01627	0.01331	0.00592	0.00444	0.00148	0.00345	0.00493	0.00444	0.00690
18	0.01643	0.01214	0.01301	0.01001	0.01347	0.01346	0.00825	0.78509	0.04063	0.02725	0.01066	0.01062	0.00757	0.00525	0.00436	0.00131	0.00477	0.00395	0.00436	0.00740
19	0.00634	0.00423	0.00476	0.00476	0.00476	0.00423	0.00264	0.00634	0.00634	0.00846	0.01374	0.02854	0.01586	0.84672	0.02220	0.00423	0.00423	0.00634	0.00264	0.00264
20	0.00531	0.00380	0.00506	0.00607	0.00633	0.00354	0.00405	0.00607	0.00835	0.01113	0.02404	0.84388	0.02885	0.01366	0.00557	0.00177	0.00253	0.01240	0.00405	0.00354
21	0.00903	0.00775	0.00913	0.02419	0.01076	0.00590	0.00532	0.01099	0.00904	0.01415	0.00775	0.00910	0.00645	0.00325	0.00325	0.00066	0.00329	0.00261	0.00257	0.85483
22	0.01166	0.84935	0.02285	0.00746	0.01119	0.01726	0.00746	0.01306	0.00886	0.01026	0.00606	0.00700	0.00560	0.00373	0.00280	0.00093	0.00466	0.00233	0.00187	0.00560
23	0.00824	0.00775	0.01308	0.83624	0.03004	0.00969	0.01211	0.01114	0.00872	0.01114	0.00775	0.01163	0.00581	0.00436	0.00436	0.00145	0.00581	0.00388	0.00194	0.00484
24	0.00893	0.07311	0.77513	0.01213	0.01841	0.01056	0.01559	0.01377	0.00919	0.01360	0.00772	0.00907	0.00553	0.00412	0.00406	0.00135	0.00634	0.00317	0.00184	0.00639
25	0.00824	0.00775	0.01308	0.83624	0.03004	0.00969	0.01211	0.01114	0.00872	0.01114	0.00775	0.01163	0.00581	0.00436	0.00436	0.00145	0.00581	0.00388	0.00194	0.00484
26	0.00875	0.02256	0.82413	0.01243	0.01888	0.01013	0.01611	0.01381	0.00921	0.01381	0.00783	0.00921	0.00552	0.00414	0.00414	0.00138	0.00645	0.00322	0.00184	0.00645
27	0.00899	0.09068	0.75811	0.01202	0.01824	0.01072	0.01540	0.01375	0.00918	0.01352	0.00768	0.00903	0.00553	0.00411	0.00403	0.00134	0.00630	0.00315	0.00184	0.00638
28	0.01056	0.01638	0.46219	0.04431	0.01803	0.00929	0.15695	0.01451	0.00991	0.14266	0.01057	0.03906	0.00802	0.00485	0.00449	0.00143	0.00594	0.03196	0.00263	0.00626
29	0.00940	0.20740	0.64498	0.01132	0.01716	0.01172	0.01418	0.01364	0.00913	0.01302	0.00743	0.00871	0.00554	0.00405	0.00384	0.00128	0.00605	0.00302	0.00185	0.00626
30	0.01455	0.01795	0.01126	0.01043	0.01242	0.67850	0.00777	0.01618	0.05086	0.01111	0.00960	0.12041	0.00911	0.00579	0.00418	0.00123	0.00693	0.00420	0.00260	0.00494
31	0.00910	0.00859	0.01454	0.53417	0.30434	0.00981	0.01243	0.01187	0.00917	0.01227	0.00829	0.01226	0.00667	0.00438	0.00439	0.00141	0.00555	0.02315	0.00207	0.00554
32	0.00546	0.00394	0.00534	0.02510	0.00699	0.00375	0.00437	0.00633	0.00844	0.01122	0.02362	0.78762	0.02815	0.01338	0.00556	0.00178	0.00267	0.04868	0.00400	0.00359
33	0.00824	0.00775	0.01308	0.83624	0.03004	0.00969	0.01211	0.01114	0.00872	0.01114	0.00775	0.01163	0.00581	0.00436	0.00436	0.00145	0.00581	0.00388	0.00194	0.00484
34	0.00875	0.02256	0.82413	0.01243	0.01888	0.01013	0.01611	0.01381	0.00921	0.01381	0.00783	0.00921	0.00552	0.00414	0.00414	0.00138	0.00645	0.00322	0.00184	0.00645
35	0.00899	0.02087	0.70262	0.01314	0.01923	0.01026	0.11916	0.01403	0.02595	0.01392	0.00816	0.00969	0.00583	0.00412	0.00428	0.00139	0.00650	0.00351	0.00194	0.00638
36	0.00531	0.00380	0.00506	0.00607	0.00633	0.00354	0.00405	0.00607	0.00835	0.01113	0.02404	0.84388	0.02885	0.01366	0.00557	0.00177	0.00253	0.01240	0.00405	0.00354
37	0.00824	0.00775	0.01308	0.83624	0.03004	0.00969	0.01211	0.01114	0.00872	0.01114	0.00775	0.01163	0.00581	0.00436	0.00436	0.00145	0.00581	0.00388	0.00194	0.00484
38	0.00963	0.01070	0.02296	0.01673	0.02059	0.01003	0.69643	0.01291	0.01003	0.01359	0.01086	0.12337	0.00960	0.00502	0.00520	0.00151	0.00671	0.00612	0.00245	0.00557
39	0.00897	0.04037	0.73007	0.01303	0.03333	0.01036	0.07639	0.01380	0.00930	0.01375	0.00787	0.00938	0.00564	0.00409	0.00419	0.00138	0.00645	0.00336	0.00188	0.00639
40	0.00758	0.00379	0.00568	0.00568	0.00568	0.00379	0.00379	0.00568	0.00568	0.00758	0.00758	0.01326	0.00758	0.01515	0.01705	0.87311	0.00379	0.00379	0.00189	0.00189
41	0.01389	0.00640	0.00846	0.00693	0.00935	0.00577	0.00555	0.03108	0.03841	0.46056	0.33590	0.02187	0.02291	0.00681	0.00469	0.00136	0.00306	0.00579	0.00511	0.00609
42	0.01042	0.03176	0.14382	0.09958	0.01387	0.00742	0.02968	0.02384	0.03748	0.17826	0.01655	0.04723	0.01530	0.00785	0.00500	0.00163	0.00461	0.31664	0.00363	0.00542
43	0.01066	0.01064	0.01900	0.02192	0.47846	0.01062	0.24330	0.01487	0.11757	0.01470	0.00967	0.01181	0.00768	0.00410	0.00458	0.00137	0.00558	0.00439	0.00248	0.00661
44	0.01029	0.01176	0.02574	0.01838	0.02279	0.01103	0.80368	0.01397	0.01029	0.01397	0.00882	0.01176	0.00662	0.00368	0.00515	0.00147	0.00735	0.00515	0.00221	0.00588
45	0.01656	0.01221	0.01354	0.03734	0.01442	0.22288	0.12675	0.12348	0.01307	0.35721	0.01202	0.01187	0.00821	0.00485	0.00438	0.00131	0.00555	0.00401	0.00385	0.00649
46	0.01527	0.01012	0.05444	0.01142	0.12031	0.00965	0.02118	0.21038	0.14931	0.31736	0.02613	0.01341	0.01001	0.00521	0.00439	0.00136	0.00430	0.00431	0.00430	0.00714
47	0.00543	0.00391	0.00516	0.00613	0.00643	0.00370	0.00411	0.00644	0.02549	0.01129	0.02390	0.82621	0.02851	0.01350	0.00554	0.00177	0.00255	0.01224	0.00406	0.00361
48	0.01079	0.01036	0.01770	0.02677	0.81952	0.01036	0.01339	0.01339	0.00993	0.01425	0.00820	0.01079	0.00691	0.00389	0.00432	0.00130	0.00518	0.00389	0.00216	0.00691
49	0.00996	0.36805	0.48930	0.01035	0.01567	0.01311	0.01250	0.01350	0.00906	0.01233	0.00709	0.00828	0.00556	0.00397	0.00358	0.00119	0.00570	0.00285	0.00185	0.00609
50	0.00902	0.02068	0.68532	0.01347	0.01956	0.01029	0.15303	0.01384	0.00940	0.01384	0.00800	0.00965	0.00571	0.00406	0.00432	0.00140	0.00660	0.00356	0.00190	0.00635
51	0.00913	0.11843	0.61997	0.01104	0.01682	0.01039	0.01362	0.01334	0.00915	0.01345	0.00761	0.00892	0.00566	0.00397	0.00386	0.00123	0.00580	0.00303	0.00194	0.12262
52	0.00515	0.00442	0.00442	0.00442	0.00589	0.00368	0.00331	0.00626	0.00994	0.01178	0.04418	0.04197	0.81775	0.01105	0.00515	0.00147	0.00221	0.00920	0.00405	0.00368
53	0.01037	0.16116	0.37191	0.01014	0.01469	0.01142	0.01108	0.05686	0.18676	0.02979	0.00996	0.01055	0.00752	0.00457	0.00418	0.00128	0.02551	0.00347	0.00267	0.06612
54	0.00531	0.00442	0.00463	0.00458	0.00598	0.00375	0.00343	0.00656	0.01030	0.01264	0.16030	0.04056	0.70109	0.01073	0.00515	0.00146	0.00219	0.00901	0.00416	0.00375
55	0.01074	0.00926	0.00977	0.00880	0.01123	0.01070	0.00684	0.02285	0.79399	0.01823	0.03540	0.01663	0.01393	0.00598	0.00445	0.00148	0.00342	0.00500	0.00445	0.00684
56	0.00634	0.00423	0.00476	0.00476	0.00476	0.00423	0.00264	0.00634	0.00634	0.00846	0.01374	0.02854	0.01586	0.84672	0.02220	0.00423	0.00423	0.00634	0.00264	0.00264
57	0.01658	0.01222	0.01309	0.01003	0.01353	0.01353	0.00829	0.80497	0.02051	0.02749	0.01047	0.01047	0.00742	0.00524	0.00436	0.00131	0.00480	0.00393	0.00436	0.00742
58	0.00623	0.00467	0.00701	0.00701	0.00779	0.00545	0.00545	0.00779	0.00701	0.01012	0.01168	0.01713	0.01090	0.03271	0.82944	0.00701	0.01168	0.00467	0.00234	0.00389
59	0.00758	0.00379	0.00568	0.00568	0.00568	0.00379	0.00379	0.00568	0.00568	0.00758	0.00758	0.01326	0.00758	0.01515	0.01705	0.87311	0.00379	0.00379	0.00189	0.00189
60	0.01166	0.84935	0.02285	0.00746	0.01119	0.01726	0.00746	0.01306	0.00886	0.01026	0.00606	0.00700	0.00560	0.00373	0.00280	0.00093	0.00466	0.00233	0.00187	0.00560
61	0.87753	0.00843	0.00641	0.00574	0.00843	0.00978	0.00472	0.01282	0.00742	0.01957	0.00607	0.00709	0.00472	0.00405	0.00270	0.00135	0.00337	0.00236	0.00270	0.00472
62	0.01640	0.01204	0.01290	0.00991	0.01335	0.01332	0.00818	0.78811	0.02027	0.02725	0.01055	0.01059	0.00750	0.00523	0.00434	0.00130	0.00474	0.00393	0.02275	0.00735
63	0.87753	0.00843	0.00641	0.00574	0.00843	0.00978	0.00472	0.01282	0.00742	0.01957	0.00607	0.00709	0.00472	0.00405	0.00270	0.00135	0.00337	0.00236	0.00270	0.00472
64	0.00954	0.00954	0.01336	0.01145	0.01145	0.01336	0.00954	0.01050	0.00668	0.01050	0.00573	0.00954	0.00573	0.00763	0.01431	0.00191	0.83874	0.00382	0.00191	0.00477
65	0.00824	0.00775	0.01308	0.83624	0.03004	0.00969	0.01211	0.01114	0.00872	0.01114	0.00775	0.01163	0.00581	0.00436	0.00436	0.00145	0.00581	0.00388	0.00194	0.00484
66	0.00871	0.00823	0.01394	0.68655	0.17603	0.00981	0.01235	0.01156	0.00894	0.01172	0.00784	0.01147	0.00602	0.00427	0.00435	0.00142	0.00570	0.00388	0.00198	0.00523
67	0.01439	0.01245	0.01169	0.00972	0.01258	0.16400	0.01940	0.34199	0.27226	0.04649	0.01244	0.01221	0.00921	0.00529	0.00427	0.00132	0.00484	0.00408	0.03470	0.00667
68	0.00610	0.00444	0.00573	0.00544	0.00648	0.00408	0.00407	0.00807	0.01213	0.01703	0.75668	0.04938	0.08576	0.00913	0.00515	0.00139	0.00208	0.00805	0.00474	0.00408
69	0.00811	0.00699	0.00967	0.25401	0.06105	0.00762	0.02409	0.01235	0.17629	0.02784	0.10334	0.03731	0.20941	0.00720	0.00475	0.00147	0.00390	0.03609	0.00346	0.00504
70	0.00677	0.00495	0.00708	0.00769	0.00869	0.00485	0.02650	0.00866	0.01013	0.01341	0.12899	0.15261	0.02728	0.01163	0.00582	0.00188	0.00364	0.56132	0.00408	0.00401
71	0.01079	0.01036	0.01770	0.02677	0.81952	0.01036	0.01339	0.01339	0.00993	0.01425	0.00820	0.01079	0.00691	0.00389	0.00432	0.00130	0.00518	0.00389	0.00216	0.00691
72	0.01079	0.01036	0.01770	0.02677	0.81952	0.01036	0.01339	0.01339	0.00993	0.01425	0.00820	0.01079	0.00691	0.00389	0.00432	0.00130	0.00518	0.00389	0.00216	0.00691

[dist]
# distance from previous block
# <min> <max>
0	2

[block]
# block no. 2 follows, 60 sequences, length 13
# corresponding to MSA columns:
# 363-375
name=unknown_C
#
# <colnr> <probs for GDERKNQSTAVLIFYWHMCP>
#	G	D	E	R	K	N	Q	S	T	A	V	L	I	F	Y	W	H	M	C	P
0	0.87753	0.00843	0.00641	0.00574	0.00843	0.00978	0.00472	0.01282	0.00742	0.01957	0.00607	0.00709	0.00472	0.00405	0.00270	0.00135	0.00337	0.00236	0.00270	0.00472
1	0.01565	0.01971	0.01245	0.01126	0.01329	0.75140	0.00853	0.01676	0.01182	0.01066	0.00664	0.00803	0.00563	0.00479	0.00492	0.00120	0.08711	0.00291	0.00221	0.00503
2	0.01658	0.01222	0.01309	0.01003	0.01353	0.01353	0.00829	0.80497	0.02051	0.02749	0.01047	0.01047	0.00742	0.00524	0.00436	0.00131	0.00480	0.00393	0.00436	0.00742
3	0.00536	0.00446	0.00471	0.00474	0.00614	0.00380	0.00362	0.00661	0.01017	0.01238	0.11320	0.04157	0.69760	0.01091	0.00521	0.00150	0.00231	0.05784	0.00412	0.00374
4	0.00623	0.00467	0.00701	0.00701	0.00779	0.00545	0.00545	0.00779	0.00701	0.01012	0.01168	0.01713	0.01090	0.03271	0.82944	0.00701	0.01168	0.00467	0.00234	0.00389
5	0.01029	0.01176	0.02574	0.01838	0.02279	0.01103	0.80368	0.01397	0.01029	0.01397	0.00882	0.01176	0.00662	0.00368	0.00515	0.00147	0.00735	0.00515	0.00221	0.00588
6	0.00610	0.00413	0.00483	0.00507	0.00513	0.00407	0.00297	0.00628	0.00681	0.00909	0.01616	0.22040	0.01891	0.65070	0.01829	0.00365	0.00383	0.00777	0.00297	0.00285
7	0.00553	0.00409	0.00548	0.00635	0.00659	0.00404	0.00433	0.00630	0.00827	0.01110	0.02311	0.80164	0.02768	0.01336	0.00601	0.00178	0.04486	0.01196	0.00394	0.00360
8	0.01029	0.01176	0.02574	0.01838	0.02279	0.01103	0.80368	0.01397	0.01029	0.01397	0.00882	0.01176	0.00662	0.00368	0.00515	0.00147	0.00735	0.00515	0.00221	0.00588
9	0.00924	0.00877	0.01489	0.51946	0.33899	0.00995	0.01261	0.01202	0.00919	0.01236	0.00793	0.01130	0.00624	0.00417	0.00434	0.00139	0.00557	0.00388	0.00202	0.00565
10	0.03200	0.00467	0.00489	0.00463	0.00587	0.00469	0.00354	0.04430	0.01005	0.03946	0.10697	0.01762	0.01431	0.00551	0.00338	0.00109	0.00224	0.00447	0.68601	0.00433
11	0.00536	0.00383	0.00510	0.00604	0.00634	0.00357	0.00405	0.00619	0.00856	0.01147	0.06558	0.80139	0.02949	0.01342	0.00554	0.00175	0.00251	0.01216	0.00409	0.00357
12	0.00947	0.22707	0.62593	0.01120	0.01698	0.01189	0.01397	0.01363	0.00912	0.01293	0.00739	0.00866	0.00554	0.00404	0.00381	0.00127	0.00601	0.00300	0.00185	0.00624

[dist]
# distance from previous block
# <min> <max>
0	1

[block]
# block no. 3 follows, 60 sequences, length 74
# corresponding to MSA columns:
# 377-450
name=unknown_D
#
# <colnr> <probs for GDERKNQSTAVLIFYWHMCP>
#	G	D	E	R	K	N	Q	S	T	A	V	L	I	F	Y	W	H	M	C	P
0	0.00709	0.00518	0.00638	0.00642	0.00750	0.00514	0.00476	0.02904	0.11901	0.03521	0.30091	0.32313	0.06705	0.01033	0.00521	0.00157	0.00265	0.05461	0.00440	0.00442
1	0.00531	0.00380	0.00506	0.00607	0.00633	0.00354	0.00405	0.00607	0.00835	0.01113	0.02404	0.84388	0.02885	0.01366	0.00557	0.00177	0.00253	0.01240	0.00405	0.00354
2	0.00824	0.00775	0.01308	0.83624	0.03004	0.00969	0.01211	0.01114	0.00872	0.01114	0.00775	0.01163	0.00581	0.00436	0.00436	0.00145	0.00581	0.00388	0.00194	0.00484
3	0.00966	0.00909	0.01486	0.30170	0.43107	0.00947	0.01176	0.01227	0.00939	0.01318	0.00798	0.01083	0.00647	0.00395	0.00417	0.00126	0.00512	0.00369	0.00214	0.13195
4	0.00887	0.05727	0.79049	0.01222	0.01855	0.01043	0.01575	0.01378	0.00919	0.01366	0.00775	0.00912	0.00553	0.00413	0.00409	0.00136	0.00637	0.00319	0.00184	0.00641
5	0.00634	0.00423	0.00476	0.00476	0.00476	0.00423	0.00264	0.00634	0.00634	0.00846	0.01374	0.02854	0.01586	0.84672	0.02220	0.00423	0.00423	0.00634	0.00264	0.00264
6	0.04213	0.01217	0.01223	0.00956	0.01286	0.07429	0.00781	0.64695	0.01846	0.02462	0.01153	0.01160	0.04569	0.00533	0.00427	0.00127	0.00479	0.00398	0.00406	0.04639
7	0.00875	0.02256	0.82413	0.01243	0.01888	0.01013	0.01611	0.01381	0.00921	0.01381	0.00783	0.00921	0.00552	0.00414	0.00414	0.00138	0.00645	0.00322	0.00184	0.00645
8	0.00531	0.00380	0.00506	0.00607	0.00633	0.00354	0.00405	0.00607	0.00835	0.01113	0.02404	0.84388	0.02885	0.01366	0.00557	0.00177	0.00253	0.01240	0.00405	0.00354
9	0.01079	0.01036	0.01770	0.02677	0.81952	0.01036	0.01339	0.01339	0.00993	0.01425	0.00820	0.01079	0.00691	0.00389	0.00432	0.00130	0.00518	0.00389	0.00216	0.00691
10	0.03239	0.00922	0.00980	0.00873	0.01126	0.01053	0.00682	0.02280	0.74004	0.07075	0.01743	0.01596	0.01294	0.00584	0.00439	0.00147	0.00347	0.00483	0.00446	0.00688
11	0.00615	0.00446	0.00579	0.00546	0.00650	0.00410	0.00410	0.00818	0.01229	0.01735	0.79782	0.03281	0.06063	0.00897	0.00514	0.00137	0.00206	0.00792	0.00478	0.00410
12	0.00966	0.00726	0.00877	0.00859	0.01036	0.00779	0.00726	0.17440	0.15383	0.01692	0.01957	0.03545	0.01940	0.00957	0.00540	0.00177	0.00408	0.49052	0.00416	0.00522
13	0.01957	0.00742	0.01012	0.00776	0.01113	0.00641	0.00641	0.02126	0.01248	0.82254	0.01721	0.01484	0.01080	0.00540	0.00439	0.00135	0.00371	0.00439	0.00540	0.00742
14	0.01166	0.84935	0.02285	0.00746	0.01119	0.01726	0.00746	0.01306	0.00886	0.01026	0.00606	0.00700	0.00560	0.00373	0.00280	0.00093	0.00466	0.00233	0.00187	0.00560
15	0.01029	0.01176	0.02574	0.01838	0.02279	0.01103	0.80368	0.01397	0.01029	0.01397	0.00882	0.01176	0.00662	0.00368	0.00515	0.00147	0.00735	0.00515	0.00221	0.00588
16	0.00531	0.00380	0.00506	0.00607	0.00633	0.00354	0.00405	0.00607	0.00835	0.01113	0.02404	0.84388	0.02885	0.01366	0.00557	0.00177	0.00253	0.01240	0.00405	0.00354
17	0.00703	0.00502	0.00703	0.00803	0.00904	0.00502	0.00703	0.00904	0.01004	0.01305	0.02309	0.04920	0.02510	0.01205	0.00602	0.00201	0.00402	0.79016	0.00402	0.00402
18	0.00623	0.00467	0.00701	0.00701	0.00779	0.00545	0.00545	0.00779	0.00701	0.01012	0.01168	0.01713	0.01090	0.03271	0.82944	0.00701	0.01168	0.00467	0.00234	0.00389
19	0.00617	0.00446	0.00583	0.00549	0.00652	0.00412	0.00412	0.00823	0.01235	0.01749	0.81722	0.03258	0.04115	0.00892	0.00514	0.00137	0.00206	0.00789	0.00480	0.00412
