[name]
unknown

[dist]
# distance from previous block
# <min> <max>
2	52

[block]
# block no. 0 follows, 56 sequences, length 10
# corresponding to MSA columns:
# 53-62
name=unknown_A
#
# <colnr> <probs for GDERKNQSTAVLIFYWHMCP>
#	G	D	E	R	K	N	Q	S	T	A	V	L	I	F	Y	W	H	M	C	P
0	0.03378	0.07747	0.44810	0.03813	0.09816	0.04852	0.01343	0.08752	0.03241	0.01577	0.03056	0.01194	0.02137	0.00488	0.00435	0.00141	0.00599	0.01716	0.00251	0.00655
1	0.09873	0.07709	0.12453	0.07582	0.19192	0.18158	0.03178	0.04153	0.01102	0.07077	0.00935	0.01212	0.00759	0.00487	0.00426	0.00137	0.00593	0.04088	0.00268	0.00618
2	0.00693	0.00599	0.00622	0.00630	0.00742	0.07129	0.00454	0.00828	0.01072	0.01385	0.24701	0.33176	0.20259	0.01109	0.00539	0.00157	0.00294	0.00969	0.00426	0.04214
3	0.04799	0.00490	0.00587	0.00600	0.00705	0.00462	0.02065	0.02547	0.01000	0.01385	0.11792	0.36604	0.23652	0.04077	0.00593	0.00173	0.00274	0.00985	0.06805	0.00405
4	0.01228	0.08660	0.07020	0.01821	0.31118	0.21484	0.12146	0.01480	0.01121	0.01389	0.07392	0.01216	0.00964	0.00466	0.00449	0.00132	0.00626	0.00415	0.00248	0.00623
5	0.00601	0.00437	0.00554	0.00632	0.00682	0.00412	0.00429	0.03312	0.00932	0.01228	0.02654	0.70742	0.10406	0.03850	0.00630	0.00190	0.00277	0.01223	0.00423	0.00385
6	0.00633	0.00488	0.00578	0.00609	0.00709	0.00464	0.00442	0.00848	0.07521	0.01349	0.14298	0.32145	0.26200	0.05602	0.00653	0.00184	0.00277	0.06153	0.00433	0.00413
7	0.00709	0.00537	0.00560	0.00559	0.00587	0.04659	0.00343	0.00737	0.00736	0.00948	0.01611	0.07170	0.05618	0.64972	0.08043	0.00422	0.00504	0.00684	0.00289	0.00312
8	0.01043	0.07448	0.01058	0.00713	0.01065	0.00767	0.00577	0.07576	0.03126	0.04420	0.07505	0.01298	0.01068	0.04738	0.00473	0.00107	0.00363	0.00361	0.00316	0.55980
9	0.07815	0.33111	0.12785	0.01011	0.02698	0.14388	0.02677	0.09746	0.01111	0.01444	0.00742	0.00865	0.00612	0.00448	0.00419	0.00121	0.04538	0.00303	0.00242	0.04924

[dist]
# distance from previous block
# <min> <max>
4	9

[block]
# block no. 1 follows, 56 sequences, length 113
# corresponding to MSA columns:
# 74-141,311-355
name=unknown_B
#
# <colnr> <probs for GDERKNQSTAVLIFYWHMCP>
#	G	D	E	R	K	N	Q	S	T	A	V	L	I	F	Y	W	H	M	C	P
0	0.04595	0.32926	0.15713	0.00910	0.01259	0.07841	0.00891	0.02831	0.09608	0.01307	0.00938	0.01130	0.00795	0.02681	0.14507	0.00235	0.00659	0.00350	0.00247	0.00578
1	0.01414	0.12876	0.01396	0.01199	0.10864	0.38318	0.00835	0.08496	0.03192	0.02671	0.00913	0.01241	0.00817	0.13055	0.00699	0.00170	0.00642	0.00378	0.00268	0.00557
2	0.06166	0.01018	0.01046	0.00859	0.03725	0.09435	0.00656	0.10278	0.05668	0.06910	0.05000	0.01159	0.00929	0.00447	0.00387	0.00101	0.00417	0.00348	0.00331	0.45119
3	0.01212	0.29306	0.30304	0.01088	0.02614	0.10646	0.02581	0.04050	0.03837	0.05177	0.00840	0.00942	0.00654	0.00446	0.00410	0.00126	0.02219	0.00322	0.00239	0.02987
4	0.00759	0.00501	0.00639	0.00606	0.00701	0.00465	0.03147	0.00849	0.00921	0.08261	0.10752	0.17984	0.17787	0.33154	0.01238	0.00271	0.00352	0.00839	0.00383	0.00390
5	0.01045	0.04282	0.01087	0.01044	0.09738	0.10219	0.03533	0.06786	0.07458	0.05769	0.06101	0.06616	0.11187	0.05916	0.15571	0.00270	0.00604	0.01898	0.00342	0.00535
6	0.02965	0.23385	0.08962	0.01177	0.01545	0.28058	0.15478	0.02619	0.02155	0.05799	0.00857	0.02450	0.00697	0.00456	0.00412	0.00125	0.00656	0.00363	0.00251	0.01589
7	0.00673	0.00517	0.00787	0.00765	0.00852	0.00599	0.02334	0.00835	0.00742	0.01070	0.01218	0.01817	0.01145	0.06074	0.75951	0.00704	0.02763	0.00497	0.00246	0.00412
8	0.00561	0.00426	0.00518	0.00583	0.00657	0.00383	0.00407	0.00662	0.00957	0.01231	0.07105	0.52575	0.28323	0.01321	0.00571	0.00175	0.00256	0.02477	0.00430	0.00382
9	0.02545	0.06648	0.01572	0.04029	0.14496	0.08813	0.10549	0.25799	0.07893	0.05116	0.01128	0.03304	0.01611	0.02003	0.02313	0.00157	0.00566	0.00448	0.00341	0.00668
10	0.01148	0.01100	0.01751	0.08775	0.61352	0.03238	0.02288	0.04812	0.02861	0.01509	0.00873	0.01139	0.00724	0.00451	0.00524	0.00142	0.05973	0.00410	0.00240	0.00691
11	0.00570	0.00409	0.00542	0.00629	0.00668	0.00381	0.00426	0.00667	0.00933	0.01255	0.12190	0.72683	0.04193	0.01373	0.00580	0.00181	0.00260	0.01242	0.00436	0.00381
12	0.72938	0.00901	0.00779	0.07915	0.01122	0.01049	0.00590	0.04583	0.03638	0.02011	0.00717	0.00837	0.00551	0.00441	0.00313	0.00143	0.00384	0.00279	0.00291	0.00518
13	0.18334	0.01035	0.01201	0.04632	0.06565	0.01147	0.05045	0.24898	0.22640	0.03025	0.04488	0.02839	0.01068	0.00556	0.00437	0.00146	0.00442	0.00450	0.00390	0.00664
14	0.00738	0.00588	0.00957	0.00849	0.00974	0.00616	0.12387	0.00907	0.00813	0.01162	0.01347	0.05617	0.01317	0.17651	0.41694	0.00501	0.00861	0.03425	0.07180	0.00417
15	0.02881	0.18392	0.01685	0.04243	0.28213	0.19617	0.01029	0.07168	0.09777	0.01473	0.00903	0.01040	0.00737	0.00456	0.00411	0.00127	0.00574	0.00359	0.00266	0.00647
16	0.00848	0.00511	0.00693	0.00704	0.04223	0.00474	0.00489	0.00974	0.01100	0.10934	0.37841	0.13900	0.07638	0.01041	0.00716	0.13207	0.00287	0.00764	0.03216	0.00441
17	0.01034	0.28336	0.54875	0.01138	0.01720	0.01311	0.01392	0.02874	0.00980	0.01362	0.00770	0.00898	0.00588	0.00425	0.00392	0.00130	0.00616	0.00311	0.00200	0.00652
18	0.02606	0.08686	0.13286	0.01587	0.10841	0.06370	0.32424	0.01378	0.01024	0.01394	0.04372	0.03006	0.00887	0.00609	0.04068	0.00172	0.05985	0.00469	0.00239	0.00599
19	0.00559	0.00410	0.00526	0.00615	0.00660	0.00376	0.00416	0.00647	0.00910	0.01195	0.04495	0.71549	0.13174	0.01392	0.00579	0.00181	0.00261	0.01251	0.00428	0.00376
20	0.01198	0.01099	0.01372	0.10535	0.23174	0.10934	0.04796	0.16454	0.05127	0.01698	0.03772	0.08542	0.02322	0.00587	0.00463	0.00141	0.00520	0.00510	0.06136	0.00618
21	0.01162	0.01115	0.01805	0.03776	0.73871	0.03299	0.01360	0.04148	0.01090	0.01531	0.00919	0.01173	0.01818	0.00427	0.00455	0.00136	0.00548	0.00414	0.00238	0.00716
22	0.03916	0.05994	0.71667	0.01255	0.01888	0.04631	0.01579	0.01463	0.00976	0.01443	0.00804	0.00945	0.00579	0.00435	0.00424	0.00142	0.00666	0.00330	0.00199	0.00662
23	0.02935	0.00904	0.01230	0.00979	0.04629	0.00809	0.10018	0.04661	0.04565	0.01548	0.00938	0.04150	0.00801	0.00444	0.00464	0.00103	0.05838	0.00374	0.00284	0.54325
24	0.02485	0.35611	0.11970	0.01061	0.09062	0.04051	0.00910	0.04893	0.08308	0.06275	0.06696	0.01316	0.04536	0.00514	0.00394	0.00125	0.00482	0.00394	0.00292	0.00624
25	0.01011	0.00952	0.01470	0.37781	0.09832	0.01175	0.04557	0.06386	0.04520	0.01343	0.00833	0.01171	0.00675	0.00592	0.01494	0.00170	0.24826	0.00418	0.00236	0.00560
26	0.00559	0.00402	0.00530	0.00633	0.00664	0.00373	0.00424	0.00640	0.00885	0.01174	0.02603	0.80860	0.05696	0.01429	0.00584	0.00185	0.00265	0.01294	0.00426	0.00373
27	0.03009	0.04990	0.13792	0.02587	0.09372	0.15119	0.05530	0.11768	0.14688	0.09319	0.01999	0.01196	0.00865	0.00512	0.00478	0.00141	0.03235	0.00405	0.00329	0.00667
28	0.01117	0.42500	0.26935	0.00963	0.01410	0.06524	0.01045	0.02856	0.03706	0.01274	0.01025	0.02432	0.05496	0.00486	0.00375	0.00122	0.00548	0.00351	0.00230	0.00606
29	0.00964	0.10040	0.68762	0.01358	0.07101	0.01139	0.01591	0.01443	0.00971	0.01422	0.00809	0.00958	0.00592	0.00430	0.00424	0.00140	0.00652	0.00335	0.00196	0.00673
30	0.01121	0.01033	0.01377	0.02838	0.34029	0.10481	0.03667	0.02412	0.06186	0.05075	0.01346	0.08376	0.01282	0.04302	0.00600	0.00167	0.02606	0.12191	0.00309	0.00601
31	0.01328	0.01212	0.01385	0.04842	0.27259	0.15646	0.01003	0.10638	0.14435	0.07579	0.01251	0.04010	0.02535	0.00562	0.00489	0.00143	0.02788	0.01900	0.00334	0.00664
32	0.05898	0.01123	0.01283	0.03182	0.01345	0.11330	0.08786	0.21450	0.03553	0.08158	0.02930	0.05127	0.09206	0.00674	0.00626	0.00153	0.12772	0.01447	0.00358	0.00599
33	0.00674	0.00561	0.00669	0.00645	0.00773	0.03886	0.03974	0.00820	0.01083	0.02680	0.23630	0.25723	0.30960	0.01107	0.00548	0.00159	0.00290	0.00970	0.00433	0.00418
34	0.00814	0.05484	0.06690	0.00878	0.02600	0.00752	0.06023	0.02557	0.12974	0.01485	0.18124	0.30344	0.02384	0.03620	0.00607	0.00170	0.02772	0.00827	0.00391	0.00505
35	0.01082	0.05373	0.38820	0.02272	0.07051	0.12451	0.15760	0.02586	0.01047	0.01393	0.00920	0.05780	0.00760	0.00496	0.00478	0.00144	0.02306	0.00430	0.00227	0.00625
36	0.01077	0.01201	0.05661	0.01750	0.09352	0.02412	0.50135	0.02912	0.09234	0.01522	0.01167	0.01563	0.02177	0.00498	0.00541	0.00156	0.02145	0.05599	0.00273	0.00626
37	0.01053	0.00899	0.00960	0.00877	0.01113	0.01020	0.00684	0.02156	0.66416	0.01848	0.07252	0.02153	0.06684	0.00707	0.00484	0.00157	0.00348	0.04050	0.00465	0.00672
38	0.01064	0.01192	0.02540	0.01945	0.08943	0.01121	0.69324	0.01430	0.01079	0.01463	0.01086	0.01369	0.04195	0.00423	0.00534	0.00153	0.00731	0.00549	0.00240	0.00618
39	0.01038	0.30696	0.49023	0.01176	0.02536	0.01332	0.05505	0.01427	0.00963	0.01325	0.00765	0.00904	0.00592	0.00418	0.00393	0.00129	0.00617	0.00318	0.00197	0.00645
40	0.00559	0.00402	0.00530	0.00631	0.00664	0.00374	0.00423	0.00640	0.00887	0.01175	0.02626	0.80005	0.06535	0.01426	0.00584	0.00185	0.00265	0.01290	0.00426	0.00374
41	0.01900	0.00772	0.01033	0.00803	0.01133	0.00684	0.00659	0.05570	0.01351	0.69593	0.09924	0.01734	0.01450	0.00606	0.00470	0.00142	0.00378	0.00498	0.00557	0.00745
42	0.00673	0.00480	0.00557	0.00548	0.00608	0.00470	0.00360	0.03377	0.00890	0.01182	0.13472	0.08454	0.15084	0.45253	0.06372	0.00344	0.00414	0.00763	0.00349	0.00350
43	0.07147	0.01205	0.01270	0.01087	0.04594	0.10614	0.04335	0.27647	0.21738	0.13648	0.01308	0.01278	0.00945	0.00542	0.00448	0.00142	0.00494	0.00429	0.00420	0.00710
44	0.01697	0.02158	0.01304	0.01183	0.01414	0.79987	0.00890	0.01815	0.01286	0.01123	0.00707	0.00832	0.00592	0.00481	0.00442	0.00120	0.02903	0.00298	0.00236	0.00531
45	0.00661	0.00490	0.00729	0.00729	0.00812	0.00570	0.00567	0.00827	0.00744	0.01083	0.01237	0.01801	0.01149	0.03364	0.79818	0.00721	0.01202	0.00490	0.02596	0.00410
46	0.01162	0.01069	0.01830	0.04846	0.69813	0.01062	0.04857	0.01435	0.01053	0.04972	0.00905	0.01157	0.00739	0.00415	0.00456	0.00136	0.00546	0.00414	0.00243	0.02889
47	0.01155	0.00978	0.01034	0.00918	0.01179	0.01119	0.00717	0.08293	0.69353	0.01971	0.04057	0.01803	0.04077	0.00644	0.00471	0.00154	0.00366	0.00534	0.00466	0.00712
48	0.00668	0.00445	0.00501	0.00501	0.00501	0.00445	0.00278	0.00668	0.00668	0.00890	0.01447	0.03004	0.01669	0.83866	0.02337	0.00445	0.00445	0.00668	0.00278	0.00278
49	0.00569	0.00463	0.00504	0.00500	0.00638	0.00398	0.00373	0.00708	0.01100	0.01383	0.22990	0.07757	0.58773	0.01121	0.00544	0.00154	0.00230	0.00951	0.00445	0.00398
50	0.01046	0.01427	0.21450	0.09104	0.20842	0.01118	0.28769	0.02521	0.04253	0.01475	0.00910	0.01159	0.00696	0.00433	0.00509	0.00149	0.02811	0.00443	0.00231	0.00653
51	0.01188	0.00985	0.01065	0.03809	0.01272	0.01133	0.00750	0.05511	0.71530	0.04649	0.01799	0.01666	0.01339	0.00612	0.00466	0.00154	0.00379	0.00509	0.00461	0.00723
52	0.02026	0.00835	0.01099	0.00842	0.01199	0.00754	0.00696	0.10423	0.01404	0.73008	0.01736	0.01514	0.01099	0.00566	0.00461	0.00142	0.00403	0.00457	0.00557	0.00781
53	0.02835	0.08384	0.63828	0.01284	0.01875	0.01150	0.06133	0.01424	0.00952	0.01417	0.00797	0.00965	0.00588	0.00454	0.00499	0.00146	0.06072	0.00346	0.00199	0.00653
54	0.01141	0.02353	0.00813	0.00688	0.00887	0.10229	0.00540	0.20789	0.01320	0.01871	0.03491	0.01824	0.11288	0.00619	0.00399	0.00123	0.00366	0.00484	0.40248	0.00526
55	0.01618	0.01189	0.01291	0.01011	0.01343	0.01315	0.00828	0.70268	0.02001	0.02694	0.01167	0.04054	0.00890	0.00772	0.05821	0.00178	0.00540	0.00450	0.01835	0.00736
56	0.00954	0.01031	0.06739	0.54520	0.12978	0.03916	0.03414	0.01247	0.00936	0.01234	0.00803	0.01162	0.00626	0.00481	0.00553	0.00153	0.08090	0.00403	0.00208	0.00552
57	0.01240	0.06788	0.33797	0.02999	0.01693	0.01177	0.07131	0.19391	0.11564	0.07090	0.02049	0.01177	0.00825	0.00495	0.00448	0.00143	0.00568	0.00405	0.00322	0.00698
58	0.00605	0.00480	0.00535	0.00538	0.00667	0.00427	0.00396	0.03242	0.01099	0.01394	0.18487	0.18906	0.49285	0.01152	0.00548	0.00158	0.00245	0.00988	0.00442	0.00406
59	0.00702	0.00506	0.00637	0.00644	0.00693	0.00534	0.00454	0.03289	0.00815	0.01099	0.01727	0.12609	0.04819	0.40044	0.17476	0.00416	0.03470	0.09392	0.00315	0.00360
60	0.03608	0.01282	0.02758	0.09081	0.31976	0.17067	0.07992	0.04469	0.08191	0.04057	0.00963	0.01177	0.00770	0.02111	0.00513	0.00146	0.02518	0.00409	0.00270	0.00642
61	0.04827	0.13893	0.16676	0.04452	0.15984	0.01232	0.29397	0.01408	0.00995	0.01411	0.00821	0.01061	0.00648	0.00426	0.00505	0.00143	0.04860	0.00412	0.00219	0.00630
62	0.00661	0.00433	0.00515	0.00532	0.00537	0.00429	0.00313	0.00657	0.00696	0.00929	0.01568	0.16199	0.01818	0.62929	0.01999	0.08041	0.00411	0.00749	0.00296	0.00287
63	0.12679	0.07046	0.01425	0.01208	0.05997	0.42681	0.09890	0.01622	0.03311	0.02794	0.04217	0.03360	0.00858	0.00501	0.00419	0.00130	0.00659	0.00381	0.00268	0.00554
64	0.01199	0.06891	0.21360	0.05708	0.25451	0.06507	0.05266	0.05551	0.06171	0.07679	0.01025	0.03377	0.00806	0.00482	0.00447	0.00140	0.00575	0.00416	0.00276	0.00674
65	0.01162	0.00923	0.00986	0.00855	0.01111	0.01020	0.00674	0.18057	0.43927	0.03783	0.07426	0.02091	0.12987	0.00705	0.00479	0.00150	0.00362	0.00580	0.02056	0.00665
66	0.01024	0.03773	0.51731	0.01567	0.13883	0.01116	0.10277	0.04896	0.04608	0.01538	0.00897	0.01059	0.00662	0.00439	0.00450	0.00144	0.00643	0.00382	0.00227	0.00684
67	0.04892	0.12625	0.15308	0.03505	0.12391	0.13867	0.16096	0.07918	0.01146	0.03279	0.00968	0.01127	0.03191	0.00485	0.01153	0.00140	0.00632	0.00396	0.00255	0.00626
68	0.03187	0.03998	0.01647	0.17903	0.17792	0.08354	0.10709	0.19908	0.01269	0.01687	0.00870	0.01100	0.00681	0.00500	0.00556	0.00904	0.07621	0.00406	0.00277	0.00632
69	0.00614	0.00452	0.00579	0.00644	0.00703	0.00435	0.00446	0.00800	0.06168	0.01345	0.16864	0.61786	0.04859	0.01287	0.00569	0.00176	0.00263	0.01159	0.00443	0.00407
70	0.09181	0.33260	0.21206	0.00989	0.02855	0.06643	0.02593	0.08261	0.02783	0.01469	0.01029	0.01113	0.05888	0.00481	0.00378	0.00125	0.00534	0.00349	0.00252	0.00608
71	0.07637	0.01161	0.01269	0.03282	0.09481	0.12506	0.06866	0.19665	0.16653	0.01915	0.06707	0.01430	0.02418	0.00551	0.00445	0.00139	0.00495	0.00453	0.06292	0.00635
72	0.00580	0.00410	0.00534	0.00617	0.00646	0.00386	0.00407	0.00658	0.00880	0.01181	0.07712	0.67692	0.02948	0.12068	0.00809	0.00217	0.00286	0.01190	0.00412	0.00365
73	0.00720	0.06004	0.00722	0.00623	0.00754	0.00567	0.00466	0.06849	0.01108	0.02183	0.16910	0.34308	0.24837	0.01126	0.00536	0.00160	0.00282	0.00979	0.00429	0.00437
74	0.02357	0.18507	0.21222	0.01376	0.11300	0.08744	0.12421	0.05848	0.05095	0.03526	0.02511	0.03329	0.00825	0.00477	0.00430	0.00135	0.00594	0.00405	0.00260	0.00639
75	0.05644	0.07803	0.08445	0.03612	0.35887	0.07905	0.01132	0.01488	0.08105	0.03079	0.00933	0.01142	0.00766	0.00665	0.05859	0.00179	0.06071	0.00388	0.00253	0.00644
76	0.00653	0.00478	0.00579	0.00609	0.00705	0.00448	0.00439	0.00833	0.05564	0.03069	0.14669	0.35281	0.23643	0.04038	0.00651	0.02362	0.00275	0.04860	0.00433	0.00410
77	0.00926	0.00789	0.00924	0.00677	0.01060	0.00596	0.00536	0.01122	0.00947	0.01475	0.00929	0.06379	0.00835	0.00412	0.00356	0.00076	0.00335	0.00340	0.00282	0.81003
78	0.04883	0.08039	0.19100	0.02424	0.20860	0.06735	0.07648	0.04635	0.04554	0.07068	0.04221	0.01374	0.04892	0.00508	0.00445	0.00139	0.00552	0.00992	0.00286	0.00646
79	0.00655	0.00442	0.00513	0.00531	0.00539	0.00438	0.00314	0.00673	0.00710	0.00945	0.01628	0.14073	0.01889	0.69792	0.02040	0.00402	0.00420	0.03396	0.00303	0.00296
80	0.01122	0.01089	0.13786	0.01009	0.06435	0.00910	0.00853	0.21044	0.09409	0.06476	0.18964	0.03605	0.09595	0.00714	0.00490	0.00147	0.00418	0.02899	0.00414	0.00623
81	0.04876	0.04761	0.26215	0.01453	0.11552	0.05900	0.16173	0.03750	0.10552	0.04607	0.02221	0.03990	0.00883	0.00496	0.00457	0.00145	0.00593	0.00445	0.00279	0.00652
82	0.02732	0.03299	0.21990	0.07394	0.38924	0.03879	0.06337	0.03909	0.02410	0.03519	0.00888	0.01099	0.00692	0.00432	0.00448	0.00140	0.00595	0.00393	0.00238	0.00683
83	0.00901	0.00484	0.00495	0.00477	0.00596	0.00492	0.00359	0.06187	0.01031	0.01752	0.01498	0.03939	0.01215	0.02837	0.00392	0.00120	0.00241	0.00457	0.76081	0.00445
84	0.01030	0.13326	0.33640	0.01530	0.05962	0.01201	0.30970	0.01426	0.01009	0.01400	0.00912	0.01116	0.02217	0.00430	0.00476	0.00143	0.01940	0.00420	0.00215	0.00637
85	0.01252	0.07972	0.21455	0.05536	0.10217	0.09286	0.03149	0.18047	0.06683	0.04206	0.04539	0.02370	0.02228	0.00522	0.00445	0.00138	0.00563	0.00421	0.00311	0.00660
86	0.00664	0.00447	0.00519	0.00534	0.00543	0.00445	0.00320	0.00684	0.00709	0.00943	0.01594	0.09288	0.01837	0.72157	0.02091	0.00410	0.00430	0.05790	0.00299	0.00295
87	0.03843	0.00695	0.00805	0.00734	0.00905	0.02186	0.03375	0.15470	0.03984	0.04439	0.05965	0.27136	0.10653	0.00913	0.00488	0.00152	0.00338	0.02262	0.15152	0.00506
88	0.01136	0.14442	0.11720	0.07654	0.19132	0.07664	0.17555	0.02432	0.01052	0.03836	0.01034	0.02306	0.03343	0.00489	0.00472	0.00140	0.02191	0.02537	0.00246	0.00619
89	0.03293	0.03361	0.09586	0.04720	0.17359	0.03213	0.07579	0.08585	0.14207	0.05547	0.03849	0.01772	0.07603	0.02229	0.01622	0.00161	0.00508	0.03837	0.00336	0.00634
90	0.01532	0.00991	0.01113	0.00895	0.01188	0.01060	0.00722	0.40356	0.12225	0.16196	0.05316	0.01448	0.01136	0.00650	0.00542	0.05821	0.00422	0.00457	0.07240	0.00690
91	0.15625	0.01117	0.03293	0.01313	0.19720	0.10618	0.00861	0.15380	0.01235	0.12247	0.02054	0.08585	0.01023	0.04319	0.00520	0.00155	0.00490	0.00472	0.00346	0.00626
92	0.10330	0.32792	0.14192	0.01060	0.03982	0.09830	0.05153	0.13278	0.02789	0.01572	0.00793	0.00898	0.00634	0.00440	0.00375	0.00124	0.00557	0.00318	0.00258	0.00625
93	0.00556	0.00456	0.00485	0.00496	0.00626	0.00391	0.00362	0.00670	0.01030	0.01260	0.09278	0.14340	0.63374	0.03857	0.00606	0.00168	0.00243	0.00993	0.00427	0.00385
94	0.01387	0.01658	0.07460	0.01381	0.13822	0.41844	0.04386	0.05158	0.01261	0.03197	0.11188	0.01364	0.01165	0.00540	0.00452	0.00132	0.00658	0.02082	0.00288	0.00579
95	0.04267	0.04390	0.16840	0.01191	0.07824	0.09696	0.04384	0.13235	0.15664	0.11314	0.02832	0.01364	0.03880	0.00537	0.00448	0.00141	0.00527	0.00434	0.00354	0.00676
96	0.01028	0.06053	0.16573	0.03838	0.08144	0.01033	0.04971	0.06372	0.00999	0.05677	0.01247	0.10948	0.03262	0.00776	0.01472	0.03126	0.18386	0.05242	0.00286	0.00565
97	0.00962	0.00886	0.01435	0.61025	0.16110	0.01048	0.01245	0.04679	0.04555	0.01332	0.00884	0.01228	0.00677	0.00476	0.00475	0.01194	0.00582	0.00413	0.00231	0.00564
98	0.01034	0.00982	0.01527	0.46059	0.17842	0.03930	0.05622	0.07532	0.01050	0.01385	0.00875	0.03015	0.00706	0.00498	0.00533	0.00151	0.06013	0.00432	0.00237	0.00577
99	0.00695	0.00516	0.00740	0.18420	0.01226	0.00532	0.00616	0.00842	0.00954	0.04531	0.09210	0.49732	0.07974	0.01127	0.00546	0.00171	0.00340	0.01011	0.00391	0.00426
100	0.01547	0.01875	0.01215	0.01106	0.01325	0.65092	0.00837	0.04882	0.02541	0.01201	0.00823	0.01001	0.00696	0.00927	0.12740	0.00213	0.00868	0.00334	0.00251	0.00527
101	0.02690	0.02587	0.01298	0.01016	0.01352	0.04975	0.00828	0.57407	0.16834	0.02553	0.01294	0.01267	0.02625	0.00570	0.00456	0.00140	0.00485	0.00435	0.00444	0.00744
102	0.02672	0.00541	0.00640	0.00670	0.00768	0.00536	0.00478	0.09370	0.04100	0.01434	0.04352	0.56759	0.13459	0.01237	0.00554	0.00174	0.00292	0.01096	0.00430	0.00437
103	0.01115	0.00834	0.00909	0.00812	0.01050	0.00908	0.00632	0.03465	0.49949	0.10294	0.06811	0.03698	0.13164	0.00725	0.00479	0.00152	0.00334	0.00606	0.03412	0.00650
104	0.00632	0.00483	0.00694	0.11333	0.02755	0.00489	0.00592	0.00759	0.00907	0.01202	0.02262	0.62458	0.02629	0.01271	0.00572	0.00184	0.00334	0.09648	0.00393	0.00404
105	0.01301	0.01116	0.01335	0.03231	0.18626	0.09524	0.04099	0.07511	0.30244	0.09979	0.01401	0.05024	0.01103	0.00578	0.00494	0.00147	0.02736	0.00488	0.00376	0.00685
106	0.00989	0.00947	0.01692	0.33966	0.31725	0.01015	0.13035	0.01258	0.00969	0.01315	0.00881	0.02732	0.00725	0.00522	0.00560	0.05829	0.00591	0.00445	0.00221	0.00584
107	0.01526	0.01647	0.01290	0.01118	0.01340	0.42861	0.00875	0.19926	0.03678	0.01571	0.02379	0.01039	0.00757	0.00687	0.04163	0.00165	0.13732	0.00365	0.00296	0.00584
108	0.03321	0.11651	0.03143	0.00901	0.01251	0.03831	0.04161	0.15212	0.02780	0.40316	0.04098	0.01500	0.04634	0.00565	0.00444	0.00136	0.00448	0.00452	0.00451	0.00703
109	0.01079	0.04975	0.28910	0.07102	0.18148	0.01151	0.23331	0.07038	0.01098	0.01538	0.00873	0.01096	0.00660	0.00425	0.00467	0.00144	0.00654	0.00416	0.00231	0.00664
110	0.00565	0.00417	0.00531	0.00615	0.00668	0.00382	0.00423	0.00660	0.00926	0.01212	0.05548	0.65524	0.15764	0.01371	0.00579	0.00181	0.00264	0.03563	0.00429	0.00379
111	0.00574	0.00410	0.00549	0.00651	0.00685	0.00385	0.00447	0.00667	0.00904	0.01207	0.05053	0.75826	0.03052	0.01411	0.00588	0.00187	0.00275	0.06322	0.00429	0.00378
112	0.00967	0.04301	0.59809	0.01418	0.04732	0.01123	0.11818	0.01443	0.02051	0.01431	0.00834	0.01017	0.00615	0.00454	0.00518	0.00149	0.06086	0.00372	0.00204	0.00659

[dist]
# distance from previous block
# <min> <max>
0	7

[block]
# block no. 2 follows, 56 sequences, length 31
# corresponding to MSA columns:
# 363-393
name=unknown_C
#
# <colnr> <probs for GDERKNQSTAVLIFYWHMCP>
#	G	D	E	R	K	N	Q	S	T	A	V	L	I	F	Y	W	H	M	C	P
0	0.00651	0.00470	0.00542	0.00543	0.00673	0.00410	0.00399	0.00783	0.01079	0.05711	0.19590	0.20123	0.45089	0.01141	0.00547	0.00159	0.00245	0.00981	0.00450	0.00415
1	0.00559	0.00400	0.00533	0.00639	0.00666	0.00373	0.00426	0.00639	0.00879	0.01172	0.02530	0.83566	0.03036	0.01438	0.00586	0.00186	0.00266	0.01305	0.00426	0.00373
2	0.00921	0.02375	0.81487	0.01309	0.01987	0.01066	0.01696	0.01454	0.00969	0.01454	0.00824	0.00969	0.00582	0.00436	0.00436	0.00145	0.00678	0.00339	0.00194	0.00678
3	0.00598	0.00432	0.00572	0.00660	0.00715	0.00406	0.00477	0.00715	0.00956	0.01271	0.09660	0.58611	0.07168	0.01349	0.00588	0.00185	0.00287	0.14529	0.00433	0.00388
4	0.00979	0.00825	0.00960	0.00694	0.01089	0.00644	0.00556	0.04902	0.01023	0.01576	0.03852	0.01053	0.00823	0.00373	0.00353	0.00074	0.00343	0.00300	0.00290	0.79292
5	0.01193	0.01230	0.02499	0.01795	0.02245	0.01178	0.67495	0.10915	0.01220	0.04041	0.00976	0.01232	0.00720	0.00412	0.00529	0.00152	0.00730	0.00524	0.00270	0.00644
6	0.00559	0.00400	0.00533	0.00639	0.00666	0.00373	0.00426	0.00639	0.00879	0.01172	0.02530	0.83566	0.03036	0.01438	0.00586	0.00186	0.00266	0.01305	0.00426	0.00373
7	0.00714	0.00510	0.00710	0.00816	0.00910	0.00506	0.00694	0.00906	0.01031	0.01345	0.02445	0.16502	0.02699	0.01293	0.00627	0.00208	0.00400	0.66846	0.00423	0.00416
8	0.01014	0.18339	0.40652	0.13440	0.01863	0.07001	0.01299	0.01367	0.00964	0.01286	0.00863	0.05452	0.00723	0.00501	0.00455	0.00139	0.03446	0.00382	0.00212	0.00602
9	0.01383	0.01376	0.13382	0.08333	0.01604	0.05137	0.01006	0.37317	0.19017	0.02162	0.01168	0.01211	0.00858	0.00546	0.00491	0.00145	0.03358	0.00419	0.00379	0.00708
10	0.01132	0.00575	0.00661	0.00581	0.00743	0.00561	0.00439	0.07373	0.01103	0.18380	0.06949	0.01971	0.01437	0.14817	0.00721	0.00177	0.00314	0.00502	0.41059	0.00504
11	0.00562	0.00441	0.00509	0.00544	0.00645	0.00388	0.00388	0.00677	0.01015	0.01289	0.13327	0.33937	0.42170	0.01238	0.00559	0.00165	0.00243	0.01078	0.00436	0.00388
12	0.01136	0.01208	0.01550	0.38944	0.13713	0.18649	0.08882	0.03520	0.01059	0.01281	0.00820	0.01127	0.00647	0.00521	0.02098	0.00156	0.03504	0.00399	0.00225	0.00562
13	0.03367	0.17551	0.20139	0.01036	0.01457	0.13407	0.01012	0.21249	0.01359	0.13753	0.00986	0.01021	0.00716	0.00482	0.00412	0.00130	0.00571	0.00350	0.00326	0.00677
14	0.42016	0.05403	0.14573	0.01013	0.05613	0.15589	0.02959	0.05362	0.01004	0.01739	0.00726	0.00850	0.00565	0.00439	0.00358	0.00136	0.00530	0.00297	0.00261	0.00568
15	0.00951	0.13406	0.01499	0.08981	0.07636	0.03647	0.14863	0.04863	0.01011	0.01317	0.01428	0.27189	0.01502	0.02617	0.00578	0.00163	0.03905	0.03622	0.00303	0.00520
16	0.00656	0.00489	0.00722	0.00719	0.00801	0.00560	0.00555	0.00819	0.00776	0.01117	0.06987	0.01955	0.01393	0.05550	0.73885	0.00687	0.01134	0.00521	0.00266	0.00408
17	0.01095	0.10508	0.59188	0.01231	0.01804	0.14165	0.01460	0.02958	0.01041	0.01390	0.00792	0.00926	0.00588	0.00440	0.00419	0.00136	0.00681	0.00324	0.00206	0.00648
18	0.01170	0.19072	0.44726	0.01175	0.01716	0.03635	0.05056	0.13237	0.01165	0.03720	0.00855	0.00966	0.00634	0.00447	0.00415	0.00134	0.00615	0.00343	0.00248	0.00671
19	0.01992	0.00819	0.01082	0.00832	0.01182	0.00737	0.00686	0.09258	0.01391	0.71971	0.03914	0.01572	0.01192	0.00577	0.00464	0.00142	0.00396	0.00467	0.00557	0.00772
20	0.00559	0.00400	0.00533	0.00639	0.00666	0.00373	0.00426	0.00639	0.00879	0.01172	0.02530	0.83566	0.03036	0.01438	0.00586	0.00186	0.00266	0.01305	0.00426	0.00373
21	0.01069	0.15220	0.48783	0.03824	0.06174	0.01227	0.07045	0.08749	0.01086	0.01524	0.00830	0.00981	0.00619	0.00436	0.00425	0.00138	0.00630	0.00352	0.00224	0.00667
22	0.00557	0.00410	0.00522	0.00611	0.00658	0.00375	0.00413	0.00642	0.00907	0.01183	0.02879	0.70552	0.15825	0.01393	0.00579	0.00181	0.00261	0.01250	0.00426	0.00375
23	0.01669	0.00822	0.01007	0.00798	0.01088	0.00789	0.00636	0.19343	0.01388	0.45673	0.01801	0.01882	0.06898	0.13170	0.00750	0.00188	0.00413	0.00518	0.00490	0.00677
24	0.01659	0.01107	0.01456	0.01119	0.01478	0.05463	0.14859	0.23585	0.11735	0.30516	0.01403	0.01356	0.00963	0.00533	0.00473	0.00144	0.00512	0.00461	0.00446	0.00731
25	0.00692	0.00525	0.00728	0.00709	0.00759	0.00612	0.00524	0.00800	0.00713	0.01016	0.01237	0.02093	0.01255	0.27590	0.50360	0.00599	0.08618	0.00537	0.00252	0.00379
26	0.01061	0.00563	0.00729	0.00634	0.00824	0.00500	0.00494	0.01252	0.01268	0.25817	0.46063	0.03004	0.14213	0.00858	0.00517	0.00145	0.00272	0.00738	0.00513	0.00532
27	0.00941	0.00976	0.03831	0.53561	0.07082	0.01076	0.18188	0.01274	0.02154	0.01271	0.00849	0.01212	0.00647	0.00459	0.00526	0.00155	0.04595	0.00437	0.00215	0.00553
28	0.01099	0.01161	0.01699	0.28234	0.18573	0.13282	0.16674	0.01355	0.01012	0.01280	0.00843	0.01204	0.00688	0.00508	0.00585	0.02610	0.06677	0.01722	0.00223	0.00569
29	0.00578	0.00418	0.00544	0.00636	0.00679	0.00390	0.00440	0.00670	0.00905	0.01194	0.03906	0.66810	0.09060	0.04492	0.00651	0.00195	0.00282	0.07354	0.00422	0.00375
30	0.37145	0.00907	0.00942	0.00785	0.01057	0.01003	0.00645	0.15287	0.01121	0.14871	0.01005	0.01142	0.00764	0.00701	0.05442	0.00179	0.07724	0.01757	0.02241	0.05280

[dist]
# distance from previous block
# <min> <max>
0	3

[block]
# block no. 3 follows, 56 sequences, length 49
# corresponding to MSA columns:
# 397-445
name=unknown_D
#
# <colnr> <probs for GDERKNQSTAVLIFYWHMCP>
#	G	D	E	R	K	N	Q	S	T	A	V	L	I	F	Y	W	H	M	C	P
0	0.27336	0.02892	0.01120	0.00921	0.03929	0.07748	0.02887	0.21212	0.02686	0.03153	0.00968	0.01054	0.03026	0.00483	0.00414	0.00127	0.02984	0.00346	0.00326	0.16388
1	0.01365	0.33813	0.09326	0.01047	0.01376	0.31090	0.02930	0.04219	0.01107	0.01219	0.02057	0.00883	0.00663	0.00471	0.00458	0.00121	0.06746	0.00308	0.00226	0.00575
2	0.00553	0.00465	0.00479	0.00476	0.00626	0.00392	0.00357	0.00678	0.01070	0.01296	0.11706	0.04327	0.73725	0.01142	0.00542	0.00154	0.00231	0.00956	0.00434	0.00392
3	0.00995	0.00949	0.05810	0.00795	0.01203	0.01786	0.04299	0.04187	0.01024	0.02423	0.03315	0.02023	0.00822	0.00392	0.00371	0.00085	0.00389	0.00326	0.00284	0.68524
4	0.00692	0.00489	0.00550	0.00526	0.00682	0.00420	0.00398	0.00833	0.01115	0.07974	0.20770	0.07621	0.54121	0.01078	0.00538	0.00153	0.00244	0.00913	0.00455	0.00429
5	0.00599	0.00455	0.00529	0.00530	0.00631	0.00409	0.00377	0.00727	0.01056	0.01384	0.29515	0.14090	0.33793	0.12903	0.00803	0.00197	0.00262	0.00923	0.00432	0.00385
6	0.01372	0.01206	0.01854	0.01849	0.27204	0.08791	0.23937	0.11019	0.02350	0.12959	0.01070	0.02423	0.00813	0.00467	0.00480	0.00142	0.00606	0.00460	0.00312	0.00686
7	0.04689	0.03140	0.03763	0.01179	0.08733	0.16273	0.00883	0.37297	0.06031	0.04792	0.01156	0.07883	0.00953	0.00590	0.00451	0.00139	0.00537	0.00460	0.00377	0.00675
8	0.00628	0.00518	0.00559	0.00563	0.00705	0.00481	0.00418	0.00888	0.10522	0.01357	0.09569	0.16911	0.52000	0.01128	0.00542	0.00160	0.00255	0.01931	0.00437	0.00430
9	0.00961	0.00679	0.00855	0.01776	0.03633	0.01826	0.00602	0.04952	0.09068	0.10121	0.40872	0.08973	0.02814	0.00837	0.00593	0.00151	0.07124	0.00705	0.02930	0.00529
10	0.01501	0.13956	0.04531	0.05410	0.07978	0.10451	0.05315	0.11651	0.04615	0.23312	0.01240	0.01267	0.03053	0.00521	0.00469	0.00136	0.03157	0.00411	0.00359	0.00669
11	0.01118	0.24534	0.43775	0.01081	0.01608	0.01269	0.01252	0.08646	0.03857	0.04504	0.01004	0.01085	0.03420	0.00471	0.00405	0.00132	0.00574	0.00353	0.00251	0.00659
12	0.00672	0.00527	0.00604	0.00569	0.00715	0.00492	0.00431	0.03410	0.06288	0.01631	0.41533	0.03655	0.35782	0.00999	0.00535	0.00149	0.00242	0.00854	0.00469	0.00444
13	0.00954	0.11887	0.60570	0.01188	0.01754	0.02930	0.01455	0.01393	0.00983	0.01392	0.00992	0.01443	0.00830	0.00532	0.00443	0.00147	0.00629	0.09625	0.00223	0.00634
14	0.01393	0.02211	0.01467	0.02814	0.28440	0.07330	0.04948	0.12432	0.11737	0.15720	0.01293	0.03851	0.01997	0.00533	0.00461	0.00141	0.00505	0.00464	0.01564	0.00699
15	0.01196	0.00754	0.00916	0.00807	0.00985	0.00795	0.00625	0.22099	0.01272	0.15020	0.01764	0.28611	0.04051	0.00953	0.00668	0.05715	0.07184	0.00732	0.05298	0.00554
16	0.00864	0.00490	0.00712	0.07406	0.00863	0.00516	0.00501	0.05711	0.00725	0.00963	0.00819	0.01363	0.00781	0.01434	0.01598	0.73951	0.00423	0.00400	0.00216	0.00262
17	0.00950	0.00745	0.01039	0.00904	0.01041	0.00809	0.07982	0.14186	0.01096	0.03787	0.06692	0.26605	0.03982	0.07867	0.02580	0.04896	0.13235	0.00760	0.00360	0.00485
18	0.16907	0.01011	0.10518	0.02978	0.01143	0.02025	0.00733	0.13918	0.12949	0.01897	0.17521	0.07883	0.07277	0.00708	0.00456	0.00148	0.00390	0.00577	0.00391	0.00570
19	0.00737	0.00547	0.00717	0.00797	0.00899	0.00558	0.00649	0.01041	0.10489	0.01382	0.02392	0.27080	0.02606	0.01239	0.00600	0.00198	0.00371	0.46826	0.00429	0.00445
20	0.00638	0.00477	0.00643	0.05932	0.00882	0.00470	0.00530	0.00813	0.03277	0.01357	0.18091	0.46678	0.05724	0.01220	0.00570	0.00177	0.00301	0.11380	0.00428	0.00411
21	0.12583	0.02949	0.04428	0.02182	0.03454	0.04772	0.03093	0.16012	0.01154	0.01731	0.09438	0.01533	0.01197	0.00967	0.10392	0.00221	0.14416	0.03199	0.05728	0.00549
22	0.01118	0.01088	0.02145	0.14399	0.07133	0.01108	0.46457	0.01434	0.01029	0.07969	0.00953	0.01244	0.00721	0.00514	0.02142	0.00168	0.09028	0.00491	0.00252	0.00606
23	0.00575	0.00411	0.00546	0.00629	0.00669	0.00383	0.00427	0.00678	0.00950	0.01285	0.15760	0.70013	0.03256	0.01354	0.00578	0.00179	0.00258	0.01225	0.00440	0.00383
24	0.00621	0.00436	0.00541	0.00572	0.00643	0.00408	0.00399	0.00750	0.01004	0.01390	0.25486	0.34677	0.11894	0.09412	0.02395	0.00201	0.00281	0.00975	0.07525	0.00388
25	0.15469	0.01165	0.03948	0.01030	0.03453	0.11695	0.07241	0.17340	0.04165	0.20542	0.01179	0.01330	0.00882	0.03289	0.00536	0.02641	0.00513	0.02563	0.00379	0.00639
26	0.01170	0.01556	0.22846	0.01577	0.02069	0.03087	0.41745	0.14695	0.03576	0.01712	0.00953	0.01150	0.00699	0.00437	0.00495	0.00149	0.00693	0.00461	0.00268	0.00663
27	0.00559	0.00400	0.00533	0.00639	0.00666	0.00373	0.00426	0.00639	0.00879	0.01172	0.02530	0.83566	0.03036	0.01438	0.00586	0.00186	0.00266	0.01305	0.00426	0.00373
28	0.00948	0.00895	0.01456	0.57251	0.14905	0.01094	0.01249	0.02978	0.00936	0.01253	0.00800	0.01177	0.00632	0.00501	0.00603	0.00157	0.11995	0.00407	0.00213	0.00549
29	0.22600	0.00998	0.04151	0.00945	0.03321	0.03798	0.05380	0.08212	0.24903	0.03028	0.01279	0.05215	0.01042	0.00909	0.10202	0.00218	0.00527	0.00458	0.02214	0.00599
30	0.04107	0.69610	0.13661	0.00854	0.01284	0.01682	0.00906	0.01385	0.00933	0.01167	0.00665	0.00770	0.00585	0.00400	0.00314	0.00106	0.00513	0.00259	0.00199	0.00599
31	0.00560	0.00407	0.00529	0.00623	0.00663	0.00376	0.00420	0.00647	0.00904	0.01195	0.04778	0.74746	0.09656	0.01402	0.00581	0.00183	0.00262	0.01264	0.00428	0.00376
32	0.01115	0.01164	0.08245	0.01225	0.01653	0.00993	0.26904	0.11449	0.09687	0.01709	0.01004	0.01150	0.00768	0.00421	0.00444	0.00122	0.00536	0.00412	0.00297	0.30704
33	0.00559	0.00400	0.00533	0.00639	0.00666	0.00373	0.00426	0.00639	0.00879	0.01172	0.02530	0.83566	0.03036	0.01438	0.00586	0.00186	0.00266	0.01305	0.00426	0.00373
34	0.01003	0.00814	0.00957	0.00686	0.01092	0.00615	0.00550	0.01206	0.00969	0.05162	0.00862	0.00980	0.00701	0.00350	0.00346	0.00071	0.00342	0.00281	0.00286	0.82727
35	0.00997	0.00961	0.01677	0.27789	0.37951	0.01019	0.10605	0.01309	0.03332	0.01378	0.01024	0.07994	0.00897	0.00513	0.00478	0.00149	0.00565	0.00502	0.00244	0.00616
36	0.00876	0.00454	0.00461	0.00451	0.00565	0.00457	0.00340	0.03370	0.01008	0.01750	0.03826	0.01744	0.01258	0.00547	0.00332	0.00109	0.00223	0.00439	0.81349	0.00438
37	0.00574	0.00410	0.00550	0.00656	0.00689	0.00386	0.00452	0.00665	0.00894	0.01189	0.02522	0.77099	0.03004	0.01424	0.00590	0.00189	0.00279	0.07625	0.00426	0.00377
38	0.01028	0.01221	0.07130	0.08479	0.02328	0.01097	0.63229	0.01406	0.01077	0.01469	0.06041	0.01362	0.00916	0.00431	0.00529	0.00153	0.00719	0.00537	0.00245	0.00602
39	0.00607	0.05827	0.00628	0.00539	0.00676	0.00484	0.00406	0.00735	0.01046	0.01314	0.16324	0.20100	0.47439	0.01133	0.00535	0.00156	0.00253	0.00968	0.00424	0.00405
40	0.00630	0.00462	0.00592	0.00581	0.00685	0.00424	0.00433	0.00820	0.01215	0.01683	0.60874	0.13193	0.12270	0.01032	0.00550	0.00153	0.00231	0.03267	0.00485	0.00421
41	0.75205	0.00887	0.00762	0.07399	0.01097	0.01026	0.00576	0.03098	0.00841	0.04703	0.00704	0.00821	0.00535	0.00436	0.00308	0.00143	0.00381	0.00273	0.00291	0.00514
42	0.00666	0.00519	0.00718	0.00720	0.00776	0.00583	0.00537	0.00792	0.00845	0.01186	0.11246	0.25270	0.04151	0.08287	0.31446	0.00409	0.10339	0.00779	0.00330	0.00402
43	0.00559	0.00402	0.00531	0.00634	0.00664	0.00373	0.00424	0.00640	0.00884	0.01174	0.02599	0.81020	0.05539	0.01429	0.00585	0.00185	0.00265	0.01294	0.00426	0.00373
44	0.00876	0.00825	0.01394	0.80003	0.05848	0.01022	0.01280	0.01181	0.00922	0.01184	0.00818	0.01221	0.00616	0.00457	0.00459	0.00152	0.00610	0.00408	0.00205	0.00517
45	0.01038	0.00910	0.01349	0.62193	0.02706	0.01098	0.01162	0.14519	0.07667	0.01526	0.00951	0.01244	0.00706	0.00488	0.00460	0.00151	0.00573	0.00418	0.00269	0.00574
46	0.00883	0.00548	0.00762	0.00825	0.00954	0.00533	0.00706	0.01080	0.01073	0.10939	0.02365	0.11212	0.02494	0.01198	0.00609	0.00201	0.00406	0.62309	0.00440	0.00462
47	0.13930	0.18929	0.20125	0.01202	0.01628	0.17620	0.17611	0.01502	0.01025	0.01402	0.00757	0.00916	0.00597	0.00423	0.00402	0.00132	0.00642	0.00340	0.00224	0.00591
48	0.01307	0.00675	0.00844	0.00727	0.00960	0.00632	0.00570	0.03700	0.10689	0.35321	0.14233	0.13537	0.13166	0.00834	0.00503	0.00152	0.00325	0.00711	0.00504	0.00610

[dist]
# distance from previous block
# <min> <max>
0	22

[block]
# block no. 4 follows, 56 sequences, length 22
# corresponding to MSA columns:
# 471-492
name=unknown_E
#
# <colnr> <probs for GDERKNQSTAVLIFYWHMCP>
#	G	D	E	R	K	N	Q	S	T	A	V	L	I	F	Y	W	H	M	C	P
0	0.00743	0.00481	0.00564	0.00566	0.00625	0.00464	0.00370	0.00825	0.02843	0.06323	0.02103	0.15012	0.12056	0.49318	0.01591	0.00331	0.00385	0.04691	0.00350	0.00358
1	0.08298	0.01155	0.01136	0.00959	0.01257	0.07230	0.00766	0.29025	0.36487	0.02184	0.01403	0.01430	0.01066	0.00581	0.00447	0.00145	0.00448	0.02529	0.00426	0.03027
2	0.04765	0.10328	0.42326	0.01094	0.01600	0.04983	0.01221	0.09006	0.07349	0.04870	0.00975	0.02677	0.00741	0.00478	0.00417	0.00135	0.00571	0.00365	0.00272	0.05828
3	0.01411	0.15138	0.05426	0.00873	0.01225	0.09929	0.00754	0.12227	0.04139	0.18974	0.01188	0.06796	0.00953	0.00533	0.00410	0.00120	0.00466	0.00415	0.00359	0.18666
4	0.15477	0.04275	0.61674	0.01208	0.01801	0.01085	0.05454	0.01435	0.00942	0.01547	0.00793	0.00939	0.00573	0.00431	0.00412	0.00144	0.00624	0.00332	0.00211	0.00642
5	0.00559	0.00400	0.00533	0.00639	0.00666	0.00373	0.00426	0.00639	0.00879	0.01172	0.02530	0.83566	0.03036	0.01438	0.00586	0.00186	0.00266	0.01305	0.00426	0.00373
6	0.01019	0.00915	0.01487	0.44830	0.22172	0.01085	0.01232	0.01275	0.00934	0.05356	0.00843	0.01182	0.00666	0.00510	0.00635	0.00156	0.14487	0.00410	0.00228	0.00577
7	0.00576	0.00419	0.00535	0.00608	0.00664	0.00385	0.00420	0.00667	0.00937	0.01233	0.09606	0.59317	0.15853	0.01351	0.00616	0.03011	0.00264	0.02738	0.00426	0.00376
8	0.01072	0.01028	0.01683	0.02367	0.61282	0.01091	0.01261	0.01307	0.00997	0.01435	0.03908	0.01333	0.04136	0.00526	0.00639	0.00148	0.14435	0.00446	0.00241	0.00664
9	0.00668	0.00445	0.00501	0.00501	0.00501	0.00445	0.00278	0.00668	0.00668	0.00890	0.01447	0.03004	0.01669	0.83866	0.02337	0.00445	0.00445	0.00668	0.00278	0.00278
10	0.00559	0.00402	0.00531	0.00634	0.00664	0.00373	0.00424	0.00640	0.00884	0.01174	0.02596	0.81107	0.05453	0.01430	0.00585	0.00185	0.00265	0.01295	0.00426	0.00373
11	0.01087	0.01198	0.02479	0.02035	0.15579	0.01166	0.60919	0.01436	0.01052	0.01451	0.00896	0.01205	0.00695	0.00419	0.00592	0.00155	0.06269	0.00510	0.00229	0.00630
12	0.03284	0.00819	0.01036	0.00824	0.01152	0.00772	0.00672	0.04724	0.14563	0.60449	0.01842	0.01633	0.03150	0.00589	0.00459	0.00144	0.00382	0.00478	0.02280	0.00750
13	0.00867	0.00816	0.01377	0.82762	0.03162	0.01020	0.01275	0.01173	0.00918	0.01173	0.00816	0.01224	0.00612	0.00459	0.00459	0.00153	0.00612	0.00408	0.00204	0.00510
14	0.08060	0.43349	0.05174	0.00931	0.01270	0.28172	0.00832	0.01576	0.04674	0.01225	0.00726	0.00822	0.00620	0.00434	0.00347	0.00113	0.00594	0.00279	0.00229	0.00573
15	0.02879	0.01018	0.01232	0.00974	0.01282	0.01091	0.04071	0.31589	0.12104	0.24971	0.01380	0.01347	0.00969	0.00576	0.00535	0.00145	0.06871	0.00444	0.05804	0.00719
16	0.00862	0.00491	0.00700	0.00669	0.00687	0.00529	0.00470	0.04628	0.00685	0.00927	0.00798	0.01350	0.00781	0.01480	0.01704	0.75534	0.06839	0.00400	0.00213	0.00252
17	0.00610	0.00421	0.00518	0.00575	0.00589	0.00407	0.00357	0.00652	0.00781	0.01041	0.02025	0.46035	0.02399	0.39838	0.01402	0.00307	0.00350	0.01008	0.00357	0.00329
18	0.01165	0.01442	0.16282	0.01547	0.10030	0.09542	0.27562	0.10711	0.05066	0.01604	0.01062	0.01305	0.02112	0.00625	0.04608	0.00175	0.00683	0.01848	0.01996	0.00635
19	0.09409	0.04117	0.04644	0.01247	0.12382	0.20092	0.00910	0.17591	0.04597	0.16336	0.01053	0.01099	0.00773	0.00506	0.00461	0.00136	0.03256	0.00374	0.00351	0.00667
20	0.00992	0.00611	0.00828	0.00825	0.04986	0.00587	0.03860	0.04252	0.04844	0.14950	0.05864	0.32381	0.06323	0.00937	0.00501	0.00156	0.00328	0.02387	0.13871	0.00517
21	0.00557	0.00407	0.00525	0.00620	0.00661	0.00375	0.00418	0.00641	0.00898	0.01180	0.02767	0.74736	0.11714	0.01408	0.00581	0.00183	0.00263	0.01268	0.00426	0.00375

[dist]
# distance from previous block
# <min> <max>
7	8

[block]
# block no. 5 follows, 56 sequences, length 9
# corresponding to MSA columns:
# 501-509
name=unknown_F
#
# <colnr> <probs for GDERKNQSTAVLIFYWHMCP>
#	G	D	E	R	K	N	Q	S	T	A	V	L	I	F	Y	W	H	M	C	P
0	0.03251	0.02834	0.05690	0.01059	0.01386	0.18558	0.09676	0.12226	0.06856	0.09738	0.01110	0.04930	0.00893	0.00663	0.04416	0.00159	0.01923	0.00427	0.00329	0.13876
1	0.01009	0.12708	0.12046	0.01232	0.01566	0.01117	0.25041	0.05568	0.06300	0.01419	0.01279	0.11310	0.04215	0.02570	0.02842	0.00175	0.08183	0.00564	0.00280	0.00575
2	0.05722	0.00982	0.01416	0.10005	0.16487	0.01246	0.01055	0.04454	0.00857	0.01312	0.00728	0.01081	0.00655	0.00790	0.05004	0.00204	0.46825	0.00400	0.00224	0.00553
3	0.00571	0.00421	0.00536	0.00613	0.00670	0.00386	0.00425	0.00674	0.00950	0.01250	0.09878	0.60859	0.15721	0.01343	0.00577	0.00178	0.00262	0.03871	0.00433	0.00382
4	0.01077	0.00860	0.00872	0.00829	0.01000	0.09963	0.00627	0.10019	0.16675	0.08311	0.03675	0.33223	0.03861	0.00968	0.00520	0.00164	0.00395	0.05986	0.00430	0.00545
5	0.01040	0.01058	0.05184	0.28631	0.52352	0.01067	0.01378	0.01335	0.01001	0.01392	0.00846	0.01157	0.00684	0.00426	0.00455	0.00142	0.00573	0.00406	0.00218	0.00655
6	0.01006	0.00895	0.01175	0.20277	0.13485	0.01011	0.00912	0.01772	0.39685	0.01628	0.05978	0.01807	0.07173	0.00610	0.00473	0.00152	0.00431	0.00527	0.00369	0.00635
7	0.00559	0.00465	0.00490	0.00500	0.00643	0.00396	0.00377	0.00683	0.01050	0.01271	0.07922	0.08651	0.69018	0.01173	0.00550	0.00159	0.00244	0.05029	0.00430	0.00391
8	0.00857	0.05777	0.56038	0.01082	0.01596	0.00930	0.01310	0.01282	0.01043	0.01509	0.18270	0.01668	0.05556	0.00580	0.00458	0.00143	0.00547	0.00473	0.00273	0.00606

[dist]
# distance from previous block
# <min> <max>
0	4

[block]
# block no. 6 follows, 56 sequences, length 22
# corresponding to MSA columns:
# 520-541
name=unknown_G
#
# <colnr> <probs for GDERKNQSTAVLIFYWHMCP>
#	G	D	E	R	K	N	Q	S	T	A	V	L	I	F	Y	W	H	M	C	P
