[name]
unknown

[dist]
# distance from previous block
# <min> <max>
0	93

[block]
# block no. 0 follows, 62 sequences, length 11
# corresponding to MSA columns:
# 96-106
name=unknown_A
#
# <colnr> <probs for GDERKNQSTAVLIFYWHMCP>
#	G	D	E	R	K	N	Q	S	T	A	V	L	I	F	Y	W	H	M	C	P
0	0.02933	0.00762	0.01002	0.02493	0.02555	0.02195	0.08318	0.08680	0.14868	0.15014	0.07911	0.09357	0.07853	0.07420	0.00622	0.00166	0.02315	0.04611	0.00385	0.00538
1	0.00680	0.00591	0.00637	0.00633	0.00741	0.07196	0.02803	0.03030	0.00967	0.01209	0.10435	0.26137	0.25928	0.08825	0.00664	0.00177	0.00325	0.08271	0.00370	0.00381
2	0.03027	0.01034	0.06319	0.07510	0.44941	0.02308	0.05073	0.05207	0.00982	0.01406	0.03078	0.02463	0.00816	0.00470	0.00509	0.00134	0.07685	0.02628	0.00234	0.04178
3	0.01238	0.02766	0.13226	0.02551	0.21963	0.16675	0.05017	0.09192	0.04179	0.09375	0.00935	0.02233	0.00724	0.00446	0.00425	0.00124	0.01886	0.00368	0.01694	0.04985
4	0.60252	0.03263	0.04191	0.00723	0.00997	0.18738	0.00605	0.04508	0.00889	0.01707	0.00631	0.00729	0.00495	0.00409	0.00302	0.00126	0.00445	0.00249	0.00255	0.00487
5	0.00728	0.00377	0.00565	0.00565	0.00572	0.00383	0.00383	0.00572	0.00565	0.00760	0.00773	0.01326	0.00767	0.01625	0.08668	0.80166	0.00436	0.00377	0.00188	0.00202
6	0.00618	0.00415	0.00477	0.00477	0.00481	0.00419	0.00273	0.00627	0.00622	0.00834	0.01329	0.02721	0.01520	0.80398	0.06776	0.00428	0.00454	0.00610	0.00256	0.00265
7	0.01378	0.08290	0.01237	0.00902	0.01206	0.01231	0.00744	0.51091	0.19521	0.02227	0.01279	0.01262	0.04151	0.00613	0.02788	0.00145	0.00447	0.00414	0.00399	0.00673
8	0.00853	0.02201	0.82841	0.01213	0.01842	0.00988	0.01572	0.01348	0.00898	0.01348	0.00764	0.00898	0.00539	0.00404	0.00404	0.00135	0.00629	0.00314	0.00180	0.00629
9	0.00901	0.02266	0.00835	0.02314	0.05357	0.04495	0.00573	0.20510	0.01251	0.01626	0.17739	0.10276	0.24477	0.02184	0.01860	0.00151	0.00351	0.01964	0.00386	0.00484
10	0.01258	0.04335	0.01143	0.00910	0.01140	0.24176	0.08131	0.19633	0.01236	0.03116	0.00990	0.01132	0.00774	0.00580	0.03693	0.00139	0.02993	0.00365	0.23729	0.00529

[dist]
# distance from previous block
# <min> <max>
0	2

[block]
# block no. 1 follows, 62 sequences, length 70
# corresponding to MSA columns:
# 109-178
name=unknown_B
#
# <colnr> <probs for GDERKNQSTAVLIFYWHMCP>
#	G	D	E	R	K	N	Q	S	T	A	V	L	I	F	Y	W	H	M	C	P
0	0.00617	0.00482	0.00570	0.00648	0.00698	0.04182	0.00465	0.00733	0.02554	0.01116	0.02170	0.58786	0.02525	0.06961	0.00653	0.00190	0.00311	0.15602	0.00378	0.00362
1	0.00752	0.00391	0.00571	0.00567	0.00577	0.00394	0.00382	0.02680	0.00604	0.00806	0.00820	0.05098	0.00833	0.01446	0.01579	0.81315	0.00367	0.00408	0.00201	0.00206
2	0.00891	0.00771	0.00928	0.00728	0.04620	0.00602	0.00548	0.01081	0.00882	0.01379	0.00754	0.00891	0.00631	0.00327	0.00341	0.00068	0.02004	0.00260	0.00249	0.82045
3	0.77111	0.04766	0.02255	0.00611	0.00885	0.04649	0.00516	0.02680	0.00778	0.01832	0.00606	0.00704	0.00475	0.00398	0.00275	0.00129	0.00362	0.00236	0.00259	0.00474
4	0.07211	0.00794	0.02910	0.01011	0.01261	0.00750	0.27233	0.04205	0.02673	0.04164	0.16700	0.04789	0.12715	0.04528	0.00575	0.00157	0.01988	0.05523	0.00331	0.00483
5	0.03159	0.00787	0.00916	0.02440	0.02529	0.00825	0.00618	0.20786	0.14112	0.22975	0.02576	0.01404	0.01036	0.00643	0.04184	0.00151	0.00387	0.00419	0.19439	0.00612
6	0.00652	0.00518	0.00632	0.00635	0.00688	0.04219	0.04259	0.00740	0.02127	0.01029	0.03824	0.35684	0.02077	0.35179	0.01192	0.00266	0.00369	0.05248	0.00325	0.00337
7	0.01580	0.01172	0.01277	0.04771	0.01393	0.01302	0.00826	0.77325	0.01948	0.02609	0.01009	0.01027	0.00716	0.00507	0.00426	0.00128	0.00473	0.00383	0.00415	0.00712
8	0.00531	0.00383	0.00489	0.00567	0.00602	0.00357	0.00379	0.00605	0.00817	0.01076	0.03519	0.66296	0.09988	0.10047	0.00709	0.00195	0.00263	0.02454	0.00382	0.00339
9	0.00938	0.01648	0.44638	0.03242	0.30584	0.01004	0.09232	0.01330	0.00933	0.01360	0.00786	0.00982	0.00598	0.00391	0.00420	0.00133	0.00592	0.00357	0.00194	0.00637
10	0.00590	0.00432	0.00547	0.00521	0.00621	0.00396	0.00386	0.00769	0.01145	0.01593	0.68308	0.04750	0.12744	0.04635	0.00577	0.00148	0.00213	0.00785	0.00449	0.00389
11	0.01050	0.11097	0.22950	0.01637	0.31860	0.07366	0.03913	0.04191	0.05688	0.01380	0.03265	0.02108	0.00778	0.00431	0.00404	0.00126	0.00536	0.00369	0.00231	0.00620
12	0.01037	0.04335	0.30764	0.06249	0.29721	0.08901	0.06658	0.03947	0.01952	0.01357	0.00787	0.00974	0.00611	0.00401	0.00413	0.00129	0.00587	0.00350	0.00208	0.00620
13	0.00576	0.00443	0.00529	0.00510	0.00625	0.00401	0.00381	0.00765	0.03015	0.01496	0.50912	0.06387	0.30505	0.00950	0.00502	0.00139	0.00211	0.00822	0.00440	0.00392
14	0.00520	0.00374	0.00493	0.00585	0.00616	0.00347	0.00392	0.00598	0.00830	0.01103	0.04255	0.79654	0.06034	0.01312	0.00541	0.00171	0.00245	0.01187	0.00397	0.00347
15	0.00823	0.00761	0.01069	0.00951	0.00971	0.01022	0.00773	0.00923	0.00668	0.01018	0.00815	0.05002	0.00820	0.03785	0.20168	0.01944	0.55775	0.00437	0.01848	0.00428
16	0.01041	0.05080	0.15597	0.07132	0.14869	0.03172	0.13710	0.11428	0.01974	0.01433	0.02377	0.01099	0.02221	0.00495	0.00612	0.00142	0.16403	0.00395	0.00237	0.00582
17	0.08141	0.03482	0.63745	0.02637	0.01718	0.00999	0.04190	0.01403	0.05922	0.02731	0.00825	0.00942	0.00593	0.00414	0.00396	0.00135	0.00580	0.00326	0.00210	0.00613
18	0.00976	0.02365	0.01595	0.20831	0.53321	0.00997	0.03852	0.01228	0.00933	0.01308	0.02928	0.01116	0.00729	0.00415	0.00462	0.00131	0.03884	0.00388	0.00212	0.02330
19	0.01603	0.01185	0.01269	0.00976	0.01314	0.01313	0.00805	0.78894	0.04104	0.02658	0.01040	0.01037	0.00739	0.00513	0.00426	0.00128	0.00465	0.00386	0.00426	0.00722
20	0.01080	0.16153	0.11676	0.03807	0.22954	0.04116	0.11060	0.02527	0.02160	0.06681	0.00865	0.02307	0.00704	0.02098	0.00428	0.00123	0.00511	0.00364	0.00238	0.10151
21	0.00613	0.00437	0.00588	0.00588	0.00631	0.00480	0.00412	0.00698	0.00655	0.00917	0.01227	0.02157	0.01274	0.38871	0.47969	0.00566	0.00823	0.00527	0.00241	0.00327
22	0.01004	0.01148	0.02511	0.01793	0.02224	0.01076	0.80846	0.01363	0.01004	0.01363	0.00861	0.01148	0.00646	0.00359	0.00502	0.00143	0.00717	0.00502	0.00215	0.00574
23	0.01129	0.60295	0.07811	0.00861	0.02778	0.03854	0.01792	0.02740	0.04580	0.02960	0.00702	0.00807	0.00605	0.00445	0.01377	0.00114	0.06110	0.00273	0.00208	0.00559
24	0.00526	0.00432	0.00463	0.00455	0.00589	0.00369	0.00341	0.00655	0.01024	0.01278	0.22300	0.03883	0.64149	0.01030	0.00503	0.00141	0.00212	0.00868	0.00412	0.00369
25	0.00713	0.00623	0.00969	0.01059	0.12099	0.02219	0.10040	0.00874	0.00913	0.01220	0.05579	0.39257	0.05048	0.00997	0.00545	0.00163	0.02588	0.14317	0.00342	0.00435
26	0.00580	0.00430	0.00536	0.00518	0.00618	0.00391	0.00382	0.00750	0.01119	0.01540	0.60763	0.08300	0.17631	0.03875	0.00563	0.00148	0.00214	0.00814	0.00444	0.00386
27	0.00562	0.00402	0.00495	0.00530	0.00582	0.00378	0.00357	0.00652	0.00865	0.01163	0.17549	0.37124	0.13291	0.19697	0.02523	0.00223	0.00287	0.00923	0.02057	0.00340
28	0.01021	0.26968	0.25488	0.03088	0.17202	0.03265	0.14675	0.01323	0.00926	0.01240	0.00732	0.00906	0.00586	0.00381	0.00384	0.00121	0.00570	0.00333	0.00194	0.00597
29	0.01131	0.00950	0.01003	0.00881	0.01134	0.01092	0.00691	0.12426	0.71340	0.01896	0.01640	0.01514	0.01225	0.00569	0.00432	0.00142	0.00354	0.00468	0.00432	0.00680
30	0.01011	0.01123	0.14447	0.01873	0.46072	0.00942	0.02651	0.01420	0.12285	0.04766	0.02427	0.07126	0.00963	0.00493	0.00432	0.00134	0.00476	0.00453	0.00267	0.00639
31	0.01425	0.01145	0.01196	0.04735	0.06615	0.11156	0.00810	0.36708	0.16883	0.09475	0.01142	0.01176	0.00844	0.02072	0.00478	0.00136	0.02574	0.00396	0.00378	0.00657
32	0.00817	0.00746	0.00960	0.00886	0.01953	0.04697	0.00691	0.00920	0.00712	0.01038	0.00970	0.08084	0.00989	0.10185	0.19617	0.00311	0.40319	0.00481	0.05207	0.00415
33	0.88052	0.00823	0.00625	0.00560	0.00823	0.00955	0.00461	0.01251	0.00724	0.01909	0.00592	0.00691	0.00461	0.00395	0.00263	0.00132	0.00329	0.00230	0.00263	0.00461
34	0.00962	0.00946	0.01332	0.36558	0.28083	0.08356	0.01088	0.01297	0.08530	0.01262	0.02366	0.01324	0.03803	0.00470	0.00428	0.00135	0.00521	0.01748	0.00237	0.00552
35	0.01208	0.00610	0.00771	0.00656	0.00866	0.00577	0.00520	0.01523	0.11551	0.34202	0.29210	0.02134	0.02128	0.00659	0.00443	0.00132	0.00286	0.01978	0.09981	0.00565
36	0.00518	0.00370	0.00494	0.00592	0.00617	0.00346	0.00395	0.00592	0.00815	0.01086	0.02345	0.84768	0.02814	0.01333	0.00543	0.00173	0.00247	0.01210	0.00395	0.00346
37	0.00586	0.00440	0.00521	0.00512	0.00632	0.00391	0.00389	0.00740	0.01074	0.02932	0.38729	0.06457	0.38065	0.00990	0.00508	0.00143	0.00224	0.05851	0.00430	0.00386
38	0.00518	0.00370	0.00494	0.00592	0.00617	0.00346	0.00395	0.00592	0.00815	0.01086	0.02345	0.84768	0.02814	0.01333	0.00543	0.00173	0.00247	0.01210	0.00395	0.00346
39	0.01138	0.85302	0.02230	0.00728	0.01092	0.01684	0.00728	0.01274	0.00865	0.01001	0.00592	0.00683	0.00546	0.00364	0.00273	0.00091	0.00455	0.00228	0.00182	0.00546
40	0.86228	0.00848	0.00638	0.00571	0.00833	0.02692	0.00468	0.01260	0.00734	0.01891	0.00594	0.00693	0.00463	0.00396	0.00266	0.00131	0.00338	0.00231	0.00262	0.00461
41	0.00601	0.00448	0.00485	0.00469	0.00615	0.00381	0.00354	0.00725	0.01015	0.06075	0.15395	0.05451	0.64444	0.01020	0.00499	0.00142	0.00223	0.00858	0.00414	0.00387
42	0.00505	0.00431	0.00434	0.00433	0.00576	0.00360	0.00325	0.00615	0.00975	0.01162	0.06036	0.04075	0.80486	0.01073	0.00503	0.00143	0.00215	0.00895	0.00397	0.00360
43	0.01004	0.01148	0.02511	0.01793	0.02224	0.01076	0.80846	0.01363	0.01004	0.01363	0.00861	0.01148	0.00646	0.00359	0.00502	0.00143	0.00717	0.00502	0.00215	0.00574
44	0.00807	0.00410	0.00411	0.00406	0.00509	0.00412	0.00306	0.02300	0.00910	0.01604	0.01382	0.01577	0.01085	0.00496	0.00300	0.00100	0.00203	0.00396	0.85985	0.00402
45	0.01084	0.00917	0.00970	0.00867	0.01111	0.01057	0.00676	0.04002	0.78596	0.03070	0.01715	0.01573	0.01282	0.00575	0.00433	0.00144	0.00340	0.00478	0.00434	0.00675
46	0.00913	0.01913	0.62979	0.01251	0.01810	0.00997	0.12249	0.03454	0.05226	0.02488	0.00874	0.02403	0.00644	0.00427	0.00422	0.00137	0.00611	0.00367	0.00213	0.00623
47	0.00988	0.00941	0.01271	0.22004	0.28616	0.09327	0.00981	0.06084	0.00946	0.01236	0.00883	0.02721	0.00797	0.11638	0.03740	0.01306	0.05358	0.00416	0.00228	0.00520
48	0.01138	0.85302	0.02230	0.00728	0.01092	0.01684	0.00728	0.01274	0.00865	0.01001	0.00592	0.00683	0.00546	0.00364	0.00273	0.00091	0.00455	0.00228	0.00182	0.00546
49	0.00853	0.02201	0.82841	0.01213	0.01842	0.00988	0.01572	0.01348	0.00898	0.01348	0.00764	0.00898	0.00539	0.00404	0.00404	0.00135	0.00629	0.00314	0.00180	0.00629
50	0.00624	0.00415	0.00473	0.00476	0.00482	0.00417	0.00276	0.00637	0.00636	0.00857	0.01366	0.02802	0.01557	0.79379	0.03478	0.00404	0.00420	0.02994	0.02039	0.00267
51	0.05192	0.01110	0.01203	0.00931	0.01263	0.01213	0.00767	0.65116	0.05389	0.11814	0.01111	0.01082	0.00776	0.00511	0.00420	0.00129	0.00444	0.00386	0.00431	0.00711
52	0.00608	0.00456	0.00684	0.00684	0.00760	0.00532	0.00532	0.00760	0.00684	0.00988	0.01140	0.01672	0.01064	0.03191	0.83360	0.00684	0.01140	0.00456	0.00228	0.00380
53	0.00995	0.01121	0.02364	0.01711	0.02089	0.01104	0.71112	0.01322	0.00961	0.01322	0.00824	0.01121	0.00635	0.00406	0.00611	0.00149	0.10895	0.00486	0.00212	0.00561
54	0.00853	0.02201	0.82841	0.01213	0.01842	0.00988	0.01572	0.01348	0.00898	0.01348	0.00764	0.00898	0.00539	0.00404	0.00404	0.00135	0.00629	0.00314	0.00180	0.00629
55	0.00776	0.00513	0.00708	0.00778	0.00892	0.00508	0.00672	0.02395	0.01007	0.06656	0.02197	0.07810	0.02341	0.01127	0.00572	0.00189	0.00385	0.69654	0.00401	0.00418
56	0.00504	0.00428	0.00434	0.00439	0.00577	0.00359	0.00327	0.00610	0.00962	0.01146	0.04212	0.08146	0.78232	0.01090	0.00505	0.00145	0.00217	0.00914	0.00395	0.00359
57	0.01641	0.01075	0.01195	0.00925	0.01256	0.01156	0.00761	0.59053	0.07208	0.19463	0.01208	0.01150	0.00832	0.00519	0.00427	0.00130	0.00437	0.00399	0.00447	0.00720
58	0.00614	0.00417	0.00493	0.00503	0.00515	0.00421	0.00306	0.00639	0.00651	0.00873	0.01425	0.07907	0.01625	0.69763	0.08532	0.00410	0.00460	0.03898	0.00270	0.00279
59	0.00519	0.00377	0.00487	0.00574	0.00609	0.00349	0.00385	0.00595	0.00825	0.01086	0.02507	0.75057	0.10335	0.03390	0.00580	0.00176	0.00248	0.01165	0.00392	0.00345
60	0.00919	0.00766	0.00893	0.00641	0.01017	0.00586	0.00514	0.02924	0.00914	0.02987	0.00780	0.00896	0.00641	0.00324	0.00320	0.00066	0.00320	0.00258	0.00261	0.83974
61	0.00526	0.00377	0.00500	0.00591	0.00623	0.00352	0.00401	0.00609	0.00839	0.01119	0.05920	0.77838	0.04333	0.01304	0.00542	0.00171	0.00248	0.02962	0.00398	0.00349
62	0.02204	0.00576	0.00501	0.00486	0.00591	0.08696	0.00361	0.01042	0.00898	0.01476	0.01285	0.01560	0.01048	0.06162	0.00450	0.00123	0.01755	0.00396	0.69989	0.00399
63	0.01460	0.00920	0.01025	0.00812	0.01092	0.00973	0.00661	0.47672	0.01601	0.17200	0.02835	0.04366	0.02433	0.00558	0.00413	0.00126	0.00388	0.00440	0.14379	0.00645
64	0.00931	0.00931	0.01303	0.01117	0.01117	0.01303	0.00931	0.01024	0.00652	0.01024	0.00559	0.00931	0.00559	0.00745	0.01396	0.00186	0.84267	0.00372	0.00186	0.00465
65	0.06121	0.00796	0.00982	0.03472	0.09780	0.00676	0.00623	0.03155	0.02111	0.05163	0.01687	0.00961	0.00691	0.00354	0.00339	0.00083	0.00349	0.00289	0.00268	0.62101
66	0.01470	0.04792	0.04424	0.01132	0.06678	0.59285	0.00843	0.06394	0.01195	0.03691	0.00775	0.01725	0.00632	0.00450	0.00384	0.00113	0.00670	0.00308	0.04512	0.00527
67	0.00870	0.00742	0.00868	0.00626	0.00992	0.00560	0.00500	0.01060	0.00897	0.01401	0.04367	0.00984	0.00780	0.00340	0.00323	0.00066	0.00310	0.00275	0.00262	0.83778
68	0.00998	0.01286	0.22241	0.12957	0.33553	0.01000	0.11287	0.05344	0.00997	0.02930	0.00857	0.01136	0.00676	0.00418	0.00432	0.00135	0.00564	0.02347	0.00222	0.00619
69	0.01141	0.04428	0.01509	0.12770	0.40240	0.17016	0.02015	0.04061	0.06517	0.01320	0.00820	0.01025	0.00669	0.00430	0.00454	0.00128	0.04267	0.00361	0.00230	0.00599

[dist]
# distance from previous block
# <min> <max>
0	14

[block]
# block no. 2 follows, 62 sequences, length 68
# corresponding to MSA columns:
# 193-260
name=unknown_C
#
# <colnr> <probs for GDERKNQSTAVLIFYWHMCP>
#	G	D	E	R	K	N	Q	S	T	A	V	L	I	F	Y	W	H	M	C	P
0	0.00668	0.00450	0.00586	0.00543	0.00657	0.00412	0.00410	0.00863	0.01197	0.05968	0.75076	0.03120	0.06706	0.00859	0.00498	0.00134	0.00210	0.00756	0.00469	0.00417
1	0.00518	0.00370	0.00494	0.00592	0.00617	0.00346	0.00395	0.00592	0.00815	0.01086	0.02345	0.84768	0.02814	0.01333	0.00543	0.00173	0.00247	0.01210	0.00395	0.00346
2	0.00511	0.00431	0.00443	0.00440	0.00580	0.00363	0.00330	0.00627	0.00989	0.01196	0.10826	0.04018	0.75675	0.01060	0.00503	0.00143	0.00214	0.00887	0.00401	0.00363
3	0.00586	0.00434	0.00547	0.00519	0.00626	0.00395	0.00389	0.00772	0.01167	0.01617	0.69702	0.03325	0.16536	0.00903	0.00502	0.00135	0.00203	0.00790	0.00457	0.00395
4	0.88052	0.00823	0.00625	0.00560	0.00823	0.00955	0.00461	0.01251	0.00724	0.01909	0.00592	0.00691	0.00461	0.00395	0.00263	0.00132	0.00329	0.00230	0.00263	0.00461
5	0.88052	0.00823	0.00625	0.00560	0.00823	0.00955	0.00461	0.01251	0.00724	0.01909	0.00592	0.00691	0.00461	0.00395	0.00263	0.00132	0.00329	0.00230	0.00263	0.00461
6	0.88052	0.00823	0.00625	0.00560	0.00823	0.00955	0.00461	0.01251	0.00724	0.01909	0.00592	0.00691	0.00461	0.00395	0.00263	0.00132	0.00329	0.00230	0.00263	0.00461
7	0.01138	0.85302	0.02230	0.00728	0.01092	0.01684	0.00728	0.01274	0.00865	0.01001	0.00592	0.00683	0.00546	0.00364	0.00273	0.00091	0.00455	0.00228	0.00182	0.00546
8	0.88052	0.00823	0.00625	0.00560	0.00823	0.00955	0.00461	0.01251	0.00724	0.01909	0.00592	0.00691	0.00461	0.00395	0.00263	0.00132	0.00329	0.00230	0.00263	0.00461
9	0.88052	0.00823	0.00625	0.00560	0.00823	0.00955	0.00461	0.01251	0.00724	0.01909	0.00592	0.00691	0.00461	0.00395	0.00263	0.00132	0.00329	0.00230	0.00263	0.00461
10	0.00663	0.00460	0.00591	0.00550	0.00664	0.00427	0.00415	0.00887	0.03453	0.04870	0.73912	0.03099	0.06670	0.00856	0.00497	0.00134	0.00211	0.00753	0.00467	0.00420
11	0.01792	0.00698	0.00950	0.00737	0.01046	0.00605	0.00605	0.01960	0.01217	0.75456	0.08866	0.01603	0.01318	0.00557	0.00435	0.00132	0.00348	0.00458	0.00521	0.00695
12	0.00804	0.00756	0.01276	0.84023	0.02931	0.00945	0.01182	0.01087	0.00851	0.01087	0.00756	0.01134	0.00567	0.00425	0.00425	0.00142	0.00567	0.00378	0.00189	0.00473
13	0.00864	0.05170	0.79961	0.01195	0.01815	0.01013	0.01542	0.01345	0.00897	0.01335	0.00757	0.00891	0.00539	0.00403	0.00400	0.00133	0.00623	0.00311	0.00180	0.00626
14	0.00671	0.00447	0.00582	0.00546	0.00656	0.00410	0.00410	0.00861	0.01174	0.06113	0.70527	0.07389	0.05338	0.00873	0.00496	0.00135	0.00212	0.00770	0.01973	0.00415
15	0.01389	0.02280	0.00899	0.00713	0.00957	0.00676	0.00575	0.11432	0.03148	0.40754	0.20552	0.04860	0.02888	0.00643	0.00458	0.00132	0.01778	0.00533	0.04729	0.00604
16	0.01053	0.01011	0.01727	0.02612	0.82392	0.01011	0.01306	0.01306	0.00969	0.01390	0.00800	0.01053	0.00674	0.00379	0.00421	0.00126	0.00505	0.00379	0.00211	0.00674
17	0.00883	0.00856	0.01191	0.01031	0.01039	0.01174	0.00847	0.00978	0.00680	0.01047	0.04942	0.01190	0.00820	0.06035	0.04261	0.00215	0.71746	0.00411	0.00207	0.00446
18	0.00918	0.05239	0.00973	0.00676	0.02204	0.00656	0.00537	0.03986	0.00922	0.01408	0.00787	0.02432	0.00670	0.00345	0.00323	0.00070	0.00330	0.00275	0.00257	0.76992
19	0.10914	0.16367	0.01271	0.01028	0.11481	0.02002	0.05807	0.07347	0.09386	0.07376	0.01295	0.20462	0.01238	0.00650	0.00413	0.00135	0.00401	0.01560	0.00319	0.00545
20	0.00599	0.00435	0.00564	0.00532	0.00634	0.00400	0.00399	0.00797	0.01197	0.01688	0.79649	0.03208	0.06544	0.00877	0.00502	0.00134	0.00201	0.00774	0.00466	0.00400
21	0.00924	0.02857	0.44749	0.02952	0.25225	0.00994	0.08158	0.01338	0.03557	0.01358	0.00860	0.03571	0.00683	0.00427	0.00421	0.00134	0.00576	0.00382	0.00207	0.00626
22	0.00994	0.02554	0.25300	0.11947	0.21720	0.02230	0.07979	0.06636	0.03013	0.02735	0.00867	0.03705	0.00700	0.00467	0.00504	0.00138	0.07287	0.00396	0.00228	0.00599
23	0.00551	0.00432	0.00495	0.00479	0.00600	0.00380	0.00358	0.00699	0.01070	0.01398	0.39941	0.03649	0.44776	0.02642	0.00535	0.00144	0.00213	0.00834	0.00426	0.00377
24	0.00865	0.14242	0.01035	0.00733	0.00900	0.00900	0.00599	0.02744	0.20758	0.01477	0.28191	0.01958	0.02807	0.00839	0.05474	0.01438	0.10336	0.01675	0.02530	0.00500
25	0.00891	0.00965	0.02034	0.01506	0.01843	0.00904	0.61736	0.01186	0.00971	0.01316	0.03672	0.18498	0.01198	0.00576	0.00511	0.00149	0.00604	0.00657	0.00260	0.00521
26	0.00603	0.00434	0.00560	0.00528	0.00630	0.00400	0.00396	0.00800	0.01188	0.01683	0.77382	0.03175	0.06849	0.00869	0.00497	0.00133	0.00201	0.00766	0.02506	0.00400
27	0.00871	0.07454	0.77746	0.01182	0.01794	0.01032	0.01519	0.01343	0.00896	0.01326	0.00753	0.00885	0.00539	0.00402	0.00396	0.00132	0.00618	0.00309	0.00180	0.00624
28	0.00503	0.00431	0.00431	0.00431	0.00575	0.00359	0.00323	0.00611	0.00970	0.01149	0.04310	0.04095	0.82219	0.01078	0.00503	0.00144	0.00216	0.00898	0.00395	0.00359
29	0.01138	0.85302	0.02230	0.00728	0.01092	0.01684	0.00728	0.01274	0.00865	0.01001	0.00592	0.00683	0.00546	0.00364	0.00273	0.00091	0.00455	0.00228	0.00182	0.00546
30	0.09487	0.17006	0.23171	0.02320	0.01375	0.02133	0.04689	0.10818	0.01077	0.17823	0.00932	0.00976	0.00669	0.00427	0.00373	0.00121	0.00483	0.00327	0.00293	0.05499
31	0.00918	0.02209	0.01314	0.34236	0.28028	0.00908	0.01072	0.04577	0.01998	0.02721	0.01053	0.05795	0.00951	0.00605	0.02181	0.00154	0.01683	0.08808	0.00248	0.00540
32	0.00602	0.00435	0.00569	0.00535	0.00636	0.00401	0.00401	0.00803	0.01204	0.01706	0.82167	0.03178	0.04015	0.00870	0.00502	0.00134	0.00201	0.00770	0.00468	0.00401
33	0.00545	0.00422	0.00498	0.00511	0.00614	0.00375	0.00376	0.00679	0.01015	0.01324	0.29385	0.20310	0.37552	0.01065	0.00514	0.00148	0.00223	0.03654	0.00419	0.00371
34	0.00967	0.16447	0.58810	0.01142	0.04127	0.03403	0.01337	0.01378	0.02343	0.04061	0.00799	0.00943	0.00600	0.00415	0.00385	0.00127	0.00582	0.01320	0.00201	0.00613
35	0.00747	0.00468	0.00639	0.00601	0.00717	0.00428	0.02017	0.00915	0.01106	0.11302	0.51199	0.23030	0.03296	0.00933	0.00503	0.00143	0.00242	0.00832	0.00452	0.00430
36	0.01536	0.01075	0.01161	0.00902	0.01214	0.01177	0.00741	0.66807	0.02964	0.06929	0.01108	0.01115	0.00790	0.00511	0.00412	0.00125	0.00431	0.00388	0.09928	0.00687
37	0.01004	0.01004	0.04148	0.16603	0.66212	0.00999	0.01293	0.01269	0.00946	0.01337	0.00792	0.01062	0.00651	0.00388	0.00421	0.00129	0.00520	0.00377	0.00206	0.00638
38	0.00986	0.01126	0.09980	0.05594	0.45076	0.00995	0.21914	0.01301	0.02389	0.01361	0.00941	0.02885	0.02618	0.00418	0.00445	0.00134	0.00560	0.00436	0.00220	0.00621
39	0.00638	0.00487	0.00687	0.00672	0.00723	0.00571	0.00504	0.00749	0.00668	0.00956	0.01152	0.03181	0.01155	0.21361	0.56399	0.00570	0.08437	0.00497	0.00234	0.00360
40	0.00523	0.00375	0.00498	0.00595	0.00624	0.00350	0.00402	0.00601	0.00822	0.01093	0.02380	0.81007	0.04298	0.01324	0.00544	0.00173	0.00250	0.03402	0.00395	0.00347
41	0.00916	0.00794	0.00991	0.00782	0.05359	0.00628	0.03154	0.03292	0.00922	0.01422	0.00769	0.00904	0.00636	0.00325	0.00330	0.00071	0.00342	0.00271	0.00253	0.77840
42	0.00964	0.02169	0.01879	0.06003	0.02466	0.06819	0.00571	0.16770	0.03409	0.02301	0.03023	0.01915	0.01178	0.40183	0.03133	0.01410	0.04589	0.00495	0.00289	0.00431
43	0.00648	0.00463	0.00642	0.00738	0.00820	0.00457	0.00617	0.00817	0.00947	0.01239	0.03466	0.22421	0.02553	0.01206	0.00577	0.00190	0.00357	0.61072	0.00394	0.00382
44	0.18646	0.00843	0.00978	0.00766	0.01084	0.00837	0.00632	0.18691	0.01288	0.49921	0.01327	0.01210	0.00868	0.00498	0.00395	0.00131	0.00378	0.00380	0.00454	0.00673
45	0.00902	0.00664	0.02441	0.01983	0.12478	0.00630	0.04613	0.03406	0.07108	0.09356	0.28000	0.07305	0.04748	0.00674	0.00445	0.00131	0.00319	0.00597	0.13690	0.00509
46	0.83341	0.00835	0.00656	0.00578	0.00846	0.00962	0.00476	0.04169	0.00780	0.03403	0.00628	0.00717	0.00481	0.00402	0.00272	0.00132	0.00335	0.00240	0.00274	0.00475
47	0.00577	0.00398	0.00491	0.00531	0.00546	0.00393	0.00332	0.00618	0.00703	0.00942	0.01735	0.36014	0.02029	0.45531	0.06970	0.00333	0.00394	0.00848	0.00312	0.00302
48	0.01225	0.23937	0.18774	0.01120	0.05987	0.13335	0.07094	0.14203	0.05420	0.03848	0.00831	0.00922	0.00643	0.00424	0.00380	0.00119	0.00554	0.00327	0.00254	0.00606
49	0.01349	0.08659	0.01356	0.01024	0.01234	0.17017	0.00844	0.33062	0.01314	0.01686	0.00765	0.00914	0.00621	0.00559	0.00717	0.00140	0.27526	0.00345	0.00288	0.00581
50	0.00908	0.04965	0.06640	0.03429	0.04036	0.03562	0.00646	0.01114	0.00894	0.01333	0.00805	0.03939	0.00696	0.00371	0.00337	0.00080	0.00372	0.00299	0.00244	0.65332
51	0.01034	0.00989	0.01686	0.05410	0.77663	0.00997	0.01283	0.01285	0.00958	0.01370	0.00807	0.01071	0.00680	0.00448	0.02405	0.00140	0.00523	0.00381	0.00210	0.00660
52	0.00574	0.00422	0.00559	0.00583	0.00644	0.00407	0.00417	0.00711	0.01000	0.01389	0.41476	0.41777	0.03325	0.01085	0.00553	0.00154	0.03160	0.00964	0.00424	0.00377
53	0.01117	0.03871	0.06735	0.07002	0.17749	0.14076	0.00927	0.02719	0.36977	0.01483	0.01180	0.01228	0.00911	0.00488	0.00429	0.00133	0.01643	0.00399	0.00309	0.00622
54	0.00528	0.00386	0.00498	0.00568	0.00615	0.00355	0.00388	0.00624	0.00885	0.01179	0.13678	0.64936	0.11308	0.01242	0.00533	0.00164	0.00237	0.01116	0.00405	0.00355
55	0.00983	0.00959	0.01098	0.01029	0.06160	0.11355	0.02416	0.04968	0.11523	0.01321	0.12228	0.02761	0.04095	0.05170	0.02407	0.00176	0.30087	0.00478	0.00290	0.00497
56	0.00564	0.00433	0.00516	0.00495	0.00612	0.00385	0.00371	0.00729	0.01114	0.01491	0.52056	0.03533	0.34261	0.00950	0.00502	0.00138	0.00206	0.00819	0.00440	0.00385
57	0.54441	0.03508	0.12530	0.00714	0.01026	0.00909	0.04867	0.01280	0.00810	0.05501	0.00772	0.00882	0.00584	0.00411	0.00308	0.00128	0.00383	0.00285	0.10162	0.00498
58	0.01138	0.85302	0.02230	0.00728	0.01092	0.01684	0.00728	0.01274	0.00865	0.01001	0.00592	0.00683	0.00546	0.00364	0.00273	0.00091	0.00455	0.00228	0.00182	0.00546
59	0.88052	0.00823	0.00625	0.00560	0.00823	0.00955	0.00461	0.01251	0.00724	0.01909	0.00592	0.00691	0.00461	0.00395	0.00263	0.00132	0.00329	0.00230	0.00263	0.00461
60	0.00687	0.00430	0.00499	0.00487	0.00507	0.00428	0.00286	0.00700	0.00653	0.05159	0.01352	0.02678	0.01505	0.77929	0.04700	0.00406	0.00433	0.00603	0.00271	0.00286
61	0.00962	0.05765	0.49723	0.02670	0.20086	0.01006	0.06109	0.01354	0.00937	0.04851	0.02162	0.01003	0.00657	0.00407	0.00411	0.00131	0.00578	0.00349	0.00209	0.00630
62	0.00616	0.00425	0.00526	0.00526	0.00548	0.00446	0.00335	0.00659	0.00637	0.00871	0.01284	0.02470	0.01411	0.61950	0.25075	0.00489	0.00618	0.00573	0.00249	0.00292
63	0.00623	0.00447	0.00612	0.00703	0.00777	0.00436	0.00570	0.00778	0.00936	0.01230	0.06123	0.31153	0.03967	0.01211	0.00567	0.00184	0.00332	0.48577	0.00397	0.00376
64	0.03089	0.01120	0.10931	0.10539	0.49038	0.02947	0.03965	0.01375	0.05226	0.05160	0.00925	0.01121	0.01830	0.00415	0.00420	0.00131	0.00516	0.00385	0.00235	0.00633
65	0.05837	0.05092	0.06650	0.07699	0.08260	0.32567	0.20125	0.04431	0.01068	0.01275	0.00737	0.00924	0.00585	0.00416	0.00434	0.00126	0.02659	0.00350	0.00220	0.00543
66	0.00932	0.00928	0.01265	0.06984	0.01238	0.04731	0.03680	0.01047	0.00708	0.01049	0.00656	0.01066	0.00632	0.05145	0.01256	0.00187	0.64553	0.00387	0.03098	0.00458
67	0.01077	0.02387	0.03170	0.08152	0.21371	0.03825	0.11066	0.11763	0.10712	0.05005	0.07097	0.04362	0.03560	0.00518	0.00438	0.00132	0.00469	0.00471	0.00309	0.04115

[dist]
# distance from previous block
# <min> <max>
0	2

[block]
# block no. 3 follows, 62 sequences, length 35
# corresponding to MSA columns:
# 263-276,284-304
name=unknown_D
#
# <colnr> <probs for GDERKNQSTAVLIFYWHMCP>
#	G	D	E	R	K	N	Q	S	T	A	V	L	I	F	Y	W	H	M	C	P
0	0.21596	0.05002	0.06097	0.02053	0.01299	0.20926	0.12503	0.02478	0.02191	0.03957	0.00752	0.00936	0.00609	0.00648	0.06286	0.00172	0.11413	0.00334	0.00237	0.00510
1	0.00955	0.01757	0.52600	0.10257	0.05411	0.02691	0.08544	0.04183	0.04348	0.04033	0.00850	0.01002	0.00613	0.00417	0.00418	0.00135	0.00601	0.00353	0.00217	0.00614
2	0.00617	0.00420	0.00504	0.00504	0.00518	0.00434	0.00308	0.00645	0.00631	0.00855	0.01304	0.02580	0.01458	0.70012	0.17079	0.00462	0.00546	0.00589	0.00252	0.00280
3	0.01138	0.85302	0.02230	0.00728	0.01092	0.01684	0.00728	0.01274	0.00865	0.01001	0.00592	0.00683	0.00546	0.00364	0.00273	0.00091	0.00455	0.00228	0.00182	0.00546
4	0.00597	0.00435	0.00562	0.00530	0.00633	0.00399	0.00398	0.00794	0.01193	0.01679	0.78335	0.03224	0.07865	0.00880	0.00502	0.00134	0.00201	0.00776	0.00465	0.00399
5	0.00507	0.00431	0.00437	0.00435	0.00577	0.00361	0.00327	0.00619	0.00980	0.01173	0.07565	0.04057	0.78950	0.01069	0.00503	0.00143	0.00215	0.00893	0.00398	0.00361
6	0.00503	0.00430	0.00433	0.00435	0.00576	0.00359	0.00325	0.00610	0.00966	0.01148	0.04264	0.05995	0.80349	0.01084	0.00504	0.00144	0.00216	0.00905	0.00395	0.00359
7	0.01058	0.00914	0.00962	0.00866	0.01106	0.01058	0.00673	0.02261	0.81623	0.01780	0.01732	0.01588	0.01299	0.00577	0.00433	0.00144	0.00337	0.00481	0.00433	0.00673
8	0.01138	0.85302	0.02230	0.00728	0.01092	0.01684	0.00728	0.01274	0.00865	0.01001	0.00592	0.00683	0.00546	0.00364	0.00273	0.00091	0.00455	0.00228	0.00182	0.00546
9	0.01618	0.01192	0.01277	0.00979	0.01320	0.01320	0.00809	0.80973	0.02001	0.02682	0.01022	0.01022	0.00724	0.00511	0.00426	0.00128	0.00468	0.00383	0.00426	0.00724
10	0.07607	0.01134	0.01196	0.00926	0.01251	0.01256	0.00764	0.72152	0.01866	0.02583	0.01007	0.01022	0.00720	0.00502	0.00409	0.00127	0.00448	0.00373	0.03966	0.00692
11	0.01138	0.85302	0.02230	0.00728	0.01092	0.01684	0.00728	0.01274	0.00865	0.01001	0.00592	0.00683	0.00546	0.00364	0.00273	0.00091	0.00455	0.00228	0.00182	0.00546
12	0.00954	0.00754	0.00890	0.00639	0.01014	0.00571	0.00513	0.01141	0.00906	0.07052	0.00821	0.00922	0.00660	0.00330	0.00323	0.00068	0.00318	0.00264	0.00271	0.81590
13	0.00551	0.00433	0.00498	0.00482	0.00604	0.00380	0.00361	0.00704	0.01084	0.01421	0.42262	0.03648	0.44098	0.00976	0.00502	0.00139	0.00208	0.00835	0.00431	0.00380
14	0.88052	0.00823	0.00625	0.00560	0.00823	0.00955	0.00461	0.01251	0.00724	0.01909	0.00592	0.00691	0.00461	0.00395	0.00263	0.00132	0.00329	0.00230	0.00263	0.00461
15	0.00882	0.00756	0.00882	0.00630	0.01008	0.00567	0.00504	0.01071	0.00882	0.01387	0.00756	0.00882	0.00630	0.00315	0.00315	0.00063	0.00315	0.00252	0.00252	0.87647
16	0.01874	0.00865	0.01011	0.00794	0.01111	0.09585	0.00647	0.02033	0.01217	0.73842	0.01568	0.01375	0.00999	0.00517	0.00423	0.00129	0.00406	0.00411	0.00493	0.00699
17	0.00806	0.01147	0.29357	0.06696	0.03580	0.00727	0.02261	0.03168	0.04195	0.04234	0.33653	0.02010	0.05137	0.00631	0.00453	0.00135	0.00410	0.00541	0.00334	0.00524
18	0.01337	0.01176	0.01093	0.04463	0.01226	0.19402	0.01828	0.35747	0.02783	0.01874	0.01002	0.03402	0.00791	0.00506	0.00423	0.00120	0.02970	0.00379	0.13670	0.05808
19	0.00518	0.00370	0.00494	0.00592	0.00617	0.00346	0.00395	0.00592	0.00815	0.01086	0.02345	0.84768	0.02814	0.01333	0.00543	0.00173	0.00247	0.01210	0.00395	0.00346
20	0.00618	0.00414	0.00473	0.00473	0.00476	0.00418	0.00269	0.00625	0.00622	0.00832	0.01332	0.02738	0.01527	0.81612	0.05572	0.00424	0.00443	0.00612	0.00257	0.00263
21	0.01016	0.01254	0.13926	0.02835	0.08405	0.03442	0.37639	0.02603	0.17660	0.01438	0.01002	0.01171	0.00760	0.00436	0.00502	0.00142	0.04465	0.00444	0.00256	0.00604
22	0.00945	0.07619	0.48881	0.01424	0.13241	0.04501	0.10414	0.01327	0.00922	0.01303	0.00790	0.02656	0.00619	0.00424	0.00441	0.00133	0.03201	0.00357	0.00195	0.00607
23	0.03014	0.04913	0.13604	0.00995	0.02517	0.12742	0.00886	0.37194	0.05988	0.03188	0.00920	0.00971	0.00684	0.00463	0.00412	0.00120	0.01791	0.00341	0.00325	0.08932
24	0.00608	0.00456	0.00684	0.00684	0.00760	0.00532	0.00532	0.00760	0.00684	0.00988	0.01140	0.01672	0.01064	0.03191	0.83360	0.00684	0.01140	0.00456	0.00228	0.00380
25	0.00612	0.00422	0.00508	0.00508	0.00529	0.00435	0.00317	0.00647	0.00646	0.00871	0.01414	0.02606	0.04565	0.64959	0.18808	0.00458	0.00555	0.00596	0.00257	0.00287
26	0.10206	0.01497	0.34287	0.03760	0.07193	0.05126	0.07001	0.11394	0.02116	0.07908	0.03599	0.01100	0.02043	0.00452	0.00407	0.00133	0.00535	0.00368	0.00270	0.00607
27	0.00574	0.00415	0.00549	0.02420	0.00705	0.00402	0.00440	0.03721	0.00868	0.01156	0.02256	0.76369	0.02670	0.01275	0.00538	0.00171	0.00268	0.04445	0.00392	0.00365
28	0.00632	0.00441	0.00603	0.00694	0.00765	0.00427	0.00552	0.00773	0.00912	0.02662	0.02319	0.39428	0.04001	0.01230	0.00564	0.00184	0.00325	0.42714	0.00396	0.00377
29	0.01027	0.00955	0.01617	0.16717	0.62570	0.00989	0.02442	0.02795	0.00968	0.02921	0.00821	0.01088	0.00671	0.00448	0.02066	0.00140	0.00529	0.00383	0.00217	0.00633
30	0.09655	0.02390	0.01171	0.15318	0.10057	0.12265	0.00846	0.17798	0.12610	0.06573	0.00997	0.01098	0.00751	0.00475	0.00424	0.00130	0.02786	0.00367	0.03701	0.00589
31	0.01772	0.00747	0.00981	0.00763	0.01075	0.00678	0.00626	0.08481	0.03328	0.68401	0.07235	0.01537	0.01239	0.00551	0.00433	0.00132	0.00359	0.00449	0.00512	0.00700
32	0.00518	0.00370	0.00494	0.00592	0.00617	0.00346	0.00395	0.00592	0.00815	0.01086	0.02345	0.84768	0.02814	0.01333	0.00543	0.00173	0.00247	0.01210	0.00395	0.00346
33	0.01036	0.01026	0.01591	0.20441	0.59236	0.06734	0.01245	0.01285	0.00959	0.01299	0.00781	0.01051	0.00642	0.00393	0.00420	0.00129	0.00537	0.00372	0.00206	0.00617
34	0.00909	0.03960	0.03372	0.00668	0.01041	0.02739	0.00555	0.01132	0.03157	0.01379	0.02127	0.00930	0.00697	0.00339	0.00324	0.00071	0.00340	0.00269	0.00255	0.75736

[dist]
# distance from previous block
# <min> <max>
0	1

[block]
# block no. 4 follows, 62 sequences, length 14
# corresponding to MSA columns:
# 306-319
name=unknown_E
#
# <colnr> <probs for GDERKNQSTAVLIFYWHMCP>
#	G	D	E	R	K	N	Q	S	T	A	V	L	I	F	Y	W	H	M	C	P
0	0.45211	0.10442	0.02832	0.00784	0.01054	0.28661	0.00646	0.03702	0.00941	0.01529	0.00630	0.00730	0.00509	0.00410	0.00313	0.00120	0.00500	0.00251	0.00243	0.00492
1	0.88052	0.00823	0.00625	0.00560	0.00823	0.00955	0.00461	0.01251	0.00724	0.01909	0.00592	0.00691	0.00461	0.00395	0.00263	0.00132	0.00329	0.00230	0.00263	0.00461
2	0.00521	0.00432	0.00456	0.00450	0.00586	0.00367	0.00337	0.00645	0.01012	0.01250	0.18395	0.03929	0.68072	0.01040	0.00503	0.00142	0.00213	0.00875	0.00408	0.00367
3	0.00558	0.00435	0.00507	0.00494	0.00615	0.00384	0.00374	0.00714	0.01086	0.01428	0.42685	0.03665	0.41047	0.00978	0.00505	0.00140	0.00214	0.03358	0.00431	0.00381
4	0.03825	0.00475	0.00496	0.00460	0.00596	0.00477	0.00355	0.04697	0.00965	0.08812	0.01371	0.01519	0.01050	0.00496	0.00314	0.00104	0.00229	0.00393	0.72922	0.00442
5	0.01473	0.01078	0.01150	0.00899	0.01206	0.01185	0.00737	0.67907	0.04029	0.02483	0.01259	0.01258	0.05443	0.00544	0.00420	0.00127	0.00429	0.00416	0.07282	0.00676
6	0.01004	0.01148	0.02511	0.01793	0.02224	0.01076	0.80846	0.01363	0.01004	0.01363	0.00861	0.01148	0.00646	0.00359	0.00502	0.00143	0.00717	0.00502	0.00215	0.00574
7	0.27721	0.00801	0.00866	0.00701	0.00991	0.03134	0.00573	0.07350	0.01113	0.43749	0.04233	0.01350	0.04596	0.00520	0.00383	0.00131	0.00359	0.00394	0.00423	0.00610
8	0.77359	0.00888	0.03011	0.00614	0.00892	0.00982	0.00521	0.06368	0.03328	0.01938	0.00660	0.00746	0.00506	0.00408	0.00283	0.00132	0.00347	0.00250	0.00277	0.00489
9	0.01222	0.01012	0.01016	0.00876	0.01132	0.06177	0.00691	0.19897	0.52212	0.03772	0.01484	0.01406	0.01105	0.00548	0.00420	0.00136	0.00386	0.00440	0.05409	0.00659
10	0.00843	0.00507	0.00636	0.00574	0.00714	0.00464	0.00426	0.00971	0.00949	0.15432	0.20646	0.04410	0.12892	0.20419	0.08913	0.00250	0.00387	0.03022	0.00376	0.07169
11	0.00739	0.00370	0.00554	0.00554	0.00554	0.00370	0.00370	0.00554	0.00554	0.00739	0.00739	0.01293	0.00739	0.01478	0.01663	0.87620	0.00370	0.00370	0.00185	0.00185
12	0.01105	0.03778	0.06377	0.00779	0.01015	0.05582	0.01729	0.15618	0.09686	0.12949	0.04420	0.12542	0.09764	0.05553	0.00546	0.00154	0.00390	0.03684	0.03788	0.00541
13	0.05493	0.30703	0.04211	0.01015	0.04813	0.34801	0.03535	0.06821	0.01084	0.01227	0.00687	0.00798	0.00574	0.00410	0.00347	0.00108	0.00589	0.00279	0.01964	0.00539

[dist]
# distance from previous block
# <min> <max>
0	2

[block]
# block no. 5 follows, 62 sequences, length 40
# corresponding to MSA columns:
# 322-361
name=unknown_F
#
# <colnr> <probs for GDERKNQSTAVLIFYWHMCP>
#	G	D	E	R	K	N	Q	S	T	A	V	L	I	F	Y	W	H	M	C	P
0	0.00664	0.00527	0.01831	0.00725	0.02237	0.00482	0.05913	0.02095	0.03018	0.02516	0.03503	0.44492	0.11730	0.01059	0.00509	0.00158	0.00307	0.09873	0.05393	0.02969
1	0.01120	0.43838	0.10817	0.03815	0.07027	0.02375	0.03792	0.05452	0.02541	0.04807	0.00746	0.00859	0.00612	0.00400	0.00371	0.00108	0.03242	0.00292	0.00224	0.07561
2	0.00813	0.00826	0.04888	0.00988	0.01125	0.00905	0.11688	0.01064	0.07449	0.01200	0.03771	0.11297	0.08500	0.01003	0.08917	0.00214	0.30889	0.01462	0.02531	0.00468
3	0.00605	0.00440	0.00559	0.00551	0.00656	0.00405	0.00420	0.00779	0.01104	0.02599	0.52939	0.08729	0.17235	0.01020	0.02677	0.00158	0.00251	0.08042	0.00438	0.00393
4	0.01048	0.00970	0.07755	0.08533	0.34453	0.00902	0.02972	0.04402	0.10495	0.08608	0.05958	0.01435	0.04859	0.00498	0.00443	0.00132	0.01743	0.00442	0.03739	0.00612
5	0.01193	0.07066	0.06876	0.10955	0.20318	0.14687	0.16191	0.14876	0.01165	0.01483	0.00804	0.00993	0.00627	0.00413	0.00420	0.00127	0.00594	0.00371	0.00243	0.00599
6	0.00970	0.00831	0.00911	0.03602	0.01095	0.00954	0.00655	0.01955	0.64974	0.01668	0.05427	0.07347	0.03765	0.00662	0.00465	0.00147	0.01881	0.01657	0.00418	0.00616
7	0.00637	0.00462	0.00579	0.00620	0.00688	0.00458	0.00452	0.04533	0.02530	0.01185	0.04822	0.36205	0.08317	0.16293	0.05347	0.00242	0.00361	0.15536	0.00365	0.00368
8	0.03550	0.14164	0.07751	0.07322	0.18041	0.12814	0.12211	0.05565	0.06207	0.03995	0.00900	0.03997	0.00740	0.00447	0.00405	0.00126	0.00547	0.00387	0.00248	0.00583
9	0.10594	0.04967	0.01037	0.00854	0.00980	0.12878	0.00688	0.02760	0.00856	0.05992	0.01213	0.02654	0.10550	0.05560	0.03386	0.00181	0.31850	0.00432	0.02105	0.00463
10	0.00788	0.00398	0.00402	0.00401	0.00500	0.00397	0.00301	0.00986	0.00902	0.01590	0.03770	0.01633	0.01177	0.00507	0.00303	0.00100	0.00198	0.00408	0.84845	0.00397
11	0.06601	0.00905	0.01489	0.32802	0.31325	0.00987	0.08373	0.05024	0.00959	0.03376	0.00831	0.02542	0.00665	0.00428	0.00439	0.00136	0.01925	0.00396	0.00227	0.00570
12	0.01266	0.02449	0.05613	0.01479	0.23321	0.10591	0.11154	0.14736	0.05583	0.11387	0.02590	0.03880	0.00879	0.00478	0.00429	0.00129	0.00514	0.00424	0.02472	0.00627
13	0.00923	0.00876	0.02574	0.01000	0.02790	0.04867	0.08050	0.02930	0.10813	0.03310	0.17147	0.05938	0.02659	0.02221	0.00836	0.00161	0.30586	0.01513	0.00308	0.00496
14	0.00619	0.00413	0.00469	0.00469	0.00471	0.00415	0.00264	0.00622	0.00620	0.00829	0.01336	0.02760	0.01536	0.83255	0.03942	0.00418	0.00428	0.00615	0.00257	0.00260
15	0.02956	0.02379	0.03194	0.03897	0.12888	0.02349	0.00707	0.03659	0.02365	0.10671	0.00884	0.00987	0.00688	0.00370	0.00354	0.00091	0.00382	0.00304	0.00280	0.50597
16	0.01010	0.00868	0.00993	0.01080	0.15725	0.09130	0.00703	0.07718	0.17383	0.04937	0.30576	0.03758	0.02069	0.00642	0.00451	0.00132	0.00370	0.00551	0.01352	0.00552
17	0.02860	0.00579	0.00737	0.00634	0.00820	0.00546	0.00497	0.03812	0.06007	0.25241	0.49758	0.02462	0.02816	0.00732	0.00469	0.00134	0.00267	0.00630	0.00478	0.00523
18	0.08752	0.04715	0.02974	0.02662	0.06033	0.06147	0.02229	0.22701	0.07655	0.30040	0.01202	0.01160	0.00831	0.00486	0.00405	0.00129	0.00440	0.00380	0.00397	0.00663
19	0.00609	0.00446	0.00645	0.00649	0.00718	0.00505	0.00492	0.00748	0.00708	0.01019	0.03927	0.05771	0.01286	0.09698	0.67802	0.00604	0.00981	0.00514	0.02508	0.00369
20	0.27811	0.00741	0.00855	0.00684	0.00984	0.00716	0.00563	0.01784	0.01057	0.55211	0.01340	0.01226	0.00876	0.00486	0.00373	0.00130	0.00346	0.00367	0.03818	0.00632
21	0.00713	0.00576	0.00696	0.02412	0.00820	0.00622	0.00513	0.01090	0.18946	0.01366	0.19265	0.02562	0.19828	0.03455	0.15393	0.02147	0.04747	0.02585	0.01819	0.00445
22	0.01234	0.00815	0.00920	0.00775	0.01022	0.00864	0.00616	0.17898	0.30011	0.17853	0.13310	0.01794	0.05372	0.00616	0.00437	0.00135	0.00336	0.00508	0.04859	0.00625
23	0.01571	0.01156	0.01202	0.00951	0.01258	0.07282	0.00778	0.57994	0.04944	0.11148	0.01116	0.01170	0.00812	0.00533	0.00454	0.00131	0.02939	0.02348	0.01528	0.00685
24	0.00600	0.00444	0.00561	0.00530	0.00638	0.00410	0.00398	0.00811	0.02841	0.01643	0.71507	0.03251	0.12994	0.00888	0.00501	0.00135	0.00205	0.00778	0.00459	0.00402
25	0.00882	0.00756	0.00882	0.00630	0.01008	0.00567	0.00504	0.01071	0.00882	0.01387	0.00756	0.00882	0.00630	0.00315	0.00315	0.00063	0.00315	0.00252	0.00252	0.87647
26	0.01226	0.00997	0.01057	0.00900	0.01170	0.01137	0.00714	0.25881	0.57730	0.02051	0.01519	0.01418	0.01126	0.00557	0.00431	0.00139	0.00376	0.00452	0.00431	0.00689
27	0.00608	0.00456	0.00684	0.00684	0.00760	0.00532	0.00532	0.00760	0.00684	0.00988	0.01140	0.01672	0.01064	0.03191	0.83360	0.00684	0.01140	0.00456	0.00228	0.00380
28	0.00890	0.00763	0.00886	0.00641	0.01013	0.00589	0.00512	0.01124	0.04451	0.01404	0.00799	0.00914	0.00660	0.00327	0.00320	0.00067	0.00316	0.00262	0.00260	0.83803
29	0.01139	0.08746	0.01037	0.00805	0.01040	0.10279	0.00641	0.10685	0.41298	0.01690	0.01363	0.01348	0.01042	0.00520	0.00387	0.00125	0.00385	0.00408	0.16467	0.00596
30	0.88052	0.00823	0.00625	0.00560	0.00823	0.00955	0.00461	0.01251	0.00724	0.01909	0.00592	0.00691	0.00461	0.00395	0.00263	0.00132	0.00329	0.00230	0.00263	0.00461
31	0.01027	0.01152	0.03839	0.01561	0.01911	0.05001	0.57502	0.05293	0.01012	0.01359	0.00940	0.02908	0.02808	0.00459	0.00604	0.00147	0.11201	0.00490	0.00230	0.00555
32	0.00504	0.00428	0.00434	0.00438	0.00577	0.00359	0.00326	0.00610	0.00963	0.01147	0.04224	0.07661	0.78709	0.01089	0.00505	0.00145	0.00217	0.00912	0.00395	0.00359
33	0.78813	0.00847	0.00685	0.00597	0.00868	0.00970	0.00492	0.07145	0.00835	0.04665	0.00660	0.00741	0.00500	0.00408	0.00281	0.00131	0.00340	0.00248	0.00284	0.00489
34	0.00617	0.00419	0.00496	0.00496	0.00507	0.00430	0.00297	0.00639	0.00628	0.00848	0.01312	0.02625	0.01477	0.73277	0.13840	0.00452	0.00517	0.00595	0.00254	0.00275
35	0.00679	0.00454	0.00580	0.00555	0.00671	0.00414	0.00423	0.00853	0.01123	0.07056	0.53826	0.07643	0.14752	0.02610	0.00539	0.00147	0.00235	0.06580	0.00448	0.00411
36	0.00530	0.00402	0.00491	0.00546	0.00619	0.00362	0.00387	0.00634	0.00911	0.01179	0.11170	0.47545	0.27513	0.01199	0.00529	0.00161	0.00239	0.04824	0.00402	0.00358
37	0.63380	0.00795	0.00729	0.00616	0.00898	0.00860	0.00508	0.01486	0.00866	0.25044	0.00904	0.00908	0.00631	0.00433	0.00310	0.00132	0.00339	0.00287	0.00339	0.00536
