[name]
unknown

[dist]
# distance from previous block
# <min> <max>
3	1297

[block]
# block no. 0 follows, 52 sequences, length 17
# corresponding to MSA columns:
# 1328-1330,1334-1347
name=unknown_A
#
# <colnr> <probs for GDERKNQSTAVLIFYWHMCP>
#	G	D	E	R	K	N	Q	S	T	A	V	L	I	F	Y	W	H	M	C	P
0	0.01261	0.38085	0.06934	0.02800	0.01478	0.01421	0.09466	0.03213	0.01046	0.07436	0.00858	0.01002	0.00701	0.00466	0.00494	0.00124	0.07863	0.00345	0.00262	0.14746
1	0.01212	0.07581	0.01701	0.01616	0.18300	0.11657	0.07310	0.01510	0.08422	0.01383	0.02179	0.02510	0.00856	0.00640	0.00884	0.00168	0.30744	0.00445	0.00261	0.00621
2	0.00671	0.00877	0.17737	0.00809	0.00998	0.00552	0.00730	0.00862	0.00965	0.01308	0.02497	0.57676	0.09934	0.01263	0.00580	0.00184	0.00371	0.01125	0.00397	0.00464
3	0.01704	0.00774	0.00977	0.00818	0.01093	0.03922	0.00645	0.01870	0.01287	0.53994	0.08027	0.19189	0.01867	0.00823	0.00520	0.00159	0.00389	0.00702	0.00548	0.00693
4	0.01184	0.31682	0.16662	0.13878	0.02025	0.07594	0.17730	0.01492	0.01053	0.01320	0.00811	0.01024	0.00649	0.00439	0.00431	0.00136	0.00666	0.00375	0.00219	0.00628
5	0.01053	0.01879	0.46042	0.01303	0.01843	0.01142	0.08937	0.01842	0.25257	0.01700	0.03372	0.01365	0.01002	0.00531	0.00485	0.00158	0.00610	0.00452	0.00307	0.00719
6	0.00692	0.00519	0.00779	0.00779	0.00865	0.00606	0.00606	0.00865	0.00779	0.01125	0.01298	0.01904	0.01211	0.03634	0.81049	0.00779	0.01298	0.00519	0.00260	0.00433
7	0.00754	0.00574	0.00725	0.00633	0.00815	0.00498	0.00482	0.00980	0.01293	0.01865	0.62739	0.03058	0.03744	0.00855	0.00526	0.00135	0.00257	0.00750	0.00480	0.18838
8	0.01104	0.01245	0.05323	0.01698	0.02162	0.01109	0.55125	0.01463	0.01091	0.01540	0.00935	0.01220	0.00722	0.00420	0.00568	0.00146	0.04393	0.00496	0.00251	0.18989
9	0.04595	0.19065	0.48634	0.01206	0.01780	0.07781	0.01405	0.07469	0.01132	0.01568	0.00834	0.00962	0.00629	0.00463	0.00423	0.00140	0.00660	0.00336	0.00234	0.00685
10	0.00762	0.00908	0.17717	0.00712	0.00866	0.00611	0.00616	0.00883	0.00773	0.01068	0.01386	0.02709	0.01515	0.65226	0.02035	0.00402	0.00523	0.00630	0.00274	0.00385
11	0.00849	0.15807	0.15779	0.00792	0.01072	0.00845	0.00771	0.01126	0.01237	0.01723	0.50822	0.02626	0.03126	0.00788	0.00504	0.00144	0.00371	0.00669	0.00414	0.00535
12	0.00587	0.00437	0.00547	0.00635	0.00692	0.00397	0.00432	0.00679	0.00966	0.01253	0.03152	0.65882	0.19665	0.01456	0.00609	0.00190	0.00273	0.01301	0.00450	0.00397
13	0.01172	0.39543	0.17707	0.01084	0.01429	0.01615	0.01095	0.03377	0.00951	0.01277	0.00714	0.00924	0.00630	0.00563	0.00742	0.00148	0.25862	0.00335	0.00215	0.00617
14	0.00948	0.00934	0.01331	0.07351	0.01356	0.01210	0.04425	0.01088	0.00856	0.01220	0.01588	0.01864	0.17654	0.00882	0.01240	0.00196	0.54524	0.00560	0.00265	0.00510
15	0.00667	0.00519	0.00752	0.18113	0.01260	0.00545	0.00634	0.00798	0.00924	0.01221	0.02217	0.60670	0.02573	0.05893	0.00694	0.00205	0.00370	0.01136	0.00391	0.00419
16	0.04512	0.22734	0.40751	0.01353	0.01927	0.01347	0.17924	0.01513	0.01031	0.01464	0.00836	0.01012	0.00638	0.00437	0.00440	0.00143	0.00674	0.00375	0.00218	0.00671

[dist]
# distance from previous block
# <min> <max>
37	248

[block]
# block no. 1 follows, 52 sequences, length 15
# corresponding to MSA columns:
# 1635-1649
name=unknown_B
#
# <colnr> <probs for GDERKNQSTAVLIFYWHMCP>
#	G	D	E	R	K	N	Q	S	T	A	V	L	I	F	Y	W	H	M	C	P
0	0.15276	0.13538	0.01079	0.00763	0.01015	0.03455	0.00631	0.02658	0.01078	0.10670	0.06128	0.15592	0.05298	0.00823	0.00469	0.00152	0.00398	0.11037	0.00386	0.09553
1	0.21338	0.03468	0.01145	0.00913	0.01219	0.08621	0.01983	0.26320	0.09639	0.02247	0.12958	0.01471	0.01359	0.00595	0.00441	0.00143	0.00462	0.00452	0.00406	0.04819
2	0.01168	0.20881	0.13740	0.01016	0.01311	0.09591	0.00953	0.01484	0.07499	0.05122	0.10477	0.05513	0.01399	0.00689	0.00644	0.00154	0.14163	0.03285	0.00314	0.00599
3	0.01066	0.01114	0.13321	0.00829	0.01300	0.00724	0.00770	0.01334	0.01029	0.06045	0.00922	0.01044	0.00729	0.00388	0.00382	0.00089	0.00417	0.00309	0.00292	0.67893
4	0.34296	0.07144	0.01095	0.00801	0.01135	0.01143	0.00658	0.18898	0.07307	0.04484	0.00994	0.01128	0.00785	0.04517	0.00478	0.00150	0.00425	0.00356	0.00357	0.13848
5	0.01179	0.00984	0.01057	0.00939	0.01198	0.01115	0.00732	0.08810	0.60452	0.02102	0.13944	0.02033	0.01902	0.00703	0.00505	0.00161	0.00372	0.00589	0.00499	0.00724
6	0.01005	0.00861	0.01005	0.00718	0.01148	0.00646	0.00574	0.01220	0.01005	0.01579	0.00861	0.01005	0.00718	0.00359	0.00359	0.00072	0.00359	0.00287	0.00287	0.85932
7	0.01186	0.00856	0.01023	0.00740	0.01162	0.00656	0.00596	0.01397	0.01064	0.13772	0.01024	0.01105	0.00792	0.00396	0.00379	0.00084	0.00367	0.00318	0.00336	0.72746
8	0.01105	0.34558	0.28718	0.13631	0.01898	0.01466	0.03543	0.01428	0.00982	0.01303	0.00775	0.00977	0.00627	0.00473	0.00492	0.00139	0.06699	0.00341	0.00209	0.00635
9	0.01205	0.01041	0.01096	0.00986	0.01260	0.01205	0.00767	0.02575	0.79071	0.02027	0.01972	0.01808	0.01479	0.00657	0.00493	0.00164	0.00384	0.00548	0.00493	0.00767
10	0.01067	0.00898	0.01038	0.00747	0.01175	0.00710	0.00600	0.06973	0.01100	0.01689	0.00884	0.01017	0.00726	0.00376	0.00368	0.00077	0.00372	0.00298	0.00302	0.79582
11	0.01050	0.13627	0.01243	0.00735	0.01163	0.00843	0.00614	0.01256	0.01002	0.01511	0.00832	0.00970	0.00703	0.00368	0.00351	0.00077	0.00384	0.00283	0.00275	0.72715
12	0.06069	0.02841	0.07093	0.00839	0.01088	0.02400	0.00722	0.15037	0.02724	0.08467	0.36786	0.02397	0.05322	0.00785	0.00573	0.00153	0.05019	0.00639	0.00456	0.00590
13	0.20179	0.01189	0.03069	0.01004	0.01338	0.08500	0.08897	0.23461	0.04303	0.02130	0.08943	0.01517	0.05580	0.00586	0.00452	0.00143	0.00498	0.00468	0.00378	0.07364
14	0.09877	0.01089	0.01181	0.03919	0.01340	0.03386	0.00787	0.38531	0.04277	0.14650	0.05631	0.01591	0.05530	0.00800	0.05054	0.00185	0.00519	0.00488	0.00456	0.00710

[dist]
# distance from previous block
# <min> <max>
7	60

[block]
# block no. 2 follows, 52 sequences, length 8
# corresponding to MSA columns:
# 1735-1742
name=unknown_C
#
# <colnr> <probs for GDERKNQSTAVLIFYWHMCP>
#	G	D	E	R	K	N	Q	S	T	A	V	L	I	F	Y	W	H	M	C	P
0	0.18058	0.16426	0.21958	0.01039	0.01451	0.01146	0.07746	0.01369	0.01010	0.01601	0.06114	0.01606	0.01109	0.00580	0.00468	0.00148	0.03004	0.08643	0.00281	0.06242
1	0.19345	0.19955	0.22397	0.00964	0.01409	0.01249	0.00997	0.04240	0.05535	0.10076	0.00961	0.01035	0.00724	0.00484	0.00428	0.00138	0.03118	0.00340	0.00300	0.06305
2	0.00885	0.00703	0.06186	0.00830	0.01015	0.00583	0.00740	0.01122	0.01121	0.06073	0.09093	0.07723	0.02426	0.01066	0.00578	0.00185	0.00406	0.43572	0.09551	0.06142
3	0.14885	0.00805	0.00842	0.00809	0.01005	0.04345	0.00661	0.13249	0.01252	0.01834	0.06712	0.10204	0.07110	0.00955	0.00526	0.00174	0.00411	0.26127	0.05325	0.02769
4	0.00817	0.00435	0.00641	0.00641	0.00650	0.00444	0.00433	0.00661	0.00652	0.00878	0.00934	0.01627	0.00940	0.07056	0.10397	0.71369	0.00518	0.00449	0.00221	0.00239
5	0.00766	0.00565	0.00691	0.00698	0.00805	0.00531	0.00485	0.07337	0.01022	0.01395	0.02152	0.54282	0.02483	0.12434	0.00826	0.00214	0.00338	0.01064	0.00410	0.11503
6	0.01035	0.00853	0.00974	0.00764	0.01126	0.00736	0.00608	0.01473	0.16632	0.04047	0.01527	0.01674	0.07672	0.00539	0.00420	0.00107	0.00359	0.03463	0.00358	0.55635
7	0.01138	0.01404	0.13041	0.01419	0.01805	0.07984	0.27155	0.01591	0.10802	0.01527	0.01083	0.01416	0.00883	0.00548	0.00640	0.00156	0.11008	0.04040	0.00282	0.12078

[dist]
# distance from previous block
# <min> <max>
0	13

[block]
# block no. 3 follows, 52 sequences, length 7
# corresponding to MSA columns:
# 1756-1762
name=unknown_D
#
# <colnr> <probs for GDERKNQSTAVLIFYWHMCP>
#	G	D	E	R	K	N	Q	S	T	A	V	L	I	F	Y	W	H	M	C	P
0	0.00897	0.00738	0.00884	0.00681	0.01005	0.00582	0.00535	0.01117	0.01129	0.01702	0.27516	0.01889	0.02021	0.00573	0.00431	0.00099	0.00315	0.00486	0.00370	0.57030
1	0.00778	0.00721	0.01339	0.01137	0.01322	0.00675	0.26735	0.00971	0.01001	0.01344	0.02099	0.55147	0.02370	0.01143	0.00603	0.00186	0.00462	0.01105	0.00381	0.00482
2	0.01470	0.55889	0.02145	0.00971	0.01330	0.28666	0.00865	0.01615	0.01116	0.01156	0.00699	0.00810	0.00623	0.00443	0.00354	0.00111	0.00639	0.00277	0.00222	0.00602
3	0.00649	0.00465	0.00621	0.00683	0.00752	0.00438	0.00498	0.00801	0.01104	0.01505	0.28699	0.45245	0.03610	0.01315	0.00610	0.00185	0.00286	0.11632	0.00478	0.00422
4	0.00945	0.00861	0.01302	0.54386	0.02597	0.00931	0.01085	0.01232	0.00981	0.01353	0.00861	0.01195	0.00670	0.00442	0.00442	0.00131	0.00549	0.00382	0.00240	0.29413
5	0.05107	0.00898	0.01024	0.00775	0.01159	0.00781	0.00620	0.01415	0.11791	0.01652	0.00996	0.01108	0.00810	0.00426	0.00428	0.00094	0.03915	0.00328	0.00313	0.66359
6	0.01245	0.01319	0.01096	0.00999	0.01163	0.30703	0.00766	0.06980	0.01239	0.01469	0.12167	0.14895	0.03528	0.00827	0.00667	0.00156	0.12881	0.02396	0.02341	0.03164

[dist]
# distance from previous block
# <min> <max>
21	157

[block]
# block no. 4 follows, 52 sequences, length 6
# corresponding to MSA columns:
# 2023-2028
name=unknown_E
#
# <colnr> <probs for GDERKNQSTAVLIFYWHMCP>
#	G	D	E	R	K	N	Q	S	T	A	V	L	I	F	Y	W	H	M	C	P
0	0.18040	0.01217	0.01146	0.00972	0.01229	0.12819	0.00775	0.23833	0.06633	0.02041	0.05067	0.07227	0.01118	0.00659	0.00584	0.00153	0.10380	0.00474	0.00371	0.05262
1	0.22948	0.01190	0.01377	0.03800	0.01496	0.07635	0.12632	0.22746	0.01386	0.04544	0.03628	0.01148	0.00837	0.00496	0.00433	0.00139	0.00530	0.00399	0.00351	0.12282
2	0.11152	0.01024	0.03668	0.09042	0.01503	0.01079	0.06938	0.17863	0.07592	0.04046	0.01380	0.12865	0.03335	0.00709	0.00600	0.00160	0.09171	0.00572	0.00363	0.06936
3	0.00956	0.06863	0.01071	0.03966	0.01118	0.03305	0.00703	0.10205	0.01031	0.01419	0.01234	0.07707	0.01159	0.02199	0.42107	0.00469	0.04394	0.00518	0.00296	0.09283
4	0.10122	0.01132	0.05645	0.07659	0.01588	0.01129	0.09279	0.32244	0.01507	0.02146	0.01294	0.09225	0.01143	0.00759	0.02791	0.00175	0.00549	0.06458	0.00380	0.04777
5	0.09556	0.01273	0.03868	0.06982	0.01400	0.17968	0.00844	0.08322	0.13501	0.03638	0.01198	0.07877	0.01049	0.04102	0.00671	0.00166	0.10043	0.00485	0.00335	0.06722

[dist]
# distance from previous block
# <min> <max>
5	26

[block]
# block no. 5 follows, 52 sequences, length 26
# corresponding to MSA columns:
# 2055-2080
name=unknown_F
#
# <colnr> <probs for GDERKNQSTAVLIFYWHMCP>
#	G	D	E	R	K	N	Q	S	T	A	V	L	I	F	Y	W	H	M	C	P
0	0.16314	0.00644	0.03782	0.02138	0.00854	0.00594	0.00524	0.02067	0.00987	0.03544	0.03919	0.39314	0.13358	0.01083	0.00513	0.00170	0.00318	0.00932	0.08484	0.00459
1	0.00674	0.00527	0.00636	0.00653	0.00795	0.00461	0.00493	0.00817	0.01048	0.01375	0.07077	0.30425	0.27610	0.01218	0.00576	0.00172	0.00304	0.13191	0.00432	0.11517
2	0.01564	0.23445	0.01613	0.01037	0.01343	0.31280	0.00848	0.19238	0.01432	0.03629	0.01052	0.09380	0.00951	0.00603	0.00434	0.00132	0.00628	0.00441	0.00322	0.00627
3	0.01296	0.83261	0.02539	0.00829	0.01244	0.01917	0.00829	0.01451	0.00985	0.01140	0.00674	0.00777	0.00622	0.00415	0.00311	0.00104	0.00518	0.00259	0.00207	0.00622
4	0.01119	0.32828	0.29549	0.11820	0.11402	0.01425	0.02776	0.01459	0.01014	0.01352	0.00801	0.00991	0.00642	0.00442	0.00411	0.00135	0.00617	0.00343	0.00212	0.00662
5	0.00807	0.11281	0.01039	0.00821	0.00965	0.00692	0.05927	0.00966	0.01050	0.03537	0.12114	0.41609	0.02752	0.01177	0.00574	0.00180	0.00372	0.13248	0.00418	0.00470
6	0.00590	0.00422	0.00562	0.00675	0.00703	0.00394	0.00450	0.00675	0.00928	0.01237	0.02671	0.82653	0.03205	0.01518	0.00619	0.00197	0.00281	0.01378	0.00450	0.00394
7	0.00822	0.00618	0.00791	0.00819	0.00959	0.00634	0.00677	0.01237	0.14149	0.01701	0.26674	0.04279	0.03131	0.01116	0.00609	0.00191	0.00368	0.40240	0.00481	0.00503
8	0.01539	0.01230	0.01450	0.01343	0.11557	0.01363	0.02809	0.42715	0.24552	0.02487	0.01352	0.01358	0.01002	0.00586	0.00513	0.00153	0.02285	0.00471	0.00444	0.00790
9	0.00590	0.00424	0.00560	0.00668	0.00701	0.00394	0.00447	0.00676	0.00935	0.01240	0.02757	0.79661	0.06142	0.01507	0.00617	0.00196	0.00280	0.01364	0.00450	0.00394
10	0.01589	0.01221	0.01314	0.01034	0.01402	0.01324	0.00841	0.51089	0.19578	0.02629	0.01308	0.01289	0.00959	0.00570	0.00470	0.00140	0.00477	0.00442	0.00461	0.11862
11	0.00671	0.00495	0.00627	0.00594	0.00715	0.00451	0.00446	0.00886	0.01337	0.01861	0.69981	0.03755	0.14334	0.01021	0.00572	0.00154	0.00231	0.00895	0.00523	0.00451
12	0.00945	0.00891	0.01507	0.73663	0.11250	0.01084	0.01360	0.01264	0.00983	0.01274	0.00867	0.01282	0.00659	0.00479	0.00484	0.00160	0.00639	0.00431	0.00218	0.00562
13	0.01014	0.12885	0.70445	0.01310	0.01988	0.01227	0.01667	0.01524	0.01018	0.01484	0.00844	0.00992	0.00615	0.00455	0.00441	0.00147	0.00691	0.00345	0.00205	0.00704
14	0.00590	0.00422	0.00562	0.00675	0.00703	0.00394	0.00450	0.00675	0.00928	0.01237	0.02671	0.82653	0.03205	0.01518	0.00619	0.00197	0.00281	0.01378	0.00450	0.00394
15	0.01810	0.02310	0.01373	0.01248	0.01498	0.81024	0.00936	0.01935	0.01373	0.01186	0.00749	0.00874	0.00624	0.00499	0.00437	0.00125	0.00874	0.00312	0.00250	0.00562
16	0.01283	0.01178	0.01900	0.02733	0.69761	0.01197	0.01414	0.11465	0.01256	0.01774	0.00944	0.01195	0.00775	0.00451	0.00480	0.00144	0.00570	0.00432	0.00272	0.00775
17	0.00959	0.00906	0.01533	0.69531	0.15266	0.01088	0.01368	0.01277	0.00990	0.01292	0.00869	0.01278	0.00665	0.00476	0.00484	0.00159	0.00635	0.00431	0.00219	0.00574
18	0.00600	0.00429	0.00571	0.00668	0.00705	0.00400	0.00451	0.00700	0.00974	0.01310	0.10625	0.74491	0.03346	0.01464	0.00614	0.00192	0.00276	0.01326	0.00458	0.00400
19	0.01057	0.01080	0.01733	0.11870	0.01772	0.01384	0.15255	0.01246	0.00845	0.01246	0.00729	0.01136	0.00656	0.00720	0.01260	0.00197	0.56591	0.00452	0.00219	0.00554
20	0.63026	0.00932	0.00858	0.00735	0.01020	0.01061	0.00607	0.01511	0.00897	0.12187	0.00839	0.00937	0.00632	0.00507	0.00460	0.00153	0.08818	0.00309	0.00329	0.04183
21	0.00777	0.00474	0.00552	0.00573	0.00646	0.00476	0.00400	0.02441	0.00952	0.01464	0.04811	0.22746	0.01958	0.16706	0.08324	0.00266	0.00392	0.00758	0.34873	0.00413
22	0.01038	0.00881	0.01023	0.00734	0.01162	0.00680	0.00588	0.04278	0.01055	0.01638	0.00873	0.01011	0.00722	0.00368	0.00364	0.00075	0.00366	0.00293	0.00295	0.82557
23	0.00927	0.00856	0.01424	0.59780	0.14156	0.01007	0.01251	0.01232	0.01041	0.01380	0.11104	0.01581	0.01174	0.00543	0.00495	0.00158	0.00582	0.00489	0.00260	0.00561
24	0.01034	0.12200	0.68970	0.01308	0.01979	0.01231	0.01652	0.03572	0.01052	0.01528	0.00854	0.00997	0.00620	0.00458	0.00443	0.00147	0.00687	0.00348	0.00212	0.00708
25	0.01038	0.11801	0.59576	0.01273	0.01882	0.01189	0.03516	0.01544	0.04117	0.03383	0.00991	0.04507	0.00777	0.00516	0.00472	0.00151	0.01931	0.00407	0.00237	0.00691

[dist]
# distance from previous block
# <min> <max>
1	4

[block]
# block no. 6 follows, 52 sequences, length 44
# corresponding to MSA columns:
# 2085-2128
name=unknown_G
#
# <colnr> <probs for GDERKNQSTAVLIFYWHMCP>
#	G	D	E	R	K	N	Q	S	T	A	V	L	I	F	Y	W	H	M	C	P
0	0.01057	0.00751	0.00850	0.00755	0.00944	0.04796	0.00584	0.06702	0.10482	0.11010	0.51000	0.02898	0.03333	0.00858	0.00541	0.00153	0.00325	0.01874	0.00517	0.00566
1	0.00909	0.00960	0.06904	0.70223	0.04886	0.01047	0.01334	0.01235	0.00974	0.01267	0.00956	0.05461	0.00778	0.00535	0.00490	0.00162	0.00630	0.00474	0.00227	0.00549
2	0.00599	0.00433	0.00558	0.00652	0.00690	0.00404	0.00435	0.00682	0.00924	0.01220	0.02745	0.69280	0.09228	0.07190	0.02314	0.00224	0.00311	0.01286	0.00435	0.00389
3	0.01167	0.01118	0.01908	0.12058	0.71119	0.01143	0.01471	0.01459	0.01088	0.01543	0.00906	0.01210	0.00754	0.00438	0.00480	0.00146	0.00584	0.00432	0.00237	0.00741
4	0.01228	0.01201	0.02448	0.01787	0.02195	0.01176	0.58724	0.01568	0.01117	0.09894	0.01090	0.03737	0.00847	0.00513	0.00682	0.00169	0.10122	0.00570	0.00285	0.00650
5	0.01185	0.01136	0.01941	0.07034	0.76002	0.01148	0.01480	0.01474	0.01097	0.01565	0.00909	0.01204	0.00761	0.00434	0.00480	0.00145	0.00579	0.00432	0.00239	0.00756
6	0.00915	0.00861	0.01453	0.81804	0.03338	0.01077	0.01346	0.01238	0.00969	0.01238	0.00861	0.01292	0.00646	0.00484	0.00484	0.00161	0.00646	0.00431	0.00215	0.00538
7	0.00915	0.00861	0.01453	0.81804	0.03338	0.01077	0.01346	0.01238	0.00969	0.01238	0.00861	0.01292	0.00646	0.00484	0.00484	0.00161	0.00646	0.00431	0.00215	0.00538
8	0.01205	0.01041	0.01096	0.00986	0.01260	0.01205	0.00767	0.02575	0.79071	0.02027	0.01972	0.01808	0.01479	0.00657	0.00493	0.00164	0.00384	0.00548	0.00493	0.00767
9	0.00590	0.00422	0.00562	0.00675	0.00703	0.00394	0.00450	0.00675	0.00928	0.01237	0.02671	0.82653	0.03205	0.01518	0.00619	0.00197	0.00281	0.01378	0.00450	0.00394
10	0.01199	0.01151	0.01967	0.02974	0.79946	0.01151	0.01487	0.01487	0.01103	0.01583	0.00912	0.01199	0.00768	0.00432	0.00480	0.00144	0.00576	0.00432	0.00240	0.00768
11	0.01810	0.02310	0.01373	0.01248	0.01498	0.81024	0.00936	0.01935	0.01373	0.01186	0.00749	0.00874	0.00624	0.00499	0.00437	0.00125	0.00874	0.00312	0.00250	0.00562
12	0.00915	0.00861	0.01453	0.81804	0.03338	0.01077	0.01346	0.01238	0.00969	0.01238	0.00861	0.01292	0.00646	0.00484	0.00484	0.00161	0.00646	0.00431	0.00215	0.00538
13	0.76650	0.00986	0.00798	0.00692	0.01002	0.01135	0.00570	0.10286	0.00992	0.02276	0.00731	0.00831	0.00559	0.00465	0.00321	0.00149	0.00393	0.00282	0.00321	0.00559
14	0.00692	0.00519	0.00779	0.00779	0.00865	0.00606	0.00606	0.00865	0.00779	0.01125	0.01298	0.01904	0.01211	0.03634	0.81049	0.00779	0.01298	0.00519	0.00260	0.00433
15	0.02174	0.00825	0.01125	0.00862	0.01237	0.00712	0.00712	0.02362	0.01387	0.80282	0.01912	0.01649	0.01200	0.00600	0.00487	0.00150	0.00412	0.00487	0.00600	0.00825
16	0.01117	0.01256	0.02697	0.11233	0.02625	0.01208	0.69332	0.01516	0.01124	0.01516	0.00967	0.01305	0.00725	0.00417	0.00562	0.00163	0.00797	0.00556	0.00242	0.00640
17	0.01681	0.02080	0.01291	0.01172	0.01409	0.70046	0.00881	0.03445	0.01392	0.01313	0.09854	0.01196	0.01083	0.00558	0.00453	0.00128	0.00792	0.00380	0.00287	0.00555
18	0.00903	0.00452	0.00452	0.00452	0.00565	0.00452	0.00339	0.01129	0.01016	0.01807	0.01581	0.01807	0.01242	0.00565	0.00339	0.00113	0.00226	0.00452	0.85659	0.00452
19	0.00915	0.00861	0.01453	0.81804	0.03338	0.01077	0.01346	0.01238	0.00969	0.01238	0.00861	0.01292	0.00646	0.00484	0.00484	0.00161	0.00646	0.00431	0.00215	0.00538
20	0.01780	0.01443	0.01436	0.01135	0.01483	0.10656	0.00926	0.63357	0.04323	0.02712	0.01112	0.01143	0.00810	0.00588	0.00536	0.00147	0.04767	0.00425	0.00444	0.00777
21	0.01199	0.01151	0.01967	0.02974	0.79946	0.01151	0.01487	0.01487	0.01103	0.01583	0.00912	0.01199	0.00768	0.00432	0.00480	0.00144	0.00576	0.00432	0.00240	0.00768
22	0.00915	0.00861	0.01453	0.81804	0.03338	0.01077	0.01346	0.01238	0.00969	0.01238	0.00861	0.01292	0.00646	0.00484	0.00484	0.00161	0.00646	0.00431	0.00215	0.00538
23	0.00635	0.00460	0.00605	0.00688	0.00742	0.00438	0.00482	0.00788	0.03332	0.01380	0.14190	0.63477	0.03332	0.01402	0.00611	0.00191	0.00287	0.06079	0.00463	0.00418
24	0.10913	0.01155	0.02240	0.01758	0.07464	0.01142	0.51438	0.01429	0.01071	0.01587	0.02749	0.05781	0.02589	0.00533	0.00602	0.00165	0.05920	0.00577	0.00270	0.00615
25	0.01152	0.01172	0.02474	0.01803	0.02232	0.01094	0.63851	0.01507	0.01136	0.06981	0.01240	0.10704	0.01052	0.00550	0.00571	0.00166	0.00727	0.00659	0.00293	0.00636
26	0.00942	0.00845	0.01351	0.66855	0.02907	0.01028	0.01213	0.06525	0.01055	0.01364	0.01091	0.10658	0.00953	0.00610	0.00500	0.00164	0.00596	0.00540	0.00261	0.00541
27	0.01078	0.01128	0.02005	0.01655	0.07194	0.01298	0.31261	0.01318	0.00949	0.01372	0.03202	0.03610	0.00876	0.00671	0.01056	0.00186	0.39787	0.00524	0.00243	0.00589
28	0.01204	0.34270	0.38760	0.01148	0.01701	0.01484	0.03075	0.10351	0.01155	0.01554	0.00829	0.00949	0.00644	0.00455	0.00407	0.00133	0.00619	0.00333	0.00239	0.00690
29	0.00607	0.00459	0.00630	0.00699	0.00757	0.00423	0.02996	0.00706	0.00955	0.01256	0.02873	0.70992	0.11944	0.01448	0.00612	0.00192	0.00295	0.01310	0.00443	0.00404
30	0.00972	0.02507	0.80458	0.01381	0.02097	0.01125	0.01790	0.01535	0.01023	0.01535	0.00870	0.01023	0.00614	0.00460	0.00460	0.00153	0.00716	0.00358	0.00205	0.00716
31	0.01179	0.00949	0.05240	0.01218	0.12163	0.00902	0.03731	0.06103	0.21894	0.12350	0.05694	0.16614	0.04398	0.00820	0.00529	0.00166	0.00429	0.04524	0.00438	0.00661
32	0.01440	0.01033	0.01267	0.01057	0.01365	0.04301	0.08663	0.02292	0.44041	0.21909	0.01841	0.05841	0.01386	0.00655	0.00504	0.00161	0.00450	0.00568	0.00483	0.00743
33	0.01770	0.02250	0.01344	0.01224	0.01470	0.78373	0.00918	0.01894	0.01364	0.01190	0.00886	0.00999	0.03226	0.00523	0.00441	0.00126	0.00853	0.00335	0.00256	0.00557
34	0.00943	0.00864	0.01424	0.62755	0.08278	0.01027	0.02763	0.03747	0.01071	0.01409	0.09960	0.01550	0.01114	0.00541	0.00496	0.00159	0.00593	0.00485	0.00263	0.00557
35	0.01660	0.01484	0.01537	0.01259	0.03274	0.20381	0.10362	0.32947	0.11457	0.07605	0.02452	0.01267	0.00933	0.00555	0.00487	0.00145	0.00618	0.00448	0.00404	0.00726
36	0.00590	0.00422	0.00562	0.00675	0.00703	0.00394	0.00450	0.00675	0.00928	0.01237	0.02671	0.82653	0.03205	0.01518	0.00619	0.00197	0.00281	0.01378	0.00450	0.00394
37	0.11012	0.01327	0.03736	0.01676	0.07496	0.10544	0.42406	0.02697	0.01122	0.01569	0.01168	0.01400	0.06179	0.00510	0.00569	0.00158	0.05035	0.00513	0.00267	0.00616
38	0.04590	0.11742	0.01640	0.01272	0.06913	0.21393	0.09968	0.11393	0.01329	0.13894	0.02638	0.02344	0.02435	0.00563	0.00518	0.00143	0.04745	0.01480	0.00342	0.00657
39	0.01032	0.18908	0.55346	0.10535	0.02065	0.01283	0.01542	0.01483	0.01009	0.01419	0.00828	0.01004	0.00619	0.00454	0.00432	0.00144	0.00667	0.00346	0.00206	0.00676
40	0.00593	0.00427	0.00563	0.00671	0.00706	0.00397	0.00452	0.00682	0.00939	0.01244	0.02763	0.77954	0.06422	0.01503	0.00618	0.00196	0.00283	0.02741	0.00450	0.00395
41	0.01157	0.04987	0.03793	0.11319	0.03555	0.04555	0.31512	0.05252	0.01055	0.01437	0.00842	0.01172	0.00687	0.00567	0.00849	0.00172	0.25771	0.00470	0.00241	0.00609
42	0.00929	0.00910	0.03006	0.45821	0.06235	0.01048	0.07722	0.01209	0.00993	0.01338	0.07251	0.06368	0.01167	0.00644	0.00659	0.00170	0.11598	0.02125	0.00262	0.00545
43	0.00818	0.00520	0.00661	0.00683	0.00802	0.00479	0.00506	0.00987	0.03071	0.10552	0.13522	0.38647	0.17076	0.01247	0.00590	0.00181	0.00301	0.08408	0.00479	0.00470

[dist]
# distance from previous block
# <min> <max>
0	7

[block]
# block no. 7 follows, 52 sequences, length 14
# corresponding to MSA columns:
# 2136-2149
name=unknown_H
#
# <colnr> <probs for GDERKNQSTAVLIFYWHMCP>
#	G	D	E	R	K	N	Q	S	T	A	V	L	I	F	Y	W	H	M	C	P
0	0.01122	0.01099	0.01950	0.22455	0.51261	0.01142	0.11004	0.01433	0.01075	0.01494	0.00908	0.01236	0.00733	0.00442	0.00492	0.00151	0.00623	0.00449	0.00234	0.00696
1	0.02803	0.02768	0.08931	0.00821	0.01015	0.01877	0.00711	0.04923	0.03492	0.04170	0.05738	0.26025	0.16318	0.01146	0.02021	0.00190	0.04035	0.12101	0.00410	0.00505
2	0.01123	0.25662	0.44499	0.01334	0.04311	0.04511	0.09225	0.01527	0.01041	0.01410	0.00821	0.00981	0.00634	0.00443	0.00428	0.00139	0.00671	0.00352	0.00212	0.00678
3	0.00720	0.00588	0.00669	0.00730	0.00797	0.06140	0.00523	0.00845	0.01019	0.01334	0.13398	0.49184	0.02960	0.04070	0.07840	0.00248	0.00426	0.07664	0.00426	0.00420
4	0.04498	0.01354	0.14621	0.01138	0.01560	0.05540	0.08850	0.17392	0.06268	0.29721	0.01406	0.03254	0.00988	0.00568	0.00485	0.00152	0.00549	0.00471	0.00434	0.00750
5	0.00986	0.00899	0.01551	0.50478	0.16072	0.01017	0.07580	0.01281	0.01015	0.03749	0.01107	0.10059	0.00967	0.00584	0.00505	0.00162	0.00602	0.00546	0.00259	0.00580
6	0.00809	0.00749	0.09287	0.00766	0.00954	0.00574	0.00666	0.01082	0.04420	0.06083	0.31731	0.18080	0.09785	0.01066	0.00575	0.00172	0.00341	0.11895	0.00465	0.00501
7	0.01054	0.01026	0.09813	0.10832	0.04908	0.00913	0.11792	0.04122	0.12309	0.06471	0.04750	0.10030	0.06480	0.00696	0.00525	0.00158	0.02274	0.00619	0.10621	0.00607
8	0.01143	0.01064	0.02072	0.04305	0.01955	0.01058	0.44673	0.01448	0.01124	0.09555	0.09633	0.07217	0.01353	0.00623	0.00685	0.00169	0.10356	0.00630	0.00322	0.00613
9	0.01067	0.05016	0.61261	0.09561	0.02131	0.09760	0.01621	0.01545	0.01054	0.01454	0.00849	0.01026	0.00619	0.00466	0.00455	0.00150	0.00719	0.00357	0.00211	0.00678
10	0.00944	0.00841	0.01211	0.51821	0.02451	0.04276	0.01059	0.01226	0.01020	0.01378	0.03794	0.01674	0.01007	0.00558	0.00468	0.00149	0.00548	0.05729	0.10122	0.09726
11	0.01239	0.56863	0.07549	0.00855	0.01231	0.01602	0.00832	0.09204	0.01106	0.01375	0.04166	0.01212	0.00932	0.09359	0.00582	0.00153	0.00516	0.00358	0.00259	0.00607
12	0.00891	0.02592	0.00975	0.03670	0.01083	0.00709	0.06373	0.01155	0.06475	0.05660	0.10358	0.26517	0.04014	0.01029	0.00635	0.00177	0.06711	0.11350	0.09123	0.00503
13	0.09523	0.00712	0.00731	0.00756	0.00852	0.09228	0.00548	0.00949	0.00904	0.01272	0.01752	0.34796	0.01931	0.07467	0.25901	0.00385	0.00686	0.00834	0.00343	0.00431

[dist]
# distance from previous block
# <min> <max>
0	6

[block]
# block no. 8 follows, 52 sequences, length 8
# corresponding to MSA columns:
# 2157-2164
name=unknown_I
#
# <colnr> <probs for GDERKNQSTAVLIFYWHMCP>
#	G	D	E	R	K	N	Q	S	T	A	V	L	I	F	Y	W	H	M	C	P
0	0.01104	0.01044	0.01699	0.16795	0.48082	0.01140	0.01332	0.01420	0.04478	0.01482	0.01028	0.01512	0.00897	0.00561	0.00625	0.00161	0.10162	0.05544	0.00257	0.00677
1	0.01080	0.01325	0.10683	0.01917	0.11359	0.01153	0.49496	0.01444	0.01082	0.01502	0.01080	0.08083	0.00927	0.00539	0.00620	0.00166	0.06053	0.00591	0.00255	0.00644
2	0.01054	0.00956	0.01558	0.49058	0.11663	0.01092	0.07700	0.10326	0.01157	0.01527	0.01075	0.05493	0.00906	0.00571	0.00506	0.00162	0.00612	0.03712	0.00274	0.00597
3	0.00806	0.00701	0.00711	0.00731	0.00814	0.09973	0.00526	0.00914	0.00958	0.01238	0.02234	0.33519	0.12094	0.07263	0.12677	0.02089	0.04118	0.00894	0.07316	0.00421
4	0.11084	0.05137	0.18099	0.09636	0.01760	0.02178	0.15365	0.03135	0.01075	0.04584	0.04104	0.06780	0.04664	0.00610	0.00480	0.00153	0.00561	0.03730	0.00302	0.06564
5	0.03922	0.00764	0.00855	0.06197	0.01100	0.07356	0.02601	0.02532	0.03669	0.03454	0.11329	0.28017	0.12757	0.01011	0.00539	0.00163	0.00388	0.04596	0.00407	0.08343
6	0.06458	0.00654	0.00899	0.05678	0.01096	0.00655	0.07079	0.03843	0.03077	0.03746	0.09522	0.23088	0.12431	0.10687	0.00786	0.00211	0.00400	0.08813	0.00404	0.00472
7	0.12805	0.06796	0.04183	0.20614	0.01769	0.04746	0.03366	0.05533	0.03300	0.11927	0.01049	0.03278	0.00838	0.03273	0.00640	0.00164	0.10127	0.00428	0.00313	0.04850

[dist]
# distance from previous block
# <min> <max>
3	70

[block]
# block no. 9 follows, 52 sequences, length 8
# corresponding to MSA columns:
# 2235-2242
name=unknown_J
#
# <colnr> <probs for GDERKNQSTAVLIFYWHMCP>
#	G	D	E	R	K	N	Q	S	T	A	V	L	I	F	Y	W	H	M	C	P
0	0.06598	0.01007	0.02719	0.01051	0.01390	0.00974	0.14338	0.16533	0.03658	0.03711	0.10392	0.01504	0.01261	0.00720	0.05074	0.00170	0.03748	0.00473	0.03072	0.21605
1	0.05145	0.17381	0.18490	0.01011	0.01472	0.01218	0.03768	0.11820	0.10342	0.01760	0.00993	0.01081	0.00772	0.00462	0.00409	0.00123	0.00510	0.00357	0.00304	0.22582
2	0.17515	0.01002	0.01052	0.00865	0.01172	0.06890	0.03463	0.13291	0.04323	0.14797	0.01340	0.10873	0.01125	0.00623	0.00437	0.00139	0.00437	0.00499	0.05234	0.14920
3	0.03116	0.05873	0.11039	0.01198	0.01618	0.01051	0.19108	0.03904	0.01063	0.05197	0.00908	0.01102	0.00716	0.00463	0.00571	0.00129	0.10075	0.00391	0.00275	0.32204
4	0.10069	0.11007	0.01368	0.00956	0.01313	0.13078	0.00789	0.22604	0.04549	0.21227	0.01187	0.01169	0.00850	0.00527	0.00430	0.00134	0.00517	0.00385	0.00412	0.07430
5	0.06789	0.08062	0.01560	0.01284	0.10768	0.01470	0.00957	0.58250	0.01945	0.02669	0.01064	0.01113	0.00783	0.00542	0.00459	0.00142	0.00528	0.00411	0.00422	0.00783
6	0.01133	0.01106	0.10618	0.00942	0.01394	0.00803	0.07249	0.01498	0.07491	0.08574	0.01057	0.01156	0.00812	0.00421	0.00411	0.00104	0.00446	0.00359	0.00318	0.54107
7	0.01025	0.13886	0.62745	0.01293	0.01907	0.01268	0.01592	0.01492	0.00994	0.01448	0.00822	0.00991	0.00617	0.00486	0.00534	0.00151	0.07505	0.00350	0.00206	0.00687

[dist]
# distance from previous block
# <min> <max>
2	63

# created by:
# /st0/software/busco_prod/Augustus/scripts/msa2prfl.pl ./align_prep/85095.fa
