[name]
unknown

[dist]
# distance from previous block
# <min> <max>
3	36

[block]
# block no. 0 follows, 55 sequences, length 16
# corresponding to MSA columns:
# 37-52
name=unknown_A
#
# <colnr> <probs for GDERKNQSTAVLIFYWHMCP>
#	G	D	E	R	K	N	Q	S	T	A	V	L	I	F	Y	W	H	M	C	P
0	0.06161	0.04059	0.04007	0.01634	0.01047	0.01907	0.03323	0.02443	0.10352	0.05917	0.11310	0.13842	0.05161	0.06681	0.00593	0.00157	0.00375	0.00613	0.00370	0.20050
1	0.01601	0.01954	0.05039	0.01113	0.01365	0.63854	0.00872	0.03578	0.01301	0.04358	0.05720	0.01113	0.00897	0.02125	0.00466	0.00130	0.00742	0.00356	0.02867	0.00548
2	0.01108	0.02661	0.04634	0.07699	0.44747	0.04472	0.01177	0.05703	0.07260	0.01551	0.01374	0.01729	0.07372	0.00569	0.00477	0.00147	0.00523	0.05847	0.00289	0.00662
3	0.01400	0.01206	0.04324	0.01078	0.04696	0.05121	0.00849	0.36521	0.27519	0.02248	0.01505	0.05326	0.03492	0.00626	0.00471	0.00147	0.00467	0.00503	0.00431	0.02070
4	0.00896	0.01000	0.17025	0.04103	0.03424	0.02813	0.00827	0.01228	0.08128	0.07556	0.08682	0.20674	0.07177	0.03620	0.08245	0.00225	0.00505	0.02975	0.00365	0.00533
5	0.03650	0.20680	0.30284	0.01245	0.10827	0.02338	0.02278	0.03470	0.01086	0.13611	0.05519	0.01181	0.00917	0.00481	0.00418	0.00134	0.00546	0.00379	0.00287	0.00668
6	0.04397	0.12676	0.47214	0.01268	0.04515	0.01126	0.09250	0.01448	0.01016	0.04564	0.05244	0.01136	0.00838	0.00460	0.00433	0.00139	0.00608	0.00381	0.00240	0.03046
7	0.00627	0.00453	0.00606	0.00706	0.00769	0.00432	0.00533	0.00755	0.00963	0.01261	0.02680	0.51614	0.08351	0.01380	0.00607	0.00195	0.00321	0.26920	0.00431	0.00396
8	0.01248	0.01037	0.01099	0.00960	0.01236	0.01187	0.00754	0.15805	0.64285	0.02098	0.01776	0.03764	0.01354	0.00640	0.00475	0.00155	0.00391	0.00528	0.00471	0.00737
9	0.01063	0.11845	0.11632	0.00812	0.01205	0.00885	0.00753	0.08090	0.01122	0.04763	0.09639	0.04477	0.01189	0.00502	0.00399	0.00105	0.00409	0.00404	0.00316	0.40389
10	0.01025	0.09754	0.69635	0.01250	0.01893	0.01128	0.01578	0.01510	0.00998	0.05825	0.00873	0.00994	0.00621	0.00445	0.00430	0.00143	0.00654	0.00342	0.00218	0.00685
11	0.00973	0.12772	0.71221	0.01259	0.01909	0.01177	0.01602	0.01463	0.00978	0.01425	0.00811	0.00952	0.00590	0.00436	0.00424	0.00141	0.00663	0.00332	0.00197	0.00676
12	0.00922	0.00851	0.01405	0.21391	0.36476	0.00887	0.03294	0.01168	0.01023	0.01392	0.06001	0.11961	0.07787	0.00674	0.00498	0.00153	0.00492	0.02754	0.00288	0.00582
13	0.00881	0.00597	0.00905	0.07868	0.06589	0.00645	0.01736	0.00915	0.00821	0.05360	0.02521	0.13609	0.01354	0.01313	0.05006	0.33539	0.08225	0.07440	0.00286	0.00392
14	0.00918	0.00881	0.01400	0.74369	0.06497	0.03836	0.01272	0.01217	0.00953	0.01206	0.00862	0.01312	0.00671	0.00482	0.00467	0.00154	0.00621	0.02143	0.00214	0.00525
15	0.00750	0.00614	0.04187	0.05229	0.00986	0.00548	0.04297	0.00913	0.00976	0.05747	0.14131	0.23302	0.12184	0.11176	0.11504	0.00276	0.00479	0.01883	0.00378	0.00439

[dist]
# distance from previous block
# <min> <max>
1	5

[block]
# block no. 1 follows, 55 sequences, length 42
# corresponding to MSA columns:
# 58-99
name=unknown_B
#
# <colnr> <probs for GDERKNQSTAVLIFYWHMCP>
#	G	D	E	R	K	N	Q	S	T	A	V	L	I	F	Y	W	H	M	C	P
0	0.00988	0.01084	0.07002	0.01218	0.01295	0.01318	0.04533	0.01140	0.00775	0.01190	0.03978	0.01157	0.00790	0.00873	0.04297	0.00215	0.66977	0.00430	0.00219	0.00520
1	0.01020	0.04716	0.60034	0.01458	0.08961	0.01105	0.07075	0.01537	0.04485	0.03979	0.00918	0.01061	0.00665	0.00447	0.00449	0.00146	0.00653	0.00373	0.00226	0.00690
2	0.01037	0.01039	0.04370	0.07491	0.21330	0.00979	0.31484	0.01332	0.01050	0.04895	0.01308	0.11058	0.02661	0.00617	0.00543	0.00160	0.02071	0.05685	0.00284	0.00607
3	0.01018	0.01018	0.01425	0.01221	0.01221	0.01425	0.01018	0.01120	0.00712	0.01120	0.00611	0.01018	0.00611	0.00814	0.01527	0.00204	0.82799	0.00407	0.00204	0.00509
4	0.01037	0.01080	0.05462	0.22730	0.41897	0.01071	0.10976	0.01336	0.01013	0.01407	0.00941	0.04080	0.00799	0.00483	0.00506	0.00150	0.02715	0.01442	0.00232	0.00643
5	0.83220	0.00957	0.00711	0.00637	0.00923	0.04566	0.00521	0.01389	0.00815	0.02046	0.00651	0.00759	0.00508	0.00434	0.00294	0.00143	0.00381	0.00254	0.00286	0.00505
6	0.01018	0.01018	0.01425	0.01221	0.01221	0.01425	0.01018	0.01120	0.00712	0.01120	0.00611	0.01018	0.00611	0.00814	0.01527	0.00204	0.82799	0.00407	0.00204	0.00509
7	0.01003	0.20644	0.63611	0.01207	0.01830	0.01251	0.01512	0.01455	0.00974	0.01389	0.00793	0.00929	0.00591	0.00432	0.00410	0.00137	0.00645	0.00323	0.00197	0.00667
8	0.01623	0.01140	0.06528	0.01177	0.09068	0.01081	0.03458	0.35946	0.01623	0.24059	0.04781	0.01433	0.01067	0.04178	0.00553	0.00156	0.00489	0.00461	0.00442	0.00736
9	0.00750	0.00535	0.00750	0.00857	0.00964	0.00535	0.00750	0.00964	0.01071	0.01392	0.02463	0.05248	0.02677	0.01285	0.00643	0.00214	0.00428	0.77617	0.00428	0.00428
10	0.01018	0.01018	0.01425	0.01221	0.01221	0.01425	0.01018	0.01120	0.00712	0.01120	0.00611	0.01018	0.00611	0.00814	0.01527	0.00204	0.82799	0.00407	0.00204	0.00509
11	0.01649	0.00815	0.01026	0.00853	0.01142	0.00787	0.00692	0.12666	0.09063	0.45552	0.01867	0.09957	0.01474	0.02143	0.00530	0.00161	0.00401	0.08004	0.00517	0.00702
12	0.01001	0.02121	0.65181	0.01302	0.03903	0.01087	0.01544	0.01612	0.10865	0.03778	0.00992	0.01099	0.00713	0.00477	0.00470	0.00150	0.02395	0.00373	0.00243	0.00694
13	0.00731	0.00530	0.00724	0.00821	0.00933	0.00522	0.00713	0.00937	0.01070	0.01380	0.02669	0.05177	0.09811	0.01275	0.00634	0.00209	0.00411	0.70598	0.00429	0.00425
14	0.00635	0.00478	0.00592	0.00611	0.00710	0.00447	0.00447	0.00839	0.04552	0.01520	0.34765	0.28671	0.18282	0.01154	0.00564	0.00165	0.00254	0.04424	0.00466	0.00424
15	0.00583	0.00435	0.00531	0.00599	0.00665	0.00397	0.00416	0.00676	0.00936	0.01205	0.04312	0.50051	0.23813	0.08056	0.00728	0.00202	0.00283	0.05313	0.00421	0.00378
16	0.00570	0.00472	0.00499	0.00492	0.00641	0.00401	0.00369	0.00707	0.01108	0.01370	0.18790	0.04291	0.66412	0.01136	0.00550	0.00155	0.00233	0.00956	0.00447	0.00401
17	0.00620	0.00440	0.00563	0.00642	0.00677	0.00422	0.00426	0.03176	0.00903	0.01205	0.02368	0.69763	0.02815	0.12628	0.00831	0.00223	0.00302	0.01205	0.00412	0.00378
18	0.00613	0.00449	0.00517	0.00549	0.00625	0.00408	0.00370	0.00694	0.00921	0.02348	0.05634	0.30864	0.31224	0.21455	0.01009	0.00239	0.00302	0.01011	0.00400	0.00368
19	0.07941	0.00512	0.00609	0.00590	0.00713	0.00486	0.00438	0.00901	0.01148	0.04428	0.45810	0.14087	0.13310	0.05137	0.00623	0.00169	0.00261	0.01943	0.00462	0.00435
20	0.01152	0.00951	0.01021	0.00913	0.01164	0.01081	0.00710	0.07206	0.64319	0.03427	0.07572	0.05379	0.01662	0.00685	0.00483	0.00157	0.00363	0.00576	0.00476	0.00704
21	0.00592	0.00424	0.00564	0.00646	0.00692	0.00396	0.00447	0.00705	0.00978	0.01323	0.17014	0.65025	0.03302	0.01356	0.00588	0.00182	0.00268	0.04661	0.00447	0.00391
22	0.00648	0.00502	0.00573	0.00568	0.00704	0.00457	0.00427	0.00858	0.05206	0.02622	0.25836	0.10640	0.41701	0.02669	0.00587	0.00165	0.00257	0.04698	0.00456	0.00428
23	0.02396	0.00505	0.00619	0.00577	0.00719	0.00457	0.00437	0.00936	0.01237	0.07679	0.52971	0.04931	0.22838	0.00978	0.00539	0.00150	0.00240	0.00845	0.00491	0.00454
24	0.01867	0.00828	0.01069	0.00837	0.01169	0.00767	0.00685	0.10437	0.05603	0.60879	0.09270	0.01722	0.01436	0.00613	0.00476	0.00144	0.00390	0.00501	0.00552	0.00755
25	0.01091	0.01307	0.06271	0.01932	0.02413	0.01172	0.75585	0.01489	0.01093	0.01489	0.00936	0.01243	0.00701	0.00394	0.00544	0.00156	0.00780	0.00540	0.00234	0.00630
26	0.00607	0.00467	0.00531	0.00530	0.00639	0.00418	0.00381	0.00735	0.01062	0.01372	0.25517	0.09011	0.39642	0.14176	0.00842	0.00204	0.00272	0.02775	0.00431	0.00388
27	0.10762	0.00557	0.00610	0.00568	0.00739	0.00524	0.00435	0.01000	0.02464	0.08721	0.28251	0.05220	0.33425	0.02012	0.00530	0.00154	0.00265	0.00789	0.02512	0.00461
28	0.00574	0.00419	0.00541	0.00623	0.00672	0.00385	0.00424	0.00672	0.00949	0.01260	0.10264	0.67492	0.11252	0.01380	0.00585	0.00182	0.00262	0.01241	0.00440	0.00385
29	0.00679	0.00500	0.00608	0.00580	0.00691	0.00468	0.00425	0.03649	0.01201	0.01639	0.49630	0.06614	0.17645	0.11331	0.00776	0.00189	0.00268	0.02222	0.00463	0.00421
30	0.00962	0.02017	0.58298	0.01414	0.03800	0.01070	0.14294	0.01497	0.05588	0.01492	0.00991	0.04705	0.00770	0.00489	0.00469	0.00151	0.00663	0.00433	0.00230	0.00668
31	0.00808	0.00404	0.00606	0.00606	0.00606	0.00404	0.00404	0.00606	0.00606	0.00808	0.00808	0.01414	0.00808	0.01616	0.01818	0.86465	0.00404	0.00404	0.00202	0.00202
32	0.01145	0.01103	0.01898	0.04482	0.77345	0.01106	0.03209	0.01424	0.01058	0.01512	0.00876	0.01156	0.00734	0.00415	0.00463	0.00139	0.00559	0.00418	0.00230	0.00730
33	0.01071	0.01048	0.01851	0.20217	0.52312	0.01082	0.10814	0.01365	0.01036	0.01437	0.00961	0.01261	0.02556	0.00441	0.00474	0.00145	0.00588	0.00444	0.00230	0.00667
34	0.00864	0.00772	0.01246	0.60584	0.05624	0.00928	0.01110	0.02161	0.00944	0.01236	0.02140	0.05722	0.05096	0.00621	0.00557	0.03959	0.02439	0.00497	0.03003	0.00497
35	0.01059	0.01016	0.01412	0.01261	0.04719	0.01372	0.01005	0.06089	0.00821	0.01246	0.00674	0.01057	0.00645	0.00860	0.03340	0.01845	0.70419	0.00410	0.00222	0.00529
36	0.00728	0.00563	0.00739	0.00712	0.00796	0.02231	0.00530	0.01880	0.00796	0.01121	0.04805	0.02083	0.01372	0.21097	0.51442	0.00586	0.03520	0.00536	0.00271	0.04190
37	0.01025	0.00968	0.01619	0.43799	0.35009	0.01089	0.02490	0.03612	0.01017	0.01379	0.00851	0.01194	0.00674	0.00456	0.00495	0.00149	0.02916	0.00416	0.00224	0.00617
38	0.01741	0.01289	0.01381	0.01065	0.01432	0.01430	0.00878	0.75750	0.05679	0.02888	0.01152	0.01145	0.00819	0.00562	0.00466	0.00140	0.00505	0.00424	0.00466	0.00789
39	0.00665	0.00497	0.00740	0.00740	0.00821	0.00577	0.00572	0.00826	0.00745	0.01074	0.01253	0.01866	0.01180	0.05999	0.79320	0.00738	0.01221	0.00504	0.00250	0.00411
40	0.01293	0.01098	0.01998	0.01482	0.01866	0.01063	0.44145	0.15946	0.01310	0.12476	0.01295	0.10101	0.01070	0.00578	0.00529	0.00156	0.00620	0.01977	0.00349	0.00650
41	0.00720	0.00481	0.00603	0.00635	0.00696	0.00466	0.00437	0.02460	0.00925	0.05215	0.06644	0.40641	0.07346	0.23505	0.01076	0.00254	0.01669	0.05437	0.00400	0.00391

[dist]
# distance from previous block
# <min> <max>
0	9

[block]
# block no. 2 follows, 55 sequences, length 52
# corresponding to MSA columns:
# 109-122,124-137,142-146,171-189
name=unknown_C
#
# <colnr> <probs for GDERKNQSTAVLIFYWHMCP>
#	G	D	E	R	K	N	Q	S	T	A	V	L	I	F	Y	W	H	M	C	P
0	0.00716	0.00516	0.00619	0.00586	0.00696	0.00493	0.00424	0.01874	0.05566	0.03055	0.44022	0.03398	0.14958	0.18779	0.00936	0.00215	0.00290	0.01984	0.00448	0.00426
1	0.01210	0.01026	0.01082	0.00958	0.01230	0.01182	0.00749	0.09153	0.73140	0.02032	0.01826	0.01682	0.01365	0.00625	0.00473	0.00156	0.00381	0.00517	0.00473	0.00741
2	0.00603	0.00430	0.00581	0.00689	0.00731	0.00409	0.00494	0.00710	0.00926	0.01228	0.02544	0.68080	0.02999	0.01424	0.00603	0.00194	0.00301	0.16237	0.00431	0.00388
3	0.00736	0.00483	0.00593	0.00605	0.00716	0.00439	0.00437	0.00882	0.02305	0.08387	0.17423	0.33871	0.22983	0.04166	0.00621	0.00177	0.00272	0.02168	0.02303	0.00434
4	0.28558	0.00816	0.00924	0.00744	0.01062	0.00799	0.00609	0.03994	0.01160	0.48490	0.02750	0.01460	0.03133	0.02932	0.00469	0.00153	0.00382	0.00424	0.00469	0.00671
5	0.00723	0.00517	0.00719	0.00824	0.00920	0.00512	0.00701	0.00920	0.01051	0.01373	0.03919	0.15729	0.02763	0.01302	0.00634	0.00210	0.00403	0.65927	0.00430	0.00422
6	0.00808	0.00404	0.00606	0.00606	0.00606	0.00404	0.00404	0.00606	0.00606	0.00808	0.00808	0.01414	0.00808	0.01616	0.01818	0.86465	0.00404	0.00404	0.00202	0.00202
7	0.00797	0.00614	0.00688	0.00660	0.00813	0.00604	0.00493	0.13791	0.05064	0.01601	0.10135	0.28710	0.32024	0.01117	0.00546	0.00163	0.00297	0.00962	0.00447	0.00475
8	0.00560	0.00471	0.00482	0.00479	0.00630	0.00397	0.00357	0.00681	0.01067	0.01287	0.09455	0.04378	0.73758	0.03208	0.00595	0.00164	0.00240	0.00965	0.00433	0.00393
9	0.00965	0.00827	0.00965	0.00689	0.01102	0.00620	0.00551	0.01171	0.00965	0.01516	0.00827	0.00965	0.00689	0.00345	0.00345	0.00069	0.00345	0.00276	0.00276	0.86494
10	0.00660	0.00466	0.00600	0.00624	0.00694	0.00437	0.01670	0.00767	0.00959	0.03073	0.15512	0.33912	0.12208	0.19837	0.00981	0.00237	0.00320	0.06245	0.00411	0.00385
11	0.41336	0.00693	0.00645	0.00610	0.00817	0.00737	0.00480	0.01147	0.02373	0.05413	0.11121	0.10769	0.15724	0.00783	0.00425	0.00154	0.00313	0.03771	0.02213	0.00476
12	0.00609	0.00461	0.00559	0.00621	0.00715	0.00422	0.00467	0.00733	0.00989	0.01258	0.03303	0.32424	0.32134	0.03923	0.00641	0.00190	0.00298	0.18300	0.01562	0.00392
13	0.01559	0.01101	0.01172	0.00922	0.01233	0.01208	0.00754	0.61026	0.01905	0.02653	0.01210	0.01261	0.00885	0.00555	0.00433	0.00132	0.00443	0.00422	0.20417	0.00708
14	0.00672	0.00465	0.00573	0.00602	0.00687	0.00433	0.00429	0.01923	0.01036	0.03367	0.20019	0.35268	0.15711	0.08197	0.00711	0.00192	0.00279	0.04224	0.04807	0.00407
15	0.01081	0.01041	0.01535	0.20310	0.34451	0.06673	0.04623	0.03966	0.02415	0.01395	0.01011	0.01436	0.02079	0.07177	0.00685	0.00172	0.05774	0.01671	0.01901	0.00603
16	0.01531	0.01775	0.03438	0.01182	0.03567	0.50569	0.03026	0.13149	0.01331	0.01417	0.00864	0.01094	0.00731	0.04948	0.06492	0.00190	0.03490	0.00366	0.00273	0.00565
17	0.20259	0.00943	0.01313	0.06026	0.04743	0.02633	0.12295	0.02643	0.00880	0.01455	0.03086	0.06156	0.00950	0.06516	0.02905	0.00203	0.25739	0.00480	0.00263	0.00513
18	0.00799	0.00436	0.00631	0.00625	0.00642	0.00449	0.00426	0.02123	0.00659	0.00889	0.00916	0.01578	0.00916	0.07800	0.11722	0.67975	0.00514	0.00436	0.00219	0.00245
19	0.00771	0.00445	0.00617	0.00610	0.00655	0.00433	0.00424	0.00701	0.02532	0.01003	0.06931	0.05208	0.09042	0.01494	0.03061	0.60908	0.00384	0.01882	0.00269	0.02631
20	0.00886	0.00835	0.01409	0.80250	0.05425	0.01036	0.01296	0.01195	0.00934	0.01198	0.00828	0.01238	0.00623	0.00464	0.00465	0.00155	0.00618	0.00413	0.00207	0.00523
21	0.00677	0.00451	0.00507	0.00507	0.00507	0.00451	0.00282	0.00677	0.00677	0.00902	0.01466	0.03044	0.01691	0.83650	0.02368	0.00451	0.00451	0.00677	0.00282	0.00282
22	0.00579	0.00483	0.00507	0.00506	0.00654	0.00419	0.00377	0.00740	0.03336	0.01336	0.12352	0.08423	0.66366	0.01154	0.00550	0.00158	0.00240	0.00972	0.00441	0.00407
23	0.00709	0.00505	0.00577	0.00561	0.00621	0.00501	0.00366	0.02574	0.04649	0.01222	0.16094	0.03228	0.10576	0.51937	0.01667	0.00337	0.00383	0.02779	0.00357	0.00359
24	0.00645	0.00470	0.00530	0.00540	0.00628	0.00430	0.00367	0.01707	0.00951	0.02797	0.08819	0.19205	0.33622	0.25928	0.01101	0.00250	0.00312	0.00929	0.00396	0.00373
25	0.00808	0.00404	0.00606	0.00606	0.00606	0.00404	0.00404	0.00606	0.00606	0.00808	0.00808	0.01414	0.00808	0.01616	0.01818	0.86465	0.00404	0.00404	0.00202	0.00202
26	0.00833	0.00627	0.00747	0.00742	0.00860	0.00650	0.00542	0.13490	0.08970	0.01599	0.08544	0.50650	0.06177	0.01167	0.00571	0.00173	0.01699	0.01029	0.00444	0.00488
27	0.00596	0.00450	0.00551	0.00580	0.00673	0.00405	0.00417	0.00736	0.01085	0.01438	0.29308	0.32572	0.25802	0.01204	0.00567	0.00166	0.00246	0.02341	0.00459	0.00403
28	0.00763	0.00529	0.00586	0.00561	0.00599	0.00542	0.00341	0.05728	0.04111	0.01083	0.01542	0.02902	0.03562	0.72868	0.02123	0.00412	0.00446	0.00661	0.00305	0.00336
29	0.01609	0.01224	0.01306	0.01038	0.01382	0.01368	0.00846	0.59187	0.22457	0.02675	0.01319	0.01278	0.00955	0.00577	0.00467	0.00144	0.00474	0.00447	0.00467	0.00777
30	0.00822	0.00485	0.00529	0.00533	0.00641	0.00481	0.00396	0.05179	0.01040	0.01633	0.05035	0.15640	0.07685	0.03863	0.00492	0.00146	0.00261	0.03857	0.50847	0.00435
31	0.00590	0.00469	0.00502	0.00517	0.00648	0.00411	0.00379	0.00737	0.02723	0.01319	0.08172	0.18170	0.56583	0.01168	0.00543	0.00159	0.00243	0.00994	0.05272	0.00402
32	0.01185	0.01013	0.01068	0.00952	0.01220	0.01170	0.00743	0.05961	0.76374	0.01991	0.01858	0.01708	0.01392	0.00628	0.00473	0.00157	0.00375	0.00521	0.00473	0.00739
33	0.43825	0.00873	0.00867	0.00721	0.01022	0.00930	0.00590	0.09443	0.03272	0.25836	0.01142	0.01139	0.00800	0.00520	0.00393	0.01591	0.00378	0.00355	0.05688	0.00616
34	0.00583	0.00421	0.00533	0.00609	0.00651	0.00392	0.00406	0.00667	0.00908	0.01200	0.07137	0.60862	0.11226	0.11137	0.00797	0.00214	0.00285	0.01182	0.00419	0.00372
35	0.00628	0.00474	0.00580	0.00553	0.00676	0.00426	0.00415	0.00819	0.01245	0.01695	0.59214	0.03757	0.25785	0.01015	0.00549	0.00149	0.00224	0.00881	0.00490	0.00426
36	0.00690	0.00489	0.00600	0.00590	0.00714	0.00444	0.00450	0.00859	0.01159	0.04644	0.38370	0.06832	0.26379	0.06005	0.00667	0.00177	0.00271	0.09767	0.00464	0.00426
37	0.00958	0.00853	0.01432	0.63253	0.09793	0.01008	0.04100	0.03300	0.00970	0.03090	0.00865	0.01249	0.00662	0.00536	0.00553	0.05602	0.00599	0.00419	0.00225	0.00534
38	0.01125	0.01078	0.01840	0.10619	0.73192	0.01098	0.01415	0.01404	0.01047	0.01488	0.00870	0.01160	0.00726	0.00419	0.00461	0.00140	0.00559	0.00414	0.00228	0.00715
39	0.01898	0.00905	0.01124	0.00871	0.01216	0.00871	0.00716	0.22169	0.02754	0.54099	0.04715	0.01543	0.01190	0.00586	0.00466	0.00142	0.00413	0.00470	0.03084	0.00766
40	0.00763	0.00600	0.00672	0.00649	0.00799	0.00600	0.00488	0.04916	0.15329	0.01560	0.16442	0.14476	0.29032	0.04136	0.02442	0.00183	0.00311	0.03133	0.02990	0.00479
41	0.01153	0.01373	0.16033	0.02741	0.01934	0.02736	0.37054	0.13161	0.01225	0.03856	0.03448	0.03519	0.02685	0.00592	0.02570	0.00169	0.04310	0.00515	0.00289	0.00636
42	0.01136	0.01122	0.03720	0.15566	0.58228	0.02802	0.02306	0.04451	0.02220	0.01512	0.00884	0.01162	0.00721	0.00439	0.00477	0.00142	0.01768	0.00413	0.00238	0.00693
43	0.00965	0.00827	0.00965	0.00689	0.01102	0.00620	0.00551	0.01171	0.00965	0.01516	0.00827	0.00965	0.00689	0.00345	0.00345	0.00069	0.00345	0.00276	0.00276	0.86494
44	0.00596	0.00481	0.00538	0.00561	0.00700	0.00423	0.00440	0.00738	0.01071	0.01318	0.08849	0.07826	0.57375	0.01197	0.00570	0.00169	0.00274	0.16035	0.00436	0.00402
45	0.01249	0.04956	0.18223	0.05905	0.06185	0.03528	0.20624	0.14885	0.05646	0.07945	0.03364	0.03368	0.00927	0.00510	0.00479	0.00147	0.00602	0.00470	0.00316	0.00671
46	0.49281	0.00886	0.00942	0.12999	0.05816	0.03177	0.02790	0.01342	0.00945	0.05738	0.11076	0.01258	0.01076	0.00510	0.00377	0.00145	0.00418	0.00381	0.00313	0.00529
47	0.01254	0.01075	0.01111	0.02675	0.01283	0.04227	0.00770	0.13929	0.61783	0.02046	0.03519	0.01638	0.01346	0.00618	0.00472	0.00153	0.00409	0.00506	0.00459	0.00726
48	0.01157	0.00999	0.01052	0.00947	0.01210	0.01157	0.00736	0.02472	0.79908	0.01946	0.01893	0.01736	0.01420	0.00631	0.00473	0.00158	0.00368	0.00526	0.00473	0.00736
49	0.00965	0.00827	0.00965	0.00689	0.01102	0.00620	0.00551	0.01171	0.00965	0.01516	0.00827	0.00965	0.00689	0.00345	0.00345	0.00069	0.00345	0.00276	0.00276	0.86494
50	0.00913	0.00845	0.01395	0.79348	0.03135	0.01050	0.01276	0.04238	0.00979	0.01257	0.00838	0.01235	0.00627	0.00469	0.00465	0.00154	0.00616	0.00414	0.00217	0.00528
51	0.00597	0.00445	0.00639	0.00709	0.00758	0.00420	0.03521	0.00697	0.00902	0.01205	0.02467	0.75373	0.02925	0.01456	0.02462	0.00201	0.00318	0.04096	0.00420	0.00390

[dist]
# distance from previous block
# <min> <max>
0	11

[block]
# block no. 3 follows, 55 sequences, length 83
# corresponding to MSA columns:
# 211-274,287-305
name=unknown_D
#
# <colnr> <probs for GDERKNQSTAVLIFYWHMCP>
#	G	D	E	R	K	N	Q	S	T	A	V	L	I	F	Y	W	H	M	C	P
0	0.00659	0.00475	0.00619	0.00583	0.00690	0.00439	0.00435	0.00873	0.01300	0.01840	0.78385	0.03464	0.04317	0.03167	0.00597	0.00154	0.00226	0.00837	0.00506	0.00435
1	0.00665	0.00498	0.00748	0.00748	0.00831	0.00582	0.00582	0.00831	0.00748	0.01080	0.01246	0.01828	0.01163	0.03489	0.81807	0.00748	0.01246	0.00498	0.00249	0.00415
2	0.01151	0.01105	0.01888	0.02855	0.80748	0.01105	0.01428	0.01428	0.01059	0.01520	0.00875	0.01151	0.00737	0.00415	0.00461	0.00138	0.00553	0.00415	0.00230	0.00737
3	0.00808	0.00404	0.00606	0.00606	0.00606	0.00404	0.00404	0.00606	0.00606	0.00808	0.00808	0.01414	0.00808	0.01616	0.01818	0.86465	0.00404	0.00404	0.00202	0.00202
4	0.00677	0.00451	0.00507	0.00507	0.00507	0.00451	0.00282	0.00677	0.00677	0.00902	0.01466	0.03044	0.01691	0.83650	0.02368	0.00451	0.00451	0.00677	0.00282	0.00282
5	0.00633	0.00467	0.00676	0.00711	0.00774	0.00513	0.00528	0.00769	0.00793	0.01112	0.01678	0.28306	0.01794	0.04258	0.54034	0.00561	0.00915	0.00769	0.00309	0.00401
6	0.00644	0.00437	0.00517	0.00549	0.00557	0.00429	0.00327	0.00668	0.00740	0.00987	0.01793	0.26970	0.02104	0.59162	0.01839	0.00373	0.00397	0.00869	0.00327	0.00310
7	0.00579	0.00482	0.00510	0.00529	0.00655	0.01568	0.00385	0.00696	0.01046	0.01285	0.09814	0.21588	0.56814	0.01212	0.00557	0.00163	0.00251	0.01036	0.00435	0.00395
8	0.00674	0.00512	0.00765	0.00760	0.00841	0.00603	0.00593	0.00838	0.00747	0.01081	0.01230	0.01807	0.01149	0.03421	0.79778	0.00734	0.03307	0.00496	0.00248	0.00418
9	0.01098	0.01056	0.01815	0.07097	0.67353	0.01060	0.05155	0.01374	0.01062	0.01502	0.03507	0.01348	0.03559	0.00459	0.00471	0.00141	0.00547	0.00454	0.00245	0.00698
10	0.00677	0.00453	0.00585	0.00646	0.00711	0.00424	0.00445	0.00807	0.03068	0.05731	0.08429	0.63144	0.07837	0.03912	0.00633	0.00189	0.00279	0.01176	0.00442	0.00413
11	0.01740	0.01276	0.01366	0.01051	0.01415	0.01411	0.00867	0.76759	0.02150	0.02895	0.01129	0.01136	0.00804	0.00558	0.00461	0.00139	0.00503	0.00419	0.03142	0.00780
12	0.00722	0.00497	0.00690	0.00687	0.00779	0.00561	0.00531	0.02213	0.00822	0.01247	0.01333	0.03945	0.01213	0.02790	0.61823	0.00593	0.01000	0.00506	0.17624	0.00424
13	0.18934	0.00652	0.00715	0.00641	0.00829	0.00659	0.00490	0.01307	0.06148	0.16600	0.18824	0.03410	0.07383	0.13394	0.02460	0.00206	0.00353	0.01707	0.04780	0.00509
14	0.00575	0.00415	0.00545	0.00634	0.00675	0.00385	0.00429	0.00671	0.00940	0.01257	0.10351	0.72245	0.06361	0.01396	0.00588	0.00183	0.00264	0.01261	0.00440	0.00385
15	0.86937	0.00900	0.00684	0.00612	0.00900	0.01044	0.00504	0.01368	0.00792	0.02087	0.00648	0.00756	0.00504	0.00432	0.00288	0.00144	0.00360	0.00252	0.00288	0.00504
16	0.00570	0.00459	0.00508	0.00524	0.00648	0.00397	0.00382	0.00696	0.01066	0.01337	0.16044	0.20142	0.53196	0.01199	0.00558	0.00162	0.00240	0.01028	0.00444	0.00397
17	0.03624	0.00489	0.00536	0.00527	0.00656	0.00440	0.00385	0.00774	0.01055	0.02936	0.20160	0.07713	0.44847	0.11560	0.00773	0.00194	0.00272	0.02234	0.00428	0.00400
18	0.76603	0.00949	0.00770	0.00667	0.00966	0.01092	0.00550	0.10811	0.00961	0.02190	0.00705	0.00800	0.00539	0.00447	0.00309	0.00143	0.00378	0.00272	0.00309	0.00539
19	0.00665	0.00498	0.00748	0.00748	0.00831	0.00582	0.00582	0.00831	0.00748	0.01080	0.01246	0.01828	0.01163	0.03489	0.81807	0.00748	0.01246	0.00498	0.00249	0.00415
20	0.00689	0.00478	0.00559	0.00555	0.00674	0.00431	0.00409	0.00831	0.01078	0.04916	0.23461	0.12179	0.32637	0.09298	0.00723	0.00186	0.00272	0.04640	0.05569	0.00414
21	0.00582	0.00457	0.00528	0.00549	0.00661	0.00402	0.00400	0.00716	0.01076	0.01378	0.21099	0.24020	0.42574	0.01199	0.00562	0.00164	0.00244	0.02539	0.00450	0.00400
22	0.00740	0.00530	0.00704	0.00782	0.00896	0.00519	0.00661	0.00949	0.02602	0.02606	0.03819	0.08894	0.12807	0.03838	0.00675	0.00210	0.00391	0.57520	0.00429	0.00428
23	0.00673	0.00492	0.00653	0.00733	0.00829	0.00472	0.00596	0.00845	0.01052	0.01371	0.09882	0.22317	0.13651	0.01278	0.00610	0.00195	0.00348	0.43152	0.00437	0.00413
24	0.01533	0.00678	0.00902	0.00772	0.01018	0.00609	0.00613	0.03723	0.01207	0.49120	0.03478	0.17036	0.04185	0.05212	0.00611	0.00175	0.00374	0.07605	0.00512	0.00638
25	0.01265	0.00958	0.01044	0.00921	0.01192	0.01075	0.00721	0.02401	0.67459	0.12266	0.04084	0.01764	0.01468	0.00633	0.00475	0.00156	0.00368	0.00527	0.00488	0.00735
26	0.00661	0.00448	0.00530	0.00554	0.00567	0.00442	0.00339	0.00693	0.00756	0.01009	0.04170	0.17318	0.02073	0.62134	0.01905	0.00383	0.00411	0.04974	0.00323	0.00312
27	0.00699	0.00482	0.00583	0.00605	0.00652	0.00477	0.00411	0.03177	0.00892	0.01201	0.09350	0.18876	0.03772	0.42948	0.01484	0.00317	0.00384	0.11341	0.01991	0.00356
28	0.79622	0.00940	0.00743	0.02932	0.00995	0.02765	0.00548	0.04212	0.00858	0.02073	0.00671	0.00784	0.00520	0.00438	0.00302	0.00144	0.00383	0.00264	0.00291	0.00515
29	0.00609	0.00443	0.00557	0.00602	0.00668	0.00411	0.00421	0.00726	0.01002	0.01341	0.22065	0.40208	0.13326	0.10917	0.00787	0.00206	0.00281	0.04611	0.00434	0.00386
30	0.01689	0.02136	0.01326	0.01200	0.01424	0.76367	0.00907	0.01808	0.01278	0.01137	0.00712	0.00851	0.00600	0.00502	0.00494	0.00125	0.06363	0.00307	0.00237	0.00537
31	0.00683	0.00520	0.00636	0.00692	0.02571	0.00516	0.00473	0.02512	0.07497	0.01272	0.03771	0.37187	0.16004	0.14556	0.06113	0.00257	0.00380	0.03546	0.00397	0.00417
32	0.00640	0.00467	0.00572	0.00587	0.00691	0.00424	0.00432	0.00787	0.01098	0.02841	0.30294	0.21475	0.25522	0.05458	0.00659	0.00180	0.00266	0.06742	0.00454	0.00409
33	0.00670	0.00450	0.00507	0.00510	0.00516	0.00447	0.00288	0.00675	0.00694	0.00921	0.01597	0.05290	0.04180	0.78835	0.02263	0.00435	0.00439	0.00704	0.00291	0.00288
34	0.21106	0.24266	0.09474	0.00966	0.02275	0.24442	0.00861	0.06628	0.01115	0.03986	0.00757	0.00854	0.00607	0.00450	0.00363	0.00125	0.00581	0.00294	0.00260	0.00589
35	0.01181	0.00872	0.01355	0.01061	0.01328	0.00877	0.18670	0.09835	0.04619	0.15964	0.23235	0.02153	0.07922	0.00704	0.00610	0.00154	0.07824	0.00620	0.00419	0.00599
36	0.04123	0.01043	0.01710	0.02309	0.56958	0.01039	0.06404	0.02444	0.05307	0.04033	0.01053	0.05834	0.00907	0.00488	0.00464	0.00141	0.00521	0.00471	0.00273	0.04476
37	0.01134	0.00830	0.00982	0.00718	0.01114	0.00657	0.00577	0.03843	0.02177	0.12317	0.01092	0.01158	0.02905	0.00409	0.00372	0.00085	0.00354	0.00329	0.00329	0.68616
38	0.01222	0.03355	0.04377	0.01462	0.01738	0.18691	0.29982	0.01454	0.01018	0.02568	0.00791	0.01067	0.00654	0.00546	0.00809	0.00159	0.26318	0.00428	0.00231	0.03130
39	0.01011	0.00812	0.03510	0.00879	0.03519	0.00789	0.04055	0.11058	0.15154	0.06817	0.34311	0.03595	0.09680	0.00791	0.00530	0.00150	0.01621	0.00681	0.00460	0.00578
40	0.00803	0.00414	0.00612	0.00618	0.00629	0.00416	0.00424	0.00646	0.00646	0.00875	0.00930	0.01642	0.00930	0.01609	0.03594	0.77059	0.00419	0.04590	0.02917	0.00227
41	0.00725	0.00522	0.00719	0.00821	0.00924	0.00516	0.00705	0.00924	0.01057	0.01370	0.02591	0.11051	0.06855	0.01292	0.00634	0.00209	0.00406	0.67827	0.00429	0.00423
42	0.01244	0.83930	0.02438	0.00796	0.01194	0.01841	0.00796	0.01393	0.00945	0.01095	0.00647	0.00746	0.00597	0.00398	0.00299	0.00100	0.00498	0.00249	0.00199	0.00597
43	0.00850	0.00502	0.00603	0.00572	0.00691	0.00487	0.00424	0.01060	0.04994	0.07217	0.26263	0.05466	0.07452	0.05373	0.03019	0.07639	0.00299	0.00648	0.25996	0.00442
44	0.59044	0.00886	0.00818	0.00688	0.00995	0.00964	0.00567	0.06125	0.01011	0.21673	0.00988	0.01004	0.00696	0.00477	0.00344	0.00143	0.00374	0.00319	0.02295	0.00590
45	0.02892	0.00472	0.00584	0.00644	0.00724	0.00450	0.00464	0.00800	0.04121	0.01357	0.12831	0.49466	0.14077	0.01277	0.00573	0.00179	0.00279	0.07961	0.00440	0.00410
46	0.00619	0.00450	0.00606	0.00700	0.00748	0.00438	0.00511	0.00734	0.00944	0.01257	0.05592	0.60669	0.04227	0.01382	0.00623	0.00192	0.02207	0.17278	0.00429	0.00394
47	0.00644	0.00436	0.00514	0.00555	0.00591	0.00420	0.00355	0.00707	0.00823	0.01121	0.02186	0.31851	0.09514	0.37557	0.01348	0.00295	0.00345	0.02420	0.07976	0.00343
48	0.00621	0.00459	0.00559	0.00601	0.00685	0.00428	0.00425	0.00795	0.04238	0.01403	0.19588	0.43163	0.18932	0.01217	0.00558	0.00168	0.00254	0.01077	0.04418	0.00411
49	0.00677	0.00451	0.00507	0.00507	0.00507	0.00451	0.00282	0.00677	0.00677	0.00902	0.01466	0.03044	0.01691	0.83650	0.02368	0.00451	0.00451	0.00677	0.00282	0.00282
50	0.00698	0.00552	0.00765	0.00762	0.00850	0.03116	0.00591	0.00863	0.00765	0.01082	0.01230	0.01797	0.01145	0.03395	0.79267	0.00728	0.01233	0.00492	0.00249	0.00419
51	0.84287	0.00912	0.00706	0.00626	0.00917	0.01056	0.00516	0.03789	0.00835	0.02114	0.00662	0.00767	0.00513	0.00436	0.00293	0.00144	0.00365	0.00257	0.00293	0.00513
52	0.00572	0.00409	0.00546	0.00654	0.00684	0.00383	0.00442	0.00658	0.00896	0.01194	0.02561	0.80917	0.03064	0.01452	0.00595	0.00190	0.00275	0.03696	0.00432	0.00379
53	0.00665	0.00498	0.00748	0.00748	0.00831	0.00582	0.00582	0.00831	0.00748	0.01080	0.01246	0.01828	0.01163	0.03489	0.81807	0.00748	0.01246	0.00498	0.00249	0.00415
54	0.00653	0.00471	0.00599	0.00601	0.00655	0.00493	0.00413	0.00735	0.00758	0.01024	0.01815	0.04895	0.11391	0.39511	0.33423	0.00524	0.00733	0.00662	0.00292	0.00351
55	0.86937	0.00900	0.00684	0.00612	0.00900	0.01044	0.00504	0.01368	0.00792	0.02087	0.00648	0.00756	0.00504	0.00432	0.00288	0.00144	0.00360	0.00252	0.00288	0.00504
56	0.00674	0.00493	0.00635	0.00600	0.00713	0.00464	0.00450	0.00930	0.04173	0.01851	0.75666	0.05430	0.04248	0.00952	0.00547	0.00148	0.00226	0.00842	0.00509	0.00448
57	0.00567	0.00405	0.00540	0.00648	0.00675	0.00378	0.00432	0.00648	0.00891	0.01188	0.02564	0.83347	0.03077	0.01457	0.00594	0.00189	0.00270	0.01323	0.00432	0.00378
58	0.83035	0.00895	0.00702	0.00622	0.00913	0.01027	0.00512	0.01409	0.00817	0.05719	0.00702	0.00794	0.00534	0.00438	0.00296	0.00144	0.00362	0.00262	0.00301	0.00517
59	0.00906	0.00881	0.01565	0.72417	0.03107	0.01052	0.11055	0.01226	0.00951	0.01226	0.00841	0.01242	0.00631	0.00456	0.00476	0.00155	0.00641	0.00430	0.00210	0.00531
60	0.01244	0.83930	0.02438	0.00796	0.01194	0.01841	0.00796	0.01393	0.00945	0.01095	0.00647	0.00746	0.00597	0.00398	0.00299	0.00100	0.00498	0.00249	0.00199	0.00597
61	0.00599	0.00465	0.00530	0.00527	0.00654	0.00409	0.00390	0.00751	0.01132	0.01478	0.31112	0.11686	0.44006	0.01107	0.00547	0.00155	0.00233	0.00950	0.02860	0.00409
62	0.01977	0.00968	0.01189	0.00911	0.01276	0.00946	0.00753	0.28828	0.01627	0.54093	0.01587	0.01422	0.01027	0.00570	0.00467	0.00142	0.00436	0.00451	0.00538	0.00792
63	0.00944	0.05380	0.78366	0.01307	0.01984	0.01108	0.01685	0.01470	0.00981	0.01459	0.00828	0.00974	0.00590	0.00440	0.00437	0.00146	0.00681	0.00340	0.00197	0.00684
64	0.00570	0.00473	0.00521	0.00525	0.00665	0.00424	0.00396	0.00695	0.01000	0.01224	0.04036	0.07131	0.63942	0.01584	0.14436	0.00259	0.00410	0.00913	0.00401	0.00396
65	0.00960	0.00523	0.00532	0.00499	0.00634	0.00537	0.00383	0.09100	0.01100	0.01857	0.01476	0.01671	0.01151	0.00544	0.00340	0.00112	0.00247	0.00432	0.77431	0.00470
66	0.01802	0.00996	0.01175	0.00929	0.01273	0.01019	0.00758	0.26815	0.17112	0.40562	0.01618	0.01465	0.01090	0.00581	0.00468	0.00145	0.00427	0.00464	0.00520	0.00781
67	0.01232	0.75344	0.08627	0.00848	0.01265	0.03887	0.00872	0.01412	0.00958	0.01126	0.00664	0.00767	0.00596	0.00404	0.00313	0.00104	0.00522	0.00258	0.00200	0.00603
68	0.01151	0.01095	0.01828	0.06057	0.68126	0.01115	0.03788	0.03015	0.06352	0.01561	0.00948	0.01197	0.00778	0.00433	0.00464	0.00141	0.00550	0.00426	0.00250	0.00725
69	0.00736	0.00530	0.00731	0.00833	0.00941	0.00525	0.00723	0.00943	0.01067	0.01381	0.02582	0.06688	0.06722	0.01283	0.00637	0.00211	0.00415	0.72199	0.00429	0.00426
70	0.02087	0.00792	0.01080	0.00828	0.01188	0.00684	0.00684	0.02267	0.01332	0.81071	0.01835	0.01583	0.01152	0.00576	0.00468	0.00144	0.00396	0.00468	0.00576	0.00792
71	0.01710	0.01017	0.01167	0.00917	0.01246	0.01056	0.00749	0.41534	0.04601	0.27845	0.04264	0.03636	0.02764	0.00616	0.00468	0.00142	0.00433	0.00489	0.04603	0.00741
72	0.01182	0.01051	0.01481	0.01215	0.01340	0.01326	0.07900	0.14526	0.01038	0.05163	0.00902	0.03512	0.01971	0.00746	0.01167	0.00185	0.53980	0.00460	0.00278	0.00575
73	0.00560	0.00472	0.00485	0.00482	0.00634	0.00397	0.00361	0.00687	0.01084	0.01312	0.11632	0.04386	0.73606	0.01157	0.00550	0.00156	0.00234	0.00969	0.00439	0.00397
74	0.86937	0.00900	0.00684	0.00612	0.00900	0.01044	0.00504	0.01368	0.00792	0.02087	0.00648	0.00756	0.00504	0.00432	0.00288	0.00144	0.00360	0.00252	0.00288	0.00504
75	0.00665	0.00498	0.00748	0.00748	0.00831	0.00582	0.00582	0.00831	0.00748	0.01080	0.01246	0.01828	0.01163	0.03489	0.81807	0.00748	0.01246	0.00498	0.00249	0.00415
76	0.00665	0.00498	0.00748	0.00748	0.00831	0.00582	0.00582	0.00831	0.00748	0.01080	0.01246	0.01828	0.01163	0.03489	0.81807	0.00748	0.01246	0.00498	0.00249	0.00415
77	0.01326	0.01085	0.01104	0.02252	0.01252	0.07347	0.00754	0.17076	0.44826	0.07074	0.09354	0.01700	0.01497	0.00631	0.00475	0.00149	0.00424	0.00513	0.00460	0.00703
78	0.01145	0.02264	0.03743	0.04091	0.12102	0.01901	0.04915	0.05025	0.01096	0.09440	0.04087	0.01178	0.00884	0.00424	0.00405	0.00104	0.00434	0.00364	0.00309	0.46089
79	0.20388	0.11772	0.26593	0.01330	0.05044	0.01203	0.22193	0.02390	0.00980	0.01583	0.00800	0.00985	0.00612	0.00427	0.00437	0.00144	0.01896	0.00372	0.00233	0.00619
80	0.64451	0.00985	0.00916	0.00771	0.01059	0.01139	0.03094	0.14192	0.01026	0.02143	0.00732	0.00849	0.00565	0.00477	0.00408	0.00148	0.05880	0.00299	0.00310	0.00555
81	0.00657	0.00504	0.00622	0.00683	0.00809	0.00469	0.00568	0.00826	0.01061	0.01327	0.03441	0.07366	0.36449	0.01244	0.00601	0.00189	0.00340	0.42003	0.00430	0.00411
82	0.01011	0.00854	0.00989	0.00711	0.01122	0.00667	0.00570	0.05657	0.01035	0.01597	0.00844	0.00973	0.00695	0.00357	0.00351	0.00073	0.00354	0.00284	0.00287	0.81567

[dist]
# distance from previous block
# <min> <max>
2	2

[block]
# block no. 4 follows, 55 sequences, length 24
# corresponding to MSA columns:
# 314-322,324-331,336-342
name=unknown_E
#
# <colnr> <probs for GDERKNQSTAVLIFYWHMCP>
#	G	D	E	R	K	N	Q	S	T	A	V	L	I	F	Y	W	H	M	C	P
0	0.01251	0.01150	0.01429	0.01170	0.01388	0.06225	0.09619	0.19341	0.18582	0.01781	0.03142	0.01378	0.03320	0.00662	0.00821	0.00166	0.27126	0.00473	0.00343	0.00633
1	0.00567	0.00405	0.00540	0.00648	0.00675	0.00378	0.00432	0.00648	0.00891	0.01188	0.02564	0.83347	0.03077	0.01457	0.00594	0.00189	0.00270	0.01323	0.00432	0.00378
2	0.01044	0.29066	0.43975	0.01112	0.03484	0.01278	0.01271	0.01410	0.00970	0.01355	0.00773	0.00906	0.00607	0.00415	0.00384	0.00122	0.00581	0.00306	0.00207	0.10733
3	0.01194	0.06326	0.08174	0.08057	0.12414	0.04675	0.08103	0.16051	0.02173	0.01718	0.02042	0.01096	0.00755	0.00438	0.00425	0.00120	0.00526	0.00374	0.00289	0.25051
4	0.16309	0.20847	0.01487	0.01042	0.03405	0.43462	0.00820	0.05233	0.01174	0.01385	0.00713	0.00824	0.00595	0.00454	0.00372	0.00121	0.00654	0.00288	0.00249	0.00563
5	0.00668	0.00492	0.00628	0.00607	0.00715	0.00464	0.00450	0.00920	0.04949	0.01774	0.65640	0.12797	0.06128	0.01002	0.00550	0.00152	0.00233	0.00887	0.00499	0.00445
6	0.00867	0.00434	0.00434	0.00434	0.00542	0.00434	0.00325	0.01084	0.00976	0.01734	0.01518	0.01734	0.01192	0.00542	0.00325	0.00108	0.00217	0.00434	0.86233	0.00434
7	0.08066	0.00799	0.01052	0.00812	0.01167	0.00709	0.00671	0.02204	0.01293	0.75505	0.01752	0.01525	0.01106	0.00566	0.00455	0.00144	0.00393	0.00453	0.00556	0.00771
8	0.00641	0.00467	0.00603	0.00586	0.00689	0.00429	0.00433	0.00838	0.01251	0.01749	0.66712	0.12913	0.08900	0.01024	0.00554	0.00152	0.00226	0.00906	0.00498	0.00429
9	0.00867	0.00434	0.00434	0.00434	0.00542	0.00434	0.00325	0.01084	0.00976	0.01734	0.01518	0.01734	0.01192	0.00542	0.00325	0.00108	0.00217	0.00434	0.86233	0.00434
10	0.70812	0.00916	0.00782	0.00670	0.00973	0.01030	0.00552	0.07105	0.00956	0.11421	0.00821	0.00879	0.00601	0.00458	0.00322	0.00144	0.00375	0.00289	0.00335	0.00558
11	0.01639	0.05875	0.01377	0.01172	0.01395	0.66448	0.00902	0.01760	0.01230	0.03251	0.00733	0.00875	0.00615	0.00517	0.00545	0.00129	0.10433	0.00314	0.00242	0.00545
12	0.01137	0.01096	0.02815	0.09671	0.42107	0.01116	0.16140	0.03723	0.04769	0.03621	0.00971	0.02430	0.00789	0.00474	0.00547	0.00148	0.05847	0.00457	0.00258	0.01883
13	0.00571	0.00412	0.00537	0.00631	0.00668	0.00383	0.00423	0.00657	0.00908	0.01204	0.04945	0.73728	0.08035	0.03719	0.00639	0.00193	0.00271	0.01269	0.00430	0.00378
14	0.00653	0.00501	0.00710	0.00713	0.00793	0.00463	0.05451	0.00751	0.00874	0.01183	0.02134	0.56129	0.02494	0.16153	0.00894	0.00226	0.00344	0.02543	0.00381	0.06609
15	0.00802	0.00566	0.00730	0.00665	0.00793	0.00567	0.00512	0.01072	0.05895	0.06868	0.62943	0.03102	0.05860	0.00905	0.00610	0.00151	0.06216	0.00771	0.00489	0.00483
16	0.08907	0.05134	0.01357	0.04929	0.06489	0.07462	0.02880	0.41790	0.01623	0.02213	0.01230	0.01293	0.06494	0.00554	0.00454	0.00136	0.01518	0.00424	0.00372	0.04742
17	0.01010	0.01656	0.45154	0.01150	0.01650	0.00892	0.08496	0.01412	0.01084	0.09832	0.14368	0.03268	0.02830	0.00567	0.00473	0.00145	0.00555	0.00488	0.00305	0.04667
18	0.01390	0.12492	0.01529	0.01311	0.10325	0.39371	0.02765	0.02530	0.02266	0.01210	0.00798	0.02171	0.00711	0.02221	0.03780	0.00166	0.13803	0.00363	0.00238	0.00561
19	0.06496	0.17780	0.61131	0.01180	0.01787	0.01222	0.01466	0.01451	0.00963	0.01441	0.00787	0.00923	0.00585	0.00433	0.00405	0.00138	0.00631	0.00320	0.00203	0.00659
20	0.01001	0.11121	0.49988	0.01177	0.01734	0.01085	0.06428	0.02908	0.02257	0.02796	0.06472	0.01172	0.00901	0.00468	0.00433	0.00135	0.00594	0.00381	0.00245	0.08705
21	0.86937	0.00900	0.00684	0.00612	0.00900	0.01044	0.00504	0.01368	0.00792	0.02087	0.00648	0.00756	0.00504	0.00432	0.00288	0.00144	0.00360	0.00252	0.00288	0.00504
22	0.00710	0.00592	0.00642	0.00623	0.00737	0.06311	0.00460	0.00891	0.01228	0.01645	0.54646	0.13929	0.13814	0.01013	0.00545	0.00151	0.00273	0.00884	0.00471	0.00432
23	0.00603	0.00499	0.00593	0.00691	0.06433	0.00443	0.00448	0.00718	0.00999	0.01242	0.03735	0.24522	0.51264	0.04884	0.00636	0.00177	0.00277	0.01015	0.00411	0.00409

[dist]
# distance from previous block
# <min> <max>
15	513

[block]
# block no. 5 follows, 55 sequences, length 12
# corresponding to MSA columns:
# 864-875
name=unknown_F
#
# <colnr> <probs for GDERKNQSTAVLIFYWHMCP>
#	G	D	E	R	K	N	Q	S	T	A	V	L	I	F	Y	W	H	M	C	P
0	0.00878	0.00615	0.00855	0.01088	0.20802	0.00604	0.00636	0.01110	0.01097	0.01719	0.24513	0.02098	0.02015	0.00630	0.00425	0.00127	0.00302	0.00548	0.39425	0.00512
1	0.00586	0.00454	0.00535	0.00555	0.00661	0.00402	0.00401	0.00724	0.01088	0.01416	0.26326	0.26462	0.36341	0.01191	0.00562	0.00163	0.00241	0.01037	0.00455	0.00402
2	0.01144	0.01003	0.01404	0.38162	0.02179	0.01251	0.01109	0.20830	0.01183	0.01608	0.00837	0.01144	0.00660	0.00591	0.00776	0.00165	0.24686	0.00413	0.00271	0.00584
3	0.39930	0.00655	0.00557	0.00524	0.00726	0.00701	0.00414	0.01108	0.00913	0.01774	0.01927	0.01981	0.20883	0.00652	0.00365	0.00137	0.00287	0.00489	0.25522	0.00455
4	0.00808	0.00404	0.00606	0.00606	0.00606	0.00404	0.00404	0.00606	0.00606	0.00808	0.00808	0.01414	0.00808	0.01616	0.01818	0.86465	0.00404	0.00404	0.00202	0.00202
5	0.01138	0.01122	0.01340	0.01086	0.01329	0.21152	0.23559	0.01375	0.01093	0.01483	0.01204	0.05778	0.01002	0.00532	0.00429	0.00130	0.00543	0.00482	0.34710	0.00514
6	0.00666	0.01022	0.24168	0.00766	0.01046	0.00591	0.00774	0.00899	0.00995	0.01303	0.03034	0.23331	0.37585	0.01033	0.00529	0.00162	0.00377	0.00881	0.00363	0.00475
7	0.01196	0.00727	0.01068	0.01223	0.21013	0.00676	0.00756	0.01413	0.01243	0.24969	0.33520	0.02386	0.06389	0.00717	0.00503	0.00144	0.00356	0.00631	0.00456	0.00615
8	0.40192	0.25295	0.01502	0.01231	0.21111	0.01293	0.00822	0.01390	0.00904	0.01653	0.00705	0.00853	0.00590	0.00418	0.00335	0.00129	0.00449	0.00292	0.00247	0.00590
9	0.00911	0.00830	0.01369	0.22290	0.37728	0.00874	0.01102	0.01139	0.00977	0.01339	0.01358	0.25272	0.01394	0.00733	0.00501	0.00157	0.00487	0.00680	0.00283	0.00576
10	0.01323	0.01154	0.01727	0.05067	0.54836	0.01202	0.01264	0.24220	0.01386	0.01922	0.00944	0.01144	0.00749	0.00458	0.00462	0.00139	0.00543	0.00416	0.00298	0.00745
11	0.00804	0.00808	0.01525	0.01200	0.01462	0.00745	0.36170	0.01036	0.01028	0.01343	0.02368	0.26135	0.21527	0.00903	0.00562	0.00166	0.00495	0.00885	0.00342	0.00495

[dist]
# distance from previous block
# <min> <max>
0	3

[block]
# block no. 6 follows, 55 sequences, length 8
# corresponding to MSA columns:
# 879-886
name=unknown_G
#
# <colnr> <probs for GDERKNQSTAVLIFYWHMCP>
#	G	D	E	R	K	N	Q	S	T	A	V	L	I	F	Y	W	H	M	C	P
0	0.24169	0.00582	0.00692	0.00672	0.00788	0.00659	0.00512	0.00916	0.00721	0.01280	0.00964	0.01424	0.00887	0.02148	0.37878	0.23898	0.00776	0.00406	0.00247	0.00381
1	0.00885	0.00970	0.22412	0.00676	0.00942	0.00610	0.00704	0.01190	0.00977	0.01663	0.01332	0.01530	0.01028	0.00515	0.00357	0.00119	0.00345	0.00409	0.62832	0.00503
2	0.01075	0.01411	0.23210	0.07352	0.32413	0.01108	0.01310	0.01708	0.22476	0.01601	0.01138	0.01270	0.00875	0.00484	0.00459	0.00147	0.00544	0.00426	0.00286	0.00708
3	0.01016	0.01675	0.37948	0.01714	0.23213	0.01181	0.01449	0.01365	0.00930	0.01390	0.00785	0.01038	0.00635	0.00536	0.00742	0.00160	0.22984	0.00380	0.00208	0.00652
4	0.00962	0.00891	0.01384	0.07225	0.32058	0.01006	0.01038	0.01178	0.01026	0.01482	0.22458	0.01753	0.01688	0.00673	0.00775	0.00159	0.22837	0.00529	0.00298	0.00579
