[name]
unknown

[dist]
# distance from previous block
# <min> <max>
0	80

[block]
# block no. 0 follows, 53 sequences, length 9
# corresponding to MSA columns:
# 95-103
name=unknown_A
#
# <colnr> <probs for GDERKNQSTAVLIFYWHMCP>
#	G	D	E	R	K	N	Q	S	T	A	V	L	I	F	Y	W	H	M	C	P
0	0.07096	0.14739	0.08608	0.00942	0.01257	0.15138	0.00830	0.07713	0.06981	0.08458	0.04191	0.07404	0.01162	0.00622	0.00468	0.00139	0.03004	0.02778	0.02934	0.05533
1	0.03804	0.19550	0.34134	0.01157	0.03394	0.03479	0.04835	0.07566	0.04944	0.03251	0.05897	0.01304	0.03656	0.00522	0.00437	0.00140	0.00578	0.00411	0.00281	0.00661
2	0.03894	0.03510	0.07562	0.15259	0.11029	0.05250	0.03323	0.05620	0.06967	0.03482	0.04142	0.03624	0.07602	0.02984	0.00586	0.00160	0.04563	0.03516	0.01538	0.05389
3	0.01056	0.00794	0.01009	0.01016	0.08660	0.03016	0.03127	0.06693	0.11158	0.09246	0.12943	0.10108	0.10413	0.06112	0.06062	0.00218	0.02832	0.02417	0.02551	0.00568
4	0.01038	0.00708	0.00813	0.00740	0.00903	0.05668	0.00568	0.03546	0.01213	0.15810	0.27277	0.14236	0.14219	0.01109	0.05047	0.00193	0.05134	0.00794	0.00462	0.00521
5	0.01140	0.01147	0.03859	0.08901	0.19592	0.09030	0.07640	0.07429	0.10312	0.01603	0.05602	0.01659	0.07508	0.00744	0.04548	0.00181	0.04987	0.00508	0.00316	0.03294
6	0.00627	0.00487	0.00570	0.00549	0.00684	0.00430	0.00412	0.00806	0.01236	0.01639	0.46663	0.04027	0.37989	0.01081	0.00564	0.00155	0.00233	0.00928	0.00490	0.00430
7	0.01055	0.00867	0.00980	0.03378	0.03315	0.09202	0.00698	0.07408	0.05195	0.06356	0.04347	0.04730	0.01321	0.13428	0.28919	0.00413	0.07013	0.00541	0.00323	0.00513
8	0.00916	0.00866	0.05000	0.00757	0.00929	0.10910	0.00604	0.01189	0.07067	0.03356	0.22480	0.16516	0.08578	0.03511	0.00576	0.00164	0.00380	0.04537	0.09029	0.02636

[dist]
# distance from previous block
# <min> <max>
9	16

[block]
# block no. 1 follows, 53 sequences, length 15
# corresponding to MSA columns:
# 123,125-138
name=unknown_B
#
# <colnr> <probs for GDERKNQSTAVLIFYWHMCP>
#	G	D	E	R	K	N	Q	S	T	A	V	L	I	F	Y	W	H	M	C	P
0	0.07246	0.04037	0.04408	0.03604	0.07373	0.05711	0.00857	0.15899	0.16650	0.04470	0.03836	0.07326	0.02482	0.01828	0.03215	0.00177	0.06651	0.00516	0.00372	0.03341
1	0.03560	0.07230	0.10350	0.04596	0.05511	0.12206	0.03996	0.08401	0.04773	0.07692	0.08870	0.01593	0.03194	0.00847	0.07769	0.00195	0.00609	0.01936	0.00335	0.06335
2	0.31868	0.10686	0.08611	0.00946	0.03259	0.07884	0.00815	0.14633	0.09588	0.01959	0.01011	0.05001	0.00831	0.00540	0.00394	0.00144	0.00486	0.00389	0.00330	0.00625
3	0.01101	0.11886	0.05784	0.03062	0.01319	0.01064	0.07793	0.04915	0.27276	0.03778	0.01507	0.07185	0.01319	0.04501	0.00695	0.07760	0.00471	0.05749	0.00363	0.02475
4	0.01167	0.00981	0.01066	0.00993	0.03364	0.01116	0.00744	0.07883	0.62105	0.01957	0.01896	0.08277	0.01540	0.03995	0.00573	0.00175	0.00390	0.00601	0.00468	0.00713
5	0.01236	0.00602	0.00735	0.00635	0.00850	0.00545	0.00500	0.01453	0.02932	0.29227	0.17378	0.02573	0.15837	0.00768	0.00474	0.00142	0.00294	0.00641	0.22605	0.00574
6	0.00959	0.02472	0.80726	0.01362	0.02069	0.01110	0.01766	0.01514	0.01009	0.01514	0.00858	0.01009	0.00605	0.00454	0.00454	0.00151	0.00706	0.00353	0.00202	0.00706
7	0.01159	0.50360	0.25069	0.04456	0.01551	0.04023	0.01109	0.01436	0.00985	0.01242	0.00757	0.00909	0.00637	0.00564	0.03837	0.00148	0.00617	0.00304	0.00208	0.00627
8	0.00693	0.00491	0.00599	0.00619	0.00728	0.00449	0.00446	0.00868	0.03734	0.05117	0.21590	0.35747	0.24698	0.01223	0.00576	0.00171	0.00265	0.01075	0.00472	0.00440
9	0.00829	0.00449	0.00470	0.00478	0.00586	0.00441	0.00355	0.01030	0.01006	0.01684	0.03936	0.08851	0.07827	0.00768	0.02211	0.00138	0.00253	0.00580	0.67673	0.00437
10	0.00698	0.00615	0.00675	0.04162	0.04178	0.03051	0.00517	0.00923	0.06532	0.01369	0.07392	0.12514	0.51867	0.01107	0.00555	0.00164	0.00309	0.02493	0.00426	0.00454
11	0.01160	0.03496	0.13696	0.04734	0.21926	0.02747	0.04409	0.07672	0.05700	0.08273	0.07275	0.02786	0.05586	0.03688	0.04596	0.00190	0.00563	0.00517	0.00333	0.00655
12	0.00686	0.00499	0.00600	0.00612	0.00722	0.00465	0.00449	0.00886	0.04384	0.02797	0.26303	0.22524	0.22809	0.05450	0.00665	0.00183	0.00276	0.05391	0.03868	0.00433
13	0.01042	0.00577	0.00624	0.00611	0.03298	0.00589	0.00446	0.09573	0.01152	0.04482	0.01504	0.01688	0.01164	0.00556	0.00359	0.00117	0.00273	0.00444	0.70994	0.00508
14	0.01082	0.01141	0.05138	0.24720	0.37879	0.04698	0.08821	0.01380	0.01045	0.01413	0.00982	0.01297	0.02594	0.00575	0.03166	0.00171	0.02570	0.00447	0.00234	0.00647

[dist]
# distance from previous block
# <min> <max>
0	10

[block]
# block no. 2 follows, 53 sequences, length 18
# corresponding to MSA columns:
# 149-166
name=unknown_C
#
# <colnr> <probs for GDERKNQSTAVLIFYWHMCP>
#	G	D	E	R	K	N	Q	S	T	A	V	L	I	F	Y	W	H	M	C	P
0	0.01079	0.01163	0.08796	0.15789	0.16444	0.01083	0.22876	0.05506	0.04539	0.03080	0.01222	0.04964	0.03711	0.00643	0.02864	0.00177	0.03584	0.01564	0.00280	0.00635
1	0.00622	0.00446	0.00589	0.00657	0.00705	0.00435	0.00455	0.00710	0.00889	0.01186	0.03669	0.50304	0.09146	0.09003	0.13477	0.03311	0.00457	0.03161	0.00394	0.00383
2	0.25968	0.10877	0.07701	0.01358	0.18287	0.20305	0.00957	0.03758	0.01079	0.01620	0.00792	0.00966	0.00651	0.01619	0.00416	0.00139	0.00576	0.00329	0.01994	0.00608
3	0.00671	0.00550	0.00563	0.00561	0.00718	0.00464	0.00409	0.00765	0.01137	0.01388	0.07730	0.06845	0.70984	0.04128	0.00669	0.00189	0.00284	0.01023	0.00470	0.00450
4	0.39242	0.00924	0.01006	0.01046	0.12793	0.00966	0.00707	0.09193	0.01066	0.06230	0.01063	0.10202	0.00943	0.00569	0.00394	0.00141	0.00404	0.00440	0.00337	0.12333
5	0.01011	0.00867	0.01000	0.00734	0.01144	0.00692	0.00585	0.01336	0.08766	0.01601	0.00958	0.01070	0.00782	0.00383	0.00367	0.00080	0.00356	0.00309	0.00303	0.77655
6	0.00708	0.00581	0.00644	0.00644	0.00762	0.04200	0.00469	0.00915	0.04568	0.01550	0.33588	0.26437	0.18962	0.01124	0.00563	0.00163	0.00283	0.00983	0.00465	0.02391
7	0.01502	0.00757	0.00939	0.00792	0.01057	0.00737	0.00629	0.01957	0.19020	0.38789	0.12327	0.05063	0.01772	0.00758	0.02389	0.00164	0.00372	0.00576	0.09714	0.00687
8	0.00940	0.00911	0.01625	0.62868	0.06452	0.01061	0.12931	0.01256	0.00976	0.01270	0.00898	0.01355	0.00704	0.04125	0.00577	0.00172	0.00652	0.00458	0.00221	0.00547
9	0.01034	0.00939	0.01178	0.01058	0.01122	0.05761	0.00846	0.02435	0.05376	0.04755	0.01241	0.18253	0.01273	0.01133	0.07094	0.00236	0.44819	0.00625	0.00301	0.00520
10	0.00582	0.00419	0.00551	0.00657	0.00691	0.00389	0.00440	0.00666	0.00923	0.01223	0.02732	0.79422	0.06566	0.01485	0.00608	0.00193	0.00276	0.01343	0.00444	0.00389
11	0.00729	0.00474	0.00551	0.00545	0.00564	0.00472	0.00322	0.00752	0.00750	0.03065	0.05009	0.05111	0.01864	0.72617	0.04921	0.00445	0.00474	0.00708	0.00311	0.00318
12	0.34318	0.00875	0.00962	0.00775	0.01115	0.00876	0.00639	0.03947	0.03104	0.46709	0.01403	0.01294	0.00927	0.00536	0.00410	0.00148	0.00395	0.00396	0.00473	0.00699
13	0.00589	0.00425	0.00552	0.00646	0.00685	0.00394	0.00433	0.00677	0.00934	0.01239	0.05624	0.72055	0.07873	0.04596	0.00675	0.00201	0.00280	0.01293	0.00441	0.00388
14	0.00956	0.00932	0.01543	0.70806	0.06985	0.03372	0.06172	0.01272	0.00985	0.01256	0.00856	0.01259	0.00648	0.00471	0.00482	0.00158	0.00651	0.00430	0.00216	0.00550
15	0.00961	0.06137	0.07343	0.00830	0.02094	0.13252	0.00678	0.04077	0.04204	0.01495	0.20118	0.11626	0.12415	0.06081	0.04287	0.00196	0.00474	0.00702	0.02529	0.00503
16	0.01067	0.06476	0.01377	0.13694	0.07912	0.02528	0.00968	0.06807	0.07104	0.01378	0.01012	0.02439	0.00921	0.04705	0.05424	0.04026	0.27910	0.03424	0.00271	0.00554
17	0.19908	0.17103	0.01362	0.02015	0.03076	0.11664	0.00766	0.18676	0.02776	0.03029	0.03926	0.04487	0.00956	0.00760	0.05854	0.00180	0.02120	0.00406	0.00328	0.00608

[dist]
# distance from previous block
# <min> <max>
1	15

[block]
# block no. 3 follows, 53 sequences, length 9
# corresponding to MSA columns:
# 189-197
name=unknown_D
#
# <colnr> <probs for GDERKNQSTAVLIFYWHMCP>
#	G	D	E	R	K	N	Q	S	T	A	V	L	I	F	Y	W	H	M	C	P
0	0.00833	0.00803	0.07791	0.00849	0.01020	0.02289	0.04938	0.03430	0.04074	0.03424	0.06393	0.24302	0.12802	0.04160	0.10088	0.06257	0.04900	0.00809	0.00363	0.00474
1	0.00777	0.00437	0.00599	0.00599	0.00604	0.00442	0.00386	0.00661	0.00655	0.00879	0.01079	0.02026	0.01149	0.28396	0.07018	0.52811	0.00485	0.00513	0.00237	0.00248
2	0.00746	0.00472	0.00611	0.00651	0.00727	0.00461	0.00465	0.00869	0.00941	0.05870	0.04677	0.39763	0.05901	0.09133	0.12374	0.00287	0.00444	0.04518	0.10668	0.00421
3	0.01308	0.00941	0.01187	0.02894	0.10472	0.03205	0.00812	0.11553	0.03016	0.16025	0.01352	0.08751	0.01173	0.02052	0.00601	0.00147	0.07841	0.04910	0.00378	0.21382
4	0.06046	0.13292	0.01161	0.00749	0.01074	0.00893	0.00614	0.08664	0.01119	0.08608	0.02661	0.10885	0.01149	0.02457	0.01765	0.00132	0.00400	0.00467	0.03946	0.33918
5	0.24473	0.05617	0.01155	0.00896	0.01197	0.13481	0.00730	0.22063	0.01369	0.12610	0.01045	0.01110	0.00776	0.00628	0.03175	0.00161	0.02710	0.00366	0.05800	0.00639
6	0.01190	0.00983	0.08081	0.06458	0.03258	0.00959	0.04958	0.06457	0.04114	0.15577	0.05145	0.06876	0.01244	0.02598	0.07893	0.00224	0.17116	0.00537	0.05733	0.00601
7	0.01038	0.02805	0.04638	0.13038	0.30580	0.01024	0.04142	0.01457	0.12155	0.01528	0.05721	0.03371	0.02658	0.03652	0.01903	0.00169	0.02975	0.00500	0.00297	0.06350
8	0.00676	0.00486	0.00603	0.00641	0.00704	0.00462	0.00433	0.03756	0.00983	0.01326	0.11435	0.48974	0.05705	0.17758	0.00956	0.00236	0.00319	0.01085	0.00419	0.03044

[dist]
# distance from previous block
# <min> <max>
2	16

[block]
# block no. 4 follows, 53 sequences, length 8
# corresponding to MSA columns:
# 214-221
name=unknown_E
#
# <colnr> <probs for GDERKNQSTAVLIFYWHMCP>
#	G	D	E	R	K	N	Q	S	T	A	V	L	I	F	Y	W	H	M	C	P
0	0.10216	0.00858	0.01354	0.73203	0.03035	0.01063	0.01239	0.01241	0.00940	0.01322	0.00830	0.01220	0.00624	0.00474	0.00458	0.00158	0.00608	0.00407	0.00221	0.00530
1	0.00728	0.00557	0.00798	0.00716	0.00787	0.00552	0.08835	0.00801	0.00782	0.01046	0.01652	0.06859	0.05694	0.57183	0.10645	0.00435	0.00569	0.00710	0.00296	0.00354
2	0.01107	0.01255	0.12207	0.09468	0.59002	0.01094	0.01457	0.01426	0.01067	0.01519	0.00977	0.01395	0.00834	0.00482	0.00481	0.00149	0.00585	0.04539	0.00241	0.00714
3	0.00751	0.00576	0.00715	0.00636	0.00817	0.00498	0.00483	0.00947	0.01175	0.01676	0.43882	0.06714	0.06793	0.06053	0.00637	0.00157	0.00288	0.05186	0.00439	0.21577
4	0.04424	0.00929	0.01069	0.03030	0.01246	0.00815	0.00652	0.12786	0.04050	0.06780	0.00992	0.01083	0.00772	0.00419	0.00386	0.00095	0.00392	0.00330	0.00337	0.59414
5	0.01439	0.21038	0.04773	0.05709	0.11898	0.16297	0.00991	0.21811	0.02969	0.01747	0.00929	0.02708	0.00760	0.00500	0.00424	0.00129	0.00588	0.00377	0.00303	0.04609
6	0.00675	0.00495	0.00617	0.00660	0.00742	0.00475	0.00472	0.04619	0.01038	0.01369	0.09738	0.44544	0.16220	0.04802	0.05042	0.02153	0.00352	0.05140	0.00431	0.00415
7	0.04414	0.16223	0.04302	0.05046	0.08213	0.04603	0.12439	0.22029	0.06211	0.03149	0.01061	0.04220	0.00861	0.00574	0.01676	0.00151	0.01795	0.00445	0.00326	0.02261

[dist]
# distance from previous block
# <min> <max>
0	1

[block]
# block no. 5 follows, 53 sequences, length 9
# corresponding to MSA columns:
# 223-231
name=unknown_F
#
# <colnr> <probs for GDERKNQSTAVLIFYWHMCP>
#	G	D	E	R	K	N	Q	S	T	A	V	L	I	F	Y	W	H	M	C	P
0	0.01059	0.04664	0.01496	0.21105	0.11310	0.08831	0.12767	0.04730	0.02493	0.01477	0.09049	0.06760	0.03854	0.02647	0.00559	0.01388	0.00559	0.00558	0.04131	0.00562
1	0.00601	0.00430	0.00575	0.00677	0.00716	0.00403	0.00468	0.00702	0.00953	0.01275	0.07038	0.72776	0.03209	0.01455	0.00611	0.00193	0.00286	0.06787	0.00448	0.00396
2	0.01060	0.05750	0.06421	0.05708	0.35173	0.04522	0.02733	0.01284	0.01023	0.03416	0.01356	0.08857	0.06045	0.08825	0.00699	0.00178	0.02525	0.00553	0.00279	0.03595
3	0.01283	0.01222	0.07089	0.07367	0.14793	0.04284	0.10142	0.15897	0.18029	0.05393	0.02597	0.05448	0.01087	0.00587	0.00520	0.00155	0.02533	0.00514	0.00362	0.00699
4	0.00738	0.00560	0.00689	0.00719	0.03363	0.00510	0.00511	0.00931	0.04581	0.04129	0.06738	0.29684	0.26702	0.01247	0.04127	0.00191	0.00343	0.04839	0.00424	0.08975
5	0.01328	0.75409	0.02390	0.00859	0.01252	0.09791	0.00828	0.01479	0.01009	0.01129	0.00672	0.00776	0.00614	0.00417	0.00319	0.00104	0.00546	0.00261	0.00209	0.00607
6	0.05323	0.01137	0.16863	0.07128	0.15090	0.00865	0.04477	0.02412	0.01081	0.08949	0.08370	0.06254	0.08775	0.03529	0.00570	0.00161	0.01961	0.00563	0.02228	0.04265
7	0.01246	0.01273	0.05697	0.10857	0.12877	0.18467	0.04314	0.04926	0.06101	0.07151	0.01508	0.06209	0.08818	0.00710	0.02326	0.00164	0.04233	0.00526	0.01992	0.00605
8	0.05398	0.00867	0.01033	0.00871	0.01166	0.00878	0.00692	0.05983	0.26402	0.38652	0.01901	0.11117	0.01455	0.00708	0.00489	0.00158	0.00387	0.00590	0.00522	0.00732

[dist]
# distance from previous block
# <min> <max>
0	1

[block]
# block no. 6 follows, 53 sequences, length 8
# corresponding to MSA columns:
# 233-240
name=unknown_G
#
# <colnr> <probs for GDERKNQSTAVLIFYWHMCP>
#	G	D	E	R	K	N	Q	S	T	A	V	L	I	F	Y	W	H	M	C	P
0	0.00742	0.00585	0.00814	0.00784	0.00831	0.00699	0.00589	0.00856	0.00750	0.01076	0.01285	0.05522	0.01319	0.22698	0.45113	0.00575	0.14512	0.00578	0.00265	0.00407
1	0.01353	0.36607	0.16693	0.01259	0.09753	0.24284	0.01093	0.01586	0.01100	0.01256	0.00746	0.00883	0.00628	0.00443	0.00387	0.00122	0.00653	0.00307	0.00219	0.00629
2	0.00685	0.00505	0.00731	0.00731	0.00803	0.00577	0.00551	0.00829	0.00757	0.01082	0.01314	0.02067	0.01277	0.15658	0.69347	0.00722	0.01156	0.00540	0.00261	0.00406
3	0.00655	0.00480	0.00686	0.00718	0.00780	0.00526	0.00528	0.00786	0.00805	0.01127	0.01693	0.25583	0.01812	0.09402	0.51430	0.00576	0.00922	0.00774	0.00313	0.00404
4	0.00689	0.00486	0.00637	0.00637	0.00676	0.00526	0.00433	0.00769	0.00729	0.01012	0.01401	0.02544	0.01484	0.46042	0.39247	0.00606	0.00845	0.00610	0.00274	0.00354
5	0.01020	0.01016	0.04047	0.09670	0.01562	0.07239	0.16267	0.04153	0.00960	0.01289	0.01055	0.07670	0.00990	0.05045	0.07403	0.10597	0.16336	0.00532	0.02649	0.00498
6	0.01128	0.01289	0.02820	0.02015	0.02498	0.01209	0.78485	0.01531	0.01128	0.01531	0.00967	0.01289	0.00725	0.00403	0.00564	0.00161	0.00806	0.00564	0.00242	0.00645
7	0.01165	0.00603	0.00804	0.00738	0.00933	0.00547	0.00595	0.01358	0.01252	0.27639	0.26301	0.09083	0.08846	0.00979	0.00560	0.00168	0.00336	0.17016	0.00517	0.00560

[dist]
# distance from previous block
# <min> <max>
0	5

[block]
# block no. 7 follows, 53 sequences, length 30
# corresponding to MSA columns:
# 246-257,259-263,266-278
name=unknown_H
#
# <colnr> <probs for GDERKNQSTAVLIFYWHMCP>
#	G	D	E	R	K	N	Q	S	T	A	V	L	I	F	Y	W	H	M	C	P
0	0.00926	0.00874	0.01477	0.75340	0.09820	0.01068	0.01339	0.01242	0.00967	0.01250	0.00854	0.01267	0.00647	0.00473	0.00477	0.00158	0.00631	0.00425	0.00214	0.00550
1	0.02329	0.02503	0.02548	0.01907	0.03096	0.18141	0.01877	0.13595	0.04822	0.03067	0.01094	0.02988	0.00959	0.06194	0.17684	0.00300	0.13081	0.00456	0.02795	0.00565
2	0.01278	0.83490	0.02505	0.00818	0.01227	0.01891	0.00818	0.01431	0.00971	0.01125	0.00664	0.00767	0.00613	0.00409	0.00307	0.00102	0.00511	0.00256	0.00204	0.00613
3	0.00689	0.00545	0.00636	0.00649	0.00757	0.03339	0.00488	0.00863	0.01190	0.01585	0.39587	0.19721	0.17059	0.01144	0.00580	0.00168	0.00286	0.09805	0.00475	0.00433
4	0.00739	0.00642	0.00691	0.03601	0.00894	0.08230	0.00553	0.00868	0.01033	0.01301	0.08846	0.45734	0.11966	0.01315	0.02403	0.00195	0.00379	0.09769	0.00419	0.00423
5	0.01198	0.14234	0.20748	0.01317	0.05973	0.11200	0.06548	0.04669	0.07081	0.01428	0.00905	0.02741	0.00756	0.00572	0.00688	0.00155	0.18498	0.00404	0.00252	0.00633
6	0.01542	0.05245	0.19050	0.01203	0.01575	0.43347	0.01091	0.14955	0.01392	0.01559	0.00855	0.00981	0.00671	0.00621	0.03731	0.00158	0.00773	0.00345	0.00275	0.00630
7	0.01121	0.03640	0.03022	0.13904	0.45003	0.05192	0.05087	0.01395	0.01070	0.01493	0.03996	0.01306	0.00903	0.00482	0.00502	0.00144	0.03495	0.00438	0.07148	0.00657
8	0.00608	0.00488	0.00545	0.00537	0.00681	0.00424	0.00408	0.00766	0.01173	0.01493	0.28311	0.04310	0.53123	0.01142	0.00568	0.00160	0.00245	0.04127	0.00470	0.00420
9	0.05088	0.01004	0.04348	0.00818	0.02541	0.04016	0.00666	0.03589	0.04193	0.04459	0.00927	0.01039	0.00742	0.00396	0.00374	0.00090	0.00402	0.00310	0.00303	0.64695
10	0.07240	0.32679	0.39253	0.01073	0.01611	0.01393	0.01242	0.04037	0.01039	0.05250	0.00830	0.00936	0.00637	0.00447	0.00390	0.00132	0.00589	0.00318	0.00237	0.00667
11	0.04152	0.00494	0.00508	0.00517	0.00666	0.00431	0.00383	0.00722	0.01068	0.01344	0.07460	0.13809	0.64405	0.01204	0.00559	0.00164	0.00251	0.01014	0.00441	0.00408
12	0.01101	0.03588	0.04942	0.15351	0.14656	0.04273	0.00935	0.11366	0.03190	0.04833	0.22215	0.01984	0.04854	0.00652	0.00489	0.00146	0.00463	0.00558	0.03801	0.00604
13	0.00800	0.00694	0.00834	0.00814	0.00906	0.08100	0.00626	0.00953	0.00816	0.01105	0.01219	0.01831	0.01154	0.08305	0.65587	0.00667	0.04399	0.00501	0.00255	0.00434
14	0.01031	0.13799	0.36337	0.03594	0.01633	0.01059	0.01162	0.02753	0.01017	0.01489	0.00831	0.00978	0.00648	0.00414	0.00397	0.00115	0.00544	0.00317	0.00237	0.31642
15	0.01118	0.02973	0.23310	0.10621	0.33622	0.08256	0.01383	0.01517	0.05692	0.01479	0.01009	0.05062	0.00844	0.00509	0.00469	0.00148	0.00613	0.00444	0.00249	0.00680
16	0.00974	0.00900	0.01265	0.04460	0.10006	0.02345	0.00932	0.01162	0.03238	0.01243	0.00930	0.01384	0.00862	0.04522	0.17851	0.00317	0.41677	0.00453	0.04957	0.00524
17	0.01142	0.01094	0.01867	0.14380	0.69092	0.01125	0.01447	0.01431	0.01069	0.01512	0.00892	0.01196	0.00740	0.00433	0.00474	0.00144	0.00578	0.00426	0.00233	0.00724
18	0.02422	0.24632	0.10758	0.16048	0.08365	0.11930	0.10063	0.02308	0.01044	0.01302	0.00793	0.01029	0.00650	0.00495	0.00511	0.02742	0.03717	0.00367	0.00223	0.00602
19	0.01165	0.05340	0.50077	0.01536	0.12382	0.13289	0.03340	0.04703	0.01124	0.01514	0.00852	0.01013	0.00639	0.00458	0.00451	0.00144	0.00699	0.00360	0.00225	0.00689
20	0.00645	0.00476	0.00596	0.00646	0.00724	0.00445	0.00457	0.03480	0.01075	0.01429	0.17387	0.51449	0.15064	0.01320	0.00591	0.00180	0.00275	0.02884	0.00460	0.00418
21	0.00697	0.00533	0.00646	0.00687	0.00800	0.00514	0.00521	0.02776	0.06661	0.01447	0.10590	0.31590	0.23192	0.01254	0.00592	0.00183	0.00308	0.16111	0.00455	0.00445
22	0.86579	0.00924	0.00702	0.00629	0.00924	0.01072	0.00518	0.01405	0.00813	0.02144	0.00666	0.00776	0.00518	0.00444	0.00296	0.00148	0.00370	0.00259	0.00296	0.00518
23	0.00604	0.00431	0.00574	0.00670	0.00703	0.00413	0.00456	0.00692	0.00898	0.01201	0.02466	0.69090	0.02921	0.07390	0.05781	0.00250	0.00360	0.04293	0.00421	0.00386
24	0.54400	0.00885	0.00811	0.00692	0.00983	0.00971	0.00565	0.08631	0.01078	0.14263	0.05913	0.01186	0.00946	0.00520	0.00361	0.00145	0.00371	0.00360	0.06340	0.00581
25	0.00774	0.00514	0.00648	0.00600	0.00742	0.00463	0.00455	0.00977	0.01306	0.08144	0.59865	0.03603	0.18119	0.00989	0.00557	0.00152	0.00243	0.00860	0.00516	0.00471
26	0.01336	0.00953	0.01029	0.00901	0.01152	0.05932	0.00724	0.15719	0.21873	0.14316	0.14502	0.02389	0.01919	0.00762	0.00513	0.00159	0.00418	0.11393	0.03349	0.00658
27	0.01286	0.73775	0.02376	0.00869	0.01241	0.05667	0.00839	0.01434	0.00973	0.01129	0.00665	0.00791	0.00614	0.00443	0.00402	0.00111	0.06306	0.00270	0.00207	0.00604
28	0.00770	0.00550	0.00770	0.00880	0.00990	0.00550	0.00770	0.00990	0.01100	0.01430	0.02531	0.05391	0.02751	0.01320	0.00660	0.00220	0.00440	0.77004	0.00440	0.00440
29	0.00777	0.00555	0.00761	0.00753	0.00861	0.00627	0.00580	0.01059	0.08293	0.03141	0.01480	0.07626	0.01363	0.02810	0.58573	0.00595	0.01006	0.00568	0.08105	0.00466

[dist]
# distance from previous block
# <min> <max>
0	1

[block]
# block no. 8 follows, 53 sequences, length 8
# corresponding to MSA columns:
# 280-287
name=unknown_I
#
# <colnr> <probs for GDERKNQSTAVLIFYWHMCP>
#	G	D	E	R	K	N	Q	S	T	A	V	L	I	F	Y	W	H	M	C	P
0	0.06721	0.00732	0.01074	0.49065	0.02245	0.00845	0.00953	0.01068	0.01007	0.01348	0.06919	0.02291	0.22496	0.00707	0.00494	0.00159	0.00485	0.00600	0.00301	0.00490
1	0.01165	0.25035	0.11917	0.00926	0.05399	0.01036	0.00824	0.01409	0.01173	0.14522	0.26656	0.01906	0.01998	0.00635	0.00448	0.00134	0.00420	0.00519	0.03271	0.00608
2	0.00725	0.04640	0.00762	0.00745	0.00871	0.00578	0.00611	0.00931	0.03727	0.01350	0.02918	0.18181	0.20735	0.01367	0.04523	0.00221	0.00407	0.35845	0.00423	0.00441
3	0.00816	0.00648	0.01037	0.00980	0.04971	0.00596	0.13573	0.00991	0.01062	0.06657	0.08044	0.35589	0.18745	0.01099	0.00576	0.00174	0.00382	0.03159	0.00415	0.00487
4	0.01087	0.02254	0.67847	0.01346	0.02003	0.01112	0.05114	0.06107	0.01109	0.06260	0.00940	0.01066	0.00657	0.00467	0.00462	0.00151	0.00683	0.00375	0.00243	0.00716
5	0.01137	0.05833	0.16800	0.01938	0.31044	0.03751	0.14029	0.03427	0.08434	0.01556	0.01015	0.01238	0.00808	0.00672	0.06065	0.00189	0.00670	0.00439	0.00260	0.00693
6	0.15482	0.09611	0.11508	0.10037	0.13864	0.07917	0.07101	0.14412	0.01232	0.03292	0.00879	0.01046	0.00674	0.00468	0.00430	0.00142	0.00587	0.00375	0.00285	0.00657
7	0.05146	0.00920	0.07090	0.06177	0.09362	0.00859	0.00826	0.16416	0.01275	0.01779	0.11683	0.20666	0.08612	0.00893	0.00553	0.00164	0.02693	0.03927	0.00393	0.00565

[dist]
# distance from previous block
# <min> <max>
1	16

[block]
# block no. 9 follows, 53 sequences, length 19
# corresponding to MSA columns:
# 304-321,325
name=unknown_J
#
# <colnr> <probs for GDERKNQSTAVLIFYWHMCP>
#	G	D	E	R	K	N	Q	S	T	A	V	L	I	F	Y	W	H	M	C	P
0	0.00848	0.00683	0.01032	0.27986	0.08349	0.00723	0.01887	0.01068	0.01067	0.05582	0.11728	0.14413	0.17085	0.00875	0.00535	0.00165	0.00431	0.04670	0.00364	0.00506
1	0.03737	0.10400	0.31872	0.09769	0.08163	0.11778	0.01289	0.06382	0.04224	0.01527	0.00874	0.01038	0.00672	0.00474	0.00458	0.00140	0.02426	0.00358	0.00247	0.04172
2	0.01195	0.15428	0.11199	0.04237	0.01347	0.08117	0.02018	0.08387	0.08963	0.08056	0.07191	0.01905	0.09350	0.00871	0.06380	0.00190	0.00561	0.03640	0.00354	0.00611
3	0.00625	0.00483	0.00577	0.00578	0.00701	0.00434	0.00434	0.00791	0.01168	0.01537	0.34707	0.12150	0.35458	0.01231	0.03288	0.00183	0.00283	0.04480	0.00471	0.00424
4	0.00874	0.01699	0.46470	0.01249	0.06567	0.00901	0.05533	0.01279	0.01067	0.01521	0.11317	0.07336	0.10810	0.00676	0.00499	0.00155	0.00558	0.00580	0.00292	0.00616
5	0.08134	0.01414	0.06521	0.20256	0.08618	0.17547	0.03844	0.21129	0.01393	0.05304	0.00943	0.01110	0.00703	0.00499	0.00455	0.00145	0.00628	0.00392	0.00313	0.00653
6	0.01385	0.33060	0.09875	0.01181	0.08743	0.20692	0.00976	0.04396	0.04251	0.05547	0.00958	0.05174	0.00829	0.00516	0.00405	0.00127	0.00599	0.00380	0.00271	0.00634
7	0.00699	0.00532	0.00785	0.03688	0.00922	0.00617	0.00607	0.00866	0.00801	0.01146	0.05449	0.02006	0.01373	0.08273	0.67392	0.00682	0.02932	0.00537	0.00270	0.00425
8	0.01136	0.01186	0.06829	0.11998	0.66404	0.01125	0.01469	0.01441	0.01068	0.01519	0.00891	0.01183	0.00734	0.00434	0.00473	0.00145	0.00585	0.00421	0.00232	0.00728
9	0.01139	0.01299	0.09695	0.10867	0.47501	0.06957	0.08236	0.01442	0.01080	0.01472	0.00973	0.05361	0.00840	0.00492	0.00484	0.00148	0.00617	0.00470	0.00242	0.00684
10	0.00699	0.00529	0.00774	0.00765	0.00839	0.00621	0.00587	0.00851	0.00760	0.01094	0.01274	0.01960	0.01222	0.10899	0.70674	0.00717	0.04535	0.00525	0.00257	0.00418
11	0.00589	0.00476	0.00527	0.00558	0.00686	0.00414	0.00417	0.00713	0.01061	0.01303	0.05916	0.20707	0.55901	0.01273	0.00582	0.00173	0.00266	0.07589	0.00445	0.00405
12	0.01025	0.00870	0.01009	0.00724	0.01147	0.00672	0.00580	0.04376	0.01043	0.01617	0.00862	0.00998	0.00712	0.00363	0.00359	0.00074	0.00361	0.00289	0.00291	0.82629
13	0.01112	0.01074	0.01839	0.17642	0.54166	0.01111	0.06434	0.01402	0.01050	0.01483	0.00883	0.01193	0.00726	0.00443	0.00507	0.00145	0.03042	0.00427	0.00234	0.05088
14	0.01107	0.03024	0.39261	0.01301	0.09681	0.01062	0.01277	0.12574	0.05917	0.03756	0.04192	0.01546	0.08613	0.00571	0.00470	0.00147	0.00559	0.00464	0.00311	0.04168
15	0.00641	0.00461	0.00542	0.00565	0.00669	0.00421	0.00409	0.00789	0.01077	0.01469	0.20282	0.26329	0.28585	0.01223	0.02890	0.00179	0.00276	0.00988	0.11789	0.00416
16	0.00805	0.00581	0.00735	0.03457	0.02612	0.00574	0.00545	0.08771	0.01142	0.02721	0.15718	0.25498	0.18150	0.01279	0.03894	0.09178	0.00366	0.03107	0.00419	0.00449
17	0.01151	0.01208	0.04797	0.31570	0.38788	0.09486	0.01357	0.03382	0.01094	0.01431	0.00869	0.01175	0.00694	0.00457	0.00470	0.00147	0.00628	0.00410	0.00234	0.00653
18	0.01170	0.01214	0.14327	0.30537	0.11036	0.04328	0.03993	0.01467	0.01030	0.12822	0.01014	0.01297	0.00768	0.02629	0.02781	0.00181	0.08082	0.00430	0.00274	0.00621

[dist]
# distance from previous block
# <min> <max>
2	8

[block]
# block no. 10 follows, 53 sequences, length 10
# corresponding to MSA columns:
# 334-343
name=unknown_K
#
# <colnr> <probs for GDERKNQSTAVLIFYWHMCP>
#	G	D	E	R	K	N	Q	S	T	A	V	L	I	F	Y	W	H	M	C	P
0	0.00862	0.00581	0.00702	0.00617	0.00820	0.00494	0.00473	0.01043	0.01197	0.10815	0.32218	0.07116	0.25473	0.00924	0.00522	0.00142	0.00275	0.00791	0.00466	0.14469
1	0.06914	0.01065	0.01774	0.09308	0.54113	0.01107	0.06527	0.01400	0.01045	0.01542	0.00977	0.01437	0.00852	0.00507	0.00531	0.00153	0.04416	0.05399	0.00251	0.00682
2	0.03930	0.01134	0.01693	0.10640	0.52386	0.03893	0.01274	0.07882	0.04738	0.01671	0.00946	0.01182	0.00766	0.00452	0.00461	0.00140	0.00555	0.00414	0.00270	0.05573
3	0.01004	0.00912	0.01364	0.09373	0.22835	0.00863	0.04571	0.01244	0.00987	0.01457	0.00942	0.02993	0.00814	0.00749	0.08422	0.00180	0.03662	0.00401	0.00260	0.36966
4	0.00897	0.00551	0.00629	0.00572	0.00770	0.00470	0.00442	0.01043	0.01178	0.17322	0.13512	0.03874	0.54844	0.01057	0.00548	0.00157	0.00273	0.00885	0.00484	0.00492
5	0.01020	0.00912	0.01260	0.09799	0.08489	0.02781	0.03854	0.06205	0.02968	0.01455	0.04902	0.05293	0.04289	0.04378	0.02158	0.00192	0.29454	0.00531	0.09519	0.00541
6	0.01308	0.25918	0.16125	0.03586	0.10425	0.13448	0.02368	0.01591	0.03041	0.09020	0.01034	0.01331	0.00860	0.00591	0.02336	0.00151	0.00615	0.05332	0.00276	0.00643
7	0.03021	0.00998	0.01255	0.01097	0.05719	0.01075	0.03758	0.27135	0.09359	0.16729	0.04241	0.01626	0.02336	0.00943	0.09061	0.00218	0.05868	0.02291	0.02574	0.00696
8	0.00603	0.00425	0.00548	0.00639	0.00662	0.00402	0.00415	0.00671	0.00875	0.01166	0.02427	0.68240	0.02900	0.16505	0.00945	0.00244	0.00311	0.01237	0.00415	0.00370
9	0.06482	0.01099	0.03246	0.15648	0.17636	0.07119	0.02645	0.06472	0.07450	0.05819	0.02537	0.01236	0.00860	0.00476	0.00438	0.00132	0.00516	0.00400	0.01930	0.17861

[dist]
# distance from previous block
# <min> <max>
6	12

[block]
# block no. 11 follows, 53 sequences, length 32
# corresponding to MSA columns:
# 505-524,526-537
name=unknown_L
#
# <colnr> <probs for GDERKNQSTAVLIFYWHMCP>
#	G	D	E	R	K	N	Q	S	T	A	V	L	I	F	Y	W	H	M	C	P
0	0.03224	0.00726	0.03063	0.00739	0.00982	0.00632	0.00594	0.05359	0.01286	0.28886	0.29783	0.07129	0.02452	0.06557	0.00642	0.00168	0.00348	0.00661	0.00494	0.06274
1	0.01303	0.06140	0.07873	0.04774	0.01315	0.13033	0.00820	0.12947	0.09953	0.09560	0.01316	0.09950	0.01146	0.03815	0.02892	0.09046	0.00544	0.00517	0.00354	0.02702
2	0.00840	0.00840	0.06646	0.08939	0.01322	0.03016	0.06198	0.02834	0.00901	0.01255	0.05228	0.01796	0.01214	0.08712	0.41389	0.00491	0.07118	0.00514	0.00265	0.00482
3	0.00659	0.00480	0.00614	0.00598	0.00698	0.00447	0.00437	0.00844	0.01221	0.01699	0.57917	0.11650	0.10120	0.06907	0.03410	0.00198	0.00284	0.00903	0.00485	0.00429
4	0.01169	0.01121	0.01914	0.06951	0.76315	0.01132	0.01460	0.01454	0.01082	0.01544	0.00897	0.01188	0.00751	0.00429	0.00473	0.00143	0.00571	0.00426	0.00235	0.00746
5	0.02927	0.02481	0.23281	0.01289	0.10027	0.09387	0.05321	0.11423	0.01147	0.05045	0.00995	0.01329	0.00823	0.07819	0.02706	0.12087	0.00619	0.00422	0.00277	0.00595
6	0.01080	0.01202	0.13075	0.01201	0.01510	0.05381	0.18401	0.07945	0.01152	0.05150	0.05995	0.08035	0.06660	0.00911	0.06301	0.00205	0.09341	0.02677	0.03195	0.00583
7	0.00683	0.00512	0.00768	0.00768	0.00853	0.00597	0.00597	0.00853	0.00768	0.01110	0.01280	0.01878	0.01195	0.03585	0.81308	0.00768	0.01280	0.00512	0.00256	0.00427
8	0.00588	0.00439	0.00547	0.00617	0.00685	0.00398	0.00426	0.00695	0.01002	0.01310	0.11332	0.56511	0.20955	0.01376	0.00595	0.00182	0.00264	0.01226	0.00452	0.00398
9	0.01266	0.06954	0.07232	0.07171	0.17984	0.14065	0.18060	0.05381	0.01146	0.04302	0.00965	0.03767	0.00808	0.02438	0.00601	0.00156	0.06344	0.00458	0.00264	0.00637
10	0.01153	0.09137	0.13431	0.04310	0.02230	0.03606	0.51311	0.01528	0.01101	0.04135	0.00982	0.03062	0.00763	0.00447	0.00516	0.00153	0.00735	0.00509	0.00248	0.00644
11	0.00640	0.00455	0.00544	0.00574	0.00619	0.00430	0.00371	0.00714	0.00907	0.01205	0.13348	0.28676	0.12468	0.35338	0.01355	0.00296	0.00343	0.00969	0.00391	0.00358
12	0.01128	0.16186	0.31342	0.01124	0.01561	0.11539	0.06357	0.04290	0.01074	0.01440	0.00945	0.01147	0.00753	0.00810	0.09383	0.00204	0.00706	0.00374	0.09026	0.00612
13	0.06596	0.06397	0.08488	0.05275	0.11532	0.14019	0.00945	0.07549	0.06692	0.03597	0.01327	0.01528	0.06443	0.00595	0.00519	0.00145	0.06220	0.02542	0.08984	0.00609
14	0.00680	0.00514	0.00681	0.00799	0.03678	0.00487	0.00602	0.00837	0.01038	0.01337	0.03005	0.30078	0.19514	0.01321	0.00617	0.00196	0.00349	0.33404	0.00435	0.00427
15	0.02020	0.00802	0.01081	0.00838	0.01188	0.00704	0.00688	0.04320	0.01391	0.72228	0.08008	0.01767	0.01435	0.00621	0.00487	0.00148	0.00396	0.00509	0.00583	0.00785
16	0.01049	0.00886	0.01022	0.00742	0.01158	0.00710	0.00594	0.06006	0.03979	0.01663	0.00909	0.01030	0.00742	0.00378	0.00367	0.00079	0.00365	0.00302	0.00303	0.77717
17	0.03878	0.15550	0.09229	0.01113	0.01434	0.47203	0.00947	0.04562	0.06689	0.01365	0.00860	0.00960	0.00696	0.00489	0.00412	0.00126	0.00710	0.00327	0.02851	0.00598
18	0.00683	0.00512	0.00768	0.00768	0.00853	0.00597	0.00597	0.00853	0.00768	0.01110	0.01280	0.01878	0.01195	0.03585	0.81308	0.00768	0.01280	0.00512	0.00256	0.00427
19	0.00671	0.00500	0.00652	0.00705	0.00804	0.00450	0.00513	0.00794	0.00955	0.01302	0.02360	0.58870	0.02741	0.01304	0.00581	0.00180	0.00314	0.13067	0.00420	0.12818
20	0.01162	0.00819	0.02894	0.02579	0.01105	0.00832	0.00690	0.15679	0.12811	0.11330	0.01947	0.08721	0.08399	0.01269	0.14036	0.00260	0.00543	0.05966	0.08358	0.00600
21	0.00959	0.02472	0.80726	0.01362	0.02069	0.01110	0.01766	0.01514	0.01009	0.01514	0.00858	0.01009	0.00605	0.00454	0.00454	0.00151	0.00706	0.00353	0.00202	0.00706
22	0.01029	0.01882	0.47302	0.01324	0.03610	0.03948	0.10632	0.04767	0.06498	0.01598	0.05049	0.01429	0.03505	0.03344	0.00545	0.00162	0.00636	0.00454	0.01624	0.00662
23	0.00686	0.00500	0.00705	0.00705	0.00769	0.00563	0.00519	0.00813	0.00750	0.01063	0.01338	0.02196	0.01333	0.23858	0.61224	0.00691	0.01072	0.00559	0.00265	0.00392
24	0.01111	0.11267	0.11953	0.03240	0.24524	0.03892	0.01035	0.03926	0.08027	0.03678	0.09357	0.01630	0.01289	0.09355	0.00715	0.03082	0.00516	0.00477	0.00303	0.00624
25	0.15544	0.03663	0.01018	0.00791	0.01098	0.06986	0.00644	0.01894	0.01238	0.45996	0.09232	0.01603	0.01343	0.00589	0.00439	0.00142	0.00409	0.00459	0.06232	0.00678
26	0.00882	0.00747	0.03177	0.00983	0.05766	0.00706	0.07588	0.03557	0.12310	0.04285	0.16806	0.25569	0.07976	0.03598	0.00615	0.00178	0.00380	0.03912	0.00429	0.00534
27	0.00789	0.00616	0.00730	0.00739	0.00877	0.01699	0.00583	0.03870	0.10686	0.01587	0.18922	0.13977	0.16706	0.02471	0.02603	0.00198	0.00362	0.21649	0.00457	0.00480
28	0.01196	0.43012	0.13578	0.00981	0.02304	0.01404	0.05900	0.05876	0.01045	0.03527	0.02527	0.01051	0.00772	0.00582	0.00542	0.09649	0.00530	0.00344	0.01996	0.03183
29	0.00958	0.11894	0.13131	0.09549	0.09774	0.01042	0.12441	0.01228	0.00943	0.01308	0.01058	0.04160	0.00947	0.06816	0.16692	0.00292	0.03396	0.00481	0.03328	0.00562
30	0.22793	0.07691	0.01088	0.02421	0.04212	0.14003	0.02334	0.01383	0.02643	0.06082	0.01553	0.07955	0.11908	0.00639	0.00419	0.00136	0.00459	0.00496	0.00327	0.11460
31	0.31565	0.00923	0.04039	0.05446	0.01184	0.03535	0.03268	0.01270	0.03900	0.01707	0.04360	0.07007	0.07729	0.01540	0.00434	0.00143	0.00408	0.02843	0.00324	0.18376

[dist]
# distance from previous block
# <min> <max>
13	89

[block]
# block no. 12 follows, 53 sequences, length 6
# corresponding to MSA columns:
# 628-633
name=unknown_M
#
# <colnr> <probs for GDERKNQSTAVLIFYWHMCP>
#	G	D	E	R	K	N	Q	S	T	A	V	L	I	F	Y	W	H	M	C	P
0	0.55739	0.05604	0.18703	0.00875	0.01279	0.01115	0.04441	0.01473	0.00902	0.05051	0.00771	0.00885	0.00578	0.00448	0.00351	0.00147	0.00474	0.00303	0.00279	0.00582
1	0.00604	0.00467	0.00551	0.00570	0.00680	0.00414	0.00412	0.00746	0.01122	0.01463	0.27176	0.25968	0.35675	0.01219	0.00577	0.00167	0.00247	0.01062	0.00469	0.00414
2	0.04686	0.01103	0.01683	0.22049	0.37202	0.05006	0.07106	0.05280	0.05065	0.01587	0.03971	0.01301	0.00890	0.00481	0.00476	0.00148	0.00584	0.00446	0.00270	0.00664
3	0.00681	0.00495	0.00676	0.00691	0.00774	0.00525	0.00523	0.00835	0.00899	0.01254	0.10420	0.09066	0.08173	0.11318	0.41118	0.00502	0.00803	0.07402	0.03433	0.00411
4	0.01052	0.00746	0.00908	0.06905	0.01116	0.04062	0.04414	0.06447	0.07250	0.06703	0.01558	0.06460	0.03350	0.04875	0.09627	0.00226	0.02753	0.00539	0.30483	0.00527
5	0.01011	0.05033	0.19538	0.06267	0.01483	0.08545	0.05031	0.06204	0.05546	0.01416	0.01286	0.06539	0.02710	0.06672	0.18666	0.00310	0.00754	0.02145	0.00285	0.00562

[dist]
# distance from previous block
# <min> <max>
0	5

[block]
# block no. 13 follows, 53 sequences, length 20
# corresponding to MSA columns:
# 639-658
name=unknown_N
#
# <colnr> <probs for GDERKNQSTAVLIFYWHMCP>
#	G	D	E	R	K	N	Q	S	T	A	V	L	I	F	Y	W	H	M	C	P
0	0.01368	0.01259	0.01475	0.04632	0.32998	0.15861	0.01069	0.09552	0.09473	0.07702	0.04257	0.01509	0.05611	0.00558	0.00477	0.00143	0.00556	0.00471	0.00338	0.00690
1	0.05825	0.15287	0.06775	0.11129	0.09388	0.12620	0.03241	0.07801	0.04998	0.04078	0.03424	0.09624	0.01085	0.00595	0.00447	0.00142	0.00552	0.00485	0.00305	0.02198
2	0.04342	0.09656	0.26258	0.01493	0.15603	0.04062	0.07744	0.06806	0.07846	0.02563	0.03332	0.01279	0.02987	0.00506	0.00470	0.00144	0.01717	0.00424	0.00282	0.02486
3	0.00819	0.00475	0.02782	0.00646	0.00672	0.00438	0.00457	0.00663	0.00671	0.00905	0.03837	0.03591	0.01028	0.01638	0.03378	0.76649	0.00430	0.00456	0.00226	0.00239
4	0.00992	0.03171	0.02778	0.07121	0.10964	0.04778	0.07784	0.02600	0.13175	0.01511	0.12607	0.02149	0.10318	0.08120	0.01952	0.00194	0.08283	0.00596	0.00343	0.00565
5	0.00967	0.00900	0.01173	0.02277	0.01177	0.02927	0.04017	0.02331	0.16360	0.01392	0.02720	0.20106	0.04553	0.00970	0.02074	0.00196	0.34289	0.00692	0.00338	0.00541
6	0.00644	0.00464	0.00576	0.00607	0.00701	0.00418	0.00433	0.00781	0.01098	0.03364	0.26162	0.38421	0.22070	0.01251	0.00582	0.00172	0.00257	0.01106	0.00472	0.00421
7	0.07604	0.00665	0.00690	0.00610	0.00803	0.00693	0.00480	0.12338	0.04258	0.09118	0.01478	0.01602	0.01118	0.00557	0.00371	0.00124	0.00300	0.00436	0.56207	0.00549
8	0.05036	0.01111	0.01308	0.04712	0.14779	0.06570	0.00911	0.16584	0.17912	0.22105	0.01435	0.03159	0.01053	0.00574	0.00472	0.00149	0.00487	0.00470	0.00433	0.00741
9	0.00594	0.00475	0.00511	0.00518	0.00640	0.00414	0.00370	0.00705	0.01044	0.01293	0.11091	0.12296	0.54907	0.12037	0.00816	0.00204	0.00273	0.00990	0.00431	0.00391
10	0.01042	0.17449	0.59430	0.01224	0.01831	0.04722	0.01499	0.01490	0.01031	0.01443	0.04068	0.01063	0.00768	0.00469	0.00430	0.00141	0.00657	0.00354	0.00218	0.00672
11	0.07645	0.49938	0.24166	0.00980	0.01454	0.06193	0.01066	0.01480	0.00992	0.01313	0.00723	0.00841	0.00604	0.00429	0.00354	0.00121	0.00575	0.00286	0.00213	0.00629
12	0.00586	0.00443	0.00528	0.00591	0.00662	0.00400	0.00403	0.00675	0.00957	0.01220	0.03299	0.49168	0.29518	0.08317	0.00749	0.00206	0.00281	0.01182	0.00431	0.00385
13	0.07610	0.00546	0.00594	0.00572	0.00700	0.00565	0.00426	0.04270	0.00978	0.03392	0.01843	0.05343	0.10264	0.11404	0.13879	0.00276	0.00458	0.00573	0.35862	0.00446
14	0.00997	0.00623	0.00765	0.00718	0.00843	0.00654	0.00529	0.01293	0.12795	0.12503	0.01669	0.03830	0.01565	0.30220	0.15525	0.00376	0.02109	0.06347	0.06154	0.00487
15	0.00585	0.00474	0.00519	0.00532	0.00664	0.00408	0.00390	0.00715	0.01101	0.01374	0.15834	0.17348	0.55943	0.01223	0.00572	0.00165	0.00245	0.01045	0.00456	0.00408
16	0.01482	0.01144	0.01379	0.01098	0.01420	0.01250	0.07398	0.50431	0.08999	0.02450	0.01351	0.06981	0.01105	0.00941	0.08424	0.00213	0.00591	0.02190	0.00434	0.00718
17	0.00722	0.00617	0.00784	0.10041	0.07015	0.00607	0.00619	0.00990	0.07235	0.01442	0.13405	0.07342	0.42314	0.01012	0.00548	0.00162	0.00330	0.03921	0.00416	0.00479
18	0.07578	0.10519	0.06001	0.33355	0.05417	0.10140	0.01043	0.01335	0.02624	0.01346	0.01209	0.01436	0.07941	0.00556	0.00492	0.00147	0.04433	0.00432	0.03443	0.00551
19	0.14003	0.07820	0.10459	0.03472	0.13526	0.12741	0.12132	0.02723	0.02771	0.01550	0.00932	0.02698	0.00788	0.00502	0.00468	0.00142	0.02799	0.03082	0.00264	0.07129

[dist]
# distance from previous block
# <min> <max>
7	12

[block]
# block no. 14 follows, 53 sequences, length 10
# corresponding to MSA columns:
# 674-683
name=unknown_O
#
# <colnr> <probs for GDERKNQSTAVLIFYWHMCP>
#	G	D	E	R	K	N	Q	S	T	A	V	L	I	F	Y	W	H	M	C	P
0	0.01262	0.01533	0.10421	0.06922	0.07407	0.25802	0.07858	0.03659	0.15994	0.01533	0.06373	0.01576	0.06407	0.00585	0.00481	0.00146	0.00620	0.00482	0.00320	0.00621
1	0.58631	0.15339	0.06469	0.00764	0.01103	0.08320	0.00689	0.01461	0.00902	0.01840	0.00685	0.00798	0.00549	0.00443	0.00320	0.00138	0.00460	0.00269	0.00269	0.00550
2	0.00847	0.00737	0.01058	0.00901	0.01119	0.00713	0.13912	0.07920	0.07860	0.01586	0.08509	0.16156	0.30870	0.01003	0.00562	0.00167	0.00390	0.04754	0.00421	0.00514
3	0.01085	0.00905	0.01042	0.00753	0.01173	0.00733	0.00605	0.10024	0.01134	0.01723	0.00883	0.01009	0.00720	0.00379	0.00368	0.00079	0.00374	0.00300	0.00305	0.76405
4	0.01129	0.01184	0.10266	0.06605	0.06479	0.09648	0.06839	0.13137	0.04329	0.04056	0.04928	0.15085	0.07393	0.05991	0.00633	0.00176	0.00526	0.00655	0.00355	0.00586
5	0.18351	0.00767	0.00824	0.00741	0.00932	0.03253	0.00575	0.08686	0.00984	0.01597	0.01179	0.06226	0.01096	0.08588	0.26611	0.00366	0.02440	0.00478	0.06067	0.10240
6	0.00647	0.00471	0.00636	0.00674	0.00732	0.00489	0.00481	0.00762	0.00854	0.01168	0.05386	0.29086	0.06220	0.15842	0.31981	0.00457	0.00694	0.02680	0.00349	0.00391
7	0.01039	0.00970	0.05598	0.11524	0.25587	0.00910	0.05099	0.05771	0.03398	0.01600	0.03884	0.01625	0.02377	0.06978	0.00608	0.00162	0.00492	0.01519	0.12675	0.08182
8	0.00670	0.00488	0.00562	0.00585	0.00659	0.00463	0.00414	0.00754	0.00903	0.01146	0.02760	0.04062	0.26324	0.40449	0.01478	0.00318	0.00390	0.16848	0.00369	0.00357
9	0.03320	0.18250	0.08645	0.05204	0.10231	0.05428	0.11496	0.06051	0.10646	0.05192	0.01119	0.04376	0.00933	0.00554	0.00510	0.00147	0.04656	0.02288	0.00301	0.00653

[dist]
# distance from previous block
# <min> <max>
0	3

[block]
# block no. 15 follows, 53 sequences, length 27
# corresponding to MSA columns:
# 687-706,829-835
name=unknown_P
#
# <colnr> <probs for GDERKNQSTAVLIFYWHMCP>
#	G	D	E	R	K	N	Q	S	T	A	V	L	I	F	Y	W	H	M	C	P
0	0.01174	0.03265	0.19043	0.01489	0.17640	0.15173	0.04747	0.07035	0.06566	0.01544	0.01450	0.05292	0.09023	0.00721	0.03598	0.00171	0.00625	0.00507	0.00296	0.00639
1	0.01226	0.06804	0.12288	0.04318	0.06328	0.06052	0.04739	0.10915	0.07284	0.10002	0.04192	0.05466	0.08964	0.00741	0.03355	0.00166	0.00535	0.00530	0.00359	0.05736
2	0.01011	0.02999	0.23544	0.01166	0.02687	0.00976	0.10966	0.08499	0.06429	0.03291	0.06786	0.14987	0.04505	0.01750	0.00606	0.00168	0.05482	0.03201	0.00341	0.00607
3	0.00665	0.00487	0.00633	0.00719	0.00792	0.00471	0.00541	0.00837	0.03712	0.01319	0.04302	0.45215	0.09444	0.04613	0.00688	0.00208	0.00333	0.24167	0.00440	0.00415
4	0.01002	0.07267	0.18010	0.02786	0.06200	0.03037	0.00958	0.10698	0.03556	0.01574	0.05159	0.12658	0.02531	0.05602	0.07066	0.00227	0.00568	0.10193	0.00337	0.00573
5	0.01841	0.01301	0.01411	0.01082	0.01463	0.01426	0.00893	0.73083	0.02183	0.08647	0.01201	0.01182	0.00840	0.00575	0.00478	0.00144	0.00517	0.00434	0.00486	0.00813
6	0.00695	0.00463	0.00521	0.00521	0.00521	0.00463	0.00290	0.00695	0.00695	0.00927	0.01506	0.03128	0.01738	0.83203	0.02433	0.00463	0.00463	0.00695	0.00290	0.00290
7	0.00634	0.00489	0.00581	0.00564	0.00697	0.00435	0.00428	0.00817	0.01235	0.01641	0.46142	0.04064	0.35362	0.01086	0.00568	0.00158	0.00241	0.03936	0.00489	0.00431
8	0.01667	0.01316	0.01347	0.01077	0.01426	0.05690	0.00873	0.56591	0.20365	0.02675	0.01314	0.01282	0.00954	0.00587	0.00478	0.00147	0.00509	0.00450	0.00468	0.00786
