[name]
unknown

[dist]
# distance from previous block
# <min> <max>
0	25

[block]
# block no. 0 follows, 63 sequences, length 137
# corresponding to MSA columns:
# 79-89,93-97,105-175,182-231
name=unknown_A
#
# <colnr> <probs for GDERKNQSTAVLIFYWHMCP>
#	G	D	E	R	K	N	Q	S	T	A	V	L	I	F	Y	W	H	M	C	P
0	0.00677	0.00484	0.00677	0.00774	0.00871	0.00484	0.00677	0.00871	0.00968	0.01258	0.02226	0.04742	0.02419	0.01161	0.00581	0.00194	0.00387	0.79775	0.00387	0.00387
1	0.00872	0.00747	0.00872	0.00623	0.00996	0.00560	0.00498	0.01058	0.00872	0.01370	0.00747	0.00872	0.00623	0.00311	0.00311	0.00062	0.00311	0.00249	0.00249	0.87796
2	0.00601	0.00449	0.00666	0.00666	0.00738	0.00520	0.00514	0.00745	0.00673	0.00969	0.01135	0.01699	0.01071	0.06674	0.80067	0.00664	0.01095	0.00457	0.00226	0.00370
3	0.01886	0.00715	0.00976	0.00748	0.01073	0.00618	0.00618	0.02049	0.01203	0.82895	0.01658	0.01431	0.01041	0.00520	0.00423	0.00130	0.00358	0.00423	0.00520	0.00715
4	0.01570	0.02004	0.01191	0.01083	0.01300	0.83539	0.00812	0.01679	0.01191	0.01029	0.00650	0.00758	0.00541	0.00433	0.00379	0.00108	0.00758	0.00271	0.00217	0.00487
5	0.00995	0.01122	0.02399	0.01723	0.02138	0.01062	0.76804	0.01394	0.05288	0.01368	0.00896	0.01157	0.00672	0.00366	0.00492	0.00142	0.00689	0.00495	0.00224	0.00572
6	0.00862	0.00737	0.00861	0.00622	0.00985	0.00554	0.00495	0.01045	0.00870	0.01362	0.00791	0.03212	0.00683	0.00339	0.00318	0.00065	0.00309	0.00275	0.00253	0.85362
7	0.01517	0.01134	0.01207	0.00944	0.01258	0.02391	0.00772	0.72697	0.04923	0.02507	0.01102	0.05615	0.00847	0.00551	0.00427	0.00129	0.00450	0.00425	0.00416	0.00689
8	0.00595	0.00430	0.00562	0.00529	0.00628	0.00397	0.00397	0.00793	0.01190	0.01686	0.82382	0.03140	0.03966	0.00859	0.00496	0.00132	0.00198	0.00760	0.00463	0.00397
9	0.02983	0.00945	0.01372	0.01136	0.01226	0.02719	0.10893	0.01175	0.06351	0.03210	0.00716	0.01016	0.00637	0.00722	0.03339	0.00185	0.60276	0.00390	0.00216	0.00492
10	0.00506	0.00426	0.00439	0.00436	0.00574	0.00359	0.00327	0.00622	0.00980	0.01188	0.11747	0.03959	0.74912	0.01045	0.00497	0.00141	0.00212	0.00875	0.00397	0.00359
11	0.01276	0.01018	0.01080	0.00902	0.01181	0.01153	0.00721	0.35223	0.48480	0.02131	0.01418	0.01335	0.01046	0.00543	0.00425	0.00136	0.00387	0.00435	0.00425	0.00686
12	0.00984	0.44084	0.42376	0.00957	0.01447	0.01322	0.01134	0.01295	0.00871	0.01159	0.00669	0.00780	0.00536	0.00379	0.00334	0.00111	0.00535	0.00267	0.00179	0.00580
13	0.00512	0.00366	0.00488	0.00585	0.00610	0.00341	0.00390	0.00585	0.00805	0.01073	0.02317	0.84952	0.02780	0.01317	0.00537	0.00171	0.00244	0.01195	0.00390	0.00341
14	0.02329	0.00926	0.00973	0.00861	0.01108	0.01067	0.00674	0.09176	0.73659	0.01839	0.01633	0.01507	0.01221	0.00562	0.00425	0.00141	0.00344	0.00463	0.00425	0.00667
15	0.01057	0.53254	0.26931	0.00888	0.01317	0.05411	0.00978	0.01331	0.03370	0.01120	0.00674	0.00771	0.00560	0.00382	0.00320	0.00106	0.00514	0.00261	0.00189	0.00566
16	0.00949	0.33472	0.52675	0.01018	0.01541	0.01234	0.01240	0.01304	0.00875	0.01203	0.00691	0.00807	0.00535	0.00384	0.00351	0.00117	0.00557	0.00278	0.00178	0.00591
17	0.01506	0.01855	0.01154	0.01043	0.01254	0.73742	0.00785	0.05587	0.01194	0.01102	0.00706	0.00861	0.00598	0.02825	0.03890	0.00141	0.00749	0.00293	0.00228	0.00488
18	0.00590	0.00427	0.00542	0.00516	0.00618	0.00391	0.00386	0.00776	0.01150	0.01617	0.70745	0.04912	0.11338	0.00877	0.00491	0.00133	0.00201	0.00770	0.03129	0.00391
19	0.01040	0.00999	0.01706	0.02580	0.82604	0.00999	0.01290	0.01290	0.00957	0.01373	0.00791	0.01040	0.00666	0.00375	0.00416	0.00125	0.00499	0.00375	0.00208	0.00666
20	0.00611	0.00408	0.00458	0.00458	0.00458	0.00408	0.00255	0.00611	0.00611	0.00815	0.01325	0.02751	0.01528	0.85226	0.02140	0.00408	0.00408	0.00611	0.00255	0.00255
21	0.00759	0.00738	0.01394	0.01076	0.01313	0.00701	0.35540	0.00998	0.00973	0.01329	0.22335	0.02130	0.10466	0.05576	0.12512	0.00230	0.00567	0.00606	0.00301	0.00456
22	0.00552	0.00419	0.00509	0.00505	0.00607	0.00375	0.00372	0.00703	0.01060	0.01423	0.46148	0.15614	0.28198	0.00991	0.00502	0.00141	0.00210	0.00865	0.00429	0.00375
23	0.00843	0.02174	0.83048	0.01198	0.01819	0.00976	0.01553	0.01331	0.00888	0.01331	0.00754	0.00888	0.00533	0.00399	0.00399	0.00133	0.00621	0.00311	0.00178	0.00621
24	0.01109	0.82086	0.04351	0.00732	0.01094	0.01629	0.00739	0.01254	0.00853	0.00998	0.00596	0.00693	0.00546	0.00399	0.01407	0.00099	0.00463	0.00230	0.00180	0.00539
25	0.01046	0.00903	0.00951	0.00855	0.01093	0.01046	0.00665	0.02234	0.81845	0.01759	0.01711	0.01568	0.01283	0.00570	0.00428	0.00143	0.00333	0.00475	0.00428	0.00665
26	0.00928	0.27481	0.58489	0.01053	0.01594	0.01185	0.01300	0.01309	0.00877	0.01227	0.00703	0.00823	0.00535	0.00387	0.00360	0.00120	0.00569	0.00285	0.00178	0.00596
27	0.00512	0.00366	0.00488	0.00585	0.00610	0.00341	0.00390	0.00585	0.00805	0.01073	0.02317	0.84952	0.02780	0.01317	0.00537	0.00171	0.00244	0.01195	0.00390	0.00341
28	0.01598	0.01177	0.01262	0.00967	0.01304	0.01304	0.00799	0.81202	0.01976	0.02649	0.01009	0.01009	0.00715	0.00505	0.00421	0.00126	0.00463	0.00378	0.00421	0.00715
29	0.00590	0.00429	0.00554	0.00523	0.00625	0.00394	0.00392	0.00783	0.01177	0.01655	0.78046	0.03190	0.08322	0.00871	0.00496	0.00133	0.00199	0.00767	0.00459	0.00394
30	0.01871	0.00719	0.00975	0.00750	0.01073	0.00626	0.00619	0.02052	0.02695	0.81394	0.01659	0.01433	0.01045	0.00521	0.00423	0.00130	0.00357	0.00424	0.00519	0.00714
31	0.01570	0.02004	0.01191	0.01083	0.01300	0.83539	0.00812	0.01679	0.01191	0.01029	0.00650	0.00758	0.00541	0.00433	0.00379	0.00108	0.00758	0.00271	0.00217	0.00487
32	0.01598	0.01177	0.01262	0.00967	0.01304	0.01304	0.00799	0.81202	0.01976	0.02649	0.01009	0.01009	0.00715	0.00505	0.00421	0.00126	0.00463	0.00378	0.00421	0.00715
33	0.00578	0.00422	0.00558	0.00642	0.00711	0.00401	0.00499	0.00705	0.00891	0.01157	0.02525	0.41876	0.12716	0.01221	0.00550	0.00176	0.00299	0.33322	0.00389	0.00362
34	0.00794	0.00747	0.01261	0.84216	0.02895	0.00934	0.01167	0.01074	0.00841	0.01074	0.00747	0.01121	0.00560	0.00420	0.00420	0.00140	0.00560	0.00374	0.00187	0.00467
35	0.00794	0.00747	0.01261	0.84216	0.02895	0.00934	0.01167	0.01074	0.00841	0.01074	0.00747	0.01121	0.00560	0.00420	0.00420	0.00140	0.00560	0.00374	0.00187	0.00467
36	0.00586	0.00429	0.00549	0.00519	0.00622	0.00393	0.00389	0.00775	0.01168	0.01634	0.75052	0.03225	0.11329	0.00879	0.00496	0.00133	0.00200	0.00772	0.00456	0.00393
37	0.00599	0.00402	0.00462	0.00475	0.00478	0.00399	0.00272	0.00608	0.00636	0.00848	0.01450	0.13157	0.01687	0.74604	0.01937	0.00378	0.00387	0.00685	0.00272	0.00266
38	0.00497	0.00426	0.00426	0.00426	0.00568	0.00355	0.00319	0.00603	0.00958	0.01136	0.04259	0.04046	0.82433	0.01065	0.00497	0.00142	0.00213	0.00887	0.00390	0.00355
39	0.01886	0.00715	0.00976	0.00748	0.01073	0.00618	0.00618	0.02049	0.01203	0.82895	0.01658	0.01431	0.01041	0.00520	0.00423	0.00130	0.00358	0.00423	0.00520	0.00715
40	0.00843	0.02174	0.83048	0.01198	0.01819	0.00976	0.01553	0.01331	0.00888	0.01331	0.00754	0.00888	0.00533	0.00399	0.00399	0.00133	0.00621	0.00311	0.00178	0.00621
41	0.01046	0.00903	0.00951	0.00855	0.01093	0.01046	0.00665	0.02234	0.81845	0.01759	0.01711	0.01568	0.01283	0.00570	0.00428	0.00143	0.00333	0.00475	0.00428	0.00665
42	0.00872	0.00747	0.00872	0.00623	0.00996	0.00560	0.00498	0.01058	0.00872	0.01370	0.00747	0.00872	0.00623	0.00311	0.00311	0.00062	0.00311	0.00249	0.00249	0.87796
43	0.01046	0.00903	0.00951	0.00855	0.01093	0.01046	0.00665	0.02234	0.81845	0.01759	0.01711	0.01568	0.01283	0.00570	0.00428	0.00143	0.00333	0.00475	0.00428	0.00665
44	0.00603	0.00433	0.00591	0.00682	0.00751	0.00420	0.00544	0.00746	0.00906	0.01190	0.04351	0.37553	0.04456	0.01215	0.00558	0.00181	0.00320	0.43739	0.00390	0.00368
45	0.01886	0.00715	0.00976	0.00748	0.01073	0.00618	0.00618	0.02049	0.01203	0.82895	0.01658	0.01431	0.01041	0.00520	0.00423	0.00130	0.00358	0.00423	0.00520	0.00715
46	0.00497	0.00426	0.00426	0.00426	0.00568	0.00355	0.00319	0.00603	0.00958	0.01136	0.04259	0.04046	0.82433	0.01065	0.00497	0.00142	0.00213	0.00887	0.00390	0.00355
47	0.01124	0.85479	0.02203	0.00719	0.01079	0.01663	0.00719	0.01259	0.00854	0.00989	0.00584	0.00674	0.00539	0.00360	0.00270	0.00090	0.00450	0.00225	0.00180	0.00539
48	0.00730	0.00365	0.00548	0.00548	0.00548	0.00365	0.00365	0.00548	0.00548	0.00730	0.00730	0.01278	0.00730	0.01460	0.01643	0.87769	0.00365	0.00365	0.00183	0.00183
49	0.00578	0.00429	0.00538	0.00511	0.00618	0.00389	0.00383	0.00760	0.01150	0.01590	0.68836	0.03297	0.17572	0.00895	0.00496	0.00134	0.00201	0.00782	0.00450	0.00389
50	0.00999	0.01116	0.02378	0.01879	0.12870	0.01055	0.70486	0.01339	0.00988	0.01350	0.00843	0.01122	0.00642	0.00357	0.00485	0.00140	0.00681	0.00480	0.00212	0.00580
51	0.00514	0.00371	0.00483	0.00572	0.00603	0.00344	0.00382	0.00587	0.00809	0.01070	0.02415	0.77446	0.07896	0.03622	0.00578	0.00175	0.00246	0.01159	0.00386	0.00340
52	0.00879	0.06676	0.76471	0.01166	0.01765	0.01022	0.01488	0.03459	0.00915	0.01348	0.00752	0.00879	0.00538	0.00400	0.00393	0.00131	0.00608	0.00308	0.00184	0.00619
53	0.01828	0.00744	0.00981	0.00755	0.01074	0.00668	0.00623	0.08566	0.01257	0.73755	0.01596	0.01400	0.01015	0.00518	0.00419	0.00129	0.00361	0.00418	0.03187	0.00705
54	0.01570	0.02004	0.01191	0.01083	0.01300	0.83539	0.00812	0.01679	0.01191	0.01029	0.00650	0.00758	0.00541	0.00433	0.00379	0.00108	0.00758	0.00271	0.00217	0.00487
55	0.01552	0.01155	0.01236	0.00958	0.01286	0.01282	0.00788	0.74667	0.08586	0.02576	0.01067	0.01056	0.00762	0.00510	0.00421	0.00128	0.00452	0.00386	0.00421	0.00711
56	0.01046	0.00903	0.00951	0.00855	0.01093	0.01046	0.00665	0.02234	0.81845	0.01759	0.01711	0.01568	0.01283	0.00570	0.00428	0.00143	0.00333	0.00475	0.00428	0.00665
57	0.00595	0.00430	0.00562	0.00529	0.00628	0.00397	0.00397	0.00793	0.01190	0.01686	0.82382	0.03140	0.03966	0.00859	0.00496	0.00132	0.00198	0.00760	0.00463	0.00397
58	0.00512	0.00368	0.00486	0.00580	0.00608	0.00342	0.00388	0.00586	0.00810	0.01075	0.02376	0.82478	0.05216	0.01309	0.00535	0.00170	0.00243	0.01186	0.00390	0.00342
59	0.01634	0.01120	0.01226	0.00940	0.01275	0.01219	0.00777	0.71387	0.01881	0.12600	0.01090	0.01062	0.00755	0.00507	0.00421	0.00127	0.00450	0.00384	0.00433	0.00715
60	0.01124	0.85479	0.02203	0.00719	0.01079	0.01663	0.00719	0.01259	0.00854	0.00989	0.00584	0.00674	0.00539	0.00360	0.00270	0.00090	0.00450	0.00225	0.00180	0.00539
61	0.00843	0.02174	0.83048	0.01198	0.01819	0.00976	0.01553	0.01331	0.00888	0.01331	0.00754	0.00888	0.00533	0.00399	0.00399	0.00133	0.00621	0.00311	0.00178	0.00621
62	0.00611	0.00408	0.00463	0.00463	0.00465	0.00410	0.00261	0.00614	0.00613	0.00819	0.01320	0.02727	0.01518	0.83441	0.03910	0.00413	0.00423	0.00608	0.00254	0.00257
63	0.00509	0.00379	0.00475	0.00551	0.00601	0.00344	0.00375	0.00589	0.00837	0.01086	0.02729	0.67769	0.19697	0.01263	0.00528	0.00165	0.00237	0.01130	0.00390	0.00344
64	0.01873	0.00736	0.00988	0.00758	0.01083	0.00648	0.00626	0.05545	0.01237	0.79351	0.01630	0.01412	0.01026	0.00520	0.00423	0.00130	0.00362	0.00421	0.00516	0.00715
65	0.01051	0.00970	0.01283	0.01077	0.01142	0.01291	0.00896	0.16587	0.00903	0.01330	0.00641	0.00937	0.00583	0.00691	0.01193	0.00173	0.68143	0.00370	0.00230	0.00509
66	0.00794	0.00747	0.01261	0.84216	0.02895	0.00934	0.01167	0.01074	0.00841	0.01074	0.00747	0.01121	0.00560	0.00420	0.00420	0.00140	0.00560	0.00374	0.00187	0.00467
67	0.00513	0.00427	0.00449	0.00443	0.00578	0.00362	0.00332	0.00635	0.00997	0.01228	0.17335	0.03894	0.69300	0.01030	0.00497	0.00140	0.00210	0.00866	0.00402	0.00362
68	0.88196	0.00813	0.00618	0.00553	0.00813	0.00943	0.00455	0.01236	0.00715	0.01886	0.00585	0.00683	0.00455	0.00390	0.00260	0.00130	0.00325	0.00228	0.00260	0.00455
69	0.00555	0.00397	0.00537	0.00635	0.00678	0.00379	0.00465	0.00660	0.00847	0.01121	0.02293	0.63986	0.02686	0.01276	0.00548	0.00177	0.00281	0.21735	0.00389	0.00353
70	0.00497	0.00426	0.00426	0.00426	0.00568	0.00355	0.00319	0.00603	0.00958	0.01136	0.04259	0.04046	0.82433	0.01065	0.00497	0.00142	0.00213	0.00887	0.00390	0.00355
71	0.00872	0.00747	0.00872	0.00623	0.00996	0.00560	0.00498	0.01058	0.00872	0.01370	0.00747	0.00872	0.00623	0.00311	0.00311	0.00062	0.00311	0.00249	0.00249	0.87796
72	0.00512	0.00366	0.00488	0.00585	0.00610	0.00341	0.00390	0.00585	0.00805	0.01073	0.02317	0.84952	0.02780	0.01317	0.00537	0.00171	0.00244	0.01195	0.00390	0.00341
73	0.00658	0.00562	0.00582	0.00553	0.00720	0.00553	0.00422	0.01076	0.23948	0.01340	0.07492	0.03296	0.55406	0.00914	0.00477	0.00142	0.00246	0.00764	0.00405	0.00445
74	0.01598	0.01177	0.01262	0.00967	0.01304	0.01304	0.00799	0.81202	0.01976	0.02649	0.01009	0.01009	0.00715	0.00505	0.00421	0.00126	0.00463	0.00378	0.00421	0.00715
75	0.01124	0.85479	0.02203	0.00719	0.01079	0.01663	0.00719	0.01259	0.00854	0.00989	0.00584	0.00674	0.00539	0.00360	0.00270	0.00090	0.00450	0.00225	0.00180	0.00539
76	0.00980	0.36851	0.47188	0.00993	0.01497	0.01271	0.01186	0.03432	0.00903	0.01224	0.00690	0.00802	0.00540	0.00386	0.00346	0.00115	0.00546	0.00277	0.00185	0.00590
77	0.00626	0.00437	0.00569	0.00532	0.00638	0.00401	0.00400	0.00821	0.01183	0.03836	0.77827	0.03122	0.06300	0.00857	0.00494	0.00132	0.00203	0.00755	0.00462	0.00404
78	0.00593	0.00430	0.00560	0.00527	0.00627	0.00396	0.00395	0.00790	0.01186	0.01676	0.81038	0.03156	0.05317	0.00863	0.00496	0.00132	0.00199	0.00762	0.00462	0.00396
79	0.01026	0.47235	0.28430	0.00980	0.01428	0.01364	0.08517	0.02548	0.02809	0.01177	0.00698	0.00813	0.00567	0.00379	0.00339	0.00111	0.00527	0.00286	0.00192	0.00574
80	0.00855	0.00804	0.01345	0.59189	0.23043	0.00937	0.01165	0.01143	0.02783	0.01166	0.00824	0.03431	0.00666	0.00437	0.00423	0.00137	0.00531	0.00399	0.00204	0.00519
81	0.00551	0.00430	0.00508	0.00555	0.00653	0.00394	0.00419	0.00693	0.03161	0.01155	0.03173	0.30560	0.39183	0.01151	0.00524	0.00161	0.00259	0.15714	0.00391	0.00365
82	0.00921	0.01002	0.02076	0.10408	0.02058	0.00969	0.60786	0.01264	0.03224	0.01317	0.02865	0.03658	0.04603	0.00456	0.00489	0.00143	0.00628	0.02358	0.00238	0.00535
83	0.00670	0.00560	0.00707	0.00699	0.00782	0.06419	0.00539	0.00813	0.00711	0.00976	0.01097	0.01616	0.01027	0.05013	0.75615	0.00629	0.01082	0.00442	0.00225	0.00380
84	0.01238	0.00977	0.01052	0.00862	0.01155	0.01065	0.00690	0.30402	0.40737	0.03746	0.01330	0.01272	0.00987	0.00511	0.00410	0.00126	0.00377	0.00409	0.00403	0.12250
85	0.00794	0.00747	0.01261	0.84216	0.02895	0.00934	0.01167	0.01074	0.00841	0.01074	0.00747	0.01121	0.00560	0.00420	0.00420	0.00140	0.00560	0.00374	0.00187	0.00467
86	0.01126	0.81405	0.04418	0.00740	0.01104	0.03379	0.00744	0.01270	0.00862	0.00999	0.00591	0.00682	0.00539	0.00362	0.00276	0.00091	0.00461	0.00228	0.00181	0.00541
87	0.00780	0.00392	0.00393	0.00393	0.00489	0.00392	0.00293	0.00972	0.00876	0.01552	0.01370	0.01591	0.01086	0.02179	0.00331	0.00104	0.00200	0.00396	0.85820	0.00389
88	0.02965	0.03016	0.01194	0.00944	0.01199	0.04523	0.18058	0.12655	0.13460	0.01537	0.04640	0.02286	0.20553	0.00685	0.00465	0.00141	0.00427	0.09019	0.00345	0.01888
89	0.00784	0.00392	0.00392	0.00392	0.00490	0.00392	0.00294	0.00980	0.00882	0.01567	0.01371	0.01567	0.01077	0.00490	0.00294	0.00098	0.00196	0.00392	0.87560	0.00392
90	0.00866	0.00602	0.00794	0.00769	0.02164	0.00592	0.02880	0.05462	0.09510	0.09174	0.12601	0.16257	0.03592	0.00903	0.00501	0.00156	0.00338	0.26991	0.00401	0.05450
91	0.01113	0.83784	0.02170	0.00715	0.01070	0.01638	0.00713	0.01249	0.00861	0.01003	0.02215	0.00723	0.00608	0.00370	0.00274	0.00091	0.00445	0.00235	0.00185	0.00537
92	0.00611	0.00408	0.00458	0.00458	0.00458	0.00408	0.00255	0.00611	0.00611	0.00815	0.01325	0.02751	0.01528	0.85226	0.02140	0.00408	0.00408	0.00611	0.00255	0.00255
93	0.00784	0.00392	0.00392	0.00392	0.00490	0.00392	0.00294	0.00980	0.00882	0.01567	0.01371	0.01567	0.01077	0.00490	0.00294	0.00098	0.00196	0.00392	0.87560	0.00392
94	0.01000	0.00889	0.01172	0.00891	0.01221	0.02114	0.12344	0.06157	0.17948	0.02925	0.00986	0.01075	0.00772	0.00408	0.00420	0.00102	0.04130	0.00349	0.00293	0.44806
95	0.00972	0.16783	0.57678	0.01107	0.01631	0.07464	0.02706	0.03472	0.00932	0.01278	0.00722	0.00848	0.00541	0.00402	0.00392	0.00124	0.01864	0.00298	0.00188	0.00596
96	0.00784	0.00392	0.00392	0.00392	0.00490	0.00392	0.00294	0.00980	0.00882	0.01567	0.01371	0.01567	0.01077	0.00490	0.00294	0.00098	0.00196	0.00392	0.87560	0.00392
97	0.01567	0.01148	0.01229	0.00945	0.01273	0.01269	0.00780	0.78167	0.01935	0.02608	0.01023	0.01030	0.00729	0.00504	0.00416	0.00125	0.00452	0.00379	0.03717	0.00703
98	0.00595	0.00430	0.00562	0.00529	0.00628	0.00397	0.00397	0.00793	0.01190	0.01686	0.82382	0.03140	0.03966	0.00859	0.00496	0.00132	0.00198	0.00760	0.00463	0.00397
99	0.00843	0.02174	0.83048	0.01198	0.01819	0.00976	0.01553	0.01331	0.00888	0.01331	0.00754	0.00888	0.00533	0.00399	0.00399	0.00133	0.00621	0.00311	0.00178	0.00621
100	0.00611	0.00408	0.00458	0.00458	0.00458	0.00408	0.00255	0.00611	0.00611	0.00815	0.01325	0.02751	0.01528	0.85226	0.02140	0.00408	0.00408	0.00611	0.00255	0.00255
101	0.01087	0.00989	0.00969	0.00873	0.01109	0.07493	0.00677	0.02190	0.75541	0.01701	0.01628	0.01505	0.01225	0.00560	0.00424	0.00140	0.00366	0.00459	0.00411	0.00651
102	0.00512	0.00366	0.00488	0.00585	0.00610	0.00341	0.00390	0.00585	0.00805	0.01073	0.02317	0.84952	0.02780	0.01317	0.00537	0.00171	0.00244	0.01195	0.00390	0.00341
103	0.01118	0.82881	0.02175	0.00731	0.01080	0.01652	0.00725	0.01251	0.00848	0.00990	0.00583	0.00682	0.00540	0.00371	0.00304	0.00093	0.03031	0.00229	0.00180	0.00537
104	0.00595	0.00430	0.00562	0.00529	0.00628	0.00397	0.00397	0.00793	0.01190	0.01686	0.82382	0.03140	0.03966	0.00859	0.00496	0.00132	0.00198	0.00760	0.00463	0.00397
105	0.01036	0.00994	0.01698	0.04031	0.81188	0.00998	0.01288	0.01286	0.00955	0.01368	0.00790	0.01042	0.00664	0.00375	0.00416	0.00125	0.00500	0.00375	0.00208	0.00662
106	0.00784	0.00392	0.00392	0.00392	0.00490	0.00392	0.00294	0.00980	0.00882	0.01567	0.01371	0.01567	0.01077	0.00490	0.00294	0.00098	0.00196	0.00392	0.87560	0.00392
107	0.03490	0.03327	0.00985	0.00854	0.02506	0.11495	0.00656	0.11297	0.38360	0.06733	0.04945	0.05632	0.06684	0.00609	0.00424	0.00134	0.00392	0.00493	0.00388	0.00595
108	0.06181	0.50114	0.31561	0.00884	0.01333	0.01370	0.01007	0.01284	0.00858	0.01167	0.00646	0.00753	0.00532	0.00376	0.00316	0.00108	0.00505	0.00256	0.00184	0.00564
109	0.00998	0.48227	0.38356	0.00933	0.01410	0.01356	0.01092	0.01291	0.00869	0.01142	0.00660	0.00770	0.00536	0.00377	0.00328	0.00109	0.00526	0.00263	0.00179	0.00576
110	0.01060	0.01079	0.02122	0.01607	0.05341	0.01066	0.58302	0.08228	0.02557	0.03997	0.00923	0.01231	0.00719	0.00431	0.00551	0.00144	0.06913	0.02905	0.00247	0.00577
111	0.01046	0.00903	0.00951	0.00855	0.01093	0.01046	0.00665	0.02234	0.81845	0.01759	0.01711	0.01568	0.01283	0.00570	0.00428	0.00143	0.00333	0.00475	0.00428	0.00665
112	0.00794	0.00747	0.01261	0.84216	0.02895	0.00934	0.01167	0.01074	0.00841	0.01074	0.00747	0.01121	0.00560	0.00420	0.00420	0.00140	0.00560	0.00374	0.00187	0.00467
113	0.00895	0.00888	0.01221	0.01060	0.01066	0.02305	0.00875	0.00987	0.00662	0.01015	0.00679	0.06285	0.00705	0.00826	0.03254	0.00194	0.76011	0.00421	0.00198	0.00451
114	0.00595	0.00430	0.00562	0.00529	0.00628	0.00397	0.00397	0.00793	0.01190	0.01686	0.82382	0.03140	0.03966	0.00859	0.00496	0.00132	0.00198	0.00760	0.00463	0.00397
115	0.01064	0.00912	0.00961	0.00859	0.01100	0.01054	0.00670	0.04919	0.79129	0.01789	0.01687	0.01549	0.01264	0.00568	0.00428	0.00142	0.00337	0.00472	0.00428	0.00667
116	0.01046	0.00903	0.00951	0.00855	0.01093	0.01046	0.00665	0.02234	0.81845	0.01759	0.01711	0.01568	0.01283	0.00570	0.00428	0.00143	0.00333	0.00475	0.00428	0.00665
117	0.04187	0.00723	0.00979	0.00774	0.02469	0.00633	0.00625	0.02014	0.01186	0.79319	0.01615	0.01404	0.01018	0.00514	0.00418	0.00130	0.00359	0.00417	0.00508	0.00708
118	0.01124	0.85479	0.02203	0.00719	0.01079	0.01663	0.00719	0.01259	0.00854	0.00989	0.00584	0.00674	0.00539	0.00360	0.00270	0.00090	0.00450	0.00225	0.00180	0.00539
119	0.00532	0.00374	0.00482	0.00560	0.00579	0.00355	0.00363	0.00591	0.00766	0.01021	0.02116	0.68307	0.02527	0.18307	0.00861	0.00219	0.00277	0.01077	0.00363	0.00324
120	0.01008	0.00997	0.03057	0.06406	0.70563	0.02867	0.01223	0.01255	0.00963	0.01353	0.03389	0.01183	0.03033	0.00413	0.00420	0.00126	0.00493	0.00397	0.00220	0.00634
121	0.01546	0.01151	0.01232	0.00957	0.01284	0.01279	0.00786	0.73713	0.09551	0.02565	0.01076	0.01062	0.00769	0.00511	0.00421	0.00128	0.00450	0.00388	0.00421	0.00710
122	0.01535	0.01189	0.01210	0.00956	0.01271	0.06994	0.00779	0.63734	0.11817	0.04567	0.01089	0.01072	0.00782	0.00508	0.00419	0.00127	0.00464	0.00384	0.00410	0.00693
123	0.01218	0.65292	0.03478	0.00809	0.01142	0.19934	0.00756	0.01354	0.00930	0.01004	0.00602	0.00697	0.00540	0.00377	0.00297	0.00095	0.00522	0.00237	0.00188	0.00529
124	0.01043	0.00816	0.01031	0.00758	0.01114	0.02603	0.06618	0.03832	0.00962	0.11377	0.00891	0.01021	0.00702	0.00370	0.00369	0.00084	0.01985	0.01496	0.00285	0.62643
125	0.00849	0.00762	0.01271	0.64057	0.14900	0.00900	0.01123	0.01113	0.00870	0.03070	0.00855	0.03022	0.00686	0.00452	0.00422	0.00138	0.00526	0.01948	0.02538	0.00497
126	0.00595	0.00430	0.00562	0.00529	0.00628	0.00397	0.00397	0.00793	0.01190	0.01686	0.82382	0.03140	0.03966	0.00859	0.00496	0.00132	0.00198	0.00760	0.00463	0.00397
127	0.03299	0.00419	0.00529	0.02044	0.00663	0.00395	0.00405	0.00699	0.00967	0.01338	0.32422	0.39529	0.12442	0.01069	0.00507	0.00151	0.00234	0.02110	0.00410	0.00370
128	0.00867	0.00735	0.00862	0.00620	0.00982	0.00554	0.00494	0.01042	0.00862	0.01350	0.00747	0.00884	0.00626	0.00347	0.00353	0.02813	0.00313	0.00253	0.00247	0.85048
129	0.00832	0.00483	0.00635	0.00566	0.00709	0.00437	0.00435	0.01021	0.01185	0.16782	0.64909	0.02850	0.05883	0.00803	0.00482	0.00132	0.00228	0.00701	0.00471	0.00455
130	0.01041	0.00908	0.00997	0.00880	0.01126	0.01038	0.03184	0.02187	0.77996	0.01739	0.01668	0.01543	0.01252	0.00559	0.00428	0.00141	0.00344	0.00472	0.00418	0.02075
131	0.01571	0.01127	0.01220	0.00941	0.01268	0.01237	0.00775	0.73432	0.03333	0.06502	0.03605	0.01107	0.00843	0.00518	0.00423	0.00127	0.00447	0.00394	0.00427	0.00704
132	0.00867	0.00817	0.01360	0.58161	0.23954	0.00942	0.01168	0.01155	0.02589	0.01177	0.00779	0.01101	0.00606	0.00408	0.00416	0.00134	0.00532	0.00372	0.00200	0.03263
133	0.01131	0.01245	0.01271	0.03440	0.03772	0.25601	0.00903	0.03371	0.00857	0.01074	0.00606	0.00884	0.00557	0.00620	0.01001	0.00157	0.52489	0.00340	0.00201	0.00481
134	0.00850	0.00831	0.01390	0.62948	0.08463	0.03144	0.09529	0.01124	0.00879	0.01139	0.01815	0.02190	0.00649	0.00424	0.00426	0.00136	0.00561	0.00396	0.00200	0.02906
135	0.05619	0.44545	0.27607	0.00884	0.01301	0.08648	0.00965	0.01309	0.00888	0.01166	0.00669	0.00778	0.00550	0.00384	0.00321	0.00108	0.00517	0.00261	0.02927	0.00552
136	0.01150	0.47342	0.23047	0.03479	0.01340	0.01327	0.00943	0.05510	0.00959	0.10254	0.00775	0.00845	0.00603	0.00397	0.00333	0.00109	0.00488	0.00282	0.00230	0.00587

[dist]
# distance from previous block
# <min> <max>
3	10

[block]
# block no. 1 follows, 63 sequences, length 120
# corresponding to MSA columns:
# 242-309,311-362
name=unknown_B
#
# <colnr> <probs for GDERKNQSTAVLIFYWHMCP>
#	G	D	E	R	K	N	Q	S	T	A	V	L	I	F	Y	W	H	M	C	P
0	0.01092	0.77945	0.05188	0.00768	0.02639	0.01582	0.00751	0.01240	0.00856	0.01012	0.00651	0.03449	0.00615	0.00393	0.00286	0.00095	0.00450	0.00263	0.00187	0.00538
1	0.00882	0.15867	0.67008	0.01102	0.01662	0.01075	0.01382	0.01300	0.00875	0.01263	0.00739	0.00877	0.00551	0.00483	0.03101	0.00144	0.00609	0.00301	0.00179	0.00600
2	0.00497	0.00426	0.00426	0.00426	0.00568	0.00355	0.00319	0.00603	0.00958	0.01136	0.04259	0.04046	0.82433	0.01065	0.00497	0.00142	0.00213	0.00887	0.00390	0.00355
3	0.00513	0.00369	0.00487	0.00579	0.00609	0.00343	0.00388	0.00590	0.00818	0.01088	0.04011	0.80637	0.05412	0.01299	0.00534	0.00169	0.00242	0.01176	0.00392	0.00343
4	0.00499	0.00423	0.00431	0.00435	0.00571	0.00355	0.00324	0.00606	0.00955	0.01142	0.05485	0.07621	0.77580	0.01072	0.00499	0.00143	0.00214	0.00899	0.00392	0.00355
5	0.00549	0.00428	0.00498	0.00481	0.00600	0.00377	0.00360	0.00704	0.01081	0.01427	0.45708	0.03565	0.40802	0.00956	0.00496	0.00137	0.00205	0.00820	0.00429	0.00377
6	0.01040	0.00999	0.01706	0.02580	0.82604	0.00999	0.01290	0.01290	0.00957	0.01373	0.00791	0.01040	0.00666	0.00375	0.00416	0.00125	0.00499	0.00375	0.00208	0.00666
7	0.00512	0.00366	0.00488	0.00585	0.00610	0.00341	0.00390	0.00585	0.00805	0.01073	0.02317	0.84952	0.02780	0.01317	0.00537	0.00171	0.00244	0.01195	0.00390	0.00341
8	0.00794	0.00747	0.01261	0.84216	0.02895	0.00934	0.01167	0.01074	0.00841	0.01074	0.00747	0.01121	0.00560	0.00420	0.00420	0.00140	0.00560	0.00374	0.00187	0.00467
9	0.01033	0.00998	0.01725	0.04547	0.77619	0.01000	0.04298	0.01287	0.00956	0.01365	0.00792	0.01046	0.00662	0.00375	0.00419	0.00126	0.00509	0.00379	0.00208	0.00657
10	0.88196	0.00813	0.00618	0.00553	0.00813	0.00943	0.00455	0.01236	0.00715	0.01886	0.00585	0.00683	0.00455	0.00390	0.00260	0.00130	0.00325	0.00228	0.00260	0.00455
11	0.00992	0.01134	0.02481	0.01772	0.02197	0.01063	0.81077	0.01347	0.00992	0.01347	0.00850	0.01134	0.00638	0.00354	0.00496	0.00142	0.00709	0.00496	0.00213	0.00567
12	0.00843	0.02174	0.83048	0.01198	0.01819	0.00976	0.01553	0.01331	0.00888	0.01331	0.00754	0.00888	0.00533	0.00399	0.00399	0.00133	0.00621	0.00311	0.00178	0.00621
13	0.00512	0.00366	0.00488	0.00585	0.00610	0.00341	0.00390	0.00585	0.00805	0.01073	0.02317	0.84952	0.02780	0.01317	0.00537	0.00171	0.00244	0.01195	0.00390	0.00341
14	0.01036	0.00994	0.01698	0.04130	0.81091	0.00998	0.01288	0.01286	0.00955	0.01368	0.00790	0.01042	0.00664	0.00375	0.00416	0.00125	0.00501	0.00375	0.00208	0.00662
15	0.00527	0.00380	0.00495	0.00574	0.00612	0.00354	0.00392	0.00612	0.00838	0.01113	0.07484	0.68161	0.07838	0.04644	0.00598	0.00177	0.00251	0.04217	0.00389	0.00344
16	0.00808	0.00761	0.01286	0.79687	0.07317	0.00938	0.01174	0.01086	0.00847	0.01091	0.00750	0.01116	0.00566	0.00418	0.00420	0.00139	0.00557	0.00374	0.00188	0.00478
17	0.01886	0.00715	0.00976	0.00748	0.01073	0.00618	0.00618	0.02049	0.01203	0.82895	0.01658	0.01431	0.01041	0.00520	0.00423	0.00130	0.00358	0.00423	0.00520	0.00715
18	0.00601	0.00448	0.00663	0.00663	0.00733	0.00519	0.00510	0.00742	0.00672	0.00966	0.01138	0.01716	0.01079	0.07983	0.78769	0.00660	0.01084	0.00460	0.00227	0.00368
19	0.01886	0.00715	0.00976	0.00748	0.01073	0.00618	0.00618	0.02049	0.01203	0.82895	0.01658	0.01431	0.01041	0.00520	0.00423	0.00130	0.00358	0.00423	0.00520	0.00715
20	0.01040	0.00999	0.01706	0.02580	0.82604	0.00999	0.01290	0.01290	0.00957	0.01373	0.00791	0.01040	0.00666	0.00375	0.00416	0.00125	0.00499	0.00375	0.00208	0.00666
21	0.01040	0.00999	0.01706	0.02580	0.82604	0.00999	0.01290	0.01290	0.00957	0.01373	0.00791	0.01040	0.00666	0.00375	0.00416	0.00125	0.00499	0.00375	0.00208	0.00666
22	0.88196	0.00813	0.00618	0.00553	0.00813	0.00943	0.00455	0.01236	0.00715	0.01886	0.00585	0.00683	0.00455	0.00390	0.00260	0.00130	0.00325	0.00228	0.00260	0.00455
23	0.00611	0.00408	0.00458	0.00458	0.00458	0.00408	0.00255	0.00611	0.00611	0.00815	0.01325	0.02751	0.01528	0.85226	0.02140	0.00408	0.00408	0.00611	0.00255	0.00255
24	0.86208	0.00811	0.00626	0.00557	0.00819	0.00936	0.00459	0.01254	0.00727	0.03752	0.00610	0.00700	0.00469	0.00393	0.00264	0.00130	0.00326	0.00232	0.00266	0.00461
25	0.01040	0.00999	0.01706	0.02580	0.82604	0.00999	0.01290	0.01290	0.00957	0.01373	0.00791	0.01040	0.00666	0.00375	0.00416	0.00125	0.00499	0.00375	0.00208	0.00666
26	0.00843	0.02174	0.83048	0.01198	0.01819	0.00976	0.01553	0.01331	0.00888	0.01331	0.00754	0.00888	0.00533	0.00399	0.00399	0.00133	0.00621	0.00311	0.00178	0.00621
27	0.00920	0.00920	0.01288	0.01104	0.01104	0.01288	0.00920	0.01012	0.00644	0.01012	0.00552	0.00920	0.00552	0.00736	0.01380	0.00184	0.84457	0.00368	0.00184	0.00460
28	0.01886	0.00715	0.00976	0.00748	0.01073	0.00618	0.00618	0.02049	0.01203	0.82895	0.01658	0.01431	0.01041	0.00520	0.00423	0.00130	0.00358	0.00423	0.00520	0.00715
29	0.01040	0.00999	0.01706	0.02580	0.82604	0.00999	0.01290	0.01290	0.00957	0.01373	0.00791	0.01040	0.00666	0.00375	0.00416	0.00125	0.00499	0.00375	0.00208	0.00666
30	0.00730	0.00365	0.00548	0.00548	0.00548	0.00365	0.00365	0.00548	0.00548	0.00730	0.00730	0.01278	0.00730	0.01460	0.01643	0.87769	0.00365	0.00365	0.00183	0.00183
31	0.01570	0.02004	0.01191	0.01083	0.01300	0.83539	0.00812	0.01679	0.01191	0.01029	0.00650	0.00758	0.00541	0.00433	0.00379	0.00108	0.00758	0.00271	0.00217	0.00487
32	0.00872	0.00747	0.00872	0.00623	0.00996	0.00560	0.00498	0.01058	0.00872	0.01370	0.00747	0.00872	0.00623	0.00311	0.00311	0.00062	0.00311	0.00249	0.00249	0.87796
33	0.01046	0.00903	0.00951	0.00855	0.01093	0.01046	0.00665	0.02234	0.81845	0.01759	0.01711	0.01568	0.01283	0.00570	0.00428	0.00143	0.00333	0.00475	0.00428	0.00665
34	0.01737	0.00710	0.00930	0.00727	0.01028	0.00639	0.00596	0.04741	0.04680	0.69032	0.01611	0.01435	0.01043	0.00519	0.00411	0.00127	0.00345	0.00421	0.08583	0.00683
35	0.88196	0.00813	0.00618	0.00553	0.00813	0.00943	0.00455	0.01236	0.00715	0.01886	0.00585	0.00683	0.00455	0.00390	0.00260	0.00130	0.00325	0.00228	0.00260	0.00455
36	0.00595	0.00430	0.00562	0.00529	0.00628	0.00397	0.00397	0.00793	0.01190	0.01686	0.82382	0.03140	0.03966	0.00859	0.00496	0.00132	0.00198	0.00760	0.00463	0.00397
37	0.01252	0.00782	0.00843	0.00688	0.00915	0.00833	0.00555	0.38236	0.01415	0.08759	0.01227	0.01298	0.00906	0.00499	0.00363	0.00114	0.00333	0.00388	0.40026	0.00568
38	0.00611	0.00408	0.00458	0.00458	0.00458	0.00408	0.00255	0.00611	0.00611	0.00815	0.01325	0.02751	0.01528	0.85226	0.02140	0.00408	0.00408	0.00611	0.00255	0.00255
39	0.00843	0.02174	0.83048	0.01198	0.01819	0.00976	0.01553	0.01331	0.00888	0.01331	0.00754	0.00888	0.00533	0.00399	0.00399	0.00133	0.00621	0.00311	0.00178	0.00621
40	0.00601	0.00450	0.00676	0.00676	0.00751	0.00525	0.00525	0.00751	0.00676	0.00976	0.01126	0.01651	0.01051	0.03153	0.83560	0.00676	0.01126	0.00450	0.00225	0.00375
41	0.01124	0.85479	0.02203	0.00719	0.01079	0.01663	0.00719	0.01259	0.00854	0.00989	0.00584	0.00674	0.00539	0.00360	0.00270	0.00090	0.00450	0.00225	0.00180	0.00539
42	0.00872	0.00747	0.00872	0.00623	0.00996	0.00560	0.00498	0.01058	0.00872	0.01370	0.00747	0.00872	0.00623	0.00311	0.00311	0.00062	0.00311	0.00249	0.00249	0.87796
43	0.01124	0.85479	0.02203	0.00719	0.01079	0.01663	0.00719	0.01259	0.00854	0.00989	0.00584	0.00674	0.00539	0.00360	0.00270	0.00090	0.00450	0.00225	0.00180	0.00539
44	0.01570	0.02004	0.01191	0.01083	0.01300	0.83539	0.00812	0.01679	0.01191	0.01029	0.00650	0.00758	0.00541	0.00433	0.00379	0.00108	0.00758	0.00271	0.00217	0.00487
45	0.01433	0.00919	0.04101	0.00817	0.01115	0.00897	0.00689	0.34128	0.06582	0.26811	0.06230	0.01670	0.08201	0.00597	0.00435	0.00132	0.00386	0.02749	0.01461	0.00646
46	0.00668	0.00477	0.00667	0.00764	0.00857	0.00476	0.00662	0.00856	0.00959	0.01248	0.02231	0.09081	0.02439	0.01170	0.00578	0.00192	0.00379	0.75524	0.00387	0.00385
47	0.00807	0.00760	0.01284	0.79962	0.07049	0.00937	0.01174	0.01085	0.00847	0.01090	0.00749	0.01117	0.00566	0.00418	0.00420	0.00139	0.00557	0.00374	0.00188	0.00477
48	0.00920	0.00920	0.01288	0.01104	0.01104	0.01288	0.00920	0.01012	0.00644	0.01012	0.00552	0.00920	0.00552	0.00736	0.01380	0.00184	0.84457	0.00368	0.00184	0.00460
49	0.01046	0.00903	0.00951	0.00855	0.01093	0.01046	0.00665	0.02234	0.81845	0.01759	0.01711	0.01568	0.01283	0.00570	0.00428	0.00143	0.00333	0.00475	0.00428	0.00665
50	0.00523	0.00379	0.00513	0.00626	0.02280	0.00355	0.00409	0.00600	0.00808	0.01079	0.02286	0.83243	0.02737	0.01298	0.00534	0.00170	0.00249	0.01178	0.00387	0.00348
51	0.00607	0.00425	0.00546	0.00546	0.00576	0.00455	0.00364	0.00667	0.00637	0.00880	0.01245	0.02308	0.01336	0.52174	0.34929	0.00515	0.00697	0.00547	0.00243	0.00303
52	0.00872	0.00747	0.00872	0.00623	0.00996	0.00560	0.00498	0.01058	0.00872	0.01370	0.00747	0.00872	0.00623	0.00311	0.00311	0.00062	0.00311	0.00249	0.00249	0.87796
53	0.01020	0.00978	0.01669	0.09454	0.75892	0.00993	0.01280	0.01272	0.00947	0.01348	0.00787	0.01047	0.00657	0.00378	0.00417	0.00126	0.00505	0.00374	0.00206	0.00649
54	0.00887	0.00747	0.00873	0.00625	0.00997	0.00561	0.00500	0.01074	0.00877	0.02631	0.00761	0.00880	0.00629	0.00315	0.00313	0.00063	0.00312	0.00252	0.00253	0.86450
55	0.01111	0.81698	0.05872	0.00741	0.01113	0.01632	0.00757	0.01262	0.00856	0.01005	0.00592	0.00684	0.00539	0.00361	0.00276	0.00092	0.00457	0.00229	0.00180	0.00543
56	0.00850	0.04296	0.80989	0.01186	0.01801	0.00994	0.01532	0.01329	0.00887	0.01323	0.00750	0.00882	0.00533	0.00398	0.00396	0.00132	0.00617	0.00308	0.00178	0.00619
57	0.00819	0.00432	0.00613	0.00609	0.00618	0.00420	0.00406	0.00617	0.00608	0.00819	0.00818	0.01393	0.00811	0.01504	0.01664	0.86618	0.00395	0.00393	0.00213	0.00232
58	0.00872	0.00747	0.00872	0.00623	0.00996	0.00560	0.00498	0.01058	0.00872	0.01370	0.00747	0.00872	0.00623	0.00311	0.00311	0.00062	0.00311	0.00249	0.00249	0.87796
59	0.01040	0.00999	0.01706	0.02580	0.82604	0.00999	0.01290	0.01290	0.00957	0.01373	0.00791	0.01040	0.00666	0.00375	0.00416	0.00125	0.00499	0.00375	0.00208	0.00666
60	0.01598	0.01177	0.01262	0.00967	0.01304	0.01304	0.00799	0.81202	0.01976	0.02649	0.01009	0.01009	0.00715	0.00505	0.00421	0.00126	0.00463	0.00378	0.00421	0.00715
61	0.00843	0.02174	0.83048	0.01198	0.01819	0.00976	0.01553	0.01331	0.00888	0.01331	0.00754	0.00888	0.00533	0.00399	0.00399	0.00133	0.00621	0.00311	0.00178	0.00621
62	0.00722	0.00626	0.00898	0.00829	0.00873	0.00809	0.00664	0.00844	0.00661	0.00983	0.00917	0.01418	0.00881	0.05496	0.49245	0.00479	0.32616	0.00426	0.00211	0.00403
63	0.01287	0.01023	0.01087	0.00904	0.01185	0.01159	0.00724	0.36803	0.46882	0.02148	0.01404	0.01324	0.01034	0.00542	0.00425	0.00135	0.00390	0.00433	0.00425	0.00687
64	0.00825	0.02063	0.77832	0.01160	0.01747	0.00939	0.01483	0.01290	0.00888	0.01320	0.00890	0.03160	0.02255	0.00450	0.00408	0.00135	0.00599	0.01761	0.00191	0.00605
65	0.00512	0.00366	0.00488	0.00585	0.00610	0.00341	0.00390	0.00585	0.00805	0.01073	0.02317	0.84952	0.02780	0.01317	0.00537	0.00171	0.00244	0.01195	0.00390	0.00341
66	0.01006	0.45287	0.36740	0.00963	0.02740	0.02431	0.01085	0.01320	0.02840	0.01161	0.00689	0.00794	0.00557	0.00383	0.00333	0.00110	0.00525	0.00271	0.00186	0.00579
67	0.00935	0.28494	0.55965	0.01058	0.01592	0.01195	0.02791	0.01309	0.00879	0.01223	0.00702	0.00825	0.00537	0.00386	0.00360	0.00120	0.00569	0.00287	0.00179	0.00594
68	0.04448	0.73621	0.04692	0.00750	0.01101	0.04327	0.00742	0.01287	0.02332	0.01050	0.00612	0.00705	0.00550	0.00375	0.00301	0.00096	0.02045	0.00236	0.00189	0.00538
69	0.00988	0.01153	0.04491	0.01766	0.04257	0.01063	0.75550	0.01339	0.00982	0.01341	0.00841	0.01121	0.00634	0.00363	0.00507	0.00142	0.02193	0.00486	0.00211	0.00569
70	0.00647	0.01575	0.00750	0.00701	0.00775	0.00591	0.02474	0.00782	0.00682	0.00988	0.01100	0.01694	0.01052	0.12018	0.62730	0.00571	0.07087	0.00459	0.02948	0.00375
71	0.00847	0.02150	0.81193	0.01211	0.01828	0.00978	0.03385	0.01332	0.00890	0.01332	0.00757	0.00893	0.00535	0.00398	0.00402	0.00133	0.00623	0.00315	0.00178	0.00620
72	0.06455	0.00733	0.00964	0.00743	0.01065	0.00653	0.00614	0.04067	0.01197	0.76510	0.01585	0.01380	0.01001	0.00513	0.00414	0.00130	0.00359	0.00411	0.00504	0.00702
73	0.00942	0.08658	0.15937	0.00833	0.02827	0.00795	0.03665	0.04495	0.01940	0.03055	0.03127	0.00961	0.00717	0.00366	0.00346	0.00089	0.00402	0.00296	0.00249	0.50301
74	0.00607	0.00423	0.00536	0.00536	0.00562	0.00449	0.00351	0.00661	0.00634	0.00872	0.01254	0.02360	0.01359	0.56057	0.31077	0.00503	0.00663	0.00554	0.00244	0.00298
75	0.01535	0.01944	0.01169	0.01064	0.01279	0.79863	0.00798	0.01668	0.03044	0.01048	0.00751	0.00847	0.02307	0.00450	0.00383	0.00110	0.00737	0.00289	0.00225	0.00489
76	0.00728	0.00375	0.00554	0.00551	0.00561	0.00370	0.00369	0.00562	0.00563	0.00757	0.00776	0.03673	0.00786	0.01426	0.01576	0.82966	0.00360	0.00386	0.00190	0.02469
77	0.00856	0.06314	0.77013	0.03188	0.01808	0.01010	0.01502	0.01321	0.00885	0.01308	0.00746	0.00883	0.00534	0.00398	0.00393	0.00131	0.00611	0.00308	0.00178	0.00613
78	0.03590	0.00696	0.00928	0.00734	0.01029	0.00616	0.00597	0.03907	0.01174	0.71253	0.01682	0.09436	0.01187	0.00594	0.00430	0.00134	0.00349	0.00492	0.00500	0.00674
79	0.01036	0.00994	0.01698	0.04067	0.81152	0.00998	0.01288	0.01286	0.00955	0.01368	0.00790	0.01042	0.00664	0.00375	0.00416	0.00125	0.00501	0.00375	0.00208	0.00662
80	0.00872	0.00747	0.00872	0.00623	0.00996	0.00560	0.00498	0.01058	0.00872	0.01370	0.00747	0.00872	0.00623	0.00311	0.00311	0.00062	0.00311	0.00249	0.00249	0.87796
81	0.01525	0.01922	0.01165	0.01060	0.01274	0.78447	0.00795	0.01671	0.03832	0.01072	0.03035	0.00853	0.00664	0.00450	0.00384	0.00110	0.00728	0.00292	0.00231	0.00491
82	0.01040	0.00999	0.01706	0.02580	0.82604	0.00999	0.01290	0.01290	0.00957	0.01373	0.00791	0.01040	0.00666	0.00375	0.00416	0.00125	0.00499	0.00375	0.00208	0.00666
83	0.00608	0.00420	0.00519	0.00519	0.00540	0.00441	0.00330	0.00650	0.00629	0.00860	0.01269	0.02444	0.01395	0.62289	0.24894	0.00482	0.00608	0.00566	0.00246	0.00288
84	0.00608	0.00421	0.00529	0.00529	0.00554	0.00446	0.00343	0.00657	0.00632	0.00867	0.01260	0.02393	0.01373	0.58527	0.28626	0.00495	0.00641	0.00559	0.00245	0.00294
85	0.00606	0.00420	0.00525	0.00527	0.00551	0.00442	0.00340	0.00653	0.00635	0.00869	0.01284	0.04101	0.01409	0.58496	0.26918	0.00484	0.00623	0.00574	0.00249	0.00293
86	0.01570	0.02004	0.01191	0.01083	0.01300	0.83539	0.00812	0.01679	0.01191	0.01029	0.00650	0.00758	0.00541	0.00433	0.00379	0.00108	0.00758	0.00271	0.00217	0.00487
87	0.00590	0.00430	0.00556	0.00524	0.00625	0.00395	0.00393	0.00784	0.01179	0.01660	0.78744	0.03182	0.07621	0.00869	0.00496	0.00133	0.00199	0.00766	0.00459	0.00395
88	0.00843	0.02174	0.83048	0.01198	0.01819	0.00976	0.01553	0.01331	0.00888	0.01331	0.00754	0.00888	0.00533	0.00399	0.00399	0.00133	0.00621	0.00311	0.00178	0.00621
89	0.05583	0.01136	0.01217	0.00937	0.01269	0.01251	0.00774	0.73373	0.01878	0.06836	0.01024	0.01016	0.00720	0.00500	0.00413	0.00127	0.00451	0.00374	0.00418	0.00703
90	0.01435	0.00904	0.01004	0.00795	0.01070	0.00959	0.00648	0.45919	0.03890	0.16709	0.04436	0.01294	0.00989	0.00520	0.00399	0.00122	0.00377	0.00407	0.17484	0.00638
91	0.88196	0.00813	0.00618	0.00553	0.00813	0.00943	0.00455	0.01236	0.00715	0.01886	0.00585	0.00683	0.00455	0.00390	0.00260	0.00130	0.00325	0.00228	0.00260	0.00455
92	0.01752	0.00788	0.01031	0.00798	0.01113	0.00734	0.02146	0.15953	0.01317	0.63260	0.01560	0.05360	0.01059	0.00553	0.00429	0.00132	0.00377	0.00453	0.00491	0.00695
93	0.00512	0.00366	0.00488	0.00585	0.00610	0.00341	0.00390	0.00585	0.00805	0.01073	0.02317	0.84952	0.02780	0.01317	0.00537	0.00171	0.00244	0.01195	0.00390	0.00341
94	0.01004	0.00962	0.01641	0.14561	0.70906	0.00989	0.01272	0.01258	0.00940	0.01329	0.00784	0.01052	0.00650	0.00381	0.00417	0.00127	0.00508	0.00374	0.00205	0.00637
95	0.00893	0.00747	0.00874	0.00625	0.00998	0.00562	0.00501	0.01079	0.00879	0.03041	0.00766	0.00883	0.00631	0.00316	0.00314	0.00064	0.00312	0.00253	0.00255	0.86011
96	0.00850	0.04344	0.80943	0.01186	0.01800	0.00994	0.01531	0.01329	0.00887	0.01322	0.00750	0.00882	0.00533	0.00398	0.00396	0.00132	0.00617	0.00308	0.00178	0.00619
97	0.01560	0.01965	0.01188	0.01076	0.01295	0.80223	0.00809	0.03286	0.02835	0.01076	0.00678	0.00779	0.00560	0.00437	0.00381	0.00109	0.00744	0.00277	0.00225	0.00496
98	0.00498	0.00426	0.00428	0.00428	0.00569	0.00356	0.00321	0.00607	0.00962	0.01145	0.05581	0.04030	0.81106	0.01061	0.00497	0.00142	0.00213	0.00885	0.00392	0.00356
99	0.00595	0.00430	0.00562	0.00529	0.00628	0.00397	0.00397	0.00793	0.01190	0.01686	0.82382	0.03140	0.03966	0.00859	0.00496	0.00132	0.00198	0.00760	0.00463	0.00397
100	0.00649	0.00508	0.00625	0.00664	0.00763	0.00519	0.00516	0.00927	0.12581	0.01249	0.04415	0.29956	0.17473	0.01087	0.00553	0.00167	0.03048	0.23500	0.00390	0.00409
101	0.00698	0.00513	0.00736	0.00876	0.05490	0.00513	0.00712	0.00895	0.00967	0.01265	0.02145	0.04533	0.02320	0.01117	0.00571	0.00190	0.00393	0.75287	0.00377	0.00403
102	0.88196	0.00813	0.00618	0.00553	0.00813	0.00943	0.00455	0.01236	0.00715	0.01886	0.00585	0.00683	0.00455	0.00390	0.00260	0.00130	0.00325	0.00228	0.00260	0.00455
103	0.00564	0.00436	0.00514	0.00493	0.00612	0.00391	0.00370	0.00742	0.02453	0.01468	0.49980	0.03474	0.35105	0.00936	0.00495	0.00136	0.00206	0.00806	0.00433	0.00385
