[name]
unknown

[dist]
# distance from previous block
# <min> <max>
0	11

[block]
# block no. 0 follows, 54 sequences, length 32
# corresponding to MSA columns:
# 11-42
name=unknown_A
#
# <colnr> <probs for GDERKNQSTAVLIFYWHMCP>
#	G	D	E	R	K	N	Q	S	T	A	V	L	I	F	Y	W	H	M	C	P
0	0.00760	0.00543	0.00760	0.00868	0.00977	0.00543	0.00760	0.00977	0.01085	0.01411	0.02496	0.05319	0.02714	0.01303	0.00651	0.00217	0.00434	0.77315	0.00434	0.00434
1	0.01586	0.30710	0.01733	0.01072	0.01371	0.53701	0.00875	0.01718	0.01204	0.01138	0.00703	0.00817	0.00607	0.00457	0.00382	0.00114	0.00729	0.00286	0.00229	0.00567
2	0.00890	0.00838	0.01414	0.82296	0.03247	0.01048	0.01309	0.01205	0.00943	0.01205	0.00838	0.01257	0.00629	0.00471	0.00471	0.00157	0.00629	0.00419	0.00210	0.00524
3	0.00673	0.00453	0.00522	0.00530	0.00542	0.00447	0.00310	0.00687	0.00738	0.00981	0.04003	0.10219	0.05029	0.68505	0.02100	0.02472	0.00424	0.00754	0.00310	0.00302
4	0.00997	0.02161	0.66976	0.03341	0.07401	0.01052	0.01614	0.01491	0.01028	0.04793	0.04178	0.01143	0.00791	0.00474	0.00455	0.00149	0.00654	0.00381	0.00231	0.00690
5	0.00716	0.00529	0.00749	0.00737	0.00820	0.00604	0.00559	0.03692	0.00802	0.01139	0.01288	0.01993	0.01238	0.14274	0.67831	0.00694	0.01126	0.00527	0.00265	0.00417
6	0.06185	0.00803	0.00951	0.02513	0.02886	0.00810	0.00653	0.10467	0.14278	0.24557	0.15036	0.02273	0.11933	0.00730	0.00488	0.00150	0.00362	0.01841	0.02439	0.00644
7	0.01189	0.18509	0.28246	0.01132	0.01600	0.02870	0.07797	0.15523	0.06416	0.01693	0.02326	0.01233	0.02685	0.03135	0.00496	0.00146	0.00577	0.00403	0.00288	0.03737
8	0.04018	0.00895	0.01062	0.00811	0.01166	0.00826	0.00657	0.18054	0.01362	0.31264	0.01333	0.01357	0.00953	0.03776	0.00500	0.00133	0.00403	0.00405	0.04493	0.26531
9	0.01051	0.00809	0.01203	0.47375	0.02298	0.00930	0.01020	0.08726	0.03637	0.09249	0.05545	0.08724	0.04337	0.00658	0.00495	0.00159	0.00515	0.02376	0.00330	0.00561
10	0.00608	0.00446	0.00595	0.00681	0.00709	0.00443	0.00466	0.00691	0.00882	0.01185	0.02407	0.70801	0.02864	0.06453	0.02860	0.00224	0.03925	0.02961	0.00413	0.00385
11	0.01030	0.00856	0.06201	0.00879	0.01076	0.02716	0.04841	0.10674	0.04019	0.08991	0.01924	0.21994	0.06380	0.12079	0.02146	0.00218	0.03838	0.07841	0.01769	0.00525
12	0.01122	0.19050	0.16327	0.00919	0.01346	0.01071	0.02906	0.06527	0.01082	0.05442	0.03495	0.01166	0.02623	0.00536	0.02345	0.00127	0.03140	0.00357	0.00283	0.30136
13	0.20868	0.06159	0.04439	0.01038	0.01315	0.49785	0.00833	0.03944	0.01193	0.01457	0.02044	0.00902	0.00664	0.00485	0.00407	0.00129	0.01823	0.00308	0.01658	0.00551
14	0.00946	0.02439	0.80987	0.01344	0.02041	0.01095	0.01742	0.01493	0.00995	0.01493	0.00846	0.00995	0.00597	0.00448	0.00448	0.00149	0.00697	0.00348	0.00199	0.00697
15	0.03155	0.03093	0.02576	0.00981	0.02345	0.08940	0.00785	0.27261	0.17131	0.07238	0.03819	0.03258	0.07344	0.00862	0.06284	0.00191	0.03146	0.00509	0.00414	0.00666
16	0.00774	0.00617	0.00764	0.03309	0.00863	0.02263	0.00540	0.01000	0.08190	0.01252	0.13222	0.04778	0.03639	0.28026	0.21822	0.00409	0.07141	0.00639	0.00328	0.00423
17	0.00648	0.00466	0.00591	0.00606	0.00703	0.00425	0.00441	0.00810	0.01154	0.02887	0.40916	0.28230	0.16063	0.01161	0.00571	0.00165	0.00249	0.03010	0.00480	0.00424
18	0.04497	0.00980	0.04902	0.17898	0.08831	0.03506	0.00898	0.11858	0.10929	0.06855	0.05759	0.02085	0.16330	0.00683	0.00486	0.00152	0.00463	0.01911	0.00372	0.00606
19	0.00985	0.00902	0.03191	0.46026	0.20247	0.00991	0.01186	0.04918	0.01058	0.01463	0.04822	0.01388	0.00911	0.00496	0.00459	0.00147	0.00547	0.00441	0.09244	0.00579
20	0.01121	0.33606	0.32013	0.01037	0.01485	0.01358	0.01147	0.01419	0.00980	0.05710	0.04582	0.01120	0.00848	0.02882	0.00564	0.00145	0.08761	0.00358	0.00240	0.00625
21	0.01188	0.04154	0.03258	0.15991	0.18003	0.09019	0.01016	0.15132	0.06222	0.01667	0.05270	0.02597	0.04609	0.02275	0.00566	0.01892	0.02237	0.03967	0.00321	0.00616
22	0.20165	0.01553	0.01189	0.03468	0.01363	0.37809	0.03074	0.10497	0.01275	0.05849	0.02115	0.01033	0.01889	0.00495	0.00408	0.00130	0.00622	0.00344	0.00306	0.06417
23	0.00698	0.00513	0.00629	0.00592	0.00725	0.00475	0.00446	0.00951	0.04988	0.03338	0.59562	0.03608	0.19732	0.00988	0.00551	0.00151	0.00236	0.00859	0.00502	0.00457
24	0.01085	0.01012	0.01596	0.35392	0.37905	0.02775	0.01294	0.04789	0.04326	0.01481	0.00936	0.01238	0.00740	0.00462	0.00465	0.00147	0.00575	0.00423	0.02718	0.00644
25	0.00569	0.00431	0.00526	0.00601	0.00669	0.00388	0.00413	0.00663	0.00956	0.01225	0.03269	0.58944	0.26864	0.01390	0.00588	0.00182	0.00263	0.01234	0.00438	0.00388
26	0.00674	0.00501	0.00738	0.00736	0.00817	0.00575	0.00565	0.00835	0.00779	0.01119	0.04742	0.01999	0.01354	0.08159	0.73314	0.00713	0.01170	0.00531	0.00266	0.00414
27	0.01277	0.76299	0.02372	0.00845	0.01224	0.05906	0.00821	0.01425	0.00968	0.01113	0.00658	0.00772	0.00606	0.00424	0.00358	0.00106	0.03763	0.00261	0.00204	0.00599
28	0.86760	0.00912	0.00693	0.00620	0.00912	0.01058	0.00511	0.01386	0.00802	0.02115	0.00657	0.00766	0.00511	0.00438	0.00292	0.00146	0.00365	0.00255	0.00292	0.00511
29	0.01193	0.63235	0.12276	0.00898	0.01294	0.03355	0.00920	0.01385	0.00945	0.01152	0.00713	0.00902	0.00651	0.03874	0.00486	0.00129	0.05496	0.00293	0.00206	0.00597
30	0.01123	0.15564	0.12269	0.01369	0.05416	0.06196	0.24772	0.04120	0.09255	0.01501	0.04090	0.05010	0.03740	0.00558	0.00492	0.00147	0.01697	0.01768	0.00288	0.00624
31	0.01110	0.01142	0.06157	0.08115	0.67427	0.01082	0.01410	0.01398	0.01053	0.01500	0.00956	0.04760	0.00835	0.00472	0.00472	0.00144	0.00560	0.00456	0.00239	0.00713

[dist]
# distance from previous block
# <min> <max>
0	10

[block]
# block no. 1 follows, 54 sequences, length 43
# corresponding to MSA columns:
# 53-76,78-96
name=unknown_B
#
# <colnr> <probs for GDERKNQSTAVLIFYWHMCP>
#	G	D	E	R	K	N	Q	S	T	A	V	L	I	F	Y	W	H	M	C	P
0	0.01214	0.01033	0.01089	0.00968	0.01242	0.01192	0.00756	0.07617	0.74457	0.02039	0.01866	0.01717	0.01397	0.00635	0.00479	0.00159	0.00383	0.00526	0.00479	0.00750
1	0.04582	0.03189	0.04162	0.06149	0.01608	0.16871	0.12889	0.21551	0.08607	0.01852	0.04217	0.03725	0.02887	0.00564	0.00481	0.00142	0.01514	0.00469	0.00343	0.04197
2	0.00693	0.00477	0.00565	0.00560	0.00569	0.00497	0.00338	0.00714	0.00694	0.00940	0.01439	0.02898	0.01627	0.72601	0.10946	0.00483	0.02713	0.00659	0.00280	0.00306
3	0.00990	0.04072	0.63335	0.01281	0.01890	0.01078	0.05480	0.04334	0.02742	0.02551	0.06099	0.01239	0.01833	0.00497	0.00460	0.00149	0.00644	0.00405	0.00246	0.00678
4	0.32416	0.23318	0.10251	0.00897	0.01233	0.12626	0.00837	0.03217	0.00971	0.01574	0.00725	0.00903	0.00609	0.00484	0.00440	0.00137	0.07029	0.01516	0.00250	0.00567
5	0.86760	0.00912	0.00693	0.00620	0.00912	0.01058	0.00511	0.01386	0.00802	0.02115	0.00657	0.00766	0.00511	0.00438	0.00292	0.00146	0.00365	0.00255	0.00292	0.00511
6	0.00969	0.08960	0.70514	0.01300	0.01951	0.01143	0.03321	0.01472	0.00998	0.01460	0.00882	0.01111	0.00663	0.00469	0.00445	0.00148	0.00676	0.02631	0.00207	0.00680
7	0.00699	0.00471	0.00604	0.00619	0.00716	0.00428	0.00445	0.00849	0.01125	0.06130	0.34092	0.36336	0.13347	0.01182	0.00570	0.00167	0.00256	0.01050	0.00479	0.00434
8	0.00724	0.00578	0.00732	0.03833	0.00883	0.00600	0.00540	0.01017	0.08893	0.01622	0.41019	0.13664	0.14348	0.01060	0.02393	0.00174	0.06150	0.00850	0.00453	0.00467
9	0.00581	0.00431	0.00532	0.00603	0.00662	0.00394	0.00409	0.00671	0.00942	0.01223	0.05594	0.56813	0.20916	0.07026	0.00714	0.00201	0.00276	0.01199	0.00430	0.00382
10	0.01224	0.01038	0.01095	0.00970	0.01246	0.01197	0.00759	0.08861	0.73197	0.02055	0.01854	0.01707	0.01386	0.00634	0.00479	0.00158	0.00385	0.00524	0.00479	0.00751
11	0.01429	0.01250	0.01203	0.01027	0.01324	0.10693	0.00811	0.25452	0.47122	0.02177	0.01542	0.01464	0.01150	0.00599	0.00471	0.00150	0.00473	0.00473	0.00450	0.00740
12	0.01030	0.00973	0.01360	0.01177	0.01193	0.01333	0.00973	0.01136	0.00756	0.03775	0.00806	0.06704	0.00818	0.00904	0.02694	0.00212	0.72926	0.00480	0.00235	0.00515
13	0.00890	0.00838	0.01414	0.82296	0.03247	0.01048	0.01309	0.01205	0.00943	0.01205	0.00838	0.01257	0.00629	0.00471	0.00471	0.00157	0.00629	0.00419	0.00210	0.00524
14	0.00611	0.00447	0.00538	0.00595	0.00675	0.00401	0.00413	0.00708	0.00968	0.02965	0.04214	0.48556	0.29383	0.05369	0.00672	0.00192	0.00275	0.02188	0.00434	0.00394
15	0.00614	0.00437	0.00533	0.00589	0.00636	0.00408	0.00390	0.00671	0.00872	0.01131	0.02656	0.43071	0.17589	0.20870	0.01089	0.04999	0.00321	0.02382	0.00389	0.00354
16	0.00819	0.00410	0.00614	0.00614	0.00614	0.00410	0.00410	0.00614	0.00614	0.00819	0.00819	0.01433	0.00819	0.01638	0.01843	0.86282	0.00410	0.00410	0.00205	0.00205
17	0.64563	0.00844	0.00708	0.00629	0.00902	0.00947	0.00512	0.01456	0.04149	0.08497	0.01021	0.01091	0.02973	0.00492	0.00326	0.00143	0.00349	0.00326	0.09540	0.00533
18	0.01079	0.00982	0.01504	0.47688	0.22943	0.04179	0.01256	0.06232	0.01077	0.03687	0.00912	0.01245	0.00708	0.00595	0.03836	0.00175	0.00632	0.00420	0.00246	0.00604
19	0.01108	0.00999	0.01053	0.00794	0.01174	0.09611	0.02481	0.04148	0.01090	0.03886	0.02958	0.01191	0.03800	0.00427	0.00384	0.00088	0.00416	0.00341	0.00302	0.63748
20	0.61054	0.06047	0.06200	0.00848	0.04035	0.04488	0.01992	0.07717	0.00977	0.02013	0.00724	0.00837	0.00562	0.00447	0.00334	0.00142	0.00442	0.00288	0.00290	0.00564
21	0.01241	0.39770	0.23400	0.01010	0.01452	0.06933	0.02367	0.01537	0.03115	0.07685	0.04326	0.01060	0.00841	0.00479	0.00421	0.00127	0.02999	0.00343	0.00256	0.00636
22	0.00687	0.06224	0.00687	0.00579	0.00725	0.00556	0.00442	0.03644	0.01051	0.01302	0.05734	0.12572	0.45925	0.11095	0.00771	0.00198	0.00312	0.06673	0.00407	0.00416
23	0.01452	0.03251	0.08536	0.04353	0.04356	0.00922	0.01788	0.17226	0.01318	0.24069	0.01229	0.01348	0.00908	0.06187	0.00570	0.00148	0.00467	0.00412	0.00390	0.21071
24	0.01119	0.02039	0.01565	0.42709	0.12465	0.06784	0.08486	0.06673	0.01088	0.04460	0.00924	0.01284	0.00727	0.03927	0.00594	0.00165	0.03717	0.00435	0.00253	0.00585
25	0.58586	0.00996	0.03965	0.04915	0.01164	0.04327	0.03574	0.01441	0.00920	0.09152	0.01081	0.01159	0.06075	0.00506	0.00358	0.00147	0.00422	0.00352	0.00317	0.00544
26	0.02758	0.04593	0.03584	0.02522	0.05637	0.11137	0.25752	0.05561	0.01139	0.08735	0.01318	0.18235	0.01233	0.00686	0.00565	0.00157	0.04841	0.00634	0.00321	0.00592
27	0.01005	0.00884	0.01045	0.02966	0.05191	0.04717	0.03650	0.05166	0.25684	0.01726	0.16872	0.05517	0.08110	0.00777	0.00539	0.00154	0.02821	0.06279	0.00417	0.06481
28	0.00865	0.00498	0.00541	0.00522	0.00651	0.00497	0.00396	0.01148	0.06229	0.03617	0.14270	0.02227	0.07132	0.00776	0.03394	0.00147	0.00274	0.00552	0.55797	0.00466
29	0.00578	0.00420	0.00543	0.00636	0.00677	0.00388	0.00428	0.00667	0.00929	0.01228	0.05347	0.71963	0.10181	0.02822	0.00627	0.00192	0.00272	0.01282	0.00438	0.00385
30	0.01652	0.01106	0.01292	0.01005	0.01345	0.01179	0.04952	0.47844	0.07023	0.14987	0.01341	0.01334	0.00948	0.00563	0.00459	0.00140	0.00468	0.00449	0.11168	0.00744
31	0.00580	0.00414	0.00544	0.00646	0.00674	0.00387	0.00428	0.00658	0.00895	0.01190	0.02582	0.77585	0.04479	0.05648	0.00693	0.00204	0.00282	0.01301	0.00430	0.00378
32	0.01233	0.01127	0.03489	0.04876	0.02780	0.08042	0.00824	0.21158	0.01286	0.01765	0.01008	0.02425	0.00875	0.03771	0.00659	0.00143	0.11653	0.04304	0.00319	0.28261
33	0.00611	0.00455	0.00606	0.00682	0.00715	0.00459	0.00470	0.00697	0.00877	0.01180	0.02408	0.66695	0.05071	0.05752	0.06307	0.00244	0.04790	0.01189	0.00405	0.00388
34	0.01138	0.02514	0.02825	0.22779	0.14699	0.02257	0.06567	0.12720	0.01140	0.05569	0.01034	0.01423	0.00855	0.07566	0.08647	0.00236	0.05658	0.00457	0.01321	0.00597
35	0.00742	0.00625	0.00908	0.00867	0.00944	0.02088	0.04598	0.00886	0.00827	0.01165	0.01547	0.26194	0.01646	0.02250	0.38345	0.00453	0.13298	0.00741	0.01441	0.00437
36	0.00628	0.00480	0.00576	0.00552	0.00680	0.00428	0.00414	0.00813	0.01241	0.01669	0.53170	0.03886	0.31656	0.01047	0.00557	0.00152	0.00228	0.00904	0.00490	0.00428
37	0.00778	0.00635	0.00840	0.00884	0.08164	0.00632	0.02437	0.01101	0.10545	0.01621	0.35543	0.04635	0.16436	0.07639	0.00718	0.00181	0.02329	0.03952	0.00436	0.00492
38	0.00991	0.04893	0.00895	0.03147	0.00927	0.00775	0.00565	0.13246	0.01041	0.05703	0.01394	0.07753	0.01359	0.27133	0.17806	0.00369	0.03637	0.00582	0.07311	0.00474
39	0.00636	0.00459	0.00560	0.00571	0.00640	0.00430	0.00389	0.00752	0.01019	0.01376	0.29996	0.20725	0.14374	0.23626	0.02149	0.00252	0.00314	0.00929	0.00423	0.00381
40	0.04101	0.12252	0.48825	0.01222	0.01770	0.01169	0.07584	0.07603	0.01090	0.01573	0.02209	0.06673	0.00854	0.00526	0.00447	0.00146	0.00618	0.00432	0.00249	0.00657
41	0.00951	0.02262	0.72453	0.01275	0.01922	0.01061	0.01615	0.04357	0.01047	0.01534	0.01127	0.01244	0.06082	0.00504	0.00456	0.00150	0.00659	0.00396	0.00226	0.00680
42	0.00989	0.13592	0.70212	0.01270	0.01927	0.01201	0.01614	0.01482	0.00990	0.01441	0.00820	0.00963	0.00598	0.00442	0.00428	0.00143	0.00670	0.00335	0.00199	0.00684

[dist]
# distance from previous block
# <min> <max>
5	14

[block]
# block no. 2 follows, 54 sequences, length 13
# corresponding to MSA columns:
# 111-123
name=unknown_C
#
# <colnr> <probs for GDERKNQSTAVLIFYWHMCP>
#	G	D	E	R	K	N	Q	S	T	A	V	L	I	F	Y	W	H	M	C	P
0	0.07784	0.00870	0.01337	0.56600	0.09753	0.01016	0.01156	0.04348	0.00995	0.01400	0.00917	0.04758	0.00750	0.00504	0.00455	0.00150	0.00564	0.00438	0.00243	0.05963
1	0.06798	0.01158	0.01429	0.04495	0.22484	0.03562	0.00995	0.34720	0.01519	0.02133	0.01028	0.04637	0.00839	0.00548	0.00508	0.00141	0.04688	0.00436	0.00350	0.07530
2	0.01143	0.01078	0.01654	0.14100	0.52198	0.03453	0.01266	0.03873	0.09802	0.01545	0.01023	0.01318	0.00846	0.04042	0.00551	0.00158	0.00552	0.00441	0.00267	0.00690
3	0.01089	0.06248	0.01798	0.26788	0.52113	0.01145	0.01365	0.01371	0.01027	0.01412	0.00858	0.01168	0.00702	0.00435	0.00458	0.00143	0.00577	0.00409	0.00224	0.00670
4	0.00602	0.00466	0.00547	0.00558	0.00668	0.00418	0.00404	0.00741	0.01089	0.01417	0.25921	0.19272	0.37322	0.04584	0.03663	0.00197	0.00288	0.00990	0.00448	0.00405
5	0.00643	0.00506	0.00572	0.00551	0.00693	0.00452	0.00413	0.03455	0.01207	0.01567	0.33603	0.07335	0.45118	0.01096	0.00556	0.00156	0.00244	0.00935	0.00470	0.00429
6	0.00592	0.00435	0.00554	0.00634	0.00692	0.00401	0.00442	0.00696	0.00966	0.01268	0.08213	0.58872	0.15200	0.03175	0.00634	0.00191	0.00279	0.05925	0.00440	0.00391
7	0.00994	0.00986	0.01359	0.10250	0.01438	0.04754	0.02734	0.01138	0.00788	0.01146	0.00756	0.01182	0.00709	0.01184	0.13838	0.00282	0.55313	0.00426	0.00216	0.00506
8	0.00579	0.00413	0.00551	0.00654	0.00685	0.00386	0.00438	0.00667	0.00922	0.01234	0.06011	0.79624	0.03177	0.01455	0.00600	0.00190	0.00271	0.01319	0.00441	0.00386
9	0.10524	0.05407	0.04785	0.07894	0.04320	0.03378	0.00921	0.35658	0.06475	0.05782	0.01085	0.03378	0.00837	0.00574	0.00528	0.00149	0.06818	0.00424	0.00375	0.00687
10	0.02751	0.16616	0.37378	0.01166	0.05016	0.01134	0.04765	0.03455	0.01018	0.03876	0.00884	0.01094	0.00704	0.04654	0.00510	0.00144	0.00575	0.00354	0.00240	0.13665
11	0.01255	0.03077	0.01020	0.00795	0.02721	0.00733	0.00616	0.06305	0.05648	0.20333	0.11127	0.03769	0.01439	0.04774	0.00532	0.00132	0.00370	0.00471	0.00406	0.34477
12	0.04621	0.00934	0.03876	0.06707	0.02803	0.02748	0.05425	0.11049	0.06160	0.11527	0.01470	0.13853	0.03386	0.00848	0.05571	0.00180	0.01498	0.00566	0.00369	0.16410

[dist]
# distance from previous block
# <min> <max>
0	1

[block]
# block no. 3 follows, 54 sequences, length 11
# corresponding to MSA columns:
# 125,127-136
name=unknown_D
#
# <colnr> <probs for GDERKNQSTAVLIFYWHMCP>
#	G	D	E	R	K	N	Q	S	T	A	V	L	I	F	Y	W	H	M	C	P
0	0.18949	0.43174	0.06960	0.00809	0.01202	0.05932	0.00773	0.01402	0.00953	0.01415	0.00702	0.00815	0.00600	0.00409	0.00324	0.00110	0.00482	0.00266	0.00235	0.14488
1	0.01226	0.01238	0.01631	0.09102	0.49865	0.14412	0.01229	0.05621	0.01161	0.01500	0.01112	0.04360	0.04435	0.00518	0.00470	0.00141	0.00586	0.00462	0.00263	0.00668
2	0.03102	0.02157	0.04091	0.08715	0.06444	0.08113	0.01858	0.03653	0.03450	0.16940	0.05281	0.09468	0.03163	0.00797	0.00513	0.00161	0.00476	0.17338	0.00394	0.03886
3	0.01085	0.15535	0.08768	0.00867	0.01286	0.05599	0.03753	0.03606	0.01036	0.01466	0.00875	0.03791	0.00755	0.00423	0.00375	0.00095	0.00457	0.00334	0.00266	0.49627
4	0.75021	0.00902	0.00792	0.11785	0.01231	0.01056	0.00620	0.01361	0.00822	0.01991	0.00681	0.00833	0.00527	0.00442	0.00316	0.00147	0.00401	0.00278	0.00281	0.00512
5	0.01133	0.00833	0.00994	0.00718	0.01129	0.00637	0.00577	0.01339	0.01029	0.12374	0.00978	0.01063	0.00762	0.00381	0.00366	0.00080	0.00356	0.00306	0.00321	0.74623
6	0.00971	0.02806	0.01145	0.00925	0.01153	0.00685	0.15275	0.01239	0.04861	0.12534	0.21411	0.11833	0.14715	0.00898	0.00548	0.00162	0.00396	0.07471	0.00436	0.00534
7	0.01185	0.24155	0.03701	0.00943	0.03948	0.04769	0.03079	0.12657	0.05650	0.03036	0.09719	0.07868	0.01336	0.00587	0.00423	0.00123	0.00452	0.00474	0.00335	0.15559
8	0.03365	0.01323	0.12121	0.06779	0.08426	0.12861	0.00991	0.13886	0.07875	0.01677	0.08491	0.01462	0.02702	0.00796	0.05035	0.03502	0.07330	0.00455	0.00318	0.00605
9	0.04532	0.01304	0.01349	0.01048	0.01407	0.04248	0.00861	0.70492	0.02090	0.02830	0.01119	0.01135	0.00802	0.00558	0.00458	0.00140	0.00513	0.00415	0.03930	0.00769
10	0.00904	0.00767	0.02371	0.03314	0.02029	0.03489	0.05177	0.04003	0.05603	0.03652	0.04810	0.10109	0.14659	0.05335	0.04305	0.00194	0.00443	0.11135	0.04250	0.13453

[dist]
# distance from previous block
# <min> <max>
0	1

[block]
# block no. 4 follows, 54 sequences, length 13
# corresponding to MSA columns:
# 138-150
name=unknown_E
#
# <colnr> <probs for GDERKNQSTAVLIFYWHMCP>
#	G	D	E	R	K	N	Q	S	T	A	V	L	I	F	Y	W	H	M	C	P
0	0.01143	0.00898	0.02906	0.00882	0.01032	0.06644	0.00699	0.11542	0.01052	0.10646	0.01210	0.01755	0.01091	0.18914	0.21579	0.00374	0.14679	0.00494	0.01942	0.00520
1	0.03296	0.09072	0.01421	0.01119	0.01367	0.38345	0.02443	0.09260	0.10186	0.04483	0.00976	0.01153	0.00801	0.00571	0.00580	0.00142	0.11422	0.02458	0.00303	0.00603
2	0.00728	0.00548	0.00711	0.00684	0.00709	0.00628	0.00476	0.00793	0.00712	0.00998	0.01303	0.02440	0.01407	0.48352	0.26155	0.00514	0.11622	0.00595	0.00265	0.00357
3	0.00596	0.00481	0.00532	0.00525	0.00669	0.00417	0.00398	0.00749	0.01150	0.01456	0.26386	0.04275	0.55628	0.01132	0.00560	0.00158	0.00241	0.03772	0.00461	0.00413
4	0.01143	0.01095	0.01870	0.09916	0.73658	0.01114	0.01435	0.01426	0.01062	0.01511	0.00883	0.01175	0.00736	0.00425	0.00467	0.00142	0.00566	0.00420	0.00231	0.00727
5	0.00585	0.00423	0.00536	0.00621	0.00659	0.00393	0.00412	0.00662	0.00896	0.01178	0.02706	0.65451	0.11290	0.10853	0.00803	0.00218	0.00291	0.01228	0.00420	0.00373
6	0.04868	0.01257	0.01335	0.01032	0.01391	0.01391	0.00851	0.71763	0.02097	0.02873	0.01137	0.01153	0.00814	0.00560	0.00457	0.00140	0.00497	0.00419	0.05195	0.00771
7	0.20739	0.00573	0.00581	0.00562	0.00646	0.00601	0.00365	0.00911	0.00754	0.04406	0.01385	0.08015	0.01510	0.55172	0.01709	0.00354	0.00421	0.00622	0.00310	0.00365
8	0.01123	0.01099	0.01703	0.20898	0.52967	0.05515	0.01325	0.01398	0.01052	0.01442	0.00864	0.01157	0.00709	0.00431	0.00458	0.00138	0.00578	0.00404	0.00232	0.06510
9	0.01297	0.13100	0.36225	0.01205	0.01665	0.23053	0.01265	0.09090	0.01185	0.01471	0.00803	0.00940	0.00622	0.00487	0.00492	0.00138	0.05747	0.00335	0.00238	0.00643
10	0.71415	0.01169	0.07852	0.00738	0.01061	0.08405	0.00656	0.01441	0.00868	0.01973	0.00680	0.00794	0.00527	0.00443	0.00318	0.00144	0.00438	0.00268	0.00279	0.00530
11	0.00735	0.00529	0.00632	0.00633	0.00734	0.00521	0.00455	0.07665	0.01079	0.01466	0.13564	0.28802	0.16146	0.10469	0.08253	0.00251	0.00390	0.00918	0.06331	0.00428
12	0.02816	0.27349	0.13513	0.02696	0.01357	0.05264	0.00923	0.15440	0.06347	0.02931	0.01141	0.11500	0.01037	0.00685	0.02286	0.00153	0.03152	0.00476	0.00310	0.00625

[dist]
# distance from previous block
# <min> <max>
0	2

[block]
# block no. 5 follows, 54 sequences, length 10
# corresponding to MSA columns:
# 153-162
name=unknown_F
#
# <colnr> <probs for GDERKNQSTAVLIFYWHMCP>
#	G	D	E	R	K	N	Q	S	T	A	V	L	I	F	Y	W	H	M	C	P
0	0.05454	0.17291	0.08865	0.02573	0.01424	0.22016	0.05435	0.05370	0.04203	0.12508	0.03871	0.02406	0.00921	0.01674	0.00481	0.00138	0.02764	0.00394	0.00313	0.01897
1	0.00677	0.00468	0.00549	0.00550	0.00586	0.00460	0.00349	0.00735	0.00831	0.01113	0.13094	0.03336	0.07949	0.58587	0.04415	0.00387	0.00432	0.04816	0.00337	0.00329
2	0.03365	0.00620	0.00728	0.00680	0.00836	0.00623	0.00517	0.05344	0.06967	0.03453	0.17491	0.15942	0.22917	0.02759	0.07351	0.00213	0.03904	0.00813	0.00421	0.05056
3	0.18131	0.01180	0.07212	0.06783	0.08731	0.06143	0.07342	0.16612	0.07938	0.01883	0.03834	0.02676	0.04380	0.04523	0.00540	0.00163	0.00516	0.00463	0.00333	0.00617
4	0.01332	0.03682	0.02838	0.00950	0.01199	0.08608	0.06269	0.06452	0.04960	0.23520	0.01841	0.13528	0.09038	0.00973	0.06398	0.00200	0.06573	0.00628	0.00406	0.00606
5	0.00588	0.00430	0.00540	0.00612	0.00664	0.00396	0.00413	0.00679	0.00944	0.01243	0.08645	0.58377	0.15226	0.08012	0.00737	0.00205	0.00279	0.01197	0.00432	0.00382
6	0.01395	0.03167	0.07437	0.11970	0.05533	0.14641	0.08374	0.19030	0.04520	0.08294	0.01179	0.01302	0.04192	0.00554	0.00545	0.00148	0.06297	0.00439	0.00329	0.00652
7	0.01207	0.33268	0.21469	0.07317	0.07620	0.10585	0.07627	0.03385	0.01062	0.01327	0.00778	0.00946	0.00630	0.00434	0.00402	0.00128	0.00629	0.00336	0.00218	0.00633
8	0.01312	0.00847	0.01084	0.00901	0.01168	0.00870	0.06462	0.07742	0.26646	0.20926	0.14634	0.04962	0.01809	0.00679	0.00488	0.00150	0.00381	0.00587	0.07683	0.00667
9	0.00601	0.00460	0.00555	0.00594	0.00693	0.00413	0.00434	0.00737	0.01069	0.01388	0.19625	0.32101	0.31429	0.01254	0.00580	0.00173	0.00262	0.06773	0.00454	0.00405

[dist]
# distance from previous block
# <min> <max>
0	2

[block]
# block no. 6 follows, 54 sequences, length 8
# corresponding to MSA columns:
# 165-172
name=unknown_G
#
# <colnr> <probs for GDERKNQSTAVLIFYWHMCP>
#	G	D	E	R	K	N	Q	S	T	A	V	L	I	F	Y	W	H	M	C	P
0	0.00992	0.00943	0.01578	0.37480	0.30891	0.01070	0.03491	0.01263	0.00977	0.01335	0.00968	0.05126	0.00849	0.00554	0.00584	0.00159	0.08234	0.02675	0.00236	0.00598
1	0.01101	0.00742	0.01077	0.04440	0.08816	0.00757	0.04564	0.01345	0.04697	0.18691	0.12333	0.06747	0.13770	0.01032	0.07058	0.00209	0.08127	0.03514	0.00406	0.00572
2	0.00843	0.00479	0.00729	0.00821	0.08062	0.00479	0.00498	0.00697	0.00662	0.00892	0.00868	0.01514	0.00869	0.06744	0.01750	0.72765	0.00427	0.00428	0.00213	0.00261
3	0.01083	0.09207	0.48675	0.01257	0.01800	0.09906	0.08662	0.01491	0.01067	0.03808	0.03686	0.01276	0.05026	0.00505	0.00453	0.00143	0.00657	0.00410	0.00243	0.00645
4	0.02928	0.00976	0.09964	0.08596	0.02678	0.06009	0.02095	0.06395	0.04675	0.01533	0.14217	0.05533	0.19164	0.07951	0.00668	0.00178	0.00437	0.02534	0.00364	0.03106
5	0.01202	0.03549	0.08697	0.03049	0.04674	0.04583	0.09585	0.18159	0.09232	0.05798	0.05863	0.06379	0.05556	0.02352	0.04298	0.00184	0.00545	0.03164	0.00372	0.02758
6	0.01090	0.03981	0.10511	0.00881	0.01225	0.00911	0.02335	0.15478	0.12099	0.03754	0.04357	0.07023	0.12431	0.00683	0.00466	0.00136	0.00418	0.02327	0.00380	0.19516
7	0.01151	0.03923	0.05888	0.01123	0.11037	0.02970	0.04605	0.06875	0.08912	0.10054	0.05888	0.04896	0.10616	0.00618	0.00460	0.00132	0.00433	0.00527	0.00367	0.19526

[dist]
# distance from previous block
# <min> <max>
1	21

[block]
# block no. 7 follows, 54 sequences, length 149
# corresponding to MSA columns:
# 441-498,518-573,575-609
name=unknown_H
#
# <colnr> <probs for GDERKNQSTAVLIFYWHMCP>
#	G	D	E	R	K	N	Q	S	T	A	V	L	I	F	Y	W	H	M	C	P
0	0.01224	0.02943	0.03194	0.10799	0.07815	0.02676	0.13880	0.09538	0.04721	0.11974	0.02480	0.07789	0.02826	0.00567	0.00473	0.00138	0.00510	0.00515	0.00345	0.15594
1	0.00927	0.00819	0.06295	0.00861	0.01122	0.00670	0.06627	0.01255	0.09831	0.07364	0.05978	0.28619	0.03541	0.00860	0.00503	0.00148	0.00382	0.02947	0.00389	0.20861
2	0.06255	0.00791	0.00955	0.08146	0.01237	0.00735	0.00641	0.04717	0.07441	0.10933	0.13855	0.04399	0.03960	0.00588	0.00435	0.00121	0.00365	0.00489	0.00382	0.33555
3	0.01142	0.04629	0.03672	0.22588	0.08384	0.13393	0.17019	0.03782	0.04304	0.01426	0.03092	0.01363	0.02119	0.00499	0.00485	0.00142	0.01639	0.02266	0.00264	0.07792
4	0.00739	0.00597	0.00672	0.06017	0.00920	0.00572	0.00501	0.10176	0.01207	0.01517	0.09909	0.11701	0.51584	0.01080	0.00546	0.00159	0.00301	0.00911	0.00433	0.00457
5	0.01122	0.01168	0.06075	0.07992	0.63659	0.01105	0.07204	0.01426	0.01069	0.01521	0.02605	0.01223	0.00809	0.00435	0.00475	0.00143	0.00582	0.00436	0.00237	0.00715
6	0.00833	0.00684	0.00886	0.00898	0.05037	0.00678	0.03428	0.01252	0.18611	0.01505	0.06953	0.25569	0.09279	0.01006	0.00566	0.02011	0.00355	0.10780	0.00413	0.09259
7	0.00890	0.00838	0.01414	0.82296	0.03247	0.01048	0.01309	0.01205	0.00943	0.01205	0.00838	0.01257	0.00629	0.00471	0.00471	0.00157	0.00629	0.00419	0.00210	0.00524
8	0.01320	0.01056	0.01127	0.00968	0.01255	0.01194	0.00765	0.22692	0.52842	0.03759	0.01800	0.04583	0.03170	0.00662	0.00484	0.00156	0.00406	0.00543	0.00477	0.00741
9	0.86760	0.00912	0.00693	0.00620	0.00912	0.01058	0.00511	0.01386	0.00802	0.02115	0.00657	0.00766	0.00511	0.00438	0.00292	0.00146	0.00365	0.00255	0.00292	0.00511
10	0.00557	0.00478	0.00478	0.00478	0.00637	0.00398	0.00358	0.00677	0.01075	0.01274	0.04776	0.04538	0.80297	0.01194	0.00557	0.00159	0.00239	0.00995	0.00438	0.00398
11	0.22527	0.00595	0.00622	0.00588	0.00757	0.00595	0.00454	0.00990	0.01122	0.03328	0.37518	0.05913	0.19881	0.00899	0.00491	0.00153	0.00272	0.02398	0.00440	0.00456
12	0.86760	0.00912	0.00693	0.00620	0.00912	0.01058	0.00511	0.01386	0.00802	0.02115	0.00657	0.00766	0.00511	0.00438	0.00292	0.00146	0.00365	0.00255	0.00292	0.00511
13	0.00557	0.00478	0.00478	0.00478	0.00637	0.00398	0.00358	0.00677	0.01075	0.01274	0.04776	0.04538	0.80297	0.01194	0.00557	0.00159	0.00239	0.00995	0.00438	0.00398
14	0.00956	0.02368	0.76267	0.01383	0.02066	0.01101	0.06391	0.01494	0.01003	0.01494	0.00853	0.01012	0.00604	0.00445	0.00455	0.00150	0.00703	0.00361	0.00201	0.00693
15	0.00918	0.00866	0.01464	0.74313	0.11013	0.01055	0.01323	0.01229	0.00956	0.01238	0.00843	0.01248	0.00640	0.00466	0.00471	0.00155	0.00622	0.00419	0.00212	0.00546
16	0.14317	0.01257	0.01295	0.01087	0.04591	0.06731	0.00852	0.48029	0.03719	0.07737	0.01066	0.01102	0.00774	0.00552	0.00497	0.00145	0.04713	0.00397	0.00414	0.00723
17	0.00570	0.00445	0.00519	0.00577	0.00668	0.00393	0.00408	0.00673	0.00987	0.01241	0.03615	0.44687	0.39202	0.01341	0.00582	0.00177	0.00261	0.02824	0.00438	0.00391
18	0.01030	0.01554	0.30066	0.02540	0.02018	0.01048	0.35406	0.01426	0.01053	0.05030	0.01265	0.06045	0.05555	0.00547	0.00547	0.00158	0.03276	0.00544	0.00262	0.00631
19	0.01141	0.02107	0.63418	0.01305	0.01936	0.01038	0.06476	0.01621	0.01059	0.14000	0.01013	0.01109	0.00695	0.00466	0.00459	0.00149	0.00656	0.00381	0.00262	0.00710
20	0.01139	0.01130	0.02039	0.07844	0.61370	0.01129	0.15455	0.01443	0.01072	0.01513	0.00896	0.01192	0.00734	0.00419	0.00483	0.00145	0.00607	0.00445	0.00233	0.00712
21	0.01220	0.01201	0.02196	0.01637	0.01981	0.03764	0.47532	0.03466	0.04376	0.08192	0.00995	0.01251	0.00762	0.00524	0.00756	0.00167	0.18568	0.00506	0.00277	0.00630
22	0.01130	0.01069	0.01794	0.19237	0.61930	0.01117	0.01400	0.03949	0.01084	0.01518	0.00885	0.01184	0.00724	0.00436	0.00468	0.00144	0.00573	0.00420	0.00236	0.00703
23	0.01575	0.01103	0.14397	0.01101	0.03018	0.00807	0.12214	0.01851	0.01236	0.44813	0.08788	0.04310	0.01366	0.00596	0.00493	0.00150	0.00489	0.00528	0.00453	0.00713
24	0.01286	0.00963	0.01053	0.00933	0.01205	0.01079	0.00729	0.02415	0.66019	0.13049	0.01933	0.04417	0.01456	0.00659	0.00483	0.00159	0.00374	0.00551	0.00493	0.00742
25	0.01250	0.72043	0.05986	0.00872	0.01259	0.04675	0.00867	0.01416	0.00959	0.01130	0.00665	0.00787	0.00606	0.00434	0.00389	0.00110	0.05478	0.00268	0.00203	0.00602
26	0.03855	0.05940	0.62452	0.01376	0.04336	0.03287	0.07408	0.01515	0.01016	0.03346	0.00861	0.01013	0.00622	0.00445	0.00445	0.00147	0.00678	0.00361	0.00216	0.00682
27	0.01759	0.01689	0.01371	0.01134	0.01453	0.34166	0.00897	0.44929	0.04407	0.02196	0.00993	0.01038	0.00743	0.00536	0.00453	0.00134	0.00649	0.00379	0.00378	0.00696
28	0.00559	0.00473	0.00483	0.00491	0.00640	0.00397	0.00364	0.00675	0.01062	0.01268	0.04613	0.10432	0.74508	0.01215	0.00561	0.00162	0.00241	0.01021	0.00438	0.00397
29	0.01737	0.01333	0.01296	0.01045	0.01381	0.13702	0.00842	0.44037	0.12450	0.14322	0.01305	0.02248	0.00942	0.00577	0.00468	0.00142	0.00530	0.00439	0.00454	0.00750
30	0.00711	0.00516	0.00704	0.02396	0.04642	0.00490	0.00567	0.00881	0.01105	0.03484	0.26419	0.29686	0.09622	0.01170	0.00581	0.00176	0.00310	0.15645	0.00451	0.00444
31	0.02115	0.00802	0.01094	0.00839	0.01204	0.00693	0.00693	0.02298	0.01350	0.80815	0.01860	0.01605	0.01167	0.00584	0.00474	0.00146	0.00401	0.00474	0.00584	0.00802
32	0.00686	0.00457	0.00514	0.00514	0.00514	0.00457	0.00286	0.00686	0.00686	0.00914	0.01486	0.03086	0.01714	0.83430	0.02400	0.00457	0.00457	0.00686	0.00286	0.00286
33	0.01117	0.01244	0.02639	0.03336	0.13443	0.01180	0.66729	0.01497	0.01105	0.01510	0.00943	0.01257	0.00719	0.00402	0.00543	0.00156	0.00759	0.00535	0.00237	0.00650
34	0.01261	0.83713	0.02471	0.00807	0.01210	0.01866	0.00807	0.01412	0.00958	0.01109	0.00656	0.00756	0.00605	0.00403	0.00303	0.00101	0.00504	0.00252	0.00202	0.00605
35	0.00574	0.00410	0.00547	0.00657	0.00684	0.00383	0.00438	0.00657	0.00903	0.01204	0.02599	0.83122	0.03119	0.01477	0.00602	0.00191	0.00274	0.01340	0.00438	0.00383
36	0.05251	0.04295	0.01515	0.11194	0.11751	0.10774	0.06650	0.25300	0.15011	0.01973	0.01102	0.01207	0.00834	0.00515	0.00459	0.00144	0.00564	0.00423	0.00349	0.00689
37	0.01079	0.01011	0.01697	0.06105	0.64943	0.01015	0.01289	0.01352	0.01107	0.01578	0.12903	0.01528	0.01302	0.00505	0.00481	0.00142	0.00512	0.00486	0.00276	0.00691
38	0.00574	0.00410	0.00547	0.00657	0.00684	0.00383	0.00438	0.00657	0.00903	0.01204	0.02599	0.83122	0.03119	0.01477	0.00602	0.00191	0.00274	0.01340	0.00438	0.00383
39	0.00744	0.00538	0.00738	0.00838	0.00950	0.00531	0.00728	0.00953	0.01085	0.01400	0.02675	0.05258	0.08773	0.01294	0.00644	0.00213	0.00419	0.71354	0.00434	0.00431
40	0.11813	0.08615	0.21655	0.00983	0.01384	0.06074	0.01913	0.06406	0.13618	0.13710	0.05583	0.01328	0.01056	0.00535	0.00429	0.00142	0.00501	0.00412	0.03179	0.00664
41	0.00807	0.00611	0.00896	0.01106	0.10572	0.00610	0.00835	0.01031	0.01090	0.01439	0.04313	0.04771	0.02521	0.01187	0.00627	0.00206	0.00444	0.66051	0.00412	0.00472
42	0.02059	0.00815	0.01093	0.00846	0.01205	0.00722	0.00696	0.02310	0.06075	0.76056	0.01864	0.01614	0.01184	0.00587	0.00474	0.00147	0.00400	0.00478	0.00577	0.00799
43	0.03986	0.01113	0.01874	0.02819	0.77867	0.01118	0.01416	0.01445	0.01065	0.01559	0.00879	0.01154	0.00739	0.00421	0.00461	0.00140	0.00554	0.00415	0.00235	0.00739
44	0.01211	0.70801	0.14945	0.00892	0.01342	0.01743	0.00955	0.01425	0.00964	0.01170	0.00686	0.00794	0.00604	0.00410	0.00326	0.00109	0.00535	0.00267	0.00201	0.00620
45	0.00751	0.00540	0.00748	0.00852	0.00963	0.00537	0.00743	0.00964	0.01085	0.01405	0.02592	0.05286	0.05977	0.01298	0.00647	0.00215	0.00426	0.74104	0.00434	0.00433
46	0.00667	0.00482	0.00630	0.00593	0.00704	0.00445	0.00445	0.00890	0.01335	0.01891	0.80239	0.03522	0.04449	0.00964	0.00556	0.00148	0.00222	0.00853	0.00519	0.00445
47	0.12374	0.01067	0.01224	0.12257	0.01562	0.06926	0.04096	0.17562	0.10641	0.22941	0.03794	0.01364	0.01011	0.00550	0.00453	0.00147	0.00493	0.00439	0.00418	0.00683
48	0.00591	0.00479	0.00527	0.00557	0.00678	0.00427	0.00401	0.00751	0.04329	0.01291	0.05245	0.29442	0.51100	0.01257	0.00568	0.00169	0.00255	0.01083	0.00441	0.00409
49	0.01785	0.01302	0.01400	0.01076	0.01451	0.01438	0.00888	0.75409	0.04009	0.04695	0.01167	0.01157	0.00825	0.00568	0.00472	0.00142	0.00513	0.00428	0.00474	0.00801
50	0.01173	0.01166	0.01869	0.10351	0.65175	0.05838	0.04659	0.01452	0.01078	0.01484	0.00876	0.01161	0.00726	0.00428	0.00469	0.00141	0.00594	0.00419	0.00232	0.00709
51	0.01257	0.01164	0.01177	0.01018	0.01272	0.16916	0.06738	0.04767	0.33665	0.06383	0.15555	0.01961	0.01765	0.00668	0.00494	0.00151	0.00483	0.03505	0.00425	0.00638
52	0.00569	0.00478	0.00494	0.00490	0.00644	0.00403	0.00367	0.00699	0.01102	0.01339	0.12731	0.04431	0.72302	0.01170	0.00557	0.00158	0.00237	0.00980	0.00446	0.00403
53	0.01792	0.01321	0.01415	0.01085	0.01462	0.01462	0.00896	0.78916	0.02217	0.02972	0.01132	0.01132	0.00802	0.00566	0.00472	0.00142	0.00519	0.00425	0.00472	0.00802
54	0.04358	0.07112	0.03296	0.01043	0.03913	0.03615	0.07429	0.05712	0.24639	0.23780	0.02657	0.04583	0.04523	0.00616	0.00471	0.00149	0.00452	0.00520	0.00435	0.00697
55	0.01162	0.01115	0.01905	0.04340	0.79081	0.01119	0.01445	0.01443	0.01071	0.01534	0.00886	0.01169	0.00745	0.00421	0.00467	0.00140	0.00561	0.00420	0.00233	0.00743
56	0.00557	0.00478	0.00478	0.00478	0.00637	0.00398	0.00358	0.00677	0.01075	0.01274	0.04776	0.04538	0.80297	0.01194	0.00557	0.00159	0.00239	0.00995	0.00438	0.00398
57	0.00946	0.00886	0.01521	0.60842	0.14894	0.01034	0.05953	0.01255	0.00976	0.01305	0.00890	0.01271	0.00683	0.00463	0.00468	0.00152	0.00606	0.00429	0.04866	0.00560
58	0.01174	0.15068	0.51727	0.01233	0.03120	0.05789	0.01418	0.09451	0.01148	0.04416	0.00876	0.00988	0.00643	0.00460	0.00427	0.00139	0.00644	0.00344	0.00244	0.00689
59	0.01022	0.01039	0.03737	0.39415	0.30416	0.01105	0.11173	0.01334	0.01005	0.01367	0.00863	0.01213	0.00680	0.00455	0.00514	0.00153	0.03231	0.00435	0.00221	0.00621
60	0.01123	0.01258	0.02596	0.05623	0.10839	0.02979	0.65313	0.01498	0.01106	0.01492	0.00937	0.01251	0.00713	0.00405	0.00540	0.00156	0.00764	0.00530	0.00237	0.00641
61	0.74970	0.00955	0.00778	0.00679	0.00978	0.01102	0.00558	0.08906	0.04255	0.02192	0.00755	0.00843	0.00578	0.00459	0.00317	0.00146	0.00380	0.00283	0.00317	0.00549
62	0.01194	0.56214	0.25136	0.00982	0.01463	0.05535	0.01083	0.01458	0.00987	0.01223	0.00714	0.00830	0.00603	0.00420	0.00351	0.00116	0.00577	0.00283	0.00203	0.00629
63	0.00687	0.00502	0.00528	0.00508	0.00674	0.00425	0.00380	0.00804	0.01073	0.07464	0.04350	0.04221	0.69374	0.06110	0.00662	0.00176	0.00265	0.00936	0.00440	0.00423
64	0.01429	0.01140	0.01210	0.01011	0.01324	0.01292	0.00808	0.34103	0.47622	0.02386	0.01594	0.01500	0.01176	0.00609	0.00476	0.00152	0.00433	0.00488	0.00476	0.00769
65	0.01011	0.09289	0.69056	0.01309	0.01956	0.04537	0.03536	0.01503	0.01009	0.01447	0.00828	0.00976	0.00601	0.00445	0.00437	0.00144	0.00689	0.00344	0.00202	0.00681
66	0.01273	0.81658	0.02442	0.00817	0.01216	0.03875	0.00809	0.01424	0.00968	0.01110	0.00657	0.00759	0.00605	0.00405	0.00306	0.00101	0.00513	0.00253	0.00203	0.00604
67	0.00984	0.12254	0.71504	0.01279	0.01940	0.01188	0.01629	0.01483	0.00991	0.01447	0.00823	0.00967	0.00598	0.00443	0.00430	0.00143	0.00674	0.00337	0.00199	0.00686
68	0.01173	0.01013	0.01066	0.00960	0.01226	0.01173	0.00746	0.02505	0.79636	0.01972	0.01919	0.01759	0.01439	0.00640	0.00480	0.00160	0.00373	0.00533	0.00480	0.00746
69	0.00654	0.00506	0.00669	0.00620	0.00751	0.00458	0.03247	0.00853	0.01249	0.01706	0.56784	0.07023	0.21679	0.01018	0.00558	0.00153	0.00249	0.00895	0.00487	0.00438
70	0.00950	0.00910	0.01567	0.64166	0.13360	0.01070	0.06727	0.01290	0.02922	0.01289	0.00879	0.01259	0.00670	0.00464	0.00477	0.00155	0.00625	0.00432	0.00221	0.00567
71	0.00686	0.00457	0.00514	0.00514	0.00514	0.00457	0.00286	0.00686	0.00686	0.00914	0.01486	0.03086	0.01714	0.83430	0.02400	0.00457	0.00457	0.00686	0.00286	0.00286
72	0.01150	0.01103	0.01884	0.07686	0.75826	0.01116	0.01439	0.01432	0.01066	0.01520	0.00884	0.01172	0.00740	0.00423	0.00467	0.00141	0.00564	0.00420	0.00232	0.00733
73	0.01810	0.01237	0.01357	0.01046	0.01417	0.01345	0.00862	0.65288	0.05356	0.13509	0.01264	0.01223	0.00878	0.00571	0.00472	0.00143	0.00497	0.00436	0.00487	0.00800
74	0.00666	0.00498	0.00741	0.00750	0.00830	0.00573	0.00578	0.00827	0.00769	0.01103	0.01367	0.08199	0.01330	0.03375	0.75238	0.00714	0.01186	0.00570	0.00267	0.00418
75	0.00574	0.00410	0.00547	0.00657	0.00684	0.00383	0.00438	0.00657	0.00903	0.01204	0.02599	0.83122	0.03119	0.01477	0.00602	0.00191	0.00274	0.01340	0.00438	0.00383
76	0.00689	0.00492	0.00678	0.00787	0.00864	0.00481	0.00636	0.00854	0.01015	0.01331	0.02536	0.35189	0.02869	0.01370	0.00632	0.00207	0.00373	0.48147	0.00436	0.00415
77	0.01792	0.01321	0.01415	0.01085	0.01462	0.01462	0.00896	0.78916	0.02217	0.02972	0.01132	0.01132	0.00802	0.00566	0.00472	0.00142	0.00519	0.00425	0.00472	0.00802
78	0.00587	0.00417	0.00551	0.00654	0.00682	0.00392	0.00438	0.00668	0.00895	0.01192	0.02529	0.76000	0.03022	0.06418	0.00712	0.00208	0.00289	0.03538	0.00428	0.00379
79	0.86760	0.00912	0.00693	0.00620	0.00912	0.01058	0.00511	0.01386	0.00802	0.02115	0.00657	0.00766	0.00511	0.00438	0.00292	0.00146	0.00365	0.00255	0.00292	0.00511
80	0.00557	0.00478	0.00478	0.00478	0.00637	0.00398	0.00358	0.00677	0.01075	0.01274	0.04776	0.04538	0.80297	0.01194	0.00557	0.00159	0.00239	0.00995	0.00438	0.00398
81	0.01260	0.75952	0.07950	0.00845	0.01268	0.01783	0.00870	0.01440	0.00970	0.03111	0.00699	0.00794	0.00618	0.00411	0.00317	0.00105	0.00515	0.00264	0.00211	0.00616
82	0.01261	0.83713	0.02471	0.00807	0.01210	0.01866	0.00807	0.01412	0.00958	0.01109	0.00656	0.00756	0.00605	0.00403	0.00303	0.00101	0.00504	0.00252	0.00202	0.00605
83	0.00978	0.00838	0.00978	0.00698	0.01117	0.00629	0.00559	0.01187	0.00978	0.01536	0.00838	0.00978	0.00698	0.00349	0.00349	0.00070	0.00349	0.00279	0.00279	0.86312
84	0.00667	0.00482	0.00630	0.00593	0.00704	0.00445	0.00445	0.00890	0.01335	0.01891	0.80239	0.03522	0.04449	0.00964	0.00556	0.00148	0.00222	0.00853	0.00519	0.00445
85	0.01173	0.01013	0.01066	0.00960	0.01226	0.01173	0.00746	0.02505	0.79636	0.01972	0.01919	0.01759	0.01439	0.00640	0.00480	0.00160	0.00373	0.00533	0.00480	0.00746
86	0.00912	0.00860	0.01453	0.76095	0.09280	0.01053	0.01320	0.01224	0.00953	0.01231	0.00842	0.01250	0.00638	0.00467	0.00471	0.00156	0.00623	0.00419	0.00211	0.00541
87	0.03081	0.57384	0.13326	0.00923	0.01342	0.07978	0.00936	0.01548	0.07301	0.01258	0.00790	0.00878	0.00669	0.00436	0.00347	0.00115	0.00545	0.00292	0.00229	0.00623
88	0.16435	0.04096	0.01162	0.03496	0.01297	0.15911	0.00753	0.10615	0.07877	0.31828	0.01292	0.01239	0.00895	0.00533	0.00428	0.00141	0.00500	0.00395	0.00424	0.00684
89	0.00764	0.00543	0.00687	0.00669	0.00742	0.00590	0.00470	0.00983	0.09072	0.02920	0.03953	0.02432	0.01545	0.38209	0.33819	0.00529	0.00762	0.00598	0.00307	0.00405
90	0.01197	0.01066	0.01603	0.20214	0.35027	0.01155	0.03666	0.14720	0.11398	0.01756	0.01092	0.03098	0.00871	0.00508	0.00476	0.00148	0.00545	0.00460	0.00305	0.00694
91	0.01777	0.01477	0.01396	0.01105	0.01458	0.15353	0.00896	0.64328	0.03301	0.02640	0.01075	0.01093	0.00778	0.00553	0.00464	0.00138	0.00574	0.00405	0.00432	0.00757
92	0.01442	0.25746	0.13636	0.01107	0.01482	0.23633	0.02678	0.17109	0.01310	0.01563	0.00804	0.00921	0.00647	0.00491	0.00473	0.00130	0.05591	0.00332	0.00268	0.00637
93	0.01734	0.06706	0.01416	0.01117	0.01427	0.39737	0.00885	0.31780	0.04589	0.04757	0.00966	0.01015	0.00734	0.00521	0.00440	0.00130	0.00667	0.00362	0.00350	0.00666
94	0.01149	0.07064	0.45644	0.01441	0.05371	0.01135	0.16798	0.03541	0.02630	0.09332	0.00985	0.01121	0.00706	0.00454	0.00465	0.00147	0.00658	0.00405	0.00259	0.00695
95	0.00674	0.00504	0.00750	0.00750	0.00832	0.00585	0.00580	0.00837	0.00755	0.01089	0.01270	0.01892	0.01196	0.06075	0.79046	0.00748	0.01237	0.00511	0.00254	0.00417
96	0.00670	0.00475	0.00619	0.00628	0.00674	0.00500	0.00432	0.00760	0.00788	0.01083	0.06350	0.08996	0.03797	0.38509	0.31318	0.00516	0.00720	0.02499	0.00307	0.00359
97	0.01054	0.01109	0.08257	0.18149	0.24151	0.02318	0.10892	0.07776	0.01134	0.01539	0.02393	0.06079	0.02659	0.00618	0.00528	0.00159	0.02301	0.07983	0.00285	0.00619
98	0.15785	0.01296	0.03214	0.01411	0.09923	0.07721	0.18758	0.30484	0.01481	0.02126	0.00980	0.02918	0.00760	0.00502	0.00459	0.00146	0.00585	0.00435	0.00338	0.00677
99	0.00574	0.00410	0.00547	0.00657	0.00684	0.00383	0.00438	0.00657	0.00903	0.01204	0.02599	0.83122	0.03119	0.01477	0.00602	0.00191	0.00274	0.01340	0.00438	0.00383
100	0.08692	0.00866	0.01097	0.00848	0.01208	0.00803	0.00700	0.10317	0.01398	0.66449	0.01689	0.01489	0.01077	0.00570	0.00460	0.00145	0.00411	0.00452	0.00549	0.00780
101	0.03062	0.01216	0.03396	0.11209	0.33092	0.09198	0.18161	0.01419	0.01063	0.01435	0.02240	0.01317	0.02811	0.00498	0.00567	0.00151	0.06944	0.01342	0.00243	0.00636
