[name]
unknown

[dist]
# distance from previous block
# <min> <max>
0	132

[block]
# block no. 0 follows, 47 sequences, length 20
# corresponding to MSA columns:
# 135-154
name=unknown_A
#
# <colnr> <probs for GDERKNQSTAVLIFYWHMCP>
#	G	D	E	R	K	N	Q	S	T	A	V	L	I	F	Y	W	H	M	C	P
0	0.01405	0.20937	0.10926	0.01071	0.01446	0.17022	0.02379	0.11514	0.01352	0.03301	0.03228	0.01664	0.04829	0.02970	0.03667	0.00180	0.00654	0.04125	0.02414	0.04916
1	0.13168	0.12427	0.09331	0.01130	0.01521	0.21429	0.00992	0.19725	0.09555	0.04412	0.01079	0.01134	0.00822	0.00555	0.00454	0.00149	0.00640	0.00390	0.00364	0.00723
2	0.01119	0.08645	0.09399	0.01094	0.06125	0.05512	0.04070	0.07626	0.01424	0.03875	0.36444	0.02505	0.02721	0.00780	0.00542	0.00154	0.00464	0.02300	0.00435	0.04766
3	0.01265	0.01369	0.02342	0.01774	0.02103	0.07626	0.42344	0.04099	0.01153	0.01567	0.00962	0.01320	0.00783	0.00698	0.03331	0.00205	0.23498	0.00537	0.02375	0.00650
4	0.00754	0.00518	0.00635	0.00635	0.00658	0.00541	0.00399	0.00800	0.00777	0.01059	0.01580	0.03070	0.01747	0.62414	0.21735	0.00587	0.00726	0.00708	0.00306	0.00353
5	0.00757	0.00505	0.00568	0.00568	0.00568	0.00505	0.00316	0.00757	0.00757	0.01010	0.01641	0.03408	0.01893	0.81698	0.02651	0.00505	0.00505	0.00757	0.00316	0.00316
6	0.01045	0.02694	0.79000	0.01484	0.02254	0.01209	0.01924	0.01649	0.01099	0.01649	0.00935	0.01099	0.00660	0.00495	0.00495	0.00165	0.00770	0.00385	0.00220	0.00770
7	0.85377	0.01007	0.00765	0.00685	0.01007	0.01168	0.00564	0.01531	0.00886	0.02336	0.00725	0.00846	0.00564	0.00483	0.00322	0.00161	0.00403	0.00282	0.00322	0.00564
8	0.00737	0.00532	0.00696	0.00655	0.00778	0.00491	0.00491	0.00983	0.01474	0.02088	0.78175	0.03890	0.04914	0.01065	0.00614	0.00164	0.00246	0.00942	0.00573	0.00491
9	0.01045	0.02694	0.79000	0.01484	0.02254	0.01209	0.01924	0.01649	0.01099	0.01649	0.00935	0.01099	0.00660	0.00495	0.00495	0.00165	0.00770	0.00385	0.00220	0.00770
10	0.01289	0.01237	0.02114	0.03196	0.78450	0.01237	0.01598	0.01598	0.01186	0.01701	0.00980	0.01289	0.00825	0.00464	0.00516	0.00155	0.00619	0.00464	0.00258	0.00825
11	0.00634	0.00453	0.00604	0.00725	0.00755	0.00423	0.00483	0.00725	0.00997	0.01329	0.02870	0.81358	0.03444	0.01632	0.00665	0.00211	0.00302	0.01480	0.00483	0.00423
12	0.00640	0.00469	0.00602	0.00694	0.00750	0.00431	0.00473	0.00749	0.01060	0.01400	0.09231	0.65301	0.13195	0.01546	0.00654	0.00203	0.00293	0.01388	0.00491	0.00431
13	0.01045	0.02694	0.79000	0.01484	0.02254	0.01209	0.01924	0.01649	0.01099	0.01649	0.00935	0.01099	0.00660	0.00495	0.00495	0.00165	0.00770	0.00385	0.00220	0.00770
14	0.00629	0.00523	0.00550	0.00554	0.00714	0.00444	0.00411	0.00770	0.01203	0.01470	0.12464	0.10086	0.65762	0.01314	0.00619	0.00177	0.00265	0.01109	0.00493	0.00444
15	0.00905	0.00452	0.00678	0.00678	0.00678	0.00452	0.00452	0.00678	0.00678	0.00905	0.00905	0.01583	0.00905	0.01809	0.02035	0.84848	0.00452	0.00452	0.00226	0.00226
16	0.00757	0.00505	0.00568	0.00568	0.00568	0.00505	0.00316	0.00757	0.00757	0.01010	0.01641	0.03408	0.01893	0.81698	0.02651	0.00505	0.00505	0.00757	0.00316	0.00316
17	0.03440	0.01289	0.10936	0.04444	0.09342	0.01195	0.01047	0.06808	0.38643	0.12250	0.01804	0.01746	0.03422	0.00647	0.00520	0.00169	0.00498	0.00537	0.00460	0.00803
18	0.01442	0.10450	0.05661	0.05013	0.09223	0.01303	0.06280	0.20068	0.11672	0.05337	0.01204	0.01297	0.00916	0.00528	0.00479	0.00141	0.00548	0.00439	0.00378	0.17621
19	0.06871	0.03756	0.01355	0.03782	0.03526	0.09378	0.00870	0.24350	0.11507	0.12131	0.04337	0.01422	0.01114	0.00589	0.00483	0.00146	0.00528	0.00455	0.00445	0.12955

[dist]
# distance from previous block
# <min> <max>
1	24

[block]
# block no. 1 follows, 47 sequences, length 38
# corresponding to MSA columns:
# 179-216
name=unknown_B
#
# <colnr> <probs for GDERKNQSTAVLIFYWHMCP>
#	G	D	E	R	K	N	Q	S	T	A	V	L	I	F	Y	W	H	M	C	P
0	0.04446	0.11129	0.08670	0.02614	0.04624	0.13194	0.20335	0.07472	0.10850	0.04635	0.01144	0.02440	0.00898	0.00559	0.00569	0.00161	0.04743	0.00480	0.00325	0.00712
1	0.26596	0.05610	0.01165	0.09997	0.01433	0.01040	0.00777	0.03166	0.01168	0.28414	0.01306	0.01356	0.00922	0.00577	0.00502	0.00158	0.04951	0.00418	0.08118	0.02329
2	0.01392	0.82012	0.02729	0.00891	0.01337	0.02061	0.00891	0.01559	0.01058	0.01225	0.00724	0.00835	0.00668	0.00446	0.00334	0.00111	0.00557	0.00278	0.00223	0.00668
3	0.00634	0.00453	0.00604	0.00725	0.00755	0.00423	0.00483	0.00725	0.00997	0.01329	0.02870	0.81358	0.03444	0.01632	0.00665	0.00211	0.00302	0.01480	0.00483	0.00423
4	0.00983	0.00926	0.01562	0.80447	0.03587	0.01157	0.01446	0.01331	0.01041	0.01331	0.00926	0.01388	0.00694	0.00521	0.00521	0.00174	0.00694	0.00463	0.00231	0.00579
5	0.01413	0.04382	0.02102	0.05678	0.37099	0.15315	0.15630	0.06049	0.02524	0.01679	0.01071	0.01319	0.02343	0.00504	0.00522	0.00155	0.00713	0.00478	0.00282	0.00742
6	0.00621	0.00528	0.00535	0.00533	0.00707	0.00442	0.00400	0.00758	0.01200	0.01437	0.08468	0.04963	0.75028	0.01308	0.00615	0.00175	0.00263	0.01092	0.00488	0.00442
7	0.01218	0.01019	0.01151	0.00869	0.01298	0.00901	0.00695	0.09983	0.14508	0.01958	0.01169	0.01249	0.00926	0.00468	0.00426	0.00103	0.00411	0.00375	0.00371	0.60902
8	0.01026	0.00987	0.01724	0.68350	0.09225	0.01176	0.07417	0.01378	0.01067	0.01386	0.00940	0.01382	0.00712	0.00510	0.00528	0.00172	0.00703	0.00475	0.00236	0.00607
9	0.01346	0.03663	0.12917	0.04651	0.03316	0.05766	0.25550	0.11608	0.06418	0.04906	0.01235	0.01433	0.02381	0.00599	0.00629	0.03522	0.03155	0.00510	0.04017	0.02377
10	0.01242	0.08031	0.02057	0.03565	0.38036	0.01261	0.14189	0.04833	0.03807	0.01749	0.07725	0.01615	0.01233	0.00570	0.00584	0.00161	0.04422	0.02000	0.02188	0.00734
11	0.00831	0.00453	0.00658	0.00691	0.00699	0.00444	0.00461	0.00691	0.00766	0.01021	0.01442	0.23398	0.01599	0.01761	0.01660	0.61704	0.00411	0.00733	0.00296	0.00280
12	0.01101	0.13932	0.59897	0.01433	0.02119	0.01321	0.07658	0.01620	0.01114	0.01602	0.03003	0.01161	0.00786	0.00499	0.00484	0.00158	0.00733	0.00403	0.00233	0.00742
13	0.04639	0.01606	0.04745	0.03697	0.03020	0.18469	0.01004	0.35104	0.11503	0.09117	0.01288	0.01301	0.00936	0.00601	0.00503	0.00156	0.00628	0.00450	0.00444	0.00790
14	0.00670	0.00562	0.03959	0.00745	0.00823	0.00468	0.00546	0.00809	0.01084	0.01474	0.15820	0.64533	0.03580	0.01485	0.00649	0.00201	0.00312	0.01341	0.00488	0.00450
15	0.00641	0.00458	0.00612	0.00733	0.00766	0.00429	0.00496	0.00737	0.01004	0.01337	0.02866	0.78770	0.03429	0.01625	0.00667	0.00212	0.00308	0.03999	0.00483	0.00425
16	0.01313	0.01254	0.02147	0.05592	0.64851	0.01263	0.08125	0.05942	0.01258	0.01777	0.01000	0.01300	0.00821	0.00473	0.00525	0.00157	0.00641	0.00477	0.00273	0.00809
17	0.01099	0.00802	0.00809	0.00728	0.00960	0.05218	0.00563	0.06516	0.06926	0.12958	0.03859	0.03770	0.47433	0.03982	0.00656	0.00183	0.00374	0.02101	0.00495	0.00570
18	0.00737	0.00532	0.00696	0.00655	0.00778	0.00491	0.00491	0.00983	0.01474	0.02088	0.78175	0.03890	0.04914	0.01065	0.00614	0.00164	0.00246	0.00942	0.00573	0.00491
19	0.01142	0.01135	0.01689	0.50577	0.21195	0.07310	0.01428	0.01448	0.01094	0.01410	0.00913	0.01313	0.00723	0.00534	0.00594	0.00170	0.05993	0.00453	0.00240	0.00639
20	0.00971	0.00485	0.00485	0.00485	0.00607	0.00485	0.00364	0.01213	0.01092	0.01942	0.01699	0.01942	0.01335	0.00607	0.00364	0.00121	0.00243	0.00485	0.84589	0.00485
21	0.03692	0.02566	0.72160	0.01500	0.02242	0.01214	0.06200	0.01647	0.01100	0.01672	0.00935	0.01109	0.00664	0.00491	0.00496	0.00165	0.00764	0.00395	0.00226	0.00759
22	0.00630	0.00528	0.00547	0.00543	0.00712	0.00446	0.00407	0.00775	0.01221	0.01487	0.13876	0.04879	0.69587	0.01289	0.00615	0.00174	0.00262	0.01081	0.00494	0.00446
23	0.00615	0.00528	0.00528	0.00528	0.00703	0.00440	0.00396	0.00747	0.01187	0.01407	0.05276	0.05012	0.78238	0.01319	0.00615	0.00176	0.00264	0.01099	0.00484	0.00440
24	0.01980	0.01459	0.01563	0.01198	0.01615	0.01615	0.00990	0.76713	0.02448	0.03282	0.01250	0.01250	0.00886	0.00625	0.00521	0.00156	0.00573	0.00469	0.00521	0.00886
25	0.00802	0.00563	0.00630	0.00615	0.00658	0.00573	0.00377	0.02426	0.05270	0.01162	0.01941	0.03360	0.07892	0.66315	0.04963	0.00464	0.00512	0.00762	0.00344	0.00372
26	0.01344	0.00934	0.01016	0.00876	0.01133	0.01013	0.00694	0.20724	0.22954	0.05724	0.11500	0.02080	0.01778	0.00715	0.00496	0.00155	0.00387	0.01916	0.23863	0.00700
27	0.01233	0.01142	0.01902	0.34857	0.23989	0.01255	0.11714	0.11127	0.01285	0.01742	0.01011	0.01352	0.00781	0.00516	0.00551	0.00166	0.02179	0.00485	0.02012	0.00702
28	0.01898	0.02239	0.01464	0.01300	0.01590	0.63117	0.00990	0.11969	0.07636	0.01611	0.00968	0.01060	0.00772	0.00562	0.00481	0.00140	0.00849	0.00373	0.00322	0.00658
29	0.01263	0.40824	0.32748	0.01206	0.01762	0.01658	0.04042	0.04786	0.01128	0.01497	0.00840	0.00991	0.00679	0.00493	0.00476	0.00142	0.04164	0.00348	0.00236	0.00714
30	0.01215	0.01416	0.12287	0.04542	0.03893	0.01233	0.39861	0.03148	0.05595	0.05423	0.01389	0.03095	0.05364	0.00598	0.00689	0.00178	0.08472	0.00596	0.00309	0.00696
31	0.00691	0.00531	0.00633	0.00607	0.00750	0.00472	0.00455	0.00894	0.01366	0.01832	0.50779	0.04312	0.32470	0.01160	0.00615	0.00168	0.00252	0.01001	0.00540	0.00472
32	0.01392	0.82012	0.02729	0.00891	0.01337	0.02061	0.00891	0.01559	0.01058	0.01225	0.00724	0.00835	0.00668	0.00446	0.00334	0.00111	0.00557	0.00278	0.00223	0.00668
33	0.02336	0.00886	0.01209	0.00927	0.01329	0.00765	0.00765	0.02538	0.01491	0.78810	0.02055	0.01773	0.01289	0.00645	0.00524	0.00161	0.00443	0.00524	0.00645	0.00886
34	0.00745	0.00553	0.00812	0.00812	0.00896	0.00637	0.00619	0.00914	0.00829	0.01190	0.01418	0.02174	0.01357	0.11212	0.72404	0.00806	0.01311	0.00577	0.00282	0.00451
35	0.00737	0.00532	0.00696	0.00655	0.00778	0.00491	0.00491	0.00983	0.01474	0.02088	0.78175	0.03890	0.04914	0.01065	0.00614	0.00164	0.00246	0.00942	0.00573	0.00491
36	0.00634	0.00453	0.00604	0.00725	0.00755	0.00423	0.00483	0.00725	0.00997	0.01329	0.02870	0.81358	0.03444	0.01632	0.00665	0.00211	0.00302	0.01480	0.00483	0.00423
37	0.01949	0.01442	0.01563	0.03617	0.01675	0.01601	0.01004	0.74412	0.02406	0.03222	0.01240	0.01255	0.00880	0.00622	0.00521	0.00157	0.00577	0.00469	0.00512	0.00876

[dist]
# distance from previous block
# <min> <max>
2	93

[block]
# block no. 2 follows, 47 sequences, length 32
# corresponding to MSA columns:
# 319-342,349-356
name=unknown_C
#
# <colnr> <probs for GDERKNQSTAVLIFYWHMCP>
#	G	D	E	R	K	N	Q	S	T	A	V	L	I	F	Y	W	H	M	C	P
0	0.01980	0.01459	0.01563	0.01198	0.01615	0.01615	0.00990	0.76713	0.02448	0.03282	0.01250	0.01250	0.00886	0.00625	0.00521	0.00156	0.00573	0.00469	0.00521	0.00886
1	0.00831	0.00594	0.00830	0.00950	0.01066	0.00593	0.00825	0.01065	0.01191	0.01550	0.02762	0.08810	0.03014	0.01446	0.00717	0.00239	0.00473	0.72088	0.00480	0.00477
2	0.00757	0.00505	0.00568	0.00568	0.00568	0.00505	0.00316	0.00757	0.00757	0.01010	0.01641	0.03408	0.01893	0.81698	0.02651	0.00505	0.00505	0.00757	0.00316	0.00316
3	0.00719	0.00525	0.00675	0.00651	0.00770	0.00482	0.00483	0.00943	0.01412	0.01973	0.66281	0.10412	0.10462	0.01131	0.00619	0.00169	0.00252	0.00999	0.00559	0.00482
4	0.01991	0.01365	0.01501	0.01155	0.01562	0.01486	0.00953	0.65644	0.02289	0.12489	0.01353	0.01335	0.00946	0.00713	0.02582	0.00175	0.00579	0.00478	0.00530	0.00875
5	0.01223	0.01283	0.06453	0.17228	0.55685	0.02918	0.02953	0.01554	0.01162	0.01617	0.00998	0.01378	0.00828	0.00496	0.00520	0.00160	0.00651	0.01874	0.00255	0.00763
6	0.01039	0.02863	0.01672	0.68634	0.06573	0.01208	0.04357	0.02861	0.01077	0.01394	0.00928	0.01363	0.00706	0.00526	0.00551	0.00172	0.02770	0.00464	0.00239	0.00602
7	0.00983	0.00926	0.01562	0.80447	0.03587	0.01157	0.01446	0.01331	0.01041	0.01331	0.00926	0.01388	0.00694	0.00521	0.00521	0.00174	0.00694	0.00463	0.00231	0.00579
8	0.00789	0.00470	0.00623	0.00654	0.00661	0.00462	0.00415	0.00716	0.00784	0.01045	0.01638	0.22100	0.01865	0.28105	0.01896	0.35911	0.00432	0.00810	0.00320	0.00305
9	0.00615	0.00528	0.00528	0.00528	0.00703	0.00440	0.00396	0.00747	0.01187	0.01407	0.05276	0.05012	0.78238	0.01319	0.00615	0.00176	0.00264	0.01099	0.00484	0.00440
10	0.00634	0.00453	0.00604	0.00725	0.00755	0.00423	0.00483	0.00725	0.00997	0.01329	0.02870	0.81358	0.03444	0.01632	0.00665	0.00211	0.00302	0.01480	0.00483	0.00423
11	0.01289	0.01237	0.02114	0.03196	0.78450	0.01237	0.01598	0.01598	0.01186	0.01701	0.00980	0.01289	0.00825	0.00464	0.00516	0.00155	0.00619	0.00464	0.00258	0.00825
12	0.01295	0.01119	0.01178	0.01060	0.01354	0.01295	0.00824	0.02767	0.77509	0.02178	0.02120	0.01943	0.01590	0.00707	0.00530	0.00177	0.00412	0.00589	0.00530	0.00824
13	0.00971	0.00485	0.00485	0.00485	0.00607	0.00485	0.00364	0.01213	0.01092	0.01942	0.01699	0.01942	0.01335	0.00607	0.00364	0.00121	0.00243	0.00485	0.84589	0.00485
14	0.85377	0.01007	0.00765	0.00685	0.01007	0.01168	0.00564	0.01531	0.00886	0.02336	0.00725	0.00846	0.00564	0.00483	0.00322	0.00161	0.00403	0.00282	0.00322	0.00564
15	0.01366	0.01160	0.01266	0.01185	0.05393	0.01325	0.00882	0.10357	0.65771	0.02268	0.01970	0.01837	0.01477	0.00685	0.00528	0.00173	0.00440	0.00570	0.00515	0.00831
16	0.01295	0.01119	0.01178	0.01060	0.01354	0.01295	0.00824	0.02767	0.77509	0.02178	0.02120	0.01943	0.01590	0.00707	0.00530	0.00177	0.00412	0.00589	0.00530	0.00824
17	0.01295	0.01119	0.01178	0.01060	0.01354	0.01295	0.00824	0.02767	0.77509	0.02178	0.02120	0.01943	0.01590	0.00707	0.00530	0.00177	0.00412	0.00589	0.00530	0.00824
18	0.01044	0.00887	0.01041	0.00768	0.01195	0.00672	0.00606	0.01264	0.01073	0.01667	0.01084	0.07615	0.00989	0.00487	0.00408	0.00088	0.00379	0.00404	0.00323	0.78006
19	0.00634	0.00453	0.00604	0.00725	0.00755	0.00423	0.00483	0.00725	0.00997	0.01329	0.02870	0.81358	0.03444	0.01632	0.00665	0.00211	0.00302	0.01480	0.00483	0.00423
20	0.01175	0.01301	0.05642	0.14320	0.11802	0.08006	0.29719	0.03527	0.01210	0.01576	0.01319	0.12548	0.01218	0.00675	0.00578	0.00175	0.00714	0.03543	0.00302	0.00650
21	0.01053	0.00565	0.00573	0.00543	0.00689	0.00577	0.00415	0.07360	0.01203	0.02051	0.01662	0.01885	0.01298	0.00608	0.00377	0.00124	0.00270	0.00484	0.77746	0.00518
22	0.00656	0.00469	0.00620	0.00708	0.00754	0.00438	0.00480	0.00773	0.01077	0.01459	0.16512	0.65215	0.03670	0.03661	0.00708	0.00211	0.00297	0.01363	0.00495	0.00433
23	0.03219	0.01835	0.33056	0.12404	0.25159	0.04149	0.07486	0.01596	0.01128	0.01617	0.00939	0.01207	0.00722	0.00497	0.00541	0.00164	0.02866	0.00434	0.00241	0.00739
24	0.01300	0.00969	0.01225	0.02645	0.01385	0.00799	0.04299	0.06496	0.01229	0.11858	0.01141	0.02868	0.00901	0.00467	0.00432	0.00103	0.00434	0.00390	0.00366	0.60693
25	0.00661	0.00472	0.00624	0.00715	0.00761	0.00442	0.00489	0.00777	0.01069	0.01444	0.14741	0.64051	0.03606	0.04519	0.00732	0.00216	0.00306	0.03452	0.00491	0.00431
26	0.00650	0.00464	0.00622	0.00743	0.00780	0.00436	0.00511	0.00752	0.01012	0.01347	0.02862	0.75586	0.03410	0.01617	0.00669	0.00214	0.00316	0.07099	0.00483	0.00427
27	0.03463	0.05853	0.18784	0.03672	0.14691	0.04501	0.08282	0.05852	0.01210	0.04792	0.02557	0.11981	0.01286	0.00715	0.00581	0.00170	0.04195	0.03481	0.03252	0.00681
28	0.00655	0.00471	0.00622	0.00731	0.00776	0.00441	0.00505	0.00762	0.01028	0.01365	0.04973	0.68901	0.06205	0.03155	0.00705	0.00217	0.00317	0.07261	0.00482	0.00428
29	0.01481	0.00697	0.00934	0.00781	0.01034	0.00619	0.00619	0.01706	0.01482	0.37775	0.42768	0.02905	0.03228	0.00869	0.00572	0.00163	0.00338	0.00747	0.00606	0.00675
30	0.01190	0.01823	0.39174	0.06195	0.11044	0.01092	0.04839	0.04390	0.01172	0.07615	0.01134	0.01462	0.00887	0.04008	0.02718	0.00191	0.00686	0.02500	0.00291	0.07587
31	0.01240	0.10319	0.25389	0.01683	0.05908	0.04616	0.28922	0.04003	0.02735	0.03524	0.01131	0.06084	0.00927	0.00550	0.00534	0.00164	0.00737	0.00536	0.00282	0.00717

[dist]
# distance from previous block
# <min> <max>
0	1

[block]
# block no. 3 follows, 47 sequences, length 7
# corresponding to MSA columns:
# 358-364
name=unknown_D
#
# <colnr> <probs for GDERKNQSTAVLIFYWHMCP>
#	G	D	E	R	K	N	Q	S	T	A	V	L	I	F	Y	W	H	M	C	P
0	0.06666	0.01013	0.01153	0.00989	0.01285	0.06159	0.00801	0.02182	0.17710	0.35976	0.01855	0.02068	0.01399	0.00956	0.06088	0.00220	0.04756	0.07460	0.00513	0.00751
1	0.85377	0.01007	0.00765	0.00685	0.01007	0.01168	0.00564	0.01531	0.00886	0.02336	0.00725	0.00846	0.00564	0.00483	0.00322	0.00161	0.00403	0.00282	0.00322	0.00564
2	0.00815	0.00603	0.00775	0.00743	0.00763	0.00687	0.00509	0.00860	0.00777	0.01082	0.01421	0.02715	0.01552	0.50058	0.19028	0.04337	0.11948	0.00658	0.00291	0.00379
3	0.01562	0.15653	0.05254	0.04396	0.01496	0.17353	0.00921	0.09364	0.16984	0.11048	0.06515	0.01521	0.01266	0.00613	0.00479	0.00149	0.00576	0.00467	0.03668	0.00717
4	0.01158	0.12162	0.35385	0.09615	0.04416	0.01150	0.01333	0.03355	0.01194	0.07312	0.10273	0.03470	0.01331	0.00605	0.00491	0.00157	0.00599	0.00492	0.04812	0.00693
5	0.00700	0.00533	0.00655	0.00630	0.00766	0.00487	0.00474	0.00907	0.01340	0.01816	0.50321	0.04097	0.27011	0.01350	0.06401	0.00217	0.00335	0.00962	0.00524	0.00474
6	0.01261	0.06705	0.41749	0.01313	0.01837	0.01323	0.01450	0.06521	0.12839	0.06875	0.01162	0.01273	0.00862	0.00601	0.00665	0.00172	0.11885	0.00434	0.00316	0.00759

[dist]
# distance from previous block
# <min> <max>
0	30

[block]
# block no. 4 follows, 47 sequences, length 43
# corresponding to MSA columns:
# 395-429,438-445
name=unknown_E
#
# <colnr> <probs for GDERKNQSTAVLIFYWHMCP>
#	G	D	E	R	K	N	Q	S	T	A	V	L	I	F	Y	W	H	M	C	P
0	0.01556	0.50087	0.07233	0.01081	0.01488	0.28139	0.00997	0.01740	0.01202	0.01269	0.00765	0.00887	0.00669	0.00479	0.00390	0.00123	0.00699	0.00305	0.00238	0.00653
1	0.00687	0.00497	0.00638	0.00671	0.00751	0.00460	0.00471	0.00844	0.01209	0.01656	0.36802	0.36862	0.08740	0.06326	0.00762	0.00206	0.00287	0.01169	0.00513	0.00448
2	0.00757	0.00505	0.00568	0.00568	0.00568	0.00505	0.00316	0.00757	0.00757	0.01010	0.01641	0.03408	0.01893	0.81698	0.02651	0.00505	0.00505	0.00757	0.00316	0.00316
3	0.00744	0.00558	0.00837	0.00837	0.00930	0.00651	0.00651	0.00930	0.00837	0.01209	0.01395	0.02046	0.01302	0.03906	0.79635	0.00837	0.01395	0.00558	0.00279	0.00465
4	0.01980	0.01459	0.01563	0.01198	0.01615	0.01615	0.00990	0.76713	0.02448	0.03282	0.01250	0.01250	0.00886	0.00625	0.00521	0.00156	0.00573	0.00469	0.00521	0.00886
5	0.00983	0.00926	0.01562	0.80447	0.03587	0.01157	0.01446	0.01331	0.01041	0.01331	0.00926	0.01388	0.00694	0.00521	0.00521	0.00174	0.00694	0.00463	0.00231	0.00579
6	0.01239	0.01186	0.02024	0.15809	0.66227	0.01224	0.01573	0.01555	0.01162	0.01641	0.00971	0.01305	0.00804	0.00473	0.00516	0.00158	0.00631	0.00464	0.00253	0.00785
7	0.01799	0.02494	0.14135	0.01362	0.01715	0.65065	0.01156	0.03677	0.01436	0.01381	0.00836	0.00972	0.00674	0.00532	0.00475	0.00140	0.00903	0.00346	0.00266	0.00637
8	0.00751	0.00529	0.00691	0.00691	0.00733	0.00572	0.00469	0.00836	0.00794	0.01101	0.01529	0.02786	0.01623	0.46168	0.37811	0.00657	0.00911	0.00666	0.00299	0.00384
9	0.01554	0.01136	0.01798	0.02423	0.52093	0.01114	0.01313	0.04983	0.03145	0.20669	0.01413	0.01535	0.03329	0.00547	0.00521	0.00157	0.00558	0.00501	0.00377	0.00831
10	0.01054	0.00997	0.01689	0.62649	0.20834	0.01176	0.01481	0.01392	0.01075	0.01416	0.00938	0.01365	0.00724	0.00508	0.00519	0.00169	0.00677	0.00463	0.00237	0.00635
11	0.01080	0.00926	0.01080	0.00771	0.01234	0.00694	0.00617	0.01311	0.01080	0.01697	0.00926	0.01080	0.00771	0.00386	0.00386	0.00077	0.00386	0.00309	0.00309	0.84882
12	0.01211	0.12584	0.58881	0.01369	0.02041	0.01290	0.03105	0.01708	0.01124	0.08541	0.01005	0.01133	0.00721	0.00511	0.00509	0.00160	0.02697	0.00390	0.00260	0.00761
13	0.00923	0.00604	0.02673	0.00778	0.00897	0.00529	0.00571	0.03332	0.01131	0.12140	0.04549	0.61266	0.05748	0.01411	0.00634	0.00199	0.00339	0.01263	0.00502	0.00512
14	0.01229	0.01405	0.03073	0.02195	0.02722	0.01317	0.76558	0.01668	0.01229	0.01668	0.01054	0.01405	0.00790	0.00439	0.00615	0.00176	0.00878	0.00615	0.00263	0.00702
15	0.00914	0.00704	0.00911	0.01079	0.12743	0.02953	0.00681	0.01096	0.01231	0.06876	0.19040	0.22647	0.22275	0.01145	0.00605	0.00179	0.00364	0.03542	0.00472	0.00542
16	0.01618	0.01243	0.01482	0.01287	0.06916	0.03632	0.06033	0.38823	0.10178	0.07002	0.01473	0.06265	0.01211	0.08136	0.00729	0.00193	0.00557	0.00574	0.00461	0.02186
17	0.01066	0.00910	0.01065	0.00767	0.01216	0.00686	0.00612	0.01298	0.01096	0.01713	0.04017	0.01192	0.00937	0.00413	0.00395	0.00081	0.00380	0.00334	0.00319	0.81505
18	0.01139	0.01139	0.01595	0.01367	0.01367	0.01595	0.01139	0.01253	0.00798	0.01253	0.00684	0.01139	0.00684	0.00911	0.01709	0.00228	0.80745	0.00456	0.00228	0.00570
19	0.01181	0.14365	0.02309	0.28766	0.08866	0.01362	0.28174	0.03653	0.01167	0.01522	0.01070	0.01390	0.02844	0.00499	0.00526	0.00162	0.00716	0.00504	0.00259	0.00663
20	0.16109	0.05797	0.01320	0.01042	0.01344	0.14023	0.00847	0.13411	0.08360	0.17754	0.01344	0.03941	0.01056	0.00672	0.00596	0.00165	0.08362	0.02724	0.00424	0.00709
21	0.00757	0.00505	0.00568	0.00568	0.00568	0.00505	0.00316	0.00757	0.00757	0.01010	0.01641	0.03408	0.01893	0.81698	0.02651	0.00505	0.00505	0.00757	0.00316	0.00316
22	0.01188	0.27369	0.28152	0.01162	0.03883	0.03593	0.03789	0.02871	0.02951	0.01572	0.01081	0.03165	0.00888	0.00622	0.02574	0.00160	0.00618	0.00413	0.13273	0.00675
23	0.01275	0.10802	0.35427	0.01654	0.05689	0.01390	0.22236	0.12065	0.01322	0.01837	0.00990	0.01184	0.00736	0.00491	0.00515	0.00160	0.00742	0.00452	0.00276	0.00759
24	0.01045	0.02694	0.79000	0.01484	0.02254	0.01209	0.01924	0.01649	0.01099	0.01649	0.00935	0.01099	0.00660	0.00495	0.00495	0.00165	0.00770	0.00385	0.00220	0.00770
25	0.00737	0.00532	0.00696	0.00655	0.00778	0.00491	0.00491	0.00983	0.01474	0.02088	0.78175	0.03890	0.04914	0.01065	0.00614	0.00164	0.00246	0.00942	0.00573	0.00491
26	0.01787	0.05772	0.12101	0.01385	0.14506	0.01021	0.01066	0.02183	0.08610	0.41110	0.01639	0.01567	0.01119	0.00587	0.00503	0.00158	0.00515	0.00486	0.03055	0.00829
27	0.00679	0.00484	0.00645	0.00718	0.00757	0.00483	0.00487	0.00776	0.00935	0.01267	0.03989	0.50945	0.02795	0.15859	0.16255	0.00382	0.00547	0.01166	0.00417	0.00414
28	0.00634	0.00453	0.00604	0.00725	0.00755	0.00423	0.00483	0.00725	0.00997	0.01329	0.02870	0.81358	0.03444	0.01632	0.00665	0.00211	0.00302	0.01480	0.00483	0.00423
29	0.01450	0.71243	0.02562	0.00952	0.01368	0.10887	0.00909	0.01612	0.01100	0.01231	0.00732	0.00854	0.00669	0.00466	0.00379	0.00116	0.02293	0.00289	0.00228	0.00659
30	0.01657	0.01262	0.01436	0.01208	0.03603	0.01396	0.03531	0.34473	0.35432	0.07763	0.01674	0.01597	0.01218	0.00652	0.00528	0.00166	0.00505	0.00530	0.00517	0.00851
31	0.00694	0.00500	0.00585	0.00619	0.00676	0.00470	0.00405	0.00769	0.00972	0.01265	0.07515	0.25210	0.18920	0.35235	0.01489	0.00325	0.00381	0.03165	0.00418	0.00387
32	0.00757	0.00505	0.00568	0.00568	0.00568	0.00505	0.00316	0.00757	0.00757	0.01010	0.01641	0.03408	0.01893	0.81698	0.02651	0.00505	0.00505	0.00757	0.00316	0.00316
33	0.14914	0.06887	0.10846	0.01212	0.12233	0.01043	0.00940	0.02978	0.03382	0.01809	0.00930	0.01086	0.00751	0.00445	0.00410	0.00119	0.00485	0.00345	0.00298	0.38888
34	0.06648	0.57476	0.08905	0.00994	0.01426	0.10813	0.00977	0.01634	0.01100	0.02692	0.00773	0.00895	0.00673	0.00479	0.00403	0.00126	0.02777	0.00303	0.00241	0.00664
35	0.85377	0.01007	0.00765	0.00685	0.01007	0.01168	0.00564	0.01531	0.00886	0.02336	0.00725	0.00846	0.00564	0.00483	0.00322	0.00161	0.00403	0.00282	0.00322	0.00564
36	0.01162	0.01395	0.23017	0.27735	0.02307	0.01058	0.03599	0.05170	0.01245	0.09802	0.14208	0.01760	0.01477	0.00634	0.00570	0.00169	0.03144	0.00534	0.00345	0.00668
37	0.09839	0.00991	0.01215	0.00950	0.01341	0.00953	0.00782	0.12698	0.06285	0.56615	0.01826	0.01626	0.01186	0.00631	0.00505	0.00161	0.00455	0.00498	0.00591	0.00853
38	0.00741	0.00555	0.00830	0.00834	0.00925	0.00644	0.00646	0.00924	0.00842	0.01212	0.01439	0.04406	0.01366	0.03838	0.77284	0.00818	0.01362	0.00585	0.00285	0.00464
39	0.00947	0.00538	0.00542	0.00530	0.00673	0.00534	0.00401	0.02766	0.04194	0.01892	0.02290	0.02429	0.13892	0.00727	0.00415	0.00133	0.00260	0.00589	0.65749	0.00500
40	0.00694	0.00496	0.00672	0.00793	0.00849	0.00474	0.00586	0.00828	0.01055	0.01396	0.02838	0.59492	0.03315	0.01576	0.00681	0.00220	0.00354	0.22761	0.00482	0.00439
41	0.85377	0.01007	0.00765	0.00685	0.01007	0.01168	0.00564	0.01531	0.00886	0.02336	0.00725	0.00846	0.00564	0.00483	0.00322	0.00161	0.00403	0.00282	0.00322	0.00564
42	0.01755	0.07851	0.01590	0.01118	0.01537	0.04027	0.05566	0.34798	0.06173	0.14823	0.01307	0.01312	0.00942	0.00565	0.00489	0.00142	0.00542	0.00447	0.00458	0.14557

[dist]
# distance from previous block
# <min> <max>
4	6

[block]
# block no. 5 follows, 47 sequences, length 7
# corresponding to MSA columns:
# 452-458
name=unknown_F
#
# <colnr> <probs for GDERKNQSTAVLIFYWHMCP>
#	G	D	E	R	K	N	Q	S	T	A	V	L	I	F	Y	W	H	M	C	P
0	0.00905	0.00452	0.00678	0.00678	0.00678	0.00452	0.00452	0.00678	0.00678	0.00905	0.00905	0.01583	0.00905	0.01809	0.02035	0.84848	0.00452	0.00452	0.00226	0.00226
1	0.00832	0.00683	0.00985	0.00935	0.01001	0.00849	0.00735	0.00989	0.00823	0.01205	0.01255	0.01942	0.01207	0.08778	0.56928	0.00679	0.18877	0.00550	0.00270	0.00477
2	0.00644	0.00457	0.00601	0.00713	0.00740	0.00430	0.00470	0.00728	0.00978	0.01304	0.02772	0.75108	0.03320	0.08052	0.00824	0.00235	0.00318	0.01422	0.00470	0.00414
3	0.01010	0.00983	0.00978	0.00949	0.01080	0.18109	0.00730	0.01184	0.00978	0.01223	0.01264	0.01801	0.01162	0.03161	0.62130	0.00682	0.01294	0.00509	0.00277	0.00496
4	0.01415	0.01160	0.01235	0.01067	0.01379	0.01320	0.00842	0.19016	0.56588	0.02417	0.06253	0.01901	0.01623	0.00709	0.00533	0.00171	0.00438	0.00582	0.00530	0.00819
5	0.00777	0.00668	0.01147	0.01036	0.01173	0.00628	0.17289	0.00936	0.01027	0.01376	0.02360	0.56766	0.02720	0.08470	0.00830	0.00230	0.00447	0.01225	0.00420	0.00475
6	0.01375	0.03635	0.01337	0.01187	0.03460	0.28109	0.06030	0.12393	0.01402	0.01628	0.01760	0.25595	0.05862	0.00923	0.00586	0.00168	0.02809	0.00768	0.00379	0.00595

[dist]
# distance from previous block
# <min> <max>
3	29

[block]
# block no. 6 follows, 47 sequences, length 68
# corresponding to MSA columns:
# 513-548,609-614,620-645
name=unknown_G
#
# <colnr> <probs for GDERKNQSTAVLIFYWHMCP>
#	G	D	E	R	K	N	Q	S	T	A	V	L	I	F	Y	W	H	M	C	P
0	0.06610	0.06011	0.06607	0.05569	0.06902	0.08381	0.13226	0.10259	0.04413	0.03229	0.02739	0.12170	0.02516	0.00716	0.00588	0.00168	0.05028	0.00612	0.03598	0.00657
1	0.11627	0.20353	0.12119	0.03006	0.03941	0.05636	0.03834	0.06580	0.05432	0.04677	0.07303	0.01529	0.03072	0.00605	0.00500	0.00151	0.03334	0.02068	0.00336	0.03896
2	0.05801	0.06711	0.08086	0.02968	0.07545	0.07900	0.09420	0.05561	0.05064	0.03098	0.02679	0.07560	0.01157	0.00717	0.02209	0.00170	0.06299	0.02352	0.02821	0.11884
3	0.03142	0.01075	0.05101	0.05511	0.02662	0.01000	0.02397	0.19636	0.06803	0.11171	0.05412	0.06569	0.04539	0.00693	0.00506	0.00150	0.00468	0.02051	0.04625	0.16490
4	0.01174	0.15182	0.59738	0.03215	0.02086	0.01344	0.01677	0.04395	0.01153	0.04085	0.00948	0.01091	0.00690	0.00497	0.00472	0.00156	0.00716	0.00377	0.00245	0.00757
5	0.06301	0.00941	0.01078	0.00783	0.01234	0.00748	0.00629	0.03151	0.01119	0.05335	0.00973	0.01102	0.00785	0.00409	0.00391	0.00088	0.00394	0.00321	0.00330	0.73887
6	0.01392	0.82012	0.02729	0.00891	0.01337	0.02061	0.00891	0.01559	0.01058	0.01225	0.00724	0.00835	0.00668	0.00446	0.00334	0.00111	0.00557	0.00278	0.00223	0.00668
7	0.01229	0.01405	0.03073	0.02195	0.02722	0.01317	0.76558	0.01668	0.01229	0.01668	0.01054	0.01405	0.00790	0.00439	0.00615	0.00176	0.00878	0.00615	0.00263	0.00702
8	0.01295	0.01119	0.01178	0.01060	0.01354	0.01295	0.00824	0.02767	0.77509	0.02178	0.02120	0.01943	0.01590	0.00707	0.00530	0.00177	0.00412	0.00589	0.00530	0.00824
9	0.00626	0.00486	0.00571	0.00638	0.00733	0.00430	0.00445	0.00735	0.01080	0.01363	0.03925	0.47871	0.36251	0.01494	0.00643	0.00196	0.00285	0.01313	0.00483	0.00430
10	0.01045	0.02694	0.79000	0.01484	0.02254	0.01209	0.01924	0.01649	0.01099	0.01649	0.00935	0.01099	0.00660	0.00495	0.00495	0.00165	0.00770	0.00385	0.00220	0.00770
11	0.00632	0.00528	0.00551	0.00545	0.00714	0.00447	0.00409	0.00780	0.01227	0.01501	0.15318	0.04857	0.68137	0.01284	0.00615	0.00174	0.00261	0.01077	0.00496	0.00447
12	0.00640	0.00457	0.00610	0.00731	0.00764	0.00428	0.00493	0.00734	0.01002	0.01335	0.02867	0.79415	0.03433	0.01627	0.00666	0.00212	0.00307	0.03371	0.00483	0.00424
13	0.00839	0.00599	0.00839	0.00959	0.01079	0.00599	0.00839	0.01079	0.01199	0.01558	0.02757	0.05874	0.02997	0.01439	0.00719	0.00240	0.00480	0.74945	0.00480	0.00480
14	0.01388	0.01335	0.06871	0.01309	0.01697	0.01350	0.13993	0.15570	0.45883	0.02249	0.01701	0.01670	0.01264	0.00632	0.00541	0.00172	0.00545	0.00558	0.00461	0.00810
15	0.01437	0.44771	0.02278	0.01213	0.04046	0.16535	0.05092	0.01607	0.01102	0.01280	0.00758	0.00958	0.00683	0.00550	0.00639	0.00142	0.15681	0.00347	0.00236	0.00645
16	0.00634	0.00453	0.00604	0.00725	0.00755	0.00423	0.00483	0.00725	0.00997	0.01329	0.02870	0.81358	0.03444	0.01632	0.00665	0.00211	0.00302	0.01480	0.00483	0.00423
17	0.01392	0.82012	0.02729	0.00891	0.01337	0.02061	0.00891	0.01559	0.01058	0.01225	0.00724	0.00835	0.00668	0.00446	0.00334	0.00111	0.00557	0.00278	0.00223	0.00668
18	0.01127	0.00994	0.01130	0.00884	0.03946	0.03577	0.00670	0.02821	0.01123	0.01705	0.00970	0.02737	0.00827	0.00424	0.00402	0.00086	0.00416	0.00342	0.00313	0.75506
19	0.01330	0.20603	0.25924	0.04361	0.18178	0.01405	0.08660	0.04576	0.01201	0.07585	0.01005	0.01175	0.00768	0.00489	0.00477	0.00151	0.00663	0.00415	0.00278	0.00758
20	0.00726	0.00552	0.00670	0.00637	0.00779	0.00507	0.00479	0.00986	0.04086	0.01918	0.56927	0.04107	0.23466	0.01117	0.00612	0.00167	0.00256	0.00969	0.00549	0.00490
21	0.00839	0.00599	0.00839	0.00959	0.01079	0.00599	0.00839	0.01079	0.01199	0.01558	0.02757	0.05874	0.02997	0.01439	0.00719	0.00240	0.00480	0.74945	0.00480	0.00480
22	0.04937	0.10369	0.01616	0.01170	0.04071	0.05975	0.03534	0.35874	0.01824	0.21315	0.01339	0.01324	0.00942	0.00587	0.00489	0.00151	0.00558	0.00452	0.02660	0.00814
23	0.00653	0.00548	0.00607	0.00659	0.03443	0.00474	0.00465	0.00795	0.01180	0.01439	0.07341	0.11898	0.63389	0.01313	0.00620	0.00180	0.00287	0.03775	0.00479	0.00455
24	0.00757	0.00505	0.00568	0.00568	0.00568	0.00505	0.00316	0.00757	0.00757	0.01010	0.01641	0.03408	0.01893	0.81698	0.02651	0.00505	0.00505	0.00757	0.00316	0.00316
25	0.01350	0.01118	0.01188	0.01048	0.01345	0.01283	0.00822	0.11898	0.62620	0.02274	0.01970	0.01860	0.01482	0.00806	0.03316	0.00195	0.00461	0.00569	0.03587	0.00807
26	0.01161	0.01111	0.01903	0.35263	0.45928	0.01205	0.02948	0.01488	0.01127	0.01547	0.00959	0.01332	0.00770	0.00487	0.00520	0.00163	0.00655	0.00466	0.00247	0.00720
27	0.01370	0.22206	0.23459	0.01331	0.05772	0.06081	0.06817	0.04054	0.01205	0.10286	0.03977	0.04027	0.01017	0.00587	0.00552	0.00154	0.05624	0.00458	0.00309	0.00714
28	0.01144	0.05355	0.11871	0.01220	0.09469	0.04700	0.00974	0.03328	0.05470	0.06859	0.22855	0.04844	0.02171	0.00913	0.03673	0.00193	0.08546	0.02455	0.03322	0.00638
29	0.01296	0.00834	0.00887	0.00759	0.00970	0.00892	0.00590	0.27836	0.01526	0.02289	0.01523	0.01859	0.01235	0.09482	0.03439	0.00200	0.00428	0.00511	0.42834	0.00608
30	0.01650	0.03719	0.05441	0.01124	0.01475	0.08295	0.03531	0.30386	0.06983	0.13674	0.01573	0.13273	0.01328	0.00757	0.00557	0.00164	0.02223	0.00615	0.00467	0.02764
31	0.01682	0.23128	0.01820	0.01188	0.04302	0.13467	0.00962	0.30696	0.13918	0.02193	0.01171	0.01205	0.00906	0.00571	0.00464	0.00144	0.00600	0.00417	0.00395	0.00773
32	0.15576	0.00906	0.01138	0.00888	0.01278	0.00830	0.00733	0.02377	0.01394	0.66618	0.01843	0.01625	0.01173	0.00619	0.00492	0.00161	0.00437	0.00485	0.00593	0.00835
33	0.04751	0.11717	0.04813	0.01341	0.13928	0.03915	0.00973	0.03322	0.10996	0.29994	0.01525	0.03987	0.01130	0.00610	0.00513	0.00155	0.02150	0.00491	0.00443	0.03247
34	0.04082	0.09510	0.62029	0.01401	0.02081	0.01275	0.04348	0.01632	0.01089	0.03164	0.00940	0.01112	0.00688	0.00571	0.02154	0.00176	0.02383	0.00388	0.00235	0.00743
35	0.02223	0.00861	0.01172	0.00907	0.01290	0.00746	0.00746	0.02427	0.01489	0.73355	0.07467	0.01923	0.01547	0.00674	0.00530	0.00161	0.00429	0.00553	0.00639	0.00858
36	0.01295	0.01119	0.01178	0.01060	0.01354	0.01295	0.00824	0.02767	0.77509	0.02178	0.02120	0.01943	0.01590	0.00707	0.00530	0.00177	0.00412	0.00589	0.00530	0.00824
37	0.01076	0.01114	0.05487	0.08469	0.28701	0.01032	0.18960	0.01405	0.01229	0.01717	0.17275	0.06827	0.01848	0.00677	0.00571	0.00168	0.00593	0.01839	0.00338	0.00674
38	0.01411	0.01438	0.10343	0.04066	0.53554	0.06363	0.03349	0.01733	0.01227	0.09929	0.01079	0.01302	0.00843	0.00492	0.00514	0.00156	0.00645	0.00457	0.00295	0.00803
39	0.01950	0.01403	0.01516	0.01174	0.01581	0.01546	0.00966	0.67438	0.07734	0.07294	0.01356	0.01328	0.00958	0.00632	0.00522	0.00158	0.00555	0.00480	0.00528	0.00881
40	0.77164	0.01030	0.00897	0.00930	0.08571	0.01175	0.00665	0.01537	0.00916	0.02274	0.00750	0.00889	0.00589	0.00482	0.00341	0.00161	0.00424	0.00300	0.00316	0.00589
41	0.00615	0.00528	0.00528	0.00528	0.00703	0.00440	0.00396	0.00747	0.01187	0.01407	0.05276	0.05012	0.78238	0.01319	0.00615	0.00176	0.00264	0.01099	0.00484	0.00440
42	0.01451	0.60382	0.07893	0.01009	0.01434	0.10585	0.00985	0.01644	0.01110	0.04094	0.00794	0.00916	0.00691	0.00490	0.00438	0.00126	0.04732	0.00310	0.00243	0.00671
43	0.01263	0.01335	0.07357	0.04634	0.64716	0.01240	0.05737	0.01641	0.03875	0.01705	0.01020	0.01308	0.00836	0.00475	0.00520	0.00158	0.00638	0.00471	0.00265	0.00809
44	0.00623	0.00496	0.00560	0.00610	0.00725	0.00433	0.00432	0.00738	0.01108	0.01374	0.04271	0.36908	0.46991	0.01449	0.00636	0.00191	0.00280	0.01258	0.00484	0.00433
45	0.00628	0.00500	0.00560	0.00603	0.00720	0.00436	0.00427	0.00744	0.01113	0.01382	0.05677	0.32668	0.47897	0.03344	0.00682	0.00196	0.00283	0.01226	0.00481	0.00432
46	0.01080	0.00926	0.01080	0.00771	0.01234	0.00694	0.00617	0.01311	0.01080	0.01697	0.00926	0.01080	0.00771	0.00386	0.00386	0.00077	0.00386	0.00309	0.00309	0.84882
47	0.20757	0.11272	0.01591	0.01179	0.01520	0.31791	0.07688	0.08993	0.07487	0.01809	0.00948	0.01058	0.00751	0.00527	0.00443	0.00147	0.00689	0.00375	0.00320	0.00656
48	0.00839	0.00599	0.00839	0.00959	0.01079	0.00599	0.00839	0.01079	0.01199	0.01558	0.02757	0.05874	0.02997	0.01439	0.00719	0.00240	0.00480	0.74945	0.00480	0.00480
49	0.00798	0.00814	0.08395	0.02703	0.02631	0.00664	0.00710	0.01097	0.05438	0.01706	0.29997	0.11617	0.19725	0.03451	0.00703	0.00189	0.03198	0.05172	0.00468	0.00524
50	0.00619	0.00528	0.00532	0.00531	0.00706	0.00441	0.00398	0.00754	0.01195	0.01427	0.07406	0.04979	0.76095	0.01311	0.00615	0.00175	0.00263	0.01094	0.00486	0.00441
51	0.01392	0.82012	0.02729	0.00891	0.01337	0.02061	0.00891	0.01559	0.01058	0.01225	0.00724	0.00835	0.00668	0.00446	0.00334	0.00111	0.00557	0.00278	0.00223	0.00668
52	0.01422	0.79435	0.02681	0.00892	0.01336	0.02019	0.00887	0.01590	0.01072	0.03690	0.00766	0.00865	0.00688	0.00452	0.00340	0.00113	0.00553	0.00286	0.00236	0.00675
53	0.00754	0.00518	0.00634	0.00634	0.00657	0.00541	0.00398	0.00800	0.00777	0.01059	0.01580	0.03072	0.01747	0.62487	0.21662	0.00587	0.00725	0.00708	0.00307	0.00352
54	0.00634	0.00453	0.00604	0.00725	0.00755	0.00423	0.00483	0.00725	0.00997	0.01329	0.02870	0.81358	0.03444	0.01632	0.00665	0.00211	0.00302	0.01480	0.00483	0.00423
55	0.00757	0.00505	0.00568	0.00568	0.00568	0.00505	0.00316	0.00757	0.00757	0.01010	0.01641	0.03408	0.01893	0.81698	0.02651	0.00505	0.00505	0.00757	0.00316	0.00316
56	0.01162	0.29580	0.53146	0.01283	0.01943	0.01498	0.01574	0.01619	0.01085	0.01505	0.00863	0.01010	0.00663	0.00478	0.00440	0.00147	0.00698	0.00349	0.00221	0.00735
57	0.01080	0.00926	0.01080	0.00771	0.01234	0.00694	0.00617	0.01311	0.01080	0.01697	0.00926	0.01080	0.00771	0.00386	0.00386	0.00077	0.00386	0.00309	0.00309	0.84882
58	0.00965	0.00487	0.00495	0.00495	0.00615	0.00490	0.00371	0.01206	0.01085	0.01922	0.01691	0.01944	0.01334	0.00692	0.02421	0.00140	0.00273	0.00487	0.82401	0.00485
59	0.85377	0.01007	0.00765	0.00685	0.01007	0.01168	0.00564	0.01531	0.00886	0.02336	0.00725	0.00846	0.00564	0.00483	0.00322	0.00161	0.00403	0.00282	0.00322	0.00564
60	0.00744	0.00558	0.00837	0.00837	0.00930	0.00651	0.00651	0.00930	0.00837	0.01209	0.01395	0.02046	0.01302	0.03906	0.79635	0.00837	0.01395	0.00558	0.00279	0.00465
61	0.01980	0.01459	0.01563	0.01198	0.01615	0.01615	0.00990	0.76713	0.02448	0.03282	0.01250	0.01250	0.00886	0.00625	0.00521	0.00156	0.00573	0.00469	0.00521	0.00886
62	0.00839	0.00599	0.00839	0.00959	0.01079	0.00599	0.00839	0.01079	0.01199	0.01558	0.02757	0.05874	0.02997	0.01439	0.00719	0.00240	0.00480	0.74945	0.00480	0.00480
63	0.01945	0.02482	0.01476	0.01342	0.01610	0.79608	0.01006	0.02079	0.01476	0.01275	0.00805	0.00939	0.00671	0.00537	0.00470	0.00134	0.00939	0.00335	0.00268	0.00604
64	0.85377	0.01007	0.00765	0.00685	0.01007	0.01168	0.00564	0.01531	0.00886	0.02336	0.00725	0.00846	0.00564	0.00483	0.00322	0.00161	0.00403	0.00282	0.00322	0.00564
65	0.00679	0.00528	0.00617	0.00599	0.00744	0.00466	0.00448	0.00869	0.01332	0.01759	0.43140	0.06322	0.38238	0.01194	0.00616	0.00170	0.00255	0.01027	0.00530	0.00466
66	0.01935	0.01512	0.01392	0.01145	0.01497	0.20422	0.00915	0.32402	0.08435	0.19213	0.01463	0.03414	0.01087	0.00656	0.00517	0.00157	0.00612	0.01949	0.00485	0.00792
67	0.04088	0.09887	0.04396	0.03965	0.58725	0.01304	0.04059	0.01581	0.01155	0.01663	0.00942	0.01218	0.00789	0.00461	0.00488	0.00149	0.00611	0.00435	0.00257	0.03827

[dist]
# distance from previous block
# <min> <max>
3	19

[block]
# block no. 7 follows, 47 sequences, length 23
# corresponding to MSA columns:
# 667-689
name=unknown_H
#
# <colnr> <probs for GDERKNQSTAVLIFYWHMCP>
#	G	D	E	R	K	N	Q	S	T	A	V	L	I	F	Y	W	H	M	C	P
0	0.01232	0.01052	0.01123	0.01014	0.01288	0.01204	0.00786	0.02564	0.68840	0.02168	0.10791	0.02165	0.01969	0.00747	0.00540	0.00175	0.00393	0.00629	0.00535	0.00786
1	0.00656	0.00523	0.00523	0.00523	0.00692	0.00445	0.00392	0.00801	0.01176	0.01468	0.04868	0.04662	0.69471	0.01238	0.00587	0.00170	0.00261	0.01029	0.10073	0.00445
2	0.01080	0.01070	0.01473	0.01271	0.01292	0.01463	0.01055	0.01196	0.00842	0.01271	0.01207	0.01581	0.09526	0.00958	0.01584	0.00222	0.71569	0.00529	0.00257	0.00555
3	0.00679	0.00597	0.00655	0.00627	0.00781	0.00573	0.00484	0.00813	0.01152	0.01411	0.07080	0.04534	0.67055	0.01264	0.00740	0.00181	0.09439	0.01021	0.00457	0.00456
4	0.01232	0.01055	0.01139	0.01034	0.01306	0.01222	0.00805	0.02558	0.68767	0.02068	0.02037	0.01955	0.01557	0.01071	0.09549	0.00252	0.00524	0.00585	0.00501	0.00783
5	0.01080	0.00926	0.01080	0.00771	0.01234	0.00694	0.00617	0.01311	0.01080	0.01697	0.00926	0.01080	0.00771	0.00386	0.00386	0.00077	0.00386	0.00309	0.00309	0.84882
6	0.01045	0.02694	0.79000	0.01484	0.02254	0.01209	0.01924	0.01649	0.01099	0.01649	0.00935	0.01099	0.00660	0.00495	0.00495	0.00165	0.00770	0.00385	0.00220	0.00770
7	0.01316	0.01208	0.06520	0.09137	0.03285	0.02949	0.00929	0.16747	0.01364	0.04194	0.01010	0.01172	0.00788	0.00498	0.00517	0.00123	0.04958	0.00380	0.00341	0.42563
8	0.01338	0.17027	0.40284	0.01337	0.01911	0.08253	0.04856	0.10193	0.02917	0.03443	0.00968	0.01102	0.00728	0.00522	0.00508	0.00154	0.03046	0.00390	0.00277	0.00744
9	0.00793	0.00502	0.00554	0.00554	0.00574	0.00502	0.00324	0.00834	0.00813	0.01166	0.01651	0.03162	0.01800	0.68112	0.02268	0.00441	0.00461	0.00712	0.14435	0.00344
10	0.01980	0.01459	0.01563	0.01198	0.01615	0.01615	0.00990	0.76713	0.02448	0.03282	0.01250	0.01250	0.00886	0.00625	0.00521	0.00156	0.00573	0.00469	0.00521	0.00886
11	0.00744	0.00558	0.00837	0.00837	0.00930	0.00651	0.00651	0.00930	0.00837	0.01209	0.01395	0.02046	0.01302	0.03906	0.79635	0.00837	0.01395	0.00558	0.00279	0.00465
12	0.00737	0.00532	0.00696	0.00655	0.00778	0.00491	0.00491	0.00983	0.01474	0.02088	0.78175	0.03890	0.04914	0.01065	0.00614	0.00164	0.00246	0.00942	0.00573	0.00491
13	0.01980	0.01459	0.01563	0.01198	0.01615	0.01615	0.00990	0.76713	0.02448	0.03282	0.01250	0.01250	0.00886	0.00625	0.00521	0.00156	0.00573	0.00469	0.00521	0.00886
14	0.00756	0.00508	0.00586	0.00586	0.00592	0.00515	0.00338	0.00769	0.00763	0.01023	0.01624	0.03317	0.01854	0.76478	0.07817	0.00527	0.00565	0.00744	0.00313	0.00326
15	0.01061	0.02596	0.73841	0.01599	0.07367	0.01211	0.01902	0.01646	0.01105	0.01653	0.00938	0.01112	0.00671	0.00493	0.00496	0.00164	0.00760	0.00390	0.00222	0.00773
16	0.01744	0.01310	0.01396	0.01116	0.01483	0.01460	0.00907	0.53517	0.20716	0.02921	0.01493	0.01466	0.01088	0.00644	0.00513	0.00159	0.00511	0.00499	0.06213	0.00844
