[name]
unknown

[dist]
# distance from previous block
# <min> <max>
0	42

[block]
# block no. 0 follows, 51 sequences, length 13
# corresponding to MSA columns:
# 61-73
name=unknown_A
#
# <colnr> <probs for GDERKNQSTAVLIFYWHMCP>
#	G	D	E	R	K	N	Q	S	T	A	V	L	I	F	Y	W	H	M	C	P
0	0.01015	0.00877	0.01273	0.03264	0.29768	0.00901	0.02476	0.04619	0.13412	0.01556	0.01819	0.15232	0.08212	0.10030	0.00790	0.02631	0.00463	0.00700	0.00353	0.00610
1	0.03230	0.04557	0.01146	0.03233	0.04899	0.02575	0.06372	0.04500	0.10770	0.03544	0.20173	0.03277	0.05371	0.00916	0.00565	0.00175	0.00438	0.23262	0.00434	0.00564
2	0.01132	0.00926	0.04910	0.01024	0.04908	0.05217	0.00808	0.11346	0.03572	0.09321	0.07192	0.20258	0.03502	0.01019	0.00622	0.00182	0.04281	0.18766	0.00437	0.00578
3	0.03909	0.00811	0.00941	0.00804	0.01063	0.00819	0.00636	0.08974	0.19525	0.21540	0.21650	0.02566	0.13069	0.00804	0.00523	0.00158	0.00351	0.00672	0.00524	0.00661
4	0.01308	0.01433	0.01507	0.06755	0.08617	0.30075	0.12650	0.05715	0.01196	0.01386	0.01053	0.04512	0.00933	0.03600	0.16778	0.00285	0.00867	0.00479	0.00274	0.00575
5	0.20901	0.00916	0.01059	0.00852	0.01202	0.00911	0.00697	0.05773	0.11490	0.48685	0.01630	0.01474	0.01082	0.00581	0.00452	0.00154	0.00412	0.00449	0.00520	0.00760
6	0.01084	0.01217	0.02584	0.01864	0.02318	0.01134	0.67692	0.01460	0.01155	0.01542	0.01518	0.01773	0.11092	0.00523	0.00580	0.00166	0.00752	0.00640	0.00276	0.00630
7	0.01124	0.00957	0.01023	0.00927	0.01178	0.01086	0.00718	0.02302	0.65039	0.02011	0.12310	0.02208	0.05493	0.00738	0.00514	0.00165	0.00362	0.00622	0.00503	0.00720
8	0.12492	0.01092	0.01117	0.00974	0.01273	0.01254	0.00770	0.14250	0.56576	0.02238	0.01699	0.01595	0.01269	0.00627	0.00473	0.00162	0.00412	0.00500	0.00473	0.00755
9	0.00916	0.00458	0.00458	0.00458	0.00573	0.00458	0.00344	0.01145	0.01031	0.01832	0.01603	0.01832	0.01260	0.00573	0.00344	0.00115	0.00229	0.00458	0.85457	0.00458
10	0.14905	0.01893	0.01406	0.01514	0.16813	0.52635	0.00994	0.01792	0.01252	0.01439	0.00780	0.00937	0.00646	0.00485	0.00430	0.00134	0.00748	0.00333	0.00259	0.00605
11	0.31783	0.01506	0.01356	0.01122	0.01442	0.26113	0.10709	0.13620	0.03186	0.01924	0.00857	0.00985	0.00665	0.00501	0.00445	0.00147	0.02352	0.00360	0.00313	0.00614
12	0.86201	0.00950	0.00722	0.00646	0.00950	0.01102	0.00532	0.01445	0.00836	0.02205	0.00684	0.00798	0.00532	0.00456	0.00304	0.00152	0.00380	0.00266	0.00304	0.00532

[dist]
# distance from previous block
# <min> <max>
0	2

[block]
# block no. 1 follows, 51 sequences, length 44
# corresponding to MSA columns:
# 76-85,91-124
name=unknown_B
#
# <colnr> <probs for GDERKNQSTAVLIFYWHMCP>
#	G	D	E	R	K	N	Q	S	T	A	V	L	I	F	Y	W	H	M	C	P
0	0.01151	0.00979	0.01032	0.00956	0.01143	0.15230	0.05698	0.07582	0.01243	0.09105	0.03373	0.29813	0.07177	0.01054	0.00571	0.00176	0.00486	0.12271	0.00424	0.00536
1	0.86201	0.00950	0.00722	0.00646	0.00950	0.01102	0.00532	0.01445	0.00836	0.02205	0.00684	0.00798	0.00532	0.00456	0.00304	0.00152	0.00380	0.00266	0.00304	0.00532
2	0.00987	0.00934	0.01581	0.65462	0.19009	0.01107	0.01394	0.01307	0.01011	0.01327	0.00884	0.01291	0.00680	0.00480	0.00490	0.00160	0.00640	0.00437	0.00223	0.00594
3	0.00669	0.00499	0.00621	0.00596	0.00719	0.00451	0.00445	0.00873	0.01319	0.01813	0.61402	0.06775	0.19857	0.01073	0.00582	0.00159	0.00237	0.00938	0.00521	0.00451
4	0.00829	0.00527	0.00711	0.00730	0.00839	0.00499	0.00568	0.00997	0.01169	0.07550	0.30143	0.18703	0.03296	0.04290	0.00752	0.04583	0.00338	0.22539	0.00479	0.00458
5	0.00702	0.00527	0.00790	0.00790	0.00878	0.00614	0.00614	0.00878	0.00790	0.01141	0.01316	0.01931	0.01229	0.03686	0.80782	0.00790	0.01316	0.00527	0.00263	0.00439
6	0.00986	0.02542	0.80183	0.01401	0.02127	0.01141	0.01816	0.01556	0.01038	0.01556	0.00882	0.01038	0.00623	0.00467	0.00467	0.00156	0.00726	0.00363	0.00208	0.00726
7	0.00928	0.00873	0.01474	0.81548	0.03385	0.01092	0.01365	0.01256	0.00983	0.01256	0.00873	0.01310	0.00655	0.00491	0.00491	0.00164	0.00655	0.00437	0.00218	0.00546
8	0.00598	0.00430	0.00567	0.00677	0.00711	0.00400	0.00453	0.00685	0.00948	0.01257	0.02798	0.79332	0.06269	0.01528	0.00625	0.00198	0.00284	0.01383	0.00456	0.00400
9	0.01019	0.00873	0.01019	0.00728	0.01165	0.00655	0.00582	0.01237	0.01019	0.01601	0.00873	0.01019	0.00728	0.00364	0.00364	0.00073	0.00364	0.00291	0.00291	0.85734
10	0.01591	0.40121	0.01946	0.01067	0.01398	0.43854	0.00899	0.01733	0.01208	0.01181	0.00724	0.00840	0.00632	0.00466	0.00383	0.00117	0.00717	0.00291	0.00233	0.00598
11	0.01056	0.01150	0.02295	0.01688	0.02086	0.01110	0.55433	0.01457	0.05529	0.01536	0.01735	0.01941	0.14684	0.00601	0.00635	0.00169	0.05330	0.00651	0.00298	0.00618
12	0.01160	0.01326	0.02900	0.02071	0.02568	0.01243	0.77879	0.01574	0.01160	0.01574	0.00994	0.01326	0.00746	0.00414	0.00580	0.00166	0.00829	0.00580	0.00249	0.00663
13	0.00599	0.00428	0.00570	0.00684	0.00713	0.00399	0.00456	0.00684	0.00941	0.01254	0.02709	0.82409	0.03250	0.01540	0.00627	0.00200	0.00285	0.01397	0.00456	0.00399
14	0.01150	0.01298	0.02744	0.01984	0.02426	0.01272	0.69320	0.01531	0.01115	0.01531	0.00955	0.01298	0.00734	0.00464	0.00695	0.00171	0.09855	0.00563	0.00245	0.00649
15	0.78176	0.00972	0.00782	0.00683	0.00996	0.01115	0.00563	0.06105	0.00945	0.04971	0.00758	0.00852	0.00574	0.00470	0.00322	0.00152	0.00391	0.00285	0.00326	0.00561
16	0.00709	0.00480	0.00565	0.00569	0.00580	0.00489	0.00338	0.00731	0.00732	0.00985	0.01568	0.06108	0.01782	0.70997	0.10970	0.00500	0.00561	0.00720	0.00300	0.00317
17	0.01314	0.83025	0.02575	0.00841	0.01261	0.01945	0.00841	0.01472	0.00999	0.01156	0.00683	0.00788	0.00631	0.00420	0.00315	0.00105	0.00526	0.00263	0.00210	0.00631
18	0.01341	0.78887	0.02515	0.00863	0.01275	0.05986	0.00846	0.01497	0.01019	0.01159	0.00687	0.00793	0.00631	0.00425	0.00322	0.00106	0.00544	0.00266	0.00212	0.00628
19	0.01307	0.68853	0.11468	0.00931	0.01377	0.06614	0.00960	0.01511	0.01027	0.01205	0.00711	0.00823	0.00630	0.00431	0.00341	0.00112	0.00571	0.00278	0.00213	0.00638
20	0.00696	0.00625	0.05438	0.00647	0.00808	0.00497	0.00532	0.00932	0.01329	0.01849	0.63490	0.03671	0.15625	0.01008	0.00573	0.00156	0.00264	0.00879	0.00508	0.00472
21	0.00674	0.00497	0.00630	0.00606	0.00723	0.00453	0.00451	0.00882	0.01326	0.01838	0.64448	0.08575	0.14931	0.01070	0.00583	0.00159	0.00237	0.00940	0.00524	0.00453
22	0.00954	0.00900	0.01521	0.74514	0.10218	0.01099	0.01378	0.01278	0.00995	0.01287	0.00878	0.01302	0.00666	0.00487	0.00491	0.00162	0.00649	0.00437	0.00221	0.00567
23	0.01264	0.67268	0.12965	0.01048	0.06115	0.01790	0.01012	0.01485	0.01011	0.01237	0.00724	0.00848	0.00638	0.00428	0.00346	0.00114	0.00556	0.00287	0.00212	0.00652
24	0.01505	0.01160	0.01244	0.01041	0.01365	0.01305	0.00831	0.29743	0.47287	0.06428	0.01702	0.01590	0.01246	0.00636	0.00497	0.00159	0.00445	0.00512	0.00503	0.00802
25	0.01977	0.00948	0.05893	0.00905	0.01285	0.00779	0.00785	0.07332	0.01418	0.63448	0.01976	0.03546	0.04334	0.00661	0.00503	0.00155	0.00436	0.02260	0.00563	0.00795
26	0.01047	0.00873	0.01022	0.00731	0.01167	0.00657	0.00586	0.01265	0.01028	0.03478	0.00899	0.01035	0.00740	0.00370	0.00367	0.00075	0.00365	0.00296	0.00299	0.83701
27	0.01064	0.00872	0.01024	0.00733	0.01168	0.00658	0.00588	0.01281	0.01034	0.04554	0.00914	0.01044	0.00746	0.00373	0.00369	0.00076	0.00366	0.00299	0.00303	0.82536
28	0.00715	0.00476	0.00536	0.00536	0.00536	0.00476	0.00298	0.00715	0.00715	0.00953	0.01548	0.03216	0.01787	0.82729	0.02501	0.00476	0.00476	0.00715	0.00298	0.00298
29	0.00922	0.00835	0.01380	0.61142	0.08004	0.00998	0.01266	0.01228	0.01020	0.01319	0.01202	0.02101	0.01073	0.00651	0.00526	0.00174	0.00612	0.14738	0.00264	0.00544
30	0.00719	0.00526	0.00679	0.00644	0.00766	0.00496	0.00489	0.00994	0.04295	0.01954	0.73448	0.03676	0.04447	0.01006	0.00581	0.00158	0.00246	0.03865	0.00536	0.00475
31	0.00599	0.00428	0.00570	0.00684	0.00713	0.00399	0.00456	0.00684	0.00941	0.01254	0.02709	0.82409	0.03250	0.01540	0.00627	0.00200	0.00285	0.01397	0.00456	0.00399
32	0.00986	0.02542	0.80183	0.01401	0.02127	0.01141	0.01816	0.01556	0.01038	0.01556	0.00882	0.01038	0.00623	0.00467	0.00467	0.00156	0.00726	0.00363	0.00208	0.00726
33	0.01204	0.01155	0.01951	0.05745	0.69719	0.01171	0.03848	0.01568	0.05807	0.01619	0.00990	0.01260	0.00816	0.00453	0.00490	0.00148	0.00582	0.00449	0.00258	0.00766
34	0.00916	0.00458	0.00458	0.00458	0.00573	0.00458	0.00344	0.01145	0.01031	0.01832	0.01603	0.01832	0.01260	0.00573	0.00344	0.00115	0.00229	0.00458	0.85457	0.00458
35	0.01152	0.01380	0.06370	0.02041	0.02549	0.01238	0.74464	0.01573	0.01154	0.01573	0.00989	0.01313	0.00740	0.00417	0.00575	0.00165	0.00824	0.00570	0.00247	0.00666
36	0.01187	0.50030	0.30869	0.01100	0.01635	0.01620	0.04655	0.01507	0.01020	0.01321	0.00770	0.00903	0.00633	0.00437	0.00382	0.00126	0.00612	0.00314	0.00211	0.00667
37	0.00599	0.00428	0.00570	0.00684	0.00713	0.00399	0.00456	0.00684	0.00941	0.01254	0.02709	0.82409	0.03250	0.01540	0.00627	0.00200	0.00285	0.01397	0.00456	0.00399
38	0.00916	0.00458	0.00458	0.00458	0.00573	0.00458	0.00344	0.01145	0.01031	0.01832	0.01603	0.01832	0.01260	0.00573	0.00344	0.00115	0.00229	0.00458	0.85457	0.00458
39	0.00606	0.00435	0.00576	0.00686	0.00723	0.00406	0.00466	0.00698	0.00954	0.01265	0.02784	0.76757	0.05892	0.01522	0.00628	0.00199	0.00290	0.04255	0.00456	0.00402
40	0.00952	0.00892	0.01477	0.75051	0.06088	0.01100	0.01344	0.01326	0.04481	0.01304	0.00926	0.01330	0.00698	0.00497	0.00492	0.00163	0.00641	0.00442	0.00232	0.00565
41	0.01314	0.83025	0.02575	0.00841	0.01261	0.01945	0.00841	0.01472	0.00999	0.01156	0.00683	0.00788	0.00631	0.00420	0.00315	0.00105	0.00526	0.00263	0.00210	0.00631
42	0.00928	0.00873	0.01474	0.81548	0.03385	0.01092	0.01365	0.01256	0.00983	0.01256	0.00873	0.01310	0.00655	0.00491	0.00491	0.00164	0.00655	0.00437	0.00218	0.00546
43	0.01570	0.01090	0.01204	0.01007	0.01333	0.01197	0.00805	0.20722	0.45253	0.17536	0.01791	0.01645	0.01285	0.00637	0.00497	0.00159	0.00431	0.00516	0.00519	0.00803

[dist]
# distance from previous block
# <min> <max>
1	2

[block]
# block no. 2 follows, 51 sequences, length 53
# corresponding to MSA columns:
# 128-149,163-177,189-204
name=unknown_C
#
# <colnr> <probs for GDERKNQSTAVLIFYWHMCP>
#	G	D	E	R	K	N	Q	S	T	A	V	L	I	F	Y	W	H	M	C	P
0	0.01821	0.02312	0.01386	0.01260	0.01514	0.78883	0.00945	0.01978	0.03215	0.01223	0.00789	0.00909	0.00653	0.00510	0.00444	0.00128	0.00875	0.00322	0.00259	0.00575
1	0.03927	0.02196	0.01386	0.01235	0.01506	0.69630	0.00937	0.10739	0.01485	0.01446	0.00806	0.00918	0.00654	0.00515	0.00445	0.00130	0.00834	0.00330	0.00282	0.00600
2	0.00599	0.00446	0.00559	0.00649	0.00709	0.00406	0.00446	0.00696	0.00983	0.01275	0.03192	0.64167	0.19542	0.01473	0.00618	0.00193	0.00281	0.02907	0.00456	0.00404
3	0.03535	0.00531	0.00673	0.00623	0.00757	0.00492	0.00470	0.00956	0.01359	0.01965	0.73857	0.03476	0.04355	0.00962	0.00562	0.00151	0.00242	0.00846	0.00524	0.03663
4	0.00928	0.00873	0.01474	0.81548	0.03385	0.01092	0.01365	0.01256	0.00983	0.01256	0.00873	0.01310	0.00655	0.00491	0.00491	0.00164	0.00655	0.00437	0.00218	0.00546
5	0.01535	0.01052	0.01265	0.01033	0.01369	0.04823	0.07058	0.04202	0.35790	0.26065	0.01841	0.01719	0.03611	0.00618	0.00496	0.00154	0.00456	0.00523	0.00487	0.05904
6	0.00916	0.00458	0.00458	0.00458	0.00573	0.00458	0.00344	0.01145	0.01031	0.01832	0.01603	0.01832	0.01260	0.00573	0.00344	0.00115	0.00229	0.00458	0.85457	0.00458
7	0.01495	0.01231	0.01223	0.01120	0.05070	0.12322	0.00837	0.10133	0.43862	0.12631	0.03647	0.01629	0.01317	0.00626	0.00492	0.00156	0.00484	0.00505	0.00468	0.00755
8	0.01844	0.01364	0.01461	0.01126	0.01515	0.01513	0.00928	0.75198	0.05177	0.03058	0.01211	0.01204	0.00861	0.00593	0.00492	0.00148	0.00535	0.00447	0.00492	0.00834
9	0.00687	0.00481	0.00528	0.00528	0.00562	0.00464	0.00313	0.00713	0.00797	0.01029	0.02245	0.03523	0.17552	0.66191	0.02111	0.00413	0.00430	0.00780	0.00330	0.00322
10	0.01334	0.79956	0.02530	0.00857	0.01271	0.04942	0.00845	0.01490	0.01014	0.01158	0.00686	0.00792	0.00631	0.00424	0.00320	0.00106	0.00539	0.00265	0.00212	0.00628
11	0.00715	0.00476	0.00536	0.00536	0.00536	0.00476	0.00298	0.00715	0.00715	0.00953	0.01548	0.03216	0.01787	0.82729	0.02501	0.00476	0.00476	0.00715	0.00298	0.00298
12	0.01143	0.01298	0.02829	0.02029	0.02512	0.01217	0.75530	0.01547	0.01153	0.01564	0.01046	0.03785	0.00822	0.00448	0.00581	0.00167	0.00812	0.00605	0.00255	0.00655
13	0.01048	0.00873	0.01022	0.00731	0.01167	0.00657	0.00586	0.01266	0.01029	0.03537	0.00900	0.01035	0.00740	0.00370	0.00367	0.00075	0.00365	0.00296	0.00299	0.83638
14	0.86201	0.00950	0.00722	0.00646	0.00950	0.01102	0.00532	0.01445	0.00836	0.02205	0.00684	0.00798	0.00532	0.00456	0.00304	0.00152	0.00380	0.00266	0.00304	0.00532
15	0.01835	0.01341	0.01374	0.01091	0.01453	0.08642	0.00892	0.53238	0.06370	0.13592	0.01348	0.01425	0.00984	0.00618	0.00495	0.00150	0.00543	0.03332	0.00485	0.00794
16	0.00935	0.00880	0.01486	0.79744	0.05137	0.01094	0.01368	0.01261	0.00986	0.01264	0.00875	0.01308	0.00658	0.00490	0.00491	0.00163	0.00653	0.00437	0.00219	0.00551
17	0.00581	0.00498	0.00498	0.00498	0.00664	0.00415	0.00373	0.00705	0.01120	0.01328	0.04978	0.04729	0.79464	0.01245	0.00581	0.00166	0.00249	0.01037	0.00456	0.00415
18	0.05203	0.00961	0.01146	0.00914	0.01270	0.03861	0.00743	0.06099	0.14482	0.57157	0.01820	0.01613	0.01198	0.00608	0.00486	0.00153	0.00435	0.00487	0.00559	0.00805
19	0.05013	0.01196	0.01299	0.01036	0.01393	0.03255	0.00850	0.44811	0.11320	0.18574	0.01474	0.01547	0.01074	0.00633	0.00494	0.00154	0.00495	0.04089	0.00502	0.00792
20	0.00712	0.00488	0.00594	0.00594	0.00613	0.00508	0.00370	0.00752	0.00732	0.00996	0.01496	0.02924	0.01660	0.64793	0.20265	0.00548	0.00667	0.00672	0.00290	0.00330
21	0.18665	0.01477	0.01278	0.01053	0.01389	0.18746	0.00845	0.40123	0.07858	0.02422	0.01054	0.01091	0.00783	0.00551	0.00444	0.00145	0.00572	0.00389	0.00403	0.00712
22	0.74250	0.00940	0.00764	0.00658	0.00980	0.01040	0.00539	0.01416	0.00862	0.02120	0.00711	0.00829	0.00560	0.00443	0.00313	0.00141	0.00378	0.00270	0.00302	0.12486
23	0.10381	0.06638	0.16114	0.01039	0.01447	0.13532	0.00970	0.06407	0.10547	0.26191	0.01311	0.01275	0.00918	0.00544	0.00451	0.00147	0.00556	0.00408	0.00401	0.00723
24	0.03999	0.00892	0.01056	0.00829	0.01185	0.00815	0.00670	0.09648	0.09393	0.23443	0.07557	0.01707	0.02720	0.00586	0.00456	0.00127	0.00391	0.02808	0.00449	0.31270
25	0.00997	0.02465	0.75316	0.01443	0.02155	0.01148	0.06606	0.01557	0.01045	0.01557	0.00889	0.01056	0.00630	0.00464	0.00474	0.00156	0.00733	0.00377	0.00210	0.00722
26	0.00702	0.00527	0.00790	0.00790	0.00878	0.00614	0.00614	0.00878	0.00790	0.01141	0.01316	0.01931	0.01229	0.03686	0.80782	0.00790	0.01316	0.00527	0.00263	0.00439
27	0.00986	0.02542	0.80183	0.01401	0.02127	0.01141	0.01816	0.01556	0.01038	0.01556	0.00882	0.01038	0.00623	0.00467	0.00467	0.00156	0.00726	0.00363	0.00208	0.00726
28	0.00986	0.02542	0.80183	0.01401	0.02127	0.01141	0.01816	0.01556	0.01038	0.01556	0.00882	0.01038	0.00623	0.00467	0.00467	0.00156	0.00726	0.00363	0.00208	0.00726
29	0.01868	0.01376	0.01475	0.01131	0.01524	0.01524	0.00934	0.78025	0.02311	0.03097	0.01180	0.01180	0.00836	0.00590	0.00492	0.00147	0.00541	0.00442	0.00492	0.00836
30	0.01162	0.00977	0.01044	0.00950	0.01200	0.01108	0.00732	0.07329	0.60902	0.01996	0.02148	0.12064	0.04642	0.00794	0.00519	0.00170	0.00381	0.00673	0.00492	0.00720
31	0.00916	0.00458	0.00458	0.00458	0.00573	0.00458	0.00344	0.01145	0.01031	0.01832	0.01603	0.01832	0.01260	0.00573	0.00344	0.00115	0.00229	0.00458	0.85457	0.00458
32	0.00702	0.00525	0.00783	0.00783	0.00868	0.00610	0.00606	0.00873	0.00788	0.01136	0.01323	0.01966	0.01244	0.05857	0.78631	0.00781	0.01293	0.00532	0.00264	0.00435
33	0.00599	0.00428	0.00570	0.00684	0.00713	0.00399	0.00456	0.00684	0.00941	0.01254	0.02709	0.82409	0.03250	0.01540	0.00627	0.00200	0.00285	0.01397	0.00456	0.00399
34	0.01305	0.01063	0.01132	0.01001	0.01290	0.01215	0.00784	0.06722	0.70896	0.05842	0.01952	0.01790	0.01450	0.00660	0.00499	0.00165	0.00399	0.00546	0.00505	0.00784
35	0.06623	0.01048	0.01399	0.49555	0.02585	0.04968	0.01156	0.16461	0.01281	0.07482	0.00991	0.01255	0.00723	0.00524	0.00496	0.00158	0.01937	0.00425	0.00308	0.00624
36	0.00986	0.02542	0.80183	0.01401	0.02127	0.01141	0.01816	0.01556	0.01038	0.01556	0.00882	0.01038	0.00623	0.00467	0.00467	0.00156	0.00726	0.00363	0.00208	0.00726
37	0.01160	0.01326	0.02900	0.02071	0.02568	0.01243	0.77879	0.01574	0.01160	0.01574	0.00994	0.01326	0.00746	0.00414	0.00580	0.00166	0.00829	0.00580	0.00249	0.00663
38	0.04298	0.00873	0.01151	0.00885	0.01264	0.00782	0.00731	0.07134	0.01449	0.73202	0.01859	0.01620	0.01175	0.00603	0.00489	0.00152	0.00425	0.00485	0.00593	0.00829
39	0.10706	0.01026	0.01665	0.11085	0.01845	0.01091	0.22738	0.04185	0.03050	0.17737	0.01251	0.02773	0.00988	0.00621	0.00668	0.00172	0.11986	0.05419	0.00351	0.00643
40	0.01019	0.00873	0.01019	0.00728	0.01165	0.00655	0.00582	0.01237	0.01019	0.01601	0.00873	0.01019	0.00728	0.00364	0.00364	0.00073	0.00364	0.00291	0.00291	0.85734
41	0.00986	0.02542	0.80183	0.01401	0.02127	0.01141	0.01816	0.01556	0.01038	0.01556	0.00882	0.01038	0.00623	0.00467	0.00467	0.00156	0.00726	0.00363	0.00208	0.00726
42	0.86201	0.00950	0.00722	0.00646	0.00950	0.01102	0.00532	0.01445	0.00836	0.02205	0.00684	0.00798	0.00532	0.00456	0.00304	0.00152	0.00380	0.00266	0.00304	0.00532
43	0.00582	0.00493	0.00502	0.00510	0.00667	0.00414	0.00379	0.00704	0.01109	0.01323	0.04835	0.09622	0.74664	0.01263	0.00584	0.00168	0.00251	0.01060	0.00456	0.00414
44	0.86201	0.00950	0.00722	0.00646	0.00950	0.01102	0.00532	0.01445	0.00836	0.02205	0.00684	0.00798	0.00532	0.00456	0.00304	0.00152	0.00380	0.00266	0.00304	0.00532
45	0.01655	0.01790	0.01305	0.01142	0.01423	0.44678	0.00880	0.18173	0.15179	0.01775	0.02644	0.01348	0.04670	0.00596	0.00472	0.00140	0.00683	0.00430	0.00362	0.00654
46	0.00599	0.00428	0.00570	0.00684	0.00713	0.00399	0.00456	0.00684	0.00941	0.01254	0.02709	0.82409	0.03250	0.01540	0.00627	0.00200	0.00285	0.01397	0.00456	0.00399
47	0.00757	0.00549	0.00744	0.00822	0.00940	0.00535	0.00701	0.00975	0.01173	0.01541	0.15521	0.05162	0.09899	0.01289	0.00654	0.00209	0.00398	0.57213	0.00467	0.00451
48	0.00612	0.00447	0.00571	0.00663	0.00714	0.00414	0.00455	0.00707	0.00966	0.01262	0.02966	0.63521	0.13850	0.05372	0.00713	0.00210	0.00298	0.05410	0.00448	0.00399
49	0.00791	0.00523	0.00687	0.00634	0.00767	0.00480	0.00480	0.01020	0.01392	0.06885	0.74526	0.03545	0.04421	0.00980	0.00574	0.00154	0.00244	0.00864	0.00545	0.00487
50	0.01019	0.00873	0.01019	0.00728	0.01165	0.00655	0.00582	0.01237	0.01019	0.01601	0.00873	0.01019	0.00728	0.00364	0.00364	0.00073	0.00364	0.00291	0.00291	0.85734
51	0.01836	0.02342	0.01393	0.01266	0.01519	0.80756	0.00950	0.01962	0.01393	0.01203	0.00760	0.00886	0.00633	0.00506	0.00443	0.00127	0.00886	0.00317	0.00253	0.00570
52	0.01826	0.01355	0.01451	0.01122	0.01508	0.01504	0.00924	0.73069	0.07336	0.03029	0.01234	0.01223	0.00879	0.00595	0.00492	0.00149	0.00531	0.00450	0.00492	0.00832

[dist]
# distance from previous block
# <min> <max>
0	10

[block]
# block no. 3 follows, 51 sequences, length 30
# corresponding to MSA columns:
# 226-255
name=unknown_D
#
# <colnr> <probs for GDERKNQSTAVLIFYWHMCP>
#	G	D	E	R	K	N	Q	S	T	A	V	L	I	F	Y	W	H	M	C	P
0	0.01674	0.12824	0.01563	0.06944	0.01596	0.35400	0.00944	0.27104	0.01615	0.01854	0.03386	0.01089	0.00828	0.00537	0.00450	0.00134	0.00685	0.00378	0.00333	0.00661
1	0.00966	0.00920	0.01578	0.70612	0.11282	0.01105	0.04052	0.01293	0.01003	0.01303	0.00883	0.01301	0.00671	0.00483	0.00494	0.00162	0.00654	0.00442	0.00222	0.00574
2	0.00795	0.00675	0.00755	0.00619	0.00908	0.00531	0.00479	0.00965	0.01072	0.01473	0.04964	0.06006	0.36668	0.00828	0.00479	0.00122	0.00305	0.00690	0.00380	0.41287
3	0.03039	0.14653	0.66600	0.01298	0.01969	0.01262	0.01638	0.01541	0.01027	0.01511	0.00847	0.00994	0.00622	0.00460	0.00440	0.00148	0.00688	0.00346	0.00210	0.00707
4	0.00911	0.00847	0.01415	0.75700	0.03193	0.01046	0.01300	0.01232	0.01012	0.01307	0.06549	0.01481	0.00943	0.00528	0.00498	0.00163	0.00625	0.00469	0.00242	0.00540
5	0.01060	0.13470	0.66886	0.01320	0.01988	0.04031	0.01653	0.01559	0.01045	0.01490	0.00851	0.00998	0.00624	0.00462	0.00445	0.00148	0.00705	0.00348	0.00209	0.00708
6	0.00916	0.00458	0.00458	0.00458	0.00573	0.00458	0.00344	0.01145	0.01031	0.01832	0.01603	0.01832	0.01260	0.00573	0.00344	0.00115	0.00229	0.00458	0.85457	0.00458
7	0.01019	0.00873	0.01019	0.00728	0.01165	0.00655	0.00582	0.01237	0.01019	0.01601	0.00873	0.01019	0.00728	0.00364	0.00364	0.00073	0.00364	0.00291	0.00291	0.85734
8	0.01832	0.01994	0.01434	0.01263	0.03377	0.52570	0.00958	0.27196	0.01691	0.01841	0.00903	0.00992	0.00704	0.00532	0.00460	0.00134	0.00764	0.00361	0.00332	0.00663
9	0.00928	0.00873	0.01474	0.81548	0.03385	0.01092	0.01365	0.01256	0.00983	0.01256	0.00873	0.01310	0.00655	0.00491	0.00491	0.00164	0.00655	0.00437	0.00218	0.00546
10	0.00983	0.00923	0.01503	0.60203	0.10954	0.01133	0.01310	0.02741	0.00995	0.01319	0.00916	0.03816	0.00752	0.00562	0.00622	0.00169	0.09830	0.00466	0.00233	0.00570
11	0.00702	0.00527	0.00790	0.00790	0.00878	0.00614	0.00614	0.00878	0.00790	0.01141	0.01316	0.01931	0.01229	0.03686	0.80782	0.00790	0.01316	0.00527	0.00263	0.00439
12	0.00708	0.00510	0.00632	0.00597	0.00731	0.00459	0.00449	0.00914	0.01328	0.03859	0.59891	0.03867	0.22130	0.01051	0.00578	0.00157	0.00241	0.00913	0.00523	0.00462
13	0.00714	0.00479	0.00551	0.00551	0.00557	0.00485	0.00317	0.00725	0.00719	0.00964	0.01534	0.03138	0.01753	0.77931	0.07253	0.00495	0.00527	0.00703	0.00296	0.00306
14	0.00986	0.02542	0.80183	0.01401	0.02127	0.01141	0.01816	0.01556	0.01038	0.01556	0.00882	0.01038	0.00623	0.00467	0.00467	0.00156	0.00726	0.00363	0.00208	0.00726
15	0.00928	0.00873	0.01474	0.81548	0.03385	0.01092	0.01365	0.01256	0.00983	0.01256	0.00873	0.01310	0.00655	0.00491	0.00491	0.00164	0.00655	0.00437	0.00218	0.00546
16	0.01064	0.01059	0.01484	0.01276	0.01278	0.01479	0.01062	0.01174	0.00754	0.01181	0.00665	0.01100	0.00662	0.00943	0.03926	0.00232	0.79477	0.00433	0.00216	0.00535
17	0.01237	0.00912	0.01068	0.00791	0.01206	0.00758	0.00636	0.05922	0.07144	0.11857	0.01116	0.01176	0.00857	0.00432	0.00399	0.00095	0.00383	0.00347	0.00360	0.63307
18	0.00928	0.00873	0.01474	0.81548	0.03385	0.01092	0.01365	0.01256	0.00983	0.01256	0.00873	0.01310	0.00655	0.00491	0.00491	0.00164	0.00655	0.00437	0.00218	0.00546
19	0.01216	0.01168	0.01995	0.03016	0.79664	0.01168	0.01508	0.01508	0.01119	0.01605	0.00924	0.01216	0.00778	0.00438	0.00487	0.00146	0.00584	0.00438	0.00243	0.00778
20	0.01180	0.01130	0.01928	0.13028	0.69940	0.01158	0.01490	0.01476	0.01102	0.01561	0.00918	0.01228	0.00763	0.00445	0.00487	0.00148	0.00593	0.00438	0.00240	0.00749
21	0.00599	0.00428	0.00570	0.00684	0.00713	0.00399	0.00456	0.00684	0.00941	0.01254	0.02709	0.82409	0.03250	0.01540	0.00627	0.00200	0.00285	0.01397	0.00456	0.00399
22	0.01186	0.01124	0.01908	0.02864	0.73980	0.01124	0.01456	0.01473	0.01120	0.01596	0.01046	0.01529	0.00927	0.00504	0.00500	0.00152	0.00574	0.05924	0.00258	0.00755
23	0.00599	0.00428	0.00570	0.00684	0.00713	0.00399	0.00456	0.00684	0.00941	0.01254	0.02709	0.82409	0.03250	0.01540	0.00627	0.00200	0.00285	0.01397	0.00456	0.00399
24	0.01095	0.06805	0.01131	0.00751	0.01167	0.00765	0.00611	0.03440	0.01066	0.04715	0.00984	0.04263	0.00843	0.00431	0.00380	0.00085	0.00380	0.00345	0.00310	0.70431
25	0.03582	0.03251	0.00885	0.00727	0.00972	0.00628	0.00568	0.01385	0.02739	0.24124	0.13037	0.18943	0.11643	0.00901	0.00517	0.00152	0.00338	0.01991	0.00476	0.13137
26	0.01588	0.01191	0.01290	0.01046	0.01393	0.01309	0.00848	0.42175	0.28613	0.06358	0.01524	0.01541	0.01133	0.00627	0.00493	0.00153	0.00471	0.02560	0.00489	0.05199
27	0.01302	0.80014	0.05478	0.00862	0.01294	0.01914	0.00877	0.01475	0.01000	0.01171	0.00691	0.00798	0.00630	0.00422	0.00321	0.00107	0.00533	0.00267	0.00210	0.00634
28	0.00642	0.00520	0.00604	0.00616	0.00738	0.00488	0.00459	0.00800	0.02584	0.01399	0.13528	0.20877	0.43983	0.01345	0.03633	0.00199	0.03541	0.03163	0.00451	0.00432
29	0.01216	0.01168	0.01995	0.03016	0.79664	0.01168	0.01508	0.01508	0.01119	0.01605	0.00924	0.01216	0.00778	0.00438	0.00487	0.00146	0.00584	0.00438	0.00243	0.00778

[dist]
# distance from previous block
# <min> <max>
2	7

[block]
# block no. 4 follows, 51 sequences, length 137
# corresponding to MSA columns:
# 263-306,308-400
name=unknown_E
#
# <colnr> <probs for GDERKNQSTAVLIFYWHMCP>
#	G	D	E	R	K	N	Q	S	T	A	V	L	I	F	Y	W	H	M	C	P
0	0.01290	0.01033	0.01169	0.01014	0.01293	0.02846	0.03813	0.22704	0.29544	0.03827	0.02111	0.02575	0.09165	0.00814	0.00540	0.00171	0.00457	0.14472	0.00472	0.00691
1	0.01923	0.00791	0.01061	0.00838	0.01172	0.00700	0.00683	0.02167	0.04441	0.64389	0.14405	0.02000	0.01778	0.00674	0.00508	0.00153	0.00387	0.00560	0.00593	0.00774
2	0.01999	0.01009	0.01197	0.00940	0.01308	0.04279	0.00767	0.14154	0.09823	0.54205	0.01748	0.01562	0.01150	0.00601	0.00489	0.00150	0.00452	0.00480	0.00555	0.03134
3	0.01836	0.02342	0.01393	0.01266	0.01519	0.80756	0.00950	0.01962	0.01393	0.01203	0.00760	0.00886	0.00633	0.00506	0.00443	0.00127	0.00886	0.00317	0.00253	0.00570
4	0.00928	0.00873	0.01474	0.81548	0.03385	0.01092	0.01365	0.01256	0.00983	0.01256	0.00873	0.01310	0.00655	0.00491	0.00491	0.00164	0.00655	0.00437	0.00218	0.00546
5	0.01445	0.01166	0.01237	0.01045	0.01363	0.01326	0.00832	0.28655	0.52369	0.02415	0.01717	0.01608	0.01271	0.00640	0.00497	0.00160	0.00441	0.00517	0.00497	0.00798
6	0.01159	0.46876	0.35210	0.01071	0.01612	0.01566	0.01241	0.01492	0.01026	0.01347	0.02914	0.00972	0.00736	0.00456	0.00386	0.00128	0.00602	0.00322	0.00218	0.00666
7	0.00916	0.00458	0.00458	0.00458	0.00573	0.00458	0.00344	0.01145	0.01031	0.01832	0.01603	0.01832	0.01260	0.00573	0.00344	0.00115	0.00229	0.00458	0.85457	0.00458
8	0.00986	0.02542	0.80183	0.01401	0.02127	0.01141	0.01816	0.01556	0.01038	0.01556	0.00882	0.01038	0.00623	0.00467	0.00467	0.00156	0.00726	0.00363	0.00208	0.00726
9	0.01301	0.79865	0.05622	0.00863	0.01295	0.01913	0.00879	0.01475	0.01000	0.01172	0.00691	0.00798	0.00630	0.00422	0.00321	0.00107	0.00533	0.00267	0.00210	0.00634
10	0.01057	0.01002	0.01698	0.41511	0.39953	0.01108	0.01408	0.01361	0.01047	0.01424	0.00950	0.03583	0.00789	0.00496	0.00493	0.00156	0.00610	0.00465	0.00237	0.00653
11	0.00916	0.00458	0.00458	0.00458	0.00573	0.00458	0.00344	0.01145	0.01031	0.01832	0.01603	0.01832	0.01260	0.00573	0.00344	0.00115	0.00229	0.00458	0.85457	0.00458
12	0.00599	0.00428	0.00570	0.00684	0.00713	0.00399	0.00456	0.00684	0.00941	0.01254	0.02709	0.82409	0.03250	0.01540	0.00627	0.00200	0.00285	0.01397	0.00456	0.00399
13	0.13831	0.02125	0.01325	0.01193	0.01458	0.67943	0.02318	0.01881	0.01309	0.01352	0.00753	0.00882	0.00621	0.00498	0.00426	0.00131	0.00813	0.00314	0.00260	0.00566
14	0.00986	0.02542	0.80183	0.01401	0.02127	0.01141	0.01816	0.01556	0.01038	0.01556	0.00882	0.01038	0.00623	0.00467	0.00467	0.00156	0.00726	0.00363	0.00208	0.00726
15	0.00708	0.00479	0.00540	0.00540	0.00550	0.00476	0.00309	0.00718	0.00737	0.00976	0.01719	0.03265	0.05747	0.76826	0.04123	0.00467	0.00483	0.00727	0.00305	0.00307
16	0.01868	0.01364	0.01426	0.01110	0.01490	0.05360	0.00910	0.64456	0.05510	0.09599	0.01260	0.01236	0.00887	0.00591	0.00490	0.00148	0.00541	0.00446	0.00490	0.00820
17	0.00715	0.00476	0.00536	0.00536	0.00536	0.00476	0.00298	0.00715	0.00715	0.00953	0.01548	0.03216	0.01787	0.82729	0.02501	0.00476	0.00476	0.00715	0.00298	0.00298
18	0.00685	0.00502	0.00642	0.00607	0.00727	0.00459	0.00455	0.00906	0.01365	0.01910	0.72332	0.03771	0.11748	0.01027	0.00580	0.00156	0.00233	0.00903	0.00533	0.00459
19	0.00916	0.00458	0.00458	0.00458	0.00573	0.00458	0.00344	0.01145	0.01031	0.01832	0.01603	0.01832	0.01260	0.00573	0.00344	0.00115	0.00229	0.00458	0.85457	0.00458
20	0.00928	0.00873	0.01474	0.81548	0.03385	0.01092	0.01365	0.01256	0.00983	0.01256	0.00873	0.01310	0.00655	0.00491	0.00491	0.00164	0.00655	0.00437	0.00218	0.00546
21	0.01868	0.01376	0.01475	0.01131	0.01524	0.01524	0.00934	0.78025	0.02311	0.03097	0.01180	0.01180	0.00836	0.00590	0.00492	0.00147	0.00541	0.00442	0.00492	0.00836
22	0.02117	0.00817	0.01112	0.00859	0.01224	0.00707	0.00707	0.02310	0.01406	0.75469	0.06441	0.01789	0.01415	0.00631	0.00499	0.00152	0.00407	0.00517	0.00604	0.00815
23	0.01417	0.01336	0.01209	0.01066	0.01353	0.16170	0.00829	0.11763	0.54866	0.02024	0.01667	0.01576	0.01256	0.00627	0.00488	0.00157	0.00501	0.00497	0.00453	0.00746
24	0.00706	0.00511	0.00709	0.00709	0.00769	0.00570	0.00513	0.00826	0.00766	0.01081	0.01390	0.02341	0.01407	0.28898	0.55813	0.00690	0.01048	0.00587	0.00274	0.00394
25	0.01334	0.79858	0.02529	0.00858	0.01271	0.05039	0.00845	0.01491	0.01014	0.01158	0.00686	0.00792	0.00631	0.00424	0.00320	0.00106	0.00540	0.00265	0.00212	0.00628
26	0.01677	0.01078	0.01226	0.00986	0.01325	0.01140	0.00801	0.33644	0.18773	0.21549	0.07509	0.01726	0.01405	0.00655	0.00502	0.00153	0.00448	0.02182	0.00520	0.02701
27	0.03613	0.02753	0.01175	0.00928	0.01261	0.00994	0.00756	0.15787	0.19312	0.37726	0.06794	0.01818	0.01451	0.00657	0.00498	0.00156	0.00424	0.02583	0.00539	0.00777
28	0.01038	0.00730	0.03982	0.00876	0.01057	0.00666	0.02386	0.05655	0.07248	0.13391	0.02314	0.35331	0.02405	0.01164	0.00595	0.00191	0.00398	0.19552	0.00469	0.00552
29	0.00943	0.00891	0.01490	0.75770	0.05477	0.01112	0.01356	0.01260	0.00976	0.01262	0.00865	0.01297	0.00658	0.00506	0.00540	0.00166	0.04222	0.00436	0.00219	0.00552
30	0.01536	0.01203	0.01318	0.05848	0.01527	0.01359	0.00895	0.42272	0.32131	0.02545	0.01514	0.01539	0.01129	0.00631	0.00499	0.00158	0.00486	0.02145	0.00478	0.00787
31	0.00916	0.00458	0.00458	0.00458	0.00573	0.00458	0.00344	0.01145	0.01031	0.01832	0.01603	0.01832	0.01260	0.00573	0.00344	0.00115	0.00229	0.00458	0.85457	0.00458
32	0.01610	0.01133	0.01287	0.01037	0.01358	0.01235	0.02507	0.42704	0.18742	0.10105	0.01439	0.03621	0.01084	0.00740	0.00640	0.08557	0.00484	0.00500	0.00471	0.00746
33	0.00613	0.00439	0.00586	0.00698	0.00735	0.00412	0.00480	0.00709	0.00958	0.01272	0.02735	0.75519	0.04380	0.01522	0.00630	0.00201	0.00297	0.06957	0.00456	0.00403
34	0.01835	0.01360	0.01456	0.01124	0.01511	0.01509	0.00926	0.74169	0.06221	0.03044	0.01222	0.01213	0.00870	0.00594	0.00492	0.00148	0.00533	0.00448	0.00492	0.00833
35	0.00945	0.00891	0.01505	0.76887	0.07912	0.01096	0.01373	0.01271	0.00991	0.01276	0.00876	0.01305	0.00662	0.00488	0.00491	0.00163	0.00651	0.00437	0.00220	0.00560
36	0.00707	0.00475	0.00545	0.00552	0.00556	0.00476	0.00316	0.00717	0.00730	0.00976	0.01611	0.07880	0.01858	0.75651	0.04627	0.00469	0.00489	0.00750	0.00306	0.00308
37	0.01222	0.01056	0.01111	0.01000	0.01278	0.01222	0.00778	0.02611	0.78776	0.02056	0.02000	0.01833	0.01500	0.00667	0.00500	0.00167	0.00389	0.00556	0.00500	0.00778
38	0.00924	0.00847	0.01424	0.76746	0.03222	0.01052	0.01309	0.01219	0.00962	0.01232	0.00872	0.01321	0.00667	0.00563	0.00576	0.05241	0.00642	0.00436	0.00218	0.00526
39	0.00928	0.00873	0.01474	0.81548	0.03385	0.01092	0.01365	0.01256	0.00983	0.01256	0.00873	0.01310	0.00655	0.00491	0.00491	0.00164	0.00655	0.00437	0.00218	0.00546
40	0.01369	0.01087	0.01163	0.01011	0.01310	0.01234	0.00796	0.12966	0.63671	0.06826	0.01884	0.01734	0.01392	0.00653	0.00499	0.00163	0.00412	0.00536	0.00505	0.00789
41	0.01066	0.01063	0.01503	0.06054	0.01415	0.01481	0.01092	0.01187	0.00766	0.01187	0.00659	0.01089	0.00646	0.00838	0.01546	0.00212	0.77012	0.00430	0.00215	0.00538
42	0.01019	0.00873	0.01019	0.00728	0.01165	0.00655	0.00582	0.01237	0.01019	0.01601	0.00873	0.01019	0.00728	0.00364	0.00364	0.00073	0.00364	0.00291	0.00291	0.85734
43	0.01020	0.09034	0.70461	0.01385	0.02076	0.01211	0.05093	0.01550	0.01040	0.01525	0.00871	0.01030	0.00629	0.00461	0.00460	0.00152	0.00714	0.00365	0.00210	0.00716
44	0.00641	0.00473	0.00655	0.00815	0.04766	0.00447	0.00528	0.00744	0.00960	0.01284	0.02612	0.74172	0.03101	0.01474	0.00623	0.00198	0.00309	0.05332	0.00445	0.00421
45	0.00612	0.00438	0.00585	0.00696	0.00731	0.00410	0.00476	0.00710	0.00962	0.01283	0.04391	0.76095	0.03256	0.01517	0.00629	0.00200	0.00294	0.05852	0.00458	0.00404
46	0.01012	0.04139	0.68338	0.01521	0.07815	0.01154	0.04735	0.01541	0.01053	0.01559	0.02201	0.01101	0.00706	0.00471	0.00471	0.00154	0.00707	0.00384	0.00217	0.00721
47	0.01304	0.80720	0.04798	0.00857	0.01286	0.01922	0.00869	0.01474	0.01000	0.01168	0.00689	0.00795	0.00630	0.00422	0.00320	0.00107	0.00531	0.00266	0.00210	0.00633
48	0.01390	0.71557	0.02416	0.00889	0.01298	0.05869	0.00855	0.08445	0.01137	0.01335	0.00732	0.00829	0.00649	0.00440	0.00338	0.00110	0.00545	0.00282	0.00238	0.00646
49	0.01148	0.00892	0.01085	0.00805	0.01188	0.00755	0.00651	0.01351	0.01030	0.09645	0.00958	0.01093	0.00769	0.00444	0.00514	0.00097	0.09311	0.00327	0.00316	0.67622
50	0.01756	0.02233	0.06031	0.01253	0.01543	0.67460	0.00991	0.06324	0.05381	0.01376	0.00854	0.00960	0.00688	0.00517	0.00450	0.00132	0.00832	0.00339	0.00277	0.00605
51	0.01880	0.01259	0.01384	0.01066	0.01446	0.01362	0.00879	0.63677	0.02125	0.14507	0.01310	0.01279	0.00909	0.00592	0.00486	0.00147	0.00510	0.00451	0.03911	0.00821
52	0.01296	0.78542	0.06898	0.00872	0.01310	0.01900	0.00895	0.01476	0.01001	0.01178	0.00694	0.00802	0.00630	0.00423	0.00324	0.00108	0.00537	0.00268	0.00210	0.00636
53	0.00702	0.00527	0.00790	0.00790	0.00878	0.00614	0.00614	0.00878	0.00790	0.01141	0.01316	0.01931	0.01229	0.03686	0.80782	0.00790	0.01316	0.00527	0.00263	0.00439
54	0.00598	0.00429	0.00569	0.00680	0.00712	0.00399	0.00454	0.00685	0.00945	0.01256	0.02757	0.80768	0.04860	0.01533	0.00626	0.00199	0.00284	0.01389	0.00456	0.00399
55	0.00986	0.02542	0.80183	0.01401	0.02127	0.01141	0.01816	0.01556	0.01038	0.01556	0.00882	0.01038	0.00623	0.00467	0.00467	0.00156	0.00726	0.00363	0.00208	0.00726
56	0.01836	0.02342	0.01393	0.01266	0.01519	0.80756	0.00950	0.01962	0.01393	0.01203	0.00760	0.00886	0.00633	0.00506	0.00443	0.00127	0.00886	0.00317	0.00253	0.00570
57	0.01249	0.01050	0.01112	0.00997	0.01277	0.01209	0.00776	0.02605	0.76676	0.04172	0.01998	0.01829	0.01492	0.00665	0.00500	0.00166	0.00390	0.00554	0.00503	0.00779
58	0.00916	0.00458	0.00458	0.00458	0.00573	0.00458	0.00344	0.01145	0.01031	0.01832	0.01603	0.01832	0.01260	0.00573	0.00344	0.00115	0.00229	0.00458	0.85457	0.00458
59	0.00599	0.00428	0.00570	0.00684	0.00713	0.00399	0.00456	0.00684	0.00941	0.01254	0.02709	0.82409	0.03250	0.01540	0.00627	0.00200	0.00285	0.01397	0.00456	0.00399
60	0.01775	0.07028	0.01452	0.01222	0.01492	0.68901	0.00934	0.04953	0.05362	0.01318	0.00835	0.00940	0.00685	0.00513	0.00440	0.00128	0.00826	0.00330	0.00273	0.00594
61	0.04382	0.00849	0.01119	0.00864	0.01235	0.00752	0.00711	0.04338	0.02602	0.69270	0.04061	0.01669	0.01271	0.00606	0.00486	0.00149	0.00413	0.00491	0.00581	0.04149
62	0.01030	0.09988	0.66689	0.01402	0.02081	0.01225	0.07846	0.01550	0.01044	0.01520	0.00872	0.01037	0.00633	0.00458	0.00462	0.00152	0.00716	0.00371	0.00211	0.00712
63	0.00951	0.00900	0.01502	0.73062	0.07169	0.01119	0.01356	0.01264	0.00977	0.01269	0.00863	0.01292	0.00661	0.00509	0.00554	0.00166	0.05173	0.00436	0.00219	0.00557
64	0.00928	0.00873	0.01474	0.81548	0.03385	0.01092	0.01365	0.01256	0.00983	0.01256	0.00873	0.01310	0.00655	0.00491	0.00491	0.00164	0.00655	0.00437	0.00218	0.00546
65	0.00916	0.00458	0.00458	0.00458	0.00573	0.00458	0.00344	0.01145	0.01031	0.01832	0.01603	0.01832	0.01260	0.00573	0.00344	0.00115	0.00229	0.00458	0.85457	0.00458
66	0.01297	0.78909	0.06544	0.00869	0.01306	0.01903	0.00891	0.01476	0.01001	0.01177	0.00693	0.00801	0.00630	0.00423	0.00323	0.00108	0.00536	0.00268	0.00210	0.00636
67	0.86201	0.00950	0.00722	0.00646	0.00950	0.01102	0.00532	0.01445	0.00836	0.02205	0.00684	0.00798	0.00532	0.00456	0.00304	0.00152	0.00380	0.00266	0.00304	0.00532
68	0.00640	0.00471	0.00614	0.00689	0.00757	0.00424	0.00469	0.00739	0.00949	0.01289	0.02528	0.74414	0.03003	0.01424	0.00601	0.00187	0.00293	0.01288	0.00440	0.08781
69	0.05948	0.00818	0.01027	0.00825	0.01155	0.00756	0.00670	0.03445	0.08790	0.54778	0.05799	0.02078	0.10290	0.00697	0.00499	0.00155	0.00388	0.00568	0.00561	0.00751
70	0.00682	0.00502	0.00638	0.00604	0.00726	0.00458	0.00453	0.00902	0.01360	0.01896	0.70759	0.03794	0.13329	0.01033	0.00580	0.00156	0.00234	0.00906	0.00531	0.00458
71	0.00714	0.00478	0.00545	0.00545	0.00548	0.00481	0.00309	0.00720	0.00717	0.00959	0.01540	0.03171	0.01767	0.79964	0.05240	0.00487	0.00506	0.00708	0.00297	0.00303
72	0.00647	0.00500	0.00590	0.00568	0.00705	0.00443	0.00426	0.00834	0.01277	0.01700	0.48070	0.04117	0.36140	0.01106	0.00580	0.00159	0.00239	0.00951	0.00505	0.00443
73	0.01216	0.01168	0.01995	0.03016	0.79664	0.01168	0.01508	0.01508	0.01119	0.01605	0.00924	0.01216	0.00778	0.00438	0.00487	0.00146	0.00584	0.00438	0.00243	0.00778
74	0.00986	0.02542	0.80183	0.01401	0.02127	0.01141	0.01816	0.01556	0.01038	0.01556	0.00882	0.01038	0.00623	0.00467	0.00467	0.00156	0.00726	0.00363	0.00208	0.00726
75	0.01019	0.02496	0.78037	0.01386	0.02103	0.01130	0.01786	0.01579	0.01048	0.03686	0.00911	0.01055	0.00639	0.00471	0.00468	0.00156	0.00718	0.00367	0.00218	0.00729
76	0.01804	0.02282	0.01423	0.01356	0.05515	0.76687	0.00978	0.01939	0.01379	0.01223	0.00768	0.00903	0.00640	0.00503	0.00445	0.00128	0.00871	0.00323	0.00253	0.00580
77	0.01216	0.01168	0.01995	0.03016	0.79664	0.01168	0.01508	0.01508	0.01119	0.01605	0.00924	0.01216	0.00778	0.00438	0.00487	0.00146	0.00584	0.00438	0.00243	0.00778
78	0.00958	0.00912	0.01572	0.68657	0.09708	0.01093	0.05269	0.01283	0.00998	0.01298	0.00896	0.01320	0.00686	0.00570	0.02686	0.00179	0.00676	0.00447	0.00223	0.00569
79	0.00602	0.00429	0.00569	0.00680	0.00708	0.00401	0.00452	0.00685	0.00935	0.01246	0.02677	0.80249	0.03210	0.03754	0.00678	0.00207	0.00290	0.01378	0.00452	0.00396
80	0.54060	0.00920	0.00997	0.29116	0.01815	0.01089	0.00830	0.01402	0.00902	0.03851	0.00783	0.01001	0.00593	0.00472	0.00375	0.00156	0.00478	0.00332	0.00282	0.00545
81	0.86201	0.00950	0.00722	0.00646	0.00950	0.01102	0.00532	0.01445	0.00836	0.02205	0.00684	0.00798	0.00532	0.00456	0.00304	0.00152	0.00380	0.00266	0.00304	0.00532
82	0.01019	0.00873	0.01019	0.00728	0.01165	0.00655	0.00582	0.01237	0.01019	0.01601	0.00873	0.01019	0.00728	0.00364	0.00364	0.00073	0.00364	0.00291	0.00291	0.85734
83	0.00715	0.00476	0.00536	0.00536	0.00536	0.00476	0.00298	0.00715	0.00715	0.00953	0.01548	0.03216	0.01787	0.82729	0.02501	0.00476	0.00476	0.00715	0.00298	0.00298
84	0.00995	0.04738	0.78066	0.01385	0.02103	0.01163	0.01789	0.01554	0.01036	0.01545	0.00876	0.01031	0.00623	0.00466	0.00463	0.00154	0.00721	0.00360	0.00208	0.00724
85	0.00854	0.00539	0.00701	0.00639	0.00787	0.00489	0.00487	0.01075	0.01377	0.10498	0.66484	0.03514	0.08703	0.00975	0.00570	0.00155	0.00253	0.00854	0.00543	0.00502
86	0.01302	0.80210	0.05290	0.00860	0.01292	0.01916	0.00875	0.01474	0.01000	0.01170	0.00690	0.00797	0.00630	0.00422	0.00321	0.00107	0.00533	0.00266	0.00210	0.00634
87	0.00639	0.00526	0.00597	0.00601	0.00732	0.00487	0.00457	0.00776	0.01106	0.01386	0.12454	0.11856	0.52421	0.03016	0.00687	0.00182	0.04443	0.06759	0.00450	0.00425
88	0.00706	0.00497	0.00647	0.00650	0.00688	0.00534	0.00439	0.00784	0.00754	0.01043	0.01481	0.04924	0.01588	0.46289	0.36239	0.00604	0.00834	0.00653	0.00287	0.00362
89	0.01544	0.01361	0.01270	0.01120	0.03506	0.16812	0.00857	0.22184	0.34203	0.06363	0.04548	0.01523	0.01244	0.00619	0.00489	0.00152	0.00527	0.00486	0.00450	0.00743
90	0.01836	0.02342	0.01393	0.01266	0.01519	0.80756	0.00950	0.01962	0.01393	0.01203	0.00760	0.00886	0.00633	0.00506	0.00443	0.00127	0.00886	0.00317	0.00253	0.00570
91	0.00675	0.00499	0.00666	0.00776	0.02546	0.00472	0.00571	0.00823	0.01056	0.01389	0.08726	0.43057	0.11730	0.01387	0.00631	0.00199	0.00333	0.23577	0.00457	0.00430
92	0.01286	0.01087	0.01147	0.01013	0.01302	0.01252	0.00793	0.10019	0.71266	0.02158	0.01920	0.01769	0.01435	0.00659	0.00499	0.00165	0.00404	0.00544	0.00499	0.00784
93	0.00604	0.00432	0.00575	0.00680	0.00714	0.00403	0.00457	0.00699	0.00968	0.01297	0.07261	0.77735	0.03333	0.01508	0.00624	0.00197	0.00282	0.01367	0.00461	0.00403
94	0.01064	0.28631	0.47028	0.01135	0.01713	0.01338	0.01361	0.01459	0.01030	0.01410	0.01115	0.01224	0.06365	0.00506	0.00423	0.00138	0.00617	0.00378	0.00229	0.02837
95	0.01029	0.13128	0.69975	0.01327	0.02013	0.01247	0.01687	0.01545	0.01032	0.01504	0.00856	0.01005	0.00624	0.00461	0.00447	0.00149	0.00700	0.00350	0.00208	0.00714
96	0.00916	0.00458	0.00458	0.00458	0.00573	0.00458	0.00344	0.01145	0.01031	0.01832	0.01603	0.01832	0.01260	0.00573	0.00344	0.00115	0.00229	0.00458	0.85457	0.00458
