[name]
unknown

[dist]
# distance from previous block
# <min> <max>
5	21

[block]
# block no. 0 follows, 49 sequences, length 37
# corresponding to MSA columns:
# 26-62
name=unknown_A
#
# <colnr> <probs for GDERKNQSTAVLIFYWHMCP>
#	G	D	E	R	K	N	Q	S	T	A	V	L	I	F	Y	W	H	M	C	P
0	0.01855	0.01391	0.01520	0.01177	0.01548	0.01567	0.00973	0.71119	0.02246	0.03025	0.01169	0.01205	0.00844	0.00630	0.00601	0.00157	0.07202	0.00454	0.00482	0.00835
1	0.08216	0.01077	0.01110	0.00999	0.01287	0.01248	0.00780	0.02588	0.71799	0.02128	0.01947	0.01799	0.01462	0.00668	0.00498	0.00170	0.00399	0.00547	0.00498	0.00780
2	0.02240	0.00906	0.01202	0.00921	0.01314	0.00811	0.00761	0.08631	0.01524	0.73150	0.01931	0.01679	0.01219	0.00624	0.00508	0.00156	0.00441	0.00504	0.00616	0.00861
3	0.78897	0.01014	0.00807	0.00706	0.01026	0.01170	0.00582	0.07733	0.00985	0.02344	0.00746	0.00854	0.00573	0.00481	0.00329	0.00156	0.00405	0.00289	0.00329	0.00573
4	0.02269	0.00861	0.01174	0.00900	0.01291	0.00743	0.00743	0.02464	0.01447	0.79425	0.01995	0.01721	0.01252	0.00626	0.00509	0.00156	0.00430	0.00509	0.00626	0.00861
5	0.00685	0.00516	0.00634	0.00604	0.00737	0.00464	0.00453	0.00895	0.01360	0.01858	0.59852	0.04057	0.23833	0.01097	0.00597	0.00162	0.00243	0.00954	0.00534	0.00464
6	0.01109	0.00897	0.01055	0.00756	0.01203	0.00677	0.00606	0.01332	0.01068	0.05471	0.00953	0.01082	0.00774	0.00387	0.00381	0.00079	0.00377	0.00310	0.00316	0.81169
7	0.00698	0.00518	0.00652	0.00623	0.00751	0.00472	0.00471	0.00918	0.01376	0.01901	0.64145	0.04016	0.17326	0.01086	0.00599	0.00163	0.00248	0.03028	0.00539	0.00468
8	0.01075	0.01021	0.01733	0.49598	0.33963	0.01155	0.01464	0.01397	0.01068	0.01437	0.00920	0.01309	0.00725	0.00483	0.00504	0.00161	0.00645	0.00450	0.00235	0.00658
9	0.01889	0.02410	0.01433	0.01303	0.01563	0.80199	0.00977	0.02019	0.01433	0.01238	0.00782	0.00912	0.00651	0.00521	0.00456	0.00130	0.00912	0.00326	0.00261	0.00586
10	0.01151	0.32518	0.45913	0.01193	0.01798	0.01476	0.01422	0.01602	0.03959	0.01467	0.00874	0.01002	0.00680	0.00468	0.00421	0.00139	0.00648	0.00341	0.00228	0.02701
11	0.01252	0.01201	0.02053	0.03104	0.79074	0.01201	0.01552	0.01552	0.01151	0.01652	0.00951	0.01252	0.00801	0.00451	0.00501	0.00150	0.00601	0.00451	0.00250	0.00801
12	0.85801	0.00978	0.00743	0.00665	0.00978	0.01134	0.00548	0.01486	0.00861	0.02269	0.00704	0.00821	0.00548	0.00469	0.00313	0.00156	0.00391	0.00274	0.00313	0.00548
13	0.01050	0.09140	0.70008	0.01423	0.02135	0.01247	0.04999	0.01595	0.01070	0.01568	0.00896	0.01059	0.00647	0.00474	0.00473	0.00156	0.00735	0.00375	0.00216	0.00736
14	0.00634	0.00482	0.00584	0.00626	0.00722	0.00432	0.00444	0.00771	0.01139	0.01492	0.21782	0.38140	0.28215	0.01354	0.00618	0.00183	0.00268	0.01192	0.00490	0.00432
15	0.01905	0.01385	0.01491	0.01150	0.01549	0.01530	0.00948	0.71954	0.05525	0.05486	0.01273	0.01258	0.00901	0.00611	0.00506	0.00153	0.00546	0.00462	0.00510	0.00857
16	0.00815	0.00582	0.00815	0.00931	0.01048	0.00582	0.00815	0.01048	0.01164	0.01513	0.02677	0.05704	0.02910	0.01397	0.00698	0.00233	0.00466	0.75671	0.00466	0.00466
17	0.01214	0.01328	0.04782	0.02541	0.36431	0.01242	0.41592	0.01589	0.01171	0.01634	0.00988	0.01306	0.00779	0.00439	0.00551	0.00161	0.00738	0.00526	0.00252	0.00737
18	0.01252	0.01201	0.02053	0.03104	0.79074	0.01201	0.01552	0.01552	0.01151	0.01652	0.00951	0.01252	0.00801	0.00451	0.00501	0.00150	0.00601	0.00451	0.00250	0.00801
19	0.00716	0.00517	0.00676	0.00636	0.00755	0.00477	0.00477	0.00954	0.01431	0.02028	0.78808	0.03777	0.04771	0.01034	0.00596	0.00159	0.00239	0.00914	0.00557	0.00477
20	0.01252	0.01201	0.02053	0.03104	0.79074	0.01201	0.01552	0.01552	0.01151	0.01652	0.00951	0.01252	0.00801	0.00451	0.00501	0.00150	0.00601	0.00451	0.00250	0.00801
21	0.00716	0.00517	0.00676	0.00636	0.00755	0.00477	0.00477	0.00954	0.01431	0.02028	0.78808	0.03777	0.04771	0.01034	0.00596	0.00159	0.00239	0.00914	0.00557	0.00477
22	0.01128	0.01172	0.01914	0.01532	0.01662	0.01480	0.20456	0.01319	0.00881	0.01319	0.00755	0.01172	0.00690	0.00768	0.01389	0.00208	0.60856	0.00482	0.00230	0.00586
23	0.00955	0.00899	0.01517	0.81013	0.03483	0.01123	0.01404	0.01292	0.01011	0.01292	0.00899	0.01348	0.00674	0.00506	0.00506	0.00169	0.00674	0.00449	0.00225	0.00562
24	0.00722	0.00542	0.00813	0.00813	0.00903	0.00632	0.00632	0.00903	0.00813	0.01174	0.01354	0.01987	0.01264	0.03792	0.80225	0.00813	0.01354	0.00542	0.00271	0.00451
25	0.00686	0.00516	0.00635	0.00605	0.00737	0.00464	0.00454	0.00897	0.01361	0.01861	0.60271	0.04051	0.23411	0.01096	0.00597	0.00162	0.00243	0.00953	0.00535	0.00464
26	0.01921	0.01387	0.01538	0.01175	0.01582	0.01519	0.02936	0.71658	0.02300	0.06970	0.01248	0.01243	0.00877	0.00603	0.00508	0.00152	0.00558	0.00462	0.00505	0.00855
27	0.85801	0.00978	0.00743	0.00665	0.00978	0.01134	0.00548	0.01486	0.00861	0.02269	0.00704	0.00821	0.00548	0.00469	0.00313	0.00156	0.00391	0.00274	0.00313	0.00548
28	0.01252	0.01201	0.02053	0.03104	0.79074	0.01201	0.01552	0.01552	0.01151	0.01652	0.00951	0.01252	0.00801	0.00451	0.00501	0.00150	0.00601	0.00451	0.00250	0.00801
29	0.00939	0.00881	0.01471	0.77375	0.03356	0.01092	0.01358	0.01266	0.01018	0.01295	0.01090	0.01507	0.04209	0.00541	0.00510	0.00169	0.00655	0.00477	0.00236	0.00556
30	0.01049	0.00899	0.01049	0.00749	0.01198	0.00674	0.00599	0.01273	0.01049	0.01648	0.00899	0.01049	0.00749	0.00374	0.00374	0.00075	0.00374	0.00300	0.00300	0.85320
31	0.05062	0.53543	0.26931	0.01039	0.01565	0.01700	0.01168	0.01541	0.01033	0.01369	0.00768	0.00893	0.00642	0.00449	0.00373	0.00127	0.00599	0.00303	0.00220	0.00676
32	0.00722	0.00542	0.00813	0.00813	0.00903	0.00632	0.00632	0.00903	0.00813	0.01174	0.01354	0.01987	0.01264	0.03792	0.80225	0.00813	0.01354	0.00542	0.00271	0.00451
33	0.02269	0.00861	0.01174	0.00900	0.01291	0.00743	0.00743	0.02464	0.01447	0.79425	0.01995	0.01721	0.01252	0.00626	0.00509	0.00156	0.00430	0.00509	0.00626	0.00861
34	0.01180	0.01032	0.01666	0.08331	0.11331	0.00931	0.19067	0.01492	0.02876	0.07530	0.01166	0.02926	0.02412	0.00476	0.00478	0.00128	0.00543	0.00462	0.00313	0.35661
35	0.03011	0.08674	0.05553	0.02358	0.01268	0.04538	0.03182	0.02845	0.02496	0.15325	0.14531	0.02389	0.01858	0.01136	0.09391	0.00242	0.09129	0.11064	0.00403	0.00606
36	0.08500	0.08564	0.01370	0.02777	0.01372	0.05549	0.00829	0.28042	0.02965	0.20701	0.04805	0.01442	0.01112	0.00866	0.07060	0.00205	0.02199	0.00459	0.00450	0.00736

[dist]
# distance from previous block
# <min> <max>
1	2

[block]
# block no. 1 follows, 49 sequences, length 20
# corresponding to MSA columns:
# 65,73-91
name=unknown_B
#
# <colnr> <probs for GDERKNQSTAVLIFYWHMCP>
#	G	D	E	R	K	N	Q	S	T	A	V	L	I	F	Y	W	H	M	C	P
0	0.05427	0.30203	0.35985	0.01156	0.01716	0.01526	0.01304	0.14117	0.01260	0.01753	0.00877	0.00990	0.00675	0.00484	0.00422	0.00140	0.00626	0.00346	0.00268	0.00722
1	0.03531	0.12207	0.60564	0.01309	0.01962	0.01281	0.01608	0.05307	0.02999	0.01646	0.00919	0.01066	0.00677	0.00512	0.00489	0.01905	0.00688	0.00368	0.00239	0.00726
2	0.01049	0.10845	0.71684	0.01382	0.02097	0.01259	0.01765	0.01592	0.01063	0.01559	0.00886	0.01041	0.00641	0.00476	0.00464	0.00155	0.00726	0.00363	0.00214	0.00737
3	0.01882	0.01396	0.01495	0.01155	0.01553	0.01549	0.00951	0.72881	0.06950	0.03122	0.01265	0.01255	0.00901	0.00612	0.00506	0.00153	0.00547	0.00462	0.00506	0.00856
4	0.01179	0.44819	0.35307	0.01100	0.01652	0.01580	0.01274	0.01526	0.01063	0.01403	0.04322	0.01054	0.00832	0.00480	0.00403	0.00133	0.00615	0.00343	0.00231	0.00683
5	0.05007	0.34796	0.28951	0.01085	0.01578	0.05243	0.01178	0.04855	0.04144	0.01514	0.01001	0.06705	0.00877	0.00554	0.00422	0.00141	0.00601	0.00412	0.00264	0.00674
6	0.05297	0.35338	0.44165	0.01167	0.01764	0.01512	0.01392	0.01560	0.01041	0.01465	0.00814	0.00950	0.00639	0.00460	0.00408	0.00139	0.00645	0.00326	0.00220	0.00697
7	0.05045	0.75834	0.02519	0.00874	0.01294	0.05041	0.00856	0.01533	0.01036	0.01239	0.00706	0.00816	0.00645	0.00438	0.00329	0.00111	0.00549	0.00273	0.00222	0.00642
8	0.00735	0.00490	0.00552	0.00552	0.00552	0.00490	0.00306	0.00735	0.00735	0.00980	0.01593	0.03309	0.01838	0.82229	0.02574	0.00490	0.00490	0.00735	0.00306	0.00306
9	0.00669	0.00516	0.00617	0.00656	0.00767	0.00477	0.00479	0.00867	0.04578	0.01497	0.16888	0.33238	0.29338	0.01331	0.00618	0.00186	0.00287	0.06055	0.00487	0.00449
10	0.01214	0.38326	0.40295	0.01154	0.01735	0.01533	0.01351	0.01622	0.03266	0.03995	0.00885	0.00998	0.00690	0.00470	0.00412	0.00137	0.00634	0.00337	0.00237	0.00708
11	0.01293	0.01274	0.01833	0.11438	0.24708	0.09543	0.14081	0.06405	0.08762	0.03044	0.01140	0.04909	0.00951	0.00585	0.00623	0.00165	0.07727	0.00519	0.00305	0.00695
12	0.01003	0.00954	0.01663	0.64262	0.10350	0.01124	0.08069	0.01341	0.01042	0.01373	0.00938	0.01358	0.00714	0.00496	0.00508	0.00165	0.00669	0.00463	0.02915	0.00592
13	0.03339	0.01106	0.01412	0.17697	0.16330	0.11211	0.04742	0.03359	0.02783	0.08897	0.11232	0.05363	0.04973	0.00665	0.00540	0.00157	0.02209	0.00572	0.00355	0.03059
14	0.02501	0.00969	0.01491	0.20593	0.06282	0.01094	0.09429	0.04771	0.03221	0.04721	0.02692	0.09443	0.02599	0.00802	0.03043	0.00191	0.17474	0.00576	0.00311	0.07797
15	0.05362	0.00992	0.01508	0.12428	0.17986	0.02302	0.08856	0.01499	0.02386	0.12005	0.03009	0.06440	0.04652	0.00661	0.00609	0.00162	0.07300	0.02929	0.00344	0.08571
16	0.06576	0.02472	0.09966	0.03337	0.02850	0.07835	0.03992	0.08977	0.05816	0.17338	0.08571	0.11843	0.04034	0.00752	0.00529	0.00161	0.01521	0.00625	0.00428	0.02376
17	0.01222	0.03766	0.11141	0.04795	0.03042	0.07902	0.06347	0.04756	0.01150	0.11762	0.04435	0.04811	0.03750	0.07995	0.12241	0.00277	0.03638	0.00545	0.00343	0.06081
18	0.04062	0.10111	0.11168	0.05850	0.06890	0.08317	0.06108	0.05588	0.04857	0.12656	0.07471	0.01432	0.01145	0.00601	0.00617	0.00157	0.09903	0.00463	0.00346	0.02258
19	0.02891	0.08836	0.15061	0.10092	0.10160	0.07802	0.07836	0.04273	0.04582	0.07601	0.03318	0.03831	0.00982	0.00548	0.00503	0.00148	0.02217	0.00460	0.00310	0.08548

[dist]
# distance from previous block
# <min> <max>
5	28

[block]
# block no. 2 follows, 49 sequences, length 18
# corresponding to MSA columns:
# 120-137
name=unknown_C
#
# <colnr> <probs for GDERKNQSTAVLIFYWHMCP>
#	G	D	E	R	K	N	Q	S	T	A	V	L	I	F	Y	W	H	M	C	P
0	0.08672	0.08634	0.07761	0.00970	0.01290	0.04465	0.05421	0.13551	0.05135	0.04479	0.08494	0.07676	0.04450	0.06215	0.04399	0.00204	0.00538	0.00576	0.00378	0.06693
1	0.03351	0.16414	0.14458	0.09796	0.12392	0.03005	0.01166	0.17468	0.02736	0.03487	0.01046	0.04367	0.00856	0.00551	0.00484	0.00146	0.02232	0.00433	0.00314	0.05297
2	0.03532	0.14880	0.16779	0.01027	0.01410	0.01197	0.02786	0.07240	0.11423	0.06556	0.05067	0.03659	0.09490	0.00680	0.00569	0.00154	0.06895	0.00525	0.00360	0.05769
3	0.07642	0.13949	0.12440	0.16097	0.01772	0.06395	0.02058	0.05710	0.02681	0.07394	0.10495	0.02768	0.01309	0.00617	0.00519	0.00154	0.03918	0.01634	0.01819	0.00631
4	0.01202	0.29678	0.21469	0.01032	0.01436	0.02818	0.01062	0.01529	0.04423	0.07324	0.08730	0.04203	0.02895	0.00707	0.02449	0.00164	0.07448	0.00470	0.00309	0.00653
5	0.01005	0.07812	0.18762	0.00908	0.01246	0.00876	0.00884	0.04938	0.06147	0.05649	0.21997	0.10562	0.09345	0.00846	0.00529	0.00158	0.00433	0.02185	0.00417	0.05301
6	0.01438	0.52581	0.07208	0.01171	0.06578	0.15111	0.02988	0.05216	0.01175	0.01360	0.00778	0.00907	0.00672	0.00460	0.00384	0.00122	0.00630	0.00315	0.00241	0.00665
7	0.01352	0.82533	0.02650	0.00865	0.01298	0.02001	0.00865	0.01514	0.01027	0.01190	0.00703	0.00811	0.00649	0.00433	0.00324	0.00108	0.00541	0.00270	0.00216	0.00649
8	0.01226	0.00917	0.01101	0.03714	0.01309	0.00737	0.00661	0.04702	0.01151	0.10807	0.01041	0.01145	0.00810	0.00419	0.00401	0.00091	0.00400	0.00336	0.00344	0.68689
9	0.00955	0.00899	0.01517	0.81013	0.03483	0.01123	0.01404	0.01292	0.01011	0.01292	0.00899	0.01348	0.00674	0.00506	0.00506	0.00169	0.00674	0.00449	0.00225	0.00562
10	0.00614	0.00447	0.00579	0.00685	0.00728	0.00412	0.00461	0.00706	0.00987	0.01298	0.03023	0.74115	0.10976	0.01554	0.00641	0.00202	0.00290	0.01400	0.00469	0.00412
11	0.00985	0.00930	0.01571	0.73093	0.11167	0.01131	0.01419	0.01318	0.01025	0.01329	0.00904	0.01338	0.00687	0.00500	0.00505	0.00167	0.00667	0.00450	0.00227	0.00586
12	0.00955	0.00899	0.01517	0.81013	0.03483	0.01123	0.01404	0.01292	0.01011	0.01292	0.00899	0.01348	0.00674	0.00506	0.00506	0.00169	0.00674	0.00449	0.00225	0.00562
13	0.00623	0.00447	0.00581	0.00685	0.00719	0.00417	0.00455	0.00707	0.00962	0.01274	0.02819	0.73065	0.06823	0.06891	0.00770	0.00223	0.00305	0.01374	0.00459	0.00405
14	0.05768	0.01252	0.06810	0.12047	0.17663	0.04914	0.12984	0.01830	0.22412	0.01729	0.01353	0.01704	0.01094	0.00589	0.00520	0.00167	0.00598	0.05526	0.00337	0.00701
15	0.07583	0.00953	0.01389	0.26209	0.09185	0.01016	0.05371	0.04680	0.08291	0.20671	0.03203	0.01727	0.06313	0.00607	0.00506	0.00163	0.00530	0.00523	0.00394	0.00685
16	0.00838	0.00712	0.01122	0.26631	0.04614	0.00750	0.06059	0.01075	0.01132	0.03056	0.17506	0.19637	0.12965	0.00946	0.00573	0.00174	0.00452	0.00852	0.00389	0.00517
17	0.01195	0.05481	0.20183	0.12067	0.05075	0.01192	0.12127	0.06568	0.05339	0.05346	0.03057	0.01299	0.00885	0.00537	0.00593	0.00155	0.07716	0.00448	0.00297	0.10443

[dist]
# distance from previous block
# <min> <max>
5	27

[block]
# block no. 3 follows, 49 sequences, length 14
# corresponding to MSA columns:
# 166-179
name=unknown_D
#
# <colnr> <probs for GDERKNQSTAVLIFYWHMCP>
#	G	D	E	R	K	N	Q	S	T	A	V	L	I	F	Y	W	H	M	C	P
0	0.00988	0.07853	0.01428	0.49926	0.02532	0.01109	0.01153	0.01268	0.01012	0.01367	0.01119	0.01761	0.00958	0.00629	0.00595	0.00168	0.07840	0.07655	0.10092	0.00549
1	0.01041	0.01009	0.01585	0.41393	0.07746	0.01283	0.02925	0.01288	0.00935	0.01305	0.00815	0.01242	0.00683	0.00641	0.00944	0.00185	0.31451	0.00446	0.00228	0.02857
2	0.00955	0.00899	0.01517	0.81013	0.03483	0.01123	0.01404	0.01292	0.01011	0.01292	0.00899	0.01348	0.00674	0.00506	0.00506	0.00169	0.00674	0.00449	0.00225	0.00562
3	0.01033	0.00997	0.01413	0.09421	0.01473	0.01350	0.01048	0.01201	0.02527	0.01272	0.03290	0.06788	0.01018	0.01016	0.04697	0.00236	0.59887	0.00533	0.00257	0.00543
4	0.00705	0.10028	0.00792	0.00589	0.00770	0.00616	0.00462	0.00850	0.01165	0.01441	0.15719	0.10848	0.51925	0.01170	0.00570	0.00165	0.00290	0.00983	0.00454	0.00459
5	0.01108	0.01097	0.04735	0.01261	0.01393	0.01296	0.06576	0.08513	0.01049	0.01510	0.03018	0.03390	0.03869	0.00965	0.03054	0.00220	0.46826	0.09239	0.00301	0.00579
6	0.01087	0.02031	0.53361	0.06753	0.02018	0.01100	0.01551	0.01700	0.10043	0.05839	0.01269	0.01662	0.00999	0.00602	0.00509	0.00169	0.00658	0.07636	0.00296	0.00720
7	0.01157	0.00970	0.01105	0.00821	0.01247	0.00828	0.00657	0.08743	0.10128	0.01850	0.01064	0.01162	0.00852	0.00433	0.00403	0.00093	0.00395	0.00346	0.00344	0.67402
8	0.01030	0.02508	0.73024	0.01501	0.02228	0.01183	0.08345	0.01603	0.01078	0.01603	0.00917	0.01093	0.00651	0.00476	0.00490	0.00161	0.00756	0.00393	0.00217	0.00742
9	0.00998	0.00656	0.00837	0.06213	0.01074	0.00642	0.00611	0.08413	0.01357	0.10824	0.30534	0.17331	0.12964	0.02354	0.00615	0.00176	0.00344	0.03012	0.00504	0.00543
10	0.00791	0.08441	0.00869	0.00711	0.00872	0.00698	0.00552	0.01094	0.10077	0.01544	0.17326	0.21486	0.23393	0.01265	0.03906	0.00201	0.00364	0.05453	0.00458	0.00501
11	0.01176	0.19119	0.35324	0.01418	0.08457	0.01336	0.08083	0.08783	0.01218	0.01669	0.03303	0.01373	0.05518	0.00538	0.00472	0.00149	0.00638	0.00443	0.00274	0.00709
12	0.02841	0.19072	0.14983	0.01011	0.01423	0.01326	0.00971	0.23417	0.07717	0.04173	0.07580	0.03285	0.06847	0.00649	0.00473	0.00147	0.00510	0.00506	0.00389	0.02679
13	0.05424	0.21102	0.33200	0.01145	0.01684	0.01384	0.01253	0.13619	0.04224	0.10838	0.01067	0.01125	0.00778	0.00513	0.00444	0.00146	0.00601	0.00380	0.00324	0.00747

[dist]
# distance from previous block
# <min> <max>
6	52

[block]
# block no. 4 follows, 49 sequences, length 32
# corresponding to MSA columns:
# 242-273
name=unknown_E
#
# <colnr> <probs for GDERKNQSTAVLIFYWHMCP>
#	G	D	E	R	K	N	Q	S	T	A	V	L	I	F	Y	W	H	M	C	P
0	0.05894	0.09966	0.31176	0.02803	0.01529	0.01032	0.01125	0.06279	0.01153	0.09286	0.01616	0.19738	0.04764	0.00785	0.00503	0.00165	0.00535	0.00651	0.00349	0.00649
1	0.05657	0.01294	0.10067	0.01117	0.04280	0.01154	0.00954	0.34094	0.01699	0.19840	0.01375	0.05593	0.01029	0.00614	0.00489	0.00149	0.00511	0.00487	0.00460	0.09138
2	0.06153	0.16658	0.14426	0.01127	0.01588	0.01561	0.01069	0.46871	0.01832	0.02508	0.01042	0.01094	0.00768	0.00547	0.00458	0.00145	0.00576	0.00398	0.00394	0.00786
3	0.01246	0.28812	0.42227	0.01234	0.01827	0.01500	0.03392	0.11252	0.01225	0.01668	0.00882	0.01009	0.00675	0.00479	0.00435	0.00142	0.00658	0.00356	0.00253	0.00728
4	0.04811	0.13466	0.18741	0.01165	0.01638	0.04378	0.01128	0.43002	0.02985	0.02428	0.01051	0.01108	0.00773	0.00547	0.00465	0.00147	0.00600	0.00401	0.00384	0.00782
5	0.01378	0.21777	0.36605	0.01214	0.01779	0.01498	0.01342	0.25060	0.01464	0.01992	0.00952	0.01050	0.00711	0.00508	0.00450	0.00145	0.00638	0.00374	0.00305	0.00758
6	0.01411	0.12834	0.31582	0.01212	0.01737	0.01436	0.01276	0.28435	0.11420	0.02170	0.01135	0.01190	0.00835	0.00545	0.00473	0.00152	0.00607	0.00414	0.00356	0.00780
7	0.01184	0.42818	0.40894	0.01151	0.01741	0.01590	0.01364	0.01558	0.01047	0.01394	0.00805	0.00939	0.00645	0.00456	0.00402	0.00134	0.00643	0.00322	0.00215	0.00698
8	0.06461	0.10737	0.28744	0.01121	0.01631	0.01230	0.01177	0.17007	0.03464	0.19847	0.03028	0.01289	0.00941	0.00552	0.00468	0.00152	0.00571	0.00422	0.00389	0.00768
9	0.01081	0.18488	0.64324	0.01327	0.02012	0.01339	0.01669	0.01584	0.01060	0.01520	0.00867	0.01017	0.00642	0.00471	0.00449	0.00150	0.00706	0.00353	0.00214	0.00728
10	0.00625	0.00450	0.00593	0.00691	0.00734	0.00417	0.00467	0.00728	0.01017	0.01362	0.09908	0.72068	0.06020	0.01523	0.00639	0.00200	0.00287	0.01377	0.00477	0.00417
11	0.01922	0.01416	0.01518	0.01163	0.01568	0.01568	0.00961	0.77388	0.02378	0.03187	0.01214	0.01214	0.00860	0.00607	0.00506	0.00152	0.00556	0.00455	0.00506	0.00860
12	0.01308	0.72149	0.12650	0.00940	0.01414	0.01893	0.00996	0.01526	0.01033	0.01243	0.00730	0.00844	0.00648	0.00439	0.00345	0.00115	0.00568	0.00284	0.00216	0.00662
13	0.01465	0.09926	0.13587	0.01117	0.01526	0.03444	0.01021	0.23465	0.32380	0.04634	0.01465	0.01427	0.01085	0.00599	0.00485	0.00156	0.00527	0.00468	0.00431	0.00790
14	0.01024	0.02549	0.75512	0.01478	0.02213	0.01180	0.05898	0.01602	0.01074	0.01602	0.00914	0.01083	0.00647	0.00478	0.00487	0.00161	0.00753	0.00386	0.00216	0.00744
15	0.00614	0.00502	0.00543	0.00566	0.00707	0.00431	0.00417	0.00744	0.01135	0.01392	0.08573	0.18561	0.59177	0.01325	0.00609	0.00178	0.00268	0.03356	0.00474	0.00428
16	0.01014	0.02616	0.79609	0.01441	0.02189	0.01174	0.01868	0.01601	0.01068	0.01601	0.00907	0.01068	0.00641	0.00480	0.00480	0.00160	0.00747	0.00374	0.00214	0.00747
17	0.01179	0.01196	0.01775	0.43953	0.20943	0.09824	0.08679	0.03740	0.01149	0.01459	0.00920	0.01275	0.00716	0.00490	0.00508	0.00160	0.00696	0.00450	0.00246	0.00641
18	0.00984	0.00929	0.01570	0.73313	0.10954	0.01131	0.01419	0.01318	0.01025	0.01328	0.00904	0.01339	0.00687	0.00500	0.00505	0.00167	0.00667	0.00450	0.00227	0.00585
19	0.00955	0.00899	0.01517	0.81013	0.03483	0.01123	0.01404	0.01292	0.01011	0.01292	0.00899	0.01348	0.00674	0.00506	0.00506	0.00169	0.00674	0.00449	0.00225	0.00562
20	0.01095	0.02708	0.24284	0.04822	0.04172	0.04774	0.22572	0.01551	0.07145	0.03886	0.01490	0.14002	0.03829	0.00687	0.00545	0.00169	0.00650	0.00647	0.00314	0.00658
21	0.01216	0.00789	0.01201	0.12438	0.13735	0.00786	0.03186	0.01454	0.02617	0.19714	0.01985	0.17988	0.04023	0.03999	0.00647	0.00192	0.00480	0.12506	0.00425	0.00620
22	0.00616	0.00440	0.00587	0.00704	0.00733	0.00411	0.00469	0.00704	0.00968	0.01291	0.02787	0.81899	0.03344	0.01584	0.00645	0.00205	0.00293	0.01438	0.00469	0.00411
23	0.01089	0.01037	0.01752	0.44573	0.36547	0.01170	0.01460	0.01404	0.01066	0.01448	0.00915	0.01299	0.00729	0.00492	0.00537	0.00162	0.02967	0.00450	0.00236	0.00666
24	0.01304	0.01245	0.05574	0.01795	0.07047	0.01138	0.46086	0.03325	0.01214	0.12719	0.01381	0.05496	0.03921	0.00575	0.00627	0.00171	0.04747	0.00614	0.00329	0.00692
25	0.01073	0.01019	0.01730	0.49971	0.33602	0.01155	0.01463	0.01396	0.01067	0.01435	0.00920	0.01310	0.00725	0.00484	0.00504	0.00161	0.00645	0.00450	0.00235	0.00657
26	0.00731	0.00529	0.00704	0.00737	0.00847	0.00502	0.00584	0.00945	0.01274	0.01738	0.40938	0.13771	0.07488	0.01232	0.00636	0.00190	0.00321	0.25859	0.00512	0.00463
27	0.00656	0.00481	0.00663	0.00820	0.04051	0.00455	0.00537	0.00762	0.00989	0.01320	0.02703	0.73584	0.03209	0.01524	0.00643	0.00205	0.00317	0.06190	0.00460	0.00431
28	0.01418	0.01328	0.03308	0.01416	0.01790	0.09140	0.27143	0.22199	0.06261	0.04093	0.06579	0.01684	0.01232	0.00690	0.02842	0.00179	0.00669	0.03386	0.03946	0.00696
29	0.01158	0.01241	0.04537	0.16181	0.28030	0.01208	0.33163	0.01555	0.03402	0.01582	0.01035	0.02699	0.00825	0.00477	0.00544	0.00164	0.00712	0.00530	0.00259	0.00701
30	0.01243	0.01238	0.02327	0.05884	0.42179	0.01218	0.30152	0.01631	0.03965	0.03596	0.01043	0.01333	0.00821	0.00457	0.00538	0.00160	0.00688	0.00512	0.00270	0.00747
31	0.03185	0.14106	0.26814	0.14575	0.22652	0.01302	0.03004	0.01533	0.01073	0.03463	0.00904	0.01140	0.00706	0.00484	0.00500	0.00153	0.03063	0.00398	0.00239	0.00708

[dist]
# distance from previous block
# <min> <max>
14	23

[block]
# block no. 5 follows, 49 sequences, length 9
# corresponding to MSA columns:
# 297-305
name=unknown_F
#
# <colnr> <probs for GDERKNQSTAVLIFYWHMCP>
#	G	D	E	R	K	N	Q	S	T	A	V	L	I	F	Y	W	H	M	C	P
0	0.01753	0.13871	0.06360	0.01150	0.01555	0.12899	0.00998	0.47888	0.04649	0.02472	0.01086	0.01125	0.00809	0.00564	0.00470	0.00143	0.00611	0.00408	0.00410	0.00780
1	0.09339	0.08812	0.24324	0.01159	0.01653	0.01413	0.01167	0.36440	0.04506	0.04860	0.01089	0.01141	0.00786	0.00546	0.00465	0.00152	0.00586	0.00404	0.00381	0.00778
2	0.03929	0.06876	0.31518	0.01167	0.01655	0.04131	0.01218	0.16405	0.16942	0.04058	0.02767	0.01338	0.00989	0.00564	0.00474	0.00154	0.00582	0.00437	0.04050	0.00747
3	0.13349	0.07956	0.53198	0.01243	0.01863	0.01240	0.01486	0.07559	0.01154	0.05184	0.00935	0.01054	0.00672	0.00492	0.00448	0.00155	0.00652	0.00364	0.00269	0.00725
4	0.06026	0.01307	0.01405	0.01114	0.01484	0.01444	0.00925	0.65611	0.02175	0.02966	0.01341	0.01662	0.01058	0.00682	0.00516	0.00160	0.00539	0.08288	0.00492	0.00803
5	0.01772	0.01323	0.01431	0.01126	0.01497	0.01473	0.00922	0.64466	0.10173	0.02940	0.01311	0.01336	0.00958	0.00829	0.05858	0.00198	0.00594	0.00473	0.00491	0.00826
6	0.01044	0.09640	0.72845	0.01391	0.02110	0.01247	0.01780	0.01594	0.01064	0.01565	0.00889	0.01045	0.00641	0.00476	0.00467	0.00156	0.00729	0.00365	0.00214	0.00739
7	0.01018	0.12475	0.01198	0.00880	0.01074	0.00989	0.00722	0.14099	0.01112	0.01521	0.01237	0.01685	0.01106	0.02764	0.55080	0.00598	0.01101	0.00488	0.00303	0.00550
8	0.01063	0.14101	0.68549	0.01358	0.02061	0.01293	0.01724	0.01589	0.01062	0.01542	0.00878	0.01031	0.00642	0.00474	0.00458	0.00153	0.00718	0.00359	0.00214	0.00733

[dist]
# distance from previous block
# <min> <max>
6	8

[block]
# block no. 6 follows, 49 sequences, length 29
# corresponding to MSA columns:
# 314-342
name=unknown_G
#
# <colnr> <probs for GDERKNQSTAVLIFYWHMCP>
#	G	D	E	R	K	N	Q	S	T	A	V	L	I	F	Y	W	H	M	C	P
0	0.01161	0.19304	0.56908	0.01297	0.01950	0.01381	0.01582	0.07924	0.01169	0.01648	0.00890	0.01026	0.00661	0.00481	0.00450	0.00149	0.00688	0.00359	0.00239	0.00736
1	0.01374	0.07238	0.01295	0.01055	0.01308	0.18897	0.00834	0.02152	0.38905	0.03791	0.03463	0.01682	0.02479	0.00672	0.00582	0.00160	0.07282	0.01852	0.04292	0.00688
2	0.53577	0.01421	0.24090	0.00879	0.01304	0.01091	0.00923	0.01495	0.00939	0.02039	0.00843	0.00983	0.00638	0.00483	0.00366	0.00154	0.00484	0.00320	0.07372	0.00600
3	0.01010	0.00853	0.01001	0.00741	0.01142	0.00663	0.00588	0.01268	0.03144	0.01711	0.11369	0.01436	0.01309	0.00471	0.00408	0.00089	0.00357	0.00389	0.00340	0.71711
4	0.00955	0.00899	0.01517	0.81013	0.03483	0.01123	0.01404	0.01292	0.01011	0.01292	0.00899	0.01348	0.00674	0.00506	0.00506	0.00169	0.00674	0.00449	0.00225	0.00562
5	0.00615	0.00445	0.00581	0.00690	0.00730	0.00412	0.00463	0.00706	0.00982	0.01296	0.02957	0.76300	0.08834	0.01562	0.00642	0.00203	0.00291	0.01411	0.00469	0.00412
6	0.01252	0.01201	0.02053	0.03104	0.79074	0.01201	0.01552	0.01552	0.01151	0.01652	0.00951	0.01252	0.00801	0.00451	0.00501	0.00150	0.00601	0.00451	0.00250	0.00801
7	0.01049	0.00899	0.01049	0.00749	0.01198	0.00674	0.00599	0.01273	0.01049	0.01648	0.00899	0.01049	0.00749	0.00374	0.00374	0.00075	0.00374	0.00300	0.00300	0.85320
8	0.00725	0.00561	0.00820	0.00757	0.00886	0.00519	0.06052	0.00941	0.01304	0.01817	0.54314	0.21100	0.06010	0.01119	0.00607	0.00171	0.00296	0.01012	0.00513	0.00476
9	0.00735	0.00490	0.00552	0.00552	0.00552	0.00490	0.00306	0.00735	0.00735	0.00980	0.01593	0.03309	0.01838	0.82229	0.02574	0.00490	0.00490	0.00735	0.00306	0.00306
10	0.00697	0.00516	0.00650	0.00617	0.00744	0.00469	0.00463	0.00919	0.01388	0.01924	0.67287	0.03948	0.16356	0.01072	0.00597	0.00161	0.00241	0.00938	0.00543	0.00469
11	0.00986	0.00898	0.01465	0.72043	0.03227	0.01104	0.01338	0.04747	0.01080	0.01389	0.01034	0.03193	0.00840	0.00573	0.00517	0.00171	0.00651	0.03922	0.00254	0.00568
12	0.01252	0.01201	0.02053	0.03104	0.79074	0.01201	0.01552	0.01552	0.01151	0.01652	0.00951	0.01252	0.00801	0.00451	0.00501	0.00150	0.00601	0.00451	0.00250	0.00801
13	0.01191	0.01106	0.01816	0.31657	0.45601	0.01199	0.01455	0.06968	0.01189	0.01631	0.00951	0.01284	0.00759	0.00482	0.00503	0.00157	0.00625	0.00450	0.00259	0.00717
14	0.01287	0.67060	0.17550	0.00977	0.01470	0.01841	0.01059	0.01531	0.01035	0.01269	0.00743	0.00861	0.00647	0.00442	0.00355	0.00118	0.00581	0.00290	0.00216	0.00668
15	0.00955	0.00899	0.01517	0.81013	0.03483	0.01123	0.01404	0.01292	0.01011	0.01292	0.00899	0.01348	0.00674	0.00506	0.00506	0.00169	0.00674	0.00449	0.00225	0.00562
16	0.01165	0.00727	0.00840	0.00745	0.00984	0.00700	0.00580	0.01623	0.18944	0.20275	0.13973	0.04781	0.30692	0.00959	0.00558	0.00167	0.00329	0.00806	0.00529	0.00623
17	0.01257	0.01096	0.01224	0.01213	0.08200	0.01253	0.00867	0.02587	0.71342	0.02074	0.01960	0.01830	0.01478	0.00665	0.00513	0.00170	0.00418	0.00561	0.00491	0.00800
18	0.00731	0.00601	0.00740	0.00813	0.07680	0.00553	0.00542	0.00976	0.04793	0.01679	0.32799	0.03993	0.40065	0.01085	0.00585	0.00164	0.00287	0.00931	0.00486	0.00496
19	0.00874	0.00657	0.00998	0.00936	0.01119	0.00612	0.10307	0.01076	0.01148	0.06882	0.03038	0.18879	0.21141	0.01227	0.00638	0.00199	0.00429	0.28888	0.00452	0.00501
20	0.01154	0.09146	0.66225	0.01345	0.02035	0.01205	0.01685	0.01671	0.01098	0.08457	0.00987	0.01104	0.00695	0.00489	0.00470	0.00155	0.00702	0.00377	0.00250	0.00749
21	0.01217	0.01323	0.08942	0.05773	0.65984	0.01200	0.05048	0.01550	0.01141	0.01633	0.00949	0.01244	0.00781	0.00454	0.00503	0.00153	0.00628	0.00450	0.00246	0.00782
22	0.01014	0.02616	0.79609	0.01441	0.02189	0.01174	0.01868	0.01601	0.01068	0.01601	0.00907	0.01068	0.00641	0.00480	0.00480	0.00160	0.00747	0.00374	0.00214	0.00747
23	0.01128	0.01076	0.01830	0.35483	0.47659	0.01169	0.01491	0.01444	0.01093	0.01502	0.00929	0.01292	0.00748	0.00473	0.00503	0.00158	0.00631	0.00450	0.00240	0.00702
24	0.01054	0.08144	0.60536	0.08410	0.02165	0.01237	0.01665	0.01658	0.07510	0.01587	0.00988	0.01142	0.00720	0.00496	0.00474	0.00158	0.00697	0.00389	0.00240	0.00728
25	0.01737	0.01121	0.11187	0.01217	0.09572	0.02568	0.03162	0.02011	0.02702	0.46147	0.02990	0.08682	0.03191	0.00688	0.00521	0.00161	0.00492	0.00586	0.00495	0.00772
26	0.02652	0.00927	0.02716	0.01305	0.07882	0.04326	0.19209	0.01223	0.03338	0.01472	0.02215	0.10550	0.14550	0.04910	0.07735	0.00252	0.00620	0.13213	0.00358	0.00547
27	0.01188	0.01091	0.01796	0.14619	0.50340	0.01136	0.03583	0.01590	0.07956	0.03131	0.01208	0.01707	0.01031	0.00562	0.00522	0.00163	0.00587	0.06760	0.00295	0.00734
28	0.01104	0.01286	0.07603	0.01943	0.08948	0.01130	0.52464	0.01484	0.01159	0.01583	0.01304	0.08828	0.01169	0.00616	0.00593	0.00176	0.00742	0.06925	0.00289	0.00655

[dist]
# distance from previous block
# <min> <max>
0	1

[block]
# block no. 7 follows, 49 sequences, length 32
# corresponding to MSA columns:
# 344-375
name=unknown_H
#
# <colnr> <probs for GDERKNQSTAVLIFYWHMCP>
#	G	D	E	R	K	N	Q	S	T	A	V	L	I	F	Y	W	H	M	C	P
0	0.01131	0.01064	0.01799	0.13644	0.55491	0.01088	0.03050	0.01431	0.01173	0.01655	0.12179	0.01632	0.01355	0.00542	0.00517	0.00154	0.00564	0.00521	0.00291	0.00718
1	0.01180	0.01342	0.06693	0.01887	0.02315	0.01263	0.57036	0.01549	0.01125	0.03792	0.01062	0.04483	0.00861	0.00547	0.00743	0.00178	0.12420	0.00593	0.00268	0.00661
2	0.01438	0.00695	0.00971	0.00859	0.01094	0.00642	0.02353	0.01619	0.01212	0.37461	0.03532	0.14654	0.05804	0.02833	0.12101	0.00276	0.00546	0.10765	0.00506	0.00638
3	0.01004	0.02306	0.68191	0.01301	0.01958	0.01073	0.01650	0.01540	0.01067	0.01642	0.01015	0.01186	0.00735	0.00496	0.00462	0.00154	0.00673	0.00388	0.12452	0.00708
4	0.00932	0.00611	0.00823	0.00779	0.00943	0.00581	0.03308	0.01111	0.02090	0.12816	0.08304	0.20657	0.24295	0.01464	0.09094	0.00251	0.02617	0.08347	0.00463	0.00514
5	0.01209	0.05651	0.65125	0.01339	0.02022	0.01146	0.01665	0.01722	0.01121	0.12813	0.01056	0.01151	0.00729	0.00499	0.00478	0.00157	0.00693	0.00389	0.00273	0.00760
6	0.01851	0.00899	0.01175	0.00925	0.01252	0.00852	0.03543	0.12118	0.05352	0.48270	0.03563	0.01969	0.02484	0.12411	0.00813	0.00206	0.00463	0.00558	0.00541	0.00756
7	0.01167	0.01075	0.01826	0.02622	0.61660	0.01065	0.04089	0.01438	0.01139	0.03222	0.02966	0.12957	0.01264	0.00630	0.00527	0.00159	0.00554	0.00610	0.00297	0.00734
8	0.01127	0.01057	0.01786	0.15498	0.55449	0.01107	0.01395	0.01416	0.01080	0.01524	0.01001	0.01373	0.00847	0.00942	0.12004	0.00249	0.00721	0.00464	0.00249	0.00711
9	0.01075	0.00825	0.00965	0.00914	0.01072	0.08549	0.05080	0.03986	0.02552	0.09571	0.05289	0.23008	0.03528	0.12824	0.00890	0.00233	0.00479	0.18210	0.00434	0.00515
10	0.03966	0.00879	0.01243	0.01193	0.12459	0.00792	0.00832	0.02166	0.01366	0.59638	0.04596	0.05780	0.01402	0.00660	0.00513	0.00158	0.00440	0.00556	0.00554	0.00808
11	0.01054	0.08150	0.43720	0.01678	0.20306	0.01144	0.01514	0.01489	0.01137	0.01643	0.12142	0.01483	0.01276	0.00549	0.00490	0.00154	0.00623	0.00462	0.00272	0.00714
12	0.01023	0.02552	0.75715	0.01476	0.02212	0.01180	0.05699	0.01602	0.01074	0.01602	0.00913	0.01083	0.00647	0.00478	0.00486	0.00161	0.00753	0.00385	0.00216	0.00744
13	0.00998	0.00942	0.01594	0.69772	0.14389	0.01135	0.01426	0.01329	0.01031	0.01344	0.00906	0.01334	0.00692	0.00498	0.00505	0.00166	0.00663	0.00450	0.00228	0.00596
14	0.01057	0.01242	0.12953	0.44906	0.27190	0.01155	0.01518	0.01419	0.01064	0.01450	0.00917	0.01277	0.00709	0.00485	0.00500	0.00162	0.00661	0.00439	0.00231	0.00664
15	0.00987	0.00916	0.01529	0.48077	0.23800	0.01042	0.01310	0.01278	0.01043	0.01390	0.01186	0.12944	0.01094	0.00646	0.00524	0.00169	0.00599	0.00592	0.00267	0.00606
16	0.01227	0.01220	0.03996	0.01633	0.02018	0.05123	0.43911	0.03731	0.01216	0.07071	0.01411	0.02075	0.02541	0.00772	0.04084	0.00204	0.03422	0.11397	0.02306	0.00641
17	0.01415	0.01274	0.01196	0.01066	0.01356	0.12630	0.00827	0.04426	0.61479	0.05782	0.01850	0.01721	0.01384	0.00657	0.00506	0.00164	0.00479	0.00530	0.00483	0.00774
18	0.00628	0.00441	0.00589	0.00699	0.00727	0.00413	0.00465	0.00703	0.00952	0.01269	0.02691	0.77335	0.03221	0.03108	0.00733	0.03477	0.00303	0.01386	0.00457	0.00401
19	0.13299	0.01023	0.01630	0.41915	0.26838	0.01156	0.04239	0.01414	0.01040	0.01559	0.00892	0.01242	0.00699	0.00480	0.00480	0.00161	0.00617	0.00430	0.00247	0.00639
20	0.00757	0.00541	0.00749	0.00866	0.00957	0.00533	0.00715	0.00949	0.01108	0.01449	0.02709	0.27692	0.03036	0.01451	0.00683	0.00225	0.00416	0.54249	0.00467	0.00450
21	0.00712	0.00517	0.00671	0.00632	0.00753	0.00475	0.00474	0.00947	0.01422	0.02006	0.76366	0.03813	0.07227	0.01042	0.00596	0.00159	0.00239	0.00920	0.00554	0.00475
22	0.01014	0.02616	0.79609	0.01441	0.02189	0.01174	0.01868	0.01601	0.01068	0.01601	0.00907	0.01068	0.00641	0.00480	0.00480	0.00160	0.00747	0.00374	0.00214	0.00747
23	0.01098	0.24540	0.54561	0.01258	0.01888	0.01373	0.01541	0.01550	0.01061	0.01484	0.00937	0.01223	0.00753	0.00512	0.00448	0.00149	0.00677	0.04014	0.00227	0.00706
24	0.01557	0.05508	0.22308	0.01107	0.01568	0.01213	0.01095	0.26960	0.08128	0.15916	0.02502	0.01461	0.02922	0.00596	0.00487	0.00153	0.00543	0.00466	0.04731	0.00779
25	0.00628	0.00513	0.00555	0.00544	0.00702	0.00440	0.00408	0.00785	0.01225	0.01537	0.24147	0.04585	0.59739	0.01217	0.00597	0.00168	0.00252	0.01028	0.00492	0.00440
26	0.01037	0.00974	0.01643	0.53740	0.26040	0.01120	0.01420	0.01358	0.01061	0.01411	0.01001	0.01531	0.00821	0.00532	0.00513	0.00166	0.00642	0.04115	0.00244	0.00629
27	0.01282	0.01222	0.02083	0.02945	0.70413	0.01225	0.06199	0.05410	0.01216	0.01728	0.00969	0.01257	0.00802	0.00457	0.00507	0.00152	0.00614	0.00460	0.00264	0.00797
28	0.01117	0.27028	0.56100	0.01265	0.01917	0.01427	0.01562	0.01575	0.01055	0.01476	0.00845	0.00989	0.00643	0.00466	0.00433	0.00144	0.00684	0.00342	0.00214	0.00717
29	0.01276	0.02911	0.01298	0.04964	0.01445	0.02707	0.07556	0.16729	0.21976	0.06735	0.04078	0.17193	0.01775	0.00858	0.00554	0.00175	0.00480	0.06152	0.00459	0.00678
30	0.03434	0.02998	0.16436	0.01502	0.01952	0.17757	0.26460	0.03062	0.05458	0.10270	0.01187	0.01469	0.00915	0.00544	0.00524	0.00160	0.00734	0.04130	0.00319	0.00689
31	0.02937	0.00880	0.03444	0.01427	0.22081	0.01910	0.01942	0.04774	0.02191	0.07129	0.27526	0.09178	0.05115	0.00862	0.00560	0.00166	0.00424	0.06402	0.00435	0.00618

[dist]
# distance from previous block
# <min> <max>
3	50

[block]
# block no. 8 follows, 49 sequences, length 13
# corresponding to MSA columns:
# 426-438
name=unknown_I
#
# <colnr> <probs for GDERKNQSTAVLIFYWHMCP>
#	G	D	E	R	K	N	Q	S	T	A	V	L	I	F	Y	W	H	M	C	P
0	0.01416	0.12103	0.08290	0.01409	0.07769	0.18730	0.14666	0.03288	0.04760	0.08871	0.01435	0.01534	0.08272	0.00584	0.00526	0.00149	0.03072	0.00486	0.00320	0.02321
1	0.01007	0.07983	0.68197	0.01345	0.02015	0.01173	0.01691	0.01526	0.01057	0.01549	0.01038	0.07271	0.00849	0.00562	0.00482	0.00160	0.00698	0.00448	0.00233	0.00715
2	0.23520	0.00950	0.01006	0.00797	0.01160	0.02606	0.00643	0.07520	0.01214	0.18628	0.05107	0.03975	0.01101	0.00548	0.00419	0.00130	0.00407	0.00419	0.00407	0.29442
3	0.01527	0.01345	0.01586	0.04332	0.18043	0.11844	0.03824	0.25860	0.01524	0.04604	0.01058	0.01244	0.00826	0.00594	0.00666	0.00158	0.12945	0.00443	0.06860	0.00717
4	0.00610	0.00464	0.00562	0.00640	0.00717	0.00416	0.00441	0.00711	0.01030	0.01316	0.03568	0.56144	0.28595	0.01483	0.00629	0.00194	0.00281	0.01314	0.00469	0.00416
5	0.04890	0.06003	0.19829	0.01194	0.01581	0.39127	0.01102	0.01864	0.03384	0.08750	0.01007	0.01118	0.00772	0.00631	0.03109	0.00163	0.00763	0.00369	0.03694	0.00648
6	0.01352	0.82533	0.02650	0.00865	0.01298	0.02001	0.00865	0.01514	0.01027	0.01190	0.00703	0.00811	0.00649	0.00433	0.00324	0.00108	0.00541	0.00270	0.00216	0.00649
7	0.00707	0.00517	0.00664	0.00627	0.00750	0.00474	0.00470	0.00938	0.01411	0.01980	0.73535	0.03855	0.10073	0.01051	0.00596	0.00160	0.00240	0.00925	0.00550	0.00474
8	0.01318	0.09258	0.01094	0.00916	0.04333	0.28389	0.00675	0.01513	0.01202	0.01586	0.03597	0.01472	0.01094	0.00558	0.00400	0.00124	0.00517	0.00414	0.40997	0.00543
9	0.01258	0.01086	0.01143	0.01029	0.01315	0.01258	0.00800	0.02687	0.78161	0.02115	0.02058	0.01887	0.01544	0.00686	0.00515	0.00172	0.00400	0.00572	0.00515	0.00800
10	0.01335	0.78455	0.06577	0.00895	0.01343	0.01959	0.00916	0.01519	0.01030	0.01211	0.00713	0.00824	0.00649	0.00435	0.00332	0.00111	0.00551	0.00276	0.00216	0.00654
11	0.01352	0.82533	0.02650	0.00865	0.01298	0.02001	0.00865	0.01514	0.01027	0.01190	0.00703	0.00811	0.00649	0.00433	0.00324	0.00108	0.00541	0.00270	0.00216	0.00649
12	0.07553	0.05698	0.70449	0.01358	0.02060	0.01204	0.01726	0.01589	0.01050	0.01636	0.00884	0.01038	0.00634	0.00478	0.00461	0.00158	0.00712	0.00362	0.00221	0.00728

[dist]
# distance from previous block
# <min> <max>
0	1

[block]
# block no. 9 follows, 49 sequences, length 151
# corresponding to MSA columns:
# 440-466,472-524,533-595,598-605
name=unknown_J
#
# <colnr> <probs for GDERKNQSTAVLIFYWHMCP>
#	G	D	E	R	K	N	Q	S	T	A	V	L	I	F	Y	W	H	M	C	P
0	0.01874	0.04605	0.01466	0.01291	0.01556	0.78057	0.00974	0.02005	0.01422	0.01236	0.00779	0.00909	0.00651	0.00519	0.00452	0.00130	0.00902	0.00324	0.00259	0.00588
1	0.01343	0.80344	0.04758	0.00881	0.01322	0.01978	0.00893	0.01517	0.01029	0.01201	0.00709	0.00818	0.00649	0.00434	0.00329	0.00110	0.00546	0.00273	0.00216	0.00652
2	0.01025	0.05067	0.77249	0.01424	0.02161	0.01200	0.01838	0.01599	0.01066	0.01589	0.00901	0.01060	0.00641	0.00479	0.00476	0.00159	0.00741	0.00370	0.00214	0.00744
3	0.00813	0.00620	0.00767	0.00712	0.00858	0.02783	0.02165	0.01086	0.04719	0.04016	0.57743	0.07779	0.10096	0.01038	0.00592	0.00164	0.00293	0.02726	0.00528	0.00501
4	0.01036	0.02541	0.76535	0.01415	0.02144	0.01153	0.01820	0.01609	0.01082	0.03284	0.02299	0.01129	0.00726	0.00493	0.00483	0.00160	0.00732	0.00386	0.00228	0.00745
5	0.00722	0.00542	0.00813	0.00813	0.00903	0.00632	0.00632	0.00903	0.00813	0.01174	0.01354	0.01987	0.01264	0.03792	0.80225	0.00813	0.01354	0.00542	0.00271	0.00451
6	0.01014	0.02616	0.79609	0.01441	0.02189	0.01174	0.01868	0.01601	0.01068	0.01601	0.00907	0.01068	0.00641	0.00480	0.00480	0.00160	0.00747	0.00374	0.00214	0.00747
7	0.02116	0.00933	0.03613	0.00950	0.01339	0.00792	0.02639	0.05708	0.01450	0.68309	0.01937	0.05165	0.01295	0.00657	0.00516	0.00159	0.00450	0.00545	0.00592	0.00833
8	0.00878	0.00439	0.00659	0.00659	0.00659	0.00439	0.00439	0.00659	0.00659	0.00878	0.00878	0.01537	0.00878	0.01757	0.01976	0.85288	0.00439	0.00439	0.00220	0.00220
9	0.01252	0.01201	0.02053	0.03104	0.79074	0.01201	0.01552	0.01552	0.01151	0.01652	0.00951	0.01252	0.00801	0.00451	0.00501	0.00150	0.00601	0.00451	0.00250	0.00801
10	0.00661	0.00509	0.00763	0.00810	0.00876	0.00476	0.05968	0.00776	0.00988	0.01319	0.02659	0.74697	0.03152	0.01498	0.00643	0.00203	0.00337	0.02781	0.00454	0.00431
11	0.00955	0.00899	0.01517	0.81013	0.03483	0.01123	0.01404	0.01292	0.01011	0.01292	0.00899	0.01348	0.00674	0.00506	0.00506	0.00169	0.00674	0.00449	0.00225	0.00562
12	0.01014	0.02616	0.79609	0.01441	0.02189	0.01174	0.01868	0.01601	0.01068	0.01601	0.00907	0.01068	0.00641	0.00480	0.00480	0.00160	0.00747	0.00374	0.00214	0.00747
13	0.00616	0.00442	0.00585	0.00699	0.00732	0.00411	0.00467	0.00705	0.00973	0.01293	0.02852	0.79766	0.05435	0.01576	0.00644	0.00204	0.00292	0.01427	0.00469	0.00411
14	0.01252	0.01201	0.02053	0.03104	0.79074	0.01201	0.01552	0.01552	0.01151	0.01652	0.00951	0.01252	0.00801	0.00451	0.00501	0.00150	0.00601	0.00451	0.00250	0.00801
15	0.00955	0.00899	0.01517	0.81013	0.03483	0.01123	0.01404	0.01292	0.01011	0.01292	0.00899	0.01348	0.00674	0.00506	0.00506	0.00169	0.00674	0.00449	0.00225	0.00562
16	0.00706	0.00626	0.00615	0.00621	0.00783	0.04956	0.00478	0.00855	0.01188	0.01428	0.10451	0.06428	0.57818	0.01239	0.00603	0.00176	0.00317	0.09807	0.00464	0.00444
17	0.01252	0.01201	0.02053	0.03104	0.79074	0.01201	0.01552	0.01552	0.01151	0.01652	0.00951	0.01252	0.00801	0.00451	0.00501	0.00150	0.00601	0.00451	0.00250	0.00801
18	0.00955	0.00899	0.01517	0.81013	0.03483	0.01123	0.01404	0.01292	0.01011	0.01292	0.00899	0.01348	0.00674	0.00506	0.00506	0.00169	0.00674	0.00449	0.00225	0.00562
19	0.01339	0.79508	0.05563	0.00887	0.01332	0.01970	0.00903	0.01517	0.01029	0.01205	0.00711	0.00821	0.00649	0.00434	0.00330	0.00110	0.00549	0.00274	0.00216	0.00653
20	0.00968	0.00912	0.01540	0.77617	0.06778	0.01127	0.01411	0.01303	0.01017	0.01308	0.00901	0.01344	0.00680	0.00503	0.00505	0.00168	0.00671	0.00449	0.00226	0.00572
21	0.01045	0.09903	0.72591	0.01389	0.02107	0.01250	0.01777	0.01593	0.01064	0.01564	0.00889	0.01044	0.00641	0.00476	0.00466	0.00155	0.00728	0.00364	0.00214	0.00738
22	0.01004	0.02559	0.77558	0.01422	0.02151	0.01155	0.01832	0.01578	0.01065	0.01593	0.00956	0.03165	0.00711	0.00509	0.00485	0.00161	0.00736	0.00401	0.00220	0.00739
23	0.00982	0.00928	0.01558	0.72863	0.09145	0.01141	0.01407	0.01310	0.01015	0.01317	0.00896	0.01334	0.00683	0.00512	0.00538	0.00169	0.02947	0.00449	0.00227	0.00580
24	0.01046	0.10206	0.72299	0.01387	0.02104	0.01253	0.01773	0.01593	0.01064	0.01562	0.00888	0.01043	0.00641	0.00476	0.00466	0.00155	0.00728	0.00364	0.00214	0.00738
