[name]
unknown

[dist]
# distance from previous block
# <min> <max>
13	67

[block]
# block no. 0 follows, 53 sequences, length 21
# corresponding to MSA columns:
# 107-127
name=unknown_A
#
# <colnr> <probs for GDERKNQSTAVLIFYWHMCP>
#	G	D	E	R	K	N	Q	S	T	A	V	L	I	F	Y	W	H	M	C	P
0	0.11717	0.15510	0.06851	0.02876	0.01357	0.14641	0.03365	0.11730	0.06925	0.09094	0.01080	0.03997	0.00872	0.00717	0.04253	0.03071	0.00586	0.00407	0.00328	0.00622
1	0.02644	0.07036	0.23206	0.01049	0.03495	0.02836	0.03732	0.04827	0.05480	0.05006	0.08546	0.11051	0.05711	0.00776	0.00504	0.00159	0.00494	0.10074	0.00352	0.03023
2	0.07753	0.00748	0.00937	0.03266	0.03488	0.04605	0.04213	0.05227	0.03956	0.01320	0.02582	0.07490	0.02449	0.01111	0.01129	0.37395	0.04810	0.00497	0.03723	0.03300
3	0.00989	0.00929	0.05947	0.05987	0.06019	0.00860	0.05254	0.04326	0.09908	0.04952	0.06866	0.04106	0.16893	0.00781	0.02073	0.00160	0.07743	0.01777	0.00359	0.14072
4	0.00900	0.00768	0.01135	0.10434	0.13125	0.00791	0.06681	0.02896	0.11109	0.01629	0.18221	0.09636	0.10122	0.00806	0.00524	0.00159	0.00411	0.04597	0.05499	0.00556
5	0.00708	0.00498	0.00646	0.00639	0.00720	0.00522	0.00462	0.00825	0.00833	0.02928	0.04048	0.02694	0.13479	0.26151	0.39272	0.00534	0.00800	0.00648	0.03201	0.00393
6	0.01170	0.01110	0.04773	0.04031	0.06986	0.04150	0.05858	0.06020	0.41118	0.03297	0.07948	0.01774	0.03786	0.00645	0.00554	0.00159	0.04984	0.00539	0.00410	0.00687
7	0.53643	0.00883	0.00845	0.00707	0.01022	0.00943	0.00582	0.04121	0.01043	0.27161	0.01105	0.01099	0.00767	0.00499	0.00362	0.00146	0.00381	0.00342	0.03732	0.00618
8	0.00924	0.00869	0.01069	0.07193	0.03734	0.06904	0.01845	0.01135	0.04827	0.01285	0.05636	0.04316	0.12439	0.05657	0.12765	0.00275	0.24517	0.00582	0.03535	0.00493
9	0.00657	0.00454	0.00566	0.00602	0.00622	0.00457	0.00382	0.00707	0.00777	0.01047	0.01845	0.29050	0.02130	0.45722	0.12490	0.00416	0.00513	0.00887	0.00335	0.00340
10	0.04551	0.09823	0.01382	0.01118	0.03722	0.33850	0.00857	0.09532	0.25140	0.03641	0.01170	0.01187	0.00907	0.00538	0.00438	0.00137	0.00609	0.00392	0.00348	0.00658
11	0.55504	0.09302	0.06240	0.00748	0.01080	0.03134	0.00668	0.04952	0.00973	0.06293	0.03594	0.00981	0.00744	0.00535	0.01937	0.00154	0.00440	0.00313	0.00311	0.02099
12	0.00893	0.09040	0.00915	0.00766	0.02845	0.04508	0.00551	0.03479	0.05139	0.04097	0.06073	0.22252	0.07716	0.19902	0.07453	0.00279	0.00476	0.02787	0.00368	0.00463
13	0.37302	0.00983	0.00908	0.03172	0.01101	0.03467	0.00631	0.23000	0.03502	0.02222	0.01114	0.01234	0.02782	0.02100	0.00416	0.00147	0.00411	0.00379	0.14539	0.00589
14	0.00949	0.00681	0.00809	0.00710	0.00893	0.00681	0.00551	0.14472	0.06452	0.04846	0.52500	0.03053	0.09705	0.00892	0.00541	0.00151	0.00295	0.00767	0.00511	0.00542
15	0.00915	0.03035	0.20659	0.00780	0.01079	0.00718	0.00782	0.01295	0.07613	0.05171	0.12129	0.02221	0.13463	0.00770	0.02575	0.00157	0.00403	0.00569	0.25113	0.00551
16	0.00623	0.00486	0.00566	0.00556	0.00688	0.00429	0.00418	0.00794	0.01207	0.01585	0.39825	0.06892	0.39995	0.01114	0.00568	0.00159	0.00241	0.02946	0.00482	0.00426
17	0.01215	0.12171	0.07078	0.07645	0.04020	0.11506	0.00845	0.03177	0.10204	0.10386	0.05961	0.01798	0.10569	0.00776	0.04289	0.00172	0.02676	0.00501	0.04412	0.00601
18	0.01425	0.41049	0.09926	0.01080	0.03286	0.10525	0.04865	0.12546	0.01232	0.06933	0.00865	0.00957	0.00690	0.00468	0.00416	0.00125	0.02340	0.00335	0.00277	0.00661
19	0.03675	0.00968	0.06825	0.02864	0.08878	0.00772	0.02468	0.02789	0.04125	0.11619	0.04497	0.06686	0.02142	0.00533	0.00430	0.00117	0.00415	0.00453	0.00344	0.39401
20	0.01242	0.25480	0.25690	0.01114	0.01557	0.13395	0.05397	0.04591	0.04064	0.04113	0.06127	0.01179	0.00949	0.00574	0.02458	0.00149	0.00632	0.00382	0.00269	0.00639

[dist]
# distance from previous block
# <min> <max>
0	3

[block]
# block no. 1 follows, 53 sequences, length 15
# corresponding to MSA columns:
# 131-134,161-171
name=unknown_B
#
# <colnr> <probs for GDERKNQSTAVLIFYWHMCP>
#	G	D	E	R	K	N	Q	S	T	A	V	L	I	F	Y	W	H	M	C	P
0	0.08435	0.00950	0.05104	0.08289	0.09038	0.02547	0.00828	0.09382	0.06150	0.21833	0.01780	0.12616	0.07636	0.02610	0.00531	0.00163	0.00445	0.00606	0.00415	0.00641
1	0.00615	0.00455	0.00577	0.00641	0.00707	0.00425	0.00444	0.00766	0.03349	0.01376	0.16689	0.56697	0.12799	0.01344	0.00593	0.00181	0.00267	0.01203	0.00460	0.00412
2	0.01017	0.00901	0.01108	0.00984	0.01099	0.05082	0.00793	0.11727	0.02573	0.01418	0.01274	0.01633	0.06323	0.01878	0.32401	0.00410	0.28074	0.00494	0.00288	0.00523
3	0.06099	0.05125	0.06375	0.05267	0.04855	0.25227	0.02169	0.17066	0.05646	0.01707	0.01037	0.04115	0.00877	0.00595	0.00544	0.00147	0.07391	0.02811	0.02325	0.00622
4	0.04182	0.00932	0.00982	0.01088	0.09371	0.14515	0.00786	0.01328	0.01140	0.10235	0.01963	0.10290	0.04890	0.00944	0.00543	0.00174	0.00487	0.30906	0.04712	0.00532
5	0.86579	0.00924	0.00702	0.00629	0.00924	0.01072	0.00518	0.01405	0.00813	0.02144	0.00666	0.00776	0.00518	0.00444	0.00296	0.00148	0.00370	0.00259	0.00296	0.00518
6	0.05154	0.00550	0.00575	0.00560	0.00640	0.02451	0.00384	0.02762	0.00873	0.01373	0.01428	0.02272	0.01377	0.35695	0.11121	0.00343	0.00483	0.00546	0.31021	0.00392
7	0.00694	0.00468	0.00546	0.00546	0.00555	0.00477	0.00321	0.00711	0.00702	0.00945	0.01483	0.03001	0.01683	0.75150	0.10411	0.00494	0.00546	0.00677	0.00286	0.00303
8	0.86579	0.00924	0.00702	0.00629	0.00924	0.01072	0.00518	0.01405	0.00813	0.02144	0.00666	0.00776	0.00518	0.00444	0.00296	0.00148	0.00370	0.00259	0.00296	0.00518
9	0.01119	0.01095	0.01928	0.09270	0.59743	0.01098	0.11016	0.01412	0.01082	0.01515	0.01120	0.01391	0.05092	0.00470	0.00490	0.00147	0.00585	0.00475	0.00247	0.00705
10	0.55305	0.00892	0.00824	0.00719	0.01005	0.00980	0.00585	0.09075	0.01055	0.13783	0.01129	0.08414	0.00952	0.00600	0.00381	0.00154	0.00385	0.02812	0.00375	0.00577
11	0.09302	0.01388	0.01255	0.01030	0.01355	0.17678	0.00825	0.38280	0.11139	0.08854	0.01190	0.01190	0.00867	0.00556	0.00449	0.00141	0.00545	0.00408	0.02832	0.00716
12	0.00836	0.00647	0.00906	0.00905	0.04428	0.02505	0.08075	0.02284	0.04064	0.04854	0.02305	0.41947	0.09168	0.03357	0.02881	0.00197	0.00397	0.02246	0.07519	0.00479
13	0.01577	0.01173	0.01254	0.00990	0.01314	0.01285	0.00800	0.61009	0.06245	0.02629	0.01551	0.01655	0.07997	0.07512	0.00649	0.00173	0.00487	0.00510	0.00460	0.00730
14	0.01013	0.15152	0.01701	0.55082	0.15535	0.01217	0.01262	0.01298	0.00980	0.01260	0.00826	0.01172	0.00653	0.00457	0.00448	0.00147	0.00604	0.00396	0.00215	0.00582

[dist]
# distance from previous block
# <min> <max>
8	559

[block]
# block no. 2 follows, 53 sequences, length 26
# corresponding to MSA columns:
# 1096-1121
name=unknown_C
#
# <colnr> <probs for GDERKNQSTAVLIFYWHMCP>
#	G	D	E	R	K	N	Q	S	T	A	V	L	I	F	Y	W	H	M	C	P
0	0.01176	0.03421	0.09019	0.12110	0.11824	0.04086	0.19070	0.07406	0.02329	0.06680	0.02901	0.02504	0.03703	0.00537	0.00491	0.00147	0.00591	0.03270	0.01141	0.07594
1	0.00946	0.02310	0.73417	0.01383	0.04898	0.01072	0.01683	0.01466	0.01007	0.01499	0.00956	0.05490	0.00751	0.00510	0.00463	0.00153	0.00678	0.00411	0.00216	0.00691
2	0.01201	0.01012	0.03767	0.01311	0.17424	0.02422	0.00878	0.13211	0.23110	0.05293	0.11873	0.03063	0.01571	0.02688	0.03499	0.00180	0.01455	0.00540	0.04829	0.00674
3	0.00600	0.00430	0.00578	0.00669	0.00709	0.00408	0.00459	0.00704	0.00951	0.01282	0.09735	0.69711	0.03172	0.01560	0.05016	0.00222	0.00330	0.02625	0.00441	0.00397
4	0.01046	0.00885	0.01015	0.03100	0.01080	0.08132	0.01705	0.06401	0.05049	0.03230	0.02731	0.03258	0.03261	0.11969	0.06151	0.07257	0.19310	0.07826	0.06111	0.00484
5	0.00589	0.00421	0.00562	0.00673	0.00704	0.00394	0.00456	0.00677	0.00922	0.01228	0.02631	0.80064	0.03146	0.01491	0.00612	0.00195	0.00283	0.04118	0.00444	0.00390
6	0.18132	0.04145	0.05203	0.00917	0.01218	0.01158	0.00771	0.20920	0.26983	0.02124	0.01480	0.09577	0.01254	0.00680	0.00457	0.00157	0.00427	0.03315	0.00416	0.00667
7	0.00654	0.00468	0.00597	0.00674	0.02252	0.00444	0.00432	0.00725	0.00858	0.01154	0.02160	0.49267	0.02539	0.27800	0.01187	0.00276	0.00352	0.03955	0.00383	0.03823
8	0.00975	0.02163	0.65042	0.01354	0.01983	0.01058	0.09120	0.01481	0.01056	0.03058	0.07373	0.01258	0.00948	0.00495	0.00474	0.00152	0.00671	0.00418	0.00240	0.00681
9	0.00959	0.02472	0.80726	0.01362	0.02069	0.01110	0.01766	0.01514	0.01009	0.01514	0.00858	0.01009	0.00605	0.00454	0.00454	0.00151	0.00706	0.00353	0.00202	0.00706
10	0.01858	0.00960	0.01162	0.00925	0.01274	0.00961	0.00753	0.16386	0.20025	0.47688	0.01764	0.01576	0.01181	0.00602	0.00482	0.00150	0.00422	0.00486	0.00546	0.00800
11	0.00775	0.00482	0.00570	0.00563	0.00598	0.00482	0.00349	0.00819	0.00769	0.05134	0.01575	0.07497	0.01712	0.62009	0.08823	0.00435	0.00504	0.00691	0.05870	0.00344
12	0.00695	0.00466	0.00532	0.00532	0.00536	0.00469	0.00303	0.00702	0.00698	0.00935	0.01496	0.03072	0.01713	0.79635	0.05967	0.00477	0.00500	0.00687	0.00288	0.00296
13	0.00582	0.00416	0.00555	0.00666	0.00693	0.00388	0.00444	0.00666	0.00915	0.01220	0.02634	0.82891	0.03161	0.01497	0.00610	0.00194	0.00277	0.01359	0.00444	0.00388
14	0.01370	0.00788	0.00986	0.00856	0.01089	0.00793	0.01693	0.17273	0.03904	0.24251	0.06756	0.16117	0.01855	0.00866	0.00547	0.00164	0.02323	0.10736	0.07004	0.00629
15	0.00867	0.00755	0.02856	0.03922	0.06383	0.03967	0.00713	0.05454	0.02510	0.01256	0.01224	0.01872	0.01157	0.15514	0.45682	0.00544	0.04062	0.00513	0.00273	0.00475
16	0.37259	0.06500	0.03853	0.00743	0.01036	0.00982	0.00632	0.04977	0.07195	0.13266	0.03917	0.01527	0.07034	0.03012	0.06031	0.00198	0.00456	0.00431	0.00368	0.00583
17	0.00601	0.00430	0.00552	0.00634	0.00679	0.00400	0.00428	0.00697	0.00955	0.01279	0.09030	0.64580	0.09027	0.05640	0.00691	0.00200	0.00279	0.01238	0.02269	0.00391
18	0.48411	0.04272	0.05468	0.03398	0.13525	0.13859	0.00837	0.02604	0.00983	0.01814	0.00736	0.00885	0.00586	0.00451	0.00362	0.00142	0.00512	0.00305	0.00271	0.00579
19	0.00959	0.00491	0.00524	0.00498	0.00630	0.00486	0.00379	0.03125	0.01087	0.05901	0.09094	0.01930	0.01528	0.00599	0.00367	0.00118	0.00240	0.00487	0.71084	0.00474
20	0.00582	0.00419	0.00552	0.00658	0.00691	0.00389	0.00440	0.00666	0.00922	0.01223	0.02723	0.79757	0.06238	0.01486	0.00608	0.00193	0.00276	0.01345	0.00444	0.00389
21	0.01280	0.09565	0.09282	0.03060	0.07300	0.11217	0.30181	0.10509	0.05987	0.01622	0.00971	0.01172	0.00753	0.00537	0.02261	0.00161	0.02759	0.00449	0.00276	0.00660
22	0.00629	0.00482	0.00578	0.00579	0.00701	0.00431	0.00434	0.00799	0.01190	0.01576	0.38670	0.12947	0.32812	0.01142	0.00575	0.00163	0.00249	0.05135	0.00481	0.00425
23	0.00771	0.00624	0.00870	0.08190	0.03213	0.00637	0.04605	0.03467	0.04044	0.01466	0.20427	0.06825	0.16890	0.11422	0.12814	0.00286	0.00510	0.00742	0.01733	0.00464
24	0.01349	0.31376	0.07086	0.01034	0.02470	0.21589	0.00903	0.02750	0.06846	0.04436	0.00905	0.01086	0.00771	0.03331	0.04652	0.00173	0.08028	0.00352	0.00261	0.00600
25	0.03921	0.09369	0.17662	0.00863	0.01956	0.05527	0.00790	0.04876	0.00990	0.01331	0.01659	0.17875	0.07242	0.19718	0.03141	0.00242	0.00513	0.01518	0.00311	0.00497

[dist]
# distance from previous block
# <min> <max>
1	4

[block]
# block no. 3 follows, 53 sequences, length 13
# corresponding to MSA columns:
# 1473-1485
name=unknown_D
#
# <colnr> <probs for GDERKNQSTAVLIFYWHMCP>
#	G	D	E	R	K	N	Q	S	T	A	V	L	I	F	Y	W	H	M	C	P
0	0.00884	0.00887	0.11741	0.00786	0.00999	0.02273	0.00687	0.06516	0.01122	0.05344	0.13454	0.21088	0.14038	0.06757	0.02392	0.00195	0.03752	0.00801	0.03167	0.03117
1	0.00669	0.00477	0.00638	0.00695	0.00771	0.00445	0.02003	0.00788	0.00986	0.03287	0.06488	0.50288	0.11807	0.06263	0.00715	0.00206	0.00319	0.12306	0.00438	0.00410
2	0.01455	0.23585	0.07257	0.02736	0.05257	0.09045	0.02628	0.25311	0.09422	0.04701	0.01088	0.03544	0.00867	0.00536	0.00432	0.00135	0.00550	0.00409	0.00345	0.00697
3	0.00770	0.00649	0.03521	0.00667	0.00809	0.02360	0.00516	0.01874	0.05120	0.02977	0.06920	0.16019	0.30060	0.05371	0.04114	0.09225	0.03180	0.00826	0.02755	0.02266
4	0.01268	0.19240	0.13647	0.05845	0.10192	0.07554	0.08390	0.02760	0.03448	0.10833	0.01197	0.03013	0.03780	0.00527	0.00460	0.00139	0.02032	0.00434	0.04597	0.00645
5	0.06559	0.15245	0.31559	0.04594	0.05101	0.04535	0.09316	0.06908	0.01117	0.03976	0.00954	0.01245	0.00762	0.00504	0.00462	0.00147	0.01876	0.04224	0.00259	0.00656
6	0.00995	0.00601	0.02440	0.00679	0.00821	0.00549	0.00521	0.01191	0.04624	0.15413	0.04829	0.14080	0.06468	0.20854	0.00983	0.00237	0.00370	0.11334	0.12529	0.00482
7	0.00761	0.00426	0.00599	0.00614	0.00636	0.00414	0.00413	0.00650	0.00740	0.00980	0.05406	0.13738	0.07461	0.04364	0.01538	0.59712	0.00374	0.00631	0.00279	0.00264
8	0.04849	0.04319	0.13956	0.05337	0.09259	0.14623	0.08585	0.03307	0.08776	0.08575	0.02857	0.05727	0.01017	0.02057	0.00559	0.00156	0.04616	0.00476	0.00312	0.00637
9	0.00882	0.00676	0.00955	0.03816	0.04025	0.00707	0.05237	0.04406	0.06658	0.05260	0.07607	0.26546	0.06950	0.04952	0.09481	0.00252	0.05042	0.03868	0.02178	0.00503
10	0.00958	0.00569	0.00670	0.00617	0.00699	0.00568	0.00405	0.06384	0.00908	0.11153	0.01558	0.05389	0.01612	0.58331	0.05521	0.00396	0.00485	0.00657	0.02715	0.00406
11	0.01147	0.00954	0.01235	0.05179	0.06969	0.06596	0.11179	0.15175	0.04148	0.01787	0.01363	0.10261	0.01182	0.00757	0.03793	0.00169	0.02345	0.00551	0.24631	0.00579
12	0.03885	0.02883	0.24679	0.01715	0.24889	0.08867	0.04614	0.06857	0.04950	0.06268	0.01104	0.01241	0.03169	0.00503	0.00487	0.00147	0.02341	0.00418	0.00284	0.00700

[dist]
# distance from previous block
# <min> <max>
1	9

[block]
# block no. 4 follows, 53 sequences, length 44
# corresponding to MSA columns:
# 1501-1524,1545-1551,1556-1568
name=unknown_E
#
# <colnr> <probs for GDERKNQSTAVLIFYWHMCP>
#	G	D	E	R	K	N	Q	S	T	A	V	L	I	F	Y	W	H	M	C	P
0	0.01136	0.00746	0.00804	0.00708	0.00906	0.08480	0.00547	0.01325	0.01318	0.21384	0.41463	0.02971	0.14547	0.00868	0.00530	0.00149	0.00336	0.00735	0.00503	0.00545
1	0.03895	0.00658	0.00813	0.00706	0.00907	0.00635	0.00552	0.05253	0.07386	0.19499	0.47388	0.02727	0.03108	0.00814	0.00518	0.00149	0.00297	0.00698	0.03421	0.00575
2	0.00691	0.00516	0.00768	0.00779	0.00867	0.00593	0.00614	0.00867	0.00801	0.01141	0.01404	0.02224	0.01348	0.03361	0.73354	0.00714	0.01197	0.08057	0.00274	0.00428
3	0.00931	0.00878	0.01187	0.01115	0.04012	0.02983	0.00863	0.01051	0.00852	0.01239	0.07539	0.14689	0.01486	0.04185	0.03406	0.00223	0.49371	0.03214	0.00287	0.00490
4	0.00770	0.00628	0.00898	0.00838	0.00944	0.00736	0.00664	0.00934	0.00785	0.01160	0.01136	0.01661	0.01058	0.02838	0.60906	0.00612	0.13810	0.00475	0.00251	0.08895
5	0.00666	0.00472	0.00585	0.00605	0.00647	0.00479	0.00403	0.00734	0.00795	0.01062	0.01982	0.14664	0.09580	0.42971	0.19372	0.00454	0.00594	0.03258	0.00325	0.00350
6	0.01043	0.01045	0.01522	0.58973	0.17803	0.08989	0.01314	0.01336	0.01020	0.01281	0.00848	0.01216	0.00658	0.00469	0.00472	0.00152	0.00646	0.00413	0.00220	0.00576
7	0.02772	0.01169	0.01279	0.02901	0.01390	0.01266	0.00828	0.59391	0.01975	0.09818	0.01575	0.01545	0.08662	0.00634	0.00481	0.00145	0.00481	0.00490	0.02445	0.00754
8	0.01106	0.01055	0.01768	0.07213	0.67977	0.01059	0.01350	0.01376	0.01081	0.01515	0.01285	0.01525	0.08569	0.00506	0.00482	0.00145	0.00540	0.00483	0.00256	0.00709
9	0.58249	0.01277	0.08725	0.00817	0.01136	0.14130	0.01719	0.01475	0.00929	0.01873	0.00743	0.00881	0.00585	0.00554	0.02887	0.00163	0.00514	0.00293	0.02514	0.00539
10	0.00824	0.00472	0.00681	0.00653	0.00707	0.00464	0.00457	0.00714	0.00681	0.00944	0.00899	0.01471	0.00873	0.01819	0.13599	0.64848	0.00538	0.00417	0.00222	0.08715
11	0.00710	0.00552	0.00744	0.00814	0.08546	0.00511	0.00538	0.00925	0.01287	0.01788	0.60944	0.03489	0.15423	0.00958	0.00555	0.00151	0.00262	0.00843	0.00485	0.00474
12	0.00651	0.00488	0.00604	0.00575	0.00699	0.00440	0.00431	0.00853	0.01294	0.01776	0.63087	0.03802	0.21479	0.01030	0.00564	0.00153	0.00229	0.00897	0.00508	0.00440
13	0.09606	0.01115	0.01818	0.02706	0.72399	0.01129	0.01373	0.01461	0.01061	0.01619	0.00876	0.01143	0.00733	0.00428	0.00456	0.00143	0.00548	0.00409	0.00242	0.00733
14	0.01437	0.01073	0.01199	0.00904	0.01298	0.01043	0.00736	0.35510	0.05730	0.07085	0.01103	0.01141	0.00823	0.00481	0.00424	0.00112	0.00434	0.00374	0.00399	0.38693
15	0.84054	0.00921	0.00715	0.00635	0.00933	0.01061	0.00523	0.01433	0.00830	0.04489	0.00702	0.00802	0.00538	0.00448	0.00301	0.00148	0.00371	0.00265	0.00305	0.00526
16	0.00651	0.00521	0.00646	0.00658	0.00776	0.00479	0.03142	0.03637	0.02530	0.01342	0.03435	0.42599	0.35244	0.01289	0.00582	0.00177	0.00292	0.01134	0.00439	0.00426
17	0.01174	0.01133	0.01957	0.04971	0.75511	0.01136	0.04137	0.01463	0.01086	0.01552	0.00900	0.01189	0.00753	0.00426	0.00476	0.00143	0.00578	0.00431	0.00236	0.00747
18	0.00725	0.00522	0.00602	0.00599	0.00630	0.02609	0.00384	0.00777	0.00738	0.01000	0.01431	0.02725	0.01561	0.59215	0.21910	0.00521	0.00671	0.00633	0.02412	0.00334
19	0.81931	0.00931	0.00733	0.00647	0.00947	0.01071	0.00533	0.03357	0.00866	0.04521	0.00714	0.00811	0.00545	0.00451	0.00306	0.00148	0.00375	0.00270	0.00309	0.00534
20	0.83122	0.00911	0.00703	0.00628	0.00920	0.01051	0.00516	0.01413	0.00827	0.03405	0.00707	0.00815	0.00546	0.00449	0.00300	0.00147	0.00367	0.00267	0.02387	0.00521
21	0.01336	0.74148	0.02372	0.00865	0.01256	0.11024	0.00830	0.01486	0.01015	0.01130	0.00673	0.00778	0.00614	0.00419	0.00321	0.00105	0.00551	0.00262	0.00209	0.00607
22	0.00692	0.00474	0.00576	0.00576	0.00595	0.00493	0.00357	0.00730	0.00711	0.00967	0.01456	0.02852	0.01618	0.65650	0.19821	0.00531	0.00643	0.00655	0.00282	0.00320
23	0.00599	0.00433	0.00569	0.00657	0.00705	0.00403	0.00454	0.00706	0.00980	0.01308	0.11123	0.66669	0.07594	0.01418	0.00605	0.00189	0.00277	0.04461	0.00452	0.00398
24	0.00579	0.00429	0.00541	0.00632	0.00684	0.00391	0.00429	0.00669	0.00948	0.01233	0.03045	0.68322	0.17464	0.01444	0.00602	0.00188	0.00271	0.01294	0.00444	0.00391
25	0.00683	0.00512	0.00768	0.00768	0.00853	0.00597	0.00597	0.00853	0.00768	0.01110	0.01280	0.01878	0.01195	0.03585	0.81308	0.00768	0.01280	0.00512	0.00256	0.00427
26	0.01142	0.01114	0.01912	0.09295	0.60612	0.01167	0.06775	0.01420	0.01045	0.01490	0.00873	0.01184	0.00732	0.00469	0.00588	0.00151	0.08655	0.00435	0.00232	0.00707
27	0.02519	0.10917	0.22355	0.01893	0.24394	0.01236	0.22178	0.04190	0.01108	0.03410	0.00908	0.01122	0.00701	0.00434	0.00471	0.00145	0.00653	0.00424	0.00243	0.00697
28	0.76450	0.00974	0.00790	0.00685	0.00991	0.01121	0.00564	0.10633	0.00985	0.02248	0.00723	0.00821	0.00553	0.00459	0.00318	0.00147	0.00388	0.00279	0.00318	0.00553
29	0.00994	0.00859	0.01030	0.00736	0.01162	0.00649	0.02235	0.01211	0.00994	0.01557	0.00852	0.00998	0.00708	0.00355	0.00358	0.00073	0.00364	0.00289	0.00282	0.84293
30	0.06887	0.03663	0.15118	0.12792	0.02887	0.00955	0.05405	0.05884	0.03798	0.05984	0.00987	0.02656	0.00771	0.00459	0.00422	0.00124	0.00504	0.00380	0.00293	0.30033
31	0.00737	0.00518	0.00626	0.00611	0.00659	0.00538	0.00404	0.00847	0.03730	0.02532	0.09104	0.05183	0.05829	0.50893	0.12854	0.00428	0.03108	0.00702	0.00330	0.00366
32	0.00890	0.00737	0.00882	0.02395	0.00981	0.06172	0.00644	0.01167	0.09749	0.03571	0.01314	0.01891	0.01209	0.13609	0.46203	0.00544	0.06759	0.00517	0.00292	0.00474
33	0.01046	0.01046	0.01464	0.01255	0.01255	0.01464	0.01046	0.01150	0.00732	0.01150	0.00627	0.01046	0.00627	0.00837	0.01569	0.00209	0.82328	0.00418	0.00209	0.00523
34	0.02104	0.00878	0.01149	0.00881	0.01252	0.00798	0.00728	0.11691	0.01476	0.71038	0.01795	0.01568	0.01138	0.00589	0.00480	0.00147	0.00421	0.00474	0.00578	0.00813
35	0.01726	0.11567	0.03535	0.01059	0.01450	0.01488	0.00908	0.62495	0.03802	0.05598	0.01126	0.01129	0.00811	0.00553	0.00456	0.00139	0.00521	0.00411	0.00442	0.00784
36	0.00685	0.00502	0.00715	0.00715	0.00782	0.00568	0.00531	0.00819	0.00752	0.01070	0.01329	0.02148	0.01312	0.20777	0.64277	0.00702	0.01104	0.00552	0.00263	0.00397
37	0.00619	0.00495	0.00555	0.00546	0.00686	0.00438	0.00407	0.00803	0.03077	0.01515	0.29902	0.08860	0.48126	0.01135	0.00565	0.00160	0.00242	0.00970	0.00473	0.00427
38	0.00668	0.00488	0.00627	0.00592	0.00709	0.00447	0.00444	0.00885	0.01333	0.01869	0.74183	0.03650	0.10326	0.00995	0.00564	0.00151	0.00227	0.00876	0.00520	0.00447
39	0.00649	0.00524	0.00578	0.00594	0.00703	0.02850	0.00430	0.00784	0.01102	0.01416	0.23486	0.22787	0.32752	0.06022	0.00684	0.00185	0.00284	0.03310	0.00450	0.00411
40	0.00628	0.00500	0.00558	0.00540	0.00686	0.00440	0.00406	0.02131	0.01203	0.01549	0.32144	0.05217	0.50065	0.01118	0.00564	0.00157	0.00241	0.00951	0.00474	0.00428
41	0.01248	0.25134	0.19957	0.02842	0.13354	0.06371	0.06946	0.11753	0.01201	0.01577	0.00918	0.03787	0.00763	0.00489	0.00429	0.00135	0.00600	0.00396	0.01431	0.00670
42	0.00944	0.10183	0.01120	0.03432	0.04869	0.05587	0.03280	0.04073	0.07192	0.01667	0.36202	0.02506	0.06890	0.04175	0.02934	0.00173	0.00413	0.00648	0.00405	0.03307
43	0.04523	0.02494	0.03385	0.02475	0.03720	0.11373	0.00657	0.01215	0.01112	0.09275	0.14225	0.21818	0.06690	0.00958	0.03124	0.00169	0.00440	0.01899	0.00391	0.10056

[dist]
# distance from previous block
# <min> <max>
2	15

[block]
# block no. 5 follows, 53 sequences, length 26
# corresponding to MSA columns:
# 1585-1608,1614,1615
name=unknown_F
#
# <colnr> <probs for GDERKNQSTAVLIFYWHMCP>
#	G	D	E	R	K	N	Q	S	T	A	V	L	I	F	Y	W	H	M	C	P
0	0.00886	0.02391	0.03471	0.00932	0.03857	0.02259	0.05286	0.05985	0.06057	0.01469	0.04273	0.16314	0.07056	0.11532	0.04025	0.00234	0.00472	0.18132	0.00379	0.04992
1	0.01442	0.18289	0.04919	0.03099	0.01446	0.17416	0.02792	0.20410	0.19587	0.01825	0.01171	0.03513	0.00935	0.00556	0.00440	0.00138	0.00566	0.00422	0.00352	0.00679
2	0.03368	0.00676	0.00831	0.00799	0.02826	0.04565	0.00565	0.05992	0.02339	0.03467	0.04658	0.03107	0.01061	0.01293	0.01400	0.53232	0.05299	0.01552	0.00272	0.02699
3	0.02824	0.03212	0.01154	0.01232	0.16728	0.10992	0.02201	0.03394	0.09887	0.04331	0.06062	0.09082	0.17539	0.00823	0.02475	0.00161	0.00469	0.00636	0.00364	0.06436
4	0.01434	0.14005	0.05772	0.05723	0.09628	0.16541	0.03431	0.22456	0.07740	0.01807	0.01017	0.03091	0.00820	0.00533	0.00473	0.00138	0.02656	0.00409	0.00321	0.02005
5	0.00647	0.00479	0.00587	0.00642	0.00718	0.00454	0.00454	0.00802	0.04930	0.01294	0.07507	0.42504	0.19554	0.06974	0.00775	0.03976	0.00302	0.06568	0.00430	0.00403
6	0.00766	0.00635	0.00942	0.01037	0.10069	0.00641	0.05254	0.00954	0.03152	0.01360	0.10378	0.29211	0.08269	0.08845	0.05371	0.00239	0.04640	0.07389	0.00380	0.00469
7	0.64684	0.00981	0.00890	0.00757	0.01064	0.01117	0.03556	0.10452	0.06968	0.02201	0.00854	0.00943	0.00650	0.00476	0.00343	0.00148	0.00401	0.00317	0.02624	0.00573
8	0.00753	0.00627	0.00733	0.00767	0.00823	0.05353	0.00563	0.00867	0.00965	0.01293	0.08218	0.46739	0.03925	0.04786	0.00786	0.00198	0.10597	0.07432	0.04153	0.00423
9	0.04979	0.04042	0.10621	0.01176	0.01466	0.29828	0.12119	0.01464	0.01160	0.01410	0.11921	0.05003	0.01352	0.00796	0.05329	0.00183	0.04345	0.01963	0.00291	0.00552
10	0.00903	0.00850	0.01434	0.82054	0.03292	0.01062	0.01327	0.01221	0.00956	0.01221	0.00850	0.01274	0.00637	0.00478	0.00478	0.00159	0.00637	0.00425	0.00212	0.00531
11	0.00720	0.00496	0.00644	0.00692	0.00786	0.00468	0.00517	0.00900	0.03241	0.04914	0.18711	0.39844	0.09922	0.01270	0.00597	0.00184	0.00302	0.14886	0.00468	0.00441
12	0.06155	0.00926	0.01052	0.00838	0.01157	0.03925	0.00682	0.18826	0.01471	0.42276	0.01702	0.01600	0.04514	0.00599	0.00453	0.00142	0.00416	0.00470	0.12076	0.00720
13	0.04269	0.07048	0.58574	0.01279	0.01882	0.05241	0.03579	0.05488	0.05412	0.01600	0.00911	0.01036	0.00664	0.00468	0.00444	0.00147	0.00666	0.00361	0.00239	0.00693
14	0.01355	0.01060	0.01108	0.00960	0.01247	0.03700	0.00756	0.13097	0.54477	0.09314	0.01893	0.01758	0.04314	0.00648	0.00483	0.00156	0.00409	0.00528	0.01993	0.00744
15	0.01538	0.00907	0.01064	0.00879	0.01173	0.00936	0.00704	0.15513	0.24548	0.29063	0.13846	0.01895	0.01716	0.00664	0.00490	0.00151	0.00385	0.00548	0.03254	0.00729
16	0.20171	0.10469	0.01188	0.04216	0.04915	0.04083	0.00719	0.08104	0.01233	0.23916	0.13316	0.03130	0.01427	0.00597	0.00433	0.00143	0.00425	0.00466	0.00414	0.00637
17	0.01183	0.01136	0.01940	0.02934	0.80221	0.01136	0.01467	0.01467	0.01088	0.01562	0.00899	0.01183	0.00757	0.00426	0.00473	0.00142	0.00568	0.00426	0.00237	0.00757
18	0.01043	0.20287	0.58713	0.01219	0.01834	0.01287	0.01497	0.01556	0.05655	0.01457	0.00880	0.01002	0.00658	0.00456	0.00423	0.00141	0.00644	0.00343	0.00219	0.00689
19	0.00613	0.00468	0.00558	0.00572	0.00677	0.00419	0.00411	0.00757	0.01123	0.01479	0.30557	0.23826	0.31214	0.04334	0.00647	0.00177	0.00254	0.01034	0.00467	0.00412
20	0.00592	0.00436	0.00558	0.00651	0.00706	0.00402	0.00453	0.00691	0.00956	0.01246	0.02985	0.64903	0.15601	0.01439	0.00606	0.00191	0.00283	0.06464	0.00443	0.00394
21	0.00654	0.00484	0.00536	0.00543	0.00658	0.00429	0.00385	0.00757	0.01015	0.03738	0.08273	0.14223	0.45890	0.17308	0.00937	0.00225	0.00299	0.02828	0.00423	0.00396
22	0.01201	0.00563	0.00704	0.00639	0.00816	0.00517	0.00489	0.01384	0.01148	0.26802	0.12238	0.18169	0.02032	0.00811	0.00466	0.00145	0.00293	0.00694	0.30337	0.00552
23	0.01130	0.03807	0.22752	0.04968	0.07728	0.04047	0.30825	0.05336	0.06474	0.01572	0.00983	0.01210	0.00748	0.00543	0.02482	0.00170	0.03845	0.00461	0.00256	0.00666
24	0.00688	0.00490	0.00621	0.00595	0.00715	0.00445	0.00444	0.00886	0.01281	0.03660	0.61094	0.09862	0.15348	0.01043	0.00566	0.00155	0.00236	0.00915	0.00509	0.00448
25	0.00810	0.02961	0.03199	0.00876	0.03552	0.00699	0.04088	0.05517	0.07042	0.01481	0.06959	0.32280	0.16978	0.01111	0.00606	0.00176	0.03722	0.07034	0.00414	0.00496

[dist]
# distance from previous block
# <min> <max>
5	18

[block]
# block no. 6 follows, 53 sequences, length 25
# corresponding to MSA columns:
# 1634-1658
name=unknown_G
#
# <colnr> <probs for GDERKNQSTAVLIFYWHMCP>
#	G	D	E	R	K	N	Q	S	T	A	V	L	I	F	Y	W	H	M	C	P
0	0.04756	0.06013	0.02711	0.03885	0.02917	0.06963	0.00745	0.13590	0.09530	0.03811	0.03758	0.11926	0.03102	0.02130	0.02486	0.00168	0.03525	0.04574	0.04996	0.08414
1	0.00891	0.06178	0.03252	0.00729	0.00995	0.00695	0.00586	0.04885	0.01022	0.01465	0.06055	0.17650	0.03620	0.05622	0.09066	0.00206	0.00461	0.00604	0.00333	0.35686
2	0.02900	0.19085	0.29821	0.04223	0.06472	0.07754	0.03263	0.05252	0.04942	0.03627	0.01074	0.02713	0.03582	0.00522	0.00464	0.00141	0.02848	0.00400	0.00263	0.00654
3	0.04054	0.16625	0.05741	0.06537	0.01362	0.15237	0.02551	0.11304	0.01272	0.05184	0.10391	0.03786	0.09421	0.02226	0.00495	0.00146	0.00523	0.02223	0.00343	0.00579
4	0.00590	0.00440	0.00551	0.00628	0.00694	0.00401	0.00437	0.00695	0.00986	0.01283	0.07514	0.57842	0.20832	0.01396	0.00599	0.00185	0.00272	0.03811	0.00448	0.00397
5	0.06225	0.04216	0.05199	0.01327	0.14280	0.04640	0.04165	0.28402	0.03381	0.08075	0.01158	0.03964	0.00904	0.00553	0.00479	0.00142	0.02554	0.00445	0.06702	0.03189
6	0.01176	0.09876	0.29333	0.03351	0.13950	0.03144	0.11659	0.07948	0.05688	0.04285	0.01052	0.04541	0.00839	0.00509	0.00468	0.00147	0.00619	0.00447	0.00277	0.00691
7	0.00751	0.00492	0.00604	0.00601	0.00661	0.00486	0.00403	0.00825	0.00851	0.05370	0.06896	0.09860	0.09222	0.44606	0.13668	0.00414	0.00531	0.03040	0.00348	0.00372
8	0.01266	0.01195	0.05781	0.01411	0.16874	0.05222	0.03933	0.16787	0.25828	0.01958	0.03604	0.01602	0.03647	0.00598	0.00507	0.00151	0.02536	0.01535	0.04861	0.00704
9	0.00650	0.00488	0.00602	0.00574	0.00698	0.00440	0.00430	0.00851	0.01291	0.01769	0.62265	0.03813	0.22306	0.01032	0.00564	0.00153	0.00229	0.00898	0.00507	0.00440
10	0.01209	0.01205	0.03330	0.30888	0.11310	0.10307	0.07950	0.11820	0.09246	0.01605	0.01028	0.02680	0.00808	0.00530	0.00528	0.00154	0.04032	0.00451	0.00289	0.00632
11	0.00970	0.05375	0.77923	0.01343	0.02039	0.01138	0.01732	0.01511	0.01008	0.01500	0.00851	0.01000	0.00606	0.00452	0.00449	0.00150	0.00699	0.00350	0.00202	0.00703
12	0.00777	0.00639	0.00709	0.00708	0.00841	0.03159	0.00524	0.01178	0.17616	0.01592	0.23969	0.26327	0.15535	0.01092	0.00560	0.00169	0.00302	0.03340	0.00469	0.00492
13	0.00588	0.00441	0.00546	0.00614	0.00684	0.00399	0.00424	0.00696	0.01005	0.01311	0.11341	0.55091	0.22381	0.01371	0.00594	0.00181	0.00263	0.01220	0.00452	0.00399
14	0.00747	0.00505	0.00660	0.00657	0.00767	0.00468	0.00488	0.00850	0.00998	0.03090	0.18009	0.20775	0.09975	0.01366	0.06231	0.14923	0.00379	0.08212	0.02870	0.08033
15	0.01061	0.00968	0.01529	0.51423	0.21133	0.01121	0.01288	0.07538	0.06445	0.01497	0.00960	0.01277	0.00736	0.00485	0.00477	0.00154	0.00594	0.00433	0.00258	0.00622
16	0.00909	0.00858	0.01435	0.78653	0.03206	0.01079	0.01316	0.01218	0.00946	0.01218	0.00840	0.01265	0.00637	0.00493	0.00524	0.00161	0.04076	0.00424	0.00212	0.00531
17	0.00968	0.00721	0.00828	0.03174	0.04306	0.08995	0.00566	0.03701	0.00808	0.01022	0.00955	0.02594	0.00960	0.14153	0.01627	0.49661	0.03933	0.00461	0.00239	0.00328
18	0.01109	0.01167	0.01066	0.01069	0.07248	0.24904	0.03825	0.03572	0.06337	0.01429	0.10017	0.13124	0.16076	0.03039	0.00581	0.00161	0.01607	0.02780	0.00365	0.00523
19	0.01090	0.00876	0.03297	0.00789	0.01119	0.00760	0.00645	0.12969	0.02507	0.05205	0.01209	0.05904	0.02055	0.02456	0.11845	0.00204	0.00516	0.00436	0.03027	0.43091
20	0.01289	0.01080	0.01301	0.01380	0.17811	0.06749	0.03113	0.18683	0.17303	0.05259	0.07255	0.08975	0.02790	0.00689	0.00499	0.00153	0.00475	0.02488	0.02029	0.00679
21	0.01249	0.02531	0.02985	0.02239	0.04959	0.03460	0.26906	0.10617	0.10697	0.08915	0.03014	0.05394	0.04565	0.00661	0.01386	0.00167	0.06488	0.02758	0.00357	0.00652
22	0.01096	0.08876	0.23683	0.04067	0.04576	0.16032	0.01041	0.01401	0.04385	0.02886	0.01381	0.06434	0.07371	0.07085	0.04950	0.00204	0.03180	0.00502	0.00276	0.00573
23	0.01111	0.05574	0.02788	0.27215	0.06435	0.14131	0.03998	0.02364	0.07324	0.03617	0.15518	0.03877	0.01512	0.00609	0.00481	0.00147	0.00551	0.00518	0.01661	0.00569
24	0.06661	0.15381	0.14756	0.01203	0.05884	0.06771	0.13241	0.04957	0.02683	0.06308	0.01403	0.02971	0.09085	0.03065	0.03471	0.00175	0.00595	0.00482	0.00296	0.00614

[dist]
# distance from previous block
# <min> <max>
0	91

# created by:
# /st0/software/busco_prod/Augustus/scripts/msa2prfl.pl ./align_prep/86246.fa
