[name]
unknown

[dist]
# distance from previous block
# <min> <max>
2	137

[block]
# block no. 0 follows, 52 sequences, length 32
# corresponding to MSA columns:
# 143-174
name=unknown_A
#
# <colnr> <probs for GDERKNQSTAVLIFYWHMCP>
#	G	D	E	R	K	N	Q	S	T	A	V	L	I	F	Y	W	H	M	C	P
0	0.01050	0.00597	0.00716	0.00628	0.00849	0.00510	0.00489	0.01212	0.01220	0.23081	0.16898	0.05529	0.39739	0.00985	0.00541	0.00155	0.00294	0.00828	0.00499	0.04180
1	0.00682	0.00545	0.00728	0.02924	0.00889	0.00509	0.03970	0.00890	0.03078	0.01544	0.28775	0.19043	0.26020	0.01143	0.00585	0.00171	0.00303	0.07291	0.00463	0.00449
2	0.01114	0.02974	0.20409	0.01171	0.08219	0.00958	0.03478	0.11206	0.02960	0.01741	0.01025	0.05258	0.00854	0.00487	0.00432	0.00119	0.00501	0.00406	0.00299	0.36390
3	0.00992	0.04024	0.51070	0.22176	0.02371	0.01130	0.04431	0.03094	0.01039	0.01482	0.00873	0.01099	0.00635	0.00463	0.00464	0.00152	0.00682	0.00382	0.00217	0.03222
4	0.86392	0.00937	0.00712	0.00637	0.00937	0.01087	0.00525	0.01425	0.00825	0.02174	0.00675	0.00787	0.00525	0.00450	0.00300	0.00150	0.00375	0.00262	0.00300	0.00525
5	0.01119	0.01111	0.01656	0.39049	0.35870	0.07731	0.01355	0.01442	0.03370	0.01405	0.00906	0.01233	0.00721	0.00468	0.00479	0.00151	0.00627	0.00425	0.00237	0.00645
6	0.01653	0.02055	0.01367	0.02738	0.01477	0.65988	0.00946	0.01779	0.01268	0.01188	0.00848	0.01011	0.02769	0.00569	0.00606	0.00139	0.12448	0.00350	0.00249	0.00553
7	0.00705	0.00470	0.00529	0.00529	0.00529	0.00470	0.00294	0.00705	0.00705	0.00940	0.01527	0.03171	0.01762	0.82969	0.02467	0.00470	0.00470	0.00705	0.00294	0.00294
8	0.00930	0.00870	0.01460	0.70372	0.10308	0.01052	0.01314	0.01245	0.01002	0.01306	0.04869	0.01402	0.00857	0.00505	0.00488	0.00159	0.00618	0.00453	0.00234	0.00555
9	0.00601	0.00442	0.00568	0.00658	0.00711	0.00403	0.00445	0.00693	0.00948	0.01255	0.02840	0.72431	0.10761	0.01454	0.00606	0.00190	0.00280	0.01310	0.00445	0.02959
10	0.00649	0.00467	0.00615	0.00635	0.00716	0.00433	0.00454	0.00823	0.01202	0.01673	0.50207	0.33874	0.04049	0.01193	0.00590	0.00169	0.00249	0.01068	0.00501	0.00433
11	0.01400	0.06018	0.04417	0.01434	0.13055	0.06181	0.10240	0.08249	0.11030	0.14744	0.03577	0.01450	0.01046	0.00588	0.00623	0.00155	0.10661	0.02080	0.00361	0.02689
12	0.01079	0.16014	0.52224	0.01276	0.04705	0.02905	0.02578	0.02641	0.01069	0.03499	0.03172	0.01195	0.03285	0.00495	0.00443	0.00143	0.00637	0.00385	0.00240	0.02015
13	0.01293	0.27187	0.29265	0.01150	0.03531	0.02609	0.02583	0.19369	0.01312	0.01776	0.00914	0.01026	0.00703	0.00479	0.00416	0.00134	0.00588	0.00355	0.04613	0.00696
14	0.00972	0.02507	0.80458	0.01381	0.02097	0.01125	0.01790	0.01535	0.01023	0.01535	0.00870	0.01023	0.00614	0.00460	0.00460	0.00153	0.00716	0.00358	0.00205	0.00716
15	0.00614	0.00456	0.00647	0.00721	0.00766	0.00427	0.03330	0.00708	0.00929	0.01240	0.02575	0.77315	0.03071	0.03853	0.00671	0.00204	0.00307	0.01328	0.00438	0.00400
16	0.01128	0.00924	0.01095	0.00797	0.01212	0.00764	0.02427	0.10900	0.01168	0.03231	0.00938	0.01097	0.00766	0.02426	0.00434	0.00094	0.00395	0.00327	0.00317	0.69561
17	0.01441	0.09224	0.26183	0.04756	0.05002	0.03713	0.13904	0.07492	0.02443	0.17189	0.01229	0.03049	0.00918	0.00564	0.00511	0.00164	0.00647	0.00471	0.00351	0.00749
18	0.00601	0.00467	0.00550	0.00597	0.00699	0.00415	0.00431	0.00724	0.01059	0.01348	0.11052	0.36181	0.37643	0.01328	0.00596	0.00179	0.00268	0.04995	0.00458	0.00409
19	0.00834	0.00517	0.00706	0.00728	0.00837	0.00471	0.02638	0.00953	0.01028	0.12264	0.02781	0.55893	0.11989	0.01316	0.00596	0.00187	0.00318	0.05013	0.00465	0.00465
20	0.01198	0.48382	0.26261	0.01048	0.01541	0.03584	0.03591	0.03715	0.01064	0.01361	0.03729	0.00990	0.00777	0.00457	0.00383	0.00124	0.00587	0.00329	0.00229	0.00650
21	0.00777	0.00688	0.06734	0.00682	0.00798	0.00598	0.00525	0.00968	0.06113	0.02659	0.09016	0.03938	0.08589	0.40852	0.11941	0.01947	0.01741	0.00683	0.00337	0.00414
22	0.00590	0.00424	0.00560	0.00668	0.00701	0.00394	0.00447	0.00675	0.00934	0.01240	0.02750	0.79884	0.05923	0.01508	0.00617	0.00196	0.00280	0.01365	0.00450	0.00394
23	0.10871	0.02935	0.23237	0.01028	0.01442	0.02731	0.03281	0.08460	0.11958	0.15624	0.12172	0.01588	0.01398	0.00594	0.00469	0.00152	0.00498	0.00478	0.00397	0.00687
24	0.22301	0.02852	0.04886	0.12579	0.17676	0.07667	0.16134	0.01566	0.05465	0.03140	0.00919	0.01132	0.00712	0.00461	0.00447	0.00151	0.00598	0.00409	0.00272	0.00633
25	0.00735	0.00569	0.00808	0.00785	0.00846	0.00676	0.00596	0.00868	0.00761	0.01094	0.01269	0.02054	0.01254	0.18542	0.57237	0.00657	0.10027	0.00544	0.00261	0.00417
26	0.00640	0.00461	0.00620	0.00738	0.02089	0.00439	0.00512	0.00746	0.00951	0.01261	0.02587	0.61730	0.04301	0.06781	0.00745	0.00218	0.00326	0.14018	0.00435	0.00403
27	0.01005	0.00861	0.01005	0.00718	0.01148	0.00646	0.00574	0.01220	0.01005	0.01579	0.00861	0.01005	0.00718	0.00359	0.00359	0.00072	0.00359	0.00287	0.00287	0.85932
28	0.01049	0.15254	0.48446	0.01215	0.01728	0.02524	0.01406	0.03881	0.01016	0.01442	0.00905	0.04059	0.00748	0.00686	0.04262	0.00182	0.09916	0.00396	0.00227	0.00656
29	0.01875	0.01305	0.01422	0.01090	0.01477	0.01425	0.00901	0.70882	0.02191	0.10626	0.01237	0.01211	0.00861	0.00584	0.00485	0.00146	0.00521	0.00441	0.00496	0.00824
30	0.00587	0.00434	0.00550	0.00643	0.00694	0.00396	0.00436	0.00678	0.00959	0.01250	0.03062	0.69030	0.16576	0.01467	0.00611	0.00191	0.00275	0.01316	0.00450	0.00396
31	0.01199	0.01151	0.01967	0.02974	0.79946	0.01151	0.01487	0.01487	0.01103	0.01583	0.00912	0.01199	0.00768	0.00432	0.00480	0.00144	0.00576	0.00432	0.00240	0.00768

[dist]
# distance from previous block
# <min> <max>
0	5

[block]
# block no. 1 follows, 52 sequences, length 27
# corresponding to MSA columns:
# 180-184,192-213
name=unknown_B
#
# <colnr> <probs for GDERKNQSTAVLIFYWHMCP>
#	G	D	E	R	K	N	Q	S	T	A	V	L	I	F	Y	W	H	M	C	P
0	0.00705	0.00470	0.00529	0.00529	0.00529	0.00470	0.00294	0.00705	0.00705	0.00940	0.01527	0.03171	0.01762	0.82969	0.02467	0.00470	0.00470	0.00705	0.00294	0.00294
1	0.01066	0.01077	0.01578	0.01325	0.01358	0.01467	0.06306	0.01192	0.00769	0.01192	0.00660	0.01077	0.00643	0.00818	0.01521	0.00209	0.76555	0.00434	0.00214	0.00539
2	0.01144	0.01307	0.02859	0.02042	0.02533	0.01225	0.78186	0.01552	0.01144	0.01552	0.00980	0.01307	0.00735	0.00408	0.00572	0.00163	0.00817	0.00572	0.00245	0.00654
3	0.01205	0.01041	0.01096	0.00986	0.01260	0.01205	0.00767	0.02575	0.79071	0.02027	0.01972	0.01808	0.01479	0.00657	0.00493	0.00164	0.00384	0.00548	0.00493	0.00767
4	0.00598	0.00463	0.00546	0.00586	0.00686	0.00410	0.00416	0.00722	0.01073	0.01380	0.15847	0.36981	0.35936	0.01311	0.00592	0.00176	0.00258	0.01147	0.00463	0.00410
5	0.00933	0.00905	0.03387	0.06145	0.32151	0.00861	0.11866	0.01167	0.01031	0.01424	0.01604	0.33016	0.01705	0.00856	0.00547	0.00168	0.00502	0.00819	0.00320	0.00592
6	0.01205	0.01041	0.01096	0.00986	0.01260	0.01205	0.00767	0.02575	0.79071	0.02027	0.01972	0.01808	0.01479	0.00657	0.00493	0.00164	0.00384	0.00548	0.00493	0.00767
7	0.00693	0.00517	0.00766	0.00766	0.00849	0.00599	0.00590	0.00857	0.00775	0.01116	0.01309	0.01967	0.01239	0.07599	0.77122	0.00763	0.01257	0.00528	0.00261	0.00426
8	0.00649	0.00476	0.00619	0.00711	0.00781	0.00453	0.00526	0.00800	0.02644	0.01328	0.04596	0.52261	0.11630	0.01414	0.00622	0.00198	0.00317	0.19109	0.00452	0.00417
9	0.01453	0.03592	0.03709	0.18375	0.11783	0.43480	0.06219	0.01671	0.01209	0.01279	0.00807	0.01036	0.00654	0.00486	0.00482	0.00140	0.02423	0.00371	0.00238	0.00594
10	0.01376	0.55150	0.07814	0.00985	0.01364	0.19627	0.00934	0.01552	0.01063	0.01180	0.00703	0.00831	0.00623	0.00459	0.00414	0.00117	0.04695	0.00286	0.00217	0.00611
11	0.01005	0.00950	0.01594	0.54851	0.26607	0.01084	0.01361	0.01313	0.01011	0.01356	0.00877	0.01253	0.00686	0.00464	0.00479	0.00153	0.00614	0.00426	0.00225	0.03692
12	0.00673	0.00495	0.00631	0.00597	0.00716	0.00452	0.00447	0.00890	0.01342	0.01874	0.71460	0.03735	0.12847	0.01017	0.00572	0.00154	0.00230	0.00892	0.00524	0.00452
13	0.00842	0.00421	0.00631	0.00631	0.00631	0.00421	0.00421	0.00631	0.00631	0.00842	0.00842	0.01473	0.00842	0.01684	0.01894	0.85901	0.00421	0.00421	0.00210	0.00210
14	0.01183	0.46713	0.24682	0.04597	0.04510	0.03088	0.06359	0.01483	0.01017	0.01301	0.00768	0.00922	0.00634	0.00432	0.00387	0.00126	0.00609	0.00323	0.00211	0.00651
15	0.00705	0.00470	0.00529	0.00529	0.00529	0.00470	0.00294	0.00705	0.00705	0.00940	0.01527	0.03171	0.01762	0.82969	0.02467	0.00470	0.00470	0.00705	0.00294	0.00294
16	0.01052	0.01055	0.01484	0.01384	0.08274	0.05552	0.06021	0.01207	0.00841	0.01222	0.00808	0.01230	0.00757	0.01263	0.15598	0.00300	0.50738	0.00445	0.00227	0.00543
17	0.00705	0.00470	0.00529	0.00529	0.00529	0.00470	0.00294	0.00705	0.00705	0.00940	0.01527	0.03171	0.01762	0.82969	0.02467	0.00470	0.00470	0.00705	0.00294	0.00294
18	0.00692	0.00519	0.00779	0.00779	0.00865	0.00606	0.00606	0.00865	0.00779	0.01125	0.01298	0.01904	0.01211	0.03634	0.81049	0.00779	0.01298	0.00519	0.00260	0.00433
19	0.00696	0.00511	0.00682	0.04063	0.00835	0.00484	0.00495	0.00928	0.01355	0.01913	0.76338	0.03521	0.04405	0.00969	0.00568	0.00153	0.00246	0.00857	0.00520	0.00461
20	0.01943	0.00974	0.01194	0.00927	0.01298	0.00945	0.00761	0.20407	0.09170	0.50390	0.01688	0.01518	0.01114	0.00589	0.00481	0.00146	0.00436	0.00471	0.00547	0.04999
21	0.01362	0.10295	0.01881	0.02313	0.51932	0.21115	0.01279	0.01595	0.01158	0.01437	0.00845	0.01073	0.00716	0.00447	0.00451	0.00135	0.00644	0.00383	0.00239	0.00701
22	0.12126	0.22774	0.08196	0.01028	0.01379	0.26575	0.00904	0.07683	0.12154	0.01589	0.00934	0.01004	0.00746	0.00497	0.00401	0.00132	0.00611	0.00339	0.00294	0.00635
23	0.00842	0.00421	0.00631	0.00631	0.00631	0.00421	0.00421	0.00631	0.00631	0.00842	0.00842	0.01473	0.00842	0.01684	0.01894	0.85901	0.00421	0.00421	0.00210	0.00210
24	0.00990	0.00846	0.00989	0.00716	0.01133	0.00637	0.00570	0.01201	0.01002	0.01567	0.00925	0.03864	0.00805	0.00399	0.00368	0.00076	0.00356	0.00325	0.00293	0.82937
25	0.01096	0.16289	0.53167	0.01403	0.05638	0.03812	0.07484	0.03067	0.01066	0.01489	0.00848	0.01009	0.00636	0.00451	0.00444	0.00144	0.00684	0.00361	0.00217	0.00695
26	0.01125	0.34950	0.11368	0.01300	0.12078	0.01353	0.10593	0.03449	0.01123	0.01477	0.12911	0.01495	0.03769	0.00539	0.00437	0.00133	0.00534	0.00456	0.00281	0.00630

[dist]
# distance from previous block
# <min> <max>
0	3

[block]
# block no. 2 follows, 52 sequences, length 15
# corresponding to MSA columns:
# 217-220,233-236,240-246
name=unknown_C
#
# <colnr> <probs for GDERKNQSTAVLIFYWHMCP>
#	G	D	E	R	K	N	Q	S	T	A	V	L	I	F	Y	W	H	M	C	P
0	0.01261	0.00924	0.02976	0.00904	0.04683	0.00732	0.02417	0.01540	0.04764	0.17440	0.01130	0.01188	0.00851	0.00428	0.00404	0.00099	0.00399	0.00354	0.00355	0.57153
1	0.00615	0.00492	0.00551	0.00548	0.00690	0.00428	0.00413	0.00772	0.01181	0.01505	0.27622	0.07083	0.51421	0.01169	0.00577	0.00163	0.00249	0.03620	0.00475	0.00425
2	0.00779	0.00463	0.00480	0.00486	0.00603	0.00437	0.00357	0.00961	0.01039	0.01615	0.05961	0.07943	0.22357	0.03589	0.00501	0.00146	0.00243	0.00690	0.50917	0.00432
3	0.00589	0.00426	0.00558	0.00664	0.00700	0.00395	0.00445	0.00676	0.00939	0.01241	0.02807	0.77921	0.07849	0.01501	0.00616	0.00195	0.00279	0.01356	0.00450	0.00395
4	0.01060	0.01060	0.01484	0.01272	0.01272	0.01484	0.01060	0.01166	0.00742	0.01166	0.00636	0.01060	0.00636	0.00848	0.01590	0.00212	0.82082	0.00424	0.00212	0.00530
5	0.00705	0.00470	0.00529	0.00529	0.00529	0.00470	0.00294	0.00705	0.00705	0.00940	0.01527	0.03171	0.01762	0.82969	0.02467	0.00470	0.00470	0.00705	0.00294	0.00294
6	0.01005	0.00861	0.01005	0.00718	0.01148	0.00646	0.00574	0.01220	0.01005	0.01579	0.00861	0.01005	0.00718	0.00359	0.00359	0.00072	0.00359	0.00287	0.00287	0.85932
7	0.86392	0.00937	0.00712	0.00637	0.00937	0.01087	0.00525	0.01425	0.00825	0.02174	0.00675	0.00787	0.00525	0.00450	0.00300	0.00150	0.00375	0.00262	0.00300	0.00525
8	0.00864	0.00542	0.00668	0.00711	0.00833	0.00545	0.00594	0.03875	0.01130	0.01675	0.05750	0.03758	0.02182	0.00985	0.00526	0.00173	0.00351	0.39826	0.34550	0.00463
9	0.01205	0.01041	0.01096	0.00986	0.01260	0.01205	0.00767	0.02575	0.79071	0.02027	0.01972	0.01808	0.01479	0.00657	0.00493	0.00164	0.00384	0.00548	0.00493	0.00767
10	0.04064	0.00752	0.01033	0.02780	0.10747	0.00772	0.04110	0.14651	0.01197	0.01654	0.01953	0.44638	0.02143	0.01174	0.03256	0.00198	0.00436	0.03500	0.00404	0.00538
11	0.01457	0.01134	0.01214	0.01023	0.01338	0.01280	0.00815	0.27248	0.50543	0.05895	0.01706	0.01591	0.01253	0.00630	0.00490	0.00158	0.00434	0.00509	0.00495	0.00788
12	0.01024	0.00842	0.00971	0.00708	0.01108	0.00658	0.00565	0.03825	0.01049	0.01649	0.00936	0.01082	0.00768	0.00385	0.00361	0.00078	0.00353	0.00307	0.07892	0.75440
13	0.01464	0.04508	0.03448	0.01304	0.04035	0.43239	0.01020	0.01599	0.01101	0.01199	0.00712	0.00957	0.00633	0.00627	0.00877	0.00159	0.31965	0.00358	0.00232	0.00562
14	0.44545	0.04125	0.01081	0.02620	0.02870	0.24810	0.00731	0.09388	0.01153	0.01897	0.00774	0.00891	0.00611	0.00479	0.00368	0.00140	0.00550	0.00306	0.02087	0.00573

[dist]
# distance from previous block
# <min> <max>
1	2

[block]
# block no. 3 follows, 52 sequences, length 51
# corresponding to MSA columns:
# 249-295,297-300
name=unknown_D
#
# <colnr> <probs for GDERKNQSTAVLIFYWHMCP>
#	G	D	E	R	K	N	Q	S	T	A	V	L	I	F	Y	W	H	M	C	P
0	0.00693	0.00555	0.00665	0.00677	0.00810	0.00523	0.01598	0.00958	0.09560	0.01424	0.08240	0.33484	0.28779	0.01221	0.00579	0.00176	0.00297	0.05624	0.00451	0.03687
1	0.00782	0.00658	0.00824	0.00810	0.00901	0.06387	0.00623	0.00940	0.00816	0.01120	0.01255	0.01883	0.01187	0.07961	0.68709	0.00700	0.03234	0.00513	0.00260	0.00436
2	0.03539	0.02300	0.68158	0.02752	0.02132	0.01135	0.10236	0.01528	0.01030	0.01551	0.00876	0.01052	0.00625	0.00455	0.00468	0.00155	0.00716	0.00380	0.00212	0.00701
3	0.01803	0.01338	0.01432	0.01107	0.01488	0.01484	0.00912	0.73648	0.07025	0.02991	0.01213	0.01203	0.00865	0.00586	0.00485	0.00147	0.00524	0.00443	0.00485	0.00821
4	0.00690	0.00480	0.00588	0.00575	0.00632	0.00460	0.00381	0.00805	0.01040	0.01442	0.39600	0.07134	0.03197	0.39257	0.01458	0.00303	0.00344	0.00820	0.00418	0.00378
5	0.55640	0.01025	0.00908	0.00784	0.01093	0.01177	0.00637	0.13893	0.16947	0.02284	0.01016	0.01054	0.00766	0.00513	0.00369	0.00152	0.00402	0.00348	0.00369	0.00622
6	0.00718	0.00517	0.00619	0.00585	0.00720	0.00470	0.00435	0.00924	0.03073	0.04519	0.46414	0.03798	0.27507	0.06731	0.00699	0.00178	0.00261	0.00888	0.00492	0.00452
7	0.00704	0.00471	0.00535	0.00535	0.00537	0.00473	0.00302	0.00709	0.00707	0.00944	0.01521	0.03139	0.01748	0.80946	0.04471	0.00478	0.00491	0.00700	0.00293	0.00297
8	0.00898	0.00453	0.00456	0.00455	0.00568	0.00452	0.00341	0.01124	0.01024	0.01810	0.03340	0.01848	0.01317	0.00574	0.00344	0.00114	0.00226	0.00461	0.83742	0.00452
9	0.01005	0.00861	0.01005	0.00718	0.01148	0.00646	0.00574	0.01220	0.01005	0.01579	0.00861	0.01005	0.00718	0.00359	0.00359	0.00072	0.00359	0.00287	0.00287	0.85932
10	0.03618	0.01290	0.01140	0.00980	0.02280	0.19538	0.00759	0.29777	0.05912	0.02103	0.06147	0.04775	0.03178	0.00629	0.00457	0.00137	0.00515	0.00485	0.11672	0.04607
11	0.01348	0.49588	0.16297	0.01036	0.03195	0.05909	0.02350	0.04195	0.03061	0.07723	0.00873	0.00955	0.00701	0.00454	0.00378	0.00122	0.00568	0.00321	0.00259	0.00666
12	0.01101	0.01038	0.01748	0.44866	0.12748	0.01183	0.13654	0.09923	0.01147	0.01531	0.00907	0.01254	0.00695	0.00499	0.00566	0.00161	0.05655	0.00454	0.00253	0.00618
13	0.00846	0.00545	0.00690	0.02258	0.00858	0.00517	0.00516	0.06133	0.01091	0.09691	0.02740	0.57089	0.12547	0.01301	0.00587	0.00183	0.00315	0.01157	0.00464	0.00473
14	0.01090	0.20558	0.58720	0.01251	0.01874	0.05657	0.01529	0.01538	0.01034	0.01427	0.00819	0.00960	0.00616	0.00452	0.00426	0.00141	0.00681	0.00333	0.00208	0.00687
15	0.00854	0.02344	0.00911	0.04584	0.01020	0.04931	0.03942	0.01004	0.00951	0.01360	0.01780	0.36882	0.01908	0.01066	0.02159	0.00182	0.13412	0.00846	0.19404	0.00460
16	0.00649	0.00470	0.00617	0.00660	0.00739	0.00438	0.00482	0.00811	0.01145	0.01565	0.35827	0.37508	0.07331	0.01261	0.00601	0.00179	0.00273	0.08533	0.00485	0.00427
17	0.06161	0.33979	0.18145	0.08822	0.07002	0.02605	0.05845	0.03000	0.05775	0.01438	0.00855	0.01016	0.00690	0.00462	0.00429	0.00136	0.02398	0.00352	0.00241	0.00649
18	0.00610	0.00488	0.02864	0.00705	0.00757	0.00422	0.00504	0.00715	0.00939	0.01256	0.02614	0.76675	0.03111	0.01479	0.00616	0.00197	0.00301	0.04896	0.00443	0.00405
19	0.00620	0.00451	0.00590	0.00678	0.00736	0.00420	0.00482	0.00737	0.01007	0.01335	0.10101	0.59415	0.09974	0.01422	0.00616	0.00193	0.00292	0.10067	0.00457	0.00407
20	0.01079	0.01116	0.09069	0.40163	0.09314	0.01109	0.07681	0.03723	0.14282	0.04258	0.01123	0.01393	0.00849	0.02155	0.00530	0.00165	0.00602	0.00463	0.00289	0.00637
21	0.01373	0.11760	0.20661	0.01163	0.01598	0.08054	0.04367	0.21694	0.20827	0.01973	0.01191	0.01224	0.00891	0.00536	0.00459	0.00146	0.00579	0.00419	0.00355	0.00730
22	0.00972	0.02507	0.80458	0.01381	0.02097	0.01125	0.01790	0.01535	0.01023	0.01535	0.00870	0.01023	0.00614	0.00460	0.00460	0.00153	0.00716	0.00358	0.00205	0.00716
23	0.01332	0.74791	0.02411	0.00862	0.01263	0.06224	0.00835	0.02981	0.03373	0.01206	0.00726	0.00821	0.00652	0.00430	0.00327	0.00107	0.00534	0.00274	0.00224	0.00627
24	0.00666	0.00536	0.00703	0.00639	0.00792	0.00479	0.04505	0.00863	0.01256	0.01677	0.46564	0.03903	0.33518	0.01052	0.00572	0.00157	0.00266	0.00917	0.00486	0.00449
25	0.00590	0.00422	0.00562	0.00675	0.00703	0.00394	0.00450	0.00675	0.00928	0.01237	0.02671	0.82653	0.03205	0.01518	0.00619	0.00197	0.00281	0.01378	0.00450	0.00394
26	0.00595	0.00472	0.00516	0.00542	0.00653	0.00414	0.00381	0.00697	0.01022	0.01264	0.05744	0.23080	0.50674	0.10762	0.00803	0.00207	0.00280	0.01067	0.00434	0.00393
27	0.01308	0.72849	0.07511	0.00892	0.01315	0.06929	0.00898	0.01487	0.01012	0.01169	0.00691	0.00799	0.00622	0.00423	0.00329	0.00108	0.00554	0.00269	0.00210	0.00624
28	0.00798	0.00421	0.00619	0.00639	0.00644	0.00416	0.00426	0.00639	0.00683	0.00910	0.01158	0.15525	0.01251	0.01655	0.01673	0.71066	0.00397	0.00586	0.00252	0.00242
29	0.01466	0.01244	0.03241	0.03274	0.04267	0.02835	0.08506	0.32296	0.27673	0.04128	0.01379	0.01396	0.01020	0.00591	0.00546	0.00157	0.04313	0.00483	0.00428	0.00758
30	0.01143	0.01146	0.05867	0.11910	0.30896	0.01082	0.21297	0.05004	0.01158	0.04375	0.03361	0.05254	0.01058	0.00550	0.00521	0.00158	0.00618	0.03643	0.00287	0.00673
31	0.01011	0.00917	0.03379	0.00747	0.01181	0.00680	0.00617	0.01278	0.03770	0.01594	0.00901	0.01034	0.00742	0.00372	0.00367	0.00077	0.00370	0.00298	0.00292	0.80373
32	0.00629	0.00472	0.00615	0.00731	0.02984	0.00439	0.00501	0.00741	0.00983	0.01280	0.02990	0.55938	0.16768	0.02779	0.00643	0.00197	0.00306	0.10152	0.00441	0.00412
33	0.00693	0.00516	0.00765	0.00765	0.00847	0.00598	0.00589	0.00856	0.00775	0.01115	0.01311	0.01974	0.01242	0.08017	0.76708	0.00762	0.01252	0.00529	0.00261	0.00425
34	0.00599	0.00454	0.00557	0.00634	0.00711	0.00411	0.00449	0.00706	0.00998	0.01276	0.03367	0.52214	0.27256	0.01413	0.00608	0.00188	0.00283	0.07025	0.00450	0.00403
35	0.01810	0.02310	0.01373	0.01248	0.01498	0.81024	0.00936	0.01935	0.01373	0.01186	0.00749	0.00874	0.00624	0.00499	0.00437	0.00125	0.00874	0.00312	0.00250	0.00562
36	0.00701	0.00474	0.00555	0.00558	0.00567	0.00482	0.00330	0.00721	0.00717	0.00965	0.01527	0.04703	0.01734	0.72948	0.10664	0.00496	0.00553	0.00699	0.00293	0.00310
37	0.01042	0.00879	0.00950	0.00865	0.01096	0.00980	0.00668	0.02066	0.56103	0.01948	0.18486	0.02433	0.08864	0.00776	0.00516	0.00162	0.00339	0.00657	0.00498	0.00671
38	0.01075	0.01080	0.01462	0.01249	0.01272	0.03235	0.01038	0.01186	0.00767	0.01184	0.00648	0.01054	0.00639	0.00820	0.01514	0.00204	0.76916	0.00416	0.00216	0.04025
39	0.02693	0.01061	0.15165	0.03380	0.04954	0.02526	0.00853	0.06839	0.01159	0.06480	0.11065	0.02354	0.18914	0.02017	0.08084	0.00217	0.05268	0.00612	0.05797	0.00563
40	0.05549	0.26173	0.06271	0.01093	0.08641	0.03350	0.02355	0.01798	0.01162	0.32871	0.01310	0.05298	0.00993	0.00552	0.00429	0.00137	0.00490	0.00436	0.00385	0.00705
41	0.00580	0.00490	0.00502	0.00502	0.00660	0.00412	0.00376	0.00709	0.01117	0.01347	0.09497	0.06309	0.73411	0.01219	0.00574	0.00164	0.00245	0.01021	0.00455	0.00412
42	0.01123	0.00606	0.00822	0.00788	0.00965	0.00564	0.00647	0.01326	0.01239	0.22850	0.23479	0.06062	0.02824	0.03940	0.00656	0.00192	0.00374	0.30494	0.00506	0.00545
43	0.03290	0.25656	0.19679	0.01151	0.04122	0.20579	0.02222	0.07801	0.01198	0.04786	0.00881	0.01058	0.00719	0.04304	0.00506	0.00146	0.00647	0.00350	0.00264	0.00642
44	0.01024	0.01371	0.23529	0.42483	0.16757	0.01092	0.01474	0.01403	0.01022	0.04017	0.00908	0.01212	0.00677	0.00472	0.00477	0.00156	0.00645	0.00413	0.00230	0.00639
45	0.00622	0.00457	0.00569	0.00646	0.00708	0.00425	0.00454	0.00721	0.00960	0.01242	0.02979	0.48788	0.18461	0.10825	0.00828	0.00225	0.00315	0.09954	0.00431	0.00391
46	0.03975	0.12195	0.38939	0.01127	0.01617	0.03530	0.02769	0.03087	0.10530	0.06256	0.04244	0.01448	0.01030	0.04476	0.00550	0.00164	0.00586	0.02511	0.00298	0.00669
47	0.01082	0.19776	0.20163	0.22367	0.16076	0.03929	0.01295	0.01394	0.01016	0.01344	0.00910	0.05068	0.00779	0.00513	0.00468	0.00145	0.02396	0.00418	0.00228	0.00633
48	0.00695	0.00516	0.00663	0.07040	0.00857	0.00543	0.00476	0.00763	0.00820	0.01093	0.01956	0.28895	0.05701	0.40262	0.03340	0.00336	0.04437	0.00899	0.00341	0.00366
49	0.00698	0.00578	0.03406	0.00776	0.00875	0.00604	0.00615	0.00868	0.00787	0.01129	0.01357	0.05273	0.01314	0.09388	0.69183	0.00711	0.01175	0.00563	0.00268	0.00430
50	0.01280	0.01753	0.32981	0.09922	0.10607	0.05017	0.05338	0.18337	0.04100	0.04558	0.01012	0.01158	0.00738	0.00497	0.00477	0.00151	0.00644	0.00411	0.00299	0.00722

[dist]
# distance from previous block
# <min> <max>
1	7

[block]
# block no. 4 follows, 52 sequences, length 17
# corresponding to MSA columns:
# 308-324
name=unknown_E
#
# <colnr> <probs for GDERKNQSTAVLIFYWHMCP>
#	G	D	E	R	K	N	Q	S	T	A	V	L	I	F	Y	W	H	M	C	P
0	0.00710	0.00637	0.04283	0.00730	0.00870	0.00569	0.00612	0.00897	0.01122	0.01483	0.21352	0.08673	0.26860	0.02891	0.00709	0.00188	0.06250	0.20277	0.00437	0.00449
1	0.04937	0.19546	0.49886	0.01278	0.03695	0.02688	0.04943	0.03568	0.01049	0.01509	0.00838	0.00994	0.00637	0.00507	0.01852	0.00153	0.00668	0.00348	0.00221	0.00681
2	0.02555	0.01024	0.01620	0.28043	0.30626	0.01136	0.04762	0.04624	0.10006	0.01565	0.01093	0.01495	0.00898	0.00543	0.00543	0.00160	0.04250	0.04119	0.00281	0.00660
3	0.00690	0.00551	0.00728	0.00698	0.00833	0.00515	0.04397	0.00931	0.05667	0.01576	0.30575	0.22649	0.23548	0.01142	0.00582	0.00170	0.00292	0.03529	0.00472	0.00457
4	0.00923	0.02763	0.04765	0.00902	0.01097	0.00787	0.06311	0.03719	0.10480	0.05221	0.15688	0.13428	0.04498	0.01535	0.19797	0.00311	0.04332	0.00703	0.02199	0.00541
5	0.82267	0.00916	0.00709	0.00636	0.00927	0.01057	0.00522	0.01400	0.00851	0.02163	0.04478	0.00924	0.00720	0.00476	0.00313	0.00150	0.00368	0.00292	0.00311	0.00522
6	0.01253	0.72710	0.12720	0.00901	0.01355	0.01814	0.00955	0.01462	0.00990	0.01192	0.00699	0.00809	0.00621	0.00421	0.00330	0.00110	0.00544	0.00272	0.00207	0.00634
7	0.00643	0.00493	0.00583	0.00561	0.00689	0.00439	0.00417	0.00822	0.01242	0.01660	0.47900	0.04001	0.33217	0.04419	0.00649	0.00170	0.00245	0.00925	0.00492	0.00432
8	0.00736	0.00491	0.00687	0.00687	0.00750	0.00543	0.00504	0.00831	0.00768	0.01118	0.01295	0.02034	0.01248	0.15678	0.49532	0.12982	0.00939	0.00528	0.08269	0.00380
9	0.07538	0.00614	0.00768	0.00682	0.00878	0.00569	0.00533	0.01311	0.01293	0.22294	0.43560	0.05912	0.07915	0.00893	0.00534	0.00156	0.00297	0.03178	0.00522	0.00552
10	0.00939	0.00554	0.00666	0.00628	0.00758	0.00560	0.02310	0.03547	0.01041	0.05250	0.01719	0.18227	0.01570	0.00826	0.02118	0.00151	0.03985	0.00640	0.51185	0.03327
11	0.03557	0.12493	0.25818	0.01423	0.12304	0.05945	0.06564	0.05595	0.10140	0.07711	0.03190	0.01235	0.00905	0.00503	0.00455	0.00145	0.00594	0.00414	0.00305	0.00705
12	0.06872	0.15891	0.20237	0.01445	0.17031	0.09630	0.03500	0.05960	0.01139	0.04414	0.00995	0.01153	0.02147	0.00583	0.03071	0.00158	0.00618	0.00381	0.04113	0.00663
13	0.01018	0.05677	0.02799	0.00929	0.04373	0.03701	0.05056	0.04075	0.05433	0.01537	0.03681	0.11750	0.02701	0.05992	0.00572	0.00139	0.00428	0.00528	0.00326	0.39288
14	0.03306	0.06839	0.23852	0.01030	0.03747	0.09754	0.00986	0.01376	0.02659	0.01486	0.05520	0.03998	0.01052	0.04358	0.02976	0.00158	0.00560	0.00414	0.00276	0.25654
15	0.01205	0.11074	0.21101	0.01384	0.09264	0.10004	0.09773	0.03165	0.07671	0.04670	0.01125	0.07767	0.00961	0.00579	0.00529	0.00149	0.04999	0.00479	0.00287	0.03812
16	0.06053	0.19143	0.22195	0.03664	0.05060	0.04050	0.03396	0.02466	0.07003	0.05652	0.05053	0.11785	0.01252	0.00636	0.00453	0.00148	0.00530	0.00522	0.00310	0.00630

[dist]
# distance from previous block
# <min> <max>
6	31

[block]
# block no. 5 follows, 52 sequences, length 45
# corresponding to MSA columns:
# 373-417
name=unknown_F
#
# <colnr> <probs for GDERKNQSTAVLIFYWHMCP>
#	G	D	E	R	K	N	Q	S	T	A	V	L	I	F	Y	W	H	M	C	P
0	0.01217	0.19843	0.16993	0.00951	0.01395	0.09721	0.00927	0.05086	0.02876	0.04233	0.02260	0.01141	0.03095	0.00468	0.00400	0.00113	0.00525	0.00348	0.00282	0.28126
1	0.01260	0.49296	0.21929	0.01052	0.01519	0.11066	0.03514	0.01523	0.01053	0.01272	0.02178	0.00919	0.00696	0.00446	0.00376	0.00121	0.00614	0.00311	0.00219	0.00636
2	0.03864	0.00614	0.00794	0.00686	0.00892	0.00559	0.00538	0.01390	0.01330	0.27069	0.45962	0.02874	0.06480	0.00896	0.01955	0.00162	0.00312	0.00723	0.02324	0.00575
3	0.00989	0.01973	0.51202	0.04408	0.04518	0.01095	0.19010	0.01468	0.01056	0.01521	0.02742	0.01314	0.03719	0.00555	0.02186	0.00169	0.00716	0.00451	0.00233	0.00674
4	0.00691	0.00503	0.00664	0.00714	0.00815	0.00476	0.00565	0.00878	0.01164	0.01562	0.29129	0.20301	0.10695	0.01246	0.00617	0.00188	0.00320	0.28558	0.00477	0.00436
5	0.02239	0.00771	0.01237	0.32342	0.04927	0.00842	0.08313	0.04760	0.01093	0.01467	0.10138	0.21936	0.04657	0.00837	0.00540	0.00169	0.00495	0.02378	0.00340	0.00520
6	0.00997	0.01007	0.04578	0.14909	0.01869	0.00873	0.19720	0.01304	0.02438	0.01497	0.01035	0.06736	0.00890	0.00481	0.00457	0.00123	0.00529	0.00463	0.00276	0.39818
7	0.00590	0.00422	0.00562	0.00675	0.00703	0.00394	0.00450	0.00675	0.00928	0.01237	0.02671	0.82653	0.03205	0.01518	0.00619	0.00197	0.00281	0.01378	0.00450	0.00394
8	0.06435	0.01173	0.04014	0.10786	0.20112	0.06503	0.13497	0.04179	0.16696	0.03191	0.01183	0.01352	0.00909	0.00504	0.00472	0.00150	0.00564	0.00460	0.07148	0.00670
9	0.03069	0.00968	0.09410	0.00993	0.07664	0.00736	0.00784	0.03841	0.01166	0.21239	0.08540	0.09186	0.04408	0.03132	0.00529	0.00144	0.00414	0.00555	0.00402	0.22819
10	0.03764	0.14548	0.61440	0.01263	0.01896	0.03664	0.01554	0.03879	0.01060	0.01532	0.00839	0.00979	0.00619	0.00458	0.00433	0.00145	0.00675	0.00341	0.00218	0.00695
11	0.01295	0.21098	0.01695	0.01150	0.01313	0.21310	0.00964	0.01419	0.00958	0.01164	0.00687	0.00964	0.00642	0.00716	0.02657	0.00176	0.40654	0.00359	0.00221	0.00558
12	0.01462	0.00675	0.00916	0.00792	0.01038	0.00606	0.00648	0.01669	0.01331	0.41753	0.25517	0.02965	0.02518	0.00857	0.00547	0.00165	0.00363	0.14986	0.00551	0.00642
13	0.01106	0.01555	0.27232	0.06934	0.29928	0.01098	0.14216	0.01493	0.01076	0.03944	0.00983	0.03385	0.00783	0.00472	0.00489	0.00150	0.00644	0.00453	0.00246	0.03812
14	0.32164	0.03964	0.00996	0.02332	0.01129	0.00960	0.00671	0.04059	0.06708	0.26025	0.01493	0.04119	0.03558	0.00650	0.00477	0.00159	0.03672	0.05806	0.00423	0.00635
15	0.00592	0.00492	0.00518	0.00511	0.00666	0.00417	0.00383	0.00733	0.01150	0.01417	0.17673	0.04486	0.66918	0.01187	0.00573	0.00162	0.00243	0.00998	0.00464	0.00417
16	0.00998	0.00969	0.01365	0.01189	0.01204	0.01336	0.00983	0.01115	0.00748	0.01159	0.00748	0.01203	0.00733	0.01319	0.15014	0.00308	0.68434	0.00440	0.00220	0.00514
17	0.01137	0.49338	0.30246	0.01017	0.01515	0.01541	0.01149	0.01433	0.00995	0.01287	0.00866	0.05888	0.00777	0.00499	0.00383	0.00127	0.00574	0.00363	0.00221	0.00642
18	0.00634	0.05503	0.00684	0.00684	0.00736	0.00487	0.00473	0.00722	0.00931	0.01231	0.02548	0.77630	0.03047	0.01451	0.00600	0.00191	0.00296	0.01309	0.00435	0.00408
19	0.00692	0.00519	0.00779	0.00779	0.00865	0.00606	0.00606	0.00865	0.00779	0.01125	0.01298	0.01904	0.01211	0.03634	0.81049	0.00779	0.01298	0.00519	0.00260	0.00433
20	0.01061	0.00896	0.01034	0.00748	0.01173	0.00711	0.00600	0.05981	0.02833	0.01680	0.00905	0.01033	0.00741	0.00379	0.00370	0.00078	0.00370	0.00302	0.00304	0.78801
21	0.02174	0.00825	0.01125	0.00862	0.01237	0.00712	0.00712	0.02362	0.01387	0.80282	0.01912	0.01649	0.01200	0.00600	0.00487	0.00150	0.00412	0.00487	0.00600	0.00825
22	0.04948	0.01940	0.01345	0.01161	0.01457	0.53952	0.00895	0.20256	0.01548	0.01697	0.00853	0.00948	0.00674	0.00509	0.00439	0.00127	0.00742	0.00339	0.00310	0.05860
23	0.01213	0.49161	0.21611	0.01091	0.01554	0.03529	0.06339	0.02838	0.01022	0.01302	0.00751	0.00901	0.00632	0.00458	0.00454	0.00128	0.05839	0.00320	0.00215	0.00643
24	0.00675	0.00516	0.00639	0.00702	0.00826	0.00479	0.00573	0.00844	0.01098	0.01382	0.05181	0.12646	0.34216	0.01303	0.00623	0.00195	0.00344	0.36880	0.00450	0.00426
25	0.00972	0.02507	0.80458	0.01381	0.02097	0.01125	0.01790	0.01535	0.01023	0.01535	0.00870	0.01023	0.00614	0.00460	0.00460	0.00153	0.00716	0.00358	0.00205	0.00716
26	0.01114	0.00670	0.00728	0.03356	0.00892	0.00706	0.00518	0.15988	0.04105	0.04405	0.01568	0.06621	0.01270	0.00628	0.00399	0.00129	0.00314	0.00509	0.55534	0.00545
27	0.00812	0.00690	0.00937	0.08407	0.01120	0.00802	0.00705	0.00963	0.01025	0.01425	0.23743	0.05679	0.16023	0.01000	0.00934	0.05434	0.23701	0.03029	0.01688	0.01883
28	0.01011	0.10066	0.65138	0.01397	0.05012	0.01190	0.04553	0.01511	0.01035	0.01509	0.02738	0.01079	0.00720	0.00466	0.00454	0.00149	0.00684	0.00372	0.00216	0.00701
29	0.00647	0.00476	0.00605	0.00610	0.00709	0.00435	0.00444	0.00825	0.01224	0.01680	0.50242	0.23820	0.14175	0.01156	0.00584	0.00165	0.00244	0.01023	0.00501	0.00435
30	0.00705	0.00470	0.00529	0.00529	0.00529	0.00470	0.00294	0.00705	0.00705	0.00940	0.01527	0.03171	0.01762	0.82969	0.02467	0.00470	0.00470	0.00705	0.00294	0.00294
31	0.00906	0.06326	0.47598	0.02929	0.04508	0.02484	0.01323	0.01288	0.01003	0.01418	0.01364	0.23975	0.01350	0.00756	0.00497	0.00162	0.00579	0.00643	0.00276	0.00615
32	0.00978	0.00918	0.01504	0.33990	0.35236	0.00991	0.01234	0.01253	0.01058	0.01416	0.03859	0.01823	0.12541	0.00588	0.00498	0.00154	0.00544	0.00532	0.00270	0.00614
33	0.00590	0.00422	0.00562	0.00675	0.00703	0.00394	0.00450	0.00675	0.00928	0.01237	0.02671	0.82653	0.03205	0.01518	0.00619	0.00197	0.00281	0.01378	0.00450	0.00394
34	0.00670	0.00503	0.00578	0.00553	0.00702	0.00439	0.00417	0.00841	0.01228	0.03996	0.36967	0.04123	0.45028	0.01106	0.00570	0.00158	0.00243	0.00943	0.00490	0.00443
35	0.04995	0.04865	0.11923	0.23433	0.13888	0.01036	0.03738	0.04141	0.01150	0.21197	0.01282	0.01410	0.03774	0.00526	0.00472	0.00151	0.00556	0.00448	0.00336	0.00680
36	0.01136	0.01302	0.14923	0.06472	0.19704	0.04675	0.05859	0.06683	0.14586	0.03381	0.10052	0.01758	0.06126	0.00604	0.00499	0.00153	0.00535	0.00529	0.00346	0.00677
37	0.00590	0.00422	0.00562	0.00675	0.00703	0.00394	0.00450	0.00675	0.00928	0.01237	0.02671	0.82653	0.03205	0.01518	0.00619	0.00197	0.00281	0.01378	0.00450	0.00394
38	0.01075	0.00903	0.01042	0.00751	0.01178	0.00718	0.00603	0.07656	0.01111	0.01702	0.00887	0.01018	0.00727	0.00377	0.00369	0.00078	0.00373	0.00300	0.00304	0.78828
39	0.25832	0.00792	0.00891	0.00727	0.01035	0.00773	0.00594	0.01882	0.01163	0.44493	0.01504	0.01432	0.01016	0.00551	0.00408	0.00144	0.00369	0.00417	0.15302	0.00675
40	0.05676	0.00597	0.00800	0.00747	0.00898	0.00611	0.00568	0.01220	0.00946	0.20855	0.01648	0.13899	0.01532	0.11770	0.35450	0.00466	0.00779	0.00647	0.00379	0.00513
41	0.86392	0.00937	0.00712	0.00637	0.00937	0.01087	0.00525	0.01425	0.00825	0.02174	0.00675	0.00787	0.00525	0.00450	0.00300	0.00150	0.00375	0.00262	0.00300	0.00525
42	0.00642	0.00495	0.00587	0.00569	0.00703	0.00440	0.00430	0.00827	0.01255	0.01670	0.46960	0.04098	0.35323	0.01097	0.00575	0.00159	0.00241	0.02995	0.00497	0.00437
43	0.00705	0.00470	0.00529	0.00529	0.00529	0.00470	0.00294	0.00705	0.00705	0.00940	0.01527	0.03171	0.01762	0.82969	0.02467	0.00470	0.00470	0.00705	0.00294	0.00294
44	0.01300	0.02283	0.04463	0.12865	0.01472	0.03923	0.00817	0.16472	0.06595	0.15083	0.21145	0.04390	0.01921	0.00695	0.00499	0.00151	0.00442	0.00581	0.04265	0.00638

[dist]
# distance from previous block
# <min> <max>
0	3

[block]
# block no. 6 follows, 52 sequences, length 79
# corresponding to MSA columns:
# 436-485,487-512,515-517
name=unknown_G
#
# <colnr> <probs for GDERKNQSTAVLIFYWHMCP>
#	G	D	E	R	K	N	Q	S	T	A	V	L	I	F	Y	W	H	M	C	P
0	0.05543	0.12745	0.14087	0.02921	0.18985	0.07043	0.02368	0.14577	0.11762	0.01805	0.01027	0.01146	0.00800	0.00506	0.00474	0.00144	0.02652	0.00398	0.00308	0.00710
1	0.58034	0.09879	0.02257	0.00794	0.01107	0.14955	0.00663	0.04743	0.01000	0.01922	0.00711	0.00820	0.00566	0.00460	0.00335	0.00141	0.00488	0.00279	0.00288	0.00557
2	0.01219	0.10708	0.32886	0.06420	0.05708	0.02439	0.12091	0.16700	0.02557	0.01777	0.01014	0.01167	0.02161	0.00490	0.00469	0.00148	0.00650	0.00415	0.00278	0.00703
3	0.00590	0.00422	0.00562	0.00675	0.00703	0.00394	0.00450	0.00675	0.00928	0.01237	0.02671	0.82653	0.03205	0.01518	0.00619	0.00197	0.00281	0.01378	0.00450	0.00394
4	0.02112	0.00806	0.01091	0.00842	0.01204	0.00699	0.00694	0.02301	0.01369	0.76418	0.01896	0.01657	0.01202	0.00598	0.00480	0.00148	0.00403	0.00486	0.04788	0.00806
5	0.02174	0.00825	0.01125	0.00862	0.01237	0.00712	0.00712	0.02362	0.01387	0.80282	0.01912	0.01649	0.01200	0.00600	0.00487	0.00150	0.00412	0.00487	0.00600	0.00825
6	0.00842	0.00421	0.00631	0.00631	0.00631	0.00421	0.00421	0.00631	0.00631	0.00842	0.00842	0.01473	0.00842	0.01684	0.01894	0.85901	0.00421	0.00421	0.00210	0.00210
7	0.00822	0.00589	0.00807	0.00901	0.01023	0.00594	0.00786	0.04003	0.01161	0.01512	0.02511	0.05299	0.02713	0.01309	0.00662	0.00220	0.00450	0.73727	0.00448	0.00461
8	0.00678	0.00494	0.00639	0.00613	0.00727	0.00455	0.00460	0.00894	0.01331	0.01864	0.70063	0.06799	0.09048	0.01035	0.00576	0.00157	0.00238	0.02956	0.00523	0.00452
9	0.01128	0.01262	0.02607	0.01901	0.02301	0.01273	0.64007	0.01481	0.01070	0.01481	0.00917	0.01262	0.00717	0.00489	0.00759	0.00172	0.15757	0.00545	0.00239	0.00631
10	0.01842	0.01357	0.01454	0.01115	0.01503	0.01503	0.00921	0.78330	0.02278	0.03054	0.01163	0.01163	0.00824	0.00582	0.00485	0.00145	0.00533	0.00436	0.00485	0.00824
11	0.00692	0.00519	0.00779	0.00779	0.00865	0.00606	0.00606	0.00865	0.00779	0.01125	0.01298	0.01904	0.01211	0.03634	0.81049	0.00779	0.01298	0.00519	0.00260	0.00433
12	0.00692	0.00519	0.00779	0.00779	0.00865	0.00606	0.00606	0.00865	0.00779	0.01125	0.01298	0.01904	0.01211	0.03634	0.81049	0.00779	0.01298	0.00519	0.00260	0.00433
13	0.86392	0.00937	0.00712	0.00637	0.00937	0.01087	0.00525	0.01425	0.00825	0.02174	0.00675	0.00787	0.00525	0.00450	0.00300	0.00150	0.00375	0.00262	0.00300	0.00525
14	0.05441	0.00829	0.01109	0.00853	0.01225	0.00727	0.00705	0.02325	0.01365	0.77252	0.01864	0.01616	0.01173	0.00594	0.00480	0.00150	0.00411	0.00479	0.00588	0.00813
15	0.00781	0.00558	0.00781	0.00892	0.01004	0.00558	0.00781	0.01004	0.01116	0.01450	0.02566	0.05466	0.02789	0.01339	0.00669	0.00223	0.00446	0.76685	0.00446	0.00446
16	0.00709	0.00469	0.00527	0.00527	0.00529	0.00469	0.00295	0.00715	0.00712	0.00960	0.01528	0.03140	0.01750	0.81063	0.02417	0.00462	0.00464	0.00699	0.02269	0.00297
17	0.01856	0.01335	0.01441	0.01104	0.01492	0.01470	0.00912	0.75143	0.02241	0.06294	0.01195	0.01184	0.00840	0.00582	0.00485	0.00146	0.00528	0.00438	0.00490	0.00824
18	0.00781	0.00558	0.00781	0.00892	0.01004	0.00558	0.00781	0.01004	0.01116	0.01450	0.02566	0.05466	0.02789	0.01339	0.00669	0.00223	0.00446	0.76685	0.00446	0.00446
19	0.01140	0.01297	0.02802	0.02010	0.02480	0.01236	0.74951	0.01536	0.01127	0.01536	0.00966	0.01297	0.00731	0.00427	0.00615	0.00165	0.04226	0.00566	0.00244	0.00648
20	0.01205	0.01041	0.01096	0.00986	0.01260	0.01205	0.00767	0.02575	0.79071	0.02027	0.01972	0.01808	0.01479	0.00657	0.00493	0.00164	0.00384	0.00548	0.00493	0.00767
21	0.01073	0.01041	0.01657	0.39114	0.38637	0.04441	0.01363	0.01363	0.01047	0.01396	0.00943	0.04054	0.00790	0.00497	0.00485	0.00153	0.00610	0.00459	0.00236	0.00640
22	0.01031	0.00877	0.01019	0.00730	0.01159	0.00672	0.00585	0.03582	0.01044	0.01624	0.00871	0.01010	0.00721	0.00366	0.00363	0.00074	0.00364	0.00292	0.00293	0.83325
23	0.01029	0.09281	0.66234	0.01402	0.05022	0.02748	0.02975	0.01526	0.01026	0.01489	0.00849	0.01012	0.00623	0.00464	0.00474	0.00150	0.02430	0.00357	0.00208	0.00702
24	0.00728	0.00548	0.00750	0.00732	0.00780	0.00632	0.00533	0.00834	0.00749	0.01062	0.01323	0.02284	0.01359	0.31721	0.46213	0.00620	0.07896	0.00577	0.00268	0.00391
25	0.00915	0.00861	0.01453	0.81804	0.03338	0.01077	0.01346	0.01238	0.00969	0.01238	0.00861	0.01292	0.00646	0.00484	0.00484	0.00161	0.00646	0.00431	0.00215	0.00538
26	0.00915	0.00861	0.01453	0.81804	0.03338	0.01077	0.01346	0.01238	0.00969	0.01238	0.00861	0.01292	0.00646	0.00484	0.00484	0.00161	0.00646	0.00431	0.00215	0.00538
27	0.01135	0.01068	0.01804	0.02699	0.69995	0.01067	0.01378	0.01406	0.01093	0.01553	0.01126	0.06502	0.01048	0.00557	0.00500	0.00152	0.00549	0.05377	0.00266	0.00724
28	0.86392	0.00937	0.00712	0.00637	0.00937	0.01087	0.00525	0.01425	0.00825	0.02174	0.00675	0.00787	0.00525	0.00450	0.00300	0.00150	0.00375	0.00262	0.00300	0.00525
29	0.00693	0.00516	0.00760	0.00760	0.00841	0.00596	0.00583	0.00854	0.00773	0.01111	0.01315	0.01997	0.01252	0.09480	0.75258	0.00756	0.01237	0.00533	0.00262	0.00422
30	0.86392	0.00937	0.00712	0.00637	0.00937	0.01087	0.00525	0.01425	0.00825	0.02174	0.00675	0.00787	0.00525	0.00450	0.00300	0.00150	0.00375	0.00262	0.00300	0.00525
31	0.00788	0.00670	0.00703	0.00676	0.00867	0.00675	0.00516	0.01323	0.26762	0.01546	0.03756	0.07746	0.47703	0.01058	0.00552	0.00167	0.00299	0.03202	0.00464	0.00527
32	0.00933	0.00854	0.01356	0.19975	0.23653	0.00943	0.04008	0.01147	0.00965	0.01320	0.04110	0.01961	0.08747	0.12593	0.06300	0.00247	0.09512	0.00554	0.00271	0.00549
33	0.00590	0.00422	0.00562	0.00675	0.00703	0.00394	0.00450	0.00675	0.00928	0.01237	0.02671	0.82653	0.03205	0.01518	0.00619	0.00197	0.00281	0.01378	0.00450	0.00394
34	0.02174	0.00825	0.01125	0.00862	0.01237	0.00712	0.00712	0.02362	0.01387	0.80282	0.01912	0.01649	0.01200	0.00600	0.00487	0.00150	0.00412	0.00487	0.00600	0.00825
35	0.01035	0.01001	0.01737	0.46145	0.16817	0.01118	0.13955	0.03210	0.05584	0.01442	0.01047	0.01376	0.02407	0.00490	0.00500	0.00158	0.00635	0.00474	0.00252	0.00616
36	0.01155	0.00843	0.01066	0.13619	0.01413	0.05070	0.00794	0.09877	0.02447	0.12100	0.01258	0.01665	0.01052	0.07551	0.30000	0.00405	0.06338	0.00487	0.02305	0.00556
37	0.00590	0.00422	0.00562	0.00675	0.00703	0.00394	0.00450	0.00675	0.00928	0.01237	0.02671	0.82653	0.03205	0.01518	0.00619	0.00197	0.00281	0.01378	0.00450	0.00394
38	0.01231	0.01029	0.01090	0.00973	0.01250	0.01179	0.00759	0.04452	0.72960	0.04144	0.02028	0.01863	0.03521	0.00669	0.00495	0.00163	0.00384	0.00556	0.00495	0.00761
39	0.01176	0.01149	0.01947	0.14913	0.58009	0.02841	0.08434	0.02904	0.01114	0.01547	0.00911	0.01216	0.00744	0.00442	0.00488	0.00148	0.00614	0.00442	0.00241	0.00719
40	0.00914	0.01044	0.14905	0.19258	0.13887	0.00844	0.01067	0.02973	0.02275	0.03555	0.09394	0.24428	0.01809	0.00823	0.00526	0.00166	0.00489	0.00734	0.00336	0.00574
41	0.00686	0.00495	0.00648	0.00610	0.00724	0.00457	0.00457	0.00914	0.01372	0.01943	0.79691	0.03620	0.04572	0.00991	0.00572	0.00152	0.00229	0.00876	0.00533	0.00457
42	0.01352	0.00751	0.01027	0.07069	0.01265	0.00705	0.05224	0.03033	0.06286	0.33134	0.06645	0.05347	0.22994	0.00807	0.00522	0.00157	0.00391	0.00689	0.01967	0.00634
43	0.01295	0.22276	0.36135	0.04367	0.05860	0.03120	0.02738	0.03442	0.01113	0.13851	0.00993	0.01085	0.00725	0.00473	0.00431	0.00140	0.00610	0.00365	0.00278	0.00703
44	0.00992	0.00968	0.01503	0.69310	0.11266	0.05289	0.01339	0.01301	0.01004	0.01272	0.00861	0.01260	0.00658	0.00480	0.00481	0.00158	0.00651	0.00425	0.00220	0.00564
45	0.83458	0.00985	0.00735	0.00658	0.00957	0.03860	0.00539	0.01442	0.00844	0.02140	0.00677	0.00790	0.00528	0.00452	0.00305	0.00149	0.00392	0.00264	0.00298	0.00526
46	0.00692	0.00519	0.00779	0.00779	0.00865	0.00606	0.00606	0.00865	0.00779	0.01125	0.01298	0.01904	0.01211	0.03634	0.81049	0.00779	0.01298	0.00519	0.00260	0.00433
