[name]
unknown

[dist]
# distance from previous block
# <min> <max>
1	41

[block]
# block no. 0 follows, 51 sequences, length 21
# corresponding to MSA columns:
# 1109-1129
name=unknown_A
#
# <colnr> <probs for GDERKNQSTAVLIFYWHMCP>
#	G	D	E	R	K	N	Q	S	T	A	V	L	I	F	Y	W	H	M	C	P
0	0.60501	0.01086	0.05345	0.07967	0.01298	0.04207	0.00722	0.03187	0.00970	0.09630	0.00848	0.00954	0.00625	0.00480	0.00358	0.00152	0.00451	0.00315	0.00323	0.00582
1	0.27238	0.01864	0.01196	0.01071	0.01348	0.51889	0.00823	0.06496	0.01282	0.01621	0.00763	0.00878	0.00615	0.00496	0.00404	0.00136	0.00713	0.00309	0.00283	0.00575
2	0.86201	0.00950	0.00722	0.00646	0.00950	0.01102	0.00532	0.01445	0.00836	0.02205	0.00684	0.00798	0.00532	0.00456	0.00304	0.00152	0.00380	0.00266	0.00304	0.00532
3	0.00596	0.00472	0.00538	0.00589	0.00697	0.00414	0.00423	0.00708	0.01047	0.01303	0.03960	0.36624	0.45401	0.01370	0.00603	0.00182	0.00271	0.03935	0.00456	0.00410
4	0.00729	0.00536	0.00719	0.00707	0.00752	0.00604	0.00502	0.00824	0.00755	0.01061	0.01380	0.02444	0.01439	0.38042	0.42143	0.00621	0.05482	0.00603	0.00276	0.00383
5	0.00690	0.00502	0.00650	0.00613	0.00731	0.00462	0.00460	0.00917	0.01379	0.01942	0.76094	0.03718	0.07965	0.01015	0.00580	0.00155	0.00233	0.00895	0.00537	0.00462
6	0.00680	0.00497	0.00638	0.00612	0.00727	0.00456	0.00456	0.00894	0.01341	0.01874	0.68545	0.08598	0.10731	0.01057	0.00583	0.00158	0.00237	0.00932	0.00529	0.00456
7	0.01029	0.01553	0.27548	0.21119	0.12270	0.01126	0.21490	0.01443	0.01062	0.01481	0.00996	0.04820	0.00799	0.00503	0.00512	0.00161	0.00698	0.00493	0.00236	0.00658
8	0.73872	0.03020	0.05024	0.00724	0.01059	0.01154	0.00635	0.06714	0.00952	0.02207	0.00729	0.00837	0.00560	0.00465	0.00326	0.00151	0.00413	0.00283	0.00310	0.00566
9	0.00995	0.02478	0.76093	0.01436	0.02150	0.01147	0.05841	0.01557	0.01044	0.01557	0.00888	0.01053	0.00629	0.00464	0.00473	0.00156	0.00732	0.00375	0.00210	0.00723
10	0.00710	0.00521	0.00683	0.00733	0.00845	0.00494	0.00592	0.00908	0.01189	0.01581	0.26799	0.13418	0.14444	0.01252	0.00628	0.00192	0.00336	0.33748	0.00481	0.00445
11	0.08849	0.01062	0.01147	0.00926	0.01241	0.01154	0.00753	0.40381	0.07864	0.11734	0.01365	0.01400	0.00995	0.00758	0.04973	0.00181	0.00496	0.00450	0.13545	0.00725
12	0.00904	0.00738	0.00816	0.00803	0.00963	0.02004	0.00603	0.03546	0.29149	0.01643	0.06755	0.24423	0.12318	0.05670	0.00676	0.00196	0.00357	0.07418	0.00465	0.00555
13	0.00598	0.00431	0.00567	0.00676	0.00711	0.00400	0.00453	0.00685	0.00949	0.01258	0.02806	0.79074	0.06522	0.01527	0.00625	0.00198	0.00284	0.01382	0.00456	0.00400
14	0.00837	0.00552	0.00726	0.00757	0.00884	0.00524	0.00604	0.01055	0.03187	0.07906	0.21087	0.19964	0.09931	0.01221	0.00617	0.00191	0.00344	0.28645	0.00489	0.00481
15	0.01325	0.01037	0.01116	0.00982	0.01272	0.01171	0.00770	0.06408	0.65843	0.09027	0.02034	0.01865	0.03575	0.00673	0.00501	0.00164	0.00395	0.00558	0.00508	0.00776
16	0.02187	0.00864	0.01158	0.00888	0.01268	0.00764	0.00733	0.06311	0.01453	0.76022	0.01899	0.01647	0.01197	0.00607	0.00494	0.00152	0.00425	0.00492	0.00602	0.00836
17	0.00770	0.00554	0.00764	0.00867	0.00978	0.00547	0.00746	0.00985	0.01131	0.01472	0.05528	0.09385	0.05929	0.01349	0.00669	0.00220	0.00428	0.66772	0.00456	0.00449
18	0.01013	0.00960	0.01627	0.58435	0.25835	0.01114	0.01407	0.01330	0.01023	0.01359	0.00888	0.01283	0.00691	0.00476	0.00490	0.00159	0.00634	0.00437	0.00226	0.00614
19	0.00959	0.00905	0.01529	0.73193	0.11500	0.01100	0.01380	0.01282	0.00997	0.01293	0.00879	0.01300	0.00668	0.00486	0.00491	0.00162	0.00648	0.00437	0.00221	0.00571
20	0.53900	0.05236	0.03541	0.00767	0.01084	0.01151	0.00655	0.13110	0.04478	0.02236	0.08802	0.01199	0.01044	0.00540	0.00375	0.00150	0.00409	0.00372	0.00357	0.00593

[dist]
# distance from previous block
# <min> <max>
6	19

[block]
# block no. 1 follows, 51 sequences, length 41
# corresponding to MSA columns:
# 1152-1192
name=unknown_B
#
# <colnr> <probs for GDERKNQSTAVLIFYWHMCP>
#	G	D	E	R	K	N	Q	S	T	A	V	L	I	F	Y	W	H	M	C	P
0	0.01182	0.05154	0.01939	0.09585	0.13363	0.07174	0.26440	0.06042	0.06878	0.01566	0.01182	0.03249	0.02367	0.00787	0.06751	0.00207	0.03156	0.02047	0.00289	0.00643
1	0.01262	0.66947	0.07748	0.00894	0.01300	0.05178	0.00894	0.01448	0.01000	0.01185	0.00754	0.00907	0.00681	0.00705	0.07179	0.00168	0.00622	0.00294	0.00216	0.00618
2	0.11064	0.00996	0.01058	0.00914	0.03506	0.05194	0.00704	0.18858	0.07401	0.15613	0.13754	0.01981	0.09240	0.00687	0.00482	0.00146	0.00420	0.00550	0.00460	0.06973
3	0.00634	0.00466	0.00608	0.00688	0.00751	0.00421	0.00467	0.00731	0.00948	0.01284	0.02552	0.75483	0.03036	0.01440	0.00605	0.00189	0.00292	0.01303	0.00442	0.07661
4	0.00733	0.00533	0.00664	0.00725	0.00842	0.00514	0.00583	0.00958	0.04135	0.01483	0.07327	0.17971	0.20096	0.01250	0.00607	0.00192	0.00344	0.32899	0.07694	0.00449
5	0.01156	0.01115	0.01929	0.18842	0.60925	0.01156	0.04776	0.01460	0.01093	0.01533	0.00917	0.01240	0.00752	0.00448	0.00492	0.00150	0.00609	0.00444	0.00238	0.00726
6	0.25000	0.01163	0.01112	0.07797	0.01398	0.12025	0.02565	0.18418	0.07308	0.03381	0.01273	0.12785	0.01143	0.00684	0.00458	0.00158	0.00508	0.01836	0.00375	0.00613
7	0.00670	0.00458	0.00549	0.00593	0.00604	0.00447	0.00359	0.00703	0.00802	0.01070	0.01998	0.33888	0.02354	0.51284	0.01775	0.00369	0.00402	0.00979	0.00359	0.00337
8	0.01266	0.01206	0.01495	0.01205	0.01486	0.14638	0.19500	0.11681	0.08069	0.04576	0.05312	0.02080	0.07781	0.09719	0.02772	0.00209	0.02256	0.03789	0.00362	0.00599
9	0.03039	0.32157	0.15277	0.01260	0.10252	0.08998	0.01080	0.05865	0.14650	0.01562	0.01007	0.01091	0.00806	0.00491	0.00414	0.00134	0.00574	0.00365	0.00285	0.00692
10	0.00602	0.00430	0.00573	0.00682	0.00713	0.00401	0.00456	0.00692	0.00954	0.01276	0.05012	0.80044	0.03292	0.01524	0.00626	0.00198	0.00284	0.01382	0.00459	0.00401
11	0.01184	0.01135	0.01936	0.11855	0.71079	0.01159	0.01492	0.01480	0.01104	0.01566	0.00919	0.01227	0.00765	0.00444	0.00487	0.00148	0.00592	0.00438	0.00240	0.00752
12	0.01132	0.23860	0.42036	0.01257	0.01813	0.03233	0.07320	0.01641	0.08753	0.01484	0.00940	0.01069	0.00722	0.00479	0.00462	0.00145	0.02345	0.00372	0.00242	0.00693
13	0.01237	0.02529	0.04050	0.00808	0.02598	0.00699	0.00648	0.06686	0.04407	0.24239	0.23033	0.08545	0.16710	0.00887	0.00538	0.00158	0.00353	0.00753	0.00507	0.00615
14	0.00601	0.00437	0.00567	0.00666	0.00709	0.00403	0.00449	0.00696	0.00974	0.01289	0.05898	0.72723	0.09790	0.01494	0.00621	0.00195	0.00280	0.01347	0.00460	0.00403
15	0.01647	0.04233	0.01341	0.01227	0.04092	0.62012	0.00899	0.04161	0.03309	0.01315	0.01066	0.07031	0.02705	0.00603	0.00459	0.00134	0.00770	0.00428	0.01994	0.00574
16	0.02672	0.13135	0.11436	0.12979	0.06872	0.07978	0.31344	0.05000	0.01161	0.01518	0.00899	0.01154	0.00695	0.00450	0.00491	0.00150	0.00718	0.00447	0.00246	0.00654
17	0.00950	0.00605	0.00743	0.00670	0.00850	0.00559	0.00516	0.02393	0.02711	0.14294	0.31881	0.08824	0.25808	0.01012	0.00595	0.00160	0.03066	0.00857	0.00501	0.03004
18	0.15522	0.15914	0.28804	0.06334	0.14619	0.02338	0.01262	0.03590	0.01062	0.03308	0.02525	0.01072	0.00741	0.00472	0.00421	0.00144	0.00585	0.00362	0.00255	0.00672
19	0.01354	0.74752	0.02460	0.00880	0.01283	0.05604	0.00854	0.04238	0.01059	0.01229	0.00704	0.00812	0.00638	0.00439	0.00352	0.00110	0.02101	0.00275	0.00222	0.00633
20	0.00599	0.00428	0.00570	0.00684	0.00713	0.00399	0.00456	0.00684	0.00941	0.01254	0.02709	0.82409	0.03250	0.01540	0.00627	0.00200	0.00285	0.01397	0.00456	0.00399
21	0.01203	0.01085	0.05267	0.39670	0.10390	0.01167	0.01229	0.19966	0.01336	0.03092	0.01112	0.01616	0.00904	0.00594	0.00536	0.00164	0.02814	0.06896	0.00313	0.00646
22	0.00971	0.06963	0.06742	0.01160	0.01433	0.00917	0.21706	0.09081	0.01147	0.01544	0.01765	0.34092	0.02943	0.03246	0.02615	0.00196	0.00536	0.00865	0.01524	0.00554
23	0.00612	0.00460	0.00567	0.00624	0.00704	0.00415	0.00436	0.00734	0.01070	0.01405	0.17379	0.47749	0.23329	0.01365	0.00606	0.00183	0.00266	0.01210	0.00472	0.00415
24	0.01234	0.24866	0.42019	0.01250	0.03055	0.08177	0.02982	0.08248	0.01172	0.01550	0.00845	0.00976	0.00649	0.00466	0.00427	0.00138	0.00667	0.00344	0.00238	0.00695
25	0.00993	0.00840	0.00978	0.00712	0.01111	0.00640	0.00558	0.01193	0.00993	0.01546	0.00931	0.01206	0.00818	0.07373	0.00546	0.00107	0.00374	0.00327	0.00292	0.78463
26	0.18195	0.12030	0.04452	0.01032	0.02997	0.24739	0.02436	0.09811	0.01284	0.10309	0.01207	0.01256	0.05995	0.00548	0.00423	0.00138	0.00588	0.00391	0.00334	0.01835
27	0.01028	0.00877	0.02389	0.00881	0.01052	0.03084	0.00709	0.10555	0.10859	0.03443	0.30588	0.04179	0.10830	0.00891	0.00751	0.00168	0.16003	0.00699	0.00444	0.00570
28	0.00709	0.00493	0.00618	0.00614	0.00650	0.00513	0.00401	0.00781	0.00806	0.01111	0.09672	0.02914	0.01934	0.52619	0.23608	0.00528	0.00679	0.00682	0.00314	0.00354
29	0.00634	0.00450	0.00598	0.00704	0.00743	0.00428	0.00491	0.00733	0.00951	0.01263	0.02612	0.66210	0.03089	0.07231	0.00766	0.00223	0.00322	0.11708	0.00445	0.00399
30	0.14351	0.06975	0.07954	0.00948	0.01327	0.05528	0.00838	0.16077	0.07877	0.27929	0.01491	0.01423	0.04000	0.00581	0.00451	0.00149	0.00486	0.00440	0.00444	0.00731
31	0.01019	0.00873	0.01019	0.00728	0.01165	0.00655	0.00582	0.01237	0.01019	0.01601	0.00873	0.01019	0.00728	0.00364	0.00364	0.00073	0.00364	0.00291	0.00291	0.85734
32	0.00715	0.00476	0.00536	0.00536	0.00536	0.00476	0.00298	0.00715	0.00715	0.00953	0.01548	0.03216	0.01787	0.82729	0.02501	0.00476	0.00476	0.00715	0.00298	0.00298
33	0.00599	0.00428	0.00570	0.00684	0.00713	0.00399	0.00456	0.00684	0.00941	0.01254	0.02709	0.82409	0.03250	0.01540	0.00627	0.00200	0.00285	0.01397	0.00456	0.00399
34	0.01079	0.14592	0.61471	0.01343	0.01993	0.04596	0.05307	0.01561	0.01052	0.01482	0.00852	0.01008	0.00630	0.00459	0.00449	0.00147	0.00708	0.00357	0.00212	0.00702
35	0.00751	0.00541	0.00658	0.00616	0.00763	0.00498	0.00466	0.01010	0.05062	0.04861	0.53826	0.03772	0.23266	0.01033	0.00573	0.00158	0.00251	0.00895	0.00520	0.00481
36	0.00586	0.00498	0.00505	0.00503	0.00667	0.00417	0.00378	0.00716	0.01133	0.01358	0.08449	0.04680	0.75975	0.01233	0.00581	0.00165	0.00248	0.01030	0.00460	0.00417
37	0.00954	0.00900	0.01520	0.74582	0.10151	0.01099	0.01377	0.01278	0.00995	0.01287	0.00878	0.01302	0.00666	0.00487	0.00491	0.00162	0.00649	0.00437	0.00221	0.00567
38	0.01692	0.01209	0.01300	0.01028	0.01375	0.01332	0.00839	0.56256	0.12290	0.06139	0.01368	0.01360	0.00987	0.00599	0.00476	0.00147	0.00481	0.00461	0.09874	0.00786
39	0.04790	0.11907	0.56988	0.01396	0.07912	0.01214	0.01558	0.01585	0.01051	0.05941	0.00912	0.01047	0.00665	0.00467	0.00445	0.00148	0.00659	0.00360	0.00237	0.00717
40	0.01052	0.16578	0.62858	0.01335	0.01997	0.01287	0.05319	0.01542	0.01037	0.01487	0.00853	0.01008	0.00630	0.00456	0.00446	0.00147	0.00696	0.00356	0.00210	0.00706

[dist]
# distance from previous block
# <min> <max>
0	3

[block]
# block no. 2 follows, 51 sequences, length 26
# corresponding to MSA columns:
# 1196-1221
name=unknown_C
#
# <colnr> <probs for GDERKNQSTAVLIFYWHMCP>
#	G	D	E	R	K	N	Q	S	T	A	V	L	I	F	Y	W	H	M	C	P
0	0.01159	0.00959	0.01024	0.00923	0.01183	0.01079	0.00717	0.02312	0.63749	0.04536	0.07506	0.02223	0.08996	0.00742	0.00513	0.00165	0.00366	0.00621	0.00502	0.00725
1	0.01288	0.01088	0.01148	0.01013	0.01303	0.01253	0.00794	0.10277	0.71003	0.02162	0.01917	0.01767	0.01433	0.00659	0.00499	0.00165	0.00404	0.00544	0.00499	0.00784
2	0.83035	0.00966	0.00751	0.00664	0.00972	0.01118	0.00547	0.04319	0.00892	0.02238	0.00703	0.00813	0.00544	0.00461	0.00311	0.00152	0.00386	0.00273	0.00311	0.00544
3	0.01223	0.00861	0.01088	0.00801	0.01210	0.00676	0.03399	0.01437	0.01092	0.16061	0.01163	0.05085	0.00941	0.00468	0.00409	0.00097	0.00387	0.00393	0.00356	0.62854
4	0.00678	0.00496	0.00637	0.00613	0.00727	0.00455	0.00455	0.00890	0.01333	0.01861	0.67146	0.09887	0.10853	0.01067	0.00583	0.00159	0.00237	0.00941	0.00527	0.00455
5	0.01222	0.01056	0.01111	0.01000	0.01278	0.01222	0.00778	0.02611	0.78776	0.02056	0.02000	0.01833	0.01500	0.00667	0.00500	0.00167	0.00389	0.00556	0.00500	0.00778
6	0.01838	0.01377	0.01442	0.01114	0.01495	0.03798	0.00917	0.73479	0.02245	0.03004	0.01180	0.01191	0.00843	0.00587	0.00486	0.00146	0.00541	0.00439	0.03063	0.00817
7	0.00603	0.00435	0.00564	0.00665	0.00701	0.00404	0.00443	0.00687	0.00942	0.01245	0.02805	0.73345	0.08316	0.05444	0.00715	0.00211	0.00292	0.01340	0.00449	0.00395
8	0.02196	0.00851	0.01149	0.00881	0.01262	0.00744	0.00728	0.04442	0.01431	0.77922	0.01918	0.01659	0.01206	0.00608	0.00494	0.00152	0.00421	0.00493	0.00605	0.00836
9	0.00598	0.00432	0.00565	0.00672	0.00709	0.00400	0.00451	0.00686	0.00953	0.01259	0.02862	0.77161	0.08399	0.01520	0.00624	0.00197	0.00283	0.01373	0.00456	0.00400
10	0.01789	0.01327	0.06648	0.01098	0.01494	0.01324	0.00954	0.57334	0.02023	0.13783	0.01357	0.01516	0.01001	0.00633	0.00502	0.00154	0.00530	0.05242	0.00487	0.00804
11	0.02088	0.01023	0.01256	0.00963	0.01348	0.00999	0.00795	0.28528	0.01719	0.53430	0.01677	0.01502	0.01085	0.00602	0.00493	0.00150	0.00461	0.00476	0.00568	0.00836
12	0.00653	0.00498	0.00599	0.00579	0.00709	0.00445	0.00433	0.00843	0.01282	0.01725	0.51188	0.06882	0.30165	0.01106	0.00582	0.00160	0.00240	0.00958	0.00509	0.00445
13	0.01708	0.02064	0.01356	0.01225	0.01449	0.65949	0.00932	0.01838	0.01297	0.03772	0.00823	0.00995	0.00691	0.00742	0.05627	0.00177	0.08178	0.00346	0.00262	0.00567
14	0.01201	0.01260	0.07224	0.02908	0.74478	0.01166	0.01529	0.01511	0.01114	0.01602	0.00922	0.01204	0.00768	0.00440	0.00485	0.00147	0.00593	0.00433	0.00241	0.00775
15	0.00690	0.00483	0.00542	0.00552	0.00589	0.00467	0.00341	0.00727	0.00817	0.01057	0.02268	0.06201	0.16176	0.61156	0.01999	0.00398	0.00427	0.04442	0.00340	0.00330
16	0.00592	0.00452	0.00545	0.00619	0.00696	0.00405	0.00427	0.00692	0.01003	0.01280	0.03499	0.55369	0.29780	0.01437	0.00611	0.00188	0.00273	0.01272	0.00456	0.00405
17	0.01849	0.01406	0.01440	0.01119	0.01496	0.06492	0.00917	0.70056	0.02206	0.04304	0.01177	0.01186	0.00840	0.00585	0.00485	0.00145	0.00553	0.00436	0.02499	0.00810
18	0.00780	0.00583	0.00836	0.00813	0.00921	0.00675	0.00636	0.06037	0.00891	0.01272	0.01307	0.01880	0.01202	0.03479	0.75412	0.00747	0.01264	0.00521	0.00279	0.00465
19	0.72321	0.02839	0.06183	0.00742	0.01079	0.03743	0.00656	0.04729	0.00934	0.02144	0.00721	0.00833	0.00557	0.00463	0.00328	0.00150	0.00430	0.00282	0.00302	0.00562
20	0.00606	0.00434	0.00565	0.00666	0.00699	0.00405	0.00442	0.00687	0.00934	0.01238	0.02729	0.73825	0.06426	0.06908	0.00749	0.00216	0.00296	0.01336	0.00446	0.00393
21	0.00600	0.00491	0.00530	0.00536	0.00680	0.00421	0.00396	0.00737	0.01142	0.01417	0.16021	0.12758	0.60088	0.01239	0.00586	0.00168	0.00250	0.01053	0.00469	0.00421
22	0.07063	0.64436	0.05073	0.01011	0.06242	0.06729	0.00903	0.01506	0.01021	0.01272	0.00710	0.00831	0.00633	0.00431	0.00339	0.00114	0.00549	0.00281	0.00221	0.00633
23	0.01230	0.00993	0.01238	0.01115	0.11492	0.00887	0.00781	0.12941	0.01236	0.05429	0.00967	0.01101	0.00770	0.00437	0.00450	0.00102	0.03315	0.00348	0.00327	0.54841
24	0.02813	0.10608	0.09838	0.01239	0.08791	0.07221	0.03847	0.05541	0.34204	0.01801	0.01423	0.01503	0.01108	0.00574	0.00463	0.00150	0.00511	0.01909	0.05748	0.00707
25	0.02784	0.01123	0.01325	0.01133	0.01252	0.06506	0.00926	0.12804	0.07604	0.01653	0.05885	0.01349	0.01034	0.00764	0.01106	0.00184	0.45748	0.00463	0.05765	0.00594

[dist]
# distance from previous block
# <min> <max>
0	4

[block]
# block no. 3 follows, 51 sequences, length 100
# corresponding to MSA columns:
# 1226-1325
name=unknown_D
#
# <colnr> <probs for GDERKNQSTAVLIFYWHMCP>
#	G	D	E	R	K	N	Q	S	T	A	V	L	I	F	Y	W	H	M	C	P
0	0.00668	0.00514	0.00601	0.00608	0.00731	0.00468	0.00444	0.03779	0.01194	0.01558	0.25247	0.25665	0.34271	0.01232	0.00590	0.00171	0.00265	0.01071	0.00482	0.00441
1	0.03413	0.00812	0.01031	0.00801	0.01157	0.00685	0.00644	0.03148	0.01245	0.42052	0.04484	0.08563	0.01342	0.00622	0.00463	0.00131	0.00384	0.00517	0.00482	0.28023
2	0.01348	0.04709	0.01367	0.01027	0.01348	0.01007	0.10133	0.11161	0.15676	0.16040	0.14223	0.03216	0.01652	0.00646	0.00542	0.00148	0.03639	0.00552	0.00444	0.11123
3	0.01086	0.00823	0.00861	0.00790	0.01011	0.00912	0.00610	0.01993	0.47220	0.03158	0.02174	0.02114	0.09052	0.00695	0.00462	0.00151	0.00329	0.00573	0.25336	0.00650
4	0.00677	0.00498	0.00633	0.00606	0.00724	0.00455	0.00452	0.00888	0.01337	0.01857	0.66495	0.07237	0.14196	0.01059	0.00582	0.00158	0.00236	0.00930	0.00526	0.00455
5	0.01000	0.02284	0.66488	0.01450	0.04432	0.01156	0.05089	0.01506	0.01016	0.01516	0.00888	0.01114	0.00664	0.02601	0.00609	0.00168	0.06714	0.00389	0.00213	0.00700
6	0.03554	0.07975	0.01437	0.04848	0.04551	0.37793	0.00915	0.11678	0.03755	0.15512	0.01105	0.02797	0.00847	0.00550	0.00455	0.00138	0.00670	0.00399	0.00354	0.00665
7	0.00593	0.00498	0.00515	0.00511	0.00671	0.00420	0.00383	0.00729	0.01149	0.01396	0.12912	0.04617	0.71488	0.01219	0.00581	0.00165	0.00247	0.01021	0.00465	0.00420
8	0.02056	0.00814	0.01101	0.00855	0.01210	0.00712	0.00702	0.03605	0.01421	0.71266	0.09238	0.01853	0.01533	0.00645	0.00502	0.00152	0.00403	0.00531	0.00600	0.00801
9	0.01303	0.80333	0.05171	0.00860	0.01290	0.01918	0.00873	0.01474	0.01000	0.01170	0.00690	0.00797	0.00630	0.00422	0.00320	0.00107	0.00532	0.00266	0.00210	0.00634
10	0.02175	0.00857	0.01150	0.00885	0.01263	0.00757	0.00730	0.04729	0.03008	0.76050	0.01917	0.01661	0.01211	0.00609	0.00494	0.00152	0.00421	0.00494	0.00602	0.00835
11	0.00686	0.00502	0.00643	0.00608	0.00728	0.00459	0.00456	0.00908	0.01367	0.01914	0.72902	0.03763	0.11175	0.01026	0.00580	0.00156	0.00233	0.00902	0.00534	0.00459
12	0.01237	0.01086	0.01118	0.01006	0.01284	0.03126	0.00782	0.02596	0.76924	0.02035	0.01970	0.01811	0.01479	0.00663	0.00499	0.00166	0.00401	0.00550	0.00494	0.00773
13	0.01100	0.01121	0.01496	0.09555	0.01518	0.05652	0.01098	0.01231	0.00810	0.01191	0.00675	0.01089	0.00645	0.00803	0.01435	0.00205	0.69190	0.00425	0.00217	0.00540
14	0.02125	0.00854	0.01138	0.00885	0.01256	0.00763	0.00727	0.02413	0.07733	0.73630	0.01944	0.01686	0.01240	0.00613	0.00495	0.00153	0.00416	0.00499	0.00599	0.00832
15	0.00958	0.00904	0.01528	0.73390	0.11308	0.01100	0.01380	0.01282	0.00997	0.01292	0.00879	0.01300	0.00668	0.00486	0.00491	0.00162	0.00648	0.00437	0.00221	0.00570
16	0.00715	0.00476	0.00536	0.00536	0.00536	0.00476	0.00298	0.00715	0.00715	0.00953	0.01548	0.03216	0.01787	0.82729	0.02501	0.00476	0.00476	0.00715	0.00298	0.00298
17	0.00708	0.00512	0.00677	0.00681	0.00793	0.00481	0.00532	0.00928	0.01302	0.01805	0.56433	0.08560	0.06082	0.01118	0.00604	0.00173	0.00283	0.17356	0.00515	0.00456
18	0.78007	0.00945	0.00752	0.00666	0.00964	0.01087	0.00546	0.04753	0.00930	0.02231	0.04867	0.00967	0.00762	0.00491	0.00327	0.00152	0.00379	0.00307	0.00325	0.00542
19	0.01244	0.01037	0.01098	0.00980	0.01259	0.01185	0.00764	0.05263	0.70535	0.04157	0.02098	0.01932	0.04865	0.00688	0.00503	0.00166	0.00389	0.00571	0.00501	0.00766
20	0.01295	0.78472	0.06965	0.00873	0.01310	0.01899	0.00896	0.01476	0.01001	0.01179	0.00694	0.00802	0.00630	0.00423	0.00324	0.00108	0.00537	0.00268	0.00210	0.00636
21	0.01423	0.01286	0.08567	0.01642	0.06377	0.02452	0.36146	0.03690	0.03254	0.20461	0.01203	0.01358	0.00861	0.00522	0.00636	0.00164	0.08396	0.00511	0.00341	0.00710
22	0.01676	0.03578	0.01372	0.01070	0.01418	0.06152	0.00869	0.47984	0.19207	0.06210	0.04411	0.01417	0.01132	0.00614	0.00489	0.00150	0.00509	0.00475	0.00479	0.00787
23	0.22174	0.01330	0.01279	0.01017	0.01379	0.07144	0.00833	0.52173	0.01866	0.04684	0.01049	0.01079	0.00758	0.00552	0.00443	0.00147	0.00524	0.00392	0.00432	0.00743
24	0.01314	0.83025	0.02575	0.00841	0.01261	0.01945	0.00841	0.01472	0.00999	0.01156	0.00683	0.00788	0.00631	0.00420	0.00315	0.00105	0.00526	0.00263	0.00210	0.00631
25	0.64266	0.00988	0.00873	0.00738	0.01063	0.01103	0.00608	0.11111	0.01098	0.12905	0.00917	0.00965	0.00663	0.00494	0.00353	0.00151	0.00405	0.00319	0.00369	0.00611
26	0.00695	0.02685	0.00685	0.00607	0.00738	0.00496	0.00461	0.00910	0.01341	0.01856	0.66549	0.03748	0.15362	0.01024	0.00573	0.00155	0.00242	0.00894	0.00520	0.00461
27	0.00834	0.00616	0.00755	0.00697	0.00851	0.00614	0.00530	0.01284	0.16088	0.03954	0.62751	0.03272	0.03955	0.00930	0.00562	0.00157	0.00266	0.00816	0.00535	0.00533
28	0.00606	0.00431	0.00568	0.00674	0.00701	0.00404	0.00446	0.00686	0.00926	0.01234	0.02632	0.77158	0.03153	0.06923	0.00752	0.00218	0.00298	0.01352	0.00446	0.00392
29	0.00756	0.00539	0.00729	0.00824	0.00917	0.00533	0.00684	0.00938	0.01062	0.01381	0.02571	0.12380	0.05617	0.11429	0.00896	0.00252	0.00432	0.57199	0.00434	0.00427
30	0.01061	0.00992	0.01650	0.35580	0.38151	0.01105	0.01348	0.01354	0.01047	0.01456	0.03102	0.01342	0.00847	0.00504	0.00545	0.00156	0.04884	0.00450	0.03779	0.00646
31	0.00637	0.00530	0.00560	0.00547	0.00711	0.00469	0.00412	0.00852	0.05560	0.01481	0.17772	0.04381	0.62022	0.01170	0.00576	0.00164	0.00254	0.00984	0.00474	0.00444
32	0.00614	0.00447	0.00579	0.00657	0.00712	0.00412	0.00451	0.00729	0.01035	0.01387	0.16397	0.62109	0.09813	0.01421	0.00615	0.00189	0.00273	0.01278	0.00471	0.00412
33	0.01127	0.01557	0.17577	0.01944	0.02485	0.01223	0.63433	0.01571	0.01137	0.01571	0.00973	0.01271	0.00722	0.00424	0.00558	0.00164	0.00809	0.00539	0.00241	0.00675
34	0.00696	0.00502	0.00657	0.00618	0.00734	0.00464	0.00464	0.00927	0.01391	0.01971	0.79405	0.03671	0.04637	0.01005	0.00580	0.00155	0.00232	0.00889	0.00541	0.00464
35	0.00599	0.00428	0.00570	0.00684	0.00713	0.00399	0.00456	0.00684	0.00941	0.01254	0.02709	0.82409	0.03250	0.01540	0.00627	0.00200	0.00285	0.01397	0.00456	0.00399
36	0.00958	0.00908	0.01469	0.57597	0.06867	0.01147	0.01275	0.01234	0.00935	0.01254	0.00858	0.01296	0.00692	0.00739	0.05246	0.00208	0.16105	0.00441	0.00222	0.00551
37	0.02737	0.00994	0.01090	0.00946	0.01239	0.01098	0.00746	0.05812	0.55485	0.16491	0.01910	0.01759	0.01390	0.00644	0.00487	0.00160	0.00392	0.00529	0.05322	0.00769
38	0.00598	0.00431	0.00566	0.00674	0.00710	0.00400	0.00452	0.00685	0.00950	0.01258	0.02829	0.78302	0.07279	0.01524	0.00625	0.00198	0.00283	0.01378	0.00456	0.00400
39	0.00824	0.00625	0.00792	0.00832	0.00974	0.00638	0.00689	0.01229	0.13839	0.01643	0.17052	0.07104	0.08046	0.01177	0.00623	0.00198	0.00382	0.42353	0.00477	0.00503
40	0.00683	0.00527	0.00761	0.16052	0.01239	0.00548	0.00650	0.00828	0.00974	0.01291	0.05312	0.55912	0.02739	0.03567	0.00656	0.00201	0.00371	0.06849	0.00410	0.00431
41	0.06348	0.01318	0.01413	0.01088	0.01476	0.01449	0.00899	0.68993	0.02173	0.08118	0.01204	0.01192	0.00845	0.00584	0.00482	0.00148	0.00524	0.00437	0.00489	0.00820
42	0.01053	0.00890	0.01066	0.00764	0.01200	0.00681	0.02162	0.02429	0.01048	0.02843	0.00897	0.01038	0.00737	0.00372	0.00372	0.00077	0.00377	0.00302	0.00298	0.81394
43	0.01233	0.01844	0.49413	0.01163	0.01728	0.00945	0.01355	0.01653	0.01133	0.19658	0.04418	0.04899	0.02446	0.00576	0.00481	0.00152	0.00587	0.00467	0.00333	0.05515
44	0.86201	0.00950	0.00722	0.00646	0.00950	0.01102	0.00532	0.01445	0.00836	0.02205	0.00684	0.00798	0.00532	0.00456	0.00304	0.00152	0.00380	0.00266	0.00304	0.00532
45	0.01582	0.20101	0.05990	0.00970	0.01327	0.04019	0.00861	0.19013	0.05532	0.21759	0.02651	0.03655	0.03400	0.00696	0.02630	0.00162	0.04061	0.00464	0.00413	0.00716
46	0.01135	0.00820	0.00972	0.00904	0.01043	0.06544	0.00723	0.04978	0.02143	0.12068	0.10137	0.04911	0.01909	0.07086	0.06082	0.06570	0.12203	0.18858	0.00396	0.00518
47	0.00605	0.00433	0.00576	0.00680	0.00714	0.00403	0.00457	0.00700	0.00971	0.01302	0.07794	0.77188	0.03342	0.01504	0.00624	0.00197	0.00282	0.01363	0.00462	0.00403
48	0.01532	0.01205	0.01287	0.01050	0.01394	0.01340	0.00844	0.40028	0.36360	0.02548	0.01529	0.01462	0.01126	0.00611	0.00488	0.00152	0.00463	0.00484	0.00484	0.05612
49	0.01739	0.17349	0.01613	0.01187	0.01471	0.66097	0.00929	0.01871	0.01319	0.01194	0.00745	0.00868	0.00633	0.00490	0.00419	0.00123	0.00819	0.00307	0.00245	0.00581
50	0.00988	0.04732	0.76023	0.01365	0.02068	0.01147	0.01755	0.01538	0.01045	0.01556	0.02850	0.01097	0.00724	0.00479	0.00466	0.00154	0.00708	0.00374	0.00216	0.00717
51	0.01878	0.01359	0.01454	0.01183	0.04543	0.05539	0.00934	0.62816	0.02117	0.11352	0.01231	0.01220	0.00865	0.00582	0.00489	0.00147	0.00547	0.00441	0.00482	0.00820
52	0.00713	0.00512	0.00644	0.00647	0.00772	0.00468	0.00498	0.00903	0.01243	0.03735	0.40433	0.11990	0.21869	0.01158	0.00597	0.00173	0.00280	0.12410	0.00501	0.00454
53	0.00905	0.00457	0.00462	0.00466	0.00577	0.00456	0.00347	0.01130	0.01028	0.01813	0.01640	0.04527	0.01326	0.00605	0.00353	0.00117	0.00231	0.00489	0.82615	0.00456
54	0.01054	0.10053	0.70455	0.01332	0.02019	0.01204	0.01690	0.01574	0.01045	0.03935	0.00896	0.01034	0.00642	0.00467	0.00453	0.00151	0.00698	0.00358	0.00220	0.00721
55	0.00605	0.00499	0.00532	0.00524	0.00679	0.00425	0.00393	0.00753	0.01178	0.01465	0.20927	0.04503	0.63430	0.01193	0.00581	0.00164	0.00245	0.01005	0.00474	0.00425
56	0.00752	0.00541	0.00742	0.00842	0.00947	0.00532	0.00711	0.00956	0.01120	0.01463	0.06792	0.15168	0.06749	0.01356	0.00662	0.00216	0.00410	0.59139	0.00458	0.00444
57	0.00619	0.00445	0.00584	0.00687	0.00729	0.00417	0.00474	0.00715	0.00958	0.01265	0.02774	0.68723	0.07186	0.04677	0.00702	0.00211	0.00305	0.07679	0.00450	0.00401
58	0.05542	0.01358	0.01442	0.01110	0.01499	0.01506	0.00917	0.74689	0.02246	0.03058	0.01158	0.01163	0.00823	0.00584	0.00483	0.00148	0.00534	0.00435	0.00483	0.00823
59	0.00916	0.00458	0.00458	0.00458	0.00573	0.00458	0.00344	0.01145	0.01031	0.01832	0.01603	0.01832	0.01260	0.00573	0.00344	0.00115	0.00229	0.00458	0.85457	0.00458
60	0.00709	0.00474	0.00538	0.00544	0.00545	0.00472	0.00306	0.00713	0.00727	0.00969	0.01610	0.07402	0.01864	0.78437	0.02402	0.00462	0.00466	0.00751	0.00306	0.00303
61	0.00993	0.00940	0.01591	0.63908	0.20519	0.01109	0.01397	0.01312	0.01013	0.01334	0.00885	0.01289	0.00683	0.00479	0.00490	0.00160	0.00639	0.00437	0.00224	0.00598
62	0.00606	0.00505	0.00522	0.00527	0.00679	0.00435	0.00392	0.00745	0.02276	0.01320	0.04585	0.07165	0.68829	0.05859	0.00693	0.00187	0.00272	0.03542	0.00448	0.00415
63	0.00979	0.00518	0.00525	0.00502	0.00635	0.00528	0.00382	0.06192	0.01115	0.01915	0.01575	0.01789	0.01232	0.00574	0.00353	0.00117	0.00249	0.00457	0.79879	0.00483
64	0.00709	0.00475	0.00542	0.00548	0.00551	0.00476	0.00311	0.00716	0.00726	0.00970	0.01597	0.06798	0.01843	0.77521	0.03912	0.00470	0.00484	0.00742	0.00304	0.00305
65	0.02805	0.06763	0.74400	0.01355	0.02056	0.01183	0.01737	0.01549	0.01031	0.01549	0.00867	0.01019	0.00621	0.00464	0.00455	0.00153	0.00708	0.00356	0.00210	0.00717
66	0.03313	0.00979	0.01160	0.00967	0.01270	0.01030	0.04795	0.04903	0.39380	0.01906	0.07799	0.01772	0.01475	0.00626	0.00526	0.00146	0.03949	0.02508	0.00421	0.21074
67	0.00946	0.00893	0.01502	0.75699	0.07373	0.01105	0.01366	0.01267	0.00985	0.01273	0.00871	0.01300	0.00661	0.00496	0.00515	0.00164	0.02368	0.00437	0.00220	0.00558
68	0.00603	0.00436	0.00578	0.00681	0.00719	0.00411	0.00460	0.00696	0.00942	0.01252	0.02747	0.74304	0.06921	0.01638	0.04862	0.00229	0.00338	0.01333	0.00446	0.00402
69	0.04343	0.03773	0.01412	0.01138	0.01462	0.25798	0.00909	0.39209	0.11158	0.02262	0.01108	0.01144	0.00834	0.00572	0.00496	0.00144	0.02707	0.00407	0.00399	0.00725
70	0.01004	0.07110	0.75778	0.01369	0.02078	0.01187	0.01760	0.01551	0.01035	0.01534	0.00871	0.01023	0.00623	0.00464	0.00458	0.00153	0.00715	0.00357	0.00208	0.00721
71	0.00625	0.00463	0.00605	0.00691	0.00725	0.00453	0.00469	0.00709	0.00930	0.01239	0.02685	0.69878	0.07477	0.06086	0.00773	0.00214	0.03846	0.01295	0.00437	0.00400
72	0.00607	0.00436	0.00577	0.00675	0.00714	0.00405	0.00455	0.00706	0.00985	0.01320	0.09598	0.73845	0.04883	0.01486	0.00622	0.00195	0.00280	0.01345	0.00464	0.00405
73	0.00935	0.00881	0.01487	0.79535	0.05340	0.01094	0.01368	0.01262	0.00986	0.01265	0.00875	0.01308	0.00658	0.00490	0.00491	0.00163	0.00653	0.00437	0.00219	0.00552
74	0.01082	0.00998	0.01632	0.52074	0.26384	0.01145	0.01378	0.06737	0.01117	0.01491	0.00910	0.01273	0.00705	0.00482	0.00490	0.00157	0.00625	0.00437	0.00245	0.00637
75	0.01374	0.01108	0.01118	0.00967	0.01237	0.07291	0.00763	0.20789	0.35124	0.04547	0.01588	0.01604	0.01207	0.00919	0.08352	0.00214	0.00539	0.00493	0.10058	0.00708
76	0.02205	0.00836	0.01140	0.00874	0.01254	0.00722	0.00722	0.02395	0.01407	0.80004	0.01939	0.01673	0.01216	0.00608	0.00494	0.00152	0.00418	0.00494	0.00608	0.00836
77	0.00995	0.02485	0.76935	0.01468	0.05348	0.01142	0.01803	0.01554	0.01041	0.01558	0.00884	0.01045	0.00629	0.00466	0.00468	0.00155	0.00720	0.00366	0.00209	0.00728
78	0.01166	0.01247	0.01775	0.01531	0.06787	0.10998	0.18764	0.01354	0.00953	0.01296	0.00861	0.03718	0.00806	0.04273	0.01165	0.00199	0.41799	0.00494	0.00240	0.00572
79	0.01192	0.00601	0.00703	0.00629	0.00805	0.00601	0.00489	0.06432	0.01144	0.16849	0.01600	0.01825	0.01240	0.04192	0.10951	0.00226	0.00437	0.00483	0.49053	0.00547
80	0.00599	0.00428	0.00570	0.00684	0.00713	0.00399	0.00456	0.00684	0.00941	0.01254	0.02709	0.82409	0.03250	0.01540	0.00627	0.00200	0.00285	0.01397	0.00456	0.00399
81	0.01102	0.01051	0.01787	0.34282	0.49295	0.01137	0.01451	0.01408	0.01065	0.01466	0.00904	0.01254	0.00729	0.00459	0.00488	0.00153	0.00612	0.00437	0.00233	0.00686
82	0.01309	0.81278	0.02552	0.00850	0.01262	0.01935	0.00846	0.01465	0.00993	0.01157	0.00682	0.00794	0.00631	0.00430	0.00343	0.00107	0.02259	0.00266	0.00210	0.00629
83	0.00747	0.00546	0.00733	0.00829	0.00944	0.00532	0.00706	0.00948	0.01116	0.01434	0.02961	0.10805	0.14205	0.01354	0.00661	0.00215	0.00411	0.59956	0.00453	0.00443
84	0.00726	0.00544	0.00668	0.00629	0.00764	0.00516	0.00474	0.01034	0.07339	0.01892	0.62285	0.03624	0.13842	0.01000	0.00569	0.00156	0.00246	0.00873	0.02338	0.00482
85	0.01007	0.01063	0.02171	0.01637	0.01974	0.01033	0.51368	0.01308	0.01060	0.01447	0.01355	0.18964	0.01306	0.00848	0.03941	0.02021	0.05885	0.00743	0.00291	0.00579
86	0.00749	0.00629	0.00859	0.00868	0.00887	0.00744	0.00643	0.00839	0.00876	0.01224	0.02038	0.55032	0.02403	0.03591	0.00984	0.00212	0.25527	0.01079	0.00377	0.00439
87	0.00626	0.00451	0.00582	0.00649	0.00702	0.00419	0.00442	0.00739	0.01032	0.01389	0.18868	0.55712	0.08275	0.06792	0.00739	0.00206	0.00284	0.01222	0.00463	0.00407
88	0.00715	0.00476	0.00536	0.00536	0.00536	0.00476	0.00298	0.00715	0.00715	0.00953	0.01548	0.03216	0.01787	0.82729	0.02501	0.00476	0.00476	0.00715	0.00298	0.00298
89	0.01039	0.00827	0.00955	0.02465	0.01159	0.03500	0.00778	0.11216	0.17184	0.01828	0.09620	0.03784	0.04936	0.01036	0.00594	0.00191	0.00441	0.37410	0.00465	0.00574
90	0.00938	0.00893	0.01536	0.78086	0.03349	0.01098	0.04698	0.01269	0.00990	0.01269	0.00879	0.01311	0.00659	0.00488	0.00495	0.00164	0.00663	0.00443	0.00220	0.00551
91	0.00599	0.00428	0.00570	0.00684	0.00713	0.00399	0.00456	0.00684	0.00941	0.01254	0.02709	0.82409	0.03250	0.01540	0.00627	0.00200	0.00285	0.01397	0.00456	0.00399
92	0.01080	0.00901	0.01040	0.00765	0.01175	0.00737	0.00612	0.07796	0.03750	0.01765	0.05379	0.01210	0.00984	0.00430	0.00392	0.00087	0.00372	0.00347	0.00329	0.70849
93	0.01137	0.01330	0.09317	0.02662	0.02185	0.01196	0.50655	0.05396	0.07412	0.01637	0.01142	0.04726	0.00918	0.00642	0.03733	0.00192	0.04198	0.00576	0.00285	0.00660
94	0.00704	0.00472	0.00539	0.00550	0.00553	0.00469	0.00313	0.00712	0.00736	0.00982	0.01659	0.10786	0.01927	0.74969	0.02322	0.00450	0.00458	0.00780	0.00313	0.00307
95	0.01560	0.04210	0.02865	0.00910	0.01255	0.01017	0.00757	0.24807	0.09154	0.22414	0.12309	0.01745	0.02703	0.00635	0.00483	0.00141	0.00426	0.00512	0.01840	0.10259
96	0.01190	0.34111	0.35866	0.01211	0.06068	0.01436	0.01285	0.04501	0.01084	0.03530	0.00873	0.02211	0.00702	0.00468	0.00409	0.00132	0.00604	0.00347	0.00239	0.03732
97	0.03992	0.53248	0.18292	0.00949	0.01396	0.03695	0.01006	0.01464	0.01028	0.02418	0.04590	0.01039	0.00852	0.00592	0.03505	0.00147	0.00587	0.00329	0.00238	0.00633
98	0.03900	0.06134	0.01194	0.10247	0.01415	0.03701	0.02816	0.10491	0.19880	0.02827	0.04668	0.12462	0.03524	0.04271	0.03089	0.00194	0.02752	0.02533	0.00391	0.03510
99	0.06051	0.01060	0.01378	0.39768	0.06438	0.05733	0.01112	0.15068	0.03331	0.05599	0.01156	0.01390	0.03819	0.00563	0.00532	0.00158	0.04342	0.00451	0.01428	0.00624

[dist]
# distance from previous block
# <min> <max>
2	9

[block]
# block no. 4 follows, 51 sequences, length 8
# corresponding to MSA columns:
# 1336-1343
name=unknown_E
#
# <colnr> <probs for GDERKNQSTAVLIFYWHMCP>
#	G	D	E	R	K	N	Q	S	T	A	V	L	I	F	Y	W	H	M	C	P
0	0.01133	0.01089	0.01440	0.05909	0.31018	0.10273	0.04134	0.05378	0.04249	0.01610	0.09580	0.16120	0.01638	0.00721	0.00517	0.00154	0.00524	0.00650	0.00338	0.03524
1	0.07152	0.00980	0.01445	0.08228	0.27836	0.01044	0.04817	0.10527	0.02911	0.01697	0.01299	0.02147	0.01220	0.09341	0.00774	0.00201	0.04108	0.13323	0.00321	0.00627
2	0.00744	0.00597	0.00775	0.02972	0.10284	0.02422	0.00579	0.00848	0.00942	0.01234	0.02347	0.38217	0.10504	0.21692	0.01069	0.00257	0.00394	0.03312	0.00380	0.00430
3	0.01164	0.01237	0.04731	0.05321	0.40237	0.06735	0.14489	0.01548	0.07459	0.01563	0.01437	0.01631	0.09131	0.00546	0.00510	0.00153	0.00604	0.00524	0.00286	0.00694
4	0.00767	0.00591	0.00828	0.03522	0.07130	0.00580	0.00746	0.00966	0.01104	0.01435	0.04879	0.15849	0.14350	0.01257	0.00633	0.00203	0.00408	0.43851	0.00432	0.00468
5	0.07866	0.00874	0.01288	0.42492	0.07813	0.03648	0.04167	0.01225	0.01062	0.01462	0.09600	0.03956	0.06779	0.00666	0.00508	0.00164	0.00548	0.05042	0.00300	0.00540
6	0.01492	0.11771	0.06542	0.01106	0.01501	0.08272	0.09007	0.11371	0.17399	0.15150	0.01305	0.01311	0.00959	0.00528	0.00460	0.00139	0.00539	0.00433	0.00390	0.10325
7	0.15387	0.02881	0.03669	0.01233	0.10673	0.14854	0.00902	0.18786	0.05422	0.13803	0.01145	0.01221	0.00854	0.00755	0.06132	0.00191	0.00613	0.00405	0.00378	0.00696

[dist]
# distance from previous block
# <min> <max>
79	332

[block]
# block no. 5 follows, 51 sequences, length 23
# corresponding to MSA columns:
# 1700-1722
name=unknown_F
#
# <colnr> <probs for GDERKNQSTAVLIFYWHMCP>
#	G	D	E	R	K	N	Q	S	T	A	V	L	I	F	Y	W	H	M	C	P
0	0.08051	0.04218	0.17950	0.01216	0.09146	0.02152	0.04907	0.07889	0.08044	0.07586	0.05517	0.03600	0.04786	0.00592	0.00467	0.00145	0.00505	0.01411	0.02127	0.09692
1	0.03696	0.06616	0.09470	0.02342	0.11846	0.07075	0.02580	0.08873	0.05438	0.13476	0.06241	0.08160	0.01304	0.00749	0.03498	0.00171	0.01762	0.00526	0.00372	0.05804
2	0.02656	0.11105	0.16893	0.01029	0.01457	0.08467	0.02709	0.15642	0.04878	0.04232	0.05810	0.01369	0.03896	0.00540	0.00444	0.00130	0.00537	0.00420	0.00338	0.17449
3	0.12780	0.07218	0.12957	0.01272	0.11904	0.04185	0.04877	0.10172	0.07580	0.03917	0.05854	0.03694	0.05218	0.00587	0.00458	0.00146	0.00512	0.00480	0.00341	0.05847
4	0.03655	0.20768	0.24673	0.03496	0.05585	0.02832	0.01124	0.05913	0.08007	0.11585	0.02494	0.03098	0.03620	0.00557	0.00445	0.00144	0.00550	0.00434	0.00326	0.00695
5	0.06268	0.17449	0.09574	0.01400	0.11772	0.07023	0.12856	0.07936	0.01201	0.06083	0.02863	0.04360	0.02474	0.00537	0.00474	0.00141	0.01925	0.00454	0.00301	0.04909
6	0.08447	0.06981	0.01154	0.00925	0.03290	0.04295	0.04259	0.15151	0.02986	0.04199	0.09364	0.08527	0.14247	0.00822	0.00506	0.00155	0.00432	0.07358	0.00409	0.06491
7	0.04185	0.01830	0.29988	0.01459	0.04058	0.12213	0.19036	0.09435	0.01246	0.03469	0.00994	0.03560	0.00774	0.00502	0.00487	0.00150	0.00698	0.00444	0.00278	0.05193
8	0.01187	0.15400	0.49808	0.01249	0.01823	0.10929	0.01444	0.05653	0.03110	0.01554	0.02943	0.01076	0.00764	0.00490	0.00445	0.00144	0.00682	0.00364	0.00245	0.00692
9	0.00859	0.00616	0.00838	0.00796	0.00906	0.00696	0.00610	0.10196	0.00954	0.01336	0.01276	0.01904	0.01192	0.09584	0.57320	0.08580	0.01071	0.00522	0.00289	0.00454
10	0.00827	0.00627	0.00732	0.00663	0.00832	0.00607	0.00509	0.10279	0.04245	0.01945	0.47981	0.03574	0.23291	0.01004	0.00566	0.00157	0.00279	0.00861	0.00512	0.00508
11	0.01840	0.02225	0.01403	0.01250	0.01520	0.71150	0.00948	0.11185	0.01504	0.01432	0.00811	0.00922	0.00658	0.00517	0.00449	0.00129	0.00844	0.00332	0.00282	0.00602
12	0.03847	0.01236	0.01678	0.01299	0.02940	0.03345	0.18250	0.30602	0.08249	0.08160	0.01175	0.01266	0.00865	0.00541	0.00555	0.00149	0.05112	0.00462	0.00394	0.09875
13	0.01099	0.01059	0.01938	0.20615	0.02274	0.01086	0.34677	0.10639	0.01296	0.01749	0.14629	0.01832	0.01469	0.00583	0.00551	0.00163	0.00638	0.02759	0.00327	0.00615
14	0.75834	0.00896	0.00714	0.00643	0.00924	0.01025	0.00524	0.01382	0.00904	0.02176	0.10229	0.01147	0.01030	0.00523	0.00338	0.00152	0.00362	0.00342	0.00333	0.00524
15	0.00850	0.00542	0.00676	0.00619	0.00780	0.00483	0.00472	0.01050	0.01325	0.11271	0.51416	0.03693	0.22919	0.01017	0.00570	0.00157	0.00259	0.00878	0.00528	0.00497
16	0.00928	0.00873	0.01474	0.81548	0.03385	0.01092	0.01365	0.01256	0.00983	0.01256	0.00873	0.01310	0.00655	0.00491	0.00491	0.00164	0.00655	0.00437	0.00218	0.00546
17	0.00715	0.00476	0.00536	0.00536	0.00536	0.00476	0.00298	0.00715	0.00715	0.00953	0.01548	0.03216	0.01787	0.82729	0.02501	0.00476	0.00476	0.00715	0.00298	0.00298
18	0.01138	0.00975	0.01066	0.01017	0.03574	0.01104	0.00773	0.02299	0.63916	0.01938	0.02232	0.02356	0.07072	0.00763	0.00522	0.00171	0.00391	0.07487	0.00485	0.00723
19	0.11522	0.01091	0.01357	0.01040	0.01418	0.05804	0.13246	0.06440	0.09373	0.04082	0.03178	0.01224	0.00909	0.00476	0.00460	0.00124	0.02537	0.00400	0.00333	0.34986
20	0.01168	0.01283	0.05336	0.01522	0.01876	0.10700	0.39456	0.03728	0.04013	0.03702	0.05966	0.14159	0.01393	0.00670	0.00584	0.00166	0.02669	0.00675	0.00323	0.00612
21	0.01153	0.11083	0.22545	0.01377	0.01824	0.07264	0.22816	0.06385	0.03405	0.01561	0.01306	0.06118	0.04836	0.00609	0.00530	0.00157	0.02380	0.03720	0.00286	0.00644
22	0.03023	0.07525	0.12970	0.01293	0.01726	0.01119	0.24914	0.11048	0.02596	0.06757	0.03430	0.01687	0.10405	0.00581	0.00521	0.00150	0.02024	0.00533	0.00334	0.07366

[dist]
# distance from previous block
# <min> <max>
0	15

[block]
# block no. 6 follows, 51 sequences, length 57
# corresponding to MSA columns:
# 1738-1794
name=unknown_G
#
# <colnr> <probs for GDERKNQSTAVLIFYWHMCP>
#	G	D	E	R	K	N	Q	S	T	A	V	L	I	F	Y	W	H	M	C	P
0	0.00781	0.00626	0.00867	0.05585	0.07594	0.00649	0.00668	0.04860	0.01021	0.01383	0.02232	0.52948	0.05638	0.01329	0.03652	0.00208	0.05665	0.01071	0.00399	0.02822
1	0.07967	0.00878	0.01245	0.01011	0.01287	0.00875	0.14134	0.11018	0.08052	0.13514	0.15396	0.13537	0.07344	0.00810	0.00534	0.00163	0.00437	0.00725	0.00453	0.00620
2	0.01019	0.00873	0.01019	0.00728	0.01165	0.00655	0.00582	0.01237	0.01019	0.01601	0.00873	0.01019	0.00728	0.00364	0.00364	0.00073	0.00364	0.00291	0.00291	0.85734
3	0.00702	0.00527	0.00790	0.00790	0.00878	0.00614	0.00614	0.00878	0.00790	0.01141	0.01316	0.01931	0.01229	0.03686	0.80782	0.00790	0.01316	0.00527	0.00263	0.00439
4	0.79114	0.01067	0.00779	0.00698	0.00998	0.07793	0.00567	0.01488	0.00883	0.02121	0.00691	0.00806	0.00541	0.00460	0.00316	0.00150	0.00423	0.00270	0.00300	0.00535
5	0.01077	0.00647	0.00804	0.00772	0.00928	0.00626	0.00570	0.12385	0.01248	0.15765	0.04374	0.49615	0.06787	0.01202	0.00580	0.00180	0.00343	0.01061	0.00491	0.00545
6	0.14564	0.00750	0.02773	0.00726	0.00975	0.00667	0.00573	0.01254	0.04030	0.09789	0.15973	0.22038	0.02131	0.00832	0.00482	0.00146	0.00338	0.00708	0.00419	0.20832
7	0.00998	0.00546	0.00558	0.00526	0.00661	0.00560	0.00398	0.08442	0.01138	0.01913	0.01560	0.01833	0.01243	0.04303	0.00456	0.00134	0.00270	0.00468	0.73506	0.00487
8	0.00702	0.00512	0.00612	0.00580	0.00724	0.00454	0.00438	0.00891	0.01287	0.04333	0.48138	0.04012	0.33352	0.01084	0.00577	0.00159	0.00245	0.00933	0.00511	0.00457
9	0.00931	0.00903	0.01576	0.50978	0.02709	0.01055	0.13435	0.01224	0.00992	0.01302	0.01207	0.08259	0.04189	0.00680	0.01918	0.00181	0.07097	0.00566	0.00254	0.00544
10	0.00992	0.02494	0.77158	0.01427	0.02144	0.01145	0.04794	0.01557	0.01042	0.01557	0.00886	0.01049	0.00627	0.00465	0.00471	0.00156	0.00730	0.00372	0.00209	0.00724
11	0.00611	0.00429	0.00566	0.00675	0.00707	0.00401	0.00452	0.00702	0.00944	0.01277	0.02665	0.79254	0.03172	0.01502	0.00616	0.00196	0.00283	0.01360	0.03784	0.00401
12	0.00681	0.00469	0.00540	0.00562	0.00581	0.00456	0.00335	0.00708	0.00793	0.01044	0.02065	0.18911	0.08599	0.59924	0.01972	0.00396	0.00420	0.00876	0.00342	0.00328
13	0.00950	0.00886	0.01495	0.72782	0.09719	0.01080	0.01352	0.01260	0.00985	0.01274	0.00877	0.01307	0.00671	0.00519	0.00529	0.02456	0.00643	0.00437	0.00220	0.00557
14	0.00709	0.00479	0.00541	0.00541	0.00550	0.00478	0.00309	0.00719	0.00733	0.00973	0.01676	0.03241	0.04813	0.77419	0.04525	0.00473	0.00490	0.00722	0.00303	0.00306
