[name]
unknown

[dist]
# distance from previous block
# <min> <max>
0	40

[block]
# block no. 0 follows, 45 sequences, length 18
# corresponding to MSA columns:
# 67-84
name=unknown_A
#
# <colnr> <probs for GDERKNQSTAVLIFYWHMCP>
#	G	D	E	R	K	N	Q	S	T	A	V	L	I	F	Y	W	H	M	C	P
0	0.00801	0.00633	0.00738	0.05396	0.00998	0.03902	0.00577	0.00941	0.01147	0.03182	0.10702	0.37567	0.18387	0.07339	0.00805	0.00223	0.00379	0.05342	0.00473	0.00470
1	0.03008	0.01237	0.01773	0.30219	0.26202	0.07136	0.02833	0.06185	0.01215	0.01638	0.00965	0.01323	0.00781	0.00634	0.02239	0.00186	0.09156	0.00465	0.00274	0.02532
2	0.01451	0.13932	0.09534	0.03551	0.07268	0.12556	0.13575	0.10795	0.03823	0.03359	0.01126	0.02824	0.00942	0.00725	0.03158	0.00189	0.07386	0.02771	0.00318	0.00716
3	0.01142	0.00717	0.00850	0.00789	0.00994	0.00684	0.00605	0.10305	0.03183	0.14022	0.09312	0.23144	0.23773	0.01191	0.00616	0.00186	0.00362	0.04510	0.03019	0.00595
4	0.00712	0.00589	0.00668	0.00670	0.00810	0.00557	0.00497	0.00913	0.04458	0.01547	0.13430	0.19677	0.46627	0.01342	0.00700	0.00190	0.04500	0.01133	0.00498	0.00480
5	0.00982	0.00882	0.05722	0.05072	0.03274	0.02897	0.00772	0.04395	0.05320	0.04400	0.03827	0.34470	0.06313	0.03460	0.02367	0.00211	0.00461	0.05838	0.00440	0.08899
6	0.04162	0.04306	0.16857	0.01526	0.09108	0.30371	0.04125	0.05147	0.08647	0.03350	0.03196	0.01290	0.00953	0.00636	0.01868	0.00170	0.02814	0.00436	0.00319	0.00717
7	0.01267	0.00861	0.01007	0.00910	0.01126	0.00909	0.00703	0.09908	0.18511	0.12667	0.06031	0.16472	0.10663	0.05746	0.00778	0.00207	0.04613	0.03745	0.03217	0.00661
8	0.05016	0.09003	0.06169	0.17574	0.15604	0.08401	0.08736	0.10895	0.02950	0.03854	0.01112	0.01337	0.02179	0.00550	0.00538	0.00161	0.02443	0.00464	0.00314	0.02700
9	0.01133	0.01845	0.38386	0.01596	0.13248	0.01131	0.03054	0.05479	0.02856	0.03226	0.11409	0.04166	0.03530	0.00694	0.00606	0.00175	0.04302	0.02094	0.00334	0.00737
10	0.01113	0.00954	0.01113	0.00795	0.01272	0.00716	0.00636	0.01352	0.01113	0.01749	0.00954	0.01113	0.00795	0.00398	0.00398	0.00080	0.00398	0.00318	0.00318	0.84417
11	0.00701	0.00520	0.00645	0.00672	0.00767	0.00481	0.00475	0.00852	0.01203	0.01611	0.27913	0.29297	0.19389	0.08313	0.04445	0.00250	0.00354	0.01152	0.00504	0.00455
12	0.00712	0.00531	0.00662	0.00662	0.00781	0.00481	0.00484	0.00908	0.01357	0.01846	0.47176	0.19866	0.20017	0.01271	0.00644	0.00181	0.00269	0.01118	0.00553	0.00481
13	0.00724	0.00510	0.00597	0.00630	0.00669	0.00487	0.00394	0.00781	0.00944	0.01240	0.06049	0.25572	0.12696	0.44305	0.01776	0.00373	0.00416	0.01047	0.00410	0.00382
14	0.01235	0.05057	0.03685	0.30174	0.22646	0.07542	0.11587	0.01597	0.03542	0.01543	0.01064	0.03909	0.00881	0.00560	0.00571	0.00170	0.02757	0.00515	0.00271	0.00694
15	0.11737	0.07448	0.01752	0.05590	0.08549	0.39604	0.08192	0.03616	0.01327	0.01571	0.00865	0.01070	0.00711	0.00547	0.00552	0.00154	0.05386	0.00391	0.00280	0.00656
16	0.00971	0.00716	0.01001	0.00996	0.05069	0.00707	0.05419	0.05220	0.01165	0.05057	0.05889	0.08140	0.12476	0.22368	0.09077	0.00349	0.00581	0.13866	0.00418	0.00516
17	0.00850	0.05893	0.02884	0.00927	0.05297	0.00700	0.02338	0.02597	0.01224	0.01642	0.17339	0.30214	0.15780	0.01196	0.00610	0.00181	0.00371	0.03337	0.00463	0.06157

[dist]
# distance from previous block
# <min> <max>
0	7

[block]
# block no. 1 follows, 45 sequences, length 6
# corresponding to MSA columns:
# 92-97
name=unknown_B
#
# <colnr> <probs for GDERKNQSTAVLIFYWHMCP>
#	G	D	E	R	K	N	Q	S	T	A	V	L	I	F	Y	W	H	M	C	P
0	0.01419	0.13694	0.04281	0.05112	0.12363	0.20245	0.03238	0.05133	0.10192	0.01644	0.01489	0.03557	0.06928	0.00702	0.02055	0.00165	0.00658	0.00506	0.01995	0.04623
1	0.00940	0.00470	0.00677	0.00677	0.00691	0.00470	0.00456	0.00762	0.00748	0.01054	0.01026	0.01674	0.00983	0.01724	0.01902	0.74799	0.00442	0.00470	0.09774	0.00263
2	0.07949	0.07134	0.11614	0.01837	0.28153	0.06486	0.01230	0.06102	0.03265	0.04348	0.01050	0.01277	0.00852	0.03030	0.00546	0.00157	0.00603	0.00421	0.00311	0.13637
3	0.00781	0.00532	0.00653	0.00748	0.03671	0.00505	0.00495	0.00923	0.01081	0.01531	0.05779	0.33801	0.13602	0.11551	0.00868	0.00228	0.00337	0.03938	0.18517	0.00459
4	0.00810	0.00572	0.00735	0.00735	0.00824	0.00552	0.03563	0.03624	0.01082	0.01503	0.05460	0.35977	0.08983	0.20408	0.01119	0.00269	0.00382	0.01078	0.11871	0.00452
5	0.05286	0.11140	0.13048	0.05976	0.17125	0.04792	0.10900	0.11335	0.01308	0.01824	0.00976	0.01231	0.00783	0.00662	0.03026	0.00188	0.08916	0.00452	0.00292	0.00740

[dist]
# distance from previous block
# <min> <max>
0	2

[block]
# block no. 2 follows, 45 sequences, length 10
# corresponding to MSA columns:
# 100-107,110,111
name=unknown_C
#
# <colnr> <probs for GDERKNQSTAVLIFYWHMCP>
#	G	D	E	R	K	N	Q	S	T	A	V	L	I	F	Y	W	H	M	C	P
0	0.00733	0.00606	0.03476	0.00804	0.02764	0.00516	0.00569	0.00850	0.01054	0.01404	0.06591	0.46586	0.11889	0.09867	0.00941	0.04010	0.00368	0.04309	0.00453	0.02209
1	0.04923	0.11455	0.21301	0.01442	0.09778	0.08774	0.03859	0.04871	0.04930	0.03851	0.02799	0.05262	0.01099	0.00710	0.02164	0.00177	0.04981	0.02654	0.00318	0.04650
2	0.04354	0.26219	0.30834	0.01619	0.16082	0.04597	0.01449	0.04250	0.02980	0.01659	0.00933	0.01097	0.00742	0.00500	0.00458	0.00150	0.00675	0.00381	0.00259	0.00763
3	0.00841	0.00474	0.00664	0.00696	0.00703	0.00466	0.00455	0.00723	0.00794	0.01058	0.01550	0.21877	0.01736	0.12887	0.01830	0.51426	0.00435	0.00778	0.00313	0.00297
4	0.05200	0.00812	0.01006	0.02821	0.07402	0.00803	0.00707	0.07042	0.04667	0.22199	0.05457	0.06706	0.05615	0.00745	0.00497	0.00157	0.00392	0.00619	0.26470	0.00683
5	0.04542	0.02014	0.23766	0.06243	0.10291	0.21435	0.01360	0.11100	0.06469	0.06121	0.01112	0.01236	0.00829	0.00559	0.00508	0.00160	0.00735	0.00426	0.00332	0.00761
6	0.01262	0.01119	0.04061	0.04194	0.23712	0.08109	0.01042	0.01555	0.04571	0.09943	0.06968	0.09792	0.10513	0.00948	0.03403	0.00198	0.03291	0.02421	0.02220	0.00679
7	0.00769	0.00536	0.00657	0.00696	0.00734	0.00532	0.00449	0.03395	0.00978	0.01315	0.04938	0.36497	0.02679	0.37099	0.05958	0.00385	0.00475	0.01085	0.00414	0.00408
8	0.40133	0.28902	0.04484	0.03066	0.05042	0.01514	0.03543	0.01642	0.01042	0.05298	0.00846	0.00978	0.00680	0.00491	0.00378	0.00149	0.00522	0.00331	0.00300	0.00659
9	0.01480	0.33951	0.10501	0.06519	0.08950	0.16813	0.03204	0.01775	0.03872	0.04544	0.01002	0.03330	0.00848	0.00542	0.00453	0.00143	0.00682	0.00407	0.00280	0.00705

[dist]
# distance from previous block
# <min> <max>
1	7

[block]
# block no. 3 follows, 45 sequences, length 11
# corresponding to MSA columns:
# 119-129
name=unknown_D
#
# <colnr> <probs for GDERKNQSTAVLIFYWHMCP>
#	G	D	E	R	K	N	Q	S	T	A	V	L	I	F	Y	W	H	M	C	P
0	0.11209	0.06106	0.09842	0.03190	0.15991	0.00983	0.02935	0.01430	0.02258	0.05474	0.08265	0.13146	0.05678	0.00775	0.00516	0.00164	0.00484	0.00664	0.05527	0.05363
1	0.00838	0.00587	0.00723	0.00738	0.00861	0.00542	0.00518	0.01036	0.05258	0.05472	0.09003	0.44147	0.11136	0.08867	0.00830	0.00223	0.00343	0.01169	0.00486	0.07225
2	0.01362	0.01360	0.11675	0.01111	0.03007	0.05020	0.04176	0.09925	0.05718	0.07709	0.02515	0.03280	0.01020	0.00535	0.00476	0.00127	0.00530	0.00440	0.00373	0.39642
3	0.00779	0.00514	0.00585	0.00597	0.00606	0.00512	0.00344	0.00800	0.00820	0.01117	0.01813	0.10713	0.02075	0.69860	0.02428	0.00473	0.00488	0.00838	0.04295	0.00344
4	0.01075	0.09142	0.27510	0.46103	0.03017	0.01298	0.01602	0.01504	0.01095	0.01472	0.00938	0.01277	0.00701	0.00520	0.00510	0.00170	0.00728	0.00432	0.00234	0.00671
5	0.06170	0.00702	0.00809	0.08223	0.01136	0.00737	0.00615	0.04004	0.09258	0.04225	0.12520	0.11308	0.10335	0.00885	0.00515	0.00164	0.00351	0.00745	0.26732	0.00567
6	0.49519	0.00840	0.00756	0.00741	0.00986	0.00926	0.00609	0.01340	0.01031	0.02069	0.01815	0.06349	0.08642	0.00858	0.00469	0.00185	0.00403	0.16376	0.05547	0.00538
7	0.01445	0.03249	0.01454	0.01524	0.20481	0.06829	0.00964	0.10582	0.01375	0.11121	0.05581	0.01665	0.01242	0.06805	0.05637	0.00213	0.00602	0.00495	0.00382	0.18354
8	0.01362	0.01331	0.01433	0.15522	0.16203	0.20756	0.01097	0.03267	0.01285	0.04880	0.05992	0.07307	0.01423	0.02581	0.00653	0.00177	0.04618	0.04539	0.04936	0.00638
9	0.03406	0.14468	0.05613	0.10537	0.12386	0.14248	0.01081	0.03905	0.08442	0.09053	0.04985	0.01619	0.04738	0.00617	0.00496	0.00155	0.00610	0.00489	0.02439	0.00711
10	0.07290	0.09392	0.04828	0.11074	0.08745	0.10168	0.05068	0.04096	0.01182	0.03248	0.06389	0.01708	0.01238	0.08353	0.08930	0.01723	0.00706	0.00504	0.02220	0.03137

[dist]
# distance from previous block
# <min> <max>
2	6

[block]
# block no. 4 follows, 45 sequences, length 10
# corresponding to MSA columns:
# 137-146
name=unknown_E
#
# <colnr> <probs for GDERKNQSTAVLIFYWHMCP>
#	G	D	E	R	K	N	Q	S	T	A	V	L	I	F	Y	W	H	M	C	P
0	0.06012	0.06778	0.19307	0.01274	0.01618	0.03339	0.03279	0.08774	0.08371	0.04113	0.04034	0.01373	0.01010	0.00702	0.00884	0.00184	0.25020	0.00469	0.02755	0.00706
1	0.01164	0.10199	0.01471	0.00943	0.01388	0.00982	0.05322	0.01399	0.01099	0.01659	0.00921	0.01109	0.00778	0.00447	0.00504	0.00101	0.06163	0.00345	0.00299	0.63707
2	0.01206	0.01280	0.02609	0.01918	0.02332	0.01276	0.55698	0.01586	0.01180	0.01674	0.01121	0.01499	0.00881	0.00690	0.04256	0.00213	0.10653	0.00597	0.08656	0.00674
3	0.00940	0.00470	0.00677	0.00677	0.00691	0.00470	0.00456	0.00762	0.00748	0.01055	0.01026	0.01674	0.00983	0.01723	0.01901	0.74754	0.00442	0.00470	0.09818	0.00264
4	0.01202	0.07944	0.53838	0.01316	0.01955	0.01258	0.01583	0.10123	0.01288	0.01901	0.01090	0.01247	0.00800	0.00537	0.00483	0.00159	0.00682	0.00413	0.11421	0.00761
5	0.04203	0.00844	0.02412	0.26057	0.03794	0.00904	0.04288	0.02725	0.04532	0.01722	0.22259	0.09641	0.05514	0.02615	0.00692	0.01822	0.02712	0.02294	0.00401	0.00568
6	0.01347	0.03571	0.18267	0.06601	0.14772	0.07638	0.04218	0.12945	0.04165	0.03636	0.01402	0.05510	0.03283	0.00729	0.02139	0.00181	0.01792	0.02379	0.04692	0.00734
7	0.01077	0.00789	0.00960	0.15635	0.01472	0.00800	0.00716	0.01521	0.11628	0.01854	0.01464	0.01674	0.01144	0.00567	0.00435	0.00132	0.00399	0.00466	0.35949	0.21318
8	0.03826	0.07482	0.04962	0.03005	0.06491	0.04178	0.06207	0.11310	0.05469	0.01937	0.03540	0.02860	0.01025	0.00540	0.00502	0.00131	0.02493	0.00442	0.00349	0.33251
9	0.01044	0.00891	0.04242	0.03273	0.07342	0.00791	0.05104	0.03631	0.07715	0.07245	0.13797	0.06432	0.25474	0.00977	0.00594	0.00174	0.00425	0.04621	0.00468	0.05761

[dist]
# distance from previous block
# <min> <max>
1	3

[block]
# block no. 5 follows, 45 sequences, length 9
# corresponding to MSA columns:
# 151-159
name=unknown_F
#
# <colnr> <probs for GDERKNQSTAVLIFYWHMCP>
#	G	D	E	R	K	N	Q	S	T	A	V	L	I	F	Y	W	H	M	C	P
0	0.01369	0.01411	0.05878	0.06539	0.13911	0.10954	0.11170	0.11926	0.12675	0.01915	0.04000	0.07780	0.01311	0.00836	0.04154	0.00204	0.02265	0.00602	0.00373	0.00728
1	0.00945	0.00695	0.00961	0.01116	0.07062	0.00697	0.00845	0.03669	0.03321	0.03463	0.02716	0.14828	0.07136	0.01471	0.04267	0.00254	0.00512	0.45024	0.00475	0.00545
2	0.01498	0.01305	0.01486	0.01550	0.15935	0.04840	0.01042	0.16483	0.45034	0.02327	0.01732	0.01693	0.01309	0.00657	0.00539	0.00172	0.00521	0.00547	0.00479	0.00852
3	0.00852	0.00562	0.00718	0.00768	0.00859	0.00537	0.00572	0.00985	0.01097	0.05749	0.06189	0.23612	0.09909	0.21772	0.01209	0.00295	0.00421	0.22970	0.00467	0.00457
4	0.04204	0.03143	0.05467	0.08786	0.17783	0.07237	0.16093	0.10920	0.05272	0.05923	0.01291	0.04359	0.01068	0.00626	0.00575	0.00173	0.02056	0.03927	0.00352	0.00746
5	0.01287	0.19034	0.31118	0.04461	0.05197	0.11098	0.12469	0.01681	0.01178	0.01526	0.00947	0.01177	0.00750	0.00697	0.04992	0.00196	0.00813	0.00419	0.00246	0.00716
6	0.00775	0.00522	0.00594	0.00597	0.00619	0.00520	0.00354	0.00805	0.00833	0.01122	0.01956	0.05838	0.06707	0.67107	0.05971	0.00491	0.00531	0.00805	0.03504	0.00350
7	0.00696	0.00503	0.00616	0.00674	0.00755	0.00468	0.00468	0.00824	0.01104	0.01482	0.11116	0.42505	0.19491	0.06879	0.04394	0.00249	0.00359	0.01224	0.05747	0.00446
8	0.03275	0.08624	0.14519	0.06993	0.16153	0.12949	0.09248	0.07256	0.07168	0.04191	0.03786	0.01371	0.00994	0.00554	0.00517	0.00160	0.00697	0.00470	0.00323	0.00751

[dist]
# distance from previous block
# <min> <max>
2	16

[block]
# block no. 6 follows, 45 sequences, length 16
# corresponding to MSA columns:
# 176-191
name=unknown_G
#
# <colnr> <probs for GDERKNQSTAVLIFYWHMCP>
#	G	D	E	R	K	N	Q	S	T	A	V	L	I	F	Y	W	H	M	C	P
0	0.02990	0.16602	0.06465	0.10516	0.04975	0.06969	0.05981	0.14812	0.02344	0.01882	0.01188	0.03196	0.02093	0.00628	0.01544	0.00158	0.02212	0.00464	0.08944	0.06037
1	0.04278	0.16409	0.15240	0.01461	0.10954	0.08899	0.02518	0.13511	0.13738	0.01960	0.01171	0.01274	0.00911	0.00572	0.00521	0.00157	0.03066	0.00435	0.02152	0.00772
2	0.01211	0.05589	0.13747	0.07389	0.15486	0.08614	0.02731	0.04488	0.03477	0.01566	0.01266	0.01746	0.03196	0.05251	0.10472	0.00277	0.09318	0.03216	0.00294	0.00666
3	0.00932	0.00466	0.00699	0.00699	0.00699	0.00466	0.00466	0.00699	0.00699	0.00932	0.00932	0.01632	0.00932	0.01865	0.02098	0.84382	0.00466	0.00466	0.00233	0.00233
4	0.01243	0.00876	0.01036	0.00949	0.01141	0.05574	0.01810	0.07192	0.04072	0.13667	0.02275	0.10936	0.10802	0.04559	0.14979	0.02924	0.05372	0.09554	0.00444	0.00595
5	0.18079	0.00843	0.01000	0.00896	0.01124	0.00939	0.00718	0.12421	0.01192	0.10066	0.01350	0.01708	0.01124	0.02451	0.43060	0.00543	0.01000	0.00500	0.00374	0.00611
6	0.00769	0.00520	0.00647	0.00672	0.00709	0.00535	0.00440	0.00850	0.00875	0.01228	0.01896	0.18645	0.02094	0.41888	0.18884	0.00504	0.00659	0.00864	0.06925	0.00395
7	0.01622	0.45079	0.02412	0.01204	0.01631	0.17449	0.09011	0.12791	0.01409	0.01638	0.00880	0.01009	0.00736	0.00505	0.00432	0.00134	0.00691	0.00365	0.00289	0.00713
8	0.00767	0.00575	0.00863	0.00863	0.00959	0.00671	0.00671	0.00959	0.00863	0.01246	0.01438	0.02109	0.01342	0.04026	0.79008	0.00863	0.01438	0.00575	0.00288	0.00479
9	0.01279	0.01237	0.02146	0.14626	0.62870	0.01267	0.05481	0.01610	0.01202	0.01695	0.01005	0.01350	0.00828	0.00486	0.00538	0.00163	0.00663	0.00486	0.00262	0.00806
10	0.01045	0.00945	0.01292	0.23268	0.05020	0.05785	0.01038	0.04990	0.01056	0.01419	0.01158	0.01671	0.01013	0.02171	0.36332	0.00492	0.09943	0.00513	0.00279	0.00570
11	0.00974	0.00649	0.00881	0.03563	0.04479	0.00617	0.00733	0.01187	0.01277	0.09860	0.14245	0.13654	0.16418	0.01263	0.00662	0.00205	0.00406	0.27871	0.00510	0.00546
12	0.05648	0.09754	0.01898	0.05156	0.12141	0.14867	0.10092	0.01656	0.01139	0.06157	0.00949	0.01256	0.00801	0.02193	0.02241	0.00195	0.22451	0.00453	0.00284	0.00670
13	0.01218	0.09981	0.48828	0.01523	0.04963	0.06677	0.07361	0.05062	0.01227	0.01692	0.01081	0.06000	0.00884	0.00580	0.00515	0.00165	0.00748	0.00477	0.00266	0.00752
14	0.00827	0.00487	0.00684	0.00717	0.00747	0.00473	0.00492	0.00776	0.00921	0.01243	0.11684	0.22801	0.02302	0.05222	0.01504	0.43821	0.00402	0.04195	0.00365	0.00338
15	0.00917	0.00715	0.00828	0.00693	0.00921	0.00600	0.00485	0.01039	0.00970	0.01408	0.01605	0.08790	0.04530	0.34562	0.01414	0.00281	0.00437	0.00644	0.00343	0.38818

[dist]
# distance from previous block
# <min> <max>
0	3

[block]
# block no. 7 follows, 45 sequences, length 16
# corresponding to MSA columns:
# 195-198,200-211
name=unknown_H
#
# <colnr> <probs for GDERKNQSTAVLIFYWHMCP>
#	G	D	E	R	K	N	Q	S	T	A	V	L	I	F	Y	W	H	M	C	P
0	0.01379	0.09198	0.12329	0.01195	0.06319	0.06097	0.02526	0.08262	0.03966	0.07360	0.01173	0.04451	0.00957	0.00541	0.00467	0.00129	0.00551	0.00435	0.00350	0.32317
1	0.01301	0.10751	0.44293	0.01443	0.05584	0.05905	0.03045	0.08734	0.03404	0.03785	0.01212	0.01329	0.03864	0.00559	0.00501	0.00160	0.00707	0.00436	0.00295	0.02691
2	0.00728	0.00516	0.00568	0.00595	0.00718	0.00465	0.00427	0.00880	0.01160	0.01576	0.08961	0.22764	0.36150	0.04305	0.00674	0.00191	0.00285	0.01075	0.17506	0.00457
3	0.00904	0.00727	0.00997	0.11460	0.08940	0.00752	0.00779	0.05558	0.03219	0.01630	0.09673	0.23342	0.14185	0.06344	0.05380	0.00248	0.00489	0.02879	0.01948	0.00546
4	0.01456	0.05374	0.19962	0.05251	0.25173	0.15716	0.03564	0.06743	0.06638	0.03498	0.01080	0.01259	0.00837	0.00533	0.00514	0.00159	0.00722	0.00441	0.00303	0.00779
5	0.22913	0.09798	0.07135	0.01156	0.04395	0.05829	0.00976	0.30729	0.03811	0.06818	0.01107	0.01161	0.00818	0.00570	0.00460	0.00158	0.00570	0.00406	0.00413	0.00776
6	0.00693	0.00538	0.00604	0.00598	0.00730	0.00478	0.00429	0.00841	0.01236	0.01591	0.25737	0.08299	0.41862	0.12887	0.00941	0.00229	0.00305	0.01054	0.00500	0.00449
7	0.04018	0.31552	0.02006	0.01219	0.04975	0.20415	0.00992	0.20085	0.04637	0.01900	0.01024	0.01191	0.00848	0.00566	0.00452	0.00141	0.00664	0.02239	0.00341	0.00734
8	0.00894	0.00480	0.00671	0.00671	0.00671	0.00480	0.00431	0.00720	0.00720	0.00960	0.01124	0.02108	0.01190	0.21919	0.02258	0.63166	0.00480	0.00546	0.00256	0.00256
9	0.05283	0.01303	0.04854	0.07546	0.24989	0.03238	0.02831	0.21668	0.01562	0.11258	0.01308	0.06367	0.01056	0.00646	0.00582	0.00169	0.03602	0.00541	0.00399	0.00797
10	0.01303	0.04175	0.01598	0.19657	0.08534	0.08256	0.09561	0.06845	0.01287	0.05243	0.01271	0.06042	0.01070	0.00610	0.00512	0.00154	0.00607	0.01975	0.09435	0.11865
11	0.00760	0.00512	0.00592	0.00612	0.00617	0.00507	0.00354	0.00775	0.00821	0.01095	0.01898	0.16127	0.02213	0.68165	0.02398	0.00471	0.00486	0.00902	0.00354	0.00343
12	0.75114	0.05166	0.00940	0.00763	0.01097	0.06535	0.00629	0.01618	0.00964	0.02277	0.00753	0.00878	0.00594	0.00500	0.00343	0.00162	0.00461	0.00294	0.00323	0.00589
13	0.00754	0.00544	0.00641	0.00647	0.00698	0.00544	0.00423	0.00819	0.00916	0.01204	0.04233	0.09515	0.15593	0.47789	0.09496	0.00449	0.02327	0.02649	0.00374	0.00386
14	0.03147	0.24487	0.06516	0.00940	0.01414	0.03162	0.00855	0.08174	0.03349	0.03490	0.00977	0.01089	0.00796	0.00466	0.00410	0.00111	0.00507	0.00342	0.00320	0.39450
15	0.03029	0.16512	0.23935	0.01808	0.22053	0.07725	0.04454	0.01647	0.01163	0.03303	0.01024	0.02897	0.00872	0.04765	0.00635	0.00176	0.02551	0.00450	0.00267	0.00734

[dist]
# distance from previous block
# <min> <max>
1	5

[block]
# block no. 8 follows, 45 sequences, length 43
# corresponding to MSA columns:
# 217-227,239-243,245-250,252-262,296-305
name=unknown_I
#
# <colnr> <probs for GDERKNQSTAVLIFYWHMCP>
#	G	D	E	R	K	N	Q	S	T	A	V	L	I	F	Y	W	H	M	C	P
0	0.38563	0.02973	0.02948	0.02725	0.01286	0.01118	0.02729	0.05391	0.06801	0.14640	0.06757	0.01459	0.01175	0.00724	0.02449	0.02222	0.02960	0.00447	0.00416	0.02217
1	0.01556	0.13664	0.08657	0.02761	0.07339	0.13779	0.04682	0.16318	0.06695	0.06254	0.03426	0.03279	0.01181	0.02097	0.00581	0.00168	0.02184	0.04261	0.00379	0.00739
2	0.01342	0.63001	0.11443	0.01013	0.01464	0.01912	0.01042	0.01566	0.01082	0.01336	0.02582	0.01022	0.00810	0.00613	0.02728	0.00152	0.05633	0.00336	0.00240	0.00684
3	0.01601	0.01141	0.01247	0.01017	0.01327	0.01249	0.00815	0.43016	0.09247	0.04363	0.06426	0.01814	0.01408	0.04975	0.05904	0.00224	0.00555	0.00552	0.12355	0.00763
4	0.01401	0.01224	0.01268	0.03809	0.01504	0.04226	0.00891	0.08174	0.65956	0.02265	0.02026	0.01892	0.01518	0.00709	0.00543	0.00179	0.00467	0.00584	0.00525	0.00837
5	0.00712	0.00517	0.00637	0.00701	0.00766	0.00491	0.00487	0.00814	0.01027	0.01337	0.04241	0.35130	0.16324	0.21587	0.04091	0.00314	0.00418	0.09536	0.00448	0.00421
6	0.00932	0.00466	0.00699	0.00699	0.00699	0.00466	0.00466	0.00699	0.00699	0.00932	0.00932	0.01632	0.00932	0.01865	0.02098	0.84382	0.00466	0.00466	0.00233	0.00233
7	0.00664	0.00526	0.00599	0.00638	0.00768	0.00462	0.00467	0.00804	0.01196	0.01500	0.11178	0.26605	0.45891	0.01434	0.00654	0.00194	0.00293	0.05163	0.00507	0.00455
8	0.73383	0.01032	0.00825	0.00728	0.01052	0.01186	0.00597	0.06650	0.01039	0.02447	0.00855	0.00980	0.00660	0.00517	0.00349	0.00163	0.00416	0.00319	0.06206	0.00598
9	0.04353	0.01611	0.01534	0.01227	0.01619	0.13088	0.00993	0.55493	0.09848	0.02933	0.01296	0.01301	0.00944	0.00635	0.00524	0.00160	0.00625	0.00470	0.00493	0.00854
10	0.01408	0.05285	0.15201	0.05341	0.46048	0.01302	0.02854	0.07165	0.01314	0.07387	0.01090	0.01312	0.00847	0.00510	0.00522	0.00161	0.00652	0.00463	0.00305	0.00831
11	0.67404	0.01153	0.01204	0.01039	0.03844	0.03649	0.11593	0.01618	0.00994	0.02252	0.00808	0.00974	0.00628	0.00493	0.00387	0.00167	0.00511	0.00349	0.00319	0.00612
12	0.02290	0.00959	0.01311	0.01011	0.01423	0.00863	0.03134	0.04148	0.06814	0.68898	0.02073	0.01816	0.01326	0.00662	0.00543	0.00168	0.00471	0.00546	0.00641	0.00903
13	0.01360	0.01483	0.01617	0.01403	0.01465	0.18903	0.01144	0.01482	0.00978	0.01297	0.00733	0.01128	0.00702	0.00853	0.01476	0.00213	0.62481	0.00442	0.00244	0.00595
14	0.01335	0.01153	0.01214	0.01092	0.01396	0.01335	0.00850	0.02852	0.76817	0.02245	0.02185	0.02003	0.01639	0.00728	0.00546	0.00182	0.00425	0.00607	0.00546	0.00850
15	0.01429	0.07237	0.01374	0.00988	0.01406	0.22168	0.00786	0.05606	0.01299	0.01684	0.00923	0.01065	0.00766	0.00458	0.00425	0.00102	0.00576	0.00332	0.00312	0.51065
16	0.01170	0.00563	0.00603	0.00566	0.00729	0.00553	0.00434	0.01445	0.02964	0.10743	0.01803	0.01981	0.01377	0.00632	0.00398	0.00131	0.00278	0.00507	0.72565	0.00556
17	0.01174	0.01174	0.01644	0.01409	0.01409	0.01644	0.01174	0.01292	0.00822	0.01292	0.00705	0.01174	0.00705	0.00940	0.01762	0.00235	0.80153	0.00470	0.00235	0.00587
18	0.00989	0.00942	0.01772	0.04890	0.05217	0.00937	0.28828	0.01275	0.01116	0.01521	0.05360	0.04188	0.06750	0.03270	0.23282	0.02814	0.00904	0.05039	0.00324	0.00582
19	0.01435	0.81458	0.02813	0.00918	0.01378	0.02124	0.00918	0.01607	0.01091	0.01263	0.00746	0.00861	0.00689	0.00459	0.00344	0.00115	0.00574	0.00287	0.00230	0.00689
20	0.01516	0.01232	0.01310	0.01119	0.01452	0.01401	0.00887	0.23477	0.53319	0.02564	0.04420	0.01867	0.01547	0.00717	0.00546	0.00176	0.00466	0.00584	0.00545	0.00856
21	0.00768	0.00572	0.00846	0.00846	0.00936	0.00662	0.00650	0.00948	0.00858	0.01234	0.01453	0.02194	0.01379	0.08711	0.74374	0.00842	0.01382	0.00588	0.00290	0.00470
22	0.84927	0.01038	0.00789	0.00706	0.01038	0.01204	0.00581	0.01578	0.00914	0.02408	0.00747	0.00872	0.00581	0.00498	0.00332	0.00166	0.00415	0.00291	0.00332	0.00581
23	0.00918	0.00535	0.00609	0.00599	0.00718	0.00540	0.00446	0.02347	0.01160	0.01870	0.14115	0.04698	0.03885	0.05517	0.10549	0.00252	0.00424	0.00645	0.49679	0.00493
24	0.02005	0.02558	0.01521	0.01383	0.01659	0.78980	0.01037	0.02143	0.01521	0.01314	0.00830	0.00968	0.00691	0.00553	0.00484	0.00138	0.00968	0.00346	0.00277	0.00622
25	0.00654	0.00506	0.00592	0.00652	0.00752	0.00449	0.00455	0.00771	0.01130	0.01434	0.07607	0.42372	0.35550	0.03606	0.00715	0.00208	0.00297	0.01310	0.00498	0.00444
26	0.00744	0.00548	0.00696	0.00659	0.00792	0.00500	0.00494	0.00983	0.01483	0.02066	0.68596	0.04153	0.14026	0.01130	0.00633	0.00170	0.00256	0.00991	0.00579	0.00500
27	0.01714	0.00787	0.01049	0.00891	0.02463	0.00711	0.00688	0.01977	0.04587	0.44567	0.25005	0.04516	0.02557	0.05154	0.00690	0.00188	0.00397	0.00710	0.00608	0.00743
28	0.01267	0.01448	0.03167	0.02262	0.02805	0.01357	0.75837	0.01719	0.01267	0.01719	0.01086	0.01448	0.00814	0.00452	0.00633	0.00181	0.00905	0.00633	0.00271	0.00724
29	0.00722	0.00552	0.00665	0.00659	0.00795	0.00502	0.00490	0.00946	0.03044	0.01822	0.42018	0.13954	0.27777	0.01254	0.00640	0.00181	0.00275	0.02669	0.00547	0.00488
30	0.00940	0.00831	0.01199	0.02908	0.01194	0.01061	0.02296	0.01086	0.00866	0.01270	0.01270	0.08394	0.01294	0.09036	0.31098	0.00495	0.33336	0.00628	0.00285	0.00514
31	0.84927	0.01038	0.00789	0.00706	0.01038	0.01204	0.00581	0.01578	0.00914	0.02408	0.00747	0.00872	0.00581	0.00498	0.00332	0.00166	0.00415	0.00291	0.00332	0.00581
32	0.01136	0.01031	0.01673	0.58403	0.16645	0.01214	0.01450	0.06261	0.01196	0.01592	0.01013	0.01423	0.00775	0.00536	0.00530	0.00172	0.00678	0.00478	0.03134	0.00659
33	0.01329	0.01275	0.02179	0.03295	0.77787	0.01275	0.01647	0.01647	0.01222	0.01754	0.01010	0.01329	0.00850	0.00478	0.00531	0.00159	0.00638	0.00478	0.00266	0.00850
34	0.01281	0.01181	0.04582	0.16902	0.02226	0.01172	0.23333	0.18032	0.01460	0.04091	0.01539	0.18735	0.01424	0.00788	0.00597	0.00183	0.00651	0.00753	0.00383	0.00686
35	0.00932	0.00466	0.00699	0.00699	0.00699	0.00466	0.00466	0.00699	0.00699	0.00932	0.00932	0.01632	0.00932	0.01865	0.02098	0.84382	0.00466	0.00466	0.00233	0.00233
36	0.00666	0.00500	0.00605	0.00674	0.00760	0.00455	0.00468	0.00785	0.01100	0.01429	0.06407	0.47424	0.27272	0.03330	0.03291	0.00230	0.00337	0.01307	0.02514	0.00445
37	0.00653	0.00471	0.00619	0.00736	0.00776	0.00437	0.00493	0.00749	0.01038	0.01375	0.03092	0.76712	0.07537	0.01664	0.00682	0.00216	0.00309	0.01505	0.00498	0.00437
38	0.00858	0.00544	0.00642	0.00631	0.00667	0.00540	0.00385	0.00891	0.00850	0.05234	0.01849	0.06705	0.03934	0.65695	0.07982	0.00504	0.00568	0.00794	0.00353	0.00376
39	0.01211	0.01012	0.01166	0.00842	0.01314	0.00816	0.00677	0.09269	0.01263	0.01922	0.00990	0.01132	0.00808	0.00424	0.00412	0.00088	0.00418	0.00336	0.00341	0.75560
40	0.01113	0.00954	0.01113	0.00795	0.01272	0.00716	0.00636	0.01352	0.01113	0.01749	0.00954	0.01113	0.00795	0.00398	0.00398	0.00080	0.00398	0.00318	0.00318	0.84417
41	0.03345	0.21615	0.27651	0.01396	0.05763	0.15516	0.03014	0.10008	0.03850	0.01747	0.00963	0.01094	0.00751	0.00524	0.00469	0.00150	0.00723	0.00384	0.00287	0.00749
42	0.01508	0.03613	0.10596	0.02969	0.01565	0.04393	0.02826	0.13844	0.29374	0.10632	0.01720	0.01799	0.01292	0.00671	0.00524	0.00169	0.00530	0.02953	0.08229	0.00793

[dist]
# distance from previous block
# <min> <max>
0	2

[block]
# block no. 9 follows, 45 sequences, length 26
# corresponding to MSA columns:
# 309-334
name=unknown_J
#
# <colnr> <probs for GDERKNQSTAVLIFYWHMCP>
#	G	D	E	R	K	N	Q	S	T	A	V	L	I	F	Y	W	H	M	C	P
0	0.09905	0.05188	0.06387	0.01218	0.08463	0.09653	0.03457	0.07874	0.03000	0.07711	0.06669	0.04882	0.01327	0.05230	0.01862	0.00179	0.00565	0.00515	0.01658	0.14255
1	0.00703	0.00501	0.00673	0.00793	0.00843	0.00477	0.00571	0.00826	0.01064	0.01410	0.02892	0.62351	0.03400	0.04245	0.00764	0.00234	0.00357	0.16958	0.00492	0.00445
2	0.01204	0.01314	0.06994	0.04028	0.16780	0.03851	0.23146	0.03607	0.11460	0.01741	0.01710	0.08547	0.07579	0.00716	0.00646	0.00180	0.04760	0.00676	0.00347	0.00714
3	0.01263	0.01055	0.02752	0.03084	0.01418	0.00888	0.02215	0.11778	0.03113	0.03824	0.03592	0.01309	0.00995	0.00482	0.00442	0.00106	0.00444	0.00391	0.02543	0.58307
4	0.01298	0.01091	0.01169	0.01044	0.01330	0.01241	0.00813	0.06888	0.62137	0.02299	0.12460	0.02236	0.02066	0.00774	0.00558	0.00179	0.00411	0.00650	0.00552	0.00806
5	0.01014	0.00954	0.01610	0.79845	0.03697	0.01193	0.01491	0.01371	0.01073	0.01371	0.00954	0.01431	0.00716	0.00537	0.00537	0.00179	0.00716	0.00477	0.00239	0.00596
6	0.00730	0.00576	0.00662	0.00644	0.00800	0.00526	0.00481	0.00993	0.05673	0.01795	0.36327	0.08830	0.37554	0.01228	0.00632	0.00178	0.00275	0.01055	0.00541	0.00498
7	0.01113	0.00954	0.01113	0.00795	0.01272	0.00716	0.00636	0.01352	0.01113	0.01749	0.00954	0.01113	0.00795	0.00398	0.00398	0.00080	0.00398	0.00318	0.00318	0.84417
8	0.00768	0.00571	0.00840	0.00840	0.00928	0.00659	0.00643	0.00944	0.00856	0.01229	0.01458	0.02222	0.01391	0.10271	0.72831	0.00835	0.01364	0.00592	0.00291	0.00467
9	0.01077	0.02777	0.78354	0.01530	0.02323	0.01247	0.01983	0.01700	0.01133	0.01700	0.00963	0.01133	0.00680	0.00510	0.00510	0.00170	0.00793	0.00397	0.00227	0.00793
10	0.01077	0.02777	0.78354	0.01530	0.02323	0.01247	0.01983	0.01700	0.01133	0.01700	0.00963	0.01133	0.00680	0.00510	0.00510	0.00170	0.00793	0.00397	0.00227	0.00793
11	0.02013	0.01490	0.01596	0.01230	0.01654	0.01652	0.01014	0.73185	0.05380	0.03339	0.01323	0.01316	0.00941	0.00648	0.00537	0.00162	0.00584	0.00488	0.00537	0.00910
12	0.01737	0.01353	0.01440	0.01174	0.01549	0.01523	0.00947	0.44512	0.34503	0.02893	0.01674	0.01596	0.01225	0.00680	0.00541	0.00170	0.00519	0.00536	0.00541	0.00886
13	0.00695	0.00546	0.00628	0.00608	0.00762	0.00479	0.00456	0.00888	0.01367	0.01791	0.40371	0.04605	0.42423	0.01232	0.00634	0.00175	0.00263	0.01054	0.00543	0.00479
14	0.00768	0.00570	0.00837	0.00837	0.00924	0.00657	0.00639	0.00942	0.00855	0.01227	0.01461	0.02238	0.01398	0.11129	0.71982	0.00831	0.01353	0.00594	0.00291	0.00465
15	0.01754	0.01227	0.01305	0.01032	0.01378	0.01343	0.00842	0.55379	0.02138	0.03002	0.01416	0.01485	0.01041	0.00639	0.00492	0.00151	0.00497	0.00488	0.23591	0.00799
16	0.01207	0.01607	0.23361	0.10187	0.30745	0.04669	0.01510	0.02920	0.01206	0.03711	0.01296	0.10248	0.01170	0.00672	0.00548	0.00173	0.00658	0.03068	0.00302	0.00742
17	0.00868	0.03060	0.18849	0.01018	0.01278	0.00814	0.04455	0.01120	0.01025	0.01429	0.05409	0.19126	0.04512	0.14335	0.15142	0.00365	0.03405	0.02903	0.00348	0.00539
18	0.02005	0.02558	0.01521	0.01383	0.01659	0.78980	0.01037	0.02143	0.01521	0.01314	0.00830	0.00968	0.00691	0.00553	0.00484	0.00138	0.00968	0.00346	0.00277	0.00622
19	0.00760	0.00517	0.00587	0.00598	0.00612	0.00509	0.00346	0.00777	0.00829	0.01095	0.02022	0.10876	0.06376	0.69151	0.02421	0.00473	0.00487	0.00871	0.00351	0.00343
20	0.00785	0.00565	0.00749	0.00743	0.00789	0.00625	0.00516	0.00881	0.00822	0.01147	0.01541	0.02767	0.01621	0.41518	0.39699	0.00679	0.03169	0.00672	0.00304	0.00407
21	0.01541	0.00866	0.00961	0.00809	0.01075	0.00895	0.00645	0.18505	0.08378	0.17258	0.01758	0.01807	0.01286	0.00647	0.00459	0.00146	0.00383	0.00514	0.41360	0.00706
22	0.01095	0.00924	0.01098	0.03492	0.01318	0.00736	0.00664	0.03825	0.01151	0.01754	0.01167	0.09122	0.01073	0.00539	0.00436	0.00100	0.00406	0.00450	0.00341	0.70310
23	0.01703	0.09387	0.03795	0.01328	0.06079	0.13685	0.03158	0.26345	0.13702	0.06097	0.01317	0.01422	0.01012	0.00619	0.00540	0.00157	0.02525	0.01902	0.00423	0.04805
24	0.03321	0.03549	0.11138	0.05615	0.13096	0.06341	0.02289	0.08181	0.01342	0.07174	0.05376	0.03722	0.08153	0.00668	0.00517	0.00152	0.00557	0.02374	0.00371	0.16065
25	0.01206	0.09688	0.20638	0.01546	0.16085	0.05147	0.02590	0.04651	0.02696	0.04577	0.02924	0.13847	0.02748	0.00964	0.04823	0.02048	0.00651	0.02142	0.00337	0.00692

[dist]
# distance from previous block
# <min> <max>
2	10

[block]
# block no. 10 follows, 45 sequences, length 29
# corresponding to MSA columns:
# 354-364,370-387
name=unknown_K
#
# <colnr> <probs for GDERKNQSTAVLIFYWHMCP>
#	G	D	E	R	K	N	Q	S	T	A	V	L	I	F	Y	W	H	M	C	P
0	0.04475	0.04778	0.10304	0.01117	0.04423	0.02955	0.04999	0.10328	0.01309	0.03882	0.06605	0.19999	0.08787	0.02590	0.00653	0.00180	0.03745	0.00783	0.00406	0.07683
1	0.12266	0.14408	0.10133	0.04469	0.09001	0.09755	0.03555	0.10468	0.09073	0.03268	0.02362	0.01351	0.02374	0.00679	0.03016	0.00178	0.00642	0.00440	0.00343	0.02220
2	0.17687	0.06329	0.04330	0.04556	0.18812	0.12657	0.09615	0.09620	0.03385	0.01929	0.01012	0.02801	0.00828	0.00559	0.00537	0.00163	0.03696	0.00451	0.00317	0.00718
3	0.06263	0.00829	0.01045	0.00829	0.01175	0.00727	0.00669	0.01977	0.01395	0.42765	0.13854	0.02029	0.01806	0.00679	0.00506	0.00149	0.00393	0.00557	0.08546	0.13806
4	0.01038	0.00933	0.01520	0.27454	0.20937	0.01067	0.02752	0.01314	0.01043	0.01456	0.01167	0.01750	0.01021	0.03507	0.19747	0.00353	0.06749	0.02524	0.03047	0.00620
5	0.01058	0.00899	0.01337	0.09417	0.06078	0.00988	0.07524	0.08606	0.01283	0.01758	0.11170	0.13410	0.04579	0.02683	0.00836	0.00206	0.12145	0.13187	0.02247	0.00590
6	0.00778	0.00543	0.00657	0.00635	0.00771	0.00500	0.00481	0.01009	0.01395	0.01982	0.50056	0.03982	0.17661	0.01086	0.00597	0.00167	0.00265	0.03471	0.13470	0.00495
7	0.00983	0.04051	0.11665	0.00901	0.01198	0.03984	0.00810	0.01553	0.19745	0.01819	0.18783	0.03288	0.25319	0.00970	0.00581	0.00175	0.00422	0.02654	0.00473	0.00625
8	0.00661	0.00473	0.00629	0.00743	0.00780	0.00441	0.00499	0.00765	0.01060	0.01422	0.07921	0.75674	0.03651	0.01643	0.00682	0.00215	0.00308	0.01489	0.00504	0.00441
9	0.01327	0.03740	0.44178	0.03616	0.04632	0.09242	0.06568	0.11217	0.04133	0.01891	0.01069	0.01229	0.00786	0.00538	0.00514	0.00164	0.00749	0.00432	0.03202	0.00773
10	0.01486	0.00939	0.01168	0.00902	0.03230	0.00745	0.00703	0.01718	0.01251	0.24040	0.03427	0.01407	0.01071	0.00497	0.00449	0.00109	0.00417	0.00405	0.00425	0.55611
11	0.69541	0.01257	0.00957	0.00925	0.04867	0.11813	0.00696	0.01658	0.01011	0.02227	0.00771	0.00907	0.00609	0.00505	0.00363	0.00162	0.00501	0.00307	0.00321	0.00600
12	0.01386	0.62822	0.04386	0.01070	0.01508	0.04972	0.07232	0.01598	0.01136	0.01343	0.00963	0.01367	0.00905	0.00551	0.00412	0.00134	0.00616	0.06665	0.00258	0.00675
13	0.01209	0.00647	0.00854	0.00750	0.00956	0.00581	0.00581	0.01440	0.01498	0.23165	0.51637	0.05739	0.06753	0.01005	0.00609	0.00170	0.00312	0.00874	0.00605	0.00615
14	0.00654	0.00467	0.00623	0.00747	0.00779	0.00436	0.00498	0.00747	0.01028	0.01370	0.02959	0.80785	0.03550	0.01682	0.00685	0.00218	0.00311	0.01526	0.00498	0.00436
15	0.00706	0.00525	0.00596	0.00611	0.00695	0.00486	0.00408	0.00798	0.01049	0.01347	0.10222	0.15633	0.29935	0.30748	0.03633	0.00329	0.00400	0.01031	0.00437	0.00409
16	0.00739	0.00543	0.00693	0.00666	0.00792	0.00496	0.00495	0.00970	0.01456	0.02027	0.64992	0.08977	0.12827	0.01163	0.00637	0.00173	0.00259	0.01023	0.00575	0.00496
17	0.01113	0.00954	0.01113	0.00795	0.01272	0.00716	0.00636	0.01352	0.01113	0.01749	0.00954	0.01113	0.00795	0.00398	0.00398	0.00080	0.00398	0.00318	0.00318	0.84417
18	0.03096	0.01222	0.01614	0.32608	0.12732	0.10066	0.03356	0.03012	0.01156	0.02887	0.00947	0.01288	0.00760	0.00579	0.00667	0.01700	0.09116	0.00440	0.00274	0.12480
19	0.43830	0.01112	0.01284	0.01349	0.13947	0.01328	0.00938	0.01545	0.00961	0.04754	0.00829	0.01070	0.00689	0.00628	0.00785	0.00185	0.23438	0.00383	0.00305	0.00640
20	0.00932	0.00466	0.00699	0.00699	0.00699	0.00466	0.00466	0.00699	0.00699	0.00932	0.00932	0.01632	0.00932	0.01865	0.02098	0.84382	0.00466	0.00466	0.00233	0.00233
21	0.00932	0.00466	0.00699	0.00699	0.00699	0.00466	0.00466	0.00699	0.00699	0.00932	0.00932	0.01632	0.00932	0.01865	0.02098	0.84382	0.00466	0.00466	0.00233	0.00233
22	0.01174	0.01174	0.01644	0.01409	0.01409	0.01644	0.01174	0.01292	0.00822	0.01292	0.00705	0.01174	0.00705	0.00940	0.01762	0.00235	0.80153	0.00470	0.00235	0.00587
23	0.00768	0.00572	0.00845	0.00845	0.00935	0.00662	0.00650	0.00948	0.00858	0.01233	0.01454	0.02196	0.01380	0.08809	0.74276	0.00841	0.01381	0.00588	0.00290	0.00470
24	0.00760	0.00549	0.00718	0.00675	0.00802	0.00506	0.00506	0.01013	0.01519	0.02153	0.77503	0.04010	0.05065	0.01097	0.00633	0.00169	0.00253	0.00971	0.00591	0.00506
25	0.01110	0.02544	0.65171	0.01658	0.02408	0.01266	0.14932	0.01703	0.01157	0.01703	0.00985	0.01188	0.00704	0.00500	0.00532	0.00172	0.00813	0.00438	0.00235	0.00781
26	0.02059	0.01778	0.01488	0.01232	0.01594	0.30985	0.00975	0.30435	0.05755	0.16438	0.01314	0.01303	0.00943	0.00618	0.00518	0.00154	0.00701	0.00448	0.00462	0.00799
27	0.00733	0.00562	0.00752	0.00911	0.05965	0.00533	0.00595	0.00902	0.03132	0.01486	0.07211	0.55329	0.12705	0.01492	0.00665	0.00207	0.00339	0.05508	0.00489	0.00484
28	0.04140	0.39382	0.30516	0.01201	0.01773	0.03825	0.03334	0.04658	0.01190	0.04232	0.00907	0.01031	0.00717	0.00496	0.00431	0.00143	0.00666	0.00355	0.00262	0.00740

[dist]
# distance from previous block
# <min> <max>
0	1

[block]
# block no. 11 follows, 45 sequences, length 35
# corresponding to MSA columns:
# 389-400,402-424
name=unknown_L
#
# <colnr> <probs for GDERKNQSTAVLIFYWHMCP>
#	G	D	E	R	K	N	Q	S	T	A	V	L	I	F	Y	W	H	M	C	P
0	0.00919	0.00742	0.00892	0.00832	0.01011	0.00746	0.02672	0.01432	0.21196	0.01748	0.16051	0.21021	0.09906	0.11068	0.00866	0.00222	0.00376	0.00936	0.00486	0.06877
1	0.02044	0.01492	0.01472	0.01179	0.01568	0.13124	0.00952	0.40361	0.10039	0.19962	0.01503	0.01439	0.01051	0.00644	0.00531	0.00161	0.00600	0.00488	0.00528	0.00862
2	0.00684	0.00524	0.00632	0.00670	0.00785	0.00473	0.00489	0.00839	0.01218	0.01585	0.20562	0.29588	0.31567	0.01473	0.02446	0.00209	0.00319	0.04959	0.00514	0.00462
3	0.02064	0.01544	0.01549	0.01215	0.01623	0.10157	0.00991	0.57529	0.03929	0.11935	0.01355	0.01332	0.00953	0.00638	0.00532	0.00160	0.00613	0.00477	0.00523	0.00879
4	0.00725	0.00536	0.00654	0.00643	0.00755	0.00490	0.00461	0.00904	0.01309	0.01777	0.44645	0.12023	0.19735	0.11877	0.00918	0.00223	0.00299	0.01036	0.00527	0.00464
5	0.02005	0.02558	0.01521	0.01383	0.01659	0.78980	0.01037	0.02143	0.01521	0.01314	0.00830	0.00968	0.00691	0.00553	0.00484	0.00138	0.00968	0.00346	0.00277	0.00622
6	0.00985	0.00727	0.00855	0.00798	0.00993	0.00741	0.00618	0.04334	0.16388	0.05763	0.23459	0.05649	0.20221	0.01421	0.10036	0.00261	0.00469	0.03804	0.01881	0.00593
7	0.00932	0.00466	0.00699	0.00699	0.00699	0.00466	0.00466	0.00699	0.00699	0.00932	0.00932	0.01632	0.00932	0.01865	0.02098	0.84382	0.00466	0.00466	0.00233	0.00233
8	0.06734	0.00543	0.00630	0.00677	0.00787	0.00508	0.00481	0.00860	0.01158	0.01603	0.16511	0.41260	0.23509	0.01408	0.00637	0.00196	0.00298	0.01234	0.00503	0.00463
9	0.04833	0.01014	0.01314	0.01070	0.06873	0.00821	0.05759	0.01408	0.01122	0.01777	0.00958	0.01140	0.00791	0.00411	0.00420	0.00096	0.00450	0.00350	0.00312	0.69083
10	0.00759	0.00607	0.00824	0.00859	0.00923	0.00636	0.02299	0.00920	0.03331	0.01442	0.06133	0.56383	0.08472	0.01483	0.00802	0.00214	0.09742	0.03225	0.00468	0.00479
11	0.01273	0.07299	0.30561	0.01620	0.16595	0.05334	0.02588	0.01660	0.01205	0.06696	0.02714	0.01407	0.03905	0.00539	0.00494	0.00148	0.00640	0.00443	0.00300	0.14578
12	0.01366	0.03198	0.10643	0.05333	0.10638	0.07273	0.05851	0.07196	0.18743	0.07194	0.07659	0.01897	0.05083	0.00670	0.00537	0.00166	0.00569	0.00569	0.04670	0.00746
13	0.01435	0.81458	0.02813	0.00918	0.01378	0.02124	0.00918	0.01607	0.01091	0.01263	0.00746	0.00861	0.00689	0.00459	0.00344	0.00115	0.00574	0.00287	0.00230	0.00689
14	0.02810	0.11132	0.03559	0.00939	0.01200	0.15525	0.00777	0.04359	0.05932	0.05031	0.06649	0.06199	0.08281	0.00793	0.00557	0.00157	0.04182	0.04217	0.14073	0.03626
15	0.01270	0.15396	0.26743	0.07031	0.07231	0.01337	0.04114	0.10331	0.01316	0.03887	0.04699	0.01568	0.03046	0.00686	0.02374	0.00178	0.02644	0.02035	0.03386	0.00728
16	0.03874	0.04186	0.12470	0.01317	0.05592	0.03379	0.05573	0.23422	0.08170	0.17866	0.01547	0.07583	0.01201	0.00684	0.00538	0.00169	0.00583	0.00567	0.00464	0.00815
17	0.01119	0.01043	0.01910	0.50715	0.03145	0.01160	0.20079	0.01475	0.01147	0.05227	0.01261	0.05059	0.03088	0.00596	0.00571	0.00181	0.00720	0.00584	0.00287	0.00633
18	0.00688	0.00512	0.00636	0.00675	0.00770	0.00465	0.00477	0.00841	0.01227	0.01637	0.27989	0.36891	0.20381	0.03393	0.00708	0.00201	0.00289	0.01238	0.00524	0.00460
19	0.03520	0.07948	0.21943	0.07310	0.25593	0.03530	0.01481	0.18690	0.01477	0.02053	0.01026	0.01218	0.00787	0.00530	0.00507	0.00160	0.00671	0.00435	0.00315	0.00807
20	0.01077	0.02777	0.78354	0.01530	0.02323	0.01247	0.01983	0.01700	0.01133	0.01700	0.00963	0.01133	0.00680	0.00510	0.00510	0.00170	0.00793	0.00397	0.00227	0.00793
21	0.04877	0.00879	0.01047	0.00849	0.01157	0.00856	0.00679	0.13206	0.03164	0.37447	0.01819	0.01889	0.01305	0.06890	0.00661	0.00183	0.00428	0.00532	0.21380	0.00751
22	0.00658	0.00500	0.00601	0.00679	0.00763	0.00450	0.00471	0.00767	0.01092	0.01392	0.03758	0.50041	0.28791	0.04424	0.00743	0.00217	0.00311	0.03412	0.00492	0.00440
23	0.00885	0.00645	0.00785	0.00728	0.00896	0.00625	0.00553	0.01298	0.11920	0.04868	0.55806	0.03788	0.13002	0.01061	0.00618	0.00172	0.00287	0.00924	0.00577	0.00563
24	0.01321	0.01297	0.02088	0.12603	0.49066	0.04987	0.08681	0.04336	0.01252	0.01715	0.01050	0.01462	0.00882	0.00543	0.00602	0.00169	0.04303	0.02589	0.00278	0.00775
25	0.00797	0.00678	0.00888	0.00873	0.00978	0.02710	0.04972	0.00957	0.02706	0.01397	0.02931	0.40125	0.17429	0.06920	0.04487	0.00258	0.06624	0.03355	0.00438	0.00478
26	0.00687	0.00534	0.00601	0.00634	0.00743	0.00485	0.00440	0.00833	0.03216	0.01417	0.07143	0.28143	0.38122	0.13374	0.00962	0.00243	0.00325	0.01180	0.00478	0.00442
27	0.00790	0.00568	0.00693	0.00690	0.00843	0.00512	0.00537	0.00990	0.01346	0.04738	0.33182	0.08051	0.31210	0.01263	0.00649	0.00188	0.00308	0.12405	0.00541	0.00498
28	0.08361	0.01554	0.17474	0.01375	0.05701	0.07670	0.09440	0.05371	0.08458	0.22358	0.01463	0.03841	0.01076	0.00701	0.02606	0.00187	0.00650	0.00515	0.00418	0.00781
29	0.03202	0.07512	0.03938	0.14413	0.11768	0.12645	0.17381	0.09189	0.09534	0.01808	0.01159	0.01439	0.00915	0.00558	0.00535	0.00166	0.00720	0.02067	0.00324	0.00728
30	0.00789	0.00574	0.00681	0.00686	0.00808	0.00542	0.00504	0.02856	0.01167	0.03142	0.12295	0.12700	0.28889	0.17489	0.06332	0.00304	0.00438	0.08879	0.00465	0.00460
31	0.27724	0.00917	0.05149	0.00770	0.01029	0.00890	0.00649	0.06431	0.04793	0.04315	0.11267	0.08146	0.03543	0.00769	0.00466	0.00164	0.00383	0.02601	0.19402	0.00593
