[name]
unknown

[dist]
# distance from previous block
# <min> <max>
0	199

[block]
# block no. 0 follows, 46 sequences, length 89
# corresponding to MSA columns:
# 199-287
name=unknown_A
#
# <colnr> <probs for GDERKNQSTAVLIFYWHMCP>
#	G	D	E	R	K	N	Q	S	T	A	V	L	I	F	Y	W	H	M	C	P
0	0.00798	0.00598	0.00798	0.00889	0.06594	0.00622	0.00562	0.00900	0.00902	0.01227	0.03262	0.09026	0.07356	0.38499	0.20557	0.00497	0.02540	0.03603	0.00341	0.00429
1	0.00839	0.00753	0.06419	0.00958	0.01134	0.00633	0.00875	0.01095	0.01208	0.01570	0.02983	0.05505	0.12174	0.01376	0.00701	0.00230	0.00481	0.60096	0.00468	0.00503
2	0.01175	0.06961	0.01702	0.01353	0.01386	0.01653	0.01138	0.01295	0.00829	0.01270	0.00697	0.01134	0.00693	0.00891	0.01634	0.00223	0.74699	0.00450	0.00231	0.00586
3	0.01105	0.01041	0.04660	0.03349	0.08142	0.00790	0.00799	0.01366	0.01101	0.01702	0.00953	0.01142	0.00790	0.00468	0.01758	0.00105	0.00456	0.00339	0.00302	0.69632
4	0.01026	0.00949	0.01547	0.69218	0.07044	0.02553	0.01395	0.01330	0.01046	0.01337	0.00939	0.01410	0.00726	0.00620	0.00638	0.06257	0.00688	0.00467	0.00237	0.00574
5	0.01909	0.02535	0.07058	0.01372	0.01681	0.73675	0.01089	0.02080	0.01471	0.01321	0.00827	0.00965	0.00680	0.00542	0.00479	0.00138	0.00941	0.00344	0.00269	0.00625
6	0.00933	0.00837	0.01143	0.10280	0.18804	0.00808	0.00864	0.01242	0.06639	0.01578	0.02980	0.05994	0.33526	0.00897	0.00557	0.00162	0.00427	0.00772	0.00391	0.11166
7	0.00755	0.00565	0.00839	0.00836	0.00933	0.00649	0.00649	0.00948	0.00896	0.01292	0.06921	0.02212	0.01586	0.03757	0.73657	0.00800	0.01332	0.00594	0.00305	0.00474
8	0.01368	0.01259	0.01903	0.20169	0.49870	0.07353	0.01480	0.01669	0.01216	0.07138	0.01047	0.01338	0.00829	0.00503	0.00521	0.00160	0.00658	0.00465	0.00285	0.00768
9	0.01281	0.02655	0.06841	0.07028	0.16788	0.08068	0.06723	0.05596	0.22388	0.01847	0.06690	0.01692	0.01338	0.00860	0.06232	0.00216	0.02113	0.00538	0.00371	0.00733
10	0.01172	0.01096	0.07001	0.10181	0.04310	0.02212	0.03527	0.01452	0.01163	0.07211	0.06351	0.01460	0.02301	0.00514	0.00486	0.00120	0.02073	0.00429	0.00337	0.46603
11	0.01071	0.00920	0.01112	0.06498	0.01405	0.00727	0.00682	0.01308	0.01090	0.01681	0.01020	0.04357	0.00887	0.00453	0.00413	0.00091	0.00411	0.00373	0.00315	0.75188
12	0.01714	0.41027	0.02122	0.01113	0.01493	0.31429	0.00957	0.09820	0.01397	0.03330	0.00856	0.00956	0.00718	0.00512	0.00416	0.00128	0.00712	0.00331	0.00286	0.00682
13	0.00766	0.00522	0.00623	0.00623	0.00639	0.00538	0.00378	0.00799	0.00783	0.01059	0.01623	0.03224	0.01820	0.68242	0.15730	0.00570	0.00666	0.00734	0.00314	0.00346
14	0.02823	0.01170	0.01882	0.02540	0.53789	0.01153	0.04247	0.04496	0.03238	0.05674	0.05709	0.01543	0.02271	0.00536	0.00523	0.00154	0.00573	0.00507	0.00326	0.06845
15	0.01202	0.04337	0.14348	0.07795	0.20169	0.02525	0.32427	0.01623	0.02297	0.01671	0.04209	0.01498	0.02361	0.00514	0.00561	0.00168	0.00745	0.00546	0.00276	0.00729
16	0.00692	0.00517	0.00724	0.00917	0.06339	0.00489	0.00572	0.00800	0.01026	0.01377	0.02775	0.75330	0.03305	0.01571	0.00664	0.00211	0.00330	0.01429	0.00474	0.00459
17	0.02051	0.00901	0.01197	0.03952	0.01390	0.00812	0.00778	0.06590	0.01498	0.57988	0.06011	0.01830	0.01425	0.00712	0.01950	0.00169	0.00464	0.00533	0.02868	0.06880
18	0.00851	0.02970	0.07479	0.01112	0.11775	0.00735	0.00783	0.01157	0.06665	0.01629	0.14500	0.21577	0.24501	0.01114	0.00598	0.00180	0.00386	0.00972	0.00447	0.00567
19	0.01015	0.10709	0.10764	0.01461	0.14429	0.01025	0.10230	0.02446	0.03750	0.01548	0.01999	0.29041	0.07497	0.00954	0.00572	0.00178	0.00526	0.00866	0.00363	0.00628
20	0.00920	0.00775	0.01022	0.00934	0.01064	0.05612	0.06062	0.04084	0.00967	0.01305	0.01404	0.02238	0.01362	0.20791	0.48315	0.00653	0.01112	0.00598	0.00300	0.00481
21	0.01244	0.03458	0.05364	0.00963	0.03954	0.00904	0.00785	0.10801	0.01271	0.03284	0.00998	0.01146	0.00804	0.00476	0.00466	0.02394	0.00452	0.00350	0.00335	0.60551
22	0.04139	0.10316	0.60562	0.01381	0.02077	0.01327	0.01697	0.07068	0.01215	0.04121	0.00978	0.01113	0.00703	0.00511	0.00483	0.00161	0.00723	0.00387	0.00262	0.00776
23	0.00762	0.00513	0.00587	0.00589	0.00599	0.00508	0.00340	0.00784	0.00831	0.01116	0.07201	0.06499	0.02204	0.72547	0.02464	0.00476	0.00486	0.00811	0.00346	0.00337
24	0.02684	0.01146	0.01716	0.37610	0.12202	0.06054	0.09801	0.07782	0.01276	0.07376	0.01146	0.03461	0.00889	0.00563	0.00530	0.00168	0.00669	0.00509	0.03744	0.00676
25	0.01324	0.11256	0.11439	0.06752	0.30415	0.04655	0.11635	0.05865	0.02633	0.03071	0.01079	0.04052	0.00897	0.00533	0.00514	0.00157	0.00668	0.00491	0.00288	0.02274
26	0.00911	0.06587	0.01040	0.00895	0.03885	0.03578	0.00662	0.01063	0.01108	0.01481	0.17856	0.03056	0.20298	0.12394	0.06771	0.00272	0.14217	0.00754	0.02668	0.00503
27	0.01742	0.00844	0.01075	0.00888	0.01194	0.00798	0.00709	0.05596	0.10907	0.42757	0.18327	0.06771	0.02241	0.00809	0.00556	0.00168	0.00396	0.00682	0.02773	0.00769
28	0.01225	0.01110	0.01436	0.05555	0.26653	0.05071	0.02222	0.12108	0.09945	0.01901	0.04823	0.02464	0.21693	0.00780	0.00556	0.00166	0.00514	0.00670	0.00402	0.00705
29	0.01013	0.00904	0.01403	0.01294	0.06922	0.00904	0.16048	0.02838	0.15814	0.01819	0.15073	0.10448	0.10659	0.00968	0.00619	0.00187	0.00487	0.11525	0.00453	0.00625
30	0.04688	0.61985	0.06529	0.03425	0.06668	0.06451	0.01019	0.01613	0.01103	0.01349	0.00775	0.00916	0.00685	0.00465	0.00373	0.00124	0.00602	0.00310	0.00235	0.00684
31	0.00689	0.00520	0.00638	0.00680	0.00781	0.00464	0.00472	0.00810	0.01093	0.01449	0.10623	0.47232	0.19144	0.06107	0.00757	0.00210	0.00311	0.01241	0.00477	0.06301
32	0.03174	0.06787	0.01429	0.01106	0.01458	0.10520	0.00891	0.20377	0.33159	0.13004	0.01652	0.01563	0.01207	0.00646	0.00511	0.00162	0.00535	0.00502	0.00496	0.00819
33	0.85155	0.01022	0.00777	0.00695	0.01022	0.01186	0.00573	0.01554	0.00900	0.02372	0.00736	0.00859	0.00573	0.00491	0.00327	0.00164	0.00409	0.00286	0.00327	0.00573
34	0.01293	0.01273	0.03321	0.08937	0.65532	0.02688	0.01562	0.01677	0.05377	0.01716	0.01050	0.01343	0.00864	0.00491	0.00523	0.00159	0.00631	0.00474	0.00274	0.00813
35	0.00805	0.00573	0.00715	0.00685	0.00822	0.00532	0.00510	0.03853	0.01420	0.03925	0.51245	0.15602	0.14962	0.01177	0.00625	0.00175	0.00279	0.01032	0.00555	0.00507
36	0.05372	0.01197	0.01657	0.13041	0.24191	0.02840	0.04547	0.13401	0.13726	0.01977	0.02798	0.01558	0.02326	0.02538	0.00665	0.00179	0.06371	0.00515	0.00358	0.00744
37	0.00658	0.00516	0.00576	0.00600	0.00720	0.00455	0.00424	0.00780	0.01146	0.01442	0.12195	0.22205	0.45057	0.09783	0.00853	0.00221	0.00300	0.01151	0.00483	0.00435
38	0.01562	0.56966	0.02399	0.01124	0.04540	0.23026	0.00965	0.01728	0.01195	0.01277	0.00768	0.00895	0.00686	0.00478	0.00384	0.00121	0.00673	0.00306	0.00240	0.00667
39	0.00768	0.00515	0.00587	0.00587	0.00591	0.00518	0.00334	0.00776	0.00772	0.01033	0.01656	0.03406	0.01899	0.78423	0.05657	0.00526	0.00547	0.00761	0.00319	0.00326
40	0.01344	0.01329	0.02138	0.05939	0.61237	0.05437	0.07442	0.03816	0.01246	0.01723	0.00990	0.01298	0.00820	0.00490	0.00557	0.00160	0.02487	0.00476	0.00269	0.00802
41	0.01622	0.39792	0.05344	0.02488	0.05548	0.34352	0.01043	0.01806	0.01260	0.01310	0.00795	0.00936	0.00688	0.00495	0.00416	0.00128	0.00742	0.00324	0.00247	0.00662
42	0.01100	0.01482	0.24537	0.08589	0.08312	0.00989	0.05645	0.01492	0.02535	0.04381	0.07335	0.04587	0.02439	0.00592	0.00530	0.00148	0.02158	0.00508	0.00318	0.22324
43	0.09524	0.11626	0.33861	0.07518	0.12471	0.02733	0.05127	0.01587	0.01092	0.01643	0.00914	0.01146	0.00714	0.00598	0.02658	0.00179	0.03580	0.00400	0.00247	0.02383
44	0.03853	0.01073	0.01239	0.00995	0.01340	0.01122	0.00809	0.25933	0.12405	0.29187	0.03103	0.01674	0.01259	0.00663	0.00542	0.00161	0.02631	0.00518	0.10674	0.00818
45	0.00664	0.00479	0.00630	0.00715	0.00770	0.00444	0.00489	0.00790	0.01117	0.01508	0.18145	0.62818	0.06411	0.01529	0.00663	0.00204	0.00294	0.01379	0.00509	0.00444
46	0.01038	0.00916	0.01502	0.62976	0.04326	0.01134	0.01333	0.01320	0.01024	0.03336	0.00994	0.03245	0.00801	0.00682	0.00739	0.06158	0.07160	0.00494	0.00252	0.00570
47	0.01205	0.00727	0.00889	0.00784	0.01007	0.00692	0.00612	0.08313	0.05209	0.17934	0.32296	0.08232	0.15908	0.01023	0.00598	0.00173	0.00343	0.02866	0.00566	0.00622
48	0.00647	0.00461	0.00613	0.00732	0.00762	0.00431	0.00487	0.00737	0.01006	0.01342	0.02884	0.79206	0.03459	0.03578	0.00723	0.00222	0.00312	0.01485	0.00487	0.00427
49	0.01487	0.01149	0.01239	0.01077	0.01400	0.01297	0.00848	0.10381	0.62261	0.09583	0.02054	0.01883	0.01511	0.00703	0.00536	0.00176	0.00438	0.00579	0.00548	0.00849
50	0.01209	0.01559	0.21678	0.06167	0.31656	0.01198	0.08677	0.03914	0.05561	0.01783	0.01129	0.01375	0.00879	0.00522	0.00536	0.00162	0.02135	0.00474	0.08623	0.00761
51	0.01174	0.00781	0.00870	0.00785	0.01003	0.00821	0.00608	0.04675	0.25161	0.08612	0.17525	0.02512	0.06566	0.00842	0.01784	0.00169	0.00351	0.00660	0.24451	0.00649
52	0.00657	0.00461	0.00609	0.00727	0.00761	0.00432	0.00486	0.00755	0.01016	0.01373	0.02868	0.78044	0.03414	0.01616	0.00663	0.00211	0.00304	0.01464	0.03705	0.00432
53	0.00644	0.00460	0.00613	0.00736	0.00767	0.00429	0.00491	0.00736	0.01012	0.01350	0.02914	0.81076	0.03497	0.01656	0.00675	0.00215	0.00307	0.01503	0.00491	0.00429
54	0.01270	0.01228	0.03579	0.02881	0.63250	0.01199	0.05857	0.01577	0.01191	0.03130	0.01158	0.05986	0.01034	0.00571	0.00567	0.00165	0.02275	0.02004	0.00286	0.00795
55	0.01302	0.01335	0.06056	0.06610	0.26611	0.03236	0.03291	0.09270	0.01171	0.01673	0.00893	0.01233	0.00764	0.00680	0.01019	0.00189	0.33218	0.00465	0.00274	0.00712
56	0.01413	0.81739	0.02770	0.00905	0.01357	0.02092	0.00905	0.01583	0.01074	0.01244	0.00735	0.00848	0.00678	0.00452	0.00339	0.00113	0.00565	0.00283	0.00226	0.00678
57	0.00774	0.00512	0.00587	0.00587	0.00589	0.00514	0.00333	0.00770	0.00768	0.01026	0.01634	0.03363	0.01873	0.76862	0.04415	0.03473	0.00531	0.00753	0.00316	0.00321
58	0.17827	0.24339	0.01817	0.01213	0.04415	0.33190	0.04281	0.03143	0.01246	0.01559	0.00802	0.00950	0.00675	0.00510	0.00442	0.00140	0.02201	0.00336	0.00273	0.00641
59	0.00644	0.00460	0.00613	0.00736	0.00767	0.00429	0.00491	0.00736	0.01012	0.01350	0.02914	0.81076	0.03497	0.01656	0.00675	0.00215	0.00307	0.01503	0.00491	0.00429
60	0.01384	0.33685	0.11749	0.03644	0.07063	0.10411	0.05613	0.05746	0.02517	0.01500	0.00925	0.02682	0.00805	0.02018	0.00604	0.00155	0.08136	0.00408	0.00266	0.00689
61	0.00721	0.00535	0.00671	0.00647	0.00775	0.00485	0.00482	0.00940	0.01416	0.01953	0.60722	0.08905	0.17469	0.01161	0.00627	0.00171	0.00256	0.01017	0.00561	0.00485
62	0.01308	0.15152	0.22350	0.04105	0.12083	0.12106	0.02550	0.04749	0.05954	0.01627	0.02483	0.03998	0.00994	0.02931	0.00567	0.00163	0.01922	0.00460	0.01860	0.02640
63	0.00650	0.00536	0.00574	0.00600	0.00747	0.00469	0.00436	0.00815	0.03458	0.01433	0.04673	0.23211	0.57759	0.01396	0.00634	0.00187	0.00282	0.01193	0.00492	0.00454
64	0.01072	0.00911	0.01069	0.00775	0.01220	0.00690	0.00617	0.01308	0.01125	0.01751	0.06383	0.01298	0.01081	0.00440	0.00408	0.00085	0.00381	0.00359	0.00332	0.78696
65	0.01122	0.01076	0.09942	0.03145	0.05286	0.01992	0.00836	0.02489	0.01195	0.08088	0.07784	0.10963	0.06608	0.00706	0.00497	0.00134	0.00444	0.00599	0.00383	0.36712
66	0.10244	0.25321	0.07841	0.01320	0.08475	0.27255	0.01059	0.06657	0.04436	0.01629	0.00895	0.01020	0.00735	0.00515	0.00433	0.00140	0.00695	0.00353	0.00287	0.00689
67	0.01259	0.01259	0.01854	0.21174	0.38944	0.08157	0.03603	0.01597	0.04225	0.01561	0.01004	0.01346	0.00827	0.00662	0.03394	0.00192	0.07486	0.00471	0.00266	0.00719
68	0.00644	0.00460	0.00613	0.00736	0.00767	0.00429	0.00491	0.00736	0.01012	0.01350	0.02914	0.81076	0.03497	0.01656	0.00675	0.00215	0.00307	0.01503	0.00491	0.00429
69	0.00829	0.00730	0.00732	0.00699	0.00850	0.08213	0.00522	0.01028	0.01394	0.01811	0.46584	0.06938	0.25463	0.01124	0.00611	0.00169	0.00326	0.00962	0.00522	0.00492
70	0.01096	0.00940	0.01096	0.00783	0.01253	0.00705	0.00626	0.01331	0.01096	0.01723	0.00940	0.01096	0.00783	0.00392	0.00392	0.00078	0.00392	0.00313	0.00313	0.84653
71	0.01540	0.01085	0.01202	0.01047	0.01369	0.01200	0.00824	0.02759	0.61025	0.18487	0.02138	0.01935	0.01549	0.00704	0.00537	0.00176	0.00425	0.00584	0.00563	0.00850
72	0.00645	0.00484	0.00599	0.00680	0.00754	0.00438	0.00468	0.00757	0.01090	0.01414	0.07883	0.56966	0.22820	0.01541	0.00659	0.00203	0.00293	0.01371	0.00496	0.00438
73	0.01114	0.00956	0.01104	0.00807	0.01263	0.00754	0.00644	0.01452	0.07302	0.01763	0.01039	0.01168	0.00851	0.00418	0.00403	0.00087	0.00394	0.00336	0.00332	0.77816
74	0.00656	0.00473	0.00626	0.00737	0.00779	0.00437	0.00494	0.00752	0.01014	0.01359	0.02862	0.78986	0.03426	0.01623	0.00667	0.00211	0.00309	0.01472	0.00486	0.02630
75	0.00998	0.00940	0.01586	0.80150	0.03641	0.01175	0.01468	0.01351	0.01057	0.01351	0.00940	0.01409	0.00705	0.00529	0.00529	0.00176	0.00705	0.00470	0.00235	0.00587
76	0.00660	0.00471	0.00632	0.00754	0.00792	0.00443	0.00518	0.00763	0.01028	0.01367	0.02905	0.75357	0.03462	0.01641	0.00679	0.00217	0.00320	0.07066	0.00490	0.00434
77	0.01975	0.02520	0.01498	0.01362	0.01634	0.79299	0.01021	0.02111	0.01498	0.01294	0.00817	0.00953	0.00681	0.00545	0.00477	0.00136	0.00953	0.00340	0.00272	0.00613
78	0.00755	0.00566	0.00850	0.00850	0.00944	0.00661	0.00661	0.00944	0.00850	0.01227	0.01416	0.02077	0.01322	0.03965	0.79326	0.00850	0.01416	0.00566	0.00283	0.00472
79	0.00638	0.00527	0.00560	0.00570	0.00727	0.00449	0.00421	0.00777	0.01209	0.01481	0.11550	0.13820	0.62740	0.01353	0.00630	0.00182	0.00271	0.01146	0.00499	0.00449
80	0.00684	0.00514	0.00691	0.00786	0.00815	0.00521	0.00542	0.00777	0.00997	0.01344	0.02743	0.74920	0.03281	0.01600	0.00756	0.00216	0.06480	0.01423	0.00471	0.00441
81	0.00912	0.00461	0.00684	0.00684	0.00684	0.00461	0.00454	0.00692	0.00692	0.00923	0.00949	0.01682	0.00959	0.05058	0.02091	0.81214	0.00461	0.00472	0.00233	0.00233
82	0.00644	0.00528	0.00569	0.00589	0.00742	0.00454	0.00439	0.00782	0.01194	0.01460	0.08724	0.15819	0.60336	0.01375	0.00636	0.00186	0.00282	0.04297	0.00496	0.00448
83	0.01089	0.02697	0.76348	0.01498	0.02268	0.01240	0.01925	0.03935	0.01158	0.01724	0.00958	0.01121	0.00677	0.00506	0.00503	0.00167	0.00775	0.00393	0.00232	0.00785
84	0.01413	0.81739	0.02770	0.00905	0.01357	0.02092	0.00905	0.01583	0.01074	0.01244	0.00735	0.00848	0.00678	0.00452	0.00339	0.00113	0.00565	0.00283	0.00226	0.00678
85	0.00639	0.00479	0.00594	0.00686	0.00753	0.00434	0.00468	0.00742	0.01061	0.01369	0.03529	0.61919	0.22256	0.01576	0.00662	0.00206	0.00297	0.01405	0.00491	0.00434
86	0.04044	0.00561	0.00727	0.00811	0.00912	0.00544	0.00632	0.00969	0.01137	0.03285	0.07787	0.35322	0.07822	0.03359	0.00721	0.00224	0.00383	0.29802	0.00489	0.00471
87	0.01476	0.09382	0.09366	0.07928	0.17800	0.14737	0.07662	0.02998	0.05613	0.09858	0.01258	0.01413	0.03460	0.00573	0.00563	0.00160	0.04227	0.00471	0.00323	0.00730
88	0.04491	0.00861	0.01124	0.01048	0.03087	0.01022	0.00801	0.05158	0.03283	0.06779	0.05983	0.13369	0.05484	0.08859	0.08465	0.00292	0.26707	0.02246	0.00378	0.00563

[dist]
# distance from previous block
# <min> <max>
4	9

[block]
# block no. 1 follows, 46 sequences, length 22
# corresponding to MSA columns:
# 297-318
name=unknown_B
#
# <colnr> <probs for GDERKNQSTAVLIFYWHMCP>
#	G	D	E	R	K	N	Q	S	T	A	V	L	I	F	Y	W	H	M	C	P
0	0.04209	0.11859	0.15123	0.01417	0.07581	0.14584	0.07921	0.08382	0.05370	0.01740	0.02568	0.05124	0.00997	0.00597	0.00546	0.00154	0.04222	0.00474	0.00314	0.06819
1	0.00871	0.00595	0.00724	0.00669	0.00845	0.00531	0.00507	0.01105	0.03126	0.08224	0.43320	0.07222	0.24822	0.01107	0.00608	0.00168	0.00283	0.00956	0.00547	0.03769
2	0.01111	0.01023	0.03382	0.05395	0.10675	0.01101	0.03747	0.07558	0.14238	0.01818	0.10302	0.05300	0.12826	0.00912	0.02103	0.00194	0.14783	0.00684	0.02195	0.00653
3	0.85155	0.01022	0.00777	0.00695	0.01022	0.01186	0.00573	0.01554	0.00900	0.02372	0.00736	0.00859	0.00573	0.00491	0.00327	0.00164	0.00409	0.00286	0.00327	0.00573
4	0.00663	0.00525	0.00598	0.00618	0.00755	0.00460	0.00456	0.00816	0.01227	0.01560	0.19556	0.19788	0.45565	0.01353	0.00638	0.00186	0.00280	0.03993	0.00509	0.00455
5	0.01413	0.81739	0.02770	0.00905	0.01357	0.02092	0.00905	0.01583	0.01074	0.01244	0.00735	0.00848	0.00678	0.00452	0.00339	0.00113	0.00565	0.00283	0.00226	0.00678
6	0.00630	0.00536	0.00542	0.00541	0.00717	0.00448	0.00406	0.00768	0.01217	0.01456	0.08233	0.05042	0.75014	0.01329	0.00625	0.00178	0.00267	0.01109	0.00495	0.00448
7	0.85155	0.01022	0.00777	0.00695	0.01022	0.01186	0.00573	0.01554	0.00900	0.02372	0.00736	0.00859	0.00573	0.00491	0.00327	0.00164	0.00409	0.00286	0.00327	0.00573
8	0.01318	0.01054	0.01117	0.01005	0.01288	0.01202	0.00782	0.02623	0.65730	0.05085	0.02101	0.01966	0.01573	0.00703	0.00519	0.00172	0.00400	0.00583	0.09978	0.00800
9	0.85155	0.01022	0.00777	0.00695	0.01022	0.01186	0.00573	0.01554	0.00900	0.02372	0.00736	0.00859	0.00573	0.00491	0.00327	0.00164	0.00409	0.00286	0.00327	0.00573
10	0.04383	0.00947	0.01236	0.00947	0.01358	0.00847	0.00782	0.07834	0.01550	0.67754	0.01942	0.01706	0.01237	0.00637	0.00520	0.00159	0.00456	0.00512	0.00622	0.04571
11	0.01293	0.00910	0.00978	0.00831	0.01079	0.02413	0.00656	0.26788	0.03139	0.04920	0.18835	0.04172	0.13442	0.00854	0.00534	0.00157	0.00389	0.00702	0.17259	0.00647
12	0.07644	0.00640	0.00681	0.00612	0.00810	0.00639	0.00479	0.04475	0.01215	0.14873	0.01692	0.01830	0.01270	0.00614	0.00400	0.00134	0.00306	0.00483	0.60620	0.00583
13	0.00653	0.00537	0.00575	0.00565	0.00732	0.00458	0.00424	0.00814	0.01272	0.01588	0.22077	0.04825	0.61088	0.01279	0.00625	0.00176	0.00264	0.01079	0.00512	0.00458
14	0.00755	0.00566	0.00850	0.00850	0.00944	0.00661	0.00661	0.00944	0.00850	0.01227	0.01416	0.02077	0.01322	0.03965	0.79326	0.00850	0.01416	0.00566	0.00283	0.00472
15	0.01295	0.00937	0.01110	0.00809	0.01257	0.00737	0.00650	0.03893	0.01198	0.12226	0.01132	0.01227	0.00877	0.00443	0.00414	0.00094	0.00401	0.00354	0.03165	0.67781
16	0.00650	0.00468	0.00619	0.00737	0.00776	0.00436	0.00500	0.00749	0.01026	0.01360	0.02997	0.75865	0.06129	0.01638	0.00675	0.00214	0.00311	0.03928	0.00491	0.00432
17	0.00647	0.00466	0.00613	0.00724	0.00765	0.00433	0.00487	0.00746	0.01038	0.01379	0.05556	0.74830	0.07118	0.01622	0.00671	0.00211	0.00303	0.01466	0.00494	0.00433
18	0.06458	0.00742	0.00931	0.00786	0.01047	0.00679	0.00607	0.01822	0.01254	0.42733	0.02145	0.11064	0.04977	0.13301	0.00859	0.00220	0.00414	0.00685	0.08597	0.00679
19	0.02106	0.00997	0.01323	0.01021	0.01414	0.00935	0.04105	0.14687	0.03499	0.54770	0.05403	0.01905	0.03941	0.00685	0.00543	0.00164	0.00475	0.00566	0.00605	0.00857
20	0.01274	0.01188	0.01865	0.18319	0.41548	0.05334	0.06225	0.01619	0.03456	0.05035	0.07875	0.01593	0.01211	0.00554	0.00538	0.00163	0.00631	0.00523	0.00311	0.00739
21	0.01034	0.02681	0.01355	0.05320	0.24808	0.00890	0.03880	0.01326	0.05448	0.03812	0.02406	0.08359	0.17544	0.01084	0.03642	0.03465	0.00529	0.11413	0.00383	0.00621

[dist]
# distance from previous block
# <min> <max>
1	3

[block]
# block no. 2 follows, 46 sequences, length 37
# corresponding to MSA columns:
# 322-358
name=unknown_C
#
# <colnr> <probs for GDERKNQSTAVLIFYWHMCP>
#	G	D	E	R	K	N	Q	S	T	A	V	L	I	F	Y	W	H	M	C	P
0	0.27135	0.01453	0.03541	0.01796	0.24247	0.13691	0.08647	0.07613	0.01248	0.01963	0.00905	0.01113	0.00724	0.00515	0.00507	0.00161	0.03326	0.00407	0.00303	0.00703
1	0.01083	0.00708	0.00804	0.00766	0.00840	0.06595	0.00543	0.05843	0.02913	0.01274	0.01079	0.01604	0.00983	0.01555	0.04154	0.57580	0.00510	0.00462	0.10347	0.00358
2	0.01427	0.01360	0.01798	0.14515	0.10748	0.11274	0.11708	0.15231	0.01378	0.03676	0.01078	0.03075	0.00902	0.02300	0.00813	0.00185	0.15778	0.01742	0.00322	0.00689
3	0.00841	0.00601	0.00830	0.00940	0.01058	0.00598	0.00811	0.01072	0.01205	0.01568	0.04629	0.05790	0.04585	0.04840	0.00809	0.00252	0.00478	0.68131	0.00482	0.00479
4	0.00747	0.00560	0.00656	0.00661	0.00791	0.00522	0.00479	0.00959	0.05091	0.03328	0.18300	0.20257	0.32408	0.07456	0.05138	0.00246	0.00366	0.01069	0.00491	0.00476
5	0.44531	0.00932	0.00942	0.00782	0.01127	0.00964	0.00642	0.01953	0.01169	0.33863	0.01369	0.01332	0.00936	0.00568	0.00415	0.00161	0.00414	0.00403	0.06794	0.00702
6	0.01269	0.01084	0.01149	0.01037	0.01322	0.01241	0.00805	0.04180	0.68414	0.02184	0.04959	0.04125	0.04335	0.00773	0.00547	0.00179	0.00408	0.00648	0.00537	0.00803
7	0.01119	0.15916	0.66016	0.01406	0.02133	0.01372	0.01778	0.01659	0.01109	0.01602	0.00913	0.01071	0.00671	0.00494	0.00475	0.00158	0.00745	0.00373	0.00224	0.00764
8	0.00947	0.00740	0.00910	0.00969	0.08792	0.00718	0.00653	0.06367	0.08495	0.04331	0.25383	0.06709	0.30817	0.01058	0.00598	0.00172	0.00342	0.00907	0.00506	0.00583
9	0.03543	0.63221	0.02471	0.00988	0.01411	0.11260	0.02422	0.01722	0.03686	0.03919	0.00844	0.00942	0.00731	0.00480	0.00374	0.00122	0.00606	0.00316	0.00260	0.00681
10	0.03719	0.08933	0.14421	0.04057	0.09331	0.03956	0.06241	0.08361	0.04994	0.10006	0.03209	0.03324	0.01043	0.00559	0.00487	0.00146	0.00578	0.00467	0.01830	0.14338
11	0.04000	0.09526	0.31693	0.02929	0.05042	0.04566	0.02888	0.05237	0.11007	0.08612	0.05339	0.04450	0.01203	0.00618	0.00505	0.00163	0.00619	0.00500	0.00354	0.00749
12	0.01931	0.01518	0.01495	0.01178	0.01565	0.10219	0.00959	0.61293	0.02263	0.04582	0.01389	0.01398	0.03477	0.00648	0.00521	0.00156	0.00598	0.00484	0.03490	0.00837
13	0.00853	0.00580	0.00700	0.00682	0.00822	0.00541	0.00498	0.01071	0.04808	0.07644	0.24404	0.17265	0.23962	0.09305	0.04243	0.00243	0.00365	0.01009	0.00506	0.00501
14	0.01330	0.03462	0.25980	0.01763	0.18368	0.08026	0.07264	0.04640	0.07550	0.06821	0.01351	0.05504	0.03003	0.00615	0.00549	0.00166	0.01996	0.00527	0.00327	0.00758
15	0.01305	0.01038	0.01236	0.01130	0.05193	0.04337	0.03233	0.22248	0.06001	0.02061	0.04764	0.01992	0.02910	0.04958	0.12246	0.01764	0.07838	0.03468	0.11631	0.00648
16	0.02372	0.00900	0.01227	0.00941	0.01350	0.00777	0.00777	0.02576	0.01513	0.78489	0.02086	0.01799	0.01309	0.00654	0.00532	0.00164	0.00450	0.00532	0.00654	0.00900
17	0.01120	0.01122	0.04416	0.14685	0.12707	0.04467	0.11815	0.05259	0.10998	0.01762	0.09863	0.06757	0.11224	0.00763	0.00570	0.00173	0.00566	0.00692	0.00381	0.00660
18	0.01424	0.06955	0.20266	0.08961	0.15578	0.04027	0.14418	0.06145	0.03405	0.12004	0.01162	0.01331	0.00851	0.00522	0.00524	0.00163	0.00692	0.00473	0.00325	0.00773
19	0.01817	0.02218	0.01453	0.01303	0.01561	0.65022	0.03304	0.02007	0.03361	0.01391	0.00938	0.01094	0.00771	0.00566	0.00516	0.00141	0.03571	0.00374	0.07984	0.00610
20	0.00700	0.00538	0.00640	0.00614	0.00760	0.00478	0.00461	0.00904	0.01383	0.01850	0.49535	0.04394	0.33466	0.01182	0.00624	0.00171	0.00257	0.01018	0.00546	0.00478
21	0.01380	0.01589	0.21437	0.05764	0.16358	0.06947	0.09527	0.04217	0.01300	0.13655	0.05484	0.04461	0.04239	0.00628	0.00542	0.00166	0.00649	0.00555	0.00356	0.00743
22	0.02678	0.01466	0.03258	0.30701	0.14121	0.19413	0.04939	0.07965	0.02867	0.01629	0.00983	0.01276	0.00769	0.00547	0.00557	0.00163	0.03575	0.00446	0.01977	0.00671
23	0.01975	0.02520	0.01498	0.01362	0.01634	0.79299	0.01021	0.02111	0.01498	0.01294	0.00817	0.00953	0.00681	0.00545	0.00477	0.00136	0.00953	0.00340	0.00272	0.00613
24	0.12385	0.01949	0.09843	0.01564	0.11736	0.36071	0.05498	0.06298	0.02586	0.01688	0.00920	0.01103	0.00739	0.00625	0.02572	0.00171	0.02889	0.00394	0.00291	0.00677
25	0.00652	0.00464	0.00611	0.00726	0.00754	0.00435	0.00479	0.00738	0.00996	0.01328	0.02831	0.75931	0.03392	0.06944	0.00808	0.00234	0.00320	0.01454	0.00479	0.00422
26	0.03317	0.07204	0.25654	0.01767	0.02331	0.02993	0.39279	0.01682	0.03289	0.01663	0.01129	0.01373	0.02780	0.00509	0.00583	0.00171	0.02768	0.00524	0.00265	0.00719
27	0.03711	0.27047	0.09435	0.01174	0.01533	0.17119	0.01064	0.10260	0.08686	0.01661	0.00965	0.01099	0.00794	0.00594	0.00633	0.00154	0.12685	0.00385	0.00303	0.00698
28	0.00823	0.02174	0.00955	0.03802	0.10651	0.02610	0.02575	0.00963	0.01050	0.01402	0.02422	0.51719	0.05371	0.07178	0.00774	0.00219	0.00408	0.01162	0.03248	0.00497
29	0.00639	0.00536	0.00556	0.00551	0.00723	0.00453	0.00413	0.00787	0.01240	0.01510	0.13964	0.04952	0.69249	0.01308	0.00625	0.00177	0.00266	0.01097	0.00502	0.00453
30	0.01334	0.01429	0.11419	0.03990	0.39032	0.01298	0.06429	0.07275	0.14643	0.03337	0.01227	0.01413	0.00957	0.00548	0.00571	0.00167	0.03294	0.00495	0.00331	0.00814
31	0.00714	0.00530	0.00666	0.00652	0.00774	0.00481	0.00481	0.00924	0.01386	0.01904	0.55988	0.13775	0.17377	0.01197	0.00630	0.00174	0.00260	0.01052	0.00555	0.00481
32	0.00940	0.00836	0.03219	0.01311	0.18719	0.00786	0.00821	0.04260	0.04406	0.01716	0.14375	0.09323	0.23724	0.04250	0.02057	0.00199	0.02274	0.02775	0.03422	0.00589
33	0.05219	0.03275	0.07356	0.05701	0.21379	0.01189	0.14210	0.03255	0.08133	0.03754	0.01298	0.05192	0.02629	0.00604	0.00602	0.00165	0.05846	0.00541	0.02271	0.07382
34	0.01122	0.01007	0.01112	0.00959	0.01175	0.13878	0.07610	0.03899	0.01481	0.05876	0.44216	0.03143	0.08481	0.00923	0.00594	0.00165	0.00457	0.02839	0.00494	0.00568
35	0.06118	0.15054	0.10530	0.01394	0.09094	0.14602	0.06000	0.10681	0.08283	0.03724	0.02956	0.01414	0.02239	0.00576	0.00484	0.00151	0.00640	0.02014	0.00342	0.03703
36	0.10200	0.05919	0.13386	0.03591	0.19711	0.04324	0.02822	0.09630	0.11380	0.09263	0.01290	0.04013	0.01009	0.00588	0.00498	0.00163	0.00585	0.00485	0.00370	0.00773

[dist]
# distance from previous block
# <min> <max>
9	17

[block]
# block no. 3 follows, 46 sequences, length 18
# corresponding to MSA columns:
# 389-406
name=unknown_D
#
# <colnr> <probs for GDERKNQSTAVLIFYWHMCP>
#	G	D	E	R	K	N	Q	S	T	A	V	L	I	F	Y	W	H	M	C	P
0	0.10477	0.06825	0.23548	0.02869	0.13148	0.06101	0.03443	0.01585	0.05710	0.01711	0.06401	0.05033	0.02963	0.00752	0.03145	0.00189	0.04591	0.00516	0.00309	0.00684
1	0.01179	0.07149	0.06452	0.04952	0.08334	0.01138	0.09072	0.09843	0.09220	0.03399	0.14703	0.04208	0.06710	0.02641	0.03821	0.00205	0.05260	0.00645	0.00398	0.00670
2	0.00784	0.00593	0.00857	0.00926	0.05483	0.00654	0.00638	0.00938	0.00869	0.01226	0.01594	0.04709	0.03593	0.19193	0.54711	0.00703	0.01123	0.00644	0.00301	0.00461
3	0.01417	0.42824	0.04392	0.01063	0.01409	0.01769	0.00975	0.08913	0.09585	0.04104	0.01003	0.01140	0.00842	0.00682	0.02566	0.00168	0.15750	0.00389	0.00306	0.00704
4	0.00769	0.00513	0.00577	0.00577	0.00577	0.00513	0.00320	0.00769	0.00769	0.01025	0.01666	0.03460	0.01922	0.81421	0.02691	0.00513	0.00513	0.00769	0.00320	0.00320
5	0.01225	0.00854	0.00903	0.00810	0.01033	0.00934	0.00629	0.12886	0.26556	0.02242	0.05739	0.04302	0.01623	0.00707	0.00471	0.00152	0.00355	0.00579	0.37336	0.00666
6	0.00838	0.00604	0.00833	0.00947	0.01072	0.00599	0.00825	0.01075	0.01216	0.01573	0.02952	0.05911	0.07528	0.01453	0.00724	0.00240	0.00474	0.70164	0.00487	0.00484
7	0.00985	0.00493	0.00493	0.00493	0.00616	0.00493	0.00370	0.01232	0.01109	0.01971	0.01725	0.01971	0.01355	0.00616	0.00370	0.00123	0.00246	0.00493	0.84356	0.00493
8	0.01975	0.02520	0.01498	0.01362	0.01634	0.79299	0.01021	0.02111	0.01498	0.01294	0.00817	0.00953	0.00681	0.00545	0.00477	0.00136	0.00953	0.00340	0.00272	0.00613
9	0.01096	0.00940	0.01096	0.00783	0.01253	0.00705	0.00626	0.01331	0.01096	0.01723	0.00940	0.01096	0.00783	0.00392	0.00392	0.00078	0.00392	0.00313	0.00313	0.84653
10	0.01096	0.00940	0.01096	0.00783	0.01253	0.00705	0.00626	0.01331	0.01096	0.01723	0.00940	0.01096	0.00783	0.00392	0.00392	0.00078	0.00392	0.00313	0.00313	0.84653
11	0.00769	0.00513	0.00577	0.00577	0.00577	0.00513	0.00320	0.00769	0.00769	0.01025	0.01666	0.03460	0.01922	0.81421	0.02691	0.00513	0.00513	0.00769	0.00320	0.00320
12	0.00782	0.00549	0.00671	0.00662	0.00681	0.00585	0.00420	0.00823	0.00786	0.01074	0.01578	0.03097	0.01756	0.63061	0.17658	0.00567	0.03862	0.00717	0.00310	0.00360
13	0.07195	0.11658	0.21394	0.03005	0.05331	0.01454	0.01213	0.29346	0.05535	0.05178	0.01152	0.01228	0.00847	0.00563	0.00481	0.00156	0.00603	0.00426	0.02438	0.00797
14	0.03784	0.12235	0.03206	0.01058	0.01395	0.14100	0.00872	0.23504	0.14265	0.05665	0.03297	0.01723	0.05612	0.06218	0.00647	0.00179	0.00576	0.00512	0.00426	0.00726
15	0.03615	0.14954	0.22459	0.01187	0.04083	0.02988	0.03725	0.06272	0.07545	0.07914	0.09123	0.03254	0.03109	0.02140	0.00542	0.00164	0.00569	0.02271	0.00368	0.03719
16	0.10211	0.10528	0.11831	0.03370	0.10885	0.14638	0.13769	0.03132	0.05116	0.03820	0.01087	0.02873	0.00892	0.00550	0.00493	0.00157	0.00686	0.02205	0.00303	0.03455
17	0.05577	0.11813	0.32366	0.01324	0.03911	0.03984	0.05810	0.07188	0.05191	0.03129	0.02875	0.04500	0.01024	0.00603	0.00530	0.00161	0.02974	0.02093	0.00310	0.04639

[dist]
# distance from previous block
# <min> <max>
0	12

[block]
# block no. 4 follows, 46 sequences, length 7
# corresponding to MSA columns:
# 514-520
name=unknown_E
#
# <colnr> <probs for GDERKNQSTAVLIFYWHMCP>
#	G	D	E	R	K	N	Q	S	T	A	V	L	I	F	Y	W	H	M	C	P
0	0.01489	0.01317	0.05128	0.04744	0.37064	0.04698	0.02571	0.16801	0.03111	0.07580	0.01257	0.05062	0.01022	0.00587	0.00523	0.00159	0.00597	0.00518	0.03232	0.02541
1	0.01176	0.01008	0.01581	0.50680	0.08222	0.01169	0.04679	0.10293	0.02809	0.03592	0.03020	0.03474	0.00980	0.00586	0.00531	0.00171	0.00639	0.00520	0.04219	0.00650
2	0.01220	0.18131	0.04590	0.06368	0.08816	0.02800	0.05476	0.04959	0.04163	0.04188	0.02631	0.12437	0.01333	0.00687	0.00493	0.00147	0.00529	0.03049	0.00343	0.17641
3	0.03165	0.10672	0.07188	0.14983	0.04378	0.01102	0.02418	0.04269	0.01152	0.05961	0.01028	0.03035	0.00839	0.00512	0.00500	0.00130	0.03799	0.00406	0.00308	0.34158
4	0.01199	0.01137	0.10358	0.00944	0.01417	0.00792	0.05419	0.01490	0.01144	0.08252	0.01119	0.01260	0.00869	0.00451	0.00429	0.00106	0.00460	0.00377	0.08151	0.54625
5	0.01442	0.08710	0.01721	0.33004	0.13641	0.08445	0.01248	0.08701	0.02968	0.10723	0.01102	0.01337	0.00829	0.00557	0.00547	0.00163	0.03379	0.00451	0.00325	0.00706
6	0.01827	0.11802	0.08843	0.01305	0.01663	0.54431	0.01093	0.10099	0.01520	0.01545	0.00869	0.00990	0.00703	0.00540	0.00468	0.00139	0.00851	0.00353	0.00290	0.00667

[dist]
# distance from previous block
# <min> <max>
2	3

[block]
# block no. 5 follows, 46 sequences, length 54
# corresponding to MSA columns:
# 525-578
name=unknown_F
#
# <colnr> <probs for GDERKNQSTAVLIFYWHMCP>
#	G	D	E	R	K	N	Q	S	T	A	V	L	I	F	Y	W	H	M	C	P
0	0.01374	0.01162	0.04642	0.01024	0.01337	0.01229	0.00840	0.16767	0.45771	0.02366	0.03836	0.01849	0.01481	0.00686	0.00511	0.00166	0.00436	0.00558	0.13179	0.00786
1	0.66768	0.00995	0.00877	0.00750	0.01095	0.01095	0.00618	0.01781	0.01036	0.19278	0.01036	0.01068	0.00736	0.00527	0.00373	0.00164	0.00418	0.00341	0.00400	0.00645
2	0.01817	0.01521	0.01407	0.01154	0.01485	0.18374	0.00923	0.38696	0.05768	0.08361	0.04785	0.01538	0.03532	0.00675	0.00574	0.00158	0.04236	0.00498	0.03726	0.00771
3	0.03308	0.10598	0.13748	0.01188	0.07171	0.07800	0.01007	0.09368	0.03591	0.06415	0.12351	0.05099	0.01544	0.00644	0.00492	0.00145	0.00539	0.00520	0.00378	0.14094
4	0.14733	0.05835	0.08704	0.01189	0.01537	0.11656	0.08611	0.11547	0.03447	0.07105	0.06219	0.01465	0.02744	0.00639	0.00627	0.00166	0.09613	0.00476	0.03007	0.00680
5	0.01072	0.02663	0.75192	0.01487	0.02247	0.01232	0.01903	0.01725	0.04541	0.01698	0.01003	0.01155	0.00712	0.00512	0.00504	0.00168	0.00765	0.00400	0.00237	0.00784
6	0.00696	0.00506	0.00659	0.00726	0.00797	0.00477	0.00510	0.00873	0.03143	0.01592	0.23434	0.53348	0.06185	0.01459	0.00657	0.00200	0.00298	0.03462	0.00517	0.00461
7	0.01030	0.00805	0.02262	0.02885	0.08068	0.00782	0.00711	0.06098	0.11330	0.06098	0.22703	0.05010	0.20009	0.04667	0.02986	0.00205	0.00410	0.00809	0.02525	0.00606
8	0.01183	0.00866	0.00981	0.00876	0.01109	0.00924	0.00675	0.05171	0.34366	0.08282	0.27459	0.02764	0.05364	0.04483	0.00661	0.00186	0.00366	0.00730	0.02868	0.00685
9	0.01267	0.04269	0.28130	0.01804	0.17372	0.01246	0.12253	0.07753	0.07130	0.03849	0.02941	0.01494	0.01005	0.00554	0.00529	0.00163	0.00668	0.02650	0.00318	0.04606
10	0.85155	0.01022	0.00777	0.00695	0.01022	0.01186	0.00573	0.01554	0.00900	0.02372	0.00736	0.00859	0.00573	0.00491	0.00327	0.00164	0.00409	0.00286	0.00327	0.00573
11	0.85155	0.01022	0.00777	0.00695	0.01022	0.01186	0.00573	0.01554	0.00900	0.02372	0.00736	0.00859	0.00573	0.00491	0.00327	0.00164	0.00409	0.00286	0.00327	0.00573
12	0.01060	0.02735	0.78682	0.01507	0.02288	0.01228	0.01953	0.01674	0.01116	0.01674	0.00949	0.01116	0.00670	0.00502	0.00502	0.00167	0.00781	0.00391	0.00223	0.00781
13	0.00817	0.00695	0.02748	0.11284	0.02925	0.00661	0.02164	0.03000	0.03066	0.01703	0.27717	0.22474	0.14476	0.01146	0.00647	0.02127	0.00377	0.00988	0.00468	0.00516
14	0.08081	0.10095	0.22945	0.01289	0.05047	0.01216	0.06845	0.10523	0.01368	0.20098	0.03324	0.04560	0.01085	0.00603	0.00502	0.00162	0.00596	0.00495	0.00395	0.00772
15	0.00768	0.00514	0.00586	0.00586	0.00589	0.00518	0.00332	0.00775	0.00772	0.01032	0.01657	0.03411	0.01901	0.78706	0.05377	0.00524	0.00544	0.00762	0.00319	0.00326
16	0.00725	0.00533	0.00613	0.00593	0.00739	0.00477	0.00445	0.00928	0.01334	0.01823	0.39846	0.04185	0.34096	0.01132	0.00595	0.00166	0.00256	0.00968	0.10067	0.00477
17	0.03277	0.01072	0.03648	0.13931	0.13514	0.01104	0.08507	0.04400	0.18356	0.07369	0.03045	0.08984	0.03001	0.00736	0.00578	0.00178	0.02108	0.03273	0.02211	0.00708
18	0.01224	0.01244	0.02160	0.26494	0.31912	0.04184	0.19690	0.01607	0.03265	0.01600	0.01021	0.01373	0.00803	0.00492	0.00548	0.00168	0.00722	0.00506	0.00263	0.00722
19	0.00725	0.00543	0.00686	0.00770	0.00880	0.00508	0.00607	0.00888	0.01146	0.01460	0.03555	0.27177	0.24970	0.03018	0.00721	0.00221	0.00372	0.30810	0.00486	0.00455
20	0.00650	0.00532	0.00577	0.00598	0.00752	0.00459	0.00450	0.00793	0.01199	0.01469	0.09004	0.14142	0.59599	0.01371	0.00638	0.00187	0.00287	0.06347	0.00496	0.00450
21	0.01362	0.19578	0.31133	0.02723	0.05757	0.11918	0.02830	0.01739	0.02683	0.07337	0.03046	0.03718	0.00953	0.00572	0.00507	0.00154	0.02542	0.00436	0.00290	0.00721
22	0.01130	0.16979	0.62577	0.01421	0.02135	0.01387	0.04101	0.01658	0.01113	0.01597	0.00914	0.01077	0.00675	0.00491	0.00477	0.00158	0.00746	0.00378	0.00225	0.00761
23	0.02010	0.01481	0.01587	0.01216	0.01639	0.01639	0.01005	0.76360	0.02486	0.03332	0.01269	0.01269	0.00899	0.00635	0.00529	0.00159	0.00582	0.00476	0.00529	0.00899
24	0.00982	0.00887	0.03519	0.03212	0.21106	0.00839	0.04338	0.01285	0.05260	0.03373	0.10705	0.15462	0.16279	0.00980	0.00628	0.00180	0.02967	0.04767	0.02616	0.00614
25	0.01224	0.04367	0.23296	0.01738	0.15863	0.06680	0.14130	0.03083	0.03629	0.04361	0.02901	0.04917	0.06666	0.00664	0.00551	0.00170	0.00671	0.04053	0.00321	0.00716
26	0.00771	0.00553	0.00723	0.00763	0.00843	0.00554	0.00555	0.02133	0.01075	0.02935	0.09345	0.38411	0.11372	0.06065	0.09940	0.03255	0.03433	0.06367	0.00450	0.00456
27	0.23284	0.01183	0.01718	0.06895	0.39964	0.02819	0.07015	0.03638	0.01146	0.01893	0.00969	0.01272	0.00798	0.02709	0.00535	0.00170	0.00589	0.00440	0.02246	0.00718
28	0.05180	0.25518	0.16925	0.01247	0.03109	0.18462	0.04233	0.01762	0.06431	0.01502	0.00932	0.01090	0.00765	0.00610	0.02354	0.00162	0.05445	0.00374	0.00269	0.03628
29	0.01260	0.01222	0.01973	0.26144	0.34158	0.04187	0.10284	0.05824	0.03208	0.01683	0.01055	0.01444	0.00851	0.00534	0.00567	0.00169	0.02473	0.01956	0.00281	0.00729
30	0.00701	0.00545	0.00606	0.00586	0.00752	0.00470	0.00441	0.00875	0.01307	0.03243	0.29107	0.04646	0.52370	0.01240	0.00622	0.00174	0.00265	0.01051	0.00524	0.00473
31	0.01278	0.01128	0.05142	0.14248	0.39365	0.01091	0.01320	0.05797	0.01267	0.08079	0.04148	0.09230	0.01310	0.00663	0.00543	0.00168	0.00574	0.01921	0.01987	0.00740
32	0.00647	0.00531	0.00570	0.00572	0.00731	0.00454	0.00424	0.00798	0.01242	0.01541	0.17598	0.10145	0.60280	0.01317	0.00628	0.00179	0.00267	0.01115	0.00506	0.00454
33	0.00758	0.00557	0.00802	0.00802	0.00880	0.00635	0.00602	0.00914	0.00836	0.01192	0.01459	0.02316	0.01426	0.17384	0.66049	0.00791	0.01260	0.00601	0.00290	0.00446
34	0.01465	0.01210	0.01280	0.01106	0.01432	0.01385	0.00873	0.18670	0.61064	0.02453	0.01961	0.01821	0.01460	0.00699	0.00536	0.00175	0.00454	0.00571	0.00536	0.00850
35	0.01382	0.01152	0.01224	0.01074	0.01381	0.01317	0.00842	0.13065	0.62593	0.02364	0.06091	0.01980	0.01694	0.00725	0.00541	0.00176	0.00432	0.00600	0.00539	0.00827
36	0.00852	0.00608	0.00852	0.00974	0.01095	0.00608	0.00852	0.01095	0.01217	0.01582	0.02799	0.05963	0.03042	0.01460	0.00730	0.00243	0.00487	0.74565	0.00487	0.00487
37	0.00698	0.00515	0.00621	0.00641	0.00732	0.00473	0.00447	0.00833	0.01164	0.01545	0.25873	0.23628	0.21602	0.16201	0.01022	0.00247	0.00322	0.02514	0.00487	0.00435
38	0.85155	0.01022	0.00777	0.00695	0.01022	0.01186	0.00573	0.01554	0.00900	0.02372	0.00736	0.00859	0.00573	0.00491	0.00327	0.00164	0.00409	0.00286	0.00327	0.00573
39	0.01080	0.01022	0.01628	0.14695	0.14351	0.01209	0.08811	0.01312	0.01018	0.01466	0.01322	0.06156	0.05525	0.00869	0.03274	0.00211	0.28486	0.00585	0.06370	0.00610
40	0.01276	0.01223	0.02086	0.11390	0.70234	0.01247	0.01606	0.01594	0.01188	0.01687	0.00989	0.01319	0.00823	0.00477	0.00524	0.00159	0.00636	0.00471	0.00259	0.00811
41	0.01550	0.01149	0.01424	0.07248	0.10161	0.01266	0.00995	0.31460	0.10213	0.08598	0.03127	0.01668	0.02470	0.02852	0.08141	0.00239	0.04004	0.00530	0.02137	0.00769
42	0.01881	0.11322	0.01673	0.01216	0.01586	0.26186	0.00987	0.39038	0.07081	0.02364	0.01123	0.01167	0.00853	0.00590	0.00490	0.00148	0.00686	0.00419	0.00413	0.00778
43	0.00697	0.00500	0.00651	0.00739	0.00791	0.00477	0.00506	0.02573	0.01076	0.01441	0.08117	0.64872	0.05136	0.05228	0.02670	0.00239	0.00349	0.03013	0.00485	0.00443
44	0.06477	0.03513	0.03377	0.01531	0.18222	0.05064	0.05995	0.09622	0.04092	0.09745	0.02791	0.12867	0.01401	0.02168	0.00566	0.00167	0.00539	0.02319	0.00393	0.09153
45	0.03916	0.01157	0.10297	0.04268	0.02962	0.03383	0.07880	0.06087	0.02686	0.05167	0.04720	0.03765	0.01328	0.18147	0.04584	0.00259	0.02673	0.00557	0.00342	0.15821
46	0.00667	0.00478	0.00606	0.00692	0.00744	0.00444	0.00465	0.00770	0.01047	0.01397	0.08254	0.59886	0.10830	0.08281	0.00829	0.00231	0.00315	0.01343	0.02291	0.00428
47	0.00954	0.00831	0.01302	0.08868	0.27725	0.00825	0.02445	0.01189	0.01175	0.01619	0.11410	0.22119	0.08750	0.00964	0.00587	0.00178	0.00463	0.03867	0.02118	0.02612
48	0.01360	0.05533	0.09202	0.06489	0.29138	0.08005	0.06995	0.08581	0.06202	0.03147	0.01210	0.05763	0.01033	0.00611	0.00567	0.00165	0.03165	0.01761	0.00321	0.00751
49	0.00978	0.10397	0.19623	0.01191	0.08080	0.00951	0.02813	0.01255	0.01082	0.03033	0.04199	0.17541	0.05962	0.06101	0.08838	0.00264	0.00624	0.03936	0.02533	0.00599
50	0.00664	0.00483	0.00624	0.00729	0.00783	0.00450	0.00506	0.00771	0.01043	0.01367	0.03131	0.63309	0.11678	0.04472	0.00747	0.00224	0.00325	0.07779	0.00484	0.00432
51	0.01250	0.01192	0.05179	0.28163	0.41476	0.01207	0.01491	0.04364	0.02488	0.04660	0.02816	0.01423	0.00916	0.00523	0.00527	0.00165	0.00639	0.00483	0.00288	0.00750
52	0.01489	0.01529	0.19175	0.04937	0.20446	0.01219	0.07559	0.13035	0.01400	0.14217	0.01222	0.01373	0.00892	0.00562	0.00585	0.00166	0.04782	0.00476	0.04141	0.00795
53	0.01330	0.04721	0.08531	0.12602	0.22414	0.07013	0.01214	0.05269	0.01292	0.10030	0.05732	0.03827	0.05533	0.00701	0.00569	0.00169	0.02498	0.05490	0.00360	0.00704

[dist]
# distance from previous block
# <min> <max>
1	6

[block]
# block no. 6 follows, 46 sequences, length 23
# corresponding to MSA columns:
# 586-608
name=unknown_G
#
# <colnr> <probs for GDERKNQSTAVLIFYWHMCP>
#	G	D	E	R	K	N	Q	S	T	A	V	L	I	F	Y	W	H	M	C	P
0	0.01150	0.06924	0.12159	0.01177	0.08010	0.01040	0.02402	0.04925	0.07197	0.06719	0.03332	0.05485	0.12957	0.02580	0.05045	0.00213	0.08290	0.00627	0.09120	0.00648
1	0.01808	0.01977	0.04001	0.05350	0.07830	0.40800	0.01104	0.21733	0.06926	0.01946	0.01053	0.01163	0.00816	0.00572	0.00502	0.00150	0.00774	0.00412	0.00354	0.00726
2	0.01048	0.00748	0.00872	0.00796	0.00928	0.02332	0.00588	0.07281	0.04200	0.07230	0.09010	0.03100	0.12617	0.28297	0.07671	0.01977	0.06652	0.03731	0.00413	0.00508
3	0.03628	0.01013	0.01188	0.01161	0.08319	0.01081	0.00829	0.04021	0.40271	0.16960	0.03783	0.02120	0.07527	0.00726	0.00530	0.00170	0.00423	0.00605	0.04856	0.00788
4	0.01212	0.02597	0.11620	0.02820	0.01440	0.01052	0.06788	0.08076	0.16318	0.04510	0.03021	0.01652	0.02630	0.01005	0.01067	0.24402	0.06763	0.00517	0.01906	0.00603
5	0.01513	0.01147	0.01242	0.01076	0.01401	0.01289	0.00849	0.10946	0.60228	0.11059	0.02046	0.01875	0.01500	0.00701	0.00536	0.00175	0.00440	0.00577	0.00550	0.00851
6	0.06846	0.02339	0.62325	0.04305	0.02129	0.01183	0.01728	0.01594	0.01092	0.01685	0.01046	0.01415	0.00818	0.00647	0.02331	0.00189	0.02635	0.04714	0.00248	0.00731
