[name]
unknown

[dist]
# distance from previous block
# <min> <max>
0	114

[block]
# block no. 0 follows, 60 sequences, length 23
# corresponding to MSA columns:
# 211-233
name=unknown_A
#
# <colnr> <probs for GDERKNQSTAVLIFYWHMCP>
#	G	D	E	R	K	N	Q	S	T	A	V	L	I	F	Y	W	H	M	C	P
0	0.07403	0.09803	0.05406	0.00829	0.01074	0.06218	0.03723	0.12325	0.02013	0.04546	0.08605	0.13013	0.03347	0.00744	0.00460	0.00143	0.01059	0.13430	0.00347	0.05514
1	0.02150	0.03983	0.09095	0.02603	0.01201	0.05046	0.05690	0.10968	0.01124	0.06658	0.07849	0.06157	0.09109	0.00575	0.00419	0.00117	0.00415	0.01263	0.00325	0.25253
2	0.06926	0.08647	0.09394	0.02605	0.01214	0.18597	0.04657	0.02607	0.04915	0.05401	0.07470	0.02119	0.03632	0.00502	0.00404	0.00118	0.01670	0.00390	0.06672	0.12060
3	0.01005	0.12205	0.12460	0.04319	0.01826	0.04093	0.39720	0.01318	0.00994	0.01346	0.05064	0.01141	0.00807	0.00402	0.00440	0.00127	0.00605	0.00422	0.00229	0.11478
4	0.01011	0.00859	0.01132	0.03470	0.09079	0.00738	0.05473	0.08645	0.01037	0.03221	0.00910	0.01043	0.02423	0.00376	0.00366	0.00088	0.00388	0.00321	0.00276	0.59141
5	0.04644	0.00986	0.06190	0.57992	0.03872	0.06997	0.03532	0.04405	0.00959	0.02055	0.00917	0.01208	0.03513	0.00460	0.00430	0.00141	0.00574	0.00393	0.00221	0.00511
6	0.05527	0.01012	0.01930	0.12323	0.02003	0.02001	0.47525	0.01265	0.00942	0.01341	0.00852	0.01156	0.00670	0.00634	0.07373	0.00186	0.04231	0.00448	0.00223	0.08359
7	0.00993	0.00757	0.00956	0.07631	0.04061	0.00624	0.00609	0.01195	0.00965	0.09864	0.06831	0.01166	0.00943	0.00399	0.00362	0.00086	0.00348	0.00332	0.00297	0.61580
8	0.01007	0.00909	0.01964	0.33553	0.07628	0.04182	0.00944	0.11835	0.18443	0.01506	0.01240	0.10491	0.01828	0.00594	0.00467	0.00146	0.01883	0.00506	0.00308	0.00564
9	0.01537	0.11833	0.01355	0.01042	0.01305	0.54507	0.00818	0.13801	0.07319	0.01377	0.00806	0.00879	0.00647	0.00462	0.00390	0.00116	0.00668	0.00308	0.00269	0.00562
10	0.00554	0.00396	0.00534	0.00623	0.00658	0.00381	0.00432	0.00644	0.00839	0.01123	0.03721	0.69474	0.02717	0.03594	0.06663	0.00223	0.00334	0.06344	0.00390	0.00359
11	0.01033	0.01175	0.04802	0.01928	0.15805	0.01094	0.61046	0.01399	0.02723	0.01403	0.00881	0.01157	0.00676	0.00386	0.00516	0.00145	0.02518	0.00484	0.00223	0.00607
12	0.58168	0.20223	0.05992	0.00682	0.00996	0.05465	0.00623	0.01318	0.00812	0.01662	0.00621	0.00723	0.00502	0.00401	0.00287	0.00124	0.00409	0.00243	0.00243	0.00504
13	0.00553	0.00402	0.00524	0.00601	0.00651	0.00373	0.00421	0.00656	0.00908	0.01209	0.12040	0.62174	0.09570	0.01276	0.00552	0.00172	0.00256	0.06882	0.00414	0.00366
14	0.00541	0.00384	0.00506	0.00596	0.00622	0.00361	0.00395	0.00615	0.00831	0.01110	0.04411	0.76259	0.02821	0.07483	0.00678	0.00194	0.00264	0.01183	0.00396	0.00349
15	0.00957	0.00879	0.01470	0.48231	0.33264	0.00990	0.01232	0.01258	0.03075	0.03266	0.00843	0.01151	0.00656	0.00425	0.00435	0.00139	0.00546	0.00392	0.00218	0.00576
16	0.00623	0.00438	0.00570	0.00576	0.00610	0.00469	0.00388	0.00692	0.00674	0.00930	0.01352	0.07314	0.01461	0.46190	0.35287	0.00522	0.00719	0.00602	0.00260	0.00321
17	0.01656	0.00818	0.01008	0.00803	0.01100	0.00796	0.00651	0.20453	0.05597	0.48059	0.02838	0.08322	0.01211	0.00612	0.00444	0.00137	0.00376	0.00501	0.03929	0.00689
18	0.00724	0.00541	0.00682	0.00708	0.00830	0.00545	0.00574	0.01063	0.13040	0.02380	0.22410	0.10529	0.08773	0.01033	0.00544	0.00170	0.00317	0.34261	0.00430	0.00445
19	0.01047	0.15428	0.46168	0.01151	0.01658	0.02504	0.09396	0.03522	0.00993	0.07718	0.00935	0.01198	0.00730	0.00464	0.00416	0.00135	0.00587	0.05095	0.00237	0.00618
20	0.01495	0.00764	0.00979	0.00816	0.01036	0.03643	0.00655	0.03446	0.01104	0.48361	0.04080	0.15517	0.01374	0.00723	0.00617	0.00150	0.13609	0.00570	0.00446	0.00616
21	0.08276	0.01017	0.01167	0.04352	0.01313	0.05264	0.07298	0.09788	0.43000	0.07328	0.01370	0.01350	0.01020	0.00543	0.00483	0.00145	0.04821	0.00439	0.00382	0.00644
22	0.05516	0.13701	0.01628	0.07699	0.18978	0.08702	0.12771	0.07967	0.02424	0.05012	0.00918	0.01072	0.02418	0.00424	0.00402	0.00121	0.00525	0.00369	0.00259	0.09093

[dist]
# distance from previous block
# <min> <max>
6	13

[block]
# block no. 1 follows, 60 sequences, length 39
# corresponding to MSA columns:
# 247-285
name=unknown_B
#
# <colnr> <probs for GDERKNQSTAVLIFYWHMCP>
#	G	D	E	R	K	N	Q	S	T	A	V	L	I	F	Y	W	H	M	C	P
0	0.02561	0.05371	0.05622	0.09395	0.05074	0.06306	0.18796	0.05905	0.05742	0.04814	0.02969	0.05976	0.03242	0.00548	0.00554	0.00140	0.09831	0.00470	0.01670	0.05015
1	0.00834	0.00601	0.02525	0.03267	0.00874	0.00549	0.05077	0.04643	0.00912	0.08688	0.06572	0.17893	0.05858	0.30748	0.01098	0.00242	0.00381	0.00693	0.02495	0.06050
2	0.07877	0.03434	0.10801	0.02483	0.03008	0.02603	0.16506	0.04287	0.05633	0.10639	0.03986	0.10054	0.01143	0.04972	0.04613	0.00184	0.03449	0.00516	0.01778	0.02036
3	0.02628	0.04955	0.07216	0.02293	0.01262	0.03222	0.06127	0.06510	0.10480	0.02837	0.00916	0.01017	0.00722	0.00400	0.00391	0.00099	0.02225	0.00324	0.00282	0.46092
4	0.00682	0.00501	0.00652	0.00714	0.00809	0.00492	0.00567	0.03148	0.03961	0.01284	0.02294	0.31890	0.05825	0.03780	0.00613	0.00189	0.00341	0.38539	0.00396	0.03320
5	0.01220	0.63617	0.04293	0.00825	0.01177	0.09077	0.00785	0.05962	0.05797	0.01187	0.00712	0.00794	0.00617	0.00410	0.00334	0.00104	0.02028	0.00268	0.00220	0.00574
6	0.02583	0.06739	0.46579	0.01090	0.03268	0.00980	0.03520	0.08182	0.01021	0.01499	0.02852	0.03391	0.00746	0.00443	0.00400	0.00123	0.00536	0.00356	0.00236	0.15456
7	0.00948	0.06649	0.70627	0.01222	0.01828	0.01039	0.05115	0.01412	0.00939	0.05105	0.00821	0.00946	0.00582	0.00416	0.00413	0.00136	0.00626	0.00332	0.00202	0.00642
8	0.00966	0.05741	0.01455	0.53657	0.19605	0.03822	0.01173	0.04580	0.02517	0.01257	0.00803	0.01110	0.00624	0.00429	0.00425	0.00137	0.00559	0.00378	0.00214	0.00549
9	0.01049	0.01026	0.04613	0.31428	0.36616	0.03392	0.06372	0.05019	0.01015	0.04077	0.00843	0.01113	0.00656	0.00418	0.00437	0.00136	0.00561	0.00393	0.00229	0.00607
10	0.03957	0.05911	0.11700	0.14927	0.24733	0.03767	0.13439	0.01368	0.06073	0.03560	0.00971	0.05912	0.00811	0.00472	0.00436	0.00138	0.00547	0.00439	0.00244	0.00597
11	0.00642	0.00420	0.00481	0.00481	0.00481	0.00420	0.00271	0.00630	0.00630	0.00840	0.01337	0.02762	0.01535	0.79637	0.02189	0.05684	0.00420	0.00619	0.00260	0.00260
12	0.00531	0.00382	0.00504	0.00602	0.00631	0.00355	0.00403	0.00608	0.00840	0.01115	0.02467	0.81874	0.05358	0.01358	0.00555	0.00176	0.00252	0.01230	0.00405	0.00355
13	0.01081	0.04588	0.43670	0.05129	0.06071	0.10529	0.03556	0.09487	0.01082	0.04163	0.00927	0.06073	0.00746	0.00489	0.00424	0.00135	0.00598	0.00394	0.00243	0.00614
14	0.05242	0.13722	0.32516	0.03447	0.04732	0.18616	0.06682	0.06099	0.01057	0.02934	0.00768	0.00900	0.00587	0.00421	0.00394	0.00126	0.00620	0.00321	0.00223	0.00596
15	0.01857	0.00746	0.00997	0.00776	0.01100	0.00663	0.00637	0.02098	0.06574	0.74390	0.04212	0.01549	0.01191	0.00554	0.00441	0.00136	0.00364	0.00453	0.00532	0.00728
16	0.00530	0.00384	0.00502	0.00596	0.00630	0.00355	0.00400	0.00609	0.00846	0.01118	0.02539	0.78995	0.08190	0.01349	0.00554	0.00175	0.00251	0.01218	0.00405	0.00355
17	0.01343	0.01300	0.04515	0.05948	0.31642	0.16626	0.04169	0.20554	0.02783	0.05580	0.00907	0.01048	0.00697	0.00446	0.00429	0.00129	0.00566	0.00376	0.00288	0.00654
18	0.01602	0.02960	0.01230	0.00945	0.01268	0.05229	0.00775	0.55166	0.07604	0.13158	0.01173	0.01155	0.00833	0.00588	0.02359	0.00144	0.00481	0.00399	0.02222	0.00707
19	0.00681	0.00469	0.00625	0.00700	0.00780	0.00457	0.00550	0.02979	0.00966	0.03283	0.03722	0.39831	0.04272	0.01217	0.00563	0.00182	0.00325	0.35517	0.02482	0.00398
20	0.01169	0.00954	0.01018	0.00891	0.01149	0.01084	0.00704	0.15648	0.61310	0.03310	0.01740	0.01707	0.03470	0.00614	0.00450	0.00147	0.00367	0.03147	0.00442	0.00681
21	0.00687	0.00546	0.02957	0.00586	0.00726	0.00490	0.00462	0.00979	0.08971	0.02944	0.47629	0.06694	0.15968	0.00879	0.00493	0.00140	0.00243	0.02129	0.06034	0.00441
22	0.05432	0.45173	0.01755	0.00901	0.01205	0.36786	0.00775	0.01493	0.01031	0.01088	0.00636	0.00738	0.00557	0.00408	0.00328	0.00103	0.00599	0.00254	0.00207	0.00532
23	0.00713	0.00468	0.00602	0.00563	0.00686	0.00425	0.00426	0.00901	0.01192	0.08144	0.63031	0.06328	0.11744	0.00908	0.00511	0.00141	0.00226	0.02088	0.00473	0.00431
24	0.03843	0.00642	0.00744	0.00690	0.02594	0.00640	0.00527	0.05841	0.12241	0.10772	0.17878	0.02854	0.29678	0.00835	0.00511	0.00145	0.02889	0.04242	0.00424	0.02010
25	0.01093	0.06208	0.43055	0.01478	0.16349	0.04893	0.08277	0.04409	0.01025	0.07894	0.00869	0.01004	0.00637	0.00419	0.00421	0.00133	0.00599	0.00356	0.00233	0.00648
26	0.00892	0.07969	0.46650	0.01026	0.01474	0.03964	0.03732	0.01251	0.00993	0.04093	0.13535	0.05830	0.04454	0.00577	0.00437	0.00137	0.00522	0.01626	0.00268	0.00569
27	0.00555	0.00397	0.00517	0.00604	0.00639	0.00374	0.00414	0.00636	0.00838	0.01108	0.02394	0.66288	0.06408	0.09045	0.00713	0.00200	0.00280	0.07847	0.00392	0.00351
28	0.01040	0.02871	0.09216	0.04657	0.14923	0.07798	0.29322	0.04085	0.02543	0.03719	0.03671	0.11962	0.01069	0.00546	0.00473	0.00142	0.00578	0.00542	0.00268	0.00575
29	0.01165	0.07229	0.12204	0.04422	0.40083	0.12742	0.03028	0.02503	0.07119	0.04092	0.00885	0.01050	0.00703	0.00423	0.00417	0.00128	0.00558	0.00366	0.00241	0.00643
30	0.02618	0.03899	0.01302	0.00951	0.01290	0.00837	0.12571	0.11102	0.01263	0.51435	0.01526	0.01438	0.03678	0.00578	0.01987	0.00147	0.01792	0.00451	0.00448	0.00686
31	0.00575	0.00455	0.00515	0.00528	0.00650	0.00406	0.00398	0.02477	0.01027	0.01296	0.14971	0.17339	0.48875	0.01113	0.00528	0.00155	0.00245	0.07649	0.00416	0.00383
32	0.01160	0.04435	0.09760	0.06520	0.36354	0.10089	0.06926	0.04994	0.01059	0.06076	0.03561	0.01117	0.00783	0.00450	0.00481	0.00133	0.04838	0.00389	0.00248	0.00626
33	0.00670	0.00553	0.00615	0.00608	0.01858	0.00541	0.00447	0.01044	0.18402	0.01440	0.20503	0.10719	0.39039	0.00961	0.00502	0.00148	0.00252	0.00821	0.00427	0.00451
34	0.00534	0.00384	0.00502	0.00595	0.00625	0.00357	0.00397	0.00609	0.00837	0.01108	0.02472	0.77767	0.06785	0.04024	0.00608	0.00184	0.00257	0.01205	0.00400	0.00352
35	0.03115	0.12236	0.04961	0.02929	0.17539	0.05633	0.07689	0.17681	0.06019	0.02560	0.01199	0.03816	0.05377	0.03151	0.00500	0.00142	0.01908	0.02645	0.00298	0.00602
36	0.03046	0.15190	0.11168	0.01176	0.09687	0.28891	0.00937	0.14028	0.06374	0.01469	0.00876	0.03640	0.00726	0.00476	0.00394	0.00122	0.00586	0.00351	0.00267	0.00594
37	0.03418	0.02730	0.03653	0.01527	0.03001	0.08382	0.04150	0.06218	0.02894	0.06713	0.27051	0.08551	0.08787	0.00792	0.02841	0.00148	0.00393	0.00610	0.00375	0.07763
38	0.08650	0.07168	0.26219	0.01087	0.02954	0.10301	0.09339	0.07545	0.04944	0.03409	0.06700	0.01332	0.01996	0.00554	0.01946	0.00145	0.00556	0.03355	0.00275	0.01525

[dist]
# distance from previous block
# <min> <max>
0	9

[block]
# block no. 2 follows, 60 sequences, length 69
# corresponding to MSA columns:
# 297-320,332-376
name=unknown_C
#
# <colnr> <probs for GDERKNQSTAVLIFYWHMCP>
#	G	D	E	R	K	N	Q	S	T	A	V	L	I	F	Y	W	H	M	C	P
0	0.04099	0.30892	0.04084	0.00929	0.04180	0.04815	0.02692	0.13360	0.13325	0.10103	0.02184	0.01149	0.00862	0.00540	0.02249	0.00134	0.00473	0.01749	0.00317	0.01865
1	0.01188	0.40854	0.06240	0.00891	0.01223	0.09066	0.04717	0.10900	0.07166	0.02724	0.00969	0.08750	0.00874	0.00512	0.00371	0.00117	0.00488	0.00394	0.00269	0.02287
2	0.00888	0.03598	0.12766	0.00807	0.03436	0.00724	0.00705	0.06401	0.07711	0.03425	0.17111	0.07131	0.07564	0.00674	0.02013	0.00131	0.00375	0.00524	0.00341	0.23675
3	0.01220	0.20289	0.19313	0.00969	0.02706	0.02552	0.00934	0.24848	0.09538	0.03817	0.01097	0.03111	0.03258	0.00499	0.00397	0.00124	0.00482	0.00382	0.00312	0.04152
4	0.01021	0.25759	0.32129	0.06045	0.02759	0.01177	0.09567	0.02875	0.02980	0.04777	0.02920	0.01140	0.04133	0.00451	0.00397	0.00127	0.00546	0.00369	0.00233	0.00595
5	0.00810	0.00709	0.01862	0.01276	0.21463	0.00740	0.06687	0.02024	0.00882	0.01272	0.08839	0.01690	0.02665	0.05006	0.32702	0.00368	0.05228	0.00486	0.04798	0.00490
6	0.00884	0.03949	0.38804	0.00980	0.02901	0.00797	0.03624	0.01243	0.03559	0.08176	0.12843	0.07137	0.11979	0.00647	0.00453	0.00141	0.00464	0.00546	0.00309	0.00563
7	0.03865	0.05462	0.19237	0.03074	0.01393	0.23343	0.02936	0.06974	0.07014	0.13742	0.03589	0.01988	0.02751	0.02195	0.00451	0.00135	0.00560	0.00389	0.00307	0.00593
8	0.01843	0.00802	0.01033	0.00801	0.01130	0.00741	0.00659	0.11477	0.05245	0.66773	0.02506	0.01498	0.02287	0.00552	0.00441	0.00135	0.00379	0.00447	0.00520	0.00731
9	0.00561	0.00399	0.00493	0.00553	0.00584	0.00376	0.00358	0.00621	0.00802	0.01058	0.04044	0.51997	0.09914	0.24948	0.01023	0.00243	0.00297	0.01028	0.00367	0.00331
10	0.01054	0.33112	0.35290	0.00990	0.01430	0.08392	0.01097	0.01363	0.02472	0.02176	0.02702	0.00955	0.00693	0.02137	0.01775	0.00136	0.03127	0.00311	0.00208	0.00580
11	0.01818	0.00942	0.01014	0.16015	0.07389	0.13072	0.00771	0.02532	0.20524	0.01451	0.14807	0.01913	0.11010	0.00639	0.00481	0.00139	0.03007	0.00526	0.01419	0.00530
12	0.00534	0.00434	0.00475	0.00491	0.00613	0.00375	0.00363	0.00651	0.00992	0.01228	0.11711	0.17248	0.58604	0.01129	0.00525	0.00153	0.00230	0.03460	0.00412	0.00371
13	0.01175	0.00778	0.00966	0.12763	0.03014	0.04454	0.02256	0.10192	0.07696	0.21315	0.01802	0.18455	0.08597	0.00734	0.00464	0.00145	0.00397	0.00629	0.03609	0.00561
14	0.02626	0.47502	0.24556	0.00927	0.01360	0.05855	0.00997	0.07216	0.01000	0.02320	0.00706	0.00806	0.00577	0.00408	0.00352	0.00112	0.01599	0.00277	0.00212	0.00594
15	0.00767	0.00621	0.00859	0.03600	0.00915	0.00733	0.02687	0.05332	0.01731	0.01134	0.02608	0.08056	0.01247	0.20668	0.29081	0.00407	0.16860	0.00547	0.01739	0.00408
16	0.00615	0.00456	0.00551	0.00524	0.00645	0.00414	0.00394	0.00812	0.02621	0.02465	0.55753	0.03444	0.26111	0.00935	0.00508	0.00140	0.00214	0.00809	0.02179	0.00408
17	0.04645	0.62642	0.04831	0.00777	0.01127	0.01480	0.03363	0.03413	0.00922	0.03301	0.00737	0.00853	0.00634	0.00505	0.03493	0.00124	0.00484	0.00276	0.05839	0.00553
18	0.03139	0.33867	0.01664	0.00962	0.01251	0.32848	0.01891	0.12204	0.01165	0.01301	0.00694	0.00802	0.00586	0.00447	0.00416	0.00113	0.05571	0.00286	0.00238	0.00557
19	0.00575	0.00458	0.00486	0.00488	0.00632	0.00395	0.00370	0.00713	0.02588	0.03239	0.05728	0.09200	0.67845	0.01097	0.00519	0.00151	0.00237	0.04484	0.00411	0.00386
20	0.01166	0.84935	0.02285	0.00746	0.01119	0.01726	0.00746	0.01306	0.00886	0.01026	0.00606	0.00700	0.00560	0.00373	0.00280	0.00093	0.00466	0.00233	0.00187	0.00560
21	0.00895	0.00689	0.00725	0.00687	0.00842	0.06829	0.00525	0.01245	0.16452	0.08882	0.15415	0.09939	0.16140	0.05709	0.04673	0.00191	0.00375	0.07236	0.02072	0.00480
22	0.01949	0.00754	0.01020	0.00782	0.01119	0.00659	0.00646	0.04092	0.01268	0.80259	0.01704	0.01474	0.01071	0.00539	0.00439	0.00135	0.00374	0.00437	0.00537	0.00742
23	0.01495	0.01861	0.01132	0.01034	0.01246	0.71989	0.00775	0.01612	0.01205	0.01110	0.02469	0.01123	0.06814	0.00510	0.00401	0.00115	0.00711	0.00344	0.03566	0.00490
24	0.01170	0.65760	0.01988	0.00766	0.01106	0.01551	0.00726	0.10284	0.03491	0.01278	0.03905	0.04654	0.00847	0.00462	0.00324	0.00105	0.00445	0.00326	0.00244	0.00569
25	0.00626	0.00421	0.00483	0.00491	0.00494	0.00420	0.00281	0.00635	0.00651	0.00870	0.01447	0.08981	0.01672	0.76540	0.03925	0.00411	0.00427	0.00676	0.00274	0.00274
26	0.00768	0.00643	0.02528	0.00810	0.00901	0.00722	0.04217	0.00917	0.00808	0.03662	0.12175	0.04251	0.01461	0.10125	0.31597	0.00388	0.19718	0.00528	0.03355	0.00424
27	0.01083	0.01063	0.01830	0.02585	0.74146	0.02183	0.07959	0.01349	0.01000	0.01418	0.00824	0.01084	0.00687	0.00388	0.00438	0.00131	0.00540	0.00398	0.00216	0.00680
28	0.00632	0.00454	0.00532	0.00553	0.00676	0.00402	0.00421	0.00756	0.00989	0.05785	0.07529	0.20997	0.45298	0.01131	0.00532	0.00160	0.00261	0.12082	0.00416	0.00393
29	0.81487	0.00866	0.02833	0.00602	0.00874	0.00958	0.00513	0.01268	0.00759	0.01912	0.00689	0.00905	0.00567	0.00441	0.00289	0.00138	0.00349	0.03804	0.00274	0.00474
30	0.87753	0.00843	0.00641	0.00574	0.00843	0.00978	0.00472	0.01282	0.00742	0.01957	0.00607	0.00709	0.00472	0.00405	0.00270	0.00135	0.00337	0.00236	0.00270	0.00472
31	0.00730	0.00514	0.00578	0.00560	0.00607	0.00533	0.00357	0.05296	0.07814	0.01069	0.01474	0.06451	0.01611	0.65508	0.01825	0.00362	0.00411	0.03662	0.00301	0.00338
32	0.02270	0.11152	0.01151	0.00904	0.06637	0.00954	0.00684	0.16984	0.09037	0.12709	0.12915	0.05613	0.01460	0.01979	0.00499	0.00136	0.04252	0.01709	0.05002	0.03951
33	0.00666	0.00503	0.00570	0.00547	0.00696	0.00468	0.00419	0.00904	0.08088	0.05027	0.21057	0.03523	0.46516	0.01112	0.05157	0.00178	0.00295	0.03427	0.00421	0.00425
34	0.00611	0.00419	0.00501	0.00530	0.00574	0.00395	0.00342	0.00670	0.00807	0.03006	0.06805	0.32545	0.13479	0.35905	0.01237	0.00272	0.00319	0.00898	0.00354	0.00331
35	0.09198	0.00877	0.06818	0.04938	0.09244	0.02086	0.07973	0.04453	0.02916	0.03047	0.04639	0.10119	0.11813	0.00760	0.04417	0.00159	0.00449	0.01548	0.00304	0.14243
36	0.02679	0.00794	0.02295	0.08002	0.01222	0.00686	0.03059	0.05761	0.01006	0.05861	0.05638	0.02413	0.06807	0.00474	0.00408	0.00099	0.02510	0.00389	0.00299	0.49595
37	0.05302	0.00503	0.00496	0.00491	0.00600	0.02995	0.00367	0.03034	0.00917	0.01549	0.01423	0.09284	0.01233	0.02969	0.05467	0.00157	0.00305	0.00481	0.62015	0.00412
38	0.00539	0.00395	0.00514	0.00592	0.00636	0.00373	0.00405	0.00624	0.00840	0.01108	0.02531	0.66066	0.12458	0.03145	0.07355	0.00221	0.00328	0.01125	0.00388	0.00357
39	0.06713	0.02488	0.05943	0.07433	0.12118	0.28813	0.02054	0.11901	0.08350	0.03330	0.00938	0.02500	0.00761	0.00498	0.00440	0.00131	0.02673	0.02050	0.00282	0.00584
40	0.03967	0.01104	0.03323	0.00947	0.01227	0.01215	0.00794	0.55010	0.03597	0.02327	0.03507	0.01153	0.00858	0.00559	0.00547	0.00137	0.10924	0.00401	0.07744	0.00658
41	0.01151	0.01220	0.15752	0.03143	0.10072	0.02775	0.05010	0.23376	0.04468	0.02836	0.02735	0.01759	0.01947	0.00461	0.00411	0.00120	0.00476	0.00383	0.03450	0.18455
42	0.01064	0.13084	0.03812	0.02743	0.01158	0.14405	0.00827	0.05489	0.00918	0.01196	0.05131	0.01839	0.00867	0.01941	0.09484	0.00210	0.33049	0.00385	0.01901	0.00495
43	0.03265	0.04156	0.16814	0.03041	0.03831	0.04367	0.00888	0.21946	0.06620	0.10458	0.02520	0.01116	0.00813	0.00464	0.00400	0.00120	0.00463	0.00362	0.02994	0.15362
44	0.06828	0.05504	0.24203	0.02417	0.13837	0.07965	0.02492	0.19294	0.04802	0.03862	0.00953	0.04215	0.00754	0.00483	0.00414	0.00133	0.00536	0.00386	0.00286	0.00637
45	0.00559	0.00439	0.00513	0.00523	0.00631	0.00393	0.00386	0.00693	0.01031	0.01337	0.26833	0.19352	0.40537	0.01091	0.00536	0.00152	0.01196	0.02995	0.00425	0.00380
46	0.00847	0.00810	0.01394	0.69705	0.09226	0.00964	0.05906	0.01134	0.00895	0.01158	0.00897	0.01250	0.03085	0.00449	0.00443	0.00144	0.00574	0.00412	0.00204	0.00504
47	0.01183	0.00697	0.03313	0.00716	0.00899	0.00659	0.00566	0.14618	0.05098	0.19955	0.03519	0.04006	0.05558	0.00973	0.00927	0.33405	0.00379	0.00467	0.02586	0.00476
48	0.11596	0.00894	0.05590	0.34574	0.12529	0.03078	0.02218	0.03628	0.00943	0.06783	0.01069	0.13219	0.00956	0.00569	0.00432	0.00144	0.00489	0.00493	0.00268	0.00527
49	0.08292	0.00757	0.00921	0.00754	0.01040	0.00730	0.00614	0.06248	0.11922	0.47667	0.05155	0.01851	0.07467	0.00622	0.00442	0.00140	0.00354	0.03886	0.00481	0.00657
50	0.01428	0.00657	0.00823	0.00685	0.00925	0.00608	0.00545	0.08993	0.01195	0.43424	0.03421	0.12230	0.05961	0.00677	0.00435	0.00135	0.00324	0.00565	0.16366	0.00603
51	0.01210	0.23162	0.15146	0.03880	0.01359	0.14686	0.02189	0.15886	0.02312	0.03505	0.00950	0.07197	0.00823	0.00668	0.05049	0.00156	0.00580	0.00393	0.00271	0.00578
52	0.00581	0.00449	0.00534	0.00559	0.00654	0.00417	0.00401	0.00769	0.05811	0.01334	0.22674	0.34735	0.27236	0.01122	0.00527	0.00156	0.00237	0.00985	0.00426	0.00393
53	0.00546	0.00427	0.00496	0.00519	0.00622	0.00377	0.00377	0.00669	0.01002	0.01285	0.20369	0.26193	0.41524	0.01134	0.00529	0.00155	0.00231	0.02751	0.00421	0.00374
54	0.10370	0.00775	0.00987	0.00767	0.01096	0.00711	0.00633	0.05072	0.02836	0.69667	0.01586	0.01394	0.01012	0.00527	0.00422	0.00135	0.00371	0.00418	0.00507	0.00715
55	0.00905	0.09023	0.59932	0.01187	0.01737	0.01045	0.07730	0.01384	0.04919	0.01388	0.04756	0.02370	0.00809	0.00454	0.00419	0.00136	0.00595	0.00375	0.00218	0.00619
56	0.00587	0.00406	0.00521	0.00598	0.00654	0.00383	0.00429	0.00701	0.00896	0.01228	0.06268	0.55710	0.08115	0.01214	0.00532	0.00168	0.00263	0.11479	0.09478	0.00370
57	0.01289	0.00700	0.00818	0.00693	0.00922	0.00707	0.00550	0.07479	0.19424	0.27879	0.09186	0.01693	0.01411	0.00575	0.00409	0.00128	0.00310	0.00472	0.24750	0.00605
58	0.01032	0.01170	0.02537	0.01876	0.05886	0.01100	0.76791	0.01394	0.01028	0.01398	0.00880	0.01172	0.00663	0.00369	0.00511	0.00146	0.00725	0.00509	0.00220	0.00593
59	0.01615	0.02036	0.01240	0.01121	0.01344	0.79379	0.00845	0.03415	0.01241	0.01103	0.00680	0.00796	0.00566	0.00458	0.00417	0.00114	0.02607	0.00286	0.00229	0.00510
60	0.01629	0.02079	0.01236	0.01124	0.01348	0.82921	0.00843	0.01742	0.01236	0.01067	0.00674	0.00787	0.00562	0.00449	0.00393	0.00112	0.00787	0.00281	0.00225	0.00506
61	0.00902	0.00819	0.03608	0.00713	0.01090	0.00612	0.04160	0.01124	0.01940	0.02686	0.03445	0.01149	0.04238	0.00386	0.00352	0.00079	0.00345	0.00322	0.00274	0.71757
62	0.00684	0.00485	0.00607	0.00590	0.00642	0.00520	0.00403	0.04340	0.02239	0.01050	0.04957	0.02366	0.01484	0.46805	0.30474	0.00490	0.00677	0.00569	0.00274	0.00345
63	0.06479	0.00460	0.00449	0.00436	0.00557	0.00470	0.00332	0.03364	0.00939	0.01669	0.01439	0.01618	0.03224	0.00518	0.00312	0.00106	0.00221	0.00409	0.76579	0.00420
64	0.01031	0.01171	0.02543	0.01871	0.05355	0.01100	0.77317	0.01395	0.01028	0.01398	0.00880	0.01173	0.00663	0.00368	0.00512	0.00146	0.00727	0.00510	0.00220	0.00592
65	0.01151	0.10547	0.21357	0.06714	0.08991	0.10818	0.11419	0.06821	0.01073	0.08214	0.01001	0.06859	0.00835	0.00504	0.00430	0.00134	0.00573	0.01702	0.00264	0.00596
66	0.00960	0.00826	0.03193	0.17697	0.20113	0.00869	0.04075	0.01201	0.03059	0.08740	0.07448	0.01739	0.08261	0.03196	0.04342	0.00180	0.11100	0.02173	0.00287	0.00540
67	0.00918	0.00521	0.00641	0.00593	0.00727	0.00481	0.00432	0.04067	0.01023	0.18816	0.15039	0.19240	0.15808	0.17898	0.00847	0.00204	0.00308	0.00776	0.01213	0.00447
68	0.00582	0.00427	0.00538	0.00597	0.00662	0.00405	0.00421	0.00742	0.04648	0.01266	0.13943	0.55060	0.11236	0.01205	0.00536	0.00166	0.00252	0.04193	0.02738	0.00383

[dist]
# distance from previous block
# <min> <max>
0	3

[block]
# block no. 3 follows, 60 sequences, length 13
# corresponding to MSA columns:
# 381-393
name=unknown_D
#
# <colnr> <probs for GDERKNQSTAVLIFYWHMCP>
#	G	D	E	R	K	N	Q	S	T	A	V	L	I	F	Y	W	H	M	C	P
0	0.30074	0.16577	0.06174	0.01151	0.14774	0.17596	0.03320	0.01382	0.00932	0.01447	0.00717	0.02755	0.00610	0.00427	0.00347	0.00123	0.00511	0.00308	0.00233	0.00543
1	0.00648	0.00468	0.00562	0.00580	0.00646	0.00466	0.00395	0.00828	0.08205	0.02450	0.08241	0.30166	0.10529	0.26738	0.06840	0.00279	0.00373	0.00851	0.00362	0.00372
2	0.00592	0.00434	0.00580	0.00635	0.00693	0.00412	0.02111	0.00694	0.00868	0.01142	0.04826	0.45377	0.09472	0.13783	0.00810	0.00214	0.00313	0.16303	0.00382	0.00358
3	0.01055	0.02388	0.04793	0.00866	0.03032	0.08302	0.05285	0.05739	0.01017	0.04601	0.00885	0.04300	0.00746	0.00413	0.00385	0.00092	0.01763	0.00337	0.00274	0.53725
4	0.00925	0.02324	0.00963	0.02457	0.12433	0.00714	0.02964	0.04824	0.12334	0.09136	0.14490	0.06691	0.18528	0.00950	0.06728	0.00185	0.00407	0.02032	0.00383	0.00532
5	0.00541	0.00390	0.00514	0.00604	0.00641	0.00363	0.00413	0.00629	0.00868	0.01154	0.06353	0.73784	0.06630	0.01325	0.00554	0.00175	0.00255	0.04039	0.00408	0.00359
6	0.00675	0.00478	0.00623	0.00699	0.03969	0.00453	0.00482	0.00851	0.04953	0.05397	0.12436	0.46445	0.12815	0.01142	0.00533	0.00165	0.00275	0.06778	0.00415	0.00417
7	0.04027	0.05742	0.13961	0.03875	0.11554	0.18427	0.06472	0.09507	0.04138	0.05897	0.02652	0.01044	0.00739	0.00473	0.00491	0.00131	0.06999	0.00363	0.00267	0.03243
8	0.00680	0.00543	0.00633	0.00690	0.00777	0.04652	0.00532	0.02845	0.00947	0.01209	0.02382	0.33759	0.12142	0.03964	0.06127	0.00220	0.00398	0.26729	0.00380	0.00389
9	0.00740	0.00476	0.00598	0.00603	0.00717	0.00439	0.00446	0.00915	0.04103	0.10493	0.21346	0.33349	0.17717	0.01073	0.00524	0.00158	0.00261	0.05172	0.00439	0.00430
10	0.01201	0.27503	0.11231	0.01055	0.06621	0.10165	0.04406	0.14566	0.03563	0.02600	0.00946	0.04169	0.00814	0.00493	0.00387	0.00121	0.00513	0.03520	0.02370	0.03757
11	0.01220	0.11278	0.10669	0.01248	0.09743	0.12420	0.07715	0.15070	0.14567	0.01585	0.02019	0.01088	0.00790	0.00494	0.00509	0.00134	0.08161	0.00381	0.00287	0.00621
12	0.02468	0.41963	0.20264	0.00894	0.01313	0.05513	0.00928	0.06706	0.03458	0.06351	0.00795	0.00868	0.00630	0.00411	0.00344	0.00110	0.00504	0.00289	0.00240	0.05949

[dist]
# distance from previous block
# <min> <max>
0	3

[block]
# block no. 4 follows, 60 sequences, length 12
# corresponding to MSA columns:
# 397-408
name=unknown_E
#
# <colnr> <probs for GDERKNQSTAVLIFYWHMCP>
#	G	D	E	R	K	N	Q	S	T	A	V	L	I	F	Y	W	H	M	C	P
0	0.01133	0.04008	0.15969	0.01210	0.08809	0.18613	0.09154	0.03818	0.07098	0.04889	0.01208	0.04683	0.05560	0.00541	0.00461	0.00132	0.02887	0.02774	0.00276	0.06780
1	0.00954	0.00550	0.00662	0.00592	0.00759	0.00523	0.00455	0.01243	0.09686	0.17801	0.31650	0.02583	0.12959	0.03443	0.00514	0.00143	0.00262	0.00639	0.14085	0.00497
2	0.01117	0.00753	0.01143	0.21483	0.09626	0.00778	0.05907	0.06970	0.02456	0.19343	0.09292	0.10927	0.02976	0.00626	0.00458	0.00141	0.00428	0.00557	0.04458	0.00563
3	0.03324	0.00668	0.00841	0.04295	0.05409	0.00678	0.02520	0.05852	0.14484	0.07431	0.29222	0.02559	0.16910	0.03234	0.00528	0.00149	0.00316	0.00650	0.00417	0.00513
4	0.01100	0.04686	0.01688	0.04346	0.54965	0.03765	0.06170	0.04875	0.03593	0.01447	0.00863	0.01095	0.00711	0.00426	0.00475	0.00131	0.04717	0.00390	0.03911	0.00647
5	0.07898	0.00801	0.00970	0.00762	0.01067	0.00774	0.00625	0.17248	0.01335	0.50522	0.03709	0.01407	0.01058	0.00534	0.00415	0.00131	0.00368	0.00422	0.09275	0.00680
6	0.00563	0.00412	0.00506	0.00569	0.00622	0.00384	0.00393	0.00644	0.00848	0.01097	0.02626	0.45747	0.18853	0.16126	0.00849	0.00217	0.00291	0.08528	0.00380	0.00346
7	0.00816	0.00632	0.00866	0.04371	0.00958	0.00755	0.00633	0.08733	0.00840	0.02912	0.01083	0.01644	0.01015	0.12813	0.46259	0.00492	0.14024	0.00464	0.00256	0.00434
8	0.01957	0.00742	0.01012	0.00776	0.01113	0.00641	0.00641	0.02126	0.01248	0.82254	0.01721	0.01484	0.01080	0.00540	0.00439	0.00135	0.00371	0.00439	0.00540	0.00742
9	0.00622	0.00450	0.00516	0.00510	0.00640	0.00391	0.00378	0.00753	0.01039	0.05860	0.21656	0.16037	0.47448	0.01064	0.00517	0.00149	0.00231	0.00912	0.00430	0.00397
10	0.05849	0.01179	0.01262	0.00971	0.01316	0.01299	0.00802	0.72719	0.01947	0.06704	0.01060	0.01053	0.00746	0.00519	0.00428	0.00131	0.00468	0.00387	0.00433	0.00729
11	0.06935	0.00740	0.00724	0.00624	0.00821	0.05316	0.00493	0.18581	0.01202	0.09607	0.01273	0.01377	0.00958	0.00504	0.00349	0.00114	0.00322	0.00388	0.49148	0.00522

[dist]
# distance from previous block
# <min> <max>
0	10

[block]
# block no. 5 follows, 60 sequences, length 26
# corresponding to MSA columns:
# 419-444
name=unknown_F
#
# <colnr> <probs for GDERKNQSTAVLIFYWHMCP>
#	G	D	E	R	K	N	Q	S	T	A	V	L	I	F	Y	W	H	M	C	P
0	0.03351	0.00470	0.00532	0.00557	0.00676	0.00435	0.00416	0.00790	0.04318	0.03552	0.04511	0.27704	0.40251	0.01118	0.00519	0.00159	0.00259	0.08019	0.01968	0.00396
1	0.00761	0.00505	0.00610	0.00570	0.00707	0.00475	0.00435	0.04177	0.03445	0.07215	0.42052	0.08095	0.17971	0.00888	0.00491	0.00140	0.00243	0.02794	0.07981	0.00444
2	0.03697	0.00808	0.01329	0.71630	0.02779	0.00983	0.05080	0.01210	0.05939	0.01201	0.00838	0.01178	0.00629	0.00441	0.00435	0.00145	0.00566	0.00396	0.00213	0.00502
3	0.16535	0.16466	0.23472	0.01013	0.01380	0.15359	0.04253	0.04900	0.02322	0.01402	0.00714	0.00852	0.00569	0.00451	0.00465	0.00130	0.08627	0.00304	0.00225	0.00561
4	0.01065	0.01075	0.00967	0.00870	0.01001	0.25693	0.02295	0.07037	0.00966	0.01171	0.00981	0.01486	0.00925	0.16997	0.21049	0.00324	0.10104	0.00422	0.03999	0.01572
5	0.03922	0.09725	0.21917	0.02717	0.02954	0.02348	0.06713	0.07189	0.03191	0.05300	0.04119	0.01160	0.00839	0.00479	0.01546	0.00124	0.00490	0.02104	0.00270	0.22892
6	0.03246	0.04539	0.11687	0.00915	0.04609	0.00770	0.07027	0.01210	0.05417	0.03272	0.05266	0.03692	0.06338	0.00501	0.00416	0.00110	0.01915	0.02042	0.00285	0.36743
7	0.38164	0.00856	0.00872	0.00711	0.01003	0.00909	0.00584	0.17433	0.01179	0.25832	0.03582	0.01130	0.00850	0.00489	0.00363	0.00133	0.00365	0.00353	0.04592	0.00601
8	0.00626	0.00428	0.00563	0.00591	0.00660	0.00414	0.02597	0.00751	0.00872	0.01248	0.07113	0.40930	0.06938	0.07189	0.06973	0.00215	0.00339	0.03328	0.17851	0.00373
9	0.03084	0.05677	0.07253	0.09612	0.26447	0.07526	0.06327	0.04347	0.04206	0.08648	0.02695	0.01178	0.00798	0.00505	0.00534	0.02842	0.06178	0.01276	0.00264	0.00601
10	0.01005	0.03239	0.29165	0.02822	0.03287	0.02785	0.16089	0.05886	0.02294	0.06251	0.00972	0.03395	0.00774	0.00851	0.11826	0.00215	0.04072	0.00417	0.00249	0.04405
11	0.00612	0.00421	0.00514	0.00557	0.00580	0.00413	0.00364	0.00662	0.00748	0.00990	0.01848	0.26534	0.03494	0.48161	0.01497	0.00318	0.00368	0.11284	0.00325	0.00310
12	0.00786	0.11828	0.04144	0.00752	0.06613	0.01581	0.00557	0.03172	0.02515	0.04315	0.06766	0.14484	0.30871	0.08946	0.00636	0.00167	0.00337	0.00730	0.00349	0.00451
13	0.03438	0.08833	0.15679	0.07708	0.07854	0.03408	0.08430	0.03849	0.03934	0.11357	0.04097	0.02164	0.07015	0.00556	0.00526	0.00141	0.08320	0.01823	0.00290	0.00579
14	0.01047	0.01044	0.01161	0.04422	0.03026	0.18812	0.09026	0.06180	0.01857	0.03512	0.04543	0.09524	0.08723	0.00927	0.07239	0.00194	0.13295	0.04683	0.00296	0.00491
15	0.25495	0.27364	0.03029	0.01110	0.11965	0.16692	0.06174	0.01393	0.00936	0.01380	0.00670	0.00805	0.00560	0.00399	0.00337	0.00118	0.00519	0.00284	0.00223	0.00546
16	0.82274	0.00933	0.05798	0.00616	0.00909	0.00981	0.00544	0.01288	0.00754	0.01921	0.00618	0.00722	0.00477	0.00405	0.00279	0.00135	0.00357	0.00242	0.00264	0.00483
17	0.03525	0.00463	0.00569	0.00613	0.03155	0.00458	0.00420	0.00768	0.00842	0.01214	0.05646	0.22690	0.15001	0.12564	0.15834	0.00283	0.00442	0.00746	0.12453	0.02314
18	0.06413	0.08028	0.14820	0.02860	0.07086	0.04111	0.05928	0.26721	0.01290	0.03890	0.00995	0.01169	0.02170	0.00651	0.05616	0.00164	0.00556	0.02122	0.00302	0.05108
19	0.00824	0.00597	0.00715	0.00737	0.05867	0.02773	0.00516	0.02748	0.07777	0.06982	0.31587	0.09527	0.13672	0.01978	0.01661	0.00152	0.00297	0.02866	0.08254	0.00470
20	0.00548	0.00402	0.00512	0.00583	0.00638	0.00371	0.00406	0.00644	0.00896	0.01177	0.09019	0.58683	0.15494	0.03520	0.00594	0.00177	0.00257	0.05312	0.00407	0.00361
21	0.03472	0.00547	0.00661	0.00732	0.04742	0.03173	0.00496	0.03480	0.00979	0.06256	0.11025	0.49802	0.09228	0.01102	0.00518	0.00161	0.00296	0.02503	0.00403	0.00425
22	0.06527	0.02630	0.11680	0.27545	0.14115	0.07274	0.02646	0.02734	0.05641	0.06126	0.00888	0.01089	0.00675	0.00447	0.00444	0.00135	0.03264	0.00366	0.01810	0.03963
23	0.05342	0.00655	0.00784	0.00671	0.00899	0.00627	0.00528	0.05263	0.08379	0.33598	0.01834	0.13940	0.06411	0.00684	0.00426	0.00135	0.00314	0.00571	0.16005	0.02932
24	0.00589	0.00432	0.00558	0.00635	0.00699	0.00412	0.00468	0.00729	0.02989	0.01196	0.05199	0.50069	0.11673	0.03640	0.00606	0.00184	0.00289	0.18855	0.00404	0.00375
25	0.01088	0.04940	0.08393	0.08121	0.13883	0.07827	0.35507	0.02882	0.04399	0.03907	0.00954	0.04362	0.00768	0.00444	0.00462	0.00139	0.00624	0.00461	0.00244	0.00595

[dist]
# distance from previous block
# <min> <max>
1	2

[block]
# block no. 6 follows, 60 sequences, length 20
# corresponding to MSA columns:
# 447-466
name=unknown_G
#
# <colnr> <probs for GDERKNQSTAVLIFYWHMCP>
#	G	D	E	R	K	N	Q	S	T	A	V	L	I	F	Y	W	H	M	C	P
0	0.07012	0.17060	0.01349	0.00983	0.06819	0.12497	0.01572	0.14725	0.07232	0.02798	0.00917	0.01124	0.00767	0.02613	0.00463	0.00124	0.03819	0.02940	0.00288	0.14899
1	0.01052	0.15381	0.11673	0.02901	0.03024	0.23328	0.02819	0.02458	0.01075	0.01264	0.13304	0.01772	0.14992	0.00614	0.00446	0.00126	0.02507	0.00478	0.00283	0.00504
2	0.01031	0.13107	0.40079	0.01114	0.05321	0.05982	0.02845	0.05122	0.03593	0.04431	0.01064	0.03741	0.04668	0.00483	0.00405	0.00127	0.00545	0.00383	0.00245	0.05714
3	0.01108	0.04532	0.01638	0.17536	0.50562	0.03676	0.03435	0.04206	0.01026	0.05323	0.00879	0.01161	0.00714	0.00425	0.00431	0.00133	0.00532	0.01810	0.00238	0.00637
4	0.00739	0.00463	0.00602	0.00634	0.00724	0.00434	0.00461	0.00891	0.03616	0.10404	0.11926	0.48539	0.07044	0.03498	0.00583	0.00174	0.00280	0.08143	0.00426	0.00419
5	0.00865	0.00883	0.03259	0.27727	0.08989	0.05387	0.14155	0.01155	0.04700	0.01248	0.05272	0.01772	0.11961	0.03930	0.06654	0.00194	0.00574	0.00514	0.00262	0.00500
6	0.00793	0.00707	0.00727	0.00713	0.03521	0.04454	0.00521	0.01305	0.28501	0.01473	0.12774	0.02940	0.38174	0.00849	0.00482	0.00144	0.00298	0.00711	0.00413	0.00501
7	0.01049	0.01005	0.01715	0.12398	0.72471	0.01028	0.01323	0.01312	0.00979	0.01388	0.00815	0.01089	0.00678	0.00394	0.00432	0.00131	0.00526	0.00388	0.00213	0.00666
8	0.01583	0.00893	0.01054	0.00832	0.01135	0.00906	0.00679	0.31434	0.07309	0.34818	0.09861	0.01627	0.04649	0.00597	0.00449	0.00135	0.00387	0.00482	0.00482	0.00688
9	0.01482	0.00731	0.00901	0.00745	0.01011	0.00709	0.00604	0.07228	0.14561	0.43250	0.05444	0.01829	0.03735	0.00609	0.00437	0.00136	0.00343	0.04350	0.11246	0.00649
10	0.00634	0.00423	0.00476	0.00476	0.00476	0.00423	0.00264	0.00634	0.00634	0.00846	0.01374	0.02854	0.01586	0.84672	0.02220	0.00423	0.00423	0.00634	0.00264	0.00264
11	0.00545	0.00388	0.00499	0.00581	0.00609	0.00364	0.00382	0.00612	0.00814	0.01079	0.02353	0.69314	0.06339	0.12980	0.00787	0.00210	0.00275	0.01141	0.00385	0.00342
12	0.00557	0.00429	0.00513	0.00564	0.00649	0.00392	0.00405	0.00693	0.03188	0.01205	0.07711	0.43426	0.31510	0.01212	0.00539	0.00165	0.00250	0.05808	0.00410	0.00375
13	0.06900	0.01012	0.03179	0.13199	0.01450	0.03494	0.00802	0.35119	0.06316	0.12423	0.03822	0.01318	0.00944	0.00531	0.00423	0.00134	0.00449	0.02149	0.05700	0.00635
14	0.04427	0.00978	0.01103	0.00981	0.06719	0.06079	0.00735	0.32569	0.01425	0.20660	0.02368	0.01314	0.00928	0.03263	0.12273	0.00220	0.00558	0.00414	0.02349	0.00638
15	0.00566	0.00419	0.00520	0.00589	0.00641	0.00398	0.00401	0.00695	0.04546	0.01137	0.02574	0.61453	0.13825	0.08035	0.00681	0.00192	0.00269	0.02300	0.00395	0.00365
16	0.03791	0.00561	0.00617	0.00548	0.00724	0.00552	0.00427	0.06672	0.03628	0.14938	0.01580	0.05439	0.04505	0.00572	0.00360	0.00116	0.00266	0.00463	0.50769	0.03473
17	0.04988	0.02634	0.07687	0.04299	0.05684	0.14828	0.06981	0.18266	0.09583	0.01629	0.03120	0.03395	0.03139	0.02418	0.00576	0.00146	0.09314	0.00430	0.00302	0.00582
18	0.01002	0.07061	0.10617	0.05536	0.10809	0.03232	0.07608	0.10016	0.02841	0.03537	0.01398	0.05078	0.07587	0.00740	0.03141	0.02022	0.05263	0.08699	0.03268	0.00546
19	0.07736	0.14013	0.12275	0.03119	0.03013	0.10232	0.08257	0.04313	0.00910	0.01252	0.00853	0.02396	0.00764	0.07409	0.12569	0.00238	0.09528	0.00386	0.00227	0.00510

[dist]
# distance from previous block
# <min> <max>
1	8

[block]
# block no. 7 follows, 60 sequences, length 19
# corresponding to MSA columns:
# 476-494
name=unknown_H
#
# <colnr> <probs for GDERKNQSTAVLIFYWHMCP>
#	G	D	E	R	K	N	Q	S	T	A	V	L	I	F	Y	W	H	M	C	P
0	0.00766	0.00471	0.00589	0.00575	0.00695	0.00424	0.00424	0.00899	0.01035	0.12716	0.25025	0.23035	0.21012	0.06700	0.00633	0.00171	0.00266	0.03705	0.00435	0.00424
1	0.00964	0.00869	0.01423	0.30944	0.40063	0.00934	0.01147	0.01255	0.03796	0.03955	0.05185	0.01419	0.05205	0.00481	0.00443	0.00137	0.00498	0.00442	0.00250	0.00588
2	0.02980	0.33069	0.13339	0.02693	0.02524	0.04637	0.03218	0.07609	0.04383	0.05077	0.02879	0.08549	0.01952	0.00576	0.01542	0.00132	0.02835	0.00417	0.01022	0.00567
3	0.00984	0.08896	0.22326	0.08685	0.08854	0.02198	0.08207	0.05540	0.10075	0.03162	0.05562	0.01583	0.06141	0.00547	0.00453	0.00139	0.01555	0.04223	0.00283	0.00588
4	0.00572	0.00403	0.00512	0.00573	0.00602	0.00387	0.00378	0.00640	0.00803	0.01072	0.05675	0.50870	0.04663	0.24404	0.03688	0.00260	0.00331	0.03469	0.00364	0.00335
5	0.00611	0.00472	0.00586	0.00574	0.00682	0.00444	0.02169	0.00780	0.02846	0.01373	0.27355	0.16746	0.28657	0.04653	0.00609	0.00162	0.02179	0.04039	0.04671	0.00393
6	0.02872	0.06624	0.11297	0.04037	0.27712	0.11979	0.07900	0.09764	0.02914	0.01445	0.00865	0.01140	0.00723	0.06725	0.00571	0.00152	0.02047	0.00385	0.00244	0.00603
7	0.00848	0.00725	0.02727	0.01007	0.08650	0.06286	0.05011	0.01026	0.00983	0.05824	0.03644	0.23335	0.04134	0.01042	0.02326	0.00182	0.01887	0.29543	0.00360	0.00460
8	0.43147	0.14539	0.02917	0.00824	0.03480	0.17940	0.00670	0.03299	0.00919	0.01565	0.00687	0.00860	0.00576	0.00437	0.00346	0.00125	0.02453	0.02167	0.00249	0.02801
9	0.00823	0.00491	0.00618	0.00592	0.00701	0.00471	0.00432	0.00957	0.02822	0.13312	0.12376	0.11878	0.12847	0.21149	0.10004	0.02201	0.00413	0.04842	0.02660	0.00412
10	0.00622	0.00478	0.00556	0.00529	0.00657	0.00432	0.00396	0.03138	0.01098	0.01459	0.37059	0.05033	0.33586	0.06804	0.00628	0.00161	0.00246	0.03239	0.00423	0.03456
11	0.04223	0.02833	0.39723	0.03966	0.10382	0.05672	0.01208	0.06803	0.01018	0.03424	0.00844	0.01046	0.00653	0.00439	0.00425	0.00127	0.02394	0.02247	0.00235	0.12339
12	0.00904	0.00938	0.03710	0.08404	0.04206	0.04713	0.29758	0.02739	0.06992	0.01416	0.14029	0.04096	0.07193	0.03212	0.03108	0.00171	0.00542	0.03045	0.00304	0.00519
13	0.00730	0.00467	0.00576	0.00593	0.00701	0.00428	0.00429	0.00875	0.03783	0.10868	0.07214	0.41444	0.22958	0.03766	0.00579	0.00170	0.00269	0.03310	0.00422	0.00418
14	0.01070	0.00633	0.00759	0.00671	0.00866	0.00615	0.00522	0.07013	0.11888	0.21685	0.17936	0.10813	0.15909	0.02622	0.00517	0.00150	0.00302	0.02449	0.03042	0.00538
15	0.15676	0.04049	0.15909	0.03898	0.05247	0.06424	0.02388	0.11319	0.06635	0.13488	0.05242	0.01159	0.00897	0.00476	0.00396	0.00129	0.00468	0.00370	0.00325	0.05505
16	0.00765	0.00631	0.00790	0.00751	0.00876	0.06036	0.07747	0.03533	0.02357	0.04094	0.03477	0.46166	0.12579	0.01056	0.00515	0.00159	0.00343	0.03102	0.04599	0.00425
17	0.00530	0.00407	0.00485	0.00540	0.00617	0.00363	0.00377	0.00626	0.00918	0.01172	0.07379	0.48969	0.33575	0.01240	0.00538	0.00163	0.00238	0.01092	0.00409	0.00363
18	0.06614	0.08625	0.03960	0.10126	0.15237	0.02696	0.04424	0.11374	0.03315	0.10240	0.06372	0.02349	0.01064	0.00531	0.00445	0.00134	0.02265	0.05101	0.00315	0.04814

[dist]
# distance from previous block
# <min> <max>
3	15

[block]
# block no. 8 follows, 60 sequences, length 15
# corresponding to MSA columns:
# 512-526
name=unknown_I
#
# <colnr> <probs for GDERKNQSTAVLIFYWHMCP>
#	G	D	E	R	K	N	Q	S	T	A	V	L	I	F	Y	W	H	M	C	P
0	0.01008	0.09431	0.13695	0.01797	0.03226	0.04519	0.03720	0.03339	0.11351	0.06791	0.03823	0.07943	0.05444	0.03183	0.00466	0.00132	0.00425	0.00473	0.03554	0.15679
1	0.03299	0.00938	0.01171	0.03371	0.10938	0.02916	0.05667	0.22302	0.16496	0.03037	0.06034	0.06106	0.07856	0.00634	0.00484	0.00141	0.03020	0.01878	0.02056	0.01657
2	0.00929	0.07640	0.01293	0.20740	0.01574	0.02425	0.07437	0.04992	0.06132	0.02631	0.03149	0.14471	0.01144	0.03963	0.00745	0.00166	0.19254	0.00546	0.00273	0.00497
3	0.00985	0.11564	0.65262	0.01163	0.01747	0.01128	0.01435	0.09207	0.01029	0.01476	0.00789	0.00908	0.00572	0.00420	0.00401	0.00132	0.00608	0.00319	0.00209	0.00645
4	0.00964	0.04210	0.01573	0.03003	0.01443	0.01089	0.25049	0.01292	0.10668	0.02568	0.01109	0.03921	0.03999	0.02767	0.02460	0.00177	0.29192	0.00488	0.03502	0.00527
5	0.00777	0.00520	0.00622	0.00623	0.00743	0.00507	0.00456	0.02189	0.11106	0.09019	0.06672	0.34752	0.17473	0.04923	0.02003	0.00179	0.00296	0.02895	0.03802	0.00445
6	0.03977	0.00414	0.00529	0.00609	0.00660	0.00392	0.00420	0.00685	0.00862	0.03090	0.04414	0.72163	0.05205	0.01284	0.00542	0.00173	0.00261	0.03545	0.00405	0.00371
7	0.04551	0.02960	0.01174	0.08363	0.01362	0.13182	0.00797	0.35549	0.03013	0.07851	0.01070	0.01333	0.00854	0.03462	0.05328	0.00178	0.03669	0.04346	0.00351	0.00606
8	0.01150	0.00618	0.00814	0.00793	0.05865	0.00573	0.00569	0.01386	0.07469	0.31419	0.11492	0.19271	0.13564	0.00841	0.00486	0.00148	0.00313	0.02220	0.00455	0.00555
9	0.00555	0.00393	0.00517	0.00605	0.00644	0.00368	0.00417	0.00650	0.00875	0.01180	0.07302	0.70656	0.04605	0.01296	0.00548	0.00173	0.00256	0.05515	0.03083	0.00362
