[name]
unknown

[dist]
# distance from previous block
# <min> <max>
0	23

[block]
# block no. 0 follows, 60 sequences, length 108
# corresponding to MSA columns:
# 23-50,57-103,108-140
name=unknown_A
#
# <colnr> <probs for GDERKNQSTAVLIFYWHMCP>
#	G	D	E	R	K	N	Q	S	T	A	V	L	I	F	Y	W	H	M	C	P
0	0.00717	0.00522	0.00743	0.00874	0.03961	0.00522	0.00727	0.00920	0.01004	0.01310	0.02253	0.04775	0.02441	0.01174	0.00596	0.00198	0.00406	0.76050	0.00395	0.00413
1	0.84504	0.00890	0.00663	0.00594	0.00863	0.04070	0.00486	0.01299	0.00761	0.01923	0.00610	0.00711	0.00476	0.00407	0.00275	0.00134	0.00354	0.00238	0.00268	0.00474
2	0.00520	0.00443	0.00452	0.00452	0.00596	0.00375	0.00339	0.00632	0.00983	0.01172	0.04296	0.04104	0.78731	0.01186	0.03625	0.00168	0.00257	0.00903	0.00399	0.00369
3	0.00606	0.00476	0.00698	0.00757	0.03333	0.00455	0.05684	0.00748	0.03891	0.01160	0.02219	0.68963	0.03655	0.04380	0.00608	0.00181	0.00303	0.01110	0.00383	0.00390
4	0.79824	0.00957	0.00696	0.00624	0.00890	0.08523	0.00506	0.01324	0.00788	0.01875	0.00613	0.00716	0.00481	0.00409	0.00281	0.00133	0.00379	0.00240	0.00266	0.00475
5	0.00534	0.00381	0.00505	0.00603	0.00628	0.00356	0.00401	0.00608	0.00829	0.01105	0.02373	0.81912	0.02845	0.03896	0.00607	0.00185	0.00258	0.01221	0.00401	0.00352
6	0.01667	0.01126	0.01221	0.00946	0.01282	0.03157	0.00778	0.59944	0.03924	0.17323	0.01272	0.01221	0.02982	0.00542	0.00438	0.00132	0.00457	0.00415	0.00450	0.00725
7	0.01078	0.01041	0.01796	0.02650	0.79424	0.01038	0.03845	0.01340	0.00994	0.01424	0.00822	0.01083	0.00690	0.00388	0.00434	0.00130	0.00525	0.00393	0.00216	0.00688
8	0.00537	0.00384	0.00505	0.00598	0.00625	0.00359	0.00398	0.00613	0.00835	0.01113	0.03767	0.78116	0.03998	0.05125	0.00631	0.00187	0.00259	0.01200	0.00400	0.00351
9	0.00523	0.00431	0.00460	0.00477	0.00600	0.00368	0.00348	0.00631	0.00976	0.01192	0.07494	0.18819	0.63889	0.01143	0.00523	0.00152	0.00226	0.00973	0.00408	0.00368
10	0.01931	0.00762	0.01050	0.00803	0.01142	0.00667	0.02229	0.04003	0.01263	0.78728	0.01688	0.01468	0.01063	0.00536	0.00440	0.00135	0.00381	0.00439	0.00531	0.00739
11	0.01166	0.84935	0.02285	0.00746	0.01119	0.01726	0.00746	0.01306	0.00886	0.01026	0.00606	0.00700	0.00560	0.00373	0.00280	0.00093	0.00466	0.00233	0.00187	0.00560
12	0.00595	0.00479	0.02140	0.00515	0.00646	0.00402	0.00395	0.00745	0.01060	0.02879	0.31512	0.09898	0.41450	0.03018	0.00552	0.00151	0.00234	0.00861	0.02073	0.00393
13	0.01807	0.00746	0.00976	0.00760	0.01073	0.00675	0.00624	0.07489	0.02501	0.67555	0.03051	0.01499	0.01116	0.00543	0.00429	0.00132	0.00362	0.00440	0.07515	0.00709
14	0.00904	0.00775	0.00904	0.00646	0.01034	0.00581	0.00517	0.01098	0.00904	0.01421	0.00775	0.00904	0.00646	0.00323	0.00323	0.00065	0.00323	0.00258	0.00258	0.87339
15	0.08846	0.01207	0.09685	0.01155	0.01439	0.08701	0.19041	0.13247	0.03373	0.03882	0.00948	0.02750	0.01690	0.04846	0.01883	0.01381	0.14672	0.00427	0.00272	0.00556
16	0.01914	0.00754	0.01009	0.00776	0.01108	0.00665	0.00640	0.05437	0.01274	0.76756	0.01684	0.01470	0.01066	0.00538	0.00435	0.00134	0.00371	0.00436	0.02800	0.00733
17	0.00544	0.00442	0.00483	0.00475	0.00607	0.00380	0.00355	0.00680	0.01058	0.01336	0.25920	0.05732	0.58362	0.01051	0.00516	0.00145	0.00217	0.00891	0.00426	0.00380
18	0.01046	0.01000	0.01703	0.10241	0.72914	0.01018	0.01308	0.01307	0.00987	0.01402	0.02428	0.01131	0.00749	0.00403	0.00434	0.00131	0.00518	0.00396	0.00219	0.00666
19	0.00891	0.04060	0.77023	0.01211	0.01826	0.02646	0.01544	0.01369	0.00919	0.01354	0.00791	0.00960	0.00578	0.02448	0.00455	0.00143	0.00638	0.00327	0.00187	0.00631
20	0.07866	0.01087	0.01165	0.12335	0.04363	0.13756	0.05160	0.18671	0.13703	0.01713	0.01179	0.01571	0.00980	0.00566	0.00434	0.00140	0.00502	0.09437	0.04799	0.00574
21	0.00936	0.19740	0.65468	0.01138	0.01725	0.01164	0.01428	0.01365	0.00913	0.01306	0.00745	0.00874	0.00554	0.00406	0.00386	0.00129	0.00607	0.00303	0.00185	0.00627
22	0.00529	0.00423	0.00476	0.00514	0.00617	0.00371	0.00372	0.00631	0.00936	0.01158	0.03613	0.31473	0.51099	0.01232	0.01856	0.00168	0.00253	0.03514	0.00402	0.00365
23	0.01079	0.01036	0.01770	0.02677	0.81952	0.01036	0.01339	0.01339	0.00993	0.01425	0.00820	0.01079	0.00691	0.00389	0.00432	0.00130	0.00518	0.00389	0.00216	0.00691
24	0.01332	0.01503	0.01283	0.01118	0.01273	0.39561	0.02184	0.07267	0.06595	0.01241	0.00743	0.00932	0.00634	0.00580	0.00789	0.00146	0.31703	0.00345	0.00243	0.00526
25	0.00635	0.00482	0.00704	0.00699	0.00765	0.00563	0.00536	0.00773	0.00699	0.01004	0.01203	0.04777	0.01172	0.09572	0.69948	0.00637	0.04702	0.00505	0.00240	0.00382
26	0.00634	0.00423	0.00476	0.00476	0.00476	0.00423	0.00264	0.00634	0.00634	0.00846	0.01374	0.02854	0.01586	0.84672	0.02220	0.00423	0.00423	0.00634	0.00264	0.00264
27	0.86118	0.00851	0.00654	0.00582	0.00853	0.00986	0.00479	0.02787	0.00767	0.01972	0.00616	0.00715	0.00477	0.00407	0.00273	0.00135	0.00340	0.00239	0.00273	0.00477
28	0.00829	0.00780	0.01317	0.82084	0.04506	0.00970	0.01214	0.01119	0.00874	0.01120	0.00776	0.01161	0.00583	0.00435	0.00436	0.00145	0.00580	0.00388	0.00194	0.00488
29	0.01073	0.01029	0.01758	0.04841	0.79841	0.01034	0.01335	0.01333	0.00990	0.01417	0.00819	0.01082	0.00688	0.00390	0.00432	0.00130	0.00520	0.00389	0.00215	0.00685
30	0.00571	0.00444	0.00519	0.00500	0.00623	0.00392	0.00375	0.00734	0.01125	0.01490	0.46613	0.03685	0.39386	0.00988	0.00515	0.00142	0.00213	0.00849	0.00446	0.00392
31	0.01957	0.00742	0.01012	0.00776	0.01113	0.00641	0.00641	0.02126	0.01248	0.82254	0.01721	0.01484	0.01080	0.00540	0.00439	0.00135	0.00371	0.00439	0.00540	0.00742
32	0.00526	0.00442	0.00457	0.00453	0.00596	0.00373	0.00340	0.00646	0.01019	0.01238	0.12466	0.04100	0.73690	0.01082	0.00515	0.00146	0.00219	0.00907	0.00413	0.00373
33	0.01166	0.84935	0.02285	0.00746	0.01119	0.01726	0.00746	0.01306	0.00886	0.01026	0.00606	0.00700	0.00560	0.00373	0.00280	0.00093	0.00466	0.00233	0.00187	0.00560
34	0.01957	0.00742	0.01012	0.00776	0.01113	0.00641	0.00641	0.02126	0.01248	0.82254	0.01721	0.01484	0.01080	0.00540	0.00439	0.00135	0.00371	0.00439	0.00540	0.00742
35	0.01640	0.01208	0.01298	0.00998	0.01342	0.01338	0.00824	0.79103	0.02027	0.02718	0.01049	0.01059	0.00748	0.00572	0.01880	0.00141	0.00492	0.00394	0.00433	0.00736
36	0.00703	0.00502	0.00703	0.00803	0.00904	0.00502	0.00703	0.00904	0.01004	0.01305	0.02309	0.04920	0.02510	0.01205	0.00602	0.00201	0.00402	0.79016	0.00402	0.00402
37	0.01100	0.00690	0.00720	0.00616	0.00803	0.00737	0.00488	0.27407	0.03229	0.02003	0.01307	0.01434	0.00998	0.00515	0.00352	0.00112	0.00298	0.00404	0.56262	0.00525
38	0.00531	0.00380	0.00506	0.00607	0.00633	0.00354	0.00405	0.00607	0.00835	0.01113	0.02404	0.84388	0.02885	0.01366	0.00557	0.00177	0.00253	0.01240	0.00405	0.00354
39	0.00623	0.00467	0.00701	0.00701	0.00779	0.00545	0.00545	0.00779	0.00701	0.01012	0.01168	0.01713	0.01090	0.03271	0.82944	0.00701	0.01168	0.00467	0.00234	0.00389
40	0.01029	0.01176	0.02574	0.01838	0.02279	0.01103	0.80368	0.01397	0.01029	0.01397	0.00882	0.01176	0.00662	0.00368	0.00515	0.00147	0.00735	0.00515	0.00221	0.00588
41	0.00634	0.00423	0.00476	0.00476	0.00476	0.00423	0.00264	0.00634	0.00634	0.00846	0.01374	0.02854	0.01586	0.84672	0.02220	0.00423	0.00423	0.00634	0.00264	0.00264
42	0.00531	0.00380	0.00506	0.00607	0.00633	0.00354	0.00405	0.00607	0.00835	0.01113	0.02404	0.84388	0.02885	0.01366	0.00557	0.00177	0.00253	0.01240	0.00405	0.00354
43	0.00532	0.00456	0.00457	0.00454	0.00605	0.00389	0.00342	0.00674	0.03268	0.01197	0.04343	0.04124	0.79493	0.01090	0.00513	0.00147	0.00224	0.00908	0.00406	0.00377
44	0.01957	0.00742	0.01012	0.00776	0.01113	0.00641	0.00641	0.02126	0.01248	0.82254	0.01721	0.01484	0.01080	0.00540	0.00439	0.00135	0.00371	0.00439	0.00540	0.00742
45	0.00617	0.00446	0.00583	0.00549	0.00652	0.00412	0.00412	0.00823	0.01235	0.01749	0.81722	0.03258	0.04115	0.00892	0.00514	0.00137	0.00206	0.00789	0.00480	0.00412
46	0.00824	0.00775	0.01308	0.83624	0.03004	0.00969	0.01211	0.01114	0.00872	0.01114	0.00775	0.01163	0.00581	0.00436	0.00436	0.00145	0.00581	0.00388	0.00194	0.00484
47	0.01679	0.01206	0.01249	0.00976	0.01310	0.07300	0.00798	0.60623	0.04627	0.14058	0.01142	0.01111	0.00798	0.00523	0.00434	0.00131	0.00482	0.00394	0.00436	0.00722
48	0.00885	0.05102	0.79655	0.01226	0.01861	0.01037	0.01582	0.01379	0.00920	0.01369	0.00777	0.00913	0.00553	0.00413	0.00410	0.00137	0.00638	0.00319	0.00184	0.00642
49	0.81338	0.00870	0.00729	0.00631	0.00909	0.00999	0.02914	0.04765	0.00808	0.01975	0.00635	0.00738	0.00490	0.00409	0.00285	0.00135	0.00356	0.00251	0.00276	0.00488
50	0.08263	0.00807	0.01062	0.00820	0.01150	0.01967	0.03634	0.04754	0.01220	0.67850	0.01547	0.01380	0.00990	0.00525	0.00445	0.00136	0.01825	0.00421	0.00493	0.00708
51	0.01029	0.01176	0.02574	0.01838	0.02279	0.01103	0.80368	0.01397	0.01029	0.01397	0.00882	0.01176	0.00662	0.00368	0.00515	0.00147	0.00735	0.00515	0.00221	0.00588
52	0.00537	0.00383	0.00512	0.00613	0.00641	0.00359	0.00414	0.00616	0.00840	0.01119	0.02401	0.81975	0.02873	0.01361	0.00558	0.00178	0.00258	0.03601	0.00405	0.00356
53	0.01119	0.00870	0.00949	0.00847	0.01087	0.00977	0.00662	0.02148	0.65621	0.09219	0.08558	0.01810	0.01565	0.00623	0.00452	0.00147	0.00337	0.01887	0.00455	0.00666
54	0.01473	0.07185	0.01286	0.00955	0.01274	0.04375	0.00784	0.49793	0.23084	0.03465	0.01206	0.01174	0.00884	0.00528	0.00425	0.00132	0.00453	0.00405	0.00414	0.00706
55	0.01043	0.00607	0.00764	0.00656	0.00843	0.00580	0.00514	0.08390	0.04970	0.20606	0.50399	0.02591	0.04694	0.00767	0.00486	0.00137	0.00276	0.00661	0.00487	0.00530
56	0.01230	0.69241	0.05254	0.00812	0.01181	0.09202	0.00791	0.04777	0.00975	0.02245	0.00654	0.00742	0.00575	0.00391	0.00305	0.00099	0.00502	0.00251	0.00206	0.00568
57	0.87753	0.00843	0.00641	0.00574	0.00843	0.00978	0.00472	0.01282	0.00742	0.01957	0.00607	0.00709	0.00472	0.00405	0.00270	0.00135	0.00337	0.00236	0.00270	0.00472
58	0.00884	0.04988	0.79765	0.01227	0.01862	0.01036	0.01583	0.01379	0.00920	0.01369	0.00777	0.00914	0.00553	0.00413	0.00410	0.00137	0.00639	0.00319	0.00184	0.00642
59	0.01053	0.00909	0.00972	0.00846	0.01117	0.00997	0.00660	0.02106	0.67207	0.01754	0.01601	0.01502	0.01212	0.00545	0.00423	0.00133	0.00341	0.00452	0.00412	0.15758
60	0.01085	0.00937	0.00986	0.00888	0.01134	0.01085	0.00690	0.02318	0.81164	0.01824	0.01775	0.01627	0.01331	0.00592	0.00444	0.00148	0.00345	0.00493	0.00444	0.00690
61	0.01658	0.01222	0.01309	0.01003	0.01353	0.01353	0.00829	0.80497	0.02051	0.02749	0.01047	0.01047	0.00742	0.00524	0.00436	0.00131	0.00480	0.00393	0.00436	0.00742
62	0.00954	0.00954	0.01336	0.01145	0.01145	0.01336	0.00954	0.01050	0.00668	0.01050	0.00573	0.00954	0.00573	0.00763	0.01431	0.00191	0.83874	0.00382	0.00191	0.00477
63	0.00531	0.00381	0.00505	0.00603	0.00632	0.00355	0.00403	0.00608	0.00839	0.01115	0.02452	0.82464	0.04777	0.01360	0.00556	0.00176	0.00252	0.01232	0.00405	0.00355
64	0.00684	0.00489	0.00681	0.00778	0.00871	0.00485	0.00666	0.00873	0.00994	0.01298	0.04396	0.12560	0.02588	0.01212	0.00596	0.00197	0.00382	0.69449	0.00404	0.00397
65	0.87753	0.00843	0.00641	0.00574	0.00843	0.00978	0.00472	0.01282	0.00742	0.01957	0.00607	0.00709	0.00472	0.00405	0.00270	0.00135	0.00337	0.00236	0.00270	0.00472
66	0.00967	0.00816	0.00888	0.00833	0.01045	0.00918	0.00661	0.01917	0.59857	0.01675	0.02105	0.02438	0.08715	0.00746	0.00478	0.00157	0.00344	0.14398	0.00433	0.00611
67	0.00634	0.00423	0.00476	0.00476	0.00476	0.00423	0.00264	0.00634	0.00634	0.00846	0.01374	0.02854	0.01586	0.84672	0.02220	0.00423	0.00423	0.00634	0.00264	0.00264
68	0.00628	0.00475	0.00711	0.00708	0.00784	0.00557	0.00551	0.00783	0.00700	0.01013	0.01159	0.01702	0.01082	0.03232	0.81685	0.00693	0.02446	0.00466	0.00233	0.00391
69	0.00847	0.00788	0.01308	0.81281	0.02957	0.00980	0.01200	0.03365	0.00906	0.01161	0.00783	0.01160	0.00586	0.00439	0.00436	0.00145	0.00579	0.00388	0.00201	0.00492
70	0.01109	0.00974	0.00998	0.00896	0.01144	0.03410	0.00697	0.03520	0.77664	0.01817	0.01733	0.01594	0.01300	0.00587	0.00442	0.00147	0.00360	0.00486	0.00437	0.00686
71	0.00516	0.00440	0.00443	0.00445	0.00590	0.00368	0.00333	0.00626	0.00991	0.01177	0.04374	0.05972	0.80028	0.01110	0.00516	0.00148	0.00222	0.00928	0.00405	0.00368
72	0.00824	0.00775	0.01308	0.83624	0.03004	0.00969	0.01211	0.01114	0.00872	0.01114	0.00775	0.01163	0.00581	0.00436	0.00436	0.00145	0.00581	0.00388	0.00194	0.00484
73	0.00550	0.00392	0.00525	0.00624	0.00656	0.00370	0.00431	0.00637	0.00847	0.01126	0.02372	0.74805	0.02819	0.03195	0.00598	0.00185	0.00271	0.08839	0.00401	0.00357
74	0.00577	0.00426	0.00540	0.00554	0.00641	0.00389	0.00402	0.00729	0.01073	0.01461	0.44329	0.27715	0.15961	0.01073	0.00529	0.00152	0.00226	0.02390	0.00444	0.00387
75	0.00910	0.12348	0.72632	0.01182	0.01794	0.01100	0.01506	0.01372	0.00917	0.01338	0.00761	0.00894	0.00553	0.00409	0.00398	0.00133	0.00623	0.00311	0.00184	0.00634
76	0.01480	0.01812	0.01502	0.01259	0.01517	0.60619	0.16588	0.01643	0.01164	0.02744	0.00731	0.00887	0.00592	0.00452	0.00475	0.00124	0.05321	0.00336	0.00228	0.00525
77	0.87753	0.00843	0.00641	0.00574	0.00843	0.00978	0.00472	0.01282	0.00742	0.01957	0.00607	0.00709	0.00472	0.00405	0.00270	0.00135	0.00337	0.00236	0.00270	0.00472
78	0.00522	0.00441	0.00452	0.00451	0.00594	0.00371	0.00337	0.00638	0.01007	0.01213	0.09208	0.05367	0.75724	0.01095	0.00516	0.00147	0.00220	0.00917	0.00410	0.00371
79	0.01079	0.01036	0.01770	0.02677	0.81952	0.01036	0.01339	0.01339	0.00993	0.01425	0.00820	0.01079	0.00691	0.00389	0.00432	0.00130	0.00518	0.00389	0.00216	0.00691
80	0.00904	0.00775	0.00904	0.00646	0.01034	0.00581	0.00517	0.01098	0.00904	0.01421	0.00775	0.00904	0.00646	0.00323	0.00323	0.00065	0.00323	0.00258	0.00258	0.87339
81	0.00610	0.00444	0.00575	0.00546	0.00648	0.00408	0.00408	0.00808	0.01212	0.01705	0.75978	0.05833	0.07357	0.00915	0.00516	0.00139	0.00208	0.00808	0.00475	0.00408
82	0.00624	0.00465	0.00689	0.00689	0.00762	0.00538	0.00530	0.00771	0.00697	0.01003	0.01179	0.01776	0.01117	0.07721	0.78531	0.00686	0.01127	0.00476	0.00235	0.00383
83	0.00617	0.00446	0.00583	0.00549	0.00652	0.00412	0.00412	0.00823	0.01235	0.01749	0.81722	0.03258	0.04115	0.00892	0.00514	0.00137	0.00206	0.00789	0.00480	0.00412
84	0.00634	0.00423	0.00476	0.00476	0.00476	0.00423	0.00264	0.00634	0.00634	0.00846	0.01374	0.02854	0.01586	0.84672	0.02220	0.00423	0.00423	0.00634	0.00264	0.00264
85	0.01166	0.84935	0.02285	0.00746	0.01119	0.01726	0.00746	0.01306	0.00886	0.01026	0.00606	0.00700	0.00560	0.00373	0.00280	0.00093	0.00466	0.00233	0.00187	0.00560
86	0.87753	0.00843	0.00641	0.00574	0.00843	0.00978	0.00472	0.01282	0.00742	0.01957	0.00607	0.00709	0.00472	0.00405	0.00270	0.00135	0.00337	0.00236	0.00270	0.00472
87	0.01079	0.01036	0.01770	0.02677	0.81952	0.01036	0.01339	0.01339	0.00993	0.01425	0.00820	0.01079	0.00691	0.00389	0.00432	0.00130	0.00518	0.00389	0.00216	0.00691
88	0.00904	0.00775	0.00904	0.00646	0.01034	0.00581	0.00517	0.01098	0.00904	0.01421	0.00775	0.00904	0.00646	0.00323	0.00323	0.00065	0.00323	0.00258	0.00258	0.87339
89	0.00904	0.00775	0.00904	0.00646	0.01034	0.00581	0.00517	0.01098	0.00904	0.01421	0.00775	0.00904	0.00646	0.00323	0.00323	0.00065	0.00323	0.00258	0.00258	0.87339
90	0.01155	0.29825	0.18345	0.01094	0.05711	0.17999	0.05465	0.01497	0.09306	0.01239	0.00949	0.01038	0.03715	0.00448	0.00378	0.00119	0.00565	0.00338	0.00232	0.00581
91	0.00627	0.00450	0.00598	0.00683	0.00744	0.00438	0.00514	0.03714	0.00934	0.01235	0.02323	0.56420	0.02687	0.01284	0.00566	0.00183	0.00308	0.25504	0.00405	0.00384
92	0.01079	0.01036	0.01770	0.02677	0.81952	0.01036	0.01339	0.01339	0.00993	0.01425	0.00820	0.01079	0.00691	0.00389	0.00432	0.00130	0.00518	0.00389	0.00216	0.00691
93	0.24274	0.02182	0.01132	0.00880	0.01206	0.01241	0.00727	0.55173	0.04082	0.03613	0.00957	0.00977	0.00691	0.00493	0.00391	0.00132	0.00437	0.00353	0.00391	0.00667
94	0.69777	0.02144	0.00800	0.00696	0.02215	0.01043	0.00563	0.05998	0.00828	0.03271	0.00653	0.00772	0.00514	0.00449	0.00402	0.00140	0.08698	0.00266	0.00274	0.00498
95	0.00890	0.02148	0.74435	0.01303	0.01927	0.01022	0.09480	0.01383	0.00932	0.01383	0.00793	0.00946	0.00563	0.00410	0.00424	0.00139	0.00654	0.00342	0.00188	0.00639
96	0.00531	0.00380	0.00506	0.00607	0.00633	0.00354	0.00405	0.00607	0.00835	0.01113	0.02404	0.84388	0.02885	0.01366	0.00557	0.00177	0.00253	0.01240	0.00405	0.00354
97	0.03033	0.04202	0.09836	0.00930	0.01266	0.17426	0.00813	0.12525	0.09490	0.32664	0.02658	0.01229	0.00923	0.00509	0.00420	0.00130	0.00496	0.00389	0.00397	0.00662
98	0.01079	0.01036	0.01770	0.02677	0.81952	0.01036	0.01339	0.01339	0.00993	0.01425	0.00820	0.01079	0.00691	0.00389	0.00432	0.00130	0.00518	0.00389	0.00216	0.00691
99	0.00824	0.00775	0.01308	0.83624	0.03004	0.00969	0.01211	0.01114	0.00872	0.01114	0.00775	0.01163	0.00581	0.00436	0.00436	0.00145	0.00581	0.00388	0.00194	0.00484
100	0.01750	0.01927	0.01171	0.00935	0.03955	0.00718	0.07354	0.01978	0.04081	0.65064	0.01633	0.01595	0.01098	0.00550	0.00450	0.00139	0.00408	0.03999	0.00488	0.00708
101	0.00917	0.04175	0.76680	0.01227	0.01852	0.01020	0.02882	0.01402	0.00932	0.03828	0.00809	0.00937	0.00570	0.00416	0.00414	0.00137	0.00634	0.00327	0.00196	0.00645
102	0.00887	0.00840	0.01423	0.63589	0.22544	0.00986	0.01243	0.01170	0.00902	0.01191	0.00786	0.01142	0.00608	0.00424	0.00435	0.00141	0.00566	0.00388	0.00199	0.00536
103	0.00824	0.00775	0.01308	0.83624	0.03004	0.00969	0.01211	0.01114	0.00872	0.01114	0.00775	0.01163	0.00581	0.00436	0.00436	0.00145	0.00581	0.00388	0.00194	0.00484
104	0.00984	0.21328	0.55764	0.01109	0.01653	0.02989	0.03225	0.01377	0.00939	0.03418	0.02930	0.00950	0.00666	0.00421	0.00388	0.00127	0.00590	0.00321	0.00204	0.00617
105	0.00886	0.05375	0.79390	0.01224	0.01859	0.01040	0.01579	0.01378	0.00920	0.01368	0.00776	0.00912	0.00553	0.00413	0.00409	0.00136	0.00638	0.00319	0.00184	0.00641
106	0.01943	0.00745	0.01012	0.00778	0.01114	0.00648	0.00642	0.02129	0.02516	0.80978	0.01722	0.01487	0.01084	0.00541	0.00439	0.00135	0.00371	0.00439	0.00538	0.00741
107	0.01004	0.01364	0.16913	0.01769	0.05835	0.01084	0.62590	0.01392	0.01008	0.01395	0.00862	0.01126	0.00643	0.00377	0.00493	0.00145	0.00709	0.00474	0.00214	0.00603

[dist]
# distance from previous block
# <min> <max>
16	160

[block]
# block no. 1 follows, 60 sequences, length 30
# corresponding to MSA columns:
# 306-335
name=unknown_B
#
# <colnr> <probs for GDERKNQSTAVLIFYWHMCP>
#	G	D	E	R	K	N	Q	S	T	A	V	L	I	F	Y	W	H	M	C	P
0	0.01068	0.01024	0.01749	0.06445	0.78277	0.01033	0.01333	0.01328	0.00987	0.01410	0.00818	0.01083	0.00686	0.00391	0.00432	0.00130	0.00521	0.00389	0.00215	0.00681
1	0.00636	0.00426	0.00486	0.00489	0.00493	0.00428	0.00281	0.00644	0.00645	0.00860	0.01391	0.02875	0.01595	0.80754	0.04131	0.00424	0.00440	0.02464	0.00267	0.00271
2	0.01634	0.01927	0.01249	0.01102	0.01349	0.68527	0.00840	0.15640	0.01380	0.01364	0.00740	0.00833	0.00594	0.00463	0.00401	0.00116	0.00732	0.00301	0.00262	0.00547
3	0.00833	0.00785	0.01325	0.80671	0.05884	0.00971	0.01216	0.01123	0.00877	0.01126	0.00777	0.01160	0.00585	0.00434	0.00436	0.00145	0.00579	0.00388	0.00195	0.00492
4	0.00824	0.00775	0.01308	0.83624	0.03004	0.00969	0.01211	0.01114	0.00872	0.01114	0.00775	0.01163	0.00581	0.00436	0.00436	0.00145	0.00581	0.00388	0.00194	0.00484
5	0.00531	0.00380	0.00506	0.00607	0.00633	0.00354	0.00405	0.00607	0.00835	0.01113	0.02404	0.84388	0.02885	0.01366	0.00557	0.00177	0.00253	0.01240	0.00405	0.00354
6	0.00614	0.00446	0.00578	0.00545	0.00650	0.00410	0.00409	0.00817	0.01227	0.01730	0.79205	0.03288	0.06643	0.00899	0.00514	0.00138	0.00206	0.00793	0.00478	0.00410
7	0.01047	0.01003	0.01712	0.12907	0.71975	0.01028	0.01322	0.01310	0.00978	0.01386	0.00815	0.01090	0.00677	0.00395	0.00432	0.00132	0.00526	0.00388	0.00213	0.00665
8	0.00617	0.00446	0.00583	0.00549	0.00652	0.00412	0.00412	0.00823	0.01235	0.01749	0.81722	0.03258	0.04115	0.00892	0.00514	0.00137	0.00206	0.00789	0.00480	0.00412
9	0.04164	0.00967	0.03037	0.00885	0.01143	0.01079	0.00706	0.02257	0.76269	0.01818	0.01708	0.01577	0.01281	0.00581	0.00437	0.00147	0.00352	0.00480	0.00431	0.00681
10	0.01110	0.01032	0.01679	0.08809	0.62451	0.01064	0.03493	0.08486	0.04812	0.01537	0.00883	0.01111	0.00716	0.00413	0.00435	0.00132	0.00518	0.00397	0.00245	0.00676
11	0.01060	0.04109	0.16283	0.01293	0.05540	0.03212	0.21814	0.01509	0.14084	0.07343	0.05674	0.01327	0.02133	0.00524	0.00590	0.00147	0.12022	0.00452	0.00286	0.00600
12	0.00954	0.00954	0.01336	0.01145	0.01145	0.01336	0.00954	0.01050	0.00668	0.01050	0.00573	0.00954	0.00573	0.00763	0.01431	0.00191	0.83874	0.00382	0.00191	0.00477
13	0.11990	0.00902	0.00971	0.00790	0.01080	0.07843	0.00637	0.09647	0.07249	0.43648	0.09465	0.01477	0.01252	0.00553	0.00422	0.00134	0.00395	0.00435	0.00457	0.00652
14	0.01070	0.14836	0.39324	0.06614	0.03935	0.13640	0.05713	0.01441	0.03896	0.02789	0.00810	0.00973	0.00625	0.02011	0.00433	0.00134	0.00616	0.00333	0.00212	0.00594
15	0.00909	0.10548	0.71970	0.01211	0.01822	0.01087	0.03867	0.01374	0.00921	0.01346	0.00768	0.00906	0.00556	0.00409	0.00404	0.00134	0.00629	0.00319	0.00185	0.00634
16	0.01593	0.00649	0.00835	0.00669	0.00934	0.00583	0.00543	0.03407	0.01168	0.55691	0.03189	0.01551	0.01143	0.00537	0.00401	0.00125	0.00322	0.00435	0.25584	0.00639
17	0.01057	0.01020	0.01762	0.09272	0.72526	0.01033	0.04268	0.01322	0.00985	0.01398	0.00819	0.01090	0.00681	0.00392	0.00435	0.00131	0.00531	0.00393	0.00214	0.00670
18	0.00976	0.03264	0.38920	0.01500	0.02025	0.01078	0.38900	0.03050	0.03382	0.01423	0.00862	0.01061	0.00632	0.00399	0.00461	0.00142	0.00672	0.00418	0.00214	0.00620
19	0.00531	0.00380	0.00506	0.00607	0.00633	0.00354	0.00405	0.00607	0.00835	0.01113	0.02404	0.84388	0.02885	0.01366	0.00557	0.00177	0.00253	0.01240	0.00405	0.00354
20	0.00531	0.00380	0.00506	0.00607	0.00633	0.00354	0.00405	0.00607	0.00835	0.01113	0.02404	0.84388	0.02885	0.01366	0.00557	0.00177	0.00253	0.01240	0.00405	0.00354
21	0.01116	0.01040	0.01669	0.06225	0.49097	0.01077	0.09847	0.08836	0.13651	0.01592	0.00996	0.01177	0.00787	0.00433	0.00443	0.00135	0.00514	0.00419	0.00271	0.00674
22	0.00531	0.00380	0.00506	0.00607	0.00633	0.00354	0.00405	0.00607	0.00835	0.01113	0.02404	0.84388	0.02885	0.01366	0.00557	0.00177	0.00253	0.01240	0.00405	0.00354
23	0.00703	0.00502	0.00703	0.00803	0.00904	0.00502	0.00703	0.00904	0.01004	0.01305	0.02309	0.04920	0.02510	0.01205	0.00602	0.00201	0.00402	0.79016	0.00402	0.00402
24	0.87753	0.00843	0.00641	0.00574	0.00843	0.00978	0.00472	0.01282	0.00742	0.01957	0.00607	0.00709	0.00472	0.00405	0.00270	0.00135	0.00337	0.00236	0.00270	0.00472
25	0.00564	0.00444	0.00509	0.00492	0.00619	0.00389	0.00369	0.00719	0.01108	0.01448	0.40996	0.03753	0.45028	0.01004	0.00515	0.00142	0.00214	0.00858	0.00441	0.00389
26	0.00904	0.00775	0.00904	0.00646	0.01034	0.00581	0.00517	0.01098	0.00904	0.01421	0.00775	0.00904	0.00646	0.00323	0.00323	0.00065	0.00323	0.00258	0.00258	0.87339
27	0.00651	0.00491	0.00685	0.00671	0.00736	0.00560	0.00503	0.00803	0.02583	0.01064	0.07994	0.02021	0.01420	0.18214	0.55098	0.00565	0.04778	0.00522	0.00263	0.00379
28	0.00571	0.00442	0.00521	0.00506	0.00625	0.00391	0.00378	0.00733	0.01119	0.01487	0.46440	0.06540	0.36680	0.00998	0.00516	0.00143	0.00214	0.00860	0.00446	0.00391
29	0.01022	0.39936	0.40299	0.00992	0.01486	0.01343	0.01154	0.01410	0.06334	0.01249	0.00769	0.00868	0.00608	0.00408	0.00355	0.00118	0.00543	0.00293	0.00203	0.00609

[dist]
# distance from previous block
# <min> <max>
0	9

[block]
# block no. 2 follows, 60 sequences, length 67
# corresponding to MSA columns:
# 345-411
name=unknown_C
#
# <colnr> <probs for GDERKNQSTAVLIFYWHMCP>
#	G	D	E	R	K	N	Q	S	T	A	V	L	I	F	Y	W	H	M	C	P
0	0.01957	0.00742	0.01012	0.00776	0.01113	0.00641	0.00641	0.02126	0.01248	0.82254	0.01721	0.01484	0.01080	0.00540	0.00439	0.00135	0.00371	0.00439	0.00540	0.00742
1	0.00958	0.00774	0.00910	0.00653	0.01038	0.00584	0.00523	0.01150	0.00922	0.05524	0.00823	0.00934	0.00668	0.00334	0.00329	0.00068	0.00325	0.00268	0.00273	0.82943
2	0.03620	0.00462	0.00460	0.00442	0.00562	0.00473	0.00337	0.05059	0.00967	0.01694	0.01378	0.01567	0.01078	0.00506	0.00310	0.00104	0.00222	0.00400	0.79935	0.00426
3	0.00875	0.02256	0.82413	0.01243	0.01888	0.01013	0.01611	0.01381	0.00921	0.01381	0.00783	0.00921	0.00552	0.00414	0.00414	0.00138	0.00645	0.00322	0.00184	0.00645
4	0.01957	0.00742	0.01012	0.00776	0.01113	0.00641	0.00641	0.02126	0.01248	0.82254	0.01721	0.01484	0.01080	0.00540	0.00439	0.00135	0.00371	0.00439	0.00540	0.00742
5	0.00875	0.02256	0.82413	0.01243	0.01888	0.01013	0.01611	0.01381	0.00921	0.01381	0.00783	0.00921	0.00552	0.00414	0.00414	0.00138	0.00645	0.00322	0.00184	0.00645
6	0.01957	0.00742	0.01012	0.00776	0.01113	0.00641	0.00641	0.02126	0.01248	0.82254	0.01721	0.01484	0.01080	0.00540	0.00439	0.00135	0.00371	0.00439	0.00540	0.00742
7	0.01029	0.01176	0.02574	0.01838	0.02279	0.01103	0.80368	0.01397	0.01029	0.01397	0.00882	0.01176	0.00662	0.00368	0.00515	0.00147	0.00735	0.00515	0.00221	0.00588
8	0.00813	0.00407	0.00407	0.00407	0.00508	0.00407	0.00305	0.01016	0.00915	0.01626	0.01423	0.01626	0.01118	0.00508	0.00305	0.00102	0.00203	0.00407	0.87093	0.00407
9	0.01936	0.00747	0.01012	0.00779	0.01114	0.00652	0.00642	0.02130	0.03171	0.80319	0.01722	0.01488	0.01086	0.00541	0.00439	0.00135	0.00370	0.00440	0.00538	0.00741
10	0.01872	0.00810	0.05026	0.00794	0.01141	0.00654	0.00684	0.02059	0.01232	0.76391	0.03527	0.01498	0.01124	0.00542	0.00439	0.00135	0.00381	0.00441	0.00521	0.00730
11	0.00580	0.00414	0.00561	0.00662	0.00709	0.00396	0.00489	0.00691	0.00883	0.01167	0.02377	0.62042	0.02779	0.01321	0.00570	0.00184	0.00295	0.23110	0.00404	0.00368
12	0.00617	0.00446	0.00583	0.00549	0.00652	0.00412	0.00412	0.00823	0.01235	0.01749	0.81722	0.03258	0.04115	0.00892	0.00514	0.00137	0.00206	0.00789	0.00480	0.00412
13	0.01068	0.01029	0.01772	0.05828	0.76942	0.01035	0.03235	0.01331	0.00989	0.01412	0.00820	0.01085	0.00686	0.00390	0.00434	0.00131	0.00526	0.00392	0.00215	0.00680
14	0.09930	0.02219	0.01072	0.00844	0.02971	0.00837	0.00679	0.17135	0.01344	0.56212	0.01448	0.01305	0.00940	0.00518	0.00420	0.00133	0.00394	0.00406	0.00481	0.00713
15	0.83349	0.00907	0.00671	0.00602	0.00869	0.05169	0.00491	0.01306	0.00767	0.01911	0.00611	0.00712	0.00477	0.00407	0.00276	0.00134	0.00360	0.00238	0.00268	0.00474
16	0.01068	0.01023	0.01745	0.02635	0.80312	0.01023	0.01320	0.01324	0.00990	0.01419	0.00852	0.02759	0.00735	0.00408	0.00434	0.00130	0.00513	0.00406	0.00220	0.00684
17	0.00613	0.00446	0.00577	0.00544	0.00649	0.00410	0.00408	0.00815	0.01225	0.01726	0.78589	0.03296	0.07263	0.00900	0.00514	0.00138	0.00206	0.00794	0.00477	0.00410
18	0.00628	0.00448	0.00605	0.00605	0.00649	0.00493	0.00425	0.00717	0.00672	0.00941	0.01256	0.02201	0.01302	0.38096	0.48409	0.00582	0.00849	0.00539	0.00247	0.00336
19	0.10247	0.00752	0.00976	0.00756	0.01087	0.00674	0.00625	0.02044	0.01199	0.74495	0.01613	0.01410	0.01021	0.00527	0.00422	0.00135	0.00368	0.00419	0.00514	0.00716
20	0.01110	0.00887	0.00960	0.00852	0.01093	0.01002	0.00665	0.05200	0.65455	0.06462	0.09793	0.01761	0.01574	0.00616	0.00450	0.00145	0.00338	0.00516	0.00453	0.00667
21	0.01957	0.00742	0.01012	0.00776	0.01113	0.00641	0.00641	0.02126	0.01248	0.82254	0.01721	0.01484	0.01080	0.00540	0.00439	0.00135	0.00371	0.00439	0.00540	0.00742
22	0.01085	0.00937	0.00986	0.00888	0.01134	0.01085	0.00690	0.02318	0.81164	0.01824	0.01775	0.01627	0.01331	0.00592	0.00444	0.00148	0.00345	0.00493	0.00444	0.00690
23	0.00875	0.02256	0.82413	0.01243	0.01888	0.01013	0.01611	0.01381	0.00921	0.01381	0.00783	0.00921	0.00552	0.00414	0.00414	0.00138	0.00645	0.00322	0.00184	0.00645
24	0.01166	0.84935	0.02285	0.00746	0.01119	0.01726	0.00746	0.01306	0.00886	0.01026	0.00606	0.00700	0.00560	0.00373	0.00280	0.00093	0.00466	0.00233	0.00187	0.00560
25	0.00703	0.00502	0.00703	0.00803	0.00904	0.00502	0.00703	0.00904	0.01004	0.01305	0.02309	0.04920	0.02510	0.01205	0.00602	0.00201	0.00402	0.79016	0.00402	0.00402
26	0.01166	0.84935	0.02285	0.00746	0.01119	0.01726	0.00746	0.01306	0.00886	0.01026	0.00606	0.00700	0.00560	0.00373	0.00280	0.00093	0.00466	0.00233	0.00187	0.00560
27	0.01957	0.00742	0.01012	0.00776	0.01113	0.00641	0.00641	0.02126	0.01248	0.82254	0.01721	0.01484	0.01080	0.00540	0.00439	0.00135	0.00371	0.00439	0.00540	0.00742
28	0.00531	0.00380	0.00506	0.00607	0.00633	0.00354	0.00405	0.00607	0.00835	0.01113	0.02404	0.84388	0.02885	0.01366	0.00557	0.00177	0.00253	0.01240	0.00405	0.00354
29	0.01085	0.00937	0.00986	0.00888	0.01134	0.01085	0.00690	0.02318	0.81164	0.01824	0.01775	0.01627	0.01331	0.00592	0.00444	0.00148	0.00345	0.00493	0.00444	0.00690
30	0.00634	0.00423	0.00476	0.00476	0.00476	0.00423	0.00264	0.00634	0.00634	0.00846	0.01374	0.02854	0.01586	0.84672	0.02220	0.00423	0.00423	0.00634	0.00264	0.00264
31	0.87753	0.00843	0.00641	0.00574	0.00843	0.00978	0.00472	0.01282	0.00742	0.01957	0.00607	0.00709	0.00472	0.00405	0.00270	0.00135	0.00337	0.00236	0.00270	0.00472
32	0.01458	0.00989	0.01070	0.00852	0.01140	0.01075	0.00694	0.50456	0.09119	0.09124	0.01248	0.01256	0.00902	0.00528	0.00410	0.00127	0.00402	0.00409	0.18072	0.00669
33	0.02994	0.06180	0.01271	0.01097	0.05871	0.39348	0.00816	0.16741	0.14408	0.01563	0.00934	0.00990	0.00732	0.00472	0.00400	0.00120	0.00592	0.00338	0.00301	0.04835
34	0.00623	0.00483	0.00626	0.00660	0.05887	0.00441	0.00452	0.00809	0.01161	0.01591	0.57937	0.03343	0.22539	0.00910	0.00509	0.00139	0.00230	0.00795	0.00445	0.00419
35	0.00535	0.00384	0.00508	0.00602	0.00633	0.00357	0.00404	0.00617	0.00856	0.01143	0.06036	0.79238	0.04389	0.01340	0.00554	0.00175	0.00250	0.01214	0.00408	0.00357
36	0.00533	0.00382	0.00506	0.00603	0.00632	0.00356	0.00404	0.00612	0.00846	0.01127	0.03957	0.81304	0.04418	0.01352	0.00555	0.00176	0.00252	0.01225	0.00406	0.00356
37	0.00824	0.00775	0.01308	0.83624	0.03004	0.00969	0.01211	0.01114	0.00872	0.01114	0.00775	0.01163	0.00581	0.00436	0.00436	0.00145	0.00581	0.00388	0.00194	0.00484
38	0.00895	0.00871	0.01287	0.25172	0.01664	0.01178	0.01003	0.01051	0.00730	0.01066	0.00670	0.01064	0.00609	0.00830	0.06405	0.00211	0.54240	0.00389	0.00194	0.00474
39	0.00568	0.00408	0.00547	0.00642	0.00689	0.00387	0.00465	0.00674	0.00882	0.01166	0.03667	0.63831	0.05332	0.01317	0.00564	0.00181	0.00283	0.17627	0.00405	0.00366
40	0.01085	0.00937	0.00986	0.00888	0.01134	0.01085	0.00690	0.02318	0.81164	0.01824	0.01775	0.01627	0.01331	0.00592	0.00444	0.00148	0.00345	0.00493	0.00444	0.00690
41	0.00658	0.00446	0.00515	0.00508	0.00525	0.00453	0.00303	0.02704	0.00692	0.00931	0.03153	0.04292	0.01613	0.73810	0.07317	0.00422	0.00464	0.00632	0.00274	0.00290
42	0.01658	0.01222	0.01309	0.01003	0.01353	0.01353	0.00829	0.80497	0.02051	0.02749	0.01047	0.01047	0.00742	0.00524	0.00436	0.00131	0.00480	0.00393	0.00436	0.00742
43	0.00909	0.02208	0.79825	0.01228	0.01863	0.01001	0.01581	0.01405	0.00931	0.03952	0.00813	0.00939	0.00569	0.00418	0.00415	0.00138	0.00636	0.00326	0.00195	0.00648
44	0.01957	0.00742	0.01012	0.00776	0.01113	0.00641	0.00641	0.02126	0.01248	0.82254	0.01721	0.01484	0.01080	0.00540	0.00439	0.00135	0.00371	0.00439	0.00540	0.00742
45	0.00834	0.00786	0.01327	0.80240	0.06305	0.00972	0.01217	0.01124	0.00877	0.01127	0.00777	0.01159	0.00586	0.00434	0.00436	0.00145	0.00579	0.00388	0.00195	0.00493
46	0.01079	0.01036	0.01770	0.02677	0.81952	0.01036	0.01339	0.01339	0.00993	0.01425	0.00820	0.01079	0.00691	0.00389	0.00432	0.00130	0.00518	0.00389	0.00216	0.00691
47	0.00675	0.00484	0.00668	0.00763	0.00856	0.00478	0.00649	0.00858	0.00989	0.01288	0.04118	0.14348	0.05109	0.01214	0.00592	0.00195	0.00374	0.65543	0.00404	0.00395
48	0.00904	0.00775	0.00904	0.00646	0.01034	0.00581	0.00517	0.01098	0.00904	0.01421	0.00775	0.00904	0.00646	0.00323	0.00323	0.00065	0.00323	0.00258	0.00258	0.87339
49	0.00577	0.00444	0.00527	0.00507	0.00627	0.00394	0.00380	0.00745	0.01140	0.01524	0.51257	0.03628	0.34720	0.00976	0.00515	0.00141	0.00212	0.00841	0.00451	0.00394
50	0.01036	0.01157	0.02460	0.01956	0.13505	0.01094	0.69233	0.01389	0.01024	0.01401	0.00874	0.01163	0.00666	0.00371	0.00503	0.00145	0.00705	0.00497	0.00220	0.00603
51	0.00875	0.02256	0.82413	0.01243	0.01888	0.01013	0.01611	0.01381	0.00921	0.01381	0.00783	0.00921	0.00552	0.00414	0.00414	0.00138	0.00645	0.00322	0.00184	0.00645
52	0.00591	0.00432	0.00474	0.00474	0.00531	0.00409	0.00302	0.00638	0.00768	0.00975	0.02472	0.03288	0.30728	0.50377	0.05468	0.00336	0.00385	0.00730	0.00314	0.00308
53	0.01038	0.00992	0.01343	0.01123	0.01209	0.04744	0.06836	0.07283	0.02419	0.02531	0.00741	0.01085	0.00673	0.02943	0.04256	0.00201	0.57473	0.00402	0.02203	0.00505
54	0.00583	0.00425	0.00577	0.00626	0.00668	0.00440	0.00441	0.00677	0.00769	0.01049	0.01891	0.42627	0.03865	0.13584	0.26649	0.00376	0.01699	0.02372	0.00329	0.00356
55	0.01213	0.58176	0.10319	0.00910	0.03153	0.08035	0.02153	0.06438	0.02421	0.02659	0.00708	0.00799	0.00598	0.00400	0.00326	0.00105	0.00513	0.00273	0.00217	0.00585
56	0.01054	0.02356	0.01678	0.09421	0.63740	0.04287	0.03466	0.01301	0.00984	0.01359	0.00920	0.02737	0.02622	0.00435	0.00450	0.00132	0.01777	0.00414	0.00222	0.00643
57	0.00603	0.00441	0.00566	0.00543	0.00645	0.00404	0.00404	0.00792	0.01188	0.01658	0.69885	0.08579	0.10781	0.00941	0.00517	0.00141	0.00210	0.00829	0.00469	0.00404
58	0.00531	0.00380	0.00506	0.00607	0.00633	0.00354	0.00405	0.00607	0.00835	0.01113	0.02404	0.84388	0.02885	0.01366	0.00557	0.00177	0.00253	0.01240	0.00405	0.00354
59	0.02242	0.10470	0.27692	0.01369	0.11290	0.04208	0.16680	0.02710	0.02541	0.10163	0.03485	0.01119	0.00787	0.00439	0.00439	0.00133	0.01759	0.00389	0.01463	0.00622
60	0.73933	0.04477	0.07354	0.00651	0.00954	0.02462	0.00587	0.01319	0.02310	0.01853	0.00645	0.00744	0.00500	0.00409	0.00288	0.00133	0.00376	0.00249	0.00262	0.00495
61	0.00566	0.00404	0.00526	0.00612	0.00644	0.00387	0.00415	0.00667	0.02605	0.01113	0.02274	0.68696	0.02687	0.10245	0.00735	0.00204	0.00283	0.06190	0.00390	0.00355
62	0.16054	0.05515	0.52938	0.01134	0.03373	0.06859	0.03597	0.01403	0.00923	0.03348	0.00763	0.00889	0.00558	0.00414	0.00386	0.00134	0.00587	0.00310	0.00212	0.00603
63	0.00550	0.00394	0.00520	0.00612	0.00646	0.00370	0.00420	0.00636	0.00852	0.01132	0.04104	0.71392	0.04686	0.04697	0.00625	0.00187	0.00269	0.07149	0.00401	0.00356
64	0.01427	0.05813	0.06182	0.01109	0.05258	0.36924	0.00869	0.14559	0.18759	0.03384	0.01009	0.01046	0.00776	0.00486	0.00410	0.00125	0.00593	0.00354	0.00309	0.00610
65	0.01107	0.01106	0.01839	0.08825	0.14279	0.05808	0.30837	0.07362	0.01032	0.03686	0.00847	0.01151	0.00683	0.00492	0.00668	0.00150	0.17629	0.01677	0.00240	0.00581
66	0.01148	0.23013	0.18452	0.07900	0.12870	0.15081	0.03680	0.01469	0.06365	0.03117	0.00811	0.00953	0.00646	0.00429	0.00408	0.00124	0.02390	0.00329	0.00224	0.00593

[dist]
# distance from previous block
# <min> <max>
1	19

[block]
# block no. 3 follows, 60 sequences, length 127
# corresponding to MSA columns:
# 431-511,524-531,533-560,562-571
name=unknown_D
#
# <colnr> <probs for GDERKNQSTAVLIFYWHMCP>
#	G	D	E	R	K	N	Q	S	T	A	V	L	I	F	Y	W	H	M	C	P
0	0.00636	0.00425	0.00481	0.00483	0.00486	0.00425	0.00274	0.00640	0.00643	0.00856	0.01396	0.02902	0.01607	0.82753	0.02183	0.00418	0.00422	0.02436	0.00267	0.00267
1	0.00538	0.00455	0.00468	0.00466	0.00612	0.00390	0.00352	0.00681	0.02837	0.01226	0.08392	0.04105	0.74054	0.01084	0.00516	0.00148	0.00227	0.02663	0.00410	0.00379
2	0.01166	0.84935	0.02285	0.00746	0.01119	0.01726	0.00746	0.01306	0.00886	0.01026	0.00606	0.00700	0.00560	0.00373	0.00280	0.00093	0.00466	0.00233	0.00187	0.00560
3	0.00536	0.00382	0.00505	0.00601	0.00625	0.00357	0.00398	0.00609	0.00826	0.01101	0.02356	0.80560	0.02824	0.05278	0.00635	0.00189	0.00261	0.01211	0.00398	0.00350
4	0.00831	0.00424	0.00426	0.00419	0.00526	0.00427	0.00316	0.02697	0.00939	0.01650	0.01415	0.01614	0.01110	0.00508	0.00308	0.00102	0.00209	0.00406	0.85261	0.00414
5	0.00515	0.00442	0.00442	0.00442	0.00589	0.00368	0.00331	0.00626	0.00994	0.01178	0.04418	0.04197	0.81775	0.01105	0.00515	0.00147	0.00221	0.00920	0.00405	0.00368
6	0.00581	0.00415	0.00563	0.00664	0.00712	0.00397	0.00492	0.00694	0.00884	0.01169	0.02376	0.61225	0.02775	0.01319	0.00570	0.00184	0.00296	0.23909	0.00404	0.00368
7	0.00543	0.00388	0.00520	0.00621	0.00651	0.00364	0.00425	0.00628	0.00847	0.01127	0.02397	0.78890	0.02859	0.01355	0.00560	0.00179	0.00263	0.06620	0.00405	0.00358
8	0.87753	0.00843	0.00641	0.00574	0.00843	0.00978	0.00472	0.01282	0.00742	0.01957	0.00607	0.00709	0.00472	0.00405	0.00270	0.00135	0.00337	0.00236	0.00270	0.00472
9	0.00813	0.00407	0.00407	0.00407	0.00508	0.00407	0.00305	0.01016	0.00915	0.01626	0.01423	0.01626	0.01118	0.00508	0.00305	0.00102	0.00203	0.00407	0.87093	0.00407
10	0.01166	0.84935	0.02285	0.00746	0.01119	0.01726	0.00746	0.01306	0.00886	0.01026	0.00606	0.00700	0.00560	0.00373	0.00280	0.00093	0.00466	0.00233	0.00187	0.00560
11	0.00623	0.00467	0.00701	0.00701	0.00779	0.00545	0.00545	0.00779	0.00701	0.01012	0.01168	0.01713	0.01090	0.03271	0.82944	0.00701	0.01168	0.00467	0.00234	0.00389
12	0.00923	0.00639	0.00666	0.00622	0.00787	0.00702	0.00477	0.01574	0.35850	0.01718	0.04961	0.01695	0.01337	0.00561	0.00374	0.00123	0.00265	0.00460	0.45735	0.00530
13	0.14551	0.34073	0.14847	0.00885	0.01258	0.11172	0.02202	0.05578	0.02039	0.01366	0.00696	0.00806	0.00573	0.00412	0.00362	0.00114	0.02768	0.00276	0.00225	0.05796
14	0.07338	0.01173	0.01238	0.00965	0.01301	0.01306	0.00794	0.68762	0.08506	0.02620	0.01078	0.01073	0.00773	0.00521	0.00426	0.00133	0.00459	0.00391	0.00426	0.00720
15	0.00515	0.00442	0.00442	0.00442	0.00589	0.00368	0.00331	0.00626	0.00994	0.01178	0.04418	0.04197	0.81775	0.01105	0.00515	0.00147	0.00221	0.00920	0.00405	0.00368
16	0.00948	0.00902	0.01533	0.44245	0.41411	0.01002	0.01273	0.01223	0.00931	0.01265	0.00797	0.01122	0.00635	0.00413	0.00434	0.00138	0.00551	0.00388	0.00205	0.00585
17	0.87753	0.00843	0.00641	0.00574	0.00843	0.00978	0.00472	0.01282	0.00742	0.01957	0.00607	0.00709	0.00472	0.00405	0.00270	0.00135	0.00337	0.00236	0.00270	0.00472
18	0.00543	0.00443	0.00480	0.00470	0.00606	0.00380	0.00353	0.00679	0.01059	0.01331	0.25146	0.03945	0.60952	0.01047	0.00515	0.00145	0.00217	0.00885	0.00425	0.00380
19	0.87753	0.00843	0.00641	0.00574	0.00843	0.00978	0.00472	0.01282	0.00742	0.01957	0.00607	0.00709	0.00472	0.00405	0.00270	0.00135	0.00337	0.00236	0.00270	0.00472
20	0.00904	0.00775	0.00904	0.00646	0.01034	0.00581	0.00517	0.01098	0.00904	0.01421	0.00775	0.00904	0.00646	0.00323	0.00323	0.00065	0.00323	0.00258	0.00258	0.87339
21	0.01079	0.01036	0.01770	0.02677	0.81952	0.01036	0.01339	0.01339	0.00993	0.01425	0.00820	0.01079	0.00691	0.00389	0.00432	0.00130	0.00518	0.00389	0.00216	0.00691
22	0.00854	0.00806	0.01363	0.74011	0.12380	0.00977	0.01226	0.01141	0.00886	0.01151	0.00781	0.01153	0.00594	0.00430	0.00436	0.00143	0.00574	0.00388	0.00196	0.00509
23	0.01949	0.00754	0.01020	0.00782	0.01119	0.00659	0.00646	0.04115	0.01269	0.80235	0.01704	0.01473	0.01071	0.00539	0.00439	0.00135	0.00374	0.00437	0.00537	0.00742
24	0.00563	0.00457	0.00499	0.00503	0.00635	0.00406	0.00384	0.00709	0.02518	0.01244	0.12172	0.03995	0.58987	0.04895	0.02628	0.00177	0.00271	0.08175	0.00403	0.00378
25	0.00926	0.16785	0.68332	0.01156	0.01753	0.01138	0.01459	0.01368	0.00915	0.01319	0.00752	0.00882	0.00554	0.00407	0.00391	0.00130	0.00613	0.00307	0.00185	0.00630
26	0.00535	0.00381	0.00505	0.00602	0.00627	0.00357	0.00400	0.00608	0.00827	0.01103	0.02365	0.81290	0.02835	0.04531	0.00620	0.00186	0.00259	0.01217	0.00400	0.00351
27	0.00538	0.00448	0.00474	0.00488	0.00628	0.00384	0.00377	0.00659	0.00992	0.01192	0.04126	0.05835	0.70720	0.01122	0.00527	0.00154	0.00243	0.10315	0.00405	0.00372
28	0.01095	0.02401	0.03335	0.19072	0.41757	0.12457	0.09196	0.01375	0.02690	0.01309	0.00813	0.01068	0.00656	0.00409	0.00433	0.00132	0.00589	0.00385	0.00217	0.00609
29	0.01199	0.01248	0.01712	0.01645	0.20686	0.15215	0.24749	0.06857	0.19156	0.01532	0.01043	0.01179	0.00807	0.00447	0.00453	0.00136	0.00588	0.00432	0.00285	0.00631
30	0.00865	0.00823	0.01164	0.01025	0.01046	0.01122	0.00844	0.00976	0.00677	0.01040	0.00733	0.01159	0.00712	0.01441	0.23447	0.00329	0.61536	0.00405	0.00202	0.00453
31	0.00917	0.00871	0.01471	0.53287	0.30754	0.01001	0.01250	0.01192	0.00910	0.01222	0.00787	0.01129	0.00620	0.00427	0.00457	0.00141	0.02418	0.00388	0.00202	0.00557
32	0.01531	0.11787	0.01375	0.00969	0.01288	0.15041	0.00799	0.49873	0.07518	0.02158	0.00991	0.01016	0.00740	0.00497	0.00407	0.00124	0.00514	0.00362	0.02344	0.00668
