[name]
unknown

[dist]
# distance from previous block
# <min> <max>
0	121

[block]
# block no. 0 follows, 44 sequences, length 32
# corresponding to MSA columns:
# 122-153
name=unknown_A
#
# <colnr> <probs for GDERKNQSTAVLIFYWHMCP>
#	G	D	E	R	K	N	Q	S	T	A	V	L	I	F	Y	W	H	M	C	P
0	0.01036	0.00720	0.03900	0.00871	0.01038	0.00633	0.00693	0.01310	0.06353	0.12510	0.09835	0.35063	0.05354	0.03899	0.00729	0.00219	0.00399	0.14344	0.00525	0.00570
1	0.04702	0.62079	0.18023	0.01050	0.01580	0.01939	0.01139	0.01650	0.01109	0.01419	0.00803	0.00931	0.00693	0.00478	0.00383	0.00130	0.00622	0.00314	0.00237	0.00717
2	0.53053	0.04745	0.07053	0.00899	0.01302	0.01287	0.00805	0.12550	0.01265	0.11144	0.01016	0.01079	0.00739	0.00546	0.00407	0.00166	0.00489	0.00361	0.00394	0.00700
3	0.00664	0.00474	0.00633	0.00759	0.00791	0.00443	0.00506	0.00759	0.01044	0.01392	0.03005	0.80485	0.03606	0.01708	0.00696	0.00221	0.00316	0.01550	0.00506	0.00443
4	0.01130	0.00969	0.01130	0.00807	0.01292	0.00727	0.00646	0.01373	0.01130	0.01776	0.00969	0.01130	0.00807	0.00404	0.00404	0.00081	0.00404	0.00323	0.00323	0.84173
5	0.01307	0.01251	0.02126	0.09182	0.69781	0.01268	0.01629	0.01629	0.01230	0.01743	0.01135	0.01456	0.02790	0.00513	0.00543	0.00164	0.00644	0.00503	0.00274	0.00833
6	0.03079	0.01367	0.02212	0.01728	0.04649	0.03594	0.31507	0.14465	0.04941	0.05013	0.01151	0.01406	0.00890	0.00692	0.02709	0.00199	0.14488	0.00545	0.00349	0.05017
7	0.00793	0.00529	0.00595	0.00595	0.00595	0.00529	0.00330	0.00793	0.00793	0.01057	0.01718	0.03568	0.01982	0.80840	0.02775	0.00529	0.00529	0.00793	0.00330	0.00330
8	0.00761	0.00553	0.00716	0.00683	0.00810	0.00509	0.00509	0.01005	0.01507	0.02117	0.70451	0.07467	0.08560	0.01153	0.00645	0.00174	0.00261	0.01019	0.00591	0.00509
9	0.03168	0.11575	0.01570	0.01092	0.01471	0.04741	0.03279	0.21126	0.16642	0.19264	0.06507	0.01811	0.03960	0.00692	0.00529	0.00164	0.00525	0.00552	0.00514	0.00818
10	0.02396	0.01008	0.01315	0.01008	0.01432	0.00920	0.00833	0.12414	0.01695	0.67870	0.02038	0.01782	0.01293	0.00672	0.00548	0.00168	0.00482	0.00541	0.00657	0.00928
11	0.00867	0.00620	0.00866	0.00991	0.01112	0.00618	0.00859	0.01110	0.01244	0.01619	0.02893	0.10009	0.03162	0.01517	0.00750	0.00249	0.00492	0.70021	0.00502	0.00499
12	0.01066	0.01006	0.01702	0.70777	0.12221	0.01221	0.01532	0.01425	0.01107	0.01438	0.00975	0.01442	0.00742	0.00538	0.00544	0.00179	0.00718	0.00485	0.00245	0.00635
13	0.01311	0.01124	0.01194	0.01077	0.01371	0.01291	0.00836	0.02752	0.70647	0.02273	0.08029	0.02192	0.01934	0.00769	0.00562	0.00184	0.00418	0.00645	0.00558	0.00836
14	0.00664	0.00474	0.00633	0.00759	0.00791	0.00443	0.00506	0.00759	0.01044	0.01392	0.03005	0.80485	0.03606	0.01708	0.00696	0.00221	0.00316	0.01550	0.00506	0.00443
15	0.00793	0.00529	0.00595	0.00595	0.00595	0.00529	0.00330	0.00793	0.00793	0.01057	0.01718	0.03568	0.01982	0.80840	0.02775	0.00529	0.00529	0.00793	0.00330	0.00330
16	0.01426	0.71486	0.02831	0.04472	0.01615	0.02056	0.06736	0.01631	0.01121	0.01323	0.00794	0.00946	0.00711	0.00469	0.00381	0.00125	0.00615	0.00327	0.00237	0.00698
17	0.00650	0.00553	0.00561	0.00559	0.00740	0.00463	0.00419	0.00794	0.01257	0.01506	0.08878	0.05192	0.73842	0.01368	0.00644	0.00184	0.00275	0.01143	0.00511	0.00463
18	0.00843	0.00602	0.00837	0.00963	0.01073	0.00597	0.00816	0.01068	0.01220	0.01592	0.02906	0.18549	0.03216	0.01540	0.00743	0.00246	0.00471	0.61723	0.00503	0.00492
19	0.01458	0.81168	0.02857	0.00933	0.01399	0.02157	0.00933	0.01632	0.01108	0.01283	0.00758	0.00875	0.00700	0.00466	0.00350	0.00117	0.00583	0.00292	0.00233	0.00700
20	0.01418	0.70900	0.06667	0.01004	0.01452	0.02073	0.01009	0.01613	0.01089	0.01308	0.00766	0.00914	0.00700	0.00507	0.00470	0.00129	0.06740	0.00312	0.00233	0.00697
21	0.03061	0.01489	0.09878	0.05699	0.34941	0.01330	0.29852	0.01683	0.01226	0.01748	0.01034	0.01366	0.00817	0.00495	0.00609	0.00174	0.03011	0.00534	0.00268	0.00785
22	0.06713	0.01629	0.01794	0.16264	0.09266	0.26733	0.11100	0.01705	0.01227	0.01510	0.00957	0.03572	0.00821	0.00633	0.00735	0.00176	0.13759	0.00481	0.00275	0.00649
23	0.01429	0.01182	0.01255	0.01094	0.01412	0.01341	0.00860	0.15740	0.56759	0.02455	0.06060	0.02121	0.04310	0.00766	0.00561	0.00180	0.00447	0.00631	0.00554	0.00842
24	0.84691	0.01054	0.00801	0.00717	0.01054	0.01223	0.00590	0.01603	0.00928	0.02446	0.00759	0.00886	0.00590	0.00506	0.00337	0.00169	0.00422	0.00295	0.00337	0.00590
25	0.00816	0.00579	0.00750	0.00740	0.00788	0.00636	0.00513	0.00917	0.00869	0.01237	0.03412	0.04287	0.01763	0.40254	0.31031	0.00608	0.04568	0.00702	0.05110	0.00418
26	0.00756	0.00557	0.00706	0.00669	0.00805	0.00508	0.00502	0.00998	0.01505	0.02096	0.68119	0.04220	0.14233	0.01148	0.00643	0.00173	0.00260	0.01007	0.00588	0.00508
27	0.01444	0.01475	0.01996	0.11165	0.50903	0.13925	0.01510	0.04250	0.01301	0.01701	0.00985	0.01292	0.00818	0.00532	0.00591	0.00164	0.04419	0.00463	0.00277	0.00787
28	0.00756	0.00527	0.00670	0.00703	0.00734	0.00542	0.00458	0.00826	0.00878	0.01193	0.01995	0.23358	0.02263	0.42312	0.19861	0.00529	0.00689	0.00942	0.00367	0.00396
29	0.01625	0.01128	0.03864	0.01044	0.01378	0.01130	0.00855	0.23525	0.19328	0.17830	0.10526	0.10251	0.03373	0.00850	0.00576	0.00177	0.00465	0.00708	0.00564	0.00802
30	0.01416	0.72184	0.11475	0.01004	0.01509	0.02055	0.01057	0.01643	0.01113	0.01334	0.00783	0.00906	0.00699	0.00472	0.00369	0.00123	0.00609	0.00304	0.00233	0.00712
31	0.00644	0.00552	0.00552	0.00552	0.00736	0.00460	0.00414	0.00782	0.01243	0.01473	0.05523	0.05247	0.77218	0.01381	0.00644	0.00184	0.00276	0.01151	0.00506	0.00460

[dist]
# distance from previous block
# <min> <max>
0	9

[block]
# block no. 1 follows, 44 sequences, length 54
# corresponding to MSA columns:
# 163-216
name=unknown_B
#
# <colnr> <probs for GDERKNQSTAVLIFYWHMCP>
#	G	D	E	R	K	N	Q	S	T	A	V	L	I	F	Y	W	H	M	C	P
0	0.01099	0.02784	0.75995	0.01574	0.02373	0.01269	0.03999	0.01727	0.01155	0.01727	0.00982	0.01160	0.00694	0.00516	0.00521	0.00173	0.00809	0.00409	0.00231	0.00804
1	0.17422	0.03795	0.07348	0.01474	0.12630	0.30330	0.01073	0.01928	0.05184	0.05279	0.01043	0.01189	0.00823	0.00565	0.00508	0.00157	0.03155	0.00398	0.05009	0.00691
2	0.08978	0.00951	0.01508	0.67962	0.03341	0.01174	0.01372	0.01378	0.01055	0.01470	0.00948	0.01410	0.00725	0.00611	0.00607	0.04522	0.00685	0.00466	0.00251	0.00585
3	0.00947	0.00473	0.00710	0.00710	0.00710	0.00473	0.00473	0.00710	0.00710	0.00947	0.00947	0.01657	0.00947	0.01894	0.02131	0.84138	0.00473	0.00473	0.00237	0.00237
4	0.01219	0.01337	0.02781	0.22004	0.03052	0.01342	0.55059	0.01647	0.01227	0.01647	0.01061	0.01461	0.00799	0.00491	0.00642	0.00184	0.02481	0.00599	0.00266	0.00699
5	0.01513	0.76663	0.02767	0.00935	0.01399	0.02081	0.00925	0.01690	0.01133	0.05580	0.00836	0.00930	0.00736	0.00478	0.00361	0.00120	0.00576	0.00306	0.00258	0.00712
6	0.01437	0.76769	0.07077	0.00968	0.01453	0.02107	0.00994	0.01638	0.01110	0.01308	0.00770	0.00890	0.00699	0.00469	0.00359	0.00120	0.00596	0.00298	0.00233	0.00706
7	0.60310	0.04994	0.06435	0.14507	0.01632	0.01269	0.00867	0.01576	0.00980	0.02157	0.00811	0.01002	0.00626	0.00512	0.00387	0.00169	0.00509	0.00336	0.00308	0.00613
8	0.01628	0.01349	0.01338	0.01142	0.01478	0.07678	0.00903	0.23097	0.43972	0.04737	0.01830	0.01740	0.01358	0.00695	0.00539	0.00172	0.00516	0.00553	0.04430	0.00847
9	0.01444	0.01339	0.02399	0.04365	0.43209	0.01323	0.23551	0.07755	0.01377	0.06166	0.01134	0.01413	0.00882	0.00504	0.00572	0.00169	0.00716	0.00537	0.00316	0.00829
10	0.75675	0.01115	0.04773	0.00748	0.01098	0.01185	0.00652	0.01590	0.00951	0.02386	0.00828	0.00964	0.00641	0.00514	0.00349	0.00167	0.00432	0.00313	0.05022	0.00597
11	0.00663	0.00478	0.00628	0.00748	0.00788	0.00444	0.00501	0.00760	0.01054	0.01396	0.03135	0.76594	0.07412	0.01691	0.00693	0.00219	0.00314	0.01529	0.00506	0.00444
12	0.01130	0.00969	0.01130	0.00807	0.01292	0.00727	0.00646	0.01373	0.01130	0.01776	0.00969	0.01130	0.00807	0.00404	0.00404	0.00081	0.00404	0.00323	0.00323	0.84173
13	0.01260	0.01209	0.02034	0.21709	0.54079	0.01302	0.01600	0.01579	0.01175	0.01653	0.00989	0.01363	0.00820	0.00534	0.00631	0.00172	0.06363	0.00485	0.00261	0.00782
14	0.80423	0.01134	0.00840	0.00752	0.01087	0.05222	0.00614	0.01632	0.00960	0.02389	0.00763	0.00891	0.00596	0.00509	0.00345	0.00167	0.00451	0.00298	0.00334	0.00593
15	0.00770	0.00556	0.00718	0.00678	0.00802	0.00514	0.00503	0.01012	0.01498	0.02113	0.71806	0.04070	0.06434	0.05243	0.00753	0.00190	0.00272	0.00979	0.00584	0.00504
16	0.00657	0.00503	0.00603	0.00683	0.00771	0.00449	0.00472	0.00768	0.01117	0.01422	0.03934	0.52708	0.30782	0.01587	0.00677	0.00208	0.00301	0.01402	0.00506	0.00449
17	0.01245	0.35415	0.46748	0.01296	0.01960	0.01637	0.01564	0.01687	0.01133	0.01542	0.00887	0.01036	0.00694	0.00497	0.00448	0.00149	0.00713	0.00357	0.00231	0.00762
18	0.04444	0.01576	0.01543	0.01216	0.01617	0.09912	0.00991	0.61671	0.02332	0.03107	0.01267	0.01299	0.00917	0.00639	0.00525	0.00159	0.00618	0.00471	0.04833	0.00864
19	0.00663	0.00478	0.00628	0.00748	0.00788	0.00444	0.00501	0.00760	0.01054	0.01396	0.03135	0.76581	0.07425	0.01691	0.00693	0.00219	0.00314	0.01529	0.00506	0.00444
20	0.01232	0.01228	0.02246	0.27872	0.37065	0.01286	0.17875	0.01598	0.01202	0.01647	0.01024	0.01410	0.00811	0.00499	0.00564	0.00173	0.00733	0.00520	0.00262	0.00751
21	0.01342	0.01288	0.02200	0.05095	0.75748	0.01293	0.01669	0.01667	0.01238	0.01772	0.01024	0.01352	0.00860	0.00487	0.00540	0.00162	0.00649	0.00486	0.00269	0.00858
22	0.00768	0.00557	0.00724	0.00682	0.00812	0.00513	0.00511	0.01022	0.01534	0.02165	0.75030	0.04107	0.07280	0.01122	0.00643	0.00172	0.00258	0.00991	0.00597	0.00513
23	0.01546	0.01129	0.01238	0.01085	0.01413	0.01259	0.00852	0.02855	0.63416	0.15431	0.02207	0.02003	0.01609	0.00728	0.00554	0.00182	0.00437	0.00605	0.00576	0.00874
24	0.01294	0.01066	0.01219	0.00885	0.01361	0.00895	0.00714	0.14299	0.01380	0.02065	0.01028	0.01162	0.00828	0.00447	0.00428	0.00095	0.00438	0.00352	0.00362	0.69680
25	0.01286	0.01072	0.01242	0.00965	0.01340	0.02494	0.00776	0.07399	0.08662	0.05006	0.03295	0.01443	0.02795	0.00586	0.00634	0.00128	0.11012	0.00432	0.00377	0.49056
26	0.01932	0.14582	0.03315	0.01322	0.01656	0.58383	0.01053	0.08700	0.01561	0.01524	0.00874	0.00999	0.00722	0.00555	0.00475	0.00140	0.00884	0.00356	0.00296	0.00673
27	0.82706	0.01091	0.00819	0.00733	0.01069	0.03083	0.00602	0.01616	0.00943	0.02419	0.00761	0.00888	0.00593	0.00507	0.00341	0.00168	0.00435	0.00297	0.00336	0.00591
28	0.00700	0.00499	0.00669	0.00792	0.00837	0.00473	0.00558	0.00816	0.01069	0.01419	0.02953	0.67285	0.03493	0.03740	0.00759	0.00234	0.00350	0.12407	0.00501	0.00449
29	0.00664	0.00474	0.00633	0.00759	0.00791	0.00443	0.00506	0.00759	0.01044	0.01392	0.03005	0.80485	0.03606	0.01708	0.00696	0.00221	0.00316	0.01550	0.00506	0.00443
30	0.01820	0.01402	0.01494	0.01203	0.01595	0.01573	0.00975	0.50035	0.28561	0.03029	0.01629	0.01564	0.01186	0.00684	0.00549	0.00171	0.00541	0.00535	0.00549	0.00905
31	0.00793	0.00529	0.00595	0.00595	0.00595	0.00529	0.00330	0.00793	0.00793	0.01057	0.01718	0.03568	0.01982	0.80840	0.02775	0.00529	0.00529	0.00793	0.00330	0.00330
32	0.01185	0.22439	0.59195	0.01398	0.02119	0.01489	0.01743	0.01703	0.01140	0.01615	0.00923	0.01082	0.00693	0.00505	0.00476	0.00159	0.00750	0.00375	0.00231	0.00779
33	0.01101	0.01007	0.01635	0.74181	0.03614	0.01244	0.01481	0.06466	0.01191	0.01533	0.00992	0.01444	0.00740	0.00553	0.00545	0.00180	0.00718	0.00485	0.00263	0.00628
34	0.00786	0.00526	0.00597	0.00603	0.00605	0.00524	0.00339	0.00791	0.00806	0.01074	0.01784	0.07540	0.02066	0.76754	0.02667	0.00513	0.00518	0.00832	0.00339	0.00336
35	0.01016	0.00508	0.00508	0.00508	0.00635	0.00508	0.00381	0.01270	0.01143	0.02033	0.01778	0.02033	0.01397	0.00635	0.00381	0.00127	0.00254	0.00508	0.83867	0.00508
36	0.02048	0.01069	0.01292	0.01045	0.01431	0.01075	0.00846	0.10161	0.26405	0.45294	0.02088	0.01859	0.01411	0.00694	0.00550	0.00174	0.00467	0.00565	0.00622	0.00906
37	0.84691	0.01054	0.00801	0.00717	0.01054	0.01223	0.00590	0.01603	0.00928	0.02446	0.00759	0.00886	0.00590	0.00506	0.00337	0.00169	0.00422	0.00295	0.00337	0.00590
38	0.00737	0.00529	0.00684	0.00785	0.00837	0.00507	0.00533	0.04630	0.01122	0.01497	0.02917	0.76390	0.03467	0.01654	0.00688	0.00218	0.00331	0.01495	0.00508	0.00468
39	0.01366	0.01327	0.02196	0.03298	0.75571	0.03203	0.01658	0.01686	0.01249	0.01770	0.01021	0.01340	0.00860	0.00488	0.00539	0.00161	0.00656	0.00482	0.00270	0.00858
40	0.00661	0.00541	0.00586	0.00619	0.00769	0.00466	0.00458	0.00797	0.01203	0.01465	0.04868	0.20576	0.58246	0.01454	0.00661	0.00195	0.00297	0.05174	0.00506	0.00459
41	0.01118	0.00556	0.00576	0.00551	0.00702	0.00554	0.00420	0.03251	0.01201	0.06000	0.01786	0.02005	0.01383	0.00638	0.00394	0.00130	0.00274	0.00510	0.77412	0.00541
42	0.00664	0.00474	0.00633	0.00759	0.00791	0.00443	0.00506	0.00759	0.01044	0.01392	0.03005	0.80485	0.03606	0.01708	0.00696	0.00221	0.00316	0.01550	0.00506	0.00443
43	0.00777	0.00662	0.04695	0.00832	0.00932	0.00564	0.00626	0.04720	0.01145	0.01539	0.04638	0.64540	0.03289	0.03598	0.00734	0.00224	0.00370	0.05137	0.00492	0.00489
44	0.01141	0.01178	0.02240	0.43793	0.03221	0.01312	0.29626	0.01521	0.01144	0.01521	0.00999	0.01439	0.00764	0.00546	0.00684	0.00187	0.07231	0.00544	0.00255	0.00654
45	0.01492	0.01685	0.01220	0.01192	0.05251	0.40678	0.00856	0.01718	0.05290	0.03694	0.02409	0.02432	0.23954	0.01000	0.04589	0.00196	0.00733	0.00631	0.00375	0.00605
46	0.01284	0.01433	0.03006	0.02313	0.08872	0.01396	0.63250	0.01704	0.01246	0.01713	0.01065	0.01438	0.00821	0.00503	0.00729	0.00187	0.07417	0.00617	0.00272	0.00734
47	0.01520	0.01026	0.01186	0.01076	0.05172	0.04711	0.00800	0.14750	0.12193	0.18111	0.30175	0.02553	0.02694	0.00831	0.00581	0.00169	0.00440	0.00700	0.00567	0.00745
48	0.02484	0.18957	0.38678	0.01406	0.01986	0.01470	0.08424	0.03246	0.06433	0.01690	0.01118	0.01445	0.00905	0.00595	0.00578	0.00170	0.05155	0.04227	0.00280	0.00752
49	0.05026	0.01406	0.01501	0.07175	0.01743	0.16944	0.07918	0.10429	0.14476	0.13984	0.01555	0.03717	0.01224	0.00692	0.00569	0.00172	0.02173	0.04307	0.02538	0.02452
50	0.03105	0.21309	0.15881	0.13316	0.06190	0.04829	0.03155	0.03639	0.06020	0.10137	0.01332	0.04817	0.02800	0.00615	0.00497	0.00161	0.00631	0.00494	0.00337	0.00734
51	0.05755	0.04944	0.01552	0.05266	0.04784	0.08867	0.03356	0.27369	0.10724	0.10521	0.03304	0.01488	0.01111	0.01798	0.00551	0.00164	0.00588	0.00489	0.00457	0.06911
52	0.04513	0.03986	0.01899	0.09013	0.29288	0.15608	0.06833	0.12239	0.03279	0.03153	0.03142	0.01417	0.02083	0.00566	0.00532	0.00162	0.00696	0.00488	0.00336	0.00768
53	0.01459	0.03401	0.04277	0.02299	0.36454	0.07319	0.10314	0.07064	0.02694	0.06661	0.01227	0.06060	0.01042	0.00612	0.00612	0.00168	0.04561	0.00553	0.00334	0.02889

[dist]
# distance from previous block
# <min> <max>
1	28

[block]
# block no. 2 follows, 44 sequences, length 16
# corresponding to MSA columns:
# 245-260
name=unknown_C
#
# <colnr> <probs for GDERKNQSTAVLIFYWHMCP>
#	G	D	E	R	K	N	Q	S	T	A	V	L	I	F	Y	W	H	M	C	P
0	0.04506	0.07178	0.06731	0.01282	0.06748	0.04212	0.11189	0.09934	0.01387	0.05176	0.04555	0.02137	0.14176	0.00698	0.00531	0.00153	0.00556	0.02246	0.00385	0.16221
1	0.19792	0.01312	0.03015	0.01119	0.04572	0.12598	0.02104	0.14982	0.03066	0.04959	0.06429	0.07031	0.05773	0.00759	0.00552	0.00168	0.03034	0.02710	0.00416	0.05607
2	0.01267	0.02915	0.02330	0.01939	0.12896	0.01239	0.37291	0.03730	0.10454	0.01872	0.05368	0.03343	0.01227	0.00559	0.00580	0.00166	0.00692	0.00605	0.00344	0.11183
3	0.01252	0.01057	0.01549	0.01219	0.03281	0.00974	0.16281	0.09048	0.06483	0.04958	0.04448	0.04034	0.03662	0.08306	0.00748	0.00181	0.00544	0.02543	0.00391	0.29041
4	0.01615	0.01624	0.01435	0.01217	0.01491	0.27405	0.03095	0.20217	0.04410	0.02059	0.13323	0.01816	0.04725	0.00751	0.00688	0.00165	0.09705	0.00552	0.00414	0.03293
5	0.01092	0.01049	0.01789	0.62610	0.03421	0.01246	0.10457	0.01580	0.08336	0.01521	0.01105	0.01511	0.00829	0.00553	0.00558	0.00182	0.00722	0.00516	0.00276	0.00646
6	0.01130	0.00969	0.01130	0.00807	0.01292	0.00727	0.00646	0.01373	0.01130	0.01776	0.00969	0.01130	0.00807	0.00404	0.00404	0.00081	0.00404	0.00323	0.00323	0.84173
7	0.01213	0.00995	0.01141	0.00842	0.01274	0.00825	0.00663	0.10360	0.01273	0.01910	0.01082	0.01386	0.00935	0.08142	0.00648	0.00134	0.00440	0.00388	0.00351	0.66001
8	0.02072	0.01527	0.01636	0.01254	0.01691	0.01691	0.01036	0.75622	0.02563	0.03436	0.01309	0.01309	0.00927	0.00654	0.00545	0.00164	0.00600	0.00491	0.00545	0.00927
9	0.02313	0.00957	0.01261	0.00987	0.01395	0.00869	0.00809	0.02686	0.10681	0.68618	0.02159	0.01877	0.01388	0.00683	0.00549	0.00171	0.00460	0.00557	0.00660	0.00920
10	0.01331	0.01221	0.01229	0.00923	0.01378	0.10309	0.00733	0.08585	0.01318	0.01882	0.00986	0.01130	0.00806	0.00447	0.00428	0.00096	0.00493	0.00343	0.00339	0.66022
11	0.00915	0.00756	0.00772	0.00799	0.00916	0.08010	0.00567	0.03992	0.01237	0.03761	0.09574	0.44971	0.15895	0.04295	0.00728	0.00210	0.00392	0.01218	0.00493	0.00500
12	0.00716	0.00518	0.00666	0.00766	0.00821	0.00491	0.00521	0.03568	0.01112	0.01473	0.03086	0.73191	0.07736	0.01650	0.00687	0.00217	0.00325	0.01487	0.00508	0.00462
13	0.01279	0.39818	0.15081	0.00998	0.01450	0.01547	0.01013	0.01708	0.11117	0.04605	0.01878	0.01879	0.14228	0.00680	0.00465	0.00149	0.00543	0.00514	0.00341	0.00707
14	0.04012	0.10554	0.01034	0.00753	0.00999	0.04007	0.00600	0.03124	0.03211	0.02902	0.12248	0.11992	0.30818	0.01071	0.00570	0.00167	0.00383	0.02586	0.00456	0.08513
15	0.01459	0.49753	0.13526	0.01182	0.01665	0.13569	0.06283	0.01718	0.01207	0.01416	0.03225	0.01073	0.00847	0.00508	0.00425	0.00135	0.00689	0.00363	0.00255	0.00701

[dist]
# distance from previous block
# <min> <max>
9	40

[block]
# block no. 3 follows, 44 sequences, length 16
# corresponding to MSA columns:
# 304-319
name=unknown_D
#
# <colnr> <probs for GDERKNQSTAVLIFYWHMCP>
#	G	D	E	R	K	N	Q	S	T	A	V	L	I	F	Y	W	H	M	C	P
0	0.04871	0.01243	0.02333	0.01731	0.02170	0.01210	0.44151	0.06881	0.04369	0.09911	0.05060	0.01703	0.01187	0.00951	0.09419	0.00258	0.00837	0.00617	0.00368	0.00729
1	0.01293	0.01411	0.02590	0.04703	0.10891	0.04669	0.42780	0.01634	0.01172	0.01611	0.00981	0.01366	0.00795	0.00595	0.00912	0.00193	0.20868	0.00566	0.00265	0.00706
2	0.01101	0.10045	0.01815	0.65153	0.08813	0.01324	0.01460	0.01440	0.01103	0.01409	0.00949	0.01381	0.00734	0.00532	0.00523	0.00173	0.00705	0.00463	0.00243	0.00635
3	0.01589	0.01177	0.01283	0.01106	0.01445	0.01316	0.00874	0.11072	0.57670	0.12944	0.02107	0.01927	0.01537	0.00721	0.00553	0.00180	0.00455	0.00593	0.00570	0.00879
4	0.00974	0.00859	0.00863	0.00875	0.01000	0.11913	0.02518	0.02411	0.01200	0.04262	0.04447	0.48615	0.12962	0.03562	0.00705	0.00208	0.00439	0.01209	0.00471	0.00505
5	0.02072	0.01527	0.01636	0.01254	0.01691	0.01691	0.01036	0.75622	0.02563	0.03436	0.01309	0.01309	0.00927	0.00654	0.00545	0.00164	0.00600	0.00491	0.00545	0.00927
6	0.00848	0.00605	0.00843	0.00969	0.01081	0.00601	0.00825	0.01076	0.01225	0.01597	0.02904	0.16886	0.03205	0.01535	0.00745	0.00247	0.00475	0.63339	0.00503	0.00493
7	0.01279	0.00964	0.01146	0.00826	0.01303	0.00735	0.00664	0.01518	0.01179	0.10360	0.01102	0.01212	0.00869	0.00434	0.00420	0.00091	0.00411	0.00348	0.00363	0.74777
8	0.01258	0.01425	0.03098	0.02227	0.02755	0.01336	0.72019	0.01701	0.01276	0.01730	0.01190	0.05098	0.00955	0.00517	0.00646	0.00186	0.00891	0.00685	0.00286	0.00722
9	0.00664	0.00474	0.00633	0.00759	0.00791	0.00443	0.00506	0.00759	0.01044	0.01392	0.03005	0.80485	0.03606	0.01708	0.00696	0.00221	0.00316	0.01550	0.00506	0.00443
10	0.01048	0.00799	0.00960	0.00971	0.04810	0.00792	0.00680	0.18046	0.01449	0.01933	0.04513	0.40763	0.13801	0.01268	0.00628	0.00190	0.00395	0.01111	0.00495	0.05347
11	0.14489	0.05247	0.09341	0.01031	0.01472	0.03998	0.03627	0.05399	0.09780	0.14252	0.04677	0.01448	0.01136	0.00568	0.00473	0.00146	0.00514	0.00445	0.00414	0.21543
12	0.09414	0.24353	0.07246	0.20805	0.05870	0.06951	0.01132	0.03636	0.01180	0.03390	0.00919	0.01138	0.00738	0.00504	0.00446	0.00144	0.00627	0.00377	0.00280	0.10849
13	0.01387	0.08439	0.06219	0.19823	0.27853	0.01344	0.03988	0.09499	0.05622	0.05617	0.01172	0.01410	0.00904	0.00546	0.00522	0.00164	0.00637	0.00481	0.03596	0.00778
14	0.04272	0.21369	0.19202	0.06187	0.17882	0.06015	0.01344	0.04524	0.04956	0.03233	0.01015	0.01186	0.00806	0.00515	0.00472	0.00150	0.00654	0.00403	0.00289	0.05527
15	0.10311	0.17635	0.09917	0.01213	0.04269	0.03318	0.07170	0.01919	0.15684	0.09281	0.02848	0.04694	0.01255	0.00765	0.03074	0.00188	0.00595	0.02948	0.00386	0.02529

[dist]
# distance from previous block
# <min> <max>
4	43

[block]
# block no. 4 follows, 44 sequences, length 16
# corresponding to MSA columns:
# 363-378
name=unknown_E
#
# <colnr> <probs for GDERKNQSTAVLIFYWHMCP>
#	G	D	E	R	K	N	Q	S	T	A	V	L	I	F	Y	W	H	M	C	P
0	0.04193	0.06249	0.01751	0.02027	0.34662	0.06526	0.04436	0.04471	0.01306	0.03344	0.07783	0.07058	0.04969	0.00670	0.00534	0.00157	0.00570	0.00597	0.00350	0.08345
1	0.05382	0.01081	0.01322	0.01317	0.09918	0.05254	0.02070	0.07755	0.06148	0.01780	0.03821	0.11330	0.05281	0.01089	0.06295	0.00231	0.18217	0.00651	0.02939	0.08120
2	0.06375	0.18169	0.01643	0.02702	0.03293	0.17417	0.02682	0.04296	0.04363	0.01649	0.04393	0.04543	0.03742	0.00669	0.00564	0.00148	0.05959	0.02764	0.00334	0.14293
3	0.05376	0.01146	0.01575	0.10401	0.18975	0.01301	0.01158	0.08275	0.11544	0.05464	0.01280	0.01509	0.02363	0.00811	0.04034	0.00209	0.17255	0.00501	0.00355	0.06466
4	0.22126	0.00797	0.00904	0.00819	0.01065	0.00788	0.02510	0.01416	0.04684	0.10553	0.11416	0.23398	0.05696	0.00986	0.00544	0.00178	0.00384	0.02244	0.00472	0.09019
5	0.00843	0.00635	0.00868	0.04138	0.01056	0.00676	0.00647	0.04049	0.01002	0.01401	0.01783	0.20092	0.01865	0.12073	0.39847	0.00571	0.00948	0.00803	0.00356	0.06347
6	0.55392	0.01047	0.01048	0.17315	0.01675	0.01193	0.00813	0.04689	0.01063	0.04404	0.00881	0.01068	0.00670	0.00518	0.00401	0.00165	0.00493	0.00353	0.00335	0.06475
7	0.01130	0.00969	0.01130	0.00807	0.01292	0.00727	0.00646	0.01373	0.01130	0.01776	0.00969	0.01130	0.00807	0.00404	0.00404	0.00081	0.00404	0.00323	0.00323	0.84173
8	0.01060	0.00876	0.01018	0.00763	0.01145	0.00685	0.00580	0.01251	0.01060	0.01625	0.01126	0.01643	0.01054	0.17307	0.00902	0.00175	0.00430	0.00422	0.00325	0.66554
9	0.01580	0.01218	0.02014	0.02847	0.61459	0.01192	0.01490	0.01880	0.01308	0.17759	0.01262	0.01456	0.00966	0.00525	0.00542	0.00163	0.00609	0.00499	0.00355	0.00877
10	0.01033	0.00865	0.01026	0.00797	0.01187	0.00667	0.00617	0.01244	0.01112	0.01696	0.01397	0.17806	0.01396	0.00678	0.00465	0.00110	0.00385	0.00581	0.00361	0.66578
11	0.01163	0.01074	0.01569	0.01121	0.01619	0.00864	0.16367	0.01451	0.01163	0.01770	0.00997	0.01202	0.00812	0.00415	0.00454	0.00102	0.00512	0.00390	0.00313	0.66639
12	0.01241	0.01311	0.01616	0.63113	0.03320	0.17485	0.01417	0.01558	0.01186	0.01381	0.00942	0.01355	0.00722	0.00549	0.00534	0.00173	0.00781	0.00456	0.00250	0.00611
13	0.01210	0.00837	0.00980	0.00931	0.01139	0.00879	0.00701	0.04999	0.28476	0.11558	0.06173	0.32197	0.04035	0.01143	0.00617	0.00196	0.00389	0.02307	0.00551	0.00682
14	0.18899	0.06459	0.10080	0.01306	0.01770	0.02903	0.16621	0.13726	0.01444	0.17219	0.01291	0.03749	0.00958	0.00591	0.00512	0.00169	0.00624	0.00501	0.00411	0.00769
15	0.04050	0.01288	0.17380	0.01417	0.14508	0.00911	0.01117	0.01792	0.01322	0.26699	0.08121	0.09878	0.07551	0.00798	0.00564	0.00175	0.00520	0.00682	0.00465	0.00762

[dist]
# distance from previous block
# <min> <max>
2	33

[block]
# block no. 5 follows, 44 sequences, length 7
# corresponding to MSA columns:
# 412-418
name=unknown_F
#
# <colnr> <probs for GDERKNQSTAVLIFYWHMCP>
#	G	D	E	R	K	N	Q	S	T	A	V	L	I	F	Y	W	H	M	C	P
0	0.00726	0.00524	0.00636	0.00687	0.00753	0.00493	0.00469	0.00828	0.01066	0.01396	0.09530	0.31258	0.16447	0.25107	0.01305	0.00304	0.00382	0.07203	0.00462	0.00424
1	0.08035	0.35363	0.29727	0.01185	0.01760	0.01695	0.01311	0.11950	0.01311	0.01835	0.00914	0.01036	0.00719	0.00514	0.00437	0.00148	0.00653	0.00360	0.00284	0.00761
2	0.01450	0.01312	0.01700	0.25501	0.17526	0.06533	0.01303	0.18532	0.10597	0.02032	0.01180	0.01418	0.00911	0.00615	0.00641	0.00176	0.06960	0.00493	0.00357	0.00763
3	0.01621	0.11480	0.20953	0.01205	0.01678	0.11118	0.01176	0.11305	0.11935	0.14672	0.06402	0.01550	0.01264	0.00631	0.00516	0.00162	0.00630	0.00486	0.00421	0.00795
4	0.01399	0.11998	0.40934	0.01511	0.02136	0.09789	0.10543	0.12038	0.01401	0.01870	0.00998	0.01160	0.00742	0.00528	0.00514	0.00162	0.00783	0.00425	0.00285	0.00782
5	0.00779	0.00624	0.00684	0.00697	0.00847	0.00594	0.00517	0.01075	0.10274	0.01521	0.04038	0.12843	0.41672	0.12398	0.00947	0.00243	0.00359	0.08907	0.00487	0.00494
6	0.10157	0.01242	0.10737	0.25806	0.12715	0.01172	0.01247	0.05535	0.10377	0.01932	0.12260	0.01786	0.01496	0.00642	0.00534	0.00174	0.00581	0.00544	0.00361	0.00699

[dist]
# distance from previous block
# <min> <max>
0	1

[block]
# block no. 6 follows, 44 sequences, length 7
# corresponding to MSA columns:
# 420-426
name=unknown_G
#
# <colnr> <probs for GDERKNQSTAVLIFYWHMCP>
#	G	D	E	R	K	N	Q	S	T	A	V	L	I	F	Y	W	H	M	C	P
0	0.01552	0.07302	0.15777	0.01073	0.01505	0.05539	0.01013	0.06634	0.09617	0.21015	0.14561	0.01907	0.01757	0.00682	0.00529	0.00158	0.00531	0.00551	0.00472	0.07823
1	0.01044	0.01275	0.15904	0.02038	0.34536	0.00970	0.01300	0.01340	0.01150	0.01625	0.01759	0.31001	0.01860	0.00950	0.00594	0.00186	0.00553	0.00869	0.00351	0.00695
2	0.01005	0.01269	0.16026	0.01369	0.01727	0.00951	0.22414	0.01317	0.01164	0.03824	0.02260	0.25660	0.12029	0.01006	0.00699	0.00196	0.05160	0.00927	0.00377	0.00621
3	0.01715	0.29154	0.09235	0.01193	0.01610	0.27528	0.01073	0.15751	0.01534	0.01778	0.00952	0.01066	0.00771	0.00545	0.00451	0.00139	0.00728	0.00368	0.03684	0.00722
4	0.00848	0.00518	0.00691	0.00691	0.00709	0.00537	0.00450	0.00796	0.00778	0.01055	0.01380	0.02582	0.01477	0.36759	0.16836	0.31962	0.00683	0.00634	0.00288	0.00325
5	0.01251	0.18908	0.22616	0.08332	0.02486	0.01502	0.33944	0.01687	0.01196	0.01612	0.00985	0.01257	0.00755	0.00484	0.00539	0.00166	0.00801	0.00491	0.00252	0.00735
6	0.00962	0.06292	0.17600	0.01009	0.01319	0.05658	0.00990	0.01248	0.01241	0.01593	0.07079	0.08973	0.18835	0.01131	0.00626	0.00197	0.00526	0.23724	0.00419	0.00576

[dist]
# distance from previous block
# <min> <max>
6	35

[block]
# block no. 7 follows, 44 sequences, length 12
# corresponding to MSA columns:
# 462-473
name=unknown_H
#
# <colnr> <probs for GDERKNQSTAVLIFYWHMCP>
#	G	D	E	R	K	N	Q	S	T	A	V	L	I	F	Y	W	H	M	C	P
0	0.12225	0.01210	0.03360	0.03951	0.01638	0.03438	0.11484	0.15489	0.05963	0.02132	0.01319	0.09901	0.01153	0.00648	0.00508	0.00152	0.00548	0.00557	0.00388	0.23939
1	0.16960	0.04489	0.01586	0.01206	0.01581	0.03540	0.14491	0.10739	0.12879	0.11322	0.01508	0.01608	0.03402	0.00947	0.08192	0.00237	0.00661	0.00520	0.00420	0.03713
2	0.01079	0.01020	0.01725	0.67703	0.15194	0.01224	0.01539	0.01436	0.01114	0.01453	0.00978	0.01437	0.00748	0.00536	0.00544	0.00179	0.00714	0.00485	0.00247	0.00646
3	0.37376	0.03820	0.02935	0.00938	0.01272	0.13222	0.00772	0.13915	0.01413	0.05266	0.09615	0.01560	0.04566	0.00651	0.00456	0.00163	0.00529	0.00463	0.00407	0.00660
4	0.00989	0.00745	0.00878	0.00844	0.01014	0.00748	0.00644	0.13696	0.01363	0.01832	0.02903	0.33656	0.16755	0.01281	0.00677	0.00194	0.03700	0.07680	0.04873	0.05528
5	0.54699	0.01065	0.01117	0.01178	0.12982	0.01147	0.00802	0.01832	0.01108	0.17972	0.01089	0.01159	0.00790	0.00538	0.00413	0.00168	0.00466	0.00377	0.00397	0.00703
6	0.01458	0.81168	0.02857	0.00933	0.01399	0.02157	0.00933	0.01632	0.01108	0.01283	0.00758	0.00875	0.00700	0.00466	0.00350	0.00117	0.00583	0.00292	0.00233	0.00700
7	0.71770	0.13491	0.01120	0.00750	0.01108	0.01368	0.00644	0.01607	0.00956	0.02265	0.00759	0.00884	0.00607	0.00500	0.00339	0.00161	0.00447	0.00295	0.00321	0.00607
8	0.09468	0.01226	0.02069	0.18112	0.47155	0.01281	0.09585	0.01619	0.01185	0.01765	0.00997	0.01338	0.00806	0.00497	0.00532	0.00169	0.00671	0.00484	0.00272	0.00771
9	0.01723	0.00988	0.01185	0.00958	0.01312	0.00941	0.00764	0.18418	0.05333	0.29333	0.02118	0.14039	0.06053	0.00834	0.00554	0.00164	0.00449	0.00696	0.00550	0.13587
10	0.03921	0.09786	0.01355	0.00955	0.01287	0.04340	0.02514	0.20015	0.01675	0.17079	0.15080	0.02533	0.15522	0.00836	0.00553	0.00164	0.00473	0.00677	0.00516	0.00721
11	0.05203	0.26295	0.07079	0.01084	0.01466	0.11483	0.04128	0.11083	0.02783	0.03375	0.06126	0.10015	0.02840	0.00709	0.00489	0.00152	0.00591	0.00558	0.00363	0.04177

[dist]
# distance from previous block
# <min> <max>
3	28

[block]
# block no. 8 follows, 44 sequences, length 69
# corresponding to MSA columns:
# 521-589
name=unknown_I
#
# <colnr> <probs for GDERKNQSTAVLIFYWHMCP>
#	G	D	E	R	K	N	Q	S	T	A	V	L	I	F	Y	W	H	M	C	P
0	0.07482	0.01173	0.01868	0.02702	0.57827	0.01180	0.01412	0.03389	0.01230	0.01830	0.01266	0.08711	0.01184	0.00642	0.00544	0.00169	0.00587	0.03500	0.00314	0.02991
1	0.07126	0.01203	0.01972	0.18023	0.55307	0.01258	0.01539	0.01644	0.01200	0.04119	0.01031	0.01353	0.00833	0.00505	0.00527	0.00166	0.00642	0.00474	0.00282	0.00796
2	0.01355	0.01045	0.01265	0.12141	0.05142	0.02957	0.00899	0.12859	0.11617	0.08987	0.05584	0.05953	0.08131	0.00745	0.00541	0.00158	0.00493	0.01855	0.00447	0.17828
3	0.01480	0.01281	0.01204	0.03500	0.01401	0.15844	0.00832	0.14027	0.18064	0.07265	0.06357	0.17087	0.01852	0.00875	0.00562	0.00172	0.00537	0.00725	0.02510	0.04424
4	0.16696	0.01444	0.01301	0.01075	0.01422	0.15296	0.00859	0.30489	0.03585	0.07399	0.11202	0.01585	0.01423	0.00667	0.00507	0.00160	0.00573	0.00497	0.00469	0.03350
5	0.01072	0.01012	0.01712	0.69393	0.13559	0.01222	0.01535	0.01430	0.01110	0.01445	0.00977	0.01440	0.00745	0.00537	0.00544	0.00179	0.00716	0.00485	0.00246	0.00640
6	0.01053	0.00993	0.01677	0.74036	0.09069	0.01217	0.01526	0.01413	0.01101	0.01421	0.00973	0.01446	0.00737	0.00541	0.00545	0.00180	0.00721	0.00485	0.00244	0.00624
7	0.01053	0.00993	0.01677	0.74036	0.09069	0.01217	0.01526	0.01413	0.01101	0.01421	0.00973	0.01446	0.00737	0.00541	0.00545	0.00180	0.00721	0.00485	0.00244	0.00624
8	0.01093	0.02820	0.78016	0.01554	0.02360	0.01266	0.02014	0.01727	0.01151	0.01727	0.00978	0.01151	0.00691	0.00518	0.00518	0.00173	0.00806	0.00403	0.00230	0.00806
9	0.01198	0.01009	0.01167	0.00840	0.01321	0.00796	0.00674	0.06728	0.01234	0.01896	0.00994	0.01143	0.00816	0.00422	0.00414	0.00087	0.00418	0.00335	0.00339	0.78169
10	0.01030	0.00969	0.01635	0.79530	0.03755	0.01211	0.01514	0.01393	0.01090	0.01393	0.00969	0.01453	0.00727	0.00545	0.00545	0.00182	0.00727	0.00484	0.00242	0.00606
11	0.01030	0.00969	0.01635	0.79530	0.03755	0.01211	0.01514	0.01393	0.01090	0.01393	0.00969	0.01453	0.00727	0.00545	0.00545	0.00182	0.00727	0.00484	0.00242	0.00606
12	0.01193	0.01193	0.01670	0.01431	0.01431	0.01670	0.01193	0.01312	0.00835	0.01312	0.00716	0.01193	0.00716	0.00954	0.01789	0.00239	0.79843	0.00477	0.00239	0.00596
13	0.01356	0.01171	0.01233	0.01109	0.01418	0.01356	0.00863	0.02897	0.76455	0.02281	0.02219	0.02034	0.01664	0.00740	0.00555	0.00185	0.00431	0.00616	0.00555	0.00863
14	0.00664	0.00474	0.00633	0.00759	0.00791	0.00443	0.00506	0.00759	0.01044	0.01392	0.03005	0.80485	0.03606	0.01708	0.00696	0.00221	0.00316	0.01550	0.00506	0.00443
15	0.01271	0.01424	0.02959	0.02153	0.02613	0.01427	0.63077	0.01674	0.01211	0.01674	0.01038	0.01424	0.00809	0.00542	0.00834	0.00193	0.14078	0.00616	0.00270	0.00712
16	0.02037	0.02598	0.01545	0.01404	0.01685	0.78652	0.01053	0.02177	0.01545	0.01334	0.00843	0.00983	0.00702	0.00562	0.00492	0.00140	0.00983	0.00351	0.00281	0.00632
17	0.84691	0.01054	0.00801	0.00717	0.01054	0.01223	0.00590	0.01603	0.00928	0.02446	0.00759	0.00886	0.00590	0.00506	0.00337	0.00169	0.00422	0.00295	0.00337	0.00590
18	0.00672	0.00553	0.00590	0.00581	0.00753	0.00472	0.00436	0.00835	0.01307	0.01625	0.20817	0.04996	0.61829	0.01324	0.00644	0.00181	0.00272	0.01115	0.00526	0.00472
19	0.01608	0.79261	0.02922	0.01039	0.01510	0.02215	0.00995	0.01736	0.01208	0.01437	0.00923	0.01101	0.00853	0.00574	0.00422	0.00147	0.00634	0.00347	0.00289	0.00780
20	0.00780	0.00580	0.00856	0.00856	0.00946	0.00670	0.00656	0.00960	0.00870	0.01251	0.01479	0.02245	0.01408	0.09624	0.73206	0.00851	0.01393	0.00599	0.00295	0.00475
21	0.02038	0.02552	0.01549	0.01398	0.01686	0.75322	0.01053	0.05355	0.01589	0.01425	0.00863	0.00997	0.00712	0.00566	0.00494	0.00141	0.00967	0.00357	0.00292	0.00645
22	0.00833	0.00595	0.00826	0.00952	0.01058	0.00588	0.00800	0.01051	0.01210	0.01581	0.02912	0.21917	0.03237	0.01549	0.00741	0.00245	0.00463	0.58451	0.00503	0.00489
23	0.00731	0.00529	0.00705	0.00819	0.00892	0.00502	0.00615	0.00881	0.01134	0.01491	0.04989	0.50741	0.08400	0.01609	0.00709	0.00227	0.00369	0.23685	0.00507	0.00464
24	0.01349	0.01295	0.02213	0.03346	0.77440	0.01295	0.01673	0.01673	0.01241	0.01781	0.01025	0.01349	0.00864	0.00486	0.00540	0.00162	0.00648	0.00486	0.00270	0.00864
25	0.01058	0.00998	0.01687	0.72703	0.10358	0.01219	0.01528	0.01418	0.01104	0.01428	0.00974	0.01444	0.00739	0.00540	0.00545	0.00180	0.00720	0.00485	0.00245	0.00629
26	0.00813	0.00588	0.00799	0.00916	0.01025	0.00574	0.00761	0.01021	0.01206	0.01566	0.03103	0.22860	0.08586	0.01543	0.00732	0.00239	0.00444	0.52234	0.00503	0.00486
27	0.01349	0.01295	0.02213	0.03346	0.77440	0.01295	0.01673	0.01673	0.01241	0.01781	0.01025	0.01349	0.00864	0.00486	0.00540	0.00162	0.00648	0.00486	0.00270	0.00864
28	0.01287	0.01471	0.03217	0.02298	0.02849	0.01379	0.75460	0.01746	0.01287	0.01746	0.01103	0.01471	0.00827	0.00460	0.00643	0.00184	0.00919	0.00643	0.00276	0.00735
29	0.00670	0.00555	0.00580	0.00585	0.00750	0.00480	0.00436	0.00804	0.01196	0.01440	0.04983	0.05044	0.65829	0.07489	0.03625	0.00238	0.00347	0.04011	0.00485	0.00453
30	0.01093	0.02820	0.78016	0.01554	0.02360	0.01266	0.02014	0.01727	0.01151	0.01727	0.00978	0.01151	0.00691	0.00518	0.00518	0.00173	0.00806	0.00403	0.00230	0.00806
31	0.01229	0.01756	0.20224	0.02094	0.02692	0.01332	0.57034	0.01720	0.01250	0.01734	0.01117	0.03158	0.00858	0.00501	0.00616	0.00182	0.00880	0.00609	0.00270	0.00745
32	0.01093	0.02820	0.78016	0.01554	0.02360	0.01266	0.02014	0.01727	0.01151	0.01727	0.00978	0.01151	0.00691	0.00518	0.00518	0.00173	0.00806	0.00403	0.00230	0.00806
33	0.01306	0.01251	0.02134	0.13757	0.67370	0.01284	0.01651	0.01635	0.01221	0.01728	0.01018	0.01364	0.00845	0.00494	0.00540	0.00165	0.00658	0.00486	0.00266	0.00828
34	0.01407	0.55583	0.21870	0.01125	0.01664	0.07447	0.01216	0.01696	0.01150	0.01399	0.00820	0.00953	0.00698	0.00486	0.00403	0.00133	0.00668	0.00324	0.00236	0.00722
35	0.00741	0.00556	0.00686	0.00654	0.00796	0.00501	0.00490	0.00969	0.01471	0.02014	0.59829	0.04356	0.22574	0.01179	0.00643	0.00175	0.00262	0.01026	0.00577	0.00501
36	0.00664	0.00474	0.00633	0.00759	0.00791	0.00443	0.00506	0.00759	0.01044	0.01392	0.03005	0.80485	0.03606	0.01708	0.00696	0.00221	0.00316	0.01550	0.00506	0.00443
37	0.00708	0.00508	0.00679	0.00792	0.00850	0.00480	0.00569	0.00841	0.01116	0.01484	0.07533	0.60997	0.05443	0.01629	0.00701	0.00223	0.00344	0.14134	0.00511	0.00458
38	0.01243	0.01400	0.05743	0.01991	0.02477	0.01287	0.56571	0.03153	0.07914	0.01797	0.01398	0.06623	0.01173	0.00614	0.00637	0.00188	0.00810	0.03929	0.00328	0.00724
39	0.84691	0.01054	0.00801	0.00717	0.01054	0.01223	0.00590	0.01603	0.00928	0.02446	0.00759	0.00886	0.00590	0.00506	0.00337	0.00169	0.00422	0.00295	0.00337	0.00590
40	0.00687	0.00489	0.00651	0.00762	0.00798	0.00467	0.00516	0.00786	0.01027	0.01372	0.02839	0.68485	0.03370	0.07513	0.04308	0.00274	0.00390	0.04344	0.00484	0.00439
41	0.10513	0.05565	0.07875	0.01270	0.04645	0.08700	0.04689	0.16782	0.13070	0.19305	0.01459	0.01442	0.01040	0.00610	0.00513	0.00166	0.00595	0.00479	0.00462	0.00820
42	0.02419	0.00970	0.01292	0.00990	0.01413	0.00865	0.00818	0.07851	0.01632	0.72522	0.02091	0.01817	0.01319	0.00673	0.00548	0.00168	0.00474	0.00544	0.00666	0.00928
43	0.00748	0.00556	0.00696	0.00661	0.00800	0.00504	0.00496	0.00984	0.01488	0.02055	0.64007	0.04288	0.18371	0.01163	0.00643	0.00174	0.00261	0.01016	0.00583	0.00504
44	0.01238	0.26675	0.52365	0.01359	0.02043	0.04330	0.01650	0.01714	0.01152	0.01577	0.00906	0.01061	0.00694	0.00504	0.00466	0.00154	0.00744	0.00367	0.00233	0.00767
45	0.01273	0.01561	0.16390	0.09215	0.54363	0.01286	0.04678	0.01663	0.01214	0.01738	0.01015	0.01326	0.00819	0.00496	0.00540	0.00166	0.00695	0.00476	0.00260	0.00826
46	0.02414	0.00935	0.01264	0.00974	0.01392	0.00817	0.00803	0.02664	0.03733	0.75626	0.02153	0.01861	0.01359	0.00677	0.00548	0.00169	0.00463	0.00550	0.00671	0.00926
47	0.01037	0.00977	0.01648	0.77777	0.05450	0.01213	0.01518	0.01399	0.01094	0.01402	0.00970	0.01451	0.00730	0.00544	0.00545	0.00181	0.00725	0.00485	0.00243	0.00612
48	0.01201	0.26012	0.55767	0.01370	0.02075	0.01530	0.01694	0.01699	0.01138	0.01595	0.00913	0.01069	0.00693	0.00503	0.00468	0.00156	0.00740	0.00370	0.00231	0.00774
49	0.00947	0.00473	0.00710	0.00710	0.00710	0.00473	0.00473	0.00710	0.00710	0.00947	0.00947	0.01657	0.00947	0.01894	0.02131	0.84138	0.00473	0.00473	0.00237	0.00237
50	0.00779	0.00584	0.00876	0.00876	0.00974	0.00681	0.00681	0.00974	0.00876	0.01266	0.01460	0.02142	0.01363	0.04089	0.78680	0.00876	0.01460	0.00584	0.00292	0.00487
51	0.00723	0.00540	0.00713	0.00813	0.00857	0.00541	0.00566	0.00877	0.03763	0.01429	0.02863	0.70968	0.03380	0.01629	0.00745	0.00222	0.04092	0.04314	0.00495	0.00468
52	0.01342	0.01315	0.02325	0.03229	0.69111	0.01305	0.09912	0.01681	0.01246	0.01777	0.01034	0.01363	0.00859	0.00483	0.00551	0.00164	0.00678	0.00503	0.00271	0.00849
53	0.01287	0.01471	0.03217	0.02298	0.02849	0.01379	0.75460	0.01746	0.01287	0.01746	0.01103	0.01471	0.00827	0.00460	0.00643	0.00184	0.00919	0.00643	0.00276	0.00735
54	0.00680	0.00529	0.00619	0.00649	0.00772	0.00467	0.00467	0.00832	0.01249	0.01612	0.21257	0.28971	0.37100	0.01424	0.00660	0.00193	0.00285	0.01240	0.00528	0.00467
55	0.02070	0.01218	0.01383	0.01090	0.01487	0.03161	0.00889	0.32835	0.08983	0.33221	0.03852	0.01804	0.04024	0.00707	0.00552	0.00168	0.00518	0.00559	0.00592	0.00886
56	0.03553	0.01491	0.15592	0.01110	0.01534	0.09671	0.01026	0.09038	0.06917	0.30201	0.06284	0.01902	0.04200	0.04241	0.00640	0.00184	0.00579	0.00553	0.00494	0.00791
57	0.00987	0.00756	0.00897	0.00824	0.01014	0.00783	0.00629	0.01644	0.24935	0.03714	0.52269	0.03392	0.03982	0.00989	0.00614	0.00176	0.00316	0.00862	0.00587	0.00631
58	0.01290	0.01459	0.03137	0.02250	0.02792	0.01378	0.72473	0.01792	0.04297	0.01768	0.01148	0.01493	0.00861	0.00471	0.00640	0.00184	0.00900	0.00642	0.00287	0.00740
59	0.01168	0.18811	0.62676	0.01427	0.02164	0.01448	0.01794	0.01707	0.01142	0.01636	0.00933	0.01095	0.00692	0.00507	0.00484	0.00161	0.00760	0.00380	0.00231	0.00784
60	0.01335	0.01281	0.02188	0.06642	0.74252	0.01292	0.01666	0.01661	0.01235	0.01764	0.01023	0.01354	0.00858	0.00488	0.00540	0.00163	0.00651	0.00486	0.00269	0.00852
61	0.00765	0.00588	0.00723	0.00793	0.00940	0.00545	0.00656	0.00959	0.01240	0.01551	0.04061	0.08965	0.36028	0.01459	0.00702	0.00220	0.00394	0.38423	0.00504	0.00481
62	0.01273	0.01218	0.02075	0.21517	0.59865	0.01275	0.01635	0.01606	0.01205	0.01689	0.01012	0.01374	0.00831	0.00500	0.00541	0.00167	0.00667	0.00485	0.00263	0.00802
63	0.00939	0.00826	0.01244	0.01124	0.01209	0.01041	0.04169	0.01120	0.00881	0.01302	0.01197	0.01797	0.01124	0.02887	0.49686	0.00634	0.27463	0.00551	0.00274	0.00534
64	0.01006	0.00565	0.00758	0.00793	0.00905	0.00515	0.00562	0.01134	0.01177	0.15751	0.08286	0.60165	0.03296	0.01471	0.00664	0.00208	0.00340	0.01321	0.00545	0.00539
65	0.80982	0.01133	0.04227	0.00754	0.01112	0.01225	0.00654	0.01608	0.00938	0.02414	0.00769	0.00897	0.00595	0.00507	0.00345	0.00169	0.00439	0.00300	0.00333	0.00600
66	0.01048	0.01135	0.07127	0.66832	0.03450	0.03121	0.03038	0.01417	0.01117	0.01426	0.01171	0.01589	0.04119	0.00579	0.00548	0.00180	0.00723	0.00508	0.00255	0.00617
67	0.00893	0.00649	0.00892	0.00981	0.01132	0.00631	0.00852	0.01144	0.01255	0.01658	0.04907	0.05740	0.03033	0.01418	0.00725	0.00237	0.00488	0.66543	0.00492	0.06331
68	0.78760	0.01045	0.00835	0.00735	0.01079	0.01193	0.00606	0.01679	0.00973	0.07882	0.00859	0.00956	0.00645	0.00518	0.00353	0.00169	0.00425	0.00313	0.00362	0.00615

[dist]
# distance from previous block
# <min> <max>
2	4

[block]
# block no. 9 follows, 44 sequences, length 34
# corresponding to MSA columns:
# 594-598,600-628
name=unknown_J
#
# <colnr> <probs for GDERKNQSTAVLIFYWHMCP>
#	G	D	E	R	K	N	Q	S	T	A	V	L	I	F	Y	W	H	M	C	P
