[name]
unknown

[dist]
# distance from previous block
# <min> <max>
0	51

[block]
# block no. 0 follows, 63 sequences, length 62
# corresponding to MSA columns:
# 51-58,61-85,88-116
name=unknown_A
#
# <colnr> <probs for GDERKNQSTAVLIFYWHMCP>
#	G	D	E	R	K	N	Q	S	T	A	V	L	I	F	Y	W	H	M	C	P
0	0.00960	0.41088	0.38920	0.00939	0.01397	0.01259	0.01092	0.01258	0.00875	0.01162	0.00787	0.02315	0.00684	0.00441	0.00352	0.00117	0.00521	0.05074	0.00195	0.00565
1	0.01053	0.64488	0.22575	0.00840	0.01266	0.01490	0.00929	0.01277	0.00863	0.01075	0.00627	0.00728	0.00538	0.00370	0.00302	0.00101	0.00493	0.00246	0.00179	0.00560
2	0.00887	0.03211	0.04141	0.01369	0.01687	0.00894	0.52769	0.03099	0.00948	0.01279	0.02432	0.12979	0.02444	0.09099	0.00657	0.00171	0.00582	0.00600	0.00252	0.00502
3	0.08300	0.00649	0.00820	0.00669	0.00922	0.00596	0.00539	0.01622	0.04672	0.49626	0.20287	0.01919	0.06298	0.00621	0.00431	0.00132	0.00309	0.00514	0.00475	0.00599
4	0.00784	0.00392	0.00392	0.00392	0.00490	0.00392	0.00294	0.00980	0.00882	0.01567	0.01371	0.01567	0.01077	0.00490	0.00294	0.00098	0.00196	0.00392	0.87560	0.00392
5	0.00833	0.00703	0.00829	0.00610	0.00945	0.00538	0.00484	0.01022	0.00916	0.01414	0.12068	0.01186	0.01086	0.00387	0.00337	0.00072	0.00296	0.00320	0.00279	0.75676
6	0.00803	0.00764	0.01315	0.80556	0.02864	0.00940	0.04715	0.01086	0.00847	0.01086	0.00752	0.01121	0.00564	0.00417	0.00424	0.00140	0.00567	0.00379	0.00188	0.00471
7	0.00784	0.00392	0.00392	0.00392	0.00490	0.00392	0.00294	0.00980	0.00882	0.01567	0.01371	0.01567	0.01077	0.00490	0.00294	0.00098	0.00196	0.00392	0.87560	0.00392
8	0.00946	0.00882	0.01483	0.17090	0.56858	0.00916	0.01183	0.01193	0.00938	0.01303	0.00982	0.01568	0.00890	0.00492	0.00440	0.00137	0.00495	0.11385	0.00229	0.00591
9	0.01122	0.00941	0.00994	0.00871	0.01122	0.01081	0.00684	0.13185	0.70769	0.01882	0.01614	0.01491	0.01204	0.00561	0.00427	0.00140	0.00351	0.00462	0.00427	0.00672
10	0.01184	0.00972	0.01028	0.00883	0.01146	0.01110	0.00699	0.21978	0.61876	0.01981	0.01536	0.01429	0.01141	0.00554	0.00426	0.00138	0.00365	0.00451	0.00426	0.00678
11	0.01040	0.00999	0.01706	0.02580	0.82604	0.00999	0.01290	0.01290	0.00957	0.01373	0.00791	0.01040	0.00666	0.00375	0.00416	0.00125	0.00499	0.00375	0.00208	0.00666
12	0.00604	0.00438	0.00615	0.00615	0.00669	0.00492	0.00450	0.00712	0.00658	0.00931	0.01182	0.01959	0.01185	0.26135	0.60761	0.00601	0.00925	0.00495	0.00233	0.00342
13	0.00822	0.00802	0.01433	0.72563	0.02797	0.00952	0.12463	0.01113	0.00862	0.01113	0.00762	0.01123	0.00571	0.00411	0.00431	0.00140	0.00581	0.00391	0.00190	0.00481
14	0.01570	0.02004	0.01191	0.01083	0.01300	0.83539	0.00812	0.01679	0.01191	0.01029	0.00650	0.00758	0.00541	0.00433	0.00379	0.00108	0.00758	0.00271	0.00217	0.00487
15	0.00872	0.00747	0.00872	0.00623	0.00996	0.00560	0.00498	0.01058	0.00872	0.01370	0.00747	0.00872	0.00623	0.00311	0.00311	0.00062	0.00311	0.00249	0.00249	0.87796
16	0.01594	0.01292	0.01252	0.00983	0.01303	0.12708	0.00801	0.70174	0.01868	0.02425	0.00959	0.00974	0.00691	0.00495	0.00415	0.00124	0.00504	0.00364	0.00392	0.00683
17	0.00516	0.00369	0.00492	0.00590	0.00616	0.00345	0.00397	0.00592	0.00809	0.01078	0.02315	0.82987	0.02772	0.01313	0.00538	0.00171	0.00247	0.03120	0.00390	0.00343
18	0.00968	0.00909	0.01528	0.05920	0.67697	0.00912	0.01161	0.01212	0.00984	0.01403	0.12104	0.01335	0.01119	0.00444	0.00427	0.00127	0.00460	0.00428	0.00242	0.00620
19	0.00567	0.00401	0.00531	0.00614	0.00653	0.00386	0.00442	0.00660	0.00818	0.01083	0.02157	0.53734	0.02518	0.12915	0.00770	0.00209	0.00302	0.20530	0.00371	0.00341
20	0.00783	0.00565	0.00734	0.00776	0.00897	0.00579	0.00657	0.11974	0.01086	0.01427	0.02069	0.14705	0.02230	0.01091	0.00553	0.00181	0.00379	0.58497	0.00392	0.00427
21	0.00597	0.00427	0.00548	0.00519	0.00605	0.00398	0.00377	0.00768	0.01110	0.01565	0.71142	0.03086	0.03628	0.12559	0.00724	0.00170	0.00227	0.00740	0.00434	0.00377
22	0.01570	0.02004	0.01191	0.01083	0.01300	0.83539	0.00812	0.01679	0.01191	0.01029	0.00650	0.00758	0.00541	0.00433	0.00379	0.00108	0.00758	0.00271	0.00217	0.00487
23	0.00585	0.00429	0.00547	0.00518	0.00622	0.00392	0.00388	0.00773	0.01165	0.01627	0.74098	0.03236	0.12287	0.00881	0.00496	0.00133	0.00200	0.00774	0.00455	0.00392
24	0.00784	0.00392	0.00392	0.00392	0.00490	0.00392	0.00294	0.00980	0.00882	0.01567	0.01371	0.01567	0.01077	0.00490	0.00294	0.00098	0.00196	0.00392	0.87560	0.00392
25	0.88196	0.00813	0.00618	0.00553	0.00813	0.00943	0.00455	0.01236	0.00715	0.01886	0.00585	0.00683	0.00455	0.00390	0.00260	0.00130	0.00325	0.00228	0.00260	0.00455
26	0.00920	0.00920	0.01288	0.01104	0.01104	0.01288	0.00920	0.01012	0.00644	0.01012	0.00552	0.00920	0.00552	0.00736	0.01380	0.00184	0.84457	0.00368	0.00184	0.00460
27	0.13664	0.00881	0.00938	0.00798	0.01063	0.00972	0.00637	0.13197	0.42416	0.15733	0.04254	0.01394	0.01137	0.00537	0.00404	0.00136	0.00350	0.00427	0.00420	0.00642
28	0.00535	0.00382	0.00514	0.00612	0.00646	0.00361	0.00430	0.00625	0.00827	0.01099	0.02304	0.73829	0.02730	0.01295	0.00543	0.00174	0.00264	0.12092	0.00390	0.00348
29	0.00784	0.00392	0.00392	0.00392	0.00490	0.00392	0.00294	0.00980	0.00882	0.01567	0.01371	0.01567	0.01077	0.00490	0.00294	0.00098	0.00196	0.00392	0.87560	0.00392
30	0.00988	0.01972	0.71667	0.01136	0.01716	0.00927	0.01423	0.01431	0.00931	0.12642	0.00880	0.00963	0.00603	0.00416	0.00403	0.00133	0.00585	0.00326	0.00225	0.00634
31	0.01591	0.01387	0.01244	0.00997	0.01303	0.22126	0.00802	0.61067	0.01778	0.02239	0.00918	0.00946	0.00671	0.00487	0.00410	0.00122	0.00537	0.00351	0.00369	0.00657
32	0.00784	0.00392	0.00392	0.00392	0.00490	0.00392	0.00294	0.00980	0.00882	0.01567	0.01371	0.01567	0.01077	0.00490	0.00294	0.00098	0.00196	0.00392	0.87560	0.00392
33	0.00581	0.00429	0.00543	0.00515	0.00620	0.00391	0.00386	0.00767	0.01158	0.01609	0.71548	0.03266	0.14848	0.00888	0.00496	0.00134	0.00200	0.00778	0.00453	0.00391
34	0.01050	0.63638	0.23400	0.00845	0.01273	0.01483	0.00938	0.01278	0.00863	0.01079	0.00629	0.00730	0.00538	0.00370	0.00304	0.00101	0.00495	0.00247	0.00179	0.00561
35	0.00524	0.00375	0.00498	0.00578	0.00612	0.00349	0.00391	0.00614	0.00858	0.01158	0.13420	0.73607	0.02945	0.01254	0.00531	0.00165	0.00238	0.01135	0.00400	0.00349
36	0.00710	0.00420	0.00564	0.00616	0.00686	0.00386	0.00435	0.00801	0.00867	0.12428	0.02222	0.69809	0.02523	0.01200	0.00523	0.00166	0.00266	0.04576	0.00408	0.00395
37	0.00611	0.00408	0.00458	0.00458	0.00458	0.00408	0.00255	0.00611	0.00611	0.00815	0.01325	0.02751	0.01528	0.85226	0.02140	0.00408	0.00408	0.00611	0.00255	0.00255
38	0.00539	0.00387	0.00516	0.00604	0.00646	0.00365	0.00428	0.00637	0.00853	0.01134	0.06727	0.66933	0.05193	0.01263	0.00539	0.00171	0.00260	0.12059	0.00394	0.00351
39	0.01040	0.00999	0.01706	0.02580	0.82604	0.00999	0.01290	0.01290	0.00957	0.01373	0.00791	0.01040	0.00666	0.00375	0.00416	0.00125	0.00499	0.00375	0.00208	0.00666
40	0.88196	0.00813	0.00618	0.00553	0.00813	0.00943	0.00455	0.01236	0.00715	0.01886	0.00585	0.00683	0.00455	0.00390	0.00260	0.00130	0.00325	0.00228	0.00260	0.00455
41	0.01638	0.01113	0.01222	0.00937	0.01272	0.01208	0.00774	0.70171	0.01869	0.13833	0.01100	0.01068	0.00760	0.00507	0.00421	0.00127	0.00448	0.00385	0.00434	0.00715
42	0.83473	0.00878	0.00649	0.00582	0.00839	0.05446	0.00475	0.01260	0.00741	0.01839	0.00589	0.00687	0.00460	0.00393	0.00267	0.00129	0.00349	0.00230	0.00258	0.00457
43	0.01525	0.01090	0.01160	0.00894	0.01226	0.04958	0.00731	0.54378	0.03072	0.13136	0.01055	0.01045	0.00748	0.00478	0.00404	0.00117	0.00439	0.00363	0.00401	0.12779
44	0.00784	0.00392	0.00392	0.00392	0.00490	0.00392	0.00294	0.00980	0.00882	0.01567	0.01371	0.01567	0.01077	0.00490	0.00294	0.00098	0.00196	0.00392	0.87560	0.00392
45	0.00872	0.00747	0.00872	0.00623	0.00996	0.00560	0.00498	0.01058	0.00872	0.01370	0.00747	0.00872	0.00623	0.00311	0.00311	0.00062	0.00311	0.00249	0.00249	0.87796
46	0.00920	0.14718	0.55925	0.01341	0.12925	0.01088	0.04813	0.01315	0.00897	0.01285	0.00738	0.00887	0.00557	0.00388	0.00386	0.00126	0.00582	0.00314	0.00184	0.00613
47	0.00784	0.00392	0.00392	0.00392	0.00490	0.00392	0.00294	0.00980	0.00882	0.01567	0.01371	0.01567	0.01077	0.00490	0.00294	0.00098	0.00196	0.00392	0.87560	0.00392
48	0.07335	0.03029	0.01204	0.11920	0.14818	0.20086	0.06461	0.03490	0.00966	0.01238	0.01084	0.15948	0.01074	0.01735	0.00488	0.00141	0.03675	0.04558	0.00258	0.00490
49	0.00588	0.00455	0.00508	0.00487	0.00623	0.00405	0.00368	0.00773	0.04448	0.03407	0.30720	0.03567	0.50218	0.00960	0.00492	0.00138	0.00217	0.00815	0.00420	0.00391
50	0.00915	0.00716	0.00850	0.00627	0.00971	0.00548	0.00498	0.01094	0.00896	0.07048	0.02333	0.06145	0.00843	0.00398	0.00336	0.00075	0.00308	0.00329	0.00280	0.74789
51	0.00512	0.00366	0.00488	0.00585	0.00610	0.00341	0.00390	0.00585	0.00805	0.01073	0.02317	0.84952	0.02780	0.01317	0.00537	0.00171	0.00244	0.01195	0.00390	0.00341
52	0.00812	0.00766	0.01294	0.78093	0.08874	0.00939	0.01177	0.01090	0.00849	0.01097	0.00750	0.01115	0.00568	0.00417	0.00420	0.00139	0.00556	0.00374	0.00188	0.00482
53	0.00801	0.00755	0.01274	0.81758	0.05295	0.00936	0.01171	0.01081	0.00844	0.01083	0.00748	0.01118	0.00564	0.00419	0.00420	0.00140	0.00559	0.00374	0.00187	0.00473
54	0.05839	0.01459	0.01098	0.00950	0.01198	0.41771	0.00737	0.18142	0.10952	0.07824	0.05251	0.01081	0.00881	0.00491	0.00397	0.00120	0.00564	0.00353	0.00323	0.00567
55	0.13583	0.01838	0.01112	0.01009	0.01232	0.72085	0.00763	0.01617	0.01125	0.01148	0.00641	0.00748	0.00530	0.00427	0.00363	0.00111	0.00698	0.00265	0.00223	0.00483
56	0.00611	0.00411	0.00474	0.00474	0.00479	0.00416	0.00274	0.00621	0.00616	0.00827	0.01310	0.02672	0.01494	0.79331	0.07988	0.00427	0.00459	0.00600	0.00253	0.00263
57	0.00828	0.00782	0.01323	0.72895	0.13949	0.00943	0.01184	0.01104	0.00857	0.01116	0.00753	0.01110	0.00575	0.00414	0.00420	0.00138	0.00552	0.00374	0.00190	0.00495
58	0.00629	0.00430	0.00555	0.00541	0.00639	0.00393	0.00399	0.00794	0.01100	0.05131	0.57379	0.18365	0.10164	0.00947	0.00500	0.00140	0.00215	0.00837	0.00446	0.00397
59	0.00993	0.01132	0.02467	0.01786	0.03646	0.01062	0.79640	0.01346	0.00992	0.01347	0.00849	0.01132	0.00638	0.00355	0.00495	0.00141	0.00705	0.00494	0.00213	0.00569
60	0.00597	0.00489	0.00784	0.00765	0.00859	0.00459	0.11610	0.00725	0.00857	0.01135	0.02189	0.60342	0.05977	0.01154	0.00534	0.00168	0.00324	0.10288	0.00365	0.00379
61	0.00611	0.00409	0.00468	0.00468	0.00471	0.00413	0.00267	0.00617	0.00614	0.00822	0.01316	0.02703	0.01507	0.81622	0.05715	0.00419	0.00439	0.00604	0.00253	0.00260

[dist]
# distance from previous block
# <min> <max>
0	1

[block]
# block no. 1 follows, 63 sequences, length 144
# corresponding to MSA columns:
# 118-150,152-175,187-262,265-275
name=unknown_B
#
# <colnr> <probs for GDERKNQSTAVLIFYWHMCP>
#	G	D	E	R	K	N	Q	S	T	A	V	L	I	F	Y	W	H	M	C	P
0	0.01124	0.85479	0.02203	0.00719	0.01079	0.01663	0.00719	0.01259	0.00854	0.00989	0.00584	0.00674	0.00539	0.00360	0.00270	0.00090	0.00450	0.00225	0.00180	0.00539
1	0.01322	0.00867	0.01009	0.00761	0.01100	0.00807	0.00619	0.27230	0.01302	0.20031	0.01088	0.03831	0.00818	0.00454	0.00379	0.00102	0.00368	0.00361	0.00370	0.37181
2	0.02095	0.00747	0.00878	0.02488	0.01042	0.07292	0.03478	0.09439	0.07046	0.05883	0.06926	0.04948	0.01916	0.00888	0.00511	0.00164	0.00418	0.42984	0.00380	0.00476
3	0.00584	0.00429	0.00547	0.00518	0.00622	0.00392	0.00388	0.00773	0.01165	0.01627	0.73990	0.03237	0.12395	0.00881	0.00496	0.00133	0.00200	0.00774	0.00455	0.00392
4	0.00872	0.10703	0.74771	0.01149	0.01744	0.01047	0.01468	0.01324	0.00884	0.01296	0.00737	0.00866	0.00533	0.00395	0.00386	0.00129	0.00604	0.00302	0.00178	0.00613
5	0.01014	0.00965	0.01638	0.02459	0.77742	0.00963	0.01237	0.01261	0.00971	0.01392	0.05629	0.01165	0.00862	0.00403	0.00421	0.00125	0.00482	0.00397	0.00223	0.00650
6	0.00853	0.05211	0.80102	0.01181	0.01792	0.01001	0.01523	0.01329	0.00886	0.01319	0.00748	0.00880	0.00533	0.00398	0.00395	0.00132	0.00615	0.00308	0.00178	0.00618
7	0.00582	0.00427	0.00546	0.00523	0.00624	0.00391	0.00392	0.00766	0.01146	0.01596	0.69690	0.06625	0.12268	0.00904	0.00499	0.00136	0.00204	0.01840	0.00451	0.00390
8	0.01168	0.64483	0.06859	0.00847	0.01204	0.13781	0.04244	0.01329	0.00912	0.01031	0.00616	0.00719	0.00544	0.00373	0.00303	0.00097	0.00517	0.00248	0.00187	0.00538
9	0.00533	0.00454	0.00461	0.00455	0.00601	0.00397	0.00342	0.00706	0.05763	0.01191	0.06700	0.03869	0.75017	0.01029	0.00493	0.00142	0.00220	0.00859	0.00395	0.00375
10	0.00794	0.00747	0.01261	0.84216	0.02895	0.00934	0.01167	0.01074	0.00841	0.01074	0.00747	0.01121	0.00560	0.00420	0.00420	0.00140	0.00560	0.00374	0.00187	0.00467
11	0.01007	0.00965	0.01646	0.13556	0.71887	0.00990	0.01274	0.01261	0.00942	0.01333	0.00785	0.01051	0.00652	0.00381	0.00417	0.00127	0.00508	0.00374	0.00205	0.00639
12	0.00833	0.00788	0.01332	0.71133	0.15669	0.00944	0.01187	0.01109	0.00859	0.01122	0.00754	0.01108	0.00577	0.00413	0.00420	0.00138	0.00551	0.00374	0.00190	0.00499
13	0.00540	0.00428	0.00485	0.00471	0.00594	0.00373	0.00353	0.00686	0.01059	0.01376	0.38357	0.03650	0.48185	0.00975	0.00496	0.00138	0.00207	0.00832	0.00422	0.00373
14	0.00512	0.00366	0.00488	0.00585	0.00610	0.00341	0.00390	0.00585	0.00805	0.01073	0.02317	0.84952	0.02780	0.01317	0.00537	0.00171	0.00244	0.01195	0.00390	0.00341
15	0.00847	0.00812	0.01408	0.65590	0.16266	0.00953	0.05927	0.01127	0.00869	0.01141	0.00761	0.01108	0.00583	0.00409	0.00424	0.00138	0.00559	0.00381	0.00192	0.00506
16	0.01124	0.85479	0.02203	0.00719	0.01079	0.01663	0.00719	0.01259	0.00854	0.00989	0.00584	0.00674	0.00539	0.00360	0.00270	0.00090	0.00450	0.00225	0.00180	0.00539
17	0.00608	0.00421	0.00527	0.00527	0.00551	0.00445	0.00341	0.00656	0.00632	0.00866	0.01262	0.02402	0.01377	0.59168	0.27990	0.00493	0.00636	0.00560	0.00245	0.00293
18	0.01559	0.01980	0.01186	0.01078	0.01295	0.81813	0.00809	0.01690	0.02878	0.01044	0.00672	0.00775	0.00557	0.00436	0.00380	0.00109	0.00749	0.00275	0.00221	0.00491
19	0.01040	0.00999	0.01706	0.02580	0.82604	0.00999	0.01290	0.01290	0.00957	0.01373	0.00791	0.01040	0.00666	0.00375	0.00416	0.00125	0.00499	0.00375	0.00208	0.00666
20	0.01007	0.00959	0.01601	0.13564	0.66945	0.00993	0.01236	0.01317	0.05738	0.01356	0.00839	0.01083	0.00688	0.00392	0.00417	0.00128	0.00498	0.00380	0.00218	0.00639
21	0.00843	0.02174	0.83048	0.01198	0.01819	0.00976	0.01553	0.01331	0.00888	0.01331	0.00754	0.00888	0.00533	0.00399	0.00399	0.00133	0.00621	0.00311	0.00178	0.00621
22	0.00912	0.22519	0.63304	0.01081	0.01639	0.01144	0.01350	0.01314	0.00879	0.01248	0.00713	0.00835	0.00534	0.00390	0.00368	0.00123	0.00579	0.00290	0.00178	0.00601
23	0.01124	0.85479	0.02203	0.00719	0.01079	0.01663	0.00719	0.01259	0.00854	0.00989	0.00584	0.00674	0.00539	0.00360	0.00270	0.00090	0.00450	0.00225	0.00180	0.00539
24	0.00611	0.00408	0.00458	0.00458	0.00458	0.00408	0.00255	0.00611	0.00611	0.00815	0.01325	0.02751	0.01528	0.85226	0.02140	0.00408	0.00408	0.00611	0.00255	0.00255
25	0.03983	0.02249	0.07107	0.00889	0.01222	0.13985	0.03404	0.12412	0.02173	0.43296	0.01242	0.01169	0.00832	0.00477	0.00406	0.00124	0.00465	0.00373	0.00401	0.03791
26	0.01278	0.01063	0.01078	0.00909	0.01182	0.05559	0.00723	0.31414	0.47982	0.02049	0.01395	0.01318	0.01033	0.00539	0.00422	0.00135	0.00404	0.00429	0.00414	0.00674
27	0.00554	0.00423	0.00607	0.00646	0.00707	0.00389	0.04461	0.00649	0.00825	0.01112	0.03739	0.75383	0.02599	0.01215	0.00524	0.00164	0.00269	0.01109	0.00376	0.04249
28	0.02894	0.11143	0.14115	0.43249	0.03137	0.03946	0.06341	0.01225	0.00890	0.05848	0.00821	0.03131	0.00640	0.00433	0.00402	0.00132	0.00548	0.00371	0.00213	0.00520
29	0.00911	0.18032	0.66549	0.01101	0.01668	0.01102	0.01382	0.01327	0.00885	0.02350	0.00734	0.00854	0.00541	0.00393	0.00375	0.00125	0.00585	0.00296	0.00183	0.00607
30	0.00602	0.00446	0.00652	0.00652	0.00719	0.00513	0.00496	0.00736	0.00669	0.00959	0.01147	0.01770	0.01102	0.11968	0.74815	0.00647	0.01049	0.00468	0.00228	0.00362
31	0.01548	0.06210	0.01242	0.01065	0.01288	0.79413	0.00808	0.01657	0.01174	0.01027	0.00646	0.00754	0.00541	0.00429	0.00374	0.00107	0.00743	0.00268	0.00215	0.00490
32	0.01175	0.74257	0.03739	0.00764	0.01115	0.09243	0.00743	0.01316	0.00893	0.02693	0.00616	0.00702	0.00550	0.00371	0.00286	0.00093	0.00480	0.00235	0.00190	0.00540
33	0.00601	0.00450	0.00676	0.00676	0.00751	0.00525	0.00525	0.00751	0.00676	0.00976	0.01126	0.01651	0.01051	0.03153	0.83560	0.00676	0.01126	0.00450	0.00225	0.00375
34	0.00512	0.00367	0.00487	0.00583	0.00609	0.00342	0.00389	0.00586	0.00807	0.01074	0.02343	0.83864	0.03851	0.01314	0.00536	0.00170	0.00243	0.01191	0.00390	0.00342
35	0.00823	0.02071	0.78148	0.01152	0.01745	0.00939	0.01480	0.01288	0.00892	0.01320	0.00962	0.01075	0.05390	0.00439	0.00405	0.00134	0.00597	0.00345	0.00190	0.00605
36	0.00883	0.10745	0.65793	0.01137	0.01690	0.01024	0.04383	0.01320	0.02118	0.02259	0.00831	0.02850	0.00644	0.00434	0.00397	0.00131	0.00586	0.01979	0.00196	0.00601
37	0.00535	0.00427	0.00479	0.00466	0.00591	0.00371	0.00350	0.00678	0.01049	0.01352	0.34970	0.03690	0.51587	0.00984	0.00496	0.00138	0.00207	0.00837	0.00419	0.00371
38	0.00843	0.02174	0.83048	0.01198	0.01819	0.00976	0.01553	0.01331	0.00888	0.01331	0.00754	0.00888	0.00533	0.00399	0.00399	0.00133	0.00621	0.00311	0.00178	0.00621
39	0.01075	0.11982	0.08638	0.00877	0.01155	0.08672	0.00760	0.04324	0.47696	0.01557	0.04075	0.01411	0.01136	0.00536	0.00414	0.00132	0.01310	0.02053	0.01589	0.00609
40	0.00499	0.00422	0.00432	0.00437	0.00571	0.00355	0.00325	0.00605	0.00953	0.01140	0.05320	0.08774	0.76584	0.01076	0.00499	0.00143	0.00215	0.00903	0.00391	0.00355
41	0.00515	0.00427	0.00450	0.00444	0.00579	0.00362	0.00333	0.00638	0.01000	0.01235	0.18358	0.03882	0.68272	0.01028	0.00497	0.00140	0.00210	0.00864	0.00403	0.00362
42	0.00608	0.00443	0.00611	0.00609	0.00657	0.00496	0.00440	0.00706	0.00655	0.00924	0.01199	0.03125	0.01226	0.30616	0.53734	0.00571	0.02296	0.00513	0.00237	0.00336
43	0.01570	0.02004	0.01191	0.01083	0.01300	0.83539	0.00812	0.01679	0.01191	0.01029	0.00650	0.00758	0.00541	0.00433	0.00379	0.00108	0.00758	0.00271	0.00217	0.00487
44	0.00512	0.00366	0.00488	0.00585	0.00610	0.00341	0.00390	0.00585	0.00805	0.01073	0.02317	0.84952	0.02780	0.01317	0.00537	0.00171	0.00244	0.01195	0.00390	0.00341
45	0.01130	0.00679	0.00778	0.00670	0.00876	0.00703	0.00528	0.09919	0.21821	0.18593	0.16322	0.01769	0.01614	0.00586	0.00405	0.00125	0.00293	0.00486	0.22140	0.00564
46	0.01512	0.01908	0.01197	0.06014	0.01390	0.77031	0.00835	0.01630	0.01160	0.01031	0.00654	0.00783	0.00543	0.00438	0.00401	0.00112	0.02383	0.00279	0.00214	0.00486
47	0.07766	0.12067	0.01276	0.00997	0.01238	0.64870	0.00775	0.04234	0.01142	0.01140	0.00649	0.00751	0.00541	0.00423	0.00359	0.00108	0.00679	0.00266	0.00222	0.00499
48	0.00500	0.00425	0.00431	0.00432	0.00570	0.00356	0.00323	0.00608	0.00962	0.01150	0.06397	0.05669	0.78623	0.01064	0.00498	0.00142	0.00213	0.00890	0.00392	0.00356
49	0.01152	0.72369	0.06750	0.00783	0.01144	0.09785	0.00777	0.01305	0.00890	0.01013	0.00601	0.00695	0.00539	0.00369	0.00288	0.00094	0.00490	0.00234	0.00183	0.00539
50	0.00620	0.00492	0.00601	0.00557	0.00690	0.00464	0.02090	0.00895	0.09350	0.01521	0.48928	0.03210	0.27237	0.00881	0.00489	0.00136	0.00227	0.00764	0.00432	0.00415
51	0.00626	0.00499	0.03262	0.00542	0.00677	0.00414	0.00428	0.00785	0.01861	0.05403	0.26932	0.14445	0.35229	0.02424	0.00526	0.00149	0.00247	0.04745	0.00409	0.00396
52	0.09830	0.01928	0.55215	0.01089	0.01582	0.15919	0.01256	0.01430	0.03065	0.03853	0.00771	0.00878	0.00562	0.00413	0.00383	0.00128	0.00600	0.00303	0.00210	0.00584
53	0.01032	0.00888	0.00939	0.00848	0.01081	0.01025	0.00660	0.02187	0.79137	0.01750	0.03323	0.01643	0.01352	0.00584	0.00431	0.00143	0.00331	0.01562	0.00428	0.00656
54	0.01494	0.01873	0.01292	0.01209	0.06164	0.72407	0.05103	0.01623	0.01154	0.01066	0.00667	0.00798	0.00554	0.00432	0.00410	0.00113	0.02632	0.00291	0.00215	0.00502
55	0.00998	0.01041	0.06492	0.12261	0.66672	0.00991	0.02871	0.01268	0.00940	0.01334	0.00785	0.01043	0.00645	0.00381	0.00417	0.00128	0.00518	0.00373	0.00204	0.00637
56	0.00915	0.00871	0.01480	0.44125	0.42040	0.00966	0.01228	0.01180	0.00898	0.01221	0.00769	0.01081	0.00612	0.00398	0.00418	0.00133	0.00530	0.00374	0.00197	0.00565
57	0.00497	0.00426	0.00426	0.00426	0.00568	0.00355	0.00319	0.00603	0.00958	0.01136	0.04259	0.04046	0.82433	0.01065	0.00497	0.00142	0.00213	0.00887	0.00390	0.00355
58	0.00889	0.15676	0.69946	0.01121	0.01699	0.01088	0.01418	0.01320	0.00882	0.01276	0.00727	0.00853	0.00534	0.00393	0.00378	0.00126	0.00593	0.00297	0.00178	0.00608
59	0.01052	0.01100	0.03860	0.01702	0.06423	0.01010	0.67431	0.01383	0.01001	0.07647	0.00936	0.02761	0.00710	0.00388	0.00485	0.00140	0.00660	0.00494	0.00239	0.00581
60	0.00609	0.00460	0.00679	0.00675	0.00744	0.00538	0.00521	0.00750	0.00671	0.00968	0.01122	0.01692	0.01064	0.07494	0.77145	0.00649	0.03165	0.00457	0.00226	0.00371
61	0.01026	0.00984	0.01681	0.07285	0.78010	0.00995	0.01283	0.01278	0.00950	0.01356	0.00788	0.01045	0.00660	0.00377	0.00416	0.00126	0.00503	0.00374	0.00207	0.00654
62	0.00958	0.00915	0.01558	0.29731	0.56094	0.00977	0.01249	0.01218	0.00918	0.01274	0.00776	0.01067	0.00631	0.00390	0.00418	0.00130	0.00520	0.00374	0.00201	0.00600
63	0.01003	0.41851	0.41977	0.00963	0.01448	0.02914	0.01131	0.01312	0.00881	0.02102	0.00682	0.00790	0.00542	0.00383	0.00337	0.00112	0.00539	0.00270	0.00183	0.00581
64	0.01570	0.02004	0.01191	0.01083	0.01300	0.83539	0.00812	0.01679	0.01191	0.01029	0.00650	0.00758	0.00541	0.00433	0.00379	0.00108	0.00758	0.00271	0.00217	0.00487
65	0.00924	0.00880	0.01496	0.41202	0.44894	0.00968	0.01232	0.01188	0.00902	0.01232	0.00770	0.01078	0.00616	0.00396	0.00418	0.00132	0.00528	0.00374	0.00198	0.00572
66	0.00922	0.25633	0.60282	0.01063	0.01611	0.01170	0.01318	0.01311	0.00878	0.01235	0.00707	0.00827	0.00534	0.00388	0.00363	0.00121	0.00573	0.00286	0.00178	0.00598
67	0.00753	0.00714	0.01270	0.01005	0.01226	0.00673	0.30603	0.02354	0.03706	0.01335	0.16507	0.12027	0.15705	0.06805	0.00618	0.00164	0.00428	0.03329	0.00329	0.00451
68	0.00497	0.00426	0.00426	0.00426	0.00568	0.00355	0.00319	0.00603	0.00958	0.01136	0.04259	0.04046	0.82433	0.01065	0.00497	0.00142	0.00213	0.00887	0.00390	0.00355
69	0.00800	0.00634	0.00929	0.00844	0.00998	0.03002	0.12973	0.01872	0.06390	0.06814	0.04526	0.29777	0.06488	0.03750	0.00569	0.00169	0.00381	0.18277	0.00367	0.00442
70	0.00975	0.00932	0.01588	0.24299	0.61398	0.00982	0.01257	0.01233	0.00926	0.01294	0.00779	0.01062	0.00638	0.00387	0.00417	0.00129	0.00516	0.00374	0.00202	0.00613
71	0.02779	0.01796	0.01200	0.01049	0.01294	0.63402	0.00804	0.20037	0.01366	0.01415	0.00732	0.00815	0.00580	0.00449	0.00387	0.00113	0.00684	0.00295	0.00264	0.00539
72	0.01013	0.00971	0.01657	0.11621	0.73776	0.00992	0.01277	0.01266	0.00944	0.01340	0.00786	0.01049	0.00654	0.00380	0.00417	0.00127	0.00506	0.00374	0.00206	0.00644
73	0.06002	0.00880	0.00986	0.00845	0.01081	0.05423	0.03959	0.19093	0.17996	0.12511	0.04878	0.05817	0.05484	0.00676	0.00464	0.00143	0.01849	0.10942	0.00397	0.00575
74	0.00985	0.00942	0.01606	0.20875	0.64741	0.00984	0.01263	0.01242	0.00931	0.01306	0.00781	0.01058	0.00642	0.00385	0.00417	0.00128	0.00513	0.00374	0.00203	0.00621
75	0.00631	0.00462	0.00554	0.00578	0.00683	0.00432	0.00435	0.05454	0.00976	0.02954	0.07101	0.32627	0.30664	0.01120	0.00536	0.01672	0.00268	0.12075	0.00395	0.00383
76	0.70994	0.00866	0.00766	0.00726	0.05727	0.00983	0.00549	0.10831	0.00890	0.03507	0.00669	0.00758	0.00510	0.00406	0.00292	0.00129	0.00353	0.00258	0.00281	0.00504
77	0.00831	0.00788	0.01339	0.71675	0.14072	0.00945	0.02236	0.01108	0.00859	0.01120	0.00755	0.01110	0.00576	0.00413	0.00421	0.00138	0.00554	0.00375	0.00190	0.00496
78	0.04583	0.17120	0.37380	0.01162	0.09586	0.03155	0.01143	0.13729	0.03789	0.01505	0.00793	0.00902	0.00604	0.00417	0.00386	0.00123	0.01522	0.00315	0.01173	0.00612
79	0.00873	0.02133	0.80712	0.01185	0.01798	0.00966	0.01527	0.01352	0.00897	0.03653	0.00780	0.00903	0.00547	0.00403	0.00400	0.00133	0.00614	0.00314	0.00187	0.00624
80	0.00768	0.00596	0.00791	0.00734	0.00855	0.03733	0.05287	0.05916	0.00900	0.04686	0.05511	0.15987	0.07349	0.06725	0.30899	0.00357	0.01951	0.05208	0.01330	0.00416
81	0.00962	0.01994	0.72575	0.01157	0.01742	0.00937	0.02699	0.01412	0.00925	0.10480	0.00857	0.00952	0.00591	0.00412	0.00404	0.00133	0.00593	0.00326	0.00217	0.00631
82	0.00512	0.00366	0.00488	0.00585	0.00610	0.00341	0.00390	0.00585	0.00805	0.01073	0.02317	0.84952	0.02780	0.01317	0.00537	0.00171	0.00244	0.01195	0.00390	0.00341
83	0.00906	0.12642	0.68387	0.01148	0.01723	0.01059	0.04114	0.01338	0.00893	0.02995	0.00755	0.00880	0.00548	0.00395	0.00387	0.00128	0.00597	0.00308	0.00186	0.00611
84	0.00867	0.03467	0.72078	0.01199	0.03443	0.00959	0.04171	0.01319	0.00906	0.03037	0.02534	0.01018	0.02298	0.00422	0.00405	0.00133	0.00596	0.00340	0.00197	0.00611
85	0.00565	0.00412	0.00542	0.00623	0.00688	0.00390	0.00472	0.00684	0.00887	0.01158	0.04992	0.47151	0.12530	0.01223	0.00544	0.00173	0.00284	0.25931	0.00391	0.00359
86	0.00507	0.00386	0.00467	0.00533	0.00596	0.00346	0.00367	0.00591	0.00855	0.01094	0.02956	0.58323	0.28996	0.01234	0.00523	0.00161	0.00234	0.01094	0.00390	0.00346
87	0.00840	0.02145	0.81610	0.01191	0.01803	0.00968	0.01538	0.01323	0.00889	0.01330	0.00780	0.00955	0.00565	0.00413	0.00403	0.00134	0.00617	0.01698	0.00181	0.00617
88	0.00655	0.00856	0.18459	0.00853	0.03335	0.00574	0.07070	0.00870	0.01822	0.01206	0.06855	0.38041	0.09946	0.04301	0.00558	0.00164	0.00375	0.03300	0.00325	0.00435
89	0.00846	0.02157	0.81734	0.01208	0.01826	0.00978	0.02851	0.01332	0.00889	0.01332	0.00756	0.00892	0.00534	0.00399	0.00401	0.00133	0.00623	0.00314	0.00178	0.00620
90	0.01017	0.00951	0.01617	0.16050	0.67708	0.00980	0.01256	0.01270	0.00943	0.03030	0.00802	0.01062	0.00656	0.00385	0.00417	0.00127	0.00507	0.00375	0.00211	0.00634
91	0.00956	0.01103	0.15352	0.01288	0.01634	0.00882	0.36987	0.01268	0.02041	0.08361	0.03833	0.05850	0.02775	0.00578	0.00538	0.00149	0.05567	0.10022	0.00276	0.00541
92	0.00890	0.00940	0.05650	0.04222	0.14022	0.02087	0.27541	0.03779	0.00973	0.01315	0.02512	0.04941	0.06853	0.00665	0.01609	0.00158	0.06500	0.14557	0.00268	0.00518
93	0.02149	0.12259	0.47272	0.01109	0.03330	0.02730	0.06082	0.03015	0.09209	0.04701	0.00894	0.01030	0.00676	0.03231	0.00449	0.00137	0.00551	0.00343	0.00230	0.00602
94	0.00865	0.05474	0.60476	0.01232	0.01768	0.00993	0.14202	0.01290	0.00906	0.01319	0.03501	0.02830	0.00713	0.00432	0.00435	0.00134	0.02266	0.00372	0.00197	0.00592
95	0.00939	0.01082	0.25592	0.00886	0.01193	0.00714	0.04315	0.06399	0.01006	0.13265	0.05152	0.13867	0.07092	0.00862	0.05405	0.00177	0.02137	0.07750	0.01640	0.00527
96	0.00831	0.00785	0.01328	0.71858	0.14961	0.00944	0.01186	0.01107	0.00858	0.01119	0.00754	0.01109	0.00576	0.00413	0.00420	0.00138	0.00551	0.00374	0.00190	0.00497
97	0.00910	0.00870	0.01484	0.41593	0.41015	0.00956	0.02955	0.01174	0.00902	0.01225	0.00842	0.01142	0.02289	0.00410	0.00422	0.00133	0.00527	0.00387	0.00202	0.00562
98	0.00988	0.05927	0.01463	0.05358	0.21952	0.07210	0.18053	0.02750	0.00979	0.05961	0.02567	0.14071	0.05356	0.02287	0.00486	0.00142	0.00492	0.03148	0.00277	0.00531
99	0.03644	0.05380	0.69815	0.01159	0.01728	0.00996	0.04491	0.02892	0.00912	0.01366	0.01957	0.00984	0.00621	0.00418	0.00398	0.00133	0.00595	0.01712	0.00194	0.00605
100	0.00541	0.00411	0.00500	0.00546	0.00620	0.00379	0.00385	0.00679	0.03587	0.01196	0.13783	0.47306	0.23681	0.02305	0.00540	0.00161	0.00237	0.02381	0.00400	0.00363
101	0.02558	0.00761	0.08189	0.00853	0.05975	0.00615	0.03732	0.04458	0.02029	0.25730	0.13761	0.19536	0.08497	0.00757	0.00461	0.00140	0.00347	0.00661	0.00402	0.00537
102	0.00957	0.05342	0.06049	0.20270	0.29762	0.04785	0.05377	0.01221	0.02603	0.03361	0.01046	0.04234	0.01775	0.00527	0.00454	0.00138	0.02229	0.09080	0.00240	0.00551
103	0.00767	0.06307	0.36880	0.00983	0.01341	0.00805	0.08327	0.01097	0.03570	0.01253	0.03525	0.23335	0.04961	0.00711	0.00462	0.00145	0.01452	0.03300	0.00269	0.00512
104	0.00854	0.03856	0.78391	0.01210	0.01818	0.00994	0.04485	0.01330	0.00891	0.01325	0.00754	0.00892	0.00537	0.00397	0.00400	0.00133	0.00621	0.00316	0.00179	0.00618
105	0.00973	0.01911	0.05348	0.02014	0.04260	0.02938	0.11732	0.02871	0.07063	0.14543	0.12295	0.13382	0.06564	0.00755	0.00479	0.00147	0.00400	0.11440	0.00371	0.00514
106	0.00851	0.03898	0.75039	0.01172	0.01754	0.02162	0.03121	0.01309	0.00898	0.01322	0.02468	0.02654	0.00652	0.00426	0.00403	0.00133	0.00605	0.00339	0.00189	0.00606
107	0.01291	0.01023	0.10289	0.00975	0.01282	0.05488	0.12309	0.08316	0.05610	0.29027	0.05401	0.05924	0.04587	0.00581	0.00494	0.00138	0.04893	0.01400	0.00373	0.00600
108	0.01008	0.00975	0.01691	0.12569	0.68754	0.00994	0.05301	0.01266	0.00945	0.01335	0.00788	0.01055	0.00652	0.00379	0.00421	0.00128	0.00517	0.00381	0.00206	0.00636
109	0.00986	0.00954	0.02974	0.12649	0.61804	0.00965	0.01209	0.01297	0.05739	0.01351	0.00918	0.01283	0.00783	0.00436	0.00426	0.00132	0.00493	0.04749	0.00228	0.00625
110	0.01003	0.00977	0.01724	0.10751	0.64091	0.00989	0.09946	0.01266	0.00949	0.01338	0.00822	0.01134	0.00688	0.00393	0.00429	0.00130	0.00526	0.02006	0.00210	0.00629
111	0.01032	0.00990	0.01690	0.05510	0.79743	0.00996	0.01286	0.01282	0.00953	0.01363	0.00789	0.01043	0.00662	0.00376	0.00416	0.00125	0.00502	0.00375	0.00207	0.00659
112	0.00757	0.00486	0.00562	0.00539	0.00693	0.00431	0.00412	0.00920	0.04314	0.14266	0.06704	0.15470	0.47254	0.00990	0.00492	0.00146	0.00253	0.04470	0.00416	0.00427
113	0.00803	0.00758	0.01288	0.61663	0.09980	0.00894	0.05378	0.01061	0.00858	0.01120	0.00957	0.06911	0.02434	0.00506	0.00456	0.00143	0.02263	0.01838	0.00212	0.00478
114	0.01083	0.14733	0.41548	0.02733	0.01531	0.06295	0.05420	0.02986	0.00989	0.12404	0.05695	0.01074	0.00817	0.00439	0.00393	0.00125	0.00543	0.00349	0.00251	0.00595
115	0.01045	0.06009	0.01736	0.02470	0.77769	0.01038	0.01256	0.01288	0.00951	0.01351	0.00778	0.01019	0.00658	0.00374	0.00407	0.00123	0.00496	0.00366	0.00206	0.00658
116	0.00916	0.02032	0.72359	0.01206	0.01794	0.00993	0.05694	0.06083	0.00964	0.02981	0.00792	0.00918	0.00559	0.00406	0.00406	0.00133	0.00611	0.00327	0.00200	0.00626
117	0.01745	0.05749	0.05944	0.00848	0.04473	0.00716	0.00707	0.01929	0.01154	0.69934	0.01507	0.01338	0.00966	0.00498	0.00412	0.00128	0.00385	0.00403	0.00467	0.00698
118	0.00512	0.00366	0.00488	0.00585	0.00610	0.00341	0.00390	0.00585	0.00805	0.01073	0.02317	0.84952	0.02780	0.01317	0.00537	0.00171	0.00244	0.01195	0.00390	0.00341
119	0.00497	0.00426	0.00426	0.00426	0.00568	0.00355	0.00319	0.00603	0.00958	0.01136	0.04259	0.04046	0.82433	0.01065	0.00497	0.00142	0.00213	0.00887	0.00390	0.00355
120	0.01109	0.81076	0.06476	0.00745	0.01118	0.01627	0.00763	0.01263	0.00856	0.01007	0.00593	0.00686	0.00539	0.00362	0.00277	0.00092	0.00459	0.00229	0.00180	0.00544
121	0.00920	0.02072	0.74675	0.01175	0.01767	0.01010	0.01476	0.09509	0.00999	0.01466	0.00780	0.00900	0.00551	0.00410	0.00402	0.00132	0.00605	0.00318	0.00202	0.00631
122	0.00512	0.00366	0.00488	0.00585	0.00610	0.00341	0.00390	0.00585	0.00805	0.01073	0.02317	0.84952	0.02780	0.01317	0.00537	0.00171	0.00244	0.01195	0.00390	0.00341
123	0.00806	0.00555	0.00735	0.00785	0.00915	0.00567	0.00675	0.02631	0.09513	0.06179	0.02115	0.04140	0.02185	0.01048	0.00552	0.00183	0.00381	0.65193	0.00400	0.00442
124	0.00662	0.00475	0.02371	0.05456	0.00663	0.00461	0.00362	0.00710	0.00660	0.02588	0.01276	0.02469	0.01391	0.68049	0.06176	0.00379	0.00448	0.00567	0.04537	0.00298
125	0.01621	0.01141	0.01239	0.00950	0.01286	0.01250	0.00785	0.74992	0.01916	0.08945	0.01060	0.01042	0.00740	0.00506	0.00421	0.00126	0.00454	0.00382	0.00428	0.00715
126	0.11315	0.13462	0.23539	0.00961	0.01301	0.16283	0.00947	0.09150	0.05429	0.01400	0.00766	0.00894	0.00609	0.00567	0.04035	0.00150	0.08096	0.00308	0.00235	0.00552
127	0.29832	0.01094	0.14210	0.01022	0.10690	0.00955	0.02038	0.10846	0.08709	0.15300	0.00976	0.01011	0.00702	0.00441	0.00366	0.00131	0.00421	0.00336	0.00318	0.00602
128	0.01339	0.45347	0.01718	0.00892	0.01185	0.39737	0.00764	0.02694	0.01028	0.01033	0.00621	0.00718	0.00543	0.00396	0.00323	0.00099	0.00593	0.00249	0.00201	0.00518
129	0.01886	0.00715	0.00976	0.00748	0.01073	0.00618	0.00618	0.02049	0.01203	0.82895	0.01658	0.01431	0.01041	0.00520	0.00423	0.00130	0.00358	0.00423	0.00520	0.00715
130	0.01165	0.00991	0.01590	0.08670	0.51128	0.02093	0.07116	0.09735	0.02642	0.09388	0.00915	0.01095	0.00707	0.00409	0.00423	0.00128	0.00503	0.00389	0.00264	0.00650
131	0.01418	0.19008	0.05832	0.01040	0.03529	0.31386	0.05070	0.16682	0.01231	0.08605	0.00812	0.00885	0.00626	0.00436	0.00391	0.00114	0.01774	0.00313	0.00272	0.00577
132	0.00497	0.00426	0.00426	0.00426	0.00568	0.00355	0.00319	0.00603	0.00958	0.01136	0.04259	0.04046	0.82433	0.01065	0.00497	0.00142	0.00213	0.00887	0.00390	0.00355
133	0.00571	0.00416	0.00538	0.00535	0.00620	0.00382	0.00391	0.00737	0.01093	0.01520	0.60359	0.20829	0.08498	0.00971	0.00505	0.00141	0.00209	0.00862	0.00443	0.00382
134	0.01118	0.13045	0.27960	0.01327	0.12375	0.19804	0.09381	0.03482	0.05279	0.01280	0.00780	0.00914	0.00609	0.00405	0.00392	0.00122	0.00603	0.00328	0.00214	0.00585
135	0.01113	0.01173	0.11912	0.01020	0.04760	0.05556	0.02516	0.11532	0.51968	0.01744	0.01385	0.01335	0.01035	0.00519	0.00421	0.00137	0.00425	0.00427	0.00368	0.00654
136	0.00615	0.00420	0.00494	0.00491	0.00500	0.00433	0.00294	0.00632	0.00619	0.00835	0.01292	0.02605	0.01462	0.75083	0.10967	0.00433	0.01712	0.00590	0.00250	0.00271
137	0.01614	0.00798	0.01133	0.00947	0.05647	0.02167	0.07771	0.01905	0.09558	0.57938	0.04889	0.01457	0.01123	0.00515	0.00432	0.00132	0.00394	0.00443	0.00459	0.00677
138	0.01144	0.01319	0.17642	0.01265	0.01643	0.03845	0.27024	0.22085	0.05973	0.03347	0.03193	0.01112	0.00767	0.00465	0.00518	0.00138	0.07211	0.00416	0.00283	0.00609
139	0.04756	0.01043	0.01296	0.07657	0.19047	0.12692	0.07972	0.11327	0.06197	0.13320	0.05703	0.02548	0.02215	0.00500	0.00425	0.00130	0.00490	0.01775	0.00318	0.00592
140	0.00956	0.00634	0.03375	0.02516	0.06692	0.00559	0.00586	0.02380	0.04897	0.20523	0.17534	0.06045	0.23487	0.00801	0.00473	0.00141	0.00310	0.07175	0.00412	0.00503
141	0.01009	0.03095	0.28427	0.01456	0.09877	0.00948	0.31888	0.01358	0.00975	0.09444	0.03674	0.03004	0.01963	0.00436	0.00445	0.00135	0.00585	0.00440	0.00245	0.00595
142	0.01273	0.01344	0.24995	0.01343	0.16765	0.06418	0.07378	0.07469	0.03206	0.22945	0.01064	0.02181	0.00763	0.00449	0.00419	0.00130	0.00521	0.00385	0.00306	0.00646
143	0.01124	0.04750	0.16155	0.01162	0.09299	0.00958	0.11774	0.18301	0.06612	0.09985	0.02227	0.07605	0.05781	0.01787	0.00460	0.00138	0.00473	0.00485	0.00322	0.00603

[dist]
# distance from previous block
# <min> <max>
3	15

[block]
# block no. 2 follows, 63 sequences, length 18
# corresponding to MSA columns:
# 291-308
name=unknown_C
#
# <colnr> <probs for GDERKNQSTAVLIFYWHMCP>
#	G	D	E	R	K	N	Q	S	T	A	V	L	I	F	Y	W	H	M	C	P
0	0.01017	0.00707	0.00859	0.00724	0.03811	0.00616	0.00545	0.08232	0.03617	0.13909	0.08923	0.09756	0.06355	0.00569	0.00396	0.00105	0.00316	0.00480	0.00353	0.38712
1	0.01006	0.00691	0.00847	0.00700	0.03454	0.00589	0.00532	0.04820	0.03943	0.14930	0.17025	0.03281	0.05022	0.00526	0.00391	0.00100	0.00305	0.00442	0.00357	0.41037
2	0.02761	0.00850	0.04469	0.00975	0.11765	0.02905	0.03365	0.05692	0.04057	0.11020	0.11676	0.01539	0.06079	0.00504	0.00398	0.00109	0.00370	0.01646	0.00325	0.29495
3	0.01018	0.00936	0.01463	0.11114	0.55347	0.03804	0.01112	0.01249	0.00948	0.04312	0.00901	0.04600	0.00782	0.00436	0.00414	0.00124	0.00480	0.01963	0.00232	0.08765
4	0.01175	0.00622	0.00855	0.00732	0.02612	0.00563	0.03744	0.03267	0.02608	0.34031	0.25485	0.06510	0.05533	0.03665	0.00516	0.00142	0.00318	0.02701	0.00443	0.04479
5	0.01198	0.02897	0.01059	0.00892	0.01151	0.07408	0.00705	0.18037	0.57865	0.01865	0.01464	0.01375	0.01096	0.00542	0.00419	0.00136	0.00394	0.00435	0.00405	0.00659
6	0.06037	0.01128	0.06654	0.01751	0.16749	0.01062	0.49289	0.01296	0.00929	0.01349	0.00789	0.01055	0.00618	0.00401	0.00550	0.00142	0.08986	0.00435	0.00210	0.00571
7	0.00611	0.00408	0.00458	0.00458	0.00458	0.00408	0.00255	0.00611	0.00611	0.00815	0.01325	0.02751	0.01528	0.85226	0.02140	0.00408	0.00408	0.00611	0.00255	0.00255
8	0.01598	0.01177	0.01262	0.00967	0.01304	0.01304	0.00799	0.81202	0.01976	0.02649	0.01009	0.01009	0.00715	0.00505	0.00421	0.00126	0.00463	0.00378	0.00421	0.00715
9	0.01159	0.00959	0.01015	0.00878	0.01136	0.01099	0.00693	0.18473	0.65421	0.01942	0.01567	0.01453	0.01166	0.00557	0.00426	0.00139	0.00359	0.00455	0.00426	0.00676
10	0.88196	0.00813	0.00618	0.00553	0.00813	0.00943	0.00455	0.01236	0.00715	0.01886	0.00585	0.00683	0.00455	0.00390	0.00260	0.00130	0.00325	0.00228	0.00260	0.00455
11	0.00519	0.00427	0.00457	0.00449	0.00581	0.00364	0.00337	0.00646	0.01011	0.01261	0.22012	0.03840	0.64602	0.01018	0.00497	0.00140	0.00210	0.00858	0.00407	0.00364
12	0.01038	0.01085	0.03952	0.05338	0.59343	0.04225	0.16195	0.01309	0.00967	0.01343	0.00794	0.01046	0.00648	0.00375	0.00429	0.00128	0.00554	0.00392	0.00208	0.00632
13	0.00597	0.00408	0.00462	0.00466	0.00481	0.00400	0.00272	0.00617	0.00671	0.00889	0.05101	0.07077	0.07475	0.71253	0.01869	0.00364	0.00376	0.00667	0.00280	0.00272
14	0.52488	0.00898	0.00824	0.00746	0.03345	0.05115	0.03324	0.07574	0.11838	0.01776	0.00964	0.01079	0.03846	0.04131	0.00405	0.00143	0.00376	0.00331	0.00295	0.00503
15	0.03605	0.01014	0.03371	0.32760	0.09618	0.09299	0.14794	0.07423	0.01005	0.04480	0.00861	0.01199	0.00682	0.00480	0.00484	0.02849	0.02012	0.03302	0.00236	0.00525
16	0.11085	0.01035	0.01685	0.03371	0.10268	0.01061	0.33874	0.17013	0.09604	0.03883	0.02361	0.01136	0.00769	0.00427	0.00435	0.00135	0.00534	0.00427	0.00293	0.00603
17	0.14917	0.00986	0.01107	0.02365	0.03697	0.05725	0.04359	0.29490	0.03777	0.14286	0.01072	0.04399	0.00841	0.02212	0.01728	0.00147	0.05342	0.01598	0.00356	0.01596

[dist]
# distance from previous block
# <min> <max>
5	11

[block]
# block no. 3 follows, 63 sequences, length 13
# corresponding to MSA columns:
# 320-332
name=unknown_D
#
# <colnr> <probs for GDERKNQSTAVLIFYWHMCP>
#	G	D	E	R	K	N	Q	S	T	A	V	L	I	F	Y	W	H	M	C	P
0	0.00937	0.24543	0.52526	0.01162	0.04752	0.01169	0.06819	0.01311	0.00888	0.01242	0.00717	0.00853	0.00547	0.00385	0.00372	0.00122	0.00576	0.00303	0.00182	0.00597
1	0.00893	0.17024	0.68637	0.01113	0.01687	0.01099	0.01405	0.01318	0.00882	0.01270	0.00724	0.00850	0.00534	0.00392	0.00376	0.00125	0.00591	0.00295	0.00178	0.00607
2	0.72270	0.00846	0.00689	0.00606	0.00869	0.03455	0.00494	0.01385	0.05744	0.09294	0.00755	0.00808	0.00562	0.00415	0.00289	0.00130	0.00342	0.00262	0.00293	0.00493
3	0.00878	0.00853	0.06560	0.00673	0.01058	0.00612	0.00579	0.01133	0.04684	0.01385	0.00793	0.00906	0.00648	0.00330	0.00323	0.00071	0.00334	0.00264	0.00253	0.77665
4	0.00688	0.00516	0.00649	0.00666	0.02289	0.00478	0.00470	0.02109	0.07462	0.03288	0.04114	0.53495	0.02179	0.01009	0.00481	0.00146	0.00277	0.03305	0.00370	0.16008
5	0.00605	0.00433	0.00590	0.00590	0.00635	0.00479	0.00419	0.00696	0.00650	0.00912	0.01204	0.02086	0.01240	0.35576	0.51396	0.00570	0.00842	0.00514	0.00237	0.00328
6	0.00939	0.00813	0.02130	0.05257	0.10093	0.03618	0.02969	0.13204	0.09307	0.02861	0.20390	0.02048	0.13072	0.00674	0.00531	0.00137	0.07618	0.01489	0.02326	0.00520
7	0.00634	0.00500	0.00740	0.00720	0.00788	0.00605	0.00567	0.00778	0.00672	0.00980	0.01066	0.01575	0.00999	0.02899	0.74943	0.00624	0.09864	0.00442	0.00221	0.00384
8	0.00964	0.01347	0.28521	0.01414	0.22865	0.03228	0.02500	0.05368	0.16955	0.01505	0.07555	0.01348	0.03589	0.00489	0.00422	0.00132	0.00483	0.00419	0.00278	0.00615
9	0.01071	0.00892	0.06449	0.04407	0.08979	0.00727	0.04498	0.05180	0.04554	0.13817	0.02784	0.01151	0.02550	0.00410	0.00376	0.00100	0.00389	0.00349	0.00301	0.41017
10	0.00747	0.00602	0.00748	0.00620	0.00856	0.00504	0.03011	0.00929	0.02925	0.03854	0.06157	0.13591	0.18753	0.00855	0.06163	0.00147	0.00346	0.00579	0.00321	0.38292
11	0.00884	0.00835	0.08491	0.11806	0.05843	0.00754	0.03563	0.07791	0.12910	0.05084	0.21078	0.06508	0.08031	0.00662	0.00464	0.01183	0.00376	0.00565	0.00353	0.02816
12	0.00775	0.00646	0.01083	0.03849	0.02982	0.00633	0.18890	0.00954	0.00915	0.05076	0.12623	0.12434	0.07437	0.13818	0.02373	0.00201	0.03661	0.09701	0.00320	0.01628

[dist]
# distance from previous block
# <min> <max>
1	2

[block]
# block no. 4 follows, 63 sequences, length 12
# corresponding to MSA columns:
# 335-346
name=unknown_E
#
# <colnr> <probs for GDERKNQSTAVLIFYWHMCP>
#	G	D	E	R	K	N	Q	S	T	A	V	L	I	F	Y	W	H	M	C	P
