[name]
unknown

[dist]
# distance from previous block
# <min> <max>
10	412

[block]
# block no. 0 follows, 59 sequences, length 17
# corresponding to MSA columns:
# 971-981,993-998
name=unknown_A
#
# <colnr> <probs for GDERKNQSTAVLIFYWHMCP>
#	G	D	E	R	K	N	Q	S	T	A	V	L	I	F	Y	W	H	M	C	P
0	0.01008	0.46142	0.25051	0.00905	0.01312	0.01317	0.00992	0.01264	0.00924	0.01187	0.00972	0.03726	0.00923	0.00543	0.00379	0.00126	0.00509	0.11931	0.00227	0.00562
1	0.00933	0.15537	0.69353	0.01178	0.01787	0.01142	0.01491	0.01386	0.00927	0.01341	0.00764	0.00896	0.00561	0.00413	0.00398	0.00133	0.00624	0.00312	0.00187	0.00639
2	0.00625	0.00473	0.00587	0.00549	0.00679	0.00419	0.00411	0.00806	0.01152	0.01598	0.55871	0.09068	0.17194	0.00928	0.00508	0.00138	0.00224	0.00811	0.00449	0.07511
3	0.01181	0.84744	0.02314	0.00756	0.01134	0.01748	0.00756	0.01323	0.00897	0.01039	0.00614	0.00708	0.00567	0.00378	0.00283	0.00094	0.00472	0.00236	0.00189	0.00567
4	0.00552	0.00390	0.00508	0.00598	0.00620	0.00368	0.00391	0.00619	0.00819	0.01092	0.02298	0.73571	0.02749	0.12237	0.00784	0.00212	0.00279	0.01175	0.00391	0.00347
5	0.01603	0.01199	0.01282	0.01001	0.01341	0.01334	0.00821	0.70006	0.12445	0.02660	0.01157	0.01138	0.00830	0.00539	0.00443	0.00135	0.00468	0.00411	0.00443	0.00744
6	0.87598	0.00854	0.00649	0.00581	0.00854	0.00991	0.00478	0.01298	0.00752	0.01982	0.00615	0.00717	0.00478	0.00410	0.00273	0.00137	0.00342	0.00239	0.00273	0.00478
7	0.00538	0.00384	0.00512	0.00615	0.00641	0.00359	0.00410	0.00615	0.00846	0.01127	0.02434	0.84190	0.02921	0.01384	0.00564	0.00179	0.00256	0.01256	0.00410	0.00359
8	0.00624	0.00519	0.03306	0.00621	0.00740	0.00443	0.02296	0.00817	0.01141	0.01588	0.55859	0.17525	0.08404	0.00983	0.00528	0.00149	0.00251	0.03341	0.00450	0.00415
9	0.00886	0.02285	0.82190	0.01259	0.01912	0.01026	0.01632	0.01399	0.00932	0.01399	0.00793	0.00932	0.00559	0.00420	0.00420	0.00140	0.00653	0.00326	0.00186	0.00653
10	0.01679	0.01237	0.01325	0.01016	0.01370	0.01370	0.00839	0.80251	0.02077	0.02783	0.01060	0.01060	0.00751	0.00530	0.00442	0.00133	0.00486	0.00398	0.00442	0.00751
11	0.00607	0.00499	0.00540	0.00521	0.00669	0.00458	0.00393	0.00859	0.09184	0.01408	0.23973	0.03742	0.53538	0.01010	0.00514	0.00147	0.00233	0.00854	0.00434	0.00417
12	0.00625	0.00451	0.00590	0.00556	0.00660	0.00417	0.00417	0.00833	0.01250	0.01771	0.81490	0.03299	0.04167	0.00903	0.00521	0.00139	0.00208	0.00799	0.00486	0.00417
13	0.01181	0.84744	0.02314	0.00756	0.01134	0.01748	0.00756	0.01323	0.00897	0.01039	0.00614	0.00708	0.00567	0.00378	0.00283	0.00094	0.00472	0.00236	0.00189	0.00567
14	0.01679	0.01237	0.01325	0.01016	0.01370	0.01370	0.00839	0.80251	0.02077	0.02783	0.01060	0.01060	0.00751	0.00530	0.00442	0.00133	0.00486	0.00398	0.00442	0.00751
15	0.01168	0.81130	0.05815	0.00778	0.01168	0.01716	0.00794	0.01326	0.00899	0.01055	0.00622	0.00718	0.00566	0.00380	0.00289	0.00096	0.00480	0.00240	0.00189	0.00571
16	0.00886	0.02285	0.82190	0.01259	0.01912	0.01026	0.01632	0.01399	0.00932	0.01399	0.00793	0.00932	0.00559	0.00420	0.00420	0.00140	0.00653	0.00326	0.00186	0.00653

[dist]
# distance from previous block
# <min> <max>
0	1

[block]
# block no. 1 follows, 59 sequences, length 7
# corresponding to MSA columns:
# 1000-1006
name=unknown_B
#
# <colnr> <probs for GDERKNQSTAVLIFYWHMCP>
#	G	D	E	R	K	N	Q	S	T	A	V	L	I	F	Y	W	H	M	C	P
0	0.00991	0.31549	0.53842	0.01080	0.01635	0.01282	0.01321	0.01372	0.00920	0.01271	0.00729	0.00853	0.00562	0.00405	0.00371	0.00124	0.00589	0.00294	0.00187	0.00622
1	0.01181	0.84744	0.02314	0.00756	0.01134	0.01748	0.00756	0.01323	0.00897	0.01039	0.00614	0.00708	0.00567	0.00378	0.00283	0.00094	0.00472	0.00236	0.00189	0.00567
2	0.00558	0.00404	0.00532	0.00626	0.00671	0.00378	0.00441	0.00653	0.00879	0.01156	0.02582	0.68319	0.09019	0.01343	0.00566	0.00180	0.00272	0.10647	0.00410	0.00366
3	0.13621	0.01180	0.15903	0.00871	0.01236	0.09690	0.00817	0.01786	0.01130	0.43193	0.05294	0.01302	0.01006	0.00512	0.00415	0.00135	0.00459	0.00394	0.00404	0.00652
4	0.00937	0.16583	0.68340	0.01172	0.01777	0.01151	0.01480	0.01385	0.00926	0.01336	0.00762	0.00894	0.00561	0.00412	0.00396	0.00132	0.00621	0.00311	0.00187	0.00638
5	0.07085	0.01376	0.13934	0.01026	0.01421	0.01291	0.00940	0.62832	0.01812	0.02515	0.00990	0.01018	0.00704	0.00505	0.00428	0.00134	0.00503	0.00376	0.00391	0.00718
6	0.00779	0.00585	0.00710	0.00729	0.00867	0.00588	0.00595	0.10696	0.04712	0.01467	0.02648	0.16778	0.19971	0.01110	0.00555	0.00176	0.00349	0.35823	0.00414	0.00447

[dist]
# distance from previous block
# <min> <max>
0	7

[block]
# block no. 2 follows, 59 sequences, length 87
# corresponding to MSA columns:
# 1014-1100
name=unknown_C
#
# <colnr> <probs for GDERKNQSTAVLIFYWHMCP>
#	G	D	E	R	K	N	Q	S	T	A	V	L	I	F	Y	W	H	M	C	P
0	0.00646	0.00414	0.00554	0.00632	0.00682	0.00383	0.00434	0.00732	0.00880	0.06928	0.02382	0.76421	0.02781	0.01320	0.00556	0.00177	0.00268	0.03003	0.00420	0.00388
1	0.01253	0.01205	0.01060	0.00945	0.01195	0.19043	0.00731	0.06787	0.55497	0.02961	0.01575	0.01488	0.03140	0.00576	0.00439	0.00141	0.00453	0.00456	0.00401	0.00654
2	0.00616	0.00451	0.00577	0.00546	0.00654	0.00413	0.00409	0.00815	0.01228	0.01717	0.74337	0.03387	0.11354	0.00923	0.00521	0.00140	0.00210	0.00811	0.00479	0.00413
3	0.00834	0.00785	0.01325	0.83417	0.03042	0.00981	0.01227	0.01128	0.00883	0.01128	0.00785	0.01178	0.00589	0.00442	0.00442	0.00147	0.00589	0.00393	0.00196	0.00491
4	0.01181	0.84744	0.02314	0.00756	0.01134	0.01748	0.00756	0.01323	0.00897	0.01039	0.00614	0.00708	0.00567	0.00378	0.00283	0.00094	0.00472	0.00236	0.00189	0.00567
5	0.01303	0.00841	0.01041	0.12691	0.01399	0.00870	0.00734	0.01931	0.33395	0.26129	0.01487	0.01429	0.01060	0.00521	0.00429	0.00133	0.00389	0.00432	0.00415	0.13372
6	0.00619	0.00451	0.00582	0.00549	0.00656	0.00414	0.00412	0.00822	0.01236	0.01737	0.76996	0.03355	0.08683	0.00916	0.00521	0.00140	0.00209	0.00807	0.00482	0.00414
7	0.00834	0.00785	0.01325	0.83417	0.03042	0.00981	0.01227	0.01128	0.00883	0.01128	0.00785	0.01178	0.00589	0.00442	0.00442	0.00147	0.00589	0.00393	0.00196	0.00491
8	0.01004	0.35278	0.50230	0.01058	0.01600	0.01315	0.01281	0.01368	0.00918	0.01255	0.00721	0.00843	0.00562	0.00403	0.00365	0.00122	0.00581	0.00290	0.00187	0.00618
9	0.00823	0.00412	0.00412	0.00412	0.00515	0.00412	0.00309	0.01029	0.00926	0.01647	0.01441	0.01647	0.01132	0.00515	0.00309	0.00103	0.00206	0.00412	0.86930	0.00412
10	0.00538	0.00384	0.00512	0.00615	0.00641	0.00359	0.00410	0.00615	0.00846	0.01127	0.02434	0.84190	0.02921	0.01384	0.00564	0.00179	0.00256	0.01256	0.00410	0.00359
11	0.00886	0.02285	0.82190	0.01259	0.01912	0.01026	0.01632	0.01399	0.00932	0.01399	0.00793	0.00932	0.00559	0.00420	0.00420	0.00140	0.00653	0.00326	0.00186	0.00653
12	0.01093	0.01049	0.01793	0.02711	0.81723	0.01049	0.01355	0.01355	0.01006	0.01443	0.00831	0.01093	0.00700	0.00394	0.00437	0.00131	0.00525	0.00394	0.00219	0.00700
13	0.01151	0.76395	0.10402	0.00807	0.01212	0.01674	0.00844	0.01330	0.00901	0.01076	0.00632	0.00731	0.00566	0.00382	0.00297	0.00099	0.00491	0.00245	0.00189	0.00575
14	0.00916	0.00785	0.00916	0.00654	0.01047	0.00589	0.00523	0.01112	0.00916	0.01439	0.00785	0.00916	0.00654	0.00327	0.00327	0.00065	0.00327	0.00262	0.00262	0.87178
15	0.02935	0.00980	0.01079	0.00902	0.01164	0.04112	0.02658	0.33664	0.17899	0.05763	0.14216	0.03026	0.01606	0.00667	0.00469	0.00144	0.00414	0.07235	0.00435	0.00634
16	0.00933	0.15602	0.69290	0.01178	0.01786	0.01142	0.01490	0.01386	0.00927	0.01341	0.00764	0.00896	0.00561	0.00413	0.00398	0.00133	0.00624	0.00312	0.00187	0.00639
17	0.00834	0.00785	0.01325	0.83417	0.03042	0.00981	0.01227	0.01128	0.00883	0.01128	0.00785	0.01178	0.00589	0.00442	0.00442	0.00147	0.00589	0.00393	0.00196	0.00491
18	0.01201	0.00993	0.01038	0.00907	0.01167	0.02608	0.00712	0.15158	0.62130	0.03180	0.01664	0.03480	0.01265	0.00602	0.00448	0.00146	0.00376	0.00494	0.01737	0.00693
19	0.00953	0.18132	0.57945	0.01103	0.01657	0.01114	0.01351	0.01360	0.00941	0.02905	0.02395	0.01107	0.00723	0.00453	0.00401	0.00131	0.00585	0.03450	0.00211	0.03085
20	0.01086	0.48394	0.31636	0.00955	0.01428	0.01444	0.01079	0.04021	0.04016	0.01261	0.00740	0.00839	0.00600	0.00407	0.00345	0.00115	0.00534	0.00285	0.00206	0.00610
21	0.01181	0.84744	0.02314	0.00756	0.01134	0.01748	0.00756	0.01323	0.00897	0.01039	0.00614	0.00708	0.00567	0.00378	0.00283	0.00094	0.00472	0.00236	0.00189	0.00567
22	0.00547	0.00447	0.00483	0.00477	0.00613	0.00383	0.00357	0.00682	0.01062	0.01331	0.23003	0.05559	0.61376	0.01072	0.00523	0.00147	0.00221	0.00906	0.00428	0.00383
23	0.00897	0.05407	0.79166	0.01240	0.01882	0.01053	0.01599	0.01396	0.00931	0.01385	0.00786	0.00924	0.00560	0.00418	0.00414	0.00138	0.00646	0.00323	0.00187	0.00649
24	0.00855	0.00629	0.00692	0.00633	0.00824	0.00625	0.00488	0.01329	0.25031	0.09491	0.15334	0.03050	0.37538	0.00873	0.00492	0.00147	0.00274	0.00733	0.00447	0.00515
25	0.00538	0.00384	0.00512	0.00615	0.00641	0.00359	0.00410	0.00615	0.00846	0.01127	0.02434	0.84190	0.02921	0.01384	0.00564	0.00179	0.00256	0.01256	0.00410	0.00359
26	0.00538	0.00384	0.00512	0.00615	0.00641	0.00359	0.00410	0.00615	0.00846	0.01127	0.02434	0.84190	0.02921	0.01384	0.00564	0.00179	0.00256	0.01256	0.00410	0.00359
27	0.07104	0.03762	0.74817	0.01201	0.01821	0.01037	0.01532	0.01390	0.00919	0.01434	0.00776	0.00913	0.00554	0.00418	0.00407	0.00139	0.00627	0.00318	0.00193	0.00639
28	0.00642	0.00428	0.00482	0.00482	0.00482	0.00428	0.00268	0.00642	0.00642	0.00856	0.01392	0.02890	0.01606	0.84478	0.02248	0.00428	0.00428	0.00642	0.00268	0.00268
29	0.01099	0.00949	0.00999	0.00899	0.01148	0.01099	0.00699	0.02347	0.80925	0.01848	0.01798	0.01648	0.01348	0.00599	0.00449	0.00150	0.00350	0.00499	0.00449	0.00699
30	0.01039	0.01177	0.02551	0.03922	0.04585	0.01112	0.75909	0.01406	0.01037	0.01408	0.00889	0.01188	0.00669	0.00375	0.00517	0.00148	0.00734	0.00514	0.00223	0.00596
31	0.11111	0.01108	0.01487	0.01294	0.06100	0.09398	0.13566	0.01234	0.00821	0.01250	0.00659	0.00964	0.00588	0.00613	0.00999	0.00168	0.47529	0.00381	0.00212	0.00516
32	0.00542	0.00386	0.00511	0.00610	0.00634	0.00361	0.00405	0.00616	0.00838	0.01117	0.02394	0.81066	0.02871	0.04577	0.00628	0.00189	0.00263	0.01232	0.00405	0.00355
33	0.01093	0.01047	0.01773	0.02666	0.79711	0.01051	0.01339	0.01380	0.03001	0.01453	0.00855	0.01107	0.00716	0.00399	0.00438	0.00132	0.00520	0.00396	0.00224	0.00700
34	0.01982	0.00752	0.01025	0.00786	0.01127	0.00649	0.00649	0.02152	0.01264	0.82029	0.01742	0.01503	0.01093	0.00547	0.00444	0.00137	0.00376	0.00444	0.00547	0.00752
35	0.00642	0.00428	0.00482	0.00482	0.00482	0.00428	0.00268	0.00642	0.00642	0.00856	0.01392	0.02890	0.01606	0.84478	0.02248	0.00428	0.00428	0.00642	0.00268	0.00268
36	0.01099	0.00949	0.00999	0.00899	0.01148	0.01099	0.00699	0.02347	0.80925	0.01848	0.01798	0.01648	0.01348	0.00599	0.00449	0.00150	0.00350	0.00499	0.00449	0.00699
37	0.01650	0.02105	0.01252	0.01138	0.01365	0.82705	0.00853	0.01764	0.01252	0.01081	0.00683	0.00796	0.00569	0.00455	0.00398	0.00114	0.00796	0.00284	0.00228	0.00512
38	0.00690	0.00501	0.00681	0.00771	0.00878	0.00493	0.00668	0.00882	0.01016	0.01307	0.02586	0.04897	0.11713	0.01208	0.00600	0.00197	0.00385	0.69717	0.00407	0.00403
39	0.01099	0.00949	0.00999	0.00899	0.01148	0.01099	0.00699	0.02347	0.80925	0.01848	0.01798	0.01648	0.01348	0.00599	0.00449	0.00150	0.00350	0.00499	0.00449	0.00699
40	0.00544	0.00387	0.00511	0.00607	0.00631	0.00363	0.00402	0.00617	0.00834	0.01111	0.02373	0.79375	0.02843	0.06305	0.00663	0.00194	0.00266	0.01219	0.00402	0.00353
41	0.01742	0.00818	0.01027	0.00822	0.01140	0.00788	0.00668	0.04558	0.22090	0.58703	0.01736	0.01528	0.01150	0.00560	0.00445	0.00140	0.00372	0.00457	0.00518	0.00738
42	0.00625	0.00451	0.00590	0.00556	0.00660	0.00417	0.00417	0.00833	0.01250	0.01771	0.81490	0.03299	0.04167	0.00903	0.00521	0.00139	0.00208	0.00799	0.00486	0.00417
43	0.00844	0.00795	0.01343	0.80325	0.06056	0.00984	0.01232	0.01137	0.00888	0.01140	0.00787	0.01174	0.00593	0.00440	0.00441	0.00147	0.00586	0.00393	0.00197	0.00499
44	0.00839	0.00790	0.01334	0.81827	0.04592	0.00983	0.01229	0.01133	0.00886	0.01135	0.00786	0.01176	0.00591	0.00441	0.00441	0.00147	0.00587	0.00393	0.00197	0.00495
45	0.01920	0.02770	0.03375	0.00807	0.01159	0.00713	0.00687	0.05104	0.01277	0.74813	0.01663	0.01452	0.01053	0.00538	0.00440	0.00136	0.00390	0.00434	0.00524	0.00744
46	0.00538	0.00384	0.00512	0.00615	0.00641	0.00359	0.00410	0.00615	0.00846	0.01127	0.02434	0.84190	0.02921	0.01384	0.00564	0.00179	0.00256	0.01256	0.00410	0.00359
47	0.00823	0.00412	0.00412	0.00412	0.00515	0.00412	0.00309	0.01029	0.00926	0.01647	0.01441	0.01647	0.01132	0.00515	0.00309	0.00103	0.00206	0.00412	0.86930	0.00412
48	0.03389	0.00973	0.01193	0.00953	0.03537	0.02117	0.02615	0.31284	0.01546	0.45588	0.01406	0.01294	0.00925	0.00528	0.00441	0.00135	0.00435	0.00421	0.00481	0.00738
49	0.00625	0.00451	0.00590	0.00556	0.00660	0.00417	0.00417	0.00833	0.01250	0.01771	0.81490	0.03299	0.04167	0.00903	0.00521	0.00139	0.00208	0.00799	0.00486	0.00417
50	0.00705	0.00504	0.00704	0.00806	0.00905	0.00503	0.00700	0.00904	0.01010	0.01314	0.02342	0.08017	0.02556	0.01226	0.00608	0.00202	0.00401	0.75781	0.00407	0.00405
51	0.00625	0.00451	0.00590	0.00556	0.00660	0.00417	0.00417	0.00833	0.01250	0.01771	0.81490	0.03299	0.04167	0.00903	0.00521	0.00139	0.00208	0.00799	0.00486	0.00417
52	0.00642	0.00428	0.00482	0.00482	0.00482	0.00428	0.00268	0.00642	0.00642	0.00856	0.01392	0.02890	0.01606	0.84478	0.02248	0.00428	0.00428	0.00642	0.00268	0.00268
53	0.01982	0.00752	0.01025	0.00786	0.01127	0.00649	0.00649	0.02152	0.01264	0.82029	0.01742	0.01503	0.01093	0.00547	0.00444	0.00137	0.00376	0.00444	0.00547	0.00752
54	0.00625	0.00451	0.00590	0.00556	0.00660	0.00417	0.00417	0.00833	0.01250	0.01771	0.81490	0.03299	0.04167	0.00903	0.00521	0.00139	0.00208	0.00799	0.00486	0.00417
55	0.00625	0.00451	0.00590	0.00556	0.00660	0.00417	0.00417	0.00833	0.01250	0.01771	0.81490	0.03299	0.04167	0.00903	0.00521	0.00139	0.00208	0.00799	0.00486	0.00417
56	0.00943	0.18305	0.66672	0.01161	0.01760	0.01166	0.01462	0.01384	0.00926	0.01329	0.00758	0.00889	0.00561	0.00411	0.00393	0.00131	0.00618	0.00309	0.00187	0.00636
57	0.01035	0.00992	0.01635	0.25831	0.55328	0.02362	0.01296	0.02503	0.00986	0.01361	0.00815	0.01110	0.00665	0.00416	0.00454	0.00136	0.01834	0.00391	0.00215	0.00634
58	0.04352	0.00783	0.01026	0.00798	0.01131	0.00708	0.00661	0.07942	0.01302	0.71120	0.01679	0.01564	0.01098	0.00564	0.00445	0.00139	0.00384	0.03045	0.00526	0.00732
59	0.79243	0.00981	0.03221	0.00639	0.00921	0.06375	0.00539	0.01332	0.00790	0.01904	0.00625	0.00729	0.00487	0.00413	0.00286	0.00135	0.00381	0.00245	0.00268	0.00486
60	0.00987	0.00822	0.00916	0.00874	0.01081	0.00928	0.00703	0.01934	0.57868	0.01696	0.01954	0.02610	0.01693	0.00778	0.00496	0.00165	0.00366	0.23079	0.00437	0.00615
61	0.00607	0.00472	0.00556	0.00540	0.00665	0.00432	0.00407	0.00822	0.04771	0.01522	0.43864	0.06600	0.32918	0.00996	0.00522	0.00147	0.00228	0.03069	0.00451	0.00411
62	0.00625	0.00451	0.00590	0.00556	0.00660	0.00417	0.00417	0.00833	0.01250	0.01771	0.81490	0.03299	0.04167	0.00903	0.00521	0.00139	0.00208	0.00799	0.00486	0.00417
63	0.00662	0.00473	0.00654	0.00756	0.00836	0.00465	0.00625	0.00828	0.00967	0.01266	0.02366	0.27837	0.02651	0.01267	0.00597	0.00196	0.00363	0.56389	0.00408	0.00393
64	0.01582	0.01865	0.01263	0.01160	0.04025	0.63201	0.00860	0.10887	0.06822	0.01343	0.00806	0.00899	0.00648	0.00478	0.00430	0.00121	0.02465	0.00318	0.00267	0.00558
65	0.01181	0.84744	0.02314	0.00756	0.01134	0.01748	0.00756	0.01323	0.00897	0.01039	0.00614	0.00708	0.00567	0.00378	0.00283	0.00094	0.00472	0.00236	0.00189	0.00567
66	0.84705	0.00839	0.00641	0.00575	0.00843	0.00971	0.00473	0.01289	0.00757	0.01970	0.00643	0.00748	0.00500	0.00413	0.00275	0.00136	0.00337	0.00245	0.03162	0.00476
67	0.00886	0.02285	0.82190	0.01259	0.01912	0.01026	0.01632	0.01399	0.00932	0.01399	0.00793	0.00932	0.00559	0.00420	0.00420	0.00140	0.00653	0.00326	0.00186	0.00653
68	0.00886	0.02285	0.82190	0.01259	0.01912	0.01026	0.01632	0.01399	0.00932	0.01399	0.00793	0.00932	0.00559	0.00420	0.00420	0.00140	0.00653	0.00326	0.00186	0.00653
69	0.00607	0.00478	0.00648	0.00703	0.00724	0.00519	0.00500	0.00687	0.00818	0.01117	0.02136	0.70789	0.02544	0.01285	0.00706	0.00182	0.13688	0.01116	0.00375	0.00379
70	0.01181	0.84744	0.02314	0.00756	0.01134	0.01748	0.00756	0.01323	0.00897	0.01039	0.00614	0.00708	0.00567	0.00378	0.00283	0.00094	0.00472	0.00236	0.00189	0.00567
71	0.01679	0.01237	0.01325	0.01016	0.01370	0.01370	0.00839	0.80251	0.02077	0.02783	0.01060	0.01060	0.00751	0.00530	0.00442	0.00133	0.00486	0.00398	0.00442	0.00751
72	0.00767	0.00384	0.00575	0.00575	0.00575	0.00384	0.00384	0.00575	0.00575	0.00767	0.00767	0.01343	0.00767	0.01534	0.01726	0.87150	0.00384	0.00384	0.00192	0.00192
73	0.01679	0.01237	0.01325	0.01016	0.01370	0.01370	0.00839	0.80251	0.02077	0.02783	0.01060	0.01060	0.00751	0.00530	0.00442	0.00133	0.00486	0.00398	0.00442	0.00751
74	0.00625	0.00451	0.00590	0.00556	0.00660	0.00417	0.00417	0.00833	0.01250	0.01771	0.81490	0.03299	0.04167	0.00903	0.00521	0.00139	0.00208	0.00799	0.00486	0.00417
75	0.00540	0.00386	0.00514	0.00614	0.00641	0.00360	0.00410	0.00620	0.00856	0.01143	0.04376	0.82204	0.02952	0.01372	0.00563	0.00178	0.00255	0.01244	0.00412	0.00360
76	0.00537	0.00448	0.00468	0.00463	0.00606	0.00379	0.00347	0.00663	0.01042	0.01276	0.15546	0.04114	0.70421	0.01088	0.00522	0.00148	0.00222	0.00913	0.00421	0.00379
77	0.01650	0.02105	0.01252	0.01138	0.01365	0.82705	0.00853	0.01764	0.01252	0.01081	0.00683	0.00796	0.00569	0.00455	0.00398	0.00114	0.00796	0.00284	0.00228	0.00512
78	0.87598	0.00854	0.00649	0.00581	0.00854	0.00991	0.00478	0.01298	0.00752	0.01982	0.00615	0.00717	0.00478	0.00410	0.00273	0.00137	0.00342	0.00239	0.00273	0.00478
79	0.01255	0.00811	0.01122	0.00923	0.01107	0.00908	0.05475	0.03178	0.08030	0.26380	0.07994	0.01581	0.04259	0.00662	0.00769	0.00155	0.27009	0.00480	0.07322	0.00582
80	0.00625	0.00451	0.00590	0.00556	0.00660	0.00417	0.00417	0.00833	0.01250	0.01771	0.81490	0.03299	0.04167	0.00903	0.00521	0.00139	0.00208	0.00799	0.00486	0.00417
81	0.10309	0.04540	0.69687	0.01167	0.01765	0.01049	0.01468	0.02663	0.00930	0.01474	0.00772	0.00905	0.00554	0.00419	0.00400	0.00138	0.00611	0.00315	0.00200	0.00633
82	0.00565	0.00449	0.00506	0.00492	0.00623	0.00391	0.00369	0.00716	0.01107	0.01432	0.36285	0.03858	0.49584	0.01029	0.00522	0.00145	0.00217	0.00877	0.00442	0.00391
83	0.00860	0.03151	0.66435	0.01198	0.03108	0.00968	0.03119	0.01308	0.00949	0.01392	0.05298	0.02826	0.04702	0.00503	0.00455	0.00142	0.02345	0.00404	0.00219	0.00616
84	0.00878	0.00854	0.01187	0.01031	0.01061	0.01143	0.01990	0.00982	0.00727	0.01079	0.01152	0.03223	0.10599	0.02514	0.06234	0.00222	0.63951	0.00484	0.00229	0.00459
85	0.04432	0.01080	0.03038	0.01006	0.01368	0.03892	0.10772	0.31780	0.02674	0.21153	0.02371	0.01183	0.00851	0.00485	0.00431	0.00127	0.00475	0.00403	0.00398	0.12083
86	0.17912	0.06233	0.01192	0.00993	0.01249	0.53134	0.00770	0.08229	0.04026	0.01419	0.00737	0.00829	0.00594	0.00454	0.00374	0.00120	0.00651	0.00290	0.00260	0.00535

[dist]
# distance from previous block
# <min> <max>
0	1

[block]
# block no. 3 follows, 59 sequences, length 13
# corresponding to MSA columns:
# 1102,1105-1116
name=unknown_D
#
# <colnr> <probs for GDERKNQSTAVLIFYWHMCP>
#	G	D	E	R	K	N	Q	S	T	A	V	L	I	F	Y	W	H	M	C	P
0	0.01017	0.17047	0.42967	0.01123	0.01617	0.02540	0.08914	0.03556	0.05117	0.04050	0.03935	0.01154	0.02783	0.00461	0.00412	0.00132	0.00568	0.00377	0.01613	0.00618
1	0.00866	0.00768	0.00849	0.08759	0.04067	0.06092	0.00619	0.06505	0.10858	0.01510	0.16140	0.02549	0.24951	0.00754	0.00469	0.00135	0.00356	0.02988	0.00373	0.10393
2	0.00941	0.05419	0.54431	0.03943	0.04102	0.01078	0.21103	0.01390	0.00959	0.01380	0.00811	0.00999	0.00592	0.00406	0.00440	0.00140	0.00663	0.00375	0.00197	0.00631
3	0.00988	0.01204	0.12515	0.01343	0.01686	0.03822	0.33965	0.01489	0.16541	0.01427	0.03301	0.01391	0.02901	0.00740	0.07494	0.00197	0.07655	0.00485	0.00273	0.00584
4	0.00548	0.00391	0.00524	0.00626	0.00656	0.00367	0.00427	0.00632	0.00855	0.01139	0.02429	0.79683	0.02900	0.01374	0.00566	0.00181	0.00265	0.05665	0.00410	0.00361
5	0.04445	0.02899	0.01475	0.01178	0.01376	0.12474	0.16385	0.05913	0.11705	0.01414	0.03636	0.01169	0.00844	0.00588	0.00795	0.00155	0.29739	0.00421	0.02841	0.00551
6	0.00661	0.00498	0.00630	0.00656	0.00758	0.00493	0.00504	0.00930	0.09193	0.01438	0.26494	0.23688	0.10116	0.01188	0.04311	0.00191	0.00322	0.17076	0.00429	0.00424
7	0.87598	0.00854	0.00649	0.00581	0.00854	0.00991	0.00478	0.01298	0.00752	0.01982	0.00615	0.00717	0.00478	0.00410	0.00273	0.00137	0.00342	0.00239	0.00273	0.00478
8	0.01161	0.79135	0.07747	0.00790	0.01186	0.01698	0.00815	0.01328	0.00900	0.01064	0.00626	0.00724	0.00566	0.00381	0.00293	0.00098	0.00485	0.00242	0.00189	0.00573
9	0.01679	0.01090	0.01208	0.00932	0.01267	0.01169	0.00768	0.60185	0.01846	0.17718	0.01215	0.01183	0.00841	0.00532	0.00433	0.00131	0.00446	0.00407	0.06218	0.00729
10	0.00635	0.00425	0.00484	0.00490	0.00492	0.00424	0.00277	0.00640	0.00656	0.00874	0.01460	0.08199	0.01692	0.79052	0.02138	0.00412	0.00417	0.00682	0.00277	0.00274
11	0.87598	0.00854	0.00649	0.00581	0.00854	0.00991	0.00478	0.01298	0.00752	0.01982	0.00615	0.00717	0.00478	0.00410	0.00273	0.00137	0.00342	0.00239	0.00273	0.00478
12	0.00623	0.00506	0.00541	0.00532	0.00687	0.00456	0.00416	0.05872	0.01085	0.01329	0.06244	0.04102	0.64505	0.01086	0.00527	0.00154	0.00262	0.10254	0.00414	0.00403

[dist]
# distance from previous block
# <min> <max>
0	10

[block]
# block no. 4 follows, 59 sequences, length 46
# corresponding to MSA columns:
# 1127-1172
name=unknown_E
#
# <colnr> <probs for GDERKNQSTAVLIFYWHMCP>
#	G	D	E	R	K	N	Q	S	T	A	V	L	I	F	Y	W	H	M	C	P
0	0.00722	0.00704	0.10989	0.00767	0.00929	0.00510	0.03691	0.00885	0.00910	0.06527	0.03211	0.56301	0.02323	0.01110	0.00528	0.00167	0.00343	0.05126	0.00379	0.03879
1	0.01056	0.00785	0.00932	0.00677	0.01060	0.00610	0.00544	0.01276	0.03071	0.11647	0.00933	0.01009	0.00728	0.00362	0.00345	0.00077	0.00334	0.00291	0.00303	0.73961
2	0.01099	0.00949	0.00999	0.00899	0.01148	0.01099	0.00699	0.02347	0.80925	0.01848	0.01798	0.01648	0.01348	0.00599	0.00449	0.00150	0.00350	0.00499	0.00449	0.00699
3	0.00722	0.00537	0.00774	0.00940	0.07223	0.00534	0.00728	0.00916	0.00996	0.01309	0.02231	0.13678	0.02440	0.01174	0.00591	0.00195	0.00399	0.63798	0.00392	0.00424
4	0.00978	0.30617	0.50432	0.01062	0.01592	0.01248	0.01282	0.01347	0.00925	0.01271	0.00811	0.01065	0.00665	0.00447	0.00383	0.00128	0.00578	0.04361	0.00199	0.00610
5	0.01017	0.00970	0.01638	0.26391	0.56896	0.01030	0.01304	0.01310	0.02659	0.01359	0.00838	0.01130	0.00681	0.00412	0.00439	0.00136	0.00540	0.00395	0.00217	0.00638
6	0.00613	0.00440	0.00566	0.00641	0.00689	0.00425	0.00438	0.05854	0.00927	0.01236	0.02344	0.78722	0.02778	0.01328	0.00556	0.00176	0.00271	0.01199	0.00412	0.00385
7	0.00605	0.00449	0.00656	0.00684	0.00748	0.00499	0.00513	0.00741	0.00747	0.01053	0.01526	0.24330	0.01602	0.02784	0.60213	0.00564	0.00929	0.00688	0.00284	0.00385
8	0.00966	0.00966	0.01353	0.01160	0.01160	0.01353	0.00966	0.01063	0.00676	0.01063	0.00580	0.00966	0.00580	0.00773	0.01449	0.00193	0.83670	0.00387	0.00193	0.00483
9	0.00951	0.01009	0.05623	0.53235	0.20463	0.06368	0.02397	0.01238	0.00940	0.01222	0.00800	0.01128	0.00620	0.00431	0.00436	0.00140	0.00588	0.00384	0.01477	0.00548
10	0.87598	0.00854	0.00649	0.00581	0.00854	0.00991	0.00478	0.01298	0.00752	0.01982	0.00615	0.00717	0.00478	0.00410	0.00273	0.00137	0.00342	0.00239	0.00273	0.00478
11	0.00620	0.00469	0.00575	0.00545	0.00664	0.00432	0.00410	0.00846	0.04066	0.01652	0.62343	0.03441	0.20421	0.00938	0.00519	0.00141	0.00217	0.00816	0.00469	0.00418
12	0.00712	0.00508	0.00712	0.00813	0.00915	0.00508	0.00712	0.00915	0.01017	0.01322	0.02338	0.04982	0.02542	0.01220	0.00610	0.00203	0.00407	0.78750	0.00407	0.00407
13	0.00863	0.00798	0.01250	0.60653	0.08249	0.00954	0.01100	0.01263	0.11033	0.01256	0.02398	0.01459	0.05879	0.00508	0.00449	0.00146	0.00525	0.00447	0.00248	0.00523
14	0.01099	0.00949	0.00999	0.00899	0.01148	0.01099	0.00699	0.02347	0.80925	0.01848	0.01798	0.01648	0.01348	0.00599	0.00449	0.00150	0.00350	0.00499	0.00449	0.00699
15	0.01035	0.00990	0.01688	0.20824	0.64064	0.01034	0.01327	0.01305	0.00978	0.01372	0.00820	0.01112	0.00675	0.00404	0.00438	0.00135	0.00539	0.00393	0.00214	0.00653
16	0.00832	0.00456	0.00464	0.00455	0.00571	0.00465	0.00343	0.01118	0.07274	0.01654	0.03657	0.01759	0.03351	0.00547	0.00331	0.00109	0.00218	0.00443	0.75520	0.00434
17	0.01179	0.78053	0.06424	0.00793	0.01181	0.04077	0.00804	0.01339	0.00910	0.01059	0.00625	0.00723	0.00566	0.00382	0.00294	0.00097	0.00491	0.00242	0.00190	0.00570
18	0.01181	0.84744	0.02314	0.00756	0.01134	0.01748	0.00756	0.01323	0.00897	0.01039	0.00614	0.00708	0.00567	0.00378	0.00283	0.00094	0.00472	0.00236	0.00189	0.00567
19	0.00823	0.00412	0.00412	0.00412	0.00515	0.00412	0.00309	0.01029	0.00926	0.01647	0.01441	0.01647	0.01132	0.00515	0.00309	0.00103	0.00206	0.00412	0.86930	0.00412
20	0.01042	0.01191	0.02606	0.01862	0.02308	0.01117	0.80119	0.01415	0.01042	0.01415	0.00894	0.01191	0.00670	0.00372	0.00521	0.00149	0.00745	0.00521	0.00223	0.00596
21	0.00642	0.00428	0.00482	0.00482	0.00482	0.00428	0.00268	0.00642	0.00642	0.00856	0.01392	0.02890	0.01606	0.84478	0.02248	0.00428	0.00428	0.00642	0.00268	0.00268
22	0.00625	0.00451	0.00590	0.00556	0.00660	0.00417	0.00417	0.00833	0.01250	0.01771	0.81490	0.03299	0.04167	0.00903	0.00521	0.00139	0.00208	0.00799	0.00486	0.00417
23	0.00823	0.00412	0.00412	0.00412	0.00515	0.00412	0.00309	0.01029	0.00926	0.01647	0.01441	0.01647	0.01132	0.00515	0.00309	0.00103	0.00206	0.00412	0.86930	0.00412
24	0.00560	0.00449	0.00501	0.00488	0.00620	0.00389	0.00366	0.00708	0.01097	0.01408	0.33111	0.03897	0.52773	0.01038	0.00522	0.00145	0.00218	0.00883	0.00438	0.00389
25	0.01098	0.00952	0.01027	0.00964	0.04049	0.01097	0.00723	0.02311	0.78049	0.01833	0.01763	0.01628	0.01325	0.00592	0.00449	0.00149	0.00356	0.00496	0.00441	0.00699
26	0.01036	0.01170	0.02518	0.01799	0.02243	0.01090	0.75993	0.01399	0.01036	0.01416	0.00888	0.01177	0.00669	0.00370	0.00511	0.00145	0.00723	0.00508	0.00225	0.05084
27	0.01399	0.04198	0.01138	0.00904	0.01196	0.03165	0.03311	0.09267	0.42419	0.23820	0.03295	0.01516	0.01210	0.00565	0.00443	0.00141	0.00396	0.00466	0.00453	0.00699
28	0.01181	0.84744	0.02314	0.00756	0.01134	0.01748	0.00756	0.01323	0.00897	0.01039	0.00614	0.00708	0.00567	0.00378	0.00283	0.00094	0.00472	0.00236	0.00189	0.00567
29	0.00631	0.00473	0.00710	0.00710	0.00789	0.00552	0.00552	0.00789	0.00710	0.01025	0.01183	0.01735	0.01104	0.03312	0.82728	0.00710	0.01183	0.00473	0.00237	0.00394
30	0.00646	0.00460	0.00644	0.00644	0.00708	0.00518	0.00478	0.00774	0.00710	0.01031	0.01242	0.01965	0.01208	0.19717	0.60916	0.00613	0.00965	0.00504	0.05887	0.00370
31	0.00835	0.00843	0.04520	0.74042	0.05959	0.00964	0.01216	0.01130	0.00894	0.01154	0.00920	0.01275	0.03506	0.00463	0.00443	0.00146	0.00576	0.00409	0.00204	0.00501
32	0.00522	0.00447	0.00447	0.00447	0.00597	0.00373	0.00336	0.00634	0.01007	0.01193	0.04474	0.04250	0.81544	0.01119	0.00522	0.00149	0.00224	0.00932	0.00410	0.00373
33	0.00890	0.00945	0.01958	0.04742	0.01862	0.00895	0.54267	0.01175	0.00980	0.01321	0.01328	0.24851	0.01309	0.00663	0.00530	0.00158	0.00599	0.00725	0.00275	0.00524
34	0.01042	0.01047	0.01322	0.01136	0.01172	0.07193	0.00937	0.05309	0.00797	0.01157	0.00662	0.03150	0.00650	0.00753	0.01297	0.00184	0.71079	0.00403	0.00215	0.00496
35	0.01034	0.01258	0.07809	0.01856	0.05433	0.01108	0.71831	0.01411	0.01034	0.01415	0.00884	0.01170	0.00664	0.00376	0.00511	0.00148	0.00730	0.00503	0.00221	0.00604
36	0.84744	0.00852	0.00671	0.03305	0.00926	0.00990	0.00503	0.01293	0.00756	0.01954	0.00621	0.00733	0.00482	0.00411	0.00279	0.00137	0.00350	0.00244	0.00271	0.00479
37	0.00918	0.03258	0.65462	0.01302	0.01896	0.01020	0.12577	0.01389	0.00965	0.02611	0.03947	0.01066	0.00723	0.00433	0.00436	0.00140	0.00642	0.00372	0.00209	0.00636
38	0.06608	0.07104	0.72066	0.01184	0.01796	0.01066	0.01504	0.01388	0.00918	0.01416	0.00770	0.00905	0.00555	0.00416	0.00402	0.00137	0.00622	0.00315	0.00192	0.00636
39	0.01683	0.01970	0.01229	0.01103	0.01342	0.74523	0.00833	0.01802	0.01253	0.09152	0.00788	0.00867	0.00621	0.00464	0.00403	0.00116	0.00755	0.00300	0.00259	0.00536
40	0.00909	0.00774	0.00826	0.00772	0.00981	0.00850	0.00605	0.01756	0.52074	0.01624	0.02551	0.02660	0.22423	0.00797	0.00484	0.00155	0.00322	0.08415	0.00435	0.00585
41	0.00884	0.00851	0.01493	0.61403	0.13767	0.00986	0.09084	0.01179	0.00928	0.01222	0.03457	0.01237	0.00730	0.00443	0.00452	0.00145	0.00583	0.00419	0.00212	0.00528
42	0.00883	0.00835	0.01414	0.68033	0.18039	0.00994	0.01251	0.01172	0.00906	0.01188	0.00794	0.01161	0.00610	0.00432	0.00441	0.00144	0.00577	0.00393	0.00201	0.00530
43	0.00940	0.00935	0.01299	0.01117	0.01126	0.01294	0.00929	0.01037	0.00696	0.01071	0.00812	0.01162	0.05404	0.00794	0.01394	0.00191	0.78697	0.00419	0.00206	0.00477
44	0.00858	0.02100	0.74052	0.01190	0.01786	0.00963	0.01510	0.01337	0.00954	0.01419	0.06804	0.03251	0.00887	0.00480	0.00431	0.00141	0.00610	0.00385	0.00214	0.00628
45	0.01079	0.16070	0.42164	0.01151	0.03404	0.17311	0.03853	0.01417	0.01018	0.01303	0.06591	0.01051	0.00831	0.00452	0.00403	0.00127	0.00619	0.00345	0.00219	0.00592

[dist]
# distance from previous block
# <min> <max>
0	1

[block]
# block no. 5 follows, 59 sequences, length 13
# corresponding to MSA columns:
# 1174-1186
name=unknown_F
#
# <colnr> <probs for GDERKNQSTAVLIFYWHMCP>
#	G	D	E	R	K	N	Q	S	T	A	V	L	I	F	Y	W	H	M	C	P
0	0.10676	0.22553	0.07704	0.01009	0.01315	0.37489	0.04961	0.01521	0.01051	0.02917	0.00741	0.02891	0.00633	0.00456	0.00393	0.00119	0.02491	0.00313	0.00230	0.00538
1	0.87598	0.00854	0.00649	0.00581	0.00854	0.00991	0.00478	0.01298	0.00752	0.01982	0.00615	0.00717	0.00478	0.00410	0.00273	0.00137	0.00342	0.00239	0.00273	0.00478
2	0.00928	0.04935	0.03151	0.31658	0.08963	0.05128	0.18434	0.01193	0.00975	0.01280	0.09728	0.04649	0.01119	0.02274	0.00537	0.00150	0.03642	0.00490	0.00247	0.00521
3	0.00589	0.00430	0.00553	0.00565	0.00648	0.00395	0.00407	0.00747	0.01102	0.01518	0.49867	0.28734	0.10656	0.01073	0.00534	0.00152	0.00225	0.00954	0.00456	0.00395
4	0.00616	0.00468	0.00570	0.00541	0.00661	0.00430	0.00407	0.00837	0.03937	0.01634	0.60094	0.03473	0.22808	0.00945	0.00519	0.00142	0.00217	0.00821	0.00467	0.00416
5	0.00626	0.00451	0.00610	0.00706	0.00778	0.00436	0.00559	0.00769	0.00942	0.01230	0.02502	0.39232	0.07239	0.01285	0.00585	0.00190	0.00331	0.40736	0.00408	0.00384
6	0.00618	0.00451	0.00580	0.00548	0.00655	0.00414	0.00411	0.00819	0.01233	0.01729	0.75928	0.03368	0.09755	0.00918	0.00521	0.00140	0.00209	0.00808	0.00481	0.00414
7	0.01099	0.00949	0.00999	0.00899	0.01148	0.01099	0.00699	0.02347	0.80925	0.01848	0.01798	0.01648	0.01348	0.00599	0.00449	0.00150	0.00350	0.00499	0.00449	0.00699
8	0.00886	0.02285	0.82190	0.01259	0.01912	0.01026	0.01632	0.01399	0.00932	0.01399	0.00793	0.00932	0.00559	0.00420	0.00420	0.00140	0.00653	0.00326	0.00186	0.00653
9	0.00664	0.00566	0.00917	0.00843	0.00968	0.00549	0.14242	0.00854	0.04153	0.01199	0.02122	0.47529	0.07901	0.03120	0.09919	0.00237	0.00455	0.02986	0.00357	0.00418
10	0.00834	0.00785	0.01325	0.83417	0.03042	0.00981	0.01227	0.01128	0.00883	0.01128	0.00785	0.01178	0.00589	0.00442	0.00442	0.00147	0.00589	0.00393	0.00196	0.00491
11	0.59388	0.02941	0.03298	0.00897	0.05706	0.04516	0.06733	0.05910	0.00892	0.01840	0.00681	0.00815	0.00534	0.00429	0.00369	0.00138	0.03833	0.00289	0.00267	0.00524
12	0.04899	0.06841	0.01012	0.00751	0.01025	0.00842	0.00613	0.14677	0.10139	0.29154	0.10742	0.03848	0.12230	0.00668	0.00448	0.00137	0.00355	0.00543	0.00453	0.00624

[dist]
# distance from previous block
# <min> <max>
0	36

[block]
# block no. 6 follows, 59 sequences, length 22
# corresponding to MSA columns:
# 1223-1244
name=unknown_G
#
# <colnr> <probs for GDERKNQSTAVLIFYWHMCP>
#	G	D	E	R	K	N	Q	S	T	A	V	L	I	F	Y	W	H	M	C	P
0	0.00917	0.00897	0.01581	0.54094	0.14327	0.01025	0.13488	0.01250	0.03900	0.01244	0.00842	0.01180	0.00646	0.00437	0.00475	0.00146	0.02376	0.00417	0.00213	0.00545
1	0.73805	0.00968	0.07232	0.00655	0.00953	0.00986	0.00584	0.04568	0.00825	0.01936	0.00716	0.03855	0.00587	0.00452	0.00303	0.00138	0.00370	0.00291	0.00278	0.00499
2	0.00932	0.00963	0.04245	0.01067	0.01137	0.02808	0.00903	0.01060	0.00721	0.01101	0.00680	0.01051	0.00649	0.01027	0.11211	0.00242	0.62161	0.00383	0.00204	0.07454
3	0.00619	0.00451	0.00582	0.00549	0.00656	0.00414	0.00412	0.00821	0.01235	0.01736	0.76816	0.03357	0.08863	0.00916	0.00521	0.00140	0.00209	0.00807	0.00482	0.00414
4	0.00678	0.00461	0.00605	0.00568	0.00678	0.00424	0.00426	0.00879	0.01233	0.05072	0.74756	0.06731	0.03986	0.00909	0.00520	0.00141	0.00217	0.00804	0.00485	0.00428
5	0.00522	0.00447	0.00447	0.00447	0.00597	0.00373	0.00336	0.00634	0.01007	0.01193	0.04474	0.04250	0.81544	0.01119	0.00522	0.00149	0.00224	0.00932	0.00410	0.00373
6	0.00845	0.00806	0.01391	0.79225	0.03004	0.00988	0.05281	0.01143	0.00891	0.01143	0.00791	0.01178	0.00593	0.00438	0.00446	0.00147	0.00597	0.00399	0.00198	0.00496
7	0.77699	0.00842	0.00693	0.00605	0.00886	0.00951	0.00498	0.01397	0.00811	0.11237	0.00745	0.00808	0.00549	0.00426	0.00293	0.00137	0.00346	0.00263	0.00305	0.00510
8	0.01145	0.00972	0.01025	0.00908	0.01166	0.01120	0.00710	0.08606	0.74590	0.01923	0.01738	0.01601	0.01300	0.00594	0.00449	0.00148	0.00361	0.00491	0.00449	0.00703
9	0.01000	0.00761	0.00899	0.00663	0.01021	0.00599	0.00530	0.03666	0.01009	0.08627	0.06301	0.01259	0.04102	0.00422	0.00361	0.00082	0.00325	0.00344	0.00313	0.67718
10	0.00942	0.16507	0.65685	0.01192	0.01790	0.01154	0.04135	0.01386	0.00930	0.01337	0.00765	0.00902	0.00564	0.00411	0.00399	0.00132	0.00625	0.00317	0.00188	0.00636
11	0.00886	0.00865	0.01508	0.61829	0.07835	0.01032	0.10503	0.01171	0.00893	0.01177	0.00784	0.01156	0.00605	0.00458	0.00534	0.00150	0.07490	0.00407	0.00201	0.00516
12	0.00538	0.00384	0.00512	0.00615	0.00641	0.00359	0.00410	0.00615	0.00846	0.01127	0.02434	0.84190	0.02921	0.01384	0.00564	0.00179	0.00256	0.01256	0.00410	0.00359
13	0.00722	0.00528	0.00712	0.00799	0.00903	0.00536	0.00679	0.00989	0.06910	0.01340	0.02309	0.13160	0.02494	0.01192	0.00593	0.00197	0.00386	0.64719	0.00410	0.00423
14	0.00743	0.00690	0.01234	0.01041	0.01206	0.00677	0.25682	0.00952	0.03598	0.01227	0.01773	0.46467	0.01960	0.04484	0.01942	0.00188	0.04436	0.00918	0.00333	0.00448
15	0.01036	0.01173	0.02505	0.01805	0.02216	0.01136	0.73751	0.01386	0.01013	0.01386	0.00868	0.01173	0.00663	0.00405	0.00596	0.00152	0.07416	0.00510	0.00221	0.00587
16	0.00538	0.00384	0.00512	0.00615	0.00641	0.00359	0.00410	0.00615	0.00846	0.01127	0.02434	0.84190	0.02921	0.01384	0.00564	0.00179	0.00256	0.01256	0.00410	0.00359
17	0.00543	0.00448	0.00477	0.00470	0.00610	0.00382	0.00352	0.00675	0.01057	0.01312	0.20294	0.04055	0.65650	0.01074	0.00522	0.00147	0.00221	0.00905	0.00426	0.00382
18	0.00899	0.02199	0.76375	0.01338	0.05247	0.01030	0.04054	0.01397	0.00939	0.01401	0.00797	0.00947	0.00569	0.00417	0.00423	0.00140	0.00650	0.00335	0.00189	0.00653
19	0.00963	0.23886	0.61266	0.01127	0.01708	0.01215	0.01402	0.01379	0.00923	0.01305	0.00746	0.00874	0.00561	0.00409	0.00384	0.00128	0.00605	0.00303	0.00187	0.00630
20	0.01569	0.01936	0.01215	0.01103	0.01334	0.70767	0.00831	0.01849	0.12907	0.01193	0.00846	0.00921	0.00683	0.00476	0.00406	0.00119	0.00731	0.00316	0.00260	0.00539
21	0.03635	0.01174	0.01242	0.00970	0.01309	0.03042	0.00794	0.61420	0.10190	0.06286	0.01139	0.01122	0.00815	0.00525	0.00433	0.00131	0.00463	0.00398	0.00431	0.04480

[dist]
# distance from previous block
# <min> <max>
0	1

[block]
# block no. 7 follows, 59 sequences, length 33
# corresponding to MSA columns:
# 1246-1278
name=unknown_H
#
# <colnr> <probs for GDERKNQSTAVLIFYWHMCP>
#	G	D	E	R	K	N	Q	S	T	A	V	L	I	F	Y	W	H	M	C	P
0	0.01014	0.00927	0.00948	0.09135	0.01250	0.07711	0.00700	0.01847	0.50020	0.01605	0.03733	0.01989	0.12221	0.00659	0.00456	0.00146	0.00388	0.02118	0.02534	0.00599
1	0.01181	0.84744	0.02314	0.00756	0.01134	0.01748	0.00756	0.01323	0.00897	0.01039	0.00614	0.00708	0.00567	0.00378	0.00283	0.00094	0.00472	0.00236	0.00189	0.00567
2	0.01036	0.00864	0.01025	0.00753	0.01130	0.00735	0.02986	0.13503	0.03074	0.01652	0.00890	0.02650	0.00733	0.00388	0.00359	0.00083	0.00364	0.00317	0.00296	0.67165
3	0.01106	0.01007	0.00976	0.00883	0.01113	0.08265	0.00677	0.02149	0.67000	0.01702	0.01734	0.01710	0.03114	0.05883	0.00560	0.00164	0.00391	0.00499	0.00417	0.00648
4	0.00631	0.00473	0.00710	0.00710	0.00789	0.00552	0.00552	0.00789	0.00710	0.01025	0.01183	0.01735	0.01104	0.03312	0.82728	0.00710	0.01183	0.00473	0.00237	0.00394
5	0.00615	0.00451	0.00576	0.00545	0.00654	0.00412	0.00409	0.00814	0.01227	0.01715	0.74001	0.03392	0.11691	0.00924	0.00521	0.00140	0.00210	0.00812	0.00479	0.00412
6	0.00898	0.05556	0.79021	0.01239	0.01881	0.01054	0.01597	0.01396	0.00931	0.01384	0.00786	0.00924	0.00560	0.00418	0.00414	0.00138	0.00646	0.00323	0.00187	0.00649
7	0.01181	0.84744	0.02314	0.00756	0.01134	0.01748	0.00756	0.01323	0.00897	0.01039	0.00614	0.00708	0.00567	0.00378	0.00283	0.00094	0.00472	0.00236	0.00189	0.00567
8	0.00642	0.00428	0.00482	0.00482	0.00482	0.00428	0.00268	0.00642	0.00642	0.00856	0.01392	0.02890	0.01606	0.84478	0.02248	0.00428	0.00428	0.00642	0.00268	0.00268
9	0.00538	0.00384	0.00512	0.00615	0.00641	0.00359	0.00410	0.00615	0.00846	0.01127	0.02434	0.84190	0.02921	0.01384	0.00564	0.00179	0.00256	0.01256	0.00410	0.00359
10	0.00538	0.00384	0.00512	0.00615	0.00641	0.00359	0.00410	0.00615	0.00846	0.01127	0.02434	0.84190	0.02921	0.01384	0.00564	0.00179	0.00256	0.01256	0.00410	0.00359
11	0.01099	0.00949	0.00999	0.00899	0.01148	0.01099	0.00699	0.02347	0.80925	0.01848	0.01798	0.01648	0.01348	0.00599	0.00449	0.00150	0.00350	0.00499	0.00449	0.00699
12	0.00949	0.00933	0.01355	0.01143	0.01175	0.01255	0.06051	0.01061	0.00707	0.01094	0.00674	0.01110	0.00661	0.05384	0.01396	0.00200	0.70902	0.00410	0.03066	0.00476
13	0.00834	0.00785	0.01325	0.83417	0.03042	0.00981	0.01227	0.01128	0.00883	0.01128	0.00785	0.01178	0.00589	0.00442	0.00442	0.00147	0.00589	0.00393	0.00196	0.00491
14	0.00983	0.00844	0.00891	0.00810	0.01036	0.00949	0.00627	0.01999	0.64279	0.01739	0.06037	0.02145	0.14364	0.00697	0.00464	0.00149	0.00323	0.00583	0.00445	0.00633
15	0.00642	0.00428	0.00482	0.00482	0.00482	0.00428	0.00268	0.00642	0.00642	0.00856	0.01392	0.02890	0.01606	0.84478	0.02248	0.00428	0.00428	0.00642	0.00268	0.00268
16	0.00554	0.00462	0.00482	0.00479	0.00621	0.00402	0.00359	0.00706	0.03428	0.01250	0.10109	0.05383	0.68508	0.03214	0.00566	0.00157	0.00235	0.02288	0.00413	0.00384
17	0.01142	0.28247	0.19095	0.01210	0.12225	0.06031	0.02533	0.08369	0.05172	0.01406	0.00802	0.00928	0.00649	0.00431	0.00417	0.00119	0.03875	0.00321	0.00236	0.06790
18	0.04076	0.06154	0.01324	0.01028	0.01333	0.29901	0.00824	0.43335	0.04464	0.02034	0.00916	0.00959	0.00690	0.00494	0.00413	0.00125	0.00585	0.00348	0.00348	0.00647
19	0.01144	0.00950	0.01184	0.00865	0.01252	0.00858	0.07769	0.23590	0.01257	0.01818	0.00873	0.00982	0.00683	0.00389	0.00377	0.00092	0.00410	0.00324	0.00309	0.54876
20	0.00651	0.00565	0.00933	0.00834	0.00971	0.00523	0.16359	0.00807	0.00950	0.01261	0.10865	0.44007	0.14137	0.02926	0.00583	0.00170	0.00350	0.02317	0.00378	0.00413
21	0.00848	0.09821	0.18521	0.02628	0.01185	0.03058	0.02863	0.02834	0.03816	0.01292	0.09394	0.20260	0.03542	0.03120	0.03135	0.00177	0.12086	0.00625	0.00295	0.00500
22	0.00619	0.00451	0.00581	0.00549	0.00656	0.00414	0.00412	0.00821	0.01235	0.01735	0.76618	0.03359	0.09062	0.00917	0.00521	0.00140	0.00209	0.00807	0.00481	0.00414
23	0.01765	0.00808	0.01026	0.00814	0.01133	0.00764	0.00667	0.09024	0.12197	0.59985	0.01771	0.01642	0.03077	0.00584	0.00451	0.00140	0.00379	0.02529	0.00517	0.00726
24	0.03719	0.07329	0.01546	0.04666	0.16929	0.29330	0.08585	0.15025	0.04138	0.03358	0.00858	0.00990	0.00673	0.00448	0.00418	0.00126	0.00617	0.00359	0.00275	0.00611
25	0.01051	0.01169	0.02475	0.01998	0.15064	0.01106	0.67468	0.01405	0.01037	0.01419	0.00883	0.01176	0.00675	0.00376	0.00508	0.00146	0.00709	0.00501	0.00223	0.00612
26	0.00538	0.00384	0.00512	0.00615	0.00641	0.00359	0.00410	0.00615	0.00846	0.01127	0.02434	0.84190	0.02921	0.01384	0.00564	0.00179	0.00256	0.01256	0.00410	0.00359
