[name]
unknown

[dist]
# distance from previous block
# <min> <max>
33	94

[block]
# block no. 0 follows, 54 sequences, length 8
# corresponding to MSA columns:
# 123-130
name=unknown_A
#
# <colnr> <probs for GDERKNQSTAVLIFYWHMCP>
#	G	D	E	R	K	N	Q	S	T	A	V	L	I	F	Y	W	H	M	C	P
0	0.01166	0.13355	0.14552	0.03701	0.09193	0.13849	0.04767	0.07403	0.01173	0.03705	0.06903	0.07543	0.05937	0.00743	0.03842	0.00166	0.00591	0.00511	0.00301	0.00597
1	0.00676	0.00453	0.00585	0.00643	0.00708	0.00422	0.00446	0.00778	0.00959	0.05356	0.08362	0.54595	0.10307	0.07730	0.03141	0.00221	0.00322	0.03457	0.00434	0.00406
2	0.03634	0.01326	0.10868	0.13164	0.31715	0.08314	0.05285	0.07353	0.02764	0.01549	0.00920	0.03115	0.00759	0.00507	0.00545	0.00150	0.06691	0.00428	0.00255	0.00658
3	0.01102	0.02624	0.07148	0.20561	0.29008	0.04673	0.04978	0.06232	0.04716	0.01500	0.02787	0.04656	0.00913	0.00559	0.00558	0.02147	0.04474	0.00466	0.00265	0.00633
4	0.00708	0.00625	0.03600	0.04231	0.01050	0.00563	0.08663	0.02496	0.00984	0.01317	0.06247	0.49218	0.04472	0.06684	0.00704	0.00201	0.00383	0.07025	0.00394	0.00436
5	0.00879	0.00439	0.00439	0.00439	0.00549	0.00439	0.00330	0.01099	0.00989	0.01758	0.01538	0.01758	0.01209	0.00549	0.00330	0.00110	0.00220	0.00439	0.86047	0.00439
6	0.22065	0.03741	0.04922	0.00935	0.03492	0.07029	0.00761	0.21394	0.05806	0.08558	0.03671	0.05639	0.01001	0.00562	0.00417	0.00138	0.00459	0.00426	0.00374	0.08610
7	0.03407	0.10442	0.01544	0.01219	0.05434	0.23117	0.08942	0.05258	0.04887	0.03088	0.06486	0.01324	0.01021	0.00584	0.00633	0.00144	0.14549	0.02616	0.00289	0.05015

[dist]
# distance from previous block
# <min> <max>
0	5

[block]
# block no. 1 follows, 54 sequences, length 16
# corresponding to MSA columns:
# 140-155
name=unknown_B
#
# <colnr> <probs for GDERKNQSTAVLIFYWHMCP>
#	G	D	E	R	K	N	Q	S	T	A	V	L	I	F	Y	W	H	M	C	P
0	0.01450	0.14539	0.04572	0.03183	0.06598	0.15469	0.00870	0.09765	0.10466	0.15952	0.06009	0.02782	0.01212	0.00596	0.00453	0.00140	0.00524	0.04388	0.00376	0.00657
1	0.01262	0.53811	0.16151	0.00954	0.01389	0.06602	0.00980	0.06177	0.06305	0.01349	0.00807	0.00894	0.00671	0.00442	0.00358	0.00117	0.00552	0.00301	0.00239	0.00639
2	0.01279	0.55132	0.09866	0.01064	0.06081	0.12515	0.00963	0.01470	0.01006	0.01180	0.00696	0.00833	0.00614	0.00444	0.00414	0.00117	0.05220	0.00288	0.00209	0.00610
3	0.00592	0.00429	0.00536	0.00609	0.00654	0.00398	0.00405	0.00672	0.00910	0.01196	0.05589	0.57964	0.13405	0.13296	0.00855	0.00224	0.00294	0.01181	0.00419	0.00373
4	0.01301	0.14214	0.06730	0.01079	0.06101	0.03155	0.05662	0.15547	0.05307	0.12898	0.03401	0.08253	0.01288	0.06929	0.01721	0.00178	0.00506	0.04724	0.00371	0.00633
5	0.02676	0.00499	0.00594	0.00597	0.00722	0.00454	0.00441	0.00864	0.01074	0.07057	0.18684	0.22140	0.30516	0.05379	0.02470	0.00194	0.00301	0.04457	0.00449	0.00432
6	0.00676	0.00441	0.00579	0.00658	0.00716	0.00405	0.00450	0.00767	0.00943	0.06511	0.02685	0.72815	0.07777	0.01400	0.00591	0.00186	0.00280	0.01261	0.00447	0.00412
7	0.01063	0.10178	0.51924	0.01275	0.04906	0.01184	0.02610	0.08166	0.07283	0.01607	0.01045	0.01160	0.02645	0.00555	0.02280	0.00158	0.00635	0.00385	0.00254	0.00688
8	0.00879	0.00439	0.00439	0.00439	0.00549	0.00439	0.00330	0.01099	0.00989	0.01758	0.01538	0.01758	0.01209	0.00549	0.00330	0.00110	0.00220	0.00439	0.86047	0.00439
9	0.00915	0.00574	0.00669	0.00607	0.00783	0.00519	0.00460	0.05414	0.01197	0.14486	0.18646	0.08051	0.37584	0.07140	0.00678	0.00178	0.00296	0.00846	0.00468	0.00487
10	0.02412	0.03569	0.01674	0.01283	0.01548	0.00891	0.34968	0.04910	0.01049	0.02673	0.01561	0.30009	0.01611	0.03676	0.03856	0.00202	0.02443	0.00807	0.00326	0.00532
11	0.01428	0.01298	0.01213	0.01041	0.01305	0.16327	0.00820	0.26747	0.29082	0.02027	0.01395	0.06227	0.01126	0.00712	0.02320	0.00164	0.05178	0.00496	0.00410	0.00685
12	0.00928	0.05810	0.00881	0.00779	0.03578	0.02686	0.00543	0.08484	0.04085	0.04685	0.01626	0.15413	0.03668	0.30310	0.14116	0.00357	0.00566	0.00686	0.00339	0.00458
13	0.01271	0.06723	0.06329	0.01582	0.24259	0.03980	0.03569	0.17256	0.15106	0.01854	0.03826	0.01283	0.00975	0.00522	0.00502	0.00141	0.04032	0.00432	0.00333	0.06024
14	0.01215	0.05980	0.04700	0.04403	0.01352	0.01031	0.03963	0.19831	0.08115	0.06188	0.01391	0.01483	0.07257	0.00779	0.06452	0.00176	0.04526	0.00446	0.00354	0.20358
15	0.01549	0.10192	0.07378	0.01096	0.01425	0.27698	0.00932	0.28325	0.07925	0.01892	0.03712	0.01121	0.00874	0.00542	0.00476	0.00135	0.03338	0.00385	0.00342	0.00663

[dist]
# distance from previous block
# <min> <max>
1	11

[block]
# block no. 2 follows, 54 sequences, length 23
# corresponding to MSA columns:
# 167-189
name=unknown_C
#
# <colnr> <probs for GDERKNQSTAVLIFYWHMCP>
#	G	D	E	R	K	N	Q	S	T	A	V	L	I	F	Y	W	H	M	C	P
0	0.00647	0.02638	0.00604	0.00591	0.00701	0.00455	0.00433	0.00771	0.01041	0.03047	0.14355	0.29910	0.32832	0.04937	0.00651	0.00183	0.00278	0.05074	0.00439	0.00411
1	0.01295	0.22266	0.04431	0.02880	0.01307	0.13061	0.00795	0.17361	0.03426	0.01640	0.01138	0.05327	0.04507	0.00539	0.00406	0.00118	0.00509	0.00406	0.00310	0.18278
2	0.04997	0.31560	0.10475	0.01070	0.05637	0.02713	0.06664	0.05367	0.06001	0.01420	0.01037	0.04231	0.02515	0.05859	0.00571	0.00151	0.03776	0.00414	0.00266	0.05277
3	0.06411	0.10328	0.15298	0.01527	0.19158	0.05807	0.08761	0.09915	0.04649	0.01650	0.02628	0.02980	0.00881	0.01656	0.00501	0.00146	0.02710	0.01468	0.00280	0.03246
4	0.00879	0.00439	0.00439	0.00439	0.00549	0.00439	0.00330	0.01099	0.00989	0.01758	0.01538	0.01758	0.01209	0.00549	0.00330	0.00110	0.00220	0.00439	0.86047	0.00439
5	0.01077	0.01184	0.02449	0.11707	0.04571	0.01159	0.60156	0.01440	0.01067	0.01458	0.00917	0.01243	0.00701	0.00424	0.00579	0.00156	0.04472	0.00517	0.00235	0.04486
6	0.01099	0.01225	0.05458	0.01404	0.05033	0.08611	0.11968	0.01279	0.00879	0.01238	0.00786	0.01252	0.00733	0.00720	0.01163	0.00187	0.52209	0.03981	0.00226	0.00551
7	0.01421	0.01981	0.02888	0.01266	0.17448	0.00815	0.02877	0.05418	0.04839	0.31621	0.16110	0.03221	0.03153	0.00668	0.00499	0.00150	0.00420	0.04065	0.00456	0.00683
8	0.00590	0.00470	0.00529	0.00532	0.00662	0.00409	0.00392	0.00733	0.01125	0.01436	0.25455	0.14119	0.49551	0.01166	0.00563	0.00160	0.00239	0.00999	0.00460	0.00409
9	0.04789	0.00459	0.00650	0.00642	0.00662	0.00484	0.00444	0.00685	0.00640	0.00914	0.00859	0.01462	0.00849	0.03378	0.08787	0.70769	0.02650	0.00416	0.00215	0.00248
10	0.02284	0.07371	0.10094	0.04137	0.06313	0.09734	0.04860	0.11251	0.14912	0.01688	0.06922	0.06228	0.02758	0.01684	0.00521	0.00156	0.01647	0.06469	0.00352	0.00619
11	0.00942	0.00987	0.07779	0.07188	0.01481	0.01050	0.11663	0.01152	0.00850	0.03617	0.01006	0.05199	0.00925	0.03170	0.20677	0.00329	0.30717	0.00502	0.00246	0.00522
12	0.00884	0.00860	0.03546	0.01078	0.06271	0.00821	0.14427	0.01415	0.22724	0.01571	0.08193	0.08299	0.26262	0.00833	0.00530	0.00159	0.00409	0.00748	0.00400	0.00569
13	0.01190	0.00922	0.01278	0.16301	0.10512	0.02633	0.05967	0.13847	0.09587	0.10444	0.03458	0.15799	0.04552	0.00723	0.00505	0.00157	0.00479	0.00639	0.00383	0.00624
14	0.01366	0.12119	0.16463	0.01346	0.08874	0.24097	0.09024	0.04902	0.04198	0.07134	0.01057	0.01173	0.03091	0.00566	0.02456	0.00151	0.00673	0.00394	0.00277	0.00639
15	0.00601	0.00447	0.00546	0.00604	0.00676	0.00410	0.00424	0.00705	0.00974	0.01263	0.09314	0.42695	0.23531	0.09504	0.00769	0.00208	0.00289	0.06227	0.00429	0.00386
16	0.00857	0.00734	0.01010	0.06369	0.01238	0.00769	0.08405	0.01380	0.23677	0.01522	0.04401	0.18990	0.12309	0.00978	0.00556	0.00176	0.00402	0.15276	0.00416	0.00535
17	0.03317	0.26760	0.02780	0.05193	0.09845	0.14671	0.00893	0.09704	0.04670	0.05999	0.02724	0.04100	0.00949	0.00674	0.04172	0.00159	0.00583	0.01888	0.00299	0.00621
18	0.05400	0.24363	0.05132	0.01129	0.06556	0.34647	0.00893	0.03236	0.03092	0.03108	0.00846	0.03345	0.00728	0.00485	0.00393	0.00121	0.00633	0.00338	0.00257	0.05298
19	0.01235	0.13832	0.20104	0.03949	0.14757	0.03758	0.05021	0.08191	0.06445	0.09255	0.02281	0.03897	0.02451	0.00589	0.02087	0.00154	0.00569	0.00443	0.00306	0.00676
20	0.01299	0.01420	0.01065	0.02945	0.01173	0.41558	0.00735	0.03367	0.01088	0.01154	0.04555	0.01399	0.00984	0.08836	0.08586	0.14021	0.04691	0.00412	0.00258	0.00455
21	0.00590	0.00456	0.00538	0.00565	0.00669	0.00404	0.00406	0.00722	0.01081	0.01401	0.22413	0.30306	0.36296	0.01232	0.00572	0.00167	0.00246	0.01075	0.00458	0.00404
22	0.01082	0.06355	0.26383	0.08375	0.12685	0.04933	0.10202	0.07017	0.02977	0.01519	0.03334	0.01272	0.00857	0.02760	0.06443	0.00198	0.02293	0.00427	0.00254	0.00637

[dist]
# distance from previous block
# <min> <max>
0	2

[block]
# block no. 3 follows, 54 sequences, length 7
# corresponding to MSA columns:
# 192-198
name=unknown_D
#
# <colnr> <probs for GDERKNQSTAVLIFYWHMCP>
#	G	D	E	R	K	N	Q	S	T	A	V	L	I	F	Y	W	H	M	C	P
0	0.00757	0.00581	0.00760	0.00889	0.08331	0.00577	0.00569	0.05119	0.05419	0.01383	0.05660	0.44298	0.07060	0.11406	0.00796	0.00213	0.00347	0.04973	0.00407	0.00455
1	0.00909	0.00576	0.00733	0.03913	0.00925	0.00562	0.00544	0.03105	0.07528	0.12945	0.09911	0.38970	0.09489	0.04358	0.00629	0.00184	0.00325	0.03444	0.00456	0.00495
2	0.03308	0.01109	0.06925	0.12863	0.20899	0.04159	0.09267	0.07274	0.05242	0.01580	0.03617	0.05314	0.01014	0.00582	0.00530	0.03868	0.00541	0.01843	0.00288	0.09777
3	0.02945	0.03388	0.09184	0.09613	0.19405	0.01037	0.06033	0.08020	0.02755	0.03501	0.00984	0.02963	0.00818	0.00503	0.00517	0.00135	0.05995	0.02255	0.00280	0.19669
4	0.04680	0.00912	0.06616	0.01018	0.07670	0.00830	0.02542	0.06625	0.09269	0.09142	0.10813	0.06578	0.03851	0.03547	0.10079	0.00225	0.03609	0.00552	0.00369	0.11075
5	0.00879	0.00439	0.00439	0.00439	0.00549	0.00439	0.00330	0.01099	0.00989	0.01758	0.01538	0.01758	0.01209	0.00549	0.00330	0.00110	0.00220	0.00439	0.86047	0.00439
6	0.28982	0.01007	0.03692	0.09263	0.08951	0.01017	0.10351	0.06150	0.01032	0.05063	0.01006	0.01275	0.02623	0.00503	0.00458	0.00144	0.03713	0.03239	0.00296	0.11237

[dist]
# distance from previous block
# <min> <max>
5	19

[block]
# block no. 4 follows, 54 sequences, length 15
# corresponding to MSA columns:
# 222-236
name=unknown_E
#
# <colnr> <probs for GDERKNQSTAVLIFYWHMCP>
#	G	D	E	R	K	N	Q	S	T	A	V	L	I	F	Y	W	H	M	C	P
0	0.03328	0.06737	0.05432	0.03930	0.08319	0.07373	0.01813	0.17305	0.03766	0.14610	0.02568	0.01299	0.03416	0.00545	0.00518	0.00136	0.06359	0.00414	0.00359	0.11775
1	0.33666	0.02841	0.06186	0.00827	0.03737	0.00873	0.03029	0.05420	0.01107	0.09510	0.20095	0.05038	0.04603	0.00652	0.00429	0.00148	0.00379	0.00520	0.00383	0.00555
2	0.02563	0.15751	0.02897	0.03040	0.02596	0.10216	0.08396	0.16795	0.02648	0.08783	0.04066	0.07423	0.01087	0.00769	0.04918	0.00177	0.06431	0.00485	0.00337	0.00622
3	0.00805	0.00570	0.00761	0.00771	0.02751	0.00603	0.00562	0.04236	0.05189	0.04638	0.07510	0.14486	0.06797	0.08694	0.33740	0.03362	0.00723	0.02993	0.00353	0.00455
4	0.00646	0.00427	0.00552	0.00603	0.00638	0.00404	0.00399	0.00662	0.00839	0.01105	0.04821	0.41567	0.10978	0.14225	0.01146	0.18982	0.00326	0.00982	0.00366	0.00333
5	0.04421	0.14555	0.01569	0.03810	0.16775	0.07218	0.00944	0.23940	0.06100	0.12096	0.01117	0.01233	0.00854	0.01700	0.00465	0.00141	0.00521	0.01472	0.00362	0.00706
6	0.00879	0.00439	0.00439	0.00439	0.00549	0.00439	0.00330	0.01099	0.00989	0.01758	0.01538	0.01758	0.01209	0.00549	0.00330	0.00110	0.00220	0.00439	0.86047	0.00439
7	0.00681	0.00476	0.00573	0.00591	0.00703	0.00425	0.00429	0.00809	0.01065	0.05814	0.16920	0.29888	0.31626	0.04421	0.00642	0.00181	0.00272	0.03611	0.00454	0.00421
8	0.00773	0.00709	0.04682	0.00883	0.07722	0.02999	0.00634	0.00942	0.01073	0.04044	0.16503	0.22933	0.24849	0.01063	0.00604	0.00166	0.04660	0.03880	0.00409	0.00473
9	0.01226	0.38721	0.18024	0.01404	0.15842	0.07356	0.05861	0.04057	0.01066	0.01354	0.00775	0.00929	0.00643	0.00426	0.00392	0.00124	0.00597	0.00330	0.00221	0.00653
10	0.01159	0.01253	0.03778	0.19279	0.31413	0.13847	0.08024	0.01418	0.01062	0.01374	0.03756	0.01214	0.00816	0.00502	0.00583	0.00150	0.09087	0.00427	0.00237	0.00621
11	0.01096	0.00887	0.01427	0.33474	0.28142	0.00960	0.01157	0.04299	0.01070	0.09405	0.01211	0.12552	0.01072	0.00608	0.00488	0.00154	0.00530	0.00552	0.00297	0.00617
12	0.01130	0.13818	0.25021	0.01060	0.01493	0.06822	0.05459	0.08505	0.04199	0.03091	0.01185	0.07594	0.03032	0.00570	0.00440	0.00134	0.00547	0.02469	0.00291	0.13137
13	0.01186	0.09804	0.10543	0.09191	0.14494	0.02092	0.05322	0.17989	0.04568	0.03233	0.04481	0.03590	0.07490	0.00605	0.00486	0.00146	0.01568	0.02232	0.00329	0.00650
14	0.00705	0.00501	0.00610	0.00614	0.00741	0.00459	0.00462	0.00887	0.03011	0.05540	0.24447	0.19510	0.29799	0.01231	0.03352	0.00187	0.00303	0.06738	0.00462	0.00441

[dist]
# distance from previous block
# <min> <max>
0	2

[block]
# block no. 5 follows, 54 sequences, length 21
# corresponding to MSA columns:
# 244-264
name=unknown_F
#
# <colnr> <probs for GDERKNQSTAVLIFYWHMCP>
#	G	D	E	R	K	N	Q	S	T	A	V	L	I	F	Y	W	H	M	C	P
0	0.08210	0.27313	0.02781	0.01080	0.06255	0.20244	0.00860	0.17094	0.05370	0.01684	0.04324	0.01056	0.00857	0.00496	0.00397	0.00126	0.00564	0.00352	0.00303	0.00634
1	0.02601	0.01124	0.01190	0.02954	0.13027	0.15077	0.01592	0.11343	0.02646	0.05172	0.06415	0.09617	0.02840	0.00604	0.00451	0.00127	0.00486	0.00502	0.00341	0.21890
2	0.07077	0.10259	0.09146	0.02941	0.07641	0.07138	0.16113	0.07033	0.07196	0.04689	0.05686	0.02739	0.04998	0.00550	0.00481	0.00143	0.02220	0.00476	0.00312	0.03163
3	0.00879	0.00439	0.00439	0.00439	0.00549	0.00439	0.00330	0.01099	0.00989	0.01758	0.01538	0.01758	0.01209	0.00549	0.00330	0.00110	0.00220	0.00439	0.86047	0.00439
4	0.00993	0.00891	0.01319	0.14506	0.04766	0.02876	0.13677	0.09363	0.07488	0.01548	0.06920	0.07165	0.12791	0.00800	0.00661	0.05723	0.04738	0.02894	0.00339	0.00543
5	0.04805	0.09250	0.06082	0.08879	0.06313	0.09577	0.11123	0.12940	0.07964	0.11628	0.02930	0.01282	0.00908	0.02197	0.00514	0.00150	0.02029	0.00431	0.00337	0.00659
6	0.00832	0.00653	0.00882	0.00820	0.00938	0.00731	0.02951	0.04047	0.07187	0.03170	0.03705	0.06142	0.09699	0.10852	0.30805	0.00422	0.09536	0.05827	0.00332	0.00470
7	0.00576	0.00467	0.00507	0.00521	0.00649	0.00402	0.00379	0.00698	0.01066	0.01323	0.12862	0.17232	0.57197	0.03223	0.00609	0.00171	0.00248	0.01028	0.00443	0.00398
8	0.01153	0.03649	0.06205	0.10248	0.07629	0.13932	0.29590	0.01466	0.03167	0.02768	0.01143	0.05316	0.02770	0.00565	0.00563	0.00156	0.05077	0.03744	0.00266	0.00593
9	0.00921	0.00878	0.01522	0.64823	0.10235	0.01034	0.07012	0.01234	0.00987	0.01293	0.04887	0.01365	0.00840	0.00486	0.00482	0.00155	0.00614	0.00451	0.00230	0.00549
10	0.00810	0.00510	0.00625	0.00633	0.00753	0.00463	0.00455	0.02984	0.01060	0.11506	0.07834	0.40696	0.23894	0.04698	0.00643	0.00184	0.00292	0.01053	0.00456	0.00452
11	0.01073	0.05707	0.43410	0.01241	0.04709	0.03345	0.03178	0.10701	0.01127	0.02600	0.01135	0.03185	0.04550	0.03154	0.03726	0.00183	0.05633	0.00435	0.00263	0.00647
12	0.03270	0.01075	0.08155	0.02895	0.01178	0.13315	0.03735	0.06570	0.04765	0.10076	0.05387	0.08188	0.01247	0.04861	0.02545	0.20866	0.00526	0.00518	0.00327	0.00501
13	0.00756	0.00534	0.00648	0.00634	0.00759	0.00505	0.00466	0.03948	0.04917	0.05239	0.32555	0.25052	0.18154	0.02899	0.00598	0.00169	0.00271	0.00960	0.00476	0.00460
14	0.03858	0.00689	0.00857	0.00737	0.00975	0.00634	0.00573	0.05437	0.04246	0.33311	0.09274	0.19310	0.09972	0.02706	0.00548	0.00160	0.00344	0.00733	0.00491	0.05144
15	0.10025	0.00670	0.00643	0.00615	0.00665	0.06687	0.00395	0.00874	0.00749	0.01072	0.01295	0.02564	0.01446	0.64065	0.01981	0.00386	0.04651	0.00597	0.00279	0.00341
16	0.01331	0.09690	0.04532	0.01059	0.01380	0.12565	0.08071	0.24010	0.03999	0.01811	0.04135	0.01355	0.02855	0.04997	0.02507	0.00164	0.04740	0.00432	0.00331	0.10033
17	0.01180	0.68837	0.02240	0.00832	0.01189	0.01652	0.04869	0.01325	0.00932	0.01106	0.00776	0.01078	0.00751	0.10885	0.00581	0.00149	0.00514	0.00323	0.00214	0.00566
18	0.00817	0.00608	0.00849	0.02860	0.04874	0.00613	0.03548	0.03863	0.00830	0.01157	0.01226	0.04189	0.01251	0.30426	0.20108	0.12020	0.00646	0.00547	0.00271	0.09298
19	0.01058	0.06316	0.05243	0.29133	0.12152	0.01056	0.13343	0.06637	0.01117	0.04527	0.03445	0.03960	0.04767	0.00579	0.00492	0.00154	0.00575	0.04566	0.00286	0.00596
20	0.00932	0.00706	0.00800	0.00724	0.00892	0.06137	0.04219	0.05788	0.01116	0.08640	0.07001	0.12287	0.31093	0.06734	0.00786	0.07944	0.00379	0.02962	0.00403	0.00458

[dist]
# distance from previous block
# <min> <max>
0	1

[block]
# block no. 6 follows, 54 sequences, length 8
# corresponding to MSA columns:
# 266-273
name=unknown_G
#
# <colnr> <probs for GDERKNQSTAVLIFYWHMCP>
#	G	D	E	R	K	N	Q	S	T	A	V	L	I	F	Y	W	H	M	C	P
0	0.14468	0.05342	0.01218	0.01160	0.13428	0.01098	0.00798	0.12573	0.23541	0.10569	0.01431	0.01493	0.03684	0.04374	0.00526	0.00159	0.00430	0.00453	0.00393	0.02861
1	0.01209	0.08793	0.05472	0.03111	0.05404	0.15422	0.00858	0.05958	0.03808	0.04972	0.01172	0.05334	0.01073	0.00681	0.02014	0.00148	0.06535	0.09452	0.00309	0.18274
2	0.00674	0.00467	0.00543	0.00546	0.00577	0.00464	0.00341	0.00717	0.00774	0.01025	0.05229	0.03246	0.09772	0.62410	0.07972	0.00427	0.00484	0.03697	0.00314	0.00320
3	0.00798	0.00653	0.04186	0.00818	0.04663	0.00591	0.00595	0.05037	0.05121	0.04288	0.09957	0.34231	0.10323	0.07082	0.06844	0.00236	0.00413	0.03280	0.00410	0.00475
4	0.03874	0.04309	0.10559	0.04003	0.24412	0.09953	0.05350	0.07981	0.09961	0.04845	0.03449	0.03149	0.00960	0.00511	0.00456	0.00140	0.00557	0.00438	0.00308	0.04785
5	0.03991	0.36682	0.04519	0.02575	0.03028	0.05665	0.02572	0.10286	0.01145	0.11260	0.01000	0.01101	0.02624	0.00617	0.03234	0.00152	0.08264	0.00360	0.00294	0.00632
6	0.00848	0.00437	0.00450	0.00461	0.00563	0.00434	0.00341	0.01054	0.00980	0.01702	0.01645	0.09980	0.01402	0.00643	0.00357	0.00118	0.00225	0.00531	0.77395	0.00434
7	0.08823	0.02727	0.07206	0.01198	0.04309	0.13702	0.14064	0.13697	0.06623	0.06522	0.04606	0.03531	0.01114	0.05085	0.01942	0.00175	0.00589	0.03128	0.00341	0.00618

[dist]
# distance from previous block
# <min> <max>
6	21

[block]
# block no. 7 follows, 54 sequences, length 12
# corresponding to MSA columns:
# 295-306
name=unknown_H
#
# <colnr> <probs for GDERKNQSTAVLIFYWHMCP>
#	G	D	E	R	K	N	Q	S	T	A	V	L	I	F	Y	W	H	M	C	P
0	0.05761	0.01278	0.05476	0.05084	0.02395	0.01176	0.68614	0.01491	0.01085	0.01530	0.00929	0.01234	0.00696	0.00404	0.00535	0.00158	0.00761	0.00527	0.00239	0.00627
1	0.39560	0.00832	0.00853	0.00795	0.03081	0.00906	0.03154	0.08999	0.06546	0.03744	0.01550	0.17615	0.07128	0.02731	0.00473	0.00164	0.00376	0.00592	0.00366	0.00534
2	0.07957	0.06460	0.23481	0.07383	0.04234	0.01127	0.24016	0.05228	0.04483	0.03411	0.01038	0.05304	0.00844	0.02362	0.00516	0.00158	0.00622	0.00476	0.00268	0.00632
3	0.01043	0.00888	0.00949	0.00869	0.01104	0.00998	0.00676	0.02100	0.61009	0.01863	0.08798	0.02362	0.11069	0.00756	0.00501	0.00161	0.00347	0.03362	0.00476	0.00669
4	0.00729	0.00470	0.00600	0.00632	0.00727	0.00425	0.00449	0.00851	0.01049	0.08611	0.16612	0.48339	0.16213	0.01257	0.00575	0.00174	0.00270	0.01117	0.00465	0.00435
5	0.01431	0.03084	0.15672	0.01238	0.09185	0.06362	0.06409	0.11717	0.04133	0.23155	0.05040	0.04847	0.04388	0.00598	0.00480	0.00147	0.00524	0.00506	0.00392	0.00693
6	0.00879	0.00439	0.00439	0.00439	0.00549	0.00439	0.00330	0.01099	0.00989	0.01758	0.01538	0.01758	0.01209	0.00549	0.00330	0.00110	0.00220	0.00439	0.86047	0.00439
7	0.00574	0.00410	0.00547	0.00657	0.00684	0.00383	0.00438	0.00657	0.00903	0.01204	0.02599	0.83122	0.03119	0.01477	0.00602	0.00191	0.00274	0.01340	0.00438	0.00383
8	0.01065	0.01181	0.02524	0.05657	0.02350	0.01120	0.67865	0.01442	0.01114	0.01510	0.04871	0.01559	0.00981	0.00468	0.00557	0.00161	0.00743	0.03958	0.00259	0.00612
9	0.03091	0.02900	0.22078	0.05392	0.03424	0.16588	0.12809	0.13154	0.04574	0.07132	0.02228	0.01231	0.00823	0.00506	0.00468	0.00145	0.00653	0.01839	0.00305	0.00662
10	0.01199	0.01222	0.01443	0.02953	0.10059	0.16079	0.08126	0.07188	0.08841	0.01465	0.03658	0.06193	0.01041	0.00818	0.04965	0.00194	0.23183	0.00495	0.00292	0.00587
11	0.09984	0.02902	0.06055	0.04630	0.00981	0.00628	0.00591	0.01063	0.01082	0.09349	0.21118	0.13611	0.20767	0.03011	0.02030	0.00174	0.00349	0.00770	0.00416	0.00488

[dist]
# distance from previous block
# <min> <max>
1	3

[block]
# block no. 8 follows, 54 sequences, length 13
# corresponding to MSA columns:
# 311-323
name=unknown_I
#
# <colnr> <probs for GDERKNQSTAVLIFYWHMCP>
#	G	D	E	R	K	N	Q	S	T	A	V	L	I	F	Y	W	H	M	C	P
0	0.03692	0.04088	0.10662	0.03963	0.08676	0.16468	0.05840	0.09879	0.05667	0.04788	0.03282	0.10821	0.06820	0.00734	0.02395	0.00162	0.00573	0.00555	0.00331	0.00603
1	0.00673	0.00501	0.00633	0.00697	0.02566	0.00473	0.00472	0.04747	0.01032	0.01378	0.10775	0.54050	0.12059	0.04825	0.00654	0.00188	0.00293	0.01127	0.00433	0.02423
2	0.06988	0.12731	0.22027	0.08816	0.01827	0.07890	0.13082	0.08657	0.04568	0.01583	0.00881	0.01048	0.00676	0.00462	0.00458	0.00139	0.02481	0.00377	0.00258	0.05053
3	0.04604	0.06093	0.04836	0.01113	0.06562	0.03726	0.09882	0.08269	0.01158	0.10155	0.06091	0.07080	0.01147	0.00565	0.00505	0.00131	0.05016	0.00475	0.00335	0.22258
4	0.01168	0.09479	0.17050	0.01449	0.14775	0.08724	0.11359	0.04474	0.06679	0.03630	0.06883	0.02674	0.01060	0.00505	0.00455	0.00136	0.00572	0.00442	0.00290	0.08198
5	0.00879	0.00439	0.00439	0.00439	0.00549	0.00439	0.00330	0.01099	0.00989	0.01758	0.01538	0.01758	0.01209	0.00549	0.00330	0.00110	0.00220	0.00439	0.86047	0.00439
6	0.01023	0.00996	0.01789	0.14119	0.37480	0.01018	0.17196	0.01304	0.01044	0.01444	0.02985	0.09303	0.01130	0.00591	0.00537	0.00157	0.02648	0.04343	0.00266	0.00628
7	0.01306	0.00975	0.01376	0.15399	0.23065	0.01023	0.01016	0.14736	0.07027	0.13781	0.02764	0.03738	0.04406	0.00572	0.00497	0.00146	0.02224	0.00488	0.00363	0.05100
8	0.04906	0.01513	0.30561	0.09537	0.01869	0.01080	0.11615	0.06966	0.01092	0.11241	0.01061	0.05369	0.00829	0.00563	0.00592	0.00159	0.09653	0.00458	0.00289	0.00647
9	0.00604	0.00478	0.00546	0.00547	0.00679	0.00419	0.00412	0.00759	0.01148	0.01476	0.29001	0.09584	0.46613	0.01144	0.00565	0.00161	0.00246	0.04741	0.00464	0.00414
10	0.01035	0.00866	0.00842	0.00818	0.00958	0.13721	0.00603	0.06594	0.07305	0.07282	0.03338	0.34094	0.03476	0.05833	0.08713	0.00241	0.00513	0.02870	0.00397	0.00500
11	0.01177	0.00958	0.03480	0.15205	0.11643	0.01076	0.02545	0.03659	0.04216	0.13690	0.05628	0.01561	0.01086	0.00742	0.02937	0.00185	0.25517	0.03773	0.00317	0.00606
12	0.00604	0.00452	0.00565	0.00619	0.00701	0.00412	0.00447	0.00735	0.01045	0.01375	0.18673	0.42202	0.21540	0.01293	0.00586	0.00177	0.00268	0.07448	0.00454	0.00403

[dist]
# distance from previous block
# <min> <max>
0	12

[block]
# block no. 9 follows, 54 sequences, length 17
# corresponding to MSA columns:
# 336-352
name=unknown_J
#
# <colnr> <probs for GDERKNQSTAVLIFYWHMCP>
#	G	D	E	R	K	N	Q	S	T	A	V	L	I	F	Y	W	H	M	C	P
0	0.00997	0.01146	0.09382	0.06221	0.08370	0.00998	0.35779	0.03963	0.05576	0.01551	0.06782	0.08375	0.07417	0.00617	0.00530	0.00158	0.00599	0.00630	0.00305	0.00604
1	0.00618	0.00446	0.00571	0.00644	0.00691	0.00424	0.00439	0.00744	0.02999	0.01274	0.10524	0.58515	0.05964	0.10108	0.00785	0.00214	0.00295	0.03924	0.00431	0.00391
2	0.00770	0.07101	0.00833	0.00683	0.00755	0.00696	0.00498	0.02519	0.00770	0.01055	0.01279	0.02275	0.01342	0.40078	0.32179	0.00522	0.05432	0.00562	0.00266	0.00386
3	0.01043	0.03121	0.09785	0.05369	0.08377	0.00719	0.02932	0.01275	0.01095	0.15875	0.07950	0.18413	0.04706	0.00910	0.00538	0.00170	0.00436	0.16321	0.00401	0.00563
4	0.01847	0.05183	0.01143	0.00841	0.01177	0.04124	0.00693	0.09674	0.01396	0.56313	0.06025	0.01775	0.06382	0.00628	0.00473	0.00143	0.00417	0.00505	0.00526	0.00736
5	0.00879	0.00439	0.00439	0.00439	0.00549	0.00439	0.00330	0.01099	0.00989	0.01758	0.01538	0.01758	0.01209	0.00549	0.00330	0.00110	0.00220	0.00439	0.86047	0.00439
6	0.05066	0.01170	0.05937	0.02095	0.05597	0.10368	0.03051	0.16548	0.07728	0.22698	0.05565	0.05130	0.04750	0.00638	0.00477	0.00147	0.00491	0.01438	0.00428	0.00679
7	0.01098	0.18795	0.20868	0.01206	0.04209	0.04328	0.14148	0.01456	0.05102	0.05038	0.09318	0.04215	0.02787	0.00559	0.00485	0.00141	0.02826	0.00479	0.00289	0.02654
8	0.01185	0.68698	0.12940	0.00872	0.01296	0.01689	0.00915	0.01386	0.00960	0.01166	0.00776	0.04824	0.00727	0.00462	0.00337	0.00112	0.00519	0.00318	0.00213	0.00607
9	0.02662	0.00885	0.01469	0.11832	0.08123	0.00978	0.16527	0.02832	0.00975	0.05495	0.04745	0.10966	0.02795	0.03208	0.03762	0.03782	0.17542	0.00593	0.00292	0.00537
10	0.01066	0.00999	0.05674	0.09977	0.17742	0.02877	0.07651	0.08385	0.05317	0.05442	0.01880	0.04391	0.15362	0.03174	0.00562	0.00163	0.00498	0.05791	0.00340	0.02708
11	0.01181	0.01095	0.01488	0.26504	0.25558	0.08426	0.01163	0.08838	0.03320	0.03607	0.00975	0.01356	0.00809	0.03937	0.00644	0.00165	0.07793	0.02249	0.00271	0.00620
12	0.00663	0.00454	0.00550	0.00571	0.00587	0.00459	0.00352	0.00699	0.00736	0.00992	0.01671	0.18246	0.01918	0.58028	0.11691	0.00443	0.00520	0.00789	0.00311	0.00321
13	0.00879	0.00439	0.00439	0.00439	0.00549	0.00439	0.00330	0.01099	0.00989	0.01758	0.01538	0.01758	0.01209	0.00549	0.00330	0.00110	0.00220	0.00439	0.86047	0.00439
14	0.06385	0.01011	0.01255	0.04422	0.07648	0.04189	0.06021	0.11312	0.01185	0.07996	0.00953	0.01076	0.00736	0.00420	0.00403	0.00107	0.00455	0.00349	0.00318	0.43759
15	0.02771	0.27675	0.06745	0.01241	0.01624	0.17255	0.20432	0.07975	0.03560	0.01443	0.00892	0.03473	0.00749	0.00481	0.00445	0.00133	0.01827	0.00402	0.00258	0.00618
16	0.00793	0.01139	0.26862	0.00823	0.01134	0.00673	0.00845	0.01080	0.02848	0.04534	0.11375	0.07238	0.24238	0.10995	0.03192	0.00210	0.00456	0.00703	0.00352	0.00511

[dist]
# distance from previous block
# <min> <max>
5	23

[block]
# block no. 10 follows, 54 sequences, length 41
# corresponding to MSA columns:
# 378-418
name=unknown_K
#
# <colnr> <probs for GDERKNQSTAVLIFYWHMCP>
#	G	D	E	R	K	N	Q	S	T	A	V	L	I	F	Y	W	H	M	C	P
0	0.01123	0.03876	0.06880	0.14449	0.18556	0.04162	0.19562	0.03917	0.03064	0.04548	0.02190	0.02816	0.00966	0.00542	0.00525	0.00153	0.02882	0.06189	0.00278	0.03323
1	0.00879	0.00439	0.00439	0.00439	0.00549	0.00439	0.00330	0.01099	0.00989	0.01758	0.01538	0.01758	0.01209	0.00549	0.00330	0.00110	0.00220	0.00439	0.86047	0.00439
2	0.01146	0.01265	0.07012	0.09948	0.05811	0.03836	0.46377	0.04530	0.02388	0.04296	0.01015	0.03864	0.00800	0.00487	0.00580	0.00159	0.05069	0.00524	0.00263	0.00630
3	0.02741	0.30574	0.26357	0.01147	0.05022	0.11739	0.02586	0.04388	0.03167	0.03213	0.00943	0.01118	0.02191	0.00483	0.00404	0.00130	0.00602	0.02312	0.00246	0.00638
4	0.01102	0.01252	0.05600	0.03747	0.08660	0.01193	0.55484	0.03486	0.01084	0.01497	0.00950	0.03185	0.00761	0.00478	0.00645	0.00162	0.09303	0.00534	0.00243	0.00631
5	0.00572	0.00420	0.00537	0.00631	0.00677	0.00385	0.00426	0.00659	0.00927	0.01214	0.02910	0.71898	0.14142	0.01437	0.00595	0.00187	0.00269	0.01291	0.00438	0.00385
6	0.04497	0.00744	0.00813	0.00741	0.00919	0.02144	0.00553	0.10135	0.16576	0.09363	0.04693	0.14121	0.12670	0.15063	0.00875	0.02918	0.00379	0.01836	0.00424	0.00534
7	0.00890	0.00833	0.01438	0.50495	0.11310	0.00964	0.07493	0.01174	0.00942	0.01251	0.01012	0.05845	0.00866	0.00962	0.12311	0.00245	0.00707	0.00494	0.00233	0.00535
8	0.00915	0.07639	0.01477	0.60467	0.02700	0.01095	0.03662	0.01193	0.00950	0.01230	0.04249	0.01383	0.02527	0.00599	0.02531	0.00170	0.06017	0.00442	0.00229	0.00525
9	0.08357	0.17346	0.34982	0.01349	0.01884	0.01278	0.22648	0.04180	0.01047	0.01530	0.00834	0.01012	0.00631	0.00429	0.00438	0.00142	0.00653	0.00382	0.00228	0.00651
10	0.03329	0.01007	0.01692	0.24978	0.41337	0.01063	0.07695	0.04040	0.01081	0.01508	0.03595	0.01409	0.04219	0.00489	0.00478	0.00148	0.00568	0.00465	0.00255	0.00646
11	0.02570	0.00840	0.07382	0.00876	0.01032	0.07380	0.06461	0.02306	0.02887	0.01338	0.04249	0.54124	0.02415	0.01153	0.00559	0.00177	0.00407	0.02992	0.00388	0.00463
12	0.00584	0.00483	0.00516	0.00530	0.00678	0.00415	0.00407	0.00717	0.01081	0.01311	0.07440	0.07104	0.66500	0.01206	0.00569	0.00166	0.00260	0.09190	0.00441	0.00403
13	0.10942	0.00863	0.01031	0.00827	0.01142	0.00847	0.00676	0.16219	0.03363	0.42481	0.11287	0.01822	0.03189	0.00644	0.00470	0.00148	0.00394	0.02433	0.00514	0.00708
14	0.03932	0.01186	0.05222	0.09694	0.09522	0.03179	0.19793	0.22838	0.01357	0.01857	0.01134	0.03522	0.00965	0.00599	0.00570	0.00160	0.05593	0.07913	0.00321	0.00645
15	0.01362	0.67269	0.02242	0.00889	0.01260	0.17948	0.00828	0.01507	0.01034	0.01118	0.00670	0.00775	0.00606	0.00420	0.00327	0.00105	0.00574	0.00263	0.00210	0.00593
16	0.00670	0.00503	0.00740	0.00740	0.00824	0.00579	0.00571	0.00831	0.00765	0.01094	0.01381	0.01981	0.03685	0.06335	0.76169	0.00728	0.01202	0.00527	0.00260	0.00415
17	0.01012	0.00971	0.01681	0.42785	0.35602	0.01072	0.05610	0.01312	0.01006	0.01363	0.00902	0.02957	0.00736	0.00467	0.00477	0.00151	0.00601	0.00447	0.00226	0.00621
18	0.00725	0.00536	0.00651	0.00640	0.00760	0.02480	0.00490	0.00918	0.01235	0.03873	0.50698	0.10739	0.13138	0.01055	0.00566	0.00161	0.00275	0.10128	0.00487	0.00445
19	0.01792	0.01321	0.01415	0.01085	0.01462	0.01462	0.00896	0.78916	0.02217	0.02972	0.01132	0.01132	0.00802	0.00566	0.00472	0.00142	0.00519	0.00425	0.00472	0.00802
20	0.01091	0.01045	0.01708	0.19021	0.49961	0.01153	0.01330	0.01398	0.04348	0.01432	0.00883	0.01192	0.00734	0.00497	0.00620	0.00154	0.12104	0.00424	0.00235	0.00668
21	0.84373	0.00910	0.00713	0.02890	0.00977	0.01057	0.00533	0.01381	0.00806	0.02090	0.00662	0.00780	0.00514	0.00439	0.00297	0.00146	0.00372	0.00260	0.00290	0.00511
22	0.00578	0.00412	0.00546	0.00652	0.00678	0.00386	0.00432	0.00658	0.00895	0.01194	0.02561	0.80372	0.03070	0.04292	0.00664	0.00201	0.00280	0.01318	0.00432	0.00380
23	0.01232	0.00676	0.00866	0.00755	0.00972	0.00645	0.00604	0.05690	0.07464	0.26683	0.36997	0.02844	0.02802	0.00834	0.00530	0.00155	0.00329	0.08798	0.00525	0.00599
24	0.01073	0.01024	0.01744	0.29934	0.54184	0.01096	0.01400	0.01365	0.01029	0.01426	0.00870	0.01198	0.00707	0.00438	0.00468	0.00146	0.00583	0.00420	0.00225	0.00671
25	0.01973	0.00885	0.01130	0.00875	0.01228	0.00830	0.00719	0.15695	0.03471	0.61798	0.05077	0.01607	0.01250	0.00598	0.00477	0.00146	0.00414	0.00483	0.00559	0.00786
26	0.00879	0.00439	0.00439	0.00439	0.00549	0.00439	0.00330	0.01099	0.00989	0.01758	0.01538	0.01758	0.01209	0.00549	0.00330	0.00110	0.00220	0.00439	0.86047	0.00439
27	0.01125	0.01078	0.01839	0.14848	0.68860	0.01109	0.01426	0.01411	0.01054	0.01490	0.00880	0.01181	0.00729	0.00428	0.00467	0.00143	0.00570	0.00420	0.00230	0.00713
28	0.01073	0.35250	0.49289	0.01127	0.01705	0.01406	0.01364	0.01460	0.00980	0.01338	0.00769	0.00899	0.00600	0.00430	0.00389	0.00130	0.00619	0.00310	0.00200	0.00660
29	0.01261	0.75051	0.02307	0.00805	0.01187	0.01737	0.00789	0.01415	0.00962	0.04508	0.00744	0.00860	0.00664	0.00604	0.05316	0.00143	0.00547	0.00277	0.00221	0.00602
30	0.00557	0.00478	0.00478	0.00478	0.00637	0.00398	0.00358	0.00677	0.01075	0.01274	0.04776	0.04538	0.80297	0.01194	0.00557	0.00159	0.00239	0.00995	0.00438	0.00398
31	0.01057	0.01008	0.01715	0.34503	0.49739	0.01091	0.01392	0.01351	0.01022	0.01407	0.00867	0.01203	0.00700	0.00441	0.00469	0.00147	0.00587	0.00420	0.00224	0.00658
32	0.02142	0.01055	0.01406	0.01517	0.21247	0.08499	0.09906	0.09090	0.10578	0.05014	0.02698	0.15722	0.03770	0.00729	0.00510	0.00157	0.00509	0.04466	0.00359	0.00627
33	0.01192	0.01235	0.01070	0.00978	0.01135	0.28465	0.00753	0.07577	0.04459	0.01296	0.01052	0.01450	0.00946	0.07002	0.31215	0.00394	0.08564	0.00434	0.00275	0.00509
34	0.00996	0.00983	0.01437	0.21678	0.01745	0.01344	0.01102	0.01152	0.00778	0.01152	0.00674	0.01088	0.00621	0.00736	0.01276	0.00194	0.61905	0.00414	0.00207	0.00518
35	0.00879	0.00439	0.00439	0.00439	0.00549	0.00439	0.00330	0.01099	0.00989	0.01758	0.01538	0.01758	0.01209	0.00549	0.00330	0.00110	0.00220	0.00439	0.86047	0.00439
36	0.00900	0.00848	0.01431	0.79569	0.05901	0.01050	0.01314	0.01213	0.00947	0.01216	0.00840	0.01254	0.00633	0.00470	0.00471	0.00157	0.00626	0.00419	0.00210	0.00531
37	0.00993	0.00945	0.01585	0.50459	0.29299	0.01096	0.01339	0.01283	0.00974	0.01314	0.00841	0.01213	0.00668	0.00476	0.00535	0.00154	0.05590	0.00419	0.00217	0.00599
38	0.38284	0.01048	0.01134	0.00920	0.01226	0.04277	0.08929	0.21182	0.01220	0.02076	0.00921	0.03598	0.00749	0.00710	0.04889	0.03273	0.00516	0.00387	0.00329	0.04333
39	0.00771	0.02178	0.00742	0.00654	0.00805	0.00582	0.00499	0.03348	0.09497	0.01865	0.60751	0.05996	0.05300	0.00906	0.00534	0.00147	0.00259	0.00793	0.00493	0.03877
40	0.01502	0.01176	0.03618	0.01012	0.01352	0.01219	0.03414	0.56443	0.01910	0.02587	0.12706	0.01576	0.02534	0.02746	0.00532	0.00149	0.00478	0.00499	0.00450	0.04098

[dist]
# distance from previous block
# <min> <max>
0	18

[block]
# block no. 11 follows, 54 sequences, length 21
# corresponding to MSA columns:
# 437-457
name=unknown_L
#
# <colnr> <probs for GDERKNQSTAVLIFYWHMCP>
#	G	D	E	R	K	N	Q	S	T	A	V	L	I	F	Y	W	H	M	C	P
0	0.01245	0.79763	0.06287	0.00833	0.01251	0.01828	0.00852	0.01416	0.00960	0.01128	0.00665	0.00768	0.00605	0.00406	0.00310	0.00103	0.00514	0.00257	0.00202	0.00610
1	0.01143	0.01096	0.01871	0.09704	0.73864	0.01114	0.01435	0.01426	0.01062	0.01512	0.00883	0.01175	0.00737	0.00425	0.00467	0.00142	0.00566	0.00420	0.00231	0.00728
2	0.02942	0.36114	0.15413	0.01098	0.01501	0.12258	0.07145	0.08113	0.03450	0.01417	0.00797	0.00930	0.00653	0.00470	0.00463	0.00129	0.05901	0.00333	0.00243	0.00629
3	0.00625	0.00497	0.00563	0.00550	0.00688	0.00446	0.00411	0.00830	0.04214	0.01538	0.33980	0.07853	0.43918	0.01097	0.00556	0.00157	0.00239	0.00938	0.00471	0.00429
4	0.00918	0.00867	0.01465	0.74263	0.11062	0.01055	0.01323	0.01229	0.00956	0.01239	0.00843	0.01248	0.00641	0.00466	0.00471	0.00155	0.00622	0.00419	0.00212	0.00546
5	0.00574	0.00410	0.00547	0.00657	0.00684	0.00383	0.00438	0.00657	0.00903	0.01204	0.02599	0.83122	0.03119	0.01477	0.00602	0.00191	0.00274	0.01340	0.00438	0.00383
6	0.02102	0.00825	0.01108	0.00849	0.01215	0.00726	0.00702	0.05572	0.01387	0.77489	0.01829	0.01585	0.01152	0.00583	0.00474	0.00146	0.00406	0.00472	0.00579	0.00802
7	0.01109	0.01256	0.02719	0.04144	0.04927	0.01186	0.74303	0.01500	0.01107	0.01503	0.00949	0.01268	0.00714	0.00400	0.00551	0.00158	0.00783	0.00549	0.00238	0.00636
8	0.00566	0.00476	0.00491	0.00492	0.00643	0.00401	0.00367	0.00692	0.01089	0.01318	0.10400	0.06765	0.72318	0.01185	0.00558	0.00159	0.00239	0.00994	0.00444	0.00401
9	0.00574	0.00410	0.00547	0.00657	0.00684	0.00383	0.00438	0.00657	0.00903	0.01204	0.02599	0.83122	0.03119	0.01477	0.00602	0.00191	0.00274	0.01340	0.00438	0.00383
10	0.00583	0.00415	0.00548	0.00648	0.00677	0.00388	0.00431	0.00666	0.00907	0.01213	0.05151	0.76803	0.03099	0.05197	0.00682	0.00202	0.00280	0.01294	0.00433	0.00381
11	0.00879	0.00439	0.00439	0.00439	0.00549	0.00439	0.00330	0.01099	0.00989	0.01758	0.01538	0.01758	0.01209	0.00549	0.00330	0.00110	0.00220	0.00439	0.86047	0.00439
12	0.00574	0.00410	0.00547	0.00657	0.00684	0.00383	0.00438	0.00657	0.00903	0.01204	0.02599	0.83122	0.03119	0.01477	0.00602	0.00191	0.00274	0.01340	0.00438	0.00383
13	0.00946	0.02439	0.80987	0.01344	0.02041	0.01095	0.01742	0.01493	0.00995	0.01493	0.00846	0.00995	0.00597	0.00448	0.00448	0.00149	0.00697	0.00348	0.00199	0.00697
14	0.05842	0.01525	0.01272	0.01056	0.01372	0.30753	0.00836	0.28188	0.05160	0.17698	0.01142	0.01133	0.00818	0.00537	0.00447	0.00136	0.00604	0.00387	0.00402	0.00692
15	0.01381	0.00763	0.03042	0.00756	0.01005	0.04382	0.00616	0.01576	0.01281	0.37965	0.28247	0.04809	0.07307	0.00883	0.03652	0.00172	0.00390	0.00650	0.00509	0.00615
16	0.01061	0.00853	0.04508	0.00852	0.01096	0.02129	0.05485	0.12855	0.06694	0.09602	0.20737	0.02869	0.19017	0.02069	0.00575	0.00161	0.01774	0.06649	0.00447	0.00567
17	0.01056	0.01020	0.01710	0.28829	0.42351	0.01141	0.03440	0.01327	0.00985	0.01375	0.00837	0.01181	0.00690	0.00490	0.00615	0.00155	0.11513	0.00422	0.00222	0.00640
18	0.01691	0.02134	0.01295	0.01180	0.01413	0.76318	0.00886	0.01817	0.01318	0.01176	0.03356	0.00970	0.00752	0.00598	0.02992	0.00142	0.00843	0.00328	0.00252	0.00539
19	0.56844	0.10969	0.06329	0.00773	0.01103	0.08449	0.00686	0.03993	0.04296	0.01890	0.00745	0.00842	0.00585	0.00451	0.00329	0.00139	0.00453	0.00283	0.00284	0.00557
20	0.01549	0.01200	0.01278	0.01036	0.01369	0.01348	0.00837	0.48869	0.32661	0.02579	0.01442	0.01379	0.01053	0.00595	0.00475	0.00149	0.00462	0.00467	0.00475	0.00780

[dist]
# distance from previous block
# <min> <max>
0	1

[block]
# block no. 12 follows, 54 sequences, length 40
# corresponding to MSA columns:
# 460-499
name=unknown_M
#
# <colnr> <probs for GDERKNQSTAVLIFYWHMCP>
#	G	D	E	R	K	N	Q	S	T	A	V	L	I	F	Y	W	H	M	C	P
0	0.01088	0.01021	0.01710	0.04540	0.61737	0.01030	0.03464	0.02685	0.02531	0.01524	0.02657	0.06444	0.02486	0.00662	0.04220	0.00174	0.00566	0.00507	0.00265	0.00689
1	0.00597	0.00465	0.00542	0.00552	0.00669	0.00410	0.00403	0.00742	0.01124	0.01460	0.28938	0.20471	0.39586	0.01178	0.00566	0.00162	0.00241	0.01020	0.00464	0.00410
2	0.04375	0.21322	0.04243	0.00988	0.04325	0.01277	0.00825	0.25643	0.08761	0.11831	0.04974	0.05398	0.01168	0.00601	0.00438	0.00139	0.00461	0.02149	0.00395	0.00687
3	0.07066	0.00970	0.01131	0.10410	0.01443	0.03343	0.02012	0.12848	0.05169	0.07157	0.00996	0.01132	0.00772	0.01579	0.00452	0.00117	0.02203	0.00355	0.00328	0.40515
4	0.01185	0.34990	0.31033	0.01177	0.06493	0.09372	0.01191	0.02689	0.02322	0.01340	0.00782	0.00909	0.00631	0.00433	0.00386	0.00124	0.00605	0.00311	0.00218	0.03807
5	0.00879	0.00439	0.00439	0.00439	0.00549	0.00439	0.00330	0.01099	0.00989	0.01758	0.01538	0.01758	0.01209	0.00549	0.00330	0.00110	0.00220	0.00439	0.86047	0.00439
6	0.00937	0.01079	0.08757	0.08991	0.04943	0.00951	0.34489	0.01298	0.04867	0.01455	0.05737	0.14284	0.05737	0.00687	0.00560	0.00164	0.02232	0.01956	0.00303	0.00572
7	0.03297	0.00896	0.05984	0.06482	0.02774	0.03410	0.00745	0.04083	0.04233	0.37635	0.09100	0.06065	0.07836	0.04601	0.00578	0.00165	0.00422	0.00582	0.00463	0.00648
8	0.00946	0.02439	0.80987	0.01344	0.02041	0.01095	0.01742	0.01493	0.00995	0.01493	0.00846	0.00995	0.00597	0.00448	0.00448	0.00149	0.00697	0.00348	0.00199	0.00697
9	0.00687	0.00507	0.00666	0.00754	0.00858	0.00486	0.00623	0.00861	0.01051	0.01347	0.02967	0.18852	0.18176	0.01312	0.00624	0.00201	0.00367	0.48807	0.00436	0.00418
10	0.00966	0.05492	0.00898	0.00828	0.04563	0.09442	0.00581	0.02621	0.07253	0.04869	0.07331	0.09876	0.08721	0.25720	0.01080	0.00247	0.00445	0.08235	0.00364	0.00467
11	0.01268	0.61111	0.17137	0.00921	0.01373	0.03721	0.00978	0.01495	0.00999	0.06162	0.00769	0.00857	0.00639	0.00425	0.00344	0.00113	0.00543	0.00285	0.00226	0.00633
12	0.01032	0.01032	0.01444	0.01238	0.01238	0.01444	0.01032	0.01135	0.00722	0.01135	0.00619	0.01032	0.00619	0.00825	0.01547	0.00206	0.82567	0.00413	0.00206	0.00516
13	0.00890	0.00838	0.01414	0.82296	0.03247	0.01048	0.01309	0.01205	0.00943	0.01205	0.00838	0.01257	0.00629	0.00471	0.00471	0.00157	0.00629	0.00419	0.00210	0.00524
14	0.01072	0.01029	0.01769	0.29732	0.52150	0.01098	0.03586	0.01367	0.01030	0.01426	0.00872	0.01200	0.00706	0.00437	0.00471	0.00146	0.00590	0.00424	0.00225	0.00668
15	0.00679	0.00501	0.00657	0.00744	0.00845	0.00479	0.00610	0.00848	0.01044	0.01339	0.02982	0.21715	0.18591	0.01318	0.00622	0.00200	0.00360	0.45614	0.00436	0.00416
16	0.00574	0.00410	0.00547	0.00657	0.00684	0.00383	0.00438	0.00657	0.00903	0.01204	0.02599	0.83122	0.03119	0.01477	0.00602	0.00191	0.00274	0.01340	0.00438	0.00383
17	0.00722	0.00516	0.00717	0.00826	0.00918	0.00511	0.00695	0.00912	0.01049	0.01369	0.02517	0.20998	0.02795	0.01338	0.00641	0.00212	0.00402	0.62004	0.00435	0.00424
18	0.02368	0.10396	0.51047	0.01302	0.01865	0.04485	0.08754	0.05566	0.03966	0.01532	0.00875	0.01025	0.00651	0.00468	0.00485	0.00146	0.03797	0.00368	0.00231	0.00673
19	0.01284	0.79866	0.02417	0.00826	0.01222	0.05628	0.00812	0.01434	0.00976	0.01111	0.00659	0.00761	0.00605	0.00407	0.00308	0.00102	0.00521	0.00255	0.00204	0.00602
20	0.05579	0.00548	0.00762	0.00748	0.00832	0.00643	0.00575	0.00871	0.00751	0.01136	0.01220	0.01875	0.01168	0.11224	0.65250	0.00667	0.04971	0.00505	0.00256	0.00417
21	0.01018	0.00975	0.01663	0.49368	0.17251	0.01123	0.10009	0.04925	0.01031	0.01380	0.00859	0.01221	0.00668	0.00481	0.00552	0.00157	0.06065	0.00435	0.00229	0.00590
22	0.00574	0.00410	0.00547	0.00657	0.00684	0.00383	0.00438	0.00657	0.00903	0.01204	0.02599	0.83122	0.03119	0.01477	0.00602	0.00191	0.00274	0.01340	0.00438	0.00383
