[name]
unknown

[dist]
# distance from previous block
# <min> <max>
0	69

[block]
# block no. 0 follows, 62 sequences, length 16
# corresponding to MSA columns:
# 69-84
name=unknown_A
#
# <colnr> <probs for GDERKNQSTAVLIFYWHMCP>
#	G	D	E	R	K	N	Q	S	T	A	V	L	I	F	Y	W	H	M	C	P
0	0.04243	0.07131	0.13282	0.10922	0.07540	0.02445	0.00879	0.03638	0.16789	0.03360	0.05775	0.05186	0.02569	0.00651	0.01921	0.00149	0.00448	0.09312	0.00308	0.03454
1	0.00976	0.00870	0.01273	0.44993	0.14723	0.02310	0.01048	0.07509	0.12819	0.02894	0.00965	0.02538	0.00750	0.00468	0.00443	0.00138	0.02096	0.00404	0.00258	0.02527
2	0.00793	0.00397	0.00397	0.00397	0.00496	0.00397	0.00297	0.00991	0.00892	0.01586	0.01388	0.01586	0.01091	0.00496	0.00297	0.00099	0.00198	0.00397	0.87408	0.00397
3	0.00882	0.00756	0.00882	0.00630	0.01008	0.00567	0.00504	0.01071	0.00882	0.01387	0.00756	0.00882	0.00630	0.00315	0.00315	0.00063	0.00315	0.00252	0.00252	0.87647
4	0.88052	0.00823	0.00625	0.00560	0.00823	0.00955	0.00461	0.01251	0.00724	0.01909	0.00592	0.00691	0.00461	0.00395	0.00263	0.00132	0.00329	0.00230	0.00263	0.00461
5	0.00689	0.00537	0.02879	0.00727	0.00833	0.00488	0.06552	0.00857	0.05024	0.05145	0.03550	0.49988	0.04367	0.03356	0.03035	0.04645	0.00347	0.06214	0.00366	0.00401
6	0.00608	0.00454	0.00675	0.00675	0.00748	0.00527	0.00521	0.00754	0.00681	0.00981	0.01148	0.01717	0.01083	0.06510	0.80068	0.00673	0.01110	0.00462	0.00229	0.00375
7	0.00793	0.00397	0.00397	0.00397	0.00496	0.00397	0.00297	0.00991	0.00892	0.01586	0.01388	0.01586	0.01091	0.00496	0.00297	0.00099	0.00198	0.00397	0.87408	0.00397
8	0.88052	0.00823	0.00625	0.00560	0.00823	0.00955	0.00461	0.01251	0.00724	0.01909	0.00592	0.00691	0.00461	0.00395	0.00263	0.00132	0.00329	0.00230	0.00263	0.00461
9	0.00814	0.00777	0.01340	0.79778	0.02894	0.00952	0.05295	0.01101	0.00859	0.01101	0.00762	0.01135	0.00571	0.00422	0.00429	0.00142	0.00575	0.00385	0.00190	0.00478
10	0.00928	0.02422	0.26498	0.00997	0.01338	0.02930	0.06564	0.05363	0.23193	0.01488	0.04828	0.01743	0.08481	0.01987	0.00521	0.00148	0.04794	0.04891	0.00310	0.00576
11	0.00688	0.04300	0.11822	0.00751	0.00935	0.00587	0.04531	0.03861	0.00890	0.01216	0.03251	0.46972	0.04858	0.03461	0.03469	0.00176	0.00378	0.00850	0.00331	0.06673
12	0.00557	0.00405	0.00525	0.00600	0.00635	0.00392	0.00409	0.02087	0.00830	0.01104	0.02290	0.71068	0.05655	0.06808	0.00665	0.00188	0.01994	0.03054	0.00382	0.00351
13	0.11957	0.12167	0.23450	0.00816	0.01217	0.00919	0.00835	0.06448	0.02310	0.02759	0.02285	0.04501	0.02213	0.00443	0.00355	0.00109	0.00425	0.00339	0.00256	0.26196
14	0.01331	0.36045	0.03977	0.00934	0.01236	0.33274	0.02606	0.09361	0.03068	0.01223	0.00745	0.02998	0.00644	0.00439	0.00351	0.00108	0.00580	0.00302	0.00233	0.00544
15	0.62741	0.02670	0.05018	0.00662	0.00937	0.07888	0.00568	0.04890	0.00859	0.03865	0.00841	0.03046	0.03670	0.00457	0.00309	0.00130	0.00385	0.00301	0.00276	0.00486

[dist]
# distance from previous block
# <min> <max>
0	4

[block]
# block no. 1 follows, 62 sequences, length 15
# corresponding to MSA columns:
# 89-103
name=unknown_B
#
# <colnr> <probs for GDERKNQSTAVLIFYWHMCP>
#	G	D	E	R	K	N	Q	S	T	A	V	L	I	F	Y	W	H	M	C	P
0	0.04789	0.00433	0.00580	0.00587	0.00628	0.00450	0.00409	0.00710	0.04830	0.00944	0.01175	0.14217	0.02835	0.04616	0.11494	0.49811	0.00441	0.00528	0.00246	0.00278
1	0.04846	0.01108	0.01174	0.00923	0.01239	0.01228	0.00756	0.64503	0.11628	0.02470	0.01246	0.01222	0.04604	0.00541	0.00424	0.00131	0.00435	0.00413	0.00419	0.00690
2	0.01144	0.30234	0.30274	0.01023	0.02998	0.08032	0.04265	0.06377	0.01010	0.07641	0.00827	0.02909	0.00656	0.00430	0.00369	0.00118	0.00542	0.00325	0.00234	0.00595
3	0.00793	0.00397	0.00397	0.00397	0.00496	0.00397	0.00297	0.00991	0.00892	0.01586	0.01388	0.01586	0.01091	0.00496	0.00297	0.00099	0.00198	0.00397	0.87408	0.00397
4	0.81070	0.00893	0.03968	0.00603	0.00884	0.00971	0.00520	0.04450	0.00782	0.01917	0.00617	0.00713	0.00475	0.00400	0.00276	0.00132	0.00347	0.00240	0.00266	0.00478
5	0.01686	0.00764	0.00983	0.00758	0.01074	0.00692	0.00622	0.12047	0.01291	0.59501	0.07957	0.01487	0.01214	0.00535	0.00425	0.00126	0.00359	0.00436	0.00487	0.07556
6	0.00793	0.00397	0.00397	0.00397	0.00496	0.00397	0.00297	0.00991	0.00892	0.01586	0.01388	0.01586	0.01091	0.00496	0.00297	0.00099	0.00198	0.00397	0.87408	0.00397
7	0.00929	0.06349	0.04476	0.00680	0.01050	0.00677	0.00580	0.03686	0.00927	0.03042	0.00850	0.02578	0.00731	0.00379	0.00335	0.00078	0.00345	0.02776	0.00263	0.69270
8	0.00844	0.00774	0.01265	0.75236	0.04828	0.00949	0.01143	0.05218	0.00912	0.01178	0.00817	0.03519	0.00642	0.00455	0.00429	0.00142	0.00551	0.00402	0.00208	0.00487
9	0.88052	0.00823	0.00625	0.00560	0.00823	0.00955	0.00461	0.01251	0.00724	0.01909	0.00592	0.00691	0.00461	0.00395	0.00263	0.00132	0.00329	0.00230	0.00263	0.00461
10	0.00726	0.00508	0.00615	0.00586	0.00645	0.00545	0.00398	0.07118	0.04938	0.01057	0.01246	0.02209	0.01296	0.48184	0.22042	0.06151	0.00591	0.00536	0.00268	0.00342
11	0.00830	0.00783	0.01323	0.75518	0.11233	0.00952	0.01195	0.01110	0.00863	0.01119	0.00761	0.01126	0.00578	0.00421	0.00425	0.00140	0.00561	0.00378	0.00191	0.00494
12	0.01057	0.00707	0.00917	0.16438	0.01301	0.00751	0.00677	0.09093	0.15637	0.16374	0.29949	0.01985	0.02022	0.00637	0.00454	0.00136	0.00349	0.00545	0.00416	0.00553
13	0.01528	0.13361	0.01345	0.01046	0.01285	0.72225	0.00809	0.01641	0.01159	0.01036	0.00649	0.00756	0.00548	0.00428	0.00369	0.00107	0.00725	0.00268	0.00214	0.00500
14	0.05227	0.10000	0.23064	0.00963	0.03843	0.00952	0.02784	0.12648	0.02332	0.20882	0.03581	0.02587	0.00923	0.02762	0.04337	0.00163	0.00500	0.01515	0.00326	0.00613

[dist]
# distance from previous block
# <min> <max>
0	4

[block]
# block no. 2 follows, 62 sequences, length 38
# corresponding to MSA columns:
# 108-145
name=unknown_C
#
# <colnr> <probs for GDERKNQSTAVLIFYWHMCP>
#	G	D	E	R	K	N	Q	S	T	A	V	L	I	F	Y	W	H	M	C	P
0	0.01187	0.00916	0.01033	0.00858	0.01056	0.02943	0.00682	0.41847	0.02394	0.01846	0.01047	0.01404	0.00900	0.13362	0.17933	0.00290	0.08987	0.00430	0.00332	0.00553
1	0.00877	0.00506	0.00636	0.00591	0.00745	0.00464	0.00456	0.01008	0.00992	0.20661	0.10597	0.14671	0.30699	0.02386	0.08312	0.00201	0.01925	0.03409	0.00412	0.00452
2	0.00793	0.00397	0.00397	0.00397	0.00496	0.00397	0.00297	0.00991	0.00892	0.01586	0.01388	0.01586	0.01091	0.00496	0.00297	0.00099	0.00198	0.00397	0.87408	0.00397
3	0.00903	0.01086	0.20993	0.00877	0.01173	0.03029	0.05178	0.08861	0.09834	0.04435	0.24046	0.03280	0.06737	0.02991	0.00508	0.00146	0.00413	0.04621	0.00356	0.00533
4	0.00884	0.00839	0.05022	0.00876	0.07371	0.00647	0.04551	0.03237	0.00917	0.01386	0.00920	0.08452	0.00834	0.00462	0.01492	0.00095	0.00374	0.00369	0.00261	0.61009
5	0.00793	0.00397	0.00397	0.00397	0.00496	0.00397	0.00297	0.00991	0.00892	0.01586	0.01388	0.01586	0.01091	0.00496	0.00297	0.00099	0.00198	0.00397	0.87408	0.00397
6	0.02298	0.07948	0.23255	0.05686	0.04532	0.06593	0.06810	0.06044	0.13653	0.03898	0.03320	0.05404	0.01976	0.00648	0.04186	0.00159	0.00538	0.02197	0.00281	0.00575
7	0.06392	0.61498	0.08957	0.00831	0.02928	0.05128	0.00804	0.05551	0.00943	0.02717	0.00657	0.00746	0.00562	0.00384	0.00303	0.00102	0.00476	0.00253	0.00208	0.00561
8	0.01205	0.07729	0.23600	0.03091	0.03898	0.12225	0.03029	0.16183	0.08791	0.07431	0.03872	0.01181	0.01781	0.01199	0.00444	0.00132	0.02146	0.01156	0.00297	0.00609
9	0.00768	0.00635	0.00760	0.00618	0.00885	0.00498	0.00470	0.00921	0.00861	0.01292	0.01256	0.27270	0.01317	0.00635	0.00387	0.00098	0.00294	0.00553	0.00297	0.60185
10	0.03646	0.07257	0.06758	0.00895	0.02494	0.03473	0.04551	0.21084	0.15426	0.01743	0.09389	0.03354	0.08478	0.00658	0.00445	0.00139	0.00413	0.08865	0.00364	0.00567
11	0.00774	0.00601	0.03977	0.00635	0.00737	0.00562	0.00467	0.09153	0.06361	0.03928	0.01712	0.27583	0.03179	0.34288	0.01158	0.00259	0.00366	0.03520	0.00342	0.00398
12	0.00623	0.00476	0.00707	0.00699	0.00770	0.00564	0.00544	0.00769	0.00681	0.00986	0.01118	0.01661	0.01051	0.04763	0.77989	0.00656	0.04880	0.00455	0.00227	0.00381
13	0.01212	0.72151	0.02078	0.00772	0.01128	0.04504	0.00741	0.10982	0.01015	0.01207	0.00646	0.00727	0.00568	0.00384	0.00295	0.00096	0.00468	0.00248	0.00213	0.00566
14	0.02099	0.00384	0.00547	0.00546	0.00556	0.00389	0.00364	0.00590	0.00576	0.00796	0.00824	0.01446	0.00832	0.09410	0.04520	0.72703	0.00396	0.00395	0.02419	0.00208
15	0.00578	0.00447	0.00675	0.00695	0.00757	0.00422	0.07321	0.00677	0.00823	0.01098	0.02125	0.66085	0.02498	0.08511	0.00683	0.00192	0.00310	0.05377	0.00367	0.00360
16	0.00609	0.00452	0.00665	0.00665	0.00735	0.00522	0.00508	0.00748	0.00678	0.00974	0.01157	0.01767	0.01105	0.10186	0.76422	0.00661	0.01078	0.00470	0.00230	0.00369
17	0.00526	0.00375	0.00498	0.00594	0.00620	0.00352	0.00399	0.00601	0.00813	0.01084	0.02313	0.80135	0.02767	0.03817	0.00593	0.00181	0.00256	0.03344	0.00391	0.00344
18	0.74245	0.00788	0.00656	0.00582	0.00839	0.00887	0.00474	0.01301	0.00781	0.10327	0.00802	0.05364	0.00651	0.00460	0.00296	0.00134	0.00328	0.00305	0.00298	0.00482
19	0.00619	0.00413	0.00464	0.00464	0.00464	0.00413	0.00258	0.00619	0.00619	0.00825	0.01341	0.02785	0.01547	0.85046	0.02166	0.00413	0.00413	0.00619	0.00258	0.00258
20	0.00788	0.00587	0.00720	0.00779	0.00895	0.05436	0.00665	0.00977	0.01024	0.04994	0.09364	0.04260	0.02414	0.01074	0.00561	0.00182	0.00396	0.64076	0.00395	0.00414
21	0.01228	0.00620	0.00787	0.00663	0.00882	0.00581	0.00525	0.01538	0.11586	0.36586	0.30308	0.02205	0.05820	0.00679	0.00453	0.00133	0.00288	0.00576	0.03969	0.00574
22	0.00605	0.00438	0.00540	0.00589	0.00664	0.00417	0.00423	0.00761	0.05284	0.02911	0.05378	0.44623	0.17639	0.08015	0.00663	0.00186	0.00276	0.09822	0.00391	0.00374
23	0.00609	0.00445	0.00560	0.00596	0.00666	0.00429	0.00419	0.04848	0.03061	0.01327	0.20582	0.54268	0.06912	0.02493	0.00549	0.00163	0.00251	0.01022	0.00412	0.00386
24	0.02291	0.00730	0.02227	0.00660	0.00990	0.00571	0.00541	0.01256	0.00992	0.18789	0.10329	0.01380	0.01159	0.00452	0.00369	0.00092	0.00320	0.02706	0.00339	0.53808
25	0.00540	0.00387	0.00526	0.00609	0.00644	0.00364	0.01495	0.00625	0.00822	0.01106	0.02280	0.76956	0.02705	0.02690	0.00565	0.00175	0.00260	0.04259	0.02641	0.00350
26	0.00586	0.00432	0.00552	0.00564	0.00659	0.00399	0.00430	0.00751	0.01073	0.01456	0.45452	0.16478	0.15971	0.01021	0.00521	0.00151	0.00238	0.12447	0.00434	0.00385
27	0.00548	0.00399	0.00505	0.00578	0.00627	0.00373	0.00406	0.00635	0.00837	0.01090	0.02513	0.53643	0.14378	0.10561	0.00723	0.00198	0.00279	0.10983	0.00379	0.00344
28	0.00931	0.00931	0.01303	0.01117	0.01117	0.01303	0.00931	0.01024	0.00652	0.01024	0.00559	0.00931	0.00559	0.00745	0.01396	0.00186	0.84267	0.00372	0.00186	0.00465
29	0.00825	0.00431	0.00582	0.00564	0.00616	0.00428	0.00395	0.04350	0.00733	0.05456	0.01117	0.08545	0.03057	0.01231	0.01235	0.57674	0.00337	0.00462	0.11677	0.00285
30	0.00648	0.00439	0.00499	0.00486	0.00506	0.00440	0.00288	0.03138	0.00714	0.00961	0.08505	0.02765	0.01740	0.74941	0.01964	0.00379	0.00395	0.00625	0.00282	0.00285
31	0.00741	0.00442	0.00494	0.00487	0.00551	0.00447	0.00329	0.03944	0.00810	0.02804	0.01428	0.09172	0.01411	0.35809	0.05640	0.00269	0.00357	0.00562	0.33953	0.00353
32	0.00503	0.00431	0.00431	0.00431	0.00575	0.00359	0.00323	0.00611	0.00970	0.01149	0.04310	0.04095	0.82219	0.01078	0.00503	0.00144	0.00216	0.00898	0.00395	0.00359
33	0.03813	0.82702	0.02180	0.00723	0.01084	0.01661	0.00720	0.01273	0.00860	0.01029	0.00592	0.00683	0.00543	0.00365	0.00273	0.00092	0.00451	0.00228	0.00185	0.00543
34	0.01840	0.00722	0.00780	0.01671	0.02946	0.10629	0.01893	0.02973	0.07193	0.01261	0.04675	0.20082	0.04376	0.06063	0.04372	0.00202	0.00437	0.27105	0.00352	0.00427
35	0.00997	0.08476	0.00962	0.00776	0.03417	0.07056	0.00593	0.05686	0.16330	0.08338	0.30014	0.04503	0.05619	0.00685	0.00470	0.00132	0.02827	0.00566	0.02027	0.00524
36	0.04093	0.00800	0.00947	0.02217	0.01077	0.00809	0.00632	0.18569	0.13831	0.34091	0.03860	0.06236	0.08420	0.00638	0.00440	0.00137	0.00360	0.01752	0.00454	0.00637
37	0.00923	0.00795	0.01230	0.05719	0.20233	0.00813	0.08874	0.08228	0.02067	0.02390	0.04606	0.05434	0.03712	0.00705	0.00530	0.00150	0.04847	0.22208	0.00309	0.06227

[dist]
# distance from previous block
# <min> <max>
0	17

[block]
# block no. 3 follows, 62 sequences, length 92
# corresponding to MSA columns:
# 163-231,244-266
name=unknown_D
#
# <colnr> <probs for GDERKNQSTAVLIFYWHMCP>
#	G	D	E	R	K	N	Q	S	T	A	V	L	I	F	Y	W	H	M	C	P
0	0.02604	0.02415	0.02785	0.17428	0.55393	0.02504	0.02440	0.02759	0.03507	0.01360	0.00844	0.02552	0.00702	0.00414	0.00420	0.00130	0.00512	0.00391	0.00221	0.00620
1	0.23106	0.07572	0.26757	0.02700	0.12343	0.04816	0.02977	0.06100	0.03436	0.03748	0.00809	0.02430	0.00631	0.00428	0.00368	0.00129	0.00498	0.00328	0.00244	0.00580
2	0.02415	0.00703	0.06028	0.00811	0.03472	0.00591	0.10194	0.04042	0.01125	0.06069	0.38346	0.02727	0.17595	0.00772	0.00485	0.00138	0.00330	0.03299	0.00393	0.00468
3	0.00569	0.00412	0.00491	0.00534	0.00620	0.00366	0.00378	0.00664	0.00902	0.04122	0.05199	0.45119	0.34497	0.02146	0.00541	0.00162	0.00242	0.02269	0.00400	0.00366
4	0.00889	0.00522	0.00630	0.00568	0.00734	0.00470	0.00436	0.03207	0.02550	0.19269	0.21416	0.07334	0.32382	0.03851	0.00570	0.02062	0.00268	0.01951	0.00433	0.00458
5	0.00585	0.00479	0.00762	0.00745	0.00829	0.00446	0.11238	0.00698	0.00843	0.01121	0.02207	0.68343	0.05854	0.02964	0.00570	0.00173	0.00312	0.01089	0.00368	0.00375
6	0.00944	0.00934	0.01244	0.01073	0.01118	0.03746	0.02358	0.01163	0.09195	0.01108	0.00731	0.01050	0.00673	0.00880	0.06928	0.00213	0.65554	0.00389	0.00217	0.00484
7	0.00847	0.00495	0.00619	0.00603	0.00720	0.00463	0.00438	0.02110	0.04299	0.16807	0.08237	0.32788	0.12937	0.13004	0.00739	0.00191	0.00297	0.03565	0.00408	0.00432
8	0.01274	0.00901	0.00958	0.00779	0.01030	0.00986	0.00629	0.46172	0.10035	0.02218	0.03490	0.01367	0.02759	0.00536	0.00394	0.00122	0.00365	0.00419	0.24959	0.00609
9	0.01909	0.00724	0.00987	0.00757	0.01086	0.00625	0.00625	0.02074	0.01218	0.82687	0.01679	0.01448	0.01053	0.00527	0.00428	0.00132	0.00362	0.00428	0.00527	0.00724
10	0.00575	0.00395	0.00476	0.00519	0.00551	0.00377	0.00334	0.00639	0.00779	0.01058	0.06354	0.39320	0.08027	0.32063	0.01121	0.00252	0.00300	0.00896	0.05642	0.00320
11	0.02935	0.00459	0.00540	0.00530	0.00623	0.00433	0.00371	0.00813	0.03268	0.06319	0.22110	0.17199	0.18915	0.22516	0.00923	0.00214	0.00283	0.00790	0.00384	0.00376
12	0.00853	0.02201	0.82841	0.01213	0.01842	0.00988	0.01572	0.01348	0.00898	0.01348	0.00764	0.00898	0.00539	0.00404	0.00404	0.00135	0.00629	0.00314	0.00180	0.00629
13	0.00612	0.00471	0.00564	0.00534	0.00657	0.00442	0.00402	0.00867	0.07395	0.01569	0.55866	0.03291	0.23943	0.00901	0.00497	0.00137	0.00215	0.00780	0.00447	0.00412
14	0.05493	0.00598	0.00704	0.00640	0.00805	0.00593	0.00487	0.08150	0.08671	0.14145	0.24584	0.18840	0.10248	0.03438	0.00524	0.00151	0.00286	0.00723	0.00431	0.00489
15	0.04197	0.00580	0.00660	0.00625	0.00782	0.00571	0.00470	0.08380	0.09312	0.10960	0.05030	0.29428	0.23900	0.00950	0.00480	0.00149	0.00282	0.00816	0.01959	0.00469
16	0.13422	0.00904	0.01042	0.00809	0.01134	0.00916	0.00668	0.30001	0.01429	0.43363	0.01299	0.01195	0.00856	0.00503	0.00405	0.00130	0.00395	0.00385	0.00455	0.00688
17	0.06572	0.00834	0.00982	0.00783	0.01079	0.00841	0.00638	0.19934	0.12190	0.41809	0.03544	0.01380	0.01056	0.00529	0.00413	0.00131	0.00367	0.00420	0.05824	0.00674
18	0.00582	0.00425	0.00508	0.00527	0.00613	0.00388	0.00372	0.00711	0.02441	0.03015	0.20616	0.30617	0.27267	0.09124	0.00672	0.00177	0.00247	0.00929	0.00402	0.00368
19	0.02603	0.00538	0.00649	0.00617	0.00759	0.00512	0.00461	0.07224	0.03139	0.14620	0.11773	0.32104	0.17406	0.03716	0.00548	0.00159	0.00283	0.02014	0.00421	0.00455
20	0.01328	0.00871	0.00985	0.00835	0.01104	0.00941	0.00663	0.10123	0.48483	0.23851	0.04876	0.01556	0.01283	0.00569	0.00434	0.00139	0.00351	0.00468	0.00459	0.00681
21	0.00574	0.00418	0.00522	0.00564	0.00637	0.00388	0.00397	0.00720	0.03576	0.02581	0.19871	0.49041	0.16830	0.01151	0.00522	0.00158	0.00236	0.01024	0.00414	0.00377
22	0.00621	0.00520	0.00876	0.00817	0.00918	0.00491	0.15209	0.00745	0.00839	0.01124	0.01973	0.61411	0.02277	0.03046	0.03399	0.02043	0.00373	0.02584	0.00349	0.00384
23	0.00631	0.00441	0.00557	0.00582	0.00652	0.00423	0.00413	0.03208	0.02193	0.02605	0.24960	0.39247	0.05019	0.10802	0.00709	0.00186	0.00269	0.04929	0.01796	0.00378
24	0.00893	0.00700	0.00801	0.00753	0.00922	0.00755	0.00589	0.12798	0.27953	0.01662	0.13240	0.17005	0.05753	0.00894	0.01842	0.00162	0.00336	0.11998	0.00419	0.00525
25	0.00980	0.23327	0.36598	0.00987	0.01419	0.02624	0.01091	0.04042	0.00901	0.01265	0.00700	0.00846	0.00562	0.00428	0.00481	0.00119	0.10815	0.00292	0.00200	0.12323
26	0.00882	0.00756	0.00882	0.00630	0.01008	0.00567	0.00504	0.01071	0.00882	0.01387	0.00756	0.00882	0.00630	0.00315	0.00315	0.00063	0.00315	0.00252	0.00252	0.87647
27	0.00722	0.00571	0.00746	0.02891	0.03649	0.00567	0.03717	0.01009	0.11923	0.02905	0.09736	0.06879	0.22653	0.09761	0.03233	0.01582	0.00359	0.14714	0.00365	0.02017
28	0.68513	0.00723	0.00604	0.00557	0.00762	0.00824	0.00437	0.01099	0.00697	0.01663	0.00702	0.03804	0.00623	0.03493	0.00554	0.13646	0.00335	0.00300	0.00256	0.00407
29	0.01206	0.01390	0.24457	0.01097	0.05065	0.02341	0.02365	0.34501	0.13023	0.01948	0.02354	0.03728	0.00868	0.00554	0.01638	0.00143	0.01923	0.00411	0.00333	0.00655
30	0.00583	0.00406	0.00483	0.00510	0.00537	0.00394	0.00321	0.00629	0.00738	0.00979	0.06100	0.24710	0.08459	0.48466	0.02923	0.00313	0.00354	0.02474	0.00319	0.00302
31	0.03982	0.07217	0.09515	0.14475	0.09082	0.06062	0.08121	0.07371	0.10401	0.11352	0.01068	0.01191	0.02256	0.00565	0.02719	0.02841	0.00521	0.00391	0.00288	0.00582
32	0.00518	0.00412	0.00465	0.00493	0.00594	0.00359	0.00354	0.00624	0.00944	0.01184	0.11389	0.29574	0.49316	0.01138	0.00516	0.00152	0.00224	0.00984	0.00402	0.00359
33	0.00917	0.00903	0.01216	0.22794	0.11256	0.09428	0.05196	0.01187	0.07117	0.01149	0.00922	0.02639	0.00805	0.04602	0.15311	0.00251	0.13168	0.00419	0.00228	0.00491
34	0.01479	0.01033	0.01106	0.00878	0.01172	0.04667	0.00716	0.51420	0.03395	0.13969	0.09271	0.01505	0.04831	0.00584	0.00438	0.00130	0.00424	0.01889	0.00434	0.00658
35	0.00793	0.00397	0.00397	0.00397	0.00496	0.00397	0.00297	0.00991	0.00892	0.01586	0.01388	0.01586	0.01091	0.00496	0.00297	0.00099	0.00198	0.00397	0.87408	0.00397
36	0.13517	0.03526	0.02784	0.16574	0.16180	0.07997	0.03042	0.05832	0.08045	0.01456	0.00879	0.01045	0.01912	0.00434	0.00416	0.00124	0.03375	0.00346	0.00253	0.12263
37	0.00889	0.00605	0.00730	0.00630	0.00827	0.00572	0.00489	0.02501	0.14418	0.11855	0.40962	0.02419	0.08242	0.00713	0.00455	0.00126	0.00264	0.00612	0.00435	0.12254
38	0.00972	0.01004	0.03767	0.33156	0.22917	0.06703	0.07823	0.01349	0.10757	0.01275	0.00907	0.02497	0.00725	0.00454	0.00469	0.00138	0.03888	0.00406	0.00232	0.00561
39	0.01265	0.00984	0.01331	0.11258	0.25297	0.05023	0.02644	0.20906	0.02390	0.12583	0.02278	0.01221	0.00818	0.00579	0.02535	0.02841	0.03352	0.01765	0.00313	0.00620
40	0.00526	0.00379	0.00488	0.00569	0.00602	0.00353	0.00379	0.00599	0.00818	0.01081	0.03770	0.70854	0.08770	0.07841	0.00666	0.00189	0.00257	0.01132	0.00386	0.00341
41	0.01607	0.01112	0.01235	0.00989	0.03495	0.01208	0.00791	0.64286	0.06457	0.12712	0.01140	0.01109	0.00797	0.00513	0.00426	0.00129	0.00448	0.00394	0.00433	0.00719
42	0.01138	0.85302	0.02230	0.00728	0.01092	0.01684	0.00728	0.01274	0.00865	0.01001	0.00592	0.00683	0.00546	0.00364	0.00273	0.00091	0.00455	0.00228	0.00182	0.00546
43	0.00735	0.00371	0.00551	0.00551	0.00551	0.00371	0.00366	0.00557	0.00557	0.00742	0.00760	0.01344	0.00767	0.04339	0.01680	0.84634	0.00371	0.00378	0.00187	0.00187
44	0.00608	0.00456	0.00684	0.00684	0.00760	0.00532	0.00532	0.00760	0.00684	0.00988	0.01140	0.01672	0.01064	0.03191	0.83360	0.00684	0.01140	0.00456	0.00228	0.00380
45	0.01072	0.00921	0.00970	0.00869	0.01112	0.01065	0.00677	0.04193	0.79668	0.01802	0.01714	0.01574	0.01285	0.00576	0.00433	0.00144	0.00340	0.00479	0.00433	0.00675
46	0.00531	0.00378	0.00510	0.00596	0.00626	0.00361	0.00404	0.00610	0.00813	0.01092	0.04689	0.74905	0.02690	0.01450	0.06303	0.01875	0.00310	0.01128	0.00382	0.00347
47	0.00568	0.00389	0.00486	0.00542	0.00557	0.00376	0.00343	0.00607	0.00730	0.00973	0.01890	0.47713	0.02235	0.35509	0.01237	0.02645	0.00320	0.02239	0.00333	0.00306
48	0.00855	0.00820	0.01178	0.01023	0.01050	0.01105	0.02994	0.00964	0.00667	0.01019	0.00715	0.01155	0.00700	0.04132	0.18521	0.00297	0.61762	0.00402	0.00198	0.00443
49	0.01589	0.02028	0.01206	0.01096	0.01315	0.83338	0.00822	0.01699	0.01206	0.01041	0.00658	0.00767	0.00548	0.00438	0.00384	0.00110	0.00767	0.00274	0.00219	0.00493
50	0.00882	0.00756	0.00882	0.00630	0.01008	0.00567	0.00504	0.01071	0.00882	0.01387	0.00756	0.00882	0.00630	0.00315	0.00315	0.00063	0.00315	0.00252	0.00252	0.87647
51	0.01301	0.01134	0.01408	0.07311	0.03797	0.08216	0.14602	0.29975	0.21697	0.04414	0.01136	0.01187	0.00837	0.00486	0.00437	0.00134	0.00509	0.00420	0.00353	0.00645
52	0.00870	0.00743	0.00869	0.00629	0.00995	0.00559	0.00500	0.01055	0.00880	0.01376	0.00812	0.03824	0.00707	0.00351	0.00323	0.00067	0.00313	0.00286	0.00257	0.84586
53	0.01406	0.19221	0.01502	0.06808	0.01435	0.55723	0.05602	0.01548	0.01098	0.01055	0.00663	0.00798	0.00555	0.00417	0.00371	0.00110	0.00685	0.00285	0.00209	0.00508
54	0.00609	0.00453	0.00668	0.00668	0.00739	0.00523	0.00512	0.00750	0.00679	0.00976	0.01154	0.01751	0.01098	0.09001	0.77597	0.00665	0.01088	0.00467	0.00230	0.00371
55	0.03607	0.05336	0.58579	0.03905	0.12649	0.01016	0.02789	0.01365	0.03228	0.02525	0.00799	0.00943	0.00587	0.00405	0.00400	0.00132	0.00583	0.00329	0.00200	0.00623
56	0.01077	0.05135	0.30062	0.01409	0.20745	0.05415	0.03216	0.03407	0.11108	0.08438	0.01125	0.01230	0.03975	0.00467	0.00416	0.00131	0.00519	0.01226	0.00269	0.00630
57	0.01021	0.00885	0.01106	0.10138	0.10053	0.00987	0.02958	0.07235	0.46843	0.01677	0.05871	0.02843	0.01268	0.00560	0.00437	0.00139	0.00391	0.01912	0.00371	0.03306
58	0.00531	0.00387	0.00501	0.00572	0.00620	0.00357	0.00393	0.00628	0.00887	0.01182	0.13717	0.64115	0.10810	0.01240	0.00534	0.00165	0.00240	0.02359	0.00405	0.00356
59	0.00866	0.00833	0.01163	0.03570	0.01098	0.01130	0.00846	0.01014	0.03513	0.01051	0.00825	0.01185	0.03460	0.01124	0.14168	0.00260	0.62820	0.00407	0.00209	0.00456
60	0.00793	0.00397	0.00397	0.00397	0.00496	0.00397	0.00297	0.00991	0.00892	0.01586	0.01388	0.01586	0.01091	0.00496	0.00297	0.00099	0.00198	0.00397	0.87408	0.00397
61	0.01058	0.00914	0.00962	0.00866	0.01106	0.01058	0.00673	0.02261	0.81623	0.01780	0.01732	0.01588	0.01299	0.00577	0.00433	0.00144	0.00337	0.00481	0.00433	0.00673
62	0.01003	0.01144	0.02491	0.01782	0.02206	0.01080	0.79527	0.01357	0.00998	0.01357	0.00856	0.01144	0.00644	0.00365	0.00517	0.00144	0.02097	0.00500	0.00215	0.00572
63	0.00853	0.02201	0.82841	0.01213	0.01842	0.00988	0.01572	0.01348	0.00898	0.01348	0.00764	0.00898	0.00539	0.00404	0.00404	0.00135	0.00629	0.00314	0.00180	0.00629
64	0.01832	0.00726	0.01007	0.06528	0.01214	0.00648	0.00664	0.02005	0.01192	0.77032	0.01615	0.01427	0.01020	0.00520	0.00428	0.00132	0.00376	0.00424	0.00503	0.00707
65	0.00599	0.00435	0.00564	0.00531	0.00633	0.00400	0.00399	0.00796	0.01196	0.01686	0.79307	0.03212	0.06888	0.00878	0.00502	0.00134	0.00201	0.00774	0.00466	0.00400
66	0.00608	0.00455	0.00678	0.00678	0.00752	0.00529	0.00525	0.00756	0.00682	0.00984	0.01145	0.01700	0.01076	0.05315	0.81253	0.00677	0.01121	0.00460	0.00229	0.00377
67	0.00882	0.00756	0.00882	0.00630	0.01008	0.00567	0.00504	0.01071	0.00882	0.01387	0.00756	0.00882	0.00630	0.00315	0.00315	0.00063	0.00315	0.00252	0.00252	0.87647
68	0.00518	0.00370	0.00494	0.00592	0.00617	0.00346	0.00395	0.00592	0.00815	0.01086	0.02345	0.84768	0.02814	0.01333	0.00543	0.00173	0.00247	0.01210	0.00395	0.00346
69	0.00726	0.00657	0.01179	0.00988	0.01149	0.00712	0.20809	0.00927	0.00763	0.01084	0.01037	0.01498	0.00930	0.02341	0.57896	0.00520	0.05667	0.00463	0.00222	0.00434
70	0.01105	0.00937	0.00988	0.00875	0.01124	0.01080	0.00685	0.08791	0.75018	0.01855	0.01673	0.01541	0.01251	0.00572	0.00432	0.00143	0.00348	0.00473	0.00432	0.00678
71	0.00621	0.00474	0.00591	0.00642	0.00757	0.00450	0.00532	0.00810	0.03188	0.01261	0.07422	0.07174	0.30494	0.01113	0.00547	0.00172	0.00313	0.42653	0.00398	0.00387
72	0.00586	0.00434	0.00546	0.00518	0.00626	0.00395	0.00389	0.00772	0.01166	0.01616	0.69530	0.03327	0.16709	0.00904	0.00502	0.00135	0.00203	0.00790	0.00457	0.00395
73	0.00581	0.00397	0.00475	0.00512	0.00522	0.00387	0.00309	0.00609	0.00692	0.00923	0.01719	0.33629	0.02024	0.53551	0.01555	0.00322	0.00350	0.00841	0.00309	0.00291
74	0.00552	0.00420	0.00508	0.00518	0.00616	0.00376	0.00379	0.00693	0.01034	0.01372	0.36577	0.21960	0.29878	0.01050	0.00513	0.00147	0.00220	0.02388	0.00426	0.00375
75	0.00606	0.00415	0.00459	0.00459	0.00479	0.00405	0.00267	0.00623	0.00670	0.00881	0.01742	0.02943	0.12419	0.72419	0.01913	0.00371	0.00383	0.00653	0.01621	0.00274
76	0.00617	0.00468	0.00695	0.00690	0.00761	0.00550	0.00535	0.00763	0.00681	0.00984	0.01129	0.01682	0.01063	0.05363	0.78915	0.00663	0.03376	0.00458	0.00228	0.00379
77	0.11432	0.00672	0.00806	0.00676	0.00900	0.00650	0.00528	0.08592	0.01921	0.38015	0.07811	0.11235	0.01452	0.10786	0.00634	0.00169	0.00344	0.00541	0.02274	0.00561
78	0.00652	0.00438	0.00533	0.00566	0.00621	0.00426	0.00382	0.03453	0.02082	0.03627	0.02045	0.44240	0.06828	0.23592	0.02216	0.00236	0.00316	0.02409	0.04981	0.00357
79	0.16784	0.00749	0.00773	0.00645	0.00874	0.00799	0.00520	0.23915	0.02557	0.12400	0.01185	0.01248	0.00872	0.00487	0.00347	0.00118	0.00322	0.00368	0.34486	0.00548
80	0.00582	0.00440	0.00541	0.00561	0.00648	0.00415	0.00403	0.00781	0.06209	0.01371	0.32092	0.35137	0.17098	0.01069	0.00514	0.00151	0.00230	0.00946	0.00425	0.00390
81	0.02191	0.00547	0.00644	0.00605	0.00737	0.00542	0.00448	0.05322	0.10799	0.07805	0.27118	0.17291	0.12446	0.09280	0.00650	0.00170	0.00277	0.00752	0.01927	0.00448
82	0.00737	0.00600	0.00642	0.00650	0.00764	0.05791	0.00493	0.04344	0.06776	0.02373	0.10246	0.22145	0.18775	0.07865	0.00647	0.00178	0.00328	0.15851	0.00385	0.00410
83	0.00723	0.00538	0.00708	0.00780	0.00891	0.00555	0.00661	0.01045	0.11841	0.01327	0.02190	0.10652	0.02322	0.01107	0.00563	0.00187	0.00373	0.62713	0.00398	0.00426
84	0.00546	0.00397	0.00503	0.00573	0.00621	0.00370	0.00399	0.00633	0.00845	0.01108	0.05431	0.54402	0.13664	0.10071	0.00711	0.00195	0.00272	0.08531	0.00383	0.00345
85	0.00601	0.00461	0.00555	0.00601	0.00680	0.00450	0.00423	0.02161	0.10273	0.01236	0.06653	0.56065	0.15906	0.01165	0.00520	0.00162	0.00253	0.01037	0.00404	0.00395
86	0.00531	0.00420	0.00471	0.00482	0.00589	0.00368	0.00348	0.00645	0.00970	0.01230	0.19016	0.18462	0.48499	0.05309	0.00594	0.00161	0.00228	0.00915	0.00403	0.00360
87	0.00804	0.00756	0.01276	0.84023	0.02931	0.00945	0.01182	0.01087	0.00851	0.01087	0.00756	0.01134	0.00567	0.00425	0.00425	0.00142	0.00567	0.00378	0.00189	0.00473
88	0.00882	0.00756	0.00882	0.00630	0.01008	0.00567	0.00504	0.01071	0.00882	0.01387	0.00756	0.00882	0.00630	0.00315	0.00315	0.00063	0.00315	0.00252	0.00252	0.87647
89	0.02168	0.00425	0.00564	0.00600	0.02604	0.00407	0.00397	0.00674	0.00731	0.03636	0.02966	0.21897	0.11231	0.11657	0.01169	0.34793	0.00326	0.02135	0.00292	0.01327
90	0.00580	0.00418	0.00519	0.00553	0.00639	0.00380	0.00401	0.00699	0.00952	0.03465	0.18676	0.37578	0.25151	0.01185	0.02556	0.00170	0.00261	0.05035	0.00409	0.00374
91	0.01223	0.00806	0.00796	0.00696	0.00890	0.12737	0.00539	0.09351	0.01173	0.22971	0.12998	0.11208	0.03196	0.00658	0.00419	0.00126	0.00359	0.00542	0.18786	0.00524

[dist]
# distance from previous block
# <min> <max>
4	26

[block]
# block no. 4 follows, 62 sequences, length 83
# corresponding to MSA columns:
# 295-312,328-345,348-394
name=unknown_E
#
# <colnr> <probs for GDERKNQSTAVLIFYWHMCP>
#	G	D	E	R	K	N	Q	S	T	A	V	L	I	F	Y	W	H	M	C	P
0	0.00956	0.03135	0.00891	0.00968	0.13331	0.01950	0.00641	0.02845	0.00949	0.14915	0.04683	0.13626	0.01707	0.16880	0.03596	0.00220	0.00416	0.17466	0.00351	0.00473
1	0.01487	0.00972	0.01099	0.00857	0.01184	0.01002	0.00698	0.37762	0.14569	0.21213	0.01253	0.01193	0.00881	0.00496	0.00411	0.00122	0.00399	0.00390	0.00425	0.13586
2	0.00527	0.00434	0.00465	0.00463	0.00597	0.00372	0.00351	0.00655	0.01011	0.01251	0.17678	0.03964	0.65576	0.01046	0.00506	0.00144	0.00220	0.03966	0.00408	0.00368
3	0.00608	0.00456	0.00684	0.00684	0.00760	0.00532	0.00532	0.00760	0.00684	0.00988	0.01140	0.01672	0.01064	0.03191	0.83360	0.00684	0.01140	0.00456	0.00228	0.00380
4	0.01599	0.00682	0.00896	0.00717	0.00989	0.00631	0.00585	0.06954	0.01167	0.57744	0.01537	0.01463	0.01038	0.00825	0.09861	0.00190	0.00437	0.00424	0.11619	0.00643
5	0.09254	0.00740	0.00961	0.00744	0.01067	0.00664	0.00614	0.03183	0.01187	0.74599	0.01576	0.01377	0.00998	0.00515	0.00414	0.00132	0.00361	0.00410	0.00503	0.00702
6	0.00543	0.00388	0.00522	0.00621	0.00656	0.00367	0.00438	0.00635	0.00839	0.01114	0.02332	0.72932	0.02760	0.01310	0.00550	0.00176	0.00268	0.12802	0.00395	0.00352
7	0.00608	0.00456	0.00684	0.00684	0.00760	0.00532	0.00532	0.00760	0.00684	0.00988	0.01140	0.01672	0.01064	0.03191	0.83360	0.00684	0.01140	0.00456	0.00228	0.00380
8	0.00701	0.00434	0.00503	0.00489	0.00522	0.00425	0.00296	0.00725	0.00686	0.06426	0.01523	0.04877	0.05239	0.70396	0.03567	0.00376	0.00408	0.00628	0.01480	0.00301
9	0.00587	0.00429	0.00542	0.00556	0.00602	0.00443	0.00381	0.00660	0.00721	0.00965	0.01856	0.16722	0.12830	0.33984	0.25037	0.00408	0.01953	0.00708	0.00291	0.00326
10	0.00882	0.00756	0.00882	0.00630	0.01008	0.00567	0.00504	0.01071	0.00882	0.01387	0.00756	0.00882	0.00630	0.00315	0.00315	0.00063	0.00315	0.00252	0.00252	0.87647
11	0.00526	0.00427	0.00466	0.00486	0.00601	0.00373	0.00357	0.00645	0.01798	0.01169	0.07543	0.18948	0.57837	0.02967	0.00550	0.00157	0.00233	0.04159	0.00396	0.00361
12	0.00572	0.00387	0.00510	0.00592	0.00634	0.00357	0.00401	0.00651	0.00837	0.04296	0.02405	0.77984	0.06200	0.01290	0.00537	0.00170	0.00250	0.01165	0.00400	0.00361
13	0.08270	0.00743	0.00886	0.00733	0.00993	0.00739	0.00591	0.08713	0.15137	0.37374	0.15218	0.01818	0.04027	0.00612	0.00434	0.00136	0.00333	0.02157	0.00464	0.00622
14	0.00594	0.00424	0.00537	0.00584	0.00634	0.00408	0.00401	0.03853	0.00900	0.01211	0.13754	0.53004	0.04858	0.13143	0.00764	0.00200	0.00277	0.03710	0.00387	0.00358
15	0.00551	0.00426	0.00494	0.00525	0.00614	0.00388	0.00371	0.01571	0.02798	0.01200	0.11504	0.36512	0.35245	0.05054	0.00594	0.00167	0.00242	0.00982	0.00398	0.00365
16	0.00935	0.00942	0.01366	0.01152	0.01175	0.01292	0.05076	0.01042	0.00670	0.01042	0.00574	0.00942	0.00563	0.00725	0.01350	0.00184	0.79934	0.00379	0.00188	0.00471
17	0.01783	0.00774	0.01000	0.00783	0.01101	0.00719	0.00641	0.06312	0.11751	0.67857	0.01651	0.01444	0.01068	0.00532	0.00428	0.00133	0.00364	0.00432	0.00509	0.00718
18	0.00595	0.00420	0.00532	0.00542	0.00626	0.00384	0.00389	0.00733	0.01024	0.03428	0.40584	0.29431	0.14276	0.04346	0.00579	0.00159	0.00230	0.00914	0.00428	0.00380
19	0.22760	0.00597	0.00641	0.00569	0.00745	0.00595	0.00427	0.01162	0.00872	0.22272	0.03001	0.05283	0.12537	0.22366	0.02678	0.00219	0.00353	0.00530	0.01939	0.00454
20	0.55144	0.00765	0.00689	0.00592	0.00845	0.00840	0.00484	0.06745	0.00913	0.14302	0.00914	0.00972	0.00669	0.00439	0.00305	0.00126	0.00323	0.00297	0.14126	0.00509
21	0.88052	0.00823	0.00625	0.00560	0.00823	0.00955	0.00461	0.01251	0.00724	0.01909	0.00592	0.00691	0.00461	0.00395	0.00263	0.00132	0.00329	0.00230	0.00263	0.00461
22	0.00522	0.00380	0.00487	0.00567	0.00606	0.00351	0.00381	0.00599	0.00832	0.01094	0.03944	0.70557	0.12048	0.04723	0.00604	0.00179	0.00249	0.01141	0.00391	0.00345
23	0.00516	0.00424	0.00454	0.00462	0.00587	0.00362	0.00341	0.00630	0.00977	0.01203	0.12656	0.13815	0.63929	0.01086	0.00508	0.00146	0.00218	0.00922	0.00403	0.00362
24	0.00608	0.00456	0.00684	0.00684	0.00760	0.00532	0.00532	0.00760	0.00684	0.00988	0.01140	0.01672	0.01064	0.03191	0.83360	0.00684	0.01140	0.00456	0.00228	0.00380
25	0.00632	0.00441	0.00622	0.00620	0.00688	0.00494	0.00467	0.00761	0.00713	0.01048	0.04354	0.01828	0.01222	0.11627	0.59789	0.04053	0.00900	0.00477	0.08902	0.00361
26	0.01552	0.01006	0.01125	0.00887	0.01194	0.01077	0.00721	0.48247	0.12380	0.20526	0.01297	0.02504	0.00939	0.03917	0.00498	0.00143	0.00421	0.00428	0.00442	0.00693
27	0.00619	0.00413	0.00464	0.00464	0.00464	0.00413	0.00258	0.00619	0.00619	0.00825	0.01341	0.02785	0.01547	0.85046	0.02166	0.00413	0.00413	0.00619	0.00258	0.00258
28	0.00882	0.00756	0.00882	0.00630	0.01008	0.00567	0.00504	0.01071	0.00882	0.01387	0.00756	0.00882	0.00630	0.00315	0.00315	0.00063	0.00315	0.00252	0.00252	0.87647
29	0.00616	0.00471	0.00699	0.00693	0.00768	0.00553	0.00541	0.00765	0.00689	0.00992	0.01186	0.01697	0.02710	0.03069	0.79007	0.00657	0.03814	0.00462	0.00230	0.00382
30	0.00516	0.00413	0.00463	0.00500	0.00602	0.00360	0.00363	0.00616	0.00919	0.01134	0.03567	0.30960	0.52336	0.01167	0.00520	0.00156	0.00234	0.04423	0.00395	0.00356
31	0.00952	0.00735	0.00815	0.00712	0.00908	0.00776	0.00555	0.23239	0.17466	0.01854	0.24902	0.08515	0.15249	0.00780	0.00470	0.00139	0.00308	0.00659	0.00432	0.00534
32	0.00519	0.00430	0.00455	0.00453	0.00586	0.00365	0.00338	0.00640	0.01001	0.01234	0.16395	0.06660	0.67349	0.01054	0.00504	0.00143	0.00214	0.00888	0.00407	0.00365
33	0.04196	0.00506	0.00558	0.00522	0.00682	0.00464	0.00399	0.00926	0.06437	0.08917	0.21208	0.04764	0.47011	0.00923	0.00482	0.00140	0.00239	0.00776	0.00421	0.00427
34	0.00526	0.00406	0.00484	0.00536	0.00618	0.00363	0.00385	0.00627	0.00905	0.01149	0.06286	0.43041	0.35559	0.01199	0.00528	0.00161	0.00242	0.06231	0.00398	0.00356
35	0.01624	0.01181	0.01270	0.00974	0.01314	0.01304	0.00805	0.79183	0.01983	0.04497	0.01036	0.01031	0.00731	0.00511	0.00426	0.00128	0.00466	0.00384	0.00428	0.00724
36	0.00644	0.00447	0.00584	0.00595	0.00695	0.00423	0.00472	0.00832	0.01091	0.02391	0.46171	0.07568	0.06862	0.00958	0.00513	0.00151	0.00258	0.22597	0.06351	0.00397
37	0.00643	0.00459	0.00563	0.00559	0.00687	0.00407	0.01868	0.00774	0.00991	0.06773	0.14129	0.19102	0.41317	0.01057	0.00514	0.00152	0.00257	0.08943	0.00410	0.00394
38	0.01542	0.01064	0.01166	0.00919	0.01234	0.01160	0.00749	0.54832	0.15598	0.13636	0.01242	0.01213	0.00885	0.02178	0.00461	0.00137	0.00430	0.00411	0.00438	0.00706
39	0.01476	0.01553	0.01119	0.00976	0.01212	0.47750	0.00757	0.24208	0.01390	0.01577	0.00904	0.01092	0.00734	0.00495	0.00395	0.00117	0.00606	0.03564	0.09530	0.00545
40	0.01909	0.00724	0.00987	0.00757	0.01086	0.00625	0.00625	0.02074	0.01218	0.82687	0.01679	0.01448	0.01053	0.00527	0.00428	0.00132	0.00362	0.00428	0.00527	0.00724
41	0.06003	0.00737	0.00867	0.00717	0.00979	0.00723	0.00576	0.12356	0.10963	0.36474	0.02069	0.05716	0.16853	0.00722	0.02139	0.00148	0.00354	0.00546	0.00450	0.00609
42	0.00918	0.00910	0.01269	0.01090	0.01090	0.01267	0.00903	0.01007	0.00650	0.01016	0.00591	0.01007	0.00599	0.04197	0.01428	0.00195	0.80833	0.00382	0.00189	0.00457
43	0.00617	0.00419	0.00499	0.00499	0.00511	0.00431	0.00301	0.00641	0.00629	0.00851	0.01309	0.02609	0.01471	0.72116	0.14991	0.00455	0.00527	0.00593	0.00253	0.00277
44	0.01792	0.00912	0.01104	0.00846	0.01180	0.00904	0.00699	0.33703	0.01532	0.50614	0.01415	0.01277	0.00921	0.00520	0.00427	0.00130	0.00405	0.00410	0.00486	0.00724
45	0.02108	0.00488	0.00612	0.00624	0.02386	0.00482	0.02332	0.00807	0.05886	0.01167	0.11846	0.15412	0.15135	0.27883	0.05183	0.00263	0.00368	0.06308	0.00344	0.00366
46	0.01013	0.01096	0.09043	0.05423	0.70265	0.00991	0.01303	0.01285	0.00958	0.01370	0.00877	0.01113	0.02549	0.00399	0.00422	0.00128	0.00512	0.00385	0.00211	0.00655
47	0.00620	0.03962	0.02729	0.00682	0.02681	0.00489	0.00507	0.02071	0.02758	0.01172	0.02378	0.50877	0.12306	0.02168	0.00542	0.00169	0.00297	0.12825	0.00376	0.00390
48	0.01224	0.48810	0.09959	0.02473	0.01261	0.25672	0.00845	0.01391	0.00964	0.01049	0.00644	0.00761	0.00558	0.00457	0.02249	0.00116	0.00583	0.00258	0.00194	0.00534
49	0.01004	0.01148	0.02511	0.01793	0.02224	0.01076	0.80846	0.01363	0.01004	0.01363	0.00861	0.01148	0.00646	0.00359	0.00502	0.00143	0.00717	0.00502	0.00215	0.00574
50	0.01359	0.06130	0.01226	0.03133	0.02377	0.02743	0.00773	0.40952	0.28872	0.04060	0.01225	0.01200	0.00904	0.00525	0.00442	0.00133	0.02465	0.00406	0.00397	0.00678
51	0.00841	0.00520	0.00668	0.00671	0.00807	0.00498	0.00545	0.01047	0.05067	0.13607	0.09741	0.07651	0.14348	0.08017	0.00665	0.00187	0.00335	0.33937	0.00411	0.00439
52	0.01049	0.00966	0.03337	0.10253	0.46558	0.00944	0.01986	0.08277	0.03393	0.03189	0.00961	0.01188	0.02664	0.00425	0.00414	0.00122	0.00472	0.01583	0.00252	0.11965
53	0.03701	0.01008	0.02844	0.00846	0.01124	0.08370	0.00690	0.32427	0.01415	0.25927	0.03172	0.01351	0.00964	0.07232	0.06795	0.00191	0.00504	0.00414	0.00401	0.00625
54	0.00525	0.00380	0.00507	0.00601	0.00625	0.00362	0.00404	0.00600	0.00812	0.01085	0.02316	0.83377	0.02777	0.01323	0.00557	0.00173	0.01641	0.01196	0.00392	0.00348
55	0.00549	0.00410	0.00501	0.00533	0.00610	0.00373	0.00379	0.00664	0.00950	0.01254	0.23647	0.33706	0.24117	0.06789	0.00633	0.00172	0.00243	0.03706	0.00405	0.00360
56	0.00671	0.00604	0.04485	0.05682	0.08036	0.00547	0.00609	0.02692	0.02991	0.01278	0.09456	0.30915	0.17609	0.00974	0.00513	0.00154	0.01770	0.07440	0.03146	0.00427
57	0.01480	0.03231	0.01218	0.00956	0.01259	0.10199	0.00773	0.54068	0.17041	0.02259	0.01112	0.01123	0.00824	0.01939	0.00448	0.00133	0.00474	0.00390	0.00396	0.00677
58	0.01393	0.01051	0.01124	0.00912	0.01207	0.01174	0.00737	0.47488	0.30928	0.04426	0.01310	0.01258	0.00954	0.00535	0.00424	0.00133	0.00408	0.00420	0.03421	0.00694
59	0.00569	0.00421	0.00506	0.00506	0.00597	0.00383	0.00363	0.00706	0.01019	0.01375	0.39556	0.15578	0.24655	0.09156	0.00665	0.00169	0.00232	0.00847	0.02330	0.00368
60	0.01034	0.00806	0.00911	0.04920	0.01093	0.00897	0.00648	0.19663	0.33498	0.01776	0.06120	0.10958	0.02838	0.00734	0.00511	0.04459	0.00357	0.04387	0.03820	0.00569
61	0.01124	0.40000	0.18596	0.00987	0.02886	0.13683	0.06080	0.04595	0.01001	0.01221	0.05602	0.00942	0.00770	0.00420	0.00354	0.00111	0.00541	0.00312	0.00217	0.00558
62	0.00688	0.00544	0.00635	0.00592	0.00751	0.00502	0.00448	0.03175	0.08414	0.01394	0.19562	0.16030	0.21062	0.04333	0.00544	0.00147	0.00272	0.05958	0.00386	0.14562
63	0.03076	0.00843	0.01410	0.54866	0.29291	0.00967	0.01205	0.01164	0.00887	0.01208	0.00767	0.01096	0.00600	0.00409	0.00420	0.00136	0.00541	0.00375	0.00198	0.00539
64	0.01590	0.02006	0.01208	0.01093	0.01316	0.81175	0.00822	0.03790	0.01227	0.01085	0.00667	0.00774	0.00553	0.00440	0.00385	0.00110	0.00759	0.00277	0.00225	0.00499
65	0.00715	0.00485	0.00587	0.00563	0.00681	0.00453	0.00419	0.05123	0.01066	0.06890	0.30435	0.15281	0.21279	0.09459	0.00671	0.00173	0.00267	0.04628	0.00417	0.00408
66	0.00592	0.00460	0.00543	0.00529	0.00649	0.00425	0.00399	0.00812	0.05755	0.01470	0.43579	0.07903	0.30927	0.00960	0.00503	0.00142	0.00222	0.03299	0.00434	0.00399
67	0.00542	0.00444	0.00479	0.00468	0.00603	0.00387	0.00352	0.00700	0.03053	0.01304	0.23649	0.03804	0.60698	0.01013	0.00501	0.00141	0.00215	0.00856	0.00414	0.00378
68	0.00554	0.00453	0.00496	0.00515	0.00617	0.02380	0.00372	0.00671	0.00979	0.01243	0.19633	0.27135	0.41242	0.01093	0.00511	0.00149	0.00235	0.00947	0.00406	0.00367
69	0.00692	0.00459	0.00567	0.00584	0.00676	0.00433	0.00421	0.05141	0.00992	0.05937	0.15896	0.43612	0.12394	0.02463	0.00531	0.00158	0.00257	0.02677	0.05708	0.00402
70	0.67180	0.00744	0.00616	0.00555	0.00786	0.00838	0.00449	0.02708	0.00837	0.01853	0.13322	0.01248	0.04584	0.00502	0.00314	0.00132	0.00304	0.00349	0.02228	0.00451
71	0.00979	0.01015	0.01349	0.01145	0.01179	0.06870	0.04401	0.01085	0.00705	0.01040	0.00578	0.00929	0.00562	0.00707	0.01289	0.00179	0.74955	0.00371	0.00190	0.00472
72	0.00740	0.00370	0.00550	0.00550	0.00553	0.00370	0.00368	0.00565	0.00563	0.00760	0.00755	0.01301	0.00748	0.01454	0.01630	0.85494	0.00365	0.00370	0.02304	0.00190
73	0.00696	0.00434	0.00555	0.00593	0.00675	0.00408	0.00429	0.00841	0.02965	0.08050	0.10039	0.49770	0.06364	0.01092	0.00503	0.00158	0.00258	0.06454	0.09318	0.00400
74	0.00579	0.00422	0.00531	0.00582	0.00643	0.00399	0.00405	0.03790	0.00929	0.01237	0.13784	0.56528	0.11222	0.04449	0.00592	0.00172	0.00255	0.02710	0.00401	0.00367
75	0.00831	0.00791	0.01056	0.00950	0.00965	0.03077	0.00761	0.00918	0.00701	0.01025	0.01006	0.17480	0.01109	0.06673	0.04064	0.00214	0.56070	0.01647	0.00237	0.00425
