[name]
unknown

[dist]
# distance from previous block
# <min> <max>
6	484

[block]
# block no. 0 follows, 59 sequences, length 26
# corresponding to MSA columns:
# 502-521,523-528
name=unknown_A
#
# <colnr> <probs for GDERKNQSTAVLIFYWHMCP>
#	G	D	E	R	K	N	Q	S	T	A	V	L	I	F	Y	W	H	M	C	P
0	0.01377	0.07385	0.01266	0.03548	0.08780	0.37311	0.00828	0.04052	0.12544	0.07301	0.03492	0.01196	0.02311	0.00608	0.03396	0.00147	0.02050	0.00378	0.01457	0.00573
1	0.01197	0.01849	0.00936	0.00735	0.01028	0.00697	0.01483	0.02778	0.14887	0.23832	0.07982	0.02496	0.04316	0.02832	0.04084	0.00150	0.00380	0.00457	0.00399	0.27481
2	0.01230	0.03670	0.01035	0.03122	0.01161	0.33867	0.00705	0.05562	0.15733	0.04456	0.01417	0.23355	0.01372	0.00735	0.00454	0.00140	0.00523	0.00598	0.00338	0.00528
3	0.00791	0.00652	0.00754	0.00673	0.00887	0.00600	0.00505	0.01166	0.17960	0.01416	0.04484	0.27947	0.08681	0.00809	0.00452	0.00129	0.00296	0.00705	0.00369	0.30723
4	0.01524	0.00781	0.00948	0.00762	0.01013	0.00768	0.00594	0.19059	0.04441	0.39784	0.02702	0.01785	0.01202	0.21558	0.00896	0.00209	0.00410	0.00491	0.00449	0.00623
5	0.01357	0.00908	0.02064	0.00935	0.02705	0.03437	0.04759	0.26815	0.03531	0.21336	0.01578	0.23684	0.01421	0.00758	0.00502	0.00148	0.02370	0.00646	0.00428	0.00620
6	0.00678	0.00518	0.00667	0.00664	0.00800	0.00465	0.00501	0.00813	0.00873	0.01220	0.01840	0.37185	0.02055	0.05103	0.08169	0.00216	0.00396	0.15389	0.00350	0.22097
7	0.01056	0.01060	0.01952	0.10068	0.54466	0.01060	0.21057	0.01349	0.01003	0.01406	0.00842	0.01126	0.00682	0.00393	0.00459	0.00137	0.00586	0.00425	0.00218	0.00654
8	0.01137	0.00792	0.01277	0.57945	0.07232	0.00902	0.01090	0.01398	0.00986	0.21396	0.01027	0.01254	0.00722	0.00465	0.00442	0.00144	0.00532	0.00405	0.00285	0.00568
9	0.65803	0.00752	0.00599	0.00547	0.00790	0.00836	0.00443	0.01132	0.00815	0.01784	0.01581	0.01602	0.20769	0.00587	0.00336	0.00140	0.00312	0.00413	0.00308	0.00452
10	0.01131	0.00945	0.01004	0.00892	0.01150	0.01080	0.00696	0.03904	0.75210	0.04100	0.01757	0.01615	0.01313	0.00590	0.00446	0.00147	0.00353	0.00490	0.00448	0.02730
11	0.66093	0.00950	0.00818	0.00690	0.00983	0.01086	0.00569	0.21060	0.01083	0.02182	0.00726	0.00803	0.00547	0.00440	0.00315	0.00136	0.00378	0.00279	0.00315	0.00547
12	0.65803	0.00752	0.00599	0.00547	0.00790	0.00836	0.00443	0.01132	0.00815	0.01784	0.01581	0.01602	0.20769	0.00587	0.00336	0.00140	0.00312	0.00413	0.00308	0.00452
13	0.00783	0.00707	0.01171	0.62716	0.02478	0.00874	0.01058	0.01043	0.00840	0.01103	0.00885	0.01317	0.00718	0.01160	0.21037	0.00288	0.00737	0.00413	0.00206	0.00467
14	0.01450	0.01016	0.01080	0.00854	0.01140	0.01113	0.00697	0.59010	0.01768	0.02479	0.01162	0.01218	0.00853	0.00526	0.00406	0.00125	0.00411	0.00401	0.23631	0.00660
15	0.01755	0.01116	0.01250	0.00959	0.01309	0.01189	0.00792	0.60703	0.01873	0.22618	0.01231	0.01171	0.00837	0.00534	0.00442	0.00134	0.00458	0.00409	0.00468	0.00751
16	0.00638	0.00435	0.00515	0.00507	0.00535	0.00429	0.00313	0.00694	0.00796	0.01090	0.21434	0.02960	0.02233	0.61282	0.04074	0.00364	0.00394	0.00677	0.00321	0.00308
17	0.23165	0.01719	0.01107	0.00988	0.01238	0.55437	0.00758	0.08224	0.01196	0.01449	0.00697	0.00799	0.00561	0.00450	0.00371	0.00121	0.00657	0.00283	0.00257	0.00524
18	0.66093	0.00950	0.00818	0.00690	0.00983	0.01086	0.00569	0.21060	0.01083	0.02182	0.00726	0.00803	0.00547	0.00440	0.00315	0.00136	0.00378	0.00279	0.00315	0.00547
19	0.00637	0.00523	0.00584	0.00589	0.02405	0.02789	0.00431	0.02011	0.01114	0.01441	0.33675	0.05217	0.39016	0.02838	0.00558	0.00153	0.00259	0.04926	0.00427	0.00406
20	0.00645	0.00459	0.00568	0.00541	0.00624	0.00438	0.00383	0.00828	0.03321	0.01529	0.55795	0.03134	0.05035	0.21809	0.00947	0.00211	0.00268	0.00746	0.02333	0.00386
21	0.01324	0.00565	0.00695	0.00587	0.00796	0.00517	0.00467	0.01514	0.01098	0.37292	0.06904	0.01693	0.01317	0.00555	0.00383	0.00120	0.00281	0.00452	0.42877	0.00563
22	0.01121	0.00960	0.01011	0.00903	0.01157	0.01109	0.00704	0.05300	0.77937	0.01883	0.01770	0.01626	0.01326	0.00597	0.00449	0.00149	0.00355	0.00495	0.00449	0.00701
23	0.00721	0.00573	0.00663	0.00622	0.00769	0.00577	0.00471	0.01168	0.21134	0.01661	0.44470	0.05208	0.18484	0.00882	0.00504	0.00145	0.00248	0.00762	0.00460	0.00477
24	0.00635	0.00433	0.00510	0.00504	0.00531	0.00423	0.00309	0.00689	0.00800	0.01093	0.21468	0.05166	0.02282	0.61339	0.01771	0.00349	0.00369	0.00698	0.00326	0.00307
25	0.65807	0.00737	0.00615	0.00589	0.00801	0.00833	0.00461	0.01127	0.00775	0.01768	0.01070	0.21610	0.01090	0.00654	0.00346	0.00147	0.00320	0.00494	0.00308	0.00448

[dist]
# distance from previous block
# <min> <max>
0	12

[block]
# block no. 1 follows, 59 sequences, length 20
# corresponding to MSA columns:
# 541-547,571-583
name=unknown_B
#
# <colnr> <probs for GDERKNQSTAVLIFYWHMCP>
#	G	D	E	R	K	N	Q	S	T	A	V	L	I	F	Y	W	H	M	C	P
0	0.01275	0.00748	0.00785	0.00663	0.00891	0.06030	0.00526	0.12293	0.01226	0.25763	0.02115	0.02056	0.19225	0.00659	0.00422	0.00128	0.00339	0.00529	0.23768	0.00558
1	0.06598	0.01033	0.01084	0.00898	0.01196	0.05157	0.00720	0.22968	0.33153	0.20209	0.01463	0.01361	0.01041	0.00551	0.00433	0.00140	0.00414	0.00434	0.00448	0.00702
2	0.67919	0.00763	0.00636	0.00575	0.00810	0.00861	0.00464	0.01193	0.00864	0.01934	0.18914	0.01302	0.01313	0.00522	0.00329	0.00137	0.00311	0.00366	0.00321	0.00464
3	0.00769	0.19506	0.00899	0.00546	0.00636	0.00729	0.00385	0.00810	0.00709	0.00923	0.01213	0.02338	0.01347	0.61463	0.03353	0.00349	0.00447	0.00541	0.02694	0.00342
4	0.00611	0.00451	0.00582	0.00630	0.00721	0.00422	0.00489	0.00767	0.01033	0.01369	0.23790	0.24878	0.16893	0.01160	0.00559	0.00171	0.00283	0.24375	0.00429	0.00391
5	0.66085	0.00840	0.00751	0.00638	0.00929	0.00923	0.00526	0.03459	0.00901	0.20113	0.00881	0.00904	0.00624	0.00444	0.00316	0.00137	0.00353	0.00289	0.00339	0.00547
6	0.02488	0.00877	0.01260	0.49526	0.07111	0.05165	0.01041	0.03787	0.01031	0.19521	0.01005	0.01208	0.00714	0.00462	0.00434	0.00139	0.00533	0.00393	0.00289	0.03017
7	0.00765	0.00583	0.00756	0.00728	0.00800	0.04495	0.00554	0.03489	0.00760	0.01044	0.02755	0.01589	0.01035	0.03962	0.49802	0.20173	0.05655	0.00446	0.00236	0.00369
8	0.00585	0.00440	0.00541	0.00536	0.00640	0.00396	0.00394	0.00748	0.01125	0.01523	0.49390	0.15740	0.24259	0.01032	0.00528	0.00148	0.00220	0.00903	0.00455	0.00396
9	0.00902	0.00580	0.00648	0.00547	0.00755	0.00524	0.00425	0.03785	0.03412	0.04619	0.10586	0.01645	0.02592	0.00520	0.00356	0.00101	0.00261	0.00425	0.42127	0.25190
10	0.04405	0.01628	0.01269	0.01403	0.19446	0.51671	0.00901	0.01532	0.01149	0.01221	0.03393	0.01176	0.05795	0.00566	0.02481	0.00136	0.00675	0.00368	0.00247	0.00539
11	0.00984	0.00969	0.03893	0.33766	0.25182	0.01038	0.06268	0.01496	0.19041	0.01408	0.01035	0.01253	0.00797	0.00458	0.00447	0.00143	0.00528	0.00423	0.00261	0.00610
12	0.00624	0.00475	0.00604	0.00624	0.00732	0.00411	0.00436	0.00727	0.00861	0.01198	0.02061	0.65348	0.02408	0.01145	0.00510	0.00154	0.00272	0.01031	0.00376	0.20003
13	0.87598	0.00854	0.00649	0.00581	0.00854	0.00991	0.00478	0.01298	0.00752	0.01982	0.00615	0.00717	0.00478	0.00410	0.00273	0.00137	0.00342	0.00239	0.00273	0.00478
14	0.01025	0.00980	0.01670	0.23796	0.61167	0.01032	0.01322	0.01296	0.00974	0.01361	0.00819	0.01115	0.00671	0.00406	0.00438	0.00135	0.00541	0.00393	0.00213	0.00645
15	0.02157	0.00642	0.00753	0.03602	0.00922	0.01854	0.01755	0.04817	0.04292	0.19614	0.05639	0.03831	0.42910	0.00862	0.00515	0.00145	0.02808	0.00710	0.01666	0.00506
16	0.68226	0.00831	0.00734	0.00627	0.00916	0.00913	0.00517	0.01492	0.00868	0.20093	0.00870	0.00895	0.00617	0.00441	0.00312	0.00137	0.00349	0.00286	0.00335	0.00540
17	0.01190	0.00964	0.01141	0.19590	0.01622	0.01112	0.00846	0.18172	0.43658	0.04751	0.01414	0.01415	0.01044	0.00547	0.00446	0.00145	0.00433	0.00452	0.00394	0.00665
18	0.01054	0.01159	0.02422	0.02054	0.20277	0.01102	0.62298	0.01401	0.01034	0.01421	0.00879	0.01169	0.00677	0.00377	0.00502	0.00145	0.00695	0.00492	0.00222	0.00619
19	0.00650	0.00454	0.00597	0.00640	0.00730	0.00425	0.00493	0.00804	0.01034	0.03704	0.24670	0.29434	0.11204	0.01153	0.00557	0.00170	0.00284	0.22163	0.00434	0.00401

[dist]
# distance from previous block
# <min> <max>
0	3

[block]
# block no. 2 follows, 59 sequences, length 7
# corresponding to MSA columns:
# 587-593
name=unknown_C
#
# <colnr> <probs for GDERKNQSTAVLIFYWHMCP>
#	G	D	E	R	K	N	Q	S	T	A	V	L	I	F	Y	W	H	M	C	P
0	0.00784	0.00620	0.00848	0.00791	0.00885	0.00744	0.00623	0.07792	0.03568	0.01202	0.01123	0.01633	0.01038	0.07119	0.57260	0.00555	0.12250	0.00465	0.00258	0.00441
1	0.00856	0.00934	0.08400	0.70736	0.08330	0.00990	0.01271	0.01168	0.00896	0.01174	0.00789	0.01150	0.00594	0.00436	0.00439	0.00145	0.00590	0.00387	0.00197	0.00519
2	0.47521	0.00746	0.00694	0.00656	0.03944	0.00817	0.00498	0.05294	0.00924	0.09105	0.00982	0.01084	0.00742	0.00457	0.00314	0.00127	0.00320	0.00321	0.24948	0.00506
3	0.01161	0.67586	0.14547	0.00854	0.01266	0.06016	0.00896	0.01358	0.00922	0.01097	0.00645	0.00748	0.00566	0.00388	0.00311	0.00102	0.00518	0.00253	0.00191	0.00577
4	0.02394	0.06624	0.03344	0.03821	0.01090	0.06973	0.00684	0.05683	0.00964	0.07668	0.01161	0.03551	0.01107	0.14013	0.02559	0.00193	0.10683	0.10075	0.00296	0.17119
5	0.04187	0.03152	0.00807	0.00723	0.00846	0.00669	0.00569	0.07204	0.00843	0.04086	0.01163	0.01654	0.01057	0.06486	0.63794	0.00589	0.01009	0.00457	0.00265	0.00438
6	0.01079	0.33314	0.22584	0.03350	0.06925	0.05847	0.02677	0.03395	0.00930	0.01214	0.00725	0.00942	0.00621	0.03520	0.00568	0.00138	0.11070	0.00321	0.00203	0.00577

[dist]
# distance from previous block
# <min> <max>
0	2

[block]
# block no. 3 follows, 59 sequences, length 16
# corresponding to MSA columns:
# 596-611
name=unknown_D
#
# <colnr> <probs for GDERKNQSTAVLIFYWHMCP>
#	G	D	E	R	K	N	Q	S	T	A	V	L	I	F	Y	W	H	M	C	P
0	0.00973	0.00624	0.00739	0.00655	0.00842	0.02251	0.00514	0.05254	0.05744	0.14919	0.33371	0.04950	0.10755	0.00798	0.00481	0.00138	0.00294	0.05736	0.05011	0.05951
1	0.02260	0.00679	0.01017	0.13786	0.06752	0.02032	0.07291	0.01016	0.00956	0.05342	0.03258	0.16184	0.11422	0.03433	0.00617	0.00174	0.04381	0.18600	0.00336	0.00463
2	0.00951	0.02425	0.06033	0.38579	0.02099	0.07834	0.05094	0.02654	0.00944	0.01251	0.00821	0.01147	0.00662	0.00546	0.03517	0.00148	0.03442	0.01804	0.00224	0.19825
3	0.00568	0.00419	0.00581	0.00718	0.04499	0.00399	0.00460	0.00657	0.00848	0.01139	0.02310	0.77086	0.02746	0.01410	0.03702	0.00197	0.00304	0.01185	0.00394	0.00376
4	0.01068	0.01024	0.01747	0.10554	0.74077	0.01043	0.01343	0.01333	0.00994	0.01412	0.00826	0.01101	0.00689	0.00398	0.00438	0.00133	0.00531	0.00393	0.00216	0.00679
5	0.00597	0.00434	0.00568	0.00588	0.00668	0.00397	0.00418	0.00742	0.01044	0.01451	0.40454	0.41576	0.03423	0.01106	0.00533	0.00155	0.00236	0.00992	0.00440	0.04179
6	0.08144	0.00594	0.00674	0.00603	0.00784	0.00595	0.00476	0.04754	0.06362	0.16328	0.18723	0.02039	0.01792	0.00636	0.00406	0.00129	0.00280	0.04332	0.31836	0.00513
7	0.87598	0.00854	0.00649	0.00581	0.00854	0.00991	0.00478	0.01298	0.00752	0.01982	0.00615	0.00717	0.00478	0.00410	0.00273	0.00137	0.00342	0.00239	0.00273	0.00478
8	0.01181	0.84744	0.02314	0.00756	0.01134	0.01748	0.00756	0.01323	0.00897	0.01039	0.00614	0.00708	0.00567	0.00378	0.00283	0.00094	0.00472	0.00236	0.00189	0.00567
9	0.00538	0.00384	0.00512	0.00615	0.00641	0.00359	0.00410	0.00615	0.00846	0.01127	0.02434	0.84190	0.02921	0.01384	0.00564	0.00179	0.00256	0.01256	0.00410	0.00359
10	0.87598	0.00854	0.00649	0.00581	0.00854	0.00991	0.00478	0.01298	0.00752	0.01982	0.00615	0.00717	0.00478	0.00410	0.00273	0.00137	0.00342	0.00239	0.00273	0.00478
11	0.01042	0.01191	0.02606	0.01862	0.02308	0.01117	0.80119	0.01415	0.01042	0.01415	0.00894	0.01191	0.00670	0.00372	0.00521	0.00149	0.00745	0.00521	0.00223	0.00596
12	0.00610	0.00451	0.00569	0.00540	0.00650	0.00410	0.00405	0.00804	0.01214	0.01685	0.70050	0.03440	0.15661	0.00935	0.00521	0.00140	0.00211	0.00819	0.00475	0.00410
13	0.00552	0.00396	0.00535	0.00622	0.00653	0.00384	0.00422	0.00636	0.00823	0.01107	0.02254	0.71932	0.02666	0.04173	0.10334	0.00250	0.00371	0.01144	0.00385	0.00360
14	0.00641	0.00433	0.00507	0.00507	0.00516	0.00442	0.00299	0.00658	0.00650	0.00875	0.01369	0.02762	0.01550	0.75497	0.11153	0.00459	0.00512	0.00624	0.00264	0.00282
15	0.00988	0.00961	0.01462	0.01196	0.01328	0.01186	0.15435	0.03539	0.10099	0.01325	0.05089	0.01343	0.00947	0.00686	0.01036	0.00174	0.47744	0.02717	0.02217	0.00529

[dist]
# distance from previous block
# <min> <max>
0	1

[block]
# block no. 4 follows, 59 sequences, length 71
# corresponding to MSA columns:
# 613-683
name=unknown_E
#
# <colnr> <probs for GDERKNQSTAVLIFYWHMCP>
#	G	D	E	R	K	N	Q	S	T	A	V	L	I	F	Y	W	H	M	C	P
0	0.00884	0.00821	0.04330	0.00716	0.01020	0.00676	0.00588	0.01055	0.00851	0.01315	0.00843	0.01188	0.00769	0.11709	0.00722	0.00132	0.10181	0.00330	0.00251	0.61617
1	0.00637	0.00449	0.00587	0.00587	0.00624	0.00486	0.00400	0.00710	0.00674	0.00935	0.01295	0.02355	0.01373	0.46840	0.39568	0.00559	0.00778	0.00564	0.00253	0.00326
2	0.01128	0.37672	0.01761	0.00966	0.01186	0.08830	0.03855	0.04190	0.00893	0.01126	0.00681	0.00928	0.00630	0.02305	0.04996	0.00170	0.27620	0.00327	0.00209	0.00528
3	0.00539	0.00391	0.00510	0.00602	0.00638	0.00361	0.00405	0.00622	0.00868	0.01150	0.04780	0.76338	0.08461	0.01352	0.00560	0.00176	0.00253	0.01220	0.00412	0.00361
4	0.00903	0.00896	0.05674	0.46365	0.18158	0.00950	0.02060	0.02782	0.02690	0.01293	0.00958	0.03909	0.00797	0.00502	0.00467	0.00145	0.02598	0.02887	0.05425	0.00540
5	0.01197	0.81898	0.02278	0.00769	0.01142	0.04536	0.00759	0.01338	0.00910	0.01041	0.00616	0.00712	0.00567	0.00381	0.00287	0.00095	0.00483	0.00238	0.00190	0.00565
6	0.00917	0.05818	0.68534	0.01168	0.01764	0.01011	0.01459	0.01394	0.02682	0.02816	0.00859	0.02775	0.00644	0.00439	0.00412	0.00134	0.00604	0.00345	0.00208	0.06015
7	0.01075	0.18331	0.45029	0.01157	0.06459	0.05645	0.01240	0.01437	0.01828	0.07921	0.03042	0.01098	0.02972	0.00456	0.00400	0.00129	0.00568	0.00351	0.00237	0.00625
8	0.01730	0.01155	0.01275	0.00977	0.01329	0.01248	0.00807	0.67082	0.01940	0.16145	0.01175	0.01135	0.00809	0.00533	0.00442	0.00133	0.00467	0.00405	0.00459	0.00751
9	0.00523	0.00442	0.00453	0.00462	0.00600	0.00372	0.00342	0.00632	0.00993	0.01187	0.04298	0.11168	0.74740	0.01141	0.00526	0.00152	0.00227	0.00960	0.00410	0.00372
10	0.00907	0.02666	0.05854	0.37028	0.05648	0.03623	0.00943	0.01141	0.00934	0.08040	0.02520	0.05731	0.08495	0.02253	0.09332	0.00211	0.00575	0.03321	0.00275	0.00499
11	0.01090	0.04494	0.04645	0.13455	0.58381	0.06345	0.01281	0.01367	0.02242	0.01365	0.00820	0.01073	0.00676	0.00408	0.00429	0.00131	0.00551	0.00379	0.00217	0.00652
12	0.01605	0.00722	0.00898	0.00718	0.00994	0.00680	0.00583	0.11073	0.03105	0.48953	0.03933	0.01542	0.01158	0.00549	0.00413	0.00128	0.00342	0.00442	0.21502	0.00658
13	0.00605	0.00453	0.00550	0.00552	0.00666	0.00411	0.00424	0.00775	0.01113	0.01494	0.40532	0.07791	0.28539	0.01023	0.00528	0.00151	0.00240	0.10586	0.03168	0.00398
14	0.01047	0.01010	0.01752	0.10990	0.66335	0.01029	0.05695	0.01316	0.00985	0.01394	0.00842	0.01129	0.00700	0.00498	0.03277	0.00154	0.00566	0.00403	0.00217	0.00662
15	0.00682	0.00549	0.00808	0.00779	0.00845	0.00675	0.00615	0.00831	0.00705	0.01031	0.01091	0.01617	0.01024	0.02924	0.70291	0.00631	0.13805	0.00460	0.00230	0.00408
16	0.01679	0.01237	0.01325	0.01016	0.01370	0.01370	0.00839	0.80251	0.02077	0.02783	0.01060	0.01060	0.00751	0.00530	0.00442	0.00133	0.00486	0.00398	0.00442	0.00751
17	0.01621	0.02049	0.01245	0.01130	0.01355	0.78707	0.00850	0.01771	0.03845	0.01106	0.00717	0.00827	0.00595	0.00465	0.00417	0.00116	0.02139	0.00293	0.00234	0.00518
18	0.00623	0.00450	0.00589	0.00557	0.00659	0.00416	0.00417	0.00829	0.01242	0.01758	0.79897	0.04930	0.04142	0.00913	0.00522	0.00140	0.00209	0.00808	0.00485	0.00416
19	0.00625	0.00451	0.00590	0.00556	0.00660	0.00417	0.00417	0.00833	0.01250	0.01771	0.81490	0.03299	0.04167	0.00903	0.00521	0.00139	0.00208	0.00799	0.00486	0.00417
20	0.00536	0.00448	0.00466	0.00462	0.00605	0.00379	0.00346	0.00660	0.01039	0.01270	0.14678	0.04124	0.71292	0.01090	0.00522	0.00148	0.00222	0.00914	0.00420	0.00379
21	0.01650	0.02105	0.01252	0.01138	0.01365	0.82705	0.00853	0.01764	0.01252	0.01081	0.00683	0.00796	0.00569	0.00455	0.00398	0.00114	0.00796	0.00284	0.00228	0.00512
22	0.00546	0.00390	0.00522	0.00624	0.00653	0.00366	0.00424	0.00629	0.00853	0.01136	0.02430	0.80594	0.02904	0.01376	0.00566	0.00180	0.00263	0.04774	0.00410	0.00361
23	0.00587	0.00463	0.00531	0.00516	0.00644	0.00415	0.00386	0.00777	0.03718	0.01467	0.38239	0.06734	0.41899	0.01016	0.00521	0.00146	0.00222	0.00871	0.00445	0.00402
24	0.87598	0.00854	0.00649	0.00581	0.00854	0.00991	0.00478	0.01298	0.00752	0.01982	0.00615	0.00717	0.00478	0.00410	0.00273	0.00137	0.00342	0.00239	0.00273	0.00478
25	0.00899	0.00802	0.01307	0.69883	0.03887	0.00972	0.02960	0.02593	0.05258	0.03207	0.00892	0.01223	0.00666	0.00454	0.00440	0.00145	0.00559	0.00403	0.02933	0.00516
26	0.01167	0.61450	0.13097	0.00853	0.01249	0.07288	0.00873	0.03305	0.02794	0.01157	0.00782	0.00868	0.02694	0.00417	0.00324	0.00106	0.00511	0.00280	0.00209	0.00577
27	0.00760	0.00455	0.00642	0.00631	0.00672	0.00483	0.00449	0.03651	0.01985	0.00949	0.00992	0.01651	0.00974	0.08422	0.23062	0.50756	0.00602	0.02352	0.00228	0.00286
28	0.00937	0.02249	0.75437	0.01265	0.01886	0.06083	0.03303	0.01422	0.00955	0.01379	0.00788	0.00930	0.00562	0.00421	0.00421	0.00138	0.00664	0.00328	0.00190	0.00643
29	0.01114	0.00953	0.01007	0.00902	0.01153	0.01100	0.00705	0.05236	0.76780	0.01875	0.01778	0.01676	0.01344	0.00606	0.00452	0.00150	0.00355	0.01670	0.00448	0.00697
30	0.01086	0.01043	0.01665	0.18108	0.60565	0.03928	0.01292	0.04463	0.01033	0.01423	0.00826	0.01098	0.00676	0.00410	0.00437	0.00134	0.00545	0.00390	0.00224	0.00655
31	0.01610	0.02041	0.01287	0.01156	0.01380	0.77758	0.02710	0.01729	0.01225	0.01088	0.00684	0.00812	0.00572	0.00465	0.00440	0.00118	0.03892	0.00294	0.00226	0.00513
32	0.00642	0.00430	0.00490	0.00490	0.00493	0.00433	0.00278	0.00648	0.00645	0.00863	0.01384	0.02847	0.01587	0.81472	0.05229	0.00439	0.00456	0.00636	0.00266	0.00272
33	0.01267	0.01096	0.01428	0.01720	0.36550	0.04224	0.01019	0.21428	0.19797	0.02866	0.01128	0.01214	0.00869	0.00481	0.00436	0.00134	0.00475	0.00414	0.01784	0.01667
34	0.00633	0.00438	0.00533	0.00535	0.00559	0.00452	0.00338	0.00674	0.00676	0.00914	0.01485	0.04674	0.04512	0.61020	0.20293	0.00475	0.00587	0.00630	0.00269	0.00302
35	0.02360	0.21766	0.06933	0.04953	0.16144	0.16706	0.04701	0.01364	0.02046	0.01197	0.00749	0.00989	0.00649	0.00575	0.03384	0.00152	0.13336	0.01219	0.00213	0.00564
36	0.01168	0.68449	0.09522	0.02212	0.02630	0.01597	0.03983	0.01358	0.00920	0.03740	0.00685	0.00788	0.00590	0.00388	0.00316	0.00104	0.00499	0.00268	0.00202	0.00583
37	0.00625	0.00449	0.00585	0.00555	0.00657	0.00415	0.00415	0.00829	0.01232	0.01748	0.77635	0.05915	0.04078	0.00912	0.00519	0.00140	0.00210	0.00808	0.01858	0.00415
38	0.01086	0.01166	0.01335	0.01156	0.01196	0.15657	0.00946	0.01186	0.00778	0.01066	0.00598	0.00936	0.00578	0.00717	0.01265	0.00179	0.69098	0.00369	0.00199	0.00488
39	0.00643	0.00474	0.00588	0.00555	0.00662	0.01627	0.00416	0.00845	0.01228	0.01732	0.74191	0.03247	0.07377	0.00892	0.00512	0.00138	0.00218	0.00784	0.03456	0.00416
40	0.01060	0.19133	0.36410	0.01282	0.10416	0.04125	0.04302	0.01418	0.03501	0.04815	0.00857	0.01064	0.00683	0.00465	0.00478	0.00135	0.06637	0.02375	0.00224	0.00620
41	0.83086	0.00849	0.00669	0.00592	0.00869	0.00973	0.00487	0.01343	0.00779	0.06200	0.00674	0.00759	0.00511	0.00417	0.00282	0.00137	0.00343	0.00250	0.00288	0.00493
42	0.01866	0.00750	0.01009	0.00771	0.01113	0.00640	0.00634	0.02040	0.01233	0.73634	0.02880	0.01479	0.01101	0.00533	0.00435	0.00130	0.00369	0.00433	0.00520	0.08430
43	0.01087	0.00827	0.03937	0.62598	0.02585	0.00910	0.01114	0.01362	0.00968	0.18856	0.00995	0.01241	0.00698	0.00464	0.00441	0.00145	0.00544	0.00402	0.00273	0.00553
44	0.00957	0.02729	0.03412	0.55573	0.08368	0.02586	0.01118	0.02812	0.10424	0.04058	0.00984	0.03381	0.00767	0.00485	0.00441	0.00145	0.00541	0.00422	0.00250	0.00547
45	0.00535	0.00409	0.00492	0.00554	0.00626	0.00366	0.00384	0.00629	0.00916	0.01172	0.05735	0.53403	0.30643	0.01275	0.00548	0.00167	0.00243	0.01127	0.00413	0.00366
46	0.01982	0.00752	0.01025	0.00786	0.01127	0.00649	0.00649	0.02152	0.01264	0.82029	0.01742	0.01503	0.01093	0.00547	0.00444	0.00137	0.00376	0.00444	0.00547	0.00752
47	0.00882	0.00826	0.01381	0.72071	0.12409	0.00997	0.01234	0.02790	0.00922	0.01200	0.00796	0.01165	0.00605	0.00438	0.00441	0.00145	0.00579	0.00393	0.00204	0.00521
48	0.00673	0.00457	0.00535	0.00546	0.00670	0.00399	0.00400	0.00785	0.00991	0.08775	0.07449	0.29978	0.42991	0.01142	0.00530	0.00158	0.00251	0.02438	0.00427	0.00407
49	0.01578	0.00712	0.00874	0.00700	0.00969	0.00673	0.00569	0.12448	0.01269	0.46089	0.01555	0.01488	0.01059	0.00534	0.00401	0.00126	0.00338	0.00428	0.27545	0.00645
50	0.01015	0.00949	0.01611	0.31756	0.51982	0.01018	0.01297	0.01287	0.00966	0.02721	0.00830	0.01131	0.00666	0.00413	0.00439	0.00137	0.00545	0.00394	0.00216	0.00625
51	0.00946	0.03532	0.50514	0.06393	0.14297	0.01056	0.14288	0.01377	0.00958	0.01385	0.00811	0.01009	0.00601	0.00408	0.00437	0.00139	0.00640	0.00370	0.00198	0.00639
52	0.01381	0.00786	0.03149	0.00777	0.01021	0.03145	0.00651	0.09789	0.04473	0.33401	0.04744	0.03638	0.01405	0.00673	0.00476	0.00143	0.02539	0.12280	0.14925	0.00603
53	0.70722	0.01100	0.00767	0.00690	0.00955	0.17035	0.00552	0.01390	0.00850	0.01805	0.00628	0.00733	0.00496	0.00419	0.00298	0.00132	0.00431	0.00248	0.00264	0.00485
54	0.00623	0.00451	0.00587	0.00553	0.00658	0.00416	0.00415	0.00829	0.01245	0.01758	0.79807	0.03320	0.05858	0.00908	0.00521	0.00139	0.00209	0.00802	0.00485	0.00416
55	0.02284	0.04267	0.73880	0.01268	0.04553	0.01032	0.01551	0.01386	0.00931	0.01402	0.00786	0.00928	0.00566	0.00415	0.00412	0.00136	0.00630	0.00323	0.00191	0.03060
56	0.00912	0.00863	0.01394	0.54908	0.17262	0.01039	0.01191	0.01240	0.05909	0.01225	0.00836	0.01170	0.00656	0.00477	0.00544	0.00149	0.09069	0.00399	0.00216	0.00542
57	0.00615	0.00417	0.00490	0.00517	0.00524	0.00410	0.00305	0.00635	0.00696	0.00928	0.01668	0.24455	0.01955	0.62437	0.01801	0.00362	0.00383	0.00805	0.00305	0.00292
58	0.00532	0.00448	0.00461	0.00458	0.00603	0.00377	0.00343	0.00653	0.01030	0.01249	0.11895	0.04159	0.74088	0.01098	0.00522	0.00148	0.00222	0.00919	0.00417	0.00377
59	0.00966	0.00966	0.01353	0.01160	0.01160	0.01353	0.00966	0.01063	0.00676	0.01063	0.00580	0.00966	0.00580	0.00773	0.01449	0.00193	0.83670	0.00387	0.00193	0.00483
60	0.00603	0.00433	0.00561	0.00578	0.00652	0.00404	0.00416	0.00752	0.01061	0.01463	0.44812	0.27042	0.06055	0.07946	0.00681	0.00178	0.00252	0.05287	0.00439	0.00385
61	0.01679	0.01237	0.01325	0.01016	0.01370	0.01370	0.00839	0.80251	0.02077	0.02783	0.01060	0.01060	0.00751	0.00530	0.00442	0.00133	0.00486	0.00398	0.00442	0.00751
62	0.01530	0.02517	0.00984	0.00771	0.01046	0.00811	0.00629	0.20139	0.05156	0.36645	0.01461	0.01435	0.01022	0.00768	0.07326	0.00178	0.00440	0.00428	0.16060	0.00654
63	0.00595	0.00402	0.00534	0.00621	0.00663	0.00373	0.00423	0.00678	0.00868	0.04149	0.02453	0.77764	0.04649	0.01343	0.00559	0.00178	0.00263	0.02695	0.00415	0.00375
64	0.03088	0.02065	0.01243	0.01126	0.01357	0.79556	0.00847	0.03476	0.01261	0.01133	0.00690	0.00801	0.00571	0.00456	0.00397	0.00115	0.00782	0.00286	0.00233	0.00517
65	0.01455	0.00629	0.00834	0.00680	0.00928	0.00555	0.00546	0.01638	0.01226	0.50058	0.25042	0.02107	0.03991	0.00662	0.00457	0.00135	0.00309	0.00557	0.07574	0.00617
66	0.05827	0.15433	0.14793	0.00937	0.01314	0.04691	0.00885	0.26625	0.10198	0.10629	0.01070	0.01083	0.00782	0.00486	0.00397	0.00128	0.00481	0.00362	0.03215	0.00662
67	0.03000	0.09267	0.23593	0.02156	0.07515	0.00912	0.00957	0.03398	0.00989	0.11767	0.00920	0.02243	0.00710	0.00426	0.00405	0.00112	0.02407	0.00333	0.00272	0.28615
68	0.01276	0.12514	0.09132	0.01426	0.19646	0.26744	0.01021	0.07037	0.03270	0.01334	0.00777	0.00943	0.00644	0.00517	0.02033	0.00138	0.08484	0.00333	0.00235	0.02495
69	0.00926	0.00819	0.02158	0.00708	0.02129	0.02411	0.00559	0.03819	0.00973	0.01471	0.04004	0.06107	0.00929	0.00426	0.00357	0.00081	0.00342	0.00351	0.00283	0.71148
70	0.01034	0.01457	0.29377	0.01545	0.22868	0.03134	0.05383	0.01590	0.18133	0.03157	0.01078	0.01250	0.00837	0.00468	0.00436	0.00137	0.00534	0.02338	0.00271	0.04972

[dist]
# distance from previous block
# <min> <max>
2	4

[block]
# block no. 5 follows, 59 sequences, length 18
# corresponding to MSA columns:
# 688-705
name=unknown_F
#
# <colnr> <probs for GDERKNQSTAVLIFYWHMCP>
#	G	D	E	R	K	N	Q	S	T	A	V	L	I	F	Y	W	H	M	C	P
0	0.00611	0.00454	0.00573	0.00625	0.00700	0.00437	0.00451	0.02695	0.03763	0.01288	0.11718	0.50523	0.12922	0.01303	0.03546	0.00190	0.00301	0.07093	0.00414	0.00394
1	0.01032	0.04077	0.07469	0.08741	0.42423	0.02762	0.03285	0.04253	0.00986	0.01381	0.00859	0.01189	0.00737	0.06683	0.00585	0.02147	0.00516	0.00388	0.00230	0.10256
2	0.25618	0.03402	0.11147	0.06147	0.23676	0.10902	0.02947	0.05536	0.04026	0.01602	0.00789	0.00948	0.00621	0.00426	0.00383	0.00133	0.00520	0.00332	0.00250	0.00593
3	0.63185	0.00854	0.00790	0.00755	0.06914	0.00912	0.00553	0.01264	0.00805	0.01829	0.00666	0.00787	0.00531	0.00392	0.00297	0.00121	0.00352	0.00255	0.00267	0.18471
4	0.01593	0.01178	0.01260	0.00974	0.01312	0.01295	0.00802	0.74324	0.01997	0.02665	0.01315	0.01298	0.06766	0.00574	0.00448	0.00134	0.00466	0.00437	0.00439	0.00723
5	0.08021	0.01265	0.11017	0.08704	0.24219	0.11800	0.15160	0.01385	0.01012	0.03676	0.00935	0.01331	0.00782	0.00472	0.00443	0.00139	0.00588	0.06287	0.00244	0.02522
6	0.00654	0.00427	0.00516	0.00520	0.00538	0.00426	0.00323	0.00651	0.00682	0.00909	0.03326	0.04535	0.05384	0.57660	0.06453	0.13225	0.00444	0.02776	0.00274	0.00278
7	0.00763	0.00696	0.00782	0.00933	0.09989	0.10678	0.00592	0.00869	0.00895	0.01140	0.01864	0.52044	0.02143	0.05628	0.05319	0.00210	0.02315	0.02379	0.00343	0.00418
8	0.01039	0.00879	0.02434	0.17940	0.28201	0.00887	0.03839	0.04069	0.03744	0.08449	0.04659	0.01660	0.06781	0.00547	0.00478	0.00138	0.02593	0.04324	0.00295	0.07042
9	0.01559	0.01178	0.01258	0.00992	0.01324	0.01314	0.00811	0.64183	0.18339	0.02590	0.01212	0.01182	0.00874	0.00544	0.00443	0.00136	0.00458	0.00419	0.00443	0.00740
10	0.01093	0.01049	0.01793	0.02711	0.81723	0.01049	0.01355	0.01355	0.01006	0.01443	0.00831	0.01093	0.00700	0.00394	0.00437	0.00131	0.00525	0.00394	0.00219	0.00700
11	0.00756	0.00457	0.00667	0.03078	0.00777	0.00484	0.00495	0.00791	0.00730	0.05899	0.01286	0.11144	0.02951	0.02131	0.34929	0.29873	0.00698	0.00538	0.01971	0.00346
12	0.00930	0.02896	0.26453	0.06941	0.03778	0.00858	0.13493	0.01215	0.00905	0.07760	0.01107	0.09701	0.00973	0.02985	0.11247	0.04237	0.03229	0.00497	0.00255	0.00541
13	0.87598	0.00854	0.00649	0.00581	0.00854	0.00991	0.00478	0.01298	0.00752	0.01982	0.00615	0.00717	0.00478	0.00410	0.00273	0.00137	0.00342	0.00239	0.00273	0.00478
14	0.00886	0.02285	0.82190	0.01259	0.01912	0.01026	0.01632	0.01399	0.00932	0.01399	0.00793	0.00932	0.00559	0.00420	0.00420	0.00140	0.00653	0.00326	0.00186	0.00653
15	0.00815	0.00799	0.06879	0.02276	0.03215	0.01708	0.18118	0.02254	0.02121	0.01354	0.01750	0.20453	0.10468	0.00787	0.00552	0.03381	0.03589	0.00677	0.18336	0.00467
16	0.01913	0.00754	0.01043	0.05720	0.01242	0.00669	0.00684	0.02091	0.01241	0.77198	0.01685	0.01484	0.01063	0.00540	0.00444	0.00137	0.00389	0.00441	0.00526	0.00736
17	0.00620	0.00451	0.00583	0.00550	0.00657	0.00415	0.00413	0.00824	0.01238	0.01743	0.77683	0.03346	0.07992	0.00914	0.00521	0.00139	0.00209	0.00805	0.00482	0.00415

[dist]
# distance from previous block
# <min> <max>
0	2

[block]
# block no. 6 follows, 59 sequences, length 28
# corresponding to MSA columns:
# 708-735
name=unknown_G
#
# <colnr> <probs for GDERKNQSTAVLIFYWHMCP>
#	G	D	E	R	K	N	Q	S	T	A	V	L	I	F	Y	W	H	M	C	P
0	0.01030	0.02257	0.76429	0.01319	0.01956	0.01070	0.03395	0.01494	0.01012	0.04223	0.00931	0.01100	0.00679	0.00492	0.00467	0.00159	0.00677	0.00369	0.00236	0.00706
1	0.00642	0.00430	0.00493	0.00493	0.00496	0.00434	0.00281	0.00649	0.00646	0.00864	0.01382	0.02835	0.01582	0.80580	0.06113	0.00442	0.00464	0.00634	0.00266	0.00274
2	0.00916	0.00785	0.00916	0.00654	0.01047	0.00589	0.00523	0.01112	0.00916	0.01439	0.00785	0.00916	0.00654	0.00327	0.00327	0.00065	0.00327	0.00262	0.00262	0.87178
3	0.02506	0.13400	0.44018	0.01104	0.02529	0.10731	0.01214	0.01583	0.13614	0.02502	0.00935	0.01016	0.00703	0.00449	0.00399	0.00131	0.00579	0.00339	0.01621	0.00627
4	0.01941	0.00743	0.01012	0.00779	0.01113	0.00642	0.00642	0.02113	0.01264	0.79624	0.04132	0.01557	0.01185	0.00557	0.00446	0.00137	0.00371	0.00455	0.00545	0.00742
5	0.00988	0.00845	0.00897	0.00815	0.01039	0.00951	0.00631	0.02009	0.64275	0.01766	0.09749	0.02099	0.10652	0.00687	0.00464	0.00149	0.00322	0.00577	0.00449	0.00635
6	0.00531	0.00448	0.00459	0.00456	0.00602	0.00376	0.00342	0.00650	0.01027	0.01241	0.10866	0.04172	0.75122	0.01101	0.00522	0.00148	0.00222	0.00921	0.00416	0.00376
7	0.00577	0.00438	0.00493	0.00493	0.00584	0.00396	0.00341	0.00678	0.00953	0.01227	0.20312	0.09880	0.37863	0.22699	0.00972	0.00222	0.00276	0.00853	0.00390	0.00354
8	0.00834	0.00785	0.01325	0.83417	0.03042	0.00981	0.01227	0.01128	0.00883	0.01128	0.00785	0.01178	0.00589	0.00442	0.00442	0.00147	0.00589	0.00393	0.00196	0.00491
9	0.01043	0.00781	0.00929	0.00670	0.01056	0.00596	0.00538	0.01237	0.00958	0.11091	0.00900	0.00986	0.00707	0.00353	0.00341	0.00074	0.00333	0.00284	0.00296	0.76827
10	0.09724	0.01006	0.01142	0.00883	0.01224	0.01044	0.00729	0.41448	0.01626	0.34695	0.01295	0.01208	0.00864	0.00526	0.00427	0.00135	0.00428	0.00402	0.00469	0.00726
11	0.01091	0.48763	0.01652	0.00744	0.01029	0.06894	0.00670	0.01335	0.07900	0.03144	0.08309	0.04906	0.04158	0.00556	0.00363	0.00115	0.00424	0.02730	0.04680	0.00537
12	0.00633	0.00499	0.00543	0.00526	0.00679	0.00452	0.00402	0.00858	0.07515	0.03493	0.17602	0.03829	0.56302	0.01028	0.00517	0.00149	0.00242	0.03883	0.00430	0.00418
13	0.00646	0.00460	0.00678	0.00678	0.00742	0.00525	0.00512	0.00755	0.00690	0.00985	0.01157	0.01787	0.01110	0.09638	0.67898	0.09625	0.01040	0.00477	0.00234	0.00363
14	0.84831	0.00866	0.00671	0.00595	0.00871	0.01003	0.00490	0.03841	0.00794	0.02007	0.00629	0.00729	0.00487	0.00414	0.00279	0.00137	0.00346	0.00244	0.00279	0.00487
15	0.01167	0.01137	0.01966	0.01504	0.04371	0.03523	0.45262	0.17578	0.06105	0.01712	0.01076	0.01421	0.00855	0.00477	0.00490	0.00144	0.00618	0.05440	0.02265	0.02890
16	0.05195	0.04023	0.62751	0.03125	0.01776	0.03163	0.03075	0.01407	0.00952	0.05152	0.00898	0.01149	0.00681	0.00464	0.00422	0.00141	0.00612	0.04169	0.00220	0.00626
17	0.01181	0.84744	0.02314	0.00756	0.01134	0.01748	0.00756	0.01323	0.00897	0.01039	0.00614	0.00708	0.00567	0.00378	0.00283	0.00094	0.00472	0.00236	0.00189	0.00567
18	0.00957	0.03571	0.01388	0.61450	0.10104	0.05776	0.01168	0.04097	0.03055	0.01230	0.00810	0.01136	0.00623	0.00451	0.00457	0.00143	0.02458	0.00384	0.00215	0.00529
19	0.00651	0.00425	0.00488	0.00488	0.00488	0.00425	0.00275	0.00638	0.00638	0.00850	0.01350	0.02788	0.01550	0.79014	0.02214	0.06141	0.00425	0.00625	0.00263	0.00263
20	0.00566	0.00421	0.00514	0.00574	0.00640	0.00390	0.00396	0.00695	0.03283	0.01208	0.07656	0.55052	0.20189	0.03446	0.00587	0.00174	0.00252	0.01097	0.02484	0.00374
21	0.03008	0.00915	0.01251	0.45735	0.05649	0.04365	0.01034	0.16957	0.02429	0.02662	0.01781	0.01335	0.00780	0.00606	0.02672	0.02125	0.02150	0.03729	0.00271	0.00546
22	0.00858	0.00672	0.00898	0.00802	0.00921	0.00775	0.01815	0.09291	0.03457	0.02922	0.11288	0.03717	0.01419	0.06004	0.33196	0.00386	0.15265	0.00511	0.02590	0.03212
23	0.00637	0.00477	0.00670	0.00671	0.00727	0.00541	0.00497	0.00753	0.00713	0.01006	0.01370	0.09452	0.02763	0.19049	0.54447	0.00574	0.04443	0.00582	0.00260	0.00369
24	0.09277	0.00772	0.00970	0.00798	0.01065	0.00762	0.04357	0.11086	0.06774	0.34056	0.03667	0.03988	0.03472	0.03287	0.00500	0.00151	0.00381	0.07069	0.06948	0.00617
25	0.09535	0.01154	0.04378	0.03007	0.03216	0.10301	0.03464	0.13496	0.05929	0.05960	0.00857	0.01040	0.00689	0.00592	0.00802	0.00156	0.32066	0.00376	0.02414	0.00569
26	0.03871	0.00711	0.02711	0.07639	0.04293	0.02954	0.00602	0.07527	0.02559	0.02172	0.04801	0.08946	0.23079	0.09224	0.00685	0.02475	0.00373	0.06483	0.00342	0.08553
27	0.00751	0.00471	0.00671	0.03261	0.00764	0.00472	0.02262	0.02583	0.01966	0.00990	0.01300	0.12916	0.03391	0.08624	0.02776	0.47010	0.00397	0.06706	0.00264	0.02426

[dist]
# distance from previous block
# <min> <max>
3	6

[block]
# block no. 7 follows, 59 sequences, length 35
# corresponding to MSA columns:
# 742-776
name=unknown_H
#
# <colnr> <probs for GDERKNQSTAVLIFYWHMCP>
#	G	D	E	R	K	N	Q	S	T	A	V	L	I	F	Y	W	H	M	C	P
0	0.21069	0.00636	0.00659	0.02834	0.00794	0.01886	0.00461	0.07380	0.00874	0.02763	0.02275	0.11909	0.02917	0.32807	0.04027	0.00277	0.00420	0.05293	0.00315	0.00402
1	0.04560	0.01014	0.05071	0.31241	0.16410	0.03185	0.14570	0.03426	0.06023	0.01352	0.00900	0.01238	0.00724	0.05016	0.00577	0.00160	0.03315	0.00423	0.00235	0.00561
2	0.17670	0.00740	0.00838	0.04809	0.01029	0.02847	0.00599	0.08901	0.04138	0.16845	0.05709	0.05051	0.03541	0.05143	0.16880	0.01478	0.00545	0.02356	0.00359	0.00523
3	0.00642	0.00489	0.00598	0.00618	0.00733	0.00455	0.00478	0.00825	0.03812	0.01321	0.15608	0.16541	0.22274	0.07526	0.00672	0.00184	0.00300	0.21406	0.00404	0.05114
4	0.00984	0.00778	0.00916	0.00667	0.01040	0.00605	0.00534	0.03447	0.00988	0.06169	0.05241	0.01084	0.00874	0.00377	0.00348	0.00075	0.00328	0.00305	0.00296	0.74945
5	0.00561	0.00404	0.00534	0.00621	0.00666	0.00378	0.00435	0.00662	0.00902	0.01201	0.09004	0.66397	0.06717	0.01316	0.00563	0.00177	0.00265	0.08412	0.00416	0.00369
6	0.00709	0.00415	0.00616	0.00618	0.00649	0.00437	0.00439	0.00656	0.00661	0.00911	0.04872	0.04877	0.01123	0.02053	0.26910	0.52467	0.00620	0.00467	0.00229	0.00273
7	0.05233	0.05547	0.12184	0.08815	0.35032	0.03106	0.01128	0.01295	0.00926	0.05310	0.00872	0.01163	0.00727	0.03985	0.06722	0.00191	0.06547	0.00384	0.00231	0.00600
8	0.02560	0.01180	0.03737	0.03587	0.56777	0.10452	0.01203	0.06705	0.01093	0.03184	0.00891	0.03739	0.00757	0.00453	0.00449	0.00132	0.01787	0.00406	0.00247	0.00660
9	0.87598	0.00854	0.00649	0.00581	0.00854	0.00991	0.00478	0.01298	0.00752	0.01982	0.00615	0.00717	0.00478	0.00410	0.00273	0.00137	0.00342	0.00239	0.00273	0.00478
10	0.00876	0.05886	0.58597	0.01269	0.07765	0.00972	0.02688	0.01291	0.00935	0.01355	0.01031	0.08979	0.00907	0.00551	0.00440	0.00144	0.00585	0.04896	0.00223	0.00610
11	0.05834	0.03784	0.12846	0.13905	0.24098	0.02661	0.06224	0.05213	0.03059	0.08267	0.00911	0.01109	0.00700	0.00508	0.01927	0.00150	0.06340	0.00385	0.01462	0.00617
12	0.01056	0.00899	0.00948	0.00849	0.01090	0.01020	0.00662	0.06063	0.66679	0.01825	0.04077	0.01928	0.09645	0.00657	0.00458	0.00149	0.00340	0.00546	0.00446	0.00661
13	0.00717	0.01173	0.31561	0.00806	0.01139	0.00671	0.00865	0.01064	0.05386	0.01435	0.20665	0.02608	0.27339	0.02033	0.00505	0.00148	0.00393	0.00643	0.00343	0.00505
14	0.01093	0.01049	0.01793	0.02711	0.81723	0.01049	0.01355	0.01355	0.01006	0.01443	0.00831	0.01093	0.00700	0.00394	0.00437	0.00131	0.00525	0.00394	0.00219	0.00700
15	0.01033	0.01106	0.02362	0.01710	0.02119	0.01039	0.70195	0.01384	0.01040	0.03092	0.01017	0.01427	0.00804	0.00429	0.00514	0.00149	0.00692	0.04778	0.04530	0.00580
16	0.00916	0.00785	0.00916	0.00654	0.01047	0.00589	0.00523	0.01112	0.00916	0.01439	0.00785	0.00916	0.00654	0.00327	0.00327	0.00065	0.00327	0.00262	0.00262	0.87178
17	0.00605	0.00446	0.00565	0.00545	0.00650	0.00407	0.00405	0.00791	0.01189	0.01647	0.65401	0.09040	0.14737	0.00966	0.00524	0.00143	0.00214	0.00849	0.00470	0.00407
18	0.00815	0.00550	0.00751	0.00704	0.00756	0.00628	0.00519	0.00868	0.00720	0.07602	0.01199	0.06357	0.01211	0.25428	0.24041	0.11941	0.14734	0.00535	0.00267	0.00374
19	0.00886	0.00509	0.00651	0.00582	0.00739	0.00456	0.00448	0.01073	0.01209	0.17570	0.52417	0.03023	0.14226	0.00850	0.00499	0.00139	0.00244	0.00735	0.03269	0.00477
20	0.25803	0.01114	0.04408	0.03086	0.01221	0.05569	0.00748	0.34184	0.02182	0.02081	0.00877	0.00991	0.00672	0.00691	0.06482	0.00175	0.04155	0.00343	0.00330	0.04887
21	0.01165	0.80256	0.06661	0.00783	0.01176	0.01708	0.00803	0.01327	0.00899	0.01059	0.00624	0.00721	0.00566	0.00380	0.00291	0.00097	0.00482	0.00241	0.00189	0.00571
22	0.00615	0.00447	0.00571	0.00547	0.00646	0.00412	0.00403	0.00801	0.01186	0.01658	0.68707	0.06671	0.09676	0.04985	0.00606	0.00155	0.00222	0.00820	0.00467	0.00404
23	0.05870	0.00747	0.00952	0.00754	0.01056	0.00688	0.00615	0.06738	0.03851	0.58469	0.10366	0.01756	0.04904	0.00604	0.00448	0.00138	0.00355	0.00493	0.00511	0.00684
24	0.07906	0.01008	0.01479	0.05213	0.01547	0.05399	0.22356	0.11176	0.02321	0.25407	0.01263	0.01463	0.02214	0.00534	0.00506	0.00145	0.04368	0.04707	0.00363	0.00624
25	0.60114	0.00821	0.00770	0.00647	0.00942	0.00881	0.00533	0.01572	0.00916	0.27678	0.00977	0.00970	0.00676	0.00454	0.00328	0.00137	0.00353	0.00305	0.00361	0.00566
26	0.00532	0.00443	0.00465	0.00469	0.00605	0.00376	0.00348	0.00650	0.01017	0.01240	0.11228	0.09781	0.69091	0.01118	0.00525	0.00150	0.00225	0.00943	0.00417	0.00376
27	0.00855	0.00578	0.00702	0.00639	0.00801	0.00565	0.00495	0.05410	0.09415	0.09903	0.39658	0.04105	0.16296	0.01000	0.04986	0.00175	0.00318	0.03156	0.00456	0.00489
28	0.01682	0.01323	0.07448	0.00938	0.01247	0.28721	0.00786	0.01891	0.03787	0.41443	0.01342	0.05312	0.00971	0.00549	0.00433	0.00132	0.00535	0.00422	0.00399	0.00641
29	0.01432	0.00639	0.00811	0.00667	0.00927	0.00558	0.00535	0.03027	0.01169	0.49644	0.02540	0.06365	0.24427	0.00751	0.00466	0.00141	0.00320	0.00623	0.04350	0.00608
30	0.01008	0.00540	0.00659	0.00585	0.00778	0.00470	0.00458	0.01160	0.01121	0.26210	0.17196	0.05880	0.34821	0.00890	0.00493	0.00144	0.00273	0.02769	0.04046	0.00499
31	0.01064	0.05188	0.01712	0.20229	0.47572	0.04977	0.06733	0.01369	0.04373	0.01351	0.00848	0.01109	0.00688	0.00414	0.00435	0.00134	0.00557	0.00394	0.00223	0.00631
32	0.01279	0.58092	0.07700	0.00881	0.01247	0.17613	0.00841	0.05717	0.01034	0.01168	0.00664	0.00761	0.00577	0.00404	0.00324	0.00104	0.00550	0.00261	0.00210	0.00572
33	0.00959	0.01985	0.01003	0.03196	0.04216	0.03380	0.00633	0.05067	0.05321	0.01440	0.00993	0.05587	0.01825	0.00603	0.04505	0.00127	0.05167	0.00370	0.00280	0.53344
34	0.01214	0.40621	0.08502	0.04251	0.06312	0.06938	0.04205	0.14233	0.01120	0.01406	0.00786	0.00966	0.00662	0.00534	0.03051	0.00136	0.02548	0.01677	0.00242	0.00596

[dist]
# distance from previous block
# <min> <max>
0	1

[block]
# block no. 8 follows, 59 sequences, length 29
# corresponding to MSA columns:
# 778-806
name=unknown_I
#
# <colnr> <probs for GDERKNQSTAVLIFYWHMCP>
#	G	D	E	R	K	N	Q	S	T	A	V	L	I	F	Y	W	H	M	C	P
0	0.01348	0.00971	0.01071	0.00907	0.01185	0.01072	0.00727	0.25257	0.41279	0.12271	0.01617	0.04009	0.01242	0.00625	0.00458	0.00146	0.00393	0.04269	0.00456	0.00697
1	0.01533	0.02261	0.03820	0.17599	0.04939	0.02394	0.03189	0.01749	0.01146	0.48757	0.05257	0.01507	0.02756	0.00534	0.00446	0.00138	0.00444	0.00450	0.00422	0.00657
2	0.74797	0.00873	0.03297	0.00601	0.00874	0.00953	0.00512	0.03566	0.00811	0.01957	0.00705	0.00815	0.00545	0.00423	0.00286	0.00134	0.00344	0.00261	0.07759	0.00486
3	0.01046	0.01093	0.04523	0.12522	0.50845	0.02259	0.17153	0.01340	0.00999	0.01389	0.00858	0.01175	0.00702	0.00410	0.00456	0.00138	0.00583	0.01646	0.00219	0.00644
4	0.00827	0.00696	0.00749	0.00696	0.00884	0.00741	0.00533	0.01521	0.40849	0.01616	0.16329	0.05411	0.25705	0.00831	0.00487	0.00149	0.00285	0.00704	0.00443	0.00542
5	0.00627	0.00469	0.00680	0.00680	0.00756	0.00534	0.00520	0.00770	0.00719	0.01021	0.01358	0.01944	0.05033	0.09350	0.72661	0.00661	0.01079	0.00508	0.00247	0.00384
6	0.01019	0.01154	0.02510	0.01804	0.02232	0.01082	0.76474	0.01378	0.01033	0.01402	0.00964	0.04987	0.00773	0.00419	0.00523	0.00150	0.00722	0.00555	0.00232	0.00585
7	0.05325	0.00618	0.00778	0.00652	0.00847	0.00569	0.00485	0.01472	0.00984	0.43936	0.01579	0.04955	0.01329	0.33189	0.01142	0.00251	0.00390	0.00541	0.00421	0.00537
8	0.00687	0.00467	0.00601	0.00563	0.00684	0.00429	0.00426	0.00876	0.01188	0.06145	0.62156	0.04939	0.13415	0.01030	0.04277	0.00167	0.00265	0.00790	0.00467	0.00428
9	0.87598	0.00854	0.00649	0.00581	0.00854	0.00991	0.00478	0.01298	0.00752	0.01982	0.00615	0.00717	0.00478	0.00410	0.00273	0.00137	0.00342	0.00239	0.00273	0.00478
