[name]
unknown

[dist]
# distance from previous block
# <min> <max>
7	396

[block]
# block no. 0 follows, 53 sequences, length 72
# corresponding to MSA columns:
# 795-866
name=unknown_A
#
# <colnr> <probs for GDERKNQSTAVLIFYWHMCP>
#	G	D	E	R	K	N	Q	S	T	A	V	L	I	F	Y	W	H	M	C	P
0	0.05241	0.03368	0.07409	0.08074	0.27087	0.08165	0.15887	0.04007	0.02326	0.01547	0.03604	0.05243	0.00990	0.02595	0.00529	0.00156	0.00604	0.00493	0.02039	0.00637
1	0.01020	0.04637	0.35133	0.03230	0.05913	0.02212	0.04807	0.02431	0.06313	0.04756	0.01415	0.05638	0.06309	0.03260	0.00537	0.00158	0.00559	0.03358	0.00292	0.08020
2	0.03254	0.05529	0.13937	0.01357	0.01763	0.02954	0.30074	0.08159	0.03792	0.03437	0.03563	0.06319	0.06097	0.00603	0.00530	0.00155	0.02210	0.02528	0.00310	0.03429
3	0.04707	0.02667	0.05806	0.00961	0.06553	0.02335	0.04820	0.01058	0.06586	0.01420	0.05869	0.43201	0.07759	0.01070	0.00542	0.00170	0.00378	0.00957	0.00390	0.02750
4	0.01124	0.03367	0.11192	0.03043	0.14712	0.03340	0.34370	0.03465	0.06889	0.03364	0.01361	0.03607	0.06827	0.00532	0.00516	0.00155	0.00643	0.00547	0.00287	0.00656
5	0.03109	0.03770	0.01233	0.03514	0.04011	0.06788	0.06297	0.22131	0.05478	0.04179	0.10861	0.07201	0.05041	0.00707	0.00490	0.00147	0.00466	0.04550	0.04778	0.05248
6	0.01199	0.18084	0.03863	0.01132	0.01356	0.10758	0.06339	0.05739	0.04988	0.01342	0.00842	0.01100	0.00737	0.00877	0.08178	0.00212	0.29083	0.00391	0.00251	0.03528
7	0.01074	0.03470	0.00845	0.00732	0.00927	0.00614	0.01759	0.01318	0.07216	0.21395	0.09720	0.22675	0.19106	0.01028	0.00546	0.00167	0.00333	0.06047	0.00480	0.00548
8	0.01315	0.03288	0.04353	0.01714	0.05003	0.23171	0.45505	0.04019	0.01225	0.01484	0.03620	0.01224	0.00824	0.00455	0.00513	0.00148	0.00775	0.00483	0.00258	0.00624
9	0.01313	0.00833	0.00961	0.00833	0.01097	0.00865	0.00655	0.02048	0.38261	0.23628	0.13116	0.02301	0.10510	0.00741	0.00504	0.00156	0.00350	0.00621	0.00516	0.00691
10	0.00935	0.00764	0.00816	0.00754	0.00957	0.02206	0.00578	0.01619	0.35554	0.04277	0.18717	0.05658	0.23449	0.00893	0.00527	0.00159	0.00316	0.00756	0.00481	0.00584
11	0.32565	0.01570	0.26261	0.01325	0.08626	0.05766	0.13473	0.02441	0.00998	0.01751	0.00805	0.00977	0.00609	0.00443	0.00414	0.00149	0.00593	0.00357	0.00252	0.00624
12	0.00610	0.00485	0.00544	0.00550	0.00683	0.00425	0.00413	0.00755	0.01127	0.01429	0.21903	0.09204	0.50086	0.03918	0.00636	0.00175	0.00261	0.05927	0.00458	0.00412
13	0.00585	0.00423	0.00554	0.00657	0.00696	0.00392	0.00444	0.00673	0.00931	0.01229	0.02784	0.76018	0.08428	0.01474	0.00608	0.00192	0.00278	0.02799	0.00444	0.00390
14	0.00614	0.00486	0.00553	0.00536	0.00676	0.00425	0.00402	0.00782	0.01206	0.01568	0.38129	0.04144	0.46567	0.01107	0.00564	0.00156	0.00235	0.00945	0.00480	0.00425
15	0.16889	0.04427	0.03144	0.00893	0.01235	0.01099	0.00750	0.23623	0.11913	0.24882	0.01395	0.02872	0.00998	0.00573	0.00438	0.00146	0.00434	0.00438	0.03131	0.00722
16	0.01197	0.02385	0.57986	0.01320	0.01899	0.21419	0.01524	0.04188	0.01138	0.01477	0.00837	0.00976	0.00615	0.00468	0.00449	0.00144	0.00740	0.00344	0.00222	0.00671
17	0.01184	0.01200	0.04372	0.05384	0.73110	0.03362	0.01457	0.01473	0.01089	0.01538	0.00892	0.01172	0.00745	0.00430	0.00472	0.00142	0.00583	0.00420	0.00235	0.00743
18	0.01650	0.00956	0.01150	0.10788	0.01485	0.04222	0.00803	0.07318	0.21534	0.39114	0.01789	0.01672	0.04098	0.00610	0.00483	0.00152	0.00448	0.00499	0.00491	0.00738
19	0.01260	0.05387	0.36694	0.01537	0.09858	0.19541	0.11730	0.03691	0.01153	0.03502	0.00876	0.01040	0.00660	0.00458	0.00461	0.00143	0.00721	0.00380	0.00238	0.00670
20	0.00586	0.00419	0.00558	0.00663	0.00694	0.00391	0.00444	0.00675	0.00933	0.01249	0.05810	0.79634	0.03217	0.01476	0.00608	0.00192	0.00275	0.01338	0.00447	0.00391
21	0.01255	0.02677	0.27466	0.01176	0.01612	0.06811	0.05160	0.14192	0.24352	0.04162	0.02182	0.03112	0.01052	0.00578	0.00479	0.00153	0.00566	0.01942	0.00360	0.00712
22	0.03151	0.04943	0.03735	0.03097	0.03081	0.07189	0.00769	0.08365	0.09305	0.30095	0.02866	0.09304	0.06528	0.00732	0.00492	0.00154	0.00451	0.04619	0.00456	0.00669
23	0.01399	0.03555	0.18519	0.01300	0.01744	0.05134	0.20335	0.12055	0.06763	0.17328	0.02813	0.01481	0.02182	0.00544	0.00497	0.00152	0.00604	0.02529	0.00364	0.00703
24	0.00648	0.00524	0.00590	0.00646	0.00723	0.04050	0.00451	0.00762	0.01037	0.01340	0.15043	0.51763	0.18031	0.01316	0.00586	0.00178	0.00289	0.01167	0.00448	0.00408
25	0.03258	0.04124	0.03574	0.01282	0.08933	0.15100	0.04645	0.25474	0.13981	0.09945	0.02052	0.01258	0.00927	0.00551	0.00495	0.00145	0.02718	0.00431	0.00390	0.00719
26	0.01187	0.09976	0.11385	0.09715	0.18978	0.08024	0.20876	0.03601	0.05380	0.01481	0.00921	0.01154	0.00727	0.00466	0.00521	0.00148	0.04123	0.00431	0.00248	0.00660
27	0.01002	0.00688	0.00786	0.00757	0.00888	0.04565	0.00566	0.09723	0.01128	0.09245	0.04598	0.29203	0.03044	0.08876	0.09026	0.00257	0.01785	0.05614	0.07753	0.00493
28	0.01106	0.01428	0.15632	0.16737	0.03991	0.03749	0.40943	0.04182	0.04551	0.01531	0.00967	0.01240	0.00721	0.00446	0.00517	0.00157	0.00726	0.00486	0.00248	0.00644
29	0.03998	0.03199	0.03513	0.02479	0.09334	0.01887	0.07666	0.16361	0.13239	0.09648	0.04055	0.15337	0.03609	0.01797	0.00530	0.00162	0.00465	0.01661	0.00409	0.00653
30	0.01172	0.00955	0.04356	0.03980	0.19156	0.02328	0.00886	0.09688	0.13132	0.10394	0.08717	0.13682	0.06898	0.00757	0.00508	0.00156	0.00431	0.00659	0.01500	0.00647
31	0.00980	0.00576	0.00708	0.00681	0.00823	0.00555	0.00512	0.05530	0.01987	0.13880	0.10562	0.28197	0.10153	0.03560	0.00605	0.00173	0.01769	0.04713	0.13533	0.00502
32	0.01278	0.01090	0.06179	0.18227	0.32222	0.01048	0.07078	0.03961	0.01141	0.15577	0.03657	0.01351	0.00917	0.00504	0.00525	0.00151	0.03634	0.00456	0.00309	0.00693
33	0.03291	0.04374	0.28645	0.01533	0.02012	0.02720	0.32642	0.01521	0.03976	0.03155	0.00976	0.03335	0.00767	0.00506	0.00600	0.00160	0.08415	0.00475	0.00247	0.00649
34	0.01017	0.00962	0.01383	0.14276	0.31067	0.06807	0.03119	0.03529	0.01869	0.01420	0.01435	0.24117	0.01473	0.00781	0.00536	0.00162	0.01829	0.03321	0.00308	0.00588
35	0.01352	0.06899	0.21910	0.02802	0.03799	0.05980	0.10730	0.16062	0.09164	0.10619	0.01297	0.02423	0.03700	0.00545	0.00474	0.00148	0.00588	0.00458	0.00346	0.00703
36	0.04597	0.10331	0.12764	0.03760	0.03867	0.05588	0.08874	0.09238	0.03183	0.07719	0.03749	0.16481	0.01341	0.00872	0.05333	0.00189	0.00573	0.00597	0.00338	0.00606
37	0.01028	0.05041	0.52695	0.01455	0.11878	0.04097	0.01484	0.03991	0.02891	0.01525	0.01054	0.08775	0.00894	0.00557	0.00466	0.00151	0.00633	0.00459	0.00247	0.00678
38	0.00928	0.00803	0.00852	0.00801	0.00933	0.11276	0.02661	0.01820	0.02613	0.03836	0.13007	0.11491	0.10537	0.05150	0.13959	0.00273	0.05708	0.04518	0.08362	0.00470
39	0.09158	0.10859	0.40503	0.01176	0.05407	0.04984	0.01247	0.01533	0.06099	0.04587	0.02442	0.01395	0.06479	0.00541	0.00438	0.00146	0.00576	0.01504	0.00274	0.00651
40	0.01021	0.09610	0.49970	0.04612	0.01922	0.01148	0.09369	0.06091	0.01082	0.01531	0.01031	0.08559	0.00867	0.00549	0.00468	0.00152	0.00645	0.00466	0.00246	0.00661
41	0.00865	0.00696	0.08234	0.00770	0.00925	0.00538	0.00628	0.01058	0.03423	0.12011	0.05316	0.50973	0.03412	0.03395	0.00623	0.00190	0.00351	0.05660	0.00441	0.00490
42	0.01050	0.01006	0.01408	0.14667	0.03249	0.08427	0.16352	0.07073	0.07426	0.01595	0.13225	0.07719	0.04349	0.02030	0.01739	0.00173	0.02749	0.03706	0.01494	0.00562
43	0.15723	0.01192	0.03761	0.03394	0.04586	0.14117	0.04979	0.08657	0.13294	0.09783	0.06644	0.02742	0.07892	0.00623	0.00460	0.00148	0.00499	0.00498	0.00382	0.00625
44	0.01138	0.03380	0.05226	0.21460	0.19208	0.09139	0.14759	0.05905	0.01115	0.01453	0.00987	0.05618	0.00842	0.00644	0.03567	0.00176	0.04026	0.00484	0.00255	0.00617
45	0.00792	0.03452	0.00970	0.00909	0.02765	0.03746	0.04775	0.00943	0.03011	0.01241	0.02087	0.43675	0.07764	0.03429	0.04573	0.00219	0.13870	0.00960	0.00363	0.00456
46	0.04916	0.03385	0.03600	0.05104	0.29726	0.27836	0.02647	0.04813	0.03156	0.03583	0.00957	0.04428	0.00814	0.00521	0.00481	0.00141	0.02552	0.00419	0.00273	0.00647
47	0.01457	0.02864	0.02530	0.01058	0.01340	0.19601	0.08524	0.05455	0.10786	0.19719	0.07888	0.04196	0.05920	0.00713	0.02086	0.00161	0.04128	0.00534	0.00403	0.00637
48	0.03224	0.01080	0.01160	0.00935	0.01240	0.02970	0.00757	0.46174	0.05404	0.10000	0.03955	0.04854	0.04104	0.00746	0.03122	0.00165	0.00479	0.00512	0.08410	0.00708
49	0.01263	0.02379	0.04193	0.22348	0.15143	0.08379	0.17410	0.03569	0.07977	0.09740	0.01078	0.01284	0.00805	0.00488	0.00505	0.00152	0.01879	0.00455	0.00295	0.00657
50	0.02167	0.01016	0.01701	0.03097	0.07561	0.01064	0.26918	0.10239	0.05383	0.04189	0.03972	0.09784	0.02709	0.03819	0.01983	0.00186	0.10671	0.00610	0.02323	0.00606
51	0.01027	0.00944	0.01572	0.46488	0.09433	0.01067	0.11649	0.05159	0.06183	0.03034	0.04356	0.01505	0.03541	0.00530	0.00508	0.00157	0.01486	0.00490	0.00277	0.00593
52	0.00711	0.00545	0.00695	0.00654	0.00781	0.00523	0.02470	0.02364	0.02214	0.02486	0.34801	0.13145	0.24081	0.03727	0.03684	0.00193	0.03137	0.00895	0.02448	0.00447
53	0.02375	0.02988	0.12429	0.01238	0.07294	0.08096	0.09274	0.10397	0.08094	0.11058	0.03182	0.01758	0.10560	0.01581	0.00577	0.00156	0.05615	0.01355	0.01322	0.00651
54	0.01200	0.11509	0.33091	0.05400	0.04362	0.13115	0.10268	0.04015	0.01110	0.04164	0.00923	0.01141	0.00718	0.03566	0.00520	0.00153	0.00669	0.00388	0.03049	0.00641
55	0.00591	0.00423	0.00555	0.00657	0.00691	0.00396	0.00441	0.00675	0.00916	0.01215	0.02667	0.74869	0.05976	0.04955	0.00687	0.00205	0.00287	0.02972	0.00437	0.00386
56	0.01017	0.02013	0.51563	0.03228	0.02080	0.04389	0.19450	0.01510	0.03014	0.01494	0.00996	0.05252	0.00786	0.00502	0.00488	0.00155	0.00704	0.00458	0.00233	0.00667
57	0.01277	0.01193	0.03376	0.12670	0.26654	0.03702	0.12413	0.20103	0.03769	0.01855	0.02764	0.01394	0.00908	0.00527	0.00524	0.00152	0.02749	0.02965	0.00312	0.00693
58	0.01007	0.10210	0.53056	0.05448	0.06989	0.01208	0.03599	0.01439	0.00988	0.01427	0.00901	0.01091	0.02180	0.00497	0.00547	0.00152	0.08008	0.00376	0.00211	0.00667
59	0.00674	0.00507	0.00649	0.00681	0.00777	0.00488	0.02423	0.00888	0.06409	0.01392	0.08803	0.44950	0.15898	0.01304	0.02651	0.00192	0.00316	0.04259	0.06304	0.00435
60	0.01386	0.01331	0.04113	0.04169	0.13382	0.15620	0.11321	0.12111	0.10749	0.08251	0.02906	0.03415	0.02813	0.00580	0.00555	0.00151	0.05648	0.00485	0.00344	0.00670
61	0.06248	0.15233	0.05073	0.03198	0.01415	0.12880	0.07723	0.11955	0.08198	0.07692	0.07467	0.02303	0.02360	0.02462	0.00521	0.00148	0.02731	0.00453	0.00346	0.01594
62	0.00876	0.00676	0.01017	0.00895	0.01071	0.00666	0.11514	0.01161	0.08033	0.07493	0.13561	0.22594	0.12771	0.03275	0.05658	0.00217	0.02958	0.04637	0.00419	0.00507
63	0.01171	0.01255	0.07742	0.11612	0.25936	0.05103	0.19502	0.09622	0.02453	0.01624	0.01056	0.03558	0.00881	0.00608	0.02990	0.00172	0.00660	0.03116	0.00276	0.00664
64	0.03362	0.12210	0.07367	0.01250	0.06635	0.21187	0.07203	0.17343	0.04940	0.08504	0.02688	0.03244	0.00904	0.00534	0.00451	0.00138	0.00613	0.00420	0.00336	0.00670
65	0.04200	0.04726	0.09070	0.03826	0.18739	0.14089	0.10174	0.11771	0.05135	0.05465	0.04324	0.01394	0.01862	0.00532	0.00474	0.00145	0.00606	0.02479	0.00316	0.00671
66	0.07490	0.00881	0.01025	0.03523	0.07099	0.07356	0.02666	0.10348	0.03233	0.06383	0.09449	0.08663	0.08223	0.01400	0.18638	0.00292	0.00638	0.01773	0.00369	0.00553
67	0.03022	0.02687	0.27138	0.01180	0.04744	0.05290	0.05007	0.15636	0.07016	0.02750	0.02381	0.09350	0.03225	0.02386	0.00524	0.00160	0.00552	0.02881	0.03422	0.00648
68	0.01192	0.09332	0.12358	0.06628	0.13079	0.08682	0.17566	0.03880	0.03651	0.04865	0.03645	0.03925	0.01000	0.00542	0.00509	0.00148	0.02673	0.03102	0.00283	0.02939
69	0.00976	0.02493	0.03063	0.00963	0.04221	0.01732	0.09577	0.03350	0.02899	0.10540	0.11028	0.20091	0.09728	0.08996	0.04310	0.00221	0.02144	0.02749	0.00399	0.00522
70	0.05997	0.03719	0.15200	0.19661	0.07478	0.10140	0.07999	0.04805	0.05634	0.02758	0.06681	0.03949	0.01063	0.00543	0.00469	0.00148	0.00595	0.00464	0.00288	0.02410
71	0.01279	0.07147	0.07471	0.05384	0.23727	0.11742	0.13697	0.09035	0.01201	0.03676	0.00994	0.03300	0.00838	0.02142	0.00570	0.00154	0.04687	0.02023	0.00275	0.00659

[dist]
# distance from previous block
# <min> <max>
0	15

[block]
# block no. 1 follows, 53 sequences, length 56
# corresponding to MSA columns:
# 882-937
name=unknown_B
#
# <colnr> <probs for GDERKNQSTAVLIFYWHMCP>
#	G	D	E	R	K	N	Q	S	T	A	V	L	I	F	Y	W	H	M	C	P
0	0.01062	0.03164	0.18076	0.13024	0.28335	0.01845	0.06144	0.05917	0.02976	0.01537	0.01205	0.06310	0.03591	0.02526	0.00534	0.00160	0.00582	0.02086	0.00271	0.00654
1	0.00971	0.00791	0.00947	0.00938	0.05272	0.08363	0.04467	0.05029	0.01087	0.06934	0.07788	0.23131	0.08758	0.05773	0.14410	0.00281	0.01698	0.00781	0.02080	0.00499
2	0.04952	0.01076	0.04676	0.02769	0.09335	0.05982	0.11548	0.11795	0.04714	0.15181	0.01578	0.08527	0.05324	0.04520	0.01919	0.00180	0.01146	0.03135	0.01004	0.00638
3	0.01218	0.04884	0.14842	0.03197	0.10533	0.01132	0.15191	0.13100	0.07395	0.07036	0.01423	0.03315	0.05971	0.00609	0.00553	0.00157	0.04615	0.03822	0.00334	0.00674
4	0.00818	0.00541	0.00681	0.00709	0.00801	0.00534	0.00503	0.03973	0.06561	0.07483	0.04604	0.50651	0.03664	0.09962	0.03486	0.00233	0.00361	0.03538	0.00439	0.00458
5	0.01207	0.01140	0.05498	0.17031	0.23676	0.01149	0.10342	0.15261	0.07480	0.03341	0.02632	0.04091	0.00972	0.00549	0.00521	0.00154	0.02527	0.01432	0.00315	0.00682
6	0.05593	0.08886	0.22484	0.01603	0.24715	0.02691	0.02064	0.01620	0.06838	0.11705	0.01170	0.06529	0.00953	0.00542	0.00455	0.00147	0.00544	0.00458	0.00305	0.00696
7	0.01155	0.09894	0.23759	0.04658	0.05877	0.02619	0.16354	0.05775	0.01117	0.08110	0.01208	0.07385	0.02942	0.00636	0.02222	0.00165	0.03363	0.00505	0.01612	0.00645
8	0.01240	0.01276	0.01331	0.01487	0.20475	0.25212	0.04364	0.03380	0.01148	0.03981	0.01435	0.09450	0.07067	0.00925	0.07308	0.00200	0.04295	0.02358	0.02488	0.00578
9	0.01189	0.10565	0.49736	0.01262	0.03311	0.11297	0.01414	0.07271	0.02997	0.03353	0.02750	0.01071	0.00751	0.00483	0.00442	0.00142	0.00664	0.00364	0.00252	0.00684
10	0.01328	0.33712	0.24348	0.01131	0.03387	0.16995	0.01131	0.04965	0.01120	0.03920	0.00799	0.00918	0.00643	0.00466	0.00432	0.00128	0.03379	0.00318	0.00237	0.00644
11	0.00942	0.00765	0.01146	0.01064	0.05297	0.02146	0.13287	0.08612	0.02700	0.04884	0.06081	0.33837	0.05595	0.04759	0.03836	0.00209	0.00470	0.03452	0.00397	0.00522
12	0.01156	0.03997	0.21816	0.03914	0.04705	0.05776	0.11669	0.06560	0.09946	0.07260	0.04992	0.04721	0.06377	0.02588	0.00561	0.00161	0.02293	0.00531	0.00332	0.00645
13	0.03387	0.01536	0.31334	0.01252	0.01692	0.03620	0.15695	0.06124	0.03126	0.07863	0.01367	0.16970	0.01235	0.00684	0.00508	0.00161	0.00591	0.01903	0.00319	0.00635
14	0.01079	0.21471	0.33213	0.03516	0.01853	0.01369	0.15535	0.01433	0.00978	0.01359	0.00796	0.01015	0.00634	0.00493	0.00611	0.00150	0.13263	0.00381	0.00211	0.00640
15	0.00819	0.00589	0.00739	0.05303	0.02798	0.01928	0.00563	0.02115	0.07537	0.05958	0.12715	0.43671	0.06669	0.01130	0.00554	0.00172	0.00322	0.01004	0.04933	0.00480
16	0.05018	0.03575	0.17271	0.01041	0.01405	0.07947	0.02589	0.23258	0.01417	0.12498	0.01416	0.15288	0.01250	0.00714	0.00488	0.00155	0.00529	0.03090	0.00390	0.00663
17	0.00902	0.02066	0.64513	0.01198	0.01766	0.00977	0.01477	0.01354	0.00973	0.01435	0.03649	0.03360	0.00961	0.12473	0.00748	0.00198	0.00645	0.00444	0.00231	0.00630
18	0.00894	0.00643	0.00780	0.00779	0.00911	0.00670	0.00579	0.05859	0.16544	0.06303	0.04188	0.42531	0.05859	0.01285	0.04825	0.00211	0.01772	0.04395	0.00451	0.00521
19	0.01102	0.01178	0.06732	0.24332	0.46056	0.03292	0.05665	0.01411	0.01048	0.01444	0.00876	0.01191	0.00706	0.00452	0.00503	0.00149	0.02535	0.00425	0.00228	0.00675
20	0.01242	0.01349	0.15360	0.03684	0.06046	0.01116	0.29827	0.09729	0.10866	0.09250	0.01262	0.05888	0.00984	0.00542	0.00514	0.00157	0.00622	0.00537	0.00333	0.00691
21	0.01032	0.01004	0.02483	0.04695	0.40404	0.03652	0.10996	0.01294	0.01091	0.01487	0.04663	0.10873	0.03061	0.00699	0.00528	0.00161	0.00543	0.10406	0.00302	0.00627
22	0.00596	0.00428	0.00577	0.00676	0.00712	0.00409	0.00462	0.00692	0.00919	0.01233	0.04357	0.73357	0.03039	0.01635	0.06548	0.00236	0.00353	0.02945	0.00432	0.00394
23	0.03035	0.03802	0.11741	0.01485	0.16564	0.24889	0.02775	0.06342	0.14583	0.01570	0.01122	0.05789	0.00943	0.00567	0.00491	0.00145	0.02749	0.00449	0.00304	0.00655
24	0.01190	0.02668	0.05439	0.01066	0.03082	0.06287	0.11571	0.13999	0.03151	0.10173	0.13262	0.15711	0.03839	0.03237	0.02944	0.00183	0.00507	0.00689	0.00405	0.00597
25	0.01236	0.01111	0.01674	0.11319	0.50171	0.03722	0.01270	0.11282	0.02881	0.03355	0.01079	0.04741	0.00924	0.00530	0.00484	0.00148	0.00557	0.02515	0.00292	0.00709
26	0.05281	0.07064	0.19221	0.05773	0.05249	0.19200	0.03181	0.11790	0.04141	0.01611	0.02528	0.04652	0.00866	0.00566	0.00535	0.00147	0.06854	0.00421	0.00285	0.00631
27	0.01245	0.01546	0.21127	0.01223	0.05542	0.13320	0.05943	0.09335	0.16796	0.05387	0.04084	0.03163	0.06716	0.01821	0.00512	0.00154	0.00571	0.00502	0.00349	0.00665
28	0.01014	0.09123	0.58890	0.08215	0.02036	0.03218	0.03005	0.02874	0.01027	0.01460	0.00882	0.02947	0.00676	0.00487	0.00471	0.00149	0.02261	0.00380	0.00216	0.00669
29	0.01147	0.01136	0.01000	0.00918	0.01084	0.27060	0.05473	0.03292	0.01156	0.03506	0.08450	0.19838	0.01789	0.06781	0.02400	0.00185	0.00541	0.03156	0.10600	0.00489
30	0.03383	0.04790	0.07310	0.05475	0.04557	0.02653	0.09037	0.11586	0.09880	0.10802	0.04833	0.11469	0.08839	0.00727	0.00525	0.00157	0.02333	0.00624	0.00389	0.00631
31	0.01505	0.05713	0.07963	0.01316	0.07482	0.14555	0.10624	0.18678	0.06046	0.12747	0.01162	0.01321	0.00885	0.02829	0.02248	0.00167	0.02191	0.01525	0.00356	0.00689
32	0.00682	0.00451	0.00593	0.00660	0.00723	0.00416	0.00456	0.00788	0.00994	0.05652	0.11257	0.63839	0.06543	0.02868	0.00630	0.00190	0.00282	0.02099	0.00458	0.00418
33	0.01101	0.03078	0.08084	0.03094	0.01869	0.07395	0.36918	0.01455	0.04921	0.03022	0.03924	0.05362	0.05187	0.00613	0.00652	0.00164	0.10091	0.02182	0.00287	0.00599
34	0.02922	0.01406	0.08790	0.04433	0.12633	0.11751	0.25593	0.11546	0.01248	0.03222	0.02740	0.01243	0.00824	0.00653	0.04794	0.00184	0.04628	0.00460	0.00282	0.00651
35	0.01959	0.03194	0.29784	0.01572	0.07178	0.09844	0.24593	0.04849	0.01831	0.03321	0.00997	0.04897	0.00800	0.00507	0.00517	0.00153	0.02617	0.00470	0.00256	0.00660
36	0.00733	0.00622	0.00642	0.00677	0.00749	0.07719	0.00471	0.00831	0.00972	0.01245	0.07518	0.41671	0.13344	0.12112	0.03640	0.00233	0.02180	0.01016	0.03221	0.00403
37	0.01242	0.05921	0.06104	0.08438	0.14330	0.11169	0.25165	0.06640	0.01185	0.04902	0.03152	0.03454	0.00937	0.04549	0.00589	0.00163	0.00657	0.00493	0.00281	0.00632
38	0.03205	0.08884	0.36395	0.01340	0.03785	0.15445	0.09507	0.01603	0.04099	0.03452	0.00923	0.01142	0.00722	0.00504	0.00515	0.00148	0.05265	0.02173	0.00244	0.00650
39	0.00895	0.00776	0.01201	0.03686	0.33185	0.00783	0.00913	0.01175	0.06090	0.01513	0.13955	0.25132	0.02107	0.01019	0.05201	0.00196	0.00461	0.00776	0.00358	0.00578
40	0.01362	0.04905	0.06848	0.05494	0.01642	0.08621	0.16010	0.15104	0.09199	0.10518	0.03151	0.02811	0.03157	0.00576	0.00533	0.00150	0.04348	0.00490	0.04420	0.00662
41	0.03520	0.03048	0.01373	0.04280	0.01496	0.27611	0.02975	0.26685	0.05964	0.14132	0.01891	0.01178	0.00854	0.00549	0.00482	0.00140	0.02337	0.00404	0.00389	0.00689
42	0.01017	0.04868	0.21392	0.01563	0.08794	0.01018	0.30541	0.01362	0.01052	0.04057	0.01301	0.18298	0.01219	0.00653	0.00525	0.00161	0.00624	0.00651	0.00284	0.00620
43	0.00601	0.00444	0.00611	0.00688	0.00735	0.00420	0.02093	0.00696	0.00914	0.01217	0.02599	0.70921	0.06606	0.03422	0.05371	0.00232	0.00350	0.01261	0.00425	0.00394
44	0.03334	0.14225	0.19419	0.01129	0.01566	0.01401	0.03558	0.36038	0.02771	0.05926	0.01010	0.01081	0.00744	0.00530	0.00506	0.00144	0.05147	0.00390	0.00353	0.00729
45	0.03618	0.00505	0.00644	0.00703	0.00781	0.00489	0.00507	0.03378	0.01010	0.05143	0.06240	0.55771	0.02842	0.05633	0.00689	0.00204	0.00322	0.10646	0.00442	0.00431
46	0.01689	0.00954	0.01080	0.00894	0.01189	0.06786	0.00718	0.15463	0.05936	0.39561	0.01796	0.08380	0.03360	0.00856	0.04740	0.00185	0.00489	0.03117	0.02102	0.00706
47	0.01150	0.01654	0.24328	0.01715	0.08862	0.07808	0.33447	0.03333	0.06251	0.01551	0.01001	0.01267	0.00772	0.00476	0.00535	0.00156	0.02842	0.01930	0.00255	0.00668
48	0.00590	0.00441	0.00548	0.00614	0.00684	0.00400	0.00425	0.00699	0.01010	0.01322	0.12573	0.54494	0.21729	0.01365	0.00594	0.00181	0.00263	0.01215	0.00454	0.00400
49	0.01046	0.01041	0.01895	0.37886	0.26414	0.01121	0.18926	0.01398	0.02897	0.01414	0.00917	0.01262	0.00713	0.00449	0.00496	0.00155	0.00648	0.00460	0.00233	0.00631
50	0.00614	0.00488	0.00560	0.00573	0.00705	0.00423	0.00421	0.00747	0.01073	0.01373	0.13745	0.24948	0.42998	0.01215	0.00569	0.00166	0.00262	0.03764	0.00446	0.04911
51	0.01151	0.03041	0.06742	0.14162	0.05377	0.02493	0.46244	0.01532	0.02657	0.05909	0.00994	0.01261	0.00741	0.00433	0.00516	0.00152	0.00705	0.00494	0.00261	0.05135
52	0.01164	0.01292	0.02747	0.01966	0.02445	0.01223	0.74409	0.05582	0.01187	0.01609	0.00976	0.01282	0.00730	0.00412	0.00560	0.00160	0.00791	0.00557	0.00254	0.00653
53	0.00632	0.04794	0.00669	0.00678	0.00739	0.00480	0.00481	0.00733	0.00947	0.01247	0.04254	0.68299	0.06584	0.01405	0.00594	0.00189	0.00297	0.06142	0.00433	0.00405
54	0.01499	0.01139	0.01261	0.01104	0.04973	0.01268	0.00845	0.32256	0.40300	0.07685	0.01581	0.01496	0.01155	0.00605	0.00482	0.00153	0.00447	0.00488	0.00479	0.00782
55	0.04635	0.19539	0.04196	0.01091	0.01425	0.30091	0.04950	0.12242	0.09029	0.05274	0.02592	0.01086	0.00833	0.00508	0.00424	0.00131	0.00632	0.00369	0.00314	0.00640

[dist]
# distance from previous block
# <min> <max>
4	18

[block]
# block no. 2 follows, 53 sequences, length 89
# corresponding to MSA columns:
# 961-1049
name=unknown_C
#
# <colnr> <probs for GDERKNQSTAVLIFYWHMCP>
#	G	D	E	R	K	N	Q	S	T	A	V	L	I	F	Y	W	H	M	C	P
0	0.01136	0.05679	0.47047	0.01299	0.03939	0.12937	0.04542	0.02819	0.04427	0.03251	0.01020	0.06052	0.00828	0.00530	0.00459	0.00146	0.00663	0.00425	0.00253	0.02548
1	0.09645	0.09817	0.10669	0.01210	0.08802	0.08820	0.04031	0.16724	0.12142	0.05692	0.06904	0.01328	0.01092	0.00543	0.00446	0.00142	0.00529	0.00430	0.00356	0.00680
2	0.00926	0.04012	0.09476	0.01095	0.01346	0.05625	0.17733	0.02803	0.02817	0.03428	0.01889	0.38572	0.04988	0.00966	0.00567	0.00171	0.01816	0.00888	0.00356	0.00526
3	0.01223	0.03021	0.06261	0.03295	0.09024	0.07219	0.05738	0.06217	0.24943	0.05082	0.07267	0.01506	0.01229	0.00630	0.00676	0.00161	0.14999	0.00487	0.00357	0.00664
4	0.02610	0.01523	0.16247	0.01635	0.03590	0.09840	0.39415	0.01506	0.02782	0.01450	0.00952	0.03202	0.00768	0.00591	0.02909	0.00178	0.09442	0.00493	0.00243	0.00623
5	0.01232	0.01356	0.19658	0.01350	0.08163	0.02519	0.13307	0.05149	0.18490	0.12094	0.06657	0.03270	0.01284	0.00591	0.00500	0.00156	0.00545	0.02612	0.00371	0.00697
6	0.01174	0.01228	0.01399	0.03513	0.15587	0.21021	0.10487	0.01488	0.07660	0.02755	0.17399	0.01955	0.08471	0.00655	0.00535	0.00147	0.03035	0.00564	0.00341	0.00587
7	0.03383	0.02841	0.10774	0.00960	0.04630	0.05174	0.02481	0.03241	0.10835	0.15275	0.04888	0.06466	0.07622	0.14578	0.03221	0.00224	0.00493	0.01944	0.00384	0.00586
8	0.03043	0.00764	0.02467	0.00849	0.01083	0.00724	0.05155	0.07116	0.09442	0.16036	0.12286	0.09461	0.15586	0.00924	0.00545	0.00168	0.00384	0.12920	0.00468	0.00578
9	0.00663	0.00503	0.00718	0.00898	0.08579	0.00492	0.00561	0.00774	0.00909	0.01232	0.02256	0.60270	0.02629	0.05806	0.09389	0.00265	0.00427	0.02809	0.00395	0.00425
10	0.01037	0.01856	0.49090	0.01450	0.10010	0.01037	0.06662	0.04292	0.03225	0.04669	0.01139	0.07851	0.00949	0.00634	0.02255	0.00169	0.00643	0.02084	0.00267	0.00679
11	0.01154	0.01245	0.04818	0.05590	0.14694	0.01170	0.52960	0.03232	0.01123	0.03702	0.00980	0.01303	0.00757	0.02221	0.00605	0.00165	0.02849	0.00523	0.00254	0.00657
12	0.01114	0.01483	0.16884	0.05042	0.17509	0.02981	0.44805	0.01512	0.01097	0.01514	0.00924	0.01207	0.00704	0.00422	0.00520	0.00155	0.00736	0.00487	0.00232	0.00672
13	0.00662	0.00532	0.00580	0.00588	0.00713	0.02202	0.00429	0.03121	0.01136	0.01456	0.18862	0.24082	0.39814	0.01189	0.00566	0.00165	0.00269	0.01025	0.02182	0.00426
14	0.02997	0.07764	0.01371	0.11957	0.08835	0.05041	0.00900	0.20785	0.07299	0.18275	0.02820	0.03183	0.04453	0.00591	0.00466	0.00145	0.00495	0.00477	0.01452	0.00694
15	0.01228	0.22262	0.13739	0.01400	0.06532	0.07714	0.21865	0.06256	0.03289	0.03163	0.01027	0.02850	0.02434	0.00558	0.02254	0.00154	0.01928	0.00438	0.00263	0.00645
16	0.00661	0.00469	0.00615	0.00703	0.00759	0.00452	0.00498	0.00823	0.04438	0.02476	0.05676	0.63771	0.03031	0.03090	0.00645	0.00199	0.00305	0.10523	0.00447	0.00418
17	0.01120	0.01582	0.23707	0.13200	0.13849	0.10838	0.14931	0.03676	0.02695	0.01483	0.02483	0.03387	0.00866	0.00573	0.02175	0.00164	0.00688	0.01691	0.00252	0.00640
18	0.01247	0.04486	0.24662	0.01577	0.08322	0.05383	0.26665	0.05095	0.03196	0.10080	0.01099	0.04081	0.00842	0.00497	0.00496	0.00152	0.00665	0.00480	0.00291	0.00685
19	0.01230	0.06021	0.01473	0.01202	0.05962	0.01053	0.14477	0.13800	0.16990	0.08332	0.07068	0.03749	0.05575	0.00713	0.00520	0.00160	0.00487	0.10121	0.00413	0.00656
20	0.00622	0.00463	0.00582	0.00634	0.00714	0.00429	0.00451	0.00777	0.02730	0.01420	0.21007	0.45638	0.17057	0.01300	0.00591	0.00178	0.00268	0.04259	0.00464	0.00416
21	0.03719	0.04941	0.07658	0.13163	0.32832	0.03573	0.12592	0.05026	0.05727	0.02943	0.02655	0.01250	0.00838	0.00468	0.00475	0.00147	0.00600	0.00442	0.00270	0.00683
22	0.01279	0.07827	0.01597	0.01197	0.03523	0.02130	0.18388	0.16791	0.16947	0.07691	0.07599	0.06523	0.05042	0.00648	0.00503	0.00152	0.00504	0.00586	0.00403	0.00670
23	0.06049	0.00576	0.00693	0.00689	0.00818	0.00566	0.00515	0.06517	0.02520	0.05057	0.25111	0.32993	0.08952	0.01128	0.00560	0.00171	0.00301	0.05842	0.00468	0.00474
24	0.07217	0.01394	0.03735	0.01339	0.06386	0.17491	0.16895	0.15501	0.16123	0.01861	0.02608	0.01348	0.02702	0.00536	0.00474	0.00147	0.00602	0.00461	0.02517	0.00663
25	0.05087	0.01312	0.04991	0.03353	0.23522	0.15793	0.10705	0.03637	0.09212	0.08196	0.02338	0.04760	0.02642	0.00593	0.01632	0.00156	0.00603	0.00486	0.00319	0.00662
26	0.01019	0.17855	0.65874	0.01259	0.01909	0.01258	0.01586	0.01498	0.01002	0.01440	0.00821	0.00963	0.00607	0.00446	0.00426	0.00142	0.00669	0.00335	0.00202	0.00689
27	0.01103	0.01096	0.01662	0.38995	0.38748	0.07492	0.01360	0.01390	0.01049	0.01375	0.00864	0.01199	0.00691	0.00455	0.00472	0.00148	0.00623	0.00416	0.00226	0.00637
28	0.01164	0.53032	0.27749	0.00998	0.01488	0.03261	0.01116	0.01445	0.00990	0.01254	0.00788	0.03337	0.00688	0.00458	0.00366	0.00121	0.00575	0.00322	0.00212	0.00635
29	0.01181	0.04960	0.28621	0.01706	0.08838	0.06849	0.32451	0.05115	0.01151	0.03204	0.00924	0.01136	0.00689	0.00440	0.00494	0.00150	0.00723	0.00443	0.00245	0.00679
30	0.01560	0.00907	0.01059	0.00889	0.02835	0.02488	0.00702	0.22192	0.04432	0.31336	0.06841	0.02283	0.16555	0.00748	0.00506	0.00152	0.00409	0.02909	0.00506	0.00693
31	0.01677	0.04881	0.03327	0.01102	0.01429	0.22105	0.02636	0.37444	0.04941	0.08093	0.02599	0.01224	0.00896	0.03062	0.00545	0.00149	0.02380	0.00417	0.00393	0.00700
32	0.02612	0.01131	0.01542	0.05326	0.16614	0.07880	0.13884	0.11791	0.13403	0.05707	0.09677	0.04090	0.02975	0.00600	0.00501	0.00151	0.00538	0.00544	0.00368	0.00666
33	0.01115	0.01209	0.02262	0.03457	0.08812	0.02805	0.44479	0.01407	0.01001	0.01401	0.00848	0.01195	0.00693	0.00544	0.00867	0.00174	0.26389	0.00499	0.00231	0.00612
34	0.00688	0.00508	0.00747	0.00747	0.00827	0.00586	0.00573	0.00849	0.00768	0.01112	0.01300	0.01952	0.01229	0.08396	0.74846	0.00736	0.01209	0.00522	0.01987	0.00419
35	0.03210	0.01517	0.19328	0.01777	0.02290	0.01183	0.55387	0.01586	0.05882	0.01571	0.00996	0.01247	0.00739	0.00430	0.00529	0.00159	0.00748	0.00510	0.00250	0.00662
36	0.01525	0.01613	0.01597	0.01314	0.01572	0.34395	0.13533	0.10369	0.04701	0.06326	0.00922	0.01089	0.00730	0.00571	0.00698	0.00153	0.17574	0.00407	0.00296	0.00616
37	0.00683	0.00512	0.00768	0.00768	0.00853	0.00597	0.00597	0.00853	0.00768	0.01110	0.01280	0.01878	0.01195	0.03585	0.81308	0.00768	0.01280	0.00512	0.00256	0.00427
38	0.00886	0.00552	0.00714	0.00650	0.00804	0.00511	0.00499	0.01142	0.04155	0.12208	0.62034	0.03336	0.06883	0.00932	0.00552	0.00153	0.00261	0.02692	0.00528	0.00507
39	0.03036	0.01185	0.09340	0.13509	0.14322	0.01079	0.22706	0.08294	0.05096	0.06593	0.01226	0.05748	0.02642	0.00611	0.02332	0.00170	0.00623	0.00528	0.00305	0.00656
40	0.02982	0.02771	0.15727	0.01669	0.02108	0.01230	0.45783	0.03632	0.03015	0.03447	0.00941	0.01205	0.00717	0.00488	0.00668	0.00164	0.12063	0.00490	0.00252	0.00646
41	0.00638	0.00481	0.00700	0.00736	0.00807	0.00449	0.05805	0.00754	0.00944	0.01279	0.02564	0.68386	0.06728	0.01350	0.00588	0.00185	0.00309	0.01231	0.05656	0.00410
42	0.03306	0.18757	0.05049	0.01117	0.01426	0.50592	0.00919	0.05659	0.06476	0.01342	0.00828	0.00923	0.00679	0.00487	0.00410	0.00124	0.00725	0.00320	0.00264	0.00599
43	0.10632	0.01361	0.19364	0.07896	0.07083	0.03968	0.01061	0.10271	0.14054	0.13587	0.02471	0.01422	0.02462	0.00556	0.00458	0.00152	0.00521	0.01626	0.00365	0.00691
44	0.01081	0.01580	0.23173	0.06972	0.04747	0.02591	0.47937	0.01503	0.01080	0.01493	0.00917	0.01198	0.00685	0.00433	0.00546	0.00158	0.02536	0.00488	0.00229	0.00653
45	0.00738	0.00634	0.00922	0.00855	0.00979	0.02135	0.09700	0.00927	0.03051	0.01375	0.13461	0.34680	0.11554	0.03766	0.05014	0.00219	0.04730	0.04408	0.00402	0.00450
46	0.01533	0.02669	0.06601	0.02693	0.18644	0.12307	0.04835	0.15869	0.08152	0.16644	0.01195	0.01265	0.00878	0.00578	0.01892	0.00156	0.02567	0.00431	0.00367	0.00724
47	0.03034	0.01401	0.03386	0.03580	0.19138	0.19299	0.04397	0.20258	0.10138	0.01872	0.04438	0.04716	0.01064	0.00571	0.00476	0.00144	0.00588	0.00472	0.00346	0.00680
48	0.00726	0.00581	0.05437	0.00718	0.00825	0.00466	0.00553	0.00866	0.01008	0.06598	0.10321	0.59187	0.04945	0.01307	0.00588	0.00184	0.00313	0.04484	0.00447	0.00445
49	0.03125	0.00962	0.02786	0.01061	0.08405	0.10401	0.02307	0.06686	0.06244	0.13987	0.12973	0.20460	0.02040	0.02370	0.00556	0.00165	0.00443	0.04018	0.00425	0.00586
50	0.01317	0.06447	0.24950	0.03247	0.13270	0.11724	0.06103	0.11152	0.05231	0.07136	0.01050	0.02497	0.00814	0.02371	0.00506	0.00151	0.00628	0.00419	0.00297	0.00689
51	0.01163	0.01526	0.21867	0.11272	0.29128	0.06085	0.12014	0.03417	0.04028	0.03539	0.00952	0.01177	0.00730	0.00456	0.00480	0.00149	0.00650	0.00425	0.00250	0.00693
52	0.00947	0.00949	0.00789	0.00784	0.00916	0.20898	0.00568	0.04391	0.01134	0.01326	0.06514	0.33647	0.18778	0.03409	0.02551	0.00186	0.00455	0.00914	0.00391	0.00453
53	0.02336	0.03658	0.41510	0.02853	0.06667	0.04107	0.18964	0.06771	0.04016	0.03205	0.00954	0.01124	0.00698	0.00459	0.00478	0.00151	0.00686	0.00416	0.00253	0.00693
54	0.04873	0.01778	0.31364	0.02899	0.06829	0.10791	0.07051	0.13425	0.09278	0.03052	0.02011	0.01162	0.00800	0.00507	0.00484	0.00149	0.02148	0.00406	0.00298	0.00692
55	0.04948	0.00734	0.02981	0.01933	0.04180	0.00706	0.06447	0.07277	0.04411	0.05238	0.09021	0.40825	0.03909	0.01062	0.00575	0.00175	0.02128	0.02513	0.00418	0.00517
56	0.01322	0.01188	0.01448	0.07246	0.13244	0.11506	0.08859	0.12410	0.19896	0.06387	0.05127	0.04472	0.01251	0.00610	0.00496	0.00153	0.00545	0.02785	0.00377	0.00676
57	0.04203	0.08374	0.11191	0.06459	0.20630	0.08194	0.10917	0.03797	0.02752	0.03162	0.03033	0.03141	0.06956	0.00625	0.01905	0.00159	0.00595	0.02992	0.00285	0.00630
58	0.02216	0.05029	0.47951	0.02750	0.04559	0.02808	0.01339	0.03049	0.08065	0.03551	0.02654	0.04989	0.07815	0.00595	0.00469	0.00152	0.00584	0.00481	0.00283	0.00660
59	0.01108	0.01185	0.00974	0.04874	0.04682	0.27636	0.00703	0.03605	0.06369	0.01365	0.05710	0.11213	0.23641	0.02980	0.01708	0.00167	0.00524	0.00689	0.00358	0.00509
60	0.04755	0.13132	0.30442	0.01260	0.04058	0.09762	0.09023	0.06346	0.05288	0.03827	0.02534	0.02312	0.02397	0.00515	0.00471	0.00144	0.02390	0.00411	0.00274	0.00658
61	0.01282	0.18178	0.10193	0.13203	0.13063	0.15864	0.05701	0.06852	0.02920	0.03066	0.00929	0.03196	0.00767	0.00557	0.02139	0.00150	0.00646	0.00400	0.00260	0.00634
62	0.00710	0.00508	0.00687	0.00732	0.00804	0.00488	0.02687	0.05430	0.01014	0.02742	0.03420	0.68475	0.04109	0.01385	0.00630	0.02370	0.00315	0.02631	0.00438	0.00426
63	0.01231	0.01281	0.16473	0.06615	0.09815	0.01045	0.13156	0.16078	0.02816	0.09352	0.09560	0.01574	0.02573	0.00741	0.05366	0.00188	0.00610	0.00504	0.00349	0.00673
64	0.01294	0.01470	0.13341	0.02497	0.11571	0.18468	0.07124	0.12730	0.02461	0.05485	0.05895	0.06939	0.07347	0.00641	0.00491	0.00147	0.00591	0.00538	0.00336	0.00634
65	0.00948	0.00897	0.01550	0.64312	0.05903	0.01058	0.08955	0.03033	0.01016	0.01319	0.00973	0.01521	0.00784	0.00522	0.00497	0.00162	0.00637	0.05125	0.00236	0.00552
66	0.01022	0.05678	0.72763	0.01333	0.01999	0.06047	0.01677	0.01535	0.01029	0.01477	0.00843	0.00990	0.00606	0.00455	0.00447	0.00148	0.00708	0.00347	0.00205	0.00693
67	0.07789	0.04725	0.12587	0.09891	0.09522	0.07335	0.26770	0.04856	0.04521	0.01566	0.00927	0.01166	0.00717	0.00531	0.02261	0.00165	0.03336	0.00440	0.00256	0.00637
68	0.01625	0.05477	0.10010	0.01228	0.01637	0.13071	0.10969	0.38048	0.02822	0.08821	0.01084	0.01141	0.00782	0.00522	0.00472	0.00142	0.00618	0.00419	0.00381	0.00732
69	0.00680	0.00493	0.00694	0.07934	0.00973	0.00509	0.00562	0.00809	0.00905	0.03034	0.02234	0.46569	0.07068	0.01841	0.19413	0.01587	0.00548	0.02143	0.01584	0.00420
70	0.00643	0.00498	0.00588	0.00577	0.00709	0.00449	0.00436	0.00843	0.02856	0.01616	0.41457	0.07599	0.34472	0.01102	0.00569	0.00160	0.00247	0.04259	0.00485	0.00435
71	0.01163	0.14324	0.16646	0.13653	0.09294	0.02974	0.25590	0.07917	0.01151	0.01537	0.00886	0.01123	0.00680	0.00443	0.00472	0.00146	0.00672	0.00427	0.00244	0.00656
72	0.01099	0.01138	0.01709	0.23972	0.02094	0.07772	0.17372	0.03650	0.00974	0.01303	0.00806	0.01197	0.00681	0.02509	0.00947	0.00182	0.31361	0.00448	0.00230	0.00557
73	0.00642	0.00473	0.00571	0.00605	0.00711	0.00423	0.00443	0.00776	0.01082	0.03218	0.17515	0.32304	0.31864	0.01263	0.00585	0.00175	0.00269	0.06199	0.00462	0.00419
74	0.19702	0.01253	0.01414	0.01092	0.01463	0.03186	0.08960	0.50321	0.01781	0.04760	0.01037	0.01090	0.00747	0.00527	0.00448	0.00146	0.00527	0.00407	0.00412	0.00727
75	0.04012	0.27441	0.38496	0.01109	0.01626	0.01308	0.04610	0.03150	0.02801	0.03841	0.04550	0.01150	0.00861	0.02574	0.00465	0.00144	0.00589	0.00371	0.00249	0.00652
76	0.00703	0.00565	0.00649	0.00736	0.00800	0.05379	0.00537	0.00819	0.00986	0.01265	0.03643	0.53900	0.05207	0.04611	0.00680	0.00205	0.00355	0.18126	0.00426	0.00407
77	0.00961	0.03804	0.74492	0.06290	0.02129	0.01121	0.01722	0.01494	0.01005	0.01489	0.00854	0.01021	0.00608	0.00455	0.00453	0.00151	0.00699	0.00356	0.00203	0.00694
78	0.00958	0.01041	0.06523	0.24234	0.17347	0.00983	0.19855	0.02395	0.01070	0.01420	0.01682	0.03426	0.15752	0.00608	0.00515	0.00157	0.00586	0.00583	0.00276	0.00590
79	0.01070	0.10383	0.06877	0.17999	0.03848	0.01225	0.44275	0.01419	0.01053	0.01405	0.00952	0.03948	0.00769	0.00467	0.00531	0.00155	0.02264	0.00511	0.00235	0.00613
80	0.00625	0.00485	0.00640	0.00771	0.05564	0.00454	0.00502	0.00738	0.00961	0.01254	0.02972	0.52098	0.21586	0.01500	0.06038	0.00222	0.00357	0.02396	0.00418	0.00418
81	0.01168	0.01350	0.02731	0.01967	0.02436	0.06109	0.73739	0.01554	0.01142	0.01509	0.00953	0.01263	0.00719	0.00408	0.00556	0.00159	0.00809	0.00548	0.00242	0.00639
82	0.01356	0.01445	0.01768	0.10163	0.13606	0.24666	0.19896	0.07392	0.02627	0.03553	0.02739	0.03435	0.00868	0.00523	0.00533	0.00148	0.03911	0.00464	0.00281	0.00626
83	0.01051	0.01433	0.24666	0.01204	0.01562	0.09547	0.14656	0.01348	0.01022	0.06180	0.01270	0.11562	0.01172	0.06316	0.10765	0.00255	0.02961	0.02172	0.00285	0.00574
84	0.01000	0.02805	0.01588	0.12820	0.16793	0.02712	0.18779	0.04493	0.01100	0.02734	0.01742	0.15152	0.11229	0.00743	0.00552	0.00162	0.02260	0.02446	0.00314	0.00578
85	0.02594	0.06507	0.17309	0.01196	0.03234	0.12327	0.11439	0.15798	0.04723	0.03798	0.05379	0.01658	0.10746	0.00603	0.00480	0.00146	0.00585	0.00502	0.00335	0.00644
86	0.01027	0.07425	0.08787	0.14731	0.33269	0.01058	0.05963	0.02960	0.01049	0.01437	0.01212	0.12032	0.02361	0.00678	0.02247	0.00166	0.00570	0.02129	0.00268	0.00632
87	0.01168	0.01179	0.02921	0.04527	0.07859	0.12222	0.22828	0.05519	0.01210	0.04682	0.11880	0.02990	0.06652	0.00607	0.00565	0.00147	0.05090	0.00552	0.00323	0.07077
88	0.01065	0.09313	0.20825	0.05440	0.15349	0.01032	0.09009	0.02554	0.02797	0.06603	0.09111	0.03020	0.05470	0.00758	0.05426	0.00185	0.00595	0.00508	0.00301	0.00636

[dist]
# distance from previous block
# <min> <max>
8	38

[block]
# block no. 3 follows, 53 sequences, length 17
# corresponding to MSA columns:
# 1092-1108
name=unknown_D
#
# <colnr> <probs for GDERKNQSTAVLIFYWHMCP>
#	G	D	E	R	K	N	Q	S	T	A	V	L	I	F	Y	W	H	M	C	P
0	0.01217	0.09401	0.24415	0.01690	0.26364	0.03251	0.02982	0.03849	0.03790	0.09473	0.04175	0.01453	0.01009	0.00528	0.00467	0.00146	0.00572	0.04221	0.00296	0.00700
1	0.03658	0.05966	0.05997	0.09136	0.20300	0.13342	0.14766	0.07108	0.02849	0.01537	0.01088	0.08272	0.00968	0.00567	0.00485	0.00149	0.00625	0.02274	0.00280	0.00633
2	0.00675	0.00486	0.00596	0.02924	0.00778	0.00455	0.00462	0.00815	0.01036	0.03440	0.12234	0.26199	0.29301	0.03333	0.06500	0.00220	0.00353	0.03864	0.05906	0.00422
3	0.02591	0.13817	0.24227	0.02923	0.04682	0.07007	0.10391	0.07400	0.03503	0.07121	0.06073	0.01389	0.03845	0.00530	0.00455	0.00142	0.00586	0.00442	0.02223	0.00653
4	0.01254	0.11363	0.29995	0.03278	0.01850	0.08264	0.16759	0.08145	0.01196	0.07898	0.02423	0.03572	0.00842	0.00504	0.00468	0.00146	0.00655	0.00438	0.00282	0.00669
5	0.00657	0.00487	0.00610	0.00675	0.00743	0.00474	0.00472	0.02570	0.04712	0.01308	0.04305	0.56713	0.10768	0.05776	0.04173	0.00227	0.00343	0.04137	0.00432	0.00417
6	0.01093	0.03591	0.15359	0.04283	0.08225	0.06138	0.15431	0.04682	0.17429	0.01631	0.05745	0.09194	0.01354	0.00644	0.00506	0.00158	0.00564	0.02996	0.00334	0.00643
7	0.01136	0.01029	0.10099	0.03066	0.05967	0.05338	0.02669	0.04983	0.08076	0.13513	0.08555	0.13695	0.06972	0.05096	0.00658	0.00178	0.03405	0.04573	0.00400	0.00591
8	0.01124	0.11639	0.38297	0.01565	0.15317	0.03210	0.08344	0.03773	0.01083	0.03946	0.02290	0.01173	0.02377	0.00485	0.00492	0.00146	0.03408	0.00402	0.00244	0.00684
9	0.01080	0.01203	0.05512	0.11036	0.14346	0.14625	0.14228	0.01327	0.01047	0.01339	0.05020	0.05058	0.01096	0.03825	0.12940	0.00257	0.04723	0.00511	0.00262	0.00565
10	0.05357	0.04761	0.26026	0.01377	0.08106	0.09602	0.09701	0.04305	0.07998	0.03177	0.02954	0.01259	0.02291	0.00621	0.02807	0.00170	0.08135	0.00426	0.00276	0.00649
11	0.03550	0.01401	0.16192	0.07298	0.05296	0.12532	0.04523	0.12057	0.05660	0.10662	0.02869	0.07318	0.05555	0.00630	0.00479	0.00150	0.00560	0.00519	0.02104	0.00645
12	0.00674	0.00450	0.00580	0.00644	0.00696	0.00422	0.00434	0.00759	0.00922	0.04827	0.04373	0.58706	0.07693	0.12833	0.03417	0.00245	0.00337	0.01166	0.00425	0.00398
13	0.01160	0.01443	0.16375	0.06639	0.13678	0.05272	0.29752	0.04266	0.01114	0.03862	0.00984	0.01344	0.00785	0.00509	0.00603	0.00160	0.07694	0.03451	0.00256	0.00654
14	0.02679	0.05739	0.23894	0.01067	0.03062	0.06738	0.04887	0.06554	0.06317	0.08587	0.03179	0.11448	0.12386	0.00725	0.00490	0.00153	0.00517	0.00606	0.00350	0.00619
15	0.01309	0.03340	0.06104	0.01833	0.30664	0.10481	0.09787	0.09007	0.04023	0.07663	0.01257	0.06849	0.02808	0.00576	0.00490	0.00148	0.00583	0.02074	0.00318	0.00685
16	0.00706	0.00567	0.00661	0.00688	0.00774	0.04265	0.00507	0.00837	0.00957	0.01272	0.07116	0.29263	0.15486	0.05030	0.19213	0.00322	0.02724	0.04251	0.04945	0.00416

[dist]
# distance from previous block
# <min> <max>
9	43

[block]
# block no. 4 follows, 53 sequences, length 89
# corresponding to MSA columns:
# 1165-1207,1212-1257
name=unknown_E
#
# <colnr> <probs for GDERKNQSTAVLIFYWHMCP>
#	G	D	E	R	K	N	Q	S	T	A	V	L	I	F	Y	W	H	M	C	P
0	0.01087	0.10620	0.20378	0.04122	0.15222	0.04830	0.12185	0.01436	0.03509	0.02591	0.01183	0.03549	0.02580	0.00603	0.00560	0.00157	0.06087	0.08401	0.00267	0.00633
1	0.00718	0.04125	0.10628	0.00765	0.00922	0.02671	0.01530	0.00893	0.01024	0.01381	0.17544	0.45193	0.04752	0.04792	0.00644	0.00185	0.00358	0.01017	0.00406	0.00452
2	0.02475	0.04861	0.33796	0.14451	0.02086	0.06858	0.13023	0.04433	0.02706	0.01518	0.02825	0.01222	0.02078	0.00482	0.00465	0.00146	0.00655	0.00416	0.01411	0.04092
