[name]
unknown

[dist]
# distance from previous block
# <min> <max>
2	51

[block]
# block no. 0 follows, 54 sequences, length 6
# corresponding to MSA columns:
# 62-67
name=unknown_A
#
# <colnr> <probs for GDERKNQSTAVLIFYWHMCP>
#	G	D	E	R	K	N	Q	S	T	A	V	L	I	F	Y	W	H	M	C	P
0	0.01267	0.36702	0.11626	0.01167	0.01577	0.08798	0.17056	0.01517	0.01051	0.07128	0.00903	0.01129	0.00744	0.00542	0.02433	0.00146	0.02761	0.02585	0.00249	0.00620
1	0.01031	0.39345	0.15887	0.00858	0.01204	0.01268	0.00863	0.04196	0.01006	0.01312	0.08317	0.06448	0.01258	0.06946	0.08009	0.00208	0.00565	0.00454	0.00266	0.00560
2	0.00724	0.03881	0.08142	0.00789	0.00941	0.00662	0.00680	0.00925	0.00849	0.01208	0.08576	0.02087	0.01494	0.07115	0.56120	0.00583	0.01010	0.03485	0.00279	0.00449
3	0.01263	0.28332	0.16855	0.05875	0.01526	0.07334	0.01044	0.13349	0.01184	0.03519	0.04536	0.01082	0.00831	0.00530	0.00547	0.00138	0.10790	0.00364	0.00271	0.00630
4	0.00758	0.00669	0.02531	0.00710	0.00779	0.05588	0.00519	0.00851	0.00867	0.01140	0.06583	0.18057	0.08446	0.29728	0.11040	0.00342	0.08122	0.02549	0.00329	0.00390
5	0.01096	0.22233	0.16229	0.00874	0.01174	0.07877	0.00830	0.01291	0.00951	0.08446	0.01156	0.06043	0.01085	0.16943	0.11571	0.00277	0.00639	0.00472	0.00276	0.00537

[dist]
# distance from previous block
# <min> <max>
0	7

[block]
# block no. 1 follows, 54 sequences, length 6
# corresponding to MSA columns:
# 75-80
name=unknown_B
#
# <colnr> <probs for GDERKNQSTAVLIFYWHMCP>
#	G	D	E	R	K	N	Q	S	T	A	V	L	I	F	Y	W	H	M	C	P
0	0.05148	0.39643	0.19049	0.01028	0.01467	0.01403	0.07997	0.01528	0.04909	0.07499	0.00915	0.01033	0.00727	0.00619	0.05040	0.00163	0.00594	0.00346	0.00255	0.00635
1	0.14151	0.07921	0.03314	0.07498	0.07275	0.34451	0.03922	0.01607	0.01133	0.06585	0.01040	0.01163	0.05054	0.00516	0.00445	0.00135	0.02569	0.00373	0.00275	0.00574
2	0.01078	0.38323	0.18050	0.00921	0.01281	0.07915	0.00929	0.01301	0.00947	0.01184	0.00931	0.04752	0.00867	0.05067	0.14339	0.00246	0.00689	0.00389	0.00228	0.00562
3	0.01171	0.41456	0.23910	0.00982	0.01411	0.09136	0.01032	0.01495	0.06150	0.01262	0.00863	0.01078	0.00744	0.06879	0.00529	0.00148	0.00579	0.00336	0.00230	0.00609
4	0.00960	0.22810	0.09759	0.00843	0.01115	0.01038	0.00779	0.07513	0.00986	0.01328	0.01203	0.04585	0.03009	0.03771	0.31997	0.00380	0.00796	0.02483	0.00270	0.04375
5	0.01038	0.37976	0.17585	0.07610	0.01429	0.01259	0.00954	0.01277	0.00987	0.03749	0.03310	0.13163	0.03414	0.00653	0.00423	0.00137	0.00499	0.03691	0.00273	0.00574

[dist]
# distance from previous block
# <min> <max>
0	13

[block]
# block no. 2 follows, 54 sequences, length 20
# corresponding to MSA columns:
# 97-116
name=unknown_C
#
# <colnr> <probs for GDERKNQSTAVLIFYWHMCP>
#	G	D	E	R	K	N	Q	S	T	A	V	L	I	F	Y	W	H	M	C	P
0	0.02503	0.15913	0.25681	0.02757	0.01566	0.01095	0.09511	0.04482	0.01064	0.06359	0.04133	0.01355	0.04946	0.00683	0.05210	0.00170	0.02028	0.00420	0.00277	0.09847
1	0.10288	0.17307	0.20334	0.03567	0.01451	0.12977	0.00979	0.01477	0.04688	0.01441	0.00847	0.02497	0.00699	0.00466	0.00420	0.00124	0.03019	0.00332	0.00249	0.16837
2	0.01154	0.12382	0.06439	0.07348	0.01713	0.03040	0.23921	0.01425	0.01078	0.10179	0.08058	0.01541	0.01146	0.02533	0.00576	0.00150	0.04924	0.02916	0.00302	0.09176
3	0.01083	0.44996	0.17944	0.00945	0.01340	0.03807	0.03646	0.01326	0.00980	0.01250	0.05508	0.03941	0.00983	0.00833	0.09397	0.00192	0.00623	0.00384	0.00236	0.00585
4	0.03825	0.33740	0.37951	0.08516	0.01773	0.04179	0.01272	0.01445	0.00982	0.01326	0.00761	0.00914	0.00601	0.00434	0.00388	0.00130	0.00611	0.00313	0.00206	0.00634
5	0.01745	0.06182	0.01466	0.01071	0.01442	0.04687	0.00888	0.69487	0.03930	0.02766	0.01106	0.01113	0.00798	0.00555	0.00460	0.00139	0.00528	0.00412	0.00447	0.00779
6	0.01240	0.60387	0.18289	0.00942	0.01399	0.03669	0.01004	0.05985	0.01049	0.01297	0.00724	0.00829	0.00615	0.00424	0.00345	0.00114	0.00553	0.00283	0.00218	0.00634
7	0.00946	0.02439	0.80987	0.01344	0.02041	0.01095	0.01742	0.01493	0.00995	0.01493	0.00846	0.00995	0.00597	0.00448	0.00448	0.00149	0.00697	0.00348	0.00199	0.00697
8	0.01261	0.83713	0.02471	0.00807	0.01210	0.01866	0.00807	0.01412	0.00958	0.01109	0.00656	0.00756	0.00605	0.00403	0.00303	0.00101	0.00504	0.00252	0.00202	0.00605
9	0.01173	0.01013	0.01066	0.00960	0.01226	0.01173	0.00746	0.02505	0.79636	0.01972	0.01919	0.01759	0.01439	0.00640	0.00480	0.00160	0.00373	0.00533	0.00480	0.00746
10	0.01009	0.18906	0.65079	0.01235	0.01872	0.01251	0.01553	0.01477	0.00988	0.01415	0.00808	0.00947	0.00599	0.00439	0.00418	0.00139	0.00658	0.00329	0.00200	0.00678
11	0.01067	0.33805	0.50685	0.01137	0.01720	0.01392	0.01381	0.01462	0.00981	0.01345	0.00773	0.00903	0.00600	0.00431	0.00392	0.00131	0.00623	0.00311	0.00200	0.00661
12	0.02115	0.00802	0.01094	0.00839	0.01204	0.00693	0.00693	0.02298	0.01350	0.80815	0.01860	0.01605	0.01167	0.00584	0.00474	0.00146	0.00401	0.00474	0.00584	0.00802
13	0.01792	0.01321	0.01415	0.01085	0.01462	0.01462	0.00896	0.78916	0.02217	0.02972	0.01132	0.01132	0.00802	0.00566	0.00472	0.00142	0.00519	0.00425	0.00472	0.00802
14	0.00946	0.02439	0.80987	0.01344	0.02041	0.01095	0.01742	0.01493	0.00995	0.01493	0.00846	0.00995	0.00597	0.00448	0.00448	0.00149	0.00697	0.00348	0.00199	0.00697
15	0.01264	0.01033	0.01101	0.00962	0.01247	0.01173	0.00756	0.10278	0.67237	0.04775	0.01812	0.01672	0.01348	0.00624	0.00476	0.00156	0.00388	0.00514	0.00478	0.02707
16	0.01112	0.45280	0.39600	0.01061	0.01603	0.01501	0.01249	0.01450	0.00976	0.01291	0.00746	0.00869	0.00601	0.00424	0.00371	0.00124	0.00595	0.00298	0.00200	0.00648
17	0.00810	0.00666	0.00749	0.02623	0.00921	0.04649	0.00587	0.01141	0.14189	0.01345	0.04116	0.17382	0.09270	0.14432	0.07443	0.00272	0.00469	0.18085	0.00392	0.00457
18	0.45867	0.00888	0.00964	0.24008	0.01627	0.00993	0.00756	0.03169	0.00906	0.01779	0.00750	0.00951	0.00583	0.00436	0.00357	0.00136	0.00441	0.00310	0.00271	0.14807
19	0.01265	0.01266	0.02834	0.16928	0.33152	0.15344	0.01190	0.08543	0.01174	0.03131	0.00891	0.01142	0.00719	0.00583	0.03321	0.00163	0.04469	0.00398	0.00260	0.03227

[dist]
# distance from previous block
# <min> <max>
1	32

[block]
# block no. 3 follows, 54 sequences, length 46
# corresponding to MSA columns:
# 149-194
name=unknown_D
#
# <colnr> <probs for GDERKNQSTAVLIFYWHMCP>
#	G	D	E	R	K	N	Q	S	T	A	V	L	I	F	Y	W	H	M	C	P
0	0.01064	0.02154	0.62075	0.01288	0.02795	0.02976	0.01530	0.09192	0.04562	0.01648	0.00915	0.01041	0.00661	0.00472	0.00468	0.00146	0.02186	0.00362	0.00243	0.04223
1	0.00998	0.00967	0.00976	0.00853	0.01068	0.15589	0.02184	0.01256	0.06331	0.01403	0.13075	0.02893	0.01474	0.01445	0.24047	0.00305	0.03116	0.00479	0.00314	0.21227
2	0.01024	0.00864	0.01048	0.01020	0.06436	0.00946	0.00740	0.07381	0.28616	0.01687	0.04175	0.18003	0.01634	0.00852	0.01967	0.00169	0.09371	0.02905	0.00397	0.10766
3	0.01015	0.11579	0.63650	0.01229	0.01862	0.01165	0.01524	0.04352	0.01036	0.01507	0.00834	0.00972	0.00613	0.00441	0.00426	0.00138	0.00645	0.00336	0.00215	0.06462
4	0.00654	0.00519	0.00571	0.00571	0.00709	0.00470	0.00421	0.05965	0.01134	0.01426	0.10677	0.22573	0.50223	0.01198	0.00562	0.00165	0.00264	0.01025	0.00447	0.00426
5	0.01167	0.01120	0.01914	0.02894	0.80488	0.01120	0.01447	0.01447	0.01074	0.01540	0.00887	0.01167	0.00747	0.00420	0.00467	0.00140	0.00560	0.00420	0.00233	0.00747
6	0.01006	0.18099	0.65858	0.01240	0.01881	0.01244	0.01562	0.01478	0.00988	0.01419	0.00809	0.00949	0.00599	0.00439	0.00420	0.00140	0.00660	0.00330	0.00200	0.00679
7	0.01096	0.01245	0.02713	0.01946	0.02409	0.01167	0.76342	0.01484	0.01106	0.01501	0.01005	0.03815	0.00790	0.00431	0.00558	0.00160	0.00779	0.00581	0.00245	0.00628
8	0.00682	0.00511	0.00653	0.00704	0.00826	0.00481	0.00584	0.00870	0.01124	0.01454	0.17073	0.06246	0.25001	0.01214	0.00607	0.00188	0.00338	0.40567	0.00450	0.00425
9	0.00674	0.00505	0.00758	0.00758	0.00842	0.00589	0.00589	0.00842	0.00758	0.01095	0.01263	0.01852	0.01179	0.03536	0.81561	0.00758	0.01263	0.00505	0.00253	0.00421
10	0.01096	0.01234	0.02632	0.01898	0.02330	0.01190	0.71468	0.01463	0.01075	0.01469	0.00945	0.01303	0.00735	0.02613	0.00672	0.00170	0.06298	0.00550	0.00238	0.00619
11	0.01161	0.53686	0.16548	0.00984	0.01366	0.01648	0.01018	0.01375	0.00921	0.01184	0.00683	0.00851	0.00606	0.00489	0.00559	0.00129	0.15684	0.00299	0.00202	0.00605
12	0.01180	0.01145	0.01901	0.02857	0.78729	0.02910	0.01435	0.01457	0.01079	0.01532	0.00883	0.01160	0.00744	0.00422	0.00466	0.00140	0.00567	0.00418	0.00234	0.00742
13	0.00596	0.00439	0.00589	0.00684	0.00710	0.00433	0.00466	0.00679	0.00894	0.01200	0.02506	0.79276	0.03001	0.01447	0.00646	0.00192	0.04129	0.01297	0.00427	0.00389
14	0.04039	0.00973	0.01110	0.04756	0.04526	0.11305	0.00746	0.01972	0.01276	0.52809	0.06301	0.03451	0.01289	0.02640	0.00518	0.00152	0.00464	0.00489	0.00485	0.00702
15	0.02633	0.01448	0.01182	0.01028	0.01289	0.29427	0.00798	0.27968	0.10532	0.01895	0.01441	0.10703	0.04948	0.00691	0.00476	0.00144	0.00574	0.01810	0.00384	0.00628
16	0.00593	0.00420	0.00550	0.00641	0.00667	0.00401	0.00423	0.00667	0.00868	0.01160	0.02397	0.69149	0.02854	0.12756	0.03869	0.00249	0.00336	0.01220	0.00410	0.00371
17	0.01224	0.01271	0.01834	0.09218	0.54600	0.13019	0.06788	0.01487	0.01094	0.01442	0.00857	0.01131	0.00710	0.00444	0.00497	0.00142	0.02912	0.00412	0.00232	0.00684
18	0.01201	0.01087	0.01734	0.04894	0.60770	0.01119	0.01296	0.11836	0.01197	0.01686	0.00950	0.01223	0.00787	0.00704	0.07293	0.00193	0.00616	0.00428	0.00266	0.00720
19	0.01115	0.01235	0.02573	0.02061	0.13063	0.01199	0.62949	0.01476	0.01081	0.01489	0.00922	0.01241	0.00713	0.00429	0.00611	0.00160	0.06275	0.00528	0.00236	0.00643
20	0.00627	0.00458	0.00622	0.04634	0.00845	0.00448	0.00513	0.02197	0.00943	0.01253	0.02478	0.71743	0.02923	0.01398	0.00597	0.00191	0.00307	0.06994	0.00427	0.00402
21	0.01129	0.03770	0.17289	0.01825	0.07531	0.01191	0.51428	0.04419	0.02678	0.02632	0.00959	0.01207	0.00716	0.00422	0.00517	0.00153	0.00729	0.00493	0.00248	0.00665
22	0.01082	0.01487	0.17215	0.01869	0.02386	0.01174	0.64559	0.01507	0.01091	0.01507	0.00934	0.01221	0.00694	0.00407	0.00536	0.00157	0.00777	0.00518	0.00231	0.00647
23	0.00574	0.00410	0.00547	0.00657	0.00684	0.00383	0.00438	0.00657	0.00903	0.01204	0.02599	0.83122	0.03119	0.01477	0.00602	0.00191	0.00274	0.01340	0.00438	0.00383
24	0.03204	0.01278	0.12714	0.01994	0.41088	0.07378	0.02844	0.02454	0.01059	0.01473	0.01144	0.10262	0.01086	0.00621	0.00535	0.00154	0.04404	0.05394	0.00268	0.00646
25	0.01210	0.57294	0.07337	0.00983	0.01370	0.05633	0.08518	0.02845	0.01009	0.01217	0.00837	0.06269	0.00785	0.00494	0.00395	0.00120	0.02487	0.00370	0.00228	0.00598
26	0.61396	0.00964	0.01892	0.00705	0.00952	0.06972	0.00567	0.03040	0.00891	0.01884	0.00988	0.14091	0.00949	0.00621	0.00387	0.00153	0.02289	0.00443	0.00312	0.00502
27	0.01112	0.00922	0.01025	0.00899	0.01148	0.01022	0.02854	0.10552	0.49728	0.01977	0.10046	0.03926	0.08639	0.00723	0.00494	0.00156	0.00367	0.00610	0.03130	0.00670
28	0.00999	0.00950	0.01321	0.01146	0.01177	0.01293	0.00947	0.04281	0.00790	0.01203	0.00755	0.01182	0.00726	0.01297	0.15738	0.00302	0.64729	0.00430	0.00225	0.00511
29	0.08501	0.00863	0.00992	0.00754	0.01110	0.00766	0.00607	0.04439	0.03415	0.03122	0.00911	0.02001	0.00760	0.00550	0.03677	0.00121	0.05636	0.00325	0.00296	0.61155
30	0.01021	0.21859	0.62225	0.01216	0.01842	0.01279	0.01519	0.01474	0.00987	0.01401	0.00801	0.00938	0.00599	0.00437	0.00413	0.00138	0.00651	0.00325	0.00200	0.00675
31	0.00673	0.00498	0.00728	0.00730	0.00804	0.00571	0.00554	0.00822	0.00753	0.01077	0.01313	0.03573	0.01274	0.12013	0.71539	0.00715	0.01158	0.00541	0.00260	0.00406
32	0.01121	0.01227	0.00905	0.00887	0.01037	0.34550	0.00649	0.01302	0.05390	0.01277	0.04764	0.30283	0.08801	0.00940	0.00508	0.00154	0.00518	0.02238	0.02974	0.00478
33	0.00982	0.00930	0.01565	0.55978	0.27421	0.01073	0.01343	0.01304	0.02370	0.01323	0.00872	0.01238	0.00680	0.00458	0.00470	0.00152	0.00603	0.00421	0.00222	0.00598
34	0.00997	0.00945	0.01600	0.47308	0.35255	0.01061	0.01345	0.01292	0.00996	0.01344	0.00902	0.03245	0.00739	0.00475	0.00473	0.00151	0.00591	0.00442	0.00225	0.00613
35	0.00653	0.00508	0.00619	0.00648	0.00721	0.02450	0.00461	0.00790	0.01075	0.01452	0.31182	0.41545	0.09398	0.02919	0.00644	0.00177	0.02827	0.01066	0.00452	0.00413
36	0.01136	0.01077	0.01829	0.09223	0.71818	0.01094	0.01402	0.01417	0.01060	0.01520	0.00903	0.01192	0.00751	0.00428	0.00463	0.00140	0.00555	0.00421	0.02851	0.00719
37	0.01049	0.00993	0.01655	0.30397	0.47015	0.01051	0.01323	0.01334	0.01022	0.01419	0.00925	0.01236	0.01888	0.00445	0.00462	0.00142	0.00565	0.00419	0.00231	0.06432
38	0.00574	0.00410	0.00547	0.00657	0.00684	0.00383	0.00438	0.00657	0.00903	0.01204	0.02599	0.83122	0.03119	0.01477	0.00602	0.00191	0.00274	0.01340	0.00438	0.00383
39	0.01013	0.13669	0.67789	0.01266	0.01909	0.03568	0.01588	0.01493	0.01000	0.01430	0.00816	0.00958	0.00599	0.00443	0.00427	0.00142	0.00675	0.00334	0.00201	0.00680
40	0.01235	0.01075	0.03723	0.01133	0.01389	0.08489	0.14821	0.08895	0.06566	0.12447	0.03064	0.07925	0.04950	0.01030	0.10323	0.00232	0.11187	0.00565	0.00353	0.00600
41	0.01120	0.01194	0.04375	0.01854	0.07494	0.01092	0.60529	0.01480	0.01117	0.05453	0.02664	0.03330	0.02570	0.00488	0.00548	0.00159	0.00712	0.02913	0.00274	0.00633
42	0.00651	0.00474	0.00677	0.00707	0.00770	0.00521	0.00522	0.00784	0.00797	0.01124	0.01652	0.24376	0.01752	0.08500	0.52272	0.00569	0.00915	0.00747	0.01788	0.00401
43	0.01130	0.01164	0.04150	0.13382	0.52876	0.04252	0.05472	0.01406	0.01032	0.01438	0.00851	0.01155	0.00707	0.00468	0.00574	0.00149	0.08470	0.00420	0.00227	0.00679
44	0.00974	0.09806	0.73869	0.01295	0.01965	0.01165	0.01657	0.01486	0.00992	0.01458	0.00829	0.00974	0.00598	0.00444	0.00435	0.00145	0.00679	0.00340	0.00199	0.00689
45	0.00890	0.00838	0.01414	0.82296	0.03247	0.01048	0.01309	0.01205	0.00943	0.01205	0.00838	0.01257	0.00629	0.00471	0.00471	0.00157	0.00629	0.00419	0.00210	0.00524

[dist]
# distance from previous block
# <min> <max>
0	1

[block]
# block no. 4 follows, 54 sequences, length 7
# corresponding to MSA columns:
# 196-202
name=unknown_E
#
# <colnr> <probs for GDERKNQSTAVLIFYWHMCP>
#	G	D	E	R	K	N	Q	S	T	A	V	L	I	F	Y	W	H	M	C	P
0	0.00646	0.00534	0.00631	0.06349	0.00889	0.04053	0.00506	0.00753	0.00955	0.01214	0.02776	0.59894	0.16428	0.01313	0.00577	0.00180	0.00318	0.01169	0.00413	0.00403
1	0.00973	0.01017	0.06595	0.56923	0.10276	0.01095	0.05557	0.03373	0.04340	0.01349	0.00896	0.01243	0.00681	0.00482	0.00510	0.00156	0.03296	0.00427	0.00231	0.00579
2	0.00611	0.00443	0.00583	0.00671	0.00729	0.00415	0.00484	0.00730	0.00984	0.01303	0.09551	0.57416	0.09251	0.01382	0.00602	0.00189	0.00292	0.13521	0.00444	0.00398
3	0.01761	0.02247	0.01336	0.01215	0.01458	0.81537	0.00911	0.01883	0.01336	0.01154	0.00729	0.00850	0.00607	0.00486	0.00425	0.00121	0.00850	0.00304	0.00243	0.00547
4	0.02525	0.03636	0.15136	0.05193	0.09438	0.06485	0.03041	0.05943	0.06520	0.04194	0.09086	0.02299	0.23136	0.00723	0.00490	0.00148	0.00470	0.00603	0.00352	0.00583
5	0.00780	0.00569	0.00637	0.00610	0.00780	0.00526	0.00469	0.05201	0.04993	0.06536	0.11532	0.10842	0.47706	0.01102	0.00553	0.00163	0.00285	0.05789	0.00459	0.00469
6	0.06341	0.00643	0.00833	0.00776	0.00887	0.00735	0.00599	0.10134	0.00915	0.01336	0.01222	0.01701	0.04002	0.04596	0.41188	0.16587	0.06315	0.00479	0.00277	0.00433

[dist]
# distance from previous block
# <min> <max>
0	4

[block]
# block no. 5 follows, 54 sequences, length 59
# corresponding to MSA columns:
# 207-265
name=unknown_F
#
# <colnr> <probs for GDERKNQSTAVLIFYWHMCP>
#	G	D	E	R	K	N	Q	S	T	A	V	L	I	F	Y	W	H	M	C	P
0	0.00934	0.00869	0.01454	0.55294	0.21314	0.01005	0.01256	0.01231	0.01013	0.01353	0.08788	0.01462	0.01039	0.00508	0.00479	0.00152	0.00572	0.00463	0.00246	0.00569
1	0.01260	0.45831	0.24688	0.05056	0.01549	0.01456	0.01085	0.01537	0.01017	0.11306	0.00872	0.00957	0.00675	0.00442	0.00374	0.00123	0.00553	0.00316	0.00250	0.00652
2	0.00756	0.00623	0.00902	0.00855	0.00915	0.00778	0.00674	0.00901	0.00746	0.01094	0.01127	0.01731	0.01079	0.07244	0.58897	0.00615	0.19888	0.00494	0.00244	0.00435
3	0.00721	0.00665	0.05738	0.02350	0.01037	0.00571	0.06153	0.02464	0.02346	0.01343	0.02277	0.48592	0.02573	0.01244	0.00594	0.00191	0.00389	0.19897	0.00405	0.00450
4	0.00849	0.00728	0.00966	0.13833	0.06522	0.00782	0.01887	0.04530	0.13001	0.01502	0.09162	0.02776	0.25334	0.01110	0.08452	0.00219	0.02704	0.04741	0.00375	0.00526
5	0.01108	0.22377	0.53661	0.01185	0.01778	0.01322	0.01427	0.09214	0.01108	0.01546	0.00828	0.00950	0.00620	0.00449	0.00414	0.00137	0.00632	0.00332	0.00227	0.00685
6	0.04493	0.00481	0.00562	0.02707	0.00704	0.00485	0.00418	0.01765	0.00965	0.01535	0.11754	0.10668	0.05582	0.00991	0.03083	0.14036	0.00309	0.00604	0.38455	0.00403
7	0.00772	0.00563	0.00696	0.00653	0.00795	0.00547	0.00501	0.01129	0.11363	0.04208	0.58404	0.03402	0.09415	0.00945	0.00549	0.00154	0.00259	0.04650	0.00506	0.00490
8	0.00975	0.08330	0.72885	0.01351	0.04333	0.01152	0.01665	0.01486	0.00995	0.01467	0.00833	0.00983	0.00602	0.00444	0.00438	0.00146	0.00679	0.00344	0.00200	0.00692
9	0.00967	0.00917	0.01553	0.60217	0.24726	0.01068	0.01348	0.01272	0.00979	0.01298	0.00852	0.01232	0.00661	0.00457	0.00470	0.00152	0.00610	0.00419	0.00216	0.00586
10	0.01188	0.64978	0.20570	0.00931	0.01402	0.01688	0.01022	0.01431	0.00967	0.01198	0.00699	0.00811	0.00603	0.00414	0.00336	0.00112	0.00549	0.00274	0.00201	0.00626
11	0.00676	0.00495	0.00708	0.00708	0.00775	0.00562	0.00527	0.00810	0.00743	0.01058	0.01308	0.02105	0.01288	0.19878	0.65369	0.00696	0.01098	0.00542	0.00259	0.00393
12	0.00818	0.00556	0.00673	0.00636	0.02135	0.00490	0.02037	0.00992	0.02472	0.11737	0.17424	0.05090	0.47879	0.02713	0.00583	0.00163	0.00285	0.02380	0.00461	0.00474
13	0.01058	0.00745	0.00967	0.00892	0.02351	0.05296	0.06880	0.06931	0.01146	0.14446	0.06005	0.35629	0.05639	0.01161	0.05068	0.00200	0.00448	0.03064	0.01546	0.00527
14	0.00991	0.14062	0.69758	0.01267	0.01922	0.01205	0.01608	0.01482	0.00990	0.01438	0.00819	0.00961	0.00598	0.00442	0.00427	0.00142	0.00669	0.00335	0.00199	0.00684
15	0.01079	0.01020	0.01741	0.07007	0.59681	0.01025	0.05272	0.01354	0.01070	0.01496	0.01208	0.01804	0.03374	0.00557	0.00498	0.00152	0.00550	0.10171	0.00264	0.00679
16	0.01165	0.01122	0.01889	0.11129	0.57521	0.02457	0.09113	0.05315	0.01126	0.01564	0.00931	0.01265	0.00772	0.00450	0.00480	0.00145	0.00591	0.02013	0.00248	0.00705
17	0.02037	0.00821	0.01089	0.00844	0.01199	0.00734	0.00694	0.04832	0.04739	0.73111	0.01831	0.01599	0.01168	0.00585	0.00471	0.00146	0.00400	0.00474	0.02434	0.00792
18	0.02115	0.00802	0.01094	0.00839	0.01204	0.00693	0.00693	0.02298	0.01350	0.80815	0.01860	0.01605	0.01167	0.00584	0.00474	0.00146	0.00401	0.00474	0.00584	0.00802
19	0.06328	0.02252	0.01315	0.01146	0.09193	0.00855	0.10038	0.07204	0.03100	0.36199	0.14039	0.03386	0.01569	0.00613	0.00486	0.00147	0.00440	0.00538	0.00461	0.00691
20	0.01212	0.01219	0.01831	0.06740	0.68682	0.09157	0.01386	0.01478	0.01093	0.01485	0.00869	0.01140	0.00727	0.00429	0.00463	0.00139	0.00593	0.00408	0.00233	0.00716
21	0.00987	0.09491	0.64208	0.01322	0.03719	0.01199	0.01581	0.01449	0.00967	0.01424	0.00807	0.00982	0.00604	0.00481	0.00545	0.00150	0.08862	0.00348	0.00201	0.00672
22	0.00665	0.00464	0.00591	0.00608	0.00637	0.00484	0.00399	0.00727	0.00741	0.01012	0.01594	0.15216	0.01776	0.47150	0.25391	0.00504	0.00665	0.00735	0.00300	0.00341
23	0.01021	0.20000	0.60608	0.01255	0.01879	0.01266	0.04854	0.01476	0.00992	0.01411	0.00809	0.00956	0.00604	0.00436	0.00421	0.00139	0.00659	0.00336	0.00201	0.00674
24	0.00972	0.04781	0.70792	0.01392	0.02058	0.01128	0.09416	0.01492	0.01006	0.01483	0.00851	0.01016	0.00609	0.00442	0.00454	0.00149	0.00701	0.00366	0.00203	0.00688
25	0.01153	0.01142	0.03745	0.05502	0.76083	0.01117	0.01449	0.01440	0.01067	0.01528	0.00884	0.01166	0.00739	0.00422	0.00467	0.00141	0.00566	0.00418	0.00232	0.00738
26	0.01120	0.01055	0.01774	0.02499	0.63527	0.01051	0.05195	0.03953	0.01122	0.01577	0.03428	0.01628	0.04408	0.00525	0.00489	0.00147	0.00540	0.04991	0.00270	0.00701
27	0.00810	0.00610	0.00686	0.00629	0.00806	0.00579	0.00491	0.11979	0.01322	0.03309	0.26504	0.03736	0.40213	0.01030	0.00549	0.00157	0.00289	0.05353	0.00470	0.00480
28	0.01121	0.47659	0.37301	0.01045	0.01579	0.01524	0.01222	0.01448	0.00975	0.01280	0.00740	0.00862	0.00602	0.00423	0.00367	0.00122	0.00590	0.00295	0.00201	0.00646
29	0.00634	0.00471	0.00599	0.00687	0.00738	0.00462	0.00469	0.00841	0.08775	0.01280	0.02531	0.74987	0.02951	0.01393	0.00590	0.00188	0.00284	0.01260	0.00442	0.00419
30	0.01045	0.00985	0.01664	0.20648	0.55021	0.01030	0.01315	0.01313	0.01027	0.01431	0.01047	0.09381	0.00957	0.00537	0.00481	0.00149	0.00547	0.00512	0.00248	0.00660
31	0.01072	0.11909	0.58910	0.01313	0.01933	0.01172	0.09268	0.01535	0.01024	0.06313	0.00896	0.01032	0.00645	0.00446	0.00443	0.00144	0.00666	0.00365	0.00227	0.00686
32	0.01624	0.01946	0.01358	0.01346	0.09326	0.61187	0.00945	0.04505	0.08953	0.01340	0.00913	0.01077	0.00755	0.00515	0.00441	0.00130	0.00755	0.02017	0.00277	0.00592
33	0.00592	0.00429	0.00563	0.00663	0.00709	0.00400	0.00463	0.00690	0.00935	0.01230	0.02764	0.69011	0.09296	0.01437	0.00603	0.00191	0.00287	0.08909	0.00437	0.00389
34	0.00578	0.00448	0.00519	0.00564	0.00655	0.00398	0.00394	0.00682	0.00998	0.01265	0.08507	0.38198	0.38300	0.05430	0.00669	0.00187	0.00264	0.01119	0.00435	0.00389
35	0.03492	0.09411	0.01493	0.01075	0.01398	0.06391	0.08993	0.21152	0.16404	0.14916	0.01388	0.01389	0.03632	0.00580	0.00534	0.00147	0.06046	0.00457	0.00402	0.00698
36	0.01218	0.66898	0.10682	0.01072	0.09224	0.01710	0.00969	0.01424	0.00974	0.01193	0.00699	0.00823	0.00618	0.00410	0.00334	0.00110	0.00530	0.00279	0.00205	0.00629
37	0.00684	0.00481	0.00635	0.00713	0.00769	0.00475	0.00540	0.00805	0.00921	0.01215	0.02237	0.27608	0.02539	0.22258	0.03226	0.00285	0.00415	0.33421	0.00393	0.00381
38	0.00919	0.04943	0.70329	0.01257	0.01877	0.01049	0.01581	0.01407	0.00985	0.01451	0.01015	0.09199	0.00850	0.00549	0.00459	0.00152	0.00648	0.00444	0.00223	0.00662
39	0.01091	0.39997	0.44704	0.01096	0.01657	0.01451	0.01310	0.01456	0.00978	0.01316	0.00758	0.00885	0.00601	0.00427	0.00381	0.00127	0.00608	0.00304	0.00200	0.00654
40	0.01191	0.01101	0.01794	0.13785	0.61817	0.01144	0.01373	0.09159	0.01170	0.01637	0.00905	0.01176	0.00736	0.00442	0.00468	0.00143	0.00566	0.00420	0.00254	0.00721
41	0.00976	0.00925	0.01569	0.57705	0.27170	0.01070	0.01352	0.01280	0.00983	0.01309	0.00853	0.01229	0.00665	0.00456	0.00470	0.00152	0.00607	0.00419	0.00217	0.00593
42	0.01105	0.01058	0.01803	0.20554	0.63309	0.01104	0.01416	0.01393	0.01045	0.01466	0.00876	0.01187	0.00721	0.00432	0.00468	0.00144	0.00575	0.00420	0.00228	0.00697
43	0.01050	0.00733	0.00899	0.00841	0.01032	0.03111	0.03627	0.05997	0.11701	0.11626	0.06798	0.12948	0.09969	0.00973	0.00548	0.00173	0.00391	0.22285	0.04753	0.00547
44	0.00570	0.00479	0.00499	0.00496	0.00649	0.00408	0.00373	0.00700	0.01089	0.01323	0.11371	0.04371	0.71308	0.01241	0.02871	0.00175	0.00267	0.00968	0.00440	0.00403
45	0.00950	0.02407	0.78856	0.01361	0.02052	0.01098	0.03840	0.01494	0.00999	0.01494	0.00849	0.01003	0.00601	0.00447	0.00451	0.00150	0.00700	0.00354	0.00200	0.00695
46	0.03256	0.01212	0.01197	0.00973	0.01296	0.14442	0.00786	0.28644	0.06037	0.28683	0.01410	0.01443	0.01006	0.00585	0.00462	0.00142	0.00508	0.03045	0.04149	0.00723
47	0.01048	0.28835	0.55486	0.01169	0.01771	0.01345	0.01438	0.01467	0.00983	0.01369	0.00784	0.00918	0.00600	0.00433	0.00401	0.00134	0.00634	0.00317	0.00200	0.00667
48	0.00882	0.00826	0.01391	0.80072	0.03178	0.01029	0.01286	0.01190	0.00942	0.01205	0.00886	0.03487	0.00696	0.00499	0.00475	0.00158	0.00619	0.00444	0.00216	0.00520
49	0.00904	0.00802	0.01074	0.00947	0.01049	0.03477	0.04752	0.03425	0.04865	0.01337	0.09509	0.01856	0.04043	0.06946	0.23848	0.00357	0.25804	0.00534	0.03983	0.00487
50	0.01638	0.01206	0.01253	0.01018	0.01349	0.06294	0.00820	0.38661	0.26815	0.13670	0.01463	0.01383	0.01046	0.00587	0.00472	0.00147	0.00476	0.00459	0.00476	0.00768
51	0.00691	0.00509	0.00672	0.00760	0.00865	0.00489	0.00632	0.00868	0.01054	0.01352	0.02944	0.17772	0.17444	0.01310	0.00625	0.00202	0.00371	0.50585	0.00435	0.00419
52	0.00946	0.02439	0.80987	0.01344	0.02041	0.01095	0.01742	0.01493	0.00995	0.01493	0.00846	0.00995	0.00597	0.00448	0.00448	0.00149	0.00697	0.00348	0.00199	0.00697
53	0.00574	0.00410	0.00547	0.00657	0.00684	0.00383	0.00438	0.00657	0.00903	0.01204	0.02599	0.83122	0.03119	0.01477	0.00602	0.00191	0.00274	0.01340	0.00438	0.00383
54	0.01320	0.01144	0.01133	0.00993	0.01258	0.08779	0.00777	0.14608	0.51612	0.04121	0.01678	0.05634	0.01313	0.00659	0.00508	0.00156	0.02617	0.00530	0.00449	0.00714
55	0.74909	0.01079	0.00784	0.00700	0.00988	0.10629	0.00566	0.03043	0.00895	0.02019	0.00675	0.00784	0.00528	0.00446	0.00311	0.00143	0.00426	0.00265	0.00290	0.00521
56	0.01261	0.83713	0.02471	0.00807	0.01210	0.01866	0.00807	0.01412	0.00958	0.01109	0.00656	0.00756	0.00605	0.00403	0.00303	0.00101	0.00504	0.00252	0.00202	0.00605
57	0.01747	0.01232	0.01333	0.01032	0.01391	0.01350	0.00849	0.67353	0.04736	0.08010	0.01227	0.01216	0.00868	0.00569	0.00465	0.00141	0.00491	0.00432	0.04776	0.00782
58	0.01021	0.00725	0.00887	0.00884	0.01072	0.00767	0.00736	0.01612	0.27891	0.09001	0.02312	0.03734	0.04574	0.01006	0.00573	0.00189	0.00404	0.41573	0.00464	0.00574

[dist]
# distance from previous block
# <min> <max>
1	4

[block]
# block no. 6 follows, 54 sequences, length 21
# corresponding to MSA columns:
# 281-297,299-302
name=unknown_G
#
# <colnr> <probs for GDERKNQSTAVLIFYWHMCP>
#	G	D	E	R	K	N	Q	S	T	A	V	L	I	F	Y	W	H	M	C	P
0	0.00852	0.00635	0.00743	0.00671	0.00842	0.00630	0.00516	0.08323	0.11457	0.03793	0.47352	0.03210	0.17293	0.00918	0.00537	0.00151	0.00277	0.00788	0.00497	0.00517
1	0.01167	0.01120	0.01914	0.02894	0.80488	0.01120	0.01447	0.01447	0.01074	0.01540	0.00887	0.01167	0.00747	0.00420	0.00467	0.00140	0.00560	0.00420	0.00233	0.00747
2	0.00998	0.00856	0.00987	0.00726	0.01129	0.00685	0.00578	0.01324	0.09156	0.01582	0.00950	0.01059	0.00775	0.00379	0.00363	0.00079	0.00352	0.00306	0.00300	0.77416
3	0.01080	0.00675	0.00829	0.00719	0.00934	0.00650	0.00560	0.01510	0.16781	0.18036	0.41151	0.02650	0.05392	0.00790	0.00511	0.00145	0.00298	0.00680	0.00506	0.06102
4	0.00762	0.00596	0.00729	0.00794	0.00912	0.03957	0.00667	0.00962	0.01128	0.01454	0.14592	0.06862	0.11021	0.01209	0.00616	0.00196	0.00395	0.52274	0.00440	0.00435
5	0.01172	0.01030	0.01200	0.01265	0.13754	0.01164	0.00857	0.02338	0.67219	0.01904	0.01756	0.01666	0.01330	0.00605	0.00478	0.00157	0.00403	0.00515	0.00441	0.00746
6	0.00890	0.00838	0.01414	0.82296	0.03247	0.01048	0.01309	0.01205	0.00943	0.01205	0.00838	0.01257	0.00629	0.00471	0.00471	0.00157	0.00629	0.00419	0.00210	0.00524
7	0.01059	0.01007	0.01666	0.05893	0.64578	0.01003	0.01269	0.01315	0.01068	0.01484	0.01500	0.01704	0.13316	0.00545	0.00481	0.00144	0.00512	0.00511	0.00265	0.00682
8	0.00574	0.00410	0.00547	0.00657	0.00684	0.00383	0.00438	0.00657	0.00903	0.01204	0.02599	0.83122	0.03119	0.01477	0.00602	0.00191	0.00274	0.01340	0.00438	0.00383
9	0.00890	0.00838	0.01414	0.82296	0.03247	0.01048	0.01309	0.01205	0.00943	0.01205	0.00838	0.01257	0.00629	0.00471	0.00471	0.00157	0.00629	0.00419	0.00210	0.00524
10	0.00890	0.00838	0.01414	0.82296	0.03247	0.01048	0.01309	0.01205	0.00943	0.01205	0.00838	0.01257	0.00629	0.00471	0.00471	0.00157	0.00629	0.00419	0.00210	0.00524
11	0.00890	0.00838	0.01414	0.82296	0.03247	0.01048	0.01309	0.01205	0.00943	0.01205	0.00838	0.01257	0.00629	0.00471	0.00471	0.00157	0.00629	0.00419	0.00210	0.00524
12	0.01158	0.00832	0.00996	0.00721	0.01131	0.00639	0.00580	0.01363	0.01036	0.14067	0.01000	0.01077	0.00772	0.00386	0.00369	0.00082	0.00357	0.00310	0.00327	0.72796
13	0.01717	0.02174	0.01343	0.01216	0.01444	0.76693	0.00918	0.01838	0.01299	0.01153	0.00722	0.00861	0.00608	0.00506	0.00493	0.00127	0.05792	0.00310	0.00241	0.00545
14	0.01142	0.53143	0.32003	0.01009	0.01523	0.01576	0.01159	0.01442	0.00972	0.01254	0.00727	0.00846	0.00602	0.00420	0.00357	0.00119	0.00577	0.00288	0.00201	0.00640
15	0.00978	0.00838	0.00978	0.00698	0.01117	0.00629	0.00559	0.01187	0.00978	0.01536	0.00838	0.00978	0.00698	0.00349	0.00349	0.00070	0.00349	0.00279	0.00279	0.86312
16	0.01163	0.00591	0.00776	0.00690	0.00888	0.00526	0.00541	0.01344	0.01247	0.29713	0.30365	0.11976	0.11824	0.00933	0.00538	0.00158	0.00306	0.05344	0.00518	0.00559
17	0.00978	0.00838	0.00978	0.00698	0.01117	0.00629	0.00559	0.01187	0.00978	0.01536	0.00838	0.00978	0.00698	0.00349	0.00349	0.00070	0.00349	0.00279	0.00279	0.86312
18	0.00986	0.01075	0.21773	0.00849	0.01163	0.00693	0.00840	0.01338	0.05931	0.14161	0.29346	0.06575	0.10058	0.00805	0.00515	0.00154	0.00393	0.02339	0.00429	0.00578
19	0.00988	0.00836	0.01169	0.01276	0.21850	0.00723	0.02307	0.01205	0.01052	0.04403	0.07990	0.06513	0.07328	0.00562	0.00437	0.00114	0.00391	0.00496	0.00320	0.40040
20	0.00927	0.01781	0.52201	0.01093	0.01618	0.00888	0.01296	0.01355	0.01085	0.04466	0.19123	0.01596	0.01512	0.00562	0.00465	0.00142	0.00545	0.00462	0.00294	0.08588

[dist]
# distance from previous block
# <min> <max>
5	11

[block]
# block no. 7 follows, 54 sequences, length 27
# corresponding to MSA columns:
# 314-340
name=unknown_H
#
# <colnr> <probs for GDERKNQSTAVLIFYWHMCP>
#	G	D	E	R	K	N	Q	S	T	A	V	L	I	F	Y	W	H	M	C	P
0	0.00896	0.00710	0.00838	0.00731	0.00977	0.00636	0.00550	0.01260	0.14859	0.03762	0.04382	0.29271	0.01797	0.00813	0.00469	0.00132	0.00325	0.00712	0.00386	0.36494
1	0.12613	0.00859	0.00994	0.00783	0.01128	0.00797	0.02416	0.01639	0.15432	0.15830	0.06738	0.01388	0.01155	0.00500	0.00407	0.00118	0.00366	0.00404	0.00388	0.36045
2	0.01671	0.00946	0.01317	0.01019	0.01370	0.00920	0.11096	0.11506	0.14937	0.40322	0.03438	0.01561	0.01174	0.00567	0.00479	0.00146	0.00451	0.00491	0.03427	0.03161
3	0.01083	0.01126	0.02063	0.01560	0.01913	0.02887	0.47755	0.03861	0.14501	0.01568	0.01324	0.12224	0.01155	0.00607	0.00585	0.00164	0.04051	0.00641	0.00312	0.00619
4	0.00591	0.00448	0.00550	0.00606	0.00688	0.00400	0.00421	0.00698	0.00984	0.01286	0.09031	0.53354	0.23651	0.01324	0.00578	0.00175	0.00263	0.01175	0.00438	0.03338
5	0.01299	0.01403	0.01090	0.00987	0.01201	0.34199	0.00753	0.03120	0.24740	0.01588	0.17953	0.01791	0.03717	0.00664	0.00512	0.00143	0.03365	0.00512	0.00380	0.00584
6	0.00682	0.00502	0.00701	0.00700	0.00757	0.00567	0.00512	0.00799	0.00744	0.01052	0.01364	0.05695	0.01393	0.25004	0.54504	0.00637	0.03145	0.00588	0.00268	0.00385
7	0.00724	0.00634	0.01084	0.00973	0.01119	0.00599	0.18461	0.00923	0.03001	0.01328	0.04920	0.54299	0.04356	0.01176	0.00588	0.00182	0.00400	0.04383	0.00396	0.00455
8	0.00574	0.00410	0.00547	0.00657	0.00684	0.00383	0.00438	0.00657	0.00903	0.01204	0.02599	0.83122	0.03119	0.01477	0.00602	0.00191	0.00274	0.01340	0.00438	0.00383
9	0.01230	0.75746	0.10168	0.00859	0.01292	0.01790	0.00898	0.01420	0.00962	0.01147	0.00674	0.00780	0.00604	0.00408	0.00317	0.00106	0.00523	0.00262	0.00201	0.00614
10	0.01044	0.27691	0.56591	0.01177	0.01783	0.01334	0.01451	0.01468	0.00984	0.01374	0.00787	0.00921	0.00600	0.00434	0.00403	0.00134	0.00637	0.00318	0.00200	0.00668
11	0.01126	0.01079	0.01840	0.14582	0.69118	0.01110	0.01427	0.01411	0.01054	0.01491	0.00880	0.01180	0.00729	0.00428	0.00467	0.00143	0.00570	0.00420	0.00230	0.00714
12	0.01048	0.28804	0.55516	0.01170	0.01771	0.01345	0.01439	0.01467	0.00983	0.01369	0.00784	0.00918	0.00600	0.00434	0.00401	0.00134	0.00634	0.00317	0.00200	0.00667
13	0.00637	0.00493	0.00531	0.00522	0.00681	0.00421	0.00398	0.00775	0.01116	0.04332	0.13526	0.04341	0.65023	0.01149	0.00558	0.00160	0.00251	0.04214	0.00453	0.00420
14	0.01002	0.16947	0.66971	0.01248	0.01892	0.01233	0.01575	0.01479	0.00989	0.01425	0.00812	0.00953	0.00599	0.00440	0.00422	0.00141	0.00662	0.00331	0.00200	0.00680
15	0.03570	0.01340	0.01201	0.01009	0.01291	0.23384	0.00797	0.28076	0.01556	0.17965	0.01317	0.08798	0.01084	0.02239	0.00533	0.00151	0.02418	0.02197	0.00413	0.00662
16	0.01261	0.83713	0.02471	0.00807	0.01210	0.01866	0.00807	0.01412	0.00958	0.01109	0.00656	0.00756	0.00605	0.00403	0.00303	0.00101	0.00504	0.00252	0.00202	0.00605
17	0.00585	0.00420	0.00557	0.00663	0.00699	0.00393	0.00454	0.00676	0.00919	0.01218	0.02668	0.75909	0.05750	0.01457	0.00603	0.00192	0.00282	0.05732	0.00437	0.00386
18	0.01099	0.01051	0.01791	0.22436	0.61479	0.01102	0.01413	0.01387	0.01041	0.01458	0.00875	0.01189	0.00718	0.00433	0.00468	0.00144	0.00577	0.00420	0.00228	0.00692
19	0.01471	0.00729	0.01011	0.00883	0.03943	0.00661	0.04105	0.01701	0.04770	0.42923	0.06911	0.06800	0.12495	0.04366	0.00595	0.00169	0.00387	0.04936	0.00498	0.00647
20	0.00566	0.00480	0.00489	0.00494	0.00651	0.00404	0.00375	0.00689	0.01075	0.01279	0.04682	0.04570	0.77067	0.01199	0.00561	0.00162	0.00247	0.04173	0.00438	0.00400
21	0.01579	0.01368	0.01602	0.04833	0.04628	0.16950	0.15434	0.30975	0.01587	0.10620	0.01145	0.02920	0.00878	0.00550	0.00486	0.00145	0.00622	0.02617	0.00373	0.00688
22	0.04711	0.00946	0.04433	0.63169	0.07620	0.01060	0.04064	0.03475	0.01001	0.03846	0.00878	0.01228	0.00654	0.00469	0.00466	0.00155	0.00611	0.00416	0.00234	0.00564
23	0.46853	0.00906	0.00933	0.00903	0.07429	0.00999	0.00661	0.05677	0.04137	0.10756	0.04281	0.03934	0.00931	0.00545	0.00439	0.00148	0.05044	0.00387	0.01362	0.03676
24	0.01206	0.01108	0.03730	0.06658	0.45923	0.03590	0.04569	0.07356	0.04578	0.06205	0.01275	0.01461	0.06123	0.00619	0.03403	0.00166	0.00570	0.00470	0.00295	0.00694
25	0.02408	0.00869	0.01023	0.00984	0.09209	0.05772	0.02559	0.05524	0.06282	0.04378	0.17284	0.07174	0.09672	0.00686	0.00468	0.00128	0.00385	0.00587	0.00379	0.24228
26	0.00966	0.00758	0.00962	0.00904	0.03910	0.02042	0.04001	0.10293	0.05216	0.04113	0.05746	0.25485	0.05247	0.00930	0.00524	0.00156	0.00387	0.11879	0.00404	0.16077

[dist]
# distance from previous block
# <min> <max>
18	54

[block]
# block no. 8 follows, 54 sequences, length 30
# corresponding to MSA columns:
# 525-554
name=unknown_I
#
# <colnr> <probs for GDERKNQSTAVLIFYWHMCP>
#	G	D	E	R	K	N	Q	S	T	A	V	L	I	F	Y	W	H	M	C	P
0	0.05918	0.33797	0.19738	0.00987	0.01428	0.03510	0.02578	0.11537	0.02740	0.09205	0.03804	0.01074	0.00836	0.00481	0.00394	0.00128	0.00534	0.00353	0.00296	0.00661
1	0.10894	0.03773	0.01091	0.00890	0.01164	0.10907	0.02275	0.13210	0.21436	0.04545	0.08960	0.03521	0.02535	0.00690	0.02743	0.00157	0.00466	0.00482	0.03365	0.06896
2	0.05352	0.01160	0.07060	0.00943	0.01324	0.04808	0.03648	0.19269	0.08462	0.03131	0.01023	0.01125	0.00794	0.00581	0.03531	0.00140	0.02226	0.00366	0.00336	0.34721
3	0.00905	0.02171	0.02603	0.00820	0.00981	0.05944	0.03576	0.04855	0.11868	0.03015	0.03493	0.32478	0.05441	0.04309	0.05431	0.00213	0.00443	0.04925	0.04443	0.02087
4	0.02769	0.00637	0.00753	0.00676	0.00850	0.00628	0.00529	0.05999	0.05752	0.02969	0.36882	0.03053	0.16875	0.00887	0.00565	0.00149	0.04169	0.04527	0.03693	0.07639
5	0.01021	0.21760	0.62322	0.01216	0.01843	0.01278	0.01520	0.01474	0.00987	0.01402	0.00801	0.00939	0.00599	0.00437	0.00413	0.00138	0.00651	0.00326	0.00200	0.00675
6	0.01181	0.00941	0.01012	0.00895	0.01167	0.01042	0.00699	0.02266	0.63003	0.07898	0.02116	0.01956	0.08362	0.00671	0.00480	0.00155	0.00362	0.00557	0.00475	0.04761
7	0.00923	0.00871	0.01473	0.72940	0.12349	0.01056	0.01326	0.01233	0.00958	0.01244	0.00844	0.01246	0.00642	0.00465	0.00471	0.00155	0.00620	0.00419	0.00212	0.00550
8	0.00577	0.00478	0.00505	0.00498	0.00649	0.00406	0.00374	0.00715	0.01121	0.01384	0.18293	0.04356	0.66711	0.01153	0.00557	0.00157	0.00236	0.00970	0.00452	0.00406
9	0.00993	0.02373	0.77751	0.01323	0.02007	0.01079	0.01700	0.01526	0.01010	0.04705	0.00887	0.01020	0.00620	0.00453	0.00449	0.00149	0.00685	0.00354	0.00215	0.00701
10	0.03103	0.78797	0.02381	0.00804	0.01204	0.01804	0.00796	0.01445	0.00970	0.04172	0.00701	0.00789	0.00625	0.00411	0.00309	0.00104	0.00497	0.00261	0.00218	0.00611
11	0.79334	0.01029	0.00749	0.00672	0.00960	0.08089	0.00546	0.01429	0.00849	0.02031	0.00663	0.00773	0.00519	0.00442	0.00303	0.00144	0.00407	0.00260	0.00288	0.00514
12	0.01167	0.01120	0.01914	0.02894	0.80488	0.01120	0.01447	0.01447	0.01074	0.01540	0.00887	0.01167	0.00747	0.00420	0.00467	0.00140	0.00560	0.00420	0.00233	0.00747
13	0.00574	0.00410	0.00547	0.00657	0.00684	0.00383	0.00438	0.00657	0.00903	0.01204	0.02599	0.83122	0.03119	0.01477	0.00602	0.00191	0.00274	0.01340	0.00438	0.00383
14	0.00640	0.00467	0.00660	0.04544	0.00853	0.00454	0.02252	0.01927	0.00928	0.01239	0.05343	0.67673	0.02811	0.01382	0.00673	0.05854	0.00313	0.01185	0.00411	0.00393
15	0.00701	0.00544	0.00804	0.00788	0.00863	0.00651	0.00615	0.00860	0.00753	0.01093	0.01220	0.01824	0.01151	0.05595	0.73178	0.00707	0.07477	0.00503	0.00250	0.00424
16	0.00968	0.06557	0.73936	0.01341	0.02015	0.01138	0.04677	0.01490	0.00998	0.01474	0.00841	0.00994	0.00602	0.00444	0.00445	0.00147	0.00691	0.00352	0.00201	0.00690
17	0.00957	0.00906	0.01535	0.63070	0.21951	0.01065	0.01343	0.01263	0.00974	0.01286	0.00850	0.01235	0.00657	0.00459	0.00470	0.00153	0.00612	0.00419	0.00215	0.00578
18	0.00923	0.00872	0.01474	0.72810	0.12475	0.01056	0.01326	0.01234	0.00958	0.01245	0.00844	0.01246	0.00643	0.00465	0.00471	0.00155	0.00620	0.00419	0.00212	0.00550
19	0.00813	0.00412	0.00610	0.00610	0.00610	0.00412	0.00404	0.00618	0.00618	0.00823	0.00850	0.01511	0.00861	0.05501	0.01869	0.82228	0.00412	0.00423	0.00209	0.00209
20	0.00683	0.00467	0.00566	0.00566	0.00584	0.00485	0.00350	0.00719	0.00701	0.00953	0.01438	0.02823	0.01600	0.66395	0.19278	0.00521	0.00629	0.00647	0.00279	0.00315
21	0.01018	0.00980	0.01356	0.01168	0.01178	0.01356	0.00970	0.01132	0.00745	0.01189	0.00699	0.01095	0.00670	0.00801	0.01441	0.00198	0.75373	0.00415	0.07706	0.00509
22	0.00890	0.00838	0.01414	0.82296	0.03247	0.01048	0.01309	0.01205	0.00943	0.01205	0.00838	0.01257	0.00629	0.00471	0.00471	0.00157	0.00629	0.00419	0.00210	0.00524
23	0.86760	0.00912	0.00693	0.00620	0.00912	0.01058	0.00511	0.01386	0.00802	0.02115	0.00657	0.00766	0.00511	0.00438	0.00292	0.00146	0.00365	0.00255	0.00292	0.00511
24	0.01113	0.01272	0.02782	0.01987	0.02464	0.01192	0.78776	0.01510	0.01113	0.01510	0.00954	0.01272	0.00715	0.00397	0.00556	0.00159	0.00795	0.00556	0.00238	0.00636
25	0.01301	0.01077	0.01452	0.01079	0.01481	0.01032	0.15071	0.24692	0.08347	0.04586	0.01076	0.01168	0.00813	0.00456	0.00440	0.00118	0.00486	0.00403	0.00357	0.34565
26	0.00654	0.00481	0.00611	0.00579	0.00696	0.00439	0.00434	0.00864	0.01303	0.01815	0.70960	0.03647	0.13776	0.00992	0.00556	0.00150	0.00224	0.00870	0.00509	0.00439
27	0.00715	0.00528	0.00728	0.00713	0.00778	0.00601	0.00526	0.02636	0.00771	0.01090	0.01301	0.02152	0.01301	0.25607	0.55028	0.00642	0.03673	0.00550	0.00265	0.00395
28	0.00661	0.00482	0.00621	0.00586	0.00700	0.00442	0.00440	0.00877	0.01319	0.01854	0.75761	0.03582	0.08950	0.00978	0.00556	0.00149	0.00223	0.00861	0.00514	0.00442
29	0.00946	0.02439	0.80987	0.01344	0.02041	0.01095	0.01742	0.01493	0.00995	0.01493	0.00846	0.00995	0.00597	0.00448	0.00448	0.00149	0.00697	0.00348	0.00199	0.00697

[dist]
# distance from previous block
# <min> <max>
0	2

[block]
# block no. 9 follows, 54 sequences, length 23
# corresponding to MSA columns:
# 557-570,572-580
name=unknown_J
#
# <colnr> <probs for GDERKNQSTAVLIFYWHMCP>
#	G	D	E	R	K	N	Q	S	T	A	V	L	I	F	Y	W	H	M	C	P
0	0.83850	0.00908	0.00707	0.00628	0.00922	0.01045	0.00517	0.01417	0.00821	0.04821	0.00698	0.00795	0.00533	0.00443	0.00298	0.00146	0.00366	0.00263	0.00302	0.00521
1	0.01055	0.01013	0.01757	0.29384	0.46655	0.01078	0.06231	0.01352	0.01033	0.01421	0.00936	0.01362	0.00780	0.00470	0.00481	0.00150	0.00593	0.03361	0.00233	0.00653
2	0.01187	0.67988	0.13655	0.00870	0.01296	0.01686	0.00916	0.01388	0.00950	0.01155	0.00723	0.00904	0.00658	0.04448	0.00425	0.00125	0.00530	0.00287	0.00205	0.00603
3	0.00666	0.00510	0.00726	0.00766	0.00864	0.00482	0.04436	0.00823	0.01024	0.01343	0.08130	0.38394	0.12370	0.01296	0.00607	0.00191	0.00344	0.26176	0.00432	0.00419
4	0.06313	0.01092	0.01087	0.00850	0.01207	0.10012	0.00678	0.17068	0.05965	0.06888	0.04459	0.01179	0.00935	0.00472	0.00404	0.00108	0.00440	0.00362	0.00356	0.40124
5	0.01077	0.00983	0.01662	0.38254	0.43251	0.01073	0.01359	0.01369	0.01025	0.04160	0.00899	0.01222	0.00709	0.00449	0.00469	0.00148	0.00585	0.00422	0.00235	0.00649
6	0.00716	0.00489	0.00566	0.00561	0.00588	0.00507	0.00344	0.00809	0.04637	0.01018	0.01484	0.02833	0.01622	0.67324	0.11045	0.00463	0.00534	0.00649	0.03481	0.00329
