[name]
unknown

[dist]
# distance from previous block
# <min> <max>
0	124

[block]
# block no. 0 follows, 65 sequences, length 23
# corresponding to MSA columns:
# 131-138,148-162
name=unknown_A
#
# <colnr> <probs for GDERKNQSTAVLIFYWHMCP>
#	G	D	E	R	K	N	Q	S	T	A	V	L	I	F	Y	W	H	M	C	P
0	0.05800	0.04108	0.08514	0.03715	0.17962	0.12609	0.14626	0.03834	0.04175	0.01275	0.01774	0.01120	0.00720	0.03939	0.02480	0.00155	0.10761	0.01676	0.00224	0.00532
1	0.29636	0.00763	0.00751	0.00665	0.00887	0.03158	0.01737	0.07810	0.15949	0.08525	0.03846	0.05208	0.14824	0.00627	0.00387	0.00135	0.00328	0.03909	0.00354	0.00501
2	0.08560	0.00869	0.01039	0.14028	0.08725	0.04238	0.00757	0.16662	0.14328	0.14529	0.06042	0.01359	0.03634	0.00579	0.02736	0.00144	0.00428	0.00414	0.00348	0.00579
3	0.00964	0.37279	0.41200	0.01007	0.04699	0.04107	0.01111	0.01264	0.00868	0.01146	0.00741	0.00850	0.02373	0.00388	0.00339	0.00111	0.00527	0.00282	0.00181	0.00564
4	0.00862	0.04331	0.03065	0.06593	0.40012	0.04136	0.00911	0.01078	0.03873	0.01211	0.02303	0.23882	0.01263	0.00700	0.01727	0.02262	0.00431	0.00581	0.00260	0.00520
5	0.03819	0.00737	0.00951	0.00740	0.01045	0.00679	0.00608	0.08946	0.04723	0.67431	0.04810	0.01416	0.01100	0.00519	0.00412	0.00127	0.00350	0.00420	0.00487	0.00678
6	0.00514	0.00361	0.00481	0.00564	0.00590	0.00338	0.00377	0.00580	0.00788	0.01055	0.05650	0.76418	0.02659	0.03744	0.00606	0.03226	0.00245	0.01104	0.00373	0.00328
7	0.04720	0.01084	0.03519	0.01307	0.18477	0.10104	0.09657	0.19571	0.11540	0.08466	0.01087	0.06717	0.00879	0.00498	0.00415	0.00128	0.00477	0.00431	0.00317	0.00605
8	0.00613	0.00438	0.00595	0.00677	0.00757	0.00427	0.00558	0.00755	0.00895	0.01160	0.02321	0.21631	0.09778	0.01168	0.00588	0.03412	0.00332	0.53163	0.00372	0.00358
9	0.00513	0.00369	0.00489	0.00581	0.00615	0.00346	0.00402	0.00596	0.00806	0.01066	0.02333	0.75110	0.05997	0.01263	0.00526	0.00167	0.00249	0.07854	0.00381	0.00338
10	0.00803	0.00764	0.01302	0.73711	0.09220	0.00928	0.03501	0.01072	0.00830	0.01079	0.00732	0.01084	0.00558	0.00412	0.00433	0.00137	0.02408	0.00368	0.00185	0.00474
11	0.05827	0.00973	0.01020	0.00840	0.01104	0.08954	0.02507	0.23457	0.20495	0.19867	0.05594	0.01328	0.01061	0.02095	0.02879	0.00148	0.00430	0.00412	0.00396	0.00615
12	0.00500	0.00357	0.00476	0.00572	0.00595	0.00333	0.00381	0.00572	0.00786	0.01048	0.02262	0.85306	0.02715	0.01286	0.00524	0.00167	0.00238	0.01167	0.00381	0.00333
13	0.00851	0.00730	0.00851	0.00608	0.00973	0.00547	0.00486	0.01034	0.00851	0.01338	0.00730	0.00851	0.00608	0.00304	0.00304	0.00061	0.00304	0.00243	0.00243	0.88083
14	0.00775	0.00730	0.01231	0.84587	0.02827	0.00912	0.01140	0.01049	0.00821	0.01049	0.00730	0.01094	0.00547	0.00410	0.00410	0.00137	0.00547	0.00365	0.00182	0.00456
15	0.00541	0.00404	0.00502	0.00507	0.00596	0.00366	0.00369	0.00686	0.01025	0.01388	0.46649	0.22298	0.21187	0.00987	0.00494	0.00140	0.00207	0.00868	0.00420	0.00366
16	0.04958	0.00952	0.02078	0.00886	0.02980	0.06771	0.08574	0.30543	0.09136	0.03630	0.02425	0.01200	0.00867	0.00473	0.00378	0.00118	0.00408	0.00386	0.22674	0.00565
17	0.00518	0.00386	0.00501	0.00574	0.00615	0.00369	0.00399	0.00601	0.00813	0.01072	0.03986	0.68045	0.12494	0.01224	0.00544	0.00164	0.02719	0.04259	0.00376	0.00341
18	0.30299	0.00879	0.00950	0.00820	0.04044	0.06120	0.03840	0.12846	0.01067	0.26402	0.01028	0.01089	0.00741	0.00638	0.06293	0.00164	0.00451	0.01420	0.00346	0.00565
19	0.01533	0.01956	0.01163	0.01058	0.01269	0.83926	0.00793	0.01639	0.01163	0.01005	0.00635	0.00740	0.00529	0.00423	0.00370	0.00106	0.00740	0.00264	0.00212	0.00476
20	0.00499	0.00393	0.00451	0.00486	0.00576	0.00345	0.00345	0.00598	0.00896	0.01131	0.10189	0.35760	0.44639	0.01119	0.00500	0.00149	0.00219	0.00973	0.00387	0.00345
21	0.04339	0.00759	0.01238	0.69094	0.10871	0.00912	0.01101	0.01122	0.02196	0.03418	0.00768	0.01085	0.00578	0.00410	0.00404	0.00135	0.00523	0.00362	0.00200	0.00485
22	0.01109	0.34670	0.04539	0.03262	0.01193	0.15332	0.04038	0.01295	0.02357	0.04369	0.00707	0.00808	0.00585	0.00364	0.00319	0.00091	0.00469	0.00264	0.00219	0.24009

[dist]
# distance from previous block
# <min> <max>
5	10

[block]
# block no. 1 follows, 65 sequences, length 15
# corresponding to MSA columns:
# 200-214
name=unknown_B
#
# <colnr> <probs for GDERKNQSTAVLIFYWHMCP>
#	G	D	E	R	K	N	Q	S	T	A	V	L	I	F	Y	W	H	M	C	P
0	0.00802	0.00757	0.01279	0.75582	0.11626	0.00919	0.01153	0.01072	0.00833	0.01081	0.00734	0.01086	0.00558	0.00405	0.00410	0.00135	0.00541	0.00365	0.00185	0.00477
1	0.59252	0.00797	0.00794	0.02483	0.09973	0.00856	0.00568	0.01265	0.00789	0.09388	0.00713	0.00803	0.00541	0.00383	0.00294	0.00119	0.00343	0.00261	0.00270	0.10108
2	0.00754	0.00696	0.01156	0.75362	0.02584	0.00854	0.01057	0.01019	0.00858	0.01114	0.09735	0.01311	0.00912	0.00457	0.00418	0.00136	0.00508	0.00406	0.00212	0.00448
3	0.60035	0.00783	0.00715	0.00614	0.00879	0.00863	0.00502	0.01486	0.09753	0.19545	0.00920	0.00921	0.00658	0.00428	0.00307	0.00128	0.00325	0.00290	0.00327	0.00522
4	0.00917	0.00986	0.02054	0.09366	0.02008	0.00940	0.63116	0.01225	0.00956	0.03144	0.01207	0.01427	0.09719	0.00433	0.00476	0.00138	0.00617	0.00514	0.00231	0.00525
5	0.00823	0.00787	0.01113	0.00977	0.00994	0.01078	0.00805	0.00926	0.00636	0.00979	0.00674	0.01071	0.00657	0.01288	0.21296	0.00296	0.64603	0.00379	0.00189	0.00429
6	0.81959	0.00809	0.00650	0.02910	0.00873	0.00937	0.00480	0.04960	0.00760	0.01854	0.00595	0.00694	0.00459	0.00387	0.00266	0.00127	0.00330	0.00233	0.00259	0.00457
7	0.88473	0.00794	0.00603	0.00540	0.00794	0.00921	0.00445	0.01207	0.00699	0.01842	0.00572	0.00667	0.00445	0.00381	0.00254	0.00127	0.00318	0.00222	0.00254	0.00445
8	0.01125	0.54794	0.01843	0.10210	0.09005	0.14853	0.00818	0.01279	0.00896	0.01017	0.00618	0.00754	0.00541	0.00371	0.00310	0.00099	0.00504	0.00257	0.00185	0.00522
9	0.01020	0.00928	0.01462	0.09429	0.48663	0.00970	0.05104	0.10176	0.08674	0.01451	0.00912	0.01160	0.00748	0.03816	0.03579	0.00157	0.00503	0.00393	0.00247	0.00607
10	0.00968	0.01015	0.01247	0.01075	0.01099	0.10401	0.00886	0.01060	0.00688	0.00990	0.00549	0.00881	0.00538	0.00686	0.01239	0.00171	0.75522	0.00349	0.00183	0.00452
11	0.82996	0.00816	0.00643	0.00565	0.00824	0.00943	0.00466	0.06276	0.00776	0.01889	0.00598	0.00687	0.00461	0.00388	0.00264	0.00127	0.00326	0.00232	0.00264	0.00461
12	0.12566	0.02727	0.02393	0.00637	0.00878	0.02264	0.00526	0.01553	0.05070	0.39786	0.01322	0.01309	0.00927	0.01575	0.00412	0.01718	0.01421	0.00374	0.21984	0.00557
13	0.70324	0.00787	0.00661	0.00599	0.00840	0.00903	0.00495	0.05275	0.05925	0.01814	0.00813	0.01111	0.00689	0.00469	0.00302	0.00133	0.00330	0.07783	0.00284	0.00464
14	0.01348	0.03128	0.01317	0.01139	0.05434	0.49297	0.10124	0.10345	0.01172	0.01269	0.00754	0.00942	0.00623	0.00426	0.00387	0.00110	0.00633	0.02543	0.00240	0.08768

[dist]
# distance from previous block
# <min> <max>
2	6

[block]
# block no. 2 follows, 65 sequences, length 21
# corresponding to MSA columns:
# 221-241
name=unknown_C
#
# <colnr> <probs for GDERKNQSTAVLIFYWHMCP>
#	G	D	E	R	K	N	Q	S	T	A	V	L	I	F	Y	W	H	M	C	P
0	0.00963	0.01048	0.02035	0.01492	0.01838	0.05805	0.62413	0.01233	0.00931	0.01241	0.00845	0.01189	0.00677	0.00472	0.00581	0.07855	0.01783	0.02625	0.01495	0.03477
1	0.01376	0.01686	0.01067	0.00972	0.01180	0.66264	0.00732	0.01610	0.11016	0.01101	0.01080	0.01127	0.08072	0.00495	0.00386	0.00113	0.00641	0.00343	0.00252	0.00485
2	0.00600	0.00427	0.00581	0.00575	0.00625	0.00465	0.00414	0.00683	0.00685	0.00957	0.08396	0.02096	0.04122	0.26884	0.42604	0.06575	0.02218	0.00520	0.00251	0.00321
3	0.00661	0.00493	0.00651	0.00701	0.00825	0.00472	0.00598	0.00855	0.02556	0.01228	0.02242	0.07432	0.10528	0.01044	0.00530	0.00170	0.00347	0.59978	0.00367	0.08322
4	0.00787	0.00740	0.01230	0.75152	0.02650	0.00884	0.03233	0.01055	0.00827	0.01081	0.00732	0.01074	0.00554	0.00400	0.00403	0.00130	0.00530	0.00358	0.00188	0.07993
5	0.00596	0.00464	0.00569	0.00579	0.00691	0.00414	0.00410	0.00750	0.05173	0.01146	0.02097	0.56972	0.09317	0.01032	0.00471	0.00142	0.00253	0.00921	0.00356	0.17646
6	0.88473	0.00794	0.00603	0.00540	0.00794	0.00921	0.00445	0.01207	0.00699	0.01842	0.00572	0.00667	0.00445	0.00381	0.00254	0.00127	0.00318	0.00222	0.00254	0.00445
7	0.00598	0.00430	0.00638	0.00638	0.00701	0.00493	0.00486	0.00708	0.00645	0.00923	0.01074	0.01633	0.01021	0.07040	0.72410	0.08562	0.00997	0.00440	0.00218	0.00344
8	0.00823	0.02123	0.83447	0.01170	0.01777	0.00953	0.01517	0.01300	0.00867	0.01300	0.00737	0.00867	0.00520	0.00390	0.00390	0.00130	0.00607	0.00303	0.00173	0.00607
9	0.08929	0.00835	0.00857	0.00771	0.00995	0.00961	0.00602	0.03466	0.66239	0.01728	0.01529	0.01443	0.01152	0.00533	0.00391	0.00134	0.00315	0.00433	0.08080	0.00609
10	0.80842	0.00825	0.00659	0.00575	0.00836	0.00952	0.00474	0.08270	0.00807	0.01907	0.00608	0.00695	0.00467	0.00391	0.00268	0.00127	0.00329	0.00235	0.00268	0.00467
11	0.01482	0.01879	0.01277	0.01118	0.01348	0.76419	0.08105	0.01610	0.01146	0.01033	0.00652	0.00773	0.00537	0.00416	0.00380	0.00109	0.00736	0.00284	0.00211	0.00483
12	0.01191	0.01230	0.01108	0.05861	0.01271	0.31087	0.06535	0.08606	0.21787	0.02656	0.03888	0.01336	0.02776	0.02171	0.00498	0.04128	0.00524	0.02527	0.00300	0.00521
13	0.00851	0.00730	0.00851	0.00608	0.00973	0.00547	0.00486	0.01034	0.00851	0.01338	0.00730	0.00851	0.00608	0.00304	0.00304	0.00061	0.00304	0.00243	0.00243	0.88083
14	0.00596	0.00403	0.00472	0.00472	0.00481	0.00411	0.00279	0.00613	0.00604	0.00814	0.01271	0.02562	0.01438	0.76043	0.11546	0.00428	0.00479	0.00579	0.00245	0.00262
15	0.00605	0.00467	0.00695	0.00684	0.00753	0.00557	0.00536	0.00748	0.00658	0.00955	0.01067	0.01571	0.00998	0.02940	0.79099	0.00632	0.06014	0.00435	0.00218	0.00371
16	0.00579	0.00450	0.00641	0.02403	0.10205	0.00435	0.00510	0.00697	0.02147	0.01101	0.02100	0.67532	0.04598	0.01139	0.00507	0.00160	0.00278	0.03783	0.00357	0.00380
17	0.00798	0.00750	0.01264	0.70765	0.13509	0.00901	0.01131	0.01061	0.00835	0.01088	0.00787	0.03904	0.00634	0.00434	0.00414	0.00136	0.00529	0.00392	0.00192	0.00478
18	0.00602	0.00409	0.00467	0.00464	0.00480	0.00403	0.00274	0.00621	0.00638	0.00855	0.03931	0.02753	0.02896	0.76648	0.01920	0.00371	0.00386	0.03546	0.00262	0.02076
19	0.11347	0.00883	0.01031	0.00919	0.09147	0.00868	0.02459	0.18862	0.12313	0.01722	0.00903	0.00975	0.00702	0.00396	0.00351	0.00101	0.00368	0.00316	0.00300	0.36036
20	0.00796	0.00808	0.05861	0.07514	0.15615	0.05942	0.03335	0.00966	0.00771	0.01055	0.00955	0.01430	0.01722	0.07067	0.31414	0.03698	0.08390	0.02005	0.00212	0.00443

[dist]
# distance from previous block
# <min> <max>
0	2

[block]
# block no. 3 follows, 65 sequences, length 7
# corresponding to MSA columns:
# 244-250
name=unknown_D
#
# <colnr> <probs for GDERKNQSTAVLIFYWHMCP>
#	G	D	E	R	K	N	Q	S	T	A	V	L	I	F	Y	W	H	M	C	P
0	0.00823	0.02123	0.83447	0.01170	0.01777	0.00953	0.01517	0.01300	0.00867	0.01300	0.00737	0.00867	0.00520	0.00390	0.00390	0.00130	0.00607	0.00303	0.00173	0.00607
1	0.00929	0.00838	0.01007	0.03478	0.01130	0.04290	0.04611	0.05805	0.00917	0.01361	0.00732	0.00878	0.00604	0.00355	0.00400	0.00081	0.06384	0.00276	0.00243	0.65680
2	0.00586	0.00440	0.00660	0.00660	0.00733	0.00513	0.00513	0.00733	0.00660	0.00953	0.01100	0.01613	0.01026	0.03079	0.83947	0.00660	0.01100	0.00440	0.00220	0.00367
3	0.00586	0.00440	0.00660	0.00660	0.00733	0.00513	0.00513	0.00733	0.00660	0.00953	0.01100	0.01613	0.01026	0.03079	0.83947	0.00660	0.01100	0.00440	0.00220	0.00367
4	0.00964	0.00889	0.01535	0.13537	0.56343	0.00909	0.06567	0.01204	0.00909	0.03935	0.00876	0.04555	0.00750	0.00548	0.04578	0.00154	0.00525	0.00412	0.00219	0.00591
5	0.68840	0.08332	0.00821	0.06999	0.01001	0.06006	0.00541	0.01223	0.00748	0.01654	0.00587	0.00703	0.00465	0.00383	0.00274	0.00123	0.00371	0.00235	0.00239	0.00455
6	0.00873	0.00860	0.01201	0.01033	0.01041	0.01188	0.00857	0.00971	0.00671	0.01040	0.07084	0.01071	0.00804	0.00728	0.01278	0.00176	0.78089	0.00390	0.00201	0.00444

[dist]
# distance from previous block
# <min> <max>
0	2

[block]
# block no. 4 follows, 65 sequences, length 123
# corresponding to MSA columns:
# 253-306,321-389
name=unknown_E
#
# <colnr> <probs for GDERKNQSTAVLIFYWHMCP>
#	G	D	E	R	K	N	Q	S	T	A	V	L	I	F	Y	W	H	M	C	P
0	0.00840	0.00800	0.01366	0.62112	0.23117	0.00931	0.02815	0.01108	0.00853	0.01128	0.00742	0.01075	0.00575	0.00398	0.00411	0.00133	0.00535	0.00367	0.00188	0.00507
1	0.00794	0.00747	0.01254	0.77076	0.08463	0.00909	0.01135	0.01063	0.00829	0.01075	0.00733	0.01084	0.00556	0.00405	0.00408	0.00134	0.00538	0.00362	0.00185	0.02249
2	0.00920	0.01451	0.29810	0.01541	0.02021	0.01009	0.54479	0.01310	0.00934	0.01310	0.00799	0.01026	0.00588	0.00361	0.00453	0.00136	0.00663	0.00423	0.00196	0.00572
3	0.00586	0.00440	0.00660	0.00660	0.00733	0.00513	0.00513	0.00733	0.00660	0.00953	0.01100	0.01613	0.01026	0.03079	0.83947	0.00660	0.01100	0.00440	0.00220	0.00367
4	0.00839	0.00719	0.00837	0.00602	0.00959	0.00541	0.00481	0.01019	0.00854	0.01330	0.00842	0.00953	0.03298	0.00328	0.00310	0.00063	0.00301	0.00264	0.00248	0.85213
5	0.00854	0.00737	0.00882	0.02284	0.03357	0.00566	0.00521	0.01040	0.00853	0.01332	0.00731	0.00861	0.00608	0.00308	0.00309	0.00064	0.00314	0.00249	0.00241	0.83888
6	0.00512	0.00384	0.00476	0.00538	0.00600	0.00350	0.00379	0.00605	0.00850	0.01099	0.06462	0.53249	0.23766	0.02762	0.00544	0.00163	0.00240	0.06300	0.00382	0.00341
7	0.01497	0.01118	0.01196	0.00932	0.01249	0.01243	0.00765	0.72295	0.11383	0.02485	0.01066	0.01050	0.00763	0.00500	0.00411	0.00125	0.00437	0.00381	0.00411	0.00692
8	0.00513	0.00366	0.00491	0.00586	0.00615	0.00344	0.00403	0.00594	0.00798	0.01062	0.02255	0.78948	0.02687	0.01274	0.00527	0.00168	0.00249	0.07399	0.00381	0.00337
9	0.03824	0.03516	0.04038	0.03301	0.08307	0.02793	0.09073	0.03790	0.02281	0.01190	0.01474	0.36631	0.02975	0.02078	0.00605	0.01589	0.09719	0.02084	0.00293	0.00440
10	0.00979	0.08407	0.07276	0.02581	0.14193	0.03901	0.41937	0.01345	0.07536	0.01294	0.00904	0.01189	0.00727	0.00473	0.02701	0.00146	0.00604	0.03020	0.00225	0.00563
11	0.00499	0.00361	0.00472	0.00562	0.00593	0.00334	0.00377	0.00573	0.00795	0.01052	0.02382	0.80172	0.07772	0.01270	0.00521	0.00165	0.00236	0.01148	0.00381	0.00334
12	0.00961	0.01095	0.02390	0.01711	0.02120	0.01027	0.80196	0.01303	0.00966	0.01311	0.00854	0.02484	0.00657	0.00361	0.00485	0.00139	0.00685	0.00496	0.00210	0.00550
13	0.00814	0.00699	0.01068	0.01386	0.31452	0.00704	0.02868	0.03404	0.07637	0.01356	0.09846	0.20166	0.01772	0.00764	0.00470	0.00146	0.00375	0.14245	0.00321	0.00507
14	0.00576	0.00408	0.00547	0.00623	0.00675	0.00400	0.00471	0.00689	0.00817	0.01089	0.02066	0.41115	0.03245	0.10013	0.05741	0.00226	0.00354	0.28615	0.01987	0.00343
15	0.00491	0.00413	0.00427	0.00430	0.00560	0.00348	0.00320	0.00599	0.00941	0.01136	0.08503	0.08205	0.74143	0.01041	0.00487	0.00140	0.00209	0.00875	0.00385	0.00348
16	0.01080	0.80375	0.07441	0.00733	0.01101	0.01581	0.00755	0.01234	0.00836	0.00988	0.00581	0.00672	0.00526	0.00354	0.00272	0.00091	0.00450	0.00225	0.00175	0.00532
17	0.00983	0.00843	0.00913	0.01872	0.02394	0.00967	0.00649	0.02936	0.72244	0.01660	0.01684	0.07164	0.01344	0.00609	0.00427	0.00141	0.00327	0.01812	0.00408	0.00622
18	0.01448	0.18385	0.01358	0.00986	0.01227	0.66183	0.00775	0.03112	0.01114	0.01028	0.00629	0.00729	0.00532	0.00410	0.00350	0.00103	0.00676	0.00258	0.00208	0.00490
19	0.00780	0.00734	0.01239	0.83058	0.04322	0.00913	0.01142	0.01053	0.00823	0.01054	0.00730	0.01093	0.00549	0.00410	0.00410	0.00137	0.00546	0.00365	0.00183	0.00460
20	0.00501	0.00395	0.00452	0.00484	0.00576	0.00346	0.00345	0.00602	0.00904	0.01141	0.11529	0.33936	0.45117	0.01110	0.00499	0.00148	0.00218	0.00965	0.00388	0.00346
21	0.01107	0.84067	0.02130	0.00710	0.01058	0.03345	0.00704	0.01238	0.00841	0.00967	0.00572	0.00660	0.00527	0.00353	0.00266	0.00088	0.00445	0.00220	0.00176	0.00526
22	0.00959	0.00714	0.00821	0.00694	0.00920	0.00724	0.02042	0.10519	0.23325	0.09835	0.09883	0.02149	0.22979	0.00673	0.00454	0.00128	0.02485	0.00556	0.00391	0.09748
23	0.04059	0.04665	0.01213	0.03298	0.06100	0.03720	0.00777	0.51284	0.14849	0.03343	0.01060	0.01983	0.00788	0.00491	0.00401	0.00125	0.00436	0.00380	0.00373	0.00655
24	0.04369	0.01033	0.05580	0.06940	0.53533	0.03453	0.11084	0.01255	0.00931	0.02409	0.03254	0.01068	0.00723	0.00393	0.00430	0.00126	0.02225	0.00381	0.00214	0.00600
25	0.00836	0.00714	0.00835	0.00606	0.00957	0.00538	0.00482	0.01014	0.00848	0.01325	0.00795	0.04437	0.00697	0.00346	0.00313	0.00065	0.00301	0.00282	0.00249	0.84358
26	0.00494	0.00415	0.00428	0.00427	0.00560	0.00350	0.00319	0.00605	0.00953	0.01155	0.10960	0.05075	0.74805	0.01026	0.00486	0.00138	0.00207	0.00860	0.00387	0.00350
27	0.01097	0.85821	0.02151	0.00702	0.01054	0.01624	0.00702	0.01229	0.00834	0.00966	0.00571	0.00658	0.00527	0.00351	0.00263	0.00088	0.00439	0.00219	0.00176	0.00527
28	0.00503	0.00368	0.00473	0.00548	0.00591	0.00338	0.00373	0.00586	0.00827	0.01091	0.07311	0.70039	0.12986	0.01228	0.00517	0.00161	0.00232	0.01103	0.00385	0.00338
29	0.01189	0.00721	0.00879	0.00735	0.00965	0.00733	0.01984	0.11218	0.22486	0.25774	0.24000	0.03071	0.03170	0.00627	0.00438	0.00131	0.00314	0.00531	0.00448	0.00586
30	0.01375	0.00920	0.01085	0.00873	0.01159	0.02561	0.04999	0.25077	0.27435	0.23344	0.04064	0.01398	0.02723	0.00530	0.00421	0.00130	0.00389	0.00438	0.00424	0.00653
31	0.00496	0.00384	0.00451	0.00503	0.00576	0.00341	0.00350	0.00582	0.00852	0.01079	0.04178	0.48534	0.36767	0.02250	0.00527	0.00157	0.00227	0.01026	0.00380	0.00339
32	0.00671	0.00431	0.00502	0.00496	0.00598	0.00414	0.01664	0.03675	0.00941	0.01403	0.13705	0.17129	0.15287	0.02341	0.00440	0.00130	0.00230	0.03200	0.36364	0.00380
33	0.01415	0.01720	0.01224	0.03481	0.10920	0.65621	0.02129	0.01581	0.03803	0.02103	0.00726	0.02036	0.00606	0.00433	0.00382	0.00111	0.00679	0.00304	0.00223	0.00504
34	0.01149	0.00945	0.01000	0.00861	0.01116	0.01081	0.00681	0.21004	0.63241	0.01923	0.01508	0.01402	0.01122	0.00542	0.00416	0.00135	0.00355	0.00442	0.00416	0.00661
35	0.87058	0.00797	0.00621	0.00572	0.02124	0.00922	0.00458	0.01207	0.00702	0.01834	0.00575	0.00672	0.00448	0.00381	0.00256	0.00127	0.00320	0.00225	0.00253	0.00448
36	0.00510	0.00367	0.00482	0.00558	0.00594	0.00341	0.00377	0.00595	0.00829	0.01112	0.11192	0.72185	0.05485	0.02604	0.00544	0.00165	0.00235	0.01101	0.00387	0.00338
37	0.00585	0.00423	0.00590	0.00596	0.00654	0.00462	0.00439	0.00695	0.00704	0.00987	0.07696	0.07501	0.02795	0.19263	0.50833	0.02012	0.00788	0.02378	0.00260	0.00339
38	0.01092	0.15505	0.03922	0.11729	0.21218	0.13174	0.06782	0.03759	0.07949	0.03115	0.00804	0.00969	0.00647	0.00421	0.00441	0.00121	0.05816	0.00340	0.00227	0.01968
39	0.00538	0.00396	0.00454	0.00482	0.00546	0.00364	0.00327	0.00614	0.00812	0.01049	0.06536	0.25922	0.30057	0.24052	0.00929	0.00217	0.00272	0.03289	0.02826	0.00320
40	0.00955	0.06196	0.02433	0.11534	0.15017	0.13835	0.04198	0.04845	0.03318	0.01137	0.01004	0.06904	0.01900	0.17649	0.01867	0.00190	0.05859	0.00454	0.00238	0.00467
41	0.00791	0.00665	0.00778	0.00588	0.00893	0.00519	0.00462	0.00983	0.02454	0.01347	0.09810	0.03605	0.05644	0.01993	0.00374	0.00083	0.00287	0.00368	0.00281	0.68076
42	0.01128	0.41855	0.18755	0.02510	0.01305	0.06107	0.04844	0.02779	0.02096	0.10057	0.00790	0.00915	0.00631	0.00411	0.00366	0.00111	0.02806	0.01749	0.00227	0.00559
43	0.00907	0.03751	0.13178	0.03507	0.01475	0.00889	0.28597	0.07015	0.04346	0.01277	0.00980	0.03854	0.01834	0.00651	0.00688	0.14285	0.05697	0.04520	0.02067	0.00484
44	0.00928	0.00893	0.01374	0.16947	0.45931	0.05201	0.02061	0.01165	0.02391	0.01233	0.00985	0.07513	0.00918	0.00522	0.00465	0.00135	0.03835	0.06720	0.00230	0.00552
45	0.00898	0.01077	0.11351	0.01207	0.01361	0.01164	0.16312	0.01085	0.00728	0.01092	0.00650	0.01007	0.00588	0.00616	0.01053	0.00166	0.57044	0.01928	0.00188	0.00487
46	0.00898	0.00513	0.00678	0.00618	0.00725	0.00534	0.00458	0.03405	0.00790	0.18426	0.01261	0.01884	0.01157	0.29837	0.32231	0.00417	0.02973	0.00481	0.02304	0.00410
47	0.88473	0.00794	0.00603	0.00540	0.00794	0.00921	0.00445	0.01207	0.00699	0.01842	0.00572	0.00667	0.00445	0.00381	0.00254	0.00127	0.00318	0.00222	0.00254	0.00445
48	0.00583	0.00416	0.00507	0.00490	0.00571	0.00386	0.00346	0.00710	0.00968	0.02505	0.44532	0.06268	0.16899	0.20821	0.02060	0.00203	0.00261	0.00737	0.00387	0.00350
49	0.01134	0.01264	0.01615	0.01282	0.01493	0.24716	0.28173	0.01317	0.00914	0.03796	0.00700	0.00940	0.00580	0.00501	0.00746	0.00143	0.29600	0.00376	0.00209	0.00500
50	0.00503	0.00360	0.00479	0.00573	0.00599	0.00336	0.00385	0.00577	0.00791	0.01052	0.02288	0.82725	0.03861	0.01280	0.00524	0.00167	0.00240	0.02545	0.00381	0.00334
51	0.01017	0.00884	0.00972	0.00859	0.01096	0.01013	0.03291	0.03155	0.77144	0.01705	0.01678	0.01553	0.02656	0.00558	0.00421	0.00139	0.00336	0.00471	0.00410	0.00642
52	0.01095	0.81207	0.02081	0.00704	0.01044	0.01576	0.00697	0.01226	0.00838	0.02380	0.00657	0.00739	0.02124	0.00374	0.00289	0.00091	0.01930	0.00238	0.00185	0.00525
53	0.00877	0.09561	0.73847	0.01116	0.01691	0.01003	0.01418	0.01313	0.00872	0.03592	0.00747	0.00863	0.00535	0.00390	0.00379	0.00126	0.00584	0.00299	0.00183	0.00602
54	0.87233	0.02001	0.00625	0.00542	0.00798	0.00931	0.00448	0.01207	0.00701	0.01829	0.00572	0.00667	0.00446	0.00381	0.00254	0.00126	0.00319	0.00222	0.00253	0.00446
55	0.01484	0.00659	0.02151	0.00680	0.00948	0.00565	0.00559	0.03803	0.01141	0.59108	0.08704	0.06288	0.10774	0.00636	0.00433	0.00131	0.00321	0.00530	0.00474	0.00611
56	0.01148	0.64478	0.03367	0.00796	0.01103	0.14888	0.00746	0.01279	0.00873	0.00980	0.00582	0.00693	0.00528	0.00391	0.00363	0.00098	0.06753	0.00239	0.00182	0.00514
57	0.00843	0.03611	0.06456	0.04714	0.08973	0.14181	0.01913	0.02482	0.02092	0.01211	0.08457	0.10918	0.21189	0.01677	0.00491	0.00134	0.04311	0.00586	0.05315	0.00447
58	0.00597	0.00398	0.00448	0.00448	0.00448	0.00398	0.00249	0.00597	0.00597	0.00796	0.01293	0.02686	0.01492	0.85574	0.02089	0.00398	0.00398	0.00597	0.00249	0.00249
59	0.01122	0.02257	0.01532	0.07233	0.48893	0.06373	0.07908	0.03565	0.02700	0.10019	0.02341	0.01101	0.00748	0.00403	0.00409	0.00123	0.00495	0.00381	0.01782	0.00613
60	0.05328	0.00752	0.00963	0.00747	0.01059	0.00696	0.00615	0.09266	0.04798	0.68979	0.01521	0.01335	0.00974	0.00504	0.00406	0.00127	0.00356	0.00403	0.00485	0.00686
61	0.01016	0.00975	0.01666	0.02520	0.83013	0.00975	0.01260	0.01260	0.00935	0.01341	0.00772	0.01016	0.00650	0.00366	0.00406	0.00122	0.00488	0.00366	0.00203	0.00650
62	0.00521	0.00416	0.00467	0.00457	0.00578	0.00361	0.00342	0.00658	0.01017	0.01308	0.33546	0.05707	0.51229	0.00971	0.00486	0.00136	0.00203	0.00828	0.00408	0.00361
63	0.01482	0.04119	0.01151	0.01008	0.01221	0.74572	0.00763	0.04209	0.01163	0.01083	0.00682	0.00788	0.00562	0.00426	0.00364	0.00105	0.00694	0.00273	0.04854	0.00480
64	0.00488	0.00411	0.00423	0.00430	0.00559	0.00346	0.00319	0.00591	0.00928	0.01113	0.05388	0.10370	0.75124	0.01056	0.00488	0.00141	0.00210	0.00888	0.00382	0.00346
65	0.00823	0.02123	0.83447	0.01170	0.01777	0.00953	0.01517	0.01300	0.00867	0.01300	0.00737	0.00867	0.00520	0.00390	0.00390	0.00130	0.00607	0.00303	0.00173	0.00607
66	0.00573	0.00419	0.00538	0.00508	0.00609	0.00384	0.00381	0.00760	0.01144	0.01603	0.76485	0.03137	0.10211	0.00855	0.00484	0.00130	0.00195	0.00752	0.00446	0.00384
67	0.00969	0.01107	0.02422	0.01730	0.02145	0.01038	0.81522	0.01315	0.00969	0.01315	0.00830	0.01107	0.00623	0.00346	0.00484	0.00138	0.00692	0.00484	0.00208	0.00554
68	0.00776	0.00501	0.00735	0.04002	0.00762	0.00588	0.00517	0.00691	0.00583	0.02483	0.00704	0.01177	0.00682	0.01255	0.03706	0.60895	0.19129	0.00361	0.00187	0.00265
69	0.01739	0.00713	0.00944	0.00738	0.01043	0.00642	0.00605	0.02000	0.09373	0.73770	0.02898	0.01437	0.01085	0.00518	0.00414	0.00128	0.00344	0.00423	0.00498	0.00689
70	0.01431	0.01148	0.01202	0.01019	0.06335	0.07322	0.00780	0.58449	0.08727	0.02234	0.00989	0.01008	0.00725	0.00473	0.00401	0.00119	0.00455	0.00361	0.00372	0.06450
71	0.00823	0.02123	0.83447	0.01170	0.01777	0.00953	0.01517	0.01300	0.00867	0.01300	0.00737	0.00867	0.00520	0.00390	0.00390	0.00130	0.00607	0.00303	0.00173	0.00607
72	0.04142	0.00720	0.00913	0.00724	0.00990	0.00650	0.05226	0.09182	0.00957	0.06260	0.01139	0.19573	0.01099	0.00576	0.00424	0.00107	0.03999	0.00489	0.00302	0.42529
73	0.00676	0.00466	0.00596	0.00549	0.00667	0.00442	0.00416	0.00934	0.06758	0.05836	0.73040	0.02875	0.03546	0.00803	0.00476	0.00130	0.00211	0.00706	0.00452	0.00421
74	0.00488	0.00416	0.00420	0.00419	0.00556	0.00348	0.00314	0.00595	0.00943	0.01127	0.06857	0.03920	0.80137	0.01033	0.00485	0.00138	0.00207	0.00862	0.00384	0.00348
75	0.01833	0.00713	0.00962	0.00737	0.01055	0.00625	0.00609	0.04606	0.01200	0.80658	0.01599	0.01384	0.01006	0.00508	0.00413	0.00127	0.00353	0.00411	0.00505	0.00699
76	0.01781	0.00720	0.00957	0.00742	0.01054	0.00645	0.00610	0.03633	0.06666	0.76148	0.01610	0.01398	0.01026	0.00511	0.00413	0.00128	0.00350	0.00415	0.00500	0.00695
77	0.00496	0.00416	0.00431	0.00428	0.00561	0.00351	0.00321	0.00611	0.00962	0.01172	0.13411	0.03846	0.73555	0.01016	0.00485	0.00137	0.00206	0.00852	0.00389	0.00351
78	0.00823	0.02123	0.83447	0.01170	0.01777	0.00953	0.01517	0.01300	0.00867	0.01300	0.00737	0.00867	0.00520	0.00390	0.00390	0.00130	0.00607	0.00303	0.00173	0.00607
79	0.00843	0.00798	0.01353	0.61629	0.25259	0.00930	0.01174	0.01108	0.00853	0.01131	0.00741	0.01072	0.00576	0.00398	0.00409	0.00133	0.00531	0.00365	0.00188	0.00510
80	0.01465	0.01717	0.01098	0.00993	0.01203	0.68507	0.00751	0.05111	0.01171	0.05592	0.00879	0.04945	0.02291	0.00497	0.00388	0.00113	0.00665	0.01876	0.00251	0.00487
81	0.88473	0.00794	0.00603	0.00540	0.00794	0.00921	0.00445	0.01207	0.00699	0.01842	0.00572	0.00667	0.00445	0.00381	0.00254	0.00127	0.00318	0.00222	0.00254	0.00445
82	0.88473	0.00794	0.00603	0.00540	0.00794	0.00921	0.00445	0.01207	0.00699	0.01842	0.00572	0.00667	0.00445	0.00381	0.00254	0.00127	0.00318	0.00222	0.00254	0.00445
83	0.00699	0.00540	0.00653	0.01883	0.00758	0.00550	0.00462	0.03257	0.18070	0.01662	0.60125	0.02686	0.05492	0.00770	0.00467	0.00131	0.00234	0.00672	0.00437	0.00450
84	0.00490	0.00416	0.00422	0.00421	0.00557	0.00349	0.00316	0.00598	0.00947	0.01136	0.08092	0.03906	0.78897	0.01030	0.00485	0.00138	0.00207	0.00860	0.00385	0.00349
85	0.00965	0.00843	0.00988	0.19059	0.01443	0.00987	0.00752	0.03166	0.61600	0.01573	0.01506	0.01477	0.02760	0.00534	0.00417	0.00138	0.00373	0.00449	0.00366	0.00602
86	0.01026	0.00863	0.00917	0.00826	0.01054	0.00993	0.00641	0.02133	0.78205	0.03569	0.01686	0.03798	0.01287	0.00576	0.00420	0.00140	0.00323	0.00482	0.00419	0.00642
87	0.01795	0.00727	0.00965	0.00745	0.01059	0.00651	0.00613	0.05699	0.04531	0.76216	0.01592	0.01384	0.01011	0.00509	0.00413	0.00127	0.00353	0.00413	0.00500	0.00697
88	0.00588	0.00433	0.00627	0.00627	0.00689	0.00495	0.00472	0.00712	0.00650	0.00928	0.01130	0.01780	0.01099	0.15941	0.71184	0.00619	0.00990	0.00464	0.00224	0.00348
89	0.00587	0.00436	0.00642	0.00642	0.00710	0.00504	0.00491	0.00722	0.00655	0.00940	0.01115	0.01701	0.01064	0.09847	0.77232	0.00638	0.01042	0.00453	0.00222	0.00357
90	0.01097	0.85821	0.02151	0.00702	0.01054	0.01624	0.00702	0.01229	0.00834	0.00966	0.00571	0.00658	0.00527	0.00351	0.00263	0.00088	0.00439	0.00219	0.00176	0.00527
91	0.00811	0.00687	0.00941	0.03772	0.02635	0.00600	0.08617	0.03522	0.03061	0.02639	0.08279	0.06534	0.08422	0.04304	0.00470	0.00117	0.00347	0.03853	0.00295	0.40094
92	0.00975	0.05352	0.02796	0.10458	0.02520	0.12066	0.06066	0.03381	0.00813	0.01082	0.02252	0.01050	0.00672	0.05113	0.02130	0.00169	0.40236	0.00366	0.00203	0.02296
93	0.01424	0.01022	0.01090	0.00852	0.01142	0.01126	0.00699	0.67441	0.02958	0.02404	0.01053	0.01082	0.00763	0.00491	0.00391	0.00119	0.00408	0.00373	0.14516	0.00646
94	0.00505	0.00362	0.00479	0.00565	0.00595	0.00337	0.00380	0.00584	0.00812	0.01085	0.07121	0.78463	0.04683	0.01253	0.00521	0.00164	0.00235	0.01134	0.00385	0.00337
95	0.00751	0.02278	0.01066	0.00885	0.00990	0.00715	0.16081	0.00850	0.00721	0.01003	0.01081	0.07891	0.01112	0.16742	0.09956	0.12853	0.16566	0.06462	0.01626	0.00371
96	0.01347	0.00594	0.00767	0.00642	0.00873	0.00529	0.00515	0.02800	0.02027	0.49654	0.04290	0.09529	0.11752	0.00678	0.00428	0.00132	0.00304	0.03725	0.08847	0.00568
97	0.00661	0.00427	0.00567	0.00613	0.00697	0.00399	0.00467	0.00786	0.00914	0.07970	0.11604	0.41567	0.09090	0.01111	0.00518	0.00163	0.00276	0.21389	0.00399	0.00382
98	0.00842	0.00687	0.00982	0.07253	0.26380	0.02594	0.01684	0.01071	0.04191	0.06146	0.16163	0.06064	0.15629	0.00649	0.00434	0.00129	0.00350	0.01540	0.06715	0.00496
99	0.01393	0.29069	0.01484	0.00941	0.01199	0.55957	0.00764	0.02812	0.01069	0.01018	0.00620	0.00718	0.00531	0.00401	0.00336	0.00100	0.00638	0.00252	0.00203	0.00496
100	0.00992	0.00733	0.00859	0.00658	0.00974	0.00631	0.00524	0.02727	0.14043	0.11540	0.07443	0.01204	0.01020	0.00415	0.00352	0.00088	0.00307	0.00341	0.00323	0.54825
101	0.00896	0.05378	0.19492	0.07755	0.30557	0.01887	0.07854	0.02177	0.03469	0.01304	0.04664	0.08828	0.00969	0.00489	0.00414	0.00129	0.00487	0.00448	0.02241	0.00563
102	0.02282	0.00956	0.01645	0.11999	0.61238	0.00982	0.08635	0.02511	0.02248	0.01333	0.00784	0.01035	0.00642	0.00379	0.00424	0.00126	0.01583	0.00376	0.00208	0.00614
103	0.00649	0.00410	0.00492	0.00485	0.00493	0.00417	0.00291	0.00637	0.01914	0.01990	0.01181	0.02344	0.01317	0.65458	0.01933	0.17207	0.01746	0.00542	0.00241	0.00251
104	0.00594	0.00397	0.00449	0.00452	0.00453	0.00396	0.00253	0.00596	0.00603	0.00804	0.01326	0.05476	0.01534	0.82728	0.02036	0.00390	0.00393	0.00616	0.00253	0.00252
105	0.02357	0.01515	0.37648	0.05071	0.18682	0.03515	0.08745	0.10591	0.03569	0.01455	0.00836	0.02672	0.00645	0.00418	0.00406	0.00129	0.00552	0.00364	0.00225	0.00604
106	0.00970	0.00903	0.01386	0.31429	0.38229	0.02431	0.01106	0.05779	0.11116	0.01347	0.00879	0.01102	0.00689	0.00414	0.00409	0.00129	0.00491	0.00376	0.00234	0.00581
107	0.86020	0.00791	0.00613	0.00545	0.00801	0.00912	0.00449	0.01229	0.00712	0.04149	0.00601	0.00688	0.00461	0.00385	0.00259	0.00127	0.00318	0.00228	0.00261	0.00452
108	0.00854	0.05227	0.36271	0.00986	0.01373	0.00821	0.10844	0.02764	0.04602	0.05383	0.21592	0.01634	0.03640	0.00539	0.00427	0.00130	0.00464	0.01621	0.00288	0.00539
109	0.01027	0.00724	0.00869	0.00630	0.00986	0.00557	0.00507	0.01205	0.00909	0.15900	0.00888	0.00948	0.00681	0.00340	0.00323	0.00073	0.00312	0.00273	0.00290	0.72557
110	0.00485	0.00415	0.00417	0.00419	0.00555	0.00346	0.00313	0.00589	0.00933	0.01108	0.04125	0.05378	0.81441	0.01044	0.00486	0.00139	0.00208	0.00872	0.00381	0.00346
111	0.02447	0.00725	0.00841	0.00606	0.00964	0.00551	0.00484	0.01030	0.00847	0.01342	0.00751	0.02174	0.00638	0.00321	0.00307	0.00064	0.00303	0.00257	0.00246	0.85104
112	0.00841	0.00828	0.02997	0.65101	0.16851	0.02005	0.02366	0.02104	0.00862	0.01128	0.00741	0.01070	0.00568	0.00402	0.00410	0.00133	0.00541	0.00364	0.00189	0.00498
113	0.00775	0.00730	0.01231	0.84587	0.02827	0.00912	0.01140	0.01049	0.00821	0.01049	0.00730	0.01094	0.00547	0.00410	0.00410	0.00137	0.00547	0.00365	0.00182	0.00456
114	0.00659	0.00463	0.00645	0.00749	0.03105	0.00457	0.00595	0.00814	0.00896	0.02838	0.02086	0.20595	0.02304	0.06370	0.00645	0.00194	0.00354	0.55489	0.00368	0.00375
115	0.00525	0.00406	0.00515	0.00557	0.00637	0.00366	0.01823	0.00626	0.00861	0.01108	0.04983	0.47703	0.28222	0.01151	0.00510	0.00156	0.00248	0.07503	0.00378	0.01724
116	0.00851	0.00730	0.00851	0.00608	0.00973	0.00547	0.00486	0.01034	0.00851	0.01338	0.00730	0.00851	0.00608	0.00304	0.00304	0.00061	0.00304	0.00243	0.00243	0.88083
117	0.00875	0.00745	0.00867	0.00641	0.00979	0.00606	0.00511	0.03802	0.05047	0.01383	0.00825	0.03283	0.00702	0.00361	0.00344	0.00073	0.02246	0.00288	0.00260	0.76163
118	0.01058	0.03887	0.10360	0.01063	0.01424	0.02745	0.24274	0.03723	0.08080	0.12401	0.02730	0.01335	0.00888	0.00447	0.00414	0.00120	0.00479	0.05339	0.00291	0.18943
119	0.01110	0.81355	0.02109	0.00751	0.02725	0.04303	0.00717	0.01243	0.00847	0.00975	0.00577	0.00668	0.00529	0.00354	0.00270	0.00089	0.00450	0.00224	0.00177	0.00528
120	0.01357	0.02557	0.02445	0.00614	0.00849	0.00546	0.00508	0.01535	0.01066	0.47202	0.09597	0.01576	0.01291	0.00526	0.00378	0.00117	0.00294	0.00430	0.26545	0.00567
121	0.00529	0.00401	0.00463	0.00489	0.00586	0.00352	0.00351	0.00633	0.00913	0.02820	0.12324	0.32734	0.43753	0.01094	0.00497	0.00147	0.00220	0.00950	0.00392	0.00354
122	0.00910	0.04854	0.60030	0.01074	0.03202	0.02023	0.01260	0.02961	0.00910	0.07442	0.00948	0.08079	0.00774	0.00483	0.00399	0.00130	0.00537	0.01382	0.00226	0.02375

[dist]
# distance from previous block
# <min> <max>
0	1

[block]
# block no. 5 follows, 65 sequences, length 36
# corresponding to MSA columns:
# 391-426
name=unknown_F
#
# <colnr> <probs for GDERKNQSTAVLIFYWHMCP>
#	G	D	E	R	K	N	Q	S	T	A	V	L	I	F	Y	W	H	M	C	P
0	0.00600	0.00454	0.00683	0.00673	0.00749	0.00514	0.02345	0.00742	0.00678	0.00964	0.01168	0.01853	0.01128	0.09337	0.71027	0.00601	0.00995	0.04896	0.00231	0.00362
1	0.00586	0.00440	0.00660	0.00660	0.00733	0.00513	0.00513	0.00733	0.00660	0.00953	0.01100	0.01613	0.01026	0.03079	0.83947	0.00660	0.01100	0.00440	0.00220	0.00367
2	0.01327	0.00957	0.01048	0.00864	0.01139	0.01055	0.00698	0.38960	0.31297	0.10434	0.01383	0.03934	0.01055	0.00565	0.00422	0.00133	0.00385	0.03264	0.00421	0.00658
3	0.04716	0.28939	0.03345	0.02135	0.01190	0.07515	0.00749	0.39811	0.01378	0.01793	0.00849	0.04257	0.00695	0.00465	0.00357	0.00113	0.00460	0.00337	0.00302	0.00595
4	0.01460	0.00720	0.00920	0.00689	0.01024	0.00597	0.00563	0.03393	0.01069	0.50448	0.01268	0.01181	0.00854	0.00430	0.00372	0.00102	0.00334	0.00348	0.00406	0.33822
5	0.01132	0.01192	0.22790	0.02600	0.23915	0.00884	0.04306	0.07667	0.06443	0.17348	0.06750	0.01231	0.00954	0.00455	0.00413	0.00128	0.00467	0.00397	0.00302	0.00627
6	0.01244	0.01366	0.01177	0.01151	0.09474	0.39197	0.05281	0.02833	0.22982	0.02551	0.01086	0.01338	0.00903	0.00510	0.00411	0.00126	0.00560	0.06979	0.00287	0.00543
7	0.00775	0.00730	0.01231	0.84587	0.02827	0.00912	0.01140	0.01049	0.00821	0.01049	0.00730	0.01094	0.00547	0.00410	0.00410	0.00137	0.00547	0.00365	0.00182	0.00456
8	0.88473	0.00794	0.00603	0.00540	0.00794	0.00921	0.00445	0.01207	0.00699	0.01842	0.00572	0.00667	0.00445	0.00381	0.00254	0.00127	0.00318	0.00222	0.00254	0.00445
9	0.00586	0.00440	0.00660	0.00660	0.00733	0.00513	0.00513	0.00733	0.00660	0.00953	0.01100	0.01613	0.01026	0.03079	0.83947	0.00660	0.01100	0.00440	0.00220	0.00367
10	0.00500	0.00359	0.00474	0.00567	0.00594	0.00334	0.00379	0.00572	0.00790	0.01050	0.02320	0.82820	0.05163	0.01278	0.00523	0.00166	0.00237	0.01158	0.00381	0.00334
11	0.01831	0.00715	0.00963	0.00738	0.01056	0.00628	0.00610	0.04931	0.01203	0.80328	0.01596	0.01382	0.01004	0.00507	0.00413	0.00127	0.00353	0.00411	0.00504	0.00699
12	0.01195	0.67218	0.01936	0.00775	0.01101	0.15497	0.00722	0.05523	0.00947	0.01057	0.00603	0.00689	0.00536	0.00371	0.00289	0.00093	0.00490	0.00235	0.00194	0.00527
13	0.00885	0.05200	0.00922	0.00616	0.00979	0.00605	0.00500	0.01064	0.00857	0.03031	0.00740	0.00852	0.00612	0.00311	0.00304	0.00064	0.00312	0.00245	0.00245	0.81656
14	0.00841	0.05046	0.76043	0.01185	0.01771	0.00982	0.05941	0.01298	0.00871	0.01289	0.00736	0.00873	0.00526	0.00386	0.00391	0.00129	0.00605	0.00310	0.00175	0.00601
15	0.01036	0.02615	0.25715	0.03253	0.38439	0.00947	0.10749	0.01350	0.00940	0.09774	0.00852	0.01018	0.00643	0.00386	0.00409	0.00126	0.00533	0.00364	0.00226	0.00626
16	0.00520	0.00416	0.00465	0.00459	0.00580	0.00362	0.00344	0.00654	0.01007	0.01287	0.30082	0.05794	0.53291	0.00981	0.00487	0.00137	0.00207	0.02161	0.00405	0.00360
17	0.01508	0.01177	0.10073	0.00928	0.01282	0.01127	0.00826	0.60104	0.01688	0.14062	0.01056	0.01041	0.00731	0.00484	0.00407	0.00124	0.00449	0.00369	0.01882	0.00683
18	0.00846	0.00922	0.08252	0.04025	0.11433	0.05168	0.19502	0.01030	0.00804	0.01100	0.00898	0.06418	0.00820	0.01102	0.16382	0.11166	0.09022	0.00445	0.00210	0.00457
19	0.00872	0.07180	0.66032	0.01172	0.01708	0.01014	0.07590	0.01290	0.00864	0.02581	0.00736	0.00883	0.00537	0.00405	0.00445	0.00131	0.05472	0.00317	0.00182	0.00590
20	0.00775	0.00730	0.01231	0.84587	0.02827	0.00912	0.01140	0.01049	0.00821	0.01049	0.00730	0.01094	0.00547	0.00410	0.00410	0.00137	0.00547	0.00365	0.00182	0.00456
21	0.05413	0.00389	0.00481	0.00551	0.00587	0.00376	0.00367	0.00616	0.00765	0.01073	0.04123	0.67104	0.02451	0.12812	0.00723	0.00195	0.00263	0.01025	0.00358	0.00329
22	0.00699	0.00487	0.00667	0.04280	0.05885	0.00459	0.00484	0.00890	0.01116	0.07416	0.62122	0.02803	0.09531	0.00783	0.00471	0.00130	0.00240	0.00689	0.00423	0.00426
23	0.00500	0.00357	0.00476	0.00572	0.00595	0.00333	0.00381	0.00572	0.00786	0.01048	0.02262	0.85306	0.02715	0.01286	0.00524	0.00167	0.00238	0.01167	0.00381	0.00333
24	0.01774	0.00807	0.01020	0.00782	0.01102	0.00764	0.00646	0.21098	0.01356	0.63944	0.01467	0.01298	0.00940	0.00504	0.00412	0.00126	0.00374	0.00402	0.00485	0.00698
25	0.00969	0.01107	0.02422	0.01730	0.02145	0.01038	0.81522	0.01315	0.00969	0.01315	0.00830	0.01107	0.00623	0.00346	0.00484	0.00138	0.00692	0.00484	0.00208	0.00554
26	0.01016	0.00975	0.01666	0.02520	0.83013	0.00975	0.01260	0.01260	0.00935	0.01341	0.00772	0.01016	0.00650	0.00366	0.00406	0.00122	0.00488	0.00366	0.00203	0.00650
27	0.00588	0.00434	0.00631	0.00631	0.00694	0.00498	0.00477	0.00715	0.00651	0.00932	0.01126	0.01758	0.01089	0.14241	0.72871	0.00624	0.01005	0.00461	0.00224	0.00351
28	0.88473	0.00794	0.00603	0.00540	0.00794	0.00921	0.00445	0.01207	0.00699	0.01842	0.00572	0.00667	0.00445	0.00381	0.00254	0.00127	0.00318	0.00222	0.00254	0.00445
29	0.00586	0.00440	0.00660	0.00660	0.00733	0.00513	0.00513	0.00733	0.00660	0.00953	0.01100	0.01613	0.01026	0.03079	0.83947	0.00660	0.01100	0.00440	0.00220	0.00367
30	0.00946	0.06126	0.34055	0.01165	0.09375	0.03394	0.06746	0.04225	0.18065	0.02583	0.05000	0.01248	0.03034	0.01734	0.00430	0.00133	0.00494	0.00394	0.00264	0.00590
31	0.00509	0.00365	0.00489	0.00571	0.00602	0.00344	0.00387	0.00592	0.00806	0.01084	0.07629	0.76393	0.02724	0.01328	0.03895	0.00184	0.00270	0.01109	0.00379	0.00338
32	0.00841	0.00713	0.00857	0.00686	0.04258	0.00562	0.00514	0.02948	0.00894	0.01370	0.05386	0.05422	0.00904	0.00392	0.00332	0.00074	0.00305	0.00328	0.00264	0.72947
33	0.00951	0.00918	0.03954	0.12558	0.40451	0.02907	0.04272	0.02815	0.04827	0.03448	0.03133	0.01333	0.07626	0.00451	0.00408	0.00121	0.00454	0.00412	0.00247	0.08715
34	0.00529	0.00438	0.00532	0.09569	0.00817	0.00411	0.00426	0.00652	0.00902	0.01126	0.09210	0.21044	0.49132	0.01050	0.02158	0.00154	0.00268	0.00859	0.00362	0.00359
35	0.00890	0.04166	0.68845	0.01245	0.06263	0.04337	0.04382	0.02905	0.00906	0.01308	0.00739	0.00876	0.00535	0.00389	0.00391	0.00128	0.00601	0.00311	0.00183	0.00602

[dist]
# distance from previous block
# <min> <max>
0	8

[block]
# block no. 6 follows, 65 sequences, length 32
# corresponding to MSA columns:
# 435-466
name=unknown_G
#
# <colnr> <probs for GDERKNQSTAVLIFYWHMCP>
#	G	D	E	R	K	N	Q	S	T	A	V	L	I	F	Y	W	H	M	C	P
0	0.00556	0.00401	0.00516	0.00583	0.00627	0.00379	0.00395	0.03792	0.00826	0.01107	0.02132	0.76474	0.02530	0.04433	0.00573	0.00171	0.00255	0.01088	0.00373	0.02791
1	0.00937	0.00712	0.00762	0.00694	0.00878	0.02995	0.00538	0.09719	0.29652	0.05528	0.06512	0.12081	0.09802	0.00710	0.00428	0.00134	0.00308	0.04419	0.10228	0.02962
2	0.00957	0.03626	0.41358	0.01241	0.07182	0.00960	0.14329	0.08299	0.05254	0.04220	0.01013	0.01240	0.03001	0.01779	0.00444	0.00136	0.00548	0.03583	0.00241	0.00590
3	0.00913	0.00765	0.01228	0.55714	0.05500	0.00888	0.05564	0.04642	0.06284	0.07039	0.02687	0.01290	0.00775	0.00456	0.00419	0.00136	0.00501	0.02673	0.02021	0.00504
4	0.01016	0.00975	0.01666	0.02520	0.83013	0.00975	0.01260	0.01260	0.00935	0.01341	0.00772	0.01016	0.00650	0.00366	0.00406	0.00122	0.00488	0.00366	0.00203	0.00650
5	0.01114	0.82713	0.02114	0.00716	0.01062	0.04674	0.00706	0.01244	0.00846	0.00967	0.00573	0.00662	0.00527	0.00354	0.00267	0.00088	0.00450	0.00221	0.00177	0.00525
6	0.00921	0.00734	0.00887	0.00637	0.01000	0.00560	0.02003	0.01105	0.00876	0.06962	0.00793	0.00893	0.00636	0.00319	0.00315	0.00067	0.00314	0.00259	0.00261	0.80457
7	0.00764	0.00712	0.01194	0.76324	0.05215	0.00875	0.01093	0.01023	0.00822	0.01058	0.00834	0.06770	0.00697	0.00468	0.00418	0.00138	0.00524	0.00419	0.00196	0.00454
8	0.00969	0.01107	0.02422	0.01730	0.02145	0.01038	0.81522	0.01315	0.00969	0.01315	0.00830	0.01107	0.00623	0.00346	0.00484	0.00138	0.00692	0.00484	0.00208	0.00554
