[name]
unknown

[dist]
# distance from previous block
# <min> <max>
21	94

[block]
# block no. 0 follows, 61 sequences, length 8
# corresponding to MSA columns:
# 108-115
name=unknown_A
#
# <colnr> <probs for GDERKNQSTAVLIFYWHMCP>
#	G	D	E	R	K	N	Q	S	T	A	V	L	I	F	Y	W	H	M	C	P
0	0.04896	0.01033	0.01407	0.20646	0.26579	0.12397	0.07905	0.03008	0.00977	0.02954	0.02717	0.03308	0.00811	0.03128	0.04352	0.00169	0.02514	0.00415	0.00236	0.00547
1	0.05173	0.02576	0.03564	0.09030	0.05845	0.15768	0.08802	0.03208	0.06048	0.05095	0.07100	0.09747	0.11917	0.03626	0.00509	0.00147	0.00475	0.00560	0.00311	0.00500
2	0.03673	0.03962	0.04410	0.01090	0.01369	0.09132	0.22669	0.09072	0.02545	0.06205	0.05432	0.05508	0.03821	0.03556	0.06193	0.00185	0.04458	0.02492	0.00296	0.03934
3	0.06075	0.02191	0.00778	0.00673	0.00847	0.01946	0.03159	0.06390	0.09943	0.06442	0.19097	0.09220	0.14024	0.09012	0.00634	0.00168	0.00325	0.04311	0.01779	0.02986
4	0.02815	0.00679	0.00885	0.02619	0.00972	0.00684	0.06278	0.15754	0.03858	0.07288	0.26086	0.06195	0.11891	0.05620	0.02238	0.04257	0.00361	0.00636	0.00397	0.00487
5	0.00813	0.00766	0.01292	0.83826	0.02967	0.00957	0.01196	0.01101	0.00861	0.01101	0.00766	0.01148	0.00574	0.00431	0.00431	0.00144	0.00574	0.00383	0.00191	0.00479
6	0.01026	0.01035	0.01128	0.01064	0.06410	0.19410	0.11048	0.04704	0.15089	0.01341	0.01430	0.23973	0.01403	0.03232	0.02988	0.00167	0.00504	0.00633	0.02903	0.00510
7	0.00614	0.00435	0.00577	0.00584	0.00622	0.00470	0.00402	0.00692	0.00672	0.00932	0.01335	0.08184	0.01428	0.40339	0.40258	0.00530	0.00753	0.00592	0.00257	0.00326

[dist]
# distance from previous block
# <min> <max>
0	1

[block]
# block no. 1 follows, 61 sequences, length 6
# corresponding to MSA columns:
# 117-122
name=unknown_B
#
# <colnr> <probs for GDERKNQSTAVLIFYWHMCP>
#	G	D	E	R	K	N	Q	S	T	A	V	L	I	F	Y	W	H	M	C	P
0	0.01108	0.06770	0.11302	0.35294	0.04655	0.16089	0.06321	0.10935	0.01089	0.01342	0.00778	0.01006	0.00594	0.00431	0.00415	0.00131	0.00607	0.00355	0.00227	0.00550
1	0.11507	0.32481	0.18466	0.04596	0.01440	0.06482	0.08210	0.04912	0.00972	0.06207	0.00757	0.00868	0.00590	0.00404	0.00354	0.00119	0.00526	0.00303	0.00231	0.00575
2	0.24239	0.00841	0.03306	0.00684	0.00968	0.02894	0.00563	0.08913	0.02945	0.12270	0.12419	0.01366	0.01198	0.04514	0.00454	0.00130	0.00354	0.00385	0.00344	0.21214
3	0.06099	0.00816	0.01315	0.51200	0.15744	0.00942	0.04562	0.01207	0.05451	0.01297	0.06498	0.01279	0.00875	0.00458	0.00429	0.00140	0.00517	0.00413	0.00234	0.00523
4	0.11535	0.15467	0.14252	0.11330	0.01427	0.02829	0.00863	0.12444	0.08214	0.03338	0.00895	0.01057	0.00708	0.03592	0.02790	0.00149	0.00490	0.00338	0.00271	0.08014
5	0.09818	0.00902	0.01118	0.27389	0.06715	0.04335	0.00863	0.08466	0.18215	0.10968	0.03087	0.01250	0.00887	0.00484	0.00412	0.00135	0.00453	0.00397	0.00324	0.03780

[dist]
# distance from previous block
# <min> <max>
4	13

[block]
# block no. 2 follows, 61 sequences, length 44
# corresponding to MSA columns:
# 136-179
name=unknown_C
#
# <colnr> <probs for GDERKNQSTAVLIFYWHMCP>
#	G	D	E	R	K	N	Q	S	T	A	V	L	I	F	Y	W	H	M	C	P
0	0.05568	0.00937	0.03643	0.43793	0.05279	0.04474	0.08454	0.08156	0.03323	0.05151	0.00856	0.01124	0.00646	0.00497	0.00506	0.04575	0.01863	0.00386	0.00243	0.00526
1	0.02447	0.00811	0.01147	0.12274	0.11343	0.00797	0.05072	0.05542	0.09136	0.15167	0.07516	0.01566	0.01162	0.00517	0.00426	0.00125	0.00413	0.05333	0.00340	0.18865
2	0.01228	0.00939	0.01016	0.00875	0.01141	0.01051	0.00691	0.14498	0.58728	0.09507	0.01632	0.03008	0.01218	0.00579	0.00437	0.00142	0.00362	0.00476	0.00443	0.02028
3	0.00638	0.00521	0.04087	0.00599	0.00707	0.00441	0.00453	0.00813	0.05012	0.04469	0.13711	0.40904	0.18751	0.06077	0.00617	0.00173	0.00273	0.00955	0.00400	0.00400
4	0.00968	0.00794	0.01210	0.11492	0.34160	0.00819	0.00919	0.04351	0.07410	0.05323	0.10745	0.01702	0.07246	0.00650	0.00570	0.08674	0.00424	0.01694	0.00297	0.00553
5	0.03679	0.02023	0.70616	0.01153	0.01745	0.00969	0.01444	0.03098	0.00944	0.05532	0.00820	0.00933	0.00578	0.00414	0.00403	0.00133	0.00596	0.00320	0.00211	0.04390
6	0.02006	0.02826	0.08194	0.31797	0.18914	0.00952	0.13882	0.01215	0.03476	0.01296	0.04541	0.01433	0.05026	0.00480	0.00446	0.00140	0.00540	0.02054	0.00235	0.00548
7	0.01390	0.00656	0.03390	0.00710	0.00950	0.00545	0.00575	0.01541	0.01099	0.50365	0.05544	0.24357	0.05383	0.00793	0.00471	0.00145	0.00329	0.00683	0.00477	0.00594
8	0.00823	0.00662	0.04934	0.00876	0.04460	0.00606	0.00732	0.03345	0.06651	0.05416	0.05345	0.03845	0.04470	0.03324	0.00593	0.00185	0.00398	0.52484	0.00388	0.00463
9	0.07699	0.00904	0.04786	0.01012	0.06291	0.00806	0.08588	0.06549	0.05265	0.51421	0.01408	0.01315	0.00930	0.00494	0.00428	0.00135	0.00426	0.00418	0.00437	0.00689
10	0.05332	0.00776	0.02120	0.00643	0.01010	0.00595	0.00524	0.01118	0.00910	0.03998	0.04293	0.01002	0.00789	0.00355	0.00329	0.00074	0.00321	0.00283	0.00273	0.75251
11	0.01593	0.00772	0.00977	0.00757	0.01086	0.00691	0.00616	0.04113	0.10907	0.53057	0.02704	0.01383	0.01047	0.00501	0.00412	0.00121	0.00355	0.00408	0.00462	0.18038
12	0.49936	0.00955	0.02827	0.00785	0.02539	0.01039	0.03181	0.14650	0.14380	0.01983	0.00886	0.00939	0.00669	0.00446	0.00338	0.00133	0.00381	0.00315	0.00318	0.03300
13	0.12548	0.15936	0.34657	0.00917	0.01369	0.01005	0.02750	0.01273	0.00883	0.03421	0.02038	0.00931	0.00647	0.00516	0.03929	0.00140	0.00520	0.00301	0.00223	0.15995
14	0.03549	0.01196	0.01036	0.00917	0.01163	0.22139	0.00710	0.07005	0.43774	0.08991	0.01413	0.03989	0.01087	0.00559	0.00424	0.00135	0.00461	0.00439	0.00385	0.00627
15	0.01722	0.00755	0.00989	0.00749	0.01092	0.00645	0.00616	0.04489	0.01193	0.64214	0.01497	0.01341	0.00973	0.00491	0.00411	0.00120	0.00361	0.00397	0.00476	0.17468
16	0.00623	0.00429	0.00515	0.00519	0.00541	0.00439	0.00328	0.00661	0.00666	0.00894	0.01477	0.02765	0.04621	0.64601	0.15577	0.00444	0.00532	0.03811	0.00267	0.00291
17	0.01490	0.02278	0.01257	0.01130	0.07870	0.28475	0.03378	0.26824	0.04663	0.10699	0.01165	0.01265	0.04285	0.00524	0.00426	0.00127	0.00556	0.02628	0.00343	0.00616
18	0.00555	0.00434	0.00507	0.00525	0.00636	0.00386	0.00396	0.00692	0.01017	0.01305	0.22858	0.16370	0.42432	0.01089	0.00524	0.00153	0.00238	0.09090	0.00418	0.00375
19	0.87904	0.00833	0.00633	0.00566	0.00833	0.00966	0.00467	0.01266	0.00733	0.01933	0.00600	0.00700	0.00467	0.00400	0.00267	0.00133	0.00333	0.00233	0.00267	0.00467
20	0.01072	0.01027	0.01741	0.03835	0.69607	0.01036	0.06361	0.03248	0.05161	0.01452	0.00867	0.01101	0.00713	0.00397	0.00432	0.00130	0.00517	0.00397	0.00230	0.00674
21	0.69611	0.00812	0.00711	0.00609	0.00890	0.00895	0.00502	0.01443	0.00839	0.19070	0.00834	0.00863	0.00594	0.00428	0.00302	0.00133	0.00340	0.00276	0.00323	0.00523
22	0.01791	0.00701	0.00950	0.00739	0.01043	0.00609	0.00603	0.01953	0.01207	0.73723	0.07051	0.01639	0.01287	0.04018	0.00510	0.00145	0.00358	0.00464	0.00518	0.00692
23	0.00726	0.00450	0.00585	0.00581	0.00685	0.00408	0.00424	0.00868	0.01050	0.11030	0.35323	0.33868	0.10275	0.01036	0.00515	0.00151	0.00242	0.00918	0.00446	0.00420
24	0.01828	0.00711	0.00961	0.00744	0.01062	0.00614	0.00612	0.01993	0.01220	0.76368	0.03798	0.01645	0.05250	0.00570	0.00439	0.00134	0.00355	0.00466	0.00525	0.00706
25	0.87904	0.00833	0.00633	0.00566	0.00833	0.00966	0.00467	0.01266	0.00733	0.01933	0.00600	0.00700	0.00467	0.00400	0.00267	0.00133	0.00333	0.00233	0.00267	0.00467
26	0.56273	0.00813	0.00770	0.00644	0.00927	0.00876	0.00528	0.05738	0.00943	0.25147	0.00959	0.00993	0.00682	0.02626	0.00373	0.00140	0.00353	0.00309	0.00352	0.00552
27	0.06181	0.00910	0.01085	0.00838	0.01171	0.00907	0.00692	0.30091	0.02710	0.48724	0.01407	0.01275	0.00921	0.00521	0.00424	0.00132	0.00403	0.00408	0.00482	0.00719
28	0.04588	0.00588	0.00769	0.00652	0.00864	0.00530	0.00514	0.01417	0.01169	0.39824	0.32728	0.09318	0.03725	0.00742	0.00467	0.00138	0.00290	0.00635	0.00486	0.00557
29	0.00610	0.00417	0.00524	0.00551	0.00623	0.00388	0.00391	0.00736	0.00962	0.02863	0.26474	0.34903	0.10630	0.08135	0.00653	0.00175	0.00251	0.03739	0.06600	0.00373
30	0.84099	0.00829	0.00649	0.00575	0.00845	0.00952	0.00474	0.01303	0.00755	0.05498	0.00648	0.00734	0.00493	0.00406	0.00274	0.00133	0.00335	0.00242	0.00278	0.00478
31	0.00529	0.00397	0.00492	0.00563	0.00624	0.00360	0.00392	0.00620	0.00881	0.01138	0.04874	0.59114	0.23153	0.01266	0.00540	0.00167	0.00246	0.03885	0.00402	0.00356
32	0.77586	0.00791	0.00630	0.00565	0.00816	0.00903	0.00461	0.01228	0.00787	0.03111	0.07620	0.00988	0.02260	0.00455	0.00294	0.00134	0.00321	0.00295	0.00291	0.00464
33	0.05759	0.00762	0.00996	0.00769	0.01098	0.00687	0.00635	0.05530	0.02751	0.73832	0.01622	0.01415	0.01029	0.00527	0.00426	0.00133	0.00369	0.00423	0.00515	0.00720
34	0.00525	0.00376	0.00499	0.00597	0.00624	0.00350	0.00398	0.00600	0.00828	0.01101	0.02414	0.82978	0.04426	0.01344	0.00549	0.00174	0.00249	0.01218	0.00400	0.00350
35	0.00888	0.00426	0.00447	0.00429	0.00547	0.00419	0.00326	0.01086	0.00928	0.07698	0.01427	0.01595	0.01101	0.00504	0.00311	0.00103	0.00213	0.00404	0.80719	0.00426
36	0.00618	0.00453	0.00647	0.00647	0.00708	0.00514	0.00482	0.00740	0.00679	0.00966	0.01195	0.01921	0.01176	0.19828	0.66693	0.00636	0.01004	0.00495	0.00237	0.00359
37	0.00615	0.00462	0.00692	0.00692	0.00769	0.00538	0.00538	0.00769	0.00692	0.01000	0.01154	0.01692	0.01077	0.03231	0.83154	0.00692	0.01154	0.00462	0.00231	0.00385
38	0.87904	0.00833	0.00633	0.00566	0.00833	0.00966	0.00467	0.01266	0.00733	0.01933	0.00600	0.00700	0.00467	0.00400	0.00267	0.00133	0.00333	0.00233	0.00267	0.00467
39	0.00716	0.00489	0.00619	0.00652	0.00733	0.00478	0.00466	0.09329	0.01009	0.04672	0.08562	0.62600	0.02631	0.01183	0.00531	0.00166	0.00281	0.04057	0.00415	0.00413
40	0.85477	0.00844	0.00652	0.00578	0.00847	0.00977	0.00476	0.03502	0.00769	0.01955	0.00612	0.00709	0.00474	0.00403	0.00271	0.00133	0.00337	0.00238	0.00271	0.00474
41	0.00575	0.00412	0.00533	0.00602	0.00646	0.00392	0.00413	0.02886	0.00891	0.01192	0.09179	0.65736	0.04512	0.06157	0.00640	0.00185	0.00267	0.04021	0.00399	0.00362
42	0.20178	0.03466	0.01189	0.02804	0.08207	0.03114	0.00776	0.43882	0.01509	0.09430	0.00954	0.00990	0.00688	0.00474	0.00390	0.00129	0.00446	0.00351	0.00369	0.00655
43	0.04253	0.02122	0.01301	0.01289	0.18920	0.10561	0.00865	0.34813	0.02469	0.01930	0.00879	0.00978	0.00679	0.00445	0.00414	0.00117	0.01792	0.00346	0.00317	0.15510

[dist]
# distance from previous block
# <min> <max>
5	48

[block]
# block no. 3 follows, 61 sequences, length 170
# corresponding to MSA columns:
# 229-398
name=unknown_D
#
# <colnr> <probs for GDERKNQSTAVLIFYWHMCP>
#	G	D	E	R	K	N	Q	S	T	A	V	L	I	F	Y	W	H	M	C	P
0	0.01639	0.00928	0.01133	0.00883	0.01194	0.00945	0.02671	0.36306	0.01544	0.36333	0.04871	0.01485	0.01092	0.01942	0.00489	0.00140	0.01897	0.03355	0.00463	0.00690
1	0.08966	0.00727	0.00956	0.02822	0.04785	0.00829	0.01900	0.05779	0.01975	0.07471	0.06860	0.08393	0.06874	0.00830	0.00716	0.00166	0.21133	0.18000	0.00335	0.00483
2	0.00598	0.00417	0.00545	0.00602	0.00665	0.00392	0.00433	0.00709	0.00905	0.03374	0.12416	0.49276	0.10089	0.04645	0.03763	0.00198	0.00302	0.09896	0.00400	0.00372
3	0.00748	0.00374	0.00561	0.00561	0.00561	0.00374	0.00374	0.00561	0.00561	0.00748	0.00748	0.01309	0.00748	0.01496	0.01684	0.87467	0.00374	0.00374	0.00187	0.00187
4	0.00893	0.00766	0.00893	0.00638	0.01021	0.00574	0.00510	0.01085	0.00893	0.01404	0.00766	0.00893	0.00638	0.00319	0.00319	0.00064	0.00319	0.00255	0.00255	0.87495
5	0.00984	0.04360	0.22749	0.01643	0.03436	0.01087	0.56549	0.01372	0.00984	0.01364	0.00836	0.01080	0.00623	0.00375	0.00474	0.00141	0.00691	0.00449	0.00208	0.00596
6	0.00621	0.00462	0.00670	0.00668	0.00733	0.00533	0.00506	0.00753	0.00683	0.00978	0.01174	0.01837	0.01137	0.14408	0.70915	0.00648	0.02189	0.00483	0.00234	0.00369
7	0.00610	0.00440	0.00576	0.00542	0.00644	0.00406	0.00406	0.00813	0.01219	0.01727	0.81947	0.03218	0.04064	0.00881	0.00508	0.00135	0.00203	0.00779	0.00474	0.00406
8	0.00982	0.00932	0.01573	0.26811	0.55139	0.00992	0.01258	0.01264	0.02420	0.01320	0.00849	0.01189	0.00704	0.00420	0.00432	0.00135	0.00525	0.02226	0.00215	0.00615
9	0.01075	0.54936	0.22112	0.00971	0.01410	0.02885	0.08822	0.01325	0.00904	0.01137	0.00670	0.00793	0.00561	0.00379	0.00334	0.00109	0.00536	0.00280	0.00188	0.00575
10	0.00813	0.00766	0.01292	0.83826	0.02967	0.00957	0.01196	0.01101	0.00861	0.01101	0.00766	0.01148	0.00574	0.00431	0.00431	0.00144	0.00574	0.00383	0.00191	0.00479
11	0.00523	0.00434	0.00458	0.00458	0.00592	0.00368	0.00341	0.00642	0.01005	0.01233	0.14291	0.08043	0.67974	0.01077	0.00511	0.00146	0.00218	0.00908	0.00410	0.00368
12	0.00978	0.00961	0.01617	0.17034	0.34667	0.01080	0.10930	0.01248	0.03705	0.01273	0.00812	0.01150	0.00686	0.00497	0.00670	0.00149	0.19956	0.01793	0.00215	0.00578
13	0.01397	0.17576	0.01364	0.00887	0.01205	0.01204	0.02591	0.25632	0.26631	0.15147	0.01280	0.01221	0.00933	0.00508	0.00405	0.00128	0.00418	0.00398	0.00396	0.00678
14	0.01061	0.00914	0.00965	0.00869	0.01109	0.01056	0.00676	0.02256	0.79596	0.01800	0.03553	0.01643	0.01377	0.00591	0.00440	0.00146	0.00338	0.00494	0.00439	0.00676
15	0.00615	0.00462	0.00692	0.00692	0.00769	0.00538	0.00538	0.00769	0.00692	0.01000	0.01154	0.01692	0.01077	0.03231	0.83154	0.00692	0.01154	0.00462	0.00231	0.00385
16	0.15861	0.00564	0.00671	0.00694	0.00836	0.00573	0.00565	0.01054	0.03610	0.09704	0.03600	0.20024	0.04442	0.02083	0.00524	0.00174	0.00341	0.33848	0.00390	0.00441
17	0.00616	0.00458	0.00675	0.00675	0.00746	0.00529	0.00517	0.00758	0.00687	0.00987	0.01169	0.01778	0.01114	0.09479	0.76957	0.00671	0.01097	0.00474	0.00233	0.00375
18	0.00607	0.00419	0.00476	0.00479	0.00504	0.00407	0.00287	0.00638	0.00721	0.00953	0.07770	0.07703	0.10595	0.64639	0.01788	0.00353	0.00370	0.00703	0.00300	0.00288
19	0.72113	0.00815	0.00700	0.00603	0.00882	0.00905	0.00497	0.01419	0.00825	0.16727	0.00802	0.00841	0.00577	0.00424	0.00297	0.00133	0.00339	0.00270	0.00316	0.00515
20	0.53238	0.00828	0.00792	0.00665	0.00953	0.00894	0.00545	0.05225	0.06452	0.25162	0.01015	0.00998	0.00710	0.00456	0.00334	0.00134	0.00350	0.00315	0.00363	0.00570
21	0.01637	0.01207	0.01293	0.00991	0.01336	0.01336	0.00819	0.80738	0.02025	0.02715	0.01034	0.01034	0.00733	0.00517	0.00431	0.00129	0.00474	0.00388	0.00431	0.00733
22	0.00565	0.00411	0.00471	0.00501	0.00594	0.00369	0.00359	0.00686	0.00947	0.01269	0.12983	0.31390	0.34511	0.01077	0.00496	0.00149	0.00225	0.00936	0.11691	0.00369
23	0.09430	0.00586	0.00730	0.00637	0.00840	0.00540	0.00499	0.01326	0.01097	0.34034	0.22565	0.14425	0.08980	0.00787	0.00462	0.00142	0.00292	0.01639	0.00460	0.00531
24	0.00820	0.00526	0.00634	0.00602	0.00735	0.00499	0.00447	0.06888	0.03147	0.11196	0.18226	0.24361	0.19244	0.07268	0.00628	0.00169	0.00282	0.02339	0.01548	0.00442
25	0.01257	0.01017	0.01078	0.00914	0.01191	0.01158	0.00727	0.27999	0.55384	0.02101	0.01518	0.01419	0.01124	0.00562	0.00436	0.00141	0.00385	0.00455	0.00436	0.00698
26	0.08233	0.00759	0.00969	0.00760	0.01078	0.00700	0.00624	0.03678	0.06900	0.67577	0.03106	0.01443	0.01088	0.00533	0.00423	0.00134	0.00361	0.00428	0.00503	0.00704
27	0.20253	0.00716	0.00847	0.00704	0.00973	0.00694	0.00566	0.01716	0.06403	0.47624	0.04239	0.10936	0.01259	0.00613	0.00413	0.00139	0.00339	0.00496	0.00452	0.00617
28	0.01651	0.01086	0.01206	0.00935	0.01269	0.01170	0.00769	0.58068	0.08486	0.18992	0.01231	0.01171	0.00850	0.00526	0.00432	0.00132	0.00441	0.00405	0.00452	0.00728
29	0.03545	0.00752	0.00997	0.00772	0.01100	0.00672	0.00636	0.03650	0.04581	0.75979	0.01667	0.01449	0.01059	0.00532	0.00430	0.00134	0.00367	0.00431	0.00522	0.00726
30	0.01220	0.00579	0.00775	0.00675	0.00881	0.00522	0.00541	0.01385	0.01121	0.39142	0.19313	0.07798	0.09208	0.00961	0.06241	0.00183	0.00368	0.08072	0.00466	0.00549
31	0.01446	0.00663	0.00867	0.00735	0.00981	0.00610	0.00589	0.03015	0.07866	0.49849	0.05728	0.14273	0.04217	0.00741	0.00469	0.00146	0.00338	0.06360	0.00487	0.00620
32	0.00954	0.00508	0.00612	0.00547	0.00701	0.00478	0.00423	0.03003	0.02439	0.16884	0.32245	0.02286	0.05592	0.00678	0.00419	0.00123	0.00242	0.00573	0.30816	0.00477
33	0.00618	0.00413	0.00500	0.00526	0.00545	0.00406	0.00325	0.00655	0.00715	0.02388	0.03645	0.27678	0.01989	0.52450	0.04995	0.00343	0.00391	0.00802	0.00312	0.00305
34	0.00848	0.00801	0.01299	0.77548	0.02846	0.02624	0.02740	0.02500	0.00893	0.01143	0.00782	0.01148	0.00588	0.00432	0.00429	0.00142	0.00573	0.00384	0.01798	0.00484
35	0.01526	0.01163	0.01229	0.00970	0.01294	0.02428	0.00792	0.64270	0.17558	0.02513	0.01170	0.01143	0.00844	0.00529	0.00432	0.00132	0.00452	0.00406	0.00429	0.00719
36	0.00898	0.00806	0.02543	0.00677	0.01057	0.00611	0.01560	0.01116	0.02418	0.01404	0.00783	0.00911	0.00648	0.00334	0.00343	0.00070	0.01708	0.00266	0.00256	0.81591
37	0.01404	0.00729	0.00960	0.10962	0.01255	0.00726	0.00674	0.03269	0.15510	0.42252	0.11633	0.01766	0.01460	0.03523	0.00507	0.00148	0.00371	0.01767	0.00453	0.00630
38	0.00614	0.00436	0.00548	0.00586	0.00678	0.00400	0.00440	0.00744	0.00974	0.03949	0.17026	0.31557	0.22811	0.02570	0.00564	0.00167	0.00266	0.14870	0.00415	0.00383
39	0.00609	0.00439	0.00593	0.00684	0.00754	0.00423	0.00540	0.00749	0.00923	0.01209	0.04055	0.39287	0.07145	0.01247	0.00569	0.00184	0.00319	0.39495	0.00400	0.00375
40	0.01371	0.03140	0.03940	0.18881	0.03295	0.50824	0.05226	0.04561	0.01143	0.02660	0.00736	0.00908	0.00583	0.00438	0.00406	0.00122	0.00696	0.00322	0.00227	0.00521
41	0.00562	0.00409	0.00528	0.00607	0.00661	0.00384	0.00438	0.00662	0.00872	0.01140	0.04165	0.53361	0.12575	0.06117	0.00647	0.00189	0.00282	0.15653	0.00393	0.00356
42	0.00702	0.00477	0.00616	0.00589	0.00704	0.00450	0.00454	0.00923	0.03734	0.05873	0.59240	0.03292	0.06220	0.04400	0.00583	0.00156	0.00250	0.10458	0.00455	0.00424
43	0.01215	0.00863	0.00968	0.00871	0.01099	0.04294	0.00722	0.22001	0.17735	0.12365	0.01707	0.02592	0.01525	0.00775	0.00491	0.00158	0.00417	0.29186	0.00425	0.00590
44	0.03780	0.00890	0.01347	0.57330	0.10938	0.04968	0.03869	0.04151	0.00946	0.04618	0.00808	0.01112	0.00610	0.00438	0.00448	0.00140	0.02482	0.00379	0.00222	0.00524
45	0.14698	0.01499	0.01580	0.01254	0.01565	0.36511	0.27614	0.07690	0.01140	0.01428	0.00754	0.00915	0.00588	0.00416	0.00413	0.00127	0.00668	0.00357	0.00244	0.00540
46	0.80820	0.00864	0.00687	0.00601	0.00874	0.00997	0.00495	0.07793	0.00839	0.01997	0.00635	0.00727	0.00488	0.00409	0.00280	0.00133	0.00345	0.00246	0.00280	0.00488
47	0.00687	0.00396	0.00538	0.00544	0.00565	0.00384	0.00357	0.00598	0.00647	0.00863	0.02943	0.11582	0.05329	0.17106	0.01530	0.52504	0.00355	0.00555	0.00244	0.02271
48	0.03692	0.00458	0.00592	0.00647	0.00736	0.00442	0.00512	0.00787	0.00990	0.01354	0.21021	0.25587	0.09085	0.01125	0.00544	0.00171	0.00296	0.31162	0.00411	0.00386
49	0.17472	0.00888	0.01013	0.00794	0.01113	0.00901	0.00654	0.25670	0.01369	0.42218	0.01281	0.01193	0.00850	0.00522	0.00425	0.01740	0.00393	0.00382	0.00447	0.00674
50	0.00659	0.00511	0.00599	0.00621	0.00742	0.00497	0.00484	0.03899	0.07950	0.01307	0.05902	0.18769	0.31324	0.04130	0.00590	0.00173	0.00296	0.20736	0.00401	0.00409
51	0.17484	0.00558	0.00619	0.00582	0.00750	0.00538	0.00443	0.01055	0.00951	0.17565	0.08307	0.21292	0.20994	0.04535	0.00532	0.00160	0.00289	0.02495	0.00401	0.00453
52	0.13952	0.00570	0.00667	0.00606	0.00783	0.00547	0.00472	0.02583	0.01073	0.19268	0.27392	0.13433	0.12471	0.00826	0.00463	0.00143	0.00279	0.03558	0.00433	0.00480
53	0.01278	0.01012	0.01081	0.00901	0.01185	0.01131	0.00722	0.33631	0.42966	0.02137	0.01428	0.01414	0.01073	0.00557	0.00431	0.00136	0.00392	0.02040	0.02175	0.04310
54	0.00584	0.00421	0.00539	0.00610	0.00666	0.00401	0.00447	0.00684	0.00856	0.01115	0.02430	0.40729	0.12177	0.14551	0.00818	0.00216	0.00311	0.21718	0.00377	0.00350
55	0.16223	0.00691	0.00850	0.00686	0.00962	0.00643	0.00558	0.01697	0.01141	0.52665	0.16102	0.01705	0.03043	0.00584	0.00420	0.00134	0.00328	0.00471	0.00475	0.00622
56	0.01510	0.00660	0.00876	0.00732	0.00980	0.00595	0.00581	0.06124	0.01178	0.54105	0.05181	0.20904	0.01614	0.00749	0.00466	0.00144	0.00339	0.02147	0.00491	0.00624
57	0.00638	0.00469	0.00618	0.00670	0.00775	0.00448	0.00558	0.00818	0.01035	0.01360	0.20537	0.07243	0.16116	0.01110	0.00559	0.00175	0.00318	0.45746	0.00415	0.00392
58	0.00550	0.00437	0.00475	0.00484	0.00611	0.00378	0.00368	0.00644	0.00951	0.01151	0.05428	0.03948	0.65690	0.01132	0.00620	0.07766	0.00249	0.08386	0.00383	0.00352
59	0.82733	0.00836	0.00661	0.00583	0.00853	0.00959	0.00480	0.02763	0.00778	0.05305	0.00654	0.00738	0.00496	0.00408	0.00277	0.00133	0.00337	0.00244	0.00281	0.00483
60	0.01409	0.01058	0.01138	0.00929	0.01229	0.01181	0.00749	0.42305	0.36340	0.06855	0.01383	0.01307	0.01004	0.00547	0.00434	0.00137	0.00410	0.00433	0.00440	0.00711
61	0.82532	0.00856	0.00674	0.00593	0.00864	0.00989	0.00488	0.06215	0.00814	0.01981	0.00627	0.00721	0.00483	0.00407	0.00277	0.00133	0.00342	0.00243	0.00277	0.00483
62	0.00858	0.00626	0.03982	0.00746	0.00925	0.00554	0.02240	0.02696	0.04399	0.11877	0.05282	0.03756	0.20137	0.00985	0.00533	0.00169	0.00361	0.39001	0.00408	0.00465
63	0.00614	0.00425	0.00539	0.00566	0.00649	0.00387	0.00407	0.00740	0.00989	0.04693	0.26586	0.38906	0.16443	0.02684	0.00558	0.00162	0.00243	0.03600	0.00425	0.00385
64	0.01203	0.00585	0.00745	0.00644	0.00842	0.00545	0.00503	0.01460	0.07569	0.34302	0.22787	0.10127	0.02054	0.00704	0.00444	0.00134	0.00285	0.00601	0.13910	0.00554
65	0.00960	0.01041	0.02114	0.23379	0.02355	0.01067	0.53655	0.01302	0.02361	0.01294	0.00841	0.01153	0.00639	0.00407	0.00539	0.00147	0.05515	0.00467	0.00213	0.00549
66	0.19132	0.01103	0.01162	0.02649	0.01268	0.01228	0.02107	0.58882	0.02973	0.02467	0.02376	0.01018	0.00742	0.00496	0.00400	0.00131	0.00445	0.00367	0.00390	0.00664
67	0.00534	0.00431	0.00479	0.00508	0.00625	0.00376	0.00383	0.00649	0.00959	0.01178	0.05507	0.19190	0.56834	0.01145	0.00526	0.00156	0.00243	0.09508	0.00401	0.00366
68	0.00930	0.05717	0.20854	0.00823	0.01264	0.02398	0.02226	0.02668	0.00926	0.01390	0.00763	0.00891	0.00611	0.00351	0.00345	0.00087	0.00423	0.00277	0.00236	0.56819
69	0.00615	0.00462	0.00692	0.00692	0.00769	0.00538	0.00538	0.00769	0.00692	0.01000	0.01154	0.01692	0.01077	0.03231	0.83154	0.00692	0.01154	0.00462	0.00231	0.00385
70	0.01122	0.01208	0.11716	0.05291	0.30468	0.01096	0.15483	0.15630	0.09106	0.01650	0.00944	0.01113	0.00725	0.00436	0.00459	0.00136	0.02083	0.00409	0.00270	0.00655
71	0.02662	0.01447	0.37779	0.01024	0.05224	0.00807	0.02903	0.01232	0.00904	0.01396	0.00770	0.00911	0.00595	0.00365	0.00368	0.00103	0.00481	0.00295	0.00220	0.40513
72	0.87904	0.00833	0.00633	0.00566	0.00833	0.00966	0.00467	0.01266	0.00733	0.01933	0.00600	0.00700	0.00467	0.00400	0.00267	0.00133	0.00333	0.00233	0.00267	0.00467
73	0.00690	0.00481	0.00540	0.00545	0.00578	0.00457	0.00332	0.00699	0.00778	0.01034	0.06193	0.11708	0.11052	0.60987	0.01751	0.00358	0.00395	0.00754	0.00332	0.00337
74	0.83959	0.00933	0.00716	0.00645	0.00915	0.03767	0.00517	0.01340	0.00806	0.01975	0.00690	0.00822	0.00552	0.00458	0.00309	0.00148	0.00378	0.00264	0.00294	0.00512
75	0.01600	0.00840	0.01040	0.00833	0.02500	0.00742	0.00654	0.07380	0.06392	0.46059	0.01595	0.01518	0.04364	0.00558	0.00445	0.00133	0.00387	0.00435	0.00466	0.22059
76	0.01066	0.01023	0.01748	0.02644	0.82174	0.01023	0.01322	0.01322	0.00981	0.01407	0.00810	0.01066	0.00682	0.00384	0.00426	0.00128	0.00512	0.00384	0.00213	0.00682
77	0.01009	0.01138	0.02407	0.01740	0.02128	0.01115	0.71840	0.01342	0.00977	0.01342	0.00838	0.01138	0.00644	0.00406	0.00608	0.00150	0.09901	0.00494	0.00215	0.00569
78	0.00668	0.00450	0.00591	0.00648	0.00735	0.00424	0.00503	0.00800	0.00940	0.05605	0.06965	0.33928	0.12703	0.04379	0.00615	0.00184	0.00308	0.28760	0.00405	0.00389
79	0.01871	0.00739	0.00997	0.00775	0.01099	0.00651	0.00642	0.04675	0.01249	0.76425	0.01701	0.01593	0.01114	0.00560	0.00440	0.00136	0.00371	0.03719	0.00524	0.00719
80	0.00746	0.00375	0.00559	0.00559	0.00559	0.00375	0.00372	0.00562	0.00562	0.00750	0.00759	0.01337	0.00763	0.03025	0.01693	0.85871	0.00375	0.00379	0.00188	0.00188
81	0.00850	0.00485	0.00632	0.00637	0.00763	0.00440	0.00487	0.00979	0.00990	0.18164	0.07819	0.35143	0.15478	0.01079	0.00524	0.00163	0.00291	0.14202	0.00432	0.00444
82	0.04383	0.00478	0.00596	0.00594	0.00707	0.00449	0.00437	0.00916	0.03246	0.10454	0.27404	0.34908	0.10363	0.01023	0.00506	0.00153	0.00254	0.02269	0.00434	0.00427
83	0.00942	0.00942	0.01319	0.01131	0.01131	0.01319	0.00942	0.01037	0.00660	0.01037	0.00565	0.00942	0.00565	0.00754	0.01414	0.00188	0.84073	0.00377	0.00188	0.00471
84	0.01233	0.00879	0.00949	0.00811	0.01061	0.00973	0.00643	0.18949	0.42904	0.09912	0.01535	0.01470	0.01130	0.00551	0.00413	0.00134	0.00349	0.00446	0.15009	0.00651
85	0.46339	0.00886	0.00873	0.00711	0.01012	0.00956	0.00587	0.18522	0.01144	0.23720	0.00988	0.00977	0.00685	0.00461	0.00347	0.00132	0.00372	0.00320	0.00373	0.00595
86	0.00638	0.00511	0.00580	0.00560	0.00695	0.00492	0.00420	0.00957	0.13927	0.01473	0.32996	0.10110	0.33126	0.00952	0.00501	0.00144	0.00235	0.00819	0.00434	0.00430
87	0.00592	0.00437	0.00563	0.00611	0.00698	0.00408	0.00472	0.00741	0.01003	0.01328	0.23400	0.26558	0.17096	0.01136	0.00545	0.00166	0.00274	0.23173	0.00418	0.00380
88	0.87904	0.00833	0.00633	0.00566	0.00833	0.00966	0.00467	0.01266	0.00733	0.01933	0.00600	0.00700	0.00467	0.00400	0.00267	0.00133	0.00333	0.00233	0.00267	0.00467
89	0.08372	0.00744	0.00972	0.00753	0.01080	0.00666	0.00621	0.02040	0.02665	0.74946	0.01618	0.01411	0.01026	0.00524	0.00421	0.00134	0.00364	0.00419	0.00511	0.00712
90	0.00614	0.00443	0.00573	0.00565	0.00662	0.00413	0.00431	0.00799	0.01137	0.01585	0.60721	0.06827	0.07993	0.03766	0.00574	0.00154	0.00237	0.10437	0.01672	0.00396
91	0.00529	0.00411	0.00481	0.00519	0.00608	0.00364	0.00368	0.00636	0.00948	0.01212	0.13843	0.37690	0.38511	0.01171	0.00526	0.00156	0.00229	0.01024	0.00410	0.00364
92	0.01933	0.00733	0.01000	0.00766	0.01100	0.00633	0.00633	0.02099	0.01233	0.82473	0.01699	0.01466	0.01066	0.00533	0.00433	0.00133	0.00367	0.00433	0.00533	0.00733
93	0.00893	0.00766	0.00893	0.00638	0.01021	0.00574	0.00510	0.01085	0.00893	0.01404	0.00766	0.00893	0.00638	0.00319	0.00319	0.00064	0.00319	0.00255	0.00255	0.87495
94	0.00587	0.00428	0.00540	0.00605	0.00686	0.00395	0.00457	0.00699	0.00912	0.02265	0.02864	0.39240	0.24716	0.01229	0.00570	0.01803	0.00282	0.20959	0.00397	0.00368
95	0.00880	0.00503	0.00552	0.00522	0.00649	0.00525	0.00406	0.08675	0.02192	0.03036	0.01387	0.01694	0.01125	0.00853	0.10021	0.00178	0.00352	0.03697	0.62310	0.00441
96	0.00592	0.00409	0.00501	0.00542	0.00563	0.00400	0.00347	0.00641	0.00740	0.00987	0.03674	0.31950	0.03541	0.44876	0.03334	0.00313	0.00366	0.05590	0.00325	0.00309
97	0.00541	0.00391	0.00507	0.00584	0.00626	0.00363	0.00400	0.00630	0.00868	0.01153	0.09160	0.65695	0.08832	0.04568	0.00609	0.00180	0.00255	0.03882	0.00401	0.00354
98	0.85928	0.00831	0.00642	0.00571	0.00839	0.00959	0.00470	0.01285	0.00745	0.03784	0.00625	0.00717	0.00480	0.00403	0.00270	0.00133	0.00334	0.00238	0.00273	0.00473
99	0.87904	0.00833	0.00633	0.00566	0.00833	0.00966	0.00467	0.01266	0.00733	0.01933	0.00600	0.00700	0.00467	0.00400	0.00267	0.00133	0.00333	0.00233	0.00267	0.00467
100	0.00964	0.00775	0.00909	0.00654	0.01033	0.00597	0.00524	0.03193	0.00939	0.05457	0.00819	0.00925	0.00662	0.00335	0.00328	0.00069	0.00325	0.00267	0.00274	0.80951
101	0.00546	0.00414	0.00479	0.00519	0.00613	0.00363	0.00368	0.00642	0.00920	0.02711	0.04969	0.40698	0.42834	0.01194	0.00526	0.00158	0.00235	0.01041	0.00404	0.00365
102	0.00551	0.00397	0.00522	0.00585	0.00636	0.00369	0.00408	0.00663	0.00935	0.01265	0.22395	0.58776	0.06072	0.01218	0.00539	0.00165	0.00242	0.03478	0.00418	0.00366
103	0.00733	0.00573	0.00671	0.00684	0.00816	0.00590	0.00528	0.01165	0.23199	0.02503	0.08082	0.23743	0.16962	0.01014	0.00516	0.00163	0.00298	0.16881	0.00417	0.00463
104	0.00838	0.00788	0.01318	0.75874	0.08794	0.00965	0.01194	0.01145	0.02749	0.01140	0.00792	0.01153	0.00600	0.00431	0.00431	0.00142	0.00564	0.00385	0.00199	0.00498
105	0.01933	0.00733	0.01000	0.00766	0.01100	0.00633	0.00633	0.02099	0.01233	0.82473	0.01699	0.01466	0.01066	0.00533	0.00433	0.00133	0.00367	0.00433	0.00533	0.00733
106	0.04894	0.00730	0.00972	0.00756	0.01075	0.00645	0.00621	0.03331	0.01212	0.75050	0.01677	0.04753	0.01111	0.00561	0.00432	0.00135	0.00363	0.00457	0.00517	0.00708
107	0.00680	0.00381	0.00539	0.00562	0.00582	0.00370	0.00381	0.00590	0.00670	0.00892	0.02788	0.20743	0.06154	0.01407	0.01295	0.58061	0.00331	0.01588	0.01742	0.00245
108	0.00620	0.00460	0.00683	0.00689	0.00766	0.00530	0.00538	0.00775	0.00711	0.01025	0.01231	0.03563	0.01173	0.03056	0.76454	0.00650	0.01086	0.03762	0.01842	0.00385
109	0.01096	0.00937	0.00988	0.00882	0.01129	0.01083	0.00688	0.05647	0.77999	0.01841	0.01722	0.01583	0.01290	0.00582	0.00438	0.00145	0.00347	0.00483	0.00438	0.00684
110	0.12206	0.00742	0.00945	0.00739	0.01057	0.00677	0.00609	0.01973	0.02804	0.69277	0.03441	0.01418	0.01069	0.00526	0.00415	0.00134	0.00358	0.00418	0.00498	0.00692
111	0.87904	0.00833	0.00633	0.00566	0.00833	0.00966	0.00467	0.01266	0.00733	0.01933	0.00600	0.00700	0.00467	0.00400	0.00267	0.00133	0.00333	0.00233	0.00267	0.00467
112	0.00607	0.00444	0.00549	0.00520	0.00636	0.00400	0.00391	0.00786	0.01161	0.02907	0.61610	0.03417	0.23128	0.00927	0.00507	0.00138	0.00210	0.00805	0.00457	0.00401
113	0.00605	0.00440	0.00570	0.00537	0.00641	0.00405	0.00403	0.00805	0.01209	0.01704	0.78676	0.03257	0.07351	0.00889	0.00508	0.00136	0.00204	0.00784	0.00471	0.00405
114	0.86578	0.00831	0.00639	0.00570	0.00837	0.00961	0.00469	0.01279	0.00741	0.03175	0.00617	0.00712	0.00476	0.00402	0.00269	0.00133	0.00334	0.00236	0.00271	0.00471
115	0.84890	0.00846	0.00656	0.00581	0.00851	0.00979	0.00479	0.04043	0.00778	0.01960	0.00615	0.00711	0.00476	0.00404	0.00272	0.00133	0.00338	0.00239	0.00272	0.00476
116	0.00525	0.00375	0.00500	0.00600	0.00625	0.00350	0.00400	0.00600	0.00825	0.01100	0.02374	0.84580	0.02849	0.01350	0.00550	0.00175	0.00250	0.01225	0.00400	0.00350
117	0.01627	0.01201	0.01287	0.00989	0.01332	0.01331	0.00816	0.79251	0.03530	0.02697	0.01048	0.01045	0.00744	0.00518	0.00431	0.00130	0.00471	0.00390	0.00431	0.00732
118	0.01310	0.00838	0.00960	0.00829	0.01091	0.00899	0.00656	0.02143	0.52150	0.26629	0.03040	0.03554	0.01338	0.00602	0.00443	0.00144	0.00345	0.01882	0.00466	0.00681
119	0.00570	0.00435	0.00523	0.00508	0.00621	0.00389	0.00378	0.00734	0.01116	0.01497	0.50646	0.07813	0.31247	0.00979	0.00511	0.00141	0.00211	0.00848	0.00444	0.00389
120	0.01926	0.00744	0.01006	0.00771	0.01105	0.00649	0.00637	0.03865	0.01251	0.80682	0.01684	0.01456	0.01059	0.00533	0.00433	0.00133	0.00369	0.00432	0.00531	0.00733
121	0.00849	0.00492	0.00649	0.00589	0.00731	0.00446	0.00452	0.01036	0.01188	0.16627	0.58403	0.07083	0.06118	0.00855	0.00498	0.00139	0.00241	0.02664	0.00477	0.00462
122	0.00819	0.00417	0.00419	0.00413	0.00518	0.00419	0.00311	0.02538	0.00925	0.01627	0.01398	0.01595	0.01097	0.00502	0.00304	0.00101	0.00206	0.00401	0.85583	0.00408
123	0.01933	0.00733	0.01000	0.00766	0.01100	0.00633	0.00633	0.02099	0.01233	0.82473	0.01699	0.01466	0.01066	0.00533	0.00433	0.00133	0.00367	0.00433	0.00533	0.00733
124	0.00893	0.00766	0.00893	0.00638	0.01021	0.00574	0.00510	0.01085	0.00893	0.01404	0.00766	0.00893	0.00638	0.00319	0.00319	0.00064	0.00319	0.00255	0.00255	0.87495
125	0.01635	0.01278	0.01287	0.01001	0.01335	0.08278	0.00820	0.74032	0.01957	0.02574	0.01003	0.01012	0.00717	0.00511	0.00427	0.00128	0.00500	0.00378	0.00413	0.00713
126	0.10495	0.43110	0.33905	0.00913	0.01376	0.01345	0.01046	0.01317	0.00873	0.01253	0.00668	0.00778	0.00541	0.00388	0.00328	0.00114	0.00516	0.00265	0.00192	0.00577
127	0.01036	0.01159	0.10606	0.03768	0.65094	0.01025	0.07230	0.01340	0.02025	0.01401	0.00822	0.01065	0.00672	0.00388	0.00431	0.00131	0.00540	0.00387	0.00213	0.00666
128	0.00626	0.00418	0.00470	0.00470	0.00470	0.00418	0.00261	0.00626	0.00626	0.00835	0.01357	0.02819	0.01566	0.84862	0.02192	0.00418	0.00418	0.00626	0.00261	0.00261
129	0.00527	0.00377	0.00503	0.00603	0.00629	0.00352	0.00404	0.00604	0.00827	0.01102	0.02373	0.83371	0.02843	0.01347	0.00550	0.00175	0.00252	0.02409	0.00400	0.00351
130	0.01194	0.01268	0.01077	0.01067	0.07052	0.37453	0.02147	0.02806	0.02229	0.04782	0.01007	0.01414	0.00894	0.01336	0.25190	0.00296	0.02166	0.05876	0.00257	0.00490
131	0.00682	0.00489	0.00678	0.00772	0.00870	0.00486	0.00668	0.00874	0.00992	0.01290	0.04177	0.07008	0.04900	0.01184	0.00589	0.00195	0.00383	0.72969	0.00399	0.00395
132	0.71987	0.00821	0.00732	0.09659	0.01086	0.00946	0.00559	0.01313	0.01772	0.06856	0.00701	0.00808	0.00526	0.00414	0.00297	0.00135	0.00362	0.00265	0.00277	0.00487
133	0.70168	0.00812	0.00709	0.00608	0.00888	0.00898	0.00501	0.01438	0.00836	0.18549	0.00827	0.00858	0.00590	0.00427	0.00301	0.00133	0.00340	0.00274	0.00322	0.00521
134	0.00893	0.00766	0.00893	0.00638	0.01021	0.00574	0.00510	0.01085	0.00893	0.01404	0.00766	0.00893	0.00638	0.00319	0.00319	0.00064	0.00319	0.00255	0.00255	0.87495
135	0.00525	0.00375	0.00500	0.00600	0.00625	0.00350	0.00400	0.00600	0.00825	0.01100	0.02374	0.84580	0.02849	0.01350	0.00550	0.00175	0.00250	0.01225	0.00400	0.00350
136	0.10490	0.00755	0.00970	0.00752	0.01079	0.00684	0.00621	0.03942	0.01203	0.72497	0.01574	0.01379	0.00998	0.00519	0.00417	0.00133	0.00366	0.00412	0.00504	0.00707
137	0.00568	0.00454	0.00520	0.00551	0.00679	0.00405	0.00443	0.00707	0.00988	0.01215	0.05656	0.05653	0.54449	0.01120	0.00536	0.00162	0.00273	0.24847	0.00401	0.00375
138	0.87904	0.00833	0.00633	0.00566	0.00833	0.00966	0.00467	0.01266	0.00733	0.01933	0.00600	0.00700	0.00467	0.00400	0.00267	0.00133	0.00333	0.00233	0.00267	0.00467
139	0.00532	0.00378	0.00498	0.00590	0.00614	0.00355	0.00390	0.00602	0.00811	0.01081	0.02301	0.78730	0.02757	0.07325	0.00667	0.00192	0.00262	0.01182	0.00390	0.00344
140	0.87904	0.00833	0.00633	0.00566	0.00833	0.00966	0.00467	0.01266	0.00733	0.01933	0.00600	0.00700	0.00467	0.00400	0.00267	0.00133	0.00333	0.00233	0.00267	0.00467
141	0.00840	0.00488	0.00639	0.00580	0.00714	0.00443	0.00437	0.01017	0.01163	0.16086	0.57185	0.07676	0.04871	0.05218	0.00585	0.00152	0.00247	0.00738	0.00468	0.00453
142	0.00610	0.00440	0.00576	0.00542	0.00644	0.00406	0.00406	0.00813	0.01219	0.01727	0.81947	0.03218	0.04064	0.00881	0.00508	0.00135	0.00203	0.00779	0.00474	0.00406
143	0.00622	0.00420	0.00482	0.00492	0.00501	0.00417	0.00291	0.00638	0.00662	0.00878	0.01517	0.07004	0.03364	0.74781	0.01996	0.00389	0.00404	0.04590	0.00278	0.00274
144	0.03239	0.00663	0.00879	0.00698	0.00976	0.00585	0.00568	0.01795	0.01195	0.61875	0.14228	0.01737	0.01528	0.00583	0.00431	0.00131	0.00327	0.00481	0.07430	0.00651
145	0.01715	0.01082	0.01216	0.00932	0.01274	0.01151	0.00770	0.60039	0.01817	0.23709	0.01209	0.01148	0.00820	0.00521	0.00432	0.00130	0.00446	0.00400	0.00458	0.00733
146	0.01603	0.01173	0.01256	0.00967	0.01301	0.01297	0.00797	0.77414	0.01979	0.02669	0.01050	0.01058	0.00748	0.00516	0.00426	0.00128	0.00463	0.00388	0.04051	0.00719
147	0.00538	0.00403	0.00502	0.00562	0.00629	0.00366	0.00396	0.00642	0.00916	0.01195	0.11828	0.51773	0.22620	0.01225	0.00537	0.00164	0.00244	0.04691	0.00408	0.00362
148	0.59300	0.00800	0.00755	0.00633	0.00922	0.00855	0.00522	0.01543	0.00899	0.28730	0.00966	0.00955	0.00666	0.00444	0.00322	0.00133	0.00344	0.00300	0.00355	0.00555
149	0.12515	0.01107	0.01150	0.00916	0.01232	0.01240	0.00749	0.56141	0.16511	0.02447	0.01112	0.01097	0.00806	0.00515	0.00411	0.00133	0.00432	0.00386	0.00411	0.00689
150	0.00777	0.00511	0.00689	0.00738	0.00858	0.00500	0.00625	0.02132	0.01004	0.07742	0.03821	0.07265	0.09965	0.02789	0.03995	0.00209	0.00401	0.55159	0.00401	0.00421
151	0.00646	0.00411	0.00485	0.00485	0.00485	0.00411	0.00279	0.00616	0.00616	0.00821	0.01258	0.02573	0.01433	0.71265	0.02109	0.14615	0.00411	0.00585	0.00249	0.00249
152	0.00535	0.00382	0.00509	0.00604	0.00634	0.00358	0.00410	0.00617	0.00836	0.01115	0.03884	0.78245	0.02834	0.02810	0.00580	0.00179	0.00258	0.04459	0.00399	0.00351
153	0.00926	0.00772	0.00902	0.00646	0.01027	0.00587	0.00518	0.02341	0.00918	0.03069	0.00789	0.00907	0.00648	0.00326	0.00323	0.00066	0.00322	0.00261	0.00264	0.84388
154	0.00954	0.00771	0.00931	0.00668	0.01049	0.00587	0.02059	0.01147	0.00915	0.05939	0.00820	0.00930	0.00662	0.00332	0.00329	0.00069	0.00330	0.00270	0.00270	0.80967
155	0.01124	0.00926	0.00986	0.00874	0.01124	0.01060	0.00683	0.06409	0.73195	0.04654	0.02930	0.01596	0.01317	0.00584	0.00439	0.00145	0.00347	0.00484	0.00442	0.00682
156	0.04439	0.00964	0.01009	0.00882	0.01142	0.01107	0.00694	0.14128	0.66330	0.01945	0.01601	0.01486	0.01195	0.00567	0.00431	0.00143	0.00361	0.00462	0.00431	0.00681
157	0.01631	0.00665	0.00898	0.00722	0.01000	0.00579	0.00586	0.01794	0.01193	0.64378	0.10717	0.07019	0.03946	0.00653	0.00454	0.00138	0.00337	0.02123	0.00512	0.00655
158	0.00597	0.00399	0.00525	0.00595	0.00638	0.00372	0.00404	0.00680	0.00855	0.04514	0.06839	0.68934	0.03749	0.06846	0.00652	0.00187	0.00265	0.02184	0.00400	0.00364
159	0.87904	0.00833	0.00633	0.00566	0.00833	0.00966	0.00467	0.01266	0.00733	0.01933	0.00600	0.00700	0.00467	0.00400	0.00267	0.00133	0.00333	0.00233	0.00267	0.00467
160	0.01833	0.00863	0.01077	0.00829	0.01163	0.00830	0.00684	0.22970	0.03406	0.59334	0.01524	0.01355	0.00984	0.00530	0.00433	0.00133	0.00394	0.00422	0.00504	0.00732
161	0.77546	0.00878	0.00712	0.00617	0.00893	0.01011	0.00509	0.10808	0.00888	0.02027	0.00652	0.00740	0.00498	0.00414	0.00286	0.00133	0.00350	0.00252	0.00286	0.00498
162	0.00530	0.00381	0.00503	0.00599	0.00631	0.00355	0.00406	0.00610	0.00836	0.01108	0.02450	0.78888	0.05977	0.01334	0.00550	0.00175	0.00253	0.03661	0.00400	0.00352
163	0.00939	0.00621	0.00891	0.00805	0.00913	0.00732	0.00647	0.01082	0.00788	0.16482	0.01125	0.01481	0.00960	0.02163	0.49106	0.00473	0.19606	0.00437	0.00279	0.00470
164	0.01641	0.01172	0.01268	0.00975	0.01317	0.01289	0.00805	0.74292	0.03923	0.07282	0.01090	0.01073	0.00766	0.00520	0.00431	0.00130	0.00465	0.00393	0.00437	0.00731
165	0.00560	0.00438	0.00514	0.00552	0.00662	0.00393	0.00426	0.00689	0.00972	0.01221	0.09386	0.19296	0.44128	0.01145	0.00535	0.00162	0.00262	0.17884	0.00405	0.00371
166	0.01715	0.01046	0.01187	0.00911	0.01248	0.01102	0.00752	0.54995	0.01760	0.27426	0.01247	0.01178	0.00842	0.00522	0.00429	0.00130	0.00436	0.00402	0.01944	0.00727
167	0.00537	0.00386	0.00511	0.00602	0.00638	0.00360	0.00413	0.00625	0.00855	0.01139	0.05864	0.74450	0.05284	0.01313	0.00549	0.00174	0.00255	0.05286	0.00403	0.00355
168	0.00615	0.00462	0.00692	0.00692	0.00769	0.00538	0.00538	0.00769	0.00692	0.01000	0.01154	0.01692	0.01077	0.03231	0.83154	0.00692	0.01154	0.00462	0.00231	0.00385
169	0.87904	0.00833	0.00633	0.00566	0.00833	0.00966	0.00467	0.01266	0.00733	0.01933	0.00600	0.00700	0.00467	0.00400	0.00267	0.00133	0.00333	0.00233	0.00267	0.00467

[dist]
# distance from previous block
# <min> <max>
0	4

[block]
# block no. 4 follows, 61 sequences, length 25
# corresponding to MSA columns:
# 403-427
name=unknown_E
#
# <colnr> <probs for GDERKNQSTAVLIFYWHMCP>
#	G	D	E	R	K	N	Q	S	T	A	V	L	I	F	Y	W	H	M	C	P
0	0.87904	0.00833	0.00633	0.00566	0.00833	0.00966	0.00467	0.01266	0.00733	0.01933	0.00600	0.00700	0.00467	0.00400	0.00267	0.00133	0.00333	0.00233	0.00267	0.00467
1	0.00531	0.00382	0.00504	0.00591	0.00625	0.00355	0.00398	0.00617	0.00860	0.01151	0.08736	0.75926	0.05115	0.01305	0.00545	0.00171	0.00245	0.01181	0.00406	0.00355
2	0.00535	0.00400	0.00496	0.00551	0.00617	0.00362	0.00383	0.00638	0.00926	0.01216	0.15602	0.51890	0.22392	0.01211	0.00533	0.00161	0.00235	0.01076	0.00412	0.00362
3	0.00543	0.00390	0.00514	0.00583	0.00628	0.00362	0.00399	0.00646	0.00913	0.01236	0.19468	0.65123	0.05108	0.01243	0.00540	0.00166	0.00239	0.01121	0.00416	0.00362
4	0.00631	0.00423	0.00486	0.00493	0.00501	0.00423	0.00293	0.00646	0.00653	0.00868	0.01425	0.02968	0.01633	0.78751	0.02076	0.00402	0.00416	0.06370	0.00271	0.00271
5	0.09427	0.01173	0.01233	0.00953	0.01290	0.01302	0.00787	0.73562	0.01909	0.02644	0.00995	0.01004	0.00709	0.00507	0.00416	0.00130	0.00461	0.00374	0.00416	0.00709
6	0.56345	0.00743	0.00692	0.00648	0.00880	0.00821	0.00543	0.01280	0.02505	0.09840	0.01142	0.01805	0.01032	0.00609	0.00366	0.00149	0.00352	0.19440	0.00328	0.00481
7	0.00616	0.00419	0.00498	0.00520	0.00534	0.00417	0.00323	0.00647	0.00686	0.00914	0.01576	0.15056	0.01816	0.63818	0.03855	0.00371	0.00410	0.06945	0.00292	0.00288
8	0.00537	0.00384	0.00514	0.00614	0.00644	0.00361	0.00421	0.00621	0.00837	0.01113	0.02367	0.78759	0.02822	0.01338	0.00553	0.00177	0.00261	0.06924	0.00400	0.00353
