[name]
unknown

[dist]
# distance from previous block
# <min> <max>
1	443

[block]
# block no. 0 follows, 55 sequences, length 26
# corresponding to MSA columns:
# 481-500,507-512
name=unknown_A
#
# <colnr> <probs for GDERKNQSTAVLIFYWHMCP>
#	G	D	E	R	K	N	Q	S	T	A	V	L	I	F	Y	W	H	M	C	P
0	0.01210	0.01169	0.06627	0.24831	0.10723	0.10143	0.07871	0.03871	0.08570	0.10323	0.01188	0.01347	0.03576	0.00501	0.00462	0.00142	0.00573	0.00436	0.00301	0.06134
1	0.02635	0.02582	0.08086	0.28333	0.11349	0.03255	0.10947	0.01446	0.09892	0.03704	0.01107	0.02636	0.02239	0.01887	0.00552	0.00157	0.04883	0.00459	0.03254	0.00594
2	0.01088	0.05214	0.01634	0.10053	0.15866	0.04509	0.12876	0.03917	0.06573	0.01416	0.00958	0.01214	0.02019	0.00641	0.03754	0.00171	0.17409	0.00425	0.00256	0.10007
3	0.05450	0.03750	0.04057	0.03593	0.08043	0.02901	0.11014	0.24029	0.04126	0.05726	0.02654	0.05000	0.02165	0.04844	0.02136	0.00167	0.01884	0.00482	0.00348	0.07631
4	0.08868	0.19845	0.07335	0.03900	0.07599	0.04037	0.03825	0.18190	0.04718	0.05305	0.02548	0.01179	0.03161	0.00519	0.00474	0.00136	0.05220	0.00389	0.00313	0.02439
5	0.02137	0.02077	0.02009	0.00825	0.05481	0.01931	0.00569	0.04849	0.05423	0.02743	0.07399	0.43926	0.06513	0.07426	0.00688	0.00194	0.00344	0.04601	0.00407	0.00460
6	0.00885	0.00750	0.00927	0.00750	0.01023	0.02041	0.03991	0.03890	0.01011	0.01469	0.06722	0.19624	0.02614	0.04802	0.00554	0.00131	0.01925	0.00597	0.00332	0.45960
7	0.01059	0.03600	0.04769	0.17420	0.15100	0.05992	0.11235	0.01284	0.00915	0.01255	0.00784	0.01159	0.00679	0.03236	0.00897	0.00175	0.29234	0.00423	0.00217	0.00568
8	0.00613	0.00432	0.00561	0.00644	0.00678	0.00413	0.00441	0.00698	0.00885	0.01179	0.04849	0.55981	0.02804	0.17283	0.00941	0.00241	0.00322	0.10265	0.00405	0.00367
9	0.00971	0.03481	0.58292	0.01564	0.14353	0.01074	0.06732	0.01437	0.01017	0.01494	0.04649	0.01142	0.00802	0.00458	0.00455	0.00146	0.00647	0.00391	0.00219	0.00678
10	0.01662	0.01113	0.01234	0.00966	0.01300	0.01197	0.00791	0.54531	0.06007	0.14495	0.07887	0.01436	0.01191	0.00597	0.00468	0.00141	0.00453	0.00467	0.03315	0.00747
11	0.00626	0.00466	0.00577	0.00565	0.00672	0.00423	0.00414	0.00800	0.01192	0.01625	0.52779	0.12731	0.20348	0.03949	0.00618	0.00164	0.00237	0.00920	0.00478	0.00417
12	0.01423	0.13698	0.11039	0.01096	0.01462	0.12837	0.09202	0.12473	0.07983	0.14775	0.04614	0.01308	0.02359	0.00537	0.00479	0.00138	0.03141	0.00426	0.00349	0.00660
13	0.00906	0.00855	0.01445	0.74582	0.10941	0.01041	0.01306	0.01212	0.00943	0.01222	0.00832	0.01231	0.00632	0.00460	0.00465	0.00153	0.00613	0.00414	0.00209	0.00539
14	0.00581	0.00462	0.00506	0.00514	0.00632	0.00404	0.00369	0.00698	0.01040	0.01306	0.15717	0.13967	0.51452	0.09378	0.00736	0.00189	0.00259	0.00972	0.00429	0.00387
15	0.11599	0.01006	0.01073	0.00887	0.01179	0.03036	0.00715	0.29816	0.14284	0.15619	0.07895	0.04247	0.01358	0.02294	0.00499	0.00154	0.00424	0.02780	0.00457	0.00679
16	0.01551	0.01326	0.01461	0.04397	0.15427	0.13599	0.02441	0.36012	0.05578	0.06802	0.01050	0.01140	0.00786	0.00535	0.00526	0.00142	0.05740	0.00410	0.00366	0.00709
17	0.00570	0.00445	0.00509	0.00550	0.00643	0.00398	0.00385	0.00666	0.00956	0.01197	0.03531	0.34374	0.42353	0.07732	0.03314	0.00211	0.00298	0.01073	0.00414	0.00379
18	0.00965	0.00827	0.00965	0.00689	0.01102	0.00620	0.00551	0.01171	0.00965	0.01516	0.00827	0.00965	0.00689	0.00345	0.00345	0.00069	0.00345	0.00276	0.00276	0.86494
19	0.00580	0.00461	0.00521	0.00530	0.00653	0.00402	0.00388	0.00717	0.01096	0.01398	0.23409	0.17578	0.48286	0.01168	0.00557	0.00160	0.00237	0.01004	0.00452	0.00402
20	0.00646	0.00473	0.00606	0.00577	0.00689	0.00433	0.00431	0.00853	0.01282	0.01793	0.71602	0.05758	0.11148	0.00985	0.00550	0.00148	0.00222	0.00867	0.00503	0.00433
21	0.04170	0.05046	0.70978	0.01253	0.01891	0.01098	0.01582	0.03755	0.01019	0.01537	0.03004	0.01038	0.00696	0.00457	0.00435	0.00145	0.00651	0.00353	0.00217	0.00674
22	0.01542	0.03878	0.01291	0.01014	0.01340	0.05285	0.00822	0.43722	0.27721	0.05096	0.01365	0.01322	0.01001	0.00619	0.01699	0.00153	0.00487	0.00446	0.00449	0.00749
23	0.53968	0.01013	0.00924	0.00766	0.01077	0.01142	0.00630	0.26586	0.01277	0.04704	0.03482	0.00987	0.00745	0.00494	0.00359	0.00143	0.00406	0.00332	0.00361	0.00603
24	0.00672	0.00488	0.00603	0.00604	0.00691	0.00476	0.00439	0.00775	0.03479	0.01245	0.14312	0.13175	0.28187	0.05993	0.04881	0.16973	0.03078	0.03182	0.00376	0.00372
25	0.05133	0.03052	0.07204	0.01541	0.19596	0.15265	0.06516	0.05541	0.03650	0.01428	0.00922	0.01192	0.01972	0.02760	0.05352	0.00193	0.17421	0.00410	0.00252	0.00599

[dist]
# distance from previous block
# <min> <max>
0	4

[block]
# block no. 1 follows, 55 sequences, length 33
# corresponding to MSA columns:
# 518-550
name=unknown_B
#
# <colnr> <probs for GDERKNQSTAVLIFYWHMCP>
#	G	D	E	R	K	N	Q	S	T	A	V	L	I	F	Y	W	H	M	C	P
0	0.00650	0.00476	0.00593	0.00585	0.00699	0.00440	0.00437	0.00817	0.01134	0.03011	0.39604	0.11500	0.24882	0.03074	0.07591	0.00214	0.00332	0.03087	0.00453	0.00421
1	0.00665	0.00498	0.00748	0.00748	0.00831	0.00582	0.00582	0.00831	0.00748	0.01080	0.01246	0.01828	0.01163	0.03489	0.81807	0.00748	0.01246	0.00498	0.00249	0.00415
2	0.14491	0.10108	0.06539	0.03136	0.03935	0.07347	0.06850	0.10906	0.04643	0.05294	0.04380	0.01294	0.00932	0.06552	0.00709	0.02508	0.09083	0.00413	0.00302	0.00578
3	0.01085	0.01023	0.01615	0.32112	0.42470	0.03174	0.01295	0.06164	0.01088	0.01467	0.00992	0.01281	0.03269	0.00469	0.00464	0.00145	0.00572	0.00430	0.00243	0.00643
4	0.00585	0.00464	0.00526	0.00535	0.00660	0.00406	0.00395	0.00725	0.01102	0.01407	0.24012	0.15831	0.47770	0.01163	0.00558	0.00160	0.00241	0.02604	0.00453	0.00403
5	0.01129	0.01083	0.01848	0.09369	0.74409	0.01099	0.01417	0.01408	0.01049	0.01493	0.00871	0.01159	0.00727	0.00419	0.00461	0.00140	0.00558	0.00414	0.00228	0.00719
6	0.04194	0.03162	0.08898	0.20645	0.14347	0.20097	0.02374	0.01496	0.04870	0.03486	0.02661	0.01321	0.00850	0.00534	0.00520	0.00147	0.05826	0.03727	0.00259	0.00588
7	0.01721	0.01288	0.01350	0.03170	0.01453	0.05749	0.00872	0.65925	0.03327	0.06660	0.01171	0.03104	0.00859	0.00575	0.00466	0.00141	0.00519	0.00438	0.00451	0.00760
8	0.01740	0.02160	0.01323	0.01191	0.01438	0.76785	0.00898	0.06669	0.01372	0.01250	0.00744	0.00856	0.00611	0.00484	0.00422	0.00121	0.00819	0.00307	0.00254	0.00555
9	0.09583	0.01031	0.01145	0.16667	0.01566	0.05631	0.00808	0.28074	0.02534	0.05990	0.02320	0.02392	0.00902	0.07574	0.01458	0.00167	0.00504	0.00423	0.00351	0.10880
10	0.00577	0.00415	0.00549	0.00648	0.00686	0.00387	0.00443	0.00670	0.00919	0.01222	0.05303	0.74265	0.06030	0.01422	0.00593	0.00187	0.00274	0.04592	0.00434	0.00383
11	0.00647	0.00475	0.00574	0.00601	0.00686	0.00446	0.00444	0.00770	0.00994	0.01297	0.16678	0.11484	0.22606	0.22356	0.01041	0.00246	0.00333	0.17538	0.00407	0.00379
12	0.08981	0.02878	0.01371	0.17545	0.04297	0.23841	0.06174	0.12061	0.05126	0.01557	0.00901	0.01108	0.00714	0.00666	0.04968	0.00175	0.05102	0.00384	0.01573	0.00579
13	0.00787	0.00408	0.00608	0.00615	0.00620	0.00410	0.00413	0.00618	0.00630	0.00843	0.00936	0.06529	0.00965	0.01687	0.05200	0.77392	0.00432	0.00465	0.00218	0.00222
14	0.15698	0.00987	0.01065	0.00892	0.01167	0.01108	0.00722	0.34132	0.12917	0.04885	0.01206	0.01328	0.00933	0.01230	0.19349	0.00285	0.00632	0.00427	0.00390	0.00648
15	0.00598	0.00422	0.00535	0.00612	0.00639	0.00400	0.00400	0.00663	0.00848	0.01124	0.02363	0.58870	0.05370	0.21795	0.01033	0.00253	0.00317	0.03007	0.00395	0.00356
16	0.11499	0.28858	0.17150	0.00942	0.01333	0.04693	0.02874	0.12914	0.02833	0.01623	0.00953	0.06079	0.00820	0.00549	0.01301	0.00137	0.00521	0.00386	0.03925	0.00611
17	0.03927	0.00965	0.01209	0.01008	0.01292	0.01035	0.10022	0.10872	0.40735	0.04354	0.04462	0.09928	0.01454	0.00664	0.00482	0.00152	0.00418	0.00583	0.00426	0.06011
18	0.11418	0.00783	0.00993	0.00783	0.01108	0.00717	0.00642	0.04021	0.01292	0.61523	0.10295	0.01686	0.01424	0.00600	0.00456	0.00144	0.00376	0.00483	0.00534	0.00721
19	0.00933	0.02406	0.81240	0.01326	0.02014	0.01080	0.01719	0.01473	0.00982	0.01473	0.00835	0.00982	0.00589	0.00442	0.00442	0.00147	0.00688	0.00344	0.00196	0.00688
20	0.07957	0.06002	0.01519	0.05560	0.09703	0.10482	0.11621	0.11385	0.11610	0.09587	0.01123	0.02836	0.00874	0.00609	0.02686	0.00162	0.04868	0.00438	0.00333	0.00646
21	0.13677	0.01073	0.01118	0.00923	0.01224	0.01196	0.00747	0.40898	0.19467	0.02412	0.05506	0.03705	0.02767	0.00633	0.00456	0.00148	0.00428	0.02490	0.00442	0.00691
22	0.00705	0.00498	0.00606	0.00620	0.00722	0.00470	0.00442	0.00914	0.06769	0.05061	0.20916	0.34752	0.17834	0.06660	0.00679	0.00186	0.00277	0.01006	0.00450	0.00434
23	0.01267	0.00858	0.02811	0.00947	0.01178	0.04461	0.10081	0.06490	0.05453	0.23099	0.01509	0.12460	0.01316	0.08469	0.08406	0.06870	0.02778	0.00596	0.00384	0.00566
24	0.02703	0.00811	0.00900	0.02744	0.01053	0.04733	0.00619	0.10779	0.12020	0.20503	0.05581	0.14922	0.10581	0.07402	0.00650	0.00179	0.00392	0.02394	0.00450	0.00586
25	0.11183	0.00711	0.00895	0.00730	0.01005	0.00654	0.00586	0.01766	0.01223	0.49806	0.16942	0.04105	0.01779	0.03712	0.00533	0.00156	0.00352	0.00546	0.02664	0.00652
26	0.00801	0.00588	0.00703	0.00662	0.00816	0.00587	0.00504	0.01189	0.15892	0.05840	0.33819	0.07580	0.19006	0.01195	0.08498	0.00212	0.00363	0.00785	0.00461	0.00498
27	0.09798	0.26835	0.25786	0.01076	0.01549	0.01261	0.09784	0.01589	0.02949	0.13871	0.00953	0.01030	0.00704	0.00447	0.00399	0.00133	0.00554	0.00352	0.00277	0.00652
28	0.01241	0.00967	0.01111	0.04705	0.04152	0.01057	0.00774	0.32627	0.19833	0.02124	0.05385	0.14138	0.03239	0.00760	0.00497	0.00154	0.00421	0.03801	0.00438	0.02575
29	0.01644	0.00804	0.01011	0.00816	0.01110	0.00765	0.00658	0.13684	0.05981	0.46098	0.13212	0.06718	0.03973	0.00700	0.00489	0.00147	0.00374	0.00583	0.00531	0.00702
30	0.02168	0.00774	0.01220	0.10197	0.18520	0.00791	0.08550	0.05138	0.03396	0.01456	0.05135	0.26303	0.04601	0.03032	0.00578	0.00173	0.00450	0.06639	0.00344	0.00534
31	0.01009	0.00901	0.00974	0.00719	0.01107	0.05365	0.00571	0.02934	0.01024	0.01529	0.03081	0.01113	0.02702	0.00394	0.00362	0.00078	0.00371	0.00313	0.00288	0.75165
32	0.01811	0.00740	0.00988	0.00785	0.01099	0.00648	0.00638	0.02013	0.03264	0.65577	0.06947	0.05426	0.06546	0.00677	0.00484	0.00147	0.00368	0.00563	0.00554	0.00725

[dist]
# distance from previous block
# <min> <max>
0	3

[block]
# block no. 2 follows, 55 sequences, length 23
# corresponding to MSA columns:
# 554-576
name=unknown_C
#
# <colnr> <probs for GDERKNQSTAVLIFYWHMCP>
#	G	D	E	R	K	N	Q	S	T	A	V	L	I	F	Y	W	H	M	C	P
0	0.00716	0.00515	0.00633	0.00608	0.00733	0.00486	0.00460	0.00901	0.02639	0.05573	0.37403	0.11607	0.26150	0.03041	0.00632	0.00166	0.03374	0.03459	0.00463	0.00441
1	0.01015	0.00822	0.01090	0.02798	0.14723	0.00838	0.02749	0.14495	0.06874	0.02599	0.05455	0.11684	0.09013	0.09750	0.04510	0.00207	0.01660	0.01682	0.00361	0.07675
2	0.00805	0.00536	0.00730	0.00818	0.06466	0.00503	0.00558	0.00973	0.02091	0.09197	0.20245	0.34438	0.09123	0.02351	0.00588	0.00175	0.00309	0.09178	0.00448	0.00468
3	0.00676	0.00453	0.00545	0.00569	0.00619	0.00427	0.00369	0.00742	0.00871	0.04147	0.08477	0.30480	0.11797	0.36185	0.01332	0.00291	0.00343	0.00938	0.00380	0.00359
4	0.01146	0.04569	0.43287	0.01361	0.02997	0.20074	0.11974	0.01524	0.01067	0.01367	0.00877	0.04094	0.00704	0.00489	0.00478	0.00143	0.02602	0.00398	0.00222	0.00627
5	0.47689	0.02319	0.00942	0.03515	0.01111	0.01020	0.03579	0.05484	0.06786	0.05348	0.01011	0.05775	0.00868	0.02248	0.00480	0.00156	0.05326	0.02415	0.00324	0.03604
6	0.00993	0.00844	0.00980	0.00703	0.01115	0.00649	0.00563	0.03949	0.01008	0.01566	0.00837	0.00970	0.00693	0.00352	0.00349	0.00071	0.00350	0.00281	0.00282	0.83443
7	0.00564	0.00443	0.00505	0.00549	0.00645	0.00390	0.00386	0.00665	0.00984	0.01232	0.05751	0.37311	0.43532	0.04053	0.00629	0.00180	0.00257	0.01110	0.00429	0.00384
8	0.01316	0.01118	0.01347	0.01220	0.07485	0.05388	0.05544	0.22428	0.22233	0.04578	0.02438	0.01586	0.01100	0.02326	0.00683	0.00165	0.13140	0.04852	0.00382	0.00670
9	0.01119	0.00923	0.01334	0.12411	0.09169	0.00988	0.10626	0.07702	0.23364	0.07512	0.08970	0.05886	0.05115	0.00648	0.00515	0.00154	0.01963	0.00579	0.00385	0.00635
10	0.00645	0.00464	0.00555	0.00579	0.00690	0.00412	0.00422	0.00774	0.01057	0.04709	0.16786	0.31611	0.34776	0.01214	0.00564	0.00168	0.00258	0.03450	0.00452	0.00413
11	0.01244	0.83930	0.02438	0.00796	0.01194	0.01841	0.00796	0.01393	0.00945	0.01095	0.00647	0.00746	0.00597	0.00398	0.00299	0.00100	0.00498	0.00249	0.00199	0.00597
12	0.04141	0.03901	0.01791	0.03607	0.12182	0.16925	0.22197	0.17407	0.06387	0.01735	0.00977	0.01182	0.00766	0.00491	0.00503	0.00144	0.03156	0.01557	0.00299	0.00651
13	0.00601	0.00445	0.00542	0.00577	0.00647	0.00415	0.00397	0.00703	0.00954	0.01254	0.14752	0.33271	0.22201	0.15218	0.05637	0.00251	0.00341	0.01008	0.00408	0.00377
14	0.05688	0.00476	0.00605	0.00664	0.00743	0.00460	0.00493	0.00804	0.01028	0.01450	0.22243	0.43138	0.04497	0.01234	0.00572	0.00179	0.00290	0.14584	0.00443	0.00410
15	0.00844	0.00435	0.00449	0.00450	0.00556	0.00432	0.00336	0.01056	0.00992	0.01722	0.06190	0.04867	0.01450	0.00600	0.00348	0.00114	0.00219	0.00491	0.78019	0.00432
16	0.01138	0.01089	0.01858	0.10121	0.69488	0.01108	0.03776	0.03106	0.01073	0.01519	0.00878	0.01162	0.00726	0.00422	0.00464	0.00140	0.00565	0.00419	0.00233	0.00714
17	0.33981	0.01129	0.01062	0.00864	0.01184	0.04208	0.00706	0.40661	0.03123	0.02427	0.01151	0.01179	0.05367	0.00545	0.00401	0.00142	0.00447	0.00386	0.00388	0.00648
18	0.00566	0.00427	0.00524	0.00601	0.00668	0.00386	0.00416	0.00661	0.00944	0.01212	0.03189	0.58579	0.25685	0.01372	0.00582	0.00180	0.00263	0.02928	0.00432	0.00383
19	0.01229	0.77377	0.04976	0.00910	0.04967	0.01781	0.00856	0.01397	0.00952	0.01127	0.00664	0.00773	0.00603	0.00400	0.00311	0.00103	0.00506	0.00260	0.00200	0.00607
20	0.00808	0.00639	0.00702	0.00657	0.00832	0.00632	0.00508	0.10831	0.10675	0.01637	0.14716	0.08981	0.38281	0.02495	0.00571	0.00164	0.00302	0.05627	0.00450	0.00490
21	0.00695	0.00505	0.00637	0.00607	0.00718	0.00477	0.00449	0.04522	0.01275	0.01775	0.61348	0.12436	0.08035	0.03693	0.00609	0.00161	0.00247	0.00878	0.00489	0.00441
22	0.00937	0.02247	0.73006	0.01328	0.01971	0.01054	0.06029	0.01433	0.00971	0.01443	0.00840	0.01018	0.00606	0.00494	0.00513	0.04213	0.00680	0.00358	0.00199	0.00661

[dist]
# distance from previous block
# <min> <max>
0	5

[block]
# block no. 3 follows, 55 sequences, length 7
# corresponding to MSA columns:
# 582-588
name=unknown_D
#
# <colnr> <probs for GDERKNQSTAVLIFYWHMCP>
#	G	D	E	R	K	N	Q	S	T	A	V	L	I	F	Y	W	H	M	C	P
0	0.00631	0.00469	0.00556	0.00549	0.00646	0.00430	0.00393	0.00770	0.01083	0.01444	0.36130	0.06482	0.25803	0.18488	0.00938	0.00218	0.00283	0.03863	0.00434	0.00390
1	0.03083	0.01038	0.01084	0.01010	0.03947	0.16262	0.03964	0.01407	0.11447	0.01394	0.01126	0.01387	0.00944	0.01173	0.17025	0.00268	0.15879	0.00428	0.16609	0.00525
2	0.00608	0.00435	0.00568	0.00635	0.00674	0.00428	0.00434	0.00693	0.00845	0.01130	0.02265	0.49682	0.06170	0.17346	0.12450	0.00318	0.00448	0.04126	0.00377	0.00368
3	0.01008	0.00792	0.00896	0.00679	0.01024	0.00666	0.00540	0.06236	0.05256	0.01671	0.01034	0.01162	0.00830	0.00411	0.00355	0.00086	0.00332	0.00328	0.16634	0.60059
4	0.00906	0.00760	0.00900	0.00669	0.01025	0.00586	0.00530	0.01116	0.01032	0.01582	0.15969	0.01442	0.01392	0.00460	0.00383	0.00084	0.00321	0.00383	0.00321	0.70140
5	0.00934	0.01426	0.29278	0.01306	0.03555	0.00985	0.19753	0.03390	0.01074	0.01534	0.16121	0.01673	0.03804	0.00715	0.03962	0.00180	0.08911	0.00523	0.00284	0.00592
6	0.00868	0.00875	0.08634	0.02855	0.18373	0.00741	0.07001	0.01131	0.02545	0.03447	0.10068	0.18093	0.05067	0.01000	0.04361	0.00194	0.00487	0.13369	0.00350	0.00541

[dist]
# distance from previous block
# <min> <max>
0	5

[block]
# block no. 4 follows, 55 sequences, length 9
# corresponding to MSA columns:
# 600-608
name=unknown_E
#
# <colnr> <probs for GDERKNQSTAVLIFYWHMCP>
#	G	D	E	R	K	N	Q	S	T	A	V	L	I	F	Y	W	H	M	C	P
0	0.00692	0.00497	0.00626	0.00669	0.00789	0.00460	0.00536	0.00856	0.01080	0.04012	0.13000	0.16381	0.27305	0.01212	0.00589	0.00182	0.00317	0.29929	0.00445	0.00423
1	0.00647	0.00481	0.00693	0.00708	0.00782	0.00538	0.00534	0.00789	0.00776	0.01092	0.01582	0.13534	0.04602	0.07830	0.62433	0.00628	0.01021	0.00645	0.00284	0.00401
2	0.01091	0.00995	0.02985	0.04656	0.01083	0.16804	0.00668	0.08447	0.06842	0.01360	0.05553	0.05369	0.01181	0.04416	0.05620	0.22836	0.02983	0.00479	0.06180	0.00453
3	0.01410	0.01704	0.08434	0.03236	0.13264	0.40617	0.01018	0.07532	0.06476	0.01433	0.01084	0.01373	0.02892	0.00609	0.02054	0.00149	0.00689	0.05140	0.00283	0.00600
4	0.01289	0.00970	0.01056	0.00930	0.01207	0.01090	0.00729	0.02443	0.68805	0.13127	0.01885	0.01714	0.01382	0.00623	0.00473	0.00156	0.00372	0.00518	0.00488	0.00744
5	0.01057	0.01009	0.01717	0.30467	0.53876	0.01080	0.01381	0.01345	0.01015	0.01405	0.00858	0.01182	0.00696	0.00432	0.00462	0.00144	0.00576	0.00414	0.00222	0.00661
6	0.03324	0.25202	0.28298	0.06100	0.03324	0.01321	0.13049	0.05924	0.04251	0.03774	0.00881	0.01025	0.00673	0.00441	0.00418	0.00135	0.00602	0.00366	0.00244	0.00649
7	0.00666	0.00491	0.00713	0.00725	0.00798	0.00555	0.00554	0.00814	0.00768	0.01087	0.01413	0.06437	0.01410	0.11332	0.64526	0.00656	0.01064	0.05319	0.00273	0.00401
8	0.00745	0.00502	0.00668	0.00647	0.00769	0.00469	0.00508	0.00961	0.01272	0.05632	0.62224	0.03711	0.03915	0.00995	0.00562	0.00159	0.00267	0.15040	0.00500	0.00454

[dist]
# distance from previous block
# <min> <max>
0	12

[block]
# block no. 5 follows, 55 sequences, length 11
# corresponding to MSA columns:
# 621-629,641,642
name=unknown_F
#
# <colnr> <probs for GDERKNQSTAVLIFYWHMCP>
#	G	D	E	R	K	N	Q	S	T	A	V	L	I	F	Y	W	H	M	C	P
0	0.00576	0.00419	0.00544	0.00634	0.00680	0.00387	0.00435	0.00671	0.00935	0.01235	0.06706	0.68968	0.10841	0.01399	0.00589	0.00184	0.00269	0.03708	0.00436	0.00384
1	0.01062	0.00969	0.01452	0.13571	0.36429	0.02374	0.02436	0.05399	0.11003	0.01547	0.01406	0.04091	0.04866	0.00626	0.00513	0.00155	0.02116	0.09039	0.00306	0.00638
2	0.00879	0.00827	0.01395	0.82532	0.03204	0.01034	0.01292	0.01189	0.00930	0.01189	0.00827	0.01240	0.00620	0.00465	0.00465	0.00155	0.00620	0.00413	0.00207	0.00517
3	0.01973	0.00783	0.01054	0.00820	0.01162	0.00690	0.00673	0.02201	0.04567	0.73580	0.06041	0.01691	0.01336	0.00598	0.00472	0.00145	0.00385	0.00490	0.00568	0.00771
4	0.24082	0.41455	0.11065	0.00862	0.01244	0.12119	0.00840	0.01457	0.00958	0.01409	0.00679	0.00789	0.00572	0.00423	0.00329	0.00120	0.00528	0.00267	0.00228	0.00575
5	0.01768	0.01303	0.01396	0.01070	0.01443	0.01443	0.00884	0.79197	0.02187	0.02932	0.01117	0.01117	0.00791	0.00558	0.00465	0.00140	0.00512	0.00419	0.00465	0.00791
6	0.00734	0.00496	0.00647	0.00625	0.00738	0.00464	0.00478	0.00930	0.01221	0.05265	0.57079	0.03632	0.05797	0.08072	0.00714	0.00182	0.00277	0.11729	0.00481	0.00439
7	0.01202	0.01191	0.01765	0.02543	0.66863	0.08021	0.01321	0.01558	0.08112	0.01525	0.00953	0.01177	0.00786	0.00439	0.00458	0.00138	0.00561	0.00415	0.00253	0.00720
8	0.01090	0.08443	0.10717	0.04663	0.02160	0.05300	0.52597	0.01444	0.01069	0.01412	0.00985	0.04326	0.00810	0.00466	0.00510	0.00152	0.00719	0.02290	0.00239	0.00609
9	0.00584	0.00456	0.00512	0.00541	0.00641	0.00405	0.00384	0.00687	0.00981	0.01227	0.07154	0.23322	0.44511	0.12166	0.00805	0.00206	0.00280	0.04345	0.00416	0.00378
10	0.57600	0.00932	0.00840	0.00716	0.01011	0.01046	0.00585	0.12643	0.06012	0.08954	0.05059	0.01081	0.00860	0.00502	0.00354	0.00144	0.00378	0.00342	0.00361	0.00581

[dist]
# distance from previous block
# <min> <max>
0	20

[block]
# block no. 6 follows, 55 sequences, length 24
# corresponding to MSA columns:
# 663-686
name=unknown_G
#
# <colnr> <probs for GDERKNQSTAVLIFYWHMCP>
#	G	D	E	R	K	N	Q	S	T	A	V	L	I	F	Y	W	H	M	C	P
0	0.01276	0.73549	0.05358	0.00852	0.01247	0.08911	0.00841	0.01437	0.00980	0.01113	0.00660	0.00764	0.00597	0.00407	0.00315	0.00103	0.00535	0.00257	0.00203	0.00595
1	0.45676	0.11115	0.05181	0.07013	0.01271	0.05198	0.00749	0.08084	0.05033	0.01840	0.00777	0.00901	0.00610	0.00472	0.00401	0.00142	0.04383	0.00307	0.00285	0.00564
2	0.01937	0.00758	0.01031	0.00802	0.01136	0.00658	0.00658	0.02121	0.01330	0.72737	0.10112	0.01782	0.01492	0.00615	0.00476	0.00144	0.00377	0.00507	0.00569	0.00755
3	0.00574	0.00419	0.00527	0.00609	0.00653	0.00386	0.00407	0.00653	0.00898	0.01173	0.02792	0.64494	0.14624	0.08557	0.00741	0.00207	0.00280	0.01215	0.00419	0.00372
4	0.01229	0.20890	0.06702	0.00957	0.01275	0.10509	0.00829	0.03931	0.42691	0.01643	0.03754	0.01386	0.01151	0.00554	0.00426	0.00138	0.00473	0.00429	0.00364	0.00670
5	0.00858	0.00637	0.00745	0.03791	0.00905	0.04660	0.00538	0.01143	0.07236	0.07681	0.52360	0.08595	0.05970	0.00904	0.00532	0.00150	0.00298	0.02027	0.00479	0.00490
6	0.13280	0.00760	0.00954	0.00763	0.01077	0.00697	0.00622	0.01968	0.01218	0.60319	0.03760	0.05681	0.01250	0.00609	0.00445	0.00144	0.00371	0.00490	0.04884	0.00705
7	0.01217	0.76883	0.09250	0.00842	0.01265	0.01775	0.00876	0.01400	0.00948	0.01127	0.00663	0.00767	0.00596	0.00402	0.00311	0.00104	0.00514	0.00257	0.00199	0.00605
8	0.01112	0.01142	0.05123	0.02574	0.64339	0.01088	0.09325	0.01403	0.01051	0.01498	0.00952	0.02825	0.00824	0.00465	0.00496	0.00145	0.02098	0.02598	0.00238	0.00704
9	0.00745	0.00523	0.00764	0.04872	0.00925	0.00592	0.00582	0.00897	0.00775	0.04878	0.01282	0.01949	0.01206	0.13938	0.63152	0.00649	0.01067	0.00517	0.00267	0.00421
10	0.00646	0.00473	0.00606	0.00583	0.00694	0.00434	0.00437	0.00848	0.01266	0.01763	0.67649	0.07423	0.11721	0.01005	0.00553	0.00151	0.00228	0.02591	0.00499	0.00431
11	0.01192	0.70288	0.15625	0.00885	0.01331	0.01714	0.00950	0.01406	0.00951	0.01158	0.00678	0.00786	0.00596	0.00405	0.00323	0.00108	0.00529	0.00265	0.00199	0.00612
12	0.01047	0.01062	0.04171	0.24587	0.41387	0.01136	0.04818	0.01319	0.00971	0.01365	0.00824	0.01155	0.00680	0.00488	0.00625	0.00154	0.12939	0.00417	0.00219	0.00635
13	0.00665	0.00496	0.00734	0.00734	0.00813	0.00574	0.00565	0.00822	0.00744	0.01070	0.01258	0.01895	0.01192	0.07953	0.77383	0.00731	0.01202	0.00508	0.00251	0.00408
14	0.00567	0.00405	0.00540	0.00648	0.00675	0.00378	0.00432	0.00648	0.00891	0.01188	0.02564	0.83347	0.03077	0.01457	0.00594	0.00189	0.00270	0.01323	0.00432	0.00378
15	0.00921	0.00780	0.00915	0.00672	0.01046	0.00595	0.00534	0.01127	0.01005	0.01547	0.09563	0.01327	0.03135	0.00432	0.00372	0.00080	0.00328	0.00355	0.00305	0.74962
16	0.07827	0.16459	0.12677	0.00848	0.01268	0.00998	0.00808	0.03553	0.03469	0.22820	0.01091	0.01104	0.00792	0.00451	0.00386	0.00116	0.00441	0.00341	0.00342	0.24208
17	0.01205	0.36876	0.07715	0.00881	0.03162	0.01197	0.03754	0.01423	0.02587	0.14382	0.03600	0.03179	0.11738	0.00620	0.01614	0.00134	0.00461	0.00454	0.00317	0.04702
18	0.07912	0.17053	0.04487	0.02388	0.01244	0.04964	0.02804	0.07262	0.07374	0.03672	0.04428	0.01141	0.00901	0.00556	0.02909	0.00132	0.02503	0.00353	0.00300	0.27616
19	0.11726	0.17839	0.01502	0.00957	0.01285	0.01119	0.11560	0.07409	0.10426	0.16456	0.05204	0.01375	0.01067	0.02382	0.05448	0.00179	0.00515	0.00432	0.00360	0.02758
20	0.06956	0.49155	0.08018	0.00939	0.01328	0.03074	0.07491	0.05156	0.04023	0.03610	0.04135	0.02566	0.00859	0.00469	0.00368	0.00120	0.00511	0.00352	0.00260	0.00608
21	0.03303	0.16384	0.10273	0.01474	0.17331	0.03305	0.13231	0.04056	0.09872	0.10772	0.02127	0.01197	0.00855	0.00465	0.00437	0.00135	0.00545	0.00411	0.00303	0.03524
22	0.01221	0.16638	0.09188	0.00957	0.02566	0.04437	0.06035	0.06373	0.09876	0.13197	0.14676	0.01757	0.04614	0.00603	0.00450	0.00136	0.00454	0.01457	0.02143	0.03223
23	0.04320	0.24098	0.08441	0.00994	0.02588	0.03577	0.09099	0.06802	0.02782	0.10866	0.13313	0.02684	0.04801	0.00588	0.00469	0.00136	0.03021	0.00478	0.00337	0.00606

[dist]
# distance from previous block
# <min> <max>
2	60

[block]
# block no. 7 follows, 55 sequences, length 39
# corresponding to MSA columns:
# 748-786
name=unknown_H
#
# <colnr> <probs for GDERKNQSTAVLIFYWHMCP>
#	G	D	E	R	K	N	Q	S	T	A	V	L	I	F	Y	W	H	M	C	P
0	0.08531	0.14849	0.04997	0.08010	0.01342	0.06521	0.00778	0.11312	0.05412	0.07252	0.05711	0.02845	0.04734	0.00566	0.00417	0.00129	0.00459	0.02734	0.01443	0.11958
1	0.03551	0.19967	0.06041	0.02184	0.02553	0.11273	0.00821	0.09513	0.13699	0.14647	0.05546	0.02575	0.01155	0.01639	0.00454	0.00140	0.00494	0.02735	0.00367	0.00646
2	0.14213	0.03786	0.19533	0.02645	0.13103	0.01096	0.02032	0.18278	0.03832	0.06644	0.04772	0.03073	0.00945	0.00518	0.00432	0.00141	0.00503	0.00414	0.00329	0.03711
3	0.16034	0.03419	0.08997	0.03343	0.05251	0.17279	0.00863	0.08852	0.07120	0.02947	0.00889	0.01002	0.00697	0.00468	0.00436	0.00126	0.03683	0.00334	0.00292	0.17971
4	0.11704	0.03991	0.14661	0.11197	0.04505	0.03204	0.00907	0.04055	0.08804	0.12162	0.10727	0.01787	0.08347	0.00616	0.00452	0.00147	0.00458	0.01315	0.00358	0.00602
5	0.09705	0.02927	0.01275	0.02215	0.06597	0.10832	0.00841	0.38387	0.04653	0.10562	0.02623	0.01354	0.02424	0.00569	0.00449	0.00141	0.00510	0.02835	0.00408	0.00695
6	0.07976	0.01055	0.01654	0.10861	0.47820	0.02461	0.03808	0.01350	0.00973	0.01463	0.00822	0.01118	0.00692	0.00488	0.00617	0.00151	0.13665	0.00403	0.01978	0.00645
7	0.01638	0.00825	0.01033	0.02348	0.01185	0.00803	0.00684	0.02150	0.23875	0.47468	0.08775	0.01770	0.01492	0.00616	0.00473	0.00146	0.00375	0.00511	0.00525	0.03309
8	0.00984	0.00683	0.00865	0.00858	0.07059	0.01996	0.02925	0.01283	0.09716	0.15063	0.19295	0.07069	0.28557	0.00888	0.00520	0.00152	0.00327	0.00764	0.00453	0.00543
9	0.01000	0.01024	0.01897	0.19536	0.18744	0.02229	0.30210	0.01290	0.01008	0.01366	0.01082	0.11429	0.00982	0.00572	0.00574	0.00159	0.05487	0.00575	0.00251	0.00587
10	0.01409	0.00943	0.01059	0.00914	0.01204	0.01029	0.00722	0.02417	0.58621	0.23382	0.01878	0.01694	0.01347	0.00616	0.00472	0.00154	0.00376	0.00510	0.00501	0.00751
11	0.00622	0.00490	0.00549	0.00543	0.00668	0.00447	0.00397	0.02910	0.01062	0.01349	0.15933	0.10039	0.47235	0.08990	0.06476	0.00227	0.00335	0.00908	0.00419	0.00401
12	0.01017	0.03758	0.05881	0.09969	0.14691	0.01181	0.13522	0.03561	0.00958	0.01350	0.02696	0.02831	0.06075	0.00642	0.00855	0.00168	0.29537	0.00487	0.00246	0.00575
13	0.00992	0.00978	0.01439	0.20134	0.05321	0.01320	0.01100	0.01150	0.00779	0.01154	0.00673	0.01075	0.00619	0.00715	0.01232	0.00189	0.59995	0.00409	0.00206	0.00521
14	0.49288	0.00799	0.00745	0.00661	0.00904	0.00878	0.00533	0.06799	0.02682	0.05688	0.22617	0.01708	0.01694	0.00617	0.00394	0.00147	0.00336	0.02606	0.00383	0.00522
15	0.03461	0.12803	0.01630	0.01214	0.07050	0.13580	0.15226	0.01743	0.01183	0.28787	0.05439	0.01348	0.01035	0.00589	0.02728	0.00153	0.00575	0.00438	0.00364	0.00655
16	0.00902	0.00867	0.01503	0.68464	0.04825	0.01043	0.08061	0.01209	0.00952	0.01241	0.03219	0.01299	0.00743	0.00484	0.00510	0.00156	0.03336	0.00438	0.00219	0.00529
17	0.00654	0.00440	0.00514	0.00540	0.00562	0.00429	0.00330	0.00697	0.00781	0.01062	0.04245	0.23425	0.05122	0.52682	0.01684	0.00346	0.00377	0.00844	0.04944	0.00323
18	0.05672	0.01243	0.01371	0.05361	0.04477	0.01381	0.00904	0.66259	0.04348	0.02719	0.01094	0.01126	0.00786	0.00544	0.00457	0.00141	0.00508	0.00414	0.00435	0.00760
19	0.02860	0.00871	0.01454	0.68541	0.14973	0.01045	0.01295	0.01229	0.00947	0.01259	0.00830	0.01216	0.00635	0.00457	0.00460	0.00152	0.00604	0.00410	0.00212	0.00550
20	0.01165	0.01130	0.01875	0.02818	0.78955	0.02929	0.01416	0.01437	0.01065	0.01511	0.00872	0.01144	0.00734	0.00416	0.00460	0.00138	0.00559	0.00412	0.00230	0.00732
21	0.00567	0.00405	0.00540	0.00648	0.00675	0.00378	0.00432	0.00648	0.00891	0.01188	0.02564	0.83347	0.03077	0.01457	0.00594	0.00189	0.00270	0.01323	0.00432	0.00378
22	0.01104	0.01177	0.02341	0.06407	0.22593	0.01149	0.49729	0.01523	0.06284	0.01512	0.00981	0.01259	0.00756	0.00418	0.00517	0.00152	0.00688	0.00506	0.00248	0.00657
23	0.00977	0.00896	0.01440	0.65415	0.10869	0.01081	0.01261	0.06758	0.02328	0.01357	0.00865	0.01225	0.00657	0.00478	0.00490	0.00153	0.02540	0.00416	0.00232	0.00562
24	0.05496	0.00831	0.01357	0.78137	0.03081	0.01034	0.01250	0.01198	0.00923	0.01237	0.00817	0.01214	0.00614	0.00463	0.00456	0.00154	0.00606	0.00405	0.00211	0.00516
25	0.00567	0.00405	0.00540	0.00648	0.00675	0.00378	0.00432	0.00648	0.00891	0.01188	0.02564	0.83347	0.03077	0.01457	0.00594	0.00189	0.00270	0.01323	0.00432	0.00378
26	0.01200	0.01021	0.01076	0.00956	0.01226	0.01177	0.00747	0.07907	0.74403	0.02016	0.01838	0.01692	0.01376	0.00626	0.00473	0.00157	0.00378	0.00518	0.00473	0.00740
27	0.00942	0.00907	0.01583	0.41445	0.14143	0.01000	0.15046	0.02797	0.00992	0.01311	0.01176	0.01578	0.06393	0.06305	0.00640	0.00174	0.02281	0.00496	0.00242	0.00550
28	0.00933	0.00915	0.01645	0.64094	0.08574	0.01061	0.13651	0.01253	0.00966	0.01260	0.00848	0.01236	0.00642	0.00450	0.00478	0.00154	0.00641	0.00435	0.00213	0.00550
29	0.01271	0.00974	0.01055	0.00932	0.01207	0.01099	0.00730	0.02447	0.70247	0.11674	0.01886	0.01717	0.01387	0.00624	0.00473	0.00156	0.00372	0.00519	0.00486	0.00743
30	0.00696	0.00488	0.00621	0.06314	0.00877	0.00454	0.00489	0.00818	0.00996	0.06891	0.05302	0.42324	0.28332	0.01217	0.00561	0.00172	0.00293	0.02302	0.00429	0.00424
31	0.01947	0.00806	0.01170	0.00898	0.01250	0.00704	0.06137	0.02137	0.01295	0.71776	0.01807	0.05394	0.01211	0.00604	0.00479	0.00147	0.00417	0.00514	0.00545	0.00761
32	0.00933	0.02406	0.81240	0.01326	0.02014	0.01080	0.01719	0.01473	0.00982	0.01473	0.00835	0.00982	0.00589	0.00442	0.00442	0.00147	0.00688	0.00344	0.00196	0.00688
33	0.01690	0.00724	0.00955	0.00774	0.01068	0.00644	0.00623	0.01923	0.05496	0.58238	0.09407	0.07674	0.07226	0.00718	0.00490	0.00149	0.00358	0.00602	0.00544	0.00699
34	0.01045	0.01033	0.04621	0.36762	0.31931	0.01091	0.02579	0.03882	0.09646	0.01466	0.00973	0.01248	0.00757	0.00465	0.00465	0.00148	0.00569	0.00426	0.00253	0.00640
35	0.02037	0.00779	0.01062	0.00822	0.01171	0.00674	0.00675	0.02214	0.01317	0.78431	0.01859	0.04285	0.01215	0.00605	0.00472	0.00145	0.00392	0.00496	0.00571	0.00778
36	0.00570	0.00414	0.00531	0.00623	0.00662	0.00383	0.00417	0.00651	0.00898	0.01181	0.02732	0.71351	0.10982	0.05401	0.00675	0.00198	0.00275	0.01256	0.00425	0.00375
37	0.01107	0.01052	0.01787	0.09307	0.70084	0.01069	0.01380	0.01383	0.01049	0.01486	0.00956	0.01378	0.00831	0.00465	0.00471	0.00144	0.00552	0.04556	0.00239	0.00702
38	0.01091	0.06941	0.28574	0.04417	0.22433	0.09557	0.07476	0.01420	0.01020	0.01379	0.00907	0.05448	0.00775	0.00512	0.00525	0.00146	0.06084	0.00427	0.00226	0.00640

[dist]
# distance from previous block
# <min> <max>
0	4

[block]
# block no. 8 follows, 55 sequences, length 7
# corresponding to MSA columns:
# 796-802
name=unknown_I
#
# <colnr> <probs for GDERKNQSTAVLIFYWHMCP>
#	G	D	E	R	K	N	Q	S	T	A	V	L	I	F	Y	W	H	M	C	P
0	0.01357	0.02978	0.01028	0.00823	0.01077	0.00830	0.04376	0.05870	0.22146	0.26100	0.05608	0.01830	0.01393	0.09175	0.00648	0.00173	0.00386	0.00514	0.13045	0.00641
1	0.01058	0.00561	0.00705	0.00637	0.00826	0.00491	0.00488	0.01210	0.01170	0.26411	0.19203	0.16785	0.26622	0.00990	0.00531	0.00156	0.00288	0.00849	0.00494	0.00525
2	0.01089	0.09688	0.01914	0.09100	0.07387	0.04635	0.22226	0.01307	0.00911	0.01253	0.00748	0.01077	0.00644	0.00582	0.00914	0.00168	0.35147	0.00426	0.00215	0.00568
3	0.00736	0.00527	0.00596	0.00565	0.00709	0.00494	0.00422	0.00994	0.07984	0.04806	0.29144	0.03469	0.33321	0.06535	0.00644	0.00169	0.00261	0.00810	0.07365	0.00450
4	0.00589	0.00426	0.00526	0.00594	0.00649	0.00392	0.00402	0.00682	0.00929	0.01232	0.07379	0.55064	0.16477	0.08677	0.00733	0.00202	0.00275	0.01148	0.03248	0.00377
5	0.00758	0.00566	0.00748	0.00874	0.09017	0.00543	0.00572	0.00975	0.06223	0.04757	0.11760	0.31945	0.17315	0.04618	0.00632	0.00182	0.00319	0.07304	0.00423	0.00466
6	0.00763	0.00644	0.00876	0.05179	0.06633	0.04378	0.00674	0.00920	0.00814	0.01120	0.01301	0.10180	0.01291	0.08066	0.51335	0.00547	0.04001	0.00573	0.00265	0.00440

[dist]
# distance from previous block
# <min> <max>
0	21

[block]
# block no. 9 follows, 55 sequences, length 57
# corresponding to MSA columns:
# 827-838,846-890
name=unknown_J
#
# <colnr> <probs for GDERKNQSTAVLIFYWHMCP>
#	G	D	E	R	K	N	Q	S	T	A	V	L	I	F	Y	W	H	M	C	P
0	0.00636	0.00468	0.00558	0.00579	0.00694	0.00417	0.00429	0.00774	0.01079	0.03682	0.20301	0.25388	0.35771	0.01194	0.00565	0.00167	0.00259	0.06174	0.00453	0.00413
1	0.01613	0.00692	0.00924	0.00755	0.01032	0.00612	0.00606	0.01810	0.02787	0.54827	0.15338	0.08076	0.06120	0.00780	0.01674	0.00157	0.00360	0.00623	0.00540	0.00674
2	0.01143	0.01014	0.01257	0.06747	0.17430	0.01148	0.00921	0.03169	0.55952	0.01805	0.01578	0.01561	0.01203	0.00579	0.00493	0.00154	0.02236	0.00492	0.00401	0.00718
3	0.01286	0.76882	0.02341	0.00831	0.01215	0.08736	0.00805	0.01433	0.00977	0.01098	0.00653	0.00754	0.00597	0.00405	0.00309	0.00101	0.00527	0.00253	0.00203	0.00592
4	0.00965	0.00827	0.00965	0.00689	0.01102	0.00620	0.00551	0.01171	0.00965	0.01516	0.00827	0.00965	0.00689	0.00345	0.00345	0.00069	0.00345	0.00276	0.00276	0.86494
5	0.01143	0.00991	0.01644	0.06303	0.61212	0.00987	0.01241	0.01403	0.01097	0.07385	0.08476	0.01506	0.03539	0.00502	0.00472	0.00141	0.00504	0.00475	0.00287	0.00692
6	0.00930	0.00701	0.05061	0.00911	0.01096	0.00589	0.11475	0.01107	0.01019	0.14612	0.03391	0.46424	0.02289	0.01088	0.00562	0.00176	0.00396	0.07254	0.00418	0.00502
7	0.01724	0.00704	0.00938	0.00753	0.01024	0.00622	0.00590	0.01867	0.01188	0.60706	0.03823	0.04420	0.01401	0.17059	0.00850	0.00206	0.00398	0.00545	0.00512	0.00669
8	0.00790	0.00520	0.00696	0.00748	0.03204	0.00514	0.00534	0.03161	0.00940	0.05136	0.05791	0.21779	0.05534	0.15019	0.07735	0.10327	0.00446	0.16354	0.00370	0.00402
9	0.01148	0.01456	0.20762	0.01850	0.14991	0.01107	0.40210	0.01532	0.01076	0.08042	0.00972	0.01196	0.00718	0.00432	0.00524	0.00152	0.02441	0.00469	0.00253	0.00670
10	0.01107	0.01062	0.01721	0.06929	0.66191	0.03063	0.01312	0.01397	0.03321	0.01479	0.01026	0.07387	0.00924	0.00504	0.00470	0.00143	0.00537	0.00484	0.00252	0.00693
11	0.14266	0.00817	0.00994	0.00818	0.01126	0.00791	0.00679	0.09281	0.02789	0.47653	0.04079	0.01958	0.01326	0.00659	0.00467	0.00153	0.00400	0.10555	0.00500	0.00690
12	0.01107	0.01032	0.01715	0.12898	0.58978	0.01061	0.02718	0.05226	0.01120	0.01574	0.07194	0.01347	0.01013	0.00470	0.00470	0.00141	0.00537	0.00451	0.00261	0.00685
13	0.01231	0.04025	0.52001	0.01208	0.01778	0.01047	0.04671	0.05548	0.04918	0.17486	0.01100	0.01151	0.00757	0.00480	0.00451	0.00146	0.00604	0.00387	0.00301	0.00711
14	0.00591	0.00427	0.00564	0.00656	0.00704	0.00399	0.00461	0.00698	0.00949	0.01260	0.08178	0.65411	0.07274	0.01389	0.00593	0.00187	0.00281	0.09154	0.00437	0.00388
15	0.00788	0.00416	0.00619	0.00619	0.00628	0.00425	0.00420	0.00633	0.00624	0.00841	0.00875	0.01506	0.00872	0.04102	0.10756	0.74516	0.00499	0.00422	0.00210	0.00228
16	0.04621	0.02012	0.08264	0.03419	0.11201	0.00813	0.02479	0.03044	0.02498	0.46139	0.04054	0.03416	0.03454	0.00591	0.00468	0.00146	0.00445	0.01771	0.00452	0.00714
17	0.01214	0.02677	0.07581	0.00987	0.01234	0.03414	0.00850	0.20201	0.13890	0.06726	0.03916	0.01446	0.01070	0.01270	0.19007	0.00289	0.12793	0.00457	0.00354	0.00624
18	0.00567	0.00405	0.00540	0.00648	0.00675	0.00378	0.00432	0.00648	0.00891	0.01188	0.02564	0.83347	0.03077	0.01457	0.00594	0.00189	0.00270	0.01323	0.00432	0.00378
19	0.01768	0.01303	0.01396	0.01070	0.01443	0.01443	0.00884	0.79197	0.02187	0.02932	0.01117	0.01117	0.00791	0.00558	0.00465	0.00140	0.00512	0.00419	0.00465	0.00791
20	0.00980	0.01073	0.13992	0.02985	0.22162	0.00839	0.13398	0.01247	0.01015	0.07027	0.01492	0.27171	0.01484	0.00760	0.00512	0.00159	0.00505	0.00716	0.01891	0.00593
21	0.01208	0.40482	0.03644	0.00890	0.04544	0.06038	0.00765	0.03264	0.01023	0.04051	0.00779	0.00887	0.00658	0.00396	0.00341	0.00096	0.00469	0.00282	0.00248	0.29936
22	0.00933	0.02406	0.81240	0.01326	0.02014	0.01080	0.01719	0.01473	0.00982	0.01473	0.00835	0.00982	0.00589	0.00442	0.00442	0.00147	0.00688	0.00344	0.00196	0.00688
23	0.00965	0.00827	0.00965	0.00689	0.01102	0.00620	0.00551	0.01171	0.00965	0.01516	0.00827	0.00965	0.00689	0.00345	0.00345	0.00069	0.00345	0.00276	0.00276	0.86494
24	0.02751	0.02375	0.79538	0.01311	0.01990	0.01080	0.01693	0.01471	0.00978	0.01486	0.00831	0.00977	0.00588	0.00442	0.00439	0.00147	0.00681	0.00342	0.00198	0.00684
25	0.01738	0.02217	0.01318	0.01199	0.01438	0.81783	0.00899	0.01858	0.01318	0.01139	0.00719	0.00839	0.00599	0.00479	0.00419	0.00120	0.00839	0.00300	0.00240	0.00539
26	0.01098	0.01255	0.02745	0.01961	0.02431	0.01176	0.79059	0.01490	0.01098	0.01490	0.00941	0.01255	0.00706	0.00392	0.00549	0.00157	0.00784	0.00549	0.00235	0.00627
27	0.01638	0.00811	0.03810	0.00929	0.05306	0.00686	0.03096	0.01862	0.02442	0.53270	0.15201	0.01994	0.05517	0.00651	0.00487	0.00145	0.00388	0.00552	0.00515	0.00700
28	0.00901	0.00827	0.01285	0.61618	0.02667	0.00928	0.01103	0.01184	0.00939	0.01272	0.00827	0.01170	0.00638	0.00434	0.00434	0.00133	0.00550	0.00378	0.00224	0.22488
29	0.00965	0.00827	0.00965	0.00689	0.01102	0.00620	0.00551	0.01171	0.00965	0.01516	0.00827	0.00965	0.00689	0.00345	0.00345	0.00069	0.00345	0.00276	0.00276	0.86494
30	0.01469	0.02819	0.18570	0.03357	0.02585	0.00946	0.06035	0.07182	0.08692	0.32936	0.06639	0.01489	0.01167	0.00563	0.00506	0.00148	0.03310	0.00465	0.00415	0.00708
31	0.01414	0.01488	0.01173	0.01051	0.01310	0.32462	0.00807	0.06219	0.45371	0.01684	0.01397	0.01356	0.01069	0.00568	0.00452	0.00142	0.00558	0.00433	0.00382	0.00663
32	0.00576	0.00419	0.00544	0.00630	0.00677	0.00387	0.00431	0.00674	0.00945	0.01255	0.09401	0.68183	0.10108	0.01386	0.00587	0.00183	0.00265	0.02523	0.00439	0.00385
33	0.00944	0.05198	0.78542	0.01308	0.01985	0.01106	0.01687	0.01471	0.00981	0.01460	0.00828	0.00974	0.00590	0.00440	0.00437	0.00146	0.00681	0.00341	0.00197	0.00684
34	0.01064	0.01494	0.19049	0.01829	0.02345	0.01157	0.62995	0.01487	0.01074	0.01487	0.00919	0.01198	0.00682	0.00403	0.00527	0.00155	0.00764	0.00506	0.00227	0.00640
35	0.00633	0.00453	0.00584	0.00662	0.00708	0.00435	0.00449	0.04565	0.00960	0.01284	0.04644	0.74244	0.02952	0.04229	0.00647	0.00194	0.00287	0.01242	0.00431	0.00397
36	0.00649	0.00485	0.00561	0.00586	0.00696	0.00444	0.00422	0.00817	0.04799	0.03534	0.08567	0.30576	0.36239	0.06016	0.00667	0.00186	0.00276	0.03632	0.00434	0.00413
37	0.02437	0.00608	0.03073	0.00654	0.00819	0.00544	0.00520	0.01145	0.07234	0.08978	0.61697	0.03075	0.05641	0.00874	0.00528	0.00147	0.00263	0.00762	0.00499	0.00501
38	0.00615	0.00439	0.00595	0.00702	0.00750	0.00419	0.00515	0.00731	0.00938	0.01241	0.02538	0.62897	0.02972	0.01412	0.00607	0.00196	0.00311	0.21300	0.00431	0.00391
39	0.00573	0.00418	0.00534	0.00618	0.00664	0.00385	0.00417	0.00663	0.00925	0.01219	0.06618	0.66824	0.12723	0.04265	0.00648	0.00192	0.00269	0.01234	0.00431	0.00379
40	0.01202	0.00966	0.01040	0.00930	0.01189	0.01097	0.00726	0.06067	0.66685	0.06307	0.01895	0.05813	0.01476	0.00676	0.00481	0.00159	0.00373	0.01722	0.00476	0.00720
41	0.00879	0.00827	0.01395	0.82532	0.03204	0.01034	0.01292	0.01189	0.00930	0.01189	0.00827	0.01240	0.00620	0.00465	0.00465	0.00155	0.00620	0.00413	0.00207	0.00517
42	0.00933	0.02406	0.81240	0.01326	0.02014	0.01080	0.01719	0.01473	0.00982	0.01473	0.00835	0.00982	0.00589	0.00442	0.00442	0.00147	0.00688	0.00344	0.00196	0.00688
43	0.03937	0.01041	0.01121	0.00926	0.01220	0.01142	0.00746	0.40974	0.20424	0.05547	0.03236	0.06135	0.07203	0.00692	0.00479	0.00150	0.00423	0.02238	0.01670	0.00697
44	0.02004	0.00816	0.01083	0.00836	0.01187	0.00730	0.00689	0.07083	0.02566	0.72199	0.04518	0.01622	0.01245	0.00589	0.00471	0.00144	0.00397	0.00479	0.00565	0.00779
45	0.00879	0.00827	0.01395	0.82532	0.03204	0.01034	0.01292	0.01189	0.00930	0.01189	0.00827	0.01240	0.00620	0.00465	0.00465	0.00155	0.00620	0.00413	0.00207	0.00517
46	0.00928	0.00860	0.01452	0.62963	0.18152	0.01016	0.01274	0.01206	0.00939	0.01234	0.00835	0.01232	0.00652	0.00513	0.00532	0.04448	0.00596	0.00413	0.00211	0.00544
47	0.00661	0.00473	0.00581	0.00601	0.00691	0.00439	0.00440	0.00793	0.01036	0.02839	0.23119	0.17601	0.20565	0.15819	0.00892	0.00220	0.00307	0.12100	0.00428	0.00395
48	0.00658	0.00476	0.00622	0.00585	0.00695	0.00439	0.00439	0.00878	0.01317	0.01866	0.80503	0.03475	0.04390	0.00951	0.00549	0.00146	0.00219	0.00841	0.00512	0.00439
49	0.01018	0.01018	0.01425	0.01221	0.01221	0.01425	0.01018	0.01120	0.00712	0.01120	0.00611	0.01018	0.00611	0.00814	0.01527	0.00204	0.82799	0.00407	0.00204	0.00509
