[name]
unknown

[dist]
# distance from previous block
# <min> <max>
0	107

[block]
# block no. 0 follows, 53 sequences, length 10
# corresponding to MSA columns:
# 125-134
name=unknown_A
#
# <colnr> <probs for GDERKNQSTAVLIFYWHMCP>
#	G	D	E	R	K	N	Q	S	T	A	V	L	I	F	Y	W	H	M	C	P
0	0.04161	0.00752	0.00942	0.00860	0.01053	0.00778	0.06464	0.08801	0.18477	0.01687	0.06119	0.24764	0.15199	0.01011	0.00549	0.00172	0.00372	0.06856	0.00439	0.00545
1	0.00689	0.00500	0.00652	0.00758	0.05159	0.00480	0.00483	0.02808	0.00988	0.01350	0.10967	0.48634	0.06133	0.13136	0.00843	0.00219	0.00317	0.01073	0.04393	0.00416
2	0.00775	0.00492	0.00628	0.00632	0.00740	0.00453	0.00463	0.00878	0.01041	0.08206	0.17018	0.23449	0.21638	0.03447	0.04525	0.09957	0.00345	0.04460	0.00432	0.00422
3	0.01308	0.01043	0.00973	0.00863	0.01082	0.16004	0.00670	0.10530	0.13910	0.11022	0.07827	0.04464	0.01425	0.01015	0.10694	0.00219	0.00561	0.00511	0.15281	0.00598
4	0.09899	0.00791	0.00908	0.00763	0.01024	0.00785	0.00611	0.14156	0.04686	0.25270	0.13235	0.02467	0.14869	0.04608	0.00586	0.00168	0.00372	0.03695	0.00485	0.00622
5	0.03870	0.00540	0.00622	0.00596	0.00741	0.00499	0.00442	0.03319	0.01153	0.07585	0.23633	0.15680	0.29878	0.06050	0.00659	0.00178	0.00282	0.00904	0.02912	0.00456
6	0.04591	0.00981	0.05505	0.00872	0.01180	0.00929	0.00743	0.24175	0.07072	0.21361	0.03939	0.04047	0.09372	0.00800	0.03261	0.00172	0.00448	0.03109	0.06768	0.00676
7	0.00686	0.00452	0.00595	0.00675	0.00732	0.00420	0.00468	0.00782	0.00951	0.05688	0.02639	0.66248	0.06559	0.05048	0.00685	0.00204	0.00301	0.06011	0.00445	0.00412
8	0.02653	0.00505	0.00555	0.00571	0.00689	0.00466	0.00410	0.00809	0.04647	0.01341	0.09598	0.20638	0.41968	0.10317	0.00774	0.00202	0.00287	0.02728	0.00432	0.00411
9	0.00726	0.00502	0.00601	0.00605	0.00718	0.00461	0.00434	0.02526	0.01068	0.06092	0.14939	0.27147	0.28380	0.09649	0.03735	0.00221	0.00327	0.00996	0.00443	0.00429

[dist]
# distance from previous block
# <min> <max>
5	19

[block]
# block no. 1 follows, 53 sequences, length 40
# corresponding to MSA columns:
# 154-193
name=unknown_B
#
# <colnr> <probs for GDERKNQSTAVLIFYWHMCP>
#	G	D	E	R	K	N	Q	S	T	A	V	L	I	F	Y	W	H	M	C	P
0	0.01148	0.11428	0.40783	0.01211	0.01736	0.01149	0.07899	0.06376	0.03462	0.07670	0.01058	0.05215	0.00835	0.00524	0.00479	0.00145	0.02555	0.00428	0.00279	0.05618
1	0.36801	0.00843	0.00906	0.00746	0.01064	0.00850	0.00610	0.03595	0.01130	0.40485	0.01477	0.05438	0.02955	0.00591	0.00413	0.00150	0.00384	0.00445	0.00456	0.00660
2	0.04908	0.00608	0.00667	0.00660	0.00789	0.02702	0.00478	0.04222	0.03872	0.05419	0.09380	0.29249	0.19461	0.11244	0.00781	0.00205	0.00334	0.02752	0.00427	0.01841
3	0.00735	0.00517	0.00590	0.00593	0.00707	0.00485	0.00425	0.00921	0.05293	0.03442	0.07581	0.18847	0.24178	0.16647	0.00894	0.00219	0.00313	0.04718	0.09710	0.03185
4	0.00662	0.00503	0.00597	0.00612	0.00723	0.00464	0.00442	0.04663	0.01147	0.01505	0.22261	0.33615	0.28593	0.01229	0.00577	0.00170	0.00266	0.01076	0.00466	0.00430
5	0.00768	0.00467	0.00566	0.00600	0.00680	0.00435	0.00413	0.00873	0.00952	0.07410	0.02508	0.41709	0.12075	0.13692	0.00828	0.00214	0.00303	0.01000	0.14091	0.00417
6	0.04324	0.00607	0.00704	0.00648	0.00820	0.00585	0.00487	0.03502	0.06504	0.16060	0.12625	0.14497	0.15812	0.08042	0.00668	0.00181	0.00314	0.00761	0.12339	0.00519
7	0.00620	0.00476	0.00549	0.00598	0.00690	0.00440	0.00418	0.00782	0.04930	0.01286	0.03358	0.42402	0.32435	0.05600	0.00675	0.00192	0.00277	0.01124	0.02739	0.00409
8	0.06720	0.00519	0.00627	0.00658	0.00763	0.00500	0.00477	0.00923	0.03963	0.04831	0.19713	0.42667	0.10719	0.01204	0.00565	0.00176	0.00284	0.03786	0.00459	0.00446
9	0.03204	0.00701	0.00839	0.04829	0.01038	0.00708	0.00597	0.12825	0.06346	0.10160	0.22846	0.17252	0.14840	0.00947	0.00534	0.00160	0.00336	0.00812	0.00474	0.00550
10	0.00704	0.00482	0.00601	0.00637	0.00716	0.00453	0.00445	0.00847	0.03223	0.04919	0.14074	0.40953	0.13282	0.12636	0.00842	0.00219	0.00305	0.03802	0.00442	0.00417
11	0.01716	0.10728	0.01454	0.01162	0.01431	0.66191	0.00896	0.01904	0.05044	0.04054	0.00830	0.00923	0.00676	0.00495	0.00422	0.00124	0.00785	0.00320	0.00266	0.00579
12	0.03697	0.00537	0.00631	0.00625	0.00711	0.00530	0.00432	0.06382	0.01071	0.01485	0.22645	0.25276	0.07827	0.24722	0.01098	0.00253	0.00336	0.00910	0.00419	0.00412
13	0.00959	0.00659	0.00763	0.00712	0.00878	0.00664	0.00537	0.09315	0.10752	0.08510	0.07176	0.16227	0.19845	0.09814	0.05575	0.00232	0.00400	0.03438	0.03027	0.00518
14	0.00751	0.00480	0.00622	0.00640	0.00730	0.00447	0.00455	0.00887	0.01068	0.07665	0.24568	0.38274	0.07952	0.06599	0.04101	0.00215	0.00323	0.01024	0.02762	0.00437
15	0.00928	0.00835	0.09144	0.00778	0.01003	0.03984	0.03327	0.01180	0.01298	0.10648	0.52989	0.02944	0.07319	0.00851	0.00537	0.00150	0.00344	0.00741	0.00474	0.00527
16	0.03061	0.00602	0.00736	0.00696	0.00842	0.00594	0.00527	0.04782	0.03407	0.12244	0.15130	0.19079	0.15038	0.08091	0.04507	0.00220	0.02833	0.04766	0.02351	0.00494
17	0.01098	0.00919	0.01073	0.22399	0.01607	0.09904	0.00820	0.13549	0.03193	0.01413	0.01031	0.03008	0.00897	0.04154	0.10672	0.21123	0.00642	0.00452	0.01565	0.00481
18	0.01150	0.51066	0.33810	0.01036	0.01564	0.01579	0.01197	0.01464	0.00986	0.01280	0.00742	0.00864	0.00610	0.00427	0.00366	0.00122	0.00589	0.00295	0.00203	0.00651
19	0.01571	0.02146	0.14947	0.04003	0.01600	0.59137	0.01052	0.01777	0.01271	0.03394	0.00967	0.01080	0.03982	0.00518	0.00444	0.00132	0.00789	0.00354	0.00255	0.00580
20	0.01179	0.01191	0.01636	0.06727	0.38991	0.13093	0.06577	0.03471	0.01086	0.01419	0.01001	0.01308	0.02472	0.00906	0.10687	0.02560	0.04374	0.00440	0.00248	0.00633
21	0.00603	0.00442	0.00607	0.00686	0.00727	0.00414	0.02381	0.00689	0.00911	0.01211	0.02574	0.74070	0.04809	0.06537	0.00721	0.00209	0.00301	0.01290	0.00429	0.00389
22	0.00909	0.00843	0.01412	0.65862	0.10842	0.01019	0.01261	0.01205	0.00949	0.01240	0.00903	0.01357	0.00719	0.02772	0.06623	0.00211	0.00674	0.00438	0.00220	0.00540
23	0.01014	0.00963	0.01463	0.22019	0.04181	0.01233	0.05796	0.04441	0.00901	0.01297	0.00846	0.03150	0.00757	0.00873	0.05998	0.00220	0.41571	0.00458	0.02278	0.00541
24	0.01343	0.06562	0.10078	0.02497	0.04305	0.29136	0.03612	0.05572	0.17856	0.01495	0.01187	0.04905	0.01009	0.02117	0.00553	0.02466	0.01856	0.02523	0.00314	0.00615
25	0.00959	0.02472	0.80726	0.01362	0.02069	0.01110	0.01766	0.01514	0.01009	0.01514	0.00858	0.01009	0.00605	0.00454	0.00454	0.00151	0.00706	0.00353	0.00202	0.00706
26	0.00581	0.00485	0.00509	0.00519	0.00669	0.00413	0.00393	0.00710	0.01092	0.01321	0.07665	0.08375	0.69090	0.01221	0.00572	0.00166	0.00254	0.05112	0.00447	0.00407
27	0.00893	0.00729	0.00895	0.00779	0.03364	0.00631	0.00576	0.03047	0.02800	0.01441	0.01350	0.09932	0.03300	0.08358	0.11779	0.00229	0.00495	0.03248	0.00315	0.45840
28	0.01063	0.03093	0.05027	0.22087	0.05145	0.10544	0.04630	0.04339	0.05190	0.01352	0.01267	0.07437	0.05779	0.00826	0.04722	0.00195	0.15948	0.00524	0.00276	0.00557
29	0.05299	0.00929	0.01531	0.56966	0.23572	0.01082	0.01324	0.01296	0.00984	0.01358	0.00853	0.01225	0.00663	0.00462	0.00467	0.00154	0.00605	0.00417	0.00223	0.00590
30	0.03186	0.00598	0.00727	0.00662	0.00835	0.00571	0.00507	0.01255	0.09460	0.12979	0.44299	0.06858	0.12899	0.00920	0.00535	0.00154	0.00275	0.00794	0.01958	0.00527
31	0.01078	0.03474	0.07291	0.27351	0.17761	0.05656	0.06649	0.05219	0.01062	0.01422	0.00968	0.01409	0.00813	0.02818	0.03616	0.00186	0.06900	0.03178	0.02552	0.00598
32	0.04263	0.05142	0.03377	0.01268	0.12851	0.04527	0.07446	0.09527	0.03406	0.09778	0.04580	0.06347	0.08160	0.04285	0.03328	0.00190	0.06376	0.04184	0.00357	0.00608
33	0.00791	0.00493	0.00632	0.00642	0.00751	0.00446	0.00462	0.00929	0.01107	0.10746	0.23747	0.39420	0.14035	0.02739	0.00610	0.00177	0.00277	0.01060	0.00481	0.00456
34	0.00630	0.00435	0.00572	0.00658	0.00707	0.00402	0.00448	0.00728	0.00966	0.03396	0.08222	0.71557	0.06650	0.01423	0.00601	0.00188	0.00275	0.01284	0.00454	0.00405
35	0.02101	0.14546	0.19160	0.02731	0.13738	0.07582	0.04950	0.08072	0.02109	0.07242	0.01056	0.03112	0.02666	0.00545	0.00552	0.00146	0.08324	0.00420	0.00282	0.00665
36	0.01120	0.07743	0.17266	0.03718	0.16531	0.03149	0.15352	0.06094	0.09907	0.01571	0.01211	0.03351	0.03622	0.04348	0.00601	0.00165	0.02820	0.00489	0.00284	0.00659
37	0.00591	0.00454	0.00542	0.00592	0.00684	0.00405	0.00420	0.00709	0.01039	0.01335	0.12601	0.41153	0.33385	0.01320	0.00588	0.00177	0.00261	0.02888	0.00453	0.00403
38	0.01214	0.07591	0.17747	0.12128	0.29963	0.12559	0.04528	0.04197	0.02911	0.01480	0.00880	0.01100	0.00697	0.00456	0.00456	0.00142	0.00646	0.00390	0.00240	0.00676
39	0.00995	0.03263	0.20994	0.02958	0.08580	0.02978	0.00942	0.02536	0.03917	0.08021	0.11932	0.16743	0.06169	0.00782	0.00496	0.00154	0.00448	0.00672	0.06838	0.00584

[dist]
# distance from previous block
# <min> <max>
3	6

[block]
# block no. 2 follows, 53 sequences, length 60
# corresponding to MSA columns:
# 209-232,236-271
name=unknown_C
#
# <colnr> <probs for GDERKNQSTAVLIFYWHMCP>
#	G	D	E	R	K	N	Q	S	T	A	V	L	I	F	Y	W	H	M	C	P
0	0.06433	0.03644	0.00826	0.01998	0.04641	0.00726	0.00551	0.08553	0.04306	0.07595	0.11941	0.01986	0.06823	0.00640	0.00416	0.00131	0.00317	0.00521	0.35922	0.02028
1	0.01108	0.15668	0.12623	0.06859	0.15926	0.06369	0.15051	0.03400	0.01087	0.01438	0.05873	0.02546	0.01003	0.00782	0.08055	0.00200	0.00683	0.00453	0.00256	0.00622
2	0.00830	0.00415	0.00623	0.00623	0.00623	0.00415	0.00415	0.00623	0.00623	0.00830	0.00830	0.01453	0.00830	0.01660	0.01868	0.86094	0.00415	0.00415	0.00208	0.00208
3	0.03328	0.04774	0.06033	0.09572	0.31058	0.09526	0.14201	0.04295	0.07030	0.01551	0.01030	0.01250	0.02096	0.00513	0.01575	0.00154	0.00634	0.00441	0.00266	0.00672
4	0.02570	0.01112	0.10287	0.02114	0.05827	0.00906	0.04879	0.12607	0.03740	0.10379	0.02631	0.03071	0.04281	0.00604	0.02472	0.00141	0.02179	0.00438	0.00349	0.29411
5	0.02211	0.12188	0.45857	0.01126	0.01634	0.05055	0.02365	0.05370	0.01076	0.01514	0.01191	0.02867	0.05965	0.01997	0.00493	0.00149	0.02112	0.00420	0.05773	0.00636
6	0.01673	0.04235	0.01386	0.01215	0.01436	0.69192	0.00928	0.01796	0.01267	0.01165	0.00734	0.00897	0.00627	0.00580	0.01923	0.00143	0.09689	0.00322	0.00241	0.00550
7	0.00683	0.00511	0.00763	0.00763	0.00846	0.00594	0.00590	0.00850	0.00766	0.01105	0.01285	0.01906	0.01207	0.05384	0.79526	0.00761	0.01262	0.00516	0.00257	0.00424
8	0.00991	0.00850	0.00991	0.00708	0.01133	0.00637	0.00566	0.01203	0.00991	0.01557	0.00850	0.00991	0.00708	0.00354	0.00354	0.00071	0.00354	0.00283	0.00283	0.86124
9	0.01120	0.03363	0.01521	0.01251	0.01328	0.09109	0.04918	0.01248	0.00829	0.01186	0.00674	0.01042	0.00642	0.00789	0.02436	0.00198	0.63781	0.00407	0.00218	0.03939
10	0.00604	0.00457	0.00565	0.00664	0.00705	0.01947	0.00447	0.00691	0.00936	0.01224	0.02750	0.75904	0.08421	0.01458	0.00603	0.00190	0.00286	0.01314	0.00440	0.00392
11	0.00905	0.00533	0.00603	0.00576	0.00689	0.00575	0.00442	0.05204	0.01006	0.01675	0.01444	0.01774	0.01187	0.03780	0.14452	0.00242	0.04211	0.00463	0.59777	0.00460
12	0.01580	0.01156	0.01186	0.00975	0.01280	0.07145	0.00787	0.39897	0.13704	0.10576	0.01454	0.03545	0.01118	0.00633	0.00472	0.00146	0.00474	0.03626	0.09526	0.00720
13	0.00991	0.00850	0.00991	0.00708	0.01133	0.00637	0.00566	0.01203	0.00991	0.01557	0.00850	0.00991	0.00708	0.00354	0.00354	0.00071	0.00354	0.00283	0.00283	0.86124
14	0.00713	0.00524	0.00740	0.00722	0.00805	0.00501	0.05356	0.00824	0.00919	0.02744	0.08661	0.33279	0.04522	0.24798	0.06236	0.00298	0.00435	0.05018	0.00381	0.02524
15	0.01817	0.01339	0.01434	0.01100	0.01482	0.01482	0.00908	0.78627	0.02247	0.03012	0.01148	0.01148	0.00813	0.00574	0.00478	0.00143	0.00526	0.00430	0.00478	0.00813
16	0.00991	0.00850	0.00991	0.00708	0.01133	0.00637	0.00566	0.01203	0.00991	0.01557	0.00850	0.00991	0.00708	0.00354	0.00354	0.00071	0.00354	0.00283	0.00283	0.86124
17	0.00929	0.00482	0.00486	0.00472	0.00595	0.00488	0.00358	0.04311	0.01054	0.01833	0.01542	0.01756	0.01208	0.00558	0.00340	0.00113	0.00235	0.00445	0.82334	0.00461
18	0.00608	0.00473	0.00552	0.00560	0.00679	0.00417	0.00409	0.00758	0.01149	0.01498	0.30878	0.19212	0.38728	0.01183	0.00573	0.00164	0.00243	0.01025	0.00473	0.00417
19	0.01250	0.01037	0.01094	0.00953	0.01235	0.01174	0.00750	0.16394	0.58308	0.02124	0.02052	0.01912	0.08211	0.00684	0.00492	0.00159	0.00394	0.00561	0.00481	0.00736
20	0.00582	0.00416	0.00555	0.00666	0.00693	0.00388	0.00444	0.00666	0.00915	0.01220	0.02634	0.82891	0.03161	0.01497	0.00610	0.00194	0.00277	0.01359	0.00444	0.00388
21	0.01104	0.01245	0.02680	0.01927	0.02380	0.01179	0.72700	0.01491	0.01128	0.01539	0.04722	0.01391	0.00903	0.00442	0.00591	0.00162	0.02955	0.00574	0.00254	0.00632
22	0.02648	0.00428	0.00627	0.00626	0.00634	0.00433	0.00421	0.00644	0.00630	0.00864	0.00836	0.01447	0.00831	0.01675	0.03496	0.82484	0.00432	0.00414	0.00210	0.00219
23	0.01168	0.01005	0.01063	0.00958	0.01222	0.01159	0.00744	0.02475	0.76253	0.01996	0.05050	0.01854	0.01580	0.00662	0.00489	0.00162	0.00372	0.00553	0.00488	0.00744
24	0.00706	0.00551	0.00857	0.00827	0.00926	0.00629	0.03817	0.00884	0.00796	0.01139	0.01333	0.04564	0.01270	0.03282	0.71963	0.00701	0.02544	0.02509	0.00266	0.00436
25	0.00903	0.00850	0.01434	0.82054	0.03292	0.01062	0.01327	0.01221	0.00956	0.01221	0.00850	0.01274	0.00637	0.00478	0.00478	0.00159	0.00637	0.00425	0.00212	0.00531
26	0.01288	0.81937	0.02483	0.00826	0.01232	0.03410	0.00820	0.01440	0.00979	0.01125	0.00666	0.00769	0.00613	0.00411	0.00309	0.00103	0.00518	0.00257	0.00205	0.00612
27	0.62823	0.01211	0.00881	0.00783	0.01066	0.17669	0.00627	0.02909	0.00967	0.04478	0.00728	0.00835	0.00567	0.00470	0.00362	0.00144	0.02360	0.00283	0.00296	0.00540
28	0.01076	0.01212	0.11773	0.11704	0.19391	0.03465	0.09542	0.02594	0.09256	0.03328	0.08614	0.01584	0.04100	0.00591	0.00614	0.00158	0.09556	0.00503	0.00300	0.00638
29	0.00585	0.00460	0.00531	0.00577	0.00681	0.00405	0.00415	0.00700	0.01034	0.01301	0.07905	0.35876	0.42453	0.01317	0.00586	0.00176	0.00262	0.03885	0.00448	0.00401
30	0.00674	0.00488	0.00636	0.00599	0.00713	0.00450	0.00449	0.00898	0.01348	0.01905	0.78540	0.03590	0.05947	0.00982	0.00564	0.00151	0.00226	0.00867	0.00525	0.00450
31	0.01762	0.02228	0.01344	0.01221	0.01468	0.78096	0.00917	0.01934	0.04458	0.01203	0.00787	0.00899	0.00649	0.00499	0.00433	0.00125	0.00843	0.00317	0.00256	0.00562
32	0.00588	0.00420	0.00562	0.00673	0.00703	0.00393	0.00454	0.00676	0.00921	0.01227	0.02631	0.80371	0.03148	0.01492	0.00612	0.00195	0.00283	0.03818	0.00444	0.00390
33	0.00991	0.00850	0.00991	0.00708	0.01133	0.00637	0.00566	0.01203	0.00991	0.01557	0.00850	0.00991	0.00708	0.00354	0.00354	0.00071	0.00354	0.00283	0.00283	0.86124
34	0.00847	0.00444	0.00644	0.00639	0.00652	0.00452	0.00431	0.00714	0.04374	0.00886	0.00883	0.01469	0.00860	0.01612	0.01802	0.82000	0.00413	0.00421	0.00221	0.00234
35	0.02128	0.00840	0.01126	0.00863	0.01234	0.00743	0.00713	0.06252	0.01413	0.76565	0.01848	0.01602	0.01164	0.00591	0.00481	0.00148	0.00413	0.00478	0.00586	0.00813
36	0.00582	0.00416	0.00555	0.00666	0.00693	0.00388	0.00444	0.00666	0.00915	0.01220	0.02634	0.82891	0.03161	0.01497	0.00610	0.00194	0.00277	0.01359	0.00444	0.00388
37	0.00582	0.00416	0.00555	0.00666	0.00693	0.00388	0.00444	0.00666	0.00915	0.01220	0.02634	0.82891	0.03161	0.01497	0.00610	0.00194	0.00277	0.01359	0.00444	0.00388
38	0.00686	0.00487	0.00631	0.00595	0.00707	0.00451	0.00446	0.00911	0.01338	0.01911	0.76609	0.03494	0.04369	0.00959	0.00554	0.00149	0.00225	0.00846	0.04182	0.00451
39	0.01365	0.01182	0.13527	0.17896	0.21213	0.00996	0.03212	0.02848	0.06174	0.23808	0.02285	0.01373	0.00925	0.00511	0.00478	0.00150	0.00546	0.00447	0.00350	0.00713
40	0.73557	0.13529	0.00978	0.00657	0.00971	0.01197	0.00563	0.01409	0.00837	0.01989	0.00665	0.00775	0.00532	0.00438	0.00297	0.00141	0.00391	0.00258	0.00282	0.00532
41	0.01278	0.83490	0.02505	0.00818	0.01227	0.01891	0.00818	0.01431	0.00971	0.01125	0.00664	0.00767	0.00613	0.00409	0.00307	0.00102	0.00511	0.00256	0.00204	0.00613
42	0.00689	0.00560	0.00676	0.00649	0.00770	0.00569	0.00499	0.00890	0.04195	0.01456	0.23154	0.06807	0.34904	0.02811	0.07480	0.00222	0.08121	0.02995	0.02111	0.00442
43	0.00583	0.00485	0.00510	0.00504	0.00657	0.00411	0.00378	0.00722	0.01133	0.01394	0.17240	0.04430	0.67565	0.01172	0.00565	0.00160	0.00239	0.00985	0.00457	0.00411
44	0.00658	0.00526	0.02674	0.00630	0.00744	0.00453	0.00482	0.00855	0.01232	0.01711	0.55411	0.19642	0.09728	0.01092	0.00572	0.00161	0.00253	0.02239	0.00494	0.00441
45	0.00643	0.00485	0.00607	0.00678	0.00779	0.00449	0.00528	0.00788	0.01045	0.01332	0.05332	0.29370	0.27892	0.01331	0.00611	0.00191	0.00320	0.26762	0.00445	0.00412
46	0.00988	0.00936	0.01587	0.58073	0.26608	0.01084	0.01370	0.01296	0.00996	0.01324	0.00865	0.01247	0.00674	0.00462	0.00476	0.00154	0.00616	0.00425	0.00220	0.00599
47	0.00972	0.00829	0.00970	0.00706	0.01112	0.00625	0.00561	0.01178	0.00987	0.01541	0.00935	0.04893	0.00825	0.00408	0.00366	0.00077	0.00350	0.00334	0.00291	0.82040
48	0.86579	0.00924	0.00702	0.00629	0.00924	0.01072	0.00518	0.01405	0.00813	0.02144	0.00666	0.00776	0.00518	0.00444	0.00296	0.00148	0.00370	0.00259	0.00296	0.00518
49	0.01100	0.01221	0.02537	0.01857	0.02256	0.01212	0.64207	0.01453	0.01073	0.01474	0.00995	0.01451	0.00808	0.00506	0.00706	0.00171	0.11921	0.04186	0.00247	0.00618
50	0.00970	0.01055	0.09807	0.01206	0.01544	0.00877	0.26668	0.01322	0.05827	0.05380	0.10462	0.06294	0.15972	0.00718	0.00581	0.00157	0.04413	0.00668	0.00349	0.05730
51	0.01625	0.00971	0.01134	0.00905	0.01218	0.00998	0.00734	0.32269	0.08187	0.26748	0.16889	0.01875	0.02910	0.00674	0.00498	0.00148	0.00414	0.00549	0.00523	0.00731
52	0.00991	0.00850	0.00991	0.00708	0.01133	0.00637	0.00566	0.01203	0.00991	0.01557	0.00850	0.00991	0.00708	0.00354	0.00354	0.00071	0.00354	0.00283	0.00283	0.86124
53	0.83044	0.00905	0.00692	0.00621	0.00909	0.01046	0.00510	0.01393	0.00821	0.02130	0.00702	0.00818	0.00547	0.00448	0.00297	0.00146	0.00364	0.00267	0.03825	0.00515
54	0.01012	0.00942	0.01087	0.02202	0.02947	0.09609	0.00768	0.04861	0.03521	0.01322	0.01023	0.01418	0.00920	0.03337	0.32274	0.00395	0.18050	0.00432	0.00267	0.13614
55	0.00900	0.00456	0.00475	0.00469	0.00584	0.00450	0.00352	0.01119	0.01030	0.03589	0.06260	0.03678	0.01463	0.00603	0.00357	0.00116	0.00228	0.00491	0.76925	0.00453
56	0.01020	0.01110	0.14018	0.05262	0.07472	0.00941	0.02341	0.12051	0.10340	0.02958	0.11312	0.02234	0.17339	0.00867	0.04097	0.00183	0.04867	0.00605	0.00374	0.00609
57	0.10090	0.01153	0.13141	0.04395	0.04616	0.00891	0.08064	0.04356	0.01081	0.10316	0.02545	0.01167	0.00817	0.00453	0.00440	0.00122	0.02176	0.00375	0.02593	0.31208
58	0.00705	0.00526	0.00775	0.00751	0.00853	0.00523	0.05216	0.00855	0.00963	0.03343	0.13947	0.29706	0.08089	0.06563	0.24495	0.00366	0.00609	0.00900	0.00384	0.00431
59	0.02769	0.30972	0.12495	0.04435	0.01553	0.20759	0.07646	0.04115	0.01138	0.01350	0.04615	0.04303	0.00916	0.00514	0.00416	0.00129	0.00628	0.00394	0.00253	0.00599

[dist]
# distance from previous block
# <min> <max>
2	11

[block]
# block no. 3 follows, 53 sequences, length 13
# corresponding to MSA columns:
# 313-325
name=unknown_D
#
# <colnr> <probs for GDERKNQSTAVLIFYWHMCP>
#	G	D	E	R	K	N	Q	S	T	A	V	L	I	F	Y	W	H	M	C	P
0	0.01123	0.00908	0.01188	0.14756	0.08646	0.00843	0.00823	0.08733	0.02724	0.05774	0.01037	0.02897	0.00851	0.00468	0.00420	0.00111	0.00442	0.02275	0.00313	0.45668
1	0.00935	0.01236	0.22932	0.03033	0.07261	0.03489	0.00948	0.06291	0.05964	0.01587	0.13704	0.05481	0.10109	0.10830	0.00736	0.00191	0.00480	0.01569	0.02660	0.00565
2	0.00638	0.00471	0.00656	0.00694	0.00736	0.00448	0.04198	0.00715	0.00868	0.01159	0.02260	0.58218	0.02673	0.22654	0.01081	0.00262	0.00351	0.01148	0.00394	0.00375
3	0.01171	0.03999	0.06338	0.03201	0.11514	0.06411	0.04717	0.03307	0.05064	0.07311	0.01020	0.01463	0.00908	0.13394	0.01133	0.00215	0.27510	0.00464	0.00279	0.00581
4	0.02869	0.00779	0.00969	0.05040	0.01152	0.00771	0.00650	0.11496	0.05432	0.31584	0.02650	0.05750	0.01390	0.15871	0.02297	0.00219	0.00441	0.03220	0.04284	0.03136
5	0.33311	0.01024	0.01182	0.18812	0.12029	0.06802	0.00922	0.01330	0.00897	0.01580	0.00745	0.01020	0.00615	0.00575	0.00641	0.04655	0.12720	0.00353	0.00249	0.00539
6	0.01017	0.08912	0.59538	0.01441	0.02081	0.01193	0.16217	0.01510	0.01029	0.01485	0.00863	0.01042	0.00629	0.00441	0.00463	0.00149	0.00709	0.00385	0.00210	0.00687
7	0.00780	0.00608	0.00678	0.00638	0.00805	0.00591	0.00485	0.04677	0.12593	0.02924	0.24449	0.06263	0.36001	0.03888	0.00616	0.00170	0.00287	0.02585	0.00471	0.00490
8	0.00686	0.00500	0.00707	0.00707	0.00771	0.00564	0.00521	0.00814	0.00750	0.01064	0.01336	0.02187	0.01329	0.23301	0.61776	0.00693	0.01078	0.00557	0.00264	0.00393
9	0.24481	0.01197	0.01349	0.01060	0.01404	0.07835	0.12743	0.28683	0.01465	0.07222	0.01152	0.01226	0.03571	0.00529	0.00436	0.00145	0.00525	0.00419	0.03904	0.00656
10	0.01047	0.00791	0.00943	0.00721	0.01074	0.00632	0.00568	0.03924	0.01084	0.08036	0.06899	0.10082	0.01292	0.00550	0.00412	0.00099	0.00347	0.00463	0.00350	0.60688
11	0.05605	0.08340	0.01435	0.01059	0.02567	0.09478	0.08909	0.11472	0.11763	0.12082	0.01262	0.02519	0.02440	0.00544	0.00483	0.00135	0.03352	0.01367	0.00365	0.14824
12	0.01047	0.00991	0.03628	0.01047	0.01332	0.05147	0.16160	0.11671	0.05083	0.01763	0.17176	0.09829	0.07457	0.00731	0.00537	0.00147	0.02486	0.00654	0.02356	0.10758

[dist]
# distance from previous block
# <min> <max>
0	7

[block]
# block no. 4 follows, 53 sequences, length 38
# corresponding to MSA columns:
# 335-372
name=unknown_E
#
# <colnr> <probs for GDERKNQSTAVLIFYWHMCP>
#	G	D	E	R	K	N	Q	S	T	A	V	L	I	F	Y	W	H	M	C	P
0	0.07251	0.01149	0.06447	0.06085	0.09302	0.08616	0.04216	0.06718	0.06179	0.17619	0.05062	0.01608	0.02449	0.00587	0.00505	0.00146	0.03307	0.04255	0.00372	0.08127
1	0.09810	0.03379	0.05846	0.02742	0.12205	0.23263	0.05023	0.06712	0.07062	0.02790	0.03618	0.01289	0.00916	0.00571	0.00584	0.00151	0.10307	0.02821	0.00295	0.00618
2	0.02486	0.19276	0.48904	0.01141	0.01700	0.01228	0.01347	0.03654	0.04596	0.01493	0.00963	0.05254	0.00788	0.00506	0.00426	0.00139	0.00600	0.00391	0.00241	0.04866
3	0.00929	0.00897	0.03266	0.00766	0.01028	0.06598	0.00621	0.03590	0.07283	0.01494	0.04950	0.04721	0.26318	0.00784	0.00552	0.00135	0.06072	0.02734	0.00363	0.26899
4	0.00765	0.00561	0.00641	0.00576	0.00720	0.00493	0.00394	0.00870	0.00889	0.01275	0.05354	0.10120	0.09490	0.34832	0.01266	0.00261	0.00363	0.00668	0.07903	0.22558
5	0.01335	0.02312	0.01194	0.05207	0.03821	0.01118	0.00794	0.39416	0.10209	0.02317	0.12856	0.06589	0.05445	0.00704	0.00495	0.00147	0.00437	0.00579	0.00448	0.04576
6	0.03595	0.00905	0.01236	0.04444	0.24883	0.01632	0.00912	0.05307	0.15389	0.11913	0.09420	0.05096	0.08197	0.00700	0.00502	0.00155	0.00432	0.04215	0.00403	0.00661
7	0.00981	0.00836	0.00981	0.00716	0.01126	0.00633	0.00576	0.01194	0.00996	0.01552	0.00926	0.01192	0.00801	0.00398	0.00368	0.00078	0.00358	0.03779	0.00290	0.82221
8	0.01050	0.01016	0.01504	0.07541	0.16812	0.05158	0.15718	0.02607	0.16947	0.01595	0.07900	0.05026	0.09459	0.00680	0.00538	0.00159	0.01851	0.03471	0.00349	0.00619
9	0.01806	0.00840	0.01060	0.00828	0.01165	0.00771	0.00677	0.13390	0.01452	0.53105	0.06207	0.01913	0.08605	0.00657	0.00485	0.00145	0.00395	0.00534	0.01803	0.04161
10	0.00891	0.00803	0.01323	0.72143	0.02967	0.00987	0.01212	0.01198	0.00979	0.01296	0.04802	0.01424	0.00871	0.00508	0.00472	0.00155	0.00587	0.00448	0.06413	0.00521
11	0.01243	0.00984	0.01214	0.01226	0.13626	0.06431	0.04622	0.07078	0.17778	0.12328	0.14496	0.02795	0.08562	0.00682	0.00500	0.00148	0.00439	0.01309	0.00426	0.04114
12	0.00977	0.00835	0.00976	0.00707	0.01118	0.00629	0.00562	0.01185	0.00989	0.01546	0.00910	0.03748	0.00791	0.00392	0.00363	0.00075	0.00351	0.00319	0.00289	0.83238
13	0.00649	0.00488	0.00652	0.00718	0.00751	0.00505	0.00507	0.00744	0.00917	0.01242	0.06390	0.60994	0.02875	0.07217	0.00828	0.00214	0.07772	0.05723	0.00415	0.00400
14	0.01119	0.03048	0.08135	0.06028	0.20187	0.05159	0.09491	0.04276	0.01082	0.01536	0.00881	0.01118	0.00721	0.01819	0.00497	0.00126	0.02846	0.00378	0.00259	0.31295
15	0.01629	0.21960	0.01619	0.01089	0.01392	0.49538	0.00877	0.10324	0.01345	0.01385	0.00784	0.00890	0.00650	0.00479	0.00402	0.00119	0.00715	0.00311	0.01806	0.02686
16	0.00941	0.00924	0.04377	0.04193	0.40242	0.00859	0.05507	0.01180	0.01060	0.01462	0.05308	0.18895	0.09508	0.00780	0.00525	0.00159	0.00476	0.02679	0.00318	0.00607
17	0.01001	0.00779	0.05536	0.12252	0.10287	0.00686	0.00798	0.01225	0.01146	0.14796	0.16871	0.06773	0.20129	0.00901	0.02411	0.00171	0.00417	0.02854	0.00410	0.00558
18	0.00743	0.00490	0.00659	0.00659	0.00745	0.00545	0.00500	0.00916	0.00830	0.01288	0.01376	0.01939	0.01242	0.08391	0.52620	0.00559	0.00921	0.00506	0.24648	0.00422
19	0.00932	0.00760	0.01918	0.14815	0.17475	0.00771	0.00840	0.01266	0.08058	0.04552	0.10409	0.02504	0.17568	0.00741	0.00495	0.00152	0.00404	0.04382	0.11398	0.00560
20	0.00624	0.00446	0.00601	0.00701	0.00750	0.00423	0.00505	0.00742	0.00980	0.01308	0.08003	0.62934	0.03179	0.01428	0.00616	0.00196	0.00304	0.15410	0.00449	0.00402
21	0.01073	0.01434	0.22466	0.03357	0.07147	0.04665	0.25017	0.01522	0.07772	0.03785	0.01243	0.09385	0.01046	0.00571	0.00498	0.00155	0.00616	0.00550	0.07063	0.00635
22	0.01111	0.02094	0.56282	0.01300	0.01871	0.05050	0.04365	0.06671	0.04016	0.04616	0.03445	0.01156	0.00802	0.00510	0.00519	0.00153	0.04692	0.00395	0.00260	0.00692
23	0.01189	0.01027	0.01081	0.00973	0.01243	0.01189	0.00757	0.02540	0.79357	0.01999	0.01945	0.01783	0.01459	0.00648	0.00486	0.00162	0.00378	0.00540	0.00486	0.00757
24	0.00991	0.00850	0.00991	0.00708	0.01133	0.00637	0.00566	0.01203	0.00991	0.01557	0.00850	0.00991	0.00708	0.00354	0.00354	0.00071	0.00354	0.00283	0.00283	0.86124
25	0.00671	0.00500	0.00731	0.00742	0.00821	0.00567	0.00565	0.00825	0.00787	0.01118	0.01504	0.10061	0.03182	0.06263	0.68538	0.00686	0.01127	0.00614	0.00280	0.00417
26	0.00585	0.00426	0.00552	0.00646	0.00690	0.00393	0.00437	0.00679	0.00953	0.01261	0.06653	0.71709	0.10366	0.01445	0.00604	0.00189	0.00271	0.01302	0.00448	0.00393
27	0.01266	0.17419	0.05722	0.14253	0.11078	0.14888	0.01024	0.08327	0.09534	0.02289	0.02492	0.01431	0.02566	0.00592	0.01557	0.00149	0.00591	0.03895	0.00296	0.00629
28	0.01740	0.02166	0.01325	0.01197	0.01446	0.74483	0.00901	0.05442	0.01386	0.01260	0.00914	0.01017	0.03646	0.00524	0.00438	0.00126	0.00823	0.00340	0.00265	0.00560
29	0.00581	0.00423	0.00548	0.00647	0.00688	0.00390	0.00436	0.00668	0.00932	0.01227	0.02854	0.75086	0.10824	0.01469	0.00606	0.00191	0.00274	0.01324	0.00444	0.00390
30	0.01065	0.01013	0.01706	0.38092	0.37304	0.01124	0.04360	0.02965	0.02593	0.01435	0.00897	0.01235	0.00713	0.00468	0.00512	0.00153	0.03051	0.00433	0.00235	0.00646
31	0.00834	0.03538	0.08487	0.00871	0.03992	0.00657	0.00713	0.01127	0.07615	0.05350	0.10028	0.27438	0.11315	0.01088	0.00562	0.00177	0.00373	0.14902	0.00423	0.00510
32	0.01506	0.00739	0.00907	0.00744	0.01014	0.00691	0.00594	0.09463	0.03804	0.38985	0.08097	0.02291	0.14252	0.03991	0.01537	0.00166	0.00371	0.00597	0.09598	0.00653
33	0.00589	0.00421	0.00563	0.00674	0.00704	0.00394	0.00456	0.00678	0.00922	0.01228	0.02630	0.80010	0.03146	0.01491	0.00612	0.00195	0.00283	0.04170	0.00444	0.00390
34	0.01126	0.32441	0.39648	0.01227	0.07049	0.01401	0.01306	0.05469	0.01067	0.01443	0.00923	0.01045	0.03007	0.00464	0.00405	0.00132	0.00601	0.00345	0.00227	0.00672
35	0.01261	0.05727	0.10291	0.03378	0.05709	0.16909	0.29662	0.01555	0.01142	0.07042	0.01129	0.07415	0.00954	0.00547	0.00497	0.00149	0.00679	0.01803	0.03536	0.00616
36	0.03676	0.00972	0.01130	0.00899	0.01197	0.03635	0.00722	0.23219	0.01477	0.38936	0.01495	0.01601	0.01084	0.10421	0.00759	0.00186	0.04720	0.00477	0.02683	0.00711
37	0.00753	0.00608	0.00832	0.00868	0.03881	0.00604	0.04103	0.02959	0.08114	0.01382	0.02294	0.57354	0.04721	0.01216	0.00606	0.00180	0.03093	0.01091	0.00415	0.04926

[dist]
# distance from previous block
# <min> <max>
0	1

[block]
# block no. 5 follows, 53 sequences, length 41
# corresponding to MSA columns:
# 374-392,493-514
name=unknown_F
#
# <colnr> <probs for GDERKNQSTAVLIFYWHMCP>
#	G	D	E	R	K	N	Q	S	T	A	V	L	I	F	Y	W	H	M	C	P
0	0.01326	0.36172	0.01969	0.01416	0.19286	0.16570	0.03763	0.02981	0.02319	0.02564	0.02100	0.01080	0.00788	0.02954	0.02718	0.00150	0.00613	0.00356	0.00246	0.00628
1	0.00968	0.03593	0.01509	0.69948	0.09767	0.03764	0.01309	0.01272	0.00981	0.01246	0.00844	0.01236	0.00646	0.00472	0.00470	0.00155	0.00635	0.00415	0.00215	0.00554
2	0.01032	0.00891	0.00978	0.00719	0.01115	0.04012	0.00572	0.02551	0.01029	0.01581	0.00897	0.01040	0.00740	0.00377	0.00358	0.00077	0.00370	0.00297	0.05899	0.75466
3	0.00857	0.00669	0.00795	0.00735	0.03424	0.00633	0.00542	0.08539	0.06327	0.01846	0.38630	0.02993	0.18177	0.00860	0.00517	0.00142	0.00294	0.00736	0.02286	0.10998
4	0.01285	0.01074	0.01135	0.00992	0.01279	0.01234	0.00780	0.14155	0.67586	0.02154	0.01824	0.01686	0.01360	0.00637	0.00485	0.00159	0.00401	0.00524	0.00485	0.00765
5	0.00752	0.00587	0.00825	0.03215	0.00950	0.00585	0.06337	0.03409	0.01040	0.01438	0.14362	0.08013	0.18838	0.06798	0.20813	0.00325	0.00578	0.00730	0.08560	0.01843
6	0.00799	0.00687	0.00965	0.00886	0.00937	0.00842	0.02529	0.00913	0.00782	0.01118	0.01418	0.08061	0.05998	0.17159	0.27758	0.00435	0.27398	0.00610	0.00272	0.00433
7	0.01547	0.16155	0.12399	0.01162	0.01501	0.51619	0.01010	0.01813	0.06181	0.01262	0.00819	0.00924	0.00667	0.00483	0.00416	0.00126	0.00750	0.00320	0.00248	0.00598
8	0.01096	0.01101	0.02038	0.26239	0.29369	0.01152	0.25292	0.03490	0.01085	0.01481	0.00907	0.01240	0.00710	0.00447	0.00525	0.00154	0.02318	0.00468	0.00237	0.00651
9	0.01062	0.01272	0.11009	0.01832	0.12330	0.01092	0.45483	0.01425	0.01071	0.01513	0.01067	0.02907	0.00876	0.00587	0.03033	0.00177	0.03680	0.03284	0.05669	0.00631
10	0.00860	0.00798	0.01316	0.71549	0.02954	0.00976	0.01208	0.01151	0.00962	0.01226	0.01224	0.06661	0.06005	0.00590	0.00492	0.00162	0.00588	0.00522	0.00242	0.00514
11	0.00941	0.04380	0.03810	0.01062	0.01140	0.03387	0.00892	0.01087	0.00782	0.01147	0.00878	0.01331	0.00833	0.01799	0.30545	0.00404	0.44417	0.00441	0.00227	0.00498
12	0.00650	0.00518	0.00689	0.03677	0.00870	0.02632	0.03198	0.00755	0.00933	0.01222	0.02479	0.68262	0.05554	0.03381	0.02577	0.00209	0.00352	0.01220	0.00415	0.00406
13	0.00689	0.03465	0.00635	0.00621	0.00703	0.00471	0.00441	0.00819	0.01027	0.02878	0.17868	0.45771	0.08824	0.04060	0.00619	0.00180	0.00276	0.01062	0.09171	0.00420
14	0.00880	0.03705	0.00995	0.00902	0.01084	0.00763	0.05609	0.01368	0.19629	0.01625	0.14822	0.06475	0.05957	0.01016	0.00579	0.00184	0.00402	0.33028	0.00444	0.00532
15	0.00934	0.00818	0.00844	0.00813	0.03817	0.05505	0.00595	0.07069	0.20699	0.01704	0.15757	0.05176	0.31030	0.00906	0.00525	0.00155	0.00346	0.00759	0.00448	0.02100
16	0.01063	0.00975	0.04274	0.10167	0.32661	0.00983	0.02918	0.06445	0.02521	0.01609	0.01413	0.01629	0.08603	0.00578	0.00544	0.00147	0.06799	0.00489	0.15556	0.00624
17	0.00757	0.00502	0.00573	0.00564	0.00675	0.00506	0.00416	0.01709	0.03804	0.01460	0.07760	0.02719	0.18996	0.11961	0.16590	0.00302	0.00475	0.00648	0.29156	0.00428
18	0.00651	0.00511	0.00604	0.00635	0.00764	0.00474	0.00496	0.00847	0.03916	0.01401	0.11957	0.14304	0.39596	0.01298	0.03056	0.00196	0.00326	0.18091	0.00448	0.00428
19	0.01030	0.01974	0.47882	0.01637	0.02250	0.01152	0.34110	0.01521	0.01059	0.01521	0.00904	0.01127	0.00656	0.00433	0.00500	0.00155	0.00748	0.00442	0.00219	0.00680
20	0.11834	0.01109	0.01826	0.18564	0.07090	0.06343	0.31071	0.01373	0.01019	0.01468	0.00987	0.06240	0.00841	0.00650	0.03920	0.00185	0.04139	0.00511	0.00254	0.00576
21	0.00677	0.00478	0.00601	0.03091	0.00747	0.00463	0.00440	0.00761	0.03187	0.01189	0.07739	0.25562	0.20071	0.13295	0.03936	0.15763	0.00367	0.00896	0.00372	0.00365
22	0.16701	0.00688	0.00793	0.00688	0.00927	0.00658	0.00544	0.01474	0.02784	0.29197	0.17104	0.06144	0.14974	0.03028	0.00539	0.00163	0.00334	0.02199	0.00481	0.00580
23	0.00743	0.00483	0.00641	0.00671	0.00737	0.00477	0.00474	0.00852	0.00922	0.06239	0.09427	0.34017	0.02481	0.19408	0.15400	0.00349	0.00509	0.05364	0.00394	0.00410
24	0.03782	0.00787	0.00915	0.00689	0.01056	0.00619	0.00548	0.01223	0.01037	0.07988	0.04185	0.03787	0.09059	0.00518	0.00399	0.00095	0.00341	0.00423	0.00338	0.62212
25	0.00924	0.00645	0.00729	0.00683	0.00843	0.00645	0.00506	0.08511	0.11971	0.06887	0.10098	0.18437	0.20745	0.10332	0.00747	0.00196	0.00328	0.00839	0.05422	0.00510
26	0.00887	0.00571	0.00680	0.00653	0.00788	0.00547	0.00475	0.02533	0.08008	0.10937	0.13998	0.20084	0.17949	0.15031	0.00871	0.00216	0.00326	0.02691	0.02276	0.00478
27	0.00610	0.00444	0.00555	0.00623	0.00673	0.00418	0.00422	0.00696	0.00912	0.01197	0.04309	0.50516	0.14287	0.15294	0.04287	0.00258	0.00349	0.03359	0.00411	0.00378
28	0.08841	0.00596	0.00642	0.00604	0.00769	0.00574	0.00453	0.06072	0.02224	0.05211	0.16978	0.11682	0.34023	0.06848	0.00662	0.00180	0.00298	0.00847	0.02031	0.00465
29	0.00733	0.00522	0.00602	0.00609	0.00722	0.00500	0.00441	0.05648	0.02988	0.01557	0.15833	0.29691	0.21396	0.03453	0.00592	0.00171	0.00275	0.00963	0.12860	0.00443
30	0.00977	0.00768	0.00858	0.00787	0.00993	0.00818	0.00610	0.04446	0.35856	0.04472	0.22938	0.05293	0.14371	0.00870	0.00529	0.00161	0.00323	0.03837	0.00490	0.00602
31	0.00621	0.00463	0.00591	0.00624	0.00697	0.00427	0.01744	0.00732	0.01003	0.01328	0.17113	0.41933	0.17388	0.12064	0.00832	0.00215	0.00295	0.01102	0.00435	0.00394
32	0.00780	0.00549	0.00658	0.00657	0.00765	0.00535	0.00468	0.03477	0.07896	0.04961	0.17843	0.30112	0.13600	0.13527	0.00849	0.00215	0.00315	0.01891	0.00448	0.00453
33	0.02885	0.00623	0.00752	0.00686	0.00863	0.00601	0.00521	0.03278	0.09531	0.15931	0.28906	0.13690	0.12167	0.04160	0.00605	0.00169	0.00304	0.00802	0.02989	0.00539
34	0.25603	0.01603	0.01081	0.00967	0.01224	0.42477	0.00745	0.07799	0.01256	0.01658	0.05932	0.01185	0.03673	0.00543	0.00408	0.00135	0.00620	0.00367	0.02176	0.00550
35	0.00779	0.00489	0.00619	0.00658	0.00741	0.00461	0.00461	0.00904	0.03722	0.08206	0.02553	0.47484	0.11308	0.07888	0.00808	0.05645	0.00315	0.03491	0.03041	0.00424
36	0.00699	0.00468	0.00588	0.00630	0.00685	0.00446	0.00422	0.00801	0.03203	0.03971	0.08223	0.44206	0.08239	0.18512	0.01057	0.05682	0.00326	0.01043	0.00409	0.00387
37	0.00927	0.00877	0.01463	0.72840	0.07390	0.01090	0.01318	0.01230	0.00950	0.01236	0.00839	0.01255	0.00643	0.00497	0.00543	0.00161	0.05560	0.00424	0.00214	0.00543
38	0.00836	0.00628	0.00799	0.00775	0.00850	0.03253	0.00583	0.00970	0.03367	0.03958	0.01538	0.12452	0.04056	0.11081	0.29991	0.08848	0.10177	0.02016	0.03395	0.00425
39	0.03150	0.00630	0.00754	0.00727	0.00817	0.02130	0.00531	0.05814	0.01059	0.04307	0.17328	0.27811	0.05778	0.16061	0.01005	0.00228	0.08694	0.02323	0.00408	0.00447
40	0.14696	0.05040	0.00886	0.00818	0.03636	0.00760	0.00620	0.00992	0.00796	0.01290	0.01139	0.01642	0.01050	0.04495	0.59310	0.00603	0.01049	0.00458	0.00260	0.00460

[dist]
# distance from previous block
# <min> <max>
1	11

[block]
# block no. 6 follows, 53 sequences, length 48
# corresponding to MSA columns:
# 526-573
name=unknown_G
#
# <colnr> <probs for GDERKNQSTAVLIFYWHMCP>
#	G	D	E	R	K	N	Q	S	T	A	V	L	I	F	Y	W	H	M	C	P
0	0.00847	0.09410	0.00897	0.00732	0.04194	0.01971	0.00514	0.00974	0.01011	0.04773	0.14674	0.16127	0.13511	0.18975	0.00925	0.00214	0.00365	0.00765	0.00377	0.08745
1	0.55536	0.01042	0.06597	0.00865	0.04665	0.01070	0.00708	0.09034	0.00993	0.02029	0.02161	0.06000	0.00815	0.00630	0.02549	0.00169	0.03881	0.00381	0.00313	0.00560
2	0.05046	0.07216	0.01380	0.06972	0.11121	0.01088	0.04867	0.13219	0.06233	0.05126	0.09146	0.01750	0.09175	0.00645	0.00588	0.00149	0.09250	0.00515	0.00353	0.06160
3	0.33425	0.00963	0.03051	0.00838	0.01104	0.01056	0.00694	0.05984	0.18936	0.08813	0.01269	0.01341	0.03095	0.00845	0.07696	0.00210	0.07680	0.00413	0.00366	0.02223
4	0.01204	0.07884	0.02693	0.01919	0.01326	0.09124	0.04084	0.10819	0.12598	0.01537	0.01068	0.05278	0.00940	0.00878	0.06114	0.00205	0.28151	0.00467	0.00304	0.03407
5	0.00860	0.00463	0.00654	0.00638	0.00679	0.00455	0.00439	0.00765	0.03402	0.03182	0.05031	0.03547	0.03815	0.01514	0.01610	0.69662	0.00394	0.00483	0.00259	0.02148
6	0.01245	0.00964	0.01143	0.09326	0.05480	0.03599	0.00830	0.18455	0.18336	0.07446	0.07926	0.04750	0.02672	0.00824	0.03899	0.00180	0.00489	0.07049	0.00420	0.04966
7	0.01116	0.07807	0.32647	0.01118	0.01528	0.16422	0.03293	0.04921	0.01145	0.01475	0.09816	0.01632	0.01251	0.05286	0.04754	0.00194	0.00666	0.04053	0.00279	0.00595
8	0.00753	0.00575	0.00715	0.00753	0.00879	0.00576	0.00599	0.01098	0.12307	0.01542	0.16517	0.18098	0.13374	0.01180	0.00597	0.00187	0.00338	0.28978	0.00463	0.00473
9	0.04277	0.00480	0.00568	0.00594	0.00630	0.00486	0.00383	0.00743	0.00783	0.01091	0.01847	0.21304	0.04669	0.47431	0.10304	0.00404	0.00496	0.02835	0.00331	0.00344
10	0.00613	0.00443	0.00545	0.00606	0.00654	0.00413	0.00403	0.00695	0.00924	0.01215	0.07856	0.47756	0.14158	0.19270	0.00999	0.00246	0.00311	0.02104	0.00415	0.00374
11	0.00668	0.02897	0.10460	0.00730	0.00887	0.00548	0.00612	0.00866	0.03553	0.01323	0.06251	0.50580	0.16350	0.01238	0.00569	0.00178	0.00331	0.01095	0.00413	0.00451
12	0.01156	0.01164	0.01824	0.03635	0.01787	0.07855	0.35874	0.12184	0.06123	0.01729	0.08947	0.01943	0.12300	0.00619	0.00534	0.00154	0.00607	0.00609	0.00344	0.00612
13	0.01034	0.00862	0.00984	0.00746	0.01123	0.00726	0.00591	0.04706	0.10818	0.01674	0.01088	0.03818	0.00908	0.00446	0.00383	0.00091	0.00356	0.00364	0.03921	0.65361
14	0.01105	0.00683	0.00795	0.00686	0.00909	0.00649	0.00539	0.11040	0.04979	0.17552	0.22269	0.03105	0.29653	0.00904	0.00527	0.00152	0.00313	0.00757	0.02817	0.00567
15	0.01841	0.01082	0.01185	0.00940	0.01282	0.06851	0.00764	0.27658	0.06356	0.38132	0.01690	0.01565	0.04762	0.00610	0.00476	0.00145	0.00465	0.00479	0.02957	0.00761
16	0.01254	0.00698	0.00855	0.00730	0.00967	0.00661	0.00576	0.04808	0.11082	0.27872	0.27639	0.02787	0.16394	0.00833	0.00523	0.00153	0.00320	0.00705	0.00526	0.00616
17	0.01015	0.00741	0.00849	0.00750	0.00946	0.00759	0.00581	0.19459	0.08917	0.04210	0.31404	0.11756	0.13191	0.00921	0.00535	0.00155	0.00324	0.00787	0.02137	0.00562
18	0.00579	0.00440	0.00534	0.00606	0.00679	0.00395	0.00418	0.00678	0.00982	0.01260	0.05235	0.55914	0.27771	0.01393	0.00594	0.00183	0.00265	0.01235	0.00446	0.00395
19	0.01049	0.00884	0.01022	0.00736	0.01157	0.00697	0.00591	0.06676	0.01080	0.01660	0.00871	0.01002	0.00715	0.00370	0.00363	0.00076	0.00366	0.00294	0.00297	0.80094
20	0.00594	0.00425	0.00551	0.00644	0.00676	0.00397	0.00427	0.00675	0.00912	0.01213	0.04502	0.70782	0.05965	0.08869	0.00772	0.00216	0.00292	0.01273	0.00432	0.00381
21	0.00586	0.00419	0.00558	0.00663	0.00694	0.00391	0.00444	0.00674	0.00932	0.01246	0.05552	0.79898	0.03212	0.01478	0.00608	0.00192	0.00275	0.01340	0.00447	0.00391
22	0.01004	0.00892	0.01168	0.00835	0.01265	0.00693	0.08114	0.01235	0.01004	0.01555	0.00861	0.01020	0.00710	0.00359	0.00374	0.00080	0.00398	0.00310	0.00279	0.77844
23	0.00593	0.00441	0.00554	0.00632	0.00698	0.00403	0.00442	0.00698	0.00986	0.01283	0.07187	0.57639	0.20210	0.01398	0.00600	0.00186	0.00275	0.04930	0.00448	0.00397
24	0.00851	0.00583	0.00687	0.00641	0.00810	0.00544	0.00499	0.06137	0.02949	0.08057	0.29136	0.06398	0.30730	0.01031	0.00554	0.00160	0.00288	0.06959	0.02495	0.00491
25	0.00707	0.00489	0.00567	0.00563	0.00564	0.00507	0.00332	0.00715	0.00707	0.00951	0.01516	0.06659	0.01750	0.75592	0.02309	0.00439	0.04324	0.00712	0.00293	0.00305
26	0.00991	0.00850	0.00991	0.00708	0.01133	0.00637	0.00566	0.01203	0.00991	0.01557	0.00850	0.00991	0.00708	0.00354	0.00354	0.00071	0.00354	0.00283	0.00283	0.86124
27	0.00948	0.00574	0.00693	0.00666	0.00828	0.00529	0.00497	0.01942	0.06423	0.16794	0.07234	0.27351	0.26795	0.04012	0.00624	0.00180	0.00308	0.02620	0.00475	0.00506
28	0.01140	0.00591	0.00738	0.00683	0.00854	0.00560	0.00529	0.01349	0.04910	0.22769	0.05707	0.09287	0.08356	0.09191	0.02639	0.03087	0.00368	0.10028	0.16686	0.00527
29	0.00830	0.00415	0.00623	0.00623	0.00623	0.00415	0.00415	0.00623	0.00623	0.00830	0.00830	0.01453	0.00830	0.01660	0.01868	0.86094	0.00415	0.00415	0.00208	0.00208
30	0.02489	0.00797	0.00701	0.00675	0.00836	0.12152	0.00501	0.03647	0.04719	0.01432	0.12190	0.13143	0.39974	0.03868	0.00603	0.00168	0.00360	0.00868	0.00420	0.00457
31	0.01110	0.00767	0.00846	0.00767	0.00936	0.04100	0.00567	0.12897	0.09340	0.11570	0.11565	0.20504	0.05177	0.16583	0.00893	0.00219	0.00394	0.00779	0.00444	0.00540
