[name]
unknown

[dist]
# distance from previous block
# <min> <max>
7	411

[block]
# block no. 0 follows, 56 sequences, length 18
# corresponding to MSA columns:
# 414-431
name=unknown_A
#
# <colnr> <probs for GDERKNQSTAVLIFYWHMCP>
#	G	D	E	R	K	N	Q	S	T	A	V	L	I	F	Y	W	H	M	C	P
0	0.00926	0.00600	0.00710	0.00685	0.00814	0.01573	0.00502	0.10302	0.03077	0.09877	0.06469	0.35999	0.08119	0.08315	0.02086	0.01253	0.00345	0.02293	0.05580	0.00474
1	0.03944	0.06122	0.01118	0.09845	0.01280	0.03625	0.06895	0.10222	0.07811	0.04209	0.04832	0.10011	0.06701	0.09467	0.00689	0.01451	0.01559	0.00582	0.06896	0.02741
2	0.04150	0.00701	0.00865	0.00899	0.09208	0.03295	0.02866	0.03337	0.03068	0.03507	0.06758	0.16604	0.07181	0.09988	0.02320	0.00183	0.00384	0.01850	0.10828	0.12009
3	0.03086	0.09784	0.00843	0.00629	0.00810	0.01707	0.00490	0.04712	0.04989	0.04062	0.07660	0.14004	0.18420	0.07082	0.03575	0.00182	0.00356	0.00685	0.11245	0.05679
4	0.07984	0.03356	0.02086	0.04775	0.04328	0.07799	0.02106	0.12367	0.12971	0.03381	0.20404	0.05225	0.01798	0.01849	0.04036	0.02441	0.01602	0.00547	0.00381	0.00562
5	0.09233	0.00845	0.00960	0.00830	0.01043	0.02878	0.03748	0.23151	0.05914	0.06683	0.08144	0.18319	0.01694	0.06970	0.01963	0.00184	0.00416	0.02743	0.03722	0.00560
6	0.10750	0.00768	0.00879	0.00736	0.00985	0.00774	0.00588	0.13999	0.07562	0.23067	0.24044	0.02129	0.07111	0.00696	0.00465	0.00143	0.00337	0.00571	0.03787	0.00608
7	0.01118	0.01023	0.04898	0.14010	0.12395	0.06146	0.04263	0.10783	0.02839	0.06347	0.04719	0.07314	0.01137	0.06345	0.03712	0.00194	0.10331	0.00513	0.01340	0.00573
8	0.12800	0.00693	0.00852	0.00716	0.00979	0.00640	0.00568	0.01674	0.01117	0.45708	0.01729	0.16980	0.01399	0.00703	0.00445	0.00145	0.00345	0.00584	0.08139	0.03784
9	0.00808	0.00467	0.00635	0.00632	0.00662	0.00482	0.00429	0.00809	0.09379	0.00957	0.01097	0.08066	0.01101	0.07031	0.01589	0.64442	0.00387	0.00502	0.00252	0.00276
10	0.14950	0.55250	0.02034	0.00877	0.01238	0.01574	0.06988	0.04039	0.00963	0.03640	0.00709	0.00826	0.00606	0.00427	0.00379	0.00117	0.04276	0.00289	0.00233	0.00585
11	0.01478	0.17941	0.04252	0.01130	0.01487	0.18238	0.10138	0.29268	0.08451	0.01864	0.00966	0.01038	0.00742	0.00487	0.00427	0.00130	0.00594	0.00378	0.00326	0.00664
12	0.09355	0.45869	0.25895	0.00921	0.01375	0.01426	0.01015	0.01397	0.00939	0.03852	0.00801	0.03870	0.00685	0.00453	0.00352	0.00121	0.00523	0.00320	0.00224	0.00605
13	0.07897	0.27655	0.33560	0.01221	0.01734	0.01319	0.17785	0.01424	0.00967	0.01388	0.00773	0.00936	0.00602	0.00411	0.00402	0.00132	0.00614	0.00346	0.00210	0.00624
14	0.00655	0.00498	0.00701	0.00882	0.09516	0.00482	0.00551	0.00764	0.00890	0.01194	0.02226	0.52959	0.04557	0.10720	0.03536	0.00231	0.00364	0.08487	0.00381	0.00408
15	0.01009	0.02197	0.64005	0.07782	0.02030	0.09971	0.03839	0.01474	0.01005	0.01396	0.00814	0.00982	0.00588	0.00441	0.00439	0.00143	0.00692	0.00346	0.00200	0.00647
16	0.00776	0.00498	0.00627	0.00585	0.00724	0.00446	0.00442	0.00958	0.01219	0.10413	0.50904	0.09227	0.19471	0.00980	0.00536	0.00149	0.00243	0.00852	0.00490	0.00458
17	0.00666	0.00448	0.00513	0.00509	0.00521	0.00444	0.00295	0.00689	0.00737	0.00995	0.10171	0.03051	0.01962	0.74743	0.02139	0.00412	0.00420	0.00686	0.00303	0.00295

[dist]
# distance from previous block
# <min> <max>
5	25

[block]
# block no. 1 follows, 56 sequences, length 125
# corresponding to MSA columns:
# 463-469,473-508,511-588,638-641
name=unknown_B
#
# <colnr> <probs for GDERKNQSTAVLIFYWHMCP>
#	G	D	E	R	K	N	Q	S	T	A	V	L	I	F	Y	W	H	M	C	P
0	0.00671	0.00529	0.00598	0.00569	0.00687	0.03384	0.00423	0.00853	0.01211	0.01644	0.56609	0.03488	0.20161	0.04583	0.00611	0.00158	0.00252	0.00824	0.02324	0.00420
1	0.03478	0.01711	0.01462	0.04281	0.22402	0.49414	0.04100	0.01632	0.01200	0.01291	0.04257	0.01050	0.00793	0.00472	0.00434	0.00127	0.00707	0.00361	0.00246	0.00581
2	0.00991	0.01331	0.19091	0.05067	0.07185	0.01032	0.36497	0.01458	0.08668	0.01508	0.04871	0.01521	0.05744	0.00500	0.00498	0.00150	0.00622	0.00518	0.02130	0.00618
3	0.01681	0.02175	0.04806	0.01185	0.01444	0.76584	0.00922	0.03649	0.01307	0.01180	0.00724	0.00841	0.00595	0.00473	0.00416	0.00120	0.00814	0.00300	0.00240	0.00544
4	0.00671	0.00455	0.00530	0.02287	0.00572	0.00463	0.00313	0.00685	0.00676	0.00904	0.01423	0.02913	0.01623	0.78552	0.05778	0.00452	0.00483	0.00654	0.00275	0.00289
5	0.00672	0.00500	0.00739	0.00734	0.00816	0.00585	0.00572	0.00837	0.00747	0.01095	0.01228	0.01782	0.01137	0.03259	0.76737	0.00699	0.02951	0.00487	0.04009	0.00413
6	0.01064	0.11313	0.46127	0.01261	0.02721	0.05536	0.09188	0.01625	0.13050	0.02384	0.00978	0.01084	0.00727	0.00458	0.00435	0.00141	0.00622	0.00376	0.00247	0.00664
7	0.00748	0.00515	0.00657	0.00741	0.04216	0.02213	0.00489	0.00850	0.00940	0.06766	0.09411	0.48678	0.02638	0.14146	0.00840	0.00217	0.00330	0.04785	0.00407	0.00413
8	0.00590	0.00422	0.00564	0.00666	0.00706	0.00399	0.00471	0.00690	0.00905	0.01199	0.02526	0.67932	0.04288	0.03323	0.00634	0.00196	0.00295	0.13395	0.00422	0.00379
9	0.42075	0.06578	0.07542	0.04533	0.03418	0.19265	0.05953	0.01455	0.00961	0.01629	0.00789	0.00924	0.02289	0.00450	0.00361	0.00136	0.00537	0.00312	0.00255	0.00538
10	0.00629	0.00489	0.00574	0.00552	0.00683	0.00446	0.00414	0.00852	0.04640	0.01604	0.46935	0.05457	0.33006	0.01020	0.00540	0.00150	0.00230	0.00879	0.00472	0.00428
11	0.02496	0.01170	0.01168	0.01008	0.05670	0.12592	0.00755	0.21948	0.13726	0.03270	0.02766	0.01163	0.00893	0.00480	0.00414	0.00115	0.00467	0.00373	0.00354	0.29172
12	0.01026	0.01247	0.10294	0.01818	0.13281	0.01092	0.47698	0.01371	0.01047	0.01453	0.04671	0.01418	0.04347	0.00484	0.00588	0.00154	0.06626	0.00524	0.00246	0.00614
13	0.01319	0.35136	0.11395	0.00963	0.01326	0.19062	0.00898	0.03988	0.13545	0.04696	0.03002	0.01053	0.00842	0.00478	0.00383	0.00122	0.00556	0.00340	0.00279	0.00619
14	0.01977	0.02745	0.04623	0.00848	0.01219	0.00751	0.00731	0.05688	0.01329	0.72472	0.01710	0.01497	0.01084	0.00558	0.00457	0.00141	0.00411	0.00449	0.00539	0.00772
15	0.03095	0.15193	0.06329	0.04588	0.01416	0.25354	0.00882	0.14947	0.18024	0.02770	0.01067	0.02513	0.00843	0.00519	0.00418	0.00131	0.00575	0.00381	0.00321	0.00633
16	0.03826	0.01055	0.01147	0.00937	0.01222	0.11129	0.04055	0.18589	0.03587	0.22741	0.01399	0.13262	0.01169	0.00656	0.00505	0.00140	0.04072	0.00531	0.00410	0.09568
17	0.01667	0.03940	0.01433	0.01109	0.03125	0.07571	0.07369	0.40024	0.08827	0.18334	0.01249	0.01229	0.00880	0.00533	0.00458	0.00139	0.00517	0.00429	0.00432	0.00736
18	0.01075	0.12291	0.47891	0.01302	0.07586	0.01116	0.05631	0.02396	0.03675	0.07503	0.04602	0.01151	0.00844	0.00467	0.00433	0.00139	0.00595	0.00382	0.00254	0.00667
19	0.00549	0.00465	0.00474	0.00472	0.00624	0.00390	0.00354	0.00671	0.01061	0.01275	0.09089	0.04361	0.76355	0.01150	0.00543	0.00154	0.00232	0.00961	0.00431	0.00390
20	0.01054	0.01007	0.01716	0.27133	0.57327	0.01069	0.01368	0.01337	0.01007	0.01400	0.00849	0.01163	0.00692	0.00424	0.00456	0.00141	0.00566	0.00409	0.00220	0.00661
21	0.03514	0.01076	0.01544	0.19434	0.32842	0.01190	0.01164	0.24124	0.02685	0.01835	0.00919	0.01137	0.00716	0.00488	0.00513	0.00145	0.05294	0.00407	0.00294	0.00677
22	0.03960	0.00784	0.01057	0.00812	0.01166	0.00683	0.00671	0.02218	0.01302	0.79549	0.01785	0.01544	0.01122	0.00565	0.00458	0.00142	0.00390	0.00457	0.00562	0.00775
23	0.00667	0.00448	0.00514	0.00514	0.00519	0.00452	0.00295	0.00676	0.00672	0.00900	0.01434	0.02936	0.01639	0.79282	0.06880	0.00462	0.00490	0.00658	0.00276	0.00286
24	0.00890	0.00840	0.01419	0.75800	0.09941	0.01026	0.01287	0.01194	0.00929	0.01201	0.00820	0.01216	0.00622	0.00455	0.00459	0.00152	0.00606	0.00408	0.00206	0.00529
25	0.07439	0.01001	0.01458	0.28398	0.21710	0.02803	0.05493	0.08101	0.10723	0.06865	0.01037	0.01231	0.00781	0.00475	0.00450	0.00146	0.00537	0.00419	0.00295	0.00637
26	0.00598	0.00448	0.00649	0.00715	0.00768	0.00421	0.04056	0.00702	0.00903	0.01202	0.02449	0.73537	0.02898	0.01377	0.00588	0.00187	0.00302	0.07396	0.00417	0.00388
27	0.01693	0.01260	0.01348	0.01046	0.01404	0.01399	0.00860	0.72763	0.08952	0.02809	0.01169	0.01155	0.00835	0.00557	0.00460	0.00139	0.00493	0.00423	0.00460	0.00776
28	0.00587	0.00436	0.00573	0.00668	0.02782	0.00403	0.00445	0.00697	0.00966	0.01292	0.14827	0.60466	0.11549	0.01304	0.00571	0.00175	0.00262	0.01172	0.00433	0.00393
29	0.00912	0.00826	0.01429	0.01473	0.21162	0.00788	0.19469	0.03017	0.01130	0.03428	0.21051	0.11777	0.10059	0.00739	0.00521	0.00151	0.00450	0.00708	0.00354	0.00556
30	0.00587	0.00419	0.00553	0.00640	0.00678	0.00397	0.00433	0.00699	0.02807	0.01232	0.08584	0.72996	0.03035	0.01384	0.00614	0.02642	0.00269	0.01223	0.00427	0.00381
31	0.01004	0.01004	0.01406	0.01205	0.01205	0.01406	0.01004	0.01105	0.00703	0.01105	0.00603	0.01004	0.00603	0.00804	0.01507	0.00201	0.83025	0.00402	0.00201	0.00502
32	0.00952	0.00816	0.00952	0.00680	0.01088	0.00612	0.00544	0.01156	0.00952	0.01496	0.00816	0.00952	0.00680	0.00340	0.00340	0.00068	0.00340	0.00272	0.00272	0.86672
33	0.01227	0.84142	0.02406	0.00786	0.01178	0.01817	0.00786	0.01375	0.00933	0.01080	0.00638	0.00736	0.00589	0.00393	0.00295	0.00098	0.00491	0.00245	0.00196	0.00589
34	0.01109	0.01062	0.01800	0.02711	0.77354	0.01059	0.01361	0.01375	0.01045	0.01488	0.01035	0.01285	0.04362	0.00443	0.00459	0.00137	0.00531	0.00434	0.00236	0.00712
35	0.01719	0.02081	0.01310	0.01168	0.01420	0.72422	0.00885	0.11081	0.01403	0.01334	0.00756	0.00861	0.00614	0.00482	0.00419	0.00121	0.00789	0.00310	0.00263	0.00562
36	0.01173	0.29516	0.01525	0.04566	0.03530	0.03808	0.00730	0.10579	0.01109	0.04520	0.00985	0.08620	0.00893	0.00506	0.00377	0.00108	0.00441	0.00394	0.00288	0.26333
37	0.03708	0.04796	0.10046	0.00914	0.01275	0.03214	0.00825	0.12148	0.01328	0.47000	0.05023	0.01418	0.01093	0.00566	0.00499	0.00142	0.04392	0.00436	0.00459	0.00718
38	0.00976	0.03529	0.33731	0.01026	0.03119	0.00887	0.01943	0.02698	0.02792	0.04201	0.09719	0.01277	0.01073	0.00487	0.00467	0.00123	0.04234	0.00387	0.00277	0.27053
39	0.01204	0.79139	0.02301	0.00777	0.01157	0.02932	0.00767	0.01349	0.00943	0.01088	0.00821	0.00905	0.04230	0.00429	0.00308	0.00101	0.00484	0.00279	0.00207	0.00579
40	0.01823	0.00804	0.01033	0.00822	0.01151	0.00747	0.00669	0.02203	0.15691	0.63198	0.01951	0.01720	0.04801	0.00605	0.00466	0.00145	0.00378	0.00495	0.00543	0.00753
41	0.01377	0.15356	0.28032	0.01116	0.01553	0.22097	0.01123	0.15831	0.03367	0.04731	0.00881	0.00962	0.00665	0.00470	0.00413	0.00129	0.00635	0.00336	0.00276	0.00650
42	0.00803	0.00950	0.15591	0.00930	0.02951	0.00673	0.10638	0.01104	0.03717	0.04431	0.27597	0.07201	0.19897	0.00820	0.00518	0.00151	0.00396	0.00729	0.00387	0.00517
43	0.01066	0.01158	0.04026	0.06437	0.27571	0.01096	0.44852	0.01398	0.01041	0.01437	0.00923	0.01279	0.00743	0.04187	0.00588	0.00162	0.00675	0.00493	0.00230	0.00634
44	0.00668	0.00445	0.00501	0.00501	0.00501	0.00445	0.00278	0.00668	0.00668	0.00890	0.01447	0.03004	0.01669	0.83866	0.02337	0.00445	0.00445	0.00668	0.00278	0.00278
45	0.00858	0.00799	0.01337	0.79029	0.03041	0.00994	0.01230	0.01150	0.00907	0.01160	0.00845	0.01305	0.00660	0.04244	0.00544	0.00166	0.00604	0.00420	0.00207	0.00499
46	0.01434	0.01781	0.04611	0.01572	0.11887	0.46351	0.19060	0.01648	0.01179	0.01263	0.00779	0.00975	0.00633	0.00459	0.00500	0.00134	0.04549	0.00373	0.00231	0.00581
47	0.00569	0.00407	0.00544	0.00647	0.00679	0.00381	0.00440	0.00658	0.00897	0.01196	0.04344	0.78279	0.03049	0.01419	0.00587	0.00187	0.00272	0.04640	0.00428	0.00376
48	0.00701	0.00481	0.00630	0.00586	0.00704	0.00442	0.00442	0.00916	0.01300	0.04724	0.77896	0.03362	0.04216	0.00925	0.00539	0.00144	0.00223	0.00817	0.00508	0.00446
49	0.01860	0.01060	0.01233	0.00950	0.01308	0.01093	0.00783	0.43843	0.04358	0.36472	0.01431	0.01320	0.00954	0.00561	0.00461	0.00140	0.00451	0.00438	0.00506	0.00779
50	0.00627	0.00469	0.00582	0.00557	0.00676	0.00425	0.00420	0.00821	0.01238	0.01697	0.62189	0.03684	0.21559	0.00995	0.00543	0.00148	0.00224	0.02237	0.00486	0.00423
51	0.00715	0.00577	0.00843	0.00809	0.00874	0.00710	0.00637	0.00863	0.00730	0.01067	0.01131	0.01708	0.01073	0.05639	0.65873	0.00638	0.14972	0.00482	0.00239	0.00421
52	0.01134	0.40856	0.37271	0.01051	0.01557	0.08469	0.01197	0.01450	0.00981	0.01249	0.00727	0.00847	0.00586	0.00419	0.00368	0.00121	0.00603	0.00291	0.00199	0.00624
53	0.00621	0.00468	0.00573	0.00547	0.00668	0.00421	0.00410	0.00810	0.01231	0.01677	0.60020	0.03699	0.25174	0.01000	0.00542	0.00147	0.00221	0.00868	0.00484	0.00421
54	0.00559	0.00401	0.00531	0.00636	0.00665	0.00373	0.00425	0.00640	0.00882	0.01173	0.02572	0.82011	0.04564	0.01433	0.00585	0.00186	0.00266	0.01299	0.00426	0.00373
55	0.01050	0.01003	0.01708	0.28440	0.56054	0.01068	0.01366	0.01333	0.01005	0.01395	0.00848	0.01164	0.00690	0.00425	0.00456	0.00142	0.00567	0.00409	0.00220	0.00658
56	0.01290	0.68781	0.05319	0.00854	0.01246	0.06707	0.00835	0.08122	0.01062	0.01253	0.00690	0.00783	0.00605	0.00413	0.00322	0.00105	0.00520	0.00267	0.00221	0.00606
57	0.01258	0.00910	0.01092	0.02979	0.01242	0.02726	0.03227	0.10429	0.06280	0.15602	0.01141	0.03488	0.00882	0.00461	0.00402	0.00104	0.00400	0.00380	0.00358	0.46638
58	0.30132	0.01237	0.04196	0.00981	0.05956	0.16598	0.00752	0.11850	0.11432	0.04403	0.05639	0.01229	0.02731	0.00527	0.00398	0.00139	0.00481	0.00384	0.00340	0.00595
59	0.01117	0.01071	0.01828	0.08649	0.75324	0.01086	0.01399	0.01392	0.01036	0.01476	0.00860	0.01143	0.00719	0.00413	0.00455	0.00138	0.00550	0.00409	0.00226	0.00711
60	0.00867	0.00816	0.01377	0.82762	0.03162	0.01020	0.01275	0.01173	0.00918	0.01173	0.00816	0.01224	0.00612	0.00459	0.00459	0.00153	0.00612	0.00408	0.00204	0.00510
61	0.05714	0.02454	0.28614	0.06235	0.17966	0.01026	0.12484	0.01560	0.03639	0.12908	0.01038	0.01225	0.00768	0.00463	0.00455	0.00146	0.00586	0.01767	0.00278	0.00671
62	0.00942	0.00863	0.01395	0.12685	0.36232	0.00964	0.01082	0.01162	0.00900	0.01290	0.00974	0.03845	0.00877	0.01244	0.20523	0.00295	0.11927	0.00456	0.01769	0.00574
63	0.00656	0.00492	0.00738	0.00738	0.00820	0.00574	0.00574	0.00820	0.00738	0.01066	0.01230	0.01804	0.01148	0.03443	0.82046	0.00738	0.01230	0.00492	0.00246	0.00410
64	0.01359	0.62071	0.02108	0.00893	0.01243	0.23417	0.00813	0.01498	0.01032	0.01092	0.00657	0.00761	0.00590	0.00414	0.00327	0.00104	0.00582	0.00259	0.00207	0.00574
65	0.01161	0.11364	0.28046	0.04580	0.21344	0.17282	0.01280	0.01463	0.01034	0.01323	0.00820	0.02949	0.00682	0.00473	0.00473	0.00136	0.04378	0.00366	0.00217	0.00629
66	0.00650	0.00469	0.00614	0.00578	0.00686	0.00433	0.00433	0.00866	0.01300	0.01841	0.80760	0.03429	0.04332	0.00939	0.00541	0.00144	0.00217	0.00830	0.00505	0.00433
67	0.00559	0.00400	0.00533	0.00639	0.00666	0.00373	0.00426	0.00639	0.00879	0.01172	0.02530	0.83566	0.03036	0.01438	0.00586	0.00186	0.00266	0.01305	0.00426	0.00373
68	0.00856	0.00866	0.08178	0.08873	0.22854	0.00753	0.00897	0.03925	0.01169	0.01631	0.34361	0.04264	0.08060	0.00720	0.00499	0.00145	0.00396	0.00640	0.00365	0.00550
69	0.01479	0.08752	0.15055	0.01215	0.03775	0.54008	0.01033	0.01699	0.02878	0.01203	0.00748	0.00881	0.00611	0.00477	0.00460	0.00126	0.04487	0.00312	0.00229	0.00570
70	0.87108	0.00888	0.00675	0.00604	0.00888	0.01030	0.00497	0.01350	0.00781	0.02060	0.00639	0.00746	0.00497	0.00426	0.00284	0.00142	0.00355	0.00249	0.00284	0.00497
71	0.00581	0.00415	0.00558	0.00665	0.00701	0.00392	0.00465	0.00677	0.00901	0.01197	0.02518	0.73968	0.02988	0.01417	0.00592	0.00189	0.00286	0.10685	0.00426	0.00379
72	0.00952	0.00816	0.00952	0.00680	0.01088	0.00612	0.00544	0.01156	0.00952	0.01496	0.00816	0.00952	0.00680	0.00340	0.00340	0.00068	0.00340	0.00272	0.00272	0.86672
73	0.01600	0.21533	0.01562	0.01089	0.01362	0.63090	0.00863	0.01725	0.01214	0.01113	0.00693	0.00806	0.00591	0.00454	0.00386	0.00114	0.00748	0.00284	0.00227	0.00546
74	0.00797	0.00399	0.00598	0.00598	0.00598	0.00399	0.00399	0.00598	0.00598	0.00797	0.00797	0.01396	0.00797	0.01595	0.01794	0.86643	0.00399	0.00399	0.00199	0.00199
75	0.00984	0.00938	0.01575	0.45615	0.34426	0.01072	0.01313	0.01264	0.00956	0.01301	0.00822	0.01175	0.00658	0.00460	0.00520	0.00149	0.05553	0.00408	0.00213	0.00597
76	0.01601	0.03257	0.03329	0.01096	0.01436	0.01395	0.03678	0.64212	0.01908	0.02571	0.01062	0.01174	0.00792	0.00577	0.00556	0.00145	0.07983	0.02080	0.00414	0.00735
77	0.06202	0.00783	0.01029	0.00797	0.01146	0.00684	0.00658	0.02077	0.01253	0.69197	0.01693	0.01571	0.01110	0.00562	0.00448	0.00138	0.00386	0.02478	0.00528	0.07262
78	0.00623	0.00454	0.00587	0.00591	0.00684	0.00418	0.00434	0.00799	0.01173	0.01623	0.54120	0.22686	0.09737	0.01084	0.00555	0.00157	0.00236	0.03147	0.00478	0.00415
79	0.00659	0.00488	0.00723	0.00723	0.00799	0.00564	0.00555	0.00808	0.00731	0.01051	0.01232	0.01855	0.01167	0.07434	0.76415	0.02477	0.01173	0.00499	0.00247	0.00399
80	0.00656	0.00492	0.00738	0.00738	0.00820	0.00574	0.00574	0.00820	0.00738	0.01066	0.01230	0.01804	0.01148	0.03443	0.82046	0.00738	0.01230	0.00492	0.00246	0.00410
81	0.00656	0.00490	0.00727	0.00727	0.00805	0.00568	0.00560	0.00813	0.00735	0.01058	0.01240	0.01858	0.01171	0.07093	0.78429	0.00725	0.01194	0.00500	0.00247	0.00404
82	0.00867	0.00816	0.01377	0.82762	0.03162	0.01020	0.01275	0.01173	0.00918	0.01173	0.00816	0.01224	0.00612	0.00459	0.00459	0.00153	0.00612	0.00408	0.00204	0.00510
83	0.00906	0.00857	0.01327	0.37763	0.07050	0.01100	0.01086	0.01113	0.00823	0.01150	0.00803	0.01251	0.00701	0.03289	0.09272	0.00238	0.30135	0.00422	0.00211	0.00504
84	0.00718	0.00491	0.00657	0.00638	0.00753	0.00465	0.00497	0.00927	0.01224	0.04847	0.59889	0.04751	0.03742	0.01130	0.05377	0.00190	0.00315	0.12468	0.00479	0.00443
85	0.00886	0.00836	0.01412	0.76986	0.08786	0.01025	0.01285	0.01190	0.00927	0.01197	0.00819	0.01218	0.00620	0.00455	0.00459	0.00152	0.00607	0.00408	0.00206	0.00526
86	0.01110	0.01064	0.01816	0.10591	0.73434	0.01084	0.01396	0.01386	0.01033	0.01468	0.00859	0.01145	0.00716	0.00414	0.00455	0.00138	0.00552	0.00409	0.00225	0.00706
87	0.00705	0.00515	0.00691	0.00772	0.00885	0.00502	0.00663	0.00903	0.01071	0.01384	0.07778	0.04955	0.14247	0.01232	0.00615	0.00199	0.00382	0.61655	0.00429	0.00418
88	0.83720	0.00892	0.00689	0.00617	0.00900	0.01034	0.00506	0.01392	0.03911	0.02054	0.00688	0.00784	0.00533	0.00434	0.00291	0.00143	0.00355	0.00259	0.00291	0.00506
89	0.00579	0.00419	0.00546	0.00640	0.00684	0.00392	0.00445	0.00672	0.00902	0.01187	0.02650	0.66788	0.09137	0.04390	0.00651	0.00196	0.00285	0.08642	0.00420	0.00375
90	0.01091	0.00596	0.00773	0.00718	0.00889	0.00571	0.00549	0.02679	0.06705	0.24932	0.09880	0.25383	0.07478	0.03025	0.09340	0.00230	0.00420	0.03749	0.00457	0.00536
91	0.00921	0.02375	0.81487	0.01309	0.01987	0.01066	0.01696	0.01454	0.00969	0.01454	0.00824	0.00969	0.00582	0.00436	0.00436	0.00145	0.00678	0.00339	0.00194	0.00678
92	0.22882	0.00636	0.00720	0.00733	0.00897	0.00663	0.00599	0.02451	0.02848	0.07621	0.06977	0.17461	0.02100	0.00982	0.00510	0.00177	0.00362	0.30499	0.00406	0.00474
93	0.05026	0.00858	0.00957	0.00803	0.01053	0.00900	0.00642	0.31271	0.04651	0.13592	0.03443	0.09126	0.08190	0.02991	0.02834	0.00170	0.00412	0.03109	0.09358	0.00617
94	0.03442	0.00520	0.00614	0.00580	0.00735	0.00464	0.00434	0.00981	0.01095	0.14540	0.19899	0.16119	0.33352	0.04394	0.00601	0.00167	0.00273	0.00875	0.00456	0.00459
95	0.00548	0.00463	0.00468	0.00471	0.00617	0.00389	0.00348	0.00659	0.01027	0.01225	0.04469	0.06449	0.75645	0.04430	0.00614	0.00167	0.00242	0.00966	0.00420	0.00383
96	0.00568	0.00406	0.00540	0.00633	0.00668	0.00379	0.00427	0.00660	0.00918	0.01235	0.09844	0.76074	0.03158	0.01392	0.00582	0.00183	0.00262	0.01261	0.00434	0.00379
97	0.00665	0.00447	0.00513	0.00523	0.00528	0.00445	0.00306	0.00679	0.00695	0.00925	0.01542	0.07036	0.01778	0.76230	0.02177	0.00422	0.00435	0.04073	0.00292	0.00289
98	0.03544	0.00548	0.00616	0.00599	0.00729	0.00532	0.00440	0.06289	0.05160	0.01539	0.22329	0.19216	0.27003	0.06666	0.00650	0.00176	0.00279	0.00883	0.02365	0.00438
99	0.00562	0.00457	0.00495	0.00504	0.00633	0.00393	0.00370	0.00686	0.01053	0.01310	0.14987	0.14728	0.58488	0.02542	0.00578	0.00163	0.00238	0.00989	0.00435	0.00390
100	0.00628	0.00486	0.00518	0.00512	0.00655	0.00431	0.00380	0.00801	0.04164	0.02970	0.11655	0.08931	0.57073	0.03765	0.00588	0.00163	0.00247	0.00911	0.04710	0.00411
101	0.01300	0.01065	0.01127	0.00966	0.01254	0.01216	0.00765	0.22661	0.59693	0.02176	0.01667	0.01553	0.01238	0.00604	0.00465	0.00151	0.00401	0.00491	0.00465	0.00741
102	0.00595	0.00463	0.00531	0.00526	0.00645	0.00411	0.00387	0.00740	0.01101	0.01429	0.31424	0.08313	0.41696	0.07037	0.00676	0.00175	0.00249	0.02763	0.00444	0.00396
103	0.76350	0.00838	0.00661	0.00602	0.00868	0.00956	0.00495	0.01278	0.00818	0.01972	0.02193	0.01216	0.06428	0.00518	0.00320	0.00146	0.00347	0.03208	0.00303	0.00486
104	0.01084	0.01238	0.02709	0.01935	0.02399	0.01161	0.79334	0.01471	0.01084	0.01471	0.00929	0.01238	0.00697	0.00387	0.00542	0.00155	0.00774	0.00542	0.00232	0.00619
105	0.00656	0.00492	0.00738	0.00738	0.00820	0.00574	0.00574	0.00820	0.00738	0.01066	0.01230	0.01804	0.01148	0.03443	0.82046	0.00738	0.01230	0.00492	0.00246	0.00410
106	0.00762	0.00468	0.00593	0.00619	0.00718	0.00422	0.00439	0.00867	0.00987	0.11698	0.07749	0.49342	0.17985	0.04315	0.00624	0.00182	0.00280	0.01075	0.00444	0.00429
107	0.00676	0.00489	0.00611	0.00586	0.00691	0.00466	0.00434	0.00909	0.04638	0.01679	0.58359	0.04559	0.07684	0.09872	0.00730	0.00180	0.00257	0.03840	0.02914	0.00426
108	0.15559	0.01044	0.01113	0.00913	0.02905	0.07995	0.00726	0.19948	0.01418	0.41763	0.01343	0.01252	0.00895	0.00530	0.00428	0.00139	0.00453	0.00401	0.00461	0.00713
109	0.00797	0.00399	0.00598	0.00598	0.00598	0.00399	0.00399	0.00598	0.00598	0.00797	0.00797	0.01396	0.00797	0.01595	0.01794	0.86643	0.00399	0.00399	0.00199	0.00199
110	0.15680	0.00798	0.01003	0.00783	0.01126	0.00732	0.00646	0.02095	0.01229	0.68626	0.01624	0.01432	0.01034	0.00545	0.00433	0.00142	0.00385	0.00428	0.00523	0.00736
111	0.01944	0.00892	0.01127	0.00867	0.01218	0.00846	0.00715	0.20571	0.01515	0.60373	0.03917	0.01507	0.01144	0.00575	0.00463	0.00141	0.00413	0.00461	0.00540	0.00771
112	0.00656	0.00491	0.00733	0.00733	0.00813	0.00571	0.00567	0.00816	0.00736	0.01062	0.01235	0.01831	0.01159	0.05248	0.80257	0.00731	0.01212	0.00496	0.00247	0.00407
113	0.00877	0.00494	0.00617	0.00602	0.00687	0.00461	0.00406	0.00952	0.00904	0.15332	0.07592	0.26856	0.05043	0.35598	0.01289	0.00282	0.00358	0.00844	0.00395	0.00411
114	0.00921	0.02375	0.81487	0.01309	0.01987	0.01066	0.01696	0.01454	0.00969	0.01454	0.00824	0.00969	0.00582	0.00436	0.00436	0.00145	0.00678	0.00339	0.00194	0.00678
115	0.01125	0.01098	0.01784	0.12384	0.68743	0.04018	0.01374	0.01396	0.01039	0.01447	0.00852	0.01136	0.00708	0.00417	0.00454	0.00138	0.00564	0.00405	0.00225	0.00694
116	0.01023	0.00981	0.01680	0.28256	0.46776	0.01052	0.04849	0.01304	0.01007	0.01397	0.04240	0.01263	0.00839	0.00458	0.00494	0.00145	0.02939	0.00432	0.00231	0.00634
117	0.00651	0.00475	0.00661	0.00666	0.00726	0.00527	0.00486	0.00768	0.00734	0.01030	0.01425	0.06422	0.03051	0.23889	0.55681	0.00622	0.00958	0.00589	0.00267	0.00374
118	0.01111	0.00931	0.00991	0.00892	0.01141	0.01060	0.00693	0.02272	0.70584	0.03762	0.06465	0.01918	0.04818	0.00662	0.00474	0.00155	0.00350	0.00554	0.00470	0.00697
119	0.01149	0.00599	0.00834	0.00739	0.00934	0.00558	0.02790	0.01309	0.01070	0.30340	0.08125	0.15594	0.12222	0.01448	0.18125	0.00282	0.00529	0.02371	0.00439	0.00544
120	0.00987	0.04111	0.65389	0.01393	0.03647	0.04769	0.10452	0.01470	0.00998	0.01433	0.00827	0.00992	0.00598	0.00431	0.00444	0.00144	0.00689	0.00360	0.00201	0.00664
121	0.01115	0.03909	0.23219	0.01652	0.02162	0.01148	0.49908	0.05186	0.01109	0.04670	0.00936	0.01160	0.00685	0.00415	0.00500	0.00149	0.00713	0.00471	0.00245	0.00648
122	0.00717	0.00616	0.00681	0.03005	0.00820	0.06602	0.02146	0.00863	0.01070	0.01380	0.28456	0.12277	0.20854	0.12573	0.02243	0.00205	0.00354	0.04326	0.00404	0.00407
123	0.00668	0.00515	0.00727	0.09573	0.06308	0.00518	0.00579	0.00795	0.00919	0.01229	0.09539	0.41144	0.05141	0.14073	0.00835	0.00217	0.00355	0.06088	0.00373	0.00406
124	0.44142	0.01191	0.01088	0.04340	0.13298	0.14737	0.00785	0.12543	0.01110	0.01901	0.00758	0.00888	0.00593	0.00451	0.00364	0.00137	0.00495	0.00311	0.00289	0.00579

[dist]
# distance from previous block
# <min> <max>
5	28

[block]
# block no. 2 follows, 56 sequences, length 25
# corresponding to MSA columns:
# 673-697
name=unknown_C
#
# <colnr> <probs for GDERKNQSTAVLIFYWHMCP>
#	G	D	E	R	K	N	Q	S	T	A	V	L	I	F	Y	W	H	M	C	P
0	0.00987	0.26140	0.37291	0.01006	0.01465	0.01192	0.01135	0.01422	0.08483	0.01418	0.09703	0.04181	0.01196	0.00546	0.00418	0.00135	0.00524	0.01877	0.00267	0.00614
1	0.00701	0.01975	0.00631	0.00563	0.00744	0.00471	0.00424	0.00829	0.00995	0.04374	0.04739	0.14301	0.43157	0.05148	0.02482	0.00172	0.00303	0.02416	0.00391	0.15181
2	0.00747	0.04149	0.07139	0.00719	0.00867	0.00592	0.00581	0.04033	0.05723	0.03494	0.12259	0.48319	0.07348	0.01128	0.00538	0.00167	0.00319	0.00999	0.00416	0.00463
3	0.01036	0.07837	0.27577	0.01026	0.03547	0.06258	0.02316	0.13252	0.03891	0.01597	0.05732	0.06103	0.14513	0.02698	0.00508	0.00150	0.00508	0.00542	0.00318	0.00592
4	0.01065	0.08564	0.31555	0.03897	0.21603	0.05873	0.06769	0.01451	0.03901	0.03063	0.02421	0.01311	0.04214	0.00489	0.00447	0.00140	0.00594	0.01750	0.00245	0.00648
5	0.00547	0.00447	0.00483	0.00512	0.00632	0.00384	0.00370	0.00654	0.01002	0.01222	0.04082	0.25650	0.59950	0.01237	0.00554	0.00163	0.00242	0.01059	0.00426	0.00384
6	0.00961	0.00964	0.08615	0.00751	0.01168	0.00674	0.00660	0.03878	0.00993	0.01528	0.00895	0.04228	0.00767	0.00400	0.00363	0.00082	0.00375	0.00324	0.00277	0.72096
7	0.01162	0.01011	0.01422	0.01820	0.39280	0.01069	0.01048	0.07859	0.27625	0.03388	0.01423	0.03679	0.02682	0.00573	0.00472	0.00148	0.00460	0.03824	0.00350	0.00704
8	0.00952	0.00816	0.00952	0.00680	0.01088	0.00612	0.00544	0.01156	0.00952	0.01496	0.00816	0.00952	0.00680	0.00340	0.00340	0.00068	0.00340	0.00272	0.00272	0.86672
9	0.01663	0.01245	0.01331	0.01040	0.01392	0.01385	0.00853	0.68941	0.12823	0.02760	0.01207	0.01186	0.00866	0.00561	0.00460	0.00140	0.00486	0.00428	0.00460	0.00773
10	0.00654	0.00469	0.00584	0.00595	0.00699	0.00429	0.00445	0.00810	0.01105	0.03404	0.34419	0.18401	0.20956	0.05492	0.00653	0.00178	0.00269	0.09572	0.00453	0.00411
11	0.00886	0.00696	0.01045	0.02918	0.25083	0.00711	0.00781	0.05022	0.03007	0.01290	0.01444	0.16384	0.04112	0.05417	0.08046	0.18061	0.00499	0.03825	0.00294	0.00478
12	0.01512	0.25963	0.01562	0.01014	0.01287	0.52895	0.00818	0.01646	0.01170	0.01152	0.00744	0.00863	0.00632	0.00454	0.00373	0.00112	0.00686	0.00290	0.06285	0.00541
13	0.01106	0.00955	0.01004	0.00906	0.01160	0.01097	0.00704	0.02334	0.75464	0.01880	0.02034	0.01874	0.06126	0.00655	0.00472	0.00156	0.00356	0.00546	0.00465	0.00706
14	0.00559	0.00400	0.00533	0.00639	0.00666	0.00373	0.00426	0.00639	0.00879	0.01172	0.02530	0.83566	0.03036	0.01438	0.00586	0.00186	0.00266	0.01305	0.00426	0.00373
15	0.00952	0.00816	0.00952	0.00680	0.01088	0.00612	0.00544	0.01156	0.00952	0.01496	0.00816	0.00952	0.00680	0.00340	0.00340	0.00068	0.00340	0.00272	0.00272	0.86672
16	0.00656	0.00453	0.00520	0.00511	0.00563	0.00434	0.00327	0.00735	0.00886	0.01209	0.21147	0.03228	0.12685	0.48633	0.01563	0.00317	0.00350	0.00735	0.04711	0.00338
17	0.01084	0.01238	0.02709	0.01935	0.02399	0.01161	0.79334	0.01471	0.01084	0.01471	0.00929	0.01238	0.00697	0.00387	0.00542	0.00155	0.00774	0.00542	0.00232	0.00619
18	0.00562	0.00449	0.00493	0.00520	0.00630	0.00392	0.00372	0.00665	0.00985	0.01216	0.05728	0.23483	0.53013	0.07130	0.00683	0.00184	0.00259	0.02441	0.00418	0.00378
19	0.00934	0.00776	0.00903	0.00658	0.01034	0.00592	0.00524	0.01139	0.00966	0.01524	0.03838	0.01098	0.00851	0.00376	0.00346	0.00074	0.00327	0.00304	0.06339	0.77399
20	0.00848	0.00739	0.01176	0.37600	0.15844	0.00831	0.01001	0.01121	0.02808	0.01345	0.09268	0.10694	0.01444	0.00800	0.04521	0.00182	0.00519	0.04283	0.04460	0.00517
21	0.03840	0.00455	0.00598	0.00609	0.00658	0.00442	0.00411	0.00779	0.00784	0.06836	0.04683	0.27408	0.01802	0.15681	0.01312	0.31947	0.00356	0.00745	0.00326	0.00329
22	0.00702	0.00533	0.00601	0.00615	0.00744	0.00517	0.00455	0.01010	0.13497	0.02759	0.06190	0.28030	0.31350	0.01103	0.00531	0.00163	0.00272	0.03994	0.06485	0.00449
23	0.00723	0.00431	0.00599	0.00597	0.00637	0.00433	0.00416	0.00665	0.00726	0.00970	0.06277	0.02087	0.11214	0.07765	0.15458	0.49415	0.00514	0.00532	0.00260	0.00279
24	0.05339	0.00896	0.00925	0.02407	0.07614	0.13736	0.00637	0.03310	0.02429	0.09262	0.04763	0.01751	0.01180	0.20009	0.06518	0.09537	0.04181	0.00474	0.04564	0.00468

[dist]
# distance from previous block
# <min> <max>
0	5

[block]
# block no. 3 follows, 56 sequences, length 6
# corresponding to MSA columns:
# 703-708
name=unknown_D
#
# <colnr> <probs for GDERKNQSTAVLIFYWHMCP>
#	G	D	E	R	K	N	Q	S	T	A	V	L	I	F	Y	W	H	M	C	P
0	0.00761	0.00581	0.00679	0.00628	0.00822	0.00506	0.00479	0.00974	0.05375	0.03861	0.05679	0.21224	0.23990	0.00945	0.00493	0.00142	0.00293	0.06687	0.03636	0.22246
1	0.01000	0.00832	0.00965	0.00706	0.01088	0.00671	0.00565	0.08115	0.01085	0.01646	0.06712	0.01147	0.00957	0.00403	0.00365	0.00080	0.00346	0.00326	0.00306	0.72685
2	0.06340	0.03399	0.04884	0.10389	0.06582	0.00893	0.00794	0.20227	0.01224	0.03900	0.01587	0.24835	0.03550	0.03011	0.02556	0.00179	0.00453	0.04279	0.00364	0.00553
3	0.06970	0.00727	0.00834	0.00727	0.00947	0.00738	0.00566	0.06837	0.16778	0.21761	0.11935	0.05126	0.08468	0.08252	0.00639	0.00175	0.00347	0.02503	0.05086	0.00586
4	0.00712	0.00523	0.00632	0.00616	0.00744	0.00513	0.00460	0.00955	0.08063	0.04741	0.18499	0.11255	0.27458	0.06242	0.16195	0.00283	0.00454	0.00805	0.00409	0.00440
5	0.09270	0.05385	0.03066	0.20600	0.13445	0.01016	0.02678	0.10181	0.05431	0.03265	0.04777	0.05019	0.04047	0.00731	0.04276	0.00176	0.02341	0.03409	0.00308	0.00578

[dist]
# distance from previous block
# <min> <max>
25	52

[block]
# block no. 4 follows, 56 sequences, length 8
# corresponding to MSA columns:
# 766-773
name=unknown_E
#
# <colnr> <probs for GDERKNQSTAVLIFYWHMCP>
#	G	D	E	R	K	N	Q	S	T	A	V	L	I	F	Y	W	H	M	C	P
0	0.03154	0.01049	0.03966	0.13996	0.12607	0.04352	0.13007	0.03135	0.07564	0.05269	0.00974	0.01186	0.00764	0.00576	0.03656	0.00157	0.06179	0.00406	0.00274	0.17730
1	0.24845	0.01155	0.01059	0.04036	0.08686	0.18566	0.00745	0.07468	0.03669	0.10316	0.10731	0.01302	0.01141	0.00527	0.00407	0.00134	0.00483	0.00396	0.00342	0.03992
2	0.00830	0.00644	0.00785	0.00709	0.00791	0.03744	0.05786	0.03262	0.05870	0.01151	0.01375	0.02461	0.01424	0.49536	0.04872	0.03535	0.03055	0.02941	0.06850	0.00380
3	0.01061	0.00961	0.06641	0.07420	0.13143	0.00904	0.04173	0.04738	0.21886	0.07134	0.12485	0.02001	0.05549	0.00639	0.00481	0.00147	0.00431	0.04627	0.00380	0.05200
4	0.00910	0.00584	0.00727	0.00644	0.00848	0.00493	0.00486	0.01067	0.01067	0.14213	0.17083	0.25007	0.12298	0.00901	0.00492	0.00138	0.00291	0.00785	0.00426	0.21539
5	0.00985	0.00904	0.01307	0.01015	0.05691	0.00733	0.14263	0.01224	0.00980	0.01492	0.00838	0.01012	0.00685	0.00352	0.00381	0.00087	0.00427	0.00326	0.00263	0.67034
6	0.07553	0.09141	0.58862	0.01185	0.01764	0.01091	0.04541	0.01446	0.00983	0.04597	0.04147	0.01068	0.00757	0.00456	0.00422	0.00141	0.00611	0.00357	0.00230	0.00648
7	0.08418	0.00794	0.01155	0.20126	0.21143	0.00870	0.00929	0.01214	0.07009	0.01456	0.08604	0.04597	0.08439	0.00850	0.06053	0.00193	0.02621	0.04680	0.00306	0.00545

[dist]
# distance from previous block
# <min> <max>
12	26

[block]
# block no. 5 follows, 56 sequences, length 7
# corresponding to MSA columns:
# 817-823
name=unknown_F
#
# <colnr> <probs for GDERKNQSTAVLIFYWHMCP>
#	G	D	E	R	K	N	Q	S	T	A	V	L	I	F	Y	W	H	M	C	P
0	0.01148	0.03813	0.04149	0.01047	0.06841	0.16349	0.03261	0.09179	0.03436	0.05656	0.07306	0.12173	0.07798	0.00811	0.03019	0.00161	0.04017	0.02924	0.00345	0.06567
1	0.03089	0.01137	0.06186	0.05884	0.12954	0.09730	0.00916	0.07399	0.11235	0.08111	0.06721	0.01354	0.01073	0.00558	0.00568	0.00141	0.10635	0.00427	0.04377	0.07505
2	0.01120	0.03639	0.09526	0.03192	0.03513	0.04865	0.03259	0.11533	0.06432	0.08973	0.15921	0.05656	0.06802	0.00658	0.00491	0.00137	0.02477	0.00547	0.00378	0.10881
3	0.01317	0.03449	0.06636	0.01233	0.09017	0.11432	0.09867	0.13250	0.08021	0.11631	0.07156	0.01410	0.01118	0.00739	0.06278	0.00181	0.02068	0.00452	0.02105	0.02639
4	0.01332	0.02937	0.10950	0.01305	0.10839	0.08842	0.09910	0.12991	0.11283	0.12104	0.01263	0.01397	0.02712	0.00522	0.00457	0.00138	0.00538	0.02777	0.00347	0.07359
5	0.01183	0.06953	0.01565	0.04543	0.20514	0.04086	0.11320	0.11724	0.07519	0.04516	0.05498	0.05151	0.01082	0.00519	0.00451	0.00132	0.00501	0.00469	0.00318	0.11955
6	0.01198	0.00960	0.03889	0.01221	0.17655	0.00863	0.00823	0.11744	0.07514	0.10511	0.04885	0.05332	0.01095	0.00515	0.00428	0.00119	0.00414	0.00439	0.00352	0.30045

[dist]
# distance from previous block
# <min> <max>
0	1

[block]
# block no. 6 follows, 56 sequences, length 50
# corresponding to MSA columns:
# 825-874
name=unknown_G
#
# <colnr> <probs for GDERKNQSTAVLIFYWHMCP>
#	G	D	E	R	K	N	Q	S	T	A	V	L	I	F	Y	W	H	M	C	P
0	0.02385	0.00794	0.01043	0.03735	0.10120	0.00743	0.02219	0.03395	0.10700	0.10241	0.14374	0.03508	0.03963	0.00612	0.00451	0.00127	0.00373	0.04644	0.00378	0.26197
1	0.00675	0.00533	0.00695	0.00663	0.00793	0.00501	0.04056	0.03365	0.04044	0.01516	0.29328	0.23931	0.23181	0.01111	0.01473	0.00167	0.00290	0.02798	0.00445	0.00436
2	0.04696	0.01201	0.01245	0.01074	0.05529	0.07495	0.00820	0.46144	0.12650	0.05423	0.05884	0.01378	0.02240	0.01532	0.00478	0.00143	0.00481	0.00450	0.00429	0.00709
3	0.80483	0.00919	0.00729	0.00639	0.00929	0.01060	0.00526	0.07413	0.00888	0.02125	0.00675	0.00773	0.00519	0.00436	0.00298	0.00142	0.00367	0.00261	0.00298	0.00519
4	0.84916	0.00898	0.00693	0.00615	0.00902	0.01040	0.00507	0.03356	0.00817	0.02081	0.00651	0.00755	0.00504	0.00429	0.00289	0.00142	0.00359	0.00253	0.00289	0.00504
5	0.00605	0.00441	0.00558	0.00617	0.00673	0.00402	0.00412	0.00684	0.00860	0.01159	0.02314	0.62962	0.05281	0.13133	0.00816	0.00213	0.00296	0.01122	0.00393	0.07058
6	0.00797	0.00399	0.00598	0.00598	0.00598	0.00399	0.00399	0.00598	0.00598	0.00797	0.00797	0.01396	0.00797	0.01595	0.01794	0.86643	0.00399	0.00399	0.00199	0.00199
7	0.01192	0.01006	0.01064	0.00939	0.01207	0.01156	0.00735	0.10138	0.70748	0.02017	0.03387	0.01686	0.01398	0.00622	0.00468	0.00154	0.00375	0.00515	0.00467	0.00726
8	0.01211	0.79662	0.06739	0.00814	0.01223	0.01775	0.00835	0.01379	0.00935	0.01101	0.00648	0.00749	0.00589	0.00395	0.00302	0.00101	0.00501	0.00251	0.00196	0.00594
9	0.01160	0.53753	0.27111	0.00970	0.01446	0.04957	0.01076	0.02667	0.00979	0.01228	0.00707	0.00819	0.00590	0.00412	0.00347	0.00114	0.00564	0.00280	0.00201	0.00618
10	0.01204	0.77795	0.08544	0.00826	0.01241	0.01758	0.00856	0.01381	0.00936	0.01109	0.00653	0.00755	0.00589	0.00396	0.00306	0.00102	0.00506	0.00253	0.00196	0.00596
11	0.00574	0.00426	0.00535	0.00613	0.00674	0.00391	0.00430	0.00672	0.00928	0.01203	0.03993	0.57277	0.19411	0.03822	0.00632	0.00189	0.00276	0.07155	0.00423	0.00378
12	0.07917	0.03944	0.05180	0.00828	0.01080	0.00783	0.03310	0.03903	0.10889	0.25574	0.03474	0.19992	0.02838	0.03982	0.00567	0.00167	0.01597	0.02950	0.00429	0.00595
13	0.00955	0.08279	0.70685	0.01331	0.03858	0.01125	0.04667	0.01448	0.00973	0.01428	0.00815	0.00967	0.00590	0.00430	0.00430	0.00142	0.00665	0.00342	0.00196	0.00671
14	0.00559	0.00400	0.00533	0.00639	0.00666	0.00373	0.00426	0.00639	0.00879	0.01172	0.02530	0.83566	0.03036	0.01438	0.00586	0.00186	0.00266	0.01305	0.00426	0.00373
15	0.00812	0.00562	0.00623	0.00571	0.00756	0.00509	0.00440	0.03999	0.05508	0.10621	0.15688	0.03663	0.52522	0.01007	0.00526	0.00151	0.00266	0.00843	0.00458	0.00473
16	0.00991	0.00945	0.01619	0.44678	0.31130	0.01054	0.06071	0.02691	0.01002	0.01354	0.02525	0.01235	0.00740	0.00453	0.00478	0.00147	0.01639	0.00425	0.00225	0.00598
17	0.00598	0.00439	0.00620	0.00693	0.00743	0.00420	0.02647	0.00704	0.00891	0.01198	0.02382	0.69012	0.02796	0.01504	0.05563	0.00220	0.00350	0.07008	0.01826	0.00387
18	0.00655	0.00475	0.00621	0.00599	0.00708	0.00441	0.00459	0.00868	0.01270	0.01782	0.71536	0.03616	0.06301	0.00975	0.00550	0.00151	0.00236	0.07833	0.00496	0.00431
19	0.01203	0.01181	0.01803	0.02629	0.72042	0.07210	0.01350	0.04339	0.01106	0.01523	0.00861	0.01112	0.00719	0.00419	0.00452	0.00135	0.00565	0.00401	0.00237	0.00714
20	0.01119	0.01073	0.01832	0.08004	0.75952	0.01086	0.01400	0.01394	0.01037	0.01479	0.00860	0.01142	0.00720	0.00412	0.00455	0.00137	0.00550	0.00409	0.00226	0.00713
21	0.00662	0.00486	0.00672	0.00667	0.00727	0.00542	0.00488	0.00780	0.00745	0.01050	0.04305	0.02243	0.03080	0.25798	0.53661	0.00613	0.02277	0.00562	0.00268	0.00375
22	0.00952	0.00816	0.00952	0.00680	0.01088	0.00612	0.00544	0.01156	0.00952	0.01496	0.00816	0.00952	0.00680	0.00340	0.00340	0.00068	0.00340	0.00272	0.00272	0.86672
23	0.45016	0.00949	0.00977	0.00794	0.01114	0.03680	0.06583	0.05400	0.04929	0.07113	0.00908	0.01052	0.00706	0.00455	0.00356	0.00131	0.00410	0.01965	0.01645	0.15818
24	0.87108	0.00888	0.00675	0.00604	0.00888	0.01030	0.00497	0.01350	0.00781	0.02060	0.00639	0.00746	0.00497	0.00426	0.00284	0.00142	0.00355	0.00249	0.00284	0.00497
25	0.01255	0.00922	0.01028	0.00913	0.01169	0.01018	0.00727	0.11973	0.48382	0.11337	0.01858	0.05722	0.01505	0.00717	0.00490	0.00159	0.00387	0.09276	0.00471	0.00690
26	0.04269	0.00966	0.01151	0.00891	0.01233	0.02477	0.05896	0.23191	0.04955	0.06185	0.01181	0.09906	0.01011	0.00551	0.00425	0.00118	0.00421	0.00461	0.00363	0.34349
27	0.10739	0.18974	0.25685	0.02667	0.09927	0.09095	0.02447	0.10371	0.01127	0.03808	0.00819	0.00940	0.00631	0.00443	0.00395	0.00131	0.00577	0.00329	0.00254	0.00641
28	0.00867	0.00816	0.01377	0.82762	0.03162	0.01020	0.01275	0.01173	0.00918	0.01173	0.00816	0.01224	0.00612	0.00459	0.00459	0.00153	0.00612	0.00408	0.00204	0.00510
29	0.00797	0.00399	0.00598	0.00598	0.00598	0.00399	0.00399	0.00598	0.00598	0.00797	0.00797	0.01396	0.00797	0.01595	0.01794	0.86643	0.00399	0.00399	0.00199	0.00199
30	0.01032	0.16584	0.54909	0.01201	0.01762	0.07549	0.04405	0.01446	0.01007	0.01379	0.04108	0.01030	0.00744	0.00450	0.00418	0.00135	0.00642	0.00348	0.00212	0.00639
31	0.01049	0.00970	0.01435	0.13027	0.38022	0.03450	0.01095	0.06435	0.04831	0.01527	0.08260	0.06474	0.03791	0.00602	0.00555	0.00148	0.06897	0.00521	0.00292	0.00619
32	0.00549	0.00465	0.00474	0.00472	0.00624	0.00390	0.00354	0.00671	0.01061	0.01275	0.09049	0.04361	0.76395	0.01150	0.00543	0.00154	0.00232	0.00961	0.00431	0.00390
33	0.14552	0.00824	0.01025	0.00798	0.01144	0.00767	0.00659	0.06256	0.01281	0.65449	0.01601	0.01418	0.01023	0.00546	0.00435	0.00142	0.00392	0.00428	0.00521	0.00739
34	0.01125	0.19322	0.46019	0.01227	0.04755	0.05528	0.03663	0.04809	0.03811	0.04402	0.00868	0.00981	0.00650	0.00443	0.00412	0.00134	0.00616	0.00340	0.00234	0.00662
35	0.01549	0.00814	0.01069	0.00867	0.01160	0.00786	0.04532	0.08262	0.14203	0.42051	0.06749	0.05886	0.04854	0.02288	0.00522	0.00155	0.00393	0.02674	0.00500	0.00687
36	0.00693	0.00497	0.00685	0.00788	0.00876	0.00489	0.00657	0.00871	0.01015	0.01323	0.02505	0.23657	0.04513	0.01306	0.00621	0.00204	0.00382	0.58087	0.00424	0.00410
37	0.15356	0.01615	0.03258	0.12361	0.06209	0.42489	0.05624	0.03452	0.01145	0.02337	0.00769	0.00940	0.00611	0.00458	0.00410	0.00131	0.00678	0.00332	0.01274	0.00551
38	0.00867	0.00816	0.01377	0.82762	0.03162	0.01020	0.01275	0.01173	0.00918	0.01173	0.00816	0.01224	0.00612	0.00459	0.00459	0.00153	0.00612	0.00408	0.00204	0.00510
39	0.03115	0.01099	0.01192	0.00954	0.01289	0.01190	0.00772	0.40130	0.26477	0.08484	0.01361	0.01308	0.00988	0.00552	0.00447	0.00137	0.00433	0.00433	0.00448	0.09190
40	0.00689	0.00499	0.00626	0.00582	0.00713	0.00458	0.00439	0.00924	0.03617	0.03450	0.65582	0.03400	0.13376	0.00934	0.00533	0.00144	0.00230	0.00817	0.00490	0.02496
41	0.05417	0.07464	0.03107	0.00982	0.01323	0.06050	0.12790	0.02632	0.04025	0.15510	0.03363	0.01254	0.00908	0.03326	0.01433	0.00139	0.04953	0.00397	0.00322	0.24606
42	0.00955	0.11606	0.72558	0.01249	0.01896	0.01151	0.01593	0.01445	0.00965	0.01412	0.00803	0.00943	0.00582	0.00431	0.00420	0.00140	0.00657	0.00329	0.00194	0.00668
43	0.00644	0.00469	0.00605	0.00571	0.00682	0.00431	0.00428	0.00855	0.01285	0.01807	0.76434	0.03486	0.08678	0.00951	0.00542	0.00145	0.00217	0.00838	0.00501	0.00431
44	0.01280	0.00955	0.01042	0.00917	0.01191	0.01072	0.00719	0.02409	0.68306	0.13868	0.01860	0.01690	0.01362	0.00615	0.00466	0.00154	0.00367	0.00510	0.00482	0.00735
