[name]
unknown

[dist]
# distance from previous block
# <min> <max>
0	180

[block]
# block no. 0 follows, 51 sequences, length 98
# corresponding to MSA columns:
# 1539-1636
name=unknown_A
#
# <colnr> <probs for GDERKNQSTAVLIFYWHMCP>
#	G	D	E	R	K	N	Q	S	T	A	V	L	I	F	Y	W	H	M	C	P
0	0.01117	0.00925	0.03873	0.00848	0.01192	0.00786	0.00711	0.14723	0.01276	0.03774	0.03201	0.09046	0.01396	0.00687	0.00471	0.00128	0.00413	0.12257	0.00377	0.42798
1	0.01422	0.37938	0.05788	0.00980	0.01361	0.01503	0.03782	0.18468	0.03052	0.08638	0.08593	0.01298	0.01140	0.00554	0.00464	0.00133	0.03440	0.00413	0.00347	0.00684
2	0.00715	0.00476	0.00536	0.00536	0.00536	0.00476	0.00298	0.00715	0.00715	0.00953	0.01548	0.03216	0.01787	0.82729	0.02501	0.00476	0.00476	0.00715	0.00298	0.00298
3	0.01019	0.00873	0.01019	0.00728	0.01165	0.00655	0.00582	0.01237	0.01019	0.01601	0.00873	0.01019	0.00728	0.00364	0.00364	0.00073	0.00364	0.00291	0.00291	0.85734
4	0.00939	0.01154	0.16202	0.03670	0.04306	0.01002	0.00970	0.01386	0.14074	0.01553	0.11415	0.02201	0.15089	0.00869	0.02626	0.00187	0.19176	0.00604	0.01988	0.00589
5	0.01562	0.20371	0.05889	0.00933	0.03270	0.01082	0.00799	0.07086	0.05731	0.32330	0.01717	0.08387	0.05210	0.02823	0.00519	0.00155	0.00454	0.00540	0.00439	0.00704
6	0.01225	0.04174	0.01976	0.02844	0.73290	0.01191	0.01449	0.03482	0.01142	0.01621	0.00955	0.02695	0.00820	0.00461	0.00483	0.00145	0.00575	0.00449	0.00252	0.00767
7	0.00599	0.00428	0.00570	0.00684	0.00713	0.00399	0.00456	0.00684	0.00941	0.01254	0.02709	0.82409	0.03250	0.01540	0.00627	0.00200	0.00285	0.01397	0.00456	0.00399
8	0.01573	0.01099	0.01393	0.15643	0.13861	0.12038	0.04008	0.01835	0.03278	0.30879	0.06816	0.02960	0.01230	0.00584	0.00497	0.00152	0.00551	0.00499	0.00408	0.00696
9	0.01485	0.01044	0.02423	0.00961	0.01252	0.05065	0.00795	0.27257	0.08726	0.16727	0.03092	0.05775	0.08408	0.00831	0.00537	0.00167	0.00469	0.13811	0.00487	0.00688
10	0.00599	0.00428	0.00570	0.00684	0.00713	0.00399	0.00456	0.00684	0.00941	0.01254	0.02709	0.82409	0.03250	0.01540	0.00627	0.00200	0.00285	0.01397	0.00456	0.00399
11	0.01169	0.30384	0.20476	0.01066	0.01451	0.05706	0.01076	0.01588	0.12032	0.01396	0.01182	0.01289	0.05646	0.00589	0.00598	0.00147	0.12887	0.00404	0.00269	0.00644
12	0.01182	0.08370	0.50978	0.01404	0.02022	0.01175	0.14367	0.01665	0.02383	0.10368	0.01023	0.01151	0.00725	0.00474	0.00478	0.00153	0.00688	0.00410	0.00265	0.00721
13	0.01216	0.01168	0.01995	0.03016	0.79664	0.01168	0.01508	0.01508	0.01119	0.01605	0.00924	0.01216	0.00778	0.00438	0.00487	0.00146	0.00584	0.00438	0.00243	0.00778
14	0.00581	0.00496	0.00500	0.00503	0.00665	0.00414	0.00376	0.00705	0.01115	0.01326	0.04916	0.06878	0.77357	0.01253	0.00582	0.00167	0.00250	0.01047	0.00456	0.00414
15	0.01767	0.01331	0.01442	0.01127	0.01489	0.01495	0.00927	0.67065	0.09360	0.02902	0.01229	0.01235	0.00888	0.00611	0.00550	0.00153	0.04683	0.00452	0.00478	0.00815
16	0.01733	0.01692	0.01449	0.01206	0.01486	0.31224	0.00962	0.37569	0.01724	0.02089	0.00939	0.01054	0.00730	0.00601	0.00648	0.00150	0.13302	0.00393	0.00359	0.00690
17	0.01083	0.00906	0.01113	0.00843	0.01220	0.00776	0.04565	0.11135	0.02990	0.01779	0.03829	0.08711	0.02537	0.00548	0.00430	0.00105	0.00397	0.00467	0.00346	0.56219
18	0.00928	0.00873	0.01474	0.81548	0.03385	0.01092	0.01365	0.01256	0.00983	0.01256	0.00873	0.01310	0.00655	0.00491	0.00491	0.00164	0.00655	0.00437	0.00218	0.00546
19	0.00854	0.00427	0.00640	0.00640	0.00640	0.00427	0.00427	0.00640	0.00640	0.00854	0.00854	0.01494	0.00854	0.01707	0.01921	0.85702	0.00427	0.00427	0.00213	0.00213
20	0.00683	0.00502	0.00640	0.00605	0.00726	0.00458	0.00454	0.00903	0.01361	0.01900	0.71274	0.03786	0.12811	0.01031	0.00580	0.00156	0.00234	0.00905	0.00532	0.00458
21	0.00696	0.00502	0.00657	0.00618	0.00734	0.00464	0.00464	0.00927	0.01391	0.01971	0.79405	0.03671	0.04637	0.01005	0.00580	0.00155	0.00232	0.00889	0.00541	0.00464
22	0.01019	0.00873	0.01019	0.00728	0.01165	0.00655	0.00582	0.01237	0.01019	0.01601	0.00873	0.01019	0.00728	0.00364	0.00364	0.00073	0.00364	0.00291	0.00291	0.85734
23	0.00696	0.00502	0.00657	0.00618	0.00734	0.00464	0.00464	0.00927	0.01391	0.01971	0.79405	0.03671	0.04637	0.01005	0.00580	0.00155	0.00232	0.00889	0.00541	0.00464
24	0.00599	0.00428	0.00570	0.00684	0.00713	0.00399	0.00456	0.00684	0.00941	0.01254	0.02709	0.82409	0.03250	0.01540	0.00627	0.00200	0.00285	0.01397	0.00456	0.00399
25	0.01042	0.00873	0.01021	0.00731	0.01166	0.00656	0.00585	0.01260	0.01027	0.03127	0.00894	0.01032	0.00737	0.00369	0.00366	0.00074	0.00365	0.00295	0.00297	0.84082
26	0.01140	0.28817	0.50576	0.01203	0.01811	0.01425	0.01450	0.05620	0.01093	0.01508	0.00833	0.00964	0.00637	0.00458	0.00419	0.00139	0.00651	0.00335	0.00224	0.00701
27	0.01160	0.01326	0.02900	0.02071	0.02568	0.01243	0.77879	0.01574	0.01160	0.01574	0.00994	0.01326	0.00746	0.00414	0.00580	0.00166	0.00829	0.00580	0.00249	0.00663
28	0.00986	0.02542	0.80183	0.01401	0.02127	0.01141	0.01816	0.01556	0.01038	0.01556	0.00882	0.01038	0.00623	0.00467	0.00467	0.00156	0.00726	0.00363	0.00208	0.00726
29	0.00599	0.00428	0.00570	0.00684	0.00713	0.00399	0.00456	0.00684	0.00941	0.01254	0.02709	0.82409	0.03250	0.01540	0.00627	0.00200	0.00285	0.01397	0.00456	0.00399
30	0.00987	0.06711	0.70388	0.02936	0.02035	0.01149	0.01685	0.01514	0.01052	0.01550	0.04886	0.01164	0.00829	0.00492	0.00465	0.00153	0.00689	0.00386	0.00225	0.00704
31	0.01105	0.00609	0.00688	0.00618	0.00793	0.00607	0.00479	0.06685	0.05536	0.11231	0.18136	0.02158	0.01954	0.00675	0.00430	0.00133	0.00283	0.00558	0.46773	0.00548
32	0.00599	0.00428	0.00570	0.00684	0.00713	0.00399	0.00456	0.00684	0.00941	0.01254	0.02709	0.82409	0.03250	0.01540	0.00627	0.00200	0.00285	0.01397	0.00456	0.00399
33	0.00616	0.00442	0.00588	0.00694	0.00735	0.00414	0.00479	0.00718	0.00975	0.01298	0.05577	0.72127	0.05033	0.01500	0.00628	0.00199	0.00294	0.06818	0.00459	0.00406
34	0.01289	0.07544	0.05130	0.01576	0.10137	0.25295	0.25479	0.01547	0.01204	0.01410	0.03482	0.04489	0.08058	0.00581	0.00506	0.00148	0.00704	0.00533	0.00280	0.00609
35	0.01993	0.00790	0.01077	0.00845	0.01187	0.00691	0.00691	0.02187	0.01383	0.69025	0.09994	0.01890	0.01574	0.00761	0.03397	0.00175	0.00431	0.00536	0.00589	0.00783
36	0.02033	0.01112	0.01311	0.01005	0.01392	0.01132	0.00830	0.41037	0.01868	0.40710	0.01551	0.01421	0.01022	0.00599	0.00493	0.00150	0.00481	0.00468	0.00549	0.00836
37	0.00685	0.00585	0.00599	0.00580	0.00762	0.00542	0.00440	0.01010	0.13197	0.01464	0.07242	0.04241	0.64608	0.01146	0.00568	0.00166	0.00270	0.00957	0.00466	0.00473
38	0.03013	0.27941	0.32649	0.01219	0.01748	0.07351	0.09257	0.01635	0.01094	0.08488	0.00912	0.01029	0.00690	0.00462	0.00428	0.00138	0.00650	0.00360	0.00254	0.00683
39	0.00605	0.00430	0.00568	0.00677	0.00704	0.00403	0.00448	0.00686	0.00929	0.01239	0.02649	0.78359	0.03175	0.05691	0.00723	0.00214	0.00295	0.01362	0.00448	0.00394
40	0.01403	0.00761	0.00861	0.00738	0.00980	0.00778	0.00584	0.08554	0.17095	0.22632	0.01735	0.01733	0.01260	0.00603	0.00428	0.00138	0.00339	0.00486	0.38235	0.00656
41	0.01269	0.01009	0.01591	0.20834	0.32112	0.01062	0.04107	0.03215	0.10459	0.12775	0.04118	0.03065	0.01089	0.00547	0.00500	0.00156	0.00543	0.00501	0.00340	0.00709
42	0.01365	0.01037	0.01637	0.09709	0.43103	0.01048	0.02627	0.06221	0.04171	0.16060	0.02852	0.05726	0.01088	0.00562	0.00500	0.00153	0.00532	0.00516	0.00350	0.00742
43	0.77108	0.01081	0.00804	0.00742	0.02289	0.08376	0.00586	0.01493	0.00892	0.02104	0.00695	0.00813	0.00545	0.00460	0.00320	0.00150	0.00430	0.00274	0.00298	0.00540
44	0.00717	0.03945	0.13072	0.00766	0.00988	0.00612	0.02451	0.00934	0.01120	0.01495	0.21083	0.24499	0.24276	0.01096	0.00565	0.00168	0.00353	0.00954	0.00424	0.00485
45	0.01314	0.83025	0.02575	0.00841	0.01261	0.01945	0.00841	0.01472	0.00999	0.01156	0.00683	0.00788	0.00631	0.00420	0.00315	0.00105	0.00526	0.00263	0.00210	0.00631
46	0.05463	0.00793	0.03752	0.00830	0.00992	0.00825	0.00679	0.01321	0.13593	0.03641	0.41921	0.02705	0.04614	0.00880	0.00721	0.00168	0.13988	0.02113	0.00453	0.00547
47	0.01228	0.17516	0.08461	0.14131	0.07116	0.12112	0.20373	0.01539	0.02887	0.01368	0.00860	0.01117	0.00694	0.00492	0.00573	0.00151	0.08099	0.00418	0.00236	0.00629
48	0.01599	0.01310	0.01199	0.00986	0.01273	0.15771	0.00788	0.42508	0.01777	0.02380	0.01199	0.01292	0.00903	0.00576	0.00471	0.00137	0.02414	0.00423	0.22312	0.00683
49	0.01016	0.02280	0.67912	0.01327	0.01997	0.01073	0.03209	0.01532	0.01046	0.03722	0.00959	0.03129	0.00717	0.00489	0.00466	0.00150	0.00679	0.00392	0.00233	0.07674
50	0.06153	0.00866	0.01104	0.00856	0.01216	0.00786	0.00701	0.06067	0.01304	0.51296	0.01575	0.01485	0.01060	0.00742	0.05190	0.00177	0.02494	0.00444	0.00500	0.15986
51	0.00916	0.00458	0.00458	0.00458	0.00573	0.00458	0.00344	0.01145	0.01031	0.01832	0.01603	0.01832	0.01260	0.00573	0.00344	0.00115	0.00229	0.00458	0.85457	0.00458
52	0.01044	0.01116	0.02327	0.01708	0.02106	0.01046	0.57964	0.01411	0.01210	0.01658	0.18409	0.01997	0.01682	0.00579	0.00583	0.00165	0.00683	0.03380	0.00321	0.00611
53	0.00970	0.01192	0.14760	0.58037	0.09112	0.01120	0.03206	0.01331	0.01001	0.01339	0.00876	0.01251	0.00661	0.00491	0.00517	0.00162	0.02730	0.00428	0.00219	0.00597
54	0.00715	0.00476	0.00536	0.00536	0.00536	0.00476	0.00298	0.00715	0.00715	0.00953	0.01548	0.03216	0.01787	0.82729	0.02501	0.00476	0.00476	0.00715	0.00298	0.00298
55	0.00709	0.00497	0.00641	0.00641	0.00677	0.00533	0.00428	0.00782	0.00746	0.01030	0.01453	0.02685	0.01556	0.50100	0.34816	0.00606	0.00823	0.00637	0.00284	0.00356
56	0.01056	0.01070	0.01547	0.61514	0.02973	0.09270	0.06623	0.01420	0.05161	0.01313	0.00924	0.01290	0.00704	0.00506	0.00521	0.00162	0.02699	0.00441	0.00239	0.00569
57	0.01249	0.20602	0.45264	0.01241	0.01798	0.16972	0.01404	0.03522	0.01130	0.01435	0.00821	0.00955	0.00632	0.00467	0.00429	0.00138	0.00708	0.00333	0.00224	0.00677
58	0.55027	0.01013	0.05115	0.00765	0.01117	0.01004	0.00666	0.03675	0.01051	0.24857	0.01073	0.01076	0.00744	0.00504	0.00373	0.00152	0.00414	0.00342	0.00392	0.00639
59	0.00614	0.00435	0.00580	0.00691	0.00726	0.00409	0.00471	0.00710	0.00952	0.01276	0.02683	0.77031	0.03193	0.01513	0.00625	0.00199	0.00293	0.05213	0.01983	0.00403
60	0.01285	0.01034	0.01110	0.00981	0.01263	0.01174	0.00768	0.06860	0.66273	0.06282	0.05908	0.01881	0.01607	0.00676	0.00503	0.00164	0.00391	0.00563	0.00507	0.00768
61	0.00758	0.00626	0.00682	0.00658	0.00829	0.00616	0.00495	0.01203	0.19740	0.01620	0.18472	0.10664	0.39620	0.01086	0.00565	0.00167	0.00282	0.00925	0.00483	0.00510
62	0.01881	0.01357	0.01463	0.01121	0.01514	0.01494	0.00926	0.75240	0.02277	0.05929	0.01208	0.01198	0.00850	0.00591	0.00492	0.00148	0.00536	0.00444	0.00496	0.00836
63	0.00715	0.00476	0.00536	0.00536	0.00536	0.00476	0.00298	0.00715	0.00715	0.00953	0.01548	0.03216	0.01787	0.82729	0.02501	0.00476	0.00476	0.00715	0.00298	0.00298
64	0.01254	0.01008	0.01083	0.00968	0.01244	0.01138	0.00760	0.05380	0.64381	0.06528	0.02146	0.02087	0.05677	0.00716	0.00510	0.00167	0.00391	0.03306	0.00502	0.00752
65	0.01235	0.01215	0.01936	0.06938	0.71582	0.05422	0.01471	0.01520	0.01127	0.01566	0.00913	0.01203	0.00764	0.00444	0.00484	0.00146	0.00604	0.00431	0.00243	0.00755
66	0.00581	0.00498	0.00498	0.00498	0.00664	0.00415	0.00373	0.00705	0.01120	0.01328	0.04978	0.04729	0.79464	0.01245	0.00581	0.00166	0.00249	0.01037	0.00456	0.00415
67	0.00599	0.00428	0.00570	0.00684	0.00713	0.00399	0.00456	0.00684	0.00941	0.01254	0.02709	0.82409	0.03250	0.01540	0.00627	0.00200	0.00285	0.01397	0.00456	0.00399
68	0.01222	0.01056	0.01111	0.01000	0.01278	0.01222	0.00778	0.02611	0.78776	0.02056	0.02000	0.01833	0.01500	0.00667	0.00500	0.00167	0.00389	0.00556	0.00500	0.00778
69	0.01314	0.83025	0.02575	0.00841	0.01261	0.01945	0.00841	0.01472	0.00999	0.01156	0.00683	0.00788	0.00631	0.00420	0.00315	0.00105	0.00526	0.00263	0.00210	0.00631
70	0.01200	0.55182	0.29424	0.01035	0.01561	0.01667	0.01178	0.01501	0.01012	0.01295	0.00752	0.00875	0.00628	0.00437	0.00368	0.00123	0.00595	0.00297	0.00209	0.00664
71	0.02205	0.00836	0.01140	0.00874	0.01254	0.00722	0.00722	0.02395	0.01407	0.80004	0.01939	0.01673	0.01216	0.00608	0.00494	0.00152	0.00418	0.00494	0.00608	0.00836
72	0.00696	0.00502	0.00657	0.00618	0.00734	0.00464	0.00464	0.00927	0.01391	0.01971	0.79405	0.03671	0.04637	0.01005	0.00580	0.00155	0.00232	0.00889	0.00541	0.00464
73	0.03596	0.01871	0.01362	0.01178	0.01472	0.47940	0.00919	0.24848	0.01644	0.04711	0.01027	0.01251	0.00831	0.00580	0.00469	0.00140	0.00731	0.04428	0.00350	0.00653
74	0.03660	0.01367	0.01459	0.01120	0.01512	0.01515	0.00926	0.76398	0.02279	0.03078	0.01169	0.01172	0.00829	0.00587	0.00488	0.00148	0.00537	0.00439	0.00488	0.00829
75	0.00854	0.00427	0.00640	0.00640	0.00640	0.00427	0.00427	0.00640	0.00640	0.00854	0.00854	0.01494	0.00854	0.01707	0.01921	0.85702	0.00427	0.00427	0.00213	0.00213
76	0.01216	0.01168	0.01995	0.03016	0.79664	0.01168	0.01508	0.01508	0.01119	0.01605	0.00924	0.01216	0.00778	0.00438	0.00487	0.00146	0.00584	0.00438	0.00243	0.00778
77	0.02712	0.00979	0.00920	0.00846	0.01026	0.15960	0.00633	0.06664	0.02577	0.02862	0.06478	0.14845	0.01671	0.10921	0.15724	0.00304	0.00650	0.02750	0.00351	0.11127
78	0.01803	0.02233	0.01392	0.01257	0.01500	0.74302	0.00951	0.01931	0.01358	0.03251	0.00784	0.00917	0.00649	0.00529	0.00509	0.00132	0.05341	0.00327	0.00260	0.00575
79	0.00581	0.00498	0.00498	0.00498	0.00664	0.00415	0.00373	0.00705	0.01120	0.01328	0.04978	0.04729	0.79464	0.01245	0.00581	0.00166	0.00249	0.01037	0.00456	0.00415
80	0.01104	0.01161	0.01985	0.01559	0.01730	0.01415	0.27483	0.01317	0.00893	0.01317	0.00765	0.01161	0.00680	0.00707	0.01258	0.00198	0.53979	0.00482	0.00227	0.00581
81	0.01376	0.01367	0.01654	0.01334	0.01580	0.20248	0.18558	0.07765	0.01232	0.07198	0.06668	0.04101	0.01112	0.00660	0.00788	0.00165	0.20949	0.00509	0.02126	0.00608
82	0.00885	0.00467	0.00501	0.00501	0.00609	0.00478	0.00376	0.01102	0.00994	0.01726	0.01566	0.01876	0.01268	0.02849	0.10347	0.00206	0.00369	0.00472	0.72955	0.00452
83	0.00599	0.00499	0.00523	0.00517	0.00675	0.00422	0.00387	0.00740	0.01162	0.01427	0.16544	0.04565	0.67837	0.01207	0.00581	0.00164	0.00246	0.01014	0.00469	0.00422
84	0.01110	0.01176	0.01050	0.13472	0.01432	0.27147	0.00802	0.01258	0.01055	0.01198	0.01392	0.16775	0.01442	0.09981	0.11821	0.00283	0.03324	0.04500	0.00301	0.00480
85	0.01499	0.01158	0.01555	0.01329	0.07511	0.09386	0.16645	0.13580	0.04419	0.19998	0.06114	0.04884	0.06816	0.00653	0.00543	0.00156	0.02064	0.00579	0.00419	0.00692
86	0.01845	0.02078	0.01415	0.01229	0.01521	0.59066	0.00945	0.22785	0.01644	0.01721	0.00875	0.00967	0.00689	0.00529	0.00456	0.00132	0.00792	0.00351	0.00318	0.00643
87	0.00916	0.00458	0.00458	0.00458	0.00573	0.00458	0.00344	0.01145	0.01031	0.01832	0.01603	0.01832	0.01260	0.00573	0.00344	0.00115	0.00229	0.00458	0.85457	0.00458
88	0.16277	0.03035	0.30431	0.01007	0.01406	0.00899	0.04208	0.01339	0.01033	0.05582	0.05504	0.14586	0.02883	0.00735	0.00479	0.00163	0.00503	0.04456	0.04883	0.00592
89	0.01101	0.01051	0.01782	0.33744	0.48442	0.01144	0.01445	0.01404	0.01059	0.01461	0.00900	0.01251	0.00728	0.00466	0.00508	0.00154	0.02008	0.00437	0.00233	0.00683
90	0.00609	0.00432	0.00567	0.00671	0.00697	0.00406	0.00442	0.00687	0.00921	0.01227	0.02605	0.75317	0.03119	0.08810	0.00795	0.00224	0.00302	0.01336	0.00442	0.00390
91	0.00659	0.00487	0.00616	0.00623	0.00728	0.00445	0.00459	0.00840	0.01237	0.01688	0.47377	0.21342	0.16613	0.01175	0.00594	0.00169	0.00254	0.03746	0.00505	0.00441
92	0.01031	0.04124	0.45660	0.01604	0.13952	0.01192	0.04286	0.01438	0.01001	0.01475	0.00945	0.05429	0.00796	0.00583	0.00671	0.00165	0.14292	0.00446	0.00229	0.00680
93	0.00599	0.00428	0.00570	0.00684	0.00713	0.00399	0.00456	0.00684	0.00941	0.01254	0.02709	0.82409	0.03250	0.01540	0.00627	0.00200	0.00285	0.01397	0.00456	0.00399
94	0.00905	0.00484	0.00508	0.00499	0.00634	0.00461	0.00375	0.01104	0.01063	0.05889	0.02322	0.06497	0.16294	0.00752	0.00411	0.00131	0.00246	0.00619	0.60338	0.00467
95	0.01296	0.00669	0.00868	0.00733	0.00961	0.00611	0.00578	0.05571	0.01435	0.30043	0.44425	0.02862	0.06182	0.00850	0.00544	0.00154	0.00316	0.00729	0.00559	0.00616
96	0.00725	0.00502	0.00643	0.02292	0.00826	0.00464	0.00514	0.00867	0.01092	0.05581	0.13651	0.38830	0.19935	0.01308	0.00607	0.00186	0.00306	0.10756	0.00471	0.00444
97	0.01180	0.01144	0.01869	0.02572	0.59490	0.01255	0.01397	0.01424	0.01025	0.01497	0.00852	0.01180	0.00744	0.00547	0.00776	0.00164	0.21497	0.00436	0.00236	0.00716

[dist]
# distance from previous block
# <min> <max>
0	2

[block]
# block no. 1 follows, 51 sequences, length 35
# corresponding to MSA columns:
# 1650-1673,1677-1687
name=unknown_B
#
# <colnr> <probs for GDERKNQSTAVLIFYWHMCP>
#	G	D	E	R	K	N	Q	S	T	A	V	L	I	F	Y	W	H	M	C	P
0	0.00990	0.13701	0.15572	0.23479	0.02101	0.01178	0.11999	0.01288	0.00992	0.01332	0.01138	0.14241	0.01076	0.00668	0.00598	0.00164	0.08071	0.00572	0.00258	0.00583
1	0.01314	0.83025	0.02575	0.00841	0.01261	0.01945	0.00841	0.01472	0.00999	0.01156	0.00683	0.00788	0.00631	0.00420	0.00315	0.00105	0.00526	0.00263	0.00210	0.00631
2	0.01262	0.14409	0.01215	0.00892	0.01049	0.28346	0.00678	0.01236	0.00961	0.01030	0.00806	0.01182	0.00751	0.01136	0.03158	0.40263	0.00624	0.00365	0.00228	0.00409
3	0.00932	0.00693	0.00866	0.00712	0.00904	0.00626	0.04064	0.04318	0.00926	0.04016	0.01302	0.02264	0.01331	0.44649	0.03575	0.00318	0.00480	0.00551	0.00312	0.27162
4	0.00971	0.00817	0.01061	0.13794	0.01473	0.00757	0.00732	0.04747	0.01021	0.01510	0.00990	0.01283	0.00836	0.01160	0.18901	0.00256	0.00638	0.00376	0.00282	0.48394
5	0.00625	0.00439	0.00562	0.00650	0.00672	0.00417	0.00420	0.00691	0.00889	0.01185	0.02443	0.64290	0.02915	0.20115	0.01056	0.00263	0.00329	0.01241	0.00420	0.00376
6	0.00599	0.00428	0.00570	0.00684	0.00713	0.00399	0.00456	0.00684	0.00941	0.01254	0.02709	0.82409	0.03250	0.01540	0.00627	0.00200	0.00285	0.01397	0.00456	0.00399
7	0.01231	0.52457	0.19174	0.01033	0.01461	0.04440	0.01085	0.01470	0.00989	0.01248	0.00724	0.00882	0.00631	0.00489	0.00517	0.00131	0.10881	0.00308	0.00212	0.00637
8	0.00612	0.00437	0.00585	0.00699	0.00733	0.00410	0.00479	0.00707	0.00954	0.01269	0.02701	0.77218	0.03222	0.01527	0.00631	0.00201	0.00296	0.06459	0.00456	0.00403
9	0.00599	0.00428	0.00570	0.00684	0.00713	0.00399	0.00456	0.00684	0.00941	0.01254	0.02709	0.82409	0.03250	0.01540	0.00627	0.00200	0.00285	0.01397	0.00456	0.00399
10	0.07727	0.00958	0.01141	0.00903	0.01257	0.04296	0.00738	0.10235	0.03658	0.57301	0.01696	0.01544	0.01114	0.00737	0.04232	0.00181	0.00490	0.00469	0.00541	0.00784
11	0.00771	0.00571	0.00752	0.00839	0.00963	0.00564	0.00714	0.01026	0.04472	0.01465	0.02936	0.08560	0.14266	0.01319	0.00654	0.00214	0.00412	0.58589	0.00455	0.00459
12	0.00874	0.00560	0.00724	0.00674	0.00817	0.00525	0.00508	0.01148	0.05572	0.10213	0.58272	0.12231	0.03945	0.01004	0.00572	0.00160	0.00266	0.00886	0.00536	0.00513
13	0.00692	0.00467	0.00543	0.00565	0.00571	0.00461	0.00329	0.00709	0.00760	0.01013	0.01779	0.18948	0.02077	0.66601	0.02129	0.00421	0.00438	0.00850	0.00329	0.00318
14	0.01686	0.25520	0.01732	0.01144	0.01445	0.58116	0.00918	0.01821	0.01279	0.01189	0.00738	0.00858	0.00632	0.00482	0.00406	0.00120	0.00783	0.00301	0.00241	0.00587
15	0.01019	0.00873	0.01019	0.00728	0.01165	0.00655	0.00582	0.01237	0.01019	0.01601	0.00873	0.01019	0.00728	0.00364	0.00364	0.00073	0.00364	0.00291	0.00291	0.85734
16	0.01538	0.10504	0.15004	0.01170	0.01532	0.36147	0.01045	0.16902	0.01432	0.01639	0.00998	0.06484	0.00859	0.00633	0.01881	0.00150	0.00719	0.00421	0.00302	0.00642
17	0.01809	0.02253	0.01367	0.01237	0.01491	0.75665	0.00931	0.04494	0.01413	0.01285	0.00799	0.00925	0.00659	0.00511	0.00442	0.00127	0.00855	0.00325	0.02838	0.00575
18	0.01205	0.01156	0.01975	0.06014	0.76752	0.01165	0.01503	0.01499	0.01114	0.01592	0.00922	0.01220	0.00774	0.00440	0.00487	0.00147	0.00587	0.00438	0.00242	0.00770
19	0.00714	0.00479	0.00547	0.00547	0.00551	0.00482	0.00311	0.00722	0.00718	0.00961	0.01538	0.03161	0.01763	0.79337	0.05860	0.00490	0.00512	0.00707	0.00296	0.00304
20	0.01250	0.01367	0.01479	0.01285	0.01343	0.19747	0.01046	0.01362	0.00900	0.01187	0.00671	0.01032	0.00642	0.00779	0.01344	0.00195	0.63198	0.00404	0.00224	0.00545
21	0.01193	0.00957	0.01049	0.00953	0.01202	0.01074	0.00747	0.07712	0.54684	0.04538	0.06974	0.07619	0.01862	0.00792	0.00526	0.00171	0.00389	0.06346	0.00499	0.00714
22	0.00730	0.00509	0.00605	0.00593	0.00604	0.00535	0.00364	0.00755	0.00742	0.01009	0.03814	0.03030	0.01775	0.70355	0.08449	0.00479	0.04337	0.00692	0.00299	0.00325
23	0.01836	0.02342	0.01393	0.01266	0.01519	0.80756	0.00950	0.01962	0.01393	0.01203	0.00760	0.00886	0.00633	0.00506	0.00443	0.00127	0.00886	0.00317	0.00253	0.00570
24	0.03270	0.00889	0.01065	0.00850	0.01178	0.03205	0.00693	0.12531	0.01465	0.49949	0.03998	0.01971	0.08288	0.00678	0.00492	0.00151	0.00417	0.01879	0.06288	0.00743
25	0.03614	0.01085	0.01237	0.00980	0.01334	0.01136	0.00800	0.35050	0.13466	0.28417	0.04165	0.01620	0.03527	0.00638	0.00495	0.00153	0.00455	0.00505	0.00528	0.00796
26	0.00957	0.00905	0.01518	0.72352	0.09627	0.01112	0.01367	0.01274	0.00986	0.01282	0.00870	0.01295	0.00665	0.00499	0.00529	0.00164	0.03378	0.00437	0.00220	0.00565
27	0.01194	0.01047	0.01741	0.01325	0.01673	0.01041	0.29538	0.04215	0.15324	0.08534	0.11886	0.01757	0.02534	0.00599	0.00601	0.00156	0.06034	0.00570	0.00378	0.09852
28	0.01545	0.01148	0.01246	0.00958	0.01329	0.01192	0.00782	0.49446	0.03617	0.02575	0.01171	0.01227	0.00871	0.00535	0.00445	0.00126	0.00461	0.00410	0.09658	0.21257
29	0.02852	0.09169	0.64913	0.01314	0.01976	0.01195	0.02761	0.03164	0.01078	0.05853	0.00927	0.01053	0.00660	0.00472	0.00454	0.00151	0.00683	0.00365	0.00238	0.00722
30	0.14912	0.00979	0.00964	0.00891	0.02692	0.04759	0.00681	0.07838	0.35262	0.02008	0.01524	0.01565	0.01174	0.00801	0.05857	0.00193	0.00459	0.00466	0.16324	0.00650
31	0.00829	0.00540	0.00662	0.00636	0.00755	0.00505	0.00456	0.01024	0.04494	0.08780	0.31228	0.16172	0.14243	0.16359	0.00936	0.00224	0.00313	0.00909	0.00474	0.00463
32	0.11545	0.01045	0.01096	0.00846	0.01226	0.04654	0.00683	0.18265	0.03035	0.11761	0.01246	0.01280	0.04180	0.00506	0.00417	0.00117	0.00431	0.00386	0.00386	0.36896
33	0.01089	0.00920	0.06320	0.00815	0.01164	0.00724	0.01627	0.04195	0.07449	0.09411	0.13515	0.07888	0.03675	0.00640	0.00461	0.00122	0.00378	0.00543	0.00396	0.38668
34	0.34467	0.02624	0.00899	0.00737	0.01049	0.05286	0.00590	0.01499	0.11083	0.03735	0.04130	0.01544	0.09606	0.00574	0.00396	0.00135	0.00389	0.00425	0.00354	0.20478

[dist]
# distance from previous block
# <min> <max>
0	137

[block]
# block no. 2 follows, 51 sequences, length 10
# corresponding to MSA columns:
# 1825-1834
name=unknown_C
#
# <colnr> <probs for GDERKNQSTAVLIFYWHMCP>
#	G	D	E	R	K	N	Q	S	T	A	V	L	I	F	Y	W	H	M	C	P
0	0.03228	0.00673	0.00737	0.00696	0.00885	0.00658	0.00523	0.06767	0.13118	0.01630	0.06932	0.22742	0.30762	0.01077	0.00548	0.00165	0.00313	0.00921	0.00453	0.07173
1	0.01303	0.15146	0.01621	0.01037	0.01429	0.05573	0.12422	0.10478	0.03717	0.07808	0.03128	0.03331	0.03529	0.00519	0.00441	0.00122	0.00508	0.00440	0.00339	0.27110
2	0.06019	0.34330	0.24670	0.00987	0.01458	0.01374	0.01060	0.05167	0.01080	0.03612	0.03931	0.01101	0.00847	0.00656	0.05034	0.00165	0.00595	0.00349	0.00261	0.07303
3	0.01165	0.08946	0.37286	0.01131	0.01622	0.14745	0.01217	0.03443	0.03250	0.01486	0.01042	0.01251	0.02784	0.05110	0.00552	0.00153	0.00638	0.00384	0.02388	0.11406
4	0.01158	0.09256	0.44805	0.01505	0.12156	0.04257	0.05195	0.01570	0.01087	0.07627	0.01068	0.06227	0.00862	0.00537	0.00473	0.00152	0.00649	0.00448	0.00263	0.00703
5	0.00696	0.00533	0.00646	0.00683	0.00795	0.00510	0.00514	0.00940	0.07174	0.01487	0.16343	0.26974	0.22908	0.03725	0.00663	0.00194	0.00309	0.13989	0.00469	0.00450
6	0.00709	0.00498	0.00647	0.00647	0.00685	0.00536	0.00436	0.00786	0.00747	0.01035	0.01447	0.02656	0.01543	0.48293	0.36605	0.00613	0.00842	0.00633	0.00283	0.00359
7	0.02128	0.00814	0.01100	0.00850	0.01214	0.00707	0.00700	0.02321	0.01384	0.75349	0.01919	0.01682	0.01219	0.00606	0.00485	0.00150	0.00407	0.00492	0.05661	0.00814
8	0.01027	0.00987	0.01711	0.53658	0.25969	0.01123	0.05827	0.01349	0.01033	0.01378	0.00896	0.01283	0.00697	0.00471	0.00495	0.00159	0.00644	0.00445	0.00227	0.00622
9	0.01260	0.01001	0.01122	0.00849	0.01240	0.00924	0.00683	0.23610	0.05761	0.02058	0.01113	0.03878	0.00906	0.00493	0.00417	0.00105	0.00409	0.00393	0.03315	0.50462

[dist]
# distance from previous block
# <min> <max>
1	2

[block]
# block no. 3 follows, 51 sequences, length 32
# corresponding to MSA columns:
# 1837-1858,1869-1878
name=unknown_D
#
# <colnr> <probs for GDERKNQSTAVLIFYWHMCP>
#	G	D	E	R	K	N	Q	S	T	A	V	L	I	F	Y	W	H	M	C	P
0	0.01242	0.56933	0.25466	0.01007	0.01517	0.01673	0.01126	0.01523	0.01022	0.03492	0.00777	0.00887	0.00645	0.00439	0.00365	0.00121	0.00582	0.00299	0.00221	0.00665
1	0.01290	0.01049	0.01196	0.00970	0.01263	0.01126	0.00778	0.25377	0.16315	0.02056	0.01353	0.06386	0.02385	0.02707	0.00672	0.00153	0.11429	0.00499	0.00397	0.22601
2	0.00997	0.00946	0.01590	0.61165	0.20119	0.01124	0.01385	0.01308	0.01004	0.01330	0.00876	0.01280	0.00682	0.00494	0.00533	0.00162	0.03746	0.00437	0.00224	0.00597
3	0.01718	0.01609	0.01355	0.01150	0.01447	0.33239	0.02806	0.18217	0.14760	0.12215	0.01254	0.02732	0.00953	0.00595	0.00521	0.00147	0.03752	0.00438	0.00395	0.00695
4	0.01136	0.00870	0.01023	0.00749	0.01166	0.00683	0.00600	0.01406	0.04617	0.08909	0.01038	0.01133	0.00819	0.00405	0.00382	0.00085	0.00367	0.00325	0.02009	0.72276
5	0.00944	0.00889	0.01502	0.77289	0.07522	0.01096	0.01373	0.01269	0.00990	0.01275	0.00876	0.01305	0.00662	0.00488	0.00491	0.00163	0.00651	0.00437	0.00220	0.00559
6	0.86201	0.00950	0.00722	0.00646	0.00950	0.01102	0.00532	0.01445	0.00836	0.02205	0.00684	0.00798	0.00532	0.00456	0.00304	0.00152	0.00380	0.00266	0.00304	0.00532
7	0.00854	0.00427	0.00640	0.00640	0.00640	0.00427	0.00427	0.00640	0.00640	0.00854	0.00854	0.01494	0.00854	0.01707	0.01921	0.85702	0.00427	0.00427	0.00213	0.00213
8	0.00599	0.00428	0.00570	0.00684	0.00713	0.00399	0.00456	0.00684	0.00941	0.01254	0.02709	0.82409	0.03250	0.01540	0.00627	0.00200	0.00285	0.01397	0.00456	0.00399
9	0.00680	0.00494	0.00641	0.00620	0.00729	0.00455	0.00459	0.00892	0.01331	0.01866	0.67978	0.12203	0.07664	0.01073	0.00585	0.00160	0.00238	0.00950	0.00528	0.00455
10	0.01338	0.63254	0.02303	0.00947	0.01293	0.10380	0.00884	0.01485	0.01008	0.01165	0.00686	0.00838	0.00633	0.00489	0.00504	0.00122	0.11552	0.00291	0.00216	0.00612
11	0.00611	0.00433	0.00567	0.00668	0.00694	0.00407	0.00439	0.00688	0.00916	0.01222	0.02584	0.73873	0.03093	0.10291	0.00829	0.00229	0.00306	0.01323	0.00439	0.00388
12	0.00582	0.00494	0.00502	0.00508	0.00666	0.00414	0.00378	0.00704	0.01110	0.01324	0.04855	0.08943	0.75331	0.01261	0.00583	0.00168	0.00251	0.01057	0.00456	0.00414
13	0.01836	0.02342	0.01393	0.01266	0.01519	0.80756	0.00950	0.01962	0.01393	0.01203	0.00760	0.00886	0.00633	0.00506	0.00443	0.00127	0.00886	0.00317	0.00253	0.00570
14	0.01014	0.00968	0.01688	0.35897	0.28338	0.01046	0.09538	0.01322	0.01087	0.01479	0.08957	0.04227	0.01198	0.00552	0.00513	0.00158	0.00595	0.00531	0.00271	0.00623
15	0.00715	0.00476	0.00536	0.00536	0.00536	0.00476	0.00298	0.00715	0.00715	0.00953	0.01548	0.03216	0.01787	0.82729	0.02501	0.00476	0.00476	0.00715	0.00298	0.00298
16	0.86201	0.00950	0.00722	0.00646	0.00950	0.01102	0.00532	0.01445	0.00836	0.02205	0.00684	0.00798	0.00532	0.00456	0.00304	0.00152	0.00380	0.00266	0.00304	0.00532
17	0.01263	0.03340	0.11062	0.01355	0.03288	0.07610	0.21274	0.18562	0.01429	0.01926	0.14873	0.01621	0.01437	0.00605	0.00586	0.00155	0.05748	0.00533	0.02677	0.00654
18	0.00834	0.00497	0.00669	0.00712	0.00793	0.00471	0.00499	0.00938	0.00973	0.11866	0.02382	0.57888	0.02666	0.06705	0.09366	0.00274	0.00426	0.01139	0.00446	0.00456
19	0.49954	0.03695	0.03697	0.00973	0.04359	0.25803	0.00759	0.03001	0.01058	0.01836	0.00733	0.00857	0.00585	0.00473	0.00364	0.00143	0.00564	0.00295	0.00284	0.00568
20	0.86201	0.00950	0.00722	0.00646	0.00950	0.01102	0.00532	0.01445	0.00836	0.02205	0.00684	0.00798	0.00532	0.00456	0.00304	0.00152	0.00380	0.00266	0.00304	0.00532
21	0.00715	0.00476	0.00536	0.00536	0.00536	0.00476	0.00298	0.00715	0.00715	0.00953	0.01548	0.03216	0.01787	0.82729	0.02501	0.00476	0.00476	0.00715	0.00298	0.00298
22	0.01072	0.19890	0.26406	0.01409	0.04692	0.01252	0.23081	0.01442	0.01109	0.01512	0.09717	0.01486	0.03741	0.00526	0.00482	0.00147	0.00634	0.00486	0.00266	0.00649
23	0.01116	0.01184	0.01113	0.01297	0.18116	0.23654	0.00808	0.01276	0.01186	0.02698	0.02622	0.07505	0.32392	0.00858	0.00539	0.00153	0.01882	0.00703	0.00350	0.00547
24	0.00611	0.00433	0.00567	0.00668	0.00694	0.00407	0.00439	0.00688	0.00916	0.01222	0.02584	0.73873	0.03093	0.10291	0.00829	0.00229	0.00306	0.01323	0.00439	0.00388
25	0.00777	0.00613	0.00888	0.11717	0.01235	0.00628	0.04627	0.06947	0.01086	0.01448	0.05561	0.57414	0.02638	0.01241	0.00594	0.00187	0.00381	0.01127	0.00420	0.00470
26	0.05894	0.17658	0.31214	0.01428	0.13600	0.01358	0.01303	0.14701	0.03385	0.03686	0.00946	0.01065	0.00718	0.00483	0.00437	0.00143	0.00598	0.00372	0.00285	0.00728
27	0.00928	0.00873	0.01474	0.81548	0.03385	0.01092	0.01365	0.01256	0.00983	0.01256	0.00873	0.01310	0.00655	0.00491	0.00491	0.00164	0.00655	0.00437	0.00218	0.00546
28	0.00723	0.00486	0.00564	0.00576	0.00588	0.00486	0.00351	0.00747	0.00760	0.01009	0.01662	0.03467	0.01899	0.73959	0.02305	0.00449	0.00474	0.08868	0.00314	0.00314
29	0.01231	0.03475	0.15133	0.05520	0.02119	0.11469	0.35047	0.05135	0.09561	0.01602	0.01061	0.01279	0.00807	0.00599	0.03590	0.00181	0.00762	0.00485	0.00279	0.00666
30	0.01496	0.01201	0.04667	0.05216	0.02731	0.03191	0.00890	0.41523	0.09519	0.05438	0.09778	0.01694	0.02705	0.00649	0.00497	0.00150	0.00490	0.02117	0.02924	0.03124
31	0.54811	0.00987	0.00826	0.04386	0.01102	0.07466	0.00603	0.01481	0.00988	0.10347	0.01415	0.01454	0.11287	0.00585	0.00382	0.00152	0.00420	0.00407	0.00349	0.00553

[dist]
# distance from previous block
# <min> <max>
0	71

[block]
# block no. 4 follows, 51 sequences, length 55
# corresponding to MSA columns:
# 1955-2009
name=unknown_E
#
# <colnr> <probs for GDERKNQSTAVLIFYWHMCP>
#	G	D	E	R	K	N	Q	S	T	A	V	L	I	F	Y	W	H	M	C	P
0	0.01494	0.01966	0.14820	0.06252	0.14917	0.40638	0.01203	0.04869	0.06519	0.01467	0.00915	0.01068	0.00724	0.00501	0.00463	0.00140	0.00747	0.00373	0.00268	0.00655
1	0.00705	0.00543	0.00657	0.00717	0.00804	0.00542	0.00502	0.01019	0.14145	0.01416	0.04818	0.58865	0.10695	0.01348	0.00600	0.00189	0.00298	0.01205	0.00466	0.00467
2	0.01362	0.01092	0.01243	0.12573	0.01626	0.01241	0.00887	0.22820	0.41296	0.03737	0.01575	0.01556	0.01167	0.00609	0.00489	0.00157	0.00464	0.00497	0.02641	0.02968
3	0.00660	0.00485	0.00619	0.00619	0.00721	0.00443	0.00452	0.00847	0.01258	0.01735	0.53492	0.21583	0.12953	0.01153	0.00591	0.00166	0.00246	0.01021	0.00512	0.00443
4	0.01570	0.01016	0.01257	0.00962	0.01344	0.02968	0.05120	0.13368	0.07877	0.26974	0.01378	0.02387	0.00995	0.00536	0.00485	0.00129	0.02444	0.00436	0.00438	0.28317
5	0.00866	0.00620	0.03404	0.00697	0.00856	0.00535	0.00545	0.01122	0.05233	0.10308	0.40365	0.21151	0.10244	0.01067	0.00573	0.00166	0.00291	0.00938	0.00508	0.00511
6	0.00626	0.00497	0.00563	0.00559	0.00699	0.00434	0.00418	0.00787	0.01203	0.01547	0.30322	0.08809	0.47744	0.01182	0.00585	0.00165	0.00250	0.02692	0.00485	0.00432
7	0.00852	0.00652	0.00874	0.00827	0.00894	0.02367	0.00629	0.04075	0.00826	0.01158	0.01156	0.01839	0.01122	0.12198	0.42145	0.15005	0.12192	0.00511	0.00261	0.00417
8	0.05445	0.01005	0.01429	0.01084	0.01466	0.00969	0.11198	0.14824	0.01478	0.50662	0.01588	0.01487	0.01042	0.00581	0.00536	0.00155	0.03261	0.00486	0.00514	0.00790
9	0.00599	0.00428	0.00570	0.00684	0.00713	0.00399	0.00456	0.00684	0.00941	0.01254	0.02709	0.82409	0.03250	0.01540	0.00627	0.00200	0.00285	0.01397	0.00456	0.00399
10	0.00637	0.00469	0.00564	0.00620	0.00714	0.00419	0.00438	0.00748	0.01040	0.03122	0.06428	0.46570	0.32071	0.01383	0.00606	0.00185	0.00276	0.02829	0.00463	0.00419
11	0.00962	0.00906	0.01516	0.72159	0.10655	0.01102	0.01365	0.01311	0.02786	0.01308	0.00904	0.01313	0.00686	0.00490	0.00491	0.00162	0.00642	0.00440	0.00227	0.00574
12	0.01019	0.00873	0.01019	0.00728	0.01165	0.00655	0.00582	0.01237	0.01019	0.01601	0.00873	0.01019	0.00728	0.00364	0.00364	0.00073	0.00364	0.00291	0.00291	0.85734
13	0.00699	0.00470	0.00540	0.00555	0.00559	0.00466	0.00319	0.00711	0.00744	0.00992	0.01700	0.13588	0.01978	0.72096	0.02256	0.00440	0.00451	0.00804	0.00319	0.00311
14	0.82971	0.00967	0.00751	0.00665	0.00972	0.01119	0.00548	0.04377	0.00893	0.02239	0.00703	0.00813	0.00544	0.00461	0.00311	0.00152	0.00386	0.00273	0.00311	0.00544
15	0.00783	0.00659	0.01057	0.00960	0.01108	0.00628	0.14462	0.04118	0.03067	0.01443	0.04877	0.57529	0.02634	0.01226	0.00601	0.00186	0.00397	0.01142	0.00420	0.02702
16	0.00979	0.00518	0.00525	0.00502	0.00635	0.00528	0.00382	0.06189	0.01115	0.01915	0.01575	0.01789	0.01232	0.00574	0.00353	0.00117	0.00249	0.00457	0.79883	0.00483
17	0.00937	0.00696	0.00973	0.00896	0.01003	0.00838	0.00716	0.05545	0.00917	0.05785	0.01227	0.01703	0.01094	0.02652	0.52817	0.00576	0.16641	0.00498	0.03980	0.00504
18	0.01037	0.14062	0.67042	0.01338	0.02014	0.01259	0.03647	0.01545	0.01035	0.01499	0.00856	0.01009	0.00627	0.00459	0.00448	0.00149	0.00700	0.00354	0.00209	0.00711
19	0.00644	0.00462	0.00612	0.00688	0.00721	0.00462	0.00468	0.00733	0.00894	0.01217	0.02336	0.59988	0.02737	0.11546	0.09668	0.00296	0.02533	0.01172	0.02427	0.00396
20	0.00599	0.00428	0.00570	0.00684	0.00713	0.00399	0.00456	0.00684	0.00941	0.01254	0.02709	0.82409	0.03250	0.01540	0.00627	0.00200	0.00285	0.01397	0.00456	0.00399
21	0.01198	0.01030	0.01091	0.00991	0.01259	0.01188	0.00771	0.02530	0.75179	0.02024	0.02030	0.03779	0.01571	0.00703	0.00507	0.00169	0.00388	0.02333	0.00498	0.00762
22	0.00926	0.00777	0.04138	0.00728	0.01012	0.00623	0.00597	0.03125	0.03018	0.04474	0.37468	0.02321	0.02591	0.00773	0.02559	0.00140	0.00349	0.00595	0.00424	0.33364
23	0.01280	0.06739	0.01552	0.03208	0.03400	0.04855	0.02715	0.03179	0.00948	0.10835	0.00852	0.01135	0.00727	0.00727	0.01179	0.00184	0.51667	0.00420	0.00275	0.04123
24	0.01222	0.01056	0.01111	0.01000	0.01278	0.01222	0.00778	0.02611	0.78776	0.02056	0.02000	0.01833	0.01500	0.00667	0.00500	0.00167	0.00389	0.00556	0.00500	0.00778
25	0.00598	0.00498	0.00521	0.00516	0.00674	0.00422	0.00387	0.00738	0.01160	0.01423	0.16027	0.04572	0.68356	0.01209	0.00581	0.00164	0.00246	0.01015	0.00469	0.00422
26	0.01196	0.01207	0.10501	0.00989	0.01267	0.11347	0.02828	0.05716	0.15265	0.08859	0.19230	0.05495	0.05388	0.00834	0.02288	0.00173	0.03791	0.02580	0.00423	0.00622
27	0.01155	0.01084	0.01776	0.07115	0.62004	0.01106	0.01349	0.01533	0.07484	0.01654	0.07876	0.01487	0.01168	0.00509	0.00496	0.00149	0.00541	0.00487	0.00289	0.00738
28	0.00703	0.00524	0.00779	0.00779	0.00864	0.00609	0.00601	0.00871	0.00787	0.01133	0.01326	0.01983	0.01251	0.06907	0.77592	0.00777	0.01282	0.00534	0.00265	0.00433
29	0.00667	0.00465	0.00581	0.00643	0.00687	0.00441	0.00426	0.00740	0.00916	0.03005	0.02640	0.52907	0.11011	0.20123	0.01063	0.00259	0.01451	0.01168	0.00420	0.00390
30	0.00714	0.00510	0.00702	0.00816	0.00895	0.00498	0.00656	0.00883	0.01054	0.01383	0.02645	0.36656	0.02999	0.01431	0.00658	0.00215	0.00385	0.46015	0.00454	0.00431
31	0.01035	0.00883	0.01028	0.00736	0.01172	0.00672	0.00589	0.02714	0.01044	0.01630	0.00879	0.01022	0.00730	0.00368	0.00366	0.00074	0.00367	0.00294	0.00295	0.84101
32	0.05526	0.00559	0.00589	0.00573	0.00740	0.00516	0.00436	0.00916	0.05702	0.01567	0.21136	0.04120	0.51812	0.01115	0.00562	0.00164	0.00266	0.02776	0.00469	0.00455
33	0.00707	0.00476	0.00613	0.00628	0.00707	0.00449	0.00447	0.00834	0.02523	0.01517	0.32082	0.25697	0.09711	0.01265	0.00805	0.14622	0.00284	0.00937	0.05290	0.00404
34	0.01132	0.05545	0.56175	0.06004	0.05107	0.12678	0.03581	0.01593	0.01090	0.01474	0.00860	0.01036	0.00635	0.00470	0.00462	0.00150	0.00734	0.00365	0.00217	0.00690
35	0.00793	0.00566	0.00761	0.04506	0.04206	0.00565	0.00658	0.01005	0.01121	0.01555	0.15510	0.04023	0.09203	0.05785	0.02572	0.00214	0.00401	0.33267	0.12828	0.00461
36	0.00653	0.00501	0.00597	0.00573	0.00708	0.00445	0.00430	0.00844	0.01290	0.01730	0.51594	0.04066	0.32597	0.01094	0.00580	0.00159	0.00238	0.00944	0.00509	0.00445
37	0.00937	0.00776	0.00920	0.00728	0.01062	0.00614	0.00560	0.03126	0.01034	0.01555	0.01337	0.21234	0.01357	0.00662	0.00433	0.00106	0.00349	0.00570	0.00337	0.62303
38	0.09569	0.12927	0.05912	0.01065	0.01382	0.02860	0.12886	0.04776	0.18721	0.01767	0.13223	0.05743	0.03662	0.00668	0.00513	0.00155	0.02604	0.00570	0.00373	0.00627
39	0.00610	0.00475	0.00549	0.00591	0.00694	0.00422	0.00422	0.00728	0.01060	0.01341	0.09834	0.32039	0.40128	0.05059	0.00689	0.00193	0.00279	0.04022	0.00456	0.00409
40	0.00599	0.00428	0.00570	0.00684	0.00713	0.00399	0.00456	0.00684	0.00941	0.01254	0.02709	0.82409	0.03250	0.01540	0.00627	0.00200	0.00285	0.01397	0.00456	0.00399
41	0.03263	0.46459	0.22841	0.01055	0.01526	0.14819	0.01109	0.01575	0.01071	0.01294	0.00748	0.00871	0.00627	0.00448	0.00376	0.00123	0.00635	0.00298	0.00219	0.00644
42	0.03578	0.01700	0.02927	0.01447	0.13526	0.32545	0.01016	0.30028	0.01672	0.02028	0.04196	0.01162	0.00894	0.00546	0.00471	0.00140	0.00670	0.00405	0.00352	0.00698
43	0.00615	0.00435	0.00565	0.00663	0.00687	0.00410	0.00433	0.00689	0.00908	0.01211	0.02541	0.70966	0.03039	0.13271	0.00898	0.00240	0.00313	0.01298	0.00433	0.00385
44	0.01368	0.01128	0.01193	0.01030	0.01333	0.01290	0.00813	0.19598	0.61552	0.02290	0.01815	0.01686	0.01350	0.00649	0.00498	0.00162	0.00423	0.00530	0.00498	0.00791
45	0.01314	0.83025	0.02575	0.00841	0.01261	0.01945	0.00841	0.01472	0.00999	0.01156	0.00683	0.00788	0.00631	0.00420	0.00315	0.00105	0.00526	0.00263	0.00210	0.00631
46	0.01181	0.36630	0.37461	0.01089	0.01628	0.01435	0.01257	0.03161	0.01084	0.04843	0.05322	0.01112	0.00885	0.00486	0.00410	0.00134	0.00595	0.00358	0.00251	0.00678
47	0.00990	0.02510	0.78144	0.01418	0.02139	0.01144	0.03822	0.01557	0.01041	0.01557	0.00885	0.01045	0.00626	0.00466	0.00470	0.00156	0.00729	0.00369	0.00209	0.00725
48	0.00599	0.00428	0.00570	0.00684	0.00713	0.00399	0.00456	0.00684	0.00941	0.01254	0.02709	0.82409	0.03250	0.01540	0.00627	0.00200	0.00285	0.01397	0.00456	0.00399
49	0.01216	0.01168	0.01995	0.03016	0.79664	0.01168	0.01508	0.01508	0.01119	0.01605	0.00924	0.01216	0.00778	0.00438	0.00487	0.00146	0.00584	0.00438	0.00243	0.00778
50	0.01068	0.01016	0.01726	0.43481	0.40359	0.01129	0.01434	0.01378	0.01049	0.01425	0.00898	0.01265	0.00715	0.00465	0.00489	0.00155	0.00621	0.00437	0.00230	0.00659
51	0.00992	0.04111	0.78670	0.01390	0.02110	0.01157	0.01797	0.01555	0.01037	0.01548	0.00878	0.01033	0.00623	0.00466	0.00464	0.00155	0.00722	0.00361	0.00208	0.00724
52	0.05206	0.00811	0.01067	0.00841	0.01184	0.00728	0.00687	0.02198	0.04584	0.64796	0.10832	0.01876	0.01597	0.00651	0.00497	0.00153	0.00394	0.00534	0.00584	0.00779
53	0.01138	0.01080	0.01830	0.16172	0.62257	0.01115	0.01424	0.01432	0.01111	0.01567	0.05386	0.01372	0.00977	0.00479	0.00493	0.00149	0.00576	0.00463	0.00256	0.00721
54	0.12678	0.01694	0.01188	0.01035	0.01313	0.45400	0.00790	0.03327	0.01222	0.04445	0.00865	0.01071	0.00729	0.05174	0.00562	0.00144	0.02781	0.00341	0.00287	0.14956

[dist]
# distance from previous block
# <min> <max>
0	1

[block]
# block no. 5 follows, 51 sequences, length 65
# corresponding to MSA columns:
# 2011-2020,2096-2108,2110-2151
name=unknown_F
#
# <colnr> <probs for GDERKNQSTAVLIFYWHMCP>
#	G	D	E	R	K	N	Q	S	T	A	V	L	I	F	Y	W	H	M	C	P
0	0.00996	0.05154	0.77664	0.01383	0.02099	0.01167	0.01784	0.01554	0.01036	0.01543	0.00875	0.01029	0.00623	0.00465	0.00462	0.00154	0.00720	0.00360	0.00208	0.00723
1	0.24152	0.01360	0.01295	0.01058	0.01393	0.15232	0.06019	0.28844	0.06736	0.05593	0.01089	0.03199	0.00837	0.00558	0.00443	0.00149	0.00556	0.00417	0.00388	0.00682
2	0.01164	0.01115	0.01901	0.17158	0.65928	0.01154	0.01482	0.01463	0.01094	0.01542	0.00915	0.01233	0.00756	0.00447	0.00487	0.00149	0.00597	0.00438	0.00239	0.00737
3	0.01732	0.01986	0.01354	0.01201	0.01477	0.56096	0.00917	0.12333	0.15114	0.01608	0.01034	0.01092	0.00813	0.00546	0.00460	0.00136	0.00752	0.00376	0.00329	0.00642
4	0.01314	0.83025	0.02575	0.00841	0.01261	0.01945	0.00841	0.01472	0.00999	0.01156	0.00683	0.00788	0.00631	0.00420	0.00315	0.00105	0.00526	0.00263	0.00210	0.00631
