[name]
unknown

[dist]
# distance from previous block
# <min> <max>
0	547

[block]
# block no. 0 follows, 64 sequences, length 83
# corresponding to MSA columns:
# 547-629
name=unknown_A
#
# <colnr> <probs for GDERKNQSTAVLIFYWHMCP>
#	G	D	E	R	K	N	Q	S	T	A	V	L	I	F	Y	W	H	M	C	P
0	0.41031	0.01015	0.03513	0.00726	0.00988	0.12224	0.00603	0.10877	0.06531	0.01724	0.04447	0.01164	0.00838	0.00480	0.00342	0.00125	0.00403	0.05311	0.00295	0.07364
1	0.11655	0.00983	0.01106	0.03668	0.04806	0.03372	0.03340	0.34013	0.13671	0.10744	0.04909	0.01184	0.00929	0.00492	0.00399	0.00127	0.00414	0.00390	0.00376	0.03422
2	0.01127	0.00913	0.00979	0.00837	0.01102	0.01014	0.00661	0.14082	0.59820	0.04487	0.01496	0.01398	0.01115	0.00529	0.00411	0.00131	0.00347	0.00433	0.00408	0.08709
3	0.00936	0.00883	0.01494	0.27137	0.54571	0.00938	0.01192	0.01189	0.00917	0.01281	0.03457	0.01129	0.00740	0.00401	0.00413	0.00128	0.00497	0.00383	0.01730	0.00585
4	0.00617	0.00449	0.00573	0.00533	0.00640	0.00420	0.00402	0.03418	0.01193	0.01678	0.77135	0.03066	0.06611	0.00845	0.00488	0.00131	0.00205	0.00743	0.00453	0.00401
5	0.00562	0.00434	0.00517	0.00489	0.00611	0.00382	0.00368	0.00725	0.01084	0.01461	0.51918	0.03349	0.31926	0.00904	0.00484	0.00132	0.00205	0.00779	0.00425	0.03244
6	0.00976	0.01154	0.05097	0.01732	0.02159	0.01048	0.78691	0.01330	0.00977	0.01330	0.00837	0.01112	0.00627	0.00352	0.00487	0.00140	0.00697	0.00484	0.00209	0.00562
7	0.00562	0.00424	0.00519	0.00495	0.00605	0.00381	0.00372	0.00734	0.01115	0.01521	0.61675	0.03342	0.24927	0.00903	0.00490	0.00133	0.00200	0.00785	0.00438	0.00381
8	0.01070	0.00884	0.00940	0.00841	0.01079	0.01015	0.00655	0.02199	0.78497	0.05322	0.01688	0.01544	0.01257	0.00561	0.00422	0.00140	0.00330	0.00467	0.00427	0.00660
9	0.01552	0.01980	0.01177	0.01070	0.01284	0.83735	0.00803	0.01659	0.01177	0.01017	0.00642	0.00749	0.00535	0.00428	0.00375	0.00107	0.00749	0.00268	0.00214	0.00482
10	0.00491	0.00421	0.00421	0.00421	0.00561	0.00351	0.00316	0.00596	0.00947	0.01122	0.04208	0.03997	0.82643	0.01052	0.00491	0.00140	0.00210	0.00877	0.00386	0.00351
11	0.01864	0.00707	0.00964	0.00739	0.01060	0.00611	0.00611	0.02024	0.01189	0.83099	0.01639	0.01414	0.01028	0.00514	0.00418	0.00129	0.00353	0.00418	0.00514	0.00707
12	0.00861	0.00738	0.00861	0.00615	0.00984	0.00554	0.00492	0.01046	0.00861	0.01354	0.00738	0.00861	0.00615	0.00308	0.00308	0.00062	0.00308	0.00246	0.00246	0.87941
13	0.00980	0.01120	0.02451	0.01751	0.02171	0.01050	0.81303	0.01331	0.00980	0.01331	0.00840	0.01120	0.00630	0.00350	0.00490	0.00140	0.00700	0.00490	0.00210	0.00560
14	0.01864	0.00707	0.00964	0.00739	0.01060	0.00611	0.00611	0.02024	0.01189	0.83099	0.01639	0.01414	0.01028	0.00514	0.00418	0.00129	0.00353	0.00418	0.00514	0.00707
15	0.01033	0.00892	0.00939	0.00845	0.01080	0.01033	0.00657	0.02207	0.82061	0.01738	0.01691	0.01550	0.01268	0.00564	0.00423	0.00141	0.00329	0.00470	0.00423	0.00657
16	0.01007	0.00965	0.01647	0.09781	0.75748	0.00981	0.01264	0.01256	0.00936	0.01331	0.00778	0.01035	0.00649	0.00374	0.00412	0.00125	0.00499	0.00370	0.00204	0.00641
17	0.01111	0.85652	0.02177	0.00711	0.01066	0.01644	0.00711	0.01244	0.00844	0.00977	0.00577	0.00666	0.00533	0.00355	0.00267	0.00089	0.00444	0.00222	0.00178	0.00533
18	0.00974	0.01099	0.02372	0.05326	0.05066	0.01043	0.75020	0.01317	0.00973	0.01320	0.00834	0.01117	0.00628	0.00354	0.00484	0.00139	0.00687	0.00481	0.00209	0.00559
19	0.00662	0.00473	0.00661	0.00757	0.00850	0.00472	0.00657	0.00848	0.00949	0.01235	0.02203	0.08137	0.02406	0.01154	0.00572	0.00190	0.00376	0.76633	0.00383	0.00381
20	0.00985	0.01162	0.05873	0.01699	0.02118	0.01055	0.74867	0.02925	0.00989	0.01350	0.00834	0.01104	0.00626	0.00362	0.00500	0.00140	0.02157	0.00478	0.00212	0.00564
21	0.01130	0.00885	0.00938	0.00826	0.01067	0.02842	0.00647	0.05498	0.64216	0.10204	0.04426	0.01589	0.02713	0.00571	0.00424	0.00138	0.00340	0.00472	0.00428	0.00646
22	0.00506	0.00361	0.00482	0.00578	0.00602	0.00337	0.00386	0.00578	0.00795	0.01060	0.02289	0.85131	0.02747	0.01301	0.00530	0.00169	0.00241	0.01181	0.00386	0.00337
23	0.00604	0.00403	0.00453	0.00453	0.00453	0.00403	0.00252	0.00604	0.00604	0.00805	0.01309	0.02718	0.01510	0.85402	0.02114	0.00403	0.00403	0.00604	0.00252	0.00252
24	0.88336	0.00803	0.00611	0.00546	0.00803	0.00932	0.00450	0.01221	0.00707	0.01864	0.00578	0.00675	0.00450	0.00386	0.00257	0.00129	0.00321	0.00225	0.00257	0.00450
25	0.00740	0.00638	0.00683	0.00668	0.00750	0.10880	0.00494	0.02661	0.00764	0.01009	0.01162	0.06235	0.01149	0.17706	0.48290	0.00485	0.00835	0.00488	0.03994	0.00369
26	0.00502	0.00376	0.00467	0.00540	0.00592	0.00341	0.00369	0.00583	0.00832	0.01075	0.02751	0.65602	0.21978	0.01241	0.00521	0.00162	0.00234	0.01108	0.00386	0.00341
27	0.86078	0.00793	0.00605	0.00542	0.00795	0.00918	0.00446	0.01214	0.00711	0.01856	0.00598	0.00697	0.00466	0.00388	0.00258	0.00128	0.00318	0.00229	0.02512	0.00448
28	0.01028	0.00987	0.01686	0.02550	0.82811	0.00987	0.01275	0.01275	0.00946	0.01357	0.00781	0.01028	0.00658	0.00370	0.00411	0.00123	0.00493	0.00370	0.00206	0.00658
29	0.00497	0.00421	0.00429	0.00427	0.00565	0.00353	0.00320	0.00608	0.00961	0.01157	0.09228	0.03940	0.77601	0.01039	0.00491	0.00140	0.00209	0.00869	0.00390	0.00353
30	0.00916	0.27216	0.58912	0.01042	0.01578	0.01168	0.01287	0.01294	0.00867	0.01214	0.00695	0.00814	0.00528	0.00383	0.00356	0.00119	0.00563	0.00281	0.00176	0.00590
31	0.01049	0.67122	0.20168	0.00816	0.01228	0.01493	0.00894	0.01260	0.00851	0.01052	0.00615	0.00713	0.00532	0.00364	0.00295	0.00098	0.00482	0.00241	0.00177	0.00551
32	0.00492	0.00415	0.00427	0.00436	0.00565	0.00349	0.00322	0.00594	0.00932	0.01116	0.04018	0.12006	0.74756	0.01077	0.00495	0.00143	0.00213	0.00907	0.00386	0.00349
33	0.00784	0.00738	0.01246	0.84404	0.02861	0.00923	0.01154	0.01061	0.00831	0.01061	0.00738	0.01107	0.00554	0.00415	0.00415	0.00138	0.00554	0.00369	0.00185	0.00461
34	0.00506	0.00361	0.00482	0.00578	0.00602	0.00337	0.00386	0.00578	0.00795	0.01060	0.02289	0.85131	0.02747	0.01301	0.00530	0.00169	0.00241	0.01181	0.00386	0.00337
35	0.00593	0.00445	0.00668	0.00668	0.00742	0.00519	0.00519	0.00742	0.00668	0.00964	0.01113	0.01632	0.01038	0.03115	0.83756	0.00668	0.01113	0.00445	0.00223	0.00371
36	0.00861	0.00738	0.00861	0.00615	0.00984	0.00554	0.00492	0.01046	0.00861	0.01354	0.00738	0.00861	0.00615	0.00308	0.00308	0.00062	0.00308	0.00246	0.00246	0.87941
37	0.01013	0.00861	0.00906	0.00814	0.01043	0.00988	0.00634	0.03863	0.74105	0.01724	0.01775	0.01645	0.04834	0.00581	0.00421	0.00139	0.00322	0.00483	0.03211	0.00636
38	0.00572	0.00434	0.00474	0.00457	0.00596	0.00371	0.00345	0.00700	0.01007	0.04852	0.21063	0.03690	0.62005	0.00984	0.00487	0.00138	0.00214	0.00829	0.00407	0.00375
39	0.00784	0.00738	0.01246	0.84404	0.02861	0.00923	0.01154	0.01061	0.00831	0.01061	0.00738	0.01107	0.00554	0.00415	0.00415	0.00138	0.00554	0.00369	0.00185	0.00461
40	0.01111	0.85652	0.02177	0.00711	0.01066	0.01644	0.00711	0.01244	0.00844	0.00977	0.00577	0.00666	0.00533	0.00355	0.00267	0.00089	0.00444	0.00222	0.00178	0.00533
41	0.00633	0.00435	0.00570	0.00530	0.00636	0.00400	0.00400	0.00828	0.01176	0.04559	0.79716	0.03043	0.03817	0.00837	0.00487	0.00131	0.00202	0.00739	0.00459	0.00403
42	0.01618	0.00969	0.01112	0.00861	0.01177	0.01013	0.00708	0.47971	0.05101	0.30106	0.04146	0.01238	0.00955	0.00519	0.00419	0.00127	0.00407	0.00406	0.00451	0.00693
43	0.00660	0.00409	0.00477	0.00460	0.00560	0.00387	0.00345	0.00850	0.01035	0.01584	0.43989	0.02507	0.07413	0.00709	0.00407	0.00117	0.00196	0.00607	0.36902	0.00387
44	0.00861	0.00738	0.00861	0.00615	0.00984	0.00554	0.00492	0.01046	0.00861	0.01354	0.00738	0.00861	0.00615	0.00308	0.00308	0.00062	0.00308	0.00246	0.00246	0.87941
45	0.00588	0.00425	0.00555	0.00523	0.00621	0.00392	0.00392	0.00784	0.01176	0.01666	0.82592	0.03103	0.03919	0.00849	0.00490	0.00131	0.00196	0.00751	0.00457	0.00392
46	0.00948	0.01063	0.02274	0.01637	0.02030	0.00998	0.73654	0.01298	0.02417	0.01346	0.04640	0.01309	0.03411	0.00399	0.00489	0.00140	0.00655	0.00514	0.00231	0.00548
47	0.01579	0.01163	0.01247	0.00956	0.01288	0.01288	0.00789	0.81426	0.01953	0.02618	0.00997	0.00997	0.00706	0.00499	0.00416	0.00125	0.00457	0.00374	0.00416	0.00706
48	0.00784	0.00738	0.01246	0.84404	0.02861	0.00923	0.01154	0.01061	0.00831	0.01061	0.00738	0.01107	0.00554	0.00415	0.00415	0.00138	0.00554	0.00369	0.00185	0.00461
49	0.00495	0.00421	0.00427	0.00425	0.00564	0.00352	0.00319	0.00604	0.00957	0.01145	0.07571	0.03959	0.79265	0.01043	0.00491	0.00140	0.00210	0.00871	0.00389	0.00352
50	0.00774	0.00387	0.00387	0.00387	0.00484	0.00387	0.00290	0.00968	0.00871	0.01549	0.01355	0.01549	0.01065	0.00484	0.00290	0.00097	0.00194	0.00387	0.87708	0.00387
51	0.00593	0.00445	0.00668	0.00668	0.00742	0.00519	0.00519	0.00742	0.00668	0.00964	0.01113	0.01632	0.01038	0.03115	0.83756	0.00668	0.01113	0.00445	0.00223	0.00371
52	0.00558	0.00423	0.00514	0.00492	0.00602	0.00379	0.00369	0.00727	0.01106	0.01500	0.58715	0.03375	0.27899	0.00911	0.00490	0.00134	0.00200	0.00789	0.00435	0.00379
53	0.01020	0.00979	0.01672	0.05167	0.80255	0.00985	0.01271	0.01268	0.00942	0.01348	0.00780	0.01031	0.00655	0.00372	0.00411	0.00124	0.00495	0.00370	0.00205	0.00652
54	0.00600	0.00417	0.00527	0.00527	0.00552	0.00443	0.00344	0.00651	0.00626	0.00860	0.01241	0.02344	0.01348	0.57074	0.30220	0.00494	0.00647	0.00549	0.00242	0.00293
55	0.00881	0.00684	0.00913	0.00800	0.00891	0.00813	0.02440	0.03987	0.07322	0.07997	0.07309	0.01772	0.03649	0.17540	0.12842	0.00278	0.27643	0.01509	0.00287	0.00443
56	0.01047	0.66542	0.20731	0.00819	0.01234	0.01488	0.00899	0.01260	0.00852	0.01055	0.00616	0.00715	0.00531	0.00364	0.00296	0.00099	0.00483	0.00242	0.00177	0.00552
57	0.01268	0.01028	0.04931	0.01015	0.01348	0.01001	0.14931	0.30002	0.11265	0.11503	0.04012	0.01188	0.00892	0.00474	0.00446	0.00125	0.02867	0.00407	0.00356	0.10941
58	0.17662	0.00953	0.03077	0.00850	0.04645	0.04790	0.00666	0.26929	0.09511	0.11435	0.09980	0.01408	0.05262	0.00540	0.00396	0.00128	0.00385	0.00420	0.00376	0.00586
59	0.01035	0.00723	0.00761	0.00663	0.00845	0.03488	0.01871	0.15960	0.19788	0.03555	0.01314	0.01396	0.01005	0.00529	0.00401	0.02379	0.01411	0.00401	0.41957	0.00516
60	0.00584	0.00424	0.00550	0.00519	0.00618	0.00390	0.00389	0.00776	0.01167	0.01644	0.79516	0.03138	0.07009	0.00857	0.00490	0.00131	0.00197	0.00756	0.00454	0.00390
61	0.31765	0.00903	0.00887	0.00714	0.01012	0.08799	0.01819	0.06516	0.01015	0.28171	0.00984	0.00978	0.00690	0.00426	0.00342	0.00116	0.00385	0.00308	0.00344	0.13824
62	0.00563	0.00424	0.00521	0.00497	0.00605	0.00381	0.00373	0.00736	0.01118	0.01528	0.62678	0.03330	0.23919	0.00901	0.00490	0.00133	0.00200	0.00783	0.00439	0.00381
63	0.01843	0.00740	0.00985	0.00755	0.01077	0.00660	0.00624	0.07853	0.01245	0.77191	0.01592	0.01383	0.01005	0.00513	0.00418	0.00128	0.00361	0.00415	0.00507	0.00707
64	0.00980	0.01120	0.02451	0.01751	0.02171	0.01050	0.81303	0.01331	0.00980	0.01331	0.00840	0.01120	0.00630	0.00350	0.00490	0.00140	0.00700	0.00490	0.00210	0.00560
65	0.00909	0.00909	0.01272	0.01091	0.01091	0.01272	0.00909	0.01000	0.00636	0.01000	0.00545	0.00909	0.00545	0.00727	0.01363	0.00182	0.84642	0.00364	0.00182	0.00454
66	0.00619	0.00442	0.00612	0.00708	0.00781	0.00435	0.00582	0.00774	0.00907	0.01187	0.02227	0.29355	0.02500	0.01195	0.00560	0.00184	0.00339	0.55839	0.00383	0.00369
67	0.01033	0.00892	0.00939	0.00845	0.01080	0.01033	0.00657	0.02207	0.82061	0.01738	0.01691	0.01550	0.01268	0.00564	0.00423	0.00141	0.00329	0.00470	0.00423	0.00657
68	0.01552	0.01980	0.01177	0.01070	0.01284	0.83735	0.00803	0.01659	0.01177	0.01017	0.00642	0.00749	0.00535	0.00428	0.00375	0.00107	0.00749	0.00268	0.00214	0.00482
69	0.01033	0.00892	0.00939	0.00845	0.01080	0.01033	0.00657	0.02207	0.82061	0.01738	0.01691	0.01550	0.01268	0.00564	0.00423	0.00141	0.00329	0.00470	0.00423	0.00657
70	0.00588	0.00425	0.00555	0.00523	0.00621	0.00392	0.00392	0.00784	0.01176	0.01666	0.82592	0.03103	0.03919	0.00849	0.00490	0.00131	0.00196	0.00751	0.00457	0.00392
71	0.00604	0.00403	0.00453	0.00453	0.00453	0.00403	0.00252	0.00604	0.00604	0.00805	0.01309	0.02718	0.01510	0.85402	0.02114	0.00403	0.00403	0.00604	0.00252	0.00252
72	0.00491	0.00421	0.00421	0.00421	0.00561	0.00351	0.00316	0.00596	0.00947	0.01122	0.04208	0.03997	0.82643	0.01052	0.00491	0.00140	0.00210	0.00877	0.00386	0.00351
73	0.01111	0.85652	0.02177	0.00711	0.01066	0.01644	0.00711	0.01244	0.00844	0.00977	0.00577	0.00666	0.00533	0.00355	0.00267	0.00089	0.00444	0.00222	0.00178	0.00533
74	0.00784	0.00738	0.01246	0.84404	0.02861	0.00923	0.01154	0.01061	0.00831	0.01061	0.00738	0.01107	0.00554	0.00415	0.00415	0.00138	0.00554	0.00369	0.00185	0.00461
75	0.01864	0.00707	0.00964	0.00739	0.01060	0.00611	0.00611	0.02024	0.01189	0.83099	0.01639	0.01414	0.01028	0.00514	0.00418	0.00129	0.00353	0.00418	0.00514	0.00707
76	0.00506	0.00363	0.00481	0.00575	0.00602	0.00338	0.00384	0.00579	0.00798	0.01062	0.02329	0.83451	0.04402	0.01296	0.00529	0.00168	0.00240	0.01175	0.00386	0.00338
77	0.00498	0.00421	0.00430	0.00428	0.00565	0.00354	0.00321	0.00609	0.00963	0.01160	0.09683	0.03935	0.77144	0.01038	0.00491	0.00140	0.00209	0.00868	0.00391	0.00354
78	0.00595	0.00422	0.00541	0.00512	0.00611	0.00390	0.00384	0.00787	0.01151	0.01640	0.75399	0.03050	0.06561	0.00837	0.00479	0.00129	0.00196	0.00736	0.05189	0.00390
79	0.00613	0.00512	0.00527	0.00507	0.00662	0.00488	0.00385	0.00936	0.16841	0.01284	0.06917	0.03375	0.59864	0.00923	0.00469	0.00138	0.00232	0.00771	0.04143	0.00414
80	0.00861	0.00738	0.00861	0.00615	0.00984	0.00554	0.00492	0.01046	0.00861	0.01354	0.00738	0.00861	0.00615	0.00308	0.00308	0.00062	0.00308	0.00246	0.00246	0.87941
81	0.00599	0.00435	0.00600	0.00595	0.00675	0.00450	0.00455	0.00753	0.00896	0.01259	0.34230	0.02601	0.03859	0.07927	0.34204	0.01858	0.00599	0.07303	0.00335	0.00368
82	0.05600	0.01015	0.03773	0.01259	0.01576	0.04569	0.41341	0.12917	0.01091	0.01505	0.05084	0.11677	0.02111	0.00592	0.02350	0.00149	0.00559	0.00543	0.00279	0.02010

[dist]
# distance from previous block
# <min> <max>
0	7

[block]
# block no. 1 follows, 64 sequences, length 16
# corresponding to MSA columns:
# 637-652
name=unknown_B
#
# <colnr> <probs for GDERKNQSTAVLIFYWHMCP>
#	G	D	E	R	K	N	Q	S	T	A	V	L	I	F	Y	W	H	M	C	P
0	0.01068	0.26625	0.39004	0.00934	0.01386	0.01106	0.01059	0.06330	0.00971	0.11294	0.00962	0.03852	0.02789	0.00452	0.00368	0.00120	0.00499	0.00344	0.00245	0.00591
1	0.00491	0.00421	0.00421	0.00421	0.00561	0.00351	0.00316	0.00596	0.00947	0.01122	0.04208	0.03997	0.82643	0.01052	0.00491	0.00140	0.00210	0.00877	0.00386	0.00351
2	0.00861	0.00738	0.00861	0.00615	0.00984	0.00554	0.00492	0.01046	0.00861	0.01354	0.00738	0.00861	0.00615	0.00308	0.00308	0.00062	0.00308	0.00246	0.00246	0.87941
3	0.01072	0.73915	0.13572	0.00777	0.01169	0.01548	0.00827	0.01254	0.00849	0.01025	0.00601	0.00696	0.00532	0.00361	0.00285	0.00095	0.00468	0.00234	0.00177	0.00544
4	0.00833	0.02149	0.83250	0.01184	0.01798	0.00965	0.01535	0.01315	0.00877	0.01315	0.00745	0.00877	0.00526	0.00395	0.00395	0.00132	0.00614	0.00307	0.00175	0.00614
5	0.00755	0.00717	0.01307	0.01058	0.01231	0.00769	0.27250	0.00951	0.00769	0.01084	0.01020	0.05132	0.00950	0.06968	0.37723	0.00397	0.10769	0.00493	0.00223	0.00434
6	0.00826	0.00770	0.01295	0.54652	0.22920	0.00896	0.01116	0.01081	0.00842	0.01126	0.00789	0.01144	0.00632	0.00693	0.09355	0.00191	0.00598	0.00378	0.00194	0.00502
7	0.01864	0.00707	0.00964	0.00739	0.01060	0.00611	0.00611	0.02024	0.01189	0.83099	0.01639	0.01414	0.01028	0.00514	0.00418	0.00129	0.00353	0.00418	0.00514	0.00707
8	0.00506	0.00361	0.00482	0.00578	0.00602	0.00337	0.00386	0.00578	0.00795	0.01060	0.02289	0.85131	0.02747	0.01301	0.00530	0.00169	0.00241	0.01181	0.00386	0.00337
9	0.00867	0.10430	0.71598	0.01162	0.01741	0.01036	0.04975	0.01309	0.00878	0.01282	0.00733	0.00867	0.00531	0.00389	0.00386	0.00128	0.00601	0.00307	0.00177	0.00603
10	0.00567	0.00430	0.00537	0.00600	0.00693	0.00399	0.00477	0.00700	0.00913	0.01156	0.02918	0.24198	0.30293	0.01152	0.00534	0.00168	0.00288	0.33230	0.00384	0.00360
11	0.01262	0.00837	0.00946	0.00803	0.01056	0.00894	0.00642	0.19637	0.33416	0.19849	0.01734	0.05973	0.06287	0.00632	0.00436	0.00138	0.00353	0.04037	0.00435	0.00632
12	0.01481	0.01212	0.01233	0.05982	0.15379	0.23915	0.00856	0.18295	0.01265	0.22105	0.00994	0.01042	0.00718	0.00463	0.00434	0.00123	0.03207	0.00354	0.00328	0.00614
13	0.01415	0.01736	0.01488	0.01229	0.01499	0.60088	0.20253	0.05128	0.01164	0.01164	0.00706	0.00850	0.00566	0.00412	0.00404	0.00116	0.00724	0.00326	0.00222	0.00511
14	0.65930	0.00885	0.05891	0.00665	0.00961	0.00889	0.03824	0.01356	0.00803	0.14402	0.00764	0.00820	0.00552	0.00405	0.00300	0.00129	0.00360	0.00271	0.00290	0.00504
15	0.01198	0.01072	0.01077	0.00924	0.01181	0.11248	0.03968	0.14089	0.54668	0.03793	0.01421	0.01347	0.01061	0.00527	0.00418	0.00134	0.00416	0.00430	0.00390	0.00640

[dist]
# distance from previous block
# <min> <max>
4	15

[block]
# block no. 2 follows, 64 sequences, length 61
# corresponding to MSA columns:
# 671-731
name=unknown_C
#
# <colnr> <probs for GDERKNQSTAVLIFYWHMCP>
#	G	D	E	R	K	N	Q	S	T	A	V	L	I	F	Y	W	H	M	C	P
0	0.03316	0.16697	0.61794	0.01077	0.01611	0.06153	0.01316	0.01321	0.00885	0.01253	0.00705	0.00827	0.00526	0.00390	0.00367	0.00122	0.00585	0.00287	0.00180	0.00587
1	0.01071	0.00865	0.00981	0.00723	0.01075	0.00781	0.00587	0.24441	0.01175	0.01715	0.00810	0.00902	0.00640	0.00371	0.00359	0.00082	0.01967	0.00286	0.00294	0.60874
2	0.00998	0.00961	0.01553	0.15676	0.64224	0.03849	0.01205	0.01243	0.00933	0.01304	0.00789	0.01049	0.00651	0.00383	0.00406	0.00124	0.00502	0.00367	0.03172	0.00611
3	0.00506	0.00361	0.00482	0.00578	0.00602	0.00337	0.00386	0.00578	0.00795	0.01060	0.02289	0.85131	0.02747	0.01301	0.00530	0.00169	0.00241	0.01181	0.00386	0.00337
4	0.00861	0.00738	0.00861	0.00615	0.00984	0.00554	0.00492	0.01046	0.00861	0.01354	0.00738	0.00861	0.00615	0.00308	0.00308	0.00062	0.00308	0.00246	0.00246	0.87941
5	0.01106	0.00756	0.00905	0.00667	0.01018	0.00615	0.00540	0.06882	0.01005	0.17609	0.00965	0.01060	0.00741	0.00379	0.00343	0.00082	0.00329	0.01960	0.00314	0.62725
6	0.01086	0.01514	0.19875	0.01106	0.01310	0.26091	0.01019	0.01270	0.00854	0.01077	0.00620	0.00853	0.00538	0.00561	0.00845	0.00148	0.40224	0.00322	0.00190	0.00499
7	0.00586	0.00423	0.00551	0.00526	0.00620	0.00392	0.00393	0.00773	0.01146	0.01615	0.75889	0.05382	0.05190	0.02531	0.00525	0.00138	0.00205	0.02281	0.00449	0.00387
8	0.00694	0.00543	0.00628	0.00581	0.00723	0.00542	0.00443	0.04751	0.16002	0.01597	0.45891	0.04347	0.19987	0.00831	0.00475	0.00135	0.00236	0.00716	0.00433	0.00446
9	0.01527	0.01908	0.01167	0.01057	0.01274	0.77870	0.00795	0.03450	0.05146	0.01087	0.00701	0.00794	0.00575	0.00436	0.00378	0.00109	0.00722	0.00280	0.00229	0.00495
10	0.01269	0.00976	0.01423	0.15018	0.05642	0.03881	0.17619	0.17728	0.11472	0.17504	0.01103	0.01184	0.00788	0.00460	0.00448	0.00133	0.01992	0.00414	0.00333	0.00614
11	0.00581	0.00427	0.00497	0.00503	0.00608	0.00383	0.00364	0.00719	0.02748	0.04092	0.20718	0.22834	0.37954	0.04958	0.00571	0.00157	0.00231	0.00883	0.00400	0.00371
12	0.00911	0.12271	0.52549	0.01137	0.01630	0.01061	0.09820	0.05141	0.00939	0.01340	0.04736	0.00993	0.00714	0.00428	0.00441	0.00129	0.04627	0.00344	0.00205	0.00584
13	0.85265	0.00790	0.00604	0.00542	0.00795	0.00912	0.00445	0.01199	0.00715	0.01838	0.00705	0.00791	0.03323	0.00409	0.00265	0.00129	0.00317	0.00248	0.00262	0.00446
14	0.00767	0.00640	0.00902	0.00830	0.04920	0.00634	0.09771	0.06874	0.08961	0.02685	0.20123	0.06910	0.23328	0.00934	0.05489	0.00172	0.01241	0.03987	0.00368	0.00463
15	0.15618	0.00803	0.03744	0.00682	0.01002	0.00687	0.03362	0.05597	0.00908	0.03621	0.01051	0.04134	0.06499	0.00440	0.00364	0.00096	0.02381	0.00346	0.00274	0.48390
16	0.03952	0.00822	0.06575	0.00652	0.01019	0.00590	0.00562	0.01103	0.00883	0.05486	0.02790	0.01014	0.02739	0.00358	0.00326	0.00076	0.00327	0.00286	0.00263	0.70176
17	0.01323	0.07789	0.09294	0.01110	0.01393	0.52215	0.11103	0.03676	0.01089	0.01119	0.00714	0.00887	0.00592	0.02564	0.03257	0.00139	0.00704	0.00314	0.00214	0.00505
18	0.00957	0.01062	0.02167	0.05466	0.01994	0.01087	0.62023	0.01254	0.00907	0.01254	0.00779	0.01079	0.00610	0.00426	0.00656	0.00148	0.16933	0.00460	0.00203	0.00535
19	0.00589	0.00434	0.00577	0.00542	0.00643	0.00403	0.01532	0.00777	0.01132	0.01590	0.72119	0.04152	0.07573	0.02167	0.02602	0.00150	0.00233	0.01955	0.00439	0.00389
20	0.00502	0.00421	0.00436	0.00432	0.00568	0.00355	0.00324	0.00617	0.00972	0.01183	0.12942	0.03898	0.73871	0.01029	0.00491	0.00139	0.00209	0.00863	0.00394	0.00355
21	0.00949	0.00809	0.01216	0.07056	0.10824	0.00853	0.13776	0.03656	0.22890	0.06204	0.10429	0.03782	0.06278	0.00611	0.00492	0.00142	0.03770	0.05371	0.00340	0.00552
22	0.01083	0.00917	0.00967	0.00855	0.01099	0.01057	0.00670	0.09490	0.74696	0.01818	0.01627	0.01499	0.01216	0.00558	0.00422	0.00139	0.00341	0.00461	0.00422	0.00662
23	0.00817	0.00740	0.00886	0.00825	0.00916	0.05678	0.00660	0.01117	0.14454	0.01169	0.04182	0.03146	0.04724	0.05425	0.19110	0.00286	0.24192	0.10945	0.00284	0.00444
24	0.01101	0.81512	0.02132	0.00729	0.01067	0.01625	0.00720	0.01232	0.00834	0.00978	0.00576	0.00678	0.00534	0.00374	0.00320	0.00093	0.04558	0.00229	0.00178	0.00529
25	0.00906	0.00756	0.00885	0.00644	0.00998	0.00603	0.00516	0.03110	0.02768	0.03097	0.00781	0.00893	0.00640	0.00333	0.00342	0.00069	0.02441	0.00261	0.00258	0.79697
26	0.01015	0.01020	0.01441	0.07575	0.48649	0.10727	0.03063	0.01255	0.02999	0.01302	0.07826	0.02115	0.00971	0.00473	0.00488	0.00130	0.06535	0.01606	0.00235	0.00576
27	0.00519	0.00374	0.00495	0.00587	0.00623	0.00350	0.00407	0.00603	0.00816	0.01079	0.02365	0.74747	0.06173	0.01277	0.00532	0.00169	0.00252	0.07905	0.00385	0.00342
28	0.00913	0.12958	0.29778	0.00833	0.01179	0.00838	0.00880	0.01260	0.07739	0.10504	0.12445	0.09563	0.07169	0.00621	0.00417	0.00131	0.00413	0.01509	0.00310	0.00539
29	0.03691	0.12789	0.08958	0.00877	0.03162	0.00963	0.01977	0.19073	0.03277	0.36860	0.01226	0.03426	0.00865	0.00491	0.00394	0.00124	0.00417	0.00388	0.00389	0.00653
30	0.01452	0.01705	0.09173	0.01008	0.01258	0.57124	0.00827	0.01598	0.01103	0.12210	0.00831	0.02074	0.00667	0.03533	0.00484	0.00127	0.03741	0.00320	0.00254	0.00514
31	0.65219	0.00953	0.00781	0.00774	0.07117	0.10421	0.00563	0.04035	0.00827	0.03047	0.00650	0.00783	0.00519	0.02458	0.00335	0.00132	0.00391	0.00258	0.00258	0.00478
32	0.00522	0.00365	0.00481	0.00567	0.00598	0.00342	0.00381	0.00605	0.00815	0.01109	0.05705	0.77712	0.02720	0.01244	0.00517	0.00164	0.00237	0.01125	0.04448	0.00342
33	0.00951	0.00747	0.00878	0.00633	0.00997	0.00576	0.00508	0.03113	0.00912	0.07234	0.00809	0.00904	0.00647	0.00327	0.00318	0.00068	0.00315	0.00262	0.00269	0.79533
34	0.03178	0.01043	0.16374	0.00853	0.03914	0.03803	0.02764	0.06395	0.03002	0.03070	0.05733	0.09667	0.01035	0.00490	0.00379	0.00105	0.00396	0.00411	0.00277	0.37109
35	0.00593	0.00445	0.00668	0.00668	0.00742	0.00519	0.00519	0.00742	0.00668	0.00964	0.01113	0.01632	0.01038	0.03115	0.83756	0.00668	0.01113	0.00445	0.00223	0.00371
36	0.00861	0.00738	0.00861	0.00615	0.00984	0.00554	0.00492	0.01046	0.00861	0.01354	0.00738	0.00861	0.00615	0.00308	0.00308	0.00062	0.00308	0.00246	0.00246	0.87941
37	0.01050	0.04968	0.01057	0.02236	0.01089	0.04236	0.02627	0.01218	0.00891	0.12619	0.00827	0.00941	0.00655	0.00405	0.00476	0.00094	0.12036	0.00294	0.00268	0.52014
38	0.00508	0.00363	0.00484	0.00577	0.00603	0.00339	0.00386	0.00584	0.00805	0.01076	0.04372	0.83004	0.02778	0.01290	0.00529	0.00168	0.00240	0.01170	0.00387	0.00339
39	0.00861	0.00738	0.00861	0.00615	0.00984	0.00554	0.00492	0.01046	0.00861	0.01354	0.00738	0.00861	0.00615	0.00308	0.00308	0.00062	0.00308	0.00246	0.00246	0.87941
40	0.18213	0.00721	0.00819	0.00671	0.00930	0.00717	0.00544	0.10916	0.04880	0.35068	0.12402	0.01713	0.09488	0.00588	0.00404	0.00130	0.00323	0.00468	0.00428	0.00577
41	0.01181	0.01097	0.01075	0.00989	0.04873	0.20233	0.00740	0.05527	0.19300	0.09023	0.01090	0.01289	0.02103	0.08409	0.00795	0.00164	0.20878	0.00401	0.00298	0.00532
42	0.00586	0.00431	0.00603	0.00628	0.00686	0.00472	0.00464	0.00725	0.02676	0.00998	0.01480	0.22690	0.01570	0.11956	0.48799	0.00484	0.00770	0.03348	0.00277	0.00356
43	0.01111	0.85652	0.02177	0.00711	0.01066	0.01644	0.00711	0.01244	0.00844	0.00977	0.00577	0.00666	0.00533	0.00355	0.00267	0.00089	0.00444	0.00222	0.00178	0.00533
44	0.05415	0.02947	0.05151	0.00884	0.01213	0.01107	0.00756	0.50221	0.08531	0.15641	0.01202	0.01161	0.02836	0.00507	0.00407	0.00127	0.00424	0.00389	0.00408	0.00673
45	0.00811	0.00689	0.01114	0.61859	0.05573	0.00812	0.00988	0.01062	0.00897	0.05122	0.09955	0.01484	0.04780	0.00497	0.00424	0.00136	0.00477	0.00438	0.02415	0.00467
46	0.00956	0.00913	0.01555	0.26914	0.59014	0.00968	0.01239	0.01211	0.00912	0.01269	0.00769	0.01052	0.00627	0.00384	0.00412	0.00128	0.00511	0.00370	0.00199	0.00599
47	0.00504	0.00421	0.00439	0.00435	0.00569	0.00356	0.00326	0.00622	0.00978	0.01196	0.14922	0.03875	0.71882	0.01024	0.00491	0.00139	0.00208	0.00859	0.00395	0.00356
48	0.00868	0.02100	0.80457	0.01169	0.01773	0.00953	0.01503	0.01340	0.00888	0.04091	0.00776	0.00895	0.00543	0.00399	0.00395	0.00131	0.00605	0.00311	0.00187	0.00617
49	0.00833	0.02149	0.83250	0.01184	0.01798	0.00965	0.01535	0.01315	0.00877	0.01315	0.00745	0.00877	0.00526	0.00395	0.00395	0.00132	0.00614	0.00307	0.00175	0.00614
50	0.00661	0.00547	0.00565	0.00536	0.00704	0.00530	0.00409	0.01038	0.21492	0.03206	0.03510	0.03317	0.60118	0.00916	0.00472	0.00140	0.00244	0.00763	0.00398	0.00437
51	0.00784	0.00738	0.01246	0.84404	0.02861	0.00923	0.01154	0.01061	0.00831	0.01061	0.00738	0.01107	0.00554	0.00415	0.00415	0.00138	0.00554	0.00369	0.00185	0.00461
52	0.00784	0.00738	0.01246	0.84404	0.02861	0.00923	0.01154	0.01061	0.00831	0.01061	0.00738	0.01107	0.00554	0.00415	0.00415	0.00138	0.00554	0.00369	0.00185	0.00461
53	0.01033	0.00892	0.00939	0.00845	0.01080	0.01033	0.00657	0.02207	0.82061	0.01738	0.01691	0.01550	0.01268	0.00564	0.00423	0.00141	0.00329	0.00470	0.00423	0.00657
54	0.00521	0.00394	0.00481	0.00518	0.00594	0.00354	0.00366	0.00633	0.00931	0.01223	0.21979	0.41159	0.27102	0.01119	0.00509	0.00151	0.00221	0.00987	0.00403	0.00354
55	0.00553	0.00424	0.00584	0.00601	0.00681	0.00390	0.04148	0.00675	0.00912	0.01217	0.18324	0.47097	0.15937	0.01108	0.00512	0.00155	0.00254	0.04354	0.01709	0.00363
56	0.00688	0.00445	0.00566	0.00533	0.00652	0.00401	0.00400	0.00854	0.01104	0.09371	0.54554	0.10962	0.16102	0.00893	0.00487	0.00136	0.00218	0.00780	0.00444	0.00410
57	0.10585	0.00617	0.00747	0.00648	0.00843	0.00604	0.03302	0.06872	0.01861	0.21687	0.05789	0.14044	0.17997	0.00745	0.00450	0.00136	0.02284	0.01822	0.08475	0.00492
58	0.04099	0.27492	0.01487	0.00949	0.01216	0.50915	0.01951	0.05302	0.01095	0.01111	0.00640	0.00739	0.00541	0.00407	0.00341	0.00103	0.00628	0.00261	0.00214	0.00508
59	0.00566	0.00438	0.00545	0.00557	0.00637	0.00426	0.00408	0.00710	0.02637	0.01265	0.26848	0.29010	0.22169	0.03222	0.02513	0.00168	0.04373	0.02745	0.00391	0.00369
60	0.12966	0.46651	0.12807	0.00927	0.08693	0.01309	0.00830	0.03463	0.00882	0.04025	0.00673	0.00771	0.00557	0.00374	0.00307	0.00105	0.00447	0.00259	0.00211	0.03744

[dist]
# distance from previous block
# <min> <max>
0	1

[block]
# block no. 3 follows, 64 sequences, length 12
# corresponding to MSA columns:
# 734-745
name=unknown_D
#
# <colnr> <probs for GDERKNQSTAVLIFYWHMCP>
#	G	D	E	R	K	N	Q	S	T	A	V	L	I	F	Y	W	H	M	C	P
0	0.01349	0.08897	0.11002	0.01001	0.05444	0.04643	0.00852	0.35797	0.10132	0.11118	0.02273	0.02386	0.00833	0.00494	0.00417	0.00125	0.01854	0.00381	0.00354	0.00648
1	0.00680	0.00482	0.00590	0.00572	0.00677	0.00476	0.00421	0.00927	0.13053	0.03314	0.29448	0.13759	0.15971	0.01037	0.02381	0.14456	0.00274	0.00710	0.00382	0.00390
2	0.02841	0.00983	0.04143	0.10340	0.05547	0.01039	0.00794	0.22968	0.35662	0.01829	0.01211	0.01223	0.00906	0.00487	0.00405	0.00128	0.00405	0.00397	0.00355	0.08335
3	0.03373	0.02021	0.05002	0.00858	0.03037	0.03632	0.03790	0.11906	0.10697	0.17167	0.02865	0.10937	0.05306	0.00638	0.00470	0.00133	0.04202	0.04586	0.00364	0.09017
4	0.01007	0.30475	0.14755	0.01173	0.01570	0.01225	0.30249	0.05533	0.00958	0.01255	0.00908	0.01061	0.04795	0.00414	0.00419	0.00121	0.02937	0.00379	0.00213	0.00553
5	0.01018	0.18851	0.19942	0.01305	0.04664	0.05141	0.28783	0.01302	0.00903	0.03297	0.00739	0.00934	0.00584	0.00413	0.00514	0.00130	0.10359	0.00363	0.00200	0.00558
6	0.00514	0.00381	0.00470	0.00529	0.00589	0.00345	0.00365	0.00591	0.00845	0.01091	0.06346	0.54813	0.25562	0.01216	0.00562	0.03788	0.00235	0.01041	0.00380	0.00337
7	0.00551	0.00425	0.00513	0.00558	0.00659	0.00387	0.00436	0.00679	0.00931	0.01175	0.07661	0.20987	0.38526	0.01120	0.00523	0.00160	0.00265	0.23695	0.00389	0.00359
8	0.01025	0.47726	0.29475	0.00964	0.01405	0.04670	0.07119	0.01291	0.00879	0.01120	0.00657	0.00775	0.00538	0.00371	0.00331	0.00108	0.00533	0.00273	0.00181	0.00560
9	0.00691	0.00531	0.00670	0.00628	0.00642	0.00626	0.00444	0.00742	0.00649	0.00941	0.01160	0.06504	0.01267	0.47659	0.05932	0.00321	0.21949	0.00546	0.07772	0.00326
10	0.00671	0.00419	0.00480	0.00468	0.00485	0.00414	0.00271	0.00679	0.00635	0.05175	0.01326	0.02649	0.01485	0.80895	0.02024	0.00388	0.00400	0.00594	0.00266	0.00276
11	0.14316	0.00938	0.01178	0.01002	0.06722	0.00995	0.10207	0.34382	0.03763	0.07942	0.06750	0.01204	0.00951	0.00482	0.00396	0.00126	0.00418	0.00399	0.07230	0.00599

[dist]
# distance from previous block
# <min> <max>
3	4

[block]
# block no. 4 follows, 64 sequences, length 13
# corresponding to MSA columns:
# 753-765
name=unknown_E
#
# <colnr> <probs for GDERKNQSTAVLIFYWHMCP>
#	G	D	E	R	K	N	Q	S	T	A	V	L	I	F	Y	W	H	M	C	P
0	0.00872	0.10406	0.70174	0.01140	0.01710	0.01037	0.03552	0.01339	0.03670	0.01297	0.00764	0.00886	0.00555	0.00395	0.00385	0.00128	0.00589	0.00309	0.00185	0.00606
1	0.00578	0.00426	0.00541	0.00518	0.00622	0.00390	0.00392	0.00762	0.01137	0.01577	0.69018	0.03283	0.14445	0.00888	0.00493	0.00134	0.00205	0.03761	0.00445	0.00386
2	0.01090	0.01066	0.01630	0.02374	0.73392	0.06959	0.01220	0.04790	0.01006	0.01387	0.00781	0.01007	0.00651	0.00380	0.00409	0.00122	0.00510	0.00363	0.00215	0.00647
3	0.00594	0.00442	0.00653	0.00653	0.00722	0.00511	0.00500	0.00732	0.00663	0.00953	0.01126	0.01708	0.01071	0.08881	0.78036	0.00649	0.01063	0.00456	0.00225	0.00363
4	0.04764	0.00491	0.00621	0.00604	0.00738	0.00457	0.00457	0.01009	0.02303	0.19094	0.16528	0.32633	0.10688	0.00959	0.00484	0.00150	0.00270	0.06886	0.00421	0.00443
5	0.00797	0.00751	0.01269	0.80112	0.07053	0.00926	0.01160	0.01072	0.00837	0.01077	0.00741	0.01103	0.00559	0.00413	0.00415	0.00138	0.00551	0.00369	0.00186	0.00472
6	0.00662	0.00474	0.00562	0.00579	0.02231	0.00485	0.00375	0.00826	0.10557	0.01014	0.03922	0.08198	0.07584	0.46075	0.03290	0.07440	0.00376	0.04722	0.00297	0.00330
7	0.03950	0.00486	0.00551	0.00489	0.00650	0.00464	0.00383	0.01248	0.00959	0.22963	0.04024	0.01534	0.01127	0.00500	0.00329	0.00107	0.00240	0.00402	0.59120	0.00473
8	0.01052	0.06627	0.27641	0.01020	0.04811	0.04714	0.00975	0.16384	0.21014	0.01641	0.06116	0.04122	0.01035	0.00513	0.00408	0.00130	0.00466	0.00413	0.00309	0.00609
9	0.00827	0.00799	0.03239	0.57761	0.15217	0.00911	0.01100	0.01117	0.03194	0.01172	0.04444	0.01196	0.00755	0.00445	0.00450	0.00136	0.03665	0.00388	0.02687	0.00496
10	0.01090	0.44864	0.21828	0.00865	0.01273	0.04208	0.00910	0.09945	0.03940	0.01289	0.00717	0.00801	0.00582	0.00388	0.00326	0.00104	0.00485	0.00271	0.00217	0.05898
11	0.06581	0.05361	0.03968	0.06733	0.01263	0.23877	0.00755	0.24925	0.01280	0.05862	0.05787	0.01158	0.02550	0.00704	0.07244	0.00165	0.00569	0.00366	0.00305	0.00546
12	0.04340	0.60033	0.05309	0.03358	0.07869	0.01446	0.06437	0.01292	0.04490	0.01116	0.00674	0.00789	0.00580	0.00370	0.00310	0.00102	0.00466	0.00272	0.00196	0.00549

[dist]
# distance from previous block
# <min> <max>
0	3

[block]
# block no. 5 follows, 64 sequences, length 17
# corresponding to MSA columns:
# 769-785
name=unknown_F
#
# <colnr> <probs for GDERKNQSTAVLIFYWHMCP>
#	G	D	E	R	K	N	Q	S	T	A	V	L	I	F	Y	W	H	M	C	P
0	0.00963	0.00901	0.01247	0.27201	0.14607	0.03547	0.00976	0.05926	0.16415	0.01309	0.00904	0.01129	0.00725	0.00576	0.02591	0.00157	0.19650	0.00386	0.00248	0.00541
1	0.00669	0.00566	0.00750	0.00720	0.00789	0.03764	0.00562	0.00799	0.00695	0.00973	0.01198	0.01677	0.05617	0.06157	0.60488	0.00535	0.12972	0.00458	0.00227	0.00381
2	0.03061	0.00610	0.00804	0.00671	0.00912	0.00547	0.00546	0.01582	0.01083	0.53245	0.05231	0.05774	0.05466	0.00728	0.03236	0.00152	0.00348	0.07221	0.08197	0.00586
3	0.00541	0.00387	0.00523	0.00619	0.00658	0.00368	0.00447	0.00640	0.00830	0.01100	0.02270	0.67689	0.02670	0.01268	0.00540	0.00174	0.00272	0.18274	0.00385	0.00347
4	0.00566	0.00431	0.00495	0.00482	0.00608	0.00378	0.00367	0.00710	0.01038	0.03145	0.33329	0.03639	0.47651	0.00969	0.00493	0.00139	0.00216	0.04554	0.00415	0.00375
5	0.00833	0.02149	0.83250	0.01184	0.01798	0.00965	0.01535	0.01315	0.00877	0.01315	0.00745	0.00877	0.00526	0.00395	0.00395	0.00132	0.00614	0.00307	0.00175	0.00614
6	0.00595	0.00407	0.00496	0.00532	0.00553	0.00402	0.00350	0.00642	0.00703	0.00933	0.01663	0.20139	0.01916	0.53673	0.01524	0.00318	0.00366	0.14195	0.00302	0.00292
7	0.01231	0.00926	0.00961	0.00812	0.01055	0.04282	0.00652	0.33029	0.26150	0.04735	0.01346	0.01475	0.01040	0.00551	0.00404	0.00128	0.00377	0.04965	0.15272	0.00610
8	0.00892	0.19923	0.65993	0.01083	0.01642	0.01109	0.01359	0.01300	0.00870	0.01243	0.00710	0.00832	0.00528	0.00386	0.00367	0.00122	0.00578	0.00289	0.00176	0.00597
9	0.00976	0.01108	0.02383	0.01713	0.02109	0.01063	0.76697	0.01312	0.00961	0.01312	0.00823	0.01108	0.00625	0.00372	0.00540	0.00142	0.05509	0.00483	0.00208	0.00554
10	0.05970	0.01140	0.16433	0.01008	0.07431	0.02891	0.02744	0.16947	0.07339	0.14032	0.01058	0.02232	0.00802	0.00463	0.00392	0.00120	0.00439	0.02762	0.00322	0.15474
11	0.01486	0.02432	0.01228	0.00930	0.01245	0.01123	0.05597	0.57933	0.03524	0.11587	0.01114	0.02492	0.00805	0.00503	0.00412	0.00125	0.00436	0.00400	0.05961	0.00667
12	0.00535	0.00418	0.00485	0.00478	0.00591	0.00368	0.00355	0.00678	0.01037	0.01358	0.38808	0.09815	0.41626	0.00981	0.00493	0.00138	0.00206	0.00844	0.00417	0.00368
13	0.00547	0.00434	0.00485	0.00478	0.00600	0.00384	0.00356	0.02619	0.01022	0.01308	0.26380	0.11476	0.50424	0.01004	0.00493	0.00140	0.00215	0.00858	0.00407	0.00370
14	0.01212	0.01216	0.08913	0.01233	0.16805	0.17165	0.00891	0.08803	0.05971	0.10458	0.00900	0.01011	0.00696	0.00513	0.02420	0.00132	0.08506	0.00340	0.00275	0.12540
15	0.08022	0.00714	0.00939	0.00725	0.01042	0.00633	0.00599	0.01967	0.01155	0.77314	0.01563	0.01361	0.00987	0.00505	0.00406	0.00129	0.00351	0.00404	0.00496	0.00689
16	0.00515	0.00367	0.00487	0.00580	0.00606	0.00344	0.00391	0.00589	0.00794	0.01058	0.02254	0.79706	0.02694	0.04108	0.00585	0.00177	0.00251	0.03779	0.00381	0.00336

[dist]
# distance from previous block
# <min> <max>
0	1

[block]
# block no. 6 follows, 64 sequences, length 66
# corresponding to MSA columns:
# 787-837,841-855
name=unknown_G
#
# <colnr> <probs for GDERKNQSTAVLIFYWHMCP>
#	G	D	E	R	K	N	Q	S	T	A	V	L	I	F	Y	W	H	M	C	P
0	0.00915	0.00891	0.01599	0.05677	0.46824	0.00887	0.17130	0.01152	0.00919	0.01283	0.01058	0.14333	0.01016	0.00539	0.00466	0.00137	0.01904	0.02462	0.00238	0.00569
1	0.00581	0.00422	0.00584	0.00695	0.02729	0.00409	0.00513	0.00703	0.00859	0.01139	0.03279	0.51201	0.02546	0.01256	0.02358	0.00186	0.00317	0.29483	0.00377	0.00363
2	0.01407	0.03721	0.01409	0.01164	0.01403	0.59324	0.13351	0.05035	0.01133	0.01133	0.00680	0.00827	0.00558	0.00439	0.00463	0.00118	0.06799	0.00313	0.00219	0.00503
3	0.82987	0.03922	0.02724	0.00568	0.00838	0.00959	0.00486	0.01224	0.00716	0.01818	0.00582	0.00679	0.00455	0.00385	0.00261	0.00127	0.00333	0.00227	0.00252	0.00457
4	0.01111	0.02866	0.04561	0.01440	0.22746	0.01051	0.11564	0.14237	0.23184	0.04324	0.02132	0.02781	0.00907	0.00487	0.00472	0.00134	0.04630	0.00429	0.00312	0.00630
5	0.00902	0.06921	0.33392	0.00986	0.02545	0.02080	0.04152	0.05293	0.11849	0.03392	0.05681	0.05255	0.01148	0.00715	0.05266	0.00167	0.00518	0.07950	0.00279	0.01508
6	0.00543	0.00388	0.00483	0.00527	0.00565	0.00370	0.00348	0.00613	0.00784	0.01043	0.09110	0.42971	0.10347	0.24751	0.04997	0.00252	0.00321	0.00917	0.00347	0.00321
7	0.04542	0.06116	0.08763	0.01395	0.26684	0.11388	0.02905	0.02198	0.00985	0.13996	0.01981	0.09594	0.01002	0.00547	0.00432	0.00131	0.02005	0.04483	0.00284	0.00569
8	0.63702	0.14345	0.07342	0.00644	0.00945	0.03456	0.00592	0.02637	0.00777	0.01669	0.00600	0.00697	0.00476	0.00385	0.00275	0.00122	0.00378	0.00235	0.00240	0.00481
9	0.10259	0.00976	0.05497	0.20486	0.27356	0.00986	0.14723	0.05075	0.00937	0.01390	0.03500	0.01079	0.00707	0.00420	0.00460	0.00134	0.04851	0.00384	0.00223	0.00555
10	0.00909	0.00726	0.00884	0.00815	0.06406	0.01649	0.00597	0.05293	0.13084	0.05767	0.06788	0.01641	0.08063	0.00866	0.10907	0.00181	0.03627	0.02817	0.00317	0.28662
11	0.00515	0.00405	0.00467	0.00496	0.00593	0.00357	0.00360	0.00625	0.00930	0.01178	0.13806	0.29347	0.44346	0.01107	0.00506	0.00150	0.00224	0.03840	0.00395	0.00353
12	0.01121	0.01206	0.06106	0.03786	0.39326	0.14138	0.08986	0.08897	0.02268	0.01395	0.00846	0.01143	0.00709	0.00445	0.00464	0.00129	0.04422	0.03783	0.00235	0.00597
13	0.00545	0.00415	0.00499	0.00503	0.00602	0.00373	0.00371	0.00687	0.01019	0.01354	0.38955	0.15918	0.30728	0.02842	0.00535	0.00148	0.00219	0.03507	0.00415	0.00366
14	0.05209	0.00677	0.00924	0.00824	0.00938	0.02017	0.05485	0.03396	0.08261	0.01177	0.02106	0.02557	0.02520	0.03975	0.39907	0.00402	0.17326	0.00443	0.01417	0.00437
15	0.00909	0.00909	0.01272	0.01091	0.01091	0.01272	0.00909	0.01000	0.00636	0.01000	0.00545	0.00909	0.00545	0.00727	0.01363	0.00182	0.84642	0.00364	0.00182	0.00454
16	0.01668	0.01020	0.01158	0.00888	0.01217	0.01076	0.00733	0.56546	0.01714	0.27836	0.01198	0.01128	0.00807	0.00503	0.00416	0.00126	0.00425	0.00388	0.00446	0.00707
17	0.00994	0.00864	0.00903	0.00824	0.01043	0.02765	0.00644	0.02026	0.70694	0.01673	0.04255	0.01837	0.03508	0.00618	0.00435	0.00143	0.00334	0.05402	0.00416	0.00621
18	0.00928	0.06235	0.02156	0.01511	0.01878	0.00994	0.64387	0.01236	0.00968	0.01308	0.06716	0.02666	0.02192	0.00536	0.04205	0.00160	0.00652	0.00507	0.00232	0.00531
19	0.03253	0.00842	0.00979	0.00754	0.01075	0.05268	0.00615	0.12621	0.01216	0.49260	0.01301	0.01204	0.00869	0.00465	0.00389	0.00114	0.00377	0.00367	0.01855	0.17176
20	0.00491	0.00421	0.00421	0.00421	0.00561	0.00351	0.00316	0.00596	0.00947	0.01122	0.04208	0.03997	0.82643	0.01052	0.00491	0.00140	0.00210	0.00877	0.00386	0.00351
21	0.01116	0.05467	0.05008	0.00735	0.00982	0.02731	0.01767	0.11113	0.13813	0.18954	0.09256	0.04061	0.13674	0.00658	0.00429	0.00132	0.00348	0.03996	0.05206	0.00554
22	0.01028	0.00987	0.01686	0.02550	0.82811	0.00987	0.01275	0.01275	0.00946	0.01357	0.00781	0.01028	0.00658	0.00370	0.00411	0.00123	0.00493	0.00370	0.00206	0.00658
23	0.00861	0.00738	0.00861	0.00615	0.00984	0.00554	0.00492	0.01046	0.00861	0.01354	0.00738	0.00861	0.00615	0.00308	0.00308	0.00062	0.00308	0.00246	0.00246	0.87941
24	0.00897	0.01586	0.41048	0.01438	0.01937	0.00985	0.39735	0.01304	0.00930	0.01320	0.00852	0.01154	0.00654	0.00405	0.00448	0.00138	0.00646	0.03745	0.00201	0.00578
25	0.01696	0.00744	0.00959	0.00760	0.01064	0.00696	0.00620	0.02061	0.17503	0.66686	0.01649	0.01441	0.01077	0.00524	0.00419	0.00131	0.00348	0.00428	0.00496	0.00697
26	0.01028	0.00987	0.01686	0.02550	0.82811	0.00987	0.01275	0.01275	0.00946	0.01357	0.00781	0.01028	0.00658	0.00370	0.00411	0.00123	0.00493	0.00370	0.00206	0.00658
27	0.01565	0.01157	0.01239	0.00953	0.01283	0.01282	0.00786	0.79455	0.03946	0.02596	0.01015	0.01011	0.00720	0.00500	0.00416	0.00125	0.00454	0.00376	0.00416	0.00705
28	0.01552	0.01980	0.01177	0.01070	0.01284	0.83735	0.00803	0.01659	0.01177	0.01017	0.00642	0.00749	0.00535	0.00428	0.00375	0.00107	0.00749	0.00268	0.00214	0.00482
29	0.00833	0.02149	0.83250	0.01184	0.01798	0.00965	0.01535	0.01315	0.00877	0.01315	0.00745	0.00877	0.00526	0.00395	0.00395	0.00132	0.00614	0.00307	0.00175	0.00614
30	0.01814	0.00696	0.00944	0.00727	0.01042	0.00601	0.00600	0.01972	0.01180	0.80111	0.01732	0.01508	0.04003	0.00534	0.00420	0.00129	0.00348	0.00434	0.00509	0.00694
31	0.01864	0.00707	0.00964	0.00739	0.01060	0.00611	0.00611	0.02024	0.01189	0.83099	0.01639	0.01414	0.01028	0.00514	0.00418	0.00129	0.00353	0.00418	0.00514	0.00707
