[name]
unknown

[dist]
# distance from previous block
# <min> <max>
0	58

[block]
# block no. 0 follows, 56 sequences, length 7
# corresponding to MSA columns:
# 59-65
name=unknown_A
#
# <colnr> <probs for GDERKNQSTAVLIFYWHMCP>
#	G	D	E	R	K	N	Q	S	T	A	V	L	I	F	Y	W	H	M	C	P
0	0.05101	0.00914	0.04432	0.00913	0.01170	0.00905	0.02564	0.13250	0.07436	0.14833	0.06171	0.03766	0.03149	0.00726	0.00612	0.00155	0.10966	0.12929	0.00396	0.09612
1	0.02653	0.03865	0.20585	0.01078	0.03598	0.08818	0.03545	0.16020	0.10261	0.01698	0.03798	0.01361	0.00982	0.04153	0.09538	0.00218	0.02414	0.00426	0.04378	0.00613
2	0.00578	0.00435	0.00535	0.00576	0.00659	0.00392	0.00407	0.00703	0.01032	0.01362	0.23150	0.41440	0.24591	0.01235	0.00563	0.00167	0.00244	0.01092	0.00447	0.00392
3	0.00706	0.00552	0.00657	0.00668	0.00753	0.03188	0.00484	0.03168	0.03623	0.01255	0.09926	0.24459	0.09450	0.14039	0.22631	0.00361	0.00575	0.02738	0.00360	0.00407
4	0.00860	0.00492	0.00646	0.03413	0.00808	0.00462	0.00471	0.00965	0.00951	0.15004	0.05461	0.46293	0.04523	0.12886	0.00795	0.00208	0.00320	0.00973	0.04031	0.00440
5	0.68820	0.00832	0.00730	0.06695	0.01045	0.00952	0.00554	0.01307	0.00839	0.04832	0.04283	0.05751	0.00843	0.00515	0.00332	0.00146	0.00364	0.00355	0.00306	0.00499
6	0.00594	0.00454	0.00548	0.00572	0.00676	0.00408	0.00423	0.00738	0.01080	0.01414	0.26902	0.24661	0.31820	0.01174	0.00560	0.00164	0.00251	0.06710	0.00450	0.00400

[dist]
# distance from previous block
# <min> <max>
3	9

[block]
# block no. 1 follows, 56 sequences, length 15
# corresponding to MSA columns:
# 76-84,89-94
name=unknown_B
#
# <colnr> <probs for GDERKNQSTAVLIFYWHMCP>
#	G	D	E	R	K	N	Q	S	T	A	V	L	I	F	Y	W	H	M	C	P
0	0.00819	0.02797	0.03474	0.00704	0.00827	0.06135	0.00537	0.06251	0.02691	0.01272	0.05272	0.15886	0.08975	0.22502	0.15100	0.00330	0.00555	0.03563	0.01885	0.00424
1	0.01041	0.08274	0.30968	0.07694	0.05780	0.03850	0.10072	0.06157	0.08120	0.01501	0.01149	0.02983	0.02716	0.00549	0.00481	0.00149	0.02132	0.05491	0.00267	0.00627
2	0.00867	0.00756	0.01098	0.36031	0.08435	0.00840	0.00895	0.02613	0.09385	0.01346	0.06787	0.04925	0.06509	0.11164	0.00706	0.00184	0.00474	0.00544	0.00296	0.06144
3	0.00631	0.00512	0.00612	0.00603	0.00698	0.00515	0.00448	0.00749	0.00977	0.01279	0.14174	0.17390	0.37891	0.06861	0.03508	0.00202	0.09404	0.00897	0.02249	0.00398
4	0.01064	0.01044	0.05761	0.08557	0.40597	0.01002	0.02211	0.01508	0.14274	0.03003	0.04221	0.04023	0.01041	0.00509	0.00474	0.00139	0.01928	0.00461	0.00291	0.07893
5	0.00590	0.00439	0.00553	0.00610	0.00687	0.00402	0.00441	0.00716	0.01011	0.01331	0.17569	0.43821	0.20159	0.01269	0.00573	0.00174	0.00265	0.08556	0.00441	0.00392
6	0.02589	0.19756	0.22695	0.02342	0.06235	0.10635	0.04216	0.11620	0.01128	0.01484	0.00834	0.03341	0.00696	0.00514	0.00535	0.00138	0.10003	0.00370	0.00247	0.00622
7	0.06606	0.20411	0.04293	0.01140	0.04529	0.45568	0.02852	0.05897	0.01198	0.01301	0.00725	0.00847	0.00603	0.00456	0.00404	0.00120	0.01937	0.00302	0.00240	0.00571
8	0.00628	0.00478	0.00560	0.00544	0.00655	0.00442	0.00394	0.00807	0.03428	0.01467	0.37198	0.05714	0.29906	0.12855	0.02745	0.00206	0.00284	0.00850	0.00437	0.00402
9	0.02856	0.45816	0.01837	0.00894	0.01229	0.20847	0.00787	0.07743	0.03496	0.04203	0.03915	0.00957	0.00796	0.00459	0.00358	0.00111	0.00549	0.00310	0.00264	0.02573
10	0.00652	0.00462	0.00585	0.00641	0.00688	0.00452	0.00437	0.04512	0.00925	0.01240	0.06031	0.55238	0.02668	0.16976	0.02994	0.00246	0.00340	0.04134	0.00399	0.00381
11	0.02876	0.28663	0.17603	0.01276	0.14958	0.06720	0.01054	0.05700	0.05762	0.03206	0.00875	0.00997	0.00702	0.00447	0.00405	0.00124	0.02076	0.00335	0.03081	0.03139
12	0.04867	0.05074	0.04796	0.05597	0.08456	0.17339	0.04091	0.18048	0.15898	0.04343	0.01145	0.01293	0.00891	0.00529	0.00440	0.00139	0.00549	0.02687	0.03171	0.00648
13	0.01227	0.03344	0.01563	0.05693	0.42579	0.13791	0.01125	0.04257	0.13689	0.01529	0.00996	0.01161	0.00803	0.00456	0.00439	0.00132	0.00548	0.00396	0.00276	0.05996
14	0.00777	0.00599	0.00690	0.00635	0.00774	0.02903	0.00482	0.05168	0.07167	0.01842	0.60848	0.03093	0.08130	0.00878	0.00519	0.00143	0.00261	0.00762	0.03854	0.00473

[dist]
# distance from previous block
# <min> <max>
2	3

[block]
# block no. 2 follows, 56 sequences, length 6
# corresponding to MSA columns:
# 98-103
name=unknown_C
#
# <colnr> <probs for GDERKNQSTAVLIFYWHMCP>
#	G	D	E	R	K	N	Q	S	T	A	V	L	I	F	Y	W	H	M	C	P
0	0.00576	0.00412	0.00523	0.00604	0.00635	0.00386	0.00396	0.00645	0.00856	0.01130	0.02501	0.64703	0.08297	0.15007	0.00872	0.00227	0.00293	0.01176	0.00402	0.00358
1	0.01062	0.01015	0.01730	0.24739	0.59658	0.01071	0.01372	0.01344	0.01010	0.01410	0.00851	0.01160	0.00696	0.00423	0.00456	0.00141	0.00564	0.00409	0.00221	0.00668
2	0.01065	0.06509	0.12656	0.02877	0.01301	0.08888	0.07746	0.07096	0.06892	0.05114	0.05566	0.10391	0.04167	0.00838	0.05067	0.00178	0.00532	0.04276	0.08283	0.00559
3	0.01002	0.05148	0.36819	0.04358	0.06656	0.01016	0.09969	0.04096	0.01032	0.05019	0.03686	0.06320	0.03977	0.00568	0.00523	0.00149	0.05555	0.00478	0.03011	0.00617
4	0.01235	0.00679	0.00829	0.00717	0.00949	0.00647	0.00563	0.01621	0.16585	0.30745	0.17765	0.07438	0.16650	0.00813	0.00501	0.00150	0.00315	0.00689	0.00502	0.00605
5	0.03836	0.00983	0.07886	0.02988	0.04220	0.03023	0.00779	0.13597	0.07348	0.28302	0.07712	0.11004	0.04901	0.00696	0.00477	0.00148	0.00419	0.00581	0.00446	0.00655

[dist]
# distance from previous block
# <min> <max>
2	46

[block]
# block no. 3 follows, 56 sequences, length 18
# corresponding to MSA columns:
# 150-167
name=unknown_D
#
# <colnr> <probs for GDERKNQSTAVLIFYWHMCP>
#	G	D	E	R	K	N	Q	S	T	A	V	L	I	F	Y	W	H	M	C	P
0	0.04004	0.00660	0.03023	0.02501	0.05753	0.03117	0.00557	0.03453	0.02713	0.03072	0.12616	0.23303	0.11227	0.14611	0.00812	0.00205	0.00357	0.03310	0.04262	0.00444
1	0.05517	0.08615	0.13346	0.00998	0.02884	0.03566	0.05231	0.12979	0.06436	0.09715	0.01006	0.01075	0.00755	0.00449	0.00415	0.00119	0.01413	0.00355	0.00319	0.24806
2	0.01468	0.01047	0.01391	0.03044	0.27962	0.05003	0.00970	0.16684	0.01324	0.21760	0.03278	0.02803	0.00963	0.00521	0.00486	0.00136	0.03163	0.00435	0.00371	0.07191
3	0.01238	0.26574	0.12769	0.01053	0.03939	0.05257	0.04300	0.16028	0.05270	0.04278	0.02821	0.06217	0.02940	0.00567	0.00473	0.00134	0.04776	0.00436	0.00303	0.00628
4	0.01330	0.14779	0.16502	0.01117	0.06484	0.10632	0.00981	0.22766	0.03577	0.04838	0.02124	0.04323	0.00871	0.02043	0.00456	0.00135	0.00542	0.00402	0.01178	0.04920
5	0.00596	0.00431	0.00501	0.00545	0.00605	0.00398	0.00362	0.00673	0.00877	0.01147	0.02803	0.37112	0.24433	0.21966	0.00999	0.00238	0.00299	0.01008	0.04650	0.00356
6	0.01051	0.18090	0.53987	0.01163	0.01730	0.01171	0.03911	0.01487	0.02666	0.06321	0.03715	0.01072	0.00772	0.00456	0.00418	0.00136	0.00604	0.00356	0.00235	0.00658
7	0.00620	0.00425	0.00546	0.00612	0.00660	0.00395	0.00412	0.00706	0.00910	0.03484	0.08255	0.60966	0.08287	0.10507	0.00771	0.00209	0.00284	0.01152	0.00420	0.00379
8	0.00754	0.00576	0.00622	0.00587	0.00759	0.00545	0.00452	0.05781	0.08834	0.04001	0.11947	0.05755	0.49469	0.01016	0.00523	0.00153	0.00272	0.03582	0.03907	0.00464
9	0.00718	0.00558	0.00788	0.00758	0.00818	0.00671	0.00583	0.00852	0.00733	0.01077	0.01181	0.01853	0.01143	0.14373	0.55050	0.00588	0.13093	0.00501	0.04258	0.00406
10	0.04361	0.04664	0.00886	0.05878	0.02573	0.08926	0.00611	0.01229	0.00956	0.04325	0.01157	0.01383	0.00928	0.00591	0.01566	0.00137	0.13379	0.00395	0.45572	0.00484
11	0.87108	0.00888	0.00675	0.00604	0.00888	0.01030	0.00497	0.01350	0.00781	0.02060	0.00639	0.00746	0.00497	0.00426	0.00284	0.00142	0.00355	0.00249	0.00284	0.00497
12	0.00977	0.03451	0.02389	0.04689	0.09877	0.10055	0.02540	0.03363	0.03075	0.04518	0.09967	0.17129	0.06319	0.00855	0.01320	0.00158	0.01582	0.08505	0.08721	0.00510
13	0.00759	0.03526	0.00781	0.00664	0.00828	0.00560	0.04138	0.00909	0.01065	0.07080	0.16734	0.14692	0.36695	0.01021	0.00579	0.00156	0.04390	0.02480	0.00418	0.02528
14	0.00565	0.00407	0.00538	0.00640	0.00675	0.00379	0.00435	0.00652	0.00892	0.01182	0.02609	0.77587	0.06026	0.01421	0.00586	0.00186	0.00271	0.04148	0.00426	0.00375
15	0.01033	0.15602	0.35898	0.03769	0.15632	0.01178	0.04501	0.04027	0.04699	0.01438	0.00963	0.06101	0.00810	0.00503	0.00450	0.00140	0.01952	0.00417	0.00238	0.00649
16	0.01353	0.58516	0.05341	0.00885	0.01256	0.16323	0.00833	0.01543	0.03108	0.06064	0.00763	0.00839	0.00644	0.00426	0.00337	0.00108	0.00551	0.00279	0.00234	0.00598
17	0.07458	0.33328	0.27645	0.01066	0.02664	0.05451	0.06879	0.01423	0.00988	0.03011	0.03980	0.00990	0.00754	0.00438	0.00381	0.00125	0.00564	0.00331	0.00229	0.02296

[dist]
# distance from previous block
# <min> <max>
5	7

[block]
# block no. 4 follows, 56 sequences, length 6
# corresponding to MSA columns:
# 175-180
name=unknown_E
#
# <colnr> <probs for GDERKNQSTAVLIFYWHMCP>
#	G	D	E	R	K	N	Q	S	T	A	V	L	I	F	Y	W	H	M	C	P
0	0.52700	0.01004	0.00840	0.00735	0.01010	0.07829	0.00590	0.07466	0.10424	0.06133	0.06544	0.01127	0.00938	0.00507	0.00357	0.00142	0.00399	0.00349	0.00346	0.00559
1	0.00580	0.00441	0.00534	0.00564	0.00657	0.00395	0.00403	0.00711	0.01056	0.01388	0.25830	0.34277	0.29098	0.01203	0.00559	0.00164	0.00241	0.01057	0.00449	0.00395
2	0.01105	0.01077	0.04913	0.10241	0.49690	0.01059	0.05603	0.04885	0.07835	0.01576	0.01002	0.01232	0.00800	0.00447	0.00451	0.00139	0.00530	0.00424	0.06312	0.00679
3	0.01312	0.07263	0.01190	0.00863	0.01188	0.12945	0.00696	0.13054	0.05383	0.09725	0.01008	0.01127	0.00798	0.02905	0.02801	0.00135	0.03690	0.00349	0.00326	0.33244
4	0.54922	0.01398	0.10093	0.00836	0.01153	0.22200	0.00736	0.01488	0.00939	0.01746	0.00679	0.00793	0.00531	0.00440	0.00335	0.00136	0.00516	0.00271	0.00261	0.00527
5	0.11047	0.01075	0.11090	0.00878	0.01213	0.00941	0.00790	0.20940	0.07845	0.21282	0.16494	0.01652	0.01540	0.00607	0.00454	0.00143	0.00416	0.00486	0.00442	0.00665

[dist]
# distance from previous block
# <min> <max>
0	4

[block]
# block no. 5 follows, 56 sequences, length 10
# corresponding to MSA columns:
# 185-194
name=unknown_F
#
# <colnr> <probs for GDERKNQSTAVLIFYWHMCP>
#	G	D	E	R	K	N	Q	S	T	A	V	L	I	F	Y	W	H	M	C	P
0	0.00798	0.00628	0.00753	0.00775	0.00925	0.00653	0.00630	0.01276	0.22175	0.01524	0.08945	0.08815	0.14842	0.01063	0.00565	0.00181	0.00351	0.34165	0.00442	0.00496
1	0.00591	0.00464	0.00534	0.00523	0.00651	0.00407	0.00390	0.00750	0.01151	0.01503	0.38191	0.07522	0.43535	0.01076	0.00544	0.00152	0.00227	0.00923	0.00461	0.00407
2	0.00972	0.00956	0.01343	0.01161	0.01169	0.01328	0.00964	0.01078	0.00706	0.01101	0.00662	0.01080	0.00654	0.01052	0.09081	0.00251	0.75333	0.00410	0.00205	0.00494
3	0.08885	0.00518	0.00611	0.00574	0.00707	0.00499	0.00432	0.00996	0.01157	0.06646	0.48845	0.07699	0.05702	0.03162	0.00537	0.00151	0.00250	0.00730	0.11448	0.00450
4	0.00671	0.00503	0.00612	0.00649	0.00725	0.00504	0.00456	0.00920	0.11093	0.01302	0.10118	0.39866	0.08627	0.14438	0.03273	0.00235	0.00336	0.04849	0.00410	0.00414
5	0.01203	0.01209	0.10619	0.09191	0.28868	0.03584	0.14824	0.04745	0.01093	0.10786	0.01007	0.01264	0.00780	0.00567	0.03087	0.00165	0.04366	0.01707	0.00275	0.00661
6	0.01107	0.01054	0.01758	0.11363	0.67440	0.01086	0.01351	0.01450	0.06112	0.01491	0.00923	0.01183	0.00758	0.00428	0.00456	0.00139	0.00541	0.00416	0.00240	0.00704
7	0.01073	0.01053	0.04694	0.09667	0.38508	0.03602	0.04622	0.01447	0.09595	0.03498	0.01170	0.04149	0.03383	0.00579	0.02701	0.00153	0.00533	0.00459	0.00277	0.08837
8	0.01058	0.02869	0.19927	0.05260	0.18306	0.02988	0.01075	0.03765	0.02905	0.05861	0.04441	0.01273	0.02117	0.00666	0.05704	0.00167	0.03398	0.00397	0.00274	0.17549
9	0.01035	0.03434	0.09574	0.07792	0.15009	0.00835	0.07842	0.01317	0.03208	0.09666	0.07049	0.08595	0.02294	0.03261	0.02441	0.00158	0.00488	0.00520	0.00313	0.15168

[dist]
# distance from previous block
# <min> <max>
10	24

[block]
# block no. 6 follows, 56 sequences, length 12
# corresponding to MSA columns:
# 220-231
name=unknown_G
#
# <colnr> <probs for GDERKNQSTAVLIFYWHMCP>
#	G	D	E	R	K	N	Q	S	T	A	V	L	I	F	Y	W	H	M	C	P
0	0.03313	0.03191	0.04973	0.05690	0.10042	0.04957	0.26150	0.01385	0.07592	0.04432	0.07431	0.13153	0.01435	0.00651	0.00505	0.00154	0.00546	0.03507	0.00317	0.00577
1	0.01177	0.02811	0.13991	0.04177	0.06695	0.09195	0.21789	0.09321	0.04584	0.04081	0.01049	0.01393	0.00848	0.00604	0.02605	0.00165	0.07153	0.04861	0.02884	0.00617
2	0.00842	0.00507	0.00645	0.00643	0.00766	0.00465	0.00469	0.01016	0.04113	0.14415	0.17610	0.40663	0.13795	0.01131	0.00547	0.00166	0.00276	0.01000	0.00466	0.00467
3	0.01037	0.00826	0.01135	0.00936	0.01146	0.06503	0.14015	0.04195	0.02192	0.11549	0.25296	0.09913	0.09210	0.00789	0.00576	0.00151	0.05709	0.00691	0.03603	0.00527
4	0.07261	0.03733	0.09242	0.00996	0.06083	0.03575	0.00816	0.21995	0.04870	0.08154	0.11395	0.03406	0.03903	0.05128	0.00569	0.00163	0.00450	0.07259	0.00390	0.00610
5	0.01254	0.00729	0.01009	0.00943	0.05966	0.00696	0.04686	0.09540	0.03623	0.27159	0.06935	0.25640	0.05789	0.00875	0.00515	0.00158	0.00377	0.03048	0.00459	0.00598
6	0.00667	0.00441	0.00540	0.00551	0.00563	0.00448	0.00338	0.00675	0.00690	0.00930	0.01471	0.10897	0.01667	0.58687	0.11118	0.08539	0.00511	0.00687	0.00282	0.00295
7	0.01167	0.01028	0.01474	0.36184	0.15692	0.06408	0.05226	0.11966	0.01150	0.06401	0.00936	0.01209	0.00717	0.00631	0.04632	0.00177	0.03713	0.00416	0.00271	0.00602
8	0.04446	0.00977	0.01110	0.06027	0.01311	0.04300	0.03141	0.22647	0.22830	0.06971	0.06558	0.07665	0.01405	0.00840	0.05498	0.00187	0.00488	0.02543	0.00416	0.00639
9	0.00696	0.00485	0.00562	0.00570	0.00651	0.00468	0.00389	0.00868	0.06275	0.03275	0.12111	0.22589	0.16304	0.26174	0.01076	0.00246	0.00315	0.00865	0.05691	0.00392
10	0.11699	0.08834	0.01127	0.02349	0.04538	0.12472	0.00712	0.09140	0.12479	0.06922	0.07925	0.06365	0.05003	0.00654	0.00440	0.00140	0.00447	0.04582	0.00367	0.03806
11	0.03532	0.01341	0.15784	0.03299	0.05808	0.11819	0.03892	0.14705	0.02648	0.01643	0.02040	0.04918	0.03204	0.01659	0.00580	0.00147	0.09542	0.01550	0.08574	0.03316

[dist]
# distance from previous block
# <min> <max>
5	17

[block]
# block no. 7 follows, 56 sequences, length 37
# corresponding to MSA columns:
# 252-288
name=unknown_H
#
# <colnr> <probs for GDERKNQSTAVLIFYWHMCP>
#	G	D	E	R	K	N	Q	S	T	A	V	L	I	F	Y	W	H	M	C	P
0	0.06843	0.00782	0.00817	0.00756	0.00933	0.05395	0.00572	0.17589	0.04656	0.06144	0.09346	0.32799	0.09588	0.00971	0.00509	0.00159	0.00358	0.00831	0.00430	0.00521
1	0.01296	0.01199	0.05482	0.07637	0.20839	0.11364	0.02302	0.20346	0.03597	0.05308	0.01110	0.04631	0.00914	0.03818	0.02307	0.00162	0.00553	0.00450	0.06047	0.00638
2	0.00986	0.09432	0.03678	0.52256	0.12124	0.04239	0.04524	0.01264	0.00948	0.01218	0.00794	0.01132	0.00625	0.00460	0.00493	0.00146	0.04529	0.00391	0.00208	0.00554
3	0.00991	0.02411	0.09907	0.00880	0.04273	0.00714	0.03748	0.01257	0.03147	0.06257	0.07850	0.02801	0.01119	0.04297	0.00486	0.00116	0.00401	0.00397	0.00305	0.48643
4	0.01205	0.11225	0.48820	0.01186	0.01722	0.11890	0.01347	0.12478	0.01185	0.03598	0.00852	0.00959	0.00626	0.00456	0.00421	0.00135	0.00646	0.00337	0.00247	0.00666
5	0.00837	0.02120	0.03782	0.00636	0.00804	0.02885	0.00508	0.01044	0.03170	0.09717	0.39138	0.04886	0.19302	0.07215	0.00658	0.00170	0.00303	0.01906	0.00449	0.00469
6	0.00606	0.00453	0.00573	0.00640	0.00725	0.00419	0.00483	0.00739	0.00999	0.01294	0.09570	0.38085	0.22525	0.01286	0.00583	0.00181	0.00292	0.19721	0.00432	0.00394
7	0.01255	0.21969	0.18625	0.01524	0.18701	0.02313	0.13087	0.03568	0.01076	0.12271	0.00942	0.01071	0.00713	0.00434	0.00425	0.00132	0.00576	0.00380	0.00266	0.00672
8	0.01317	0.01745	0.16461	0.01696	0.26642	0.33090	0.01188	0.01658	0.07456	0.01373	0.00909	0.01115	0.00741	0.00475	0.00440	0.00134	0.00665	0.02013	0.00248	0.00634
9	0.00602	0.00471	0.00510	0.00501	0.00648	0.00402	0.00375	0.00736	0.01089	0.03496	0.17443	0.07710	0.62167	0.01121	0.00542	0.00154	0.00236	0.00947	0.00444	0.00405
10	0.00586	0.00468	0.00559	0.00619	0.03364	0.00416	0.00426	0.00713	0.01034	0.01320	0.15183	0.28101	0.42130	0.01189	0.00554	0.00163	0.00254	0.02089	0.00431	0.00402
11	0.01472	0.13390	0.10746	0.01015	0.04855	0.01073	0.00888	0.18805	0.05368	0.25060	0.01409	0.04234	0.01112	0.00613	0.00454	0.00143	0.00469	0.07800	0.00407	0.00688
12	0.01410	0.03038	0.15274	0.01157	0.04829	0.01027	0.09489	0.15541	0.06562	0.23731	0.01431	0.01464	0.05231	0.02042	0.00563	0.00153	0.05523	0.00465	0.00383	0.00688
13	0.01183	0.00893	0.00939	0.00828	0.01031	0.07846	0.00646	0.13346	0.18033	0.09838	0.05732	0.03809	0.03069	0.04564	0.15328	0.00262	0.02561	0.00513	0.08999	0.00581
14	0.00950	0.00816	0.00963	0.02839	0.01143	0.00623	0.00563	0.01156	0.00951	0.01487	0.00816	0.00959	0.00678	0.00343	0.00343	0.00070	0.00347	0.00276	0.00270	0.84405
15	0.40740	0.03525	0.20411	0.00861	0.01251	0.01048	0.00859	0.11407	0.01066	0.10283	0.00939	0.04138	0.00722	0.00498	0.00374	0.00143	0.00457	0.00355	0.00318	0.00605
16	0.00578	0.00416	0.00530	0.00606	0.00643	0.00394	0.00402	0.00653	0.00857	0.01131	0.02509	0.60539	0.09998	0.14076	0.04191	0.00246	0.00330	0.01143	0.00396	0.00361
17	0.06169	0.01192	0.07992	0.18135	0.04075	0.08210	0.05018	0.16717	0.01231	0.12286	0.01964	0.01185	0.00775	0.00633	0.03454	0.00170	0.09451	0.00406	0.00316	0.00621
18	0.01059	0.10470	0.37774	0.11567	0.08152	0.03536	0.07216	0.06033	0.04293	0.01466	0.00862	0.01045	0.00653	0.00457	0.00473	0.00143	0.03556	0.00371	0.00229	0.00645
19	0.01324	0.62774	0.05223	0.00894	0.01263	0.19601	0.00843	0.01480	0.01016	0.01104	0.00661	0.00766	0.00589	0.00412	0.00327	0.00104	0.00573	0.00260	0.00205	0.00580
20	0.01043	0.00777	0.03987	0.00774	0.01036	0.00670	0.04099	0.09169	0.03733	0.10568	0.01627	0.22937	0.03384	0.00735	0.00450	0.00131	0.00358	0.00638	0.11360	0.22524
21	0.13548	0.00586	0.00703	0.03797	0.00876	0.00576	0.00509	0.01107	0.01123	0.12876	0.37690	0.02756	0.10354	0.03219	0.00604	0.04271	0.00303	0.04191	0.00438	0.00474
22	0.01895	0.00763	0.01022	0.00804	0.01128	0.00677	0.00656	0.02119	0.04890	0.70564	0.04058	0.01758	0.01293	0.03822	0.00541	0.00156	0.00387	0.02178	0.00547	0.00742
23	0.00625	0.00513	0.00705	0.00675	0.00804	0.00467	0.06853	0.00767	0.00998	0.01288	0.09279	0.26588	0.35039	0.03249	0.03942	0.00196	0.00341	0.05025	0.02240	0.00407
24	0.01880	0.00957	0.01159	0.00896	0.01247	0.00946	0.00738	0.28820	0.04835	0.49280	0.01632	0.01473	0.02777	0.00578	0.00463	0.00141	0.00426	0.00459	0.00523	0.00770
25	0.00602	0.00457	0.00528	0.00562	0.00652	0.00418	0.00406	0.00704	0.00944	0.01189	0.05269	0.19395	0.36450	0.18379	0.00936	0.00229	0.00309	0.11804	0.00397	0.00368
26	0.00556	0.00429	0.00503	0.00561	0.00641	0.00382	0.00388	0.00649	0.00943	0.01191	0.03391	0.47275	0.35924	0.04163	0.00628	0.00182	0.00258	0.01141	0.00421	0.00376
27	0.01031	0.01051	0.01955	0.18216	0.13793	0.01119	0.33613	0.04290	0.01021	0.01401	0.00954	0.06097	0.00814	0.00531	0.00644	0.00159	0.11962	0.00517	0.00242	0.00588
28	0.01192	0.69250	0.12456	0.00936	0.04344	0.02944	0.00927	0.01393	0.00948	0.01145	0.00672	0.00783	0.00594	0.00400	0.00321	0.00106	0.00522	0.00264	0.00198	0.00605
29	0.01073	0.00864	0.01006	0.00761	0.01103	0.00774	0.00612	0.14717	0.02370	0.02968	0.11085	0.01317	0.01177	0.00481	0.00442	0.00098	0.04049	0.00380	0.00338	0.54384
30	0.02448	0.27034	0.28242	0.00969	0.04855	0.01105	0.00996	0.01219	0.01014	0.01368	0.11949	0.01784	0.14057	0.00605	0.00422	0.00132	0.00476	0.00478	0.00276	0.00570
31	0.00559	0.00400	0.00533	0.00639	0.00666	0.00373	0.00426	0.00639	0.00879	0.01172	0.02530	0.83566	0.03036	0.01438	0.00586	0.00186	0.00266	0.01305	0.00426	0.00373
32	0.00618	0.00446	0.00567	0.00637	0.00696	0.00423	0.00461	0.00722	0.00915	0.01196	0.04718	0.40026	0.12812	0.15405	0.00888	0.00231	0.00326	0.18139	0.00402	0.00371
33	0.03530	0.01029	0.01098	0.00902	0.01181	0.11579	0.03908	0.17241	0.07451	0.24957	0.13801	0.04174	0.05789	0.00660	0.00475	0.00142	0.00445	0.00541	0.00453	0.00644
34	0.01247	0.00995	0.01391	0.05578	0.01447	0.04448	0.11652	0.12147	0.04815	0.13454	0.01186	0.05109	0.00998	0.00870	0.06486	0.00206	0.22992	0.04051	0.00333	0.00595
35	0.00655	0.00466	0.00595	0.00664	0.00715	0.00458	0.00481	0.00786	0.03177	0.01175	0.02235	0.36065	0.04102	0.23546	0.01066	0.00261	0.00360	0.22431	0.00387	0.00372
36	0.21673	0.04292	0.03508	0.01024	0.01307	0.05298	0.10233	0.10377	0.18211	0.04366	0.01125	0.01211	0.02437	0.00550	0.00559	0.00151	0.11387	0.00410	0.01271	0.00611

[dist]
# distance from previous block
# <min> <max>
0	1

[block]
# block no. 8 follows, 56 sequences, length 7
# corresponding to MSA columns:
# 290-296
name=unknown_I
#
# <colnr> <probs for GDERKNQSTAVLIFYWHMCP>
#	G	D	E	R	K	N	Q	S	T	A	V	L	I	F	Y	W	H	M	C	P
0	0.01250	0.32877	0.09963	0.01038	0.01371	0.24473	0.06920	0.01453	0.01083	0.01246	0.09541	0.01135	0.01011	0.00499	0.00445	0.00123	0.04400	0.00364	0.00245	0.00563
1	0.00914	0.02235	0.00867	0.00730	0.03222	0.00635	0.00546	0.04897	0.05733	0.05128	0.16408	0.09724	0.11260	0.02229	0.00483	0.00125	0.00319	0.00597	0.00379	0.33568
2	0.03219	0.17906	0.33996	0.01238	0.07276	0.06711	0.04649	0.08023	0.02810	0.01526	0.05939	0.01118	0.00872	0.00480	0.00442	0.00135	0.02399	0.00373	0.00252	0.00638
3	0.01054	0.00875	0.00927	0.00835	0.01049	0.03526	0.00647	0.08648	0.44213	0.01837	0.16272	0.02187	0.06713	0.00783	0.00573	0.05686	0.00360	0.02762	0.00445	0.00609
4	0.00865	0.00555	0.00679	0.00632	0.00789	0.00519	0.00493	0.06007	0.01242	0.10388	0.35555	0.07285	0.19991	0.00959	0.00529	0.00153	0.00280	0.08159	0.04442	0.00479
5	0.01042	0.11464	0.05315	0.36908	0.11410	0.08571	0.05737	0.01390	0.07114	0.01286	0.01061	0.01296	0.04520	0.00487	0.00442	0.00141	0.00584	0.00418	0.00241	0.00572
6	0.05283	0.01167	0.06481	0.30481	0.22069	0.09948	0.04778	0.05034	0.03956	0.01432	0.00940	0.04696	0.00777	0.00494	0.00453	0.00145	0.00589	0.00433	0.00249	0.00597

[dist]
# distance from previous block
# <min> <max>
0	21

[block]
# block no. 9 follows, 56 sequences, length 17
# corresponding to MSA columns:
# 318-334
name=unknown_J
#
# <colnr> <probs for GDERKNQSTAVLIFYWHMCP>
#	G	D	E	R	K	N	Q	S	T	A	V	L	I	F	Y	W	H	M	C	P
0	0.11517	0.00519	0.00553	0.00560	0.00700	0.00490	0.00423	0.00820	0.01006	0.02995	0.11943	0.16470	0.39197	0.04153	0.00589	0.00172	0.00277	0.06789	0.00414	0.00411
1	0.04588	0.00704	0.00926	0.00772	0.01042	0.00639	0.00625	0.04209	0.01253	0.51895	0.10999	0.10858	0.01797	0.00755	0.00492	0.00152	0.00362	0.06752	0.00521	0.00659
2	0.00999	0.05749	0.36569	0.03671	0.12434	0.04174	0.08325	0.01466	0.08025	0.01482	0.07295	0.01296	0.01005	0.00584	0.03210	0.00161	0.00611	0.00421	0.00256	0.02266
3	0.01160	0.06048	0.07029	0.09654	0.09670	0.08738	0.00903	0.02265	0.05883	0.13851	0.02663	0.13560	0.01327	0.00810	0.03304	0.00174	0.05966	0.06078	0.00338	0.00579
4	0.00898	0.00843	0.01182	0.01043	0.01062	0.01140	0.00849	0.01005	0.00708	0.01079	0.00812	0.01345	0.00811	0.08017	0.19880	0.00342	0.57858	0.00443	0.00217	0.00463
5	0.00966	0.00821	0.00976	0.03929	0.01172	0.00656	0.00586	0.03983	0.00986	0.01517	0.00842	0.01001	0.00699	0.00471	0.03472	0.00099	0.00391	0.00291	0.00275	0.76866
6	0.00939	0.04008	0.06105	0.00698	0.00914	0.00648	0.02207	0.06135	0.03912	0.11710	0.17009	0.08582	0.24041	0.07477	0.00646	0.00171	0.00341	0.00731	0.03219	0.00507
7	0.00569	0.00420	0.00522	0.00592	0.00647	0.00385	0.00401	0.00659	0.00922	0.01207	0.07742	0.57565	0.17999	0.07246	0.00700	0.00196	0.00270	0.01165	0.00421	0.00373
8	0.00955	0.00692	0.00718	0.00626	0.00843	0.06314	0.00480	0.01119	0.01087	0.11520	0.11644	0.08093	0.24151	0.00783	0.00457	0.00128	0.00315	0.00652	0.11221	0.18201
9	0.01081	0.08994	0.40561	0.06591	0.10710	0.04485	0.07577	0.01458	0.01008	0.06541	0.00970	0.01128	0.02729	0.00470	0.00481	0.00143	0.03809	0.00384	0.00234	0.00647
10	0.01758	0.00733	0.00973	0.00769	0.01072	0.00652	0.00626	0.04941	0.01328	0.61432	0.14956	0.01863	0.01658	0.00628	0.00469	0.00141	0.00358	0.00520	0.04416	0.00707
11	0.01586	0.00776	0.00972	0.00798	0.01080	0.00737	0.00638	0.11607	0.07624	0.45718	0.05572	0.12140	0.07191	0.00739	0.00487	0.00149	0.00368	0.00619	0.00516	0.00682
12	0.01198	0.02860	0.07658	0.18719	0.03904	0.10132	0.09276	0.08774	0.01138	0.07843	0.00950	0.02742	0.00740	0.00466	0.00455	0.00127	0.02271	0.00393	0.00283	0.20071
13	0.01051	0.04768	0.06837	0.00926	0.01089	0.06866	0.00770	0.12868	0.05627	0.01394	0.01093	0.03929	0.01045	0.19795	0.10302	0.00289	0.20066	0.00487	0.00286	0.00511
14	0.00560	0.00452	0.00500	0.00535	0.00654	0.00393	0.00394	0.00673	0.01004	0.01231	0.03960	0.24833	0.55694	0.01241	0.00560	0.00167	0.00254	0.06083	0.00426	0.00386
15	0.01130	0.00606	0.00782	0.00705	0.00895	0.00570	0.00555	0.01410	0.07873	0.26112	0.29695	0.10279	0.04667	0.00867	0.00515	0.00154	0.00308	0.08432	0.03888	0.00557
16	0.02731	0.12921	0.03722	0.09381	0.12199	0.03192	0.05382	0.13741	0.03219	0.21095	0.01386	0.01423	0.06532	0.00533	0.00442	0.00137	0.00495	0.00442	0.00361	0.00667

[dist]
# distance from previous block
# <min> <max>
0	1

[block]
# block no. 10 follows, 56 sequences, length 8
# corresponding to MSA columns:
# 336-343
name=unknown_K
#
# <colnr> <probs for GDERKNQSTAVLIFYWHMCP>
#	G	D	E	R	K	N	Q	S	T	A	V	L	I	F	Y	W	H	M	C	P
0	0.01140	0.00852	0.06527	0.03469	0.01131	0.00808	0.00730	0.06156	0.11386	0.19437	0.07454	0.18444	0.08402	0.00844	0.00629	0.00162	0.10739	0.00689	0.00419	0.00583
1	0.00680	0.00485	0.00598	0.00592	0.00697	0.00454	0.00429	0.00884	0.04865	0.03941	0.39329	0.21487	0.15827	0.06819	0.00670	0.00177	0.00258	0.00922	0.00459	0.00426
2	0.01052	0.01133	0.04191	0.14410	0.11114	0.10859	0.05547	0.01240	0.00890	0.01195	0.00814	0.01273	0.00742	0.04290	0.03627	0.00199	0.34116	0.02552	0.00221	0.00532
3	0.06266	0.07250	0.33318	0.01424	0.16107	0.04142	0.01259	0.16873	0.01237	0.06567	0.00918	0.01028	0.00677	0.00460	0.00426	0.00138	0.00577	0.00361	0.00282	0.00692
4	0.01081	0.11320	0.38923	0.08992	0.06631	0.01125	0.05005	0.06834	0.01088	0.06160	0.05962	0.01190	0.00885	0.00485	0.00462	0.00141	0.02418	0.00394	0.00259	0.00646
5	0.02993	0.00985	0.05782	0.00983	0.03337	0.05217	0.05776	0.11429	0.10102	0.17973	0.03645	0.10822	0.04804	0.02834	0.00567	0.00161	0.03282	0.05270	0.03427	0.00611
6	0.01317	0.00956	0.01189	0.04314	0.11421	0.06012	0.02492	0.06406	0.15657	0.20884	0.04835	0.01730	0.08208	0.00756	0.04068	0.00175	0.08033	0.00508	0.00395	0.00644
7	0.01439	0.01243	0.01270	0.07547	0.04727	0.17555	0.03604	0.21105	0.16966	0.10317	0.01300	0.06956	0.01037	0.00599	0.00484	0.00144	0.02186	0.00481	0.00382	0.00657

[dist]
# distance from previous block
# <min> <max>
39	119

[block]
# block no. 11 follows, 56 sequences, length 9
# corresponding to MSA columns:
# 482-490
name=unknown_L
#
# <colnr> <probs for GDERKNQSTAVLIFYWHMCP>
#	G	D	E	R	K	N	Q	S	T	A	V	L	I	F	Y	W	H	M	C	P
0	0.01070	0.04340	0.01978	0.04321	0.01826	0.03028	0.42967	0.01353	0.01067	0.06497	0.10730	0.01621	0.05140	0.00562	0.00646	0.00156	0.11283	0.00552	0.00290	0.00573
1	0.00725	0.00559	0.00741	0.00707	0.00829	0.00520	0.04285	0.05769	0.00981	0.01337	0.06087	0.47478	0.05135	0.11286	0.00757	0.00196	0.00333	0.00971	0.00386	0.10918
2	0.03208	0.00812	0.01107	0.06663	0.01310	0.00753	0.04397	0.04673	0.03437	0.41399	0.01460	0.05410	0.01077	0.03855	0.00544	0.00146	0.02333	0.00470	0.00432	0.16513
3	0.01678	0.05453	0.01240	0.06709	0.01362	0.03864	0.03720	0.07714	0.02532	0.47261	0.05294	0.01461	0.01123	0.00555	0.00490	0.00139	0.03507	0.00446	0.00456	0.04996
4	0.01971	0.00832	0.01086	0.00842	0.01191	0.00762	0.00693	0.07740	0.07046	0.70037	0.01765	0.01541	0.01130	0.00571	0.00462	0.00143	0.00397	0.00462	0.00553	0.00777
5	0.00831	0.00838	0.00702	0.00722	0.00833	0.19488	0.00516	0.00937	0.01042	0.01217	0.07323	0.40947	0.20640	0.01118	0.00533	0.00161	0.00387	0.00962	0.00387	0.00417
6	0.01536	0.00972	0.01340	0.01053	0.01379	0.00979	0.12528	0.24141	0.09364	0.27722	0.03117	0.06157	0.01259	0.00642	0.00493	0.00151	0.00470	0.05541	0.00458	0.00699
7	0.03506	0.01136	0.03700	0.21742	0.01995	0.09783	0.21039	0.13022	0.01204	0.05972	0.02487	0.06056	0.02194	0.03470	0.00546	0.00158	0.00605	0.00505	0.00299	0.00581
8	0.01657	0.00805	0.01035	0.06020	0.01254	0.00776	0.00697	0.06252	0.13051	0.50737	0.05628	0.01827	0.06890	0.00628	0.00472	0.00146	0.00388	0.00517	0.00511	0.00712

[dist]
# distance from previous block
# <min> <max>
4	59

[block]
# block no. 12 follows, 56 sequences, length 20
# corresponding to MSA columns:
# 564-583
name=unknown_M
#
# <colnr> <probs for GDERKNQSTAVLIFYWHMCP>
#	G	D	E	R	K	N	Q	S	T	A	V	L	I	F	Y	W	H	M	C	P
0	0.10271	0.01081	0.02648	0.00952	0.01287	0.06725	0.05909	0.17874	0.14327	0.23412	0.01387	0.01358	0.02633	0.01437	0.00459	0.00141	0.00461	0.00430	0.00421	0.06788
1	0.08840	0.02742	0.03323	0.10598	0.01604	0.09248	0.05489	0.34275	0.05969	0.11794	0.01094	0.01147	0.00783	0.00513	0.00442	0.00140	0.00535	0.00401	0.00381	0.00682
2	0.24874	0.06461	0.01195	0.08229	0.01376	0.05761	0.00773	0.32074	0.05774	0.06022	0.01050	0.01103	0.02411	0.00512	0.00401	0.00138	0.00472	0.00370	0.00364	0.00642
3	0.29612	0.03422	0.13061	0.02169	0.01284	0.11697	0.00821	0.09922	0.06051	0.08334	0.00919	0.00983	0.00683	0.00462	0.00377	0.00132	0.00491	0.00325	0.00313	0.08941
4	0.02560	0.00694	0.00931	0.20499	0.01442	0.00701	0.00703	0.05726	0.02443	0.12338	0.20425	0.07779	0.09078	0.01970	0.00507	0.00145	0.00380	0.00616	0.00390	0.10674
5	0.00576	0.00490	0.00499	0.00499	0.00653	0.00428	0.00373	0.00754	0.05303	0.01274	0.04400	0.08030	0.72843	0.01147	0.00541	0.00157	0.00241	0.00961	0.00429	0.00405
6	0.01302	0.01066	0.01128	0.00967	0.01255	0.01217	0.00765	0.22889	0.59462	0.02179	0.01665	0.01551	0.01237	0.00604	0.00465	0.00151	0.00401	0.00491	0.00465	0.00741
7	0.01415	0.01099	0.01135	0.00919	0.01240	0.07032	0.00733	0.26640	0.24371	0.09967	0.02942	0.01359	0.01052	0.02040	0.00473	0.00135	0.00440	0.00428	0.00420	0.16160
8	0.01196	0.12400	0.43689	0.01189	0.01724	0.01217	0.06030	0.16221	0.04664	0.06003	0.00958	0.01045	0.00693	0.00465	0.00432	0.00139	0.00598	0.00368	0.00279	0.00690
9	0.00739	0.00650	0.05777	0.00853	0.00975	0.00591	0.00754	0.00940	0.00984	0.01310	0.02151	0.12892	0.02343	0.04712	0.04178	0.00236	0.04909	0.54193	0.00383	0.00431
10	0.00634	0.00434	0.00521	0.00549	0.00567	0.00423	0.00337	0.00678	0.00790	0.01063	0.09210	0.26910	0.02324	0.51666	0.01650	0.00340	0.00371	0.00872	0.00343	0.00321
11	0.02826	0.02922	0.01279	0.16212	0.01653	0.17527	0.05764	0.15203	0.07487	0.07575	0.01276	0.05621	0.01099	0.00686	0.01947	0.00160	0.00577	0.09252	0.00343	0.00589
12	0.01334	0.07195	0.19840	0.06374	0.01816	0.18901	0.16583	0.13272	0.03114	0.05874	0.00926	0.01061	0.00688	0.00462	0.00450	0.00138	0.00665	0.00390	0.00278	0.00640
13	0.01786	0.01002	0.11245	0.00929	0.01318	0.00759	0.04532	0.02067	0.04595	0.61559	0.04194	0.01539	0.01160	0.00557	0.00465	0.00144	0.00438	0.00464	0.00499	0.00747
14	0.00631	0.00466	0.00605	0.00691	0.00775	0.00440	0.00541	0.00772	0.00985	0.01269	0.02900	0.35797	0.17936	0.01315	0.00597	0.00191	0.00325	0.32944	0.00425	0.00396
15	0.01278	0.06309	0.04476	0.06303	0.01848	0.02807	0.33928	0.12951	0.04286	0.12197	0.01251	0.03242	0.02606	0.00529	0.00495	0.00149	0.00601	0.03772	0.00330	0.00641
16	0.01007	0.02740	0.09821	0.29302	0.02402	0.03822	0.30924	0.01409	0.05938	0.01362	0.00968	0.01342	0.00759	0.00477	0.00521	0.00154	0.03099	0.03132	0.00239	0.00581
17	0.01678	0.00707	0.00941	0.00765	0.01055	0.00623	0.00620	0.01877	0.03199	0.59626	0.08058	0.07157	0.07496	0.00720	0.00488	0.00149	0.00358	0.03260	0.00537	0.00686
18	0.00936	0.00659	0.00719	0.00691	0.00808	0.05625	0.00507	0.05611	0.01014	0.10404	0.03268	0.17372	0.12350	0.25410	0.01089	0.00249	0.02261	0.10204	0.00385	0.00438
19	0.07476	0.05027	0.06141	0.04467	0.01440	0.03183	0.09505	0.19675	0.06274	0.22262	0.02302	0.06294	0.02720	0.00584	0.00457	0.00144	0.00486	0.00490	0.00403	0.00670

[dist]
# distance from previous block
# <min> <max>
3	64

[block]
# block no. 13 follows, 56 sequences, length 45
# corresponding to MSA columns:
# 650-694
name=unknown_N
#
# <colnr> <probs for GDERKNQSTAVLIFYWHMCP>
#	G	D	E	R	K	N	Q	S	T	A	V	L	I	F	Y	W	H	M	C	P
0	0.02425	0.03851	0.16985	0.04130	0.01360	0.00856	0.08297	0.11707	0.01178	0.08118	0.09129	0.11591	0.06721	0.02873	0.00521	0.00152	0.00459	0.00592	0.04326	0.04729
1	0.05409	0.01091	0.06420	0.03410	0.01274	0.11900	0.03540	0.07308	0.06978	0.15347	0.01217	0.04813	0.00976	0.01051	0.14993	0.00238	0.00632	0.00438	0.00341	0.12625
2	0.08144	0.02016	0.01242	0.22813	0.01751	0.04982	0.08468	0.08990	0.04117	0.03535	0.02819	0.06227	0.04739	0.00601	0.00475	0.00143	0.02035	0.04816	0.00309	0.11779
3	0.06177	0.02107	0.02328	0.09440	0.01318	0.02153	0.02015	0.14197	0.15324	0.08453	0.04653	0.05321	0.09295	0.03045	0.00529	0.00152	0.01629	0.02798	0.00387	0.08680
4	0.03829	0.03981	0.06551	0.09072	0.01487	0.05139	0.05750	0.14464	0.07910	0.06550	0.03189	0.07210	0.03118	0.00657	0.00678	0.00157	0.17551	0.00496	0.00326	0.01885
5	0.03441	0.20361	0.02752	0.18443	0.01894	0.14336	0.18035	0.04302	0.01073	0.01336	0.03311	0.01082	0.00746	0.00448	0.00443	0.00130	0.02167	0.00383	0.00238	0.05079
6	0.00623	0.00438	0.00598	0.00648	0.00687	0.00452	0.00451	0.00704	0.00788	0.01076	0.01852	0.38942	0.02097	0.15994	0.26277	0.04820	0.00606	0.02253	0.00333	0.00360
7	0.03596	0.01072	0.05436	0.10589	0.01813	0.01035	0.24325	0.07715	0.13369	0.20307	0.01284	0.02671	0.00929	0.00520	0.00515	0.00152	0.03158	0.00485	0.00363	0.00666
8	0.01145	0.04579	0.13718	0.23317	0.01894	0.07384	0.04150	0.05316	0.09048	0.08887	0.03601	0.01399	0.00943	0.00524	0.00470	0.00141	0.02168	0.03291	0.00302	0.07724
9	0.01062	0.01308	0.11219	0.01763	0.02218	0.01112	0.63053	0.01443	0.01057	0.03034	0.00981	0.01343	0.00761	0.00512	0.02701	0.00172	0.02567	0.02839	0.00240	0.00615
10	0.00570	0.00415	0.00539	0.00634	0.00680	0.00385	0.00439	0.00663	0.00909	0.01193	0.02755	0.69613	0.11498	0.01397	0.00585	0.00185	0.00273	0.06463	0.00426	0.00378
11	0.01277	0.03759	0.03043	0.25761	0.05129	0.05194	0.22742	0.08552	0.03727	0.14665	0.01062	0.01245	0.00765	0.00467	0.00475	0.00146	0.00608	0.00446	0.00305	0.00631
12	0.01050	0.01093	0.02013	0.04462	0.01930	0.01121	0.46349	0.01615	0.20278	0.01525	0.01320	0.03181	0.04318	0.00534	0.00596	0.00159	0.06985	0.00555	0.00298	0.00617
13	0.00740	0.00528	0.00740	0.00845	0.00951	0.00528	0.00740	0.00951	0.01057	0.01374	0.02431	0.05179	0.02642	0.01268	0.00634	0.00211	0.00423	0.77912	0.00423	0.00423
14	0.01049	0.00971	0.04340	0.23929	0.01796	0.02797	0.04865	0.01251	0.00902	0.08747	0.05671	0.03269	0.00942	0.00668	0.00926	0.00172	0.36450	0.00459	0.00262	0.00536
15	0.01035	0.05151	0.62150	0.01339	0.01955	0.01079	0.12119	0.01509	0.01008	0.07112	0.00901	0.01039	0.00637	0.00437	0.00447	0.00145	0.00664	0.00372	0.00226	0.00674
16	0.00676	0.00490	0.00662	0.00757	0.00848	0.00476	0.00624	0.00845	0.01011	0.01310	0.02667	0.24850	0.10177	0.01301	0.00613	0.00200	0.00365	0.51298	0.00424	0.00407
17	0.87108	0.00888	0.00675	0.00604	0.00888	0.01030	0.00497	0.01350	0.00781	0.02060	0.00639	0.00746	0.00497	0.00426	0.00284	0.00142	0.00355	0.00249	0.00284	0.00497
18	0.00578	0.00408	0.00527	0.00615	0.00637	0.00386	0.00400	0.00644	0.00842	0.01122	0.02339	0.69364	0.02795	0.15970	0.00895	0.00232	0.00298	0.01193	0.00400	0.00356
19	0.00902	0.00841	0.01095	0.06333	0.01277	0.05949	0.10858	0.01346	0.19375	0.01443	0.05575	0.19523	0.10010	0.00862	0.00555	0.00162	0.03358	0.06632	0.00374	0.03531
20	0.01418	0.47629	0.01900	0.00951	0.01271	0.35481	0.00823	0.01554	0.01083	0.01098	0.00683	0.00801	0.00604	0.00502	0.02381	0.00123	0.00651	0.00273	0.00214	0.00561
21	0.01116	0.49965	0.11591	0.00990	0.04230	0.01532	0.00935	0.01364	0.04741	0.01184	0.00759	0.00930	0.00668	0.00653	0.05421	0.00162	0.12642	0.00314	0.00214	0.00588
22	0.01350	0.05212	0.11889	0.00914	0.01246	0.01983	0.02082	0.06503	0.21605	0.25842	0.07420	0.05568	0.02946	0.00703	0.02497	0.00161	0.00445	0.00524	0.00435	0.00676
23	0.00801	0.05760	0.07047	0.03406	0.01094	0.00690	0.07843	0.01082	0.06934	0.04392	0.16674	0.23923	0.15218	0.00939	0.00521	0.00158	0.00369	0.02266	0.00393	0.00492
24	0.01684	0.02138	0.01281	0.01165	0.01398	0.79631	0.00874	0.01805	0.01301	0.01145	0.03056	0.00904	0.00701	0.00487	0.00418	0.00119	0.00810	0.00311	0.00244	0.00529
25	0.00582	0.00439	0.00539	0.00577	0.00663	0.00396	0.00412	0.00712	0.01043	0.01374	0.24082	0.37937	0.25683	0.01222	0.00563	0.00167	0.00246	0.02522	0.00447	0.00394
26	0.01089	0.01185	0.01976	0.22370	0.02295	0.10923	0.39914	0.03321	0.01096	0.01398	0.05689	0.01357	0.00905	0.00476	0.00532	0.00151	0.03027	0.01478	0.00249	0.00568
27	0.01730	0.00711	0.00978	0.00787	0.01076	0.00643	0.00639	0.01901	0.01193	0.62479	0.03936	0.01699	0.01244	0.03439	0.15074	0.00257	0.00537	0.00483	0.00501	0.00691
28	0.00559	0.00400	0.00533	0.00639	0.00666	0.00373	0.00426	0.00639	0.00879	0.01172	0.02530	0.83566	0.03036	0.01438	0.00586	0.00186	0.00266	0.01305	0.00426	0.00373
29	0.01075	0.01150	0.06177	0.01400	0.04191	0.07095	0.33972	0.01468	0.09483	0.05194	0.02842	0.04308	0.08723	0.00625	0.00573	0.00157	0.05188	0.05482	0.00310	0.00587
30	0.00800	0.00497	0.00613	0.00607	0.00723	0.00454	0.00438	0.00941	0.02570	0.11977	0.15960	0.27965	0.20211	0.11304	0.00767	0.00198	0.00295	0.02800	0.00441	0.00437
31	0.01348	0.00858	0.00955	0.00819	0.01080	0.00922	0.00648	0.09467	0.39300	0.19761	0.01709	0.01621	0.01238	0.00586	0.00436	0.00141	0.00353	0.00478	0.17595	0.00685
32	0.13109	0.09424	0.02945	0.02573	0.01381	0.45163	0.02328	0.12671	0.01301	0.03971	0.00791	0.00888	0.00624	0.00471	0.00397	0.00125	0.00666	0.00314	0.00279	0.00580
33	0.80849	0.00878	0.00703	0.00626	0.00897	0.01020	0.00514	0.01344	0.00786	0.03656	0.00666	0.00785	0.00520	0.00466	0.00358	0.02047	0.02841	0.00261	0.00286	0.00497
34	0.01418	0.52153	0.01975	0.00941	0.01272	0.33123	0.00825	0.01554	0.01077	0.01097	0.00666	0.00772	0.00590	0.00424	0.00341	0.00106	0.00622	0.00265	0.00212	0.00567
35	0.00626	0.00461	0.00585	0.00569	0.00675	0.00421	0.00421	0.00815	0.01222	0.01690	0.62348	0.11850	0.14571	0.01021	0.00546	0.00150	0.00224	0.00898	0.00486	0.00421
36	0.01111	0.06615	0.24190	0.01412	0.01822	0.12691	0.26549	0.01467	0.03339	0.01350	0.00946	0.01153	0.03059	0.00500	0.00607	0.00150	0.11783	0.00426	0.00228	0.00602
37	0.02882	0.03250	0.02959	0.00914	0.01234	0.02688	0.04838	0.03360	0.03805	0.55712	0.04221	0.03702	0.01186	0.00601	0.00537	0.00147	0.06287	0.00482	0.00483	0.00711
38	0.02060	0.00781	0.01065	0.00817	0.01172	0.00675	0.00675	0.02237	0.01314	0.81320	0.01811	0.01563	0.01136	0.00568	0.00462	0.00142	0.00391	0.00462	0.00568	0.00781
39	0.00576	0.00466	0.00512	0.00501	0.00641	0.00402	0.00375	0.00724	0.01126	0.01430	0.28642	0.04107	0.56706	0.01092	0.00542	0.00152	0.00228	0.00925	0.00451	0.00402
40	0.01351	0.16298	0.29799	0.01159	0.01578	0.39697	0.01155	0.01621	0.01121	0.01233	0.00738	0.00862	0.00588	0.00446	0.00401	0.00124	0.00717	0.00302	0.00215	0.00594
41	0.00562	0.00402	0.00530	0.00631	0.00660	0.00375	0.00420	0.00641	0.00876	0.01164	0.02538	0.79464	0.04522	0.04038	0.00640	0.00194	0.00271	0.01278	0.00421	0.00370
42	0.00631	0.00457	0.00595	0.00585	0.00680	0.00421	0.00429	0.00820	0.01218	0.01705	0.64667	0.17351	0.06654	0.01033	0.00549	0.00152	0.00226	0.00917	0.00489	0.00421
43	0.00664	0.00456	0.00562	0.00602	0.00631	0.00454	0.00407	0.00726	0.00786	0.01043	0.01828	0.17142	0.02088	0.50479	0.03948	0.00361	0.00432	0.16731	0.00332	0.00328
44	0.08332	0.01251	0.01201	0.00977	0.01288	0.12809	0.00785	0.44340	0.05354	0.11245	0.01226	0.06969	0.00960	0.00598	0.00449	0.00140	0.00503	0.00457	0.00424	0.00691

[dist]
# distance from previous block
# <min> <max>
0	30

# created by:
# /st0/software/busco_prod/Augustus/scripts/msa2prfl.pl ./align_prep/89079.fa
