[name]
unknown

[dist]
# distance from previous block
# <min> <max>
0	105

[block]
# block no. 0 follows, 52 sequences, length 38
# corresponding to MSA columns:
# 109-146
name=unknown_A
#
# <colnr> <probs for GDERKNQSTAVLIFYWHMCP>
#	G	D	E	R	K	N	Q	S	T	A	V	L	I	F	Y	W	H	M	C	P
0	0.01159	0.21510	0.28876	0.01215	0.05206	0.11422	0.04552	0.03939	0.01134	0.01450	0.04734	0.01581	0.04281	0.00578	0.00454	0.00143	0.00618	0.06250	0.00267	0.00631
1	0.04223	0.05879	0.03502	0.00711	0.00933	0.00692	0.00581	0.04461	0.02891	0.07053	0.06346	0.11751	0.20162	0.09869	0.00726	0.00189	0.00373	0.08604	0.00401	0.10653
2	0.01199	0.01031	0.06252	0.03969	0.04831	0.05912	0.04402	0.08691	0.02327	0.11198	0.06770	0.07884	0.01371	0.09781	0.01999	0.00180	0.00493	0.00536	0.00363	0.20812
3	0.03932	0.02041	0.02578	0.00903	0.04826	0.01978	0.00692	0.08441	0.04659	0.17375	0.11507	0.06561	0.01503	0.00605	0.00452	0.00125	0.00392	0.00503	0.00413	0.30513
4	0.09004	0.04574	0.01000	0.04666	0.05911	0.04254	0.05443	0.02555	0.03087	0.01515	0.09335	0.09931	0.26716	0.02463	0.02031	0.00177	0.00415	0.04078	0.02345	0.00501
5	0.13460	0.01822	0.40082	0.04704	0.01762	0.08203	0.03816	0.01623	0.06813	0.05258	0.01039	0.01280	0.00798	0.00518	0.00449	0.00152	0.00618	0.03754	0.00277	0.03569
6	0.04865	0.01457	0.01461	0.07922	0.12504	0.21245	0.02550	0.29480	0.03918	0.02010	0.01029	0.01162	0.01604	0.00544	0.00513	0.00145	0.04186	0.00410	0.02311	0.00685
7	0.00968	0.00932	0.01056	0.21556	0.02281	0.12639	0.02290	0.04640	0.01070	0.01308	0.01859	0.14674	0.12463	0.07576	0.05603	0.00228	0.04037	0.04010	0.00322	0.00488
8	0.01723	0.15958	0.01570	0.01178	0.01455	0.67686	0.00918	0.01853	0.01308	0.01178	0.00736	0.00858	0.00624	0.00485	0.00416	0.00121	0.00814	0.00303	0.00243	0.00572
9	0.00842	0.00421	0.00631	0.00631	0.00631	0.00421	0.00421	0.00631	0.00631	0.00842	0.00842	0.01473	0.00842	0.01684	0.01894	0.85901	0.00421	0.00421	0.00210	0.00210
10	0.00664	0.00446	0.00589	0.00680	0.00732	0.00412	0.00466	0.00758	0.00961	0.04752	0.02737	0.73651	0.06615	0.01460	0.00612	0.00194	0.00289	0.03112	0.00456	0.00415
11	0.00600	0.00457	0.00553	0.00613	0.00699	0.00411	0.00434	0.00716	0.01036	0.01333	0.10367	0.45537	0.29985	0.01363	0.00600	0.00182	0.00270	0.03978	0.00457	0.00407
12	0.01017	0.00986	0.01372	0.01193	0.01217	0.01353	0.00986	0.01189	0.04271	0.01199	0.00785	0.01208	0.00752	0.01215	0.12252	0.00286	0.67517	0.00442	0.00231	0.00528
13	0.04859	0.00837	0.01075	0.22609	0.05506	0.04493	0.00856	0.04829	0.04848	0.13383	0.04659	0.12450	0.09047	0.02272	0.00552	0.00170	0.00471	0.06125	0.00387	0.00572
14	0.00951	0.00855	0.01420	0.26996	0.03455	0.01000	0.11446	0.01185	0.00933	0.03951	0.01199	0.05220	0.02732	0.04183	0.13839	0.00286	0.16140	0.03416	0.00267	0.00528
15	0.00740	0.00575	0.00823	0.00801	0.00861	0.00686	0.00612	0.00870	0.00766	0.01103	0.01280	0.04614	0.01269	0.13549	0.56434	0.02586	0.11189	0.00558	0.00263	0.00420
16	0.01035	0.00739	0.00858	0.00769	0.00973	0.00763	0.00594	0.06161	0.24952	0.09126	0.34630	0.05828	0.09829	0.00871	0.00537	0.00158	0.00314	0.00747	0.00514	0.00600
17	0.00913	0.00868	0.01481	0.75071	0.03199	0.01058	0.04831	0.01232	0.00982	0.01255	0.01020	0.01420	0.03644	0.00509	0.00492	0.00162	0.00639	0.00460	0.00226	0.00539
18	0.27548	0.04111	0.01406	0.11442	0.16282	0.01183	0.06132	0.02842	0.00943	0.01645	0.00859	0.04056	0.00746	0.00568	0.00640	0.00162	0.16228	0.00416	0.02206	0.00585
19	0.01046	0.17912	0.58584	0.01300	0.01917	0.01298	0.04963	0.01503	0.01009	0.01444	0.00827	0.00990	0.00622	0.00466	0.00486	0.00147	0.04242	0.00351	0.00207	0.00687
20	0.00867	0.00662	0.00809	0.00759	0.00825	0.02979	0.00554	0.00975	0.02267	0.05437	0.01672	0.06135	0.08018	0.32859	0.19032	0.00423	0.14344	0.00649	0.00312	0.00423
21	0.02680	0.14030	0.17593	0.01412	0.15926	0.03931	0.04526	0.06110	0.05842	0.11982	0.08402	0.01497	0.01203	0.00553	0.00464	0.00145	0.00543	0.02131	0.00338	0.00693
22	0.01045	0.03519	0.01197	0.07592	0.04229	0.00848	0.09640	0.09735	0.06889	0.07831	0.03586	0.14798	0.17520	0.04073	0.03358	0.00197	0.00475	0.02500	0.00399	0.00569
23	0.01015	0.00521	0.00541	0.00509	0.00650	0.00525	0.00390	0.05694	0.01107	0.05410	0.01571	0.01762	0.01216	0.00567	0.00354	0.00116	0.00252	0.00452	0.76858	0.00490
24	0.01163	0.01082	0.01653	0.09279	0.48381	0.06576	0.04200	0.01414	0.01106	0.04974	0.02643	0.12099	0.01181	0.00613	0.00503	0.00153	0.00558	0.01458	0.00290	0.00672
25	0.00972	0.09521	0.15636	0.08056	0.09131	0.02413	0.04243	0.04701	0.06739	0.01494	0.03490	0.16978	0.09087	0.00835	0.01640	0.00169	0.00511	0.03463	0.00332	0.00590
26	0.00609	0.00444	0.00577	0.00671	0.00725	0.00412	0.00470	0.00715	0.00980	0.01288	0.05543	0.64234	0.11877	0.01451	0.00616	0.00194	0.00290	0.08049	0.00452	0.00402
27	0.00821	0.00554	0.00605	0.00563	0.00756	0.00476	0.00432	0.02714	0.01173	0.11972	0.06488	0.06192	0.63239	0.01129	0.00560	0.00162	0.00275	0.00942	0.00473	0.00475
28	0.01150	0.33147	0.30807	0.06651	0.08259	0.03051	0.05143	0.02547	0.01037	0.01376	0.00800	0.00975	0.00641	0.00449	0.00433	0.00135	0.02175	0.00343	0.00216	0.00664
29	0.02850	0.07176	0.22030	0.16817	0.08955	0.04359	0.18464	0.04329	0.02584	0.03572	0.00948	0.01192	0.00719	0.00569	0.03229	0.00173	0.00698	0.00431	0.00251	0.00655
30	0.00983	0.11424	0.47495	0.01273	0.01804	0.02705	0.10279	0.01392	0.01024	0.01434	0.01158	0.14638	0.01061	0.00626	0.00482	0.00155	0.00635	0.00540	0.00251	0.00641
31	0.00704	0.00592	0.00942	0.00879	0.00990	0.00569	0.12346	0.00842	0.00967	0.01288	0.04457	0.51101	0.09050	0.07728	0.00786	0.00210	0.03071	0.02641	0.00400	0.00434
32	0.04910	0.06704	0.11295	0.07696	0.16964	0.06577	0.03243	0.02848	0.07324	0.08170	0.02425	0.02901	0.07133	0.01407	0.03572	0.00179	0.02164	0.03528	0.00322	0.00640
33	0.01157	0.03566	0.07222	0.26147	0.20005	0.09235	0.08042	0.04150	0.04088	0.03207	0.02925	0.01428	0.04286	0.00521	0.00484	0.00150	0.00617	0.00464	0.01673	0.00634
34	0.01544	0.01207	0.01238	0.01015	0.01302	0.09028	0.00813	0.34912	0.13934	0.07405	0.01253	0.01313	0.00941	0.00663	0.00637	0.05338	0.06771	0.00438	0.05715	0.04535
35	0.07921	0.08870	0.04049	0.02605	0.11511	0.20044	0.04071	0.01479	0.04561	0.03445	0.01102	0.09594	0.01021	0.00939	0.08695	0.00215	0.08521	0.00490	0.00284	0.00582
36	0.39696	0.14717	0.05688	0.00894	0.01227	0.23942	0.00770	0.02482	0.01045	0.02505	0.00730	0.00843	0.00589	0.00460	0.00355	0.00133	0.00561	0.00286	0.00270	0.02806
37	0.01154	0.01019	0.01454	0.13615	0.27427	0.04715	0.01099	0.01421	0.03778	0.06240	0.01084	0.04351	0.00936	0.00602	0.00674	0.00156	0.15266	0.02652	0.04233	0.08123

[dist]
# distance from previous block
# <min> <max>
0	1

[block]
# block no. 1 follows, 52 sequences, length 65
# corresponding to MSA columns:
# 151-167,181-228
name=unknown_B
#
# <colnr> <probs for GDERKNQSTAVLIFYWHMCP>
#	G	D	E	R	K	N	Q	S	T	A	V	L	I	F	Y	W	H	M	C	P
0	0.00961	0.04101	0.61508	0.10460	0.02152	0.01101	0.04526	0.01456	0.01026	0.01482	0.01052	0.01322	0.03174	0.00514	0.00474	0.00156	0.00683	0.02955	0.00223	0.00673
1	0.00720	0.00548	0.00787	0.00772	0.00839	0.00644	0.00587	0.00860	0.00764	0.01098	0.01289	0.02050	0.01261	0.16247	0.62900	0.00690	0.06722	0.00543	0.00262	0.00417
2	0.01768	0.00823	0.04369	0.00845	0.01172	0.00669	0.00706	0.01955	0.01268	0.58053	0.01958	0.15758	0.01525	0.00753	0.00505	0.00156	0.00400	0.01813	0.00539	0.04964
3	0.01100	0.01120	0.01050	0.00967	0.01100	0.22419	0.01665	0.04155	0.03233	0.01276	0.04203	0.05711	0.03077	0.08609	0.26750	0.00384	0.11865	0.00532	0.00293	0.00494
4	0.00715	0.00537	0.00753	0.00743	0.00801	0.00619	0.00551	0.00837	0.00763	0.01085	0.01360	0.04879	0.01380	0.23237	0.53752	0.00647	0.06078	0.00589	0.00272	0.00403
5	0.00797	0.00608	0.00810	0.00948	0.10246	0.00577	0.00639	0.01026	0.04431	0.04480	0.16278	0.16142	0.24460	0.01111	0.00580	0.00175	0.00338	0.15412	0.00446	0.00496
6	0.04263	0.01065	0.05138	0.05142	0.39074	0.01000	0.15165	0.01329	0.01064	0.01521	0.01296	0.14657	0.01258	0.00662	0.00523	0.00162	0.00565	0.05183	0.00287	0.00647
7	0.83399	0.00933	0.00727	0.00645	0.00948	0.01074	0.00531	0.01458	0.00845	0.04950	0.00719	0.00818	0.00549	0.00455	0.00307	0.00150	0.00376	0.00270	0.00311	0.00535
8	0.00819	0.00571	0.00722	0.00782	0.03250	0.00553	0.00542	0.06513	0.03928	0.05721	0.04822	0.51868	0.11711	0.01284	0.00608	0.01561	0.00321	0.03493	0.00454	0.00476
9	0.00595	0.00488	0.00525	0.00529	0.00675	0.00418	0.00395	0.00733	0.01133	0.01403	0.15978	0.09667	0.61799	0.01213	0.00578	0.00165	0.00249	0.02576	0.00462	0.00416
10	0.00719	0.08443	0.00791	0.00706	0.00787	0.00575	0.00513	0.00822	0.00933	0.03165	0.02307	0.59921	0.02682	0.05055	0.06392	0.00241	0.00396	0.04715	0.00410	0.00427
11	0.01112	0.00870	0.01444	0.63755	0.05094	0.01018	0.03648	0.01415	0.01040	0.12700	0.01033	0.01352	0.00744	0.00499	0.00485	0.00158	0.00607	0.00444	0.01994	0.00588
12	0.01069	0.14386	0.23482	0.15363	0.09671	0.01259	0.10970	0.03540	0.01052	0.01441	0.02915	0.01271	0.03282	0.00523	0.00563	0.00153	0.07751	0.00431	0.00240	0.00638
13	0.01157	0.02191	0.64711	0.01314	0.01963	0.01071	0.03743	0.01682	0.03150	0.12936	0.01053	0.01142	0.00725	0.00484	0.00468	0.00154	0.00666	0.00388	0.00271	0.00731
14	0.83195	0.00989	0.00737	0.00660	0.00958	0.04109	0.00540	0.01444	0.00845	0.02137	0.00678	0.00791	0.00529	0.00452	0.00305	0.00149	0.00394	0.00264	0.00298	0.00526
15	0.01240	0.01297	0.01727	0.21588	0.43560	0.16074	0.02169	0.01502	0.01111	0.01413	0.00861	0.01158	0.00707	0.00470	0.00508	0.00147	0.03158	0.00410	0.00235	0.00665
16	0.00776	0.00673	0.00721	0.00706	0.00832	0.05593	0.00532	0.03821	0.02452	0.01468	0.17058	0.20655	0.29864	0.01230	0.03415	0.00192	0.05643	0.03482	0.00433	0.00456
17	0.01080	0.01179	0.02232	0.08163	0.05552	0.04478	0.50302	0.01454	0.04062	0.01487	0.01431	0.04692	0.08471	0.00560	0.00578	0.00163	0.02610	0.00613	0.00279	0.00613
18	0.01062	0.16959	0.61948	0.01266	0.01899	0.04692	0.01562	0.01528	0.01036	0.01455	0.01946	0.01009	0.00672	0.00461	0.00434	0.00143	0.00681	0.00346	0.00212	0.00689
19	0.02001	0.01102	0.01296	0.00994	0.01376	0.01124	0.00821	0.41952	0.01852	0.40036	0.01522	0.01396	0.01004	0.00590	0.00486	0.00148	0.00475	0.00461	0.00540	0.00824
20	0.00605	0.00433	0.00581	0.00678	0.00716	0.00410	0.00462	0.00705	0.00956	0.01286	0.08154	0.72315	0.03211	0.01568	0.04073	0.00219	0.00324	0.02455	0.00448	0.00401
21	0.04338	0.19618	0.31985	0.09089	0.09427	0.04971	0.01292	0.02169	0.01004	0.01392	0.00822	0.01044	0.00660	0.00609	0.02801	0.03846	0.03724	0.00355	0.00220	0.00633
22	0.01100	0.00805	0.00929	0.06754	0.06755	0.05798	0.00682	0.06812	0.03271	0.05075	0.01317	0.01634	0.01075	0.05463	0.06604	0.00203	0.07579	0.00460	0.37148	0.00536
23	0.00690	0.00466	0.00543	0.00556	0.00563	0.00466	0.00325	0.00708	0.00735	0.00983	0.01656	0.12751	0.01914	0.69883	0.05429	0.00449	0.00481	0.00779	0.00311	0.00311
24	0.01148	0.04778	0.02417	0.01902	0.10770	0.03802	0.49795	0.01473	0.01090	0.01485	0.03889	0.01311	0.00862	0.00500	0.00693	0.00164	0.12509	0.00525	0.00249	0.00637
25	0.01321	0.01098	0.01501	0.06619	0.28570	0.05079	0.03970	0.12705	0.09399	0.09452	0.03603	0.04082	0.06088	0.00614	0.00539	0.00153	0.03615	0.00528	0.00363	0.00701
26	0.01263	0.00653	0.00736	0.00641	0.00841	0.00657	0.00505	0.10552	0.03628	0.17237	0.01596	0.01704	0.01190	0.00708	0.03859	0.00154	0.00350	0.00463	0.52687	0.00577
27	0.00817	0.00623	0.00914	0.03408	0.01029	0.00656	0.06119	0.00988	0.00987	0.05589	0.08048	0.19025	0.14470	0.01657	0.19766	0.00318	0.08118	0.02071	0.04923	0.00473
28	0.01224	0.08020	0.11140	0.14651	0.13780	0.10407	0.03546	0.03083	0.06477	0.07768	0.01126	0.04430	0.00950	0.06896	0.00676	0.01552	0.02890	0.00468	0.00292	0.00623
29	0.00662	0.00476	0.00626	0.00697	0.00758	0.00458	0.00498	0.02666	0.01036	0.01395	0.13664	0.54834	0.04086	0.03972	0.03370	0.00220	0.00337	0.09378	0.00451	0.00418
30	0.01615	0.08776	0.04577	0.01269	0.01563	0.59923	0.08257	0.01787	0.01279	0.01229	0.00822	0.02449	0.00700	0.00600	0.02984	0.00150	0.00836	0.00360	0.00248	0.00574
31	0.01270	0.01022	0.01257	0.00988	0.04294	0.00930	0.04759	0.21638	0.02556	0.04059	0.01027	0.01186	0.00813	0.00453	0.00419	0.00105	0.00440	0.01840	0.00350	0.50592
32	0.06764	0.07802	0.05514	0.06926	0.18635	0.03122	0.13810	0.06479	0.10775	0.06420	0.01236	0.08190	0.01041	0.00574	0.00482	0.00153	0.00555	0.00522	0.00325	0.00673
33	0.01570	0.16307	0.05544	0.03718	0.03705	0.48885	0.00967	0.04929	0.01268	0.01312	0.00799	0.00945	0.00663	0.00498	0.00455	0.00128	0.03472	0.00327	0.03918	0.00590
34	0.00863	0.00622	0.00739	0.00642	0.00859	0.00536	0.00488	0.01087	0.04226	0.07538	0.26135	0.07870	0.20903	0.04351	0.00595	0.00152	0.00297	0.00752	0.00443	0.20901
35	0.03303	0.18474	0.35678	0.01244	0.03542	0.17351	0.04181	0.03731	0.01120	0.01440	0.00854	0.02753	0.00690	0.00480	0.00427	0.00136	0.00674	0.00359	0.00235	0.03329
36	0.05171	0.01736	0.01206	0.01067	0.01333	0.49681	0.00814	0.01754	0.07462	0.02684	0.01083	0.01189	0.04254	0.00650	0.03504	0.00150	0.02685	0.00370	0.00291	0.12915
37	0.00694	0.00513	0.00681	0.00692	0.00782	0.00519	0.00519	0.00851	0.01052	0.02697	0.24264	0.23140	0.12992	0.03238	0.17006	0.00305	0.03941	0.05257	0.00424	0.00435
38	0.01177	0.01109	0.01855	0.02769	0.72726	0.01115	0.01401	0.01499	0.04056	0.01599	0.01012	0.03034	0.00863	0.00468	0.00479	0.00145	0.00551	0.00458	0.02934	0.00749
39	0.01077	0.01771	0.32849	0.01787	0.02364	0.01187	0.48662	0.01545	0.01097	0.01545	0.00938	0.01197	0.00688	0.00429	0.00529	0.00160	0.00778	0.00489	0.00229	0.00678
40	0.00649	0.00605	0.04016	0.00642	0.00816	0.00486	0.03406	0.00831	0.01168	0.01508	0.25926	0.09492	0.45032	0.01118	0.00573	0.00163	0.00288	0.02381	0.00456	0.00445
41	0.27556	0.00859	0.01000	0.00794	0.01147	0.00825	0.00656	0.02079	0.01218	0.56741	0.01539	0.01390	0.00996	0.00555	0.00431	0.00150	0.00401	0.00420	0.00509	0.00734
42	0.01116	0.01046	0.01751	0.23471	0.53229	0.01110	0.01388	0.03537	0.01089	0.01514	0.00950	0.01328	0.00791	0.00587	0.03528	0.00174	0.00618	0.01837	0.00245	0.00691
43	0.01376	0.00996	0.01052	0.00881	0.01154	0.01104	0.00703	0.33077	0.24672	0.02381	0.01527	0.01544	0.01142	0.00599	0.00444	0.00141	0.00398	0.00474	0.25636	0.00697
44	0.00659	0.00451	0.00601	0.00674	0.00702	0.00448	0.00457	0.00715	0.00872	0.01191	0.02222	0.58823	0.02596	0.07073	0.04303	0.09698	0.02960	0.01120	0.04060	0.00375
45	0.00742	0.00533	0.00687	0.00688	0.00754	0.00569	0.00484	0.05250	0.00874	0.01197	0.01697	0.16696	0.03573	0.30085	0.33421	0.00519	0.00766	0.00742	0.00322	0.00400
46	0.00750	0.00727	0.06826	0.09842	0.05789	0.00625	0.00739	0.03815	0.01048	0.01386	0.03884	0.41520	0.13807	0.01160	0.00574	0.00181	0.00386	0.06067	0.00396	0.00479
47	0.00802	0.00620	0.01002	0.00960	0.01104	0.00592	0.11830	0.00997	0.01067	0.04047	0.05295	0.33966	0.03580	0.01233	0.00625	0.00199	0.00425	0.30761	0.00427	0.00469
48	0.73257	0.02453	0.02827	0.06153	0.01178	0.01114	0.02508	0.01413	0.00848	0.02042	0.00699	0.00845	0.00544	0.00459	0.00349	0.00152	0.02051	0.00287	0.00287	0.00535
49	0.01169	0.05508	0.01695	0.43973	0.07942	0.03462	0.10372	0.15309	0.01248	0.01622	0.00957	0.02863	0.00747	0.00507	0.00487	0.00154	0.00633	0.00455	0.00275	0.00622
50	0.00946	0.00863	0.01151	0.01071	0.05264	0.04381	0.05476	0.01136	0.05381	0.01201	0.01136	0.01893	0.01134	0.26384	0.13722	0.00360	0.24497	0.00532	0.00268	0.03203
51	0.02242	0.04772	0.06907	0.19855	0.14431	0.09695	0.15809	0.04068	0.01123	0.04868	0.02816	0.01314	0.00851	0.00780	0.08192	0.00210	0.00726	0.00452	0.00266	0.00624
52	0.00991	0.01052	0.07913	0.11661	0.06002	0.03929	0.21056	0.03273	0.01067	0.04059	0.01539	0.28812	0.01562	0.00832	0.00593	0.00172	0.03819	0.00780	0.00324	0.00564
53	0.02101	0.00943	0.01198	0.00918	0.01296	0.00887	0.00758	0.19173	0.01584	0.63192	0.01746	0.01542	0.01116	0.00596	0.00487	0.00149	0.00439	0.00476	0.00574	0.00825
54	0.00648	0.00522	0.00727	0.00726	0.00831	0.00491	0.05227	0.00785	0.01026	0.01343	0.10555	0.41990	0.23313	0.01399	0.04237	0.00209	0.01988	0.03125	0.00432	0.00426
55	0.04085	0.21262	0.45399	0.01262	0.05114	0.08222	0.01386	0.02840	0.01073	0.03974	0.00847	0.00974	0.00642	0.00458	0.00420	0.00139	0.00653	0.00336	0.00231	0.00682
56	0.01597	0.00816	0.03543	0.00896	0.04096	0.00705	0.00713	0.04233	0.03954	0.45883	0.14125	0.03582	0.08932	0.00754	0.00517	0.00156	0.00387	0.03879	0.00534	0.00700
57	0.00683	0.00492	0.00678	0.00692	0.00746	0.00539	0.00494	0.00794	0.00776	0.01085	0.01539	0.12526	0.01626	0.26618	0.47807	0.00614	0.00926	0.00683	0.00294	0.00387
58	0.03641	0.00771	0.05786	0.08665	0.01252	0.00700	0.03979	0.07159	0.03293	0.07111	0.02104	0.45403	0.03902	0.01097	0.00561	0.00180	0.00405	0.03058	0.00413	0.00520
59	0.01023	0.03749	0.58492	0.04968	0.13471	0.01127	0.01629	0.03931	0.01068	0.01559	0.00949	0.04158	0.00743	0.00500	0.00468	0.00153	0.00666	0.00411	0.00229	0.00706
60	0.02010	0.00815	0.01084	0.00842	0.01195	0.00718	0.00691	0.05421	0.01408	0.69447	0.05006	0.01879	0.05885	0.00650	0.00495	0.00151	0.00401	0.00531	0.00584	0.00787
61	0.02211	0.17492	0.52752	0.03345	0.01825	0.01210	0.02987	0.01430	0.00998	0.01426	0.00958	0.05929	0.00798	0.00649	0.03848	0.00173	0.00673	0.00412	0.00225	0.00658
62	0.01176	0.01234	0.08544	0.16743	0.45973	0.02136	0.06732	0.03881	0.04069	0.03418	0.00973	0.01237	0.00767	0.00460	0.00486	0.00150	0.00608	0.00439	0.00258	0.00715
63	0.00760	0.00544	0.00733	0.03503	0.02532	0.00513	0.02265	0.00918	0.01068	0.05927	0.08187	0.29277	0.22654	0.01290	0.03064	0.00200	0.00364	0.13779	0.01963	0.00456
64	0.04093	0.03117	0.01078	0.00876	0.01144	0.01014	0.00702	0.32171	0.07723	0.09035	0.04064	0.14692	0.01516	0.00765	0.00486	0.00152	0.00411	0.03496	0.10402	0.03065

[dist]
# distance from previous block
# <min> <max>
1	3

[block]
# block no. 2 follows, 52 sequences, length 10
# corresponding to MSA columns:
# 232-241
name=unknown_C
#
# <colnr> <probs for GDERKNQSTAVLIFYWHMCP>
#	G	D	E	R	K	N	Q	S	T	A	V	L	I	F	Y	W	H	M	C	P
0	0.01126	0.05551	0.01329	0.06370	0.06936	0.00923	0.05006	0.10122	0.04072	0.01705	0.00998	0.03865	0.00837	0.00454	0.00413	0.00106	0.00445	0.00385	0.00308	0.49050
1	0.01338	0.76640	0.02444	0.00863	0.01265	0.08388	0.00838	0.01491	0.01016	0.01144	0.00680	0.00785	0.00622	0.00422	0.00321	0.00105	0.00547	0.00263	0.00211	0.00617
2	0.00966	0.00670	0.04472	0.00767	0.00875	0.00629	0.00596	0.00945	0.02975	0.05350	0.00927	0.01393	0.00846	0.01372	0.03776	0.54792	0.08787	0.00414	0.00249	0.09198
3	0.01186	0.13253	0.42561	0.05279	0.05416	0.09915	0.03986	0.06454	0.04729	0.01550	0.00904	0.01049	0.00682	0.00473	0.00446	0.00144	0.00673	0.00367	0.00244	0.00687
4	0.00609	0.00485	0.00545	0.00545	0.00680	0.00422	0.00403	0.00759	0.01167	0.01493	0.27238	0.12159	0.49412	0.01185	0.00577	0.00164	0.00244	0.01014	0.00475	0.00422
5	0.00900	0.05239	0.03502	0.00784	0.00943	0.03695	0.00636	0.01075	0.00889	0.05626	0.01324	0.05447	0.01221	0.07097	0.44475	0.00504	0.02985	0.00519	0.07897	0.05242
6	0.00865	0.05217	0.01027	0.03509	0.01017	0.00902	0.00712	0.01022	0.00830	0.01250	0.01188	0.06005	0.01126	0.03959	0.32444	0.00417	0.23777	0.00516	0.13746	0.00471
7	0.12058	0.01197	0.01062	0.05460	0.02946	0.23538	0.00753	0.05397	0.01119	0.10715	0.01175	0.05894	0.01042	0.09087	0.13773	0.00281	0.03157	0.00476	0.00323	0.00548
8	0.00630	0.00486	0.00581	0.00645	0.00735	0.00453	0.00460	0.00805	0.05341	0.01316	0.03343	0.48884	0.27590	0.01367	0.00600	0.00186	0.00285	0.05419	0.00452	0.00422
9	0.63243	0.00930	0.00840	0.00710	0.01031	0.01019	0.00586	0.05038	0.01019	0.20218	0.00982	0.01003	0.00694	0.00490	0.00351	0.00150	0.00391	0.00322	0.00377	0.00607

[dist]
# distance from previous block
# <min> <max>
9	22

[block]
# block no. 3 follows, 52 sequences, length 9
# corresponding to MSA columns:
# 287-295
name=unknown_D
#
# <colnr> <probs for GDERKNQSTAVLIFYWHMCP>
#	G	D	E	R	K	N	Q	S	T	A	V	L	I	F	Y	W	H	M	C	P
0	0.20351	0.04041	0.01110	0.00833	0.01184	0.00925	0.00691	0.11296	0.01357	0.47721	0.04661	0.01450	0.01122	0.00574	0.00443	0.00148	0.00415	0.00439	0.00503	0.00737
1	0.01084	0.03933	0.04323	0.17320	0.41687	0.01033	0.01227	0.01402	0.03384	0.04021	0.14350	0.01639	0.01415	0.00549	0.00490	0.00148	0.00522	0.00504	0.00301	0.00666
2	0.04217	0.06154	0.32704	0.08185	0.14119	0.01130	0.01321	0.08840	0.03742	0.07873	0.02507	0.01377	0.03377	0.00533	0.00466	0.00151	0.00585	0.01723	0.00299	0.00699
3	0.00955	0.00799	0.02993	0.00930	0.01064	0.06188	0.06381	0.01083	0.00866	0.04916	0.01126	0.01589	0.01000	0.02156	0.37273	0.15019	0.09417	0.00473	0.05316	0.00457
4	0.01009	0.00539	0.00682	0.00656	0.00762	0.00500	0.00451	0.01092	0.00974	0.19750	0.04782	0.28442	0.04863	0.31782	0.01277	0.00285	0.00380	0.00887	0.00429	0.00460
5	0.00989	0.01169	0.12638	0.22195	0.18305	0.02768	0.05683	0.01340	0.05411	0.01405	0.01353	0.08042	0.06207	0.02804	0.00646	0.00172	0.07442	0.00555	0.00273	0.00604
6	0.01223	0.01024	0.01585	0.31276	0.24960	0.03624	0.05466	0.06334	0.02833	0.09948	0.01146	0.04314	0.00925	0.00548	0.00497	0.00156	0.00586	0.02594	0.00304	0.00658
7	0.06320	0.01039	0.01226	0.00950	0.01322	0.01048	0.00783	0.30825	0.04763	0.44217	0.01570	0.01429	0.01035	0.00588	0.00477	0.00149	0.00455	0.00459	0.00537	0.00807
8	0.00855	0.00608	0.00736	0.00732	0.03341	0.00585	0.00527	0.03377	0.09556	0.06907	0.29171	0.15084	0.22071	0.01024	0.00552	0.00161	0.00289	0.00886	0.03023	0.00514

[dist]
# distance from previous block
# <min> <max>
0	1

[block]
# block no. 4 follows, 52 sequences, length 7
# corresponding to MSA columns:
# 297-303
name=unknown_E
#
# <colnr> <probs for GDERKNQSTAVLIFYWHMCP>
#	G	D	E	R	K	N	Q	S	T	A	V	L	I	F	Y	W	H	M	C	P
0	0.00882	0.03548	0.00763	0.00713	0.00841	0.00595	0.00524	0.04801	0.05174	0.08014	0.03947	0.47134	0.05810	0.01292	0.04656	0.00203	0.00365	0.01004	0.07318	0.02415
1	0.37101	0.05335	0.01083	0.00871	0.01178	0.07220	0.00704	0.13232	0.25025	0.02133	0.01150	0.01161	0.00874	0.00535	0.00397	0.00149	0.00446	0.00379	0.00378	0.00651
2	0.10205	0.01093	0.01578	0.24100	0.34607	0.04942	0.01239	0.04177	0.01068	0.03876	0.00879	0.01166	0.00705	0.00499	0.00559	0.00155	0.07835	0.00409	0.00257	0.00652
3	0.09159	0.06961	0.01710	0.01421	0.08683	0.12896	0.19228	0.03036	0.05616	0.04596	0.01109	0.09363	0.00993	0.00629	0.00642	0.00160	0.12370	0.00523	0.00297	0.00609
4	0.01018	0.05400	0.43293	0.03258	0.01691	0.06998	0.03530	0.05006	0.01115	0.01521	0.06136	0.07847	0.04760	0.00683	0.00539	0.03253	0.00608	0.02444	0.00280	0.00619
5	0.01092	0.13941	0.12405	0.14426	0.09668	0.04958	0.07658	0.02950	0.04781	0.04286	0.04753	0.10884	0.03354	0.00653	0.00485	0.00152	0.00556	0.02084	0.00304	0.00611
6	0.01461	0.07159	0.01235	0.00867	0.01230	0.01036	0.00715	0.26789	0.05067	0.13688	0.05005	0.01353	0.01073	0.00530	0.00431	0.00121	0.00422	0.00415	0.06231	0.25174

[dist]
# distance from previous block
# <min> <max>
0	1

[block]
# block no. 5 follows, 52 sequences, length 10
# corresponding to MSA columns:
# 305-314
name=unknown_F
#
# <colnr> <probs for GDERKNQSTAVLIFYWHMCP>
#	G	D	E	R	K	N	Q	S	T	A	V	L	I	F	Y	W	H	M	C	P
0	0.05932	0.00753	0.00870	0.00804	0.00933	0.05546	0.00613	0.07050	0.00972	0.05836	0.03821	0.01951	0.01286	0.17334	0.39158	0.00510	0.05316	0.00525	0.00311	0.00479
1	0.01157	0.02099	0.05224	0.03135	0.04994	0.00849	0.03666	0.13876	0.02545	0.13053	0.11313	0.11956	0.16898	0.00871	0.00587	0.00162	0.04542	0.02035	0.00435	0.00602
2	0.01237	0.02249	0.02364	0.10454	0.05432	0.00785	0.00776	0.07969	0.05627	0.21714	0.01965	0.26730	0.03590	0.02341	0.00569	0.00175	0.00422	0.04547	0.00444	0.00609
3	0.00599	0.00425	0.00560	0.00664	0.00689	0.00399	0.00438	0.00677	0.00911	0.01214	0.02583	0.76540	0.03094	0.07782	0.00761	0.00218	0.00296	0.01326	0.00438	0.00386
4	0.01829	0.00803	0.01071	0.00914	0.05057	0.00713	0.00700	0.05108	0.01366	0.59132	0.04307	0.02119	0.13260	0.00697	0.00502	0.00152	0.00395	0.00574	0.00553	0.00749
5	0.03334	0.01439	0.17709	0.23344	0.19506	0.06492	0.11171	0.05512	0.01139	0.04428	0.00931	0.01185	0.00703	0.00468	0.00482	0.00152	0.00660	0.00424	0.00255	0.00666
6	0.00696	0.00519	0.00651	0.03604	0.00854	0.00469	0.02225	0.00832	0.01071	0.05320	0.07529	0.29619	0.40316	0.01235	0.00583	0.00175	0.00298	0.03118	0.00448	0.00439
7	0.00735	0.00559	0.00789	0.03412	0.00907	0.00622	0.02451	0.00870	0.00858	0.01233	0.01735	0.29768	0.01871	0.10213	0.24384	0.00386	0.08878	0.00816	0.09088	0.00426
8	0.00837	0.00579	0.00786	0.09073	0.05600	0.00569	0.00608	0.01032	0.02887	0.07670	0.14576	0.30941	0.12647	0.02697	0.00586	0.00173	0.00335	0.00927	0.06990	0.00487
9	0.02828	0.00910	0.04033	0.05302	0.10191	0.00859	0.05665	0.05461	0.04355	0.27513	0.01814	0.14083	0.05489	0.02199	0.00608	0.00170	0.04588	0.02844	0.00428	0.00659

[dist]
# distance from previous block
# <min> <max>
0	1

[block]
# block no. 6 follows, 52 sequences, length 35
# corresponding to MSA columns:
# 316-350
name=unknown_G
#
# <colnr> <probs for GDERKNQSTAVLIFYWHMCP>
#	G	D	E	R	K	N	Q	S	T	A	V	L	I	F	Y	W	H	M	C	P
0	0.28698	0.18751	0.01489	0.01184	0.11545	0.24489	0.00853	0.05254	0.01124	0.01634	0.00750	0.00882	0.00620	0.00461	0.00374	0.00132	0.00584	0.00307	0.00267	0.00602
1	0.01242	0.32646	0.13785	0.04886	0.05753	0.13665	0.09817	0.01498	0.01069	0.01305	0.00883	0.02240	0.00772	0.00508	0.00468	0.00136	0.03836	0.03367	0.01506	0.00618
2	0.00753	0.01816	0.00755	0.00762	0.04927	0.00580	0.00525	0.03371	0.03792	0.01486	0.19518	0.14365	0.21712	0.09432	0.09733	0.00258	0.00427	0.00841	0.00412	0.04535
3	0.05376	0.01351	0.04698	0.05089	0.12659	0.20762	0.06091	0.04809	0.05542	0.05867	0.05418	0.03776	0.03552	0.00565	0.00484	0.00139	0.01995	0.00463	0.00321	0.11043
4	0.17674	0.08103	0.16131	0.05196	0.14500	0.05429	0.02407	0.11700	0.02761	0.07309	0.00979	0.01146	0.00750	0.00494	0.00429	0.00145	0.00555	0.01601	0.00308	0.02382
5	0.02174	0.00825	0.01125	0.00862	0.01237	0.00712	0.00712	0.02362	0.01387	0.80282	0.01912	0.01649	0.01200	0.00600	0.00487	0.00150	0.00412	0.00487	0.00600	0.00825
6	0.00715	0.00577	0.00742	0.06004	0.03219	0.00540	0.03157	0.00907	0.03835	0.03575	0.08531	0.19391	0.42204	0.03622	0.00626	0.00178	0.00323	0.00971	0.00428	0.00457
7	0.04748	0.12550	0.22449	0.01128	0.01572	0.12996	0.05158	0.11400	0.02681	0.15852	0.02800	0.01189	0.00864	0.00514	0.00446	0.00141	0.00603	0.00395	0.01821	0.00694
8	0.01153	0.00619	0.00799	0.00713	0.00915	0.00564	0.00561	0.01394	0.04460	0.25892	0.33475	0.07747	0.12189	0.00941	0.00553	0.00161	0.00313	0.06446	0.00531	0.00573
9	0.02362	0.00525	0.00715	0.00728	0.00816	0.00579	0.00547	0.02079	0.02413	0.01248	0.01712	0.18261	0.04121	0.06186	0.50511	0.00561	0.00923	0.00707	0.04573	0.00434
10	0.01275	0.17863	0.18110	0.05165	0.10951	0.12860	0.02640	0.04792	0.08775	0.04870	0.01209	0.01339	0.04901	0.00539	0.00465	0.00142	0.01933	0.01218	0.00289	0.00664
11	0.01534	0.01374	0.12999	0.01142	0.02757	0.10945	0.06936	0.12480	0.09254	0.23228	0.01646	0.01619	0.07820	0.00616	0.00529	0.00152	0.03352	0.00496	0.00412	0.00710
12	0.01807	0.00779	0.01046	0.00820	0.01147	0.00693	0.02670	0.03215	0.02875	0.56470	0.06136	0.01741	0.01362	0.00602	0.00468	0.00142	0.00385	0.00498	0.12777	0.04366
13	0.00759	0.00533	0.00652	0.00686	0.00778	0.00519	0.00485	0.06855	0.03139	0.03013	0.09275	0.53718	0.09305	0.03067	0.00621	0.00186	0.00300	0.01134	0.04524	0.00453
14	0.01310	0.02771	0.19467	0.05942	0.10392	0.04663	0.05631	0.12671	0.07427	0.10421	0.03410	0.03993	0.01005	0.00591	0.00588	0.00157	0.08052	0.00474	0.00338	0.00696
15	0.06599	0.00973	0.08219	0.00868	0.01102	0.04517	0.00733	0.09910	0.05271	0.12670	0.06028	0.22482	0.07972	0.02515	0.00645	0.02069	0.04700	0.01733	0.00419	0.00574
16	0.01278	0.01068	0.04304	0.00893	0.01111	0.09854	0.00717	0.15838	0.09108	0.07631	0.01325	0.01705	0.01118	0.15327	0.05293	0.00237	0.07265	0.00484	0.12876	0.02568
17	0.01162	0.00888	0.01116	0.00890	0.04552	0.00730	0.03111	0.03904	0.03332	0.09694	0.01078	0.01252	0.00861	0.00434	0.00400	0.00096	0.00394	0.02338	0.02316	0.61454
18	0.03610	0.17563	0.29512	0.00999	0.01437	0.01154	0.03080	0.09919	0.03524	0.01658	0.01341	0.01492	0.07207	0.03466	0.00497	0.00150	0.00527	0.00435	0.11803	0.00628
19	0.13138	0.06261	0.01379	0.01061	0.01388	0.23571	0.03046	0.35720	0.01652	0.02192	0.00972	0.01049	0.00737	0.00525	0.00431	0.00137	0.00597	0.00373	0.05100	0.00673
20	0.05743	0.00964	0.05826	0.00845	0.01123	0.04681	0.00711	0.08089	0.09607	0.18698	0.16086	0.02167	0.10587	0.00868	0.03974	0.01581	0.02730	0.00582	0.00446	0.04693
21	0.02881	0.27916	0.34402	0.01202	0.03406	0.08065	0.05294	0.03972	0.02400	0.01469	0.04181	0.01075	0.00815	0.00475	0.00420	0.00135	0.00630	0.00361	0.00242	0.00661
22	0.00948	0.00625	0.00760	0.00734	0.00898	0.00613	0.00559	0.01327	0.15392	0.12201	0.18525	0.23326	0.14003	0.01073	0.00566	0.00173	0.00315	0.06928	0.00495	0.00539
23	0.01368	0.03052	0.00936	0.00807	0.01027	0.04074	0.00628	0.05507	0.02613	0.32276	0.02272	0.30491	0.06582	0.00993	0.00542	0.00169	0.00387	0.05172	0.00496	0.00609
24	0.01233	0.00843	0.00959	0.00846	0.01089	0.00894	0.00659	0.06924	0.36017	0.14986	0.15120	0.07909	0.06429	0.00789	0.00514	0.00160	0.00353	0.00668	0.02936	0.00673
25	0.03926	0.10091	0.37741	0.01292	0.05251	0.05385	0.05115	0.09424	0.03439	0.12292	0.01047	0.01126	0.00750	0.00490	0.00453	0.00146	0.00624	0.00387	0.00304	0.00719
26	0.00977	0.00612	0.00788	0.00754	0.00906	0.00581	0.02735	0.07890	0.02404	0.13572	0.02642	0.45994	0.13261	0.01179	0.00568	0.00176	0.00334	0.01043	0.03066	0.00515
27	0.77766	0.00963	0.00769	0.00679	0.00982	0.01114	0.00557	0.05267	0.05000	0.02210	0.00767	0.00859	0.00590	0.00467	0.00319	0.00150	0.00383	0.00286	0.00319	0.00552
28	0.00915	0.00641	0.00966	0.00896	0.02478	0.00606	0.09376	0.03422	0.02327	0.10848	0.10293	0.39345	0.09267	0.01252	0.04799	0.00207	0.00417	0.00993	0.00441	0.00510
29	0.00600	0.00429	0.00572	0.00678	0.00713	0.00401	0.00460	0.00694	0.00952	0.01273	0.05879	0.77083	0.03250	0.01491	0.00618	0.00196	0.00284	0.03576	0.00453	0.00398
30	0.00761	0.00579	0.00856	0.07988	0.01078	0.00689	0.00673	0.00924	0.00807	0.01177	0.01243	0.04053	0.01156	0.02749	0.55310	0.05079	0.07400	0.00518	0.06523	0.00438
31	0.00637	0.00466	0.00598	0.00690	0.00742	0.00447	0.00480	0.00786	0.04267	0.01279	0.02695	0.64696	0.07042	0.05335	0.00703	0.00209	0.00307	0.07767	0.00444	0.00410
32	0.02939	0.01125	0.06872	0.25095	0.39240	0.01100	0.05883	0.02912	0.02794	0.01513	0.01014	0.05497	0.00860	0.00513	0.00489	0.00154	0.00594	0.00483	0.00254	0.00668
33	0.01009	0.05026	0.02320	0.00759	0.00982	0.00709	0.03324	0.02691	0.11077	0.12656	0.12341	0.09627	0.25217	0.00944	0.00533	0.00161	0.00347	0.05634	0.04088	0.00554
34	0.60207	0.01240	0.00908	0.03659	0.01163	0.19160	0.00656	0.01578	0.00981	0.05642	0.00757	0.00866	0.00584	0.00469	0.00346	0.00145	0.00499	0.00290	0.00300	0.00548

[dist]
# distance from previous block
# <min> <max>
0	3

[block]
# block no. 7 follows, 52 sequences, length 12
# corresponding to MSA columns:
# 354-365
name=unknown_H
#
# <colnr> <probs for GDERKNQSTAVLIFYWHMCP>
#	G	D	E	R	K	N	Q	S	T	A	V	L	I	F	Y	W	H	M	C	P
0	0.01230	0.45700	0.14120	0.01169	0.03950	0.08136	0.11005	0.01478	0.01043	0.01277	0.00902	0.02445	0.02763	0.00479	0.00425	0.00128	0.02528	0.00368	0.00227	0.00628
1	0.01009	0.02059	0.00945	0.00829	0.01029	0.02959	0.00637	0.05335	0.28781	0.01703	0.14797	0.05500	0.04215	0.03079	0.08501	0.07295	0.02387	0.00602	0.00411	0.07930
2	0.01118	0.06215	0.08685	0.12409	0.12223	0.01142	0.37651	0.01462	0.01090	0.04962	0.01103	0.07666	0.00926	0.00522	0.00523	0.00158	0.00677	0.00558	0.00267	0.00643
3	0.02484	0.01104	0.01900	0.24108	0.24828	0.02843	0.19951	0.03932	0.01075	0.01477	0.00934	0.02719	0.00771	0.01982	0.00634	0.00166	0.07732	0.00482	0.00246	0.00635
4	0.02096	0.00827	0.01117	0.00853	0.01231	0.00708	0.00703	0.02286	0.01362	0.75040	0.01842	0.01606	0.01167	0.00584	0.00479	0.00145	0.00409	0.00474	0.00579	0.06493
5	0.00730	0.00528	0.00691	0.00665	0.00701	0.00541	0.03702	0.00782	0.00772	0.01038	0.01610	0.08515	0.01817	0.61018	0.07120	0.00434	0.02901	0.05785	0.00308	0.00342
6	0.01196	0.21678	0.25201	0.01373	0.01831	0.07448	0.20042	0.01525	0.01045	0.03268	0.00837	0.01041	0.00663	0.00489	0.00584	0.00148	0.10361	0.00394	0.00229	0.00647
7	0.01061	0.01011	0.04513	0.20346	0.22999	0.00997	0.15489	0.03346	0.01089	0.03994	0.01300	0.08445	0.03898	0.00590	0.00517	0.00156	0.01743	0.00562	0.07325	0.00620
8	0.00633	0.00444	0.00571	0.00639	0.00670	0.00431	0.00421	0.00697	0.00860	0.01147	0.02322	0.51122	0.05883	0.21135	0.07735	0.03017	0.00413	0.01101	0.00389	0.00368
9	0.51253	0.01010	0.00990	0.00824	0.01135	0.01126	0.04022	0.17899	0.04514	0.06086	0.01001	0.03679	0.00799	0.03260	0.00451	0.00162	0.00430	0.00387	0.00365	0.00608
10	0.03938	0.12179	0.14663	0.01207	0.08575	0.04141	0.02322	0.14617	0.14081	0.08501	0.01403	0.06642	0.02959	0.00620	0.00467	0.00150	0.00519	0.01948	0.00368	0.00698
11	0.01654	0.00806	0.01014	0.00821	0.01124	0.00759	0.00662	0.08262	0.09465	0.45591	0.15991	0.02216	0.07999	0.00724	0.00510	0.00153	0.00373	0.00601	0.00556	0.00720

[dist]
# distance from previous block
# <min> <max>
4	10

[block]
# block no. 8 follows, 52 sequences, length 14
# corresponding to MSA columns:
# 376-389
name=unknown_I
#
# <colnr> <probs for GDERKNQSTAVLIFYWHMCP>
#	G	D	E	R	K	N	Q	S	T	A	V	L	I	F	Y	W	H	M	C	P
0	0.01261	0.05734	0.01180	0.00908	0.01169	0.01037	0.00734	0.14826	0.15094	0.09365	0.06747	0.04343	0.01368	0.04108	0.00729	0.02686	0.10254	0.03165	0.00400	0.14892
1	0.01338	0.06752	0.04522	0.19022	0.27371	0.04025	0.06289	0.04729	0.03636	0.14464	0.01089	0.01268	0.00814	0.00483	0.00473	0.00146	0.00580	0.00432	0.00310	0.02256
2	0.10332	0.00878	0.01079	0.00846	0.01202	0.00823	0.00693	0.07960	0.05706	0.53607	0.04881	0.01573	0.01226	0.00586	0.00464	0.00145	0.00405	0.00467	0.00531	0.06598
3	0.00843	0.00553	0.00717	0.06241	0.00982	0.00535	0.00559	0.01043	0.05589	0.10828	0.02803	0.46253	0.16067	0.01229	0.00580	0.00182	0.00327	0.03731	0.00454	0.00482
4	0.00605	0.00434	0.00566	0.00662	0.00701	0.00406	0.00448	0.00694	0.00941	0.01248	0.04601	0.69516	0.07097	0.06243	0.00725	0.00211	0.00294	0.03773	0.00443	0.00392
5	0.13365	0.00893	0.01050	0.00810	0.01186	0.00816	0.00661	0.06344	0.05308	0.37598	0.01390	0.01320	0.00957	0.00510	0.00424	0.00127	0.00397	0.00397	0.00454	0.25995
6	0.00889	0.00561	0.00705	0.00700	0.00836	0.00528	0.00533	0.04191	0.01141	0.11228	0.12590	0.23715	0.17757	0.06986	0.03082	0.00217	0.00364	0.13035	0.00463	0.00479
7	0.42621	0.00879	0.00927	0.00754	0.01093	0.00892	0.00622	0.01912	0.01117	0.42769	0.01318	0.01235	0.00876	0.00528	0.00397	0.00150	0.00394	0.00379	0.00456	0.00681
8	0.01445	0.00751	0.00954	0.00803	0.01037	0.00755	0.00635	0.13421	0.01253	0.30975	0.01558	0.01819	0.01208	0.10140	0.22301	0.00348	0.00657	0.00508	0.08806	0.00627
9	0.00641	0.00597	0.04491	0.00629	0.00797	0.00474	0.00524	0.00810	0.01115	0.01398	0.11017	0.09865	0.50201	0.01207	0.00587	0.00175	0.00305	0.14289	0.00445	0.00434
10	0.00889	0.00627	0.00801	0.00802	0.00954	0.00626	0.02543	0.01240	0.12862	0.06875	0.04232	0.16104	0.13169	0.05584	0.00691	0.00203	0.00379	0.27477	0.03436	0.00505
11	0.01074	0.01192	0.02533	0.01850	0.02266	0.01135	0.66016	0.01433	0.01103	0.01500	0.01172	0.11101	0.01029	0.00558	0.00615	0.00169	0.03706	0.00664	0.00269	0.00618
12	0.03099	0.08644	0.13314	0.10989	0.04064	0.14539	0.09177	0.12750	0.12086	0.01700	0.01155	0.02776	0.02510	0.00540	0.00469	0.00147	0.00626	0.00444	0.00311	0.00662
13	0.01123	0.03778	0.04398	0.16902	0.04268	0.10101	0.08819	0.01328	0.00925	0.01245	0.00760	0.01124	0.00664	0.00724	0.02975	0.00194	0.39467	0.00423	0.00222	0.00562

[dist]
# distance from previous block
# <min> <max>
0	9

[block]
# block no. 9 follows, 52 sequences, length 34
# corresponding to MSA columns:
# 399-432
name=unknown_J
#
# <colnr> <probs for GDERKNQSTAVLIFYWHMCP>
#	G	D	E	R	K	N	Q	S	T	A	V	L	I	F	Y	W	H	M	C	P
0	0.13039	0.04893	0.06228	0.18369	0.15609	0.19829	0.10003	0.02590	0.01115	0.02764	0.00845	0.01077	0.00664	0.00464	0.00448	0.00145	0.00663	0.00386	0.00252	0.00618
1	0.04254	0.44880	0.34158	0.01084	0.01620	0.01544	0.03624	0.01487	0.00999	0.01351	0.00763	0.00894	0.00619	0.00434	0.00379	0.00127	0.00603	0.00309	0.00211	0.00658
2	0.00756	0.00622	0.02858	0.00717	0.00856	0.00596	0.00560	0.04556	0.01036	0.01438	0.17424	0.10532	0.11653	0.08540	0.28438	0.00395	0.02211	0.00727	0.00369	0.05715
3	0.01309	0.65877	0.11603	0.00928	0.01369	0.05692	0.00952	0.05145	0.01070	0.01280	0.00724	0.00829	0.00631	0.00432	0.00343	0.00113	0.00560	0.00282	0.00222	0.00640
4	0.13736	0.00730	0.03683	0.00703	0.00943	0.00646	0.00576	0.01414	0.01230	0.25155	0.32106	0.02591	0.09096	0.04580	0.00590	0.00167	0.00335	0.00656	0.00489	0.00574
5	0.04427	0.00844	0.01123	0.00864	0.01237	0.00746	0.00713	0.04608	0.01399	0.75874	0.01856	0.01612	0.01170	0.00595	0.00482	0.00150	0.00415	0.00480	0.00588	0.00817
6	0.00597	0.00429	0.00562	0.00665	0.00699	0.00400	0.00446	0.00682	0.00929	0.01231	0.02709	0.75228	0.06076	0.04766	0.00692	0.00207	0.00290	0.02558	0.00444	0.00391
7	0.04919	0.01245	0.02988	0.01014	0.01372	0.08816	0.00836	0.34258	0.08373	0.27636	0.01416	0.01363	0.00982	0.01906	0.00506	0.00152	0.00511	0.00447	0.00484	0.00772
8	0.01121	0.01116	0.04264	0.22702	0.54558	0.01134	0.01428	0.01476	0.04666	0.01515	0.00947	0.01245	0.00765	0.00456	0.00481	0.00150	0.00589	0.00435	0.00244	0.00708
9	0.00667	0.00492	0.00709	0.00737	0.00804	0.00544	0.00547	0.00807	0.00812	0.01142	0.01658	0.22334	0.01748	0.07948	0.55975	0.00613	0.00991	0.00747	0.00310	0.00414
10	0.01191	0.01127	0.01869	0.10507	0.62335	0.01172	0.03082	0.04506	0.03961	0.01609	0.00948	0.01227	0.00779	0.00464	0.00518	0.00149	0.03123	0.00439	0.00256	0.00737
11	0.03243	0.00898	0.05580	0.02561	0.04008	0.04427	0.03734	0.03606	0.08282	0.17688	0.08738	0.15414	0.18046	0.00883	0.00528	0.00161	0.00407	0.00758	0.00445	0.00593
12	0.01801	0.00744	0.00976	0.00775	0.01097	0.00642	0.00631	0.01978	0.01323	0.61415	0.04253	0.02280	0.16456	0.00729	0.00502	0.00152	0.00372	0.00599	0.02547	0.00727
13	0.06403	0.03142	0.00938	0.04505	0.01101	0.00717	0.00631	0.04618	0.05167	0.28725	0.13583	0.22339	0.04334	0.00890	0.00519	0.00162	0.00362	0.00763	0.00491	0.00610
14	0.01404	0.01325	0.01718	0.01384	0.03155	0.17431	0.25201	0.08412	0.10446	0.10334	0.03623	0.06755	0.01171	0.00615	0.00554	0.00157	0.03291	0.02012	0.00360	0.00653
15	0.01346	0.03956	0.04718	0.05317	0.01290	0.03983	0.00780	0.09646	0.14573	0.20839	0.01922	0.07548	0.08176	0.02200	0.05507	0.00201	0.01712	0.03662	0.01973	0.00652
16	0.00966	0.05116	0.11146	0.01077	0.02590	0.03523	0.05478	0.03481	0.05713	0.01383	0.03071	0.14565	0.10199	0.04036	0.00905	0.01344	0.22367	0.02180	0.00317	0.00542
17	0.01112	0.06404	0.01240	0.00838	0.01257	0.00850	0.04476	0.08827	0.02397	0.01698	0.00937	0.01123	0.00777	0.00411	0.00387	0.00090	0.00411	0.01852	0.00306	0.64608
18	0.01084	0.15217	0.45993	0.01240	0.04046	0.02769	0.01372	0.01710	0.16277	0.01549	0.01066	0.01167	0.00808	0.00590	0.02958	0.00166	0.00636	0.00385	0.00265	0.00701
19	0.05350	0.00993	0.01037	0.00841	0.01124	0.01074	0.00681	0.44966	0.01733	0.02484	0.01625	0.01672	0.08605	0.00633	0.00443	0.00138	0.00409	0.00490	0.25039	0.00663
20	0.01027	0.00671	0.00821	0.00712	0.00889	0.00659	0.00543	0.11440	0.01308	0.09930	0.33878	0.02701	0.06911	0.10513	0.04421	0.03647	0.02018	0.00682	0.02061	0.05170
21	0.03712	0.01224	0.19349	0.01004	0.01424	0.00862	0.03904	0.03146	0.05281	0.42682	0.02386	0.01548	0.01887	0.02484	0.00537	0.00158	0.01802	0.00467	0.04222	0.01921
22	0.01006	0.00569	0.00731	0.00723	0.00862	0.00529	0.00527	0.03254	0.03946	0.19125	0.06533	0.49346	0.08491	0.01206	0.00575	0.00179	0.00316	0.01069	0.00490	0.00520
23	0.00897	0.00582	0.00846	0.00793	0.00793	0.00689	0.00582	0.00766	0.00659	0.00924	0.00790	0.01369	0.00790	0.01473	0.01817	0.64303	0.21004	0.00422	0.00211	0.00291
24	0.01748	0.01946	0.01342	0.01176	0.01453	0.55625	0.00902	0.16495	0.07493	0.03566	0.03102	0.01094	0.00849	0.00543	0.00455	0.00133	0.00743	0.00373	0.00329	0.00631
25	0.01782	0.06746	0.01437	0.01225	0.01484	0.76688	0.00930	0.01909	0.01352	0.01184	0.00745	0.00869	0.00624	0.00495	0.00430	0.00124	0.00854	0.00309	0.00247	0.00565
26	0.00631	0.00484	0.00554	0.00580	0.00705	0.00425	0.00429	0.00762	0.01092	0.02850	0.11476	0.24210	0.47002	0.01272	0.00588	0.00174	0.00268	0.05617	0.00461	0.00420
27	0.86392	0.00937	0.00712	0.00637	0.00937	0.01087	0.00525	0.01425	0.00825	0.02174	0.00675	0.00787	0.00525	0.00450	0.00300	0.00150	0.00375	0.00262	0.00300	0.00525
28	0.00680	0.00493	0.00658	0.00756	0.00827	0.00480	0.00576	0.00860	0.03470	0.01366	0.05606	0.48417	0.04434	0.01402	0.00630	0.00203	0.00340	0.27921	0.00453	0.00427
29	0.01224	0.00546	0.00621	0.00555	0.00734	0.00517	0.00433	0.01440	0.01110	0.21586	0.01664	0.01767	0.01231	0.00573	0.00376	0.00122	0.00273	0.00461	0.64220	0.00546
