[name]
unknown

[dist]
# distance from previous block
# <min> <max>
0	36

[block]
# block no. 0 follows, 51 sequences, length 16
# corresponding to MSA columns:
# 38-53
name=unknown_A
#
# <colnr> <probs for GDERKNQSTAVLIFYWHMCP>
#	G	D	E	R	K	N	Q	S	T	A	V	L	I	F	Y	W	H	M	C	P
0	0.00762	0.00554	0.00751	0.00841	0.00960	0.00542	0.00723	0.00978	0.01149	0.01493	0.08564	0.05318	0.11037	0.01319	0.00661	0.00215	0.00415	0.62808	0.00459	0.00449
1	0.01258	0.69264	0.15844	0.00937	0.01409	0.01807	0.01008	0.01486	0.01005	0.01225	0.00717	0.00831	0.00629	0.00428	0.00341	0.00114	0.00560	0.00280	0.00210	0.00647
2	0.64781	0.12689	0.01079	0.03391	0.03299	0.05208	0.00651	0.01470	0.00900	0.01958	0.00701	0.00830	0.00562	0.00454	0.00324	0.00144	0.00441	0.00278	0.00284	0.00555
3	0.00675	0.00502	0.00628	0.00596	0.00721	0.00455	0.00447	0.00887	0.01342	0.01854	0.65914	0.03863	0.18201	0.01048	0.00580	0.00157	0.00235	0.00916	0.00526	0.00455
4	0.01107	0.01069	0.01370	0.03285	0.05307	0.06547	0.08306	0.01326	0.01019	0.01492	0.00842	0.01067	0.00710	0.00468	0.00606	0.00115	0.13911	0.00355	0.00267	0.50830
5	0.00696	0.00502	0.00657	0.00618	0.00734	0.00464	0.00464	0.00927	0.01391	0.01971	0.79405	0.03671	0.04637	0.01005	0.00580	0.00155	0.00232	0.00889	0.00541	0.00464
6	0.01216	0.01168	0.01995	0.03016	0.79664	0.01168	0.01508	0.01508	0.01119	0.01605	0.00924	0.01216	0.00778	0.00438	0.00487	0.00146	0.00584	0.00438	0.00243	0.00778
7	0.00581	0.00498	0.00498	0.00498	0.00664	0.00415	0.00373	0.00705	0.01120	0.01328	0.04978	0.04729	0.79464	0.01245	0.00581	0.00166	0.00249	0.01037	0.00456	0.00415
8	0.03725	0.01087	0.01227	0.00973	0.01318	0.01145	0.00793	0.38954	0.10508	0.22932	0.07860	0.01703	0.04194	0.00657	0.00499	0.00152	0.00452	0.00522	0.00521	0.00777
9	0.01055	0.02526	0.73743	0.01390	0.02077	0.07648	0.01745	0.01589	0.01067	0.01527	0.00872	0.01025	0.00623	0.00470	0.00465	0.00153	0.00739	0.00359	0.00211	0.00713
10	0.01420	0.01072	0.01777	0.10640	0.38956	0.01069	0.09494	0.06275	0.01239	0.18975	0.01216	0.03608	0.00931	0.00519	0.00503	0.00153	0.00570	0.00493	0.00343	0.00747
11	0.00704	0.00519	0.00753	0.00753	0.00828	0.00594	0.00568	0.00854	0.00779	0.01114	0.01350	0.02117	0.01309	0.15141	0.69437	0.00744	0.01195	0.00554	0.00268	0.00418
12	0.01177	0.01144	0.01993	0.05679	0.67598	0.01142	0.07702	0.01474	0.01117	0.01580	0.01083	0.01362	0.03769	0.00469	0.00498	0.00149	0.00594	0.00472	0.00251	0.00747
13	0.01081	0.00922	0.01145	0.11968	0.03559	0.00800	0.00743	0.07523	0.01122	0.01676	0.00900	0.01078	0.00728	0.00402	0.00395	0.00093	0.00424	0.00327	0.00296	0.64818
14	0.01019	0.00873	0.01019	0.00728	0.01165	0.00655	0.00582	0.01237	0.01019	0.01601	0.00873	0.01019	0.00728	0.00364	0.00364	0.00073	0.00364	0.00291	0.00291	0.85734
15	0.00995	0.00872	0.01223	0.26362	0.09848	0.00829	0.00908	0.01253	0.01016	0.01496	0.00960	0.03166	0.00798	0.00451	0.00422	0.00114	0.00469	0.00387	0.04498	0.43932

[dist]
# distance from previous block
# <min> <max>
0	1

[block]
# block no. 1 follows, 51 sequences, length 14
# corresponding to MSA columns:
# 56-69
name=unknown_B
#
# <colnr> <probs for GDERKNQSTAVLIFYWHMCP>
#	G	D	E	R	K	N	Q	S	T	A	V	L	I	F	Y	W	H	M	C	P
0	0.01096	0.01170	0.06822	0.16990	0.36795	0.07440	0.01236	0.03116	0.01137	0.01510	0.05165	0.08097	0.06078	0.00627	0.00505	0.00154	0.00568	0.00560	0.00288	0.00647
1	0.00632	0.00497	0.00587	0.00590	0.00713	0.00463	0.00436	0.00773	0.01062	0.01368	0.15862	0.10205	0.41780	0.06437	0.16053	0.00304	0.00467	0.00926	0.00424	0.00419
2	0.08189	0.02875	0.13104	0.01144	0.04127	0.03155	0.09190	0.03125	0.14427	0.07761	0.08758	0.04421	0.04974	0.00669	0.00589	0.00161	0.07783	0.00548	0.04359	0.00639
3	0.00625	0.00449	0.00585	0.00672	0.00714	0.00416	0.00448	0.00714	0.00941	0.01266	0.05165	0.70606	0.03095	0.08035	0.00768	0.00216	0.00301	0.01288	0.00441	0.03255
4	0.01107	0.00904	0.01047	0.00767	0.01189	0.00730	0.00614	0.04386	0.06315	0.04413	0.00998	0.01103	0.00801	0.00402	0.00383	0.00085	0.00374	0.00322	0.00324	0.73734
5	0.03331	0.00942	0.07640	0.01074	0.01373	0.00812	0.15014	0.01445	0.06335	0.13741	0.08841	0.04504	0.05298	0.01314	0.16447	0.00287	0.00666	0.06612	0.00383	0.03942
6	0.11987	0.01219	0.07623	0.01131	0.06641	0.01175	0.00913	0.29819	0.11093	0.17540	0.04965	0.01416	0.01110	0.00586	0.00472	0.00152	0.00482	0.00459	0.00455	0.00762
7	0.00702	0.00520	0.00660	0.00663	0.00763	0.00528	0.00487	0.00912	0.04831	0.01418	0.18566	0.15038	0.14768	0.09690	0.24201	0.00379	0.00591	0.00832	0.04014	0.00438
8	0.01157	0.01062	0.01198	0.03027	0.01294	0.15166	0.10396	0.09151	0.02875	0.05793	0.14994	0.07451	0.11178	0.03044	0.09750	0.00235	0.00615	0.00668	0.00389	0.00557
9	0.01380	0.01922	0.17155	0.01342	0.01670	0.37093	0.10461	0.01636	0.01199	0.01377	0.07143	0.01222	0.00970	0.00580	0.00648	0.00152	0.12767	0.00421	0.00261	0.00599
10	0.03100	0.01001	0.01627	0.26091	0.33368	0.01071	0.06384	0.05992	0.01141	0.03335	0.01031	0.01327	0.00807	0.00483	0.00473	0.00149	0.00566	0.00447	0.10949	0.00659
11	0.02530	0.00606	0.00770	0.00738	0.00901	0.00546	0.02703	0.00972	0.04742	0.01422	0.02143	0.47367	0.04247	0.02995	0.00585	0.00169	0.00331	0.02550	0.03108	0.20573
12	0.03431	0.00976	0.01069	0.00877	0.01189	0.06629	0.03849	0.06995	0.14861	0.05389	0.05070	0.09919	0.07461	0.00677	0.00469	0.00132	0.00418	0.00568	0.00394	0.29627
13	0.03740	0.21383	0.01628	0.20155	0.03949	0.02853	0.07743	0.03281	0.03130	0.01408	0.05807	0.15180	0.03595	0.00713	0.00517	0.00155	0.03287	0.00608	0.00304	0.00564

[dist]
# distance from previous block
# <min> <max>
3	13

[block]
# block no. 2 follows, 51 sequences, length 14
# corresponding to MSA columns:
# 83-96
name=unknown_C
#
# <colnr> <probs for GDERKNQSTAVLIFYWHMCP>
#	G	D	E	R	K	N	Q	S	T	A	V	L	I	F	Y	W	H	M	C	P
0	0.00966	0.00954	0.12598	0.00915	0.01186	0.00729	0.05660	0.01267	0.05373	0.08698	0.10064	0.12129	0.03574	0.08320	0.13972	0.00286	0.01640	0.00655	0.01572	0.09440
1	0.06689	0.06652	0.11680	0.06640	0.07980	0.06142	0.08841	0.06715	0.13447	0.07518	0.05313	0.01461	0.01098	0.00572	0.00531	0.00155	0.04478	0.01566	0.01845	0.00675
2	0.00726	0.00561	0.00835	0.00822	0.00904	0.00671	0.00644	0.00897	0.00787	0.01143	0.01274	0.01876	0.01191	0.03506	0.75740	0.00753	0.06443	0.00520	0.00260	0.00445
3	0.01269	0.49010	0.11234	0.00884	0.01273	0.07144	0.00880	0.05319	0.01103	0.01425	0.00901	0.01030	0.00752	0.00468	0.00356	0.00116	0.00523	0.00322	0.15375	0.00617
4	0.04664	0.00613	0.00663	0.00622	0.00705	0.00637	0.00412	0.11221	0.00994	0.01436	0.01554	0.08516	0.01642	0.51114	0.01708	0.00349	0.00434	0.00675	0.11632	0.00409
5	0.01330	0.05601	0.09267	0.05394	0.08424	0.05074	0.17330	0.15828	0.17254	0.04231	0.03214	0.01438	0.02245	0.00547	0.00501	0.00154	0.00598	0.00493	0.00358	0.00718
6	0.00657	0.00471	0.00590	0.00666	0.00701	0.00458	0.00436	0.00789	0.04826	0.01226	0.02408	0.60268	0.02828	0.20016	0.01048	0.00261	0.00334	0.01199	0.00422	0.00395
7	0.00986	0.02542	0.80183	0.01401	0.02127	0.01141	0.01816	0.01556	0.01038	0.01556	0.00882	0.01038	0.00623	0.00467	0.00467	0.00156	0.00726	0.00363	0.00208	0.00726
8	0.01157	0.04741	0.03790	0.31203	0.21666	0.03090	0.08546	0.04750	0.02766	0.03483	0.00927	0.01238	0.00731	0.00518	0.00609	0.00160	0.09279	0.00442	0.00255	0.00648
9	0.01659	0.03531	0.01442	0.05368	0.09147	0.24568	0.00969	0.26056	0.10927	0.08068	0.02731	0.01261	0.00942	0.00560	0.00476	0.00144	0.00618	0.00427	0.00388	0.00718
10	0.00854	0.00561	0.00709	0.00649	0.00803	0.00521	0.00495	0.01128	0.05160	0.09348	0.60799	0.03496	0.11623	0.00974	0.00568	0.00156	0.00259	0.00850	0.00537	0.00510
11	0.00681	0.00460	0.00595	0.00669	0.00735	0.00420	0.00461	0.00785	0.01010	0.05166	0.07402	0.65326	0.11593	0.01430	0.00613	0.00191	0.00285	0.01284	0.00469	0.00426
12	0.05186	0.06764	0.23197	0.01352	0.10884	0.07656	0.02704	0.13937	0.02947	0.16890	0.01232	0.01277	0.02728	0.00532	0.00466	0.00147	0.00589	0.00420	0.00355	0.00736
13	0.01171	0.01130	0.01953	0.14661	0.65287	0.01159	0.04489	0.01473	0.01100	0.01552	0.00920	0.01235	0.00759	0.00445	0.00491	0.00149	0.00604	0.00443	0.00240	0.00739

[dist]
# distance from previous block
# <min> <max>
0	23

[block]
# block no. 3 follows, 51 sequences, length 11
# corresponding to MSA columns:
# 120-130
name=unknown_D
#
# <colnr> <probs for GDERKNQSTAVLIFYWHMCP>
#	G	D	E	R	K	N	Q	S	T	A	V	L	I	F	Y	W	H	M	C	P
0	0.00813	0.00555	0.00705	0.00749	0.00877	0.00530	0.00590	0.01041	0.05390	0.06970	0.07101	0.26841	0.17938	0.01278	0.00617	0.00194	0.00347	0.26515	0.00473	0.00475
1	0.07289	0.05325	0.06750	0.04597	0.13064	0.05512	0.08727	0.07035	0.11894	0.08208	0.04886	0.01484	0.02991	0.00567	0.00519	0.00151	0.03936	0.00473	0.03848	0.02743
2	0.01033	0.02068	0.56000	0.09246	0.05596	0.01106	0.09059	0.01523	0.01063	0.04167	0.01082	0.01259	0.03604	0.00497	0.00486	0.00157	0.00695	0.00424	0.00237	0.00697
3	0.00804	0.00451	0.00660	0.04722	0.00792	0.00455	0.00477	0.00700	0.00738	0.00998	0.01287	0.19133	0.01381	0.01567	0.01508	0.59572	0.00400	0.00640	0.03435	0.00280
4	0.01011	0.01001	0.04951	0.47604	0.16883	0.01082	0.03167	0.04147	0.01064	0.01433	0.01144	0.01476	0.05056	0.00542	0.00538	0.00160	0.04006	0.00471	0.03665	0.00599
5	0.03051	0.01329	0.03827	0.09131	0.31630	0.11335	0.08300	0.10308	0.03126	0.07603	0.01017	0.01218	0.00787	0.00507	0.00544	0.00152	0.04684	0.00437	0.00303	0.00713
6	0.01180	0.00622	0.00803	0.00735	0.00927	0.00570	0.00563	0.04047	0.01222	0.26704	0.12814	0.25337	0.14034	0.01206	0.04988	0.00205	0.00385	0.02582	0.00507	0.00569
7	0.00995	0.00942	0.01595	0.63239	0.21169	0.01109	0.01398	0.01314	0.01014	0.01337	0.00885	0.01288	0.00684	0.00479	0.00490	0.00160	0.00638	0.00437	0.00224	0.00600
8	0.01193	0.03524	0.22747	0.05830	0.09890	0.04648	0.18715	0.10225	0.01222	0.04299	0.01130	0.07783	0.00948	0.00681	0.03394	0.00181	0.02099	0.00524	0.00291	0.00675
9	0.01357	0.04453	0.08084	0.08232	0.10652	0.02465	0.08291	0.08704	0.16358	0.15114	0.04159	0.05568	0.01221	0.00616	0.00527	0.00158	0.02404	0.00533	0.00393	0.00713
10	0.02723	0.01551	0.19401	0.01475	0.11403	0.14275	0.11770	0.02761	0.02228	0.13791	0.01263	0.01519	0.02615	0.00753	0.05705	0.00194	0.00697	0.03576	0.01626	0.00673

[dist]
# distance from previous block
# <min> <max>
0	1

[block]
# block no. 4 follows, 51 sequences, length 17
# corresponding to MSA columns:
# 132-148
name=unknown_E
#
# <colnr> <probs for GDERKNQSTAVLIFYWHMCP>
#	G	D	E	R	K	N	Q	S	T	A	V	L	I	F	Y	W	H	M	C	P
0	0.01128	0.05359	0.31963	0.01527	0.13260	0.10326	0.07262	0.01603	0.08973	0.01511	0.01126	0.06065	0.00944	0.00762	0.05878	0.00196	0.00702	0.00474	0.00270	0.00673
1	0.01601	0.06534	0.20059	0.01313	0.10486	0.08279	0.03928	0.01889	0.01229	0.33834	0.01388	0.05074	0.01013	0.00570	0.00480	0.00150	0.00568	0.00471	0.00394	0.00740
2	0.00927	0.00873	0.01472	0.71660	0.04675	0.01074	0.03056	0.01237	0.00980	0.01268	0.00963	0.05415	0.00791	0.00553	0.00534	0.00167	0.03091	0.00489	0.00232	0.00545
3	0.03050	0.01160	0.05442	0.21429	0.21215	0.06374	0.09656	0.01404	0.01944	0.03130	0.01115	0.03920	0.02677	0.00668	0.02465	0.00180	0.10246	0.03040	0.00264	0.00621
4	0.04962	0.01466	0.23400	0.01391	0.08254	0.01116	0.10599	0.08409	0.05242	0.14826	0.03785	0.01438	0.03324	0.00583	0.00608	0.00162	0.08907	0.00475	0.00346	0.00708
5	0.00965	0.00925	0.01607	0.70519	0.08910	0.01107	0.06463	0.01295	0.01004	0.01302	0.00885	0.01304	0.00670	0.00482	0.00497	0.00163	0.00661	0.00446	0.00222	0.00571
6	0.00776	0.00569	0.00800	0.00860	0.05531	0.00521	0.04336	0.00918	0.01065	0.06582	0.06103	0.41957	0.22843	0.01252	0.00596	0.00182	0.00333	0.03858	0.00447	0.00472
7	0.01225	0.12211	0.32430	0.05083	0.14116	0.01204	0.11034	0.03270	0.01124	0.10055	0.01045	0.03223	0.00801	0.00496	0.00473	0.00150	0.00639	0.00435	0.00275	0.00712
8	0.01125	0.01489	0.30147	0.10093	0.08449	0.00987	0.08692	0.01563	0.06258	0.11371	0.01383	0.13751	0.01188	0.00658	0.00512	0.00164	0.00587	0.00587	0.00324	0.00672
9	0.01045	0.03881	0.06552	0.20202	0.26098	0.01010	0.05695	0.01307	0.01025	0.04288	0.01211	0.12142	0.01138	0.06086	0.00672	0.00180	0.03236	0.00578	0.00280	0.03374
10	0.02708	0.05367	0.27232	0.18208	0.23829	0.06906	0.02670	0.01472	0.01067	0.01465	0.00942	0.04237	0.00775	0.00505	0.00474	0.00152	0.00653	0.00432	0.00235	0.00671
11	0.01108	0.01269	0.16022	0.09756	0.27707	0.01028	0.09355	0.01503	0.06256	0.05646	0.03385	0.07280	0.01167	0.00631	0.00551	0.02340	0.00581	0.03437	0.00302	0.00674
12	0.01291	0.01386	0.20563	0.08850	0.19323	0.03180	0.09775	0.01625	0.01158	0.17491	0.04836	0.01544	0.03109	0.03030	0.00561	0.00164	0.00598	0.00489	0.00328	0.00699
13	0.01120	0.11737	0.18685	0.19038	0.13465	0.03761	0.03009	0.03401	0.03693	0.04463	0.01114	0.06701	0.00952	0.03420	0.00538	0.00162	0.00589	0.00479	0.03032	0.00639
14	0.01181	0.01197	0.11251	0.06918	0.19141	0.01024	0.18981	0.04099	0.04131	0.09692	0.03679	0.05720	0.02145	0.00792	0.05862	0.00202	0.00652	0.02335	0.00323	0.00674
15	0.01092	0.01431	0.23516	0.16595	0.24971	0.01086	0.04632	0.04009	0.05281	0.03718	0.01154	0.08225	0.00976	0.00572	0.00499	0.00159	0.00605	0.00513	0.00279	0.00687
16	0.01107	0.11236	0.23794	0.07266	0.16759	0.03239	0.04069	0.02536	0.01071	0.04047	0.01132	0.09832	0.01021	0.00604	0.00512	0.00151	0.03217	0.02279	0.00273	0.05855

[dist]
# distance from previous block
# <min> <max>
9	91

[block]
# block no. 5 follows, 51 sequences, length 19
# corresponding to MSA columns:
# 355-373
name=unknown_F
#
# <colnr> <probs for GDERKNQSTAVLIFYWHMCP>
#	G	D	E	R	K	N	Q	S	T	A	V	L	I	F	Y	W	H	M	C	P
0	0.01448	0.01101	0.04312	0.03348	0.01448	0.07510	0.09788	0.07617	0.09252	0.22238	0.04693	0.04022	0.03704	0.00654	0.00560	0.00154	0.04965	0.02720	0.04571	0.05895
1	0.00998	0.00869	0.03262	0.00891	0.01141	0.03793	0.05846	0.06168	0.09238	0.03780	0.06930	0.05647	0.09573	0.03651	0.15746	0.00277	0.00601	0.04751	0.02835	0.14001
2	0.01499	0.05365	0.06991	0.01105	0.01451	0.16821	0.09216	0.15954	0.03007	0.13648	0.07092	0.01573	0.03270	0.03698	0.00556	0.00154	0.00579	0.00482	0.03645	0.03893
3	0.01372	0.03350	0.06212	0.01222	0.05585	0.09445	0.09752	0.21043	0.08047	0.03377	0.01128	0.02869	0.00904	0.03443	0.00536	0.00144	0.00560	0.00440	0.00351	0.20219
4	0.04509	0.01475	0.22459	0.01304	0.07643	0.07685	0.11034	0.07674	0.01122	0.01554	0.01225	0.04148	0.03774	0.15396	0.00872	0.00210	0.02295	0.00514	0.00284	0.04827
5	0.01305	0.10280	0.01508	0.01122	0.01387	0.13507	0.08033	0.09214	0.15825	0.03902	0.02583	0.06409	0.01149	0.00797	0.04089	0.00183	0.11535	0.02019	0.00347	0.04806
6	0.03809	0.03801	0.01390	0.03389	0.01494	0.23233	0.03578	0.22244	0.17470	0.01967	0.01144	0.01201	0.00878	0.00548	0.00487	0.00139	0.02609	0.00409	0.00370	0.09840
7	0.00608	0.00499	0.00539	0.00552	0.00700	0.00430	0.00419	0.00746	0.01131	0.01386	0.10721	0.09947	0.62256	0.01254	0.00591	0.00172	0.00266	0.06900	0.00463	0.00421
8	0.00607	0.00431	0.00568	0.00674	0.00701	0.00404	0.00445	0.00686	0.00926	0.01234	0.02630	0.77065	0.03152	0.07017	0.00754	0.00218	0.00298	0.01351	0.00445	0.00392
9	0.01128	0.01059	0.01714	0.04595	0.02893	0.01096	0.28260	0.06910	0.25864	0.01800	0.04122	0.05172	0.03674	0.00695	0.00556	0.00172	0.00563	0.08678	0.00388	0.00662
10	0.01019	0.00873	0.01019	0.00728	0.01165	0.00655	0.00582	0.01237	0.01019	0.01601	0.00873	0.01019	0.00728	0.00364	0.00364	0.00073	0.00364	0.00291	0.00291	0.85734
11	0.00975	0.00896	0.01292	0.01059	0.01333	0.00917	0.17695	0.01667	0.31008	0.01771	0.15532	0.02685	0.19446	0.00798	0.00549	0.00164	0.00428	0.00726	0.00441	0.00617
12	0.00918	0.00817	0.01202	0.00996	0.05043	0.00693	0.13051	0.01153	0.01108	0.01597	0.12227	0.06489	0.12777	0.00662	0.00479	0.00124	0.00406	0.00600	0.03384	0.36274
13	0.00788	0.00534	0.00670	0.00676	0.00795	0.00504	0.00500	0.01001	0.04925	0.07086	0.24635	0.26975	0.15749	0.04531	0.03050	0.00207	0.00328	0.06093	0.00481	0.00470
14	0.03956	0.01169	0.01561	0.05597	0.13358	0.03486	0.10535	0.30370	0.03314	0.05805	0.01275	0.01449	0.03849	0.03024	0.04464	0.00188	0.00601	0.00481	0.00375	0.05145
15	0.01118	0.05500	0.03526	0.02818	0.01319	0.04420	0.07899	0.12788	0.05583	0.01708	0.03155	0.16531	0.01393	0.03135	0.01748	0.00162	0.03737	0.00609	0.03808	0.19042
16	0.01222	0.01170	0.01278	0.01069	0.03112	0.14238	0.07541	0.06541	0.09906	0.03304	0.03132	0.05420	0.03840	0.03087	0.01942	0.00154	0.05970	0.00489	0.00338	0.26247
17	0.02545	0.09587	0.01180	0.03151	0.01179	0.08951	0.00720	0.10093	0.01275	0.15745	0.12950	0.03329	0.01611	0.03068	0.14438	0.00263	0.01552	0.02771	0.01729	0.03863
18	0.04425	0.02421	0.07237	0.01236	0.10396	0.11779	0.05806	0.06449	0.09039	0.03319	0.10633	0.05506	0.01433	0.03491	0.00546	0.00150	0.00520	0.00516	0.00350	0.14749

[dist]
# distance from previous block
# <min> <max>
1	45

[block]
# block no. 6 follows, 51 sequences, length 16
# corresponding to MSA columns:
# 431-446
name=unknown_G
#
# <colnr> <probs for GDERKNQSTAVLIFYWHMCP>
#	G	D	E	R	K	N	Q	S	T	A	V	L	I	F	Y	W	H	M	C	P
0	0.03137	0.13904	0.03077	0.00998	0.03587	0.07826	0.02399	0.06164	0.03265	0.06028	0.03138	0.09429	0.06900	0.03210	0.10485	0.00242	0.10787	0.01960	0.00332	0.03132
1	0.01424	0.03878	0.03058	0.01192	0.06100	0.20704	0.03289	0.11486	0.03320	0.08942	0.07385	0.02868	0.04874	0.00659	0.00650	0.00151	0.12813	0.00486	0.01777	0.04944
2	0.01161	0.01164	0.03651	0.03219	0.28338	0.10357	0.03298	0.05743	0.03637	0.01639	0.12674	0.01888	0.03857	0.00748	0.03075	0.00174	0.06838	0.04406	0.00326	0.03805
3	0.01197	0.05511	0.03273	0.06568	0.16492	0.17396	0.05849	0.06630	0.03672	0.01544	0.06380	0.12398	0.06722	0.00723	0.00507	0.00152	0.00567	0.01937	0.00332	0.02149
4	0.02781	0.01227	0.02906	0.01054	0.03696	0.17232	0.03168	0.17736	0.09333	0.03831	0.09474	0.05766	0.09378	0.01002	0.07464	0.00208	0.00597	0.02129	0.00401	0.00618
5	0.12843	0.11060	0.05391	0.01210	0.05185	0.32119	0.03256	0.17912	0.01432	0.03979	0.00884	0.00984	0.00688	0.00503	0.00429	0.00136	0.00668	0.00351	0.00313	0.00656
6	0.19376	0.02526	0.01224	0.04909	0.07397	0.03829	0.02754	0.09391	0.12542	0.09956	0.01249	0.05561	0.01021	0.00614	0.00539	0.00155	0.06935	0.01852	0.00372	0.07798
7	0.00669	0.04786	0.00655	0.00621	0.00681	0.00506	0.00416	0.00738	0.00900	0.01168	0.02571	0.42962	0.13498	0.26172	0.01175	0.00274	0.00351	0.01079	0.00395	0.00383
8	0.01585	0.25838	0.01695	0.01099	0.01405	0.44967	0.00890	0.01921	0.13574	0.01325	0.00934	0.01008	0.00770	0.00507	0.00415	0.00127	0.00701	0.00339	0.00280	0.00621
9	0.00675	0.00494	0.00657	0.00676	0.00740	0.00522	0.00481	0.00785	0.00833	0.01133	0.02016	0.15880	0.10479	0.22958	0.38819	0.00543	0.00815	0.00775	0.00326	0.00394
10	0.01728	0.01206	0.05198	0.08047	0.15178	0.01189	0.01053	0.34066	0.01686	0.23694	0.01304	0.01325	0.00905	0.00555	0.00490	0.00150	0.00533	0.00452	0.00444	0.00797
11	0.01259	0.75549	0.02404	0.00827	0.01214	0.01819	0.00808	0.01411	0.00977	0.01148	0.00749	0.00941	0.00706	0.03731	0.04620	0.00155	0.00565	0.00294	0.00216	0.00608
12	0.00715	0.00476	0.00536	0.00536	0.00536	0.00476	0.00298	0.00715	0.00715	0.00953	0.01548	0.03216	0.01787	0.82729	0.02501	0.00476	0.00476	0.00715	0.00298	0.00298
13	0.01065	0.25225	0.54461	0.01213	0.01823	0.01344	0.01483	0.01500	0.01015	0.01423	0.00846	0.01009	0.00654	0.00606	0.04225	0.00171	0.00697	0.00342	0.00211	0.00686
14	0.01756	0.04816	0.04848	0.01135	0.01446	0.42930	0.00918	0.12389	0.03429	0.14624	0.01084	0.01152	0.00818	0.00737	0.05597	0.00178	0.00755	0.00383	0.00348	0.00657
15	0.01347	0.77862	0.02499	0.00868	0.01278	0.06988	0.00848	0.01503	0.01024	0.01159	0.00688	0.00795	0.00631	0.00426	0.00324	0.00106	0.00549	0.00266	0.00213	0.00627

[dist]
# distance from previous block
# <min> <max>
0	2

[block]
# block no. 7 follows, 51 sequences, length 24
# corresponding to MSA columns:
# 449-472
name=unknown_H
#
# <colnr> <probs for GDERKNQSTAVLIFYWHMCP>
#	G	D	E	R	K	N	Q	S	T	A	V	L	I	F	Y	W	H	M	C	P
0	0.01800	0.01343	0.01436	0.01117	0.01498	0.01492	0.00918	0.70073	0.10374	0.02987	0.01266	0.01249	0.00906	0.00598	0.00492	0.00150	0.00525	0.00454	0.00492	0.00830
1	0.01832	0.01359	0.01455	0.01123	0.01510	0.01507	0.00925	0.73819	0.06575	0.03039	0.01226	0.01216	0.00873	0.00594	0.00492	0.00149	0.00532	0.00449	0.00492	0.00833
2	0.01019	0.00873	0.01019	0.00728	0.01165	0.00655	0.00582	0.01237	0.01019	0.01601	0.00873	0.01019	0.00728	0.00364	0.00364	0.00073	0.00364	0.00291	0.00291	0.85734
3	0.00715	0.00476	0.00536	0.00536	0.00536	0.00476	0.00298	0.00715	0.00715	0.00953	0.01548	0.03216	0.01787	0.82729	0.02501	0.00476	0.00476	0.00715	0.00298	0.00298
4	0.01314	0.83025	0.02575	0.00841	0.01261	0.01945	0.00841	0.01472	0.00999	0.01156	0.00683	0.00788	0.00631	0.00420	0.00315	0.00105	0.00526	0.00263	0.00210	0.00631
5	0.01756	0.02209	0.01404	0.01269	0.01495	0.72399	0.00963	0.01880	0.01325	0.01201	0.00748	0.00906	0.00634	0.00544	0.00566	0.00136	0.09422	0.00328	0.00249	0.00566
6	0.00724	0.00531	0.00702	0.00775	0.00888	0.00509	0.00642	0.00920	0.01147	0.01497	0.14043	0.13249	0.15451	0.01308	0.00643	0.00203	0.00370	0.45490	0.00466	0.00442
7	0.00986	0.02542	0.80183	0.01401	0.02127	0.01141	0.01816	0.01556	0.01038	0.01556	0.00882	0.01038	0.00623	0.00467	0.00467	0.00156	0.00726	0.00363	0.00208	0.00726
8	0.00619	0.00442	0.00594	0.00708	0.00745	0.00417	0.00492	0.00719	0.00961	0.01277	0.02697	0.74303	0.03206	0.01520	0.00633	0.00202	0.00303	0.09302	0.00456	0.00405
9	0.01205	0.01157	0.01975	0.05963	0.76801	0.01165	0.01503	0.01499	0.01114	0.01592	0.00922	0.01220	0.00774	0.00440	0.00487	0.00147	0.00586	0.00438	0.00242	0.00770
10	0.01330	0.01109	0.01172	0.01022	0.01319	0.01272	0.00804	0.15147	0.66066	0.02229	0.01864	0.01725	0.01390	0.00654	0.00499	0.00163	0.00414	0.00537	0.00499	0.00787
11	0.00609	0.00503	0.00540	0.00561	0.00713	0.00434	0.00433	0.00745	0.01112	0.01342	0.04543	0.09109	0.65265	0.01276	0.00596	0.00176	0.00277	0.10892	0.00456	0.00419
12	0.01836	0.02342	0.01393	0.01266	0.01519	0.80756	0.00950	0.01962	0.01393	0.01203	0.00760	0.00886	0.00633	0.00506	0.00443	0.00127	0.00886	0.00317	0.00253	0.00570
13	0.01249	0.67119	0.17913	0.00951	0.01432	0.01786	0.01034	0.01488	0.01006	0.01235	0.00722	0.00838	0.00629	0.00430	0.00345	0.00115	0.00565	0.00283	0.00210	0.00650
14	0.00716	0.00516	0.00702	0.00809	0.00897	0.00502	0.00657	0.00890	0.01067	0.01391	0.02768	0.31004	0.07184	0.01412	0.00656	0.00214	0.00386	0.47340	0.00454	0.00433
15	0.01132	0.21925	0.57054	0.01236	0.01869	0.01313	0.01520	0.01582	0.01048	0.05775	0.00892	0.01012	0.00657	0.00463	0.00432	0.00143	0.00661	0.00346	0.00230	0.00709
16	0.00860	0.01601	0.43544	0.01036	0.01485	0.00818	0.01183	0.01233	0.01087	0.03711	0.10392	0.13850	0.15546	0.00824	0.00524	0.00164	0.00515	0.00695	0.00335	0.00598
17	0.00599	0.00428	0.00570	0.00684	0.00713	0.00399	0.00456	0.00684	0.00941	0.01254	0.02709	0.82409	0.03250	0.01540	0.00627	0.00200	0.00285	0.01397	0.00456	0.00399
18	0.02205	0.00836	0.01140	0.00874	0.01254	0.00722	0.00722	0.02395	0.01407	0.80004	0.01939	0.01673	0.01216	0.00608	0.00494	0.00152	0.00418	0.00494	0.00608	0.00836
19	0.01237	0.01330	0.04696	0.01984	0.10468	0.01285	0.52948	0.10404	0.01255	0.01724	0.00979	0.01270	0.00748	0.00472	0.00635	0.00165	0.06910	0.00532	0.00272	0.00687
20	0.00690	0.00502	0.00650	0.00613	0.00731	0.00462	0.00460	0.00917	0.01379	0.01942	0.76074	0.03718	0.07986	0.01015	0.00580	0.00155	0.00233	0.00895	0.00537	0.00462
21	0.00603	0.00432	0.00579	0.00688	0.00719	0.00408	0.00462	0.00692	0.00935	0.01250	0.02654	0.79279	0.03172	0.01623	0.03744	0.00223	0.00325	0.01363	0.00449	0.00401
22	0.02961	0.01376	0.03892	0.01905	0.09766	0.07728	0.46879	0.04963	0.01160	0.01573	0.00919	0.01221	0.00723	0.00496	0.00693	0.00166	0.12162	0.00507	0.00255	0.00655
23	0.03377	0.01172	0.01323	0.01025	0.01398	0.09291	0.07927	0.20640	0.04353	0.06758	0.01171	0.06350	0.00963	0.00544	0.00453	0.00124	0.00506	0.00451	0.00372	0.31803

[dist]
# distance from previous block
# <min> <max>
0	3

[block]
# block no. 8 follows, 51 sequences, length 7
# corresponding to MSA columns:
# 476-482
name=unknown_I
#
# <colnr> <probs for GDERKNQSTAVLIFYWHMCP>
#	G	D	E	R	K	N	Q	S	T	A	V	L	I	F	Y	W	H	M	C	P
0	0.01354	0.01258	0.09517	0.01230	0.07570	0.03314	0.04082	0.29152	0.05057	0.04950	0.04120	0.05293	0.04799	0.02038	0.03934	0.00185	0.05875	0.00530	0.00388	0.05353
1	0.04661	0.02808	0.05900	0.01298	0.05177	0.06296	0.18272	0.17885	0.06780	0.01956	0.08331	0.01616	0.03807	0.00574	0.00495	0.00145	0.00562	0.01907	0.00360	0.11170
2	0.05047	0.03136	0.01362	0.04861	0.05463	0.16216	0.08972	0.09434	0.07586	0.01609	0.09028	0.01473	0.01193	0.00775	0.00778	0.14538	0.04390	0.00467	0.00319	0.03353
3	0.01321	0.01072	0.01330	0.01158	0.05786	0.07063	0.07755	0.15483	0.05800	0.10461	0.06936	0.04484	0.07149	0.00851	0.05038	0.00188	0.08455	0.00555	0.00392	0.08724
4	0.01181	0.04989	0.10961	0.01151	0.09748	0.09316	0.02961	0.04714	0.07527	0.04021	0.03201	0.03519	0.03475	0.00548	0.00438	0.00128	0.00491	0.00449	0.12313	0.18870
5	0.01263	0.02794	0.07866	0.04772	0.05971	0.10075	0.08568	0.09392	0.03705	0.08231	0.05921	0.01613	0.06240	0.00780	0.05703	0.00182	0.02470	0.00487	0.00344	0.13624
6	0.03567	0.03773	0.04580	0.04469	0.04804	0.03713	0.14538	0.10055	0.06871	0.11889	0.05509	0.03833	0.03754	0.00710	0.02888	0.00169	0.00554	0.04086	0.00379	0.09860

[dist]
# distance from previous block
# <min> <max>
28	651

[block]
# block no. 9 follows, 51 sequences, length 15
# corresponding to MSA columns:
# 1176-1190
name=unknown_J
#
# <colnr> <probs for GDERKNQSTAVLIFYWHMCP>
#	G	D	E	R	K	N	Q	S	T	A	V	L	I	F	Y	W	H	M	C	P
0	0.02637	0.03152	0.14803	0.01276	0.09994	0.07221	0.03084	0.15231	0.06356	0.09628	0.06511	0.05501	0.01316	0.00642	0.00493	0.00151	0.00537	0.04614	0.00380	0.06473
1	0.01294	0.10886	0.05300	0.04531	0.03145	0.23201	0.03951	0.08124	0.05109	0.02679	0.05647	0.09665	0.01276	0.00955	0.08183	0.00208	0.02995	0.00526	0.01736	0.00590
2	0.04614	0.03493	0.05881	0.01274	0.08487	0.22071	0.04834	0.11331	0.05742	0.04581	0.03402	0.03236	0.06957	0.00623	0.00556	0.00147	0.06455	0.00477	0.00335	0.05503
3	0.03763	0.08251	0.08868	0.02933	0.06516	0.02487	0.11038	0.03721	0.06834	0.04909	0.01532	0.11960	0.06565	0.00757	0.01576	0.00168	0.10229	0.00598	0.03326	0.03968
4	0.07143	0.04722	0.08576	0.01009	0.01313	0.07470	0.06913	0.13664	0.05573	0.07692	0.09269	0.07115	0.06955	0.03111	0.00587	0.00166	0.02696	0.02876	0.02531	0.00618
5	0.02539	0.10301	0.06708	0.06010	0.13020	0.17652	0.00969	0.07109	0.04597	0.05894	0.11260	0.04179	0.03505	0.00614	0.00471	0.00141	0.00559	0.00495	0.00341	0.03637
6	0.01509	0.03541	0.09994	0.04423	0.01503	0.03029	0.03628	0.29039	0.03732	0.16201	0.06441	0.07720	0.02459	0.00665	0.00499	0.00151	0.00507	0.00548	0.00440	0.03971
7	0.01253	0.04321	0.09543	0.11896	0.28732	0.18287	0.01223	0.01519	0.01141	0.02986	0.01051	0.04697	0.00929	0.00556	0.00479	0.00146	0.00635	0.04551	0.00268	0.05787
8	0.01407	0.01168	0.01393	0.03484	0.03105	0.05445	0.04962	0.34295	0.01528	0.02091	0.01045	0.01256	0.00831	0.00919	0.08355	0.02286	0.14309	0.00437	0.04368	0.07314
9	0.01133	0.01035	0.01579	0.36032	0.27354	0.02654	0.01270	0.09556	0.01193	0.01614	0.05650	0.01384	0.00955	0.00527	0.00534	0.00155	0.03692	0.00458	0.00278	0.02948
10	0.01656	0.05829	0.08265	0.01115	0.01498	0.10268	0.00972	0.49397	0.06563	0.02497	0.01183	0.01292	0.00892	0.00585	0.00474	0.00146	0.00571	0.02391	0.03650	0.00758
11	0.00718	0.00625	0.04516	0.00664	0.00833	0.00507	0.00544	0.00951	0.01303	0.01816	0.56975	0.03651	0.13902	0.00996	0.00569	0.00156	0.00279	0.05404	0.00495	0.05098
12	0.01328	0.01040	0.01186	0.00904	0.01283	0.01006	0.00733	0.26832	0.05550	0.04054	0.01074	0.01178	0.00838	0.00641	0.04360	0.00145	0.03564	0.00377	0.00373	0.43533
13	0.01365	0.36519	0.01728	0.00978	0.05444	0.10318	0.00791	0.01615	0.06671	0.12925	0.04488	0.06686	0.07306	0.00635	0.00430	0.00134	0.00495	0.00491	0.00344	0.00634
14	0.00587	0.00488	0.00514	0.00529	0.00673	0.00414	0.00389	0.00709	0.01102	0.01337	0.07023	0.16213	0.65770	0.01281	0.00588	0.00171	0.00254	0.01086	0.00459	0.00414

[dist]
# distance from previous block
# <min> <max>
0	1

[block]
# block no. 10 follows, 51 sequences, length 8
# corresponding to MSA columns:
# 1192-1199
name=unknown_K
#
# <colnr> <probs for GDERKNQSTAVLIFYWHMCP>
#	G	D	E	R	K	N	Q	S	T	A	V	L	I	F	Y	W	H	M	C	P
0	0.01171	0.01185	0.07608	0.21846	0.22154	0.01146	0.13899	0.07313	0.09484	0.04018	0.01161	0.04770	0.00930	0.00537	0.00510	0.00159	0.00611	0.00511	0.00301	0.00687
1	0.01152	0.04113	0.45172	0.01351	0.01891	0.09747	0.08989	0.06836	0.04117	0.01625	0.01121	0.01565	0.00920	0.00576	0.00497	0.00160	0.00694	0.08519	0.00273	0.00681
2	0.00605	0.00438	0.00572	0.00667	0.00711	0.00405	0.00451	0.00704	0.00987	0.01313	0.08621	0.71161	0.08591	0.01479	0.00620	0.00194	0.00279	0.01334	0.00463	0.00405
3	0.01352	0.08273	0.20112	0.04922	0.06800	0.08567	0.21321	0.19352	0.01397	0.01845	0.00956	0.01135	0.00717	0.00481	0.00490	0.00149	0.00697	0.00434	0.00291	0.00709
4	0.07803	0.13027	0.10912	0.10928	0.17485	0.04227	0.01125	0.10945	0.04024	0.05036	0.01139	0.03525	0.00968	0.00580	0.00464	0.00152	0.00560	0.06116	0.00313	0.00672
5	0.01127	0.13417	0.49399	0.01154	0.01724	0.01134	0.01369	0.01579	0.03821	0.09885	0.01449	0.01498	0.09242	0.00567	0.00462	0.00150	0.00602	0.00443	0.00288	0.00693
6	0.00776	0.00709	0.06795	0.00761	0.00907	0.00587	0.00605	0.09061	0.01174	0.01582	0.13323	0.49391	0.09923	0.01254	0.00590	0.00181	0.00336	0.01112	0.00453	0.00481
7	0.01192	0.07199	0.12882	0.08664	0.11808	0.06645	0.09500	0.01603	0.09298	0.08957	0.09634	0.07772	0.01440	0.00633	0.00502	0.00155	0.00558	0.00561	0.00344	0.00654

[dist]
# distance from previous block
# <min> <max>
18	80

[block]
# block no. 11 follows, 51 sequences, length 8
# corresponding to MSA columns:
# 1297-1304
name=unknown_L
#
# <colnr> <probs for GDERKNQSTAVLIFYWHMCP>
#	G	D	E	R	K	N	Q	S	T	A	V	L	I	F	Y	W	H	M	C	P
0	0.04356	0.04577	0.03027	0.02306	0.05853	0.03147	0.13013	0.18685	0.11027	0.06819	0.04330	0.07531	0.02911	0.01775	0.00569	0.00159	0.03564	0.00558	0.00388	0.05406
1	0.03778	0.04051	0.09354	0.06426	0.08166	0.10045	0.04274	0.15438	0.09140	0.04378	0.09698	0.02925	0.01305	0.01769	0.00529	0.00152	0.01965	0.00490	0.01943	0.04174
2	0.01164	0.05923	0.15289	0.01383	0.14928	0.03439	0.04454	0.08320	0.07837	0.05308	0.10672	0.05306	0.03017	0.04382	0.00627	0.00167	0.03551	0.00547	0.00349	0.03335
3	0.00928	0.09027	0.08324	0.00925	0.04122	0.06201	0.00742	0.02951	0.04322	0.01408	0.06030	0.28717	0.04861	0.04707	0.05971	0.00214	0.02099	0.00785	0.00357	0.07308
4	0.05077	0.04213	0.11024	0.03564	0.04386	0.00928	0.00864	0.09134	0.07563	0.10202	0.05016	0.04849	0.01294	0.03777	0.02879	0.00172	0.00488	0.05117	0.00373	0.19082
5	0.01437	0.15481	0.04959	0.05496	0.01591	0.35505	0.06077	0.01764	0.09895	0.01370	0.03907	0.01156	0.00894	0.00540	0.00521	0.00139	0.06056	0.00389	0.00279	0.02541
6	0.00918	0.00876	0.05700	0.00883	0.01159	0.00745	0.05801	0.05672	0.05471	0.01568	0.03733	0.21453	0.10118	0.00973	0.04207	0.00175	0.03646	0.00720	0.00367	0.25815
7	0.00746	0.00544	0.00673	0.00694	0.00768	0.00557	0.00483	0.05936	0.03159	0.01312	0.02213	0.35326	0.07749	0.21151	0.16010	0.00369	0.00540	0.00959	0.00386	0.00423

[dist]
# distance from previous block
# <min> <max>
0	1

[block]
# block no. 12 follows, 51 sequences, length 31
# corresponding to MSA columns:
# 1306-1329,1333-1339
name=unknown_M
#
# <colnr> <probs for GDERKNQSTAVLIFYWHMCP>
#	G	D	E	R	K	N	Q	S	T	A	V	L	I	F	Y	W	H	M	C	P
0	0.02916	0.12806	0.07122	0.05691	0.01519	0.08799	0.04361	0.20830	0.06329	0.07079	0.01291	0.10757	0.01121	0.00658	0.00499	0.00149	0.02254	0.01500	0.00369	0.03950
1	0.06419	0.12389	0.10569	0.03509	0.22231	0.06247	0.14755	0.10282	0.01240	0.04455	0.00980	0.02985	0.00788	0.00490	0.00468	0.00146	0.00626	0.00438	0.00286	0.00699
2	0.00644	0.00461	0.00610	0.00713	0.00758	0.00439	0.00496	0.02483	0.00989	0.01315	0.02664	0.73944	0.03159	0.01502	0.00629	0.00201	0.00305	0.07818	0.00457	0.00414
3	0.01530	0.04576	0.01329	0.01041	0.02600	0.07086	0.00830	0.32006	0.17181	0.06509	0.01280	0.01299	0.00959	0.00612	0.01757	0.00148	0.02710	0.00429	0.02210	0.13910
4	0.05680	0.05549	0.22093	0.01065	0.03530	0.01016	0.03256	0.11767	0.03042	0.04712	0.05258	0.04454	0.01047	0.00530	0.00442	0.00130	0.00504	0.00430	0.00327	0.25167
5	0.03029	0.10167	0.18385	0.02834	0.16308	0.08355	0.05368	0.09794	0.06130	0.02859	0.00972	0.01120	0.00758	0.00482	0.00474	0.00139	0.02306	0.00390	0.00287	0.09842
6	0.01393	0.26273	0.08898	0.01015	0.04249	0.05531	0.00890	0.11276	0.01265	0.14668	0.01390	0.11925	0.01249	0.00689	0.00459	0.00146	0.00507	0.05168	0.02354	0.00657
7	0.01078	0.01139	0.02283	0.10949	0.17688	0.01111	0.45049	0.01420	0.01110	0.01509	0.01227	0.09005	0.02927	0.00554	0.00556	0.00165	0.00695	0.00624	0.00269	0.00642
8	0.02709	0.04491	0.06956	0.08235	0.29964	0.10950	0.06240	0.06748	0.04405	0.05496	0.01100	0.04290	0.00914	0.02752	0.00534	0.00157	0.00605	0.00469	0.02298	0.00685
9	0.00642	0.00471	0.00602	0.00693	0.00753	0.00447	0.00489	0.00783	0.03257	0.01300	0.02879	0.59820	0.11372	0.04482	0.00694	0.00208	0.00311	0.09932	0.00451	0.00414
10	0.01359	0.00647	0.00824	0.00697	0.00924	0.00590	0.00551	0.03567	0.01342	0.32480	0.29654	0.02475	0.04162	0.00756	0.00496	0.00146	0.00313	0.00639	0.17762	0.00617
11	0.01100	0.03134	0.09985	0.14940	0.31650	0.01102	0.15684	0.01451	0.02823	0.03202	0.01144	0.08077	0.01001	0.00562	0.00514	0.00159	0.00619	0.01907	0.00271	0.00674
12	0.01186	0.01240	0.01777	0.16219	0.15151	0.11543	0.14983	0.03425	0.01055	0.01388	0.00863	0.01213	0.00724	0.00749	0.05336	0.00205	0.21641	0.00451	0.00241	0.00609
13	0.00610	0.00483	0.00546	0.00581	0.00698	0.00425	0.00424	0.00733	0.01075	0.01343	0.08695	0.25492	0.47028	0.04180	0.00667	0.00189	0.00278	0.05686	0.00456	0.00412
14	0.06690	0.01292	0.01441	0.01136	0.01463	0.04001	0.03271	0.50233	0.04773	0.07574	0.01136	0.01194	0.00831	0.00616	0.00639	0.00158	0.11919	0.00438	0.00434	0.00760
15	0.13352	0.26232	0.15466	0.01039	0.01465	0.04660	0.05658	0.12602	0.02715	0.06515	0.01005	0.04102	0.00814	0.00522	0.00414	0.00139	0.00553	0.00394	0.01687	0.00666
16	0.00784	0.00560	0.00783	0.00896	0.01006	0.00559	0.00778	0.01004	0.01123	0.01462	0.02606	0.08712	0.02846	0.01365	0.00677	0.00225	0.00446	0.73266	0.00453	0.00450
17	0.86201	0.00950	0.00722	0.00646	0.00950	0.01102	0.00532	0.01445	0.00836	0.02205	0.00684	0.00798	0.00532	0.00456	0.00304	0.00152	0.00380	0.00266	0.00304	0.00532
18	0.00715	0.00476	0.00536	0.00536	0.00536	0.00476	0.00298	0.00715	0.00715	0.00953	0.01548	0.03216	0.01787	0.82729	0.02501	0.00476	0.00476	0.00715	0.00298	0.00298
19	0.01234	0.00982	0.01093	0.00804	0.01225	0.03764	0.00646	0.09879	0.01206	0.07683	0.00984	0.01081	0.00773	0.00413	0.00391	0.00089	0.00407	0.00324	0.00336	0.66688
20	0.00696	0.00558	0.00853	0.03125	0.06636	0.00538	0.05277	0.00837	0.00995	0.01343	0.07410	0.59873	0.04220	0.01402	0.03589	0.00211	0.00384	0.01180	0.00420	0.00453
21	0.05478	0.19618	0.18448	0.03881	0.03461	0.01302	0.01031	0.19499	0.02697	0.05215	0.01003	0.01102	0.00762	0.00490	0.00417	0.00132	0.00531	0.00366	0.05120	0.09447
22	0.00922	0.00863	0.01452	0.76747	0.05000	0.01068	0.01334	0.01240	0.00984	0.01263	0.00943	0.04353	0.00755	0.00529	0.00496	0.00165	0.00640	0.00473	0.00228	0.00546
23	0.01117	0.00619	0.00808	0.00703	0.00896	0.00570	0.00547	0.02959	0.03262	0.21883	0.56173	0.03065	0.03611	0.00887	0.00554	0.00154	0.00290	0.00771	0.00556	0.00574
24	0.01942	0.00799	0.01066	0.00837	0.01177	0.00705	0.00684	0.03786	0.02640	0.64891	0.11222	0.02017	0.04576	0.00680	0.00508	0.00153	0.00392	0.00561	0.00590	0.00775
25	0.01008	0.00889	0.01477	0.66799	0.09093	0.01077	0.01311	0.01303	0.00993	0.04612	0.00914	0.01315	0.00694	0.00541	0.00572	0.02673	0.03486	0.00439	0.00237	0.00566
26	0.01516	0.00704	0.00921	0.00761	0.01029	0.00629	0.00608	0.01764	0.04567	0.43696	0.28610	0.02613	0.08842	0.00798	0.00531	0.00155	0.00339	0.00676	0.00568	0.00672
27	0.00785	0.00513	0.00568	0.00557	0.00687	0.00486	0.00415	0.04081	0.01179	0.01725	0.20440	0.11772	0.22052	0.00949	0.00495	0.00147	0.00254	0.00806	0.31634	0.00457
28	0.06129	0.01207	0.07993	0.10688	0.11622	0.05117	0.10716	0.11140	0.08931	0.03465	0.01347	0.11002	0.02508	0.00659	0.00548	0.00162	0.03853	0.00572	0.01691	0.00650
29	0.00893	0.09567	0.14419	0.13062	0.03612	0.03311	0.00938	0.01137	0.01037	0.02748	0.04799	0.23691	0.07583	0.01029	0.03517	0.00192	0.00517	0.07075	0.00339	0.00533
30	0.00642	0.00461	0.00565	0.00613	0.00678	0.00427	0.00417	0.00754	0.01023	0.01376	0.16979	0.41084	0.15412	0.13063	0.00871	0.00223	0.00295	0.01113	0.03603	0.00401

[dist]
# distance from previous block
# <min> <max>
0	1

[block]
# block no. 13 follows, 51 sequences, length 14
# corresponding to MSA columns:
# 1341-1354
name=unknown_N
#
# <colnr> <probs for GDERKNQSTAVLIFYWHMCP>
#	G	D	E	R	K	N	Q	S	T	A	V	L	I	F	Y	W	H	M	C	P
0	0.68841	0.00986	0.00967	0.07534	0.03945	0.01126	0.04625	0.04168	0.00927	0.02105	0.00742	0.00896	0.00573	0.00461	0.00347	0.00153	0.00439	0.00309	0.00299	0.00559
1	0.01130	0.10879	0.19791	0.02347	0.05039	0.08964	0.08696	0.02751	0.07062	0.03962	0.10992	0.01888	0.06865	0.00636	0.00487	0.00149	0.00558	0.03105	0.04071	0.00627
2	0.01425	0.47025	0.06189	0.01039	0.01385	0.24843	0.00947	0.01590	0.01091	0.01193	0.00712	0.00859	0.00632	0.00492	0.00491	0.00125	0.08830	0.00301	0.00223	0.00609
3	0.01339	0.38467	0.22272	0.01157	0.01630	0.15449	0.06297	0.05597	0.01157	0.01397	0.00795	0.00926	0.00647	0.00456	0.00404	0.00128	0.00661	0.00329	0.00234	0.00657
4	0.01287	0.01159	0.01865	0.06748	0.63579	0.01187	0.01400	0.08565	0.04188	0.03763	0.01012	0.01253	0.00816	0.00468	0.00488	0.00148	0.00572	0.00444	0.00284	0.00773
5	0.01218	0.01194	0.01922	0.09845	0.69495	0.04685	0.01471	0.01506	0.01119	0.01557	0.00913	0.01210	0.00761	0.00446	0.00485	0.00147	0.00603	0.00432	0.00242	0.00749
6	0.00711	0.00517	0.00594	0.00565	0.00722	0.00450	0.00427	0.00881	0.01242	0.05695	0.34201	0.04152	0.45833	0.01117	0.00576	0.00161	0.00251	0.00950	0.00498	0.00456
7	0.00640	0.00494	0.00584	0.00575	0.00703	0.00438	0.00426	0.00815	0.01240	0.01643	0.42023	0.11230	0.35116	0.01151	0.00584	0.00163	0.00244	0.00995	0.00499	0.00438
8	0.01012	0.05997	0.71517	0.01422	0.02119	0.01183	0.06945	0.01554	0.01044	0.01540	0.00881	0.01046	0.00631	0.00461	0.00468	0.00154	0.00724	0.00373	0.00210	0.00718
9	0.07373	0.00691	0.00897	0.00833	0.00899	0.00850	0.00645	0.00998	0.00792	0.01265	0.01159	0.01850	0.01128	0.17553	0.30370	0.00460	0.22708	0.00510	0.08571	0.00447
10	0.00599	0.00428	0.00570	0.00684	0.00713	0.00399	0.00456	0.00684	0.00941	0.01254	0.02709	0.82409	0.03250	0.01540	0.00627	0.00200	0.00285	0.01397	0.00456	0.00399
11	0.00607	0.00448	0.00569	0.00647	0.00708	0.00409	0.00444	0.00717	0.01023	0.01352	0.12225	0.60718	0.15473	0.01429	0.00614	0.00189	0.00273	0.01279	0.00466	0.00409
12	0.01448	0.00858	0.01309	0.01025	0.01353	0.00772	0.14425	0.04888	0.02565	0.32577	0.04753	0.12792	0.07018	0.00748	0.00527	0.00155	0.00454	0.02174	0.00467	0.09693
13	0.00651	0.00479	0.00600	0.00625	0.00714	0.00440	0.00449	0.00802	0.01145	0.01543	0.33782	0.28747	0.16839	0.06787	0.00730	0.00196	0.00278	0.04293	0.00479	0.00423

[dist]
# distance from previous block
# <min> <max>
0	35

[block]
# block no. 14 follows, 51 sequences, length 19
# corresponding to MSA columns:
# 1390-1408
name=unknown_O
#
# <colnr> <probs for GDERKNQSTAVLIFYWHMCP>
#	G	D	E	R	K	N	Q	S	T	A	V	L	I	F	Y	W	H	M	C	P
0	0.15243	0.08419	0.01214	0.03402	0.03230	0.01087	0.03694	0.22657	0.01398	0.09057	0.01444	0.01602	0.05490	0.00598	0.00430	0.00143	0.00437	0.02736	0.17077	0.00640
1	0.01063	0.06219	0.31892	0.05328	0.01971	0.01170	0.19679	0.01690	0.16161	0.01633	0.04992	0.01498	0.03391	0.00541	0.00502	0.00158	0.00633	0.00496	0.00298	0.00685
2	0.00615	0.00437	0.00579	0.00687	0.00718	0.00412	0.00464	0.00703	0.00937	0.01248	0.02636	0.73970	0.03144	0.06235	0.00738	0.00217	0.00305	0.05112	0.00447	0.00396
3	0.00903	0.00706	0.01091	0.09770	0.16856	0.00704	0.03093	0.01106	0.01075	0.05857	0.03806	0.27689	0.08017	0.01054	0.00582	0.00183	0.00437	0.16143	0.00392	0.00536
4	0.06279	0.70310	0.02412	0.00903	0.01310	0.06434	0.03905	0.01502	0.01018	0.01237	0.00700	0.00816	0.00630	0.00427	0.00333	0.00112	0.00550	0.00279	0.00220	0.00623
5	0.00662	0.00513	0.00611	0.00709	0.00749	0.03657	0.00482	0.00751	0.00956	0.01246	0.02568	0.72151	0.03056	0.05482	0.00714	0.00211	0.00325	0.04313	0.00440	0.00403
6	0.86201	0.00950	0.00722	0.00646	0.00950	0.01102	0.00532	0.01445	0.00836	0.02205	0.00684	0.00798	0.00532	0.00456	0.00304	0.00152	0.00380	0.00266	0.00304	0.00532
7	0.00715	0.00476	0.00536	0.00536	0.00536	0.00476	0.00298	0.00715	0.00715	0.00953	0.01548	0.03216	0.01787	0.82729	0.02501	0.00476	0.00476	0.00715	0.00298	0.00298
