[name]
unknown

[dist]
# distance from previous block
# <min> <max>
17	128

[block]
# block no. 0 follows, 53 sequences, length 16
# corresponding to MSA columns:
# 181-196
name=unknown_A
#
# <colnr> <probs for GDERKNQSTAVLIFYWHMCP>
#	G	D	E	R	K	N	Q	S	T	A	V	L	I	F	Y	W	H	M	C	P
0	0.02571	0.02507	0.06883	0.03317	0.07884	0.06044	0.03972	0.11489	0.04659	0.06372	0.05047	0.10897	0.07255	0.00866	0.02711	0.01773	0.05643	0.06115	0.00364	0.03631
1	0.03739	0.05535	0.03474	0.01076	0.04493	0.07495	0.04605	0.20648	0.09671	0.04103	0.01345	0.08723	0.02606	0.02400	0.02861	0.00169	0.04546	0.02394	0.00366	0.09750
2	0.01100	0.01039	0.07439	0.06326	0.15179	0.03443	0.00904	0.10508	0.11806	0.04138	0.07768	0.03005	0.08577	0.06654	0.02327	0.03238	0.02031	0.00551	0.00355	0.03612
3	0.07558	0.01247	0.03179	0.05228	0.12179	0.14135	0.08266	0.12091	0.05296	0.07596	0.02704	0.01512	0.06361	0.00572	0.00500	0.00144	0.03011	0.01899	0.00339	0.06183
4	0.09760	0.03651	0.09427	0.11229	0.09238	0.07758	0.02155	0.07653	0.08487	0.03712	0.03586	0.02966	0.04944	0.02124	0.00541	0.00154	0.04309	0.01892	0.00317	0.06096
5	0.10221	0.06647	0.08757	0.04162	0.06473	0.07239	0.08997	0.11872	0.08022	0.01775	0.02452	0.01154	0.00826	0.00487	0.00464	0.00134	0.03089	0.00391	0.01919	0.14919
6	0.01066	0.06425	0.41764	0.01284	0.08657	0.02482	0.02566	0.03810	0.05106	0.04360	0.04436	0.01355	0.04070	0.00515	0.00449	0.00140	0.00572	0.00419	0.03316	0.07206
7	0.00635	0.00481	0.00586	0.00586	0.00696	0.00441	0.00432	0.00797	0.01146	0.01531	0.37031	0.12712	0.27418	0.05618	0.05291	0.00213	0.00316	0.03189	0.00461	0.00419
8	0.01043	0.00813	0.00904	0.02742	0.01037	0.05903	0.00634	0.06600	0.15958	0.07763	0.36402	0.02548	0.05834	0.00996	0.05954	0.00194	0.02978	0.00668	0.00464	0.00567
9	0.00591	0.00470	0.00530	0.00548	0.00670	0.00409	0.00398	0.00724	0.01102	0.01398	0.19136	0.21893	0.47986	0.01229	0.00575	0.00167	0.00247	0.01059	0.00460	0.00409
10	0.03968	0.00757	0.00907	0.00746	0.01008	0.00738	0.00599	0.12834	0.03729	0.32793	0.14671	0.01898	0.01683	0.00642	0.00454	0.00139	0.00348	0.00524	0.20907	0.00655
11	0.00724	0.00493	0.00638	0.00606	0.00711	0.00457	0.00443	0.00916	0.01260	0.04539	0.64488	0.08533	0.04031	0.09158	0.00749	0.00184	0.00259	0.00866	0.00500	0.00444
12	0.00676	0.00489	0.00639	0.00601	0.00714	0.00451	0.00451	0.00902	0.01353	0.01917	0.79969	0.03570	0.04510	0.00977	0.00564	0.00150	0.00225	0.00864	0.00526	0.00451
13	0.01378	0.00687	0.00892	0.00740	0.00982	0.00631	0.00588	0.07092	0.01417	0.35337	0.39194	0.02599	0.04826	0.00791	0.00522	0.00149	0.00324	0.00674	0.00548	0.00630
14	0.00891	0.00445	0.00445	0.00445	0.00557	0.00445	0.00334	0.01114	0.01002	0.01782	0.01559	0.01782	0.01225	0.00557	0.00334	0.00111	0.00223	0.00445	0.85856	0.00445
15	0.74932	0.09170	0.00906	0.00670	0.00975	0.04163	0.00563	0.01426	0.00849	0.02007	0.00668	0.00779	0.00531	0.00442	0.00302	0.00142	0.00402	0.00260	0.00285	0.00528

[dist]
# distance from previous block
# <min> <max>
0	1

[block]
# block no. 1 follows, 53 sequences, length 18
# corresponding to MSA columns:
# 198-215
name=unknown_B
#
# <colnr> <probs for GDERKNQSTAVLIFYWHMCP>
#	G	D	E	R	K	N	Q	S	T	A	V	L	I	F	Y	W	H	M	C	P
0	0.01308	0.40133	0.06196	0.01060	0.01423	0.08698	0.08164	0.11530	0.03607	0.01500	0.03699	0.01179	0.00882	0.00523	0.00479	0.00132	0.05850	0.02734	0.00275	0.00629
1	0.00903	0.00850	0.01434	0.82054	0.03292	0.01062	0.01327	0.01221	0.00956	0.01221	0.00850	0.01274	0.00637	0.00478	0.00478	0.00159	0.00637	0.00425	0.00212	0.00531
2	0.00695	0.00534	0.00716	0.00727	0.00798	0.00541	0.02897	0.00873	0.05612	0.01333	0.12910	0.43680	0.06418	0.10618	0.00883	0.02289	0.04657	0.02982	0.00415	0.00420
3	0.01288	0.17909	0.10802	0.04297	0.03605	0.16934	0.17357	0.06459	0.01142	0.02966	0.00868	0.01087	0.00703	0.00677	0.05068	0.02119	0.05463	0.00395	0.00250	0.00611
4	0.00959	0.02472	0.80726	0.01362	0.02069	0.01110	0.01766	0.01514	0.01009	0.01514	0.00858	0.01009	0.00605	0.00454	0.00454	0.00151	0.00706	0.00353	0.00202	0.00706
5	0.01570	0.01039	0.01169	0.00959	0.01276	0.01119	0.00771	0.26769	0.31237	0.20189	0.07332	0.01673	0.01410	0.00635	0.00488	0.00152	0.00421	0.00515	0.00511	0.00765
6	0.00582	0.00416	0.00555	0.00666	0.00693	0.00388	0.00444	0.00666	0.00915	0.01220	0.02634	0.82891	0.03161	0.01497	0.00610	0.00194	0.00277	0.01359	0.00444	0.00388
7	0.01278	0.01145	0.01011	0.00905	0.01130	0.20949	0.00695	0.01835	0.26401	0.10289	0.26611	0.02108	0.02195	0.00708	0.00497	0.00147	0.00454	0.00579	0.00450	0.00614
8	0.00728	0.00525	0.00718	0.00808	0.00911	0.00514	0.00680	0.00928	0.01102	0.01446	0.10280	0.14633	0.06606	0.01303	0.00640	0.00207	0.00390	0.56700	0.00449	0.00433
9	0.00585	0.00462	0.00525	0.00564	0.00671	0.00405	0.00404	0.00698	0.01035	0.01297	0.08238	0.31854	0.45470	0.03045	0.00623	0.00180	0.00263	0.02836	0.00445	0.00399
10	0.01183	0.01136	0.01940	0.02934	0.80221	0.01136	0.01467	0.01467	0.01088	0.01562	0.00899	0.01183	0.00757	0.00426	0.00473	0.00142	0.00568	0.00426	0.00237	0.00757
11	0.01817	0.01339	0.01434	0.01100	0.01482	0.01482	0.00908	0.78627	0.02247	0.03012	0.01148	0.01148	0.00813	0.00574	0.00478	0.00143	0.00526	0.00430	0.00478	0.00813
12	0.04927	0.00771	0.01027	0.00807	0.01137	0.00680	0.00660	0.02092	0.01346	0.66506	0.13030	0.01875	0.01636	0.00642	0.00486	0.00148	0.00379	0.00528	0.00572	0.00751
13	0.00581	0.00437	0.00539	0.00614	0.00681	0.00395	0.00422	0.00679	0.00978	0.01264	0.05993	0.58865	0.24018	0.01401	0.00596	0.00184	0.00266	0.01246	0.00447	0.00395
14	0.00680	0.00511	0.00630	0.00652	0.00764	0.00480	0.00493	0.02898	0.02701	0.01550	0.27510	0.24881	0.21037	0.01200	0.00586	0.00175	0.00285	0.12058	0.00471	0.00438
15	0.00686	0.00462	0.00534	0.00543	0.00549	0.00463	0.00314	0.00699	0.00715	0.00957	0.01584	0.09231	0.01825	0.73555	0.05603	0.00455	0.00483	0.00739	0.00300	0.00303
16	0.01552	0.01345	0.01265	0.03385	0.03880	0.18120	0.00862	0.20951	0.31848	0.09591	0.01426	0.01385	0.01051	0.00580	0.00471	0.00147	0.00533	0.00452	0.00428	0.00727
17	0.04804	0.01160	0.03915	0.12281	0.22228	0.05237	0.14666	0.08521	0.04821	0.03021	0.01057	0.01337	0.02141	0.03126	0.02073	0.00174	0.06766	0.00461	0.01567	0.00643

[dist]
# distance from previous block
# <min> <max>
1	4

[block]
# block no. 2 follows, 53 sequences, length 25
# corresponding to MSA columns:
# 220-244
name=unknown_C
#
# <colnr> <probs for GDERKNQSTAVLIFYWHMCP>
#	G	D	E	R	K	N	Q	S	T	A	V	L	I	F	Y	W	H	M	C	P
0	0.01138	0.03661	0.03063	0.06728	0.10344	0.04352	0.00862	0.11894	0.02930	0.02577	0.01054	0.06833	0.00931	0.00750	0.05676	0.00169	0.08035	0.00441	0.00305	0.28257
1	0.00605	0.00448	0.00596	0.00715	0.03096	0.00416	0.00468	0.00708	0.00965	0.01284	0.08051	0.68527	0.09533	0.01406	0.00599	0.00187	0.00280	0.01268	0.00443	0.00405
2	0.01085	0.01103	0.01754	0.19446	0.24533	0.06566	0.14625	0.01348	0.01006	0.01355	0.00915	0.01333	0.00777	0.00757	0.06627	0.00206	0.13400	0.02324	0.00235	0.00606
3	0.00668	0.00463	0.00526	0.00535	0.00562	0.00448	0.00321	0.00702	0.00796	0.01048	0.05963	0.10980	0.11260	0.61532	0.01943	0.00386	0.00407	0.00804	0.00335	0.00321
4	0.00624	0.00479	0.00563	0.00558	0.00679	0.00430	0.00411	0.00768	0.01132	0.01478	0.31295	0.09487	0.39391	0.03109	0.04286	0.03217	0.00296	0.00931	0.00453	0.00411
5	0.00606	0.00486	0.00541	0.00527	0.00671	0.00421	0.00395	0.00765	0.01186	0.01521	0.32432	0.04222	0.52293	0.01125	0.00564	0.00157	0.00236	0.00956	0.00474	0.00421
6	0.00632	0.00468	0.00542	0.00552	0.00632	0.00430	0.00375	0.00735	0.01004	0.01314	0.20653	0.16923	0.26793	0.25523	0.01126	0.00254	0.00310	0.00941	0.00417	0.00378
7	0.01789	0.00933	0.01129	0.00914	0.01251	0.00938	0.00739	0.09218	0.28090	0.46789	0.01840	0.01637	0.01244	0.00609	0.00482	0.00152	0.00408	0.00497	0.00545	0.00794
8	0.01050	0.25776	0.58226	0.01206	0.01826	0.01335	0.01493	0.01490	0.00998	0.01402	0.00802	0.00939	0.00608	0.00441	0.00412	0.00137	0.00650	0.00325	0.00203	0.00680
9	0.01253	0.34096	0.13973	0.01070	0.03918	0.11155	0.02483	0.07341	0.07310	0.01437	0.00972	0.04696	0.00842	0.00644	0.03819	0.00155	0.01627	0.00387	0.00269	0.02552
10	0.08081	0.17423	0.11137	0.03657	0.09423	0.20983	0.04005	0.05272	0.01151	0.02821	0.03014	0.01107	0.02461	0.00493	0.00445	0.00131	0.02758	0.00365	0.00264	0.05009
11	0.00647	0.00473	0.00622	0.00730	0.02627	0.00451	0.00484	0.03763	0.00987	0.01317	0.04343	0.73426	0.05501	0.01414	0.00599	0.00189	0.00292	0.01278	0.00442	0.00416
12	0.02839	0.00706	0.00974	0.02678	0.12048	0.00721	0.04255	0.01007	0.03853	0.01410	0.08827	0.08498	0.33525	0.03459	0.00708	0.00177	0.08710	0.04733	0.00376	0.00495
13	0.01111	0.07023	0.16275	0.01209	0.06812	0.04616	0.10937	0.06816	0.05129	0.01612	0.02234	0.02588	0.03958	0.00485	0.00439	0.00123	0.00532	0.00419	0.00289	0.27392
14	0.04919	0.05712	0.10307	0.03593	0.08945	0.06583	0.00927	0.17145	0.01373	0.21164	0.06595	0.04890	0.01218	0.03850	0.00544	0.00157	0.00508	0.00487	0.00399	0.00683
15	0.00682	0.00462	0.00521	0.00528	0.00538	0.00456	0.00303	0.00693	0.00729	0.00963	0.01749	0.07936	0.05945	0.74040	0.02226	0.00432	0.00441	0.00751	0.00307	0.00301
16	0.01250	0.14259	0.06559	0.08665	0.06718	0.15271	0.08595	0.07808	0.02116	0.03429	0.07998	0.01461	0.03615	0.00586	0.00567	0.00146	0.08367	0.01694	0.00294	0.00604
17	0.00986	0.04355	0.63888	0.05010	0.05568	0.01107	0.02782	0.03602	0.01064	0.01555	0.05029	0.01165	0.00827	0.00483	0.00460	0.00150	0.00663	0.00389	0.00229	0.00687
18	0.01117	0.01131	0.05298	0.09470	0.56154	0.01099	0.03086	0.01520	0.09095	0.01560	0.01197	0.01416	0.04736	0.00493	0.00481	0.00147	0.00550	0.00466	0.00269	0.00715
19	0.00582	0.00416	0.00555	0.00666	0.00693	0.00388	0.00444	0.00666	0.00915	0.01220	0.02634	0.82891	0.03161	0.01497	0.00610	0.00194	0.00277	0.01359	0.00444	0.00388
20	0.04701	0.04847	0.04767	0.03756	0.04087	0.12753	0.04998	0.26691	0.20959	0.04750	0.01251	0.01309	0.00941	0.00557	0.00465	0.00146	0.00553	0.01363	0.00391	0.00714
21	0.01087	0.22833	0.38651	0.01252	0.07511	0.02975	0.03174	0.01496	0.04333	0.02690	0.02196	0.01204	0.04299	0.00488	0.00424	0.00135	0.00591	0.00382	0.00244	0.04034
22	0.00843	0.00449	0.00651	0.00646	0.00664	0.00456	0.00440	0.03148	0.00697	0.00933	0.00954	0.05749	0.00968	0.01698	0.05107	0.75204	0.00448	0.00469	0.00231	0.00246
23	0.01136	0.01046	0.01770	0.16144	0.39929	0.02418	0.12448	0.01462	0.03699	0.05678	0.06020	0.01510	0.03562	0.00508	0.00496	0.00150	0.00573	0.00496	0.00285	0.00670
24	0.01210	0.06144	0.11209	0.01254	0.09069	0.15735	0.06196	0.08660	0.04831	0.04656	0.01447	0.13864	0.04322	0.00861	0.04728	0.00185	0.02004	0.02695	0.00327	0.00605

[dist]
# distance from previous block
# <min> <max>
2	5

[block]
# block no. 3 follows, 53 sequences, length 14
# corresponding to MSA columns:
# 250-263
name=unknown_D
#
# <colnr> <probs for GDERKNQSTAVLIFYWHMCP>
#	G	D	E	R	K	N	Q	S	T	A	V	L	I	F	Y	W	H	M	C	P
0	0.04474	0.01202	0.07345	0.06735	0.07510	0.04712	0.06014	0.13372	0.22310	0.07678	0.01448	0.01497	0.04841	0.00592	0.00547	0.00154	0.05842	0.00478	0.00375	0.02874
1	0.00682	0.00461	0.00522	0.00530	0.00538	0.00456	0.00304	0.00693	0.00726	0.00961	0.01710	0.09002	0.04706	0.74240	0.02231	0.00433	0.00442	0.00755	0.00306	0.00301
2	0.03890	0.28022	0.05252	0.01006	0.03937	0.05000	0.00851	0.12332	0.26880	0.01757	0.03137	0.03773	0.01092	0.00565	0.00422	0.00137	0.00478	0.00434	0.00355	0.00680
3	0.00707	0.00502	0.00629	0.00620	0.00643	0.00543	0.00405	0.00758	0.00716	0.00986	0.01407	0.02701	0.01543	0.58240	0.23531	0.00534	0.04288	0.00634	0.00277	0.00337
4	0.00946	0.06953	0.37615	0.06973	0.09766	0.01021	0.05319	0.01371	0.04172	0.01515	0.10488	0.06309	0.04310	0.00607	0.00481	0.00151	0.00567	0.00522	0.00281	0.00632
5	0.00649	0.00505	0.00595	0.00602	0.00721	0.00468	0.00440	0.00879	0.06348	0.01537	0.30072	0.23330	0.29772	0.01163	0.00570	0.00166	0.00254	0.01014	0.00475	0.00440
6	0.00879	0.00792	0.01206	0.17652	0.14847	0.00931	0.00960	0.01054	0.00911	0.01264	0.01440	0.25354	0.01546	0.03280	0.00855	0.00191	0.20906	0.05119	0.00299	0.00513
7	0.04875	0.01001	0.05184	0.04448	0.03359	0.00839	0.03316	0.10405	0.01149	0.03626	0.02743	0.02855	0.00854	0.00452	0.00424	0.00105	0.02075	0.00366	0.00312	0.51612
8	0.00596	0.00457	0.00547	0.00585	0.00680	0.00408	0.00416	0.00725	0.01075	0.01398	0.20293	0.36683	0.31860	0.01278	0.00583	0.00172	0.00253	0.01122	0.00462	0.00408
9	0.01292	0.01227	0.03635	0.01424	0.13351	0.06883	0.09868	0.14216	0.34809	0.01938	0.01512	0.01606	0.02861	0.00589	0.00494	0.00154	0.00521	0.02508	0.00392	0.00721
10	0.00695	0.00463	0.00521	0.00521	0.00521	0.00463	0.00290	0.00695	0.00695	0.00927	0.01506	0.03128	0.01738	0.83203	0.02433	0.00463	0.00463	0.00695	0.00290	0.00290
11	0.00991	0.00850	0.00991	0.00708	0.01133	0.00637	0.00566	0.01203	0.00991	0.01557	0.00850	0.00991	0.00708	0.00354	0.00354	0.00071	0.00354	0.00283	0.00283	0.86124
12	0.03750	0.08603	0.19398	0.02974	0.16175	0.02485	0.05064	0.06809	0.04176	0.05785	0.05765	0.11850	0.01276	0.00628	0.00473	0.00148	0.00524	0.00544	0.00318	0.03254
13	0.14619	0.07206	0.15061	0.04702	0.11101	0.12801	0.05195	0.03465	0.04280	0.07964	0.01140	0.01262	0.04511	0.00599	0.02655	0.00161	0.01948	0.00405	0.00293	0.00632

[dist]
# distance from previous block
# <min> <max>
0	4

[block]
# block no. 4 follows, 53 sequences, length 20
# corresponding to MSA columns:
# 268-284,293-295
name=unknown_E
#
# <colnr> <probs for GDERKNQSTAVLIFYWHMCP>
#	G	D	E	R	K	N	Q	S	T	A	V	L	I	F	Y	W	H	M	C	P
0	0.04209	0.16885	0.13513	0.05770	0.11558	0.02453	0.07545	0.10550	0.04193	0.11232	0.04182	0.02596	0.00959	0.00521	0.00465	0.00142	0.01793	0.00431	0.00322	0.00681
1	0.01005	0.12947	0.42544	0.01169	0.03234	0.02592	0.01303	0.04853	0.01088	0.01495	0.01324	0.03556	0.02669	0.00680	0.00486	0.00160	0.00596	0.17396	0.00278	0.00626
2	0.00830	0.00415	0.00623	0.00623	0.00623	0.00415	0.00415	0.00623	0.00623	0.00830	0.00830	0.01453	0.00830	0.01660	0.01868	0.86094	0.00415	0.00415	0.00208	0.00208
3	0.00974	0.00912	0.01557	0.40938	0.26591	0.01009	0.05516	0.01267	0.01021	0.01367	0.01130	0.04687	0.01015	0.00592	0.00507	0.00162	0.00589	0.09316	0.00256	0.00591
4	0.01242	0.01252	0.01631	0.05899	0.45440	0.13596	0.01215	0.04440	0.06293	0.01515	0.01055	0.01287	0.02972	0.00630	0.03644	0.00170	0.06340	0.00434	0.00267	0.00678
5	0.00595	0.00425	0.00570	0.00681	0.00714	0.00400	0.00467	0.00688	0.00928	0.01235	0.02627	0.77469	0.03133	0.01485	0.00614	0.00196	0.00289	0.06650	0.00443	0.00392
6	0.00695	0.00463	0.00521	0.00521	0.00521	0.00463	0.00290	0.00695	0.00695	0.00927	0.01506	0.03128	0.01738	0.83203	0.02433	0.00463	0.00463	0.00695	0.00290	0.00290
7	0.01267	0.01172	0.01918	0.02634	0.65305	0.01187	0.05519	0.12005	0.01249	0.01758	0.00937	0.01184	0.00763	0.00445	0.00479	0.00143	0.00575	0.00434	0.00270	0.00759
8	0.00989	0.00858	0.01090	0.01009	0.11900	0.00688	0.00681	0.01202	0.00999	0.01534	0.00981	0.06746	0.00886	0.00444	0.00388	0.00089	0.00378	0.00378	0.00288	0.68472
9	0.00891	0.00445	0.00445	0.00445	0.00557	0.00445	0.00334	0.01114	0.01002	0.01782	0.01559	0.01782	0.01225	0.00557	0.00334	0.00111	0.00223	0.00445	0.85856	0.00445
10	0.02117	0.00857	0.01136	0.00871	0.01242	0.00767	0.00720	0.08664	0.01441	0.74114	0.01824	0.01587	0.01152	0.00590	0.00480	0.00148	0.00417	0.00476	0.00582	0.00813
11	0.02016	0.01019	0.01237	0.00948	0.01323	0.01008	0.00783	0.32250	0.01713	0.50144	0.01596	0.01439	0.01038	0.00585	0.00480	0.00146	0.00453	0.00461	0.00547	0.00813
12	0.01119	0.01353	0.06996	0.01980	0.02475	0.01203	0.74373	0.01530	0.01122	0.01530	0.00961	0.01274	0.00719	0.00406	0.00558	0.00161	0.00800	0.00553	0.00240	0.00648
13	0.00903	0.00850	0.01434	0.82054	0.03292	0.01062	0.01327	0.01221	0.00956	0.01221	0.00850	0.01274	0.00637	0.00478	0.00478	0.00159	0.00637	0.00425	0.00212	0.00531
14	0.00582	0.00416	0.00555	0.00666	0.00693	0.00388	0.00444	0.00666	0.00915	0.01220	0.02634	0.82891	0.03161	0.01497	0.00610	0.00194	0.00277	0.01359	0.00444	0.00388
15	0.00695	0.00463	0.00521	0.00521	0.00521	0.00463	0.00290	0.00695	0.00695	0.00927	0.01506	0.03128	0.01738	0.83203	0.02433	0.00463	0.00463	0.00695	0.00290	0.00290
16	0.00591	0.00430	0.00542	0.00627	0.00670	0.00398	0.00418	0.00671	0.00917	0.01201	0.02826	0.64422	0.13517	0.09427	0.00782	0.00216	0.00291	0.01246	0.00429	0.00381
17	0.00991	0.00850	0.00991	0.00708	0.01133	0.00637	0.00566	0.01203	0.00991	0.01557	0.00850	0.00991	0.00708	0.00354	0.00354	0.00071	0.00354	0.00283	0.00283	0.86124
18	0.03092	0.11184	0.03970	0.01040	0.04310	0.05581	0.00835	0.23181	0.22594	0.08742	0.04968	0.05896	0.01266	0.00628	0.00464	0.00146	0.00470	0.00501	0.00422	0.00708
19	0.00679	0.00538	0.00626	0.00657	0.00741	0.04082	0.00470	0.00828	0.01132	0.01516	0.34745	0.39310	0.08763	0.01213	0.00581	0.00171	0.00284	0.02771	0.00469	0.00424

[dist]
# distance from previous block
# <min> <max>
3	7

[block]
# block no. 5 follows, 53 sequences, length 131
# corresponding to MSA columns:
# 328-458
name=unknown_F
#
# <colnr> <probs for GDERKNQSTAVLIFYWHMCP>
#	G	D	E	R	K	N	Q	S	T	A	V	L	I	F	Y	W	H	M	C	P
0	0.00669	0.00483	0.00611	0.00633	0.00738	0.00442	0.00475	0.00835	0.01158	0.03017	0.34265	0.24274	0.19061	0.01192	0.00586	0.00172	0.00271	0.10211	0.00479	0.00431
1	0.00579	0.00430	0.00540	0.00628	0.00683	0.00391	0.00427	0.00670	0.00951	0.01235	0.03089	0.66749	0.19009	0.01438	0.00601	0.00187	0.00270	0.01287	0.00444	0.00391
2	0.00683	0.00512	0.00768	0.00768	0.00853	0.00597	0.00597	0.00853	0.00768	0.01110	0.01280	0.01878	0.01195	0.03585	0.81308	0.00768	0.01280	0.00512	0.00256	0.00427
3	0.00675	0.00486	0.00642	0.00635	0.00738	0.00453	0.00480	0.00884	0.01280	0.01793	0.64032	0.12632	0.04194	0.01068	0.00578	0.00162	0.00251	0.08067	0.00509	0.00443
4	0.01278	0.83490	0.02505	0.00818	0.01227	0.01891	0.00818	0.01431	0.00971	0.01125	0.00664	0.00767	0.00613	0.00409	0.00307	0.00102	0.00511	0.00256	0.00204	0.00613
5	0.01243	0.01018	0.01078	0.00947	0.01218	0.01162	0.00743	0.13129	0.61257	0.02126	0.04320	0.01751	0.01452	0.00643	0.00479	0.00156	0.00385	0.00530	0.05628	0.00736
6	0.01278	0.83490	0.02505	0.00818	0.01227	0.01891	0.00818	0.01431	0.00971	0.01125	0.00664	0.00767	0.00613	0.00409	0.00307	0.00102	0.00511	0.00256	0.00204	0.00613
7	0.01055	0.00894	0.00961	0.00873	0.01108	0.01004	0.00675	0.02122	0.60185	0.01935	0.15801	0.02295	0.07539	0.00746	0.00505	0.00160	0.00342	0.00630	0.00490	0.00678
8	0.00593	0.00438	0.00557	0.00636	0.00696	0.00401	0.00441	0.00699	0.00987	0.01297	0.09485	0.60584	0.16254	0.01400	0.00600	0.00186	0.00272	0.03626	0.00451	0.00398
9	0.00691	0.00464	0.00520	0.00520	0.00525	0.00462	0.00292	0.00695	0.00706	0.00937	0.01600	0.03169	0.03933	0.80903	0.02380	0.00455	0.00457	0.00704	0.00294	0.00293
10	0.00587	0.00423	0.00557	0.00656	0.00693	0.00393	0.00441	0.00680	0.00947	0.01264	0.07364	0.75547	0.05762	0.01457	0.00606	0.00190	0.00273	0.01318	0.00449	0.00393
11	0.16522	0.01100	0.01178	0.00942	0.01288	0.01191	0.00770	0.35991	0.14279	0.19875	0.01356	0.01292	0.00948	0.00567	0.00448	0.00148	0.00448	0.00429	0.00473	0.00753
12	0.01060	0.00891	0.01028	0.00741	0.01162	0.00708	0.00595	0.07690	0.01096	0.01679	0.00874	0.01004	0.00717	0.00372	0.00364	0.00077	0.00368	0.00296	0.00300	0.78977
13	0.00768	0.00618	0.00740	0.00632	0.00862	0.00507	0.00481	0.00954	0.01115	0.01589	0.27585	0.12949	0.14821	0.00841	0.00489	0.00127	0.00284	0.00727	0.00409	0.33502
14	0.02550	0.06660	0.44866	0.06217	0.03687	0.01167	0.10367	0.07953	0.03553	0.04315	0.00963	0.01128	0.00706	0.00569	0.03112	0.00170	0.00677	0.00398	0.00257	0.00686
15	0.01133	0.22739	0.20217	0.02152	0.09716	0.10420	0.04348	0.02763	0.05055	0.01408	0.04323	0.08031	0.04569	0.00594	0.00444	0.00139	0.00568	0.00483	0.00276	0.00620
16	0.00621	0.00487	0.00564	0.00575	0.00696	0.00439	0.00420	0.00803	0.03689	0.01474	0.25416	0.22428	0.38279	0.01193	0.00572	0.00166	0.00250	0.01034	0.00468	0.00425
17	0.00836	0.00456	0.00668	0.00656	0.00656	0.00481	0.00447	0.00658	0.00633	0.00854	0.00853	0.01514	0.00865	0.05790	0.01879	0.76533	0.05351	0.00430	0.00212	0.00231
18	0.07698	0.24941	0.07606	0.07589	0.13148	0.06989	0.08670	0.08215	0.02432	0.07138	0.00911	0.01054	0.00711	0.00459	0.00418	0.00134	0.00578	0.00371	0.00279	0.00660
19	0.00882	0.01105	0.16926	0.01033	0.01202	0.01909	0.00955	0.01083	0.00818	0.01197	0.01072	0.03489	0.01053	0.12555	0.20187	0.00363	0.29672	0.03757	0.00245	0.00499
20	0.00687	0.00460	0.00524	0.00531	0.00533	0.00458	0.00300	0.00693	0.00710	0.00947	0.01584	0.08631	0.01836	0.77565	0.02307	0.00445	0.00451	0.00741	0.00300	0.00296
21	0.08823	0.06215	0.03431	0.12201	0.25906	0.03646	0.04398	0.11987	0.06615	0.05113	0.01010	0.01203	0.00790	0.00613	0.03659	0.00171	0.02824	0.00415	0.00302	0.00676
22	0.01173	0.01084	0.01691	0.10465	0.34705	0.03732	0.09932	0.08948	0.02872	0.03316	0.01137	0.10265	0.01023	0.00604	0.00582	0.00157	0.06814	0.00545	0.00293	0.00662
23	0.00733	0.00507	0.00647	0.00703	0.00759	0.00507	0.00533	0.00844	0.00900	0.01182	0.02025	0.04273	0.02250	0.41765	0.01536	0.00340	0.00452	0.39313	0.00366	0.00366
24	0.01735	0.07131	0.01443	0.01263	0.04060	0.73859	0.00935	0.01865	0.01323	0.01180	0.00740	0.00867	0.00620	0.00485	0.00425	0.00122	0.00831	0.00309	0.00243	0.00564
25	0.05858	0.02623	0.04185	0.05911	0.01526	0.02404	0.00902	0.48721	0.05405	0.15793	0.01243	0.01232	0.00866	0.00560	0.00466	0.00146	0.00509	0.00428	0.00455	0.00768
26	0.01566	0.01166	0.01257	0.01022	0.01354	0.01296	0.00825	0.43018	0.31527	0.07260	0.02645	0.01495	0.02103	0.00617	0.00484	0.00151	0.00455	0.00488	0.00488	0.00781
27	0.01123	0.01328	0.05390	0.01993	0.02484	0.01205	0.75955	0.01530	0.01124	0.01530	0.00963	0.01280	0.00721	0.00405	0.00560	0.00161	0.00803	0.00557	0.00240	0.00647
28	0.00650	0.00477	0.00595	0.00663	0.00741	0.00450	0.00495	0.00768	0.00973	0.01250	0.02922	0.30287	0.20126	0.14391	0.00905	0.00237	0.00346	0.22915	0.00418	0.00391
29	0.02073	0.00888	0.01150	0.00886	0.01255	0.00818	0.00731	0.12151	0.03885	0.68155	0.01793	0.01570	0.01144	0.00591	0.00481	0.00148	0.00421	0.00476	0.00574	0.00812
30	0.08580	0.00822	0.01078	0.00833	0.01198	0.00731	0.00688	0.02259	0.01326	0.74576	0.01793	0.01562	0.01132	0.00580	0.00467	0.00148	0.00404	0.00464	0.00569	0.00791
31	0.00628	0.00449	0.00606	0.00712	0.00761	0.00427	0.00518	0.00747	0.00972	0.01291	0.05146	0.62681	0.03112	0.01440	0.00620	0.00199	0.00313	0.18531	0.00446	0.00402
32	0.01726	0.01020	0.01184	0.00949	0.01285	0.01064	0.00770	0.26824	0.21417	0.31903	0.05466	0.01607	0.01296	0.00619	0.00485	0.00150	0.00429	0.00498	0.00525	0.00781
33	0.01032	0.00829	0.00968	0.00735	0.01098	0.00676	0.00577	0.07639	0.01090	0.03518	0.01129	0.10960	0.01047	0.02325	0.00444	0.00102	0.00363	0.00439	0.00326	0.64704
34	0.00959	0.02472	0.80726	0.01362	0.02069	0.01110	0.01766	0.01514	0.01009	0.01514	0.00858	0.01009	0.00605	0.00454	0.00454	0.00151	0.00706	0.00353	0.00202	0.00706
35	0.03825	0.08500	0.01530	0.01175	0.01273	0.01493	0.00990	0.11768	0.00963	0.01433	0.00703	0.01026	0.00648	0.00750	0.01267	0.00189	0.61248	0.00400	0.00248	0.00570
36	0.00977	0.07090	0.76268	0.01331	0.02021	0.01155	0.01712	0.01509	0.01007	0.01491	0.00847	0.00995	0.00606	0.00452	0.00446	0.00149	0.00695	0.00348	0.00202	0.00701
37	0.01358	0.58387	0.03254	0.00926	0.01282	0.15174	0.00856	0.05223	0.01095	0.01250	0.02695	0.00889	0.00722	0.00468	0.00409	0.00115	0.04760	0.00298	0.00233	0.00606
38	0.01037	0.01074	0.11479	0.08699	0.08754	0.00795	0.00899	0.01308	0.01017	0.04965	0.00977	0.01274	0.00808	0.00448	0.00427	0.00109	0.01606	0.03946	0.00281	0.50097
39	0.01736	0.02086	0.01326	0.01196	0.01433	0.70420	0.00905	0.02901	0.01327	0.05071	0.00849	0.03212	0.00718	0.00542	0.00490	0.00130	0.04471	0.00352	0.00270	0.00564
40	0.00972	0.00735	0.00836	0.00769	0.00970	0.00771	0.00598	0.01644	0.33540	0.06910	0.27108	0.02962	0.14251	0.00870	0.00532	0.00161	0.00315	0.04968	0.00497	0.00593
41	0.69562	0.00965	0.00824	0.00703	0.01015	0.01092	0.00580	0.10808	0.01031	0.08543	0.00822	0.00890	0.00607	0.00471	0.00333	0.00147	0.00392	0.00297	0.00342	0.00577
42	0.00830	0.00415	0.00623	0.00623	0.00623	0.00415	0.00415	0.00623	0.00623	0.00830	0.00830	0.01453	0.00830	0.01660	0.01868	0.86094	0.00415	0.00415	0.00208	0.00208
43	0.00683	0.00512	0.00768	0.00768	0.00853	0.00597	0.00597	0.00853	0.00768	0.01110	0.01280	0.01878	0.01195	0.03585	0.81308	0.00768	0.01280	0.00512	0.00256	0.00427
44	0.01613	0.01957	0.01275	0.01126	0.01404	0.62584	0.00852	0.01825	0.05990	0.01286	0.00831	0.00940	0.00682	0.00478	0.00421	0.00116	0.00745	0.00318	0.00267	0.15289
45	0.00903	0.00850	0.01434	0.82054	0.03292	0.01062	0.01327	0.01221	0.00956	0.01221	0.00850	0.01274	0.00637	0.00478	0.00478	0.00159	0.00637	0.00425	0.00212	0.00531
46	0.00695	0.00463	0.00521	0.00521	0.00521	0.00463	0.00290	0.00695	0.00695	0.00927	0.01506	0.03128	0.01738	0.83203	0.02433	0.00463	0.00463	0.00695	0.00290	0.00290
47	0.02117	0.00858	0.01137	0.00871	0.01242	0.00768	0.00720	0.08741	0.01442	0.74036	0.01824	0.01587	0.01152	0.00590	0.00480	0.00148	0.00417	0.00476	0.00582	0.00813
48	0.01102	0.01050	0.01695	0.37527	0.36367	0.03018	0.03744	0.05319	0.01089	0.01467	0.00882	0.01214	0.00700	0.00466	0.00501	0.00151	0.02396	0.00427	0.00238	0.00647
49	0.01046	0.01046	0.01464	0.01255	0.01255	0.01464	0.01046	0.01150	0.00732	0.01150	0.00627	0.01046	0.00627	0.00837	0.01569	0.00209	0.82328	0.00418	0.00209	0.00523
50	0.00991	0.00850	0.00991	0.00708	0.01133	0.00637	0.00566	0.01203	0.00991	0.01557	0.00850	0.00991	0.00708	0.00354	0.00354	0.00071	0.00354	0.00283	0.00283	0.86124
51	0.00687	0.00497	0.00690	0.00690	0.00748	0.00555	0.00500	0.00803	0.00745	0.01052	0.01352	0.02273	0.01367	0.28783	0.56345	0.00672	0.01022	0.00570	0.00267	0.00383
52	0.00692	0.00523	0.00775	0.00766	0.00862	0.00599	0.00596	0.00864	0.00775	0.01123	0.01267	0.01850	0.01180	0.03484	0.78798	0.00747	0.01252	0.00505	0.00257	0.03085
53	0.79099	0.00924	0.00762	0.00707	0.03166	0.01052	0.00555	0.01462	0.00855	0.06850	0.00746	0.00839	0.00564	0.00452	0.00312	0.00148	0.00378	0.00277	0.00312	0.00542
54	0.01109	0.04550	0.08883	0.08004	0.43670	0.01054	0.01236	0.02588	0.01057	0.01530	0.00871	0.01110	0.00716	0.00423	0.00452	0.00127	0.01594	0.00379	0.00244	0.20401
55	0.00701	0.00524	0.00612	0.00682	0.00740	0.03059	0.00473	0.00868	0.05221	0.01291	0.02314	0.56652	0.02639	0.08325	0.02494	0.00220	0.00343	0.04809	0.07617	0.00414
56	0.86579	0.00924	0.00702	0.00629	0.00924	0.01072	0.00518	0.01405	0.00813	0.02144	0.00666	0.00776	0.00518	0.00444	0.00296	0.00148	0.00370	0.00259	0.00296	0.00518
57	0.00649	0.00470	0.00613	0.00613	0.00707	0.00434	0.00446	0.00836	0.01235	0.01722	0.58203	0.23402	0.06649	0.01115	0.00575	0.00162	0.00239	0.00993	0.00503	0.00434
58	0.01785	0.02278	0.01354	0.01231	0.01478	0.81284	0.00924	0.01909	0.01354	0.01170	0.00739	0.00862	0.00616	0.00493	0.00431	0.00123	0.00862	0.00308	0.00246	0.00554
59	0.01799	0.01330	0.01424	0.01096	0.01476	0.01474	0.00904	0.76493	0.04410	0.02984	0.01170	0.01165	0.00831	0.00576	0.00478	0.00144	0.00522	0.00433	0.00478	0.00811
60	0.86579	0.00924	0.00702	0.00629	0.00924	0.01072	0.00518	0.01405	0.00813	0.02144	0.00666	0.00776	0.00518	0.00444	0.00296	0.00148	0.00370	0.00259	0.00296	0.00518
61	0.00676	0.00489	0.00639	0.00601	0.00714	0.00451	0.00451	0.00902	0.01353	0.01917	0.79969	0.03570	0.04510	0.00977	0.00564	0.00150	0.00225	0.00864	0.00526	0.00451
62	0.00770	0.00550	0.00770	0.00880	0.00990	0.00550	0.00770	0.00990	0.01100	0.01430	0.02531	0.05391	0.02751	0.01320	0.00660	0.00220	0.00440	0.77004	0.00440	0.00440
63	0.00582	0.00416	0.00555	0.00666	0.00693	0.00388	0.00444	0.00666	0.00915	0.01220	0.02634	0.82891	0.03161	0.01497	0.00610	0.00194	0.00277	0.01359	0.00444	0.00388
64	0.00770	0.00550	0.00770	0.00880	0.00990	0.00550	0.00770	0.00990	0.01100	0.01430	0.02531	0.05391	0.02751	0.01320	0.00660	0.00220	0.00440	0.77004	0.00440	0.00440
65	0.01759	0.06440	0.01413	0.01210	0.01465	0.77215	0.00918	0.01884	0.01335	0.01167	0.00735	0.00857	0.00616	0.00488	0.00425	0.00122	0.00844	0.00305	0.00244	0.00557
66	0.00582	0.00416	0.00555	0.00666	0.00693	0.00388	0.00444	0.00666	0.00915	0.01220	0.02634	0.82891	0.03161	0.01497	0.00610	0.00194	0.00277	0.01359	0.00444	0.00388
67	0.01189	0.01027	0.01081	0.00973	0.01243	0.01189	0.00757	0.02540	0.79357	0.01999	0.01945	0.01783	0.01459	0.00648	0.00486	0.00162	0.00378	0.00540	0.00486	0.00757
68	0.00924	0.00871	0.01472	0.76009	0.09169	0.01068	0.01338	0.01240	0.00966	0.01247	0.00853	0.01267	0.00646	0.00474	0.00478	0.00158	0.00632	0.00425	0.00214	0.00548
69	0.00770	0.00550	0.00770	0.00880	0.00990	0.00550	0.00770	0.00990	0.01100	0.01430	0.02531	0.05391	0.02751	0.01320	0.00660	0.00220	0.00440	0.77004	0.00440	0.00440
70	0.00903	0.00850	0.01434	0.82054	0.03292	0.01062	0.01327	0.01221	0.00956	0.01221	0.00850	0.01274	0.00637	0.00478	0.00478	0.00159	0.00637	0.00425	0.00212	0.00531
71	0.01197	0.11093	0.37122	0.01245	0.05968	0.02587	0.03646	0.10172	0.06506	0.07492	0.02472	0.02714	0.04618	0.00545	0.00458	0.00146	0.00581	0.00439	0.00306	0.00693
72	0.00815	0.00544	0.00613	0.00601	0.00636	0.02439	0.00380	0.00847	0.00784	0.05774	0.01599	0.07137	0.01775	0.65977	0.02064	0.00404	0.02384	0.04561	0.00320	0.00346
73	0.20779	0.03108	0.06293	0.20150	0.19261	0.05856	0.05575	0.03524	0.01025	0.04136	0.00843	0.01083	0.00659	0.00479	0.00495	0.00151	0.05327	0.00381	0.00259	0.00615
74	0.00822	0.00418	0.00617	0.00617	0.00617	0.00418	0.00408	0.00627	0.00627	0.00836	0.00871	0.01554	0.00885	0.06571	0.01902	0.80937	0.00418	0.00432	0.00212	0.00212
75	0.02288	0.01461	0.29541	0.02048	0.01408	0.06209	0.01031	0.02664	0.18647	0.01666	0.15363	0.03492	0.10788	0.00700	0.00493	0.00154	0.00489	0.00576	0.00363	0.00619
76	0.01188	0.24008	0.23239	0.03604	0.07937	0.04212	0.11771	0.07956	0.02271	0.02741	0.03371	0.03793	0.00880	0.00500	0.00442	0.00139	0.00606	0.00421	0.00264	0.00659
77	0.00806	0.00780	0.05182	0.04871	0.02695	0.00834	0.06732	0.01013	0.00817	0.01182	0.01108	0.01621	0.01008	0.02559	0.53578	0.00565	0.13435	0.00488	0.00243	0.00483
78	0.00655	0.00487	0.00616	0.00627	0.00738	0.00448	0.00479	0.00841	0.01206	0.01631	0.43705	0.14634	0.18911	0.01142	0.00584	0.00168	0.00267	0.11943	0.00487	0.00432
79	0.00890	0.00593	0.00708	0.00678	0.00835	0.00568	0.00510	0.03524	0.09402	0.10623	0.18621	0.21121	0.22039	0.03770	0.00619	0.00177	0.00304	0.04037	0.00478	0.00504
80	0.01003	0.00859	0.01022	0.04885	0.01250	0.00675	0.00612	0.02720	0.01014	0.01569	0.00855	0.01009	0.00706	0.00365	0.00363	0.00077	0.00372	0.00293	0.00283	0.80067
81	0.00571	0.00479	0.00497	0.00505	0.00653	0.00404	0.00374	0.00694	0.01087	0.01314	0.08066	0.11132	0.70140	0.01224	0.00569	0.00164	0.00244	0.01032	0.00448	0.00404
82	0.00787	0.00658	0.00947	0.00910	0.00970	0.00818	0.00732	0.00939	0.00809	0.01168	0.01350	0.08110	0.01371	0.02389	0.43293	0.00503	0.23725	0.09789	0.00279	0.00452
83	0.01107	0.06193	0.10100	0.06991	0.46568	0.04901	0.02671	0.01385	0.01057	0.01449	0.01073	0.08611	0.00994	0.00564	0.00497	0.00149	0.01915	0.02849	0.00255	0.00671
84	0.01028	0.01946	0.49477	0.05564	0.20130	0.01126	0.10988	0.01491	0.01039	0.01513	0.00880	0.01095	0.00656	0.00443	0.00473	0.00151	0.00683	0.00399	0.00215	0.00702
85	0.00703	0.00496	0.00730	0.00730	0.00798	0.00563	0.00550	0.00811	0.00743	0.01059	0.01238	0.01915	0.01187	0.09279	0.64914	0.12024	0.01105	0.00513	0.00252	0.00388
86	0.01091	0.01042	0.01774	0.28884	0.54989	0.01111	0.01421	0.01386	0.01045	0.01450	0.00883	0.01213	0.00718	0.00443	0.00475	0.00148	0.00591	0.00426	0.00229	0.00683
87	0.00712	0.00580	0.00664	0.00734	0.00787	0.05334	0.00510	0.03330	0.00977	0.01272	0.02383	0.71169	0.02814	0.01426	0.02165	0.00200	0.02885	0.01220	0.00422	0.00417
88	0.01158	0.01182	0.01776	0.13023	0.43110	0.10306	0.09686	0.01428	0.01074	0.01421	0.00939	0.01304	0.00792	0.00717	0.07012	0.00197	0.02083	0.01896	0.00240	0.00654
89	0.00576	0.00468	0.00513	0.00547	0.00670	0.00404	0.00398	0.00690	0.01042	0.01276	0.04162	0.26108	0.56469	0.01293	0.00580	0.00172	0.00258	0.03530	0.00444	0.00400
90	0.01137	0.00907	0.00998	0.00866	0.01144	0.00966	0.00676	0.02076	0.51331	0.06631	0.10915	0.01958	0.04323	0.00658	0.00478	0.00146	0.00354	0.00552	0.00466	0.13419
91	0.00820	0.00419	0.00615	0.00615	0.00615	0.00419	0.00406	0.00628	0.00628	0.00838	0.00882	0.01581	0.00900	0.07890	0.01911	0.79552	0.00419	0.00436	0.00214	0.00214
92	0.86579	0.00924	0.00702	0.00629	0.00924	0.01072	0.00518	0.01405	0.00813	0.02144	0.00666	0.00776	0.00518	0.00444	0.00296	0.00148	0.00370	0.00259	0.00296	0.00518
93	0.01278	0.83490	0.02505	0.00818	0.01227	0.01891	0.00818	0.01431	0.00971	0.01125	0.00664	0.00767	0.00613	0.00409	0.00307	0.00102	0.00511	0.00256	0.00204	0.00613
94	0.01128	0.01289	0.02820	0.02015	0.02498	0.01209	0.78485	0.01531	0.01128	0.01531	0.00967	0.01289	0.00725	0.00403	0.00564	0.00161	0.00806	0.00564	0.00242	0.00645
95	0.01278	0.83490	0.02505	0.00818	0.01227	0.01891	0.00818	0.01431	0.00971	0.01125	0.00664	0.00767	0.00613	0.00409	0.00307	0.00102	0.00511	0.00256	0.00204	0.00613
96	0.00566	0.00478	0.00490	0.00499	0.00650	0.00402	0.00370	0.00684	0.01075	0.01285	0.04656	0.11179	0.73568	0.01235	0.00569	0.00164	0.00245	0.01038	0.00444	0.00402
97	0.00572	0.00483	0.00495	0.00496	0.00651	0.00406	0.00370	0.00698	0.01101	0.01327	0.09314	0.06384	0.73666	0.01203	0.00566	0.00162	0.00242	0.01008	0.00449	0.00406
98	0.01785	0.02278	0.01354	0.01231	0.01478	0.81284	0.00924	0.01909	0.01354	0.01170	0.00739	0.00862	0.00616	0.00493	0.00431	0.00123	0.00862	0.00308	0.00246	0.00554
99	0.00575	0.00485	0.00499	0.00495	0.00652	0.00408	0.00371	0.00706	0.01114	0.01350	0.11951	0.04502	0.72881	0.01188	0.00565	0.00160	0.00241	0.00995	0.00452	0.00408
100	0.00588	0.00473	0.00532	0.00554	0.00672	0.00425	0.00402	0.00701	0.01000	0.01239	0.03841	0.20038	0.51998	0.05427	0.09664	0.00250	0.00375	0.01009	0.00416	0.00398
101	0.00692	0.00462	0.00522	0.00526	0.00527	0.00461	0.00294	0.00694	0.00702	0.00936	0.01541	0.05586	0.01782	0.80684	0.02377	0.00455	0.00458	0.00716	0.00294	0.00293
102	0.01087	0.01070	0.06122	0.01164	0.01263	0.01293	0.01001	0.07541	0.00899	0.03922	0.00821	0.01192	0.00742	0.01185	0.13014	0.00280	0.56168	0.00431	0.00250	0.00553
103	0.00747	0.02536	0.00935	0.05702	0.01049	0.00693	0.04600	0.00906	0.00789	0.01108	0.01241	0.01974	0.01199	0.16854	0.54099	0.00613	0.03739	0.00532	0.00256	0.00428
104	0.01093	0.01108	0.01414	0.07015	0.01402	0.07752	0.01028	0.03022	0.00835	0.01198	0.00700	0.01095	0.00663	0.00927	0.05729	0.00228	0.63626	0.00415	0.00221	0.00527
105	0.03770	0.01012	0.08063	0.00777	0.01221	0.00722	0.00683	0.03866	0.01030	0.01622	0.00854	0.00991	0.00696	0.00373	0.00365	0.00083	0.00392	0.00294	0.00283	0.72903
106	0.06572	0.30203	0.34992	0.08260	0.01759	0.01404	0.01252	0.06089	0.01047	0.01475	0.00790	0.00943	0.00618	0.00455	0.00421	0.00136	0.02382	0.00326	0.00226	0.00649
107	0.01323	0.01001	0.01651	0.13954	0.43147	0.01009	0.05168	0.01620	0.02965	0.17723	0.01153	0.01335	0.00863	0.00478	0.00474	0.00146	0.00537	0.00448	0.04293	0.00715
108	0.00602	0.00431	0.00572	0.00652	0.00698	0.00401	0.00445	0.00714	0.01005	0.01363	0.18456	0.66663	0.03437	0.01391	0.00601	0.00185	0.00267	0.01258	0.00461	0.00401
109	0.00758	0.00608	0.00863	0.00830	0.00893	0.00736	0.00643	0.02186	0.00793	0.01143	0.01295	0.08577	0.01298	0.09535	0.52632	0.00586	0.15339	0.00580	0.00270	0.00435
110	0.00633	0.00541	0.03216	0.00606	0.00740	0.00448	0.00473	0.00808	0.01164	0.01547	0.35115	0.18197	0.30119	0.01145	0.00572	0.00164	0.00263	0.03348	0.00470	0.00431
111	0.00688	0.00526	0.00696	0.00733	0.00799	0.02548	0.00543	0.00819	0.00843	0.01149	0.01778	0.26150	0.01925	0.10482	0.42014	0.00514	0.00834	0.06226	0.00328	0.00406
112	0.01257	0.06379	0.01273	0.00961	0.06002	0.00990	0.00734	0.23299	0.01354	0.01944	0.00925	0.01033	0.00735	0.00425	0.00393	0.00098	0.00426	0.00332	0.00331	0.51111
113	0.00891	0.00445	0.00445	0.00445	0.00557	0.00445	0.00334	0.01114	0.01002	0.01782	0.01559	0.01782	0.01225	0.00557	0.00334	0.00111	0.00223	0.00445	0.85856	0.00445
114	0.01088	0.06502	0.13266	0.45492	0.04813	0.01147	0.07487	0.06263	0.02581	0.05486	0.00942	0.01221	0.00696	0.00478	0.00470	0.00153	0.00627	0.00420	0.00255	0.00614
115	0.00695	0.00496	0.00709	0.00709	0.00772	0.00559	0.00524	0.00807	0.00744	0.01055	0.01296	0.02101	0.01280	0.19435	0.60351	0.06219	0.01060	0.00543	0.00260	0.00385
116	0.01785	0.02278	0.01354	0.01231	0.01478	0.81284	0.00924	0.01909	0.01354	0.01170	0.00739	0.00862	0.00616	0.00493	0.00431	0.00123	0.00862	0.00308	0.00246	0.00554
117	0.00684	0.00506	0.00737	0.00737	0.00811	0.00580	0.00558	0.00833	0.00759	0.01086	0.01309	0.02038	0.01264	0.13778	0.71210	0.00729	0.01176	0.00536	0.00260	0.00409
118	0.00903	0.00850	0.01434	0.82054	0.03292	0.01062	0.01327	0.01221	0.00956	0.01221	0.00850	0.01274	0.00637	0.00478	0.00478	0.00159	0.00637	0.00425	0.00212	0.00531
119	0.01253	0.00945	0.01083	0.00814	0.01209	0.00841	0.00655	0.13877	0.10080	0.09159	0.01117	0.01165	0.00854	0.00445	0.00401	0.00100	0.00389	0.00354	0.00366	0.54894
120	0.01278	0.83490	0.02505	0.00818	0.01227	0.01891	0.00818	0.01431	0.00971	0.01125	0.00664	0.00767	0.00613	0.00409	0.00307	0.00102	0.00511	0.00256	0.00204	0.00613
121	0.01056	0.01075	0.01628	0.01347	0.01405	0.01433	0.10400	0.01196	0.00780	0.01196	0.00668	0.01075	0.00639	0.00784	0.01447	0.00203	0.72480	0.00436	0.00213	0.00538
122	0.00891	0.00445	0.00445	0.00445	0.00557	0.00445	0.00334	0.01114	0.01002	0.01782	0.01559	0.01782	0.01225	0.00557	0.00334	0.00111	0.00223	0.00445	0.85856	0.00445
123	0.00758	0.00544	0.00753	0.00850	0.00962	0.00539	0.00737	0.00975	0.01116	0.01457	0.07481	0.05252	0.05258	0.01295	0.00651	0.00214	0.00420	0.69850	0.00446	0.00440
124	0.00683	0.00512	0.00768	0.00768	0.00853	0.00597	0.00597	0.00853	0.00768	0.01110	0.01280	0.01878	0.01195	0.03585	0.81308	0.00768	0.01280	0.00512	0.00256	0.00427
125	0.11211	0.00678	0.00804	0.00836	0.01001	0.00716	0.00707	0.03749	0.11463	0.01662	0.06262	0.04088	0.06007	0.01079	0.00578	0.00195	0.00406	0.47623	0.00435	0.00502
126	0.01660	0.11273	0.01510	0.01032	0.01413	0.06843	0.00861	0.55664	0.01896	0.02501	0.01029	0.01065	0.00764	0.00524	0.00441	0.00129	0.00528	0.00385	0.00408	0.10075
127	0.00962	0.00724	0.00758	0.00700	0.00863	0.09283	0.00537	0.01154	0.01297	0.11210	0.46114	0.05171	0.13583	0.00939	0.00545	0.00153	0.00331	0.04691	0.00486	0.00498
128	0.00891	0.00445	0.00445	0.00445	0.00557	0.00445	0.00334	0.01114	0.01002	0.01782	0.01559	0.01782	0.01225	0.00557	0.00334	0.00111	0.00223	0.00445	0.85856	0.00445
129	0.01458	0.04737	0.04516	0.01380	0.18024	0.12701	0.00944	0.05594	0.11178	0.19008	0.01358	0.03875	0.02753	0.00565	0.00491	0.00140	0.02843	0.00456	0.00371	0.07609
130	0.06452	0.11010	0.11040	0.01008	0.05111	0.03944	0.00864	0.14302	0.04778	0.13198	0.11820	0.06476	0.01489	0.00642	0.00460	0.00143	0.00463	0.02004	0.00392	0.04405

[dist]
# distance from previous block
# <min> <max>
0	2

[block]
# block no. 6 follows, 53 sequences, length 16
# corresponding to MSA columns:
# 461-468,474-481
name=unknown_G
#
# <colnr> <probs for GDERKNQSTAVLIFYWHMCP>
#	G	D	E	R	K	N	Q	S	T	A	V	L	I	F	Y	W	H	M	C	P
0	0.01211	0.08050	0.09464	0.08647	0.26154	0.01115	0.02600	0.07611	0.05499	0.07323	0.04088	0.01368	0.00974	0.00517	0.00496	0.00141	0.03404	0.02174	0.00306	0.08857
1	0.01201	0.18125	0.20520	0.06967	0.04978	0.12066	0.08714	0.02939	0.07482	0.03461	0.01011	0.04011	0.00837	0.02059	0.01701	0.00157	0.02453	0.00422	0.00264	0.00633
2	0.86579	0.00924	0.00702	0.00629	0.00924	0.01072	0.00518	0.01405	0.00813	0.02144	0.00666	0.00776	0.00518	0.00444	0.00296	0.00148	0.00370	0.00259	0.00296	0.00518
3	0.00976	0.00562	0.00696	0.00620	0.00808	0.00493	0.00480	0.01158	0.01269	0.19755	0.37182	0.03465	0.28744	0.00966	0.00545	0.00153	0.00273	0.00824	0.00514	0.00518
4	0.01180	0.00844	0.01235	0.03724	0.22722	0.03617	0.04121	0.01358	0.01068	0.17696	0.04903	0.19396	0.01624	0.09992	0.00776	0.00194	0.03895	0.00691	0.00372	0.00595
5	0.00645	0.00476	0.00603	0.00596	0.00701	0.00434	0.00438	0.00832	0.01243	0.01713	0.56606	0.16970	0.14776	0.01097	0.00572	0.00159	0.00236	0.00967	0.00501	0.00434
6	0.00657	0.00457	0.00583	0.00649	0.00722	0.00420	0.00460	0.00768	0.00997	0.04086	0.07948	0.53852	0.16075	0.03539	0.00647	0.00193	0.00290	0.06796	0.00450	0.00411
7	0.01046	0.01046	0.01464	0.01255	0.01255	0.01464	0.01046	0.01150	0.00732	0.01150	0.00627	0.01046	0.00627	0.00837	0.01569	0.00209	0.82328	0.00418	0.00209	0.00523
8	0.82507	0.00919	0.00722	0.00639	0.00939	0.01054	0.00527	0.01450	0.00840	0.05926	0.00724	0.00817	0.00550	0.00451	0.00305	0.00148	0.00372	0.00270	0.00310	0.00532
9	0.01807	0.01645	0.01408	0.01143	0.01481	0.27468	0.00913	0.53646	0.01957	0.02412	0.01014	0.01055	0.00749	0.00547	0.00463	0.00137	0.00635	0.00390	0.00403	0.00729
