[name]
unknown

[dist]
# distance from previous block
# <min> <max>
23	110

[block]
# block no. 0 follows, 54 sequences, length 78
# corresponding to MSA columns:
# 299-376
name=unknown_A
#
# <colnr> <probs for GDERKNQSTAVLIFYWHMCP>
#	G	D	E	R	K	N	Q	S	T	A	V	L	I	F	Y	W	H	M	C	P
0	0.01240	0.15513	0.21251	0.01111	0.03037	0.02955	0.07107	0.19001	0.01326	0.04614	0.07811	0.01310	0.02492	0.00517	0.00440	0.00132	0.00539	0.00419	0.00319	0.08867
1	0.10547	0.10429	0.18940	0.04302	0.23221	0.05699	0.06938	0.02947	0.02811	0.01547	0.02574	0.01130	0.01754	0.00462	0.00444	0.00139	0.01719	0.00385	0.00249	0.03763
2	0.00573	0.00478	0.00496	0.00492	0.00642	0.00405	0.00367	0.00701	0.01096	0.01337	0.13370	0.04390	0.69925	0.02909	0.00596	0.00164	0.00242	0.00972	0.00444	0.00401
3	0.01054	0.05321	0.12324	0.02748	0.16024	0.02375	0.14754	0.08697	0.04024	0.01671	0.15218	0.01819	0.07054	0.00656	0.01861	0.00158	0.02750	0.00547	0.00324	0.00622
4	0.00623	0.00525	0.00558	0.00517	0.00706	0.00433	0.00393	0.00764	0.01086	0.01366	0.11352	0.03975	0.62730	0.01062	0.00530	0.00146	0.00252	0.00888	0.00425	0.11669
5	0.00978	0.00838	0.00978	0.00698	0.01117	0.00629	0.00559	0.01187	0.00978	0.01536	0.00838	0.00978	0.00698	0.00349	0.00349	0.00070	0.00349	0.00279	0.00279	0.86312
6	0.01369	0.05793	0.01422	0.03172	0.22631	0.19783	0.01958	0.01587	0.02469	0.13344	0.03466	0.02788	0.02628	0.00584	0.01899	0.00142	0.02231	0.01744	0.00315	0.10676
7	0.00916	0.00838	0.01406	0.71249	0.08227	0.01022	0.01269	0.01218	0.00948	0.02445	0.00881	0.01289	0.00675	0.00639	0.04954	0.00189	0.00656	0.00425	0.00219	0.00537
8	0.00627	0.00541	0.00632	0.00725	0.08471	0.00473	0.00473	0.00771	0.01097	0.01354	0.10997	0.04118	0.65862	0.01098	0.00548	0.00156	0.00269	0.00926	0.00425	0.00436
9	0.01029	0.03464	0.34574	0.02942	0.03425	0.03924	0.18983	0.01413	0.01015	0.01458	0.00871	0.02091	0.00681	0.00451	0.00511	0.00138	0.05031	0.00397	0.00230	0.17371
10	0.00890	0.00838	0.01414	0.82296	0.03247	0.01048	0.01309	0.01205	0.00943	0.01205	0.00838	0.01257	0.00629	0.00471	0.00471	0.00157	0.00629	0.00419	0.00210	0.00524
11	0.66390	0.01010	0.00866	0.00731	0.01044	0.01155	0.00603	0.19973	0.01142	0.02321	0.00771	0.00854	0.00580	0.00468	0.00335	0.00145	0.00402	0.00296	0.00335	0.00580
12	0.01037	0.00873	0.01010	0.00727	0.01143	0.00689	0.00583	0.06848	0.01068	0.01641	0.00859	0.00989	0.00706	0.00365	0.00358	0.00075	0.00362	0.00290	0.00293	0.80084
13	0.01173	0.01013	0.01066	0.00960	0.01226	0.01173	0.00746	0.02505	0.79636	0.01972	0.01919	0.01759	0.01439	0.00640	0.00480	0.00160	0.00373	0.00533	0.00480	0.00746
14	0.01290	0.80886	0.02424	0.00808	0.01210	0.01826	0.00803	0.01442	0.00971	0.03827	0.00697	0.00785	0.00624	0.00410	0.00308	0.00102	0.00501	0.00260	0.00215	0.00612
15	0.00561	0.00474	0.00485	0.00490	0.00641	0.00398	0.00365	0.00680	0.01070	0.01283	0.06231	0.08958	0.74349	0.01205	0.00560	0.00161	0.00240	0.01012	0.00440	0.00398
16	0.00574	0.00410	0.00547	0.00657	0.00684	0.00383	0.00438	0.00657	0.00903	0.01204	0.02599	0.83122	0.03119	0.01477	0.00602	0.00191	0.00274	0.01340	0.00438	0.00383
17	0.01175	0.01324	0.10613	0.20532	0.21809	0.10086	0.15015	0.02962	0.01094	0.05095	0.00941	0.01247	0.00738	0.00512	0.01529	0.00157	0.02565	0.01719	0.00250	0.00636
18	0.02087	0.00819	0.01101	0.00847	0.01210	0.00721	0.00699	0.04023	0.03141	0.77282	0.01845	0.01598	0.01165	0.00584	0.00474	0.00146	0.00403	0.00474	0.00579	0.00801
19	0.00573	0.00416	0.00541	0.00641	0.00680	0.00384	0.00431	0.00658	0.00918	0.01210	0.02786	0.76360	0.09759	0.01453	0.00598	0.00189	0.00271	0.01311	0.00438	0.00384
20	0.01512	0.01700	0.36794	0.01131	0.01641	0.04457	0.01212	0.17718	0.01370	0.26021	0.01210	0.01204	0.00814	0.00515	0.00460	0.00145	0.00576	0.00401	0.00375	0.00744
21	0.02951	0.01175	0.01460	0.06124	0.08529	0.03937	0.06616	0.38628	0.06076	0.14354	0.02925	0.01295	0.00936	0.00551	0.00498	0.00146	0.02191	0.00449	0.00421	0.00738
22	0.01173	0.01013	0.01066	0.00960	0.01226	0.01173	0.00746	0.02505	0.79636	0.01972	0.01919	0.01759	0.01439	0.00640	0.00480	0.00160	0.00373	0.00533	0.00480	0.00746
23	0.00635	0.00480	0.00588	0.00573	0.00694	0.00432	0.00431	0.00822	0.01234	0.01670	0.52875	0.07516	0.25578	0.01064	0.00562	0.00156	0.00237	0.03536	0.00490	0.00429
24	0.32430	0.01141	0.02553	0.01073	0.06868	0.05293	0.06670	0.20020	0.03027	0.03210	0.00884	0.00995	0.00675	0.00471	0.00418	0.00136	0.02281	0.00350	0.00328	0.11177
25	0.00979	0.00954	0.05002	0.38952	0.08083	0.01943	0.02705	0.05890	0.05604	0.01401	0.01037	0.01416	0.01865	0.05442	0.06592	0.00210	0.03504	0.00442	0.00259	0.07722
26	0.01284	0.79935	0.02418	0.00826	0.01222	0.05560	0.00812	0.01434	0.00976	0.01111	0.00659	0.00761	0.00605	0.00407	0.00308	0.00102	0.00520	0.00255	0.00204	0.00602
27	0.04982	0.00833	0.00950	0.00746	0.01074	0.02458	0.00591	0.05431	0.02807	0.03353	0.02699	0.05628	0.00988	0.00850	0.10317	0.00176	0.01624	0.00396	0.00310	0.53785
28	0.04127	0.01030	0.01053	0.00940	0.01208	0.02901	0.00734	0.06523	0.67699	0.01984	0.01928	0.01789	0.04697	0.00649	0.00475	0.00158	0.00385	0.00532	0.00466	0.00722
29	0.07184	0.00905	0.01157	0.01030	0.08237	0.03557	0.00762	0.03826	0.03918	0.61890	0.01647	0.01483	0.01071	0.00558	0.00461	0.00145	0.00430	0.00451	0.00517	0.00769
30	0.01316	0.00789	0.00960	0.00731	0.01086	0.00648	0.00583	0.01549	0.04491	0.27710	0.01555	0.01589	0.07034	0.04357	0.00507	0.00124	0.00364	0.00428	0.00401	0.43778
31	0.01148	0.10080	0.01592	0.02650	0.02601	0.05186	0.03102	0.06903	0.00906	0.01285	0.00683	0.01013	0.00635	0.00721	0.01219	0.00183	0.58917	0.00395	0.00228	0.00555
32	0.00674	0.00502	0.00739	0.00739	0.00817	0.00579	0.00566	0.00830	0.00752	0.01081	0.01280	0.01945	0.01219	0.09569	0.75583	0.00735	0.01202	0.00519	0.00255	0.00411
33	0.01098	0.01036	0.01749	0.02616	0.70671	0.01032	0.01323	0.01360	0.01071	0.01528	0.04388	0.07877	0.01095	0.00528	0.00481	0.00145	0.00523	0.00513	0.00262	0.00705
34	0.00676	0.00496	0.00713	0.00713	0.00782	0.00565	0.00534	0.00813	0.00745	0.01062	0.01304	0.02077	0.01276	0.18104	0.67126	0.00703	0.01116	0.00538	0.00259	0.00396
35	0.00996	0.00971	0.01375	0.01167	0.01208	0.01293	0.04536	0.02836	0.00794	0.01187	0.00983	0.01425	0.05970	0.06784	0.01473	0.00218	0.65569	0.00478	0.00235	0.00503
36	0.01277	0.80999	0.02433	0.00820	0.01218	0.04520	0.00810	0.01428	0.00971	0.01111	0.00658	0.00759	0.00605	0.00406	0.00307	0.00102	0.00516	0.00254	0.00203	0.00603
37	0.01261	0.83713	0.02471	0.00807	0.01210	0.01866	0.00807	0.01412	0.00958	0.01109	0.00656	0.00756	0.00605	0.00403	0.00303	0.00101	0.00504	0.00252	0.00202	0.00605
38	0.00978	0.00838	0.00978	0.00698	0.01117	0.00629	0.00559	0.01187	0.00978	0.01536	0.00838	0.00978	0.00698	0.00349	0.00349	0.00070	0.00349	0.00279	0.00279	0.86312
39	0.00720	0.00558	0.00704	0.00700	0.00764	0.03692	0.00507	0.00834	0.00758	0.01041	0.01312	0.02198	0.01323	0.28316	0.53739	0.00639	0.00996	0.00554	0.00263	0.00384
40	0.00583	0.00414	0.00545	0.00646	0.00671	0.00388	0.00426	0.00659	0.00887	0.01182	0.02517	0.77232	0.03015	0.07508	0.00734	0.00211	0.00287	0.01292	0.00426	0.00376
41	0.00699	0.00527	0.00574	0.00560	0.00717	0.00476	0.00420	0.00898	0.06065	0.05661	0.06512	0.08702	0.56283	0.05030	0.03414	0.00195	0.00306	0.02086	0.00438	0.00439
42	0.00978	0.00838	0.00978	0.00698	0.01117	0.00629	0.00559	0.01187	0.00978	0.01536	0.00838	0.00978	0.00698	0.00349	0.00349	0.00070	0.00349	0.00279	0.00279	0.86312
43	0.00871	0.00726	0.00875	0.02220	0.01044	0.04223	0.02829	0.03070	0.17769	0.01489	0.04714	0.24806	0.02201	0.01285	0.07860	0.00232	0.00476	0.20448	0.00411	0.02450
44	0.01657	0.01277	0.01446	0.04029	0.08516	0.02778	0.00957	0.63725	0.01984	0.02663	0.02397	0.01171	0.00842	0.00565	0.00514	0.00144	0.03714	0.00429	0.00428	0.00766
45	0.01482	0.04958	0.01414	0.05403	0.14623	0.51223	0.00976	0.02769	0.01224	0.01251	0.00967	0.06437	0.02418	0.00559	0.00468	0.00133	0.02453	0.00413	0.00258	0.00570
46	0.00970	0.00777	0.01076	0.05626	0.01219	0.03333	0.10155	0.09190	0.03892	0.05246	0.20466	0.05281	0.06905	0.09622	0.08115	0.00244	0.00518	0.06458	0.00392	0.00515
47	0.18672	0.04558	0.04149	0.10106	0.06811	0.02448	0.11175	0.06903	0.07204	0.13945	0.01118	0.03914	0.00862	0.00540	0.00508	0.00152	0.05522	0.00441	0.00336	0.00635
48	0.04453	0.01094	0.01686	0.02366	0.59131	0.05655	0.03820	0.01378	0.01038	0.01473	0.00991	0.01329	0.02116	0.04206	0.07084	0.00203	0.00624	0.00439	0.00244	0.00671
49	0.00905	0.00853	0.01441	0.78090	0.07339	0.01051	0.01317	0.01218	0.00950	0.01222	0.00841	0.01252	0.00635	0.00469	0.00471	0.00156	0.00625	0.00419	0.00211	0.00536
50	0.01355	0.00998	0.01140	0.02671	0.04608	0.02396	0.00789	0.20519	0.29835	0.11996	0.04514	0.04998	0.05040	0.00700	0.00529	0.00157	0.03158	0.03441	0.00458	0.00699
51	0.00678	0.00487	0.00663	0.00663	0.00715	0.00538	0.00472	0.00781	0.00730	0.01025	0.01349	0.02330	0.01386	0.34466	0.50915	0.00641	0.00951	0.00575	0.00265	0.00369
52	0.02035	0.00877	0.01133	0.00875	0.01237	0.00810	0.00721	0.11967	0.04777	0.67659	0.01771	0.01552	0.01133	0.00584	0.00474	0.00146	0.00415	0.00470	0.00565	0.00800
53	0.00629	0.00450	0.00610	0.00719	0.00771	0.00430	0.00533	0.00752	0.00957	0.01265	0.02568	0.60051	0.02998	0.01425	0.00616	0.00199	0.00321	0.23869	0.00437	0.00398
54	0.01976	0.01027	0.01233	0.00945	0.01316	0.01026	0.00781	0.35459	0.01725	0.47124	0.01545	0.01400	0.01009	0.00576	0.00473	0.00144	0.00452	0.00453	0.00535	0.00802
55	0.01145	0.01030	0.01937	0.07882	0.23574	0.01016	0.30955	0.02432	0.01076	0.09154	0.01110	0.04071	0.00900	0.00852	0.10484	0.00227	0.00716	0.00519	0.00280	0.00642
56	0.00977	0.02431	0.77893	0.01339	0.02018	0.04219	0.01710	0.01508	0.01009	0.01480	0.00842	0.00990	0.00598	0.00449	0.00447	0.00148	0.00703	0.00347	0.00201	0.00691
57	0.01948	0.01071	0.01261	0.00967	0.01338	0.01092	0.00798	0.42075	0.01800	0.40402	0.01482	0.01359	0.00978	0.00574	0.00473	0.00144	0.00462	0.00448	0.00525	0.00802
58	0.86760	0.00912	0.00693	0.00620	0.00912	0.01058	0.00511	0.01386	0.00802	0.02115	0.00657	0.00766	0.00511	0.00438	0.00292	0.00146	0.00365	0.00255	0.00292	0.00511
59	0.00934	0.00881	0.01478	0.62358	0.19159	0.01035	0.01298	0.01233	0.00976	0.01277	0.01015	0.01377	0.04029	0.00491	0.00474	0.00154	0.00598	0.00444	0.00224	0.00565
60	0.01137	0.01090	0.01860	0.11493	0.72123	0.01112	0.01432	0.01421	0.01059	0.01504	0.00882	0.01177	0.00734	0.00426	0.00467	0.00142	0.00568	0.00420	0.00231	0.00723
61	0.01953	0.00856	0.01102	0.00868	0.01217	0.00799	0.00709	0.05311	0.13865	0.65216	0.01841	0.01611	0.01196	0.00592	0.00475	0.00148	0.00401	0.00482	0.00563	0.00793
62	0.02115	0.00802	0.01094	0.00839	0.01204	0.00693	0.00693	0.02298	0.01350	0.80815	0.01860	0.01605	0.01167	0.00584	0.00474	0.00146	0.00401	0.00474	0.00584	0.00802
63	0.01025	0.00842	0.01355	0.07039	0.21472	0.00891	0.07227	0.01254	0.01043	0.07522	0.03123	0.05377	0.03528	0.00864	0.01922	0.00187	0.10876	0.23547	0.00334	0.00572
64	0.00814	0.00412	0.00615	0.00615	0.00617	0.00413	0.00411	0.00619	0.00618	0.00825	0.00837	0.01467	0.00839	0.02954	0.03258	0.83428	0.00425	0.00416	0.00207	0.00210
65	0.00581	0.00479	0.00511	0.00503	0.00652	0.00408	0.00377	0.00723	0.01131	0.01408	0.21187	0.04317	0.63803	0.01144	0.00557	0.00157	0.00235	0.00964	0.00456	0.00408
66	0.00909	0.00859	0.01432	0.51532	0.10963	0.01027	0.04783	0.01173	0.00936	0.01247	0.01032	0.10869	0.00938	0.00620	0.00609	0.00165	0.09598	0.00533	0.00240	0.00535
67	0.01195	0.12140	0.22784	0.06241	0.05675	0.08596	0.28087	0.04486	0.01121	0.03960	0.00893	0.01095	0.00675	0.00437	0.00469	0.00144	0.00694	0.00418	0.00242	0.00650
68	0.01004	0.02136	0.59400	0.01506	0.02138	0.02688	0.21460	0.01505	0.01032	0.01491	0.00871	0.01063	0.00628	0.00436	0.00475	0.00151	0.00725	0.00401	0.00210	0.00678
69	0.01111	0.01164	0.01432	0.01235	0.01262	0.10176	0.01018	0.01216	0.00789	0.01137	0.00631	0.01012	0.00618	0.00788	0.01425	0.00197	0.73658	0.00401	0.00210	0.00519
70	0.07883	0.00866	0.01139	0.17603	0.02699	0.00860	0.00806	0.06451	0.01141	0.27845	0.01172	0.01251	0.00831	0.00520	0.00504	0.01827	0.04150	0.00391	0.00373	0.21686
71	0.01180	0.38275	0.23981	0.01206	0.09592	0.07902	0.02061	0.01479	0.02668	0.02472	0.00977	0.01088	0.04340	0.00468	0.00391	0.00125	0.00578	0.00348	0.00230	0.00637
72	0.00586	0.00414	0.00551	0.00650	0.00680	0.00388	0.00434	0.00666	0.00910	0.01218	0.05750	0.76444	0.03096	0.03177	0.00664	0.01995	0.00278	0.01287	0.00433	0.00380
73	0.00678	0.00454	0.00516	0.00524	0.00525	0.00452	0.00296	0.00684	0.00700	0.00933	0.01559	0.08373	0.01807	0.78016	0.02281	0.00440	0.00445	0.00729	0.00296	0.00292
74	0.01124	0.03005	0.01784	0.06760	0.07521	0.07376	0.29088	0.03711	0.12310	0.01547	0.01211	0.04506	0.01029	0.00546	0.00498	0.00147	0.00598	0.05769	0.00302	0.11167
75	0.01104	0.01051	0.01509	0.01431	0.11061	0.01322	0.05549	0.06457	0.08467	0.01421	0.00919	0.01342	0.00830	0.00738	0.01141	0.00187	0.50534	0.04082	0.00266	0.00588
76	0.01049	0.05522	0.03490	0.23378	0.23893	0.01152	0.12098	0.03020	0.02574	0.01421	0.04002	0.01415	0.00914	0.00541	0.00615	0.00157	0.10678	0.03219	0.00250	0.00613
77	0.00790	0.01331	0.33845	0.00953	0.01299	0.02415	0.02156	0.01126	0.02570	0.01490	0.18235	0.22788	0.07344	0.00873	0.00519	0.00160	0.00457	0.00757	0.00350	0.00541

[dist]
# distance from previous block
# <min> <max>
0	13

[block]
# block no. 1 follows, 54 sequences, length 15
# corresponding to MSA columns:
# 390-400,402-405
name=unknown_B
#
# <colnr> <probs for GDERKNQSTAVLIFYWHMCP>
#	G	D	E	R	K	N	Q	S	T	A	V	L	I	F	Y	W	H	M	C	P
0	0.01915	0.00938	0.01151	0.00895	0.01244	0.00915	0.00739	0.26044	0.01594	0.50395	0.01633	0.01559	0.01095	0.00594	0.00470	0.00144	0.00429	0.02393	0.05079	0.00774
1	0.01110	0.43311	0.26626	0.01110	0.01592	0.01463	0.10823	0.01411	0.00975	0.01272	0.00794	0.00995	0.00666	0.02831	0.03071	0.00154	0.00623	0.00340	0.00209	0.00622
2	0.00978	0.00838	0.00978	0.00698	0.01117	0.00629	0.00559	0.01187	0.00978	0.01536	0.00838	0.00978	0.00698	0.00349	0.00349	0.00070	0.00349	0.00279	0.00279	0.86312
3	0.00995	0.00958	0.09649	0.03565	0.04213	0.00734	0.00758	0.02568	0.02138	0.06418	0.04337	0.09633	0.02630	0.03628	0.00555	0.00131	0.04390	0.01600	0.00319	0.40781
4	0.00583	0.00479	0.00513	0.00505	0.00653	0.00409	0.00378	0.00726	0.01135	0.01417	0.22323	0.04302	0.62661	0.01141	0.00557	0.00157	0.00235	0.00962	0.00457	0.00409
5	0.01054	0.06617	0.33370	0.01713	0.21674	0.01088	0.12376	0.01437	0.01035	0.03431	0.00996	0.01360	0.00813	0.00587	0.03244	0.00168	0.00651	0.04898	0.00241	0.03246
6	0.01723	0.04485	0.02757	0.01011	0.07921	0.00831	0.00766	0.09788	0.01356	0.48958	0.06279	0.04257	0.03933	0.00621	0.00473	0.00143	0.00416	0.00514	0.00496	0.03273
7	0.00684	0.00463	0.00544	0.00544	0.00554	0.00473	0.00322	0.00704	0.00694	0.00936	0.01459	0.02937	0.01650	0.73814	0.11928	0.00493	0.00554	0.00664	0.00282	0.00302
8	0.01117	0.00664	0.00945	0.00889	0.04220	0.00633	0.05311	0.04206	0.02541	0.20935	0.10007	0.18957	0.04013	0.08839	0.04472	0.00220	0.00430	0.08230	0.02825	0.00544
9	0.04914	0.00861	0.01009	0.05634	0.01251	0.00707	0.00616	0.04358	0.01018	0.01601	0.00842	0.00991	0.00690	0.00369	0.00359	0.00081	0.00374	0.00293	0.00284	0.73749
10	0.01087	0.00955	0.01368	0.12224	0.24539	0.00964	0.03370	0.08800	0.10152	0.01655	0.04056	0.04475	0.01071	0.03885	0.00533	0.00145	0.00477	0.00468	0.00312	0.19463
11	0.01032	0.03714	0.03080	0.00993	0.08909	0.04862	0.00732	0.01308	0.05677	0.06346	0.07807	0.04773	0.05435	0.00683	0.00466	0.00131	0.00410	0.13177	0.00356	0.30108
12	0.00854	0.00785	0.04756	0.00928	0.07595	0.00701	0.03555	0.05839	0.09995	0.01721	0.29267	0.06471	0.18954	0.00848	0.00520	0.00149	0.00343	0.00739	0.00427	0.05554
13	0.00676	0.00507	0.00707	0.00701	0.00790	0.00550	0.00526	0.00816	0.00786	0.01108	0.01559	0.07034	0.05971	0.13548	0.57916	0.00618	0.00997	0.00597	0.00280	0.04313
14	0.01282	0.18183	0.05617	0.06008	0.05704	0.14819	0.00915	0.04680	0.34633	0.01599	0.01257	0.01278	0.00977	0.00531	0.00431	0.00139	0.00527	0.00411	0.00339	0.00670

[dist]
# distance from previous block
# <min> <max>
1	2

[block]
# block no. 2 follows, 54 sequences, length 28
# corresponding to MSA columns:
# 409-436
name=unknown_C
#
# <colnr> <probs for GDERKNQSTAVLIFYWHMCP>
#	G	D	E	R	K	N	Q	S	T	A	V	L	I	F	Y	W	H	M	C	P
0	0.01655	0.07109	0.05557	0.01111	0.04220	0.03248	0.00924	0.59805	0.01931	0.04338	0.01100	0.01132	0.00797	0.00541	0.00451	0.00137	0.00520	0.00407	0.04256	0.00759
1	0.01173	0.10237	0.25379	0.01698	0.18796	0.09393	0.16982	0.01564	0.04180	0.03211	0.02436	0.01141	0.00775	0.00451	0.00460	0.00142	0.00654	0.00411	0.00245	0.00670
2	0.00735	0.00500	0.00649	0.00612	0.00737	0.00454	0.00457	0.00937	0.01270	0.05762	0.63256	0.12176	0.06340	0.00992	0.00551	0.00151	0.00241	0.00876	0.00504	0.02799
3	0.01386	0.08811	0.10600	0.01115	0.04197	0.07849	0.00949	0.21174	0.29757	0.04838	0.01310	0.01301	0.00981	0.00561	0.00485	0.00146	0.02999	0.00431	0.00388	0.00720
4	0.02597	0.02084	0.65274	0.01216	0.01810	0.01003	0.01503	0.01455	0.03180	0.03888	0.04781	0.05710	0.02355	0.00551	0.00462	0.00152	0.00619	0.00445	0.00252	0.00664
5	0.02262	0.20685	0.33477	0.01233	0.04537	0.05011	0.06725	0.08909	0.06969	0.03346	0.02057	0.01076	0.00761	0.00470	0.00427	0.00137	0.00603	0.00371	0.00267	0.00676
6	0.01039	0.30455	0.03818	0.00770	0.01059	0.01157	0.00679	0.04213	0.17946	0.03298	0.05851	0.06247	0.20224	0.00736	0.00443	0.00138	0.00391	0.00589	0.00364	0.00581
7	0.00579	0.00412	0.00546	0.00650	0.00676	0.00386	0.00431	0.00658	0.00893	0.01191	0.02550	0.79592	0.03057	0.05091	0.00681	0.00203	0.00282	0.01312	0.00431	0.00379
8	0.02387	0.02591	0.07854	0.02645	0.28386	0.02831	0.07543	0.01193	0.01034	0.02945	0.05845	0.16865	0.09425	0.03004	0.00592	0.00164	0.03125	0.00677	0.00312	0.00581
9	0.01221	0.04729	0.03693	0.03837	0.11227	0.15010	0.12168	0.09120	0.04044	0.04278	0.01086	0.04898	0.00930	0.01114	0.15814	0.00262	0.05208	0.00473	0.00289	0.00599
10	0.01015	0.00760	0.06578	0.00783	0.00985	0.00656	0.00641	0.01412	0.15981	0.15870	0.15300	0.27939	0.04796	0.02439	0.00569	0.00171	0.00344	0.02735	0.00466	0.00561
11	0.00558	0.00475	0.00481	0.00486	0.00639	0.00397	0.00362	0.00676	0.01067	0.01271	0.04680	0.08003	0.76893	0.01207	0.00559	0.00161	0.00240	0.01010	0.00438	0.00397
12	0.01400	0.07516	0.12114	0.05366	0.15600	0.15284	0.09043	0.19799	0.01375	0.04332	0.00949	0.01096	0.00723	0.00477	0.00452	0.00138	0.00628	0.00395	0.02633	0.00679
13	0.01352	0.17626	0.06935	0.01342	0.08493	0.24886	0.11054	0.04332	0.02504	0.04178	0.00929	0.05274	0.00806	0.00540	0.00535	0.00139	0.07787	0.00417	0.00262	0.00608
14	0.22231	0.00864	0.00942	0.05648	0.01167	0.02894	0.00655	0.12716	0.02755	0.22280	0.14715	0.01725	0.01513	0.02874	0.00492	0.00154	0.00398	0.01649	0.03713	0.00613
15	0.01042	0.06494	0.11436	0.09713	0.07388	0.10886	0.16766	0.03009	0.01056	0.01349	0.01353	0.16487	0.04754	0.01878	0.00572	0.00160	0.04199	0.00614	0.00279	0.00563
16	0.00661	0.00496	0.00615	0.00595	0.00712	0.00460	0.00442	0.00898	0.04363	0.01730	0.57633	0.11128	0.16433	0.01037	0.00558	0.00155	0.00236	0.00909	0.00497	0.00443
17	0.01433	0.01299	0.11747	0.01279	0.08483	0.01166	0.07906	0.29957	0.12456	0.09902	0.02688	0.01297	0.00948	0.00527	0.00470	0.00142	0.00520	0.00443	0.00394	0.06944
18	0.01270	0.68241	0.10639	0.00898	0.01319	0.08549	0.00914	0.01460	0.00994	0.01154	0.00682	0.00789	0.00604	0.00415	0.00328	0.00108	0.00554	0.00267	0.00205	0.00610
19	0.01959	0.00856	0.01100	0.00855	0.01202	0.00794	0.00702	0.11942	0.04510	0.63171	0.03665	0.01603	0.01213	0.00592	0.00471	0.00145	0.00404	0.00478	0.03560	0.00779
20	0.00725	0.00520	0.00618	0.00623	0.02341	0.00466	0.00453	0.02327	0.01151	0.06458	0.22863	0.14539	0.40779	0.01140	0.01581	0.00168	0.00277	0.02062	0.00461	0.00449
21	0.01090	0.00854	0.01123	0.01214	0.14713	0.02173	0.01802	0.07390	0.12903	0.07718	0.02969	0.15525	0.02915	0.10218	0.00852	0.00199	0.10556	0.02927	0.02278	0.00581
22	0.00631	0.00483	0.00580	0.00563	0.00692	0.00432	0.00427	0.00816	0.01229	0.01644	0.49266	0.03972	0.32007	0.01063	0.00561	0.00155	0.00238	0.04326	0.00486	0.00427
23	0.00703	0.00542	0.00739	0.00736	0.00813	0.02606	0.00556	0.00847	0.00763	0.01072	0.01280	0.01994	0.01237	0.14238	0.68842	0.00701	0.01144	0.00524	0.00257	0.00406
24	0.01322	0.06783	0.18668	0.03119	0.17712	0.28087	0.10867	0.02807	0.03661	0.01400	0.00855	0.01033	0.00677	0.00454	0.00451	0.00137	0.00707	0.00376	0.00239	0.00644
25	0.00689	0.00462	0.00604	0.00678	0.00735	0.00436	0.00465	0.03501	0.00979	0.04844	0.04355	0.74690	0.02981	0.01393	0.00590	0.00187	0.00287	0.01258	0.00447	0.00418
26	0.00613	0.00432	0.00578	0.00684	0.00727	0.00410	0.00486	0.00721	0.00935	0.01254	0.02550	0.68156	0.02995	0.01421	0.00601	0.00193	0.00298	0.13511	0.03040	0.00393
27	0.13578	0.04095	0.19782	0.04266	0.32510	0.03070	0.06853	0.01403	0.01022	0.01569	0.02451	0.01287	0.05156	0.00483	0.00444	0.00144	0.00563	0.00421	0.00249	0.00652

[dist]
# distance from previous block
# <min> <max>
2	5

[block]
# block no. 3 follows, 54 sequences, length 19
# corresponding to MSA columns:
# 443-461
name=unknown_D
#
# <colnr> <probs for GDERKNQSTAVLIFYWHMCP>
#	G	D	E	R	K	N	Q	S	T	A	V	L	I	F	Y	W	H	M	C	P
0	0.00617	0.00477	0.00564	0.00559	0.00684	0.00424	0.00419	0.00785	0.01182	0.01557	0.39209	0.09968	0.36710	0.01114	0.00564	0.00159	0.00241	0.03872	0.00475	0.00420
1	0.05291	0.01215	0.01261	0.03745	0.01411	0.06247	0.00824	0.43705	0.13543	0.07350	0.01210	0.01211	0.00879	0.00542	0.00450	0.00137	0.00490	0.00414	0.00429	0.09647
2	0.03882	0.10881	0.09475	0.04104	0.10016	0.11638	0.03118	0.04847	0.05860	0.07525	0.05693	0.04149	0.03375	0.00543	0.00434	0.00130	0.00515	0.00441	0.00316	0.13057
3	0.02526	0.14095	0.41610	0.02991	0.04558	0.01220	0.01293	0.09684	0.08389	0.01644	0.00945	0.01052	0.00710	0.00463	0.00423	0.00136	0.00582	0.00357	0.00263	0.07059
4	0.02576	0.00803	0.00924	0.00850	0.01049	0.02116	0.02449	0.05989	0.33021	0.08313	0.07556	0.26951	0.03585	0.00911	0.00521	0.00166	0.00357	0.00795	0.00464	0.00604
5	0.01096	0.01136	0.05853	0.08163	0.58101	0.01075	0.08756	0.01394	0.01058	0.01495	0.01004	0.04284	0.00880	0.00491	0.00486	0.00148	0.00580	0.03061	0.00245	0.00694
6	0.01002	0.01120	0.03931	0.01691	0.02085	0.01025	0.60570	0.01344	0.01087	0.01473	0.03748	0.12786	0.02717	0.00602	0.00563	0.00164	0.00684	0.02539	0.00282	0.00587
7	0.04220	0.07660	0.05832	0.01110	0.05153	0.03865	0.05713	0.30170	0.01547	0.22555	0.01294	0.01298	0.02228	0.00593	0.01964	0.00151	0.00523	0.00430	0.02967	0.00726
8	0.00603	0.00429	0.00549	0.00633	0.00666	0.00405	0.00423	0.00680	0.00882	0.01166	0.02504	0.60750	0.06746	0.16125	0.00924	0.00239	0.00313	0.05182	0.00410	0.00369
9	0.00587	0.00418	0.00552	0.00655	0.00684	0.00393	0.00439	0.00669	0.00896	0.01193	0.02528	0.75685	0.03020	0.06392	0.00711	0.00208	0.00290	0.03871	0.00428	0.00379
10	0.00980	0.04354	0.66590	0.01432	0.02086	0.01130	0.13900	0.01494	0.01013	0.01486	0.00858	0.01033	0.00616	0.00439	0.00461	0.00150	0.00707	0.00379	0.00205	0.00685
11	0.00594	0.00423	0.00564	0.00670	0.00703	0.00399	0.00460	0.00685	0.00911	0.01211	0.02551	0.73692	0.03035	0.04334	0.00669	0.00203	0.00294	0.07787	0.00432	0.00384
12	0.00588	0.00432	0.00551	0.00621	0.00681	0.00395	0.00428	0.00698	0.00999	0.01329	0.15914	0.58650	0.14279	0.01351	0.00588	0.00180	0.00260	0.01210	0.00451	0.00395
13	0.00927	0.00494	0.00504	0.00486	0.00611	0.00502	0.00368	0.05968	0.01063	0.01817	0.01544	0.04160	0.01240	0.00578	0.00347	0.00114	0.00240	0.00466	0.78108	0.00461
14	0.00684	0.00466	0.00557	0.00557	0.00572	0.00480	0.00339	0.00713	0.00698	0.00946	0.01447	0.02869	0.01620	0.69426	0.16275	0.00510	0.00598	0.00654	0.00280	0.00309
15	0.00783	0.00624	0.00860	0.00810	0.00912	0.02179	0.02958	0.03678	0.04163	0.01189	0.01272	0.01919	0.01201	0.13611	0.57828	0.00620	0.04156	0.00522	0.00272	0.00443
16	0.01761	0.02247	0.01336	0.01215	0.01458	0.81537	0.00911	0.01883	0.01336	0.01154	0.00729	0.00850	0.00607	0.00486	0.00425	0.00121	0.00850	0.00304	0.00243	0.00547
17	0.04802	0.04764	0.18461	0.01100	0.01438	0.26941	0.01018	0.16231	0.01301	0.01670	0.00900	0.01040	0.00702	0.00526	0.00523	0.00138	0.08196	0.00357	0.09278	0.00614
18	0.01135	0.06709	0.38559	0.01623	0.18604	0.04340	0.06392	0.04346	0.04186	0.04397	0.00936	0.01103	0.00710	0.00519	0.01875	0.00156	0.03085	0.00389	0.00247	0.00692

[dist]
# distance from previous block
# <min> <max>
1	4

[block]
# block no. 4 follows, 54 sequences, length 14
# corresponding to MSA columns:
# 466-479
name=unknown_E
#
# <colnr> <probs for GDERKNQSTAVLIFYWHMCP>
#	G	D	E	R	K	N	Q	S	T	A	V	L	I	F	Y	W	H	M	C	P
0	0.01366	0.05547	0.08521	0.01096	0.01512	0.08387	0.10534	0.25098	0.03264	0.04465	0.00982	0.01079	0.00743	0.00459	0.00433	0.00121	0.00542	0.00377	0.00333	0.25141
1	0.02489	0.07715	0.29266	0.01173	0.06630	0.03969	0.01131	0.10454	0.07450	0.03757	0.05482	0.01888	0.01256	0.04207	0.00559	0.00166	0.00548	0.10902	0.00322	0.00637
2	0.01190	0.24351	0.40611	0.01170	0.01690	0.12479	0.03677	0.01591	0.04444	0.03460	0.00855	0.00968	0.00656	0.00451	0.00411	0.00133	0.00647	0.00334	0.00229	0.00654
3	0.00824	0.00612	0.00665	0.00662	0.00713	0.05866	0.00441	0.05619	0.00866	0.01119	0.01537	0.21114	0.01715	0.33878	0.06268	0.16219	0.00483	0.00735	0.00313	0.00351
4	0.00757	0.00744	0.06133	0.05837	0.01117	0.00635	0.04013	0.02226	0.03667	0.01355	0.03717	0.17326	0.23545	0.02762	0.08145	0.00218	0.02126	0.04550	0.00358	0.10767
5	0.00998	0.01984	0.59579	0.01190	0.01738	0.03213	0.01430	0.01430	0.01008	0.06674	0.01139	0.06478	0.00964	0.05710	0.00590	0.00173	0.00628	0.04175	0.00257	0.00642
6	0.00999	0.02248	0.69304	0.01324	0.01967	0.01117	0.04013	0.04277	0.07428	0.01584	0.00947	0.01071	0.00676	0.00466	0.00455	0.00150	0.00667	0.00372	0.00233	0.00703
7	0.00982	0.00996	0.06480	0.59105	0.12518	0.01064	0.05088	0.01302	0.00979	0.03907	0.00879	0.01237	0.00663	0.00472	0.00498	0.00155	0.02451	0.00423	0.00225	0.00576
8	0.00881	0.00493	0.00683	0.00656	0.00693	0.00511	0.00454	0.07050	0.00759	0.01020	0.00915	0.01539	0.00897	0.06748	0.07040	0.68242	0.00478	0.00434	0.00235	0.00273
9	0.00680	0.00478	0.00619	0.00619	0.00655	0.00514	0.00417	0.00753	0.00717	0.00992	0.01390	0.02554	0.01483	0.49001	0.36513	0.00587	0.00804	0.00608	0.00271	0.00344
10	0.06846	0.01065	0.01574	0.19340	0.15411	0.04997	0.13781	0.06435	0.08136	0.06339	0.01169	0.03528	0.03070	0.00546	0.00544	0.00155	0.05655	0.00480	0.00301	0.00627
11	0.02615	0.00986	0.02479	0.04288	0.10318	0.04008	0.26059	0.02765	0.02343	0.07762	0.04173	0.07999	0.08014	0.04300	0.02278	0.00183	0.02877	0.04007	0.00325	0.02221
12	0.09840	0.08523	0.07752	0.04060	0.12647	0.12361	0.00937	0.15676	0.05736	0.05681	0.02541	0.01325	0.05739	0.00534	0.00431	0.00136	0.00528	0.00413	0.00329	0.04812
13	0.03669	0.04744	0.09720	0.02905	0.04444	0.05848	0.17072	0.05272	0.09144	0.13539	0.05101	0.03229	0.02638	0.06051	0.00610	0.00169	0.00547	0.02407	0.00351	0.02540

[dist]
# distance from previous block
# <min> <max>
0	7

[block]
# block no. 5 follows, 54 sequences, length 19
# corresponding to MSA columns:
# 492-510
name=unknown_F
#
# <colnr> <probs for GDERKNQSTAVLIFYWHMCP>
#	G	D	E	R	K	N	Q	S	T	A	V	L	I	F	Y	W	H	M	C	P
0	0.05551	0.00962	0.01529	0.27779	0.25545	0.01031	0.07251	0.06900	0.02394	0.07110	0.05897	0.01471	0.03492	0.00519	0.00476	0.00149	0.00543	0.00472	0.00298	0.00632
1	0.01390	0.01346	0.01418	0.01684	0.29916	0.25765	0.01013	0.01661	0.05962	0.09975	0.03486	0.01265	0.00935	0.00712	0.06386	0.00178	0.00650	0.00409	0.00302	0.05547
2	0.01124	0.00907	0.00994	0.00925	0.02841	0.01011	0.00705	0.07235	0.52772	0.04010	0.04421	0.06171	0.07017	0.00744	0.00495	0.00160	0.00366	0.03928	0.03500	0.00676
3	0.00819	0.00410	0.00614	0.00614	0.00614	0.00410	0.00410	0.00614	0.00614	0.00819	0.00819	0.01433	0.00819	0.01638	0.01843	0.86282	0.00410	0.00410	0.00205	0.00205
4	0.01109	0.01067	0.01686	0.12832	0.47079	0.04653	0.07028	0.01433	0.05048	0.02652	0.01286	0.01604	0.06632	0.00530	0.00486	0.00148	0.00560	0.03233	0.00271	0.00664
5	0.04253	0.36265	0.04521	0.00898	0.01201	0.13215	0.00797	0.07483	0.02262	0.01350	0.01000	0.07395	0.02009	0.00834	0.07891	0.00183	0.04156	0.00407	0.00266	0.03614
6	0.29459	0.02210	0.01010	0.05304	0.04707	0.21052	0.00720	0.03774	0.05840	0.01630	0.00932	0.01166	0.00775	0.04617	0.05071	0.00188	0.03172	0.00361	0.07479	0.00533
7	0.17376	0.13072	0.11965	0.00886	0.01278	0.06530	0.00826	0.10978	0.01157	0.08932	0.00979	0.02423	0.00785	0.00491	0.00390	0.00125	0.00482	0.02661	0.00316	0.18351
8	0.00753	0.02997	0.14337	0.00880	0.01103	0.00660	0.07154	0.00997	0.03752	0.01329	0.04633	0.36164	0.08401	0.07455	0.00688	0.00192	0.00417	0.04213	0.00362	0.03515
9	0.01392	0.00695	0.00855	0.00712	0.00979	0.00628	0.00569	0.03960	0.06599	0.39496	0.10118	0.02748	0.27595	0.00824	0.00510	0.00151	0.00333	0.00684	0.00519	0.00632
10	0.01103	0.27577	0.42391	0.01250	0.04246	0.05872	0.06481	0.01477	0.01016	0.01355	0.00828	0.01041	0.00664	0.00453	0.00414	0.00135	0.00641	0.02192	0.00212	0.00651
11	0.01198	0.01443	0.17509	0.01675	0.19148	0.07147	0.17873	0.08136	0.07988	0.04505	0.04803	0.01429	0.03925	0.00517	0.00488	0.00148	0.00607	0.00480	0.00303	0.00678
12	0.00576	0.00434	0.00534	0.00602	0.00672	0.00392	0.00416	0.00679	0.00982	0.01272	0.08742	0.55436	0.24832	0.01361	0.00586	0.00179	0.00260	0.01209	0.00444	0.00392
13	0.00684	0.00463	0.00546	0.00546	0.00557	0.00474	0.00325	0.00706	0.00695	0.00938	0.01457	0.02926	0.01645	0.73113	0.12622	0.00496	0.00561	0.00662	0.00281	0.00303
14	0.08389	0.01347	0.17288	0.05510	0.06386	0.08562	0.05357	0.05293	0.09962	0.10329	0.01452	0.01589	0.07881	0.00635	0.01553	0.00161	0.05099	0.02245	0.00331	0.00634
15	0.04920	0.01338	0.22029	0.00957	0.01298	0.02877	0.00913	0.25214	0.03846	0.04976	0.01184	0.01679	0.01030	0.24533	0.01015	0.00235	0.00539	0.00476	0.00338	0.00604
16	0.00595	0.00444	0.00558	0.00638	0.00708	0.00407	0.00458	0.00705	0.00975	0.01261	0.04853	0.53407	0.21362	0.01378	0.00596	0.00186	0.00283	0.10354	0.00439	0.00394
17	0.02315	0.08951	0.26139	0.04576	0.27916	0.02559	0.01272	0.04140	0.03066	0.01515	0.01192	0.03734	0.05859	0.00523	0.00448	0.00141	0.00555	0.00442	0.02002	0.02654
18	0.01261	0.08000	0.11050	0.03697	0.07275	0.14977	0.05546	0.08938	0.04808	0.03114	0.00910	0.01044	0.00717	0.00448	0.00437	0.00119	0.02035	0.00353	0.00282	0.24988

[dist]
# distance from previous block
# <min> <max>
0	5

[block]
# block no. 6 follows, 54 sequences, length 33
# corresponding to MSA columns:
# 563-594,598
name=unknown_G
#
# <colnr> <probs for GDERKNQSTAVLIFYWHMCP>
#	G	D	E	R	K	N	Q	S	T	A	V	L	I	F	Y	W	H	M	C	P
0	0.07938	0.09627	0.01293	0.05708	0.06924	0.06431	0.00813	0.04059	0.21328	0.25849	0.01432	0.01443	0.01045	0.00554	0.00441	0.00143	0.00459	0.01976	0.00415	0.02121
1	0.03572	0.00963	0.02206	0.00869	0.01251	0.00883	0.00721	0.20394	0.02642	0.39651	0.01408	0.01321	0.00952	0.00520	0.00440	0.00127	0.00420	0.00411	0.00473	0.20775
2	0.02921	0.04170	0.21954	0.02412	0.11572	0.00970	0.06976	0.05237	0.01163	0.25306	0.02296	0.06748	0.01026	0.00568	0.00497	0.00148	0.02570	0.00483	0.00358	0.02627
3	0.01878	0.00877	0.01134	0.00885	0.01221	0.00838	0.00728	0.09483	0.05973	0.58206	0.02706	0.01523	0.01131	0.00594	0.00540	0.00146	0.05866	0.00464	0.00525	0.05282
4	0.00684	0.00523	0.00769	0.00761	0.00841	0.00613	0.00590	0.00844	0.00763	0.01096	0.01347	0.01936	0.03463	0.05778	0.73768	0.00710	0.04316	0.00521	0.00257	0.00420
5	0.01494	0.03657	0.01093	0.00895	0.01153	0.23167	0.00706	0.22090	0.04674	0.09326	0.01325	0.01382	0.03312	0.00558	0.00419	0.00128	0.00505	0.00416	0.23083	0.00615
6	0.01813	0.00844	0.01061	0.00851	0.01180	0.00805	0.00690	0.05137	0.17809	0.56113	0.03151	0.01727	0.03231	0.00615	0.00475	0.00148	0.00388	0.00503	0.02694	0.00766
7	0.00617	0.00463	0.00581	0.00660	0.00745	0.00428	0.00497	0.00744	0.00998	0.01276	0.03188	0.41188	0.24807	0.01353	0.00602	0.00189	0.00305	0.20524	0.00437	0.00400
8	0.00559	0.00469	0.00486	0.00500	0.00643	0.00396	0.00368	0.00674	0.01053	0.01265	0.04503	0.14415	0.70596	0.01230	0.00563	0.00163	0.00243	0.01039	0.00438	0.00396
9	0.01022	0.00826	0.01374	0.16626	0.02869	0.00855	0.22334	0.07333	0.01112	0.01675	0.01201	0.01469	0.00922	0.00492	0.00433	0.00135	0.00486	0.00467	0.37827	0.00543
10	0.86760	0.00912	0.00693	0.00620	0.00912	0.01058	0.00511	0.01386	0.00802	0.02115	0.00657	0.00766	0.00511	0.00438	0.00292	0.00146	0.00365	0.00255	0.00292	0.00511
11	0.00760	0.00579	0.00808	0.00897	0.03190	0.00586	0.02586	0.01041	0.07891	0.01397	0.02355	0.26986	0.02568	0.01315	0.03058	0.00217	0.00420	0.42463	0.00423	0.00460
12	0.01717	0.00804	0.01022	0.00828	0.01130	0.00768	0.00669	0.08712	0.09676	0.50371	0.05431	0.04510	0.01388	0.00790	0.04748	0.00179	0.00430	0.00523	0.05580	0.00724
13	0.01180	0.01216	0.06007	0.08324	0.65121	0.03907	0.01413	0.04402	0.01113	0.01555	0.00885	0.01152	0.00728	0.00433	0.00465	0.00141	0.00581	0.00412	0.00239	0.00724
14	0.00788	0.00646	0.00816	0.00786	0.00863	0.04927	0.00605	0.00934	0.00795	0.01136	0.01206	0.01824	0.01142	0.10880	0.53947	0.00581	0.10212	0.00497	0.06986	0.00426
15	0.11561	0.00652	0.00732	0.00725	0.00825	0.04001	0.00536	0.04540	0.00885	0.01317	0.01528	0.20844	0.01631	0.16556	0.26440	0.00408	0.03068	0.03005	0.00320	0.00425
16	0.01254	0.01298	0.02265	0.06474	0.09689	0.09174	0.48000	0.05502	0.01175	0.05700	0.00962	0.01220	0.00727	0.00448	0.00561	0.00154	0.03995	0.00494	0.00266	0.00644
17	0.02945	0.00647	0.00857	0.00861	0.08097	0.00594	0.00596	0.01279	0.02531	0.18519	0.32694	0.05708	0.08188	0.02853	0.00551	0.00152	0.00319	0.02461	0.03719	0.06428
18	0.01149	0.34121	0.33835	0.01086	0.01592	0.06092	0.03378	0.04303	0.01051	0.01377	0.00825	0.01029	0.00678	0.00455	0.00394	0.00126	0.00601	0.02523	0.00225	0.05159
19	0.04016	0.01245	0.14488	0.33082	0.21426	0.05130	0.03543	0.01412	0.03288	0.03364	0.03928	0.01265	0.00832	0.00479	0.00464	0.00149	0.00602	0.00421	0.00248	0.00620
20	0.09435	0.00826	0.01058	0.00825	0.01175	0.00756	0.00679	0.04426	0.03574	0.67676	0.03461	0.01564	0.01179	0.00580	0.00460	0.00146	0.00397	0.00464	0.00550	0.00767
21	0.00831	0.04895	0.00836	0.02283	0.00813	0.00637	0.00555	0.00783	0.00714	0.00970	0.01874	0.01766	0.01041	0.04746	0.14090	0.48593	0.08426	0.05597	0.00234	0.00317
22	0.01303	0.06358	0.07261	0.06219	0.09006	0.05952	0.11342	0.05164	0.01123	0.17517	0.01252	0.05380	0.02485	0.00713	0.03708	0.00175	0.09510	0.02152	0.00328	0.03053
23	0.00587	0.00425	0.00556	0.00649	0.00690	0.00400	0.00443	0.00677	0.00908	0.01201	0.02663	0.68822	0.08590	0.04455	0.03753	0.00221	0.00321	0.03830	0.00425	0.00384
24	0.00777	0.00515	0.00684	0.00669	0.00745	0.00547	0.00480	0.02698	0.00845	0.05488	0.05634	0.08523	0.01667	0.29308	0.37657	0.00527	0.00789	0.00642	0.01400	0.00405
25	0.01181	0.07902	0.26925	0.02593	0.05648	0.09416	0.26746	0.05267	0.01139	0.03775	0.00971	0.02741	0.00768	0.00480	0.00481	0.00148	0.00692	0.02224	0.00253	0.00651
26	0.00999	0.02224	0.65874	0.01539	0.09919	0.03119	0.06803	0.01499	0.01020	0.01491	0.00854	0.01027	0.00620	0.00443	0.00456	0.00148	0.00693	0.00368	0.00206	0.00694
27	0.01558	0.00741	0.00911	0.00756	0.01021	0.00711	0.00609	0.09430	0.06337	0.39719	0.04029	0.04910	0.01384	0.00647	0.00451	0.00141	0.00356	0.03239	0.22384	0.00667
28	0.04250	0.01038	0.05931	0.01608	0.20703	0.02917	0.21709	0.03403	0.03048	0.01537	0.04981	0.16073	0.06101	0.00698	0.00514	0.00156	0.00529	0.01480	0.02732	0.00591
29	0.04588	0.04407	0.32794	0.03197	0.08595	0.04832	0.11823	0.12768	0.01237	0.09850	0.00991	0.01112	0.00712	0.00470	0.00459	0.00146	0.00629	0.00399	0.00292	0.00698
30	0.01302	0.03241	0.04820	0.04130	0.52826	0.13402	0.04252	0.01579	0.02223	0.06384	0.00932	0.01144	0.00748	0.00444	0.00460	0.00138	0.00606	0.00406	0.00258	0.00705
31	0.32850	0.05357	0.02400	0.02667	0.08487	0.31964	0.07098	0.01591	0.01069	0.01574	0.00735	0.00887	0.00593	0.00450	0.00386	0.00135	0.00619	0.00317	0.00257	0.00563
32	0.00600	0.00481	0.00540	0.00543	0.00664	0.00433	0.00398	0.00726	0.01056	0.01334	0.16208	0.12151	0.49781	0.07474	0.02698	0.00200	0.01651	0.02233	0.00431	0.00399

[dist]
# distance from previous block
# <min> <max>
0	1

[block]
# block no. 7 follows, 54 sequences, length 17
# corresponding to MSA columns:
# 600-616
name=unknown_H
#
# <colnr> <probs for GDERKNQSTAVLIFYWHMCP>
#	G	D	E	R	K	N	Q	S	T	A	V	L	I	F	Y	W	H	M	C	P
0	0.00586	0.00429	0.00552	0.00633	0.00687	0.00395	0.00436	0.00689	0.00970	0.01282	0.10163	0.63754	0.12979	0.01389	0.00593	0.00184	0.00268	0.03173	0.00445	0.00392
1	0.01580	0.18928	0.01520	0.00996	0.01321	0.18832	0.00827	0.29219	0.07251	0.07645	0.01070	0.01117	0.00817	0.00642	0.03748	0.00155	0.00591	0.00377	0.02688	0.00675
2	0.00908	0.00720	0.00827	0.03212	0.01001	0.00764	0.00591	0.03498	0.31184	0.03482	0.31420	0.05756	0.13009	0.00857	0.00522	0.00156	0.00308	0.00736	0.00481	0.00570
3	0.04635	0.14287	0.20982	0.05985	0.01620	0.12605	0.03107	0.11331	0.10438	0.05845	0.01012	0.01105	0.00765	0.00545	0.01642	0.00149	0.02614	0.00375	0.00299	0.00658
4	0.08892	0.00937	0.01039	0.00876	0.01165	0.01008	0.00699	0.13678	0.33679	0.19990	0.11344	0.01761	0.01572	0.00638	0.00470	0.00151	0.00382	0.00519	0.00491	0.00710
5	0.00677	0.00490	0.00682	0.00682	0.00740	0.00548	0.00494	0.00793	0.00735	0.01038	0.01333	0.02238	0.01346	0.28511	0.56815	0.00664	0.01011	0.00562	0.00263	0.00379
6	0.01761	0.02247	0.01336	0.01215	0.01458	0.81537	0.00911	0.01883	0.01336	0.01154	0.00729	0.00850	0.00607	0.00486	0.00425	0.00121	0.00850	0.00304	0.00243	0.00547
7	0.07795	0.01052	0.01192	0.00962	0.01266	0.04367	0.02913	0.34700	0.01571	0.19798	0.01309	0.01466	0.00979	0.00926	0.09772	0.00216	0.02254	0.03382	0.03392	0.00690
8	0.00677	0.00473	0.00587	0.00630	0.00731	0.00428	0.00464	0.00806	0.01044	0.05247	0.11883	0.38224	0.25841	0.01273	0.00583	0.00178	0.00282	0.09776	0.00454	0.00421
9	0.00569	0.00463	0.00506	0.00537	0.00662	0.00400	0.00393	0.00683	0.01032	0.01262	0.04145	0.24183	0.58056	0.01269	0.00572	0.00169	0.00255	0.04010	0.00438	0.00396
10	0.09489	0.01134	0.02529	0.16171	0.05986	0.04622	0.08669	0.24041	0.10292	0.04107	0.02270	0.03588	0.00915	0.00557	0.00505	0.00152	0.03505	0.00460	0.00351	0.00657
11	0.00897	0.00670	0.00760	0.05030	0.02843	0.04857	0.00566	0.01175	0.08362	0.07998	0.19522	0.15430	0.18758	0.00941	0.00519	0.00156	0.00331	0.02877	0.07810	0.00498
12	0.01069	0.00645	0.00778	0.00675	0.00876	0.00609	0.00524	0.08721	0.03927	0.18190	0.33659	0.03045	0.20196	0.04222	0.00603	0.00162	0.00306	0.00747	0.00499	0.00547
13	0.08592	0.01103	0.01160	0.00955	0.03286	0.11401	0.05524	0.17237	0.01290	0.01822	0.05961	0.01414	0.05121	0.02498	0.00489	0.00128	0.01972	0.00420	0.02930	0.26695
14	0.00808	0.00676	0.05969	0.00674	0.00786	0.02732	0.00512	0.00948	0.02986	0.05824	0.07099	0.12803	0.05963	0.38443	0.09214	0.00354	0.00505	0.02948	0.00345	0.00409
15	0.04239	0.00599	0.00758	0.03022	0.02755	0.02647	0.02803	0.04071	0.01047	0.03483	0.10772	0.46323	0.07281	0.03405	0.00612	0.00183	0.00342	0.04791	0.00420	0.00448
16	0.03613	0.01032	0.01579	0.10846	0.48554	0.03143	0.01209	0.05962	0.01100	0.02795	0.01108	0.02776	0.02750	0.02765	0.02728	0.00173	0.03046	0.03891	0.00271	0.00659

[dist]
# distance from previous block
# <min> <max>
1	3

[block]
# block no. 8 follows, 54 sequences, length 36
# corresponding to MSA columns:
# 622-657
name=unknown_I
#
# <colnr> <probs for GDERKNQSTAVLIFYWHMCP>
#	G	D	E	R	K	N	Q	S	T	A	V	L	I	F	Y	W	H	M	C	P
0	0.05510	0.03440	0.04343	0.00936	0.01170	0.10533	0.00774	0.07235	0.10834	0.12622	0.04934	0.01562	0.01150	0.04375	0.11773	0.00245	0.11414	0.02008	0.00353	0.04790
1	0.03368	0.23695	0.24955	0.09011	0.01641	0.01238	0.03015	0.01581	0.12743	0.05944	0.01085	0.03846	0.00878	0.02880	0.00475	0.00147	0.00539	0.00408	0.00280	0.02271
2	0.02639	0.05189	0.10073	0.01334	0.14578	0.00869	0.10305	0.03012	0.01041	0.04984	0.03988	0.26424	0.01737	0.00862	0.00567	0.00167	0.03755	0.07573	0.00339	0.00563
3	0.00959	0.00878	0.01373	0.53419	0.14255	0.02550	0.01175	0.01264	0.02726	0.02796	0.04060	0.03728	0.02414	0.00524	0.00471	0.00149	0.00562	0.00466	0.00254	0.05979
4	0.00857	0.00594	0.00881	0.05394	0.14055	0.00593	0.00663	0.00914	0.02925	0.03129	0.02853	0.10340	0.11566	0.01217	0.01087	0.36586	0.00408	0.05237	0.00299	0.00401
5	0.01240	0.09006	0.28671	0.01292	0.06487	0.03388	0.10121	0.10452	0.06697	0.10150	0.01285	0.03532	0.04489	0.00541	0.00465	0.00146	0.00580	0.00458	0.00317	0.00685
6	0.02470	0.00599	0.00761	0.00742	0.00849	0.00615	0.00546	0.03316	0.05297	0.12807	0.07915	0.38686	0.02358	0.10812	0.00851	0.00211	0.06759	0.03492	0.00429	0.00483
7	0.00660	0.00484	0.00583	0.00612	0.00711	0.00457	0.00446	0.00871	0.05422	0.01487	0.22416	0.32286	0.19267	0.01161	0.00555	0.00167	0.00262	0.04402	0.07324	0.00429
