[name]
unknown

[dist]
# distance from previous block
# <min> <max>
0	400

[block]
# block no. 0 follows, 57 sequences, length 21
# corresponding to MSA columns:
# 424-443,446
name=unknown_A
#
# <colnr> <probs for GDERKNQSTAVLIFYWHMCP>
#	G	D	E	R	K	N	Q	S	T	A	V	L	I	F	Y	W	H	M	C	P
0	0.01006	0.00967	0.01379	0.13576	0.40430	0.08158	0.01077	0.02784	0.01023	0.01353	0.01258	0.19242	0.01264	0.00675	0.00481	0.00149	0.00507	0.03809	0.00277	0.00582
1	0.01000	0.17723	0.01111	0.00731	0.00940	0.00939	0.00590	0.19616	0.03668	0.01636	0.09502	0.22700	0.10375	0.04577	0.00548	0.00156	0.00365	0.00711	0.02588	0.00522
2	0.00629	0.00459	0.00581	0.00612	0.00691	0.00432	0.00435	0.03985	0.01074	0.01455	0.29014	0.46355	0.10190	0.01194	0.00555	0.00165	0.00253	0.01065	0.00448	0.00406
3	0.01335	0.01084	0.01548	0.09186	0.44138	0.08200	0.01150	0.02871	0.01092	0.17715	0.01011	0.01178	0.00771	0.00475	0.00518	0.00140	0.06212	0.00404	0.00294	0.00678
4	0.00841	0.00637	0.00719	0.00637	0.00809	0.00629	0.00490	0.16875	0.03178	0.01808	0.35968	0.03163	0.27152	0.04354	0.00590	0.00157	0.00289	0.00764	0.00455	0.00484
5	0.03410	0.00697	0.00924	0.00762	0.01033	0.00625	0.00606	0.04349	0.01225	0.56823	0.06001	0.18345	0.01643	0.00751	0.00481	0.00149	0.00355	0.00638	0.00520	0.00665
6	0.00621	0.00444	0.00522	0.00519	0.00615	0.00400	0.00371	0.00680	0.00951	0.01212	0.17286	0.05236	0.40522	0.08730	0.00950	0.17818	0.00283	0.02120	0.00376	0.00343
7	0.00659	0.00594	0.00944	0.00819	0.00990	0.00537	0.16508	0.00826	0.01011	0.01303	0.10136	0.28756	0.33020	0.01058	0.00549	0.00162	0.00347	0.00963	0.00389	0.00429
8	0.69642	0.00792	0.00654	0.00591	0.00836	0.00897	0.00478	0.01235	0.00875	0.01989	0.16991	0.01275	0.01261	0.00524	0.00332	0.00141	0.00323	0.00362	0.00325	0.00478
9	0.00959	0.00570	0.00745	0.04120	0.02042	0.01682	0.00551	0.01137	0.03096	0.18469	0.16044	0.36782	0.02504	0.01008	0.00523	0.00160	0.00316	0.04435	0.02371	0.02485
10	0.18512	0.00820	0.00884	0.00656	0.01034	0.00688	0.00528	0.01180	0.00905	0.01590	0.00770	0.00898	0.00634	0.00353	0.00324	0.00082	0.00339	0.00264	0.00271	0.69269
11	0.06138	0.02093	0.01252	0.01138	0.01374	0.78036	0.00856	0.01785	0.01257	0.01157	0.00697	0.00813	0.00579	0.00465	0.00402	0.00118	0.00793	0.00289	0.00236	0.00524
12	0.01584	0.00851	0.01036	0.00821	0.01114	0.00839	0.00667	0.26323	0.01556	0.36606	0.21563	0.01864	0.01807	0.00648	0.00475	0.00139	0.00378	0.00532	0.00511	0.00684
13	0.87276	0.00876	0.00666	0.00596	0.00876	0.01017	0.00491	0.01332	0.00771	0.02033	0.00631	0.00736	0.00491	0.00421	0.00280	0.00140	0.00351	0.00245	0.00280	0.00491
14	0.01067	0.01021	0.01742	0.19106	0.65347	0.01062	0.01364	0.01343	0.01006	0.01415	0.00843	0.01139	0.00695	0.00414	0.00450	0.00138	0.00552	0.00404	0.00220	0.00674
15	0.01502	0.01105	0.01206	0.00946	0.01257	0.01206	0.00773	0.63682	0.01958	0.02644	0.17355	0.01555	0.01484	0.00622	0.00470	0.00137	0.00441	0.00492	0.00463	0.00701
16	0.01122	0.00964	0.01121	0.17635	0.01593	0.01126	0.00840	0.08683	0.57632	0.01826	0.01569	0.01542	0.01173	0.00576	0.00459	0.00152	0.00420	0.00481	0.00408	0.00678
17	0.00705	0.17499	0.00891	0.00615	0.00728	0.00674	0.00459	0.00792	0.00874	0.01118	0.04461	0.41608	0.11280	0.15282	0.00809	0.00205	0.00333	0.00916	0.00352	0.00399
18	0.00672	0.00564	0.00597	0.00571	0.00737	0.00541	0.00433	0.01040	0.17232	0.01453	0.15937	0.03665	0.52883	0.01005	0.00520	0.00152	0.00253	0.00845	0.00441	0.00458
19	0.01693	0.02160	0.01284	0.01167	0.01401	0.82256	0.00876	0.01809	0.01284	0.01109	0.00700	0.00817	0.00584	0.00467	0.00409	0.00117	0.00817	0.00292	0.00233	0.00525
20	0.01229	0.18194	0.01961	0.04819	0.17494	0.12369	0.20529	0.05275	0.04365	0.02620	0.00850	0.01048	0.00688	0.00450	0.00504	0.00135	0.06218	0.00393	0.00244	0.00617

[dist]
# distance from previous block
# <min> <max>
0	1

[block]
# block no. 1 follows, 57 sequences, length 91
# corresponding to MSA columns:
# 448-474,477-494,539-584
name=unknown_B
#
# <colnr> <probs for GDERKNQSTAVLIFYWHMCP>
#	G	D	E	R	K	N	Q	S	T	A	V	L	I	F	Y	W	H	M	C	P
0	0.00558	0.00428	0.00508	0.00567	0.00644	0.00386	0.00393	0.00666	0.01933	0.01199	0.04958	0.49740	0.31746	0.03313	0.00602	0.00178	0.00255	0.01130	0.00419	0.00377
1	0.00707	0.00519	0.00614	0.00607	0.00745	0.00486	0.00469	0.02007	0.06302	0.04471	0.24427	0.10176	0.32822	0.01065	0.00563	0.01636	0.00274	0.11226	0.00446	0.00437
2	0.19311	0.15721	0.07231	0.08288	0.16306	0.11672	0.00937	0.02697	0.00960	0.01438	0.00764	0.00981	0.00639	0.02340	0.00483	0.00139	0.05836	0.00329	0.03364	0.00565
3	0.00889	0.02262	0.01386	0.59675	0.04184	0.01069	0.02714	0.01149	0.00881	0.01166	0.00846	0.01352	0.00705	0.00550	0.00646	0.00161	0.15406	0.04241	0.00212	0.00505
4	0.01140	0.02450	0.01423	0.22646	0.18948	0.06230	0.04901	0.09991	0.06975	0.03804	0.00975	0.02547	0.00773	0.00461	0.00434	0.00129	0.00523	0.00402	0.00281	0.14966
5	0.00623	0.00468	0.00561	0.00553	0.00678	0.00418	0.00422	0.00791	0.01149	0.02627	0.40407	0.06928	0.34423	0.01054	0.00543	0.00154	0.00241	0.07091	0.00459	0.00411
6	0.00822	0.00423	0.00431	0.00433	0.00528	0.00423	0.00315	0.01012	0.00923	0.01608	0.01496	0.03563	0.01243	0.07798	0.00495	0.00136	0.00232	0.00461	0.77248	0.00408
7	0.01344	0.04908	0.01026	0.00718	0.01077	0.00706	0.00589	0.05158	0.01113	0.28063	0.01189	0.01196	0.00860	0.00438	0.00377	0.00099	0.00357	0.00348	0.07292	0.43141
8	0.01203	0.00848	0.01068	0.00897	0.01159	0.00886	0.06973	0.07941	0.33182	0.15925	0.11587	0.02129	0.07566	0.00683	0.00483	0.00150	0.00379	0.03828	0.02469	0.00643
9	0.01723	0.01269	0.01360	0.01043	0.01405	0.01405	0.00861	0.79738	0.02131	0.02856	0.01088	0.01088	0.00771	0.00544	0.00453	0.00136	0.00499	0.00408	0.00453	0.00771
10	0.03253	0.01158	0.01311	0.04229	0.10147	0.08565	0.03615	0.40142	0.01605	0.08553	0.01186	0.02642	0.00938	0.00572	0.00455	0.00140	0.00510	0.05679	0.04628	0.00674
11	0.01093	0.01167	0.08225	0.06002	0.71638	0.01072	0.01408	0.01385	0.01021	0.01463	0.00847	0.01112	0.00702	0.00408	0.00447	0.00136	0.00552	0.00398	0.00221	0.00705
12	0.00764	0.00535	0.00683	0.00656	0.03066	0.00501	0.00479	0.04805	0.01289	0.05681	0.61934	0.03230	0.12828	0.00900	0.00524	0.00143	0.00247	0.00785	0.00483	0.00464
13	0.00958	0.00948	0.01346	0.01160	0.01172	0.01301	0.02628	0.01061	0.00716	0.01104	0.00754	0.07634	0.00789	0.00835	0.01394	0.00196	0.74827	0.00471	0.00217	0.00488
14	0.01127	0.00973	0.01025	0.00922	0.01178	0.01127	0.00717	0.02408	0.80430	0.01896	0.01844	0.01691	0.01383	0.00615	0.00461	0.00154	0.00359	0.00512	0.00461	0.00717
15	0.01088	0.00932	0.00991	0.00894	0.01138	0.01071	0.00694	0.02283	0.74084	0.01889	0.08192	0.01826	0.01615	0.00640	0.00467	0.00153	0.00347	0.00537	0.00464	0.00694
16	0.00941	0.00916	0.01591	0.43272	0.10780	0.01017	0.17333	0.01353	0.09587	0.01341	0.01136	0.01496	0.03737	0.00502	0.00479	0.00152	0.00584	0.02967	0.00253	0.00564
17	0.02350	0.01050	0.01239	0.01374	0.21450	0.11143	0.01860	0.10352	0.07813	0.07500	0.03547	0.01539	0.02834	0.04710	0.00658	0.01691	0.08381	0.02697	0.07214	0.00599
18	0.01168	0.00997	0.01312	0.09005	0.27846	0.09142	0.02870	0.06299	0.03898	0.08697	0.02625	0.08519	0.01145	0.02262	0.00497	0.00146	0.00495	0.04540	0.03676	0.04863
19	0.01573	0.00877	0.00990	0.00803	0.01078	0.05528	0.00640	0.15641	0.05336	0.38948	0.04827	0.01828	0.07350	0.07312	0.00617	0.00163	0.01365	0.00507	0.03963	0.00654
20	0.01148	0.10862	0.07155	0.22166	0.21839	0.02850	0.03860	0.12975	0.03861	0.02728	0.00927	0.01207	0.00743	0.00482	0.00472	0.00140	0.03210	0.02481	0.00264	0.00630
21	0.05544	0.00824	0.01056	0.00819	0.01160	0.00761	0.00675	0.09918	0.03287	0.66743	0.03297	0.01504	0.01131	0.00562	0.00450	0.00140	0.00391	0.00451	0.00535	0.00751
22	0.00643	0.00512	0.00567	0.00550	0.00699	0.00466	0.00423	0.04651	0.02561	0.01463	0.22086	0.05379	0.51112	0.01068	0.00537	0.00154	0.00254	0.06013	0.00441	0.00420
23	0.01879	0.00583	0.00752	0.00702	0.00808	0.00638	0.02183	0.07216	0.01948	0.02786	0.03973	0.10873	0.04144	0.13318	0.26790	0.00373	0.05714	0.00600	0.14285	0.00436
24	0.01090	0.00951	0.00963	0.07422	0.01204	0.10119	0.00699	0.12291	0.24022	0.01656	0.01674	0.04481	0.08325	0.02181	0.06724	0.00193	0.02889	0.02179	0.10370	0.00566
25	0.01045	0.02806	0.36584	0.06066	0.06366	0.07583	0.04415	0.05541	0.09682	0.01494	0.03166	0.02468	0.02028	0.00526	0.00526	0.00146	0.07096	0.00412	0.01424	0.00626
26	0.34379	0.19881	0.13296	0.01956	0.04912	0.09744	0.00838	0.02800	0.00944	0.04831	0.00744	0.00859	0.00589	0.00487	0.01981	0.00140	0.00510	0.00288	0.00253	0.00567
27	0.02619	0.40607	0.03434	0.01076	0.03625	0.28339	0.07900	0.01563	0.03369	0.02608	0.00745	0.00859	0.00627	0.00425	0.00367	0.00113	0.00618	0.00303	0.00227	0.00577
28	0.01211	0.00949	0.01035	0.00928	0.02556	0.01067	0.00714	0.09113	0.60777	0.07460	0.05916	0.01706	0.01447	0.00616	0.00461	0.00149	0.00365	0.00512	0.02315	0.00704
29	0.01069	0.01243	0.04900	0.01962	0.08681	0.01138	0.71071	0.01446	0.01063	0.01453	0.00909	0.01207	0.00687	0.00385	0.00525	0.00151	0.00743	0.00518	0.00228	0.00621
30	0.00590	0.00441	0.00526	0.00576	0.00670	0.00393	0.00417	0.00700	0.00970	0.02795	0.05511	0.40535	0.35750	0.01262	0.00560	0.00171	0.00262	0.07056	0.00425	0.00387
31	0.00638	0.00502	0.00581	0.00554	0.00691	0.00466	0.00418	0.00898	0.07529	0.01586	0.44123	0.03639	0.34730	0.00990	0.00529	0.00148	0.00232	0.00850	0.00465	0.00433
32	0.00652	0.00440	0.00506	0.00518	0.00528	0.00437	0.00306	0.00669	0.00699	0.00927	0.01618	0.08602	0.03636	0.72828	0.02073	0.00405	0.00421	0.04152	0.00294	0.00290
33	0.00616	0.00451	0.00588	0.00634	0.00700	0.00439	0.00464	0.00740	0.00944	0.01266	0.15778	0.33565	0.10957	0.09945	0.08333	0.00254	0.01338	0.12205	0.00399	0.00382
34	0.01211	0.84348	0.02374	0.00775	0.01163	0.01793	0.00775	0.01357	0.00921	0.01066	0.00630	0.00727	0.00582	0.00388	0.00291	0.00097	0.00485	0.00242	0.00194	0.00582
35	0.01094	0.00939	0.00987	0.00888	0.01138	0.01074	0.00691	0.04072	0.72236	0.01864	0.02047	0.01891	0.07758	0.00656	0.00467	0.00153	0.00352	0.00545	0.00458	0.00692
36	0.00940	0.00805	0.00940	0.00671	0.01074	0.00604	0.00537	0.01141	0.00940	0.01477	0.00805	0.00940	0.00671	0.00336	0.00336	0.00067	0.00336	0.00268	0.00268	0.86845
37	0.87276	0.00876	0.00666	0.00596	0.00876	0.01017	0.00491	0.01332	0.00771	0.02033	0.00631	0.00736	0.00491	0.00421	0.00280	0.00140	0.00351	0.00245	0.00280	0.00491
38	0.00666	0.00483	0.00611	0.00658	0.00732	0.00468	0.00469	0.07021	0.01042	0.01397	0.13371	0.58575	0.06468	0.01261	0.00563	0.00174	0.00281	0.04915	0.00434	0.00412
39	0.00662	0.00490	0.00623	0.00599	0.00715	0.00462	0.00458	0.00915	0.04668	0.01742	0.65915	0.03519	0.09411	0.00955	0.00539	0.00149	0.00237	0.07020	0.00485	0.00436
40	0.11297	0.01103	0.01026	0.00904	0.01157	0.11605	0.00709	0.13668	0.40010	0.01882	0.02714	0.01411	0.01108	0.00789	0.06991	0.00190	0.00502	0.00438	0.01856	0.00639
41	0.03556	0.09704	0.13732	0.02630	0.17675	0.07123	0.05162	0.05319	0.07077	0.04645	0.01199	0.05913	0.03765	0.01419	0.00497	0.00143	0.03546	0.02842	0.00286	0.03768
42	0.03711	0.02113	0.03206	0.21944	0.19267	0.06866	0.07008	0.07417	0.12003	0.01502	0.00996	0.02663	0.00800	0.00557	0.01916	0.00157	0.06563	0.00429	0.00272	0.00609
43	0.00968	0.11237	0.63392	0.01381	0.10008	0.01138	0.01530	0.01438	0.02311	0.01407	0.00815	0.00961	0.00603	0.00426	0.00417	0.00138	0.00630	0.00335	0.00200	0.00666
44	0.00937	0.00759	0.00994	0.00949	0.06054	0.02726	0.06854	0.12312	0.04798	0.03237	0.08501	0.12461	0.12781	0.10055	0.02485	0.00201	0.02843	0.08823	0.01728	0.00503
45	0.01225	0.02853	0.04911	0.05029	0.48871	0.14651	0.09052	0.05326	0.01123	0.01463	0.00838	0.01068	0.00683	0.00421	0.00447	0.00134	0.00612	0.00393	0.00235	0.00666
46	0.01108	0.01141	0.03515	0.18560	0.53709	0.07574	0.03714	0.01398	0.02360	0.01391	0.00849	0.01123	0.00691	0.00422	0.00449	0.00138	0.00581	0.00399	0.00224	0.00655
47	0.00771	0.00643	0.00914	0.00942	0.07267	0.00772	0.00658	0.00884	0.00726	0.01050	0.01092	0.01850	0.01106	0.23856	0.35104	0.00477	0.20728	0.00503	0.00239	0.00417
48	0.01209	0.05187	0.05521	0.03117	0.30113	0.23700	0.05822	0.02229	0.02010	0.01309	0.00955	0.08941	0.00882	0.00551	0.00521	0.00139	0.06497	0.00455	0.00246	0.00597
49	0.00597	0.00450	0.00630	0.00800	0.07118	0.00425	0.00497	0.00692	0.00884	0.01184	0.02410	0.75471	0.04467	0.01332	0.00567	0.00179	0.00284	0.01210	0.00405	0.00396
50	0.04698	0.13904	0.31684	0.01034	0.02874	0.04301	0.03407	0.04675	0.01032	0.07819	0.01094	0.07734	0.02346	0.00533	0.00415	0.00131	0.00525	0.01579	0.00274	0.09941
51	0.07860	0.10967	0.11443	0.06082	0.19996	0.04677	0.06031	0.10050	0.04908	0.04478	0.00927	0.02101	0.00736	0.00505	0.01778	0.00142	0.01559	0.00380	0.00274	0.05103
52	0.03134	0.01266	0.01339	0.01085	0.03327	0.06745	0.02394	0.58390	0.09103	0.05443	0.01131	0.01137	0.00816	0.00542	0.00468	0.00138	0.01972	0.00411	0.00426	0.00735
53	0.00744	0.00516	0.00591	0.00575	0.00624	0.00525	0.00376	0.07030	0.00833	0.01103	0.01639	0.03043	0.05568	0.63158	0.04429	0.00389	0.00456	0.07755	0.00308	0.00337
54	0.00849	0.00714	0.01111	0.07009	0.19194	0.00714	0.06527	0.03965	0.03221	0.02783	0.09544	0.26382	0.06225	0.02677	0.00562	0.00167	0.00409	0.07079	0.00356	0.00514
55	0.10290	0.04714	0.03808	0.05509	0.13653	0.10402	0.07705	0.20637	0.08048	0.04099	0.02404	0.01250	0.03087	0.01880	0.00464	0.00142	0.00530	0.00415	0.00325	0.00638
56	0.04697	0.43638	0.10167	0.00858	0.01234	0.01381	0.00836	0.10270	0.01094	0.14350	0.00895	0.00962	0.00696	0.00507	0.00450	0.04397	0.02348	0.00316	0.00286	0.00618
57	0.08321	0.00800	0.04805	0.00701	0.00972	0.00714	0.01873	0.11228	0.02405	0.04755	0.04392	0.01647	0.09065	0.00806	0.07728	0.00170	0.00421	0.00444	0.18190	0.20561
58	0.02980	0.09817	0.21468	0.19292	0.13756	0.04014	0.10068	0.01371	0.02380	0.02803	0.00848	0.02201	0.00673	0.00466	0.00503	0.00143	0.05999	0.00392	0.00222	0.00603
59	0.01129	0.12368	0.04600	0.03783	0.12142	0.08821	0.00899	0.06405	0.08319	0.04478	0.06049	0.05794	0.04624	0.00650	0.00648	0.00148	0.16859	0.01402	0.00301	0.00579
60	0.01714	0.00944	0.01114	0.00870	0.01192	0.00957	0.00713	0.35109	0.02937	0.36202	0.07382	0.01497	0.01214	0.00580	0.00453	0.00137	0.00411	0.00462	0.05391	0.00725
61	0.00665	0.00474	0.00576	0.00599	0.00708	0.00434	0.00443	0.01765	0.02460	0.04840	0.16863	0.32697	0.27622	0.01172	0.00552	0.00166	0.00265	0.06842	0.00441	0.00415
62	0.02639	0.02568	0.06928	0.11008	0.14012	0.08841	0.21037	0.03629	0.02368	0.04454	0.01024	0.05459	0.01789	0.00547	0.00593	0.00152	0.10245	0.01859	0.00258	0.00588
63	0.01115	0.01619	0.32161	0.04733	0.04612	0.13720	0.04473	0.01425	0.00996	0.06412	0.00960	0.01180	0.01639	0.00529	0.00591	0.00146	0.13293	0.01656	0.08151	0.00589
64	0.01846	0.00873	0.01094	0.00847	0.01182	0.00834	0.00697	0.21660	0.01506	0.55459	0.07818	0.01572	0.01280	0.00585	0.00461	0.00139	0.00401	0.00472	0.00529	0.00744
65	0.01250	0.74703	0.03504	0.00816	0.01191	0.06906	0.00797	0.01399	0.00948	0.02653	0.00659	0.00757	0.00592	0.00404	0.00325	0.00102	0.01954	0.00254	0.00204	0.00582
66	0.00616	0.00461	0.00558	0.00566	0.00681	0.00414	0.00427	0.00773	0.01110	0.02503	0.33534	0.15566	0.31837	0.01104	0.00549	0.00158	0.00248	0.08038	0.00452	0.00406
67	0.00575	0.00460	0.00516	0.00511	0.00644	0.00400	0.00385	0.00723	0.01107	0.01415	0.28856	0.06905	0.51539	0.01090	0.00539	0.00152	0.00231	0.03108	0.00446	0.00397
68	0.63504	0.00831	0.00751	0.00646	0.00932	0.00907	0.00529	0.01509	0.00905	0.20568	0.02273	0.03316	0.00771	0.00490	0.00334	0.00141	0.00354	0.00333	0.00353	0.00552
69	0.00628	0.00460	0.00580	0.00560	0.00669	0.00420	0.00419	0.00821	0.01217	0.01692	0.63560	0.07486	0.14691	0.00979	0.00534	0.00147	0.00222	0.02313	0.02184	0.00418
70	0.00607	0.00458	0.00563	0.00563	0.00673	0.00414	0.00423	0.00777	0.01149	0.01545	0.45427	0.13070	0.25555	0.01066	0.00546	0.00155	0.00237	0.05901	0.00463	0.00407
71	0.00971	0.00980	0.01631	0.01308	0.01444	0.01191	0.22904	0.01153	0.00826	0.01226	0.00881	0.07729	0.00841	0.00715	0.01090	0.00180	0.49420	0.00508	0.04488	0.00514
72	0.01199	0.77555	0.07621	0.00816	0.01220	0.03068	0.00837	0.01369	0.00929	0.01091	0.00643	0.00744	0.00581	0.00392	0.00302	0.00100	0.00502	0.00249	0.00194	0.00586
73	0.00961	0.00551	0.00714	0.00644	0.00809	0.00506	0.00500	0.02237	0.02950	0.19016	0.48663	0.07029	0.08116	0.00889	0.00521	0.00148	0.00271	0.04469	0.00498	0.00507
74	0.04334	0.01150	0.03776	0.00973	0.01298	0.02567	0.00817	0.49317	0.11627	0.03615	0.01259	0.01490	0.00989	0.00694	0.03418	0.00162	0.00497	0.06645	0.00418	0.04953
75	0.01528	0.02933	0.01323	0.03533	0.01437	0.64721	0.04494	0.01693	0.03049	0.01148	0.00771	0.00933	0.00643	0.00624	0.04500	0.00153	0.04262	0.00326	0.01402	0.00525
76	0.03493	0.00820	0.01053	0.09784	0.07507	0.00859	0.02997	0.18797	0.05447	0.05167	0.16986	0.03370	0.11839	0.04802	0.00581	0.00157	0.01611	0.00584	0.00387	0.03759
77	0.02366	0.00669	0.00965	0.04436	0.01030	0.04666	0.09117	0.00912	0.00759	0.02894	0.00996	0.01599	0.00946	0.12205	0.21708	0.28208	0.05462	0.00460	0.00234	0.00369
78	0.01130	0.00889	0.01001	0.02599	0.02857	0.00999	0.00704	0.09100	0.51925	0.05086	0.01705	0.05808	0.02404	0.00810	0.02887	0.07118	0.00403	0.01508	0.00424	0.00643
79	0.02958	0.01056	0.07820	0.57388	0.07483	0.06463	0.02453	0.03509	0.00993	0.04424	0.00846	0.01156	0.00631	0.00454	0.00445	0.00146	0.00605	0.00391	0.00228	0.00551
80	0.02657	0.17672	0.10758	0.01312	0.14526	0.13879	0.04276	0.01349	0.02378	0.01262	0.01014	0.01292	0.04692	0.02048	0.01834	0.00153	0.13565	0.02583	0.02184	0.00568
81	0.01137	0.01014	0.07874	0.11809	0.29386	0.00930	0.03628	0.08676	0.02411	0.10815	0.11166	0.02785	0.02769	0.01870	0.01626	0.00154	0.00498	0.00491	0.00325	0.00636
82	0.00554	0.00420	0.00515	0.00580	0.00648	0.00384	0.00402	0.00646	0.00908	0.01167	0.03059	0.53780	0.26930	0.02954	0.04629	0.00206	0.00303	0.01135	0.00409	0.00373
83	0.03287	0.33053	0.01685	0.00966	0.01217	0.17367	0.00830	0.09353	0.01058	0.01301	0.00742	0.03260	0.00675	0.00544	0.00622	0.00131	0.20041	0.00337	0.00240	0.03291
84	0.02483	0.03746	0.05750	0.02351	0.09778	0.01999	0.05128	0.13082	0.05057	0.01604	0.01370	0.08928	0.07271	0.03393	0.00530	0.01493	0.01495	0.00500	0.00315	0.23727
85	0.01047	0.08680	0.03739	0.11441	0.23490	0.08438	0.02749	0.01418	0.12615	0.01368	0.04164	0.01624	0.04104	0.06105	0.01974	0.00170	0.02865	0.03144	0.00281	0.00583
86	0.00659	0.00507	0.00609	0.00592	0.00716	0.00483	0.00443	0.00943	0.09020	0.01617	0.46657	0.11402	0.21014	0.01001	0.00534	0.00151	0.00241	0.02504	0.00468	0.00440
87	0.00660	0.00571	0.00590	0.00636	0.00729	0.06956	0.00462	0.00773	0.00993	0.01235	0.08254	0.41376	0.26016	0.01215	0.00553	0.00169	0.00307	0.07703	0.00411	0.00393
88	0.02432	0.16882	0.17191	0.18901	0.09504	0.11856	0.02160	0.04625	0.01051	0.01328	0.02796	0.01296	0.07139	0.00502	0.00419	0.00133	0.00572	0.00398	0.00241	0.00575
89	0.00797	0.00607	0.00777	0.00816	0.04801	0.00615	0.02043	0.05825	0.11261	0.03077	0.08504	0.32305	0.09157	0.07789	0.03274	0.00207	0.00365	0.06904	0.00406	0.00471
90	0.07508	0.00439	0.00535	0.00615	0.00672	0.00423	0.00421	0.00696	0.00884	0.01253	0.05015	0.69278	0.08001	0.01306	0.00550	0.00177	0.00266	0.01168	0.00412	0.00381

[dist]
# distance from previous block
# <min> <max>
1	5

[block]
# block no. 2 follows, 57 sequences, length 32
# corresponding to MSA columns:
# 590-621
name=unknown_C
#
# <colnr> <probs for GDERKNQSTAVLIFYWHMCP>
#	G	D	E	R	K	N	Q	S	T	A	V	L	I	F	Y	W	H	M	C	P
0	0.02188	0.01900	0.04470	0.03722	0.11272	0.01909	0.00722	0.07403	0.04519	0.08883	0.04791	0.27331	0.10629	0.00915	0.00507	0.00158	0.00378	0.06052	0.01720	0.00530
1	0.00921	0.05505	0.05178	0.11671	0.15950	0.04229	0.02478	0.03964	0.00971	0.01320	0.08688	0.01626	0.04723	0.02539	0.20293	0.00290	0.08385	0.00477	0.00265	0.00527
2	0.01248	0.04949	0.09987	0.01390	0.17242	0.13382	0.06429	0.09947	0.01165	0.07081	0.03099	0.01137	0.00814	0.00605	0.04463	0.00155	0.03548	0.00382	0.00283	0.12693
3	0.05948	0.20790	0.09479	0.04759	0.15179	0.07112	0.04681	0.05505	0.04900	0.02709	0.00850	0.01042	0.00699	0.00462	0.00466	0.00128	0.06118	0.01410	0.00250	0.07514
4	0.00836	0.00739	0.01014	0.01260	0.23513	0.00738	0.01959	0.01228	0.16268	0.01464	0.07587	0.10763	0.27060	0.00839	0.00503	0.00152	0.00357	0.02798	0.00375	0.00547
5	0.01065	0.02247	0.06084	0.01967	0.01254	0.09250	0.03197	0.04969	0.02839	0.01489	0.00828	0.00963	0.00673	0.00387	0.00394	0.00090	0.02570	0.00300	0.00268	0.59165
6	0.01305	0.00964	0.01065	0.00880	0.01154	0.01029	0.00709	0.44690	0.07061	0.04018	0.03225	0.10939	0.09049	0.00813	0.02589	0.00160	0.00435	0.04626	0.00434	0.04856
7	0.00595	0.00441	0.00494	0.00508	0.00577	0.00406	0.00334	0.00665	0.00875	0.01117	0.08447	0.16366	0.31337	0.34407	0.01252	0.00272	0.00318	0.00880	0.00368	0.00340
8	0.00558	0.00398	0.00532	0.00637	0.00666	0.00373	0.00430	0.00641	0.00873	0.01163	0.02494	0.81310	0.02985	0.01414	0.00580	0.00185	0.00268	0.03703	0.00421	0.00370
9	0.00560	0.00458	0.00494	0.00489	0.00628	0.00392	0.00365	0.00695	0.01083	0.01354	0.21549	0.06703	0.61440	0.01107	0.00537	0.00152	0.00227	0.00937	0.00438	0.00392
10	0.00578	0.00417	0.00537	0.00623	0.00667	0.00391	0.00432	0.00666	0.00883	0.01159	0.02593	0.61044	0.10317	0.08704	0.00732	0.00206	0.00291	0.08985	0.00407	0.00366
11	0.01693	0.02160	0.01284	0.01167	0.01401	0.82256	0.00876	0.01809	0.01284	0.01109	0.00700	0.00817	0.00584	0.00467	0.00409	0.00117	0.00817	0.00292	0.00233	0.00525
12	0.01122	0.01077	0.01839	0.02781	0.81248	0.01077	0.01391	0.01391	0.01032	0.01480	0.00852	0.01122	0.00718	0.00404	0.00449	0.00135	0.00538	0.00404	0.00224	0.00718
13	0.00593	0.00463	0.00547	0.00531	0.00657	0.00418	0.00400	0.00756	0.01122	0.01481	0.39177	0.03709	0.39646	0.01227	0.07073	0.00194	0.00301	0.00856	0.00442	0.00405
14	0.01211	0.84348	0.02374	0.00775	0.01163	0.01793	0.00775	0.01357	0.00921	0.01066	0.00630	0.00727	0.00582	0.00388	0.00291	0.00097	0.00485	0.00242	0.00194	0.00582
15	0.01018	0.00773	0.01133	0.13035	0.14746	0.00800	0.04522	0.02970	0.12146	0.10468	0.09868	0.07529	0.07946	0.00726	0.00495	0.00153	0.00420	0.08345	0.02334	0.00573
16	0.00557	0.00420	0.00515	0.00575	0.00646	0.00379	0.00399	0.00661	0.00960	0.01248	0.11665	0.52150	0.25607	0.01288	0.00561	0.00171	0.00248	0.01142	0.00429	0.00379
17	0.01122	0.01053	0.01741	0.11480	0.66542	0.01086	0.01332	0.05221	0.03253	0.01523	0.00886	0.01145	0.00726	0.00422	0.00450	0.00137	0.00539	0.00407	0.00239	0.00697
18	0.01456	0.04324	0.01571	0.05689	0.15183	0.13272	0.08317	0.35119	0.02848	0.03168	0.00952	0.01071	0.00721	0.00484	0.00461	0.00134	0.01862	0.00395	0.00332	0.02643
19	0.01084	0.01029	0.01750	0.02617	0.74814	0.01036	0.01325	0.01344	0.01008	0.01446	0.00881	0.01174	0.00751	0.00643	0.06994	0.00182	0.00592	0.00410	0.00226	0.00693
20	0.03039	0.06960	0.05780	0.35373	0.14018	0.02386	0.03776	0.11421	0.04625	0.02538	0.00976	0.02601	0.01939	0.00491	0.00462	0.00143	0.02197	0.00417	0.00263	0.00597
21	0.00932	0.03163	0.03039	0.03818	0.13282	0.06823	0.10877	0.01167	0.02647	0.05276	0.14599	0.05988	0.16627	0.00946	0.07038	0.00192	0.00510	0.02215	0.00340	0.00524
22	0.00581	0.00425	0.00548	0.00629	0.00677	0.00403	0.00429	0.00719	0.03995	0.01242	0.08854	0.70285	0.06851	0.01336	0.00568	0.00178	0.00261	0.01204	0.00428	0.00387
23	0.07489	0.00433	0.00537	0.00628	0.00675	0.00420	0.00426	0.00687	0.00860	0.01227	0.02348	0.77137	0.02797	0.01340	0.00555	0.00181	0.00270	0.01205	0.00409	0.00378
24	0.03578	0.29503	0.24260	0.01126	0.06575	0.13151	0.01073	0.02612	0.03179	0.04849	0.02129	0.00953	0.00696	0.00456	0.00427	0.00126	0.04139	0.00321	0.00236	0.00613
25	0.00687	0.00506	0.00611	0.00630	0.00717	0.00493	0.00444	0.07057	0.03530	0.01410	0.15825	0.44436	0.11859	0.08748	0.00710	0.00192	0.00289	0.01018	0.00424	0.00414
26	0.00762	0.00613	0.00675	0.00623	0.00795	0.00609	0.00477	0.06173	0.16695	0.01651	0.28345	0.03314	0.35671	0.00934	0.00515	0.00149	0.00267	0.00790	0.00456	0.00487
27	0.01112	0.19787	0.02967	0.33046	0.12478	0.06055	0.03261	0.05195	0.04141	0.03507	0.00854	0.01090	0.00676	0.00502	0.01853	0.00145	0.02141	0.00370	0.00238	0.00583
28	0.01121	0.02768	0.01192	0.01218	0.14667	0.16762	0.04908	0.04996	0.11003	0.05141	0.06036	0.09248	0.14922	0.00713	0.00509	0.00144	0.03143	0.00597	0.00346	0.00565
29	0.00561	0.00409	0.00525	0.00602	0.00649	0.00377	0.00408	0.00654	0.00917	0.01216	0.09769	0.65341	0.11761	0.03759	0.00620	0.00184	0.00260	0.01191	0.00423	0.00372
30	0.01163	0.01035	0.01053	0.00999	0.05070	0.07551	0.00738	0.04162	0.59965	0.03627	0.04138	0.01762	0.05476	0.00626	0.00462	0.00149	0.00397	0.00517	0.00432	0.00679
31	0.09316	0.02758	0.10996	0.01328	0.15783	0.30206	0.00970	0.10032	0.01195	0.01531	0.00935	0.05080	0.00801	0.00516	0.00416	0.00131	0.00598	0.01583	0.05235	0.00587

[dist]
# distance from previous block
# <min> <max>
0	57

[block]
# block no. 3 follows, 57 sequences, length 41
# corresponding to MSA columns:
# 679-702,710-726
name=unknown_D
#
# <colnr> <probs for GDERKNQSTAVLIFYWHMCP>
#	G	D	E	R	K	N	Q	S	T	A	V	L	I	F	Y	W	H	M	C	P
0	0.01200	0.06171	0.21129	0.01455	0.14365	0.09825	0.11603	0.11573	0.06595	0.03331	0.02740	0.01171	0.01915	0.00476	0.00462	0.00136	0.02014	0.00405	0.00279	0.03156
1	0.03665	0.02061	0.14684	0.08363	0.23268	0.06068	0.03378	0.07234	0.06102	0.06426	0.04817	0.05449	0.03349	0.00544	0.00451	0.00140	0.00518	0.00469	0.00300	0.02714
2	0.42805	0.03381	0.02903	0.00803	0.03224	0.10208	0.00641	0.06198	0.03634	0.05391	0.01958	0.01058	0.02682	0.00544	0.02120	0.00146	0.02876	0.00329	0.04250	0.04848
3	0.02011	0.00510	0.00721	0.00752	0.04711	0.00530	0.00505	0.05698	0.00755	0.01035	0.00976	0.01661	0.00960	0.06481	0.11570	0.55898	0.00512	0.04173	0.00236	0.00304
4	0.03132	0.03786	0.04489	0.02251	0.02563	0.02121	0.01993	0.18285	0.02891	0.03891	0.01189	0.04374	0.04856	0.04527	0.00491	0.00123	0.00412	0.00411	0.00326	0.37889
5	0.02305	0.03475	0.05369	0.01323	0.12297	0.24721	0.04730	0.01324	0.00954	0.01181	0.00820	0.01165	0.00739	0.04630	0.13308	0.00249	0.20268	0.00390	0.00224	0.00528
6	0.00658	0.00440	0.00500	0.00498	0.00503	0.00439	0.00282	0.00668	0.00689	0.00924	0.05266	0.02986	0.01774	0.80065	0.02221	0.00425	0.00428	0.00667	0.00285	0.00282
7	0.01482	0.08243	0.03877	0.01269	0.10501	0.05219	0.06184	0.42481	0.07107	0.04494	0.01051	0.01114	0.00782	0.00508	0.00465	0.00135	0.02485	0.00403	0.01492	0.00709
8	0.01173	0.50519	0.22552	0.02457	0.05415	0.06690	0.01049	0.01424	0.00967	0.03062	0.00723	0.00839	0.00600	0.00410	0.00349	0.00114	0.00556	0.00285	0.00206	0.00610
9	0.00590	0.00461	0.00535	0.00516	0.00646	0.00406	0.00387	0.00756	0.01162	0.01530	0.43982	0.03858	0.41482	0.01034	0.00535	0.00148	0.00221	0.00886	0.00461	0.00406
10	0.00659	0.00439	0.00494	0.00494	0.00494	0.00439	0.00275	0.00659	0.00659	0.00879	0.01428	0.02965	0.01647	0.84075	0.02306	0.00439	0.00439	0.00659	0.00275	0.00275
11	0.00689	0.00511	0.00697	0.00780	0.00864	0.00520	0.00646	0.00855	0.00984	0.01287	0.02473	0.23379	0.07639	0.01262	0.00652	0.00199	0.04504	0.51244	0.00407	0.00407
12	0.00611	0.00460	0.00565	0.00543	0.00659	0.00414	0.00406	0.00795	0.01205	0.01642	0.58699	0.06137	0.24202	0.00999	0.00536	0.00147	0.00219	0.00870	0.00476	0.00414
13	0.01723	0.01269	0.01360	0.01043	0.01405	0.01405	0.00861	0.79738	0.02131	0.02856	0.01088	0.01088	0.00771	0.00544	0.00453	0.00136	0.00499	0.00408	0.00453	0.00771
14	0.04004	0.00853	0.01092	0.00839	0.01190	0.00792	0.00693	0.14530	0.01417	0.67148	0.01649	0.01451	0.01051	0.00555	0.00451	0.00140	0.00403	0.00443	0.00537	0.00764
15	0.00623	0.00451	0.00576	0.00652	0.00708	0.00432	0.00457	0.04471	0.00947	0.01251	0.02529	0.67252	0.07691	0.03183	0.00612	0.00187	0.00287	0.06883	0.00419	0.00390
16	0.01195	0.04327	0.01202	0.01206	0.12625	0.16639	0.00825	0.03364	0.41541	0.01602	0.01486	0.08169	0.01246	0.00623	0.00455	0.00145	0.00473	0.01866	0.00369	0.00643
17	0.76835	0.01002	0.00744	0.00661	0.00940	0.08132	0.00537	0.04086	0.00863	0.01981	0.00653	0.00755	0.00509	0.00429	0.00298	0.00138	0.00396	0.00255	0.00282	0.00503
18	0.01273	0.53584	0.06012	0.00954	0.04618	0.10714	0.00850	0.10458	0.01106	0.01319	0.00803	0.04954	0.00730	0.00469	0.00351	0.00112	0.00524	0.00331	0.00241	0.00597
19	0.87276	0.00876	0.00666	0.00596	0.00876	0.01017	0.00491	0.01332	0.00771	0.02033	0.00631	0.00736	0.00491	0.00421	0.00280	0.00140	0.00351	0.00245	0.00280	0.00491
20	0.00601	0.00443	0.00559	0.00572	0.00660	0.00405	0.00413	0.00755	0.01104	0.01502	0.43242	0.26309	0.15937	0.03519	0.00600	0.00166	0.00240	0.02120	0.00457	0.00399
21	0.06954	0.30335	0.09735	0.04381	0.08375	0.17441	0.04930	0.07732	0.01106	0.02569	0.00760	0.00891	0.00618	0.00428	0.00376	0.00120	0.00581	0.00314	0.00239	0.02117
22	0.01172	0.47644	0.20031	0.05141	0.06511	0.03211	0.01039	0.02859	0.02900	0.04611	0.00782	0.00894	0.00635	0.00419	0.00357	0.00117	0.00536	0.00301	0.00223	0.00620
23	0.00571	0.00437	0.00520	0.00552	0.00645	0.00391	0.00394	0.00692	0.01018	0.01322	0.20323	0.32962	0.32910	0.03202	0.00595	0.00170	0.00246	0.02232	0.00434	0.00385
24	0.00984	0.00947	0.01551	0.24470	0.32289	0.03343	0.08207	0.01248	0.01001	0.01357	0.05003	0.01703	0.01064	0.00563	0.00543	0.00153	0.05492	0.09249	0.00253	0.00581
25	0.01351	0.21670	0.14624	0.01139	0.03911	0.28257	0.04788	0.06793	0.09425	0.02683	0.00879	0.00968	0.00695	0.00458	0.00400	0.00124	0.00626	0.00335	0.00260	0.00612
26	0.00673	0.00503	0.00718	0.00707	0.00772	0.00586	0.00536	0.00808	0.00722	0.01046	0.01222	0.01919	0.01185	0.15634	0.63321	0.00638	0.05358	0.00506	0.02757	0.00390
27	0.00572	0.00412	0.00522	0.00599	0.00638	0.00385	0.00401	0.00650	0.00868	0.01144	0.04239	0.60889	0.10355	0.12998	0.00818	0.00217	0.00288	0.03244	0.00402	0.00359
28	0.03156	0.00511	0.00680	0.00684	0.00781	0.00499	0.04032	0.02154	0.02911	0.01346	0.12442	0.45751	0.14044	0.01218	0.02381	0.00182	0.02121	0.02692	0.02001	0.00413
29	0.05362	0.27006	0.02410	0.04158	0.04967	0.13469	0.02739	0.12245	0.04684	0.05417	0.02319	0.04949	0.00908	0.00601	0.02205	0.00142	0.03330	0.02203	0.00294	0.00592
30	0.01300	0.01233	0.05389	0.02621	0.07060	0.15010	0.11532	0.18423	0.01320	0.07623	0.07287	0.03373	0.03991	0.00582	0.00533	0.00141	0.06408	0.00477	0.05094	0.00605
31	0.02005	0.00816	0.01079	0.00827	0.01179	0.00732	0.00683	0.09128	0.01371	0.74537	0.01725	0.01502	0.01090	0.00559	0.00455	0.00140	0.00396	0.00451	0.00551	0.00771
32	0.01029	0.01064	0.06963	0.06112	0.57590	0.00988	0.03301	0.01328	0.02946	0.01455	0.03169	0.06186	0.00971	0.00563	0.02433	0.00154	0.00536	0.00472	0.02082	0.00659
33	0.02256	0.02059	0.11992	0.00901	0.03545	0.02138	0.02489	0.08759	0.05340	0.04857	0.04949	0.02651	0.04361	0.02021	0.00465	0.00117	0.02437	0.00403	0.00313	0.37947
34	0.26421	0.00964	0.01299	0.26310	0.16469	0.02473	0.05439	0.08057	0.02046	0.05248	0.00849	0.01059	0.00643	0.00445	0.00406	0.00143	0.00508	0.00367	0.00272	0.00583
35	0.05135	0.17164	0.13373	0.02351	0.08857	0.11621	0.04090	0.07347	0.05483	0.06495	0.00900	0.00999	0.00699	0.00435	0.00391	0.00119	0.00533	0.00336	0.00275	0.13395
36	0.00817	0.00447	0.00636	0.00624	0.00644	0.00459	0.00427	0.04421	0.00687	0.00920	0.00928	0.07152	0.00951	0.02756	0.01627	0.73696	0.01878	0.00461	0.00226	0.00243
37	0.00844	0.05741	0.21243	0.02585	0.07944	0.00843	0.09506	0.01111	0.00957	0.01327	0.03817	0.10101	0.12995	0.04752	0.01620	0.00168	0.04126	0.03105	0.02907	0.04308
38	0.00715	0.00545	0.00734	0.00708	0.00758	0.00631	0.00520	0.02925	0.00747	0.01054	0.01274	0.06153	0.01323	0.29306	0.40630	0.00530	0.10234	0.00570	0.00263	0.00381
39	0.01171	0.14643	0.10475	0.00951	0.05115	0.03862	0.00814	0.12395	0.02512	0.07696	0.01073	0.08696	0.00931	0.00593	0.02324	0.00131	0.01627	0.00419	0.00309	0.24261
40	0.05514	0.11661	0.10523	0.07053	0.08889	0.01066	0.02359	0.15348	0.03311	0.10585	0.03876	0.01148	0.00857	0.00464	0.00406	0.00123	0.00470	0.00371	0.00320	0.15660

[dist]
# distance from previous block
# <min> <max>
0	1

[block]
# block no. 4 follows, 57 sequences, length 40
# corresponding to MSA columns:
# 728-767
name=unknown_E
#
# <colnr> <probs for GDERKNQSTAVLIFYWHMCP>
#	G	D	E	R	K	N	Q	S	T	A	V	L	I	F	Y	W	H	M	C	P
0	0.00967	0.03321	0.12325	0.00977	0.03463	0.05586	0.07525	0.02944	0.12978	0.05552	0.12323	0.05974	0.11130	0.04776	0.04247	0.00188	0.02469	0.02351	0.00354	0.00548
1	0.00753	0.03431	0.00720	0.00646	0.00715	0.01504	0.00473	0.01756	0.00807	0.02122	0.09126	0.03934	0.06340	0.21285	0.20168	0.16797	0.04937	0.02433	0.01695	0.00357
2	0.01285	0.01027	0.01086	0.00927	0.01205	0.01166	0.00735	0.25067	0.52521	0.02165	0.01599	0.01513	0.01189	0.00589	0.00450	0.00146	0.00391	0.00476	0.05749	0.00715
3	0.01308	0.67810	0.02155	0.00854	0.01211	0.17983	0.00796	0.01448	0.00994	0.01075	0.00644	0.00745	0.00582	0.00404	0.00314	0.00101	0.00552	0.00252	0.00202	0.00570
4	0.01090	0.02828	0.09929	0.01749	0.10445	0.03917	0.49003	0.02243	0.01062	0.03012	0.02812	0.01198	0.00766	0.00420	0.00523	0.00144	0.03186	0.00474	0.00241	0.04957
5	0.01268	0.06717	0.02875	0.03657	0.12704	0.03935	0.02241	0.21146	0.17734	0.03667	0.01107	0.01166	0.00848	0.00474	0.00418	0.00123	0.00460	0.00386	0.00344	0.18728
6	0.00914	0.00706	0.00832	0.00650	0.00950	0.00578	0.01414	0.03099	0.02421	0.04749	0.05624	0.05746	0.09693	0.03340	0.00456	0.00109	0.00320	0.00465	0.07000	0.50933
7	0.00958	0.05235	0.54909	0.03798	0.08664	0.03009	0.02959	0.01461	0.06603	0.01465	0.05960	0.01177	0.00882	0.00472	0.00437	0.00141	0.00604	0.00385	0.00235	0.00649
8	0.01145	0.12909	0.09352	0.02055	0.07945	0.02057	0.05056	0.10259	0.20745	0.06473	0.07235	0.05685	0.02779	0.00659	0.02047	0.00153	0.00469	0.01984	0.00359	0.00635
9	0.00557	0.00444	0.00502	0.00538	0.00649	0.00389	0.00394	0.00672	0.00997	0.01240	0.07365	0.27628	0.49793	0.01224	0.00554	0.00165	0.00250	0.05833	0.00424	0.00383
10	0.00599	0.00469	0.00503	0.00497	0.00646	0.00400	0.00376	0.00729	0.01067	0.03716	0.13402	0.06020	0.65595	0.01113	0.00537	0.00154	0.00238	0.03104	0.00434	0.00400
11	0.00891	0.01248	0.25915	0.02352	0.02985	0.00844	0.14033	0.01338	0.10681	0.03455	0.18455	0.05238	0.07565	0.00669	0.00515	0.01843	0.00485	0.00584	0.00332	0.00572
12	0.03745	0.05840	0.24626	0.09911	0.04965	0.06705	0.24673	0.06154	0.01080	0.02615	0.00931	0.02677	0.00740	0.00469	0.00462	0.00145	0.00647	0.02763	0.00243	0.00611
13	0.01335	0.00908	0.01003	0.00857	0.01122	0.02378	0.00676	0.13835	0.37226	0.18911	0.05580	0.05592	0.04943	0.01682	0.00490	0.00151	0.00376	0.00551	0.01706	0.00679
14	0.00634	0.00460	0.00597	0.00569	0.00674	0.00423	0.00425	0.00838	0.01256	0.01768	0.74993	0.07163	0.06583	0.00956	0.00537	0.00145	0.00217	0.00846	0.00493	0.00423
15	0.00929	0.00899	0.01573	0.58577	0.17929	0.01040	0.08553	0.01228	0.00941	0.01245	0.00821	0.01189	0.00633	0.00444	0.00480	0.00149	0.02191	0.00415	0.00208	0.00554
16	0.01928	0.00929	0.04990	0.00868	0.01236	0.00806	0.00747	0.14899	0.01417	0.64780	0.01626	0.01439	0.01038	0.00552	0.00454	0.00140	0.00418	0.00442	0.00525	0.00766
17	0.01079	0.01001	0.01645	0.14084	0.55451	0.01041	0.03021	0.02968	0.05020	0.02922	0.01102	0.01332	0.04780	0.00472	0.00476	0.00141	0.02106	0.00441	0.00253	0.00665
18	0.00580	0.00407	0.00523	0.00598	0.00623	0.00386	0.00389	0.00648	0.00841	0.01127	0.05925	0.62421	0.02763	0.19408	0.00953	0.00238	0.00299	0.01129	0.00392	0.00350
19	0.00608	0.00433	0.00583	0.00682	0.00730	0.00416	0.00502	0.00720	0.00907	0.01200	0.02416	0.57231	0.02818	0.05527	0.00679	0.00204	0.00316	0.23240	0.00412	0.00377
20	0.01202	0.70987	0.08302	0.00929	0.05259	0.04619	0.00878	0.01381	0.00942	0.01116	0.00658	0.00767	0.00588	0.00395	0.00314	0.00103	0.00513	0.00259	0.00197	0.00593
21	0.00959	0.03638	0.00844	0.00737	0.00855	0.08727	0.00552	0.04148	0.02780	0.07839	0.04696	0.09836	0.05823	0.23280	0.12792	0.00311	0.06973	0.02790	0.01977	0.00444
22	0.00562	0.00401	0.00525	0.00620	0.00648	0.00376	0.00413	0.00638	0.00858	0.01140	0.02456	0.75175	0.04370	0.07551	0.00707	0.00203	0.00278	0.02308	0.00410	0.00362
23	0.01023	0.00907	0.01087	0.00867	0.05181	0.04470	0.03824	0.02206	0.00984	0.03194	0.00829	0.00970	0.00680	0.00362	0.00376	0.00081	0.01790	0.00295	0.00270	0.70605
24	0.01184	0.05818	0.06755	0.01642	0.11252	0.16667	0.36898	0.01463	0.01058	0.02946	0.00878	0.01165	0.00710	0.03423	0.02875	0.00168	0.03834	0.00441	0.00233	0.00591
25	0.00924	0.04833	0.76528	0.01297	0.01951	0.01078	0.04361	0.01433	0.00960	0.01424	0.00811	0.00959	0.00578	0.00427	0.00430	0.00142	0.00667	0.00339	0.00193	0.00665
26	0.00581	0.00454	0.00531	0.00558	0.00671	0.00404	0.00420	0.00717	0.01046	0.01334	0.17914	0.20529	0.41996	0.01175	0.00554	0.00164	0.00255	0.09873	0.00435	0.00392
27	0.00940	0.00805	0.00940	0.00671	0.01074	0.00604	0.00537	0.01141	0.00940	0.01477	0.00805	0.00940	0.00671	0.00336	0.00336	0.00067	0.00336	0.00268	0.00268	0.86845
28	0.00647	0.00485	0.00728	0.00728	0.00809	0.00566	0.00566	0.00809	0.00728	0.01052	0.01214	0.01780	0.01133	0.03398	0.82279	0.00728	0.01214	0.00485	0.00243	0.00405
29	0.02545	0.01312	0.01245	0.07311	0.09757	0.31248	0.06323	0.04761	0.04853	0.03847	0.03162	0.12049	0.07110	0.00655	0.00479	0.00141	0.01813	0.00541	0.00304	0.00543
30	0.00599	0.00435	0.00538	0.00597	0.00668	0.00404	0.00421	0.02187	0.00970	0.01291	0.09602	0.53110	0.18254	0.01260	0.00553	0.00171	0.00260	0.03847	0.04445	0.00388
31	0.01164	0.07631	0.07669	0.01776	0.33636	0.09608	0.06331	0.06501	0.03660	0.02493	0.02835	0.02862	0.04069	0.00521	0.00529	0.00140	0.07240	0.00436	0.00263	0.00636
32	0.00804	0.00633	0.00713	0.00649	0.00827	0.00624	0.00490	0.04216	0.18417	0.01623	0.23912	0.08943	0.17553	0.04719	0.00570	0.00154	0.00286	0.00714	0.04525	0.09628
33	0.03063	0.01386	0.27602	0.05366	0.16683	0.00977	0.14250	0.02112	0.05422	0.03305	0.04836	0.01428	0.00975	0.02827	0.04625	0.00183	0.00612	0.02624	0.01106	0.00618
34	0.00660	0.00482	0.00599	0.00642	0.00739	0.00458	0.00478	0.00864	0.06175	0.03250	0.13303	0.37955	0.18737	0.01201	0.00560	0.00173	0.00282	0.12587	0.00437	0.00419
35	0.00944	0.11758	0.72618	0.01232	0.01870	0.01137	0.01571	0.01426	0.00953	0.01393	0.00792	0.00930	0.00575	0.00426	0.00414	0.00138	0.00648	0.00324	0.00192	0.00660
36	0.00773	0.00670	0.00984	0.00895	0.00953	0.00838	0.03426	0.00905	0.00725	0.01064	0.01051	0.03453	0.01034	0.10288	0.43445	0.00495	0.27846	0.00493	0.00235	0.00428
37	0.00633	0.00437	0.00565	0.00593	0.00625	0.00448	0.00395	0.00698	0.00753	0.01034	0.03552	0.25347	0.01928	0.35013	0.21296	0.03027	0.00568	0.00785	0.01965	0.00337
38	0.05733	0.29519	0.25970	0.01114	0.05480	0.09037	0.02576	0.09441	0.02299	0.01467	0.01902	0.00927	0.00667	0.00443	0.00395	0.00125	0.01724	0.00320	0.00239	0.00623
39	0.00829	0.05158	0.10253	0.00919	0.06844	0.03469	0.03051	0.02607	0.04122	0.01453	0.24130	0.03325	0.09212	0.09091	0.07378	0.00219	0.00471	0.04264	0.00347	0.02860

[dist]
# distance from previous block
# <min> <max>
1	3

[block]
# block no. 5 follows, 57 sequences, length 24
# corresponding to MSA columns:
# 771-779,796-810
name=unknown_F
#
# <colnr> <probs for GDERKNQSTAVLIFYWHMCP>
#	G	D	E	R	K	N	Q	S	T	A	V	L	I	F	Y	W	H	M	C	P
0	0.03759	0.35622	0.12026	0.01099	0.07316	0.08633	0.06090	0.04636	0.05937	0.01344	0.00926	0.02069	0.02129	0.00588	0.04083	0.00148	0.00569	0.00354	0.02077	0.00596
1	0.55374	0.19311	0.06988	0.00731	0.01056	0.06284	0.00672	0.01371	0.00848	0.01705	0.00648	0.00759	0.00524	0.00423	0.00322	0.00130	0.01821	0.00257	0.00251	0.00526
2	0.06289	0.04566	0.04826	0.05618	0.11363	0.01041	0.00851	0.18786	0.16365	0.02978	0.09704	0.07559	0.01443	0.00655	0.00488	0.00148	0.02624	0.03698	0.00374	0.00623
3	0.00570	0.00457	0.00512	0.00530	0.00656	0.00399	0.00400	0.00702	0.01047	0.01308	0.14563	0.14537	0.53430	0.01162	0.00549	0.00161	0.00249	0.07948	0.00431	0.00390
4	0.01084	0.06626	0.01023	0.00871	0.04539	0.09542	0.00649	0.15258	0.08421	0.03517	0.14007	0.06432	0.07010	0.04141	0.09943	0.00216	0.00506	0.00564	0.05110	0.00542
5	0.01453	0.00749	0.00895	0.00743	0.01009	0.00735	0.00595	0.06983	0.17393	0.37087	0.04844	0.01865	0.07779	0.00626	0.00442	0.00138	0.00339	0.00513	0.15156	0.00657
6	0.01072	0.00740	0.00871	0.00753	0.00944	0.00764	0.00587	0.24101	0.03264	0.08319	0.30508	0.13721	0.07160	0.02217	0.00563	0.00153	0.02528	0.00722	0.00462	0.00551
7	0.00747	0.00494	0.00644	0.00595	0.00721	0.00457	0.00450	0.00977	0.02900	0.07423	0.72059	0.05004	0.03966	0.00905	0.00528	0.00144	0.00230	0.00798	0.00501	0.00456
8	0.02467	0.00878	0.04236	0.02571	0.01054	0.08991	0.04336	0.12343	0.02828	0.04251	0.08688	0.29451	0.14196	0.00940	0.00510	0.00155	0.00400	0.00813	0.00393	0.00499
9	0.00657	0.00464	0.00573	0.00560	0.00677	0.00416	0.00415	0.00823	0.01155	0.04825	0.45822	0.15849	0.23995	0.01045	0.00538	0.00152	0.00232	0.00912	0.00469	0.00421
