[name]
unknown

[dist]
# distance from previous block
# <min> <max>
1	29

[block]
# block no. 0 follows, 57 sequences, length 8
# corresponding to MSA columns:
# 30-37
name=unknown_A
#
# <colnr> <probs for GDERKNQSTAVLIFYWHMCP>
#	G	D	E	R	K	N	Q	S	T	A	V	L	I	F	Y	W	H	M	C	P
0	0.01242	0.25225	0.24770	0.01067	0.03290	0.08107	0.03948	0.11751	0.01185	0.07487	0.07002	0.01140	0.00934	0.00482	0.00406	0.00127	0.00551	0.00370	0.00283	0.00634
1	0.01068	0.00904	0.01251	0.06264	0.28070	0.02873	0.02472	0.07459	0.05498	0.06470	0.01724	0.04553	0.15817	0.00603	0.00455	0.00132	0.00435	0.00526	0.00325	0.13101
2	0.03921	0.00779	0.01036	0.07842	0.06133	0.02829	0.05548	0.08010	0.09715	0.07545	0.01303	0.04876	0.01160	0.16184	0.18563	0.00324	0.00633	0.00518	0.02560	0.00521
3	0.01051	0.01148	0.09285	0.08452	0.47815	0.01050	0.08758	0.01461	0.09732	0.01480	0.01033	0.04856	0.00867	0.00476	0.00463	0.00143	0.00545	0.00461	0.00255	0.00671
4	0.01489	0.01115	0.01241	0.01001	0.03999	0.01167	0.00788	0.49539	0.09673	0.05608	0.01124	0.01137	0.00824	0.00503	0.00429	0.00123	0.00447	0.00391	0.00412	0.18991
5	0.00728	0.00738	0.06838	0.00653	0.00869	0.00632	0.00551	0.01187	0.21814	0.01465	0.09965	0.03320	0.47652	0.00935	0.00508	0.00152	0.00296	0.00781	0.00420	0.00496
6	0.01119	0.03081	0.09586	0.01284	0.07058	0.03368	0.16684	0.10845	0.25703	0.01710	0.03821	0.04776	0.03233	0.00583	0.00530	0.00150	0.04970	0.00513	0.00342	0.00645
7	0.00760	0.00552	0.00689	0.00622	0.00757	0.00535	0.00475	0.09519	0.01376	0.01931	0.72231	0.03133	0.03891	0.00884	0.00526	0.00142	0.00245	0.00774	0.00494	0.00465

[dist]
# distance from previous block
# <min> <max>
4	7

[block]
# block no. 1 follows, 57 sequences, length 21
# corresponding to MSA columns:
# 45-65
name=unknown_B
#
# <colnr> <probs for GDERKNQSTAVLIFYWHMCP>
#	G	D	E	R	K	N	Q	S	T	A	V	L	I	F	Y	W	H	M	C	P
0	0.01056	0.17243	0.36644	0.08016	0.11709	0.05634	0.02717	0.03637	0.03863	0.01401	0.03458	0.01062	0.00755	0.00448	0.00414	0.00133	0.00592	0.00357	0.00227	0.00633
1	0.00655	0.00519	0.00616	0.00613	0.00729	0.00526	0.00454	0.00913	0.10456	0.01251	0.06889	0.11910	0.30345	0.09533	0.22162	0.00334	0.00526	0.00780	0.00369	0.00419
2	0.01185	0.80472	0.02298	0.00773	0.01147	0.01736	0.00766	0.01332	0.00912	0.01065	0.00657	0.00776	0.00607	0.00527	0.04080	0.00126	0.00518	0.00254	0.00196	0.00573
3	0.00664	0.00727	0.12409	0.00679	0.00859	0.00501	0.00596	0.00864	0.01028	0.01443	0.25018	0.30449	0.11891	0.00997	0.00512	0.00152	0.00304	0.00876	0.05599	0.04431
4	0.81367	0.00869	0.00693	0.00610	0.00896	0.00992	0.00503	0.01393	0.00808	0.07546	0.00711	0.00792	0.00534	0.00430	0.00293	0.00140	0.00353	0.00260	0.00300	0.00510
5	0.01279	0.01117	0.01134	0.05917	0.01329	0.11240	0.00798	0.16799	0.34237	0.05245	0.01481	0.03161	0.03225	0.00678	0.01991	0.00160	0.06996	0.02171	0.00392	0.00647
6	0.00577	0.00412	0.00554	0.00660	0.00697	0.00390	0.00464	0.00674	0.00892	0.01185	0.02484	0.72733	0.02942	0.01396	0.00585	0.00187	0.00285	0.12088	0.00420	0.00375
7	0.00588	0.00412	0.00539	0.00634	0.00675	0.00389	0.00442	0.00687	0.00890	0.01203	0.02463	0.67594	0.04796	0.02947	0.00601	0.00186	0.00279	0.09161	0.05139	0.00375
8	0.01342	0.00630	0.00800	0.00670	0.00910	0.00562	0.00533	0.01555	0.04190	0.41166	0.17330	0.04065	0.16638	0.00756	0.00478	0.00142	0.00308	0.00634	0.06692	0.00599
9	0.01132	0.00894	0.03228	0.00825	0.01062	0.00918	0.00667	0.31328	0.12319	0.03230	0.11907	0.10268	0.10383	0.03707	0.05843	0.00195	0.00437	0.00635	0.00428	0.00594
10	0.01211	0.84348	0.02374	0.00775	0.01163	0.01793	0.00775	0.01357	0.00921	0.01066	0.00630	0.00727	0.00582	0.00388	0.00291	0.00097	0.00485	0.00242	0.00194	0.00582
11	0.03000	0.05422	0.01032	0.00874	0.05051	0.04303	0.00650	0.04812	0.19017	0.01489	0.01242	0.03734	0.02151	0.04613	0.15910	0.00244	0.00553	0.00432	0.00315	0.25158
12	0.01663	0.02069	0.01272	0.01150	0.01389	0.75476	0.00866	0.04092	0.05646	0.01203	0.00774	0.00873	0.00633	0.00477	0.00413	0.00119	0.00783	0.00307	0.00252	0.00543
13	0.02852	0.31014	0.15285	0.01042	0.05713	0.02918	0.04280	0.07091	0.07789	0.03717	0.03678	0.01107	0.00852	0.00625	0.05166	0.00156	0.00547	0.00357	0.00269	0.05541
14	0.00591	0.00418	0.00519	0.00576	0.00606	0.00401	0.00373	0.00652	0.00814	0.01079	0.03715	0.46994	0.08349	0.28485	0.04063	0.00284	0.00351	0.01020	0.00368	0.00341
15	0.01270	0.56368	0.09261	0.00905	0.01281	0.16898	0.00872	0.01513	0.05787	0.01158	0.00733	0.00823	0.00630	0.00420	0.00336	0.00108	0.00557	0.00276	0.00217	0.00587
16	0.01195	0.08132	0.17678	0.01090	0.06265	0.03550	0.04002	0.15498	0.11009	0.08291	0.01431	0.06845	0.06525	0.00588	0.00445	0.00137	0.00484	0.00485	0.00343	0.06006
17	0.04789	0.07812	0.14178	0.06055	0.32735	0.08836	0.08582	0.03512	0.04712	0.01456	0.00855	0.01057	0.00683	0.00436	0.00455	0.00137	0.02447	0.00380	0.00236	0.00647
18	0.02075	0.02383	0.15306	0.07182	0.09817	0.02081	0.08464	0.03455	0.05393	0.13203	0.02538	0.15069	0.06054	0.00796	0.03969	0.00175	0.00516	0.00600	0.00335	0.00590
19	0.00592	0.00442	0.00579	0.05571	0.00801	0.00429	0.00465	0.00690	0.00878	0.01145	0.02541	0.52884	0.13496	0.10424	0.02176	0.00217	0.00324	0.05587	0.00388	0.00371
20	0.01062	0.01083	0.04992	0.29224	0.34537	0.04867	0.04371	0.04878	0.05833	0.01431	0.00939	0.03091	0.00762	0.00466	0.00455	0.00143	0.00569	0.00428	0.00245	0.00625

[dist]
# distance from previous block
# <min> <max>
0	3

[block]
# block no. 2 follows, 57 sequences, length 39
# corresponding to MSA columns:
# 129-167
name=unknown_C
#
# <colnr> <probs for GDERKNQSTAVLIFYWHMCP>
#	G	D	E	R	K	N	Q	S	T	A	V	L	I	F	Y	W	H	M	C	P
0	0.01349	0.18361	0.12114	0.05194	0.05086	0.27764	0.10690	0.07530	0.03221	0.03418	0.00826	0.00961	0.00650	0.00444	0.00413	0.00126	0.00655	0.00346	0.00249	0.00603
1	0.01021	0.00941	0.01521	0.16126	0.26148	0.00949	0.12656	0.01417	0.10609	0.02875	0.02646	0.01352	0.03038	0.00462	0.00446	0.00132	0.00503	0.00441	0.03269	0.13447
2	0.01181	0.20902	0.42912	0.01138	0.01635	0.19237	0.01263	0.04369	0.01064	0.01331	0.00757	0.00878	0.00585	0.00433	0.00395	0.00127	0.00654	0.00307	0.00211	0.00621
3	0.02660	0.24958	0.17533	0.01279	0.11574	0.04095	0.09805	0.08412	0.03405	0.03487	0.01046	0.03700	0.03795	0.00486	0.00412	0.00129	0.00544	0.00404	0.00261	0.02015
4	0.00648	0.00484	0.00722	0.00722	0.00801	0.00563	0.00559	0.00805	0.00726	0.01047	0.01219	0.01812	0.01147	0.05545	0.80152	0.00721	0.01193	0.00490	0.00244	0.00401
5	0.00558	0.00401	0.00524	0.00617	0.00651	0.00373	0.00413	0.00640	0.00883	0.01174	0.05267	0.74792	0.06571	0.04030	0.00630	0.00189	0.00265	0.01237	0.00419	0.00368
6	0.03981	0.00914	0.02489	0.08694	0.33777	0.01936	0.08136	0.01323	0.09038	0.02879	0.01352	0.19286	0.01304	0.00671	0.00484	0.00152	0.00480	0.02206	0.00301	0.00597
7	0.01516	0.14858	0.08507	0.01084	0.01441	0.19562	0.06267	0.25195	0.03466	0.10131	0.00971	0.01027	0.00723	0.00491	0.00449	0.00130	0.02832	0.00365	0.00329	0.00657
8	0.00581	0.00529	0.05909	0.00667	0.00744	0.00417	0.00502	0.00698	0.00903	0.01217	0.07242	0.71366	0.04888	0.01317	0.00565	0.00178	0.00286	0.01188	0.00410	0.00392
9	0.04077	0.00929	0.01032	0.00886	0.01171	0.01015	0.00702	0.05113	0.54670	0.22515	0.01764	0.01601	0.01266	0.00592	0.00454	0.00149	0.00370	0.00486	0.00481	0.00726
10	0.00886	0.00855	0.01356	0.79989	0.03058	0.03983	0.01244	0.01182	0.00920	0.01156	0.00802	0.01194	0.00603	0.00454	0.00451	0.00150	0.00612	0.00399	0.00203	0.00504
11	0.02844	0.68092	0.08271	0.00852	0.01243	0.10001	0.00849	0.01409	0.00958	0.01117	0.00651	0.00754	0.00579	0.00400	0.00313	0.00103	0.00530	0.00254	0.00199	0.00581
12	0.01693	0.02160	0.01284	0.01167	0.01401	0.82256	0.00876	0.01809	0.01284	0.01109	0.00700	0.00817	0.00584	0.00467	0.00409	0.00117	0.00817	0.00292	0.00233	0.00525
13	0.00941	0.00694	0.00806	0.00729	0.00915	0.00729	0.00562	0.01584	0.33506	0.07782	0.41247	0.02578	0.04492	0.00777	0.00499	0.00147	0.00286	0.00670	0.00486	0.00570
14	0.01070	0.01222	0.02674	0.01910	0.02368	0.01146	0.79603	0.01451	0.01070	0.01451	0.00917	0.01222	0.00688	0.00382	0.00535	0.00153	0.00764	0.00535	0.00229	0.00611
15	0.00554	0.00407	0.00521	0.00604	0.00652	0.00373	0.00411	0.00645	0.00912	0.01200	0.06863	0.68833	0.13647	0.01357	0.00570	0.00178	0.00256	0.01219	0.00425	0.00373
16	0.00553	0.00401	0.00522	0.00616	0.00654	0.00371	0.00415	0.00638	0.00890	0.01177	0.04456	0.75745	0.09117	0.01387	0.00574	0.00181	0.00259	0.01252	0.00422	0.00371
17	0.00570	0.00442	0.00509	0.00534	0.00633	0.00393	0.00381	0.00683	0.00998	0.01274	0.15575	0.26007	0.39963	0.07484	0.00683	0.00183	0.00256	0.02634	0.00422	0.00378
18	0.01693	0.02160	0.01284	0.01167	0.01401	0.82256	0.00876	0.01809	0.01284	0.01109	0.00700	0.00817	0.00584	0.00467	0.00409	0.00117	0.00817	0.00292	0.00233	0.00525
19	0.03857	0.01161	0.03996	0.03646	0.44664	0.03666	0.12193	0.12422	0.01205	0.07388	0.00948	0.01137	0.00733	0.00436	0.00455	0.00138	0.00562	0.00416	0.00282	0.00696
20	0.00556	0.00449	0.00495	0.00506	0.00631	0.00388	0.00371	0.00682	0.01048	0.01314	0.17257	0.17243	0.55164	0.01155	0.00542	0.00156	0.00232	0.00988	0.00434	0.00388
21	0.00779	0.00397	0.00584	0.00584	0.00584	0.00397	0.00386	0.00595	0.00595	0.00793	0.00830	0.01483	0.00844	0.07040	0.01806	0.81093	0.00397	0.00411	0.00202	0.00202
22	0.01031	0.09418	0.58457	0.01214	0.01788	0.01106	0.05072	0.04536	0.04186	0.05233	0.00945	0.01131	0.00705	0.00466	0.00432	0.00142	0.00618	0.02619	0.00238	0.00662
23	0.00570	0.00423	0.00601	0.00675	0.00717	0.00395	0.03175	0.00659	0.00875	0.01167	0.02443	0.80907	0.02917	0.01384	0.00577	0.00183	0.00280	0.01262	0.00414	0.00377
24	0.00959	0.00872	0.03014	0.00753	0.01164	0.00656	0.04392	0.02583	0.00968	0.01499	0.00816	0.00956	0.00671	0.00344	0.00350	0.00074	0.00367	0.00285	0.00268	0.79008
25	0.01066	0.00853	0.00936	0.00850	0.01078	0.00951	0.00666	0.03267	0.56957	0.05471	0.12475	0.02222	0.04686	0.00714	0.00484	0.00155	0.00342	0.05712	0.00466	0.00650
26	0.00938	0.02170	0.70773	0.01496	0.12834	0.01056	0.01635	0.01429	0.00967	0.01441	0.00819	0.00979	0.00594	0.00427	0.00433	0.00142	0.00652	0.00344	0.00196	0.00676
27	0.00929	0.00914	0.01386	0.66199	0.07651	0.06380	0.03330	0.01232	0.02571	0.01197	0.00879	0.03770	0.00703	0.00483	0.00456	0.00149	0.00603	0.00429	0.00218	0.00521
28	0.00657	0.00637	0.06959	0.02677	0.00875	0.00509	0.02872	0.00868	0.01124	0.01546	0.45558	0.06617	0.17760	0.03955	0.05211	0.00190	0.00344	0.00784	0.00419	0.00436
29	0.01104	0.55209	0.30571	0.00959	0.01447	0.01530	0.01095	0.01385	0.00934	0.01197	0.00695	0.00809	0.00579	0.00403	0.00340	0.00113	0.00550	0.00275	0.00193	0.00613
30	0.11945	0.11177	0.60610	0.01143	0.01721	0.03225	0.01404	0.01423	0.00938	0.01462	0.00767	0.00900	0.00564	0.00425	0.00395	0.00137	0.00613	0.00312	0.00204	0.00633
31	0.01380	0.00762	0.00919	0.00764	0.01002	0.02819	0.00612	0.11482	0.04438	0.32338	0.18900	0.01983	0.04595	0.00851	0.05917	0.00179	0.02955	0.00542	0.06945	0.00615
32	0.00576	0.00465	0.00519	0.00517	0.00654	0.00407	0.00395	0.00722	0.01084	0.01367	0.22192	0.04113	0.55772	0.01164	0.02760	0.00170	0.00265	0.06029	0.00434	0.00396
33	0.00645	0.00473	0.00614	0.00582	0.00692	0.00447	0.00438	0.00870	0.02615	0.01741	0.70883	0.03293	0.07493	0.01095	0.05949	0.00182	0.00283	0.00798	0.00478	0.00429
34	0.07116	0.00681	0.00887	0.00718	0.00988	0.00614	0.00580	0.01727	0.01258	0.51370	0.26591	0.02069	0.02071	0.00667	0.00469	0.00141	0.00329	0.00556	0.00523	0.00645
35	0.01071	0.06611	0.05899	0.10714	0.56130	0.01099	0.02681	0.01395	0.04828	0.01429	0.00988	0.01219	0.03061	0.00441	0.00442	0.00136	0.00535	0.00413	0.00235	0.00672
36	0.00556	0.00396	0.00525	0.00626	0.00651	0.00371	0.00415	0.00632	0.00860	0.01147	0.02459	0.80900	0.02949	0.04364	0.00640	0.00193	0.00269	0.01266	0.00415	0.00365
37	0.00933	0.00797	0.00929	0.00667	0.01061	0.00600	0.00531	0.01130	0.00933	0.01463	0.00820	0.00986	0.00694	0.02252	0.00381	0.00076	0.00338	0.00277	0.00269	0.84864
38	0.01096	0.01322	0.18581	0.01779	0.35140	0.04741	0.03826	0.02644	0.05626	0.04434	0.03456	0.02616	0.00879	0.00457	0.00437	0.00130	0.00530	0.00408	0.00265	0.11633

[dist]
# distance from previous block
# <min> <max>
0	1

[block]
# block no. 3 follows, 57 sequences, length 32
# corresponding to MSA columns:
# 169-200
name=unknown_D
#
# <colnr> <probs for GDERKNQSTAVLIFYWHMCP>
#	G	D	E	R	K	N	Q	S	T	A	V	L	I	F	Y	W	H	M	C	P
0	0.01120	0.00907	0.01113	0.00813	0.01206	0.03691	0.06408	0.05438	0.01058	0.08956	0.00916	0.01020	0.00716	0.00376	0.00370	0.00086	0.00398	0.00314	0.00301	0.64794
1	0.01148	0.01150	0.05012	0.09070	0.22018	0.07812	0.05209	0.07922	0.26159	0.01659	0.04458	0.01438	0.02771	0.00533	0.00473	0.00144	0.01579	0.00461	0.00329	0.00656
2	0.00815	0.00618	0.00740	0.00710	0.00824	0.00684	0.00520	0.01252	0.23932	0.02826	0.01609	0.03709	0.03479	0.26596	0.27478	0.00427	0.00656	0.02328	0.00334	0.00463
3	0.00755	0.00556	0.00657	0.00637	0.02175	0.02547	0.00465	0.00971	0.04134	0.05938	0.42487	0.12171	0.18077	0.00942	0.00516	0.00145	0.00263	0.00818	0.02137	0.03608
4	0.00553	0.00401	0.00522	0.00616	0.00654	0.00371	0.00415	0.00637	0.00890	0.01176	0.04363	0.75603	0.09355	0.01387	0.00574	0.00181	0.00259	0.01251	0.00422	0.00371
5	0.00940	0.00805	0.00940	0.00671	0.01074	0.00604	0.00537	0.01141	0.00940	0.01477	0.00805	0.00940	0.00671	0.00336	0.00336	0.00067	0.00336	0.00268	0.00268	0.86845
6	0.00856	0.00805	0.01359	0.82986	0.03121	0.01007	0.01258	0.01158	0.00906	0.01158	0.00805	0.01208	0.00604	0.00453	0.00453	0.00151	0.00604	0.00403	0.00201	0.00503
7	0.01392	0.01252	0.22250	0.00966	0.01347	0.00916	0.00942	0.20187	0.04085	0.25511	0.01449	0.10272	0.01164	0.03346	0.00527	0.00157	0.00476	0.02685	0.00406	0.00673
8	0.00954	0.00907	0.01472	0.38138	0.35095	0.02624	0.01215	0.01212	0.00958	0.01289	0.00991	0.09567	0.00894	0.00538	0.00484	0.00148	0.02213	0.00491	0.00234	0.00579
9	0.00970	0.00884	0.01312	0.05545	0.18879	0.00803	0.08311	0.02324	0.01009	0.01488	0.07524	0.01282	0.02262	0.00443	0.00449	0.00108	0.03470	0.00394	0.00273	0.42273
10	0.00644	0.00468	0.00567	0.00553	0.00675	0.00416	0.00408	0.00806	0.01122	0.03272	0.39698	0.16735	0.25333	0.01029	0.00527	0.00149	0.00234	0.00896	0.03157	0.03312
11	0.00940	0.00805	0.00940	0.00671	0.01074	0.00604	0.00537	0.01141	0.00940	0.01477	0.00805	0.00940	0.00671	0.00336	0.00336	0.00067	0.00336	0.00268	0.00268	0.86845
12	0.10300	0.01006	0.03952	0.07103	0.52072	0.00991	0.03058	0.01331	0.03034	0.01552	0.08231	0.01386	0.03085	0.00481	0.00443	0.00139	0.00490	0.00442	0.00264	0.00641
13	0.01005	0.00869	0.03536	0.00731	0.01140	0.00646	0.02382	0.02457	0.00979	0.05226	0.00858	0.00977	0.00691	0.00353	0.00351	0.00076	0.00361	0.00288	0.00282	0.76792
14	0.01084	0.01039	0.01772	0.14018	0.70302	0.01067	0.01372	0.01358	0.01014	0.01435	0.00846	0.01134	0.00702	0.00411	0.00449	0.00137	0.00548	0.00404	0.00221	0.00688
15	0.01023	0.00870	0.03771	0.00781	0.02512	0.00661	0.02994	0.01275	0.03484	0.07289	0.02857	0.01078	0.00811	0.00381	0.00364	0.00083	0.00365	0.00316	0.00297	0.68789
16	0.00614	0.00456	0.00593	0.00650	0.00730	0.00409	0.00457	0.00718	0.00889	0.01212	0.02272	0.67667	0.02670	0.01268	0.00550	0.00171	0.00283	0.06441	0.00401	0.11548
17	0.01127	0.00973	0.01025	0.00922	0.01178	0.01127	0.00717	0.02408	0.80430	0.01896	0.01844	0.01691	0.01383	0.00615	0.00461	0.00154	0.00359	0.00512	0.00461	0.00717
18	0.01122	0.01077	0.01839	0.02781	0.81248	0.01077	0.01391	0.01391	0.01032	0.01480	0.00852	0.01122	0.00718	0.00404	0.00449	0.00135	0.00538	0.00404	0.00224	0.00718
19	0.00780	0.00398	0.00597	0.00597	0.00601	0.00402	0.00402	0.00601	0.00597	0.00800	0.00807	0.01397	0.00803	0.01661	0.05591	0.82731	0.00432	0.00398	0.00199	0.00207
20	0.01000	0.01710	0.37033	0.01641	0.02191	0.01105	0.45733	0.01444	0.01020	0.01444	0.00872	0.01107	0.00638	0.00403	0.00489	0.00149	0.00723	0.00448	0.00213	0.00637
21	0.01084	0.01296	0.14354	0.04802	0.18234	0.01072	0.38609	0.03908	0.02810	0.04428	0.01004	0.04468	0.00799	0.00455	0.00493	0.00148	0.00647	0.00495	0.00253	0.00641
22	0.00651	0.00451	0.00546	0.00546	0.00570	0.00466	0.00343	0.00693	0.00690	0.00932	0.01506	0.02753	0.04718	0.62478	0.20345	0.00493	0.00606	0.00632	0.00273	0.00308
23	0.02001	0.00762	0.01034	0.00796	0.01140	0.00659	0.00656	0.02177	0.01287	0.79379	0.01779	0.01546	0.01123	0.00560	0.00452	0.00139	0.00381	0.00455	0.02913	0.00762
24	0.01060	0.01017	0.01753	0.02505	0.68265	0.01009	0.05978	0.01317	0.01021	0.01447	0.01078	0.07576	0.02932	0.00500	0.00466	0.00140	0.00523	0.00494	0.00245	0.00676
25	0.01151	0.10002	0.51012	0.01255	0.07030	0.01058	0.02730	0.02777	0.01034	0.14837	0.00996	0.02467	0.00723	0.00464	0.00427	0.00139	0.00587	0.00372	0.00264	0.00677
26	0.01122	0.01077	0.01839	0.02781	0.81248	0.01077	0.01391	0.01391	0.01032	0.01480	0.00852	0.01122	0.00718	0.00404	0.00449	0.00135	0.00538	0.00404	0.00224	0.00718
27	0.87276	0.00876	0.00666	0.00596	0.00876	0.01017	0.00491	0.01332	0.00771	0.02033	0.00631	0.00736	0.00491	0.00421	0.00280	0.00140	0.00351	0.00245	0.00280	0.00491
28	0.00537	0.00454	0.00465	0.00474	0.00616	0.00381	0.00351	0.00649	0.01019	0.01218	0.04414	0.11046	0.74493	0.01170	0.00539	0.00156	0.00232	0.00984	0.00421	0.00381
29	0.01083	0.01042	0.01608	0.11256	0.29430	0.04235	0.14046	0.04352	0.14501	0.01559	0.05515	0.01439	0.01047	0.00494	0.00468	0.00141	0.00532	0.02225	0.00293	0.04734
30	0.01176	0.01068	0.01595	0.03558	0.54665	0.02888	0.01186	0.12275	0.07669	0.01672	0.01080	0.05183	0.00931	0.00513	0.00460	0.00140	0.00509	0.02450	0.00289	0.00693
31	0.02411	0.01101	0.01596	0.10017	0.50980	0.06572	0.02219	0.03990	0.11776	0.01539	0.02764	0.01231	0.00865	0.00457	0.00449	0.00138	0.00531	0.00419	0.00269	0.00674

[dist]
# distance from previous block
# <min> <max>
0	4

[block]
# block no. 4 follows, 57 sequences, length 38
# corresponding to MSA columns:
# 205-242
name=unknown_E
#
# <colnr> <probs for GDERKNQSTAVLIFYWHMCP>
#	G	D	E	R	K	N	Q	S	T	A	V	L	I	F	Y	W	H	M	C	P
0	0.08548	0.05254	0.01601	0.03948	0.44857	0.09924	0.03240	0.02607	0.05670	0.01477	0.00904	0.01107	0.01798	0.00457	0.00483	0.00136	0.05207	0.00385	0.00247	0.02148
1	0.01110	0.01078	0.01779	0.10447	0.71716	0.03129	0.01365	0.01379	0.01026	0.01440	0.00844	0.01122	0.00703	0.00410	0.00448	0.00136	0.00552	0.00401	0.00222	0.00692
2	0.01436	0.25127	0.04916	0.00926	0.01283	0.03265	0.00825	0.32517	0.07706	0.08444	0.01116	0.01279	0.00881	0.00532	0.00411	0.00128	0.00479	0.04753	0.00363	0.03612
3	0.01137	0.01127	0.01806	0.07125	0.70084	0.05657	0.03648	0.01403	0.01040	0.01441	0.00843	0.01112	0.00703	0.00409	0.00449	0.00135	0.00564	0.00401	0.00224	0.00692
4	0.00780	0.00609	0.00912	0.01120	0.17722	0.00588	0.02592	0.03223	0.01044	0.03700	0.18678	0.42551	0.02612	0.01026	0.00534	0.00161	0.00333	0.00935	0.00396	0.00484
5	0.01118	0.00987	0.02897	0.01391	0.19977	0.02077	0.06658	0.11143	0.23428	0.03873	0.16115	0.02883	0.01605	0.00608	0.00509	0.00146	0.03027	0.00533	0.00380	0.00648
6	0.00764	0.00407	0.00607	0.00607	0.00618	0.00419	0.00414	0.00622	0.00611	0.00826	0.00863	0.01476	0.00858	0.04059	0.12876	0.72619	0.00508	0.00413	0.00205	0.00228
7	0.01211	0.84348	0.02374	0.00775	0.01163	0.01793	0.00775	0.01357	0.00921	0.01066	0.00630	0.00727	0.00582	0.00388	0.00291	0.00097	0.00485	0.00242	0.00194	0.00582
8	0.03194	0.15189	0.63609	0.01169	0.01770	0.01157	0.01455	0.01428	0.02232	0.01401	0.00796	0.00926	0.00589	0.00424	0.00402	0.00134	0.00618	0.00319	0.00200	0.02985
9	0.00904	0.01311	0.27186	0.02470	0.01531	0.00897	0.15354	0.01436	0.15785	0.02599	0.13889	0.01956	0.11443	0.00625	0.00485	0.00148	0.00499	0.00560	0.00330	0.00593
10	0.00559	0.00399	0.00533	0.00634	0.00664	0.00373	0.00428	0.00645	0.00884	0.01181	0.04788	0.79580	0.03025	0.01401	0.00578	0.00183	0.00265	0.03085	0.00423	0.00371
11	0.06754	0.14900	0.03710	0.05814	0.23097	0.04401	0.32104	0.01411	0.01014	0.01405	0.00818	0.01060	0.00655	0.00399	0.00444	0.00136	0.00623	0.00413	0.00223	0.00619
12	0.01107	0.01117	0.04761	0.04624	0.76489	0.01074	0.01398	0.01387	0.01026	0.01471	0.00850	0.01118	0.00710	0.00406	0.00448	0.00135	0.00545	0.00401	0.00223	0.00711
13	0.00787	0.00394	0.00590	0.00590	0.00590	0.00394	0.00394	0.00590	0.00590	0.00787	0.00787	0.01377	0.00787	0.01574	0.01771	0.86816	0.00394	0.00394	0.00197	0.00197
14	0.00604	0.00462	0.00555	0.00538	0.00660	0.00413	0.00405	0.00780	0.01180	0.01583	0.50438	0.05236	0.31601	0.01022	0.00538	0.00149	0.00225	0.02734	0.00468	0.00410
15	0.00969	0.00804	0.00943	0.00675	0.01076	0.00606	0.00540	0.01170	0.00949	0.03642	0.00832	0.00956	0.00683	0.00342	0.00339	0.00069	0.00337	0.00274	0.00276	0.84518
16	0.01034	0.00989	0.02485	0.13159	0.02968	0.10945	0.00783	0.04912	0.32067	0.01540	0.03412	0.19637	0.01553	0.00755	0.00482	0.00155	0.00443	0.01731	0.00376	0.00575
17	0.00667	0.00503	0.00718	0.00708	0.00770	0.00585	0.00533	0.00795	0.00713	0.01021	0.01222	0.01963	0.01202	0.18469	0.63019	0.00646	0.05320	0.00514	0.00246	0.00385
18	0.87276	0.00876	0.00666	0.00596	0.00876	0.01017	0.00491	0.01332	0.00771	0.02033	0.00631	0.00736	0.00491	0.00421	0.00280	0.00140	0.00351	0.00245	0.00280	0.00491
19	0.00652	0.00468	0.00638	0.00638	0.00687	0.00517	0.00453	0.00751	0.00701	0.00985	0.01297	0.02239	0.01332	0.34659	0.51292	0.00616	0.00914	0.00553	0.00255	0.00354
20	0.01089	0.01106	0.03823	0.08764	0.62560	0.01080	0.12114	0.01382	0.01026	0.01451	0.00857	0.01138	0.00701	0.00405	0.00460	0.00139	0.00577	0.00420	0.00222	0.00686
21	0.00945	0.00899	0.01509	0.53664	0.27077	0.01050	0.01284	0.01226	0.00933	0.01253	0.00808	0.01169	0.00639	0.00457	0.00510	0.00149	0.05248	0.00403	0.00208	0.00569
22	0.01719	0.00899	0.01036	0.00858	0.02405	0.08532	0.00674	0.06685	0.03988	0.52470	0.07031	0.01640	0.01290	0.04199	0.04292	0.00178	0.00464	0.00473	0.00483	0.00684
23	0.01394	0.05452	0.07345	0.01640	0.26475	0.02151	0.13284	0.04928	0.01158	0.25947	0.01249	0.01398	0.02209	0.00493	0.00461	0.00140	0.00527	0.02716	0.00343	0.00692
24	0.01978	0.00785	0.01053	0.00810	0.01154	0.00693	0.00668	0.05758	0.01335	0.75590	0.04069	0.01575	0.01198	0.00571	0.00458	0.00140	0.00386	0.00464	0.00554	0.00761
25	0.00958	0.05004	0.57759	0.01261	0.01827	0.01013	0.11187	0.01398	0.00987	0.04894	0.01126	0.03444	0.04831	0.00505	0.00452	0.00145	0.00625	0.01715	0.00234	0.00637
26	0.01070	0.01427	0.25574	0.09519	0.46706	0.01061	0.01433	0.03301	0.01031	0.03365	0.00864	0.01089	0.00675	0.00423	0.00444	0.00139	0.00579	0.00384	0.00226	0.00687
27	0.01021	0.07128	0.47874	0.01442	0.02013	0.01127	0.26717	0.02837	0.01020	0.03328	0.00863	0.01044	0.00627	0.00417	0.00456	0.00143	0.00679	0.00398	0.00217	0.00649
28	0.01107	0.01061	0.01812	0.07308	0.76839	0.01073	0.01383	0.01378	0.01025	0.01462	0.00850	0.01126	0.00711	0.00407	0.00449	0.00136	0.00542	0.00404	0.00223	0.00706
29	0.01242	0.36743	0.27269	0.01039	0.01479	0.20746	0.01087	0.03354	0.01048	0.01236	0.00716	0.00830	0.00584	0.00424	0.00367	0.00117	0.00623	0.00287	0.00209	0.00601
30	0.00806	0.00426	0.00615	0.00609	0.00624	0.00435	0.00412	0.00693	0.05097	0.00850	0.00847	0.01395	0.00821	0.01520	0.01697	0.81925	0.00392	0.00400	0.00212	0.00226
31	0.00590	0.00428	0.00547	0.00585	0.00657	0.00393	0.00413	0.00726	0.01045	0.01425	0.32598	0.43144	0.11780	0.01186	0.00552	0.00163	0.00240	0.01058	0.02075	0.00393
32	0.00571	0.00440	0.00522	0.00549	0.00648	0.00392	0.00396	0.00701	0.01043	0.01355	0.23246	0.29689	0.35207	0.01181	0.00551	0.00161	0.00239	0.02280	0.00440	0.00390
33	0.00910	0.02266	0.77653	0.01260	0.01916	0.01030	0.01617	0.01420	0.00956	0.01437	0.00813	0.00956	0.00579	0.00426	0.00426	0.00140	0.00653	0.00331	0.00195	0.05016
34	0.00687	0.00478	0.00622	0.00580	0.00700	0.00436	0.00436	0.00892	0.01254	0.04304	0.71979	0.06473	0.05535	0.00925	0.00529	0.00142	0.00224	0.00816	0.00491	0.02497
35	0.07518	0.01010	0.01023	0.00855	0.05568	0.11096	0.00632	0.03160	0.01005	0.01505	0.00788	0.00923	0.00652	0.00368	0.00350	0.00084	0.00413	0.00281	0.00267	0.62504
36	0.14402	0.19691	0.03384	0.01357	0.05864	0.09508	0.32495	0.01457	0.01011	0.03455	0.00801	0.00988	0.00634	0.00403	0.00415	0.00131	0.00610	0.00382	0.00238	0.02775
37	0.01493	0.08697	0.06040	0.03256	0.01454	0.56677	0.02852	0.02985	0.01180	0.01177	0.00713	0.00859	0.00593	0.00475	0.00477	0.00122	0.06485	0.00307	0.00230	0.03925

[dist]
# distance from previous block
# <min> <max>
0	5

[block]
# block no. 5 follows, 57 sequences, length 29
# corresponding to MSA columns:
# 249-277
name=unknown_F
#
# <colnr> <probs for GDERKNQSTAVLIFYWHMCP>
#	G	D	E	R	K	N	Q	S	T	A	V	L	I	F	Y	W	H	M	C	P
0	0.02699	0.00940	0.00936	0.00994	0.06739	0.16872	0.00726	0.01318	0.11309	0.03141	0.03347	0.06708	0.01623	0.06039	0.12550	0.00262	0.00601	0.22359	0.00341	0.00496
1	0.00984	0.08180	0.39846	0.04074	0.03646	0.01040	0.02926	0.01565	0.17656	0.04072	0.04862	0.04214	0.03885	0.00551	0.00444	0.00144	0.00527	0.00454	0.00292	0.00638
2	0.01263	0.75594	0.02260	0.00814	0.01188	0.08440	0.00786	0.03239	0.00979	0.01112	0.00647	0.00743	0.00586	0.00398	0.00304	0.00099	0.00512	0.00250	0.00203	0.00581
3	0.00913	0.00833	0.01380	0.03624	0.01454	0.00779	0.22700	0.02958	0.01027	0.01430	0.01416	0.04490	0.01385	0.00709	0.00541	0.00150	0.03349	0.26683	0.00311	0.23869
4	0.00653	0.00454	0.00538	0.03168	0.00615	0.00461	0.00337	0.00684	0.00704	0.00933	0.01637	0.05697	0.06856	0.67156	0.07937	0.00424	0.00482	0.00679	0.00285	0.00302
5	0.01531	0.01206	0.16758	0.01186	0.04431	0.00917	0.14766	0.06488	0.07086	0.38788	0.01378	0.01343	0.00925	0.00502	0.00465	0.00144	0.00516	0.00446	0.00406	0.00718
6	0.01229	0.03651	0.06571	0.02059	0.49644	0.02836	0.03116	0.01536	0.04850	0.13511	0.02935	0.04084	0.00954	0.00487	0.00452	0.00138	0.00508	0.00448	0.00297	0.00693
7	0.01318	0.00989	0.01576	0.05917	0.52752	0.00984	0.01169	0.06490	0.01148	0.18150	0.01122	0.02686	0.00881	0.00484	0.00457	0.00139	0.00500	0.02213	0.00315	0.00709
8	0.01230	0.00967	0.04266	0.08486	0.22737	0.02172	0.02466	0.13080	0.05267	0.14773	0.03498	0.01898	0.10270	0.01708	0.00499	0.00149	0.00466	0.05065	0.00364	0.00640
9	0.05275	0.17375	0.14799	0.01106	0.07310	0.03773	0.04709	0.07284	0.16904	0.10485	0.03593	0.01308	0.03131	0.00512	0.00419	0.00135	0.00487	0.00411	0.00331	0.00653
10	0.03275	0.00909	0.11498	0.00935	0.05723	0.00699	0.01780	0.04577	0.02672	0.32529	0.06837	0.20094	0.04956	0.00770	0.00485	0.00151	0.00395	0.00663	0.00435	0.00617
11	0.01079	0.01031	0.01746	0.15554	0.67108	0.01067	0.01356	0.01375	0.02659	0.01437	0.00865	0.01147	0.00713	0.00416	0.00450	0.00138	0.00545	0.00406	0.00226	0.00684
12	0.02911	0.02563	0.13935	0.04057	0.10515	0.10639	0.16432	0.21743	0.01322	0.01753	0.02075	0.04156	0.02869	0.00521	0.00486	0.00142	0.02497	0.00453	0.00296	0.00637
13	0.00928	0.07505	0.76733	0.01259	0.01911	0.01099	0.01618	0.01430	0.00954	0.01412	0.00802	0.00942	0.00574	0.00428	0.00422	0.00141	0.00658	0.00329	0.00191	0.00664
14	0.01019	0.00995	0.01580	0.41694	0.39566	0.04809	0.01302	0.01297	0.00982	0.01306	0.00822	0.01149	0.00656	0.00431	0.00449	0.00142	0.00583	0.00398	0.00214	0.00605
15	0.00730	0.00612	0.00960	0.08028	0.05668	0.00593	0.09109	0.00967	0.01190	0.01651	0.53782	0.02945	0.07823	0.00820	0.00525	0.00147	0.00333	0.03226	0.00421	0.00468
16	0.01943	0.00953	0.01137	0.00880	0.01228	0.04416	0.00723	0.21073	0.01499	0.58873	0.01570	0.01400	0.01013	0.00553	0.00453	0.00138	0.00432	0.00437	0.00520	0.00760
17	0.01122	0.01077	0.01839	0.02781	0.81248	0.01077	0.01391	0.01391	0.01032	0.01480	0.00852	0.01122	0.00718	0.00404	0.00449	0.00135	0.00538	0.00404	0.00224	0.00718
18	0.01693	0.02160	0.01284	0.01167	0.01401	0.82256	0.00876	0.01809	0.01284	0.01109	0.00700	0.00817	0.00584	0.00467	0.00409	0.00117	0.00817	0.00292	0.00233	0.00525
19	0.00909	0.02344	0.81727	0.01292	0.01961	0.01052	0.01674	0.01435	0.00957	0.01435	0.00813	0.00957	0.00574	0.00431	0.00431	0.00144	0.00670	0.00335	0.00191	0.00670
20	0.00573	0.00419	0.00524	0.00585	0.00635	0.00394	0.00395	0.00656	0.00872	0.01146	0.05460	0.51095	0.15957	0.13526	0.05352	0.00245	0.00334	0.01079	0.00392	0.00361
21	0.01147	0.01198	0.02517	0.01839	0.04204	0.01130	0.70420	0.04712	0.01124	0.05589	0.00967	0.01231	0.00714	0.00398	0.00525	0.00151	0.00728	0.00522	0.00255	0.00628
22	0.00856	0.00805	0.01359	0.82986	0.03121	0.01007	0.01258	0.01158	0.00906	0.01158	0.00805	0.01208	0.00604	0.00453	0.00453	0.00151	0.00604	0.00403	0.00201	0.00503
23	0.00593	0.00424	0.00573	0.00678	0.00723	0.00404	0.00493	0.00702	0.00908	0.01203	0.02475	0.65514	0.02907	0.01381	0.00589	0.00190	0.00299	0.19145	0.00420	0.00379
24	0.00929	0.00881	0.01485	0.59776	0.23502	0.01035	0.01286	0.01217	0.00933	0.01240	0.00812	0.01180	0.00634	0.00449	0.00480	0.00148	0.02843	0.00403	0.00207	0.00559
25	0.01693	0.02160	0.01284	0.01167	0.01401	0.82256	0.00876	0.01809	0.01284	0.01109	0.00700	0.00817	0.00584	0.00467	0.00409	0.00117	0.00817	0.00292	0.00233	0.00525
26	0.00541	0.00448	0.00474	0.00491	0.00621	0.00381	0.00359	0.00652	0.01011	0.01227	0.06030	0.17873	0.65955	0.01189	0.00543	0.00158	0.00235	0.01010	0.00423	0.00381
27	0.01881	0.00737	0.01003	0.00780	0.01104	0.00640	0.00640	0.02060	0.01295	0.72825	0.10467	0.01744	0.01467	0.00601	0.00464	0.00140	0.00367	0.00496	0.00554	0.00734
28	0.01090	0.00935	0.01548	0.32873	0.41343	0.01004	0.01244	0.02866	0.01034	0.07720	0.03374	0.01256	0.00817	0.00454	0.00454	0.00142	0.00540	0.00420	0.00255	0.00633

[dist]
# distance from previous block
# <min> <max>
0	2

[block]
# block no. 6 follows, 57 sequences, length 10
# corresponding to MSA columns:
# 280-289
name=unknown_G
#
# <colnr> <probs for GDERKNQSTAVLIFYWHMCP>
#	G	D	E	R	K	N	Q	S	T	A	V	L	I	F	Y	W	H	M	C	P
0	0.06647	0.01473	0.01558	0.02038	0.46195	0.31675	0.01141	0.01545	0.01111	0.01374	0.00781	0.00983	0.00653	0.00429	0.00423	0.00128	0.00632	0.00352	0.00231	0.00631
1	0.04072	0.00589	0.04613	0.00568	0.00736	0.00485	0.00464	0.00861	0.03795	0.01535	0.35796	0.03552	0.39348	0.00973	0.00517	0.00148	0.00254	0.00825	0.00437	0.00431
2	0.01188	0.07170	0.11742	0.02195	0.52054	0.04111	0.06012	0.01474	0.01046	0.07413	0.00900	0.01099	0.00714	0.00419	0.00439	0.00134	0.00563	0.00391	0.00244	0.00693
3	0.00633	0.00493	0.00581	0.00576	0.00703	0.00458	0.00437	0.00868	0.06311	0.01515	0.35456	0.10535	0.32178	0.01052	0.00540	0.00155	0.00248	0.06381	0.00455	0.00424
4	0.00940	0.00805	0.00940	0.00671	0.01074	0.00604	0.00537	0.01141	0.00940	0.01477	0.00805	0.00940	0.00671	0.00336	0.00336	0.00067	0.00336	0.00268	0.00268	0.86845
5	0.00990	0.00909	0.01430	0.62769	0.09156	0.03224	0.03622	0.06142	0.01011	0.03107	0.00844	0.01186	0.00637	0.00464	0.00480	0.00149	0.02698	0.00405	0.00229	0.00547
6	0.05568	0.00694	0.00805	0.00734	0.00915	0.00725	0.00581	0.10762	0.15381	0.05381	0.33769	0.02830	0.04301	0.03963	0.00574	0.00164	0.00326	0.11542	0.00456	0.00531
7	0.87276	0.00876	0.00666	0.00596	0.00876	0.01017	0.00491	0.01332	0.00771	0.02033	0.00631	0.00736	0.00491	0.00421	0.00280	0.00140	0.00351	0.00245	0.00280	0.00491
8	0.00602	0.00438	0.00575	0.00615	0.00673	0.00433	0.00434	0.00712	0.00883	0.01194	0.12660	0.35347	0.09552	0.13135	0.18320	0.00328	0.00485	0.02866	0.00373	0.00373
9	0.00773	0.00617	0.00745	0.00669	0.00871	0.00537	0.00501	0.01007	0.07002	0.01392	0.08336	0.28920	0.01969	0.05303	0.00565	0.00147	0.00314	0.05494	0.00362	0.34476

[dist]
# distance from previous block
# <min> <max>
3	5

[block]
# block no. 7 follows, 57 sequences, length 34
# corresponding to MSA columns:
# 295-300,311-338
name=unknown_H
#
# <colnr> <probs for GDERKNQSTAVLIFYWHMCP>
#	G	D	E	R	K	N	Q	S	T	A	V	L	I	F	Y	W	H	M	C	P
0	0.03074	0.00734	0.00960	0.03796	0.01127	0.00680	0.03130	0.08588	0.02449	0.25741	0.01663	0.23255	0.01523	0.00762	0.00471	0.00141	0.00374	0.04040	0.00420	0.17071
1	0.04316	0.10298	0.02599	0.01205	0.10089	0.09540	0.00907	0.41705	0.07119	0.02131	0.00982	0.01049	0.00747	0.00516	0.00478	0.00134	0.04759	0.00378	0.00356	0.00691
2	0.01659	0.01025	0.01176	0.00910	0.01262	0.01045	0.00745	0.37593	0.09896	0.27140	0.01350	0.01274	0.00932	0.00530	0.00440	0.00130	0.00428	0.00416	0.00464	0.11586
3	0.03660	0.11001	0.03518	0.06311	0.26516	0.06617	0.12227	0.07051	0.14667	0.02540	0.01012	0.01159	0.00795	0.00455	0.00437	0.00136	0.00549	0.00409	0.00282	0.00658
4	0.01076	0.14436	0.08446	0.01649	0.02089	0.01253	0.57461	0.01417	0.01019	0.01372	0.00848	0.01113	0.00658	0.00407	0.00535	0.00146	0.04784	0.00467	0.00219	0.00605
5	0.00558	0.00399	0.00525	0.00621	0.00650	0.00372	0.00414	0.00638	0.00872	0.01163	0.04312	0.77170	0.04553	0.04620	0.00644	0.00192	0.00268	0.01246	0.00417	0.00366
6	0.07963	0.02532	0.08164	0.03852	0.07342	0.12217	0.07821	0.16018	0.01255	0.11322	0.03829	0.07598	0.03302	0.00594	0.00496	0.00143	0.04117	0.00483	0.00338	0.00612
7	0.01108	0.01013	0.07441	0.01037	0.04421	0.00975	0.06889	0.07438	0.39519	0.07196	0.05063	0.08735	0.05790	0.00676	0.00480	0.00152	0.00412	0.00588	0.00415	0.00653
8	0.01986	0.00761	0.01036	0.00798	0.01140	0.00658	0.00658	0.02162	0.01296	0.78850	0.04483	0.01605	0.01229	0.00573	0.00458	0.00140	0.00380	0.00468	0.00559	0.00759
9	0.01255	0.00732	0.03688	0.00738	0.00975	0.01961	0.00605	0.04620	0.05943	0.31902	0.26208	0.08571	0.07470	0.00789	0.00497	0.00147	0.00334	0.02485	0.00490	0.00591
10	0.04212	0.04343	0.01114	0.00928	0.01171	0.11756	0.02514	0.07597	0.43058	0.01780	0.11447	0.01671	0.02436	0.00620	0.00487	0.00145	0.03188	0.00496	0.00404	0.00632
11	0.00728	0.00485	0.00602	0.00565	0.00700	0.00433	0.00426	0.00906	0.01197	0.08427	0.50357	0.07947	0.23563	0.00979	0.00530	0.00147	0.00235	0.00850	0.00480	0.00442
12	0.01949	0.00809	0.01065	0.00822	0.01165	0.00731	0.00677	0.08783	0.02898	0.71034	0.03992	0.01559	0.01187	0.00571	0.00458	0.00140	0.00390	0.00463	0.00548	0.00760
13	0.01093	0.01084	0.01668	0.22692	0.54051	0.06869	0.01311	0.01355	0.01010	0.01364	0.00823	0.01118	0.00677	0.00430	0.00472	0.00139	0.02584	0.00395	0.00219	0.00645
14	0.01449	0.00836	0.01009	0.00855	0.03031	0.00837	0.00666	0.20694	0.10184	0.30065	0.14910	0.04838	0.07214	0.00690	0.00478	0.00143	0.00370	0.00573	0.00491	0.00666
15	0.01749	0.01227	0.01334	0.01022	0.01384	0.01342	0.00845	0.73128	0.02059	0.09566	0.01148	0.01127	0.00801	0.00545	0.00454	0.00136	0.00489	0.00412	0.00462	0.00771
16	0.01127	0.00973	0.01025	0.00922	0.01178	0.01127	0.00717	0.02408	0.80430	0.01896	0.01844	0.01691	0.01383	0.00615	0.00461	0.00154	0.00359	0.00512	0.00461	0.00717
17	0.02033	0.00771	0.01052	0.00806	0.01157	0.00666	0.00666	0.02208	0.01297	0.81562	0.01788	0.01542	0.01122	0.00561	0.00456	0.00140	0.00386	0.00456	0.00561	0.00771
18	0.01723	0.01269	0.01360	0.01043	0.01405	0.01405	0.00861	0.79738	0.02131	0.02856	0.01088	0.01088	0.00771	0.00544	0.00453	0.00136	0.00499	0.00408	0.00453	0.00771
19	0.00733	0.00462	0.00603	0.00615	0.00712	0.00421	0.00443	0.00873	0.01072	0.09553	0.30853	0.41011	0.08642	0.01136	0.00547	0.00162	0.00255	0.01012	0.00463	0.00431
20	0.87276	0.00876	0.00666	0.00596	0.00876	0.01017	0.00491	0.01332	0.00771	0.02033	0.00631	0.00736	0.00491	0.00421	0.00280	0.00140	0.00351	0.00245	0.00280	0.00491
21	0.01056	0.00994	0.01672	0.02482	0.70341	0.00989	0.01260	0.01318	0.01066	0.01526	0.11704	0.01428	0.01199	0.00474	0.00460	0.00136	0.00494	0.00460	0.00261	0.00678
22	0.00659	0.00439	0.00494	0.00494	0.00494	0.00439	0.00275	0.00659	0.00659	0.00879	0.01428	0.02965	0.01647	0.84075	0.02306	0.00439	0.00439	0.00659	0.00275	0.00275
23	0.01070	0.01222	0.02674	0.01910	0.02368	0.01146	0.79603	0.01451	0.01070	0.01451	0.00917	0.01222	0.00688	0.00382	0.00535	0.00153	0.00764	0.00535	0.00229	0.00611
24	0.04147	0.19504	0.12032	0.02796	0.01350	0.08955	0.02304	0.10789	0.01125	0.04982	0.00830	0.00932	0.00654	0.00413	0.00369	0.00106	0.00495	0.00306	0.00272	0.27638
25	0.02980	0.01066	0.01560	0.24615	0.39300	0.03877	0.01209	0.15232	0.02886	0.01642	0.00892	0.01133	0.00700	0.00449	0.00446	0.00139	0.00551	0.00399	0.00265	0.00656
26	0.00586	0.00429	0.00543	0.00622	0.00675	0.00402	0.00425	0.03053	0.00927	0.01217	0.02715	0.71374	0.12637	0.01359	0.00569	0.00179	0.00266	0.01220	0.00422	0.00382
27	0.01117	0.00914	0.01066	0.06406	0.01292	0.00819	0.00662	0.19485	0.01215	0.01777	0.00871	0.00993	0.00690	0.00392	0.00371	0.00089	0.00392	0.00310	0.00307	0.60832
28	0.01219	0.01094	0.01714	0.05132	0.66444	0.05110	0.01287	0.01492	0.02460	0.08286	0.00940	0.01155	0.00753	0.00426	0.00448	0.00135	0.00538	0.00404	0.00257	0.00706
29	0.00935	0.09335	0.74962	0.01248	0.01893	0.01115	0.01598	0.01428	0.00954	0.01404	0.00798	0.00937	0.00575	0.00427	0.00419	0.00140	0.00654	0.00327	0.00192	0.00662
30	0.01102	0.01055	0.01807	0.02679	0.76634	0.01053	0.02805	0.01371	0.01042	0.01493	0.03987	0.01212	0.00856	0.00424	0.00454	0.00135	0.00530	0.00422	0.00235	0.00704
31	0.01062	0.20273	0.26514	0.07430	0.01676	0.03051	0.09594	0.04068	0.11351	0.02555	0.04108	0.02917	0.00908	0.00486	0.00422	0.00134	0.00554	0.00405	0.00265	0.02227
32	0.01680	0.03563	0.01018	0.00795	0.01082	0.03561	0.00639	0.05840	0.01240	0.55494	0.01794	0.17045	0.01415	0.00710	0.00470	0.00145	0.00386	0.00595	0.00500	0.02028
33	0.01084	0.00950	0.01448	0.35214	0.31197	0.04302	0.01170	0.03738	0.02075	0.07185	0.03677	0.01370	0.03655	0.00488	0.00455	0.00142	0.00541	0.00437	0.00266	0.00606

[dist]
# distance from previous block
# <min> <max>
17	22

[block]
# block no. 8 follows, 57 sequences, length 23
# corresponding to MSA columns:
# 407-429
name=unknown_I
#
# <colnr> <probs for GDERKNQSTAVLIFYWHMCP>
#	G	D	E	R	K	N	Q	S	T	A	V	L	I	F	Y	W	H	M	C	P
0	0.05627	0.06048	0.08275	0.06530	0.09153	0.01999	0.16084	0.07628	0.04787	0.11686	0.07895	0.01552	0.04675	0.00604	0.02324	0.00155	0.01371	0.01366	0.00328	0.01913
1	0.03294	0.19171	0.22550	0.01053	0.01464	0.03421	0.10692	0.01465	0.05902	0.08672	0.07321	0.01377	0.02193	0.00512	0.00445	0.00133	0.02277	0.02436	0.00288	0.05335
2	0.00909	0.02344	0.81727	0.01292	0.01961	0.01052	0.01674	0.01435	0.00957	0.01435	0.00813	0.00957	0.00574	0.00431	0.00431	0.00144	0.00670	0.00335	0.00191	0.00670
3	0.01044	0.01004	0.01607	0.14914	0.56311	0.03859	0.01247	0.01297	0.01006	0.01394	0.03538	0.04506	0.00914	0.00578	0.03186	0.00160	0.02107	0.00451	0.00238	0.00640
4	0.01152	0.01366	0.19088	0.12006	0.24431	0.04789	0.06677	0.12091	0.03285	0.04071	0.04141	0.01201	0.00841	0.00476	0.00477	0.00142	0.02422	0.00414	0.00273	0.00656
5	0.01071	0.04406	0.08976	0.28964	0.04818	0.05470	0.09482	0.07409	0.04148	0.06216	0.03632	0.01490	0.07264	0.00575	0.01451	0.00152	0.03155	0.00464	0.00284	0.00574
6	0.01625	0.01999	0.01341	0.01184	0.01425	0.70109	0.04389	0.06146	0.01294	0.01221	0.00741	0.00877	0.00612	0.00542	0.02300	0.00135	0.02959	0.00316	0.00245	0.00539
7	0.00796	0.00615	0.00852	0.01057	0.15515	0.00607	0.00647	0.01066	0.10268	0.04906	0.05360	0.44436	0.08002	0.01058	0.00532	0.00166	0.00330	0.02893	0.00399	0.00496
8	0.06545	0.19430	0.11388	0.04401	0.05931	0.27355	0.03308	0.10216	0.01194	0.05105	0.00807	0.00918	0.00633	0.00449	0.00393	0.00124	0.00619	0.00322	0.00260	0.00604
9	0.00611	0.00444	0.00539	0.00588	0.00670	0.00406	0.00414	0.00737	0.02669	0.03362	0.07412	0.47695	0.25818	0.03976	0.00615	0.00180	0.00265	0.02783	0.00425	0.00392
10	0.00817	0.00495	0.00627	0.00594	0.00727	0.00445	0.00441	0.00974	0.01139	0.13606	0.37638	0.17929	0.17441	0.04309	0.00601	0.00163	0.00261	0.00868	0.00471	0.00454
11	0.01248	0.46610	0.14035	0.01134	0.08760	0.13391	0.02803	0.04984	0.01048	0.01256	0.00716	0.00839	0.00604	0.00414	0.00357	0.00113	0.00573	0.00293	0.00215	0.00608
12	0.04342	0.10241	0.09297	0.04764	0.11458	0.10126	0.00987	0.32666	0.06165	0.01957	0.00961	0.01059	0.00733	0.00562	0.02598	0.00148	0.00564	0.00372	0.00325	0.00673
13	0.00569	0.00458	0.00506	0.00499	0.00634	0.00396	0.00372	0.00713	0.01104	0.01404	0.28022	0.06692	0.54864	0.01089	0.00537	0.00151	0.00226	0.00925	0.00445	0.00396
14	0.00598	0.00458	0.00560	0.00649	0.00693	0.02819	0.00448	0.00692	0.00913	0.01197	0.06052	0.71332	0.05356	0.01352	0.00572	0.00180	0.00284	0.05047	0.00418	0.00378
15	0.01412	0.01609	0.03159	0.08898	0.17629	0.42341	0.01003	0.08505	0.02772	0.01382	0.00866	0.03175	0.00723	0.00494	0.00446	0.00129	0.01991	0.00371	0.02511	0.00583
16	0.01206	0.01135	0.01694	0.07572	0.57627	0.05234	0.01266	0.11746	0.01165	0.01603	0.00860	0.01101	0.00705	0.00448	0.00499	0.00138	0.04659	0.00398	0.00252	0.00690
17	0.01110	0.01112	0.01590	0.31079	0.41925	0.10588	0.01269	0.03474	0.01046	0.01359	0.00824	0.01116	0.00663	0.00432	0.00446	0.00138	0.00593	0.00390	0.00223	0.00620
18	0.05403	0.00935	0.00994	0.00770	0.01127	0.04474	0.00613	0.07496	0.15394	0.05141	0.01044	0.01097	0.00814	0.00422	0.00373	0.00097	0.00377	0.00331	0.00329	0.52769
19	0.01189	0.01056	0.01678	0.03822	0.62550	0.01080	0.01250	0.08887	0.05726	0.04239	0.00973	0.01187	0.00785	0.00527	0.02958	0.00154	0.00541	0.00415	0.00271	0.00711
