[name]
unknown

[dist]
# distance from previous block
# <min> <max>
0	18

[block]
# block no. 0 follows, 57 sequences, length 15
# corresponding to MSA columns:
# 222-236
name=unknown_A
#
# <colnr> <probs for GDERKNQSTAVLIFYWHMCP>
#	G	D	E	R	K	N	Q	S	T	A	V	L	I	F	Y	W	H	M	C	P
0	0.01127	0.03443	0.03758	0.00890	0.01113	0.00880	0.00757	0.03207	0.28634	0.14227	0.04856	0.02680	0.01717	0.00812	0.00572	0.00168	0.05594	0.24532	0.00430	0.00603
1	0.04272	0.21915	0.51913	0.01085	0.01625	0.03726	0.01304	0.01375	0.00956	0.01346	0.00996	0.01102	0.05624	0.00466	0.00397	0.00132	0.00590	0.00347	0.00211	0.00619
2	0.06111	0.16018	0.44647	0.01034	0.01516	0.04179	0.01189	0.01411	0.02827	0.05486	0.05314	0.01206	0.00890	0.05711	0.00522	0.00153	0.00563	0.00369	0.00246	0.00607
3	0.01078	0.47324	0.31015	0.00959	0.01428	0.03417	0.01082	0.01365	0.00965	0.01248	0.05742	0.00979	0.00811	0.00439	0.00360	0.00117	0.00543	0.00313	0.00213	0.00602
4	0.01532	0.10250	0.01265	0.00911	0.01205	0.09051	0.00750	0.33549	0.01518	0.17849	0.01322	0.04620	0.01093	0.05856	0.00567	0.00158	0.00487	0.06958	0.00409	0.00650
5	0.12174	0.00623	0.05043	0.00588	0.00765	0.00528	0.00492	0.00861	0.01048	0.01499	0.23194	0.05324	0.36235	0.02531	0.00537	0.00159	0.00286	0.07281	0.00406	0.00425
6	0.00659	0.00439	0.00494	0.00494	0.00494	0.00439	0.00275	0.00659	0.00659	0.00879	0.01428	0.02965	0.01647	0.84075	0.02306	0.00439	0.00439	0.00659	0.00275	0.00275
7	0.01211	0.84348	0.02374	0.00775	0.01163	0.01793	0.00775	0.01357	0.00921	0.01066	0.00630	0.00727	0.00582	0.00388	0.00291	0.00097	0.00485	0.00242	0.00194	0.00582
8	0.00976	0.00834	0.01053	0.00760	0.01151	0.00662	0.04928	0.01184	0.00948	0.03498	0.00829	0.00972	0.00681	0.00359	0.00388	0.00078	0.03129	0.00292	0.00271	0.77005
9	0.01353	0.01158	0.01181	0.01080	0.05900	0.08671	0.00806	0.21780	0.46727	0.04110	0.01489	0.01421	0.01110	0.00570	0.00453	0.00144	0.00447	0.00458	0.00427	0.00714
10	0.00649	0.00459	0.00603	0.00697	0.02557	0.00437	0.00475	0.02882	0.00926	0.02882	0.02430	0.62621	0.06299	0.06197	0.00673	0.00196	0.00301	0.07909	0.00411	0.00395
11	0.01016	0.00909	0.01431	0.04240	0.49358	0.00926	0.01091	0.05607	0.05674	0.01517	0.03074	0.15096	0.01343	0.00663	0.00485	0.00150	0.00466	0.06021	0.00302	0.00630
12	0.01087	0.01041	0.01766	0.07431	0.74036	0.01050	0.01349	0.01353	0.01024	0.01453	0.00971	0.01231	0.03311	0.00431	0.00452	0.00136	0.00532	0.00422	0.00229	0.00694
13	0.01122	0.01077	0.01839	0.02781	0.81248	0.01077	0.01391	0.01391	0.01032	0.01480	0.00852	0.01122	0.00718	0.00404	0.00449	0.00135	0.00538	0.00404	0.00224	0.00718
14	0.01122	0.01077	0.01839	0.02781	0.81248	0.01077	0.01391	0.01391	0.01032	0.01480	0.00852	0.01122	0.00718	0.00404	0.00449	0.00135	0.00538	0.00404	0.00224	0.00718

[dist]
# distance from previous block
# <min> <max>
0	3

[block]
# block no. 1 follows, 57 sequences, length 19
# corresponding to MSA columns:
# 240-258
name=unknown_B
#
# <colnr> <probs for GDERKNQSTAVLIFYWHMCP>
#	G	D	E	R	K	N	Q	S	T	A	V	L	I	F	Y	W	H	M	C	P
0	0.01122	0.01077	0.01839	0.02781	0.81248	0.01077	0.01391	0.01391	0.01032	0.01480	0.00852	0.01122	0.00718	0.00404	0.00449	0.00135	0.00538	0.00404	0.00224	0.00718
1	0.01122	0.01072	0.01805	0.02702	0.77837	0.01079	0.01362	0.01434	0.04415	0.01498	0.00895	0.01146	0.00746	0.00413	0.00449	0.00135	0.00531	0.00408	0.00234	0.00718
2	0.05136	0.00965	0.01148	0.01266	0.17583	0.01076	0.00827	0.02064	0.56568	0.01784	0.01716	0.01657	0.05038	0.00588	0.00454	0.00149	0.00389	0.00499	0.00402	0.00691
3	0.21829	0.00924	0.00943	0.00846	0.02875	0.03939	0.00656	0.02978	0.32276	0.12464	0.03522	0.01529	0.01155	0.00564	0.00414	0.00141	0.00380	0.04058	0.00400	0.08106
4	0.00658	0.00442	0.00505	0.00505	0.00509	0.00445	0.00289	0.00666	0.00662	0.00887	0.01417	0.02908	0.01623	0.80192	0.06155	0.00453	0.00477	0.00651	0.00273	0.00281
5	0.01211	0.84348	0.02374	0.00775	0.01163	0.01793	0.00775	0.01357	0.00921	0.01066	0.00630	0.00727	0.00582	0.00388	0.00291	0.00097	0.00485	0.00242	0.00194	0.00582
6	0.00585	0.00441	0.00541	0.00602	0.00683	0.00401	0.00435	0.00690	0.00930	0.01196	0.02998	0.44738	0.25376	0.05272	0.00650	0.00188	0.00284	0.11196	0.00410	0.02385
7	0.01192	0.71238	0.12089	0.00853	0.01270	0.04667	0.00890	0.01383	0.00939	0.01113	0.00655	0.00758	0.00581	0.00396	0.00312	0.00103	0.00520	0.00255	0.00195	0.00590
8	0.08356	0.00826	0.01052	0.00813	0.01159	0.00762	0.00671	0.09503	0.01337	0.68164	0.01635	0.01439	0.01041	0.00549	0.00442	0.00140	0.00394	0.00435	0.00530	0.00750
9	0.06097	0.02904	0.04812	0.00806	0.01147	0.00712	0.00696	0.01989	0.01236	0.64662	0.06036	0.01679	0.01276	0.00587	0.00452	0.00142	0.00391	0.03149	0.00512	0.00716
10	0.00643	0.00437	0.00561	0.00625	0.00679	0.00413	0.00437	0.00731	0.00880	0.03925	0.02440	0.50027	0.09257	0.15167	0.02182	0.00234	0.00327	0.10262	0.00398	0.00374
11	0.15034	0.02941	0.01069	0.00849	0.01161	0.16826	0.00684	0.06678	0.02634	0.40411	0.03434	0.01260	0.00959	0.00519	0.00413	0.00132	0.00467	0.00387	0.00425	0.03716
12	0.08115	0.15488	0.43193	0.01022	0.01500	0.01086	0.01169	0.05137	0.00995	0.06439	0.01007	0.08054	0.00856	0.03486	0.00477	0.00149	0.00544	0.00416	0.00257	0.00612
13	0.42020	0.11306	0.15012	0.00852	0.01219	0.03065	0.05120	0.04324	0.00961	0.06640	0.05110	0.01007	0.00783	0.00458	0.00356	0.00136	0.00456	0.00327	0.00286	0.00564
14	0.33954	0.13562	0.07502	0.00898	0.01230	0.07308	0.06657	0.08623	0.10259	0.01757	0.00920	0.03882	0.00751	0.00486	0.00370	0.00136	0.00473	0.00360	0.00295	0.00577
15	0.20337	0.06181	0.10961	0.00943	0.01295	0.14087	0.01923	0.22694	0.03511	0.03315	0.02974	0.01076	0.00782	0.00490	0.00394	0.00130	0.00515	0.01678	0.00320	0.06393
16	0.13107	0.12051	0.12241	0.03156	0.03059	0.04309	0.05664	0.06125	0.10924	0.10372	0.07279	0.01306	0.01975	0.00506	0.00409	0.00132	0.00467	0.00404	0.00330	0.06185
17	0.20524	0.14145	0.11730	0.02946	0.07424	0.08636	0.00888	0.10962	0.07380	0.08649	0.00935	0.01002	0.00706	0.00462	0.00381	0.00131	0.00497	0.00336	0.00304	0.01962
18	0.06603	0.21233	0.11592	0.01117	0.09158	0.02451	0.03317	0.12377	0.12711	0.07020	0.04052	0.03074	0.00997	0.00522	0.00412	0.00133	0.00479	0.01783	0.00323	0.00646

[dist]
# distance from previous block
# <min> <max>
7	81

[block]
# block no. 2 follows, 57 sequences, length 10
# corresponding to MSA columns:
# 341-350
name=unknown_C
#
# <colnr> <probs for GDERKNQSTAVLIFYWHMCP>
#	G	D	E	R	K	N	Q	S	T	A	V	L	I	F	Y	W	H	M	C	P
0	0.02835	0.21723	0.12801	0.00889	0.03862	0.07791	0.00800	0.01365	0.01069	0.13777	0.12413	0.07611	0.05907	0.00620	0.00422	0.00129	0.00447	0.00497	0.00332	0.04710
1	0.01008	0.27826	0.20342	0.01094	0.03286	0.01155	0.13781	0.01283	0.00966	0.02845	0.03424	0.10291	0.01011	0.00584	0.01932	0.00139	0.00540	0.00460	0.00249	0.07785
2	0.03345	0.51965	0.16715	0.00869	0.01253	0.06628	0.00893	0.01316	0.00932	0.01161	0.00842	0.07157	0.00804	0.03903	0.00428	0.00129	0.00518	0.00359	0.00219	0.00563
3	0.01142	0.59041	0.12262	0.00861	0.01246	0.05236	0.00878	0.01380	0.03671	0.01188	0.03533	0.01164	0.00863	0.00478	0.00350	0.00114	0.00506	0.05280	0.00229	0.00579
4	0.15338	0.28602	0.17268	0.00875	0.01257	0.03408	0.00877	0.01536	0.06120	0.13388	0.01005	0.04773	0.00809	0.00501	0.00397	0.00130	0.02454	0.00363	0.00291	0.00608
5	0.02893	0.12655	0.05008	0.01009	0.01293	0.42630	0.00833	0.04877	0.04181	0.09227	0.02226	0.01311	0.02456	0.00540	0.00417	0.00126	0.00631	0.05328	0.00297	0.02060
6	0.00614	0.05795	0.00648	0.00612	0.00686	0.00477	0.00437	0.00712	0.00919	0.01203	0.08915	0.53226	0.12922	0.06669	0.00666	0.00189	0.00287	0.04235	0.00403	0.00384
7	0.01190	0.78423	0.08107	0.00813	0.01221	0.01739	0.00840	0.01363	0.00923	0.01093	0.00643	0.00743	0.00581	0.00391	0.00301	0.00100	0.00498	0.00249	0.00194	0.00588
8	0.00553	0.00410	0.00516	0.00594	0.00649	0.00374	0.00406	0.00645	0.00920	0.01202	0.06662	0.64155	0.18576	0.01342	0.00568	0.00176	0.00254	0.01200	0.00424	0.00374
9	0.06677	0.37187	0.42625	0.01026	0.01550	0.01366	0.01214	0.01395	0.00929	0.01317	0.00723	0.00844	0.00572	0.00412	0.00361	0.00123	0.00570	0.00290	0.00198	0.00620

[dist]
# distance from previous block
# <min> <max>
5	9

[block]
# block no. 3 follows, 57 sequences, length 24
# corresponding to MSA columns:
# 360-383
name=unknown_D
#
# <colnr> <probs for GDERKNQSTAVLIFYWHMCP>
#	G	D	E	R	K	N	Q	S	T	A	V	L	I	F	Y	W	H	M	C	P
0	0.01105	0.01056	0.01785	0.05168	0.75278	0.01054	0.01349	0.01372	0.01024	0.01470	0.00849	0.01116	0.00712	0.00402	0.00444	0.00132	0.00531	0.00398	0.00226	0.04529
1	0.01122	0.01077	0.01839	0.02781	0.81248	0.01077	0.01391	0.01391	0.01032	0.01480	0.00852	0.01122	0.00718	0.00404	0.00449	0.00135	0.00538	0.00404	0.00224	0.00718
2	0.02850	0.01017	0.01643	0.06235	0.62735	0.01036	0.01241	0.01461	0.08165	0.03062	0.03871	0.01256	0.00904	0.00446	0.00448	0.00136	0.00503	0.00424	0.00263	0.02304
3	0.01072	0.00746	0.00909	0.00775	0.04345	0.00655	0.00565	0.01369	0.10298	0.13996	0.07998	0.01646	0.01282	0.13204	0.00691	0.00155	0.00360	0.00438	0.00355	0.39140
4	0.00647	0.00437	0.00495	0.00502	0.00509	0.00432	0.00287	0.00657	0.00686	0.00910	0.01614	0.08392	0.04629	0.75557	0.02127	0.00412	0.00420	0.00712	0.00290	0.00285
5	0.01652	0.02019	0.01269	0.01142	0.01384	0.71521	0.00863	0.06289	0.07317	0.01268	0.00809	0.00899	0.00655	0.00483	0.00415	0.00121	0.00764	0.00315	0.00263	0.00554
6	0.00733	0.00476	0.00623	0.00685	0.00760	0.00457	0.00493	0.00903	0.05449	0.07973	0.02367	0.60806	0.02672	0.02973	0.00603	0.00187	0.00301	0.10683	0.00431	0.00426
7	0.02691	0.43163	0.36211	0.01043	0.01549	0.02806	0.04211	0.01401	0.00945	0.01257	0.00721	0.00846	0.00581	0.00408	0.00362	0.00120	0.00578	0.00294	0.00196	0.00618
8	0.00989	0.24034	0.60738	0.01155	0.01750	0.01248	0.01436	0.01414	0.00947	0.01337	0.00765	0.00896	0.00576	0.00419	0.00394	0.00131	0.00621	0.00310	0.00192	0.00646
9	0.03049	0.00453	0.00581	0.00654	0.00701	0.00452	0.00460	0.00691	0.00877	0.01192	0.02531	0.66019	0.10232	0.01323	0.00620	0.00182	0.05041	0.04156	0.00404	0.00382
10	0.01038	0.36649	0.43800	0.01039	0.01575	0.01337	0.01232	0.01385	0.00941	0.01283	0.00736	0.00859	0.00583	0.00407	0.00366	0.00120	0.00573	0.00292	0.00197	0.05589
11	0.14926	0.01133	0.01059	0.00882	0.01171	0.15645	0.00704	0.20593	0.04596	0.24094	0.05066	0.04960	0.01104	0.00584	0.00431	0.00138	0.00471	0.01384	0.00417	0.00642
12	0.01826	0.00890	0.05669	0.00835	0.01181	0.02816	0.00718	0.02082	0.05548	0.65706	0.06534	0.01610	0.01283	0.00576	0.00458	0.00141	0.00401	0.00470	0.00522	0.00735
13	0.00675	0.00462	0.00633	0.00755	0.05320	0.00430	0.00488	0.00779	0.00929	0.05930	0.06287	0.67069	0.05960	0.01276	0.00560	0.00175	0.00282	0.01152	0.00421	0.00415
14	0.03618	0.00955	0.05671	0.03848	0.01256	0.02592	0.03096	0.03470	0.02326	0.03303	0.00849	0.00981	0.00681	0.00368	0.00360	0.00086	0.00396	0.00298	0.00275	0.65573
15	0.08019	0.32949	0.30467	0.01055	0.03572	0.01371	0.02754	0.09657	0.03672	0.01510	0.00796	0.00900	0.00624	0.00430	0.00372	0.00125	0.00545	0.00312	0.00237	0.00634
16	0.11131	0.05166	0.07810	0.00912	0.02608	0.10350	0.00762	0.08045	0.23639	0.09954	0.08545	0.01515	0.02127	0.03520	0.00493	0.00149	0.00448	0.00446	0.00377	0.02002
17	0.13837	0.03318	0.09245	0.04779	0.31794	0.03173	0.01055	0.07274	0.07103	0.06342	0.00948	0.01086	0.00733	0.00442	0.00410	0.00132	0.00491	0.00368	0.00286	0.07183
18	0.09265	0.11043	0.14927	0.01313	0.16479	0.06718	0.04043	0.09638	0.05876	0.03294	0.00987	0.01098	0.02796	0.00454	0.00403	0.00126	0.00515	0.00363	0.00277	0.10384
19	0.04601	0.15136	0.42980	0.01235	0.08016	0.07324	0.01273	0.01550	0.04477	0.08048	0.00897	0.00994	0.00665	0.00443	0.00405	0.00133	0.00591	0.00336	0.00244	0.00652
20	0.14629	0.19934	0.23780	0.03121	0.04467	0.02160	0.00976	0.06738	0.02979	0.01546	0.04031	0.02623	0.04308	0.00523	0.00393	0.00132	0.00490	0.03207	0.00269	0.03694
21	0.11245	0.02399	0.13856	0.03096	0.05585	0.13414	0.00831	0.04308	0.04541	0.06902	0.17785	0.03397	0.03851	0.00594	0.00435	0.00134	0.00465	0.00476	0.00337	0.06350
22	0.03084	0.03695	0.12658	0.03985	0.03045	0.09139	0.00816	0.04900	0.04222	0.14645	0.13254	0.04229	0.02939	0.00608	0.00445	0.00132	0.00450	0.04003	0.00361	0.13390
23	0.09671	0.12840	0.30707	0.00996	0.01439	0.03588	0.04509	0.04680	0.01029	0.11522	0.02466	0.02721	0.00824	0.04560	0.00495	0.00146	0.00528	0.00378	0.00280	0.06625

[dist]
# distance from previous block
# <min> <max>
4	25

[block]
# block no. 4 follows, 57 sequences, length 9
# corresponding to MSA columns:
# 411-419
name=unknown_E
#
# <colnr> <probs for GDERKNQSTAVLIFYWHMCP>
#	G	D	E	R	K	N	Q	S	T	A	V	L	I	F	Y	W	H	M	C	P
0	0.08629	0.12524	0.12692	0.00770	0.01041	0.00847	0.00718	0.01271	0.08905	0.06211	0.25212	0.08052	0.03238	0.02061	0.00483	0.00147	0.00374	0.04374	0.00374	0.02078
1	0.11518	0.26475	0.25777	0.00856	0.01238	0.01097	0.00919	0.01211	0.00956	0.01395	0.09003	0.07440	0.07558	0.00611	0.00403	0.00134	0.00460	0.02130	0.00273	0.00547
2	0.01135	0.58379	0.10556	0.00850	0.01217	0.04729	0.00854	0.03414	0.00978	0.01184	0.00917	0.05950	0.00891	0.00530	0.00359	0.00118	0.00500	0.06640	0.00233	0.00568
3	0.01357	0.44667	0.09241	0.00916	0.01290	0.14765	0.00865	0.05868	0.07397	0.08461	0.00883	0.00932	0.00703	0.00447	0.00360	0.00115	0.00538	0.00309	0.00268	0.00618
4	0.00683	0.06107	0.11224	0.00656	0.00809	0.00588	0.00557	0.00811	0.00842	0.01106	0.02137	0.19466	0.16862	0.29514	0.04385	0.00277	0.00426	0.02835	0.00319	0.00395
5	0.01236	0.68652	0.04870	0.00836	0.01211	0.08473	0.00810	0.01473	0.06696	0.01142	0.00730	0.00812	0.00639	0.00412	0.00318	0.00104	0.00510	0.00269	0.00216	0.00590
6	0.00640	0.07913	0.00705	0.00635	0.00702	0.00521	0.00455	0.00730	0.00868	0.01141	0.04159	0.54549	0.04742	0.12123	0.02756	0.00222	0.00337	0.06041	0.00379	0.00381
7	0.01227	0.41754	0.13496	0.01166	0.11149	0.10755	0.00991	0.04944	0.08136	0.01328	0.00820	0.00921	0.00677	0.00432	0.00366	0.00117	0.00545	0.00313	0.00237	0.00625
8	0.00628	0.00462	0.00589	0.00658	0.00740	0.00437	0.00509	0.00761	0.00962	0.01242	0.05321	0.27973	0.18816	0.08667	0.00740	0.00208	0.00328	0.30165	0.00409	0.00383

[dist]
# distance from previous block
# <min> <max>
0	1

[block]
# block no. 5 follows, 57 sequences, length 8
# corresponding to MSA columns:
# 421-428
name=unknown_F
#
# <colnr> <probs for GDERKNQSTAVLIFYWHMCP>
#	G	D	E	R	K	N	Q	S	T	A	V	L	I	F	Y	W	H	M	C	P
0	0.01220	0.73766	0.07744	0.00834	0.01232	0.06603	0.00843	0.01390	0.00945	0.01094	0.00647	0.00748	0.00581	0.00395	0.00307	0.00101	0.00517	0.00252	0.00196	0.00584
1	0.00647	0.00434	0.00498	0.00509	0.00512	0.00432	0.00291	0.00656	0.00682	0.00909	0.01545	0.11809	0.01795	0.75030	0.02117	0.00411	0.00420	0.00728	0.00291	0.00285
2	0.14398	0.01177	0.01218	0.00962	0.01301	0.01316	0.00790	0.59263	0.10834	0.02624	0.01106	0.01104	0.00799	0.00534	0.00428	0.00139	0.00461	0.00396	0.00428	0.00723
3	0.06961	0.01038	0.01676	0.04022	0.40683	0.05093	0.15986	0.01330	0.01045	0.01488	0.05199	0.01713	0.01106	0.00537	0.00478	0.00147	0.00552	0.10064	0.00267	0.00615
4	0.01256	0.06013	0.03574	0.01208	0.15025	0.03774	0.00851	0.06548	0.22838	0.14989	0.01506	0.05000	0.01248	0.00628	0.00461	0.00145	0.00437	0.08968	0.00388	0.05144
5	0.01052	0.00993	0.01655	0.08645	0.64997	0.01012	0.01269	0.01349	0.04292	0.01445	0.01032	0.08303	0.00934	0.00504	0.00461	0.00141	0.00512	0.00485	0.00249	0.00671
6	0.01122	0.01077	0.01839	0.02781	0.81248	0.01077	0.01391	0.01391	0.01032	0.01480	0.00852	0.01122	0.00718	0.00404	0.00449	0.00135	0.00538	0.00404	0.00224	0.00718
7	0.01100	0.01055	0.01801	0.09201	0.74995	0.01071	0.01380	0.01372	0.01022	0.01455	0.00849	0.01128	0.00709	0.00408	0.00449	0.00136	0.00544	0.00404	0.00222	0.00701

[dist]
# distance from previous block
# <min> <max>
1	4

[block]
# block no. 6 follows, 57 sequences, length 14
# corresponding to MSA columns:
# 433-446
name=unknown_G
#
# <colnr> <probs for GDERKNQSTAVLIFYWHMCP>
#	G	D	E	R	K	N	Q	S	T	A	V	L	I	F	Y	W	H	M	C	P
0	0.01092	0.01056	0.01829	0.10943	0.69622	0.01073	0.04983	0.01370	0.01021	0.01446	0.00851	0.01135	0.00705	0.00408	0.00453	0.00137	0.00555	0.00410	0.00222	0.00691
1	0.01119	0.04321	0.01814	0.04449	0.72914	0.01105	0.01335	0.01428	0.04421	0.01475	0.00885	0.01132	0.00738	0.00413	0.00443	0.00134	0.00530	0.00402	0.00233	0.00708
2	0.01239	0.01110	0.01714	0.02459	0.67220	0.05860	0.01277	0.01515	0.03022	0.08787	0.00953	0.01156	0.00763	0.00427	0.00447	0.00135	0.00537	0.00405	0.00261	0.00711
3	0.01306	0.43651	0.09484	0.00939	0.01287	0.28922	0.00870	0.01476	0.01054	0.01125	0.00907	0.00995	0.05360	0.00464	0.00359	0.00111	0.00600	0.00310	0.00221	0.00559
4	0.00563	0.00415	0.00515	0.00582	0.00636	0.00380	0.00394	0.00650	0.00908	0.01187	0.07478	0.56619	0.18576	0.08003	0.00707	0.00196	0.00268	0.01143	0.00414	0.00367
5	0.04837	0.62117	0.10297	0.00851	0.01251	0.03937	0.00859	0.04979	0.04977	0.01269	0.00733	0.00818	0.00626	0.00414	0.00324	0.00109	0.00502	0.00274	0.00224	0.00601
6	0.00959	0.09302	0.62970	0.01187	0.01755	0.05893	0.01449	0.01397	0.00964	0.01365	0.02360	0.01031	0.00685	0.00641	0.05996	0.00178	0.00691	0.00344	0.00203	0.00631
7	0.00639	0.00459	0.00578	0.00643	0.00694	0.00445	0.00437	0.06024	0.00943	0.01253	0.02387	0.69435	0.05237	0.07665	0.00700	0.00199	0.00291	0.01170	0.00412	0.00389
8	0.04360	0.00483	0.00584	0.00587	0.00697	0.00453	0.00440	0.00832	0.01081	0.03466	0.35096	0.14791	0.18639	0.07216	0.00669	0.00179	0.00273	0.09306	0.00439	0.00409
9	0.02624	0.04628	0.06708	0.00791	0.01106	0.00739	0.00684	0.04264	0.04293	0.47570	0.06691	0.04230	0.04351	0.06299	0.00579	0.00159	0.00394	0.00511	0.00467	0.02912
10	0.00992	0.17007	0.52483	0.01208	0.03387	0.01141	0.06672	0.01403	0.00991	0.03620	0.06279	0.01118	0.00853	0.00456	0.00420	0.00135	0.00601	0.00369	0.00226	0.00637
11	0.01196	0.24687	0.29290	0.02922	0.10597	0.06748	0.03384	0.01531	0.03296	0.09833	0.01977	0.01031	0.00728	0.00443	0.00401	0.00128	0.00570	0.00345	0.00251	0.00645
12	0.02487	0.33384	0.26148	0.02161	0.05754	0.01254	0.01056	0.01403	0.06241	0.03579	0.01051	0.05559	0.00940	0.00545	0.00401	0.00133	0.00515	0.06532	0.00254	0.00604
13	0.02962	0.06596	0.22931	0.07151	0.15525	0.04705	0.02725	0.05348	0.07159	0.05221	0.10857	0.01973	0.01562	0.00839	0.01679	0.00227	0.00678	0.00574	0.00440	0.00850

[dist]
# distance from previous block
# <min> <max>
4	27

[block]
# block no. 7 follows, 57 sequences, length 84
# corresponding to MSA columns:
# 485-568
name=unknown_H
#
# <colnr> <probs for GDERKNQSTAVLIFYWHMCP>
#	G	D	E	R	K	N	Q	S	T	A	V	L	I	F	Y	W	H	M	C	P
0	0.02460	0.36546	0.36403	0.01017	0.01503	0.05204	0.01152	0.03137	0.03425	0.01332	0.03477	0.00958	0.00731	0.00439	0.00373	0.00123	0.00565	0.00316	0.00220	0.00619
1	0.01289	0.10497	0.22209	0.01113	0.01493	0.26778	0.05049	0.12684	0.02551	0.01519	0.05726	0.03881	0.00932	0.00516	0.00428	0.00130	0.00626	0.00396	0.00276	0.01908
2	0.02794	0.01073	0.03546	0.01025	0.01312	0.01143	0.06499	0.29185	0.13034	0.05498	0.03372	0.01313	0.02676	0.00582	0.00618	0.00144	0.14240	0.00437	0.02198	0.09310
3	0.11722	0.04090	0.01144	0.00901	0.01190	0.02479	0.02432	0.31733	0.21585	0.03991	0.05600	0.03004	0.05635	0.00611	0.00457	0.00143	0.01733	0.00479	0.00415	0.00657
4	0.01113	0.08689	0.03533	0.00967	0.01242	0.01012	0.10266	0.17673	0.18610	0.04313	0.04624	0.19340	0.03355	0.00737	0.00479	0.00148	0.00428	0.00647	0.00390	0.02434
5	0.00787	0.00394	0.00590	0.00590	0.00590	0.00394	0.00394	0.00590	0.00590	0.00787	0.00787	0.01377	0.00787	0.01574	0.01771	0.86816	0.00394	0.00394	0.00197	0.00197
6	0.02918	0.00607	0.00780	0.00691	0.00857	0.00584	0.01735	0.04957	0.02352	0.19781	0.29337	0.07852	0.05934	0.12036	0.00771	0.00190	0.01929	0.05731	0.00452	0.00505
7	0.76752	0.00895	0.00730	0.00637	0.00925	0.01025	0.00524	0.05718	0.02700	0.05647	0.00736	0.00814	0.00555	0.00438	0.00302	0.00140	0.00360	0.00270	0.00307	0.00524
8	0.01622	0.01222	0.01354	0.01048	0.01398	0.01348	0.03358	0.68305	0.09235	0.02699	0.03033	0.01201	0.00906	0.00554	0.00459	0.00138	0.00488	0.00431	0.00448	0.00753
9	0.01211	0.84348	0.02374	0.00775	0.01163	0.01793	0.00775	0.01357	0.00921	0.01066	0.00630	0.00727	0.00582	0.00388	0.00291	0.00097	0.00485	0.00242	0.00194	0.00582
10	0.00860	0.00811	0.01360	0.80704	0.03067	0.01017	0.01251	0.01156	0.00900	0.01156	0.00800	0.01202	0.00604	0.00463	0.00482	0.00152	0.02910	0.00403	0.00201	0.00503
11	0.01211	0.84348	0.02374	0.00775	0.01163	0.01793	0.00775	0.01357	0.00921	0.01066	0.00630	0.00727	0.00582	0.00388	0.00291	0.00097	0.00485	0.00242	0.00194	0.00582
12	0.00647	0.00485	0.00728	0.00728	0.00809	0.00566	0.00566	0.00809	0.00728	0.01052	0.01214	0.01780	0.01133	0.03398	0.82279	0.00728	0.01214	0.00485	0.00243	0.00405
13	0.01144	0.00982	0.01034	0.00926	0.01185	0.01135	0.00721	0.04565	0.78245	0.01922	0.01823	0.01674	0.01366	0.00613	0.00461	0.00153	0.00363	0.00509	0.00461	0.00719
14	0.00647	0.00485	0.00728	0.00728	0.00809	0.00566	0.00566	0.00809	0.00728	0.01052	0.01214	0.01780	0.01133	0.03398	0.82279	0.00728	0.01214	0.00485	0.00243	0.00405
15	0.01179	0.75431	0.11003	0.00831	0.01250	0.01712	0.00873	0.01365	0.00925	0.01106	0.00650	0.00752	0.00581	0.00392	0.00306	0.00102	0.00505	0.00252	0.00194	0.00591
16	0.00909	0.02344	0.81727	0.01292	0.01961	0.01052	0.01674	0.01435	0.00957	0.01435	0.00813	0.00957	0.00574	0.00431	0.00431	0.00144	0.00670	0.00335	0.00191	0.00670
17	0.00552	0.00394	0.00526	0.00631	0.00657	0.00368	0.00421	0.00631	0.00868	0.01157	0.02498	0.83779	0.02997	0.01420	0.00578	0.00184	0.00263	0.01288	0.00421	0.00368
18	0.00552	0.00396	0.00524	0.00626	0.00656	0.00368	0.00418	0.00632	0.00873	0.01159	0.02562	0.81347	0.05388	0.01411	0.00577	0.00183	0.00262	0.01278	0.00421	0.00368
19	0.01156	0.04117	0.13574	0.01267	0.14358	0.19292	0.02612	0.02871	0.09480	0.05176	0.14389	0.04084	0.03326	0.01745	0.00481	0.00141	0.00527	0.00492	0.00322	0.00591
20	0.00856	0.00805	0.01359	0.82986	0.03121	0.01007	0.01258	0.01158	0.00906	0.01158	0.00805	0.01208	0.00604	0.00453	0.00453	0.00151	0.00604	0.00403	0.00201	0.00503
21	0.00786	0.00495	0.00652	0.00595	0.00727	0.00452	0.00452	0.00996	0.01284	0.10103	0.72778	0.03193	0.03948	0.00888	0.00526	0.00142	0.00232	0.00782	0.00505	0.00463
22	0.00659	0.00439	0.00494	0.00494	0.00494	0.00439	0.00275	0.00659	0.00659	0.00879	0.01428	0.02965	0.01647	0.84075	0.02306	0.00439	0.00439	0.00659	0.00275	0.00275
23	0.01219	0.23409	0.36028	0.01114	0.01574	0.24784	0.01188	0.01546	0.02926	0.01256	0.00758	0.00874	0.00598	0.00434	0.00389	0.00124	0.00657	0.00303	0.00211	0.00606
24	0.00536	0.00459	0.00459	0.00459	0.00612	0.00383	0.00344	0.00650	0.01033	0.01224	0.04590	0.04361	0.81065	0.01148	0.00536	0.00153	0.00230	0.00956	0.00421	0.00383
25	0.00686	0.00506	0.00670	0.00753	0.00865	0.00490	0.00644	0.00873	0.01037	0.01324	0.02849	0.06823	0.18650	0.01234	0.00606	0.00197	0.00375	0.60590	0.00418	0.00409
26	0.00810	0.00739	0.01213	0.60416	0.06428	0.00888	0.01088	0.01060	0.00900	0.01172	0.01149	0.18073	0.01098	0.00656	0.00501	0.00158	0.02334	0.00584	0.00247	0.00486
27	0.01050	0.40704	0.44607	0.01050	0.01588	0.01399	0.01254	0.01398	0.00940	0.01262	0.00727	0.00849	0.00578	0.00410	0.00365	0.00122	0.00583	0.00292	0.00193	0.00628
28	0.01122	0.01077	0.01839	0.02781	0.81248	0.01077	0.01391	0.01391	0.01032	0.01480	0.00852	0.01122	0.00718	0.00404	0.00449	0.00135	0.00538	0.00404	0.00224	0.00718
29	0.01693	0.02160	0.01284	0.01167	0.01401	0.82256	0.00876	0.01809	0.01284	0.01109	0.00700	0.00817	0.00584	0.00467	0.00409	0.00117	0.00817	0.00292	0.00233	0.00525
30	0.00940	0.00805	0.00940	0.00671	0.01074	0.00604	0.00537	0.01141	0.00940	0.01477	0.00805	0.00940	0.00671	0.00336	0.00336	0.00067	0.00336	0.00268	0.00268	0.86845
31	0.02899	0.64112	0.08115	0.00851	0.01254	0.01664	0.00850	0.13181	0.01103	0.01382	0.00713	0.00799	0.00608	0.00415	0.00326	0.00107	0.00498	0.00274	0.00234	0.00615
32	0.00730	0.00522	0.00730	0.00835	0.00939	0.00522	0.00730	0.00939	0.01043	0.01356	0.02399	0.05111	0.02608	0.01252	0.00626	0.00209	0.00417	0.78199	0.00417	0.00417
33	0.01070	0.00558	0.00743	0.00643	0.00825	0.00501	0.00501	0.01272	0.01287	0.26400	0.56588	0.02817	0.03303	0.00814	0.00510	0.00142	0.00267	0.00707	0.00518	0.00533
34	0.06487	0.00861	0.01084	0.00835	0.01184	0.00810	0.00690	0.15324	0.01411	0.63996	0.01608	0.01423	0.01029	0.00551	0.00446	0.00139	0.00403	0.00436	0.00528	0.00756
35	0.87276	0.00876	0.00666	0.00596	0.00876	0.01017	0.00491	0.01332	0.00771	0.02033	0.00631	0.00736	0.00491	0.00421	0.00280	0.00140	0.00351	0.00245	0.00280	0.00491
36	0.01067	0.01021	0.01741	0.19172	0.65282	0.01062	0.01364	0.01343	0.01006	0.01414	0.00843	0.01139	0.00695	0.00414	0.00450	0.00138	0.00552	0.00404	0.00220	0.00674
37	0.01122	0.01077	0.01839	0.02781	0.81248	0.01077	0.01391	0.01391	0.01032	0.01480	0.00852	0.01122	0.00718	0.00404	0.00449	0.00135	0.00538	0.00404	0.00224	0.00718
38	0.01043	0.01137	0.02319	0.01657	0.02104	0.01035	0.63445	0.01388	0.01043	0.01457	0.00894	0.01165	0.00684	0.00372	0.00494	0.00135	0.00676	0.00480	0.00237	0.18234
39	0.01122	0.01077	0.01839	0.02781	0.81248	0.01077	0.01391	0.01391	0.01032	0.01480	0.00852	0.01122	0.00718	0.00404	0.00449	0.00135	0.00538	0.00404	0.00224	0.00718
40	0.00659	0.00439	0.00494	0.00494	0.00494	0.00439	0.00275	0.00659	0.00659	0.00879	0.01428	0.02965	0.01647	0.84075	0.02306	0.00439	0.00439	0.00659	0.00275	0.00275
41	0.00625	0.00464	0.00584	0.00557	0.00672	0.00422	0.00420	0.00822	0.01235	0.01706	0.66208	0.03591	0.17283	0.00971	0.00537	0.00146	0.00221	0.02632	0.00484	0.00420
42	0.00728	0.00520	0.00727	0.00828	0.00933	0.00519	0.00723	0.00937	0.01049	0.01367	0.04250	0.05071	0.02647	0.01244	0.00624	0.00207	0.00412	0.76377	0.00419	0.00417
43	0.00862	0.00811	0.01370	0.81241	0.04821	0.01008	0.01261	0.01163	0.00909	0.01165	0.00806	0.01206	0.00607	0.00452	0.00453	0.00151	0.00603	0.00403	0.00202	0.00508
44	0.00940	0.00805	0.00940	0.00671	0.01074	0.00604	0.00537	0.01141	0.00940	0.01477	0.00805	0.00940	0.00671	0.00336	0.00336	0.00067	0.00336	0.00268	0.00268	0.86845
45	0.00940	0.00805	0.00940	0.00671	0.01074	0.00604	0.00537	0.01141	0.00940	0.01477	0.00805	0.00940	0.00671	0.00336	0.00336	0.00067	0.00336	0.00268	0.00268	0.86845
46	0.01070	0.01222	0.02674	0.01910	0.02368	0.01146	0.79603	0.01451	0.01070	0.01451	0.00917	0.01222	0.00688	0.00382	0.00535	0.00153	0.00764	0.00535	0.00229	0.00611
47	0.00641	0.00463	0.00606	0.00570	0.00677	0.00428	0.00428	0.00855	0.01283	0.01817	0.81009	0.03385	0.04276	0.00926	0.00534	0.00143	0.00214	0.00819	0.00499	0.00428
48	0.00623	0.00449	0.00589	0.00583	0.00673	0.00415	0.00426	0.00809	0.01198	0.01682	0.64965	0.19814	0.04014	0.01027	0.00543	0.00151	0.00224	0.00915	0.00483	0.00415
49	0.00877	0.00827	0.01398	0.76495	0.09444	0.01012	0.01269	0.01177	0.00916	0.01184	0.00809	0.01201	0.00613	0.00449	0.00453	0.00150	0.00599	0.00403	0.00203	0.00521
50	0.00557	0.00460	0.00489	0.00482	0.00625	0.00392	0.00361	0.00692	0.01084	0.01345	0.20207	0.04161	0.65372	0.01102	0.00535	0.00151	0.00226	0.00928	0.00437	0.00392
51	0.87276	0.00876	0.00666	0.00596	0.00876	0.01017	0.00491	0.01332	0.00771	0.02033	0.00631	0.00736	0.00491	0.00421	0.00280	0.00140	0.00351	0.00245	0.00280	0.00491
52	0.01200	0.00957	0.01027	0.00913	0.01177	0.01090	0.00713	0.02392	0.74025	0.08343	0.01840	0.01679	0.01362	0.00610	0.00461	0.00153	0.00361	0.00508	0.00469	0.00722
53	0.01122	0.01077	0.01839	0.02781	0.81248	0.01077	0.01391	0.01391	0.01032	0.01480	0.00852	0.01122	0.00718	0.00404	0.00449	0.00135	0.00538	0.00404	0.00224	0.00718
54	0.01122	0.01077	0.01839	0.02781	0.81248	0.01077	0.01391	0.01391	0.01032	0.01480	0.00852	0.01122	0.00718	0.00404	0.00449	0.00135	0.00538	0.00404	0.00224	0.00718
55	0.01151	0.00985	0.01038	0.00927	0.01187	0.01138	0.00723	0.05458	0.77342	0.01933	0.01814	0.01667	0.01359	0.00612	0.00461	0.00153	0.00364	0.00508	0.00461	0.00719
56	0.01723	0.01269	0.01360	0.01043	0.01405	0.01405	0.00861	0.79738	0.02131	0.02856	0.01088	0.01088	0.00771	0.00544	0.00453	0.00136	0.00499	0.00408	0.00453	0.00771
57	0.00659	0.00439	0.00494	0.00494	0.00494	0.00439	0.00275	0.00659	0.00659	0.00879	0.01428	0.02965	0.01647	0.84075	0.02306	0.00439	0.00439	0.00659	0.00275	0.00275
58	0.02018	0.00796	0.01067	0.00818	0.01169	0.00702	0.00676	0.06032	0.01338	0.77681	0.01753	0.01520	0.01104	0.00560	0.00456	0.00140	0.00391	0.00453	0.00556	0.00771
59	0.01693	0.02160	0.01284	0.01167	0.01401	0.82256	0.00876	0.01809	0.01284	0.01109	0.00700	0.00817	0.00584	0.00467	0.00409	0.00117	0.00817	0.00292	0.00233	0.00525
60	0.00659	0.00439	0.00494	0.00494	0.00494	0.00439	0.00275	0.00659	0.00659	0.00879	0.01428	0.02965	0.01647	0.84075	0.02306	0.00439	0.00439	0.00659	0.00275	0.00275
61	0.01104	0.00938	0.02461	0.00915	0.01163	0.01040	0.00735	0.02209	0.67121	0.04263	0.01890	0.02079	0.01506	0.00685	0.00480	0.00160	0.00372	0.09742	0.00454	0.00682
62	0.00959	0.16041	0.68473	0.01205	0.01828	0.01176	0.01524	0.01422	0.00951	0.01373	0.00783	0.00918	0.00575	0.00423	0.00407	0.00136	0.00639	0.00319	0.00192	0.00655
63	0.00539	0.00459	0.00464	0.00462	0.00614	0.00384	0.00347	0.00657	0.01040	0.01242	0.06931	0.04331	0.78713	0.01141	0.00536	0.00153	0.00229	0.00952	0.00423	0.00384
64	0.00986	0.00464	0.00497	0.00468	0.00603	0.00451	0.00358	0.01193	0.00991	0.11184	0.01515	0.01672	0.01157	0.00532	0.00333	0.00110	0.00232	0.00426	0.76365	0.00464
65	0.01110	0.01065	0.01819	0.06172	0.77946	0.01074	0.01385	0.01381	0.01026	0.01467	0.00850	0.01125	0.00713	0.00406	0.00449	0.00135	0.00541	0.00404	0.00223	0.00709
66	0.01080	0.00919	0.00989	0.00912	0.01150	0.01055	0.00719	0.02233	0.70957	0.01831	0.01911	0.02099	0.01529	0.00691	0.00481	0.00160	0.00366	0.09782	0.00456	0.00681
67	0.00552	0.00394	0.00526	0.00631	0.00657	0.00368	0.00421	0.00631	0.00868	0.01157	0.02498	0.83779	0.02997	0.01420	0.00578	0.00184	0.00263	0.01288	0.00421	0.00368
68	0.00991	0.00991	0.01388	0.01190	0.01190	0.01388	0.00991	0.01091	0.00694	0.01091	0.00595	0.00991	0.00595	0.00793	0.01487	0.00198	0.83246	0.00397	0.00198	0.00496
69	0.00856	0.00805	0.01359	0.82986	0.03121	0.01007	0.01258	0.01158	0.00906	0.01158	0.00805	0.01208	0.00604	0.00453	0.00453	0.00151	0.00604	0.00403	0.00201	0.00503
70	0.00985	0.01080	0.02300	0.01691	0.02076	0.01014	0.65505	0.01319	0.01041	0.01408	0.01194	0.12387	0.01082	0.00559	0.00545	0.00159	0.00682	0.04138	0.00263	0.00570
71	0.01012	0.00826	0.01035	0.00746	0.01141	0.00646	0.04249	0.01218	0.00963	0.06226	0.00865	0.00990	0.00697	0.00359	0.00371	0.00078	0.01738	0.00294	0.00283	0.76264
72	0.01122	0.01077	0.01839	0.02781	0.81248	0.01077	0.01391	0.01391	0.01032	0.01480	0.00852	0.01122	0.00718	0.00404	0.00449	0.00135	0.00538	0.00404	0.00224	0.00718
73	0.00991	0.00991	0.01388	0.01190	0.01190	0.01388	0.00991	0.01091	0.00694	0.01091	0.00595	0.00991	0.00595	0.00793	0.01487	0.00198	0.83246	0.00397	0.00198	0.00496
74	0.00555	0.00396	0.00528	0.00629	0.00658	0.00370	0.00421	0.00637	0.00879	0.01175	0.04654	0.81571	0.03032	0.01406	0.00577	0.00183	0.00262	0.01275	0.00423	0.00370
75	0.00552	0.00394	0.00526	0.00631	0.00657	0.00368	0.00421	0.00631	0.00868	0.01157	0.02498	0.83779	0.02997	0.01420	0.00578	0.00184	0.00263	0.01288	0.00421	0.00368
76	0.01211	0.84348	0.02374	0.00775	0.01163	0.01793	0.00775	0.01357	0.00921	0.01066	0.00630	0.00727	0.00582	0.00388	0.00291	0.00097	0.00485	0.00242	0.00194	0.00582
77	0.00659	0.00439	0.00494	0.00494	0.00494	0.00439	0.00275	0.00659	0.00659	0.00879	0.01428	0.02965	0.01647	0.84075	0.02306	0.00439	0.00439	0.00659	0.00275	0.00275
78	0.00552	0.00394	0.00526	0.00631	0.00657	0.00368	0.00421	0.00631	0.00868	0.01157	0.02498	0.83779	0.02997	0.01420	0.00578	0.00184	0.00263	0.01288	0.00421	0.00368
79	0.00552	0.00394	0.00526	0.00631	0.00657	0.00368	0.00421	0.00631	0.00868	0.01157	0.02498	0.83779	0.02997	0.01420	0.00578	0.00184	0.00263	0.01288	0.00421	0.00368
80	0.02033	0.00771	0.01052	0.00806	0.01157	0.00666	0.00666	0.02208	0.01297	0.81562	0.01788	0.01542	0.01122	0.00561	0.00456	0.00140	0.00386	0.00456	0.00561	0.00771
81	0.00909	0.02344	0.81727	0.01292	0.01961	0.01052	0.01674	0.01435	0.00957	0.01435	0.00813	0.00957	0.00574	0.00431	0.00431	0.00144	0.00670	0.00335	0.00191	0.00670
82	0.00552	0.00394	0.00526	0.00631	0.00657	0.00368	0.00421	0.00631	0.00868	0.01157	0.02498	0.83779	0.02997	0.01420	0.00578	0.00184	0.00263	0.01288	0.00421	0.00368
83	0.86172	0.00938	0.00732	0.00659	0.00944	0.01064	0.00531	0.01393	0.00831	0.02108	0.00723	0.00863	0.00578	0.00480	0.00321	0.00157	0.00382	0.00276	0.00311	0.00538

[dist]
# distance from previous block
# <min> <max>
0	2

[block]
# block no. 8 follows, 57 sequences, length 86
# corresponding to MSA columns:
# 571-650,658-663
name=unknown_I
#
# <colnr> <probs for GDERKNQSTAVLIFYWHMCP>
#	G	D	E	R	K	N	Q	S	T	A	V	L	I	F	Y	W	H	M	C	P
0	0.87276	0.00876	0.00666	0.00596	0.00876	0.01017	0.00491	0.01332	0.00771	0.02033	0.00631	0.00736	0.00491	0.00421	0.00280	0.00140	0.00351	0.00245	0.00280	0.00491
1	0.01723	0.01269	0.01360	0.01043	0.01405	0.01405	0.00861	0.79738	0.02131	0.02856	0.01088	0.01088	0.00771	0.00544	0.00453	0.00136	0.00499	0.00408	0.00453	0.00771
2	0.00654	0.00471	0.00623	0.00607	0.00713	0.00441	0.00470	0.00867	0.01249	0.01753	0.70096	0.03625	0.04044	0.00972	0.00547	0.00152	0.00242	0.11562	0.00487	0.00426
3	0.01211	0.84348	0.02374	0.00775	0.01163	0.01793	0.00775	0.01357	0.00921	0.01066	0.00630	0.00727	0.00582	0.00388	0.00291	0.00097	0.00485	0.00242	0.00194	0.00582
4	0.87276	0.00876	0.00666	0.00596	0.00876	0.01017	0.00491	0.01332	0.00771	0.02033	0.00631	0.00736	0.00491	0.00421	0.00280	0.00140	0.00351	0.00245	0.00280	0.00491
5	0.01693	0.02160	0.01284	0.01167	0.01401	0.82256	0.00876	0.01809	0.01284	0.01109	0.00700	0.00817	0.00584	0.00467	0.00409	0.00117	0.00817	0.00292	0.00233	0.00525
6	0.01619	0.01376	0.01526	0.01179	0.01529	0.12990	0.11794	0.54693	0.01818	0.03852	0.01012	0.01074	0.00735	0.00515	0.00478	0.00137	0.02165	0.00410	0.00388	0.00708
7	0.01070	0.01222	0.02674	0.01910	0.02368	0.01146	0.79603	0.01451	0.01070	0.01451	0.00917	0.01222	0.00688	0.00382	0.00535	0.00153	0.00764	0.00535	0.00229	0.00611
8	0.00552	0.00394	0.00526	0.00631	0.00657	0.00368	0.00421	0.00631	0.00868	0.01157	0.02498	0.83779	0.02997	0.01420	0.00578	0.00184	0.00263	0.01288	0.00421	0.00368
9	0.00536	0.00459	0.00459	0.00459	0.00612	0.00383	0.00344	0.00650	0.01033	0.01224	0.04590	0.04361	0.81065	0.01148	0.00536	0.00153	0.00230	0.00956	0.00421	0.00383
10	0.00536	0.00459	0.00459	0.00459	0.00612	0.00383	0.00344	0.00650	0.01033	0.01224	0.04590	0.04361	0.81065	0.01148	0.00536	0.00153	0.00230	0.00956	0.00421	0.00383
11	0.01122	0.01077	0.01839	0.02781	0.81248	0.01077	0.01391	0.01391	0.01032	0.01480	0.00852	0.01122	0.00718	0.00404	0.00449	0.00135	0.00538	0.00404	0.00224	0.00718
12	0.87276	0.00876	0.00666	0.00596	0.00876	0.01017	0.00491	0.01332	0.00771	0.02033	0.00631	0.00736	0.00491	0.00421	0.00280	0.00140	0.00351	0.00245	0.00280	0.00491
13	0.00856	0.00805	0.01359	0.82986	0.03121	0.01007	0.01258	0.01158	0.00906	0.01158	0.00805	0.01208	0.00604	0.00453	0.00453	0.00151	0.00604	0.00403	0.00201	0.00503
14	0.00659	0.00439	0.00494	0.00494	0.00494	0.00439	0.00275	0.00659	0.00659	0.00879	0.01428	0.02965	0.01647	0.84075	0.02306	0.00439	0.00439	0.00659	0.00275	0.00275
15	0.01070	0.01222	0.02674	0.01910	0.02368	0.01146	0.79603	0.01451	0.01070	0.01451	0.00917	0.01222	0.00688	0.00382	0.00535	0.00153	0.00764	0.00535	0.00229	0.00611
16	0.01062	0.01151	0.02345	0.01677	0.02124	0.01058	0.64210	0.03151	0.01071	0.01487	0.00901	0.01171	0.00687	0.00378	0.00499	0.00138	0.00684	0.00486	0.00241	0.15480
17	0.01122	0.01077	0.01839	0.02781	0.81248	0.01077	0.01391	0.01391	0.01032	0.01480	0.00852	0.01122	0.00718	0.00404	0.00449	0.00135	0.00538	0.00404	0.00224	0.00718
18	0.01070	0.01222	0.02674	0.01910	0.02368	0.01146	0.79603	0.01451	0.01070	0.01451	0.00917	0.01222	0.00688	0.00382	0.00535	0.00153	0.00764	0.00535	0.00229	0.00611
19	0.00536	0.00459	0.00459	0.00459	0.00612	0.00383	0.00344	0.00650	0.01033	0.01224	0.04590	0.04361	0.81065	0.01148	0.00536	0.00153	0.00230	0.00956	0.00421	0.00383
20	0.00909	0.02344	0.81727	0.01292	0.01961	0.01052	0.01674	0.01435	0.00957	0.01435	0.00813	0.00957	0.00574	0.00431	0.00431	0.00144	0.00670	0.00335	0.00191	0.00670
21	0.01693	0.02160	0.01284	0.01167	0.01401	0.82256	0.00876	0.01809	0.01284	0.01109	0.00700	0.00817	0.00584	0.00467	0.00409	0.00117	0.00817	0.00292	0.00233	0.00525
22	0.00641	0.00463	0.00606	0.00570	0.00677	0.00428	0.00428	0.00855	0.01283	0.01817	0.81009	0.03385	0.04276	0.00926	0.00534	0.00143	0.00214	0.00819	0.00499	0.00428
23	0.00552	0.00394	0.00526	0.00631	0.00657	0.00368	0.00421	0.00631	0.00868	0.01157	0.02498	0.83779	0.02997	0.01420	0.00578	0.00184	0.00263	0.01288	0.00421	0.00368
24	0.00856	0.00805	0.01359	0.82986	0.03121	0.01007	0.01258	0.01158	0.00906	0.01158	0.00805	0.01208	0.00604	0.00453	0.00453	0.00151	0.00604	0.00403	0.00201	0.00503
25	0.00856	0.00805	0.01359	0.82986	0.03121	0.01007	0.01258	0.01158	0.00906	0.01158	0.00805	0.01208	0.00604	0.00453	0.00453	0.00151	0.00604	0.00403	0.00201	0.00503
26	0.00647	0.00485	0.00728	0.00728	0.00809	0.00566	0.00566	0.00809	0.00728	0.01052	0.01214	0.01780	0.01133	0.03398	0.82279	0.00728	0.01214	0.00485	0.00243	0.00405
27	0.00536	0.00459	0.00459	0.00459	0.00612	0.00383	0.00344	0.00650	0.01033	0.01224	0.04590	0.04361	0.81065	0.01148	0.00536	0.00153	0.00230	0.00956	0.00421	0.00383
28	0.01122	0.01077	0.01839	0.02781	0.81248	0.01077	0.01391	0.01391	0.01032	0.01480	0.00852	0.01122	0.00718	0.00404	0.00449	0.00135	0.00538	0.00404	0.00224	0.00718
29	0.00909	0.02344	0.81727	0.01292	0.01961	0.01052	0.01674	0.01435	0.00957	0.01435	0.00813	0.00957	0.00574	0.00431	0.00431	0.00144	0.00670	0.00335	0.00191	0.00670
30	0.00647	0.00485	0.00728	0.00728	0.00809	0.00566	0.00566	0.00809	0.00728	0.01052	0.01214	0.01780	0.01133	0.03398	0.82279	0.00728	0.01214	0.00485	0.00243	0.00405
31	0.00641	0.00463	0.00606	0.00570	0.00677	0.00428	0.00428	0.00855	0.01283	0.01817	0.81009	0.03385	0.04276	0.00926	0.00534	0.00143	0.00214	0.00819	0.00499	0.00428
32	0.01127	0.00973	0.01025	0.00922	0.01178	0.01127	0.00717	0.02408	0.80430	0.01896	0.01844	0.01691	0.01383	0.00615	0.00461	0.00154	0.00359	0.00512	0.00461	0.00717
33	0.00845	0.00422	0.00422	0.00422	0.00528	0.00422	0.00317	0.01056	0.00950	0.01689	0.01478	0.01689	0.01161	0.00528	0.00317	0.00106	0.00211	0.00422	0.86591	0.00422
34	0.00991	0.00991	0.01388	0.01190	0.01190	0.01388	0.00991	0.01091	0.00694	0.01091	0.00595	0.00991	0.00595	0.00793	0.01487	0.00198	0.83246	0.00397	0.00198	0.00496
35	0.01127	0.00973	0.01025	0.00922	0.01178	0.01127	0.00717	0.02408	0.80430	0.01896	0.01844	0.01691	0.01383	0.00615	0.00461	0.00154	0.00359	0.00512	0.00461	0.00717
36	0.00845	0.00422	0.00422	0.00422	0.00528	0.00422	0.00317	0.01056	0.00950	0.01689	0.01478	0.01689	0.01161	0.00528	0.00317	0.00106	0.00211	0.00422	0.86591	0.00422
37	0.00856	0.00805	0.01359	0.82986	0.03121	0.01007	0.01258	0.01158	0.00906	0.01158	0.00805	0.01208	0.00604	0.00453	0.00453	0.00151	0.00604	0.00403	0.00201	0.00503
38	0.01723	0.01269	0.01360	0.01043	0.01405	0.01405	0.00861	0.79738	0.02131	0.02856	0.01088	0.01088	0.00771	0.00544	0.00453	0.00136	0.00499	0.00408	0.00453	0.00771
39	0.00940	0.00805	0.00940	0.00671	0.01074	0.00604	0.00537	0.01141	0.00940	0.01477	0.00805	0.00940	0.00671	0.00336	0.00336	0.00067	0.00336	0.00268	0.00268	0.86845
40	0.01147	0.66987	0.19174	0.00885	0.01332	0.01636	0.00966	0.01373	0.00928	0.01144	0.00669	0.00776	0.00580	0.00397	0.00320	0.00107	0.00524	0.00262	0.00193	0.00600
41	0.01127	0.00973	0.01025	0.00922	0.01178	0.01127	0.00717	0.02408	0.80430	0.01896	0.01844	0.01691	0.01383	0.00615	0.00461	0.00154	0.00359	0.00512	0.00461	0.00717
42	0.00536	0.00459	0.00459	0.00459	0.00612	0.00383	0.00344	0.00650	0.01033	0.01224	0.04590	0.04361	0.81065	0.01148	0.00536	0.00153	0.00230	0.00956	0.00421	0.00383
43	0.00552	0.00394	0.00526	0.00631	0.00657	0.00368	0.00421	0.00631	0.00868	0.01157	0.02498	0.83779	0.02997	0.01420	0.00578	0.00184	0.00263	0.01288	0.00421	0.00368
44	0.01070	0.01222	0.02674	0.01910	0.02368	0.01146	0.79603	0.01451	0.01070	0.01451	0.00917	0.01222	0.00688	0.00382	0.00535	0.00153	0.00764	0.00535	0.00229	0.00611
45	0.01122	0.01077	0.01839	0.02781	0.81248	0.01077	0.01391	0.01391	0.01032	0.01480	0.00852	0.01122	0.00718	0.00404	0.00449	0.00135	0.00538	0.00404	0.00224	0.00718
46	0.01211	0.84348	0.02374	0.00775	0.01163	0.01793	0.00775	0.01357	0.00921	0.01066	0.00630	0.00727	0.00582	0.00388	0.00291	0.00097	0.00485	0.00242	0.00194	0.00582
47	0.01127	0.00973	0.01025	0.00922	0.01178	0.01127	0.00717	0.02408	0.80430	0.01896	0.01844	0.01691	0.01383	0.00615	0.00461	0.00154	0.00359	0.00512	0.00461	0.00717
