[name]
unknown

[dist]
# distance from previous block
# <min> <max>
0	27

[block]
# block no. 0 follows, 44 sequences, length 35
# corresponding to MSA columns:
# 27-61
name=unknown_A
#
# <colnr> <probs for GDERKNQSTAVLIFYWHMCP>
#	G	D	E	R	K	N	Q	S	T	A	V	L	I	F	Y	W	H	M	C	P
0	0.00951	0.00755	0.00942	0.01071	0.03308	0.04586	0.00872	0.01242	0.04723	0.01627	0.02712	0.13046	0.02929	0.01414	0.00719	0.00237	0.00508	0.57342	0.00487	0.00530
1	0.00789	0.00529	0.00606	0.00609	0.00613	0.00532	0.00348	0.00799	0.00802	0.01073	0.01742	0.05502	0.02001	0.76004	0.05482	0.00533	0.00557	0.00805	0.00333	0.00339
2	0.01226	0.01144	0.01892	0.21100	0.48426	0.01211	0.01515	0.01613	0.04990	0.01699	0.01259	0.01892	0.01100	0.00615	0.00563	0.00177	0.00641	0.07869	0.00301	0.00766
3	0.01326	0.31285	0.24997	0.03045	0.11221	0.04623	0.03991	0.04430	0.03355	0.01611	0.01045	0.04850	0.00895	0.00563	0.00473	0.00152	0.00672	0.00443	0.00274	0.00749
4	0.01627	0.06791	0.01611	0.02737	0.06548	0.02716	0.04956	0.34215	0.05335	0.06290	0.04954	0.03942	0.01278	0.00852	0.04411	0.00200	0.03488	0.00551	0.06715	0.00784
5	0.00793	0.00529	0.00595	0.00595	0.00595	0.00529	0.00330	0.00793	0.00793	0.01057	0.01718	0.03568	0.01982	0.80840	0.02775	0.00529	0.00529	0.00793	0.00330	0.00330
6	0.01338	0.01283	0.02192	0.06118	0.74759	0.01292	0.01667	0.01663	0.01236	0.01767	0.01023	0.01353	0.00859	0.00488	0.00540	0.00163	0.00651	0.00486	0.00269	0.00854
7	0.00820	0.00640	0.00975	0.00923	0.01024	0.00729	0.04170	0.00996	0.00882	0.01260	0.01453	0.02281	0.01403	0.14903	0.61170	0.00770	0.04212	0.00613	0.00295	0.00480
8	0.00780	0.00581	0.00861	0.00861	0.00953	0.00673	0.00663	0.00964	0.00872	0.01254	0.01474	0.02218	0.01396	0.08211	0.74604	0.00857	0.01410	0.00595	0.00294	0.00478
9	0.01326	0.01272	0.02171	0.08848	0.72118	0.01289	0.01662	0.01653	0.01230	0.01753	0.01021	0.01357	0.00854	0.00490	0.00540	0.00163	0.00653	0.00486	0.00268	0.00845
10	0.01759	0.01284	0.01613	0.13408	0.01966	0.01422	0.05283	0.43089	0.01964	0.09488	0.01369	0.01598	0.01021	0.00675	0.00617	0.00174	0.04833	0.03226	0.04399	0.00813
11	0.01217	0.01191	0.01850	0.34561	0.38844	0.05370	0.01507	0.01537	0.01195	0.01580	0.01232	0.01581	0.04872	0.00562	0.00545	0.00170	0.00679	0.00513	0.00272	0.00723
12	0.01691	0.02938	0.01541	0.01544	0.14087	0.29803	0.02086	0.15489	0.02596	0.04179	0.04679	0.01420	0.01082	0.00687	0.00635	0.04996	0.02525	0.00464	0.06856	0.00701
13	0.01257	0.01023	0.01212	0.00893	0.01351	0.00853	0.02174	0.08324	0.04840	0.04246	0.03927	0.01327	0.01037	0.00478	0.00442	0.00101	0.00430	0.00390	0.00374	0.65320
14	0.01136	0.00919	0.03977	0.00998	0.03388	0.00783	0.04720	0.04861	0.04367	0.07637	0.07147	0.17683	0.01889	0.07028	0.04376	0.00214	0.00497	0.00730	0.01562	0.26089
15	0.01197	0.01108	0.05269	0.00880	0.01378	0.00825	0.00747	0.06754	0.01235	0.01894	0.00994	0.01144	0.00810	0.00428	0.00420	0.00092	0.00439	0.00339	0.00334	0.73714
16	0.03904	0.51705	0.02417	0.01078	0.01515	0.05342	0.04908	0.13324	0.06399	0.01765	0.02503	0.01121	0.00893	0.00532	0.00422	0.00136	0.00600	0.00380	0.00318	0.00738
17	0.00767	0.00603	0.00803	0.00833	0.00897	0.02642	0.04495	0.00870	0.01010	0.01335	0.02493	0.53973	0.02918	0.17542	0.05881	0.00319	0.00479	0.01259	0.00440	0.00444
18	0.04221	0.09613	0.15233	0.01699	0.18505	0.07794	0.01287	0.21728	0.06421	0.02165	0.01226	0.05477	0.01010	0.00624	0.00517	0.00163	0.00645	0.00501	0.00368	0.00804
19	0.07725	0.29196	0.13934	0.01287	0.06433	0.10592	0.01152	0.13848	0.01421	0.06642	0.00996	0.01100	0.00779	0.00543	0.00477	0.00148	0.02258	0.00381	0.00327	0.00760
20	0.00766	0.00553	0.00724	0.00690	0.00813	0.00511	0.00514	0.01015	0.01518	0.02146	0.73422	0.07916	0.05067	0.01144	0.00646	0.00174	0.00260	0.01014	0.00595	0.00511
21	0.00672	0.00536	0.00598	0.00618	0.00757	0.00467	0.00448	0.00818	0.01240	0.01562	0.16491	0.20666	0.48636	0.03126	0.00701	0.00197	0.00287	0.01199	0.00518	0.00463
22	0.01434	0.62086	0.07615	0.01108	0.05037	0.03438	0.01030	0.05584	0.01195	0.01454	0.00890	0.02851	0.00807	0.00620	0.02738	0.00151	0.00630	0.00358	0.00261	0.00713
23	0.00859	0.00576	0.00691	0.00700	0.00782	0.00556	0.00473	0.01019	0.04599	0.05260	0.12009	0.21964	0.09910	0.33560	0.01515	0.00333	0.00411	0.03870	0.00457	0.00454
24	0.01632	0.26367	0.08926	0.05945	0.02945	0.17696	0.01126	0.12914	0.01425	0.05772	0.00972	0.01116	0.00777	0.00575	0.00573	0.00151	0.07393	0.00389	0.00317	0.02990
25	0.04111	0.11075	0.03491	0.01560	0.12854	0.23674	0.06386	0.16584	0.01559	0.01916	0.01307	0.01447	0.05765	0.00671	0.02091	0.00166	0.00724	0.00471	0.01794	0.02352
26	0.07699	0.01261	0.08905	0.01919	0.03330	0.06854	0.02300	0.08841	0.07847	0.01974	0.03179	0.04018	0.07558	0.02543	0.00540	0.00154	0.00502	0.00534	0.09222	0.20818
27	0.05538	0.22294	0.09625	0.01142	0.01530	0.13956	0.07625	0.05090	0.05337	0.03722	0.06416	0.01814	0.07413	0.05519	0.00632	0.00176	0.00633	0.00524	0.00346	0.00669
28	0.03812	0.11063	0.05323	0.03812	0.04333	0.13012	0.03751	0.11876	0.01403	0.07468	0.04970	0.03876	0.03935	0.06125	0.05662	0.00227	0.02555	0.00542	0.03657	0.02599
29	0.03219	0.07935	0.09292	0.01425	0.09357	0.17571	0.06554	0.06795	0.06903	0.01786	0.08000	0.06019	0.03687	0.02424	0.00599	0.00168	0.01928	0.00571	0.00360	0.05407
30	0.05167	0.06792	0.15687	0.06402	0.14294	0.04076	0.03197	0.07828	0.06193	0.02776	0.09480	0.03489	0.06449	0.03673	0.00643	0.00183	0.02011	0.00586	0.00365	0.00710
31	0.04374	0.01121	0.04158	0.01407	0.15170	0.05861	0.03736	0.11822	0.03252	0.05643	0.26137	0.04323	0.04691	0.05077	0.00694	0.00188	0.00504	0.00704	0.00459	0.00680
32	0.03406	0.09195	0.02991	0.12878	0.10307	0.00976	0.00903	0.02777	0.02281	0.04484	0.17772	0.12526	0.12019	0.02332	0.00642	0.00182	0.02511	0.00794	0.00417	0.00607
33	0.01148	0.05123	0.04586	0.11928	0.19726	0.02472	0.08043	0.05197	0.04819	0.01766	0.10764	0.08756	0.07757	0.00830	0.01666	0.00186	0.03486	0.00697	0.00369	0.00681
34	0.01053	0.02457	0.12182	0.09664	0.07915	0.00948	0.04594	0.05535	0.04151	0.01698	0.05651	0.07291	0.11821	0.07737	0.02350	0.01912	0.00559	0.00675	0.00363	0.11443

[dist]
# distance from previous block
# <min> <max>
2	14

[block]
# block no. 1 follows, 44 sequences, length 6
# corresponding to MSA columns:
# 76-81
name=unknown_B
#
# <colnr> <probs for GDERKNQSTAVLIFYWHMCP>
#	G	D	E	R	K	N	Q	S	T	A	V	L	I	F	Y	W	H	M	C	P
0	0.06621	0.10596	0.08960	0.01078	0.01414	0.07949	0.04066	0.10867	0.08266	0.06266	0.03439	0.05117	0.06042	0.05536	0.06003	0.00235	0.03014	0.00577	0.03273	0.00680
1	0.10673	0.12138	0.21124	0.01349	0.09542	0.06513	0.01188	0.04259	0.07483	0.04952	0.05569	0.04144	0.01184	0.00606	0.00486	0.00157	0.00597	0.00476	0.00344	0.07215
2	0.01357	0.08533	0.15930	0.07346	0.04219	0.10734	0.13336	0.09511	0.06476	0.01829	0.04612	0.03742	0.03840	0.00639	0.00578	0.00167	0.03041	0.00542	0.00338	0.03230
3	0.04057	0.06573	0.08581	0.06150	0.01529	0.13109	0.06818	0.05686	0.02904	0.01664	0.05167	0.13930	0.06459	0.06269	0.03320	0.00218	0.00625	0.00706	0.05635	0.00602
4	0.10264	0.08140	0.13581	0.03717	0.10794	0.03945	0.04932	0.08538	0.03062	0.03857	0.03648	0.09881	0.04291	0.05467	0.00654	0.00190	0.00576	0.00614	0.03167	0.00683
5	0.01319	0.10776	0.08484	0.05452	0.04280	0.06621	0.07071	0.10983	0.08463	0.01844	0.01452	0.08787	0.03081	0.00787	0.02195	0.00181	0.06799	0.00581	0.05411	0.05431

[dist]
# distance from previous block
# <min> <max>
4	6

[block]
# block no. 2 follows, 44 sequences, length 11
# corresponding to MSA columns:
# 88-98
name=unknown_C
#
# <colnr> <probs for GDERKNQSTAVLIFYWHMCP>
#	G	D	E	R	K	N	Q	S	T	A	V	L	I	F	Y	W	H	M	C	P
0	0.01380	0.04152	0.03370	0.00966	0.01408	0.04658	0.00803	0.17812	0.01457	0.02088	0.01090	0.03028	0.00898	0.00521	0.00481	0.00114	0.02458	0.00399	0.02249	0.50667
1	0.01093	0.00804	0.00978	0.00913	0.04612	0.00746	0.00654	0.07675	0.05647	0.06708	0.20203	0.12490	0.12261	0.05113	0.00688	0.00179	0.00381	0.00819	0.00488	0.17548
2	0.03391	0.07792	0.14913	0.04778	0.20547	0.14053	0.01306	0.08393	0.02823	0.03058	0.02697	0.04653	0.01032	0.00620	0.00569	0.00163	0.04260	0.00490	0.03720	0.00742
3	0.04957	0.19013	0.13567	0.01715	0.17758	0.14228	0.04540	0.03447	0.08857	0.01682	0.01035	0.01203	0.00838	0.00550	0.00544	0.00157	0.04441	0.00421	0.00294	0.00753
4	0.00947	0.00473	0.00710	0.00710	0.00710	0.00473	0.00473	0.00710	0.00710	0.00947	0.00947	0.01657	0.00947	0.01894	0.02131	0.84138	0.00473	0.00473	0.00237	0.00237
5	0.01332	0.01656	0.15783	0.12594	0.24371	0.11787	0.06672	0.06082	0.03014	0.01779	0.06148	0.03979	0.01181	0.00604	0.00550	0.00168	0.00708	0.00533	0.00313	0.00745
6	0.00853	0.00593	0.00670	0.00660	0.00820	0.00552	0.00491	0.01126	0.06498	0.04949	0.18069	0.15984	0.31829	0.01194	0.00602	0.00178	0.00294	0.01022	0.13093	0.00523
7	0.00792	0.00580	0.00795	0.00793	0.00850	0.00651	0.00570	0.00913	0.00854	0.01201	0.01593	0.06131	0.01655	0.30286	0.46469	0.00706	0.03717	0.00696	0.00313	0.00435
8	0.01262	0.09776	0.44171	0.05092	0.03599	0.03768	0.04879	0.05260	0.07821	0.04180	0.01305	0.01425	0.03937	0.00578	0.00519	0.00168	0.00714	0.00465	0.00304	0.00779
9	0.00723	0.00535	0.00663	0.00713	0.00765	0.00523	0.00481	0.00815	0.01043	0.01382	0.08717	0.41943	0.13960	0.20394	0.01225	0.00286	0.03720	0.01223	0.00460	0.00431
10	0.01073	0.00968	0.04035	0.02512	0.09627	0.06629	0.02357	0.01332	0.04077	0.06421	0.14672	0.17905	0.14426	0.04282	0.00684	0.00188	0.00455	0.00880	0.00449	0.07028

[dist]
# distance from previous block
# <min> <max>
3	5

[block]
# block no. 3 follows, 44 sequences, length 39
# corresponding to MSA columns:
# 104-131,133-142,153
name=unknown_D
#
# <colnr> <probs for GDERKNQSTAVLIFYWHMCP>
#	G	D	E	R	K	N	Q	S	T	A	V	L	I	F	Y	W	H	M	C	P
0	0.00723	0.00495	0.00649	0.00749	0.00800	0.00459	0.00505	0.00824	0.01071	0.03643	0.05015	0.70435	0.06384	0.04506	0.00763	0.00228	0.00325	0.01463	0.00507	0.00456
1	0.00675	0.00543	0.00595	0.00618	0.00763	0.00473	0.00455	0.00814	0.01214	0.01500	0.09952	0.16623	0.53622	0.05097	0.00756	0.00208	0.00304	0.04825	0.00505	0.00458
2	0.00759	0.00539	0.00636	0.00639	0.00703	0.00516	0.00421	0.00855	0.01060	0.01415	0.19094	0.09315	0.14176	0.41555	0.03509	0.00376	0.00436	0.03156	0.00433	0.00407
3	0.00650	0.00547	0.00564	0.00572	0.00743	0.00461	0.00424	0.00789	0.01239	0.01491	0.07800	0.10620	0.69449	0.01395	0.00648	0.00186	0.00278	0.01174	0.00509	0.00461
4	0.01187	0.01310	0.09064	0.36250	0.25174	0.01257	0.10564	0.03152	0.01197	0.01638	0.01010	0.01384	0.00783	0.00513	0.00549	0.00172	0.00721	0.00492	0.00262	0.03322
5	0.01979	0.06240	0.01611	0.01383	0.01663	0.72317	0.01053	0.02121	0.01499	0.01331	0.00834	0.00986	0.00703	0.00571	0.00531	0.00143	0.03771	0.00353	0.00277	0.00634
6	0.01257	0.00965	0.01143	0.00823	0.01302	0.00734	0.00661	0.01496	0.01172	0.09066	0.01082	0.01200	0.00859	0.00430	0.00418	0.00089	0.00410	0.00345	0.00357	0.76193
7	0.00793	0.00529	0.00595	0.00595	0.00595	0.00529	0.00330	0.00793	0.00793	0.01057	0.01718	0.03568	0.01982	0.80840	0.02775	0.00529	0.00529	0.00793	0.00330	0.00330
8	0.01384	0.01190	0.01286	0.01200	0.04312	0.01367	0.00900	0.05678	0.70729	0.02307	0.02138	0.01980	0.01605	0.00727	0.00554	0.00183	0.00446	0.00607	0.00544	0.00865
9	0.04009	0.05006	0.08037	0.04250	0.01581	0.04786	0.00954	0.15246	0.08532	0.19059	0.01628	0.01709	0.04114	0.00641	0.00511	0.00153	0.00537	0.02628	0.00459	0.16158
10	0.01338	0.07113	0.06008	0.08520	0.03683	0.07167	0.10636	0.08509	0.03159	0.09123	0.04363	0.08394	0.07945	0.03473	0.05580	0.00229	0.03034	0.00664	0.00390	0.00672
11	0.81558	0.01072	0.00833	0.00737	0.01078	0.01241	0.00607	0.04410	0.00990	0.02484	0.00780	0.00902	0.00603	0.00512	0.00345	0.00168	0.00428	0.00303	0.00345	0.00603
12	0.01319	0.01387	0.02940	0.05159	0.02712	0.01321	0.65026	0.01749	0.01278	0.05255	0.01162	0.01502	0.00865	0.00489	0.00649	0.00182	0.02462	0.00625	0.03189	0.00728
13	0.01052	0.01002	0.01629	0.65383	0.05172	0.02948	0.03880	0.01387	0.01085	0.01394	0.01016	0.01541	0.00806	0.03496	0.04267	0.00226	0.02362	0.00502	0.00250	0.00602
14	0.00908	0.00759	0.02529	0.01088	0.06586	0.02332	0.00792	0.04509	0.01003	0.01414	0.01449	0.04287	0.01357	0.04945	0.62575	0.00737	0.01288	0.00596	0.00308	0.00539
15	0.00947	0.00473	0.00710	0.00710	0.00710	0.00473	0.00473	0.00710	0.00710	0.00947	0.00947	0.01657	0.00947	0.01894	0.02131	0.84138	0.00473	0.00473	0.00237	0.00237
16	0.00923	0.00686	0.00762	0.00730	0.00940	0.00643	0.00578	0.05711	0.06373	0.06027	0.07811	0.04677	0.48743	0.01259	0.00643	0.00191	0.00350	0.11875	0.00525	0.00551
17	0.01360	0.00947	0.03401	0.04915	0.11470	0.00907	0.00892	0.05960	0.11093	0.17891	0.11661	0.08074	0.10157	0.01004	0.03778	0.00205	0.00492	0.01983	0.03093	0.00717
18	0.01164	0.01112	0.01906	0.47173	0.33130	0.01249	0.03456	0.01514	0.01155	0.01557	0.00995	0.01412	0.00784	0.00519	0.00545	0.00174	0.00700	0.00489	0.00254	0.00712
19	0.01116	0.00604	0.00614	0.00578	0.00735	0.00620	0.00443	0.08279	0.01277	0.02165	0.01734	0.01964	0.01353	0.00637	0.00397	0.00130	0.00287	0.00507	0.76013	0.00548
20	0.00668	0.00481	0.00630	0.00744	0.00785	0.00447	0.00499	0.00767	0.01060	0.01407	0.04704	0.73746	0.07258	0.03083	0.00729	0.00224	0.00317	0.01504	0.00505	0.00443
21	0.01282	0.01329	0.07707	0.23214	0.35975	0.01298	0.05930	0.07606	0.03469	0.01820	0.02901	0.01449	0.00940	0.00548	0.00573	0.00172	0.02210	0.00505	0.00298	0.00774
22	0.01381	0.54970	0.18786	0.03335	0.01685	0.03434	0.01198	0.03350	0.01146	0.01433	0.00823	0.00977	0.00705	0.00509	0.00466	0.00138	0.04368	0.00335	0.00241	0.00719
23	0.00781	0.00576	0.00834	0.00834	0.00916	0.00658	0.00628	0.00946	0.00864	0.01234	0.01499	0.02357	0.01456	0.15680	0.67216	0.00824	0.01320	0.00616	0.00298	0.00463
24	0.01473	0.01191	0.01309	0.01024	0.01445	0.01188	0.00822	0.23868	0.22512	0.02410	0.01418	0.01435	0.01081	0.00572	0.00488	0.00134	0.00470	0.00455	0.00454	0.36250
25	0.04122	0.01153	0.03561	0.29406	0.34688	0.01212	0.03603	0.04963	0.01229	0.01766	0.01079	0.01429	0.00853	0.00528	0.00523	0.00167	0.00641	0.00484	0.07865	0.00730
26	0.03554	0.01286	0.07721	0.06646	0.37079	0.01211	0.01347	0.03838	0.10763	0.05548	0.01246	0.01480	0.00992	0.00822	0.06517	0.00219	0.03075	0.00491	0.00335	0.05829
27	0.01130	0.00969	0.01130	0.00807	0.01292	0.00727	0.00646	0.01373	0.01130	0.01776	0.00969	0.01130	0.00807	0.00404	0.00404	0.00081	0.00404	0.00323	0.00323	0.84173
28	0.01818	0.02200	0.01526	0.01363	0.01622	0.59552	0.03328	0.05017	0.01461	0.01425	0.00939	0.01164	0.00797	0.01013	0.10090	0.00237	0.05130	0.00401	0.00291	0.00628
29	0.01164	0.01055	0.01714	0.19719	0.42657	0.01089	0.01352	0.01459	0.01230	0.03725	0.05176	0.02160	0.13829	0.00682	0.00563	0.00171	0.00581	0.00621	0.00329	0.00725
30	0.00991	0.00826	0.00849	0.00845	0.00996	0.07050	0.00624	0.03832	0.13624	0.01813	0.16344	0.29977	0.08494	0.01193	0.00614	0.00188	0.00387	0.03524	0.07262	0.00565
31	0.02037	0.02598	0.01545	0.01404	0.01685	0.78652	0.01053	0.02177	0.01545	0.01334	0.00843	0.00983	0.00702	0.00562	0.00492	0.00140	0.00983	0.00351	0.00281	0.00632
32	0.00658	0.00497	0.00609	0.00699	0.00775	0.00448	0.00479	0.00766	0.01102	0.01415	0.03736	0.58622	0.24996	0.01613	0.00681	0.00211	0.00305	0.01434	0.00506	0.00448
33	0.01544	0.52506	0.02421	0.01105	0.01492	0.15108	0.03043	0.05828	0.01245	0.01430	0.00867	0.03002	0.00792	0.00564	0.00519	0.00138	0.07071	0.00370	0.00267	0.00687
34	0.04537	0.01280	0.13212	0.03228	0.03879	0.03627	0.00988	0.05420	0.05433	0.32312	0.04358	0.03725	0.09484	0.00730	0.00542	0.00167	0.00518	0.00594	0.00499	0.05465
35	0.01233	0.02985	0.05552	0.09637	0.03862	0.01497	0.06773	0.03955	0.01015	0.03783	0.00946	0.03797	0.00866	0.02159	0.01347	0.00220	0.48933	0.00524	0.00276	0.00640
36	0.15091	0.11083	0.01417	0.03341	0.04861	0.24838	0.02468	0.01553	0.01207	0.01575	0.03049	0.18091	0.03577	0.00834	0.00574	0.00169	0.04687	0.00648	0.00342	0.00596
37	0.00835	0.09409	0.00937	0.00792	0.03439	0.00704	0.00544	0.00958	0.01106	0.01464	0.16908	0.23943	0.09740	0.23842	0.01229	0.00283	0.00406	0.02554	0.00436	0.00470
38	0.00945	0.06072	0.01025	0.00879	0.01047	0.05246	0.03271	0.05470	0.01229	0.01605	0.07716	0.47358	0.07105	0.01292	0.00621	0.00189	0.00411	0.01146	0.00462	0.06910

[dist]
# distance from previous block
# <min> <max>
0	4

[block]
# block no. 4 follows, 44 sequences, length 9
# corresponding to MSA columns:
# 158-166
name=unknown_E
#
# <colnr> <probs for GDERKNQSTAVLIFYWHMCP>
#	G	D	E	R	K	N	Q	S	T	A	V	L	I	F	Y	W	H	M	C	P
0	0.03727	0.13710	0.28941	0.01655	0.14387	0.04904	0.04271	0.10705	0.03346	0.04589	0.04008	0.01320	0.00973	0.00555	0.00505	0.00160	0.00680	0.00448	0.00321	0.00792
1	0.01536	0.40711	0.06146	0.01159	0.04391	0.12448	0.01008	0.04235	0.15291	0.04641	0.01244	0.01290	0.02645	0.00569	0.00444	0.00142	0.00613	0.00409	0.00334	0.00743
2	0.00924	0.00482	0.00693	0.00693	0.00693	0.00482	0.00452	0.00722	0.00722	0.00963	0.01061	0.01939	0.01100	0.13552	0.02226	0.71791	0.00482	0.00521	0.00251	0.00251
3	0.00947	0.00473	0.00710	0.00710	0.00710	0.00473	0.00473	0.00710	0.00710	0.00947	0.00947	0.01657	0.00947	0.01894	0.02131	0.84138	0.00473	0.00473	0.00237	0.00237
4	0.08246	0.32019	0.16625	0.03558	0.07932	0.04398	0.04478	0.07670	0.04905	0.01751	0.00960	0.01114	0.00774	0.00529	0.00488	0.00152	0.02980	0.00389	0.00289	0.00744
5	0.01139	0.00966	0.07114	0.01014	0.04279	0.00836	0.03510	0.07950	0.07325	0.08482	0.13466	0.03216	0.18081	0.07626	0.03797	0.00234	0.00492	0.05592	0.04250	0.00631
6	0.01155	0.00675	0.00746	0.00704	0.00865	0.00688	0.00523	0.08966	0.05691	0.06967	0.02001	0.16520	0.01816	0.07424	0.00674	0.00187	0.00348	0.00731	0.42746	0.00573
7	0.01200	0.01249	0.04708	0.01442	0.03545	0.08363	0.25040	0.03374	0.08598	0.01614	0.01495	0.08501	0.01404	0.18405	0.01124	0.00257	0.04136	0.00691	0.04235	0.00618
8	0.15391	0.05684	0.03443	0.07016	0.15513	0.10506	0.10331	0.04384	0.02806	0.09887	0.01156	0.04174	0.00933	0.00605	0.00592	0.00171	0.05849	0.00493	0.00344	0.00723

[dist]
# distance from previous block
# <min> <max>
0	18

[block]
# block no. 5 follows, 44 sequences, length 36
# corresponding to MSA columns:
# 185-220
name=unknown_F
#
# <colnr> <probs for GDERKNQSTAVLIFYWHMCP>
#	G	D	E	R	K	N	Q	S	T	A	V	L	I	F	Y	W	H	M	C	P
0	0.00947	0.00473	0.00710	0.00710	0.00710	0.00473	0.00473	0.00710	0.00710	0.00947	0.00947	0.01657	0.00947	0.01894	0.02131	0.84138	0.00473	0.00473	0.00237	0.00237
1	0.01882	0.01004	0.01217	0.00993	0.01347	0.01000	0.00800	0.10696	0.20754	0.39281	0.11144	0.02187	0.03665	0.00759	0.00563	0.00173	0.00442	0.00626	0.00617	0.00850
2	0.01356	0.01171	0.01233	0.01109	0.01418	0.01356	0.00863	0.02897	0.76455	0.02281	0.02219	0.02034	0.01664	0.00740	0.00555	0.00185	0.00431	0.00616	0.00555	0.00863
3	0.00687	0.00487	0.00640	0.00755	0.00788	0.00460	0.00507	0.00780	0.01029	0.01371	0.02875	0.69563	0.03427	0.09347	0.00899	0.00252	0.00346	0.04865	0.00489	0.00435
4	0.84691	0.01054	0.00801	0.00717	0.01054	0.01223	0.00590	0.01603	0.00928	0.02446	0.00759	0.00886	0.00590	0.00506	0.00337	0.00169	0.00422	0.00295	0.00337	0.00590
5	0.00779	0.00584	0.00876	0.00876	0.00974	0.00681	0.00681	0.00974	0.00876	0.01266	0.01460	0.02142	0.01363	0.04089	0.78680	0.00876	0.01460	0.00584	0.00292	0.00487
6	0.01197	0.01206	0.01742	0.01472	0.01498	0.01656	0.04677	0.01332	0.00856	0.01332	0.00734	0.01206	0.00721	0.00931	0.01735	0.00236	0.76140	0.00485	0.00240	0.00603
7	0.01193	0.01193	0.01670	0.01431	0.01431	0.01670	0.01193	0.01312	0.00835	0.01312	0.00716	0.01193	0.00716	0.00954	0.01789	0.00239	0.79843	0.00477	0.00239	0.00596
8	0.01857	0.27007	0.01952	0.01258	0.01597	0.54888	0.01016	0.02008	0.01409	0.01318	0.00816	0.00949	0.00701	0.00532	0.00448	0.00133	0.00859	0.00333	0.00266	0.00653
9	0.00947	0.00473	0.00710	0.00710	0.00710	0.00473	0.00473	0.00710	0.00710	0.00947	0.00947	0.01657	0.00947	0.01894	0.02131	0.84138	0.00473	0.00473	0.00237	0.00237
10	0.01489	0.69158	0.07330	0.01014	0.01484	0.09133	0.01010	0.01688	0.01151	0.01315	0.00779	0.00901	0.00699	0.00478	0.00373	0.00122	0.00633	0.00304	0.00237	0.00700
11	0.01421	0.01234	0.01284	0.03403	0.01514	0.03651	0.00901	0.08335	0.66475	0.02314	0.02073	0.01931	0.01553	0.00722	0.00552	0.00182	0.00469	0.00595	0.00537	0.00854
12	0.01349	0.01295	0.02213	0.03346	0.77440	0.01295	0.01673	0.01673	0.01241	0.01781	0.01025	0.01349	0.00864	0.00486	0.00540	0.00162	0.00648	0.00486	0.00270	0.00864
13	0.00946	0.00795	0.02874	0.04003	0.10208	0.00778	0.02308	0.01169	0.01282	0.04872	0.30002	0.17249	0.11069	0.01094	0.00746	0.00188	0.08429	0.00939	0.00472	0.00577
14	0.00779	0.00584	0.00876	0.00876	0.00974	0.00681	0.00681	0.00974	0.00876	0.01266	0.01460	0.02142	0.01363	0.04089	0.78680	0.00876	0.01460	0.00584	0.00292	0.00487
15	0.01966	0.05807	0.03625	0.01220	0.01645	0.06326	0.01024	0.53035	0.09664	0.08100	0.01390	0.01371	0.00997	0.00645	0.00532	0.00162	0.00602	0.00486	0.00514	0.00887
16	0.01093	0.02820	0.78016	0.01554	0.02360	0.01266	0.02014	0.01727	0.01151	0.01727	0.00978	0.01151	0.00691	0.00518	0.00518	0.00173	0.00806	0.00403	0.00230	0.00806
17	0.01537	0.13916	0.26070	0.04971	0.01907	0.16129	0.01326	0.13505	0.08212	0.04257	0.02490	0.01271	0.00921	0.00577	0.00500	0.00158	0.00716	0.00428	0.00340	0.00770
18	0.01485	0.07612	0.08256	0.03463	0.04983	0.12029	0.00997	0.19684	0.05982	0.05384	0.01604	0.14768	0.01483	0.03964	0.00634	0.00185	0.00595	0.02899	0.03284	0.00710
19	0.01238	0.01195	0.02020	0.25231	0.45855	0.01312	0.03845	0.01557	0.01157	0.01619	0.00979	0.01367	0.00807	0.00551	0.00674	0.00176	0.08911	0.00489	0.00259	0.00757
20	0.12946	0.06827	0.03803	0.01118	0.01470	0.07177	0.00931	0.22770	0.25894	0.02393	0.01557	0.01554	0.03641	0.00678	0.00571	0.00171	0.04760	0.00500	0.00452	0.00786
21	0.01288	0.14470	0.23545	0.01558	0.13383	0.07120	0.05748	0.01641	0.01201	0.03405	0.01159	0.03348	0.03073	0.00543	0.00487	0.00144	0.00654	0.00448	0.00286	0.16497
22	0.00801	0.00556	0.00674	0.00710	0.00762	0.00547	0.00495	0.00890	0.00983	0.01292	0.05075	0.06620	0.07762	0.48716	0.01943	0.00408	0.00488	0.20477	0.00404	0.00396
23	0.01130	0.00969	0.01130	0.00807	0.01292	0.00727	0.00646	0.01373	0.01130	0.01776	0.00969	0.01130	0.00807	0.00404	0.00404	0.00081	0.00404	0.00323	0.00323	0.84173
24	0.06614	0.04852	0.22359	0.01631	0.15856	0.03047	0.05810	0.06195	0.07792	0.04262	0.02962	0.03965	0.03606	0.03545	0.00611	0.00182	0.00625	0.02089	0.00347	0.03650
25	0.01313	0.50060	0.32699	0.01179	0.01781	0.01803	0.01362	0.01670	0.01125	0.01459	0.00845	0.00984	0.00696	0.00487	0.00417	0.00139	0.00671	0.00336	0.00232	0.00742
26	0.00675	0.00488	0.00640	0.00753	0.00801	0.00454	0.00515	0.00784	0.01082	0.01433	0.05664	0.70043	0.08441	0.01659	0.00693	0.00218	0.00319	0.04378	0.00509	0.00449
27	0.03738	0.03897	0.04925	0.01142	0.05221	0.04963	0.00905	0.19656	0.05697	0.23044	0.05355	0.03425	0.02711	0.03249	0.05132	0.00216	0.00582	0.00563	0.04797	0.00782
28	0.06743	0.11997	0.12715	0.04547	0.16202	0.02633	0.05061	0.10870	0.02754	0.05192	0.04295	0.05785	0.01202	0.02975	0.00603	0.00175	0.02206	0.00535	0.02772	0.00738
29	0.00698	0.00500	0.00664	0.00783	0.00832	0.00472	0.00551	0.00814	0.01072	0.01418	0.03023	0.65481	0.05610	0.03977	0.00763	0.00234	0.00348	0.11810	0.00500	0.00448
30	0.01387	0.01065	0.01108	0.00975	0.01255	0.02980	0.00768	0.15325	0.36412	0.04094	0.04319	0.02246	0.06129	0.00770	0.00532	0.00170	0.00429	0.02725	0.16554	0.00758
31	0.06521	0.05674	0.09179	0.05224	0.16185	0.07624	0.06567	0.18820	0.05497	0.03798	0.01238	0.04164	0.00996	0.00705	0.02779	0.00185	0.00670	0.00507	0.02893	0.00773
32	0.00924	0.00676	0.00885	0.00820	0.00941	0.00716	0.02529	0.03348	0.04226	0.04082	0.11724	0.05389	0.10167	0.22391	0.21863	0.00455	0.04767	0.00771	0.02823	0.00502
33	0.00716	0.00521	0.00620	0.00654	0.00725	0.00484	0.00436	0.00818	0.01094	0.01441	0.15381	0.29117	0.19100	0.24904	0.01290	0.00296	0.00361	0.01148	0.00470	0.00425
34	0.10593	0.00912	0.01166	0.00913	0.01307	0.00820	0.00751	0.02430	0.01471	0.64741	0.02141	0.01906	0.04463	0.00686	0.00526	0.00168	0.00445	0.00547	0.03150	0.00862
35	0.01427	0.04019	0.12898	0.12250	0.16176	0.12959	0.15685	0.08166	0.07709	0.01818	0.01116	0.01344	0.00858	0.00540	0.00546	0.00168	0.00759	0.00490	0.00310	0.00762

[dist]
# distance from previous block
# <min> <max>
6	7

[block]
# block no. 6 follows, 44 sequences, length 36
# corresponding to MSA columns:
# 229-264
name=unknown_G
#
# <colnr> <probs for GDERKNQSTAVLIFYWHMCP>
#	G	D	E	R	K	N	Q	S	T	A	V	L	I	F	Y	W	H	M	C	P
0	0.00778	0.00541	0.00645	0.00642	0.00679	0.00547	0.00404	0.00836	0.00889	0.01196	0.06983	0.03500	0.07612	0.57596	0.14448	0.00534	0.00639	0.00799	0.00355	0.00377
1	0.01465	0.05315	0.06401	0.09056	0.35546	0.07678	0.01376	0.13794	0.01483	0.03814	0.05432	0.01604	0.01156	0.00598	0.00539	0.00164	0.00650	0.02791	0.00345	0.00791
2	0.08384	0.00965	0.01239	0.00954	0.01374	0.00866	0.00787	0.05608	0.01531	0.64660	0.01944	0.01719	0.01244	0.00646	0.00524	0.00163	0.00463	0.00514	0.00624	0.05792
3	0.01148	0.02440	0.56948	0.01763	0.02498	0.01298	0.22701	0.01732	0.01189	0.01732	0.01013	0.01241	0.00729	0.00502	0.00553	0.00176	0.00838	0.00471	0.00243	0.00786
4	0.02432	0.00950	0.01279	0.00981	0.01403	0.00835	0.00810	0.05398	0.01598	0.75023	0.02119	0.01835	0.01334	0.00674	0.00548	0.00169	0.00469	0.00546	0.00670	0.00928
5	0.06026	0.00933	0.01245	0.00959	0.01377	0.00820	0.00792	0.02611	0.01533	0.74536	0.02090	0.01813	0.01316	0.00667	0.00539	0.00169	0.00462	0.00537	0.00660	0.00913
6	0.00644	0.00552	0.00552	0.00552	0.00736	0.00460	0.00414	0.00782	0.01243	0.01473	0.05523	0.05247	0.77218	0.01381	0.00644	0.00184	0.00276	0.01151	0.00506	0.00460
7	0.00723	0.00547	0.00667	0.00654	0.00789	0.00491	0.00484	0.00928	0.01402	0.01893	0.48324	0.12437	0.26159	0.01255	0.00649	0.00180	0.00269	0.01094	0.00563	0.00491
8	0.02037	0.02598	0.01545	0.01404	0.01685	0.78652	0.01053	0.02177	0.01545	0.01334	0.00843	0.00983	0.00702	0.00562	0.00492	0.00140	0.00983	0.00351	0.00281	0.00632
9	0.00777	0.00566	0.00779	0.00779	0.00852	0.00627	0.00567	0.00912	0.00868	0.01213	0.01713	0.02696	0.04847	0.26524	0.52978	0.00744	0.01135	0.00670	0.00313	0.00440
10	0.00779	0.00584	0.00876	0.00876	0.00974	0.00681	0.00681	0.00974	0.00876	0.01266	0.01460	0.02142	0.01363	0.04089	0.78680	0.00876	0.01460	0.00584	0.00292	0.00487
11	0.01121	0.01071	0.01588	0.30670	0.02312	0.01303	0.03061	0.01365	0.01001	0.01446	0.00871	0.01285	0.00741	0.00679	0.01017	0.00184	0.32339	0.00453	0.00258	0.17235
12	0.00852	0.00644	0.00891	0.00977	0.02593	0.00619	0.02405	0.01076	0.01229	0.01600	0.04695	0.11311	0.12922	0.03331	0.00763	0.00236	0.00462	0.49782	0.00486	0.03126
13	0.18318	0.24960	0.01779	0.01127	0.01477	0.38726	0.00926	0.04210	0.01328	0.01607	0.00816	0.00943	0.00686	0.00526	0.00422	0.00140	0.00744	0.00327	0.00287	0.00653
14	0.01992	0.01487	0.01591	0.01238	0.01660	0.01653	0.01017	0.67504	0.10812	0.03307	0.01410	0.01390	0.01009	0.00664	0.00546	0.00166	0.00581	0.00505	0.00546	0.00920
15	0.01377	0.01182	0.01245	0.01114	0.01426	0.01366	0.00868	0.05047	0.74270	0.02315	0.02192	0.02013	0.01642	0.00737	0.00554	0.00184	0.00436	0.00613	0.00554	0.00865
16	0.00664	0.00474	0.00633	0.00759	0.00791	0.00443	0.00506	0.00759	0.01044	0.01392	0.03005	0.80485	0.03606	0.01708	0.00696	0.00221	0.00316	0.01550	0.00506	0.00443
17	0.02214	0.01300	0.01496	0.01147	0.01578	0.01354	0.00947	0.48034	0.02184	0.31559	0.01627	0.01516	0.01087	0.00662	0.00546	0.00166	0.00548	0.00513	0.00594	0.00927
18	0.75417	0.01029	0.00833	0.00733	0.01072	0.01168	0.00603	0.01685	0.00988	0.08918	0.00906	0.00999	0.00677	0.00524	0.00357	0.00168	0.00421	0.00323	0.02563	0.00617
19	0.01193	0.01193	0.01670	0.01431	0.01431	0.01670	0.01193	0.01312	0.00835	0.01312	0.00716	0.01193	0.00716	0.00954	0.01789	0.00239	0.79843	0.00477	0.00239	0.00596
20	0.01320	0.01133	0.01202	0.01083	0.01380	0.01304	0.00841	0.02782	0.71836	0.02275	0.06839	0.02160	0.01879	0.00763	0.00560	0.00184	0.00421	0.00639	0.00558	0.00841
21	0.01458	0.81168	0.02857	0.00933	0.01399	0.02157	0.00933	0.01632	0.01108	0.01283	0.00758	0.00875	0.00700	0.00466	0.00350	0.00117	0.00583	0.00292	0.00233	0.00700
22	0.01264	0.01215	0.01705	0.01494	0.04328	0.01626	0.03151	0.06921	0.00998	0.01515	0.00804	0.01232	0.00754	0.00894	0.01590	0.00226	0.67203	0.00483	0.01962	0.00633
23	0.02072	0.01527	0.01636	0.01254	0.01691	0.01691	0.01036	0.75622	0.02563	0.03436	0.01309	0.01309	0.00927	0.00654	0.00545	0.00164	0.00600	0.00491	0.00545	0.00927
24	0.01093	0.02820	0.78016	0.01554	0.02360	0.01266	0.02014	0.01727	0.01151	0.01727	0.00978	0.01151	0.00691	0.00518	0.00518	0.00173	0.00806	0.00403	0.00230	0.00806
25	0.01050	0.03363	0.03036	0.01022	0.04300	0.04185	0.05126	0.01345	0.04793	0.03171	0.14157	0.07640	0.13981	0.00958	0.03031	0.00176	0.02232	0.02916	0.00417	0.23102
26	0.01872	0.17415	0.01759	0.01286	0.01592	0.60716	0.01007	0.02017	0.01431	0.01317	0.00859	0.01043	0.00744	0.02305	0.02305	0.00161	0.00909	0.00354	0.00273	0.00635
27	0.01002	0.00797	0.01036	0.04891	0.03953	0.02561	0.03979	0.09792	0.03558	0.03221	0.09434	0.35405	0.10880	0.01348	0.03572	0.00222	0.00467	0.02831	0.00479	0.00573
28	0.02940	0.15464	0.26865	0.01377	0.03531	0.05122	0.02797	0.13095	0.13546	0.04087	0.01390	0.01634	0.01103	0.00674	0.00548	0.00182	0.00681	0.03736	0.00392	0.00837
29	0.02517	0.00991	0.01325	0.01030	0.01455	0.00854	0.00838	0.02701	0.01611	0.76811	0.02224	0.01970	0.01427	0.00733	0.00586	0.00185	0.00495	0.00576	0.00700	0.00970
30	0.01220	0.01032	0.01192	0.00870	0.01356	0.00780	0.00685	0.01435	0.01187	0.01857	0.01059	0.01256	0.00893	0.00466	0.00444	0.00098	0.00435	0.00354	0.00354	0.83025
31	0.00761	0.00544	0.00701	0.00822	0.00862	0.00500	0.00547	0.00830	0.01101	0.01478	0.03066	0.79476	0.03651	0.01751	0.00732	0.00237	0.00349	0.01563	0.00534	0.00492
32	0.00907	0.00652	0.00786	0.00874	0.06336	0.00629	0.00498	0.00932	0.00961	0.01290	0.04383	0.09505	0.07588	0.59719	0.02242	0.00454	0.00525	0.00884	0.00391	0.00444
33	0.02055	0.01509	0.01614	0.01262	0.01669	0.01645	0.01018	0.69135	0.02469	0.03318	0.01425	0.01597	0.01088	0.06593	0.00747	0.00207	0.00624	0.00542	0.00557	0.00926
34	0.00864	0.00656	0.00717	0.00711	0.00830	0.00615	0.00488	0.01042	0.06670	0.01535	0.10223	0.09308	0.31023	0.29227	0.01427	0.00324	0.00416	0.02942	0.00485	0.00498
35	0.02096	0.01565	0.01733	0.01464	0.07304	0.01701	0.01117	0.69200	0.02502	0.03371	0.01374	0.01435	0.01006	0.00700	0.00583	0.00180	0.00632	0.00519	0.00553	0.00965

[dist]
# distance from previous block
# <min> <max>
0	36

[block]
# block no. 7 follows, 44 sequences, length 49
# corresponding to MSA columns:
# 306-316,321-358
name=unknown_H
#
# <colnr> <probs for GDERKNQSTAVLIFYWHMCP>
#	G	D	E	R	K	N	Q	S	T	A	V	L	I	F	Y	W	H	M	C	P
0	0.00790	0.00527	0.00596	0.00599	0.00599	0.00526	0.00335	0.00792	0.00799	0.01065	0.01749	0.05443	0.02022	0.78911	0.02724	0.00521	0.00523	0.00811	0.00335	0.00333
1	0.84691	0.01054	0.00801	0.00717	0.01054	0.01223	0.00590	0.01603	0.00928	0.02446	0.00759	0.00886	0.00590	0.00506	0.00337	0.00169	0.00422	0.00295	0.00337	0.00590
2	0.01293	0.01445	0.03100	0.02225	0.02759	0.01363	0.71206	0.03921	0.01318	0.01787	0.01161	0.03612	0.00906	0.00499	0.00642	0.00184	0.00893	0.00663	0.00290	0.00733
3	0.01547	0.03040	0.01373	0.03045	0.01517	0.04488	0.00918	0.22231	0.44085	0.02471	0.01793	0.01735	0.01344	0.00699	0.00569	0.00174	0.02657	0.00552	0.04927	0.00835
4	0.04748	0.00920	0.01231	0.00950	0.01361	0.00805	0.00784	0.02589	0.01531	0.73600	0.02101	0.01833	0.01329	0.00669	0.00538	0.00168	0.00457	0.00540	0.02940	0.00907
5	0.00662	0.00551	0.00579	0.00576	0.00749	0.00467	0.00431	0.00815	0.01278	0.01568	0.15247	0.07242	0.65252	0.01354	0.00646	0.00183	0.00275	0.01140	0.00519	0.00467
6	0.00793	0.00529	0.00595	0.00595	0.00595	0.00529	0.00330	0.00793	0.00793	0.01057	0.01718	0.03568	0.01982	0.80840	0.02775	0.00529	0.00529	0.00793	0.00330	0.00330
7	0.00664	0.00474	0.00633	0.00759	0.00791	0.00443	0.00506	0.00759	0.01044	0.01392	0.03005	0.80485	0.03606	0.01708	0.00696	0.00221	0.00316	0.01550	0.00506	0.00443
8	0.00651	0.00539	0.00571	0.00593	0.00748	0.00459	0.00433	0.00785	0.01216	0.01479	0.07118	0.18478	0.62188	0.01431	0.00653	0.00190	0.00283	0.01216	0.00509	0.00459
9	0.84691	0.01054	0.00801	0.00717	0.01054	0.01223	0.00590	0.01603	0.00928	0.02446	0.00759	0.00886	0.00590	0.00506	0.00337	0.00169	0.00422	0.00295	0.00337	0.00590
10	0.80319	0.01079	0.00845	0.00745	0.01088	0.01248	0.00614	0.05519	0.01014	0.02498	0.00788	0.00908	0.00608	0.00514	0.00348	0.00168	0.00431	0.00306	0.00348	0.00608
11	0.01087	0.01061	0.03740	0.19537	0.16265	0.03132	0.07580	0.02743	0.04469	0.01606	0.01601	0.23118	0.01601	0.00858	0.00620	0.00182	0.02990	0.00779	0.00348	0.06684
12	0.01530	0.06794	0.04046	0.05792	0.12172	0.01482	0.01099	0.22224	0.34323	0.02390	0.01599	0.01603	0.01205	0.00645	0.00534	0.00171	0.00546	0.00528	0.00463	0.00853
13	0.01036	0.00987	0.03226	0.08071	0.18624	0.00946	0.16904	0.01301	0.01163	0.03187	0.02033	0.28078	0.06991	0.01049	0.02433	0.00208	0.01837	0.00922	0.00372	0.00635
14	0.01327	0.26080	0.43592	0.01338	0.01977	0.04604	0.03277	0.04124	0.03377	0.04137	0.00994	0.01123	0.00754	0.00519	0.00472	0.00155	0.00720	0.00387	0.00268	0.00775
15	0.01268	0.43453	0.24324	0.01098	0.01611	0.03405	0.01196	0.01622	0.03336	0.01529	0.07326	0.01503	0.03567	0.00595	0.00450	0.00145	0.00614	0.01965	0.00287	0.00707
16	0.01408	0.04440	0.07621	0.06530	0.28936	0.01150	0.01232	0.06544	0.04496	0.09603	0.01220	0.03019	0.00968	0.00539	0.00504	0.00146	0.00567	0.00468	0.00352	0.20256
17	0.01712	0.00958	0.01193	0.00888	0.01340	0.00780	0.00721	0.01983	0.03746	0.35001	0.01525	0.01476	0.01072	0.00533	0.00472	0.00123	0.00431	0.00431	0.00484	0.45134
18	0.01515	0.06942	0.01448	0.01161	0.01442	0.13120	0.00922	0.16582	0.29664	0.02116	0.02951	0.09065	0.01460	0.00796	0.00662	0.00178	0.08152	0.00611	0.00455	0.00758
19	0.02333	0.00957	0.01272	0.00970	0.01397	0.00835	0.00800	0.05763	0.01573	0.68962	0.02027	0.01778	0.01291	0.00654	0.00537	0.00162	0.00465	0.00529	0.00643	0.07050
20	0.00711	0.00541	0.00663	0.00729	0.00843	0.00494	0.00551	0.00868	0.01203	0.01540	0.10380	0.31304	0.30195	0.01496	0.00684	0.00210	0.00335	0.16273	0.00514	0.00468
21	0.00793	0.00581	0.00788	0.02600	0.04894	0.00598	0.00580	0.00899	0.00936	0.01271	0.02033	0.24721	0.02281	0.32323	0.17850	0.00474	0.00674	0.04891	0.00376	0.00438
22	0.00667	0.00496	0.00622	0.00711	0.00781	0.00451	0.00487	0.00781	0.01117	0.01459	0.08179	0.59736	0.19324	0.01601	0.00682	0.00210	0.00304	0.01430	0.00512	0.00451
23	0.01167	0.05590	0.11288	0.41048	0.13002	0.03827	0.06417	0.01526	0.01124	0.01495	0.00949	0.01335	0.00744	0.00561	0.00645	0.00178	0.07710	0.00470	0.00247	0.00678
24	0.02070	0.01608	0.01629	0.01266	0.01690	0.07483	0.01038	0.70094	0.02487	0.03278	0.01274	0.01284	0.00910	0.00647	0.00541	0.00162	0.00629	0.00480	0.00525	0.00905
25	0.84691	0.01054	0.00801	0.00717	0.01054	0.01223	0.00590	0.01603	0.00928	0.02446	0.00759	0.00886	0.00590	0.00506	0.00337	0.00169	0.00422	0.00295	0.00337	0.00590
26	0.01458	0.81168	0.02857	0.00933	0.01399	0.02157	0.00933	0.01632	0.01108	0.01283	0.00758	0.00875	0.00700	0.00466	0.00350	0.00117	0.00583	0.00292	0.00233	0.00700
27	0.00727	0.00555	0.00645	0.00628	0.00781	0.00493	0.00474	0.00931	0.01385	0.01847	0.40165	0.04572	0.37119	0.01225	0.00636	0.00178	0.00272	0.03020	0.03857	0.00490
28	0.00726	0.00542	0.00678	0.00696	0.00814	0.00494	0.00516	0.00918	0.01339	0.01802	0.38629	0.22500	0.20476	0.01341	0.00664	0.00192	0.00293	0.06345	0.00550	0.00485
29	0.00726	0.00554	0.00653	0.00628	0.00779	0.00492	0.00471	0.00935	0.01413	0.01895	0.46573	0.04500	0.34129	0.01211	0.00638	0.00176	0.00265	0.01042	0.02429	0.00492
30	0.00879	0.00628	0.00879	0.01004	0.01130	0.00628	0.00879	0.01130	0.01255	0.01632	0.02887	0.06150	0.03138	0.01506	0.00753	0.00251	0.00502	0.73770	0.00502	0.00502
31	0.02022	0.01472	0.01584	0.01223	0.01642	0.01624	0.01004	0.69793	0.04222	0.05033	0.01363	0.01412	0.00989	0.03279	0.00619	0.00176	0.00591	0.00505	0.00542	0.00906
32	0.41725	0.01285	0.06446	0.10539	0.20338	0.03380	0.01094	0.04580	0.02650	0.02118	0.00917	0.01126	0.00718	0.00518	0.00440	0.00168	0.00561	0.00387	0.00314	0.00694
33	0.05205	0.10190	0.37565	0.01502	0.06334	0.05899	0.05782	0.09711	0.01330	0.05959	0.01056	0.01240	0.00796	0.02310	0.00588	0.00173	0.02849	0.00430	0.00304	0.00778
34	0.02095	0.01491	0.01614	0.01237	0.01673	0.01637	0.01022	0.71213	0.02503	0.07930	0.01360	0.01342	0.00953	0.00656	0.00546	0.00164	0.00592	0.00494	0.00553	0.00927
35	0.01030	0.00969	0.01635	0.79530	0.03755	0.01211	0.01514	0.01393	0.01090	0.01393	0.00969	0.01453	0.00727	0.00545	0.00545	0.00182	0.00727	0.00484	0.00242	0.00606
36	0.00704	0.00575	0.02765	0.00816	0.00867	0.00530	0.00583	0.00814	0.01036	0.01396	0.02829	0.74158	0.03375	0.01636	0.00749	0.00221	0.04538	0.01462	0.00485	0.00461
37	0.01154	0.00766	0.01040	0.28319	0.01859	0.00861	0.00861	0.06531	0.01230	0.05704	0.01464	0.01776	0.01125	0.00790	0.04602	0.00190	0.00518	0.00505	0.40113	0.00592
38	0.00792	0.00604	0.00902	0.00894	0.00988	0.00714	0.00698	0.00985	0.00875	0.01267	0.01436	0.02111	0.01342	0.03986	0.76165	0.00855	0.04023	0.00581	0.00290	0.00490
39	0.01193	0.01193	0.01670	0.01431	0.01431	0.01670	0.01193	0.01312	0.00835	0.01312	0.00716	0.01193	0.00716	0.00954	0.01789	0.00239	0.79843	0.00477	0.00239	0.00596
40	0.62017	0.01019	0.00929	0.00787	0.01147	0.01107	0.00649	0.01893	0.01102	0.23225	0.01143	0.01153	0.00800	0.00553	0.00396	0.00169	0.00433	0.00365	0.00430	0.00683
41	0.00750	0.00556	0.00699	0.00663	0.00801	0.00505	0.00497	0.00987	0.01492	0.02065	0.64971	0.04272	0.17400	0.01160	0.00643	0.00174	0.00260	0.01014	0.00584	0.00505
42	0.01130	0.00969	0.01130	0.00807	0.01292	0.00727	0.00646	0.01373	0.01130	0.01776	0.00969	0.01130	0.00807	0.00404	0.00404	0.00081	0.00404	0.00323	0.00323	0.84173
43	0.01202	0.01138	0.01928	0.29694	0.47767	0.01221	0.01556	0.01527	0.01178	0.01626	0.01111	0.05573	0.00961	0.00571	0.00550	0.00172	0.00658	0.00542	0.00273	0.00752
44	0.00661	0.00553	0.00576	0.00570	0.00747	0.00467	0.00427	0.00815	0.01282	0.01567	0.14995	0.05091	0.67687	0.01346	0.00644	0.00182	0.00274	0.01129	0.00519	0.00467
45	0.00716	0.00517	0.00685	0.00773	0.00844	0.00485	0.00560	0.00867	0.01179	0.01582	0.17127	0.51614	0.06939	0.01551	0.00692	0.00215	0.00331	0.12334	0.00523	0.00466
46	0.01459	0.01280	0.03976	0.01587	0.14304	0.05443	0.11264	0.10768	0.03118	0.09415	0.01252	0.03530	0.01001	0.00744	0.04650	0.00185	0.02508	0.00498	0.00371	0.22647
47	0.03268	0.05667	0.03740	0.00998	0.01390	0.01057	0.00841	0.06439	0.19343	0.37765	0.02006	0.01902	0.03394	0.00686	0.00527	0.00165	0.00467	0.01795	0.02951	0.05599
48	0.03176	0.16716	0.05445	0.07684	0.12906	0.01296	0.06130	0.09896	0.03488	0.01795	0.03615	0.03405	0.06438	0.04696	0.03095	0.00194	0.00603	0.00541	0.00340	0.08542

[dist]
# distance from previous block
# <min> <max>
1	63

[block]
# block no. 8 follows, 44 sequences, length 19
# corresponding to MSA columns:
# 445-447,456-471
name=unknown_I
#
# <colnr> <probs for GDERKNQSTAVLIFYWHMCP>
#	G	D	E	R	K	N	Q	S	T	A	V	L	I	F	Y	W	H	M	C	P
0	0.01420	0.25993	0.15701	0.01196	0.04836	0.06917	0.03082	0.07463	0.02706	0.07647	0.01488	0.03090	0.07129	0.04268	0.00585	0.00166	0.00612	0.00494	0.00340	0.04868
1	0.05084	0.33501	0.01903	0.01158	0.07659	0.04252	0.02937	0.06490	0.01159	0.01518	0.01223	0.07610	0.01238	0.14983	0.00938	0.00220	0.04824	0.02364	0.00310	0.00627
2	0.05130	0.04261	0.03626	0.00758	0.00829	0.00625	0.00565	0.00844	0.00762	0.01078	0.00951	0.01585	0.00926	0.01799	0.05013	0.69713	0.00528	0.00458	0.00244	0.00306
3	0.01345	0.18880	0.06469	0.04411	0.13697	0.06929	0.03867	0.12082	0.01357	0.01747	0.01492	0.10479	0.04957	0.03630	0.00665	0.00180	0.04348	0.02429	0.00343	0.00694
4	0.01239	0.02880	0.06573	0.07515	0.26117	0.01017	0.01141	0.01570	0.03285	0.05190	0.01172	0.04168	0.00982	0.00589	0.01882	0.00148	0.00553	0.00463	0.02186	0.31330
5	0.01326	0.00668	0.00843	0.00746	0.00909	0.00630	0.00530	0.01428	0.01089	0.26480	0.02121	0.02976	0.07393	0.40096	0.10031	0.00421	0.00588	0.00717	0.00453	0.00554
6	0.10140	0.04250	0.07839	0.10933	0.23260	0.04748	0.02687	0.14946	0.01431	0.03483	0.01350	0.01688	0.04712	0.00635	0.00550	0.00171	0.02104	0.03972	0.00349	0.00752
7	0.01614	0.13040	0.07373	0.09378	0.03570	0.14268	0.04802	0.18751	0.09545	0.05989	0.02545	0.01525	0.02784	0.00626	0.00520	0.00161	0.00667	0.01692	0.00390	0.00761
8	0.00781	0.00577	0.00838	0.00838	0.00922	0.00661	0.00634	0.00949	0.00865	0.01237	0.01495	0.02335	0.01447	0.14480	0.68404	0.00829	0.01334	0.00612	0.00297	0.00466
9	0.00692	0.00542	0.00632	0.00681	0.00803	0.00488	0.00496	0.00861	0.02840	0.01524	0.09807	0.33536	0.37590	0.01478	0.00669	0.00201	0.00308	0.05871	0.00514	0.00469
