[name]
unknown

[dist]
# distance from previous block
# <min> <max>
0	111

[block]
# block no. 0 follows, 59 sequences, length 10
# corresponding to MSA columns:
# 145-149,157-161
name=unknown_A
#
# <colnr> <probs for GDERKNQSTAVLIFYWHMCP>
#	G	D	E	R	K	N	Q	S	T	A	V	L	I	F	Y	W	H	M	C	P
0	0.00750	0.00980	0.22462	0.00917	0.01168	0.00641	0.00942	0.01033	0.00994	0.01337	0.02014	0.03870	0.05267	0.01002	0.00556	0.00184	0.00465	0.54599	0.00348	0.00471
1	0.01009	0.62213	0.01833	0.00718	0.01002	0.01377	0.00663	0.01134	0.00884	0.01063	0.01100	0.23005	0.01196	0.00646	0.00358	0.00117	0.00415	0.00508	0.00248	0.00511
2	0.01137	0.00826	0.01147	0.01221	0.22581	0.00711	0.00761	0.01347	0.01027	0.16157	0.06641	0.01238	0.00993	0.00425	0.00391	0.00101	0.00380	0.00368	0.00318	0.42228
3	0.00928	0.01993	0.60935	0.01420	0.02018	0.01050	0.22594	0.01403	0.00962	0.01403	0.00820	0.01002	0.00589	0.00407	0.00447	0.00142	0.00677	0.00378	0.00196	0.00637
4	0.04034	0.01214	0.22712	0.00931	0.01348	0.00844	0.00924	0.07711	0.06817	0.46735	0.01410	0.01306	0.00926	0.00511	0.00433	0.00138	0.00455	0.00407	0.00428	0.00714
5	0.00635	0.00429	0.00480	0.00480	0.00489	0.00425	0.00272	0.00642	0.00664	0.00877	0.01578	0.02973	0.06442	0.79435	0.02144	0.00411	0.00416	0.00660	0.00276	0.00274
6	0.00538	0.00384	0.00512	0.00615	0.00641	0.00359	0.00410	0.00615	0.00846	0.01127	0.02434	0.84190	0.02921	0.01384	0.00564	0.00179	0.00256	0.01256	0.00410	0.00359
7	0.01107	0.52058	0.12438	0.01114	0.01545	0.01488	0.22062	0.01357	0.00941	0.01185	0.00711	0.00866	0.00593	0.00382	0.00364	0.00115	0.00568	0.00324	0.00198	0.00585
8	0.00608	0.00449	0.00567	0.00590	0.00683	0.00417	0.00448	0.00763	0.01056	0.01414	0.33607	0.17374	0.18567	0.05726	0.00641	0.00176	0.00270	0.15825	0.00431	0.00388
9	0.01689	0.01161	0.22703	0.00912	0.01337	0.00750	0.00912	0.01951	0.01176	0.60494	0.01489	0.01351	0.00951	0.00513	0.00438	0.00138	0.00450	0.00413	0.00450	0.00725

[dist]
# distance from previous block
# <min> <max>
0	19

[block]
# block no. 1 follows, 59 sequences, length 85
# corresponding to MSA columns:
# 183-186,190-215,223-253,259-272,283-292
name=unknown_B
#
# <colnr> <probs for GDERKNQSTAVLIFYWHMCP>
#	G	D	E	R	K	N	Q	S	T	A	V	L	I	F	Y	W	H	M	C	P
0	0.01597	0.02091	0.06991	0.01143	0.01404	0.74370	0.00908	0.04194	0.01255	0.01157	0.00702	0.00814	0.00574	0.00455	0.00401	0.00116	0.00777	0.00291	0.00231	0.00529
1	0.01007	0.01134	0.02458	0.01773	0.02190	0.01063	0.74469	0.01358	0.01028	0.01394	0.01003	0.07074	0.00830	0.00444	0.00524	0.00151	0.00710	0.00573	0.00237	0.00579
2	0.00654	0.00490	0.00669	0.00711	0.06402	0.00458	0.00480	0.00855	0.01199	0.01695	0.69861	0.07813	0.03807	0.02294	0.00546	0.00146	0.00237	0.00794	0.00459	0.00431
3	0.00657	0.00564	0.00707	0.00642	0.00813	0.00528	0.06070	0.00945	0.10634	0.01395	0.17119	0.03599	0.48224	0.00972	0.00518	0.00151	0.00284	0.05327	0.00415	0.00437
4	0.01066	0.01011	0.01716	0.02576	0.75995	0.01011	0.01310	0.01324	0.01006	0.01434	0.00938	0.01369	0.00830	0.00452	0.00449	0.00136	0.00516	0.05947	0.00232	0.00679
5	0.00558	0.00386	0.00517	0.00608	0.00634	0.00361	0.00406	0.00612	0.00825	0.01097	0.02330	0.75087	0.04421	0.01391	0.00666	0.07929	0.00267	0.01171	0.00391	0.00344
6	0.01069	0.01028	0.01734	0.07267	0.71464	0.01067	0.01320	0.01322	0.00975	0.01398	0.00810	0.01089	0.00685	0.00423	0.00509	0.00136	0.06422	0.00393	0.00216	0.00672
7	0.00780	0.00560	0.00755	0.00828	0.00947	0.00569	0.00721	0.06538	0.01092	0.01425	0.02248	0.04704	0.02415	0.01171	0.00598	0.00198	0.00412	0.73197	0.00409	0.00431
8	0.00639	0.00441	0.00548	0.00548	0.00571	0.00464	0.00350	0.00685	0.00662	0.00906	0.01331	0.02554	0.01460	0.60843	0.25684	0.00510	0.00648	0.00593	0.00259	0.00305
9	0.00968	0.00879	0.00940	0.00688	0.01069	0.06409	0.00547	0.01158	0.00940	0.01414	0.00778	0.00907	0.00648	0.00336	0.00332	0.00069	0.00360	0.00263	0.00259	0.81035
10	0.00738	0.00591	0.00733	0.00719	0.00807	0.06365	0.00547	0.00878	0.00755	0.03060	0.01183	0.01779	0.01116	0.11193	0.66727	0.00625	0.01059	0.00476	0.00247	0.00399
11	0.00674	0.00472	0.00575	0.00640	0.06240	0.00472	0.00345	0.00693	0.00668	0.00898	0.01352	0.02763	0.01541	0.78518	0.02120	0.00407	0.00435	0.00625	0.00264	0.00298
12	0.01134	0.78769	0.02182	0.00734	0.01096	0.01650	0.00726	0.01274	0.00905	0.01050	0.00888	0.00960	0.06306	0.00430	0.00300	0.00098	0.00455	0.00285	0.00205	0.00553
13	0.00613	0.00504	0.00522	0.00497	0.00657	0.00447	0.00378	0.06294	0.01103	0.01354	0.10709	0.03944	0.69310	0.01059	0.00516	0.00147	0.00241	0.00883	0.00419	0.00403
14	0.01982	0.00752	0.01025	0.00786	0.01127	0.00649	0.00649	0.02152	0.01264	0.82029	0.01742	0.01503	0.01093	0.00547	0.00444	0.00137	0.00376	0.00444	0.00547	0.00752
15	0.00966	0.00966	0.01353	0.01160	0.01160	0.01353	0.00966	0.01063	0.00676	0.01063	0.00580	0.00966	0.00580	0.00773	0.01449	0.00193	0.83670	0.00387	0.00193	0.00483
16	0.01397	0.02751	0.01057	0.00819	0.01094	0.01074	0.00670	0.53482	0.01687	0.02386	0.01171	0.01239	0.00868	0.00522	0.00396	0.00122	0.00397	0.00399	0.27829	0.00640
17	0.00716	0.00491	0.00625	0.00625	0.00727	0.00474	0.00455	0.00971	0.08835	0.06168	0.38280	0.34607	0.03229	0.01040	0.00526	0.00156	0.00250	0.00927	0.00456	0.00441
18	0.00552	0.00394	0.00528	0.00630	0.00662	0.00370	0.00434	0.00638	0.00859	0.01143	0.02427	0.78003	0.02892	0.01371	0.00567	0.00181	0.00268	0.07309	0.00410	0.00362
19	0.01018	0.00472	0.00524	0.00481	0.00625	0.00453	0.00371	0.01217	0.00995	0.15577	0.04043	0.01674	0.01222	0.00532	0.00339	0.00110	0.00235	0.00430	0.69211	0.00471
20	0.01966	0.00755	0.01024	0.00788	0.01128	0.00657	0.00650	0.02156	0.02709	0.80575	0.01743	0.01506	0.01098	0.00548	0.00444	0.00137	0.00375	0.00445	0.00545	0.00751
21	0.00584	0.00396	0.00529	0.00620	0.00656	0.00368	0.00418	0.00664	0.00859	0.03705	0.02412	0.81556	0.02863	0.01357	0.00560	0.00178	0.00260	0.01230	0.00414	0.00371
22	0.01449	0.00971	0.01273	0.01026	0.01225	0.01138	0.02522	0.20527	0.01201	0.26091	0.01056	0.01157	0.00779	0.00637	0.00881	0.00160	0.36503	0.00410	0.00361	0.00632
23	0.00625	0.00451	0.00590	0.00556	0.00660	0.00417	0.00417	0.00833	0.01250	0.01771	0.81490	0.03299	0.04167	0.00903	0.00521	0.00139	0.00208	0.00799	0.00486	0.00417
24	0.00856	0.00808	0.01365	0.76486	0.09799	0.00987	0.01238	0.01148	0.00894	0.01155	0.00789	0.01170	0.00598	0.00437	0.00441	0.00146	0.00583	0.00393	0.00198	0.00509
25	0.00904	0.07492	0.77145	0.01227	0.01862	0.01071	0.01576	0.01394	0.00930	0.01376	0.00781	0.00918	0.00560	0.00417	0.00411	0.00137	0.00641	0.00321	0.00187	0.00647
26	0.01181	0.84744	0.02314	0.00756	0.01134	0.01748	0.00756	0.01323	0.00897	0.01039	0.00614	0.00708	0.00567	0.00378	0.00283	0.00094	0.00472	0.00236	0.00189	0.00567
27	0.00538	0.00384	0.00512	0.00615	0.00641	0.00359	0.00410	0.00615	0.00846	0.01127	0.02434	0.84190	0.02921	0.01384	0.00564	0.00179	0.00256	0.01256	0.00410	0.00359
28	0.87598	0.00854	0.00649	0.00581	0.00854	0.00991	0.00478	0.01298	0.00752	0.01982	0.00615	0.00717	0.00478	0.00410	0.00273	0.00137	0.00342	0.00239	0.00273	0.00478
29	0.01343	0.00970	0.01051	0.00814	0.01160	0.05576	0.00655	0.17787	0.11797	0.17146	0.01152	0.01147	0.00845	0.00454	0.00393	0.00107	0.00399	0.00357	0.00376	0.36469
30	0.68685	0.01129	0.00782	0.00703	0.00967	0.18972	0.00561	0.01401	0.00862	0.01783	0.00630	0.00735	0.00498	0.00420	0.00301	0.00132	0.00442	0.00249	0.00263	0.00486
31	0.01976	0.00761	0.01031	0.00790	0.01132	0.00663	0.00653	0.03679	0.01280	0.80480	0.01729	0.01495	0.01087	0.00546	0.00444	0.00137	0.00378	0.00443	0.00545	0.00752
32	0.01023	0.01148	0.02355	0.01718	0.02094	0.02574	0.66681	0.01348	0.00998	0.01358	0.00925	0.04853	0.00759	0.00462	0.00620	0.00154	0.09595	0.00535	0.00229	0.00572
33	0.03355	0.00772	0.01035	0.00804	0.01132	0.00696	0.02786	0.04298	0.05382	0.67294	0.01840	0.01634	0.05726	0.00575	0.00448	0.00138	0.00378	0.00472	0.00517	0.00718
34	0.00642	0.00428	0.00482	0.00482	0.00482	0.00428	0.00268	0.00642	0.00642	0.00856	0.01392	0.02890	0.01606	0.84478	0.02248	0.00428	0.00428	0.00642	0.00268	0.00268
35	0.01679	0.01237	0.01325	0.01016	0.01370	0.01370	0.00839	0.80251	0.02077	0.02783	0.01060	0.01060	0.00751	0.00530	0.00442	0.00133	0.00486	0.00398	0.00442	0.00751
36	0.00834	0.00785	0.01325	0.83417	0.03042	0.00981	0.01227	0.01128	0.00883	0.01128	0.00785	0.01178	0.00589	0.00442	0.00442	0.00147	0.00589	0.00393	0.00196	0.00491
37	0.01093	0.01049	0.01793	0.02711	0.81723	0.01049	0.01355	0.01355	0.01006	0.01443	0.00831	0.01093	0.00700	0.00394	0.00437	0.00131	0.00525	0.00394	0.00219	0.00700
38	0.00948	0.00935	0.01302	0.01120	0.01120	0.01299	0.00926	0.01039	0.00674	0.01051	0.00627	0.01078	0.00639	0.05613	0.01496	0.00207	0.78857	0.00401	0.00198	0.00471
39	0.00916	0.00785	0.00916	0.00654	0.01047	0.00589	0.00523	0.01112	0.00916	0.01439	0.00785	0.00916	0.00654	0.00327	0.00327	0.00065	0.00327	0.00262	0.00262	0.87178
40	0.00553	0.00398	0.00528	0.00625	0.00663	0.00373	0.00434	0.00643	0.00868	0.01148	0.02516	0.73500	0.06362	0.01357	0.00566	0.00180	0.00268	0.08243	0.00410	0.00364
41	0.01808	0.01029	0.01197	0.00918	0.01266	0.01061	0.00758	0.46841	0.01729	0.36684	0.01352	0.01250	0.00897	0.00537	0.00443	0.00134	0.00439	0.00418	0.00487	0.00751
42	0.00817	0.00411	0.00414	0.00416	0.00517	0.00411	0.00311	0.01020	0.00924	0.01635	0.01462	0.03423	0.01171	0.00533	0.00314	0.00105	0.00207	0.00430	0.85068	0.00411
43	0.00767	0.00384	0.00575	0.00575	0.00575	0.00384	0.00384	0.00575	0.00575	0.00767	0.00767	0.01343	0.00767	0.01534	0.01726	0.87150	0.00384	0.00384	0.00192	0.00192
44	0.00538	0.00384	0.00512	0.00615	0.00641	0.00359	0.00410	0.00615	0.00846	0.01127	0.02434	0.84190	0.02921	0.01384	0.00564	0.00179	0.00256	0.01256	0.00410	0.00359
45	0.01679	0.01237	0.01325	0.01016	0.01370	0.01370	0.00839	0.80251	0.02077	0.02783	0.01060	0.01060	0.00751	0.00530	0.00442	0.00133	0.00486	0.00398	0.00442	0.00751
46	0.01019	0.00868	0.00950	0.00867	0.01088	0.01006	0.00674	0.02083	0.67346	0.01708	0.01694	0.01663	0.01307	0.01059	0.14378	0.00245	0.00491	0.00495	0.00413	0.00647
47	0.00712	0.00508	0.00712	0.00813	0.00915	0.00508	0.00712	0.00915	0.01017	0.01322	0.02338	0.04982	0.02542	0.01220	0.00610	0.00203	0.00407	0.78750	0.00407	0.00407
48	0.00538	0.00384	0.00512	0.00615	0.00641	0.00359	0.00410	0.00615	0.00846	0.01127	0.02434	0.84190	0.02921	0.01384	0.00564	0.00179	0.00256	0.01256	0.00410	0.00359
49	0.00659	0.00476	0.00614	0.00570	0.00682	0.00447	0.00430	0.03363	0.01277	0.01803	0.78928	0.03228	0.04058	0.00891	0.00518	0.00139	0.00217	0.00786	0.00485	0.00427
50	0.00612	0.00467	0.00554	0.00529	0.00654	0.00426	0.00398	0.00826	0.03998	0.01581	0.51724	0.03521	0.29467	0.00955	0.00515	0.00142	0.00218	0.00824	0.02176	0.00412
51	0.00642	0.00428	0.00482	0.00482	0.00482	0.00428	0.00268	0.00642	0.00642	0.00856	0.01392	0.02890	0.01606	0.84478	0.02248	0.00428	0.00428	0.00642	0.00268	0.00268
52	0.01929	0.00836	0.01077	0.00826	0.01170	0.00775	0.00682	0.15762	0.01406	0.68220	0.01624	0.01426	0.01034	0.00544	0.00444	0.00136	0.00395	0.00436	0.00528	0.00752
53	0.69365	0.00935	0.00793	0.00673	0.00964	0.01071	0.00555	0.18053	0.01033	0.02152	0.00709	0.00790	0.00536	0.00435	0.00309	0.00136	0.00372	0.00273	0.00309	0.00536
54	0.76261	0.00862	0.00712	0.00618	0.00901	0.00978	0.00509	0.04919	0.00856	0.09009	0.00733	0.00802	0.00544	0.00427	0.00296	0.00136	0.00351	0.00264	0.00305	0.00514
55	0.00708	0.00506	0.00708	0.00809	0.00910	0.00505	0.00706	0.00909	0.01013	0.01318	0.02340	0.06555	0.02549	0.01223	0.00609	0.00203	0.00404	0.77212	0.00407	0.00406
56	0.00585	0.00422	0.00554	0.00580	0.00650	0.00391	0.00412	0.00734	0.01069	0.01479	0.45514	0.38644	0.05080	0.01117	0.00540	0.00157	0.00230	0.01001	0.00451	0.00391
57	0.01336	0.00595	0.00726	0.00608	0.00823	0.00555	0.00485	0.04999	0.01146	0.35709	0.07831	0.01690	0.01337	0.00559	0.00389	0.00121	0.00290	0.00455	0.39777	0.00571
58	0.01669	0.02012	0.01240	0.01116	0.01352	0.76555	0.00842	0.03240	0.01268	0.05693	0.00750	0.00841	0.00602	0.00462	0.00402	0.00115	0.00767	0.00296	0.00250	0.00530
59	0.69165	0.00832	0.00730	0.00625	0.00913	0.00917	0.00515	0.01482	0.00862	0.19216	0.00858	0.00887	0.00611	0.00439	0.00310	0.00137	0.00349	0.00283	0.00332	0.00537
60	0.00538	0.00384	0.00512	0.00615	0.00641	0.00359	0.00410	0.00615	0.00846	0.01127	0.02434	0.84190	0.02921	0.01384	0.00564	0.00179	0.00256	0.01256	0.00410	0.00359
61	0.00538	0.00384	0.00512	0.00615	0.00641	0.00359	0.00410	0.00615	0.00846	0.01127	0.02434	0.84190	0.02921	0.01384	0.00564	0.00179	0.00256	0.01256	0.00410	0.00359
62	0.79641	0.00845	0.00684	0.00600	0.00880	0.00959	0.00494	0.01378	0.00799	0.09421	0.00720	0.00791	0.00535	0.00423	0.00289	0.00137	0.00345	0.00258	0.00299	0.00504
63	0.00886	0.02285	0.82190	0.01259	0.01912	0.01026	0.01632	0.01399	0.00932	0.01399	0.00793	0.00932	0.00559	0.00420	0.00420	0.00140	0.00653	0.00326	0.00186	0.00653
64	0.00926	0.00794	0.00921	0.00668	0.01053	0.00618	0.00533	0.01183	0.05542	0.01463	0.00844	0.00958	0.00694	0.00343	0.00334	0.00070	0.00328	0.00275	0.00273	0.82178
65	0.00546	0.00459	0.00478	0.00469	0.00621	0.00385	0.00354	0.00670	0.01024	0.01251	0.10769	0.04078	0.71291	0.01077	0.00517	0.00147	0.00229	0.02128	0.00412	0.03094
66	0.00538	0.00386	0.00511	0.00610	0.00639	0.00359	0.00408	0.00616	0.00850	0.01129	0.02492	0.81910	0.05164	0.01376	0.00563	0.00179	0.00255	0.01246	0.00410	0.00359
67	0.05493	0.05636	0.01099	0.00787	0.01128	0.00762	0.00658	0.05922	0.01262	0.70096	0.01596	0.01403	0.01020	0.00530	0.00428	0.00134	0.00385	0.00421	0.00509	0.00730
68	0.00916	0.00785	0.00916	0.00654	0.01047	0.00589	0.00523	0.01112	0.00916	0.01439	0.00785	0.00916	0.00654	0.00327	0.00327	0.00065	0.00327	0.00262	0.00262	0.87178
69	0.00538	0.00384	0.00512	0.00615	0.00641	0.00359	0.00410	0.00615	0.00846	0.01127	0.02434	0.84190	0.02921	0.01384	0.00564	0.00179	0.00256	0.01256	0.00410	0.00359
70	0.01093	0.01049	0.01793	0.02711	0.81723	0.01049	0.01355	0.01355	0.01006	0.01443	0.00831	0.01093	0.00700	0.00394	0.00437	0.00131	0.00525	0.00394	0.00219	0.00700
71	0.01632	0.05281	0.01292	0.01123	0.01356	0.79594	0.00850	0.01747	0.01238	0.01079	0.00680	0.00793	0.00569	0.00452	0.00394	0.00113	0.00784	0.00283	0.00226	0.00514
72	0.02459	0.01040	0.01038	0.00919	0.01177	0.05840	0.00717	0.09369	0.67979	0.01890	0.01649	0.01532	0.01236	0.00582	0.00443	0.00146	0.00388	0.00474	0.00433	0.00690
73	0.04718	0.00950	0.01226	0.00898	0.01283	0.05473	0.13956	0.04263	0.00999	0.02518	0.00813	0.00960	0.00654	0.00356	0.00367	0.00089	0.00432	0.00313	0.00264	0.59467
74	0.01042	0.01191	0.02606	0.01862	0.02308	0.01117	0.80119	0.01415	0.01042	0.01415	0.00894	0.01191	0.00670	0.00372	0.00521	0.00149	0.00745	0.00521	0.00223	0.00596
75	0.00567	0.00416	0.00533	0.00579	0.00646	0.00382	0.00408	0.00692	0.00997	0.01343	0.27731	0.47106	0.13167	0.01195	0.00546	0.00163	0.00240	0.02476	0.00434	0.00380
76	0.02855	0.00470	0.00592	0.00609	0.00706	0.00442	0.02038	0.00785	0.02939	0.03187	0.15158	0.36944	0.20336	0.04788	0.02156	0.00185	0.00291	0.04715	0.00409	0.00396
77	0.00602	0.00446	0.00562	0.00543	0.00648	0.00405	0.00404	0.00785	0.01180	0.01630	0.63212	0.09845	0.16151	0.00975	0.00524	0.00144	0.00215	0.00856	0.00468	0.00405
78	0.27052	0.00782	0.00915	0.00726	0.01047	0.00749	0.00599	0.01902	0.01114	0.58589	0.01412	0.01273	0.00913	0.00507	0.00394	0.00137	0.00366	0.00384	0.00467	0.00672
79	0.01151	0.00975	0.01028	0.00909	0.01168	0.01123	0.00712	0.09358	0.73829	0.01932	0.01731	0.01595	0.01294	0.00593	0.00449	0.00148	0.00362	0.00490	0.00449	0.00704
80	0.03143	0.00534	0.00654	0.00588	0.00767	0.00474	0.00453	0.01112	0.01127	0.22829	0.26489	0.10268	0.28019	0.00908	0.00498	0.00145	0.00265	0.00774	0.00466	0.00488
81	0.00685	0.00498	0.00619	0.00580	0.00698	0.00483	0.00437	0.00995	0.09042	0.01770	0.68426	0.03029	0.03692	0.00848	0.00500	0.00138	0.00222	0.00744	0.06152	0.00444
82	0.00767	0.00384	0.00575	0.00575	0.00575	0.00384	0.00384	0.00575	0.00575	0.00767	0.00767	0.01343	0.00767	0.01534	0.01726	0.87150	0.00384	0.00384	0.00192	0.00192
83	0.00631	0.00473	0.00710	0.00710	0.00789	0.00552	0.00552	0.00789	0.00710	0.01025	0.01183	0.01735	0.01104	0.03312	0.82728	0.00710	0.01183	0.00473	0.00237	0.00394
84	0.00696	0.00464	0.00589	0.00587	0.00696	0.00424	0.00441	0.00849	0.01079	0.07147	0.35371	0.19089	0.16911	0.04930	0.00613	0.00168	0.00263	0.08824	0.00444	0.00414

[dist]
# distance from previous block
# <min> <max>
0	18

[block]
# block no. 2 follows, 59 sequences, length 128
# corresponding to MSA columns:
# 311-438
name=unknown_C
#
# <colnr> <probs for GDERKNQSTAVLIFYWHMCP>
#	G	D	E	R	K	N	Q	S	T	A	V	L	I	F	Y	W	H	M	C	P
0	0.00591	0.00452	0.00541	0.00526	0.00645	0.00405	0.00398	0.00760	0.01137	0.01517	0.47479	0.03729	0.32924	0.02487	0.00556	0.00151	0.00228	0.04626	0.00450	0.00397
1	0.00642	0.00428	0.00482	0.00482	0.00482	0.00428	0.00268	0.00642	0.00642	0.00856	0.01392	0.02890	0.01606	0.84478	0.02248	0.00428	0.00428	0.00642	0.00268	0.00268
2	0.00631	0.00473	0.00710	0.00710	0.00789	0.00552	0.00552	0.00789	0.00710	0.01025	0.01183	0.01735	0.01104	0.03312	0.82728	0.00710	0.01183	0.00473	0.00237	0.00394
3	0.01074	0.00918	0.00975	0.00885	0.01123	0.01056	0.00688	0.03535	0.74195	0.01818	0.01827	0.05705	0.01437	0.00648	0.00458	0.00152	0.00348	0.02034	0.00447	0.00678
4	0.00916	0.00785	0.00916	0.00654	0.01047	0.00589	0.00523	0.01112	0.00916	0.01439	0.00785	0.00916	0.00654	0.00327	0.00327	0.00065	0.00327	0.00262	0.00262	0.87178
5	0.00636	0.00428	0.00492	0.00502	0.00513	0.00423	0.00296	0.00648	0.00680	0.00900	0.01596	0.08233	0.04753	0.71573	0.02009	0.02056	0.00408	0.03288	0.00285	0.00281
6	0.01176	0.83354	0.03661	0.00764	0.01147	0.01735	0.00770	0.01324	0.00898	0.01045	0.00617	0.00712	0.00567	0.00379	0.00286	0.00095	0.00475	0.00238	0.00189	0.00568
7	0.00541	0.00443	0.00470	0.00473	0.00601	0.00380	0.00347	0.00656	0.01006	0.01238	0.12987	0.09471	0.63520	0.05154	0.00608	0.00164	0.00234	0.00925	0.00412	0.00372
8	0.87598	0.00854	0.00649	0.00581	0.00854	0.00991	0.00478	0.01298	0.00752	0.01982	0.00615	0.00717	0.00478	0.00410	0.00273	0.00137	0.00342	0.00239	0.00273	0.00478
9	0.00632	0.00470	0.00695	0.00695	0.00769	0.00544	0.00534	0.00779	0.00706	0.01015	0.01196	0.01809	0.01136	0.08479	0.77605	0.00692	0.01135	0.00484	0.00239	0.00386
10	0.01123	0.01054	0.01750	0.04898	0.74371	0.01068	0.01319	0.06371	0.01070	0.01519	0.00844	0.01093	0.00700	0.00404	0.00438	0.00132	0.00524	0.00394	0.00232	0.00697
11	0.00667	0.00464	0.00564	0.00548	0.00660	0.00423	0.00400	0.00833	0.02513	0.05695	0.38796	0.14265	0.24101	0.07292	0.00652	0.00169	0.00247	0.00860	0.00442	0.00409
12	0.14176	0.00791	0.00970	0.00762	0.01080	0.00748	0.00627	0.08913	0.01262	0.58414	0.06528	0.01464	0.01167	0.00548	0.00424	0.00136	0.00370	0.00433	0.00494	0.00691
13	0.01093	0.01049	0.01793	0.02711	0.81723	0.01049	0.01355	0.01355	0.01006	0.01443	0.00831	0.01093	0.00700	0.00394	0.00437	0.00131	0.00525	0.00394	0.00219	0.00700
14	0.00642	0.00428	0.00482	0.00482	0.00482	0.00428	0.00268	0.00642	0.00642	0.00856	0.01392	0.02890	0.01606	0.84478	0.02248	0.00428	0.00428	0.00642	0.00268	0.00268
15	0.00541	0.00386	0.00512	0.00611	0.00636	0.00361	0.00406	0.00616	0.00840	0.01120	0.02405	0.81878	0.02884	0.03747	0.00612	0.00186	0.00261	0.01238	0.00406	0.00356
16	0.00916	0.00785	0.00916	0.00654	0.01047	0.00589	0.00523	0.01112	0.00916	0.01439	0.00785	0.00916	0.00654	0.00327	0.00327	0.00065	0.00327	0.00262	0.00262	0.87178
17	0.00611	0.00450	0.00571	0.00543	0.00652	0.00410	0.00406	0.00804	0.01212	0.01687	0.70387	0.04867	0.13878	0.00939	0.00522	0.00141	0.00211	0.00824	0.00475	0.00410
18	0.01093	0.01049	0.01793	0.02711	0.81723	0.01049	0.01355	0.01355	0.01006	0.01443	0.00831	0.01093	0.00700	0.00394	0.00437	0.00131	0.00525	0.00394	0.00219	0.00700
19	0.00553	0.00433	0.00503	0.00532	0.00635	0.00382	0.00389	0.00675	0.01000	0.01275	0.16386	0.27581	0.41976	0.01166	0.00538	0.00159	0.00240	0.04779	0.00422	0.00378
20	0.00689	0.00492	0.00604	0.00566	0.00696	0.00458	0.00428	0.00938	0.06056	0.04974	0.57094	0.04584	0.18910	0.00919	0.00514	0.00142	0.00228	0.00799	0.00470	0.00438
21	0.01133	0.00528	0.00640	0.00571	0.00722	0.00495	0.00427	0.01273	0.00963	0.26868	0.01584	0.03461	0.01340	0.22233	0.00871	0.00204	0.00328	0.04295	0.31586	0.00481
22	0.01768	0.01094	0.01237	0.00948	0.01298	0.01158	0.00784	0.57304	0.01838	0.26067	0.01261	0.01191	0.00852	0.00535	0.00443	0.00134	0.00454	0.00411	0.00473	0.00751
23	0.05218	0.00731	0.00942	0.00760	0.01052	0.00674	0.00614	0.01941	0.09416	0.59173	0.09079	0.05661	0.01466	0.00620	0.00451	0.00140	0.00350	0.00513	0.00513	0.00685
24	0.00706	0.00504	0.00705	0.00807	0.00906	0.00503	0.00702	0.00905	0.01011	0.01315	0.02342	0.07568	0.02554	0.01225	0.00609	0.00203	0.00402	0.76221	0.00407	0.00405
25	0.01093	0.01049	0.01793	0.02711	0.81723	0.01049	0.01355	0.01355	0.01006	0.01443	0.00831	0.01093	0.00700	0.00394	0.00437	0.00131	0.00525	0.00394	0.00219	0.00700
26	0.00886	0.02285	0.82190	0.01259	0.01912	0.01026	0.01632	0.01399	0.00932	0.01399	0.00793	0.00932	0.00559	0.00420	0.00420	0.00140	0.00653	0.00326	0.00186	0.00653
27	0.00548	0.00457	0.00479	0.00472	0.00616	0.00392	0.00354	0.00694	0.02447	0.01293	0.16190	0.04059	0.68318	0.01076	0.00521	0.00148	0.00224	0.00904	0.00422	0.00385
28	0.00631	0.00473	0.00710	0.00710	0.00789	0.00552	0.00552	0.00789	0.00710	0.01025	0.01183	0.01735	0.01104	0.03312	0.82728	0.00710	0.01183	0.00473	0.00237	0.00394
29	0.00834	0.00785	0.01325	0.83417	0.03042	0.00981	0.01227	0.01128	0.00883	0.01128	0.00785	0.01178	0.00589	0.00442	0.00442	0.00147	0.00589	0.00393	0.00196	0.00491
30	0.01160	0.00510	0.00590	0.00520	0.00693	0.00481	0.00408	0.01355	0.01024	0.25000	0.01528	0.01605	0.01121	0.00524	0.00348	0.00113	0.00255	0.00421	0.61834	0.00510
31	0.01093	0.01049	0.01793	0.02711	0.81723	0.01049	0.01355	0.01355	0.01006	0.01443	0.00831	0.01093	0.00700	0.00394	0.00437	0.00131	0.00525	0.00394	0.00219	0.00700
32	0.01093	0.01049	0.01793	0.02711	0.81723	0.01049	0.01355	0.01355	0.01006	0.01443	0.00831	0.01093	0.00700	0.00394	0.00437	0.00131	0.00525	0.00394	0.00219	0.00700
33	0.00607	0.00451	0.00566	0.00537	0.00649	0.00409	0.00403	0.00799	0.01208	0.01671	0.68170	0.03464	0.17550	0.00940	0.00521	0.00141	0.00211	0.00822	0.00473	0.00409
34	0.00706	0.00579	0.00838	0.00795	0.00852	0.00721	0.00626	0.00840	0.00698	0.01023	0.01063	0.01636	0.01019	0.07712	0.59886	0.00579	0.19328	0.00464	0.00229	0.00406
35	0.01181	0.84744	0.02314	0.00756	0.01134	0.01748	0.00756	0.01323	0.00897	0.01039	0.00614	0.00708	0.00567	0.00378	0.00283	0.00094	0.00472	0.00236	0.00189	0.00567
36	0.87598	0.00854	0.00649	0.00581	0.00854	0.00991	0.00478	0.01298	0.00752	0.01982	0.00615	0.00717	0.00478	0.00410	0.00273	0.00137	0.00342	0.00239	0.00273	0.00478
37	0.00622	0.00451	0.00587	0.00553	0.00658	0.00416	0.00415	0.00828	0.01244	0.01756	0.79482	0.03324	0.06185	0.00909	0.00521	0.00139	0.00209	0.00802	0.00484	0.00416
38	0.04493	0.01015	0.01027	0.00897	0.01150	0.05046	0.00703	0.19010	0.49718	0.01970	0.03689	0.06741	0.01323	0.00628	0.00448	0.00145	0.00391	0.00513	0.00429	0.00664
39	0.00966	0.00966	0.01353	0.01160	0.01160	0.01353	0.00966	0.01063	0.00676	0.01063	0.00580	0.00966	0.00580	0.00773	0.01449	0.00193	0.83670	0.00387	0.00193	0.00483
40	0.01974	0.00764	0.01033	0.00792	0.01134	0.00668	0.00654	0.04189	0.01285	0.79962	0.01725	0.01492	0.01084	0.00546	0.00444	0.00137	0.00379	0.00443	0.00544	0.00752
41	0.27264	0.00824	0.00940	0.00745	0.01068	0.00813	0.00615	0.08682	0.01183	0.51485	0.01350	0.01233	0.00882	0.00505	0.00393	0.00136	0.00375	0.00380	0.00457	0.00671
42	0.01093	0.01049	0.01793	0.02711	0.81723	0.01049	0.01355	0.01355	0.01006	0.01443	0.00831	0.01093	0.00700	0.00394	0.00437	0.00131	0.00525	0.00394	0.00219	0.00700
43	0.00538	0.00386	0.00511	0.00611	0.00640	0.00359	0.00408	0.00615	0.00849	0.01129	0.02479	0.82454	0.04629	0.01378	0.00563	0.00179	0.00256	0.01249	0.00410	0.00359
44	0.00631	0.00473	0.00710	0.00710	0.00789	0.00552	0.00552	0.00789	0.00710	0.01025	0.01183	0.01735	0.01104	0.03312	0.82728	0.00710	0.01183	0.00473	0.00237	0.00394
45	0.00916	0.00785	0.00916	0.00654	0.01047	0.00589	0.00523	0.01112	0.00916	0.01439	0.00785	0.00916	0.00654	0.00327	0.00327	0.00065	0.00327	0.00262	0.00262	0.87178
46	0.01643	0.03541	0.01273	0.01127	0.01361	0.78378	0.00851	0.04544	0.01275	0.01141	0.00695	0.00804	0.00575	0.00456	0.00398	0.00114	0.00780	0.00288	0.00234	0.00521
47	0.04895	0.00779	0.01027	0.00790	0.01130	0.00696	0.00653	0.05911	0.01286	0.75448	0.01671	0.01455	0.01056	0.00541	0.00438	0.00136	0.00380	0.00435	0.00532	0.00742
48	0.00646	0.00461	0.00683	0.00683	0.00749	0.00527	0.00518	0.00757	0.00692	0.00988	0.01150	0.01757	0.01095	0.07619	0.69505	0.10045	0.01055	0.00473	0.00233	0.00365
49	0.00545	0.00417	0.00500	0.00546	0.00627	0.00372	0.00384	0.00653	0.00962	0.01243	0.14498	0.43655	0.31570	0.01219	0.00542	0.00163	0.00238	0.01073	0.00421	0.00372
50	0.00522	0.00447	0.00447	0.00447	0.00597	0.00373	0.00336	0.00634	0.01007	0.01193	0.04474	0.04250	0.81544	0.01119	0.00522	0.00149	0.00224	0.00932	0.00410	0.00373
51	0.00712	0.00508	0.00712	0.00813	0.00915	0.00508	0.00712	0.00915	0.01017	0.01322	0.02338	0.04982	0.02542	0.01220	0.00610	0.00203	0.00407	0.78750	0.00407	0.00407
52	0.00541	0.00448	0.00474	0.00467	0.00608	0.00381	0.00351	0.00671	0.01052	0.01300	0.18734	0.04074	0.67217	0.01079	0.00522	0.00147	0.00221	0.00907	0.00424	0.00381
53	0.00531	0.00412	0.00484	0.00542	0.00621	0.00365	0.00378	0.00623	0.00916	0.01156	0.03321	0.49457	0.37082	0.01268	0.00546	0.00166	0.00242	0.01115	0.00410	0.00365
54	0.00533	0.00448	0.00463	0.00459	0.00603	0.00378	0.00344	0.00655	0.01033	0.01255	0.12661	0.04149	0.73319	0.01096	0.00522	0.00148	0.00222	0.00918	0.00418	0.00378
55	0.87598	0.00854	0.00649	0.00581	0.00854	0.00991	0.00478	0.01298	0.00752	0.01982	0.00615	0.00717	0.00478	0.00410	0.00273	0.00137	0.00342	0.00239	0.00273	0.00478
56	0.01108	0.00953	0.01004	0.00901	0.01152	0.01103	0.00701	0.03627	0.79629	0.01863	0.01785	0.01638	0.01338	0.00598	0.00449	0.00150	0.00352	0.00498	0.00449	0.00700
57	0.00541	0.00390	0.00510	0.00601	0.00636	0.00362	0.00403	0.00621	0.00861	0.01141	0.04261	0.76317	0.07743	0.02604	0.00586	0.00180	0.00256	0.01217	0.00410	0.00359
58	0.01093	0.01049	0.01793	0.02711	0.81723	0.01049	0.01355	0.01355	0.01006	0.01443	0.00831	0.01093	0.00700	0.00394	0.00437	0.00131	0.00525	0.00394	0.00219	0.00700
59	0.85169	0.00843	0.00647	0.00580	0.00849	0.00975	0.00477	0.01285	0.00766	0.01976	0.02874	0.00790	0.00581	0.00424	0.00280	0.00137	0.00338	0.00255	0.00279	0.00477
60	0.01618	0.02059	0.01229	0.01119	0.01344	0.80406	0.00839	0.01732	0.01245	0.01084	0.00789	0.00893	0.02830	0.00474	0.00402	0.00115	0.00780	0.00303	0.00233	0.00508
61	0.83647	0.00849	0.00666	0.00590	0.00867	0.00975	0.00486	0.01338	0.00775	0.05676	0.00667	0.00754	0.00507	0.00416	0.00281	0.00137	0.00343	0.00249	0.00286	0.00491
62	0.01957	0.00757	0.01024	0.00789	0.01128	0.00662	0.00651	0.02158	0.03489	0.79790	0.01744	0.01507	0.01100	0.00548	0.00444	0.00137	0.00375	0.00446	0.00544	0.00750
63	0.76712	0.00896	0.01942	0.02936	0.00969	0.01008	0.00543	0.06337	0.00852	0.03583	0.00673	0.00771	0.00512	0.00421	0.00294	0.00137	0.00363	0.00259	0.00286	0.00504
64	0.00642	0.00428	0.00482	0.00482	0.00482	0.00428	0.00268	0.00642	0.00642	0.00856	0.01392	0.02890	0.01606	0.84478	0.02248	0.00428	0.00428	0.00642	0.00268	0.00268
65	0.01049	0.00899	0.00955	0.00865	0.01100	0.01031	0.00670	0.02192	0.73260	0.01812	0.05865	0.03935	0.03116	0.00645	0.00457	0.00150	0.00338	0.00543	0.00449	0.00670
66	0.01058	0.01014	0.01729	0.13656	0.71053	0.01040	0.01338	0.01325	0.00989	0.01400	0.00825	0.01105	0.00685	0.00400	0.00438	0.00133	0.00533	0.00393	0.00216	0.00671
67	0.00537	0.00388	0.00508	0.00604	0.00638	0.00360	0.00405	0.00616	0.00856	0.01132	0.02564	0.79102	0.07926	0.01367	0.00561	0.00177	0.00254	0.01235	0.00410	0.00360
68	0.00599	0.00431	0.00501	0.00520	0.00574	0.00407	0.00344	0.00668	0.00839	0.01093	0.10160	0.17239	0.20442	0.38833	0.01314	0.00282	0.00329	0.04743	0.00353	0.00329
69	0.00886	0.02285	0.82190	0.01259	0.01912	0.01026	0.01632	0.01399	0.00932	0.01399	0.00793	0.00932	0.00559	0.00420	0.00420	0.00140	0.00653	0.00326	0.00186	0.00653
70	0.00834	0.00785	0.01325	0.83417	0.03042	0.00981	0.01227	0.01128	0.00883	0.01128	0.00785	0.01178	0.00589	0.00442	0.00442	0.00147	0.00589	0.00393	0.00196	0.00491
71	0.00538	0.00384	0.00512	0.00615	0.00641	0.00359	0.00410	0.00615	0.00846	0.01127	0.02434	0.84190	0.02921	0.01384	0.00564	0.00179	0.00256	0.01256	0.00410	0.00359
72	0.00540	0.00447	0.00476	0.00492	0.00626	0.00383	0.00373	0.00658	0.00998	0.01207	0.05347	0.10813	0.67673	0.01145	0.00532	0.00156	0.00241	0.07108	0.00411	0.00375
73	0.00834	0.00785	0.01325	0.83417	0.03042	0.00981	0.01227	0.01128	0.00883	0.01128	0.00785	0.01178	0.00589	0.00442	0.00442	0.00147	0.00589	0.00393	0.00196	0.00491
74	0.87598	0.00854	0.00649	0.00581	0.00854	0.00991	0.00478	0.01298	0.00752	0.01982	0.00615	0.00717	0.00478	0.00410	0.00273	0.00137	0.00342	0.00239	0.00273	0.00478
75	0.01070	0.00561	0.00738	0.00637	0.00821	0.00508	0.00497	0.01292	0.03329	0.27471	0.52727	0.02695	0.04256	0.00784	0.00494	0.00139	0.00266	0.00679	0.00503	0.00531
76	0.00767	0.00384	0.00575	0.00575	0.00575	0.00384	0.00384	0.00575	0.00575	0.00767	0.00767	0.01343	0.00767	0.01534	0.01726	0.87150	0.00384	0.00384	0.00192	0.00192
77	0.01099	0.00949	0.00999	0.00899	0.01148	0.01099	0.00699	0.02347	0.80925	0.01848	0.01798	0.01648	0.01348	0.00599	0.00449	0.00150	0.00350	0.00499	0.00449	0.00699
78	0.00916	0.00785	0.00916	0.00654	0.01047	0.00589	0.00523	0.01112	0.00916	0.01439	0.00785	0.00916	0.00654	0.00327	0.00327	0.00065	0.00327	0.00262	0.00262	0.87178
79	0.01114	0.00956	0.01007	0.00902	0.01154	0.01106	0.00703	0.04409	0.78838	0.01872	0.01778	0.01632	0.01332	0.00597	0.00449	0.00149	0.00353	0.00497	0.00449	0.00700
80	0.01917	0.00797	0.01042	0.00802	0.01138	0.00724	0.00661	0.10881	0.01346	0.71014	0.01658	0.01457	0.01056	0.00544	0.00440	0.00135	0.00384	0.00438	0.02822	0.00743
81	0.00739	0.00537	0.00714	0.00785	0.00904	0.00536	0.00679	0.04733	0.01067	0.01379	0.02499	0.04716	0.10675	0.01176	0.00593	0.00194	0.00391	0.66854	0.00409	0.00420
82	0.00886	0.02285	0.82190	0.01259	0.01912	0.01026	0.01632	0.01399	0.00932	0.01399	0.00793	0.00932	0.00559	0.00420	0.00420	0.00140	0.00653	0.00326	0.00186	0.00653
83	0.00714	0.00512	0.00567	0.00554	0.00596	0.00536	0.00343	0.00921	0.13823	0.01027	0.01490	0.05155	0.01603	0.68190	0.01902	0.00375	0.00410	0.00637	0.00302	0.00341
84	0.00693	0.00495	0.00691	0.00792	0.00886	0.00493	0.00680	0.00883	0.00999	0.01301	0.02349	0.13379	0.02582	0.01237	0.00605	0.00201	0.00391	0.70535	0.00407	0.00402
85	0.01042	0.01191	0.02606	0.01862	0.02308	0.01117	0.80119	0.01415	0.01042	0.01415	0.00894	0.01191	0.00670	0.00372	0.00521	0.00149	0.00745	0.00521	0.00223	0.00596
86	0.00935	0.00784	0.00918	0.00657	0.01048	0.00590	0.00526	0.01131	0.00922	0.02909	0.00802	0.00927	0.00662	0.00331	0.00329	0.00067	0.00328	0.00265	0.00267	0.85602
87	0.01668	0.01232	0.01319	0.01014	0.01366	0.01365	0.00837	0.78819	0.03525	0.02766	0.01074	0.01071	0.00762	0.00531	0.00442	0.00133	0.00483	0.00400	0.00442	0.00750
88	0.00651	0.00428	0.00480	0.00480	0.00487	0.00427	0.00272	0.00665	0.00668	0.00912	0.02929	0.02838	0.01632	0.78805	0.02121	0.00407	0.00413	0.00634	0.04475	0.00277
89	0.00779	0.00632	0.00813	0.00699	0.00918	0.00602	0.00550	0.01022	0.05901	0.01249	0.01058	0.01391	0.00934	0.01905	0.43415	0.00408	0.00776	0.00387	0.00261	0.36303
90	0.01099	0.00949	0.00999	0.00899	0.01148	0.01099	0.00699	0.02347	0.80925	0.01848	0.01798	0.01648	0.01348	0.00599	0.00449	0.00150	0.00350	0.00499	0.00449	0.00699
91	0.01093	0.01049	0.01793	0.02711	0.81723	0.01049	0.01355	0.01355	0.01006	0.01443	0.00831	0.01093	0.00700	0.00394	0.00437	0.00131	0.00525	0.00394	0.00219	0.00700
92	0.01927	0.00769	0.01029	0.00792	0.01127	0.00681	0.00653	0.06325	0.01308	0.75475	0.03974	0.01530	0.01162	0.00556	0.00446	0.00137	0.00377	0.00452	0.00539	0.00742
93	0.01467	0.01033	0.01099	0.00867	0.01158	0.01133	0.00708	0.60641	0.01792	0.02502	0.01155	0.01205	0.00845	0.00526	0.00409	0.00125	0.00417	0.00401	0.21850	0.00667
94	0.00583	0.00431	0.00553	0.00627	0.00701	0.00402	0.00470	0.00705	0.00942	0.01223	0.06975	0.44230	0.18681	0.01265	0.00565	0.00177	0.00285	0.20398	0.00413	0.00377
95	0.00593	0.00441	0.00553	0.00545	0.00645	0.00400	0.00401	0.00765	0.01146	0.01570	0.55720	0.15578	0.17984	0.01014	0.00528	0.00147	0.00218	0.00891	0.00461	0.00400
96	0.01982	0.00752	0.01025	0.00786	0.01127	0.00649	0.00649	0.02152	0.01264	0.82029	0.01742	0.01503	0.01093	0.00547	0.00444	0.00137	0.00376	0.00444	0.00547	0.00752
97	0.01694	0.01214	0.01311	0.01005	0.01358	0.01335	0.00830	0.76463	0.02037	0.06627	0.01093	0.01082	0.00768	0.00531	0.00442	0.00133	0.00481	0.00400	0.00447	0.00751
98	0.00549	0.00457	0.00481	0.00473	0.00617	0.00393	0.00355	0.00697	0.02425	0.01300	0.17227	0.04048	0.67303	0.01074	0.00521	0.00147	0.00223	0.00902	0.00423	0.00386
99	0.00529	0.00448	0.00457	0.00454	0.00601	0.00376	0.00341	0.00647	0.01022	0.01230	0.09376	0.04190	0.76619	0.01105	0.00522	0.00148	0.00223	0.00924	0.00415	0.00376
100	0.00642	0.00428	0.00482	0.00482	0.00482	0.00428	0.00268	0.00642	0.00642	0.00856	0.01392	0.02890	0.01606	0.84478	0.02248	0.00428	0.00428	0.00642	0.00268	0.00268
101	0.00613	0.00451	0.00573	0.00542	0.00652	0.00411	0.00407	0.00809	0.01221	0.01701	0.72105	0.03415	0.13596	0.00929	0.00521	0.00140	0.00210	0.00815	0.00477	0.00411
102	0.00538	0.00384	0.00512	0.00615	0.00641	0.00359	0.00410	0.00615	0.00846	0.01127	0.02434	0.84190	0.02921	0.01384	0.00564	0.00179	0.00256	0.01256	0.00410	0.00359
103	0.01181	0.84744	0.02314	0.00756	0.01134	0.01748	0.00756	0.01323	0.00897	0.01039	0.00614	0.00708	0.00567	0.00378	0.00283	0.00094	0.00472	0.00236	0.00189	0.00567
104	0.01054	0.01020	0.01758	0.02514	0.71579	0.01011	0.06231	0.01313	0.01008	0.01425	0.01067	0.01300	0.05844	0.00438	0.00448	0.00133	0.00519	0.00436	0.00231	0.00672
105	0.01093	0.01049	0.01793	0.02711	0.81723	0.01049	0.01355	0.01355	0.01006	0.01443	0.00831	0.01093	0.00700	0.00394	0.00437	0.00131	0.00525	0.00394	0.00219	0.00700
106	0.01135	0.00967	0.01019	0.00906	0.01163	0.01116	0.00708	0.07306	0.75906	0.01907	0.01751	0.01610	0.01310	0.00595	0.00449	0.00149	0.00358	0.00493	0.00449	0.00702
107	0.01149	0.71304	0.14112	0.00831	0.01249	0.01625	0.00884	0.01346	0.00908	0.02289	0.00657	0.00753	0.00573	0.00387	0.00306	0.00102	0.00498	0.00253	0.00194	0.00582
108	0.00581	0.00388	0.00521	0.00598	0.00624	0.00365	0.00399	0.00609	0.00799	0.01059	0.02192	0.64220	0.05687	0.02993	0.00807	0.16111	0.00282	0.01071	0.00367	0.00327
109	0.00525	0.00448	0.00452	0.00454	0.00602	0.00375	0.00342	0.00639	0.01007	0.01195	0.04438	0.04263	0.80204	0.01120	0.00523	0.00150	0.00227	0.02252	0.00410	0.00373
110	0.01657	0.01214	0.01304	0.01006	0.01354	0.01342	0.00829	0.74928	0.05884	0.04305	0.01110	0.01098	0.00787	0.00534	0.00442	0.00133	0.00477	0.00403	0.00444	0.00749
111	0.01982	0.00752	0.01025	0.00786	0.01127	0.00649	0.00649	0.02152	0.01264	0.82029	0.01742	0.01503	0.01093	0.00547	0.00444	0.00137	0.00376	0.00444	0.00547	0.00752
112	0.00916	0.00785	0.00916	0.00654	0.01047	0.00589	0.00523	0.01112	0.00916	0.01439	0.00785	0.00916	0.00654	0.00327	0.00327	0.00065	0.00327	0.00262	0.00262	0.87178
113	0.00966	0.00966	0.01353	0.01160	0.01160	0.01353	0.00966	0.01063	0.00676	0.01063	0.00580	0.00966	0.00580	0.00773	0.01449	0.00193	0.83670	0.00387	0.00193	0.00483
114	0.01963	0.00782	0.01044	0.00800	0.01143	0.00694	0.00661	0.07051	0.01315	0.77059	0.01700	0.01475	0.01072	0.00546	0.00444	0.00136	0.00383	0.00441	0.00540	0.00752
115	0.00550	0.00389	0.00509	0.00600	0.00623	0.00367	0.00394	0.00618	0.00823	0.01097	0.02317	0.75072	0.02774	0.10703	0.00753	0.00207	0.00276	0.01187	0.00394	0.00349
116	0.00625	0.00451	0.00590	0.00556	0.00660	0.00417	0.00417	0.00833	0.01250	0.01771	0.81490	0.03299	0.04167	0.00903	0.00521	0.00139	0.00208	0.00799	0.00486	0.00417
117	0.00631	0.00473	0.00710	0.00710	0.00789	0.00552	0.00552	0.00789	0.00710	0.01025	0.01183	0.01735	0.01104	0.03312	0.82728	0.00710	0.01183	0.00473	0.00237	0.00394
118	0.00638	0.00429	0.00489	0.00490	0.00497	0.00426	0.00281	0.00654	0.00686	0.00922	0.06518	0.05069	0.01804	0.76959	0.02093	0.00403	0.00410	0.00668	0.00285	0.00280
119	0.79603	0.00830	0.00648	0.00584	0.00839	0.00958	0.00471	0.01286	0.03025	0.01906	0.00698	0.00882	0.00575	0.05766	0.00404	0.00156	0.00347	0.00272	0.00278	0.00471
120	0.00529	0.00448	0.00457	0.00454	0.00601	0.00376	0.00341	0.00647	0.01022	0.01230	0.09376	0.04190	0.76619	0.01105	0.00522	0.00148	0.00223	0.00924	0.00415	0.00376
121	0.00619	0.00451	0.00581	0.00549	0.00656	0.00414	0.00412	0.00821	0.01235	0.01734	0.76588	0.03360	0.09092	0.00917	0.00521	0.00140	0.00209	0.00807	0.00481	0.00414
122	0.06064	0.00473	0.00460	0.00456	0.00613	0.00412	0.00345	0.00676	0.00990	0.01243	0.04229	0.04026	0.76384	0.01073	0.00506	0.00148	0.00231	0.00888	0.00401	0.00380
123	0.00642	0.00428	0.00482	0.00482	0.00482	0.00428	0.00268	0.00642	0.00642	0.00856	0.01392	0.02890	0.01606	0.84478	0.02248	0.00428	0.00428	0.00642	0.00268	0.00268
124	0.00621	0.00419	0.00491	0.00517	0.00526	0.00413	0.00308	0.00645	0.00699	0.00938	0.01651	0.22004	0.01922	0.62592	0.01802	0.00362	0.00384	0.01905	0.01509	0.00293
125	0.00623	0.00450	0.00574	0.00543	0.00651	0.00413	0.00407	0.00823	0.01222	0.01722	0.73097	0.03328	0.10226	0.00909	0.00515	0.00139	0.00210	0.00798	0.02939	0.00413
126	0.00631	0.00473	0.00710	0.00710	0.00789	0.00552	0.00552	0.00789	0.00710	0.01025	0.01183	0.01735	0.01104	0.03312	0.82728	0.00710	0.01183	0.00473	0.00237	0.00394
127	0.00637	0.00426	0.00483	0.00488	0.00489	0.00425	0.00275	0.00641	0.00652	0.00870	0.01442	0.06833	0.01669	0.80449	0.02166	0.00416	0.00420	0.00672	0.00275	0.00272

[dist]
# distance from previous block
# <min> <max>
1	2

[block]
# block no. 3 follows, 59 sequences, length 43
# corresponding to MSA columns:
# 453-471,476-499
name=unknown_D
#
# <colnr> <probs for GDERKNQSTAVLIFYWHMCP>
#	G	D	E	R	K	N	Q	S	T	A	V	L	I	F	Y	W	H	M	C	P
0	0.00552	0.00391	0.00513	0.00599	0.00626	0.00368	0.00396	0.00627	0.00843	0.01128	0.05657	0.72803	0.02844	0.09524	0.00727	0.00202	0.00271	0.01176	0.00399	0.00352
1	0.01692	0.01217	0.01313	0.01007	0.01359	0.01339	0.00831	0.76965	0.02042	0.06117	0.01089	0.01079	0.00765	0.00531	0.00442	0.00133	0.00481	0.00400	0.00446	0.00751
2	0.01679	0.01237	0.01325	0.01016	0.01370	0.01370	0.00839	0.80251	0.02077	0.02783	0.01060	0.01060	0.00751	0.00530	0.00442	0.00133	0.00486	0.00398	0.00442	0.00751
3	0.00543	0.00450	0.00479	0.00494	0.00631	0.00386	0.00378	0.00664	0.01004	0.01213	0.05586	0.08466	0.68258	0.01138	0.00533	0.00156	0.00243	0.08589	0.00411	0.00376
4	0.00546	0.00399	0.00511	0.00597	0.00642	0.00369	0.00409	0.00631	0.00870	0.01138	0.02690	0.67719	0.13853	0.03360	0.00601	0.00182	0.00262	0.04455	0.00406	0.00361
5	0.00538	0.00384	0.00512	0.00615	0.00641	0.00359	0.00410	0.00615	0.00846	0.01127	0.02434	0.84190	0.02921	0.01384	0.00564	0.00179	0.00256	0.01256	0.00410	0.00359
6	0.83752	0.00910	0.00676	0.00606	0.00877	0.04647	0.00495	0.01319	0.00774	0.01941	0.00618	0.00721	0.00482	0.00412	0.00279	0.00136	0.00362	0.00241	0.00271	0.00480
7	0.00522	0.00447	0.00447	0.00447	0.00597	0.00373	0.00336	0.00634	0.01007	0.01193	0.04474	0.04250	0.81544	0.01119	0.00522	0.00149	0.00224	0.00932	0.00410	0.00373
8	0.00964	0.00963	0.01352	0.02857	0.01198	0.01345	0.00972	0.01064	0.00681	0.01064	0.00584	0.00971	0.00580	0.00766	0.01429	0.00192	0.81955	0.00387	0.00193	0.00483
9	0.01152	0.76645	0.10159	0.00805	0.01210	0.01677	0.00842	0.01330	0.00901	0.01074	0.00632	0.00730	0.00566	0.00382	0.00297	0.00099	0.00490	0.00245	0.00189	0.00575
10	0.00916	0.00785	0.00916	0.00654	0.01047	0.00589	0.00523	0.01112	0.00916	0.01439	0.00785	0.00916	0.00654	0.00327	0.00327	0.00065	0.00327	0.00262	0.00262	0.87178
11	0.00647	0.00436	0.00504	0.00514	0.00526	0.00435	0.00312	0.00669	0.00685	0.00908	0.01537	0.03119	0.03044	0.74897	0.02058	0.00401	0.00423	0.08318	0.00284	0.00283
12	0.00594	0.00434	0.00558	0.00561	0.00649	0.00398	0.00408	0.00762	0.01128	0.01560	0.55032	0.23537	0.10649	0.01042	0.00532	0.00150	0.00222	0.00924	0.00461	0.00398
13	0.00916	0.00785	0.00916	0.00654	0.01047	0.00589	0.00523	0.01112	0.00916	0.01439	0.00785	0.00916	0.00654	0.00327	0.00327	0.00065	0.00327	0.00262	0.00262	0.87178
14	0.00633	0.00424	0.00484	0.00493	0.00495	0.00422	0.00280	0.00640	0.00660	0.00880	0.01481	0.09876	0.01719	0.77339	0.02103	0.00407	0.00413	0.00695	0.00280	0.00275
