[name]
unknown

[dist]
# distance from previous block
# <min> <max>
0	70

[block]
# block no. 0 follows, 58 sequences, length 7
# corresponding to MSA columns:
# 94-100
name=unknown_A
#
# <colnr> <probs for GDERKNQSTAVLIFYWHMCP>
#	G	D	E	R	K	N	Q	S	T	A	V	L	I	F	Y	W	H	M	C	P
0	0.00634	0.00441	0.00508	0.00508	0.00536	0.00440	0.00311	0.00665	0.00705	0.00929	0.01786	0.02979	0.11765	0.65003	0.10619	0.00428	0.00489	0.00670	0.00286	0.00298
1	0.04302	0.00731	0.01141	0.37034	0.15055	0.00807	0.00955	0.01158	0.00938	0.08670	0.01299	0.20637	0.01230	0.00674	0.00465	0.00151	0.00464	0.00602	0.03164	0.00522
2	0.18492	0.00924	0.00906	0.00750	0.01029	0.11187	0.00603	0.05285	0.01159	0.39368	0.01323	0.01278	0.00908	0.00509	0.00388	0.00130	0.00406	0.00381	0.14354	0.00620
3	0.00925	0.00794	0.01129	0.18894	0.19182	0.00855	0.00885	0.08463	0.11287	0.01537	0.09569	0.12227	0.08724	0.00716	0.00483	0.00150	0.00422	0.02859	0.00342	0.00558
4	0.10088	0.00771	0.00761	0.00768	0.00936	0.11036	0.00632	0.01050	0.01021	0.01379	0.04151	0.06477	0.11239	0.00951	0.00513	0.00165	0.00415	0.38884	0.00363	0.08399
5	0.00911	0.06618	0.01007	0.00830	0.04092	0.05125	0.05139	0.02563	0.09134	0.04421	0.19323	0.03891	0.08697	0.10758	0.05817	0.00205	0.00437	0.02223	0.00356	0.08453
6	0.01265	0.47663	0.17403	0.00937	0.01360	0.05965	0.00958	0.17017	0.01173	0.01476	0.00750	0.00837	0.00610	0.00426	0.00352	0.00113	0.00534	0.00292	0.00244	0.00625

[dist]
# distance from previous block
# <min> <max>
1	12

[block]
# block no. 1 follows, 58 sequences, length 12
# corresponding to MSA columns:
# 113-124
name=unknown_B
#
# <colnr> <probs for GDERKNQSTAVLIFYWHMCP>
#	G	D	E	R	K	N	Q	S	T	A	V	L	I	F	Y	W	H	M	C	P
0	0.00638	0.00452	0.00524	0.00525	0.00549	0.00454	0.00324	0.00670	0.00738	0.00978	0.05191	0.11039	0.10335	0.60681	0.01818	0.00358	0.03373	0.00741	0.00307	0.00306
1	0.01112	0.00856	0.02217	0.03853	0.01172	0.00913	0.04387	0.20134	0.17230	0.06842	0.01546	0.14102	0.01421	0.09784	0.04464	0.00212	0.03967	0.04828	0.00387	0.00573
2	0.03988	0.04475	0.01193	0.09758	0.01413	0.39865	0.00808	0.13487	0.03247	0.03044	0.00901	0.01132	0.00746	0.06518	0.02535	0.00161	0.01898	0.00360	0.03930	0.00539
3	0.00574	0.00469	0.00509	0.00506	0.00642	0.00414	0.00377	0.00749	0.04214	0.01344	0.19252	0.10354	0.56837	0.01091	0.00529	0.00151	0.00231	0.00926	0.00432	0.00398
4	0.05492	0.00557	0.00671	0.00620	0.00777	0.00530	0.00471	0.03405	0.04620	0.13080	0.36441	0.15532	0.14228	0.00919	0.00504	0.00148	0.00267	0.00794	0.00464	0.00481
5	0.02832	0.01055	0.01053	0.00918	0.01139	0.17410	0.05624	0.10775	0.15750	0.07060	0.05767	0.09842	0.07132	0.01012	0.10366	0.00212	0.00565	0.00562	0.00367	0.00558
6	0.03744	0.00998	0.01153	0.00973	0.01241	0.05438	0.09126	0.08676	0.45204	0.05091	0.04195	0.04182	0.06721	0.00629	0.00465	0.00148	0.00418	0.00539	0.00414	0.00645
7	0.00589	0.00619	0.09200	0.00638	0.00772	0.00446	0.00524	0.00733	0.00942	0.01242	0.09976	0.44301	0.24029	0.03120	0.00580	0.00171	0.00293	0.01026	0.00395	0.00402
8	0.05055	0.01085	0.01226	0.01025	0.04345	0.03638	0.00807	0.41179	0.05017	0.17794	0.03235	0.01224	0.00913	0.00566	0.00549	0.00142	0.09313	0.00416	0.01776	0.00695
9	0.04332	0.00930	0.01535	0.22603	0.50147	0.00985	0.01236	0.01265	0.00979	0.01390	0.00984	0.01534	0.00871	0.00501	0.00456	0.00145	0.00528	0.08726	0.00238	0.00615
10	0.00769	0.00553	0.00689	0.00707	0.00798	0.00565	0.00525	0.09241	0.02771	0.03448	0.03693	0.45418	0.06469	0.07225	0.00716	0.00195	0.03681	0.11701	0.00405	0.00431
11	0.04939	0.01065	0.04380	0.00915	0.01240	0.01092	0.00767	0.33793	0.22349	0.18694	0.01400	0.01330	0.00989	0.00549	0.00436	0.00139	0.00421	0.00431	0.04354	0.00717

[dist]
# distance from previous block
# <min> <max>
0	1

[block]
# block no. 2 follows, 58 sequences, length 19
# corresponding to MSA columns:
# 126-144
name=unknown_C
#
# <colnr> <probs for GDERKNQSTAVLIFYWHMCP>
#	G	D	E	R	K	N	Q	S	T	A	V	L	I	F	Y	W	H	M	C	P
0	0.01076	0.01063	0.03749	0.06989	0.70266	0.01030	0.01321	0.01346	0.01004	0.01443	0.00835	0.01097	0.00696	0.00398	0.00436	0.00130	0.00526	0.00389	0.00222	0.05984
1	0.01078	0.06643	0.20202	0.08496	0.01582	0.11643	0.08337	0.04249	0.06407	0.05116	0.01137	0.07810	0.02095	0.02213	0.03629	0.00172	0.06296	0.02054	0.00273	0.00567
2	0.04467	0.00481	0.00498	0.00470	0.00607	0.00477	0.00360	0.02874	0.00995	0.07174	0.04068	0.01819	0.06114	0.00569	0.00343	0.00113	0.00233	0.00456	0.67432	0.00449
3	0.00714	0.00515	0.00627	0.00587	0.00723	0.00487	0.00444	0.01002	0.08687	0.04968	0.54981	0.05285	0.17429	0.00921	0.00519	0.00144	0.00235	0.00801	0.00476	0.00454
4	0.00578	0.00427	0.00531	0.00597	0.00661	0.00396	0.00426	0.00677	0.00905	0.01170	0.04452	0.45123	0.20407	0.09810	0.00742	0.00203	0.00290	0.11838	0.00402	0.00365
5	0.00945	0.02172	0.02832	0.49297	0.10060	0.07689	0.03455	0.04410	0.01009	0.01260	0.01290	0.01542	0.11125	0.00533	0.00453	0.00143	0.00559	0.00460	0.00243	0.00522
6	0.00618	0.00470	0.00556	0.00597	0.00690	0.00438	0.00428	0.05508	0.01002	0.01286	0.04429	0.47571	0.29420	0.01243	0.00550	0.00169	0.00267	0.03946	0.00418	0.00395
7	0.03687	0.00972	0.04178	0.05957	0.02446	0.01041	0.00766	0.09104	0.51309	0.05075	0.04060	0.01636	0.01290	0.00591	0.00447	0.00147	0.00387	0.02065	0.04174	0.00666
8	0.02690	0.04955	0.02693	0.04633	0.13608	0.07481	0.03122	0.11014	0.10742	0.07691	0.01083	0.02486	0.00867	0.00478	0.00412	0.00120	0.00463	0.02403	0.00320	0.22739
9	0.01218	0.44407	0.05065	0.08414	0.02445	0.08883	0.06812	0.03485	0.09905	0.04225	0.00862	0.00964	0.00698	0.00432	0.00366	0.00118	0.00531	0.00327	0.00248	0.00596
10	0.06991	0.03542	0.13889	0.05578	0.23147	0.02622	0.10295	0.06943	0.01048	0.03996	0.04228	0.02178	0.00906	0.03955	0.00570	0.00153	0.05150	0.01290	0.02917	0.00603
11	0.00595	0.00436	0.00549	0.00601	0.00672	0.00407	0.00437	0.00714	0.00959	0.01264	0.15654	0.35837	0.16717	0.09796	0.00740	0.00199	0.00288	0.13348	0.00413	0.00374
12	0.00846	0.00626	0.00787	0.00729	0.00845	0.00720	0.00571	0.07552	0.08777	0.01470	0.09210	0.03619	0.01421	0.03384	0.30982	0.00361	0.09550	0.00508	0.17571	0.00471
13	0.00632	0.00428	0.00491	0.00505	0.00513	0.00422	0.00293	0.00646	0.00690	0.00915	0.01650	0.13994	0.04281	0.70427	0.01991	0.00391	0.00404	0.00744	0.00295	0.00287
14	0.00901	0.00784	0.00760	0.00689	0.00873	0.07470	0.00527	0.13676	0.10658	0.01568	0.09665	0.07941	0.36844	0.03745	0.00572	0.00157	0.01526	0.00742	0.00408	0.00491
15	0.00852	0.00619	0.00653	0.00600	0.00764	0.06071	0.00458	0.01033	0.02728	0.11972	0.33293	0.04815	0.32590	0.00922	0.00509	0.00144	0.00284	0.00780	0.00451	0.00461
16	0.12591	0.01043	0.00972	0.00812	0.01068	0.14047	0.02328	0.20534	0.02499	0.06671	0.04614	0.04220	0.06527	0.05539	0.00521	0.00145	0.00445	0.00456	0.06462	0.08506
17	0.06994	0.32147	0.29164	0.05997	0.01512	0.06296	0.01064	0.03069	0.01969	0.01337	0.02767	0.00936	0.00684	0.00429	0.00364	0.00121	0.00543	0.00308	0.01620	0.02679
18	0.01104	0.36087	0.40843	0.01082	0.04267	0.01315	0.01209	0.01436	0.00955	0.06775	0.00795	0.00896	0.00612	0.00415	0.00370	0.00122	0.00562	0.00303	0.00216	0.00634

[dist]
# distance from previous block
# <min> <max>
1	6

[block]
# block no. 3 follows, 58 sequences, length 24
# corresponding to MSA columns:
# 151-161,169-181
name=unknown_D
#
# <colnr> <probs for GDERKNQSTAVLIFYWHMCP>
#	G	D	E	R	K	N	Q	S	T	A	V	L	I	F	Y	W	H	M	C	P
0	0.02844	0.00905	0.01333	0.11777	0.10590	0.00941	0.10679	0.10225	0.09014	0.12223	0.04923	0.01501	0.03883	0.00559	0.00530	0.01596	0.05066	0.01679	0.01921	0.07811
1	0.00931	0.00765	0.00875	0.00672	0.01005	0.00637	0.00532	0.05140	0.07082	0.03081	0.03445	0.04028	0.11255	0.00517	0.00386	0.00094	0.00323	0.00425	0.00324	0.58480
2	0.00654	0.00482	0.00636	0.00662	0.00742	0.00467	0.01921	0.02512	0.03462	0.01370	0.21464	0.36968	0.05065	0.08871	0.00717	0.00195	0.00303	0.12689	0.00419	0.00400
3	0.00769	0.00490	0.00626	0.00603	0.00721	0.00451	0.00445	0.02878	0.01149	0.09846	0.42043	0.24410	0.10549	0.02250	0.00555	0.00156	0.00253	0.00894	0.00467	0.00444
4	0.00786	0.00415	0.00650	0.00625	0.00640	0.00413	0.02973	0.00610	0.00598	0.00798	0.00781	0.01355	0.00774	0.01516	0.01709	0.84162	0.00400	0.00393	0.00195	0.00208
5	0.01235	0.00610	0.00726	0.00622	0.00823	0.00588	0.00488	0.05372	0.06372	0.27203	0.12397	0.01861	0.01563	0.03357	0.00466	0.00136	0.00295	0.00493	0.34834	0.00558
6	0.03014	0.05605	0.32305	0.03455	0.02738	0.00858	0.02147	0.05592	0.02625	0.01555	0.22242	0.01967	0.04321	0.03041	0.03010	0.00168	0.00492	0.03999	0.00313	0.00552
7	0.00553	0.00423	0.00509	0.00566	0.00647	0.00380	0.00403	0.00657	0.00949	0.01212	0.07529	0.45626	0.32501	0.01265	0.00555	0.00169	0.00252	0.05010	0.00419	0.00374
8	0.01207	0.26049	0.13159	0.02002	0.02550	0.04869	0.00855	0.09280	0.07109	0.08024	0.00958	0.02295	0.00761	0.00494	0.01709	0.00122	0.00486	0.00338	0.00287	0.17448
9	0.02539	0.00982	0.01777	0.05516	0.03895	0.00931	0.37716	0.06909	0.01159	0.15924	0.06771	0.01552	0.03095	0.00501	0.00487	0.00142	0.00559	0.02563	0.00330	0.06653
10	0.03373	0.05901	0.05519	0.07663	0.12362	0.13665	0.09139	0.14241	0.08847	0.07926	0.01022	0.01169	0.00783	0.00527	0.01706	0.00144	0.02342	0.01273	0.00307	0.02092
11	0.02649	0.07820	0.03289	0.01089	0.06292	0.04436	0.07760	0.02819	0.03502	0.01223	0.02042	0.08509	0.01158	0.11628	0.06464	0.00235	0.23090	0.05242	0.00264	0.00489
12	0.00642	0.00446	0.00563	0.00567	0.00594	0.00470	0.00369	0.00696	0.00681	0.00934	0.01389	0.06166	0.01524	0.54882	0.27686	0.00513	0.00669	0.00624	0.00267	0.00316
13	0.00656	0.00435	0.00493	0.00493	0.00498	0.00437	0.00281	0.00666	0.00661	0.00896	0.01405	0.02855	0.01597	0.79399	0.04604	0.00432	0.00450	0.00639	0.02825	0.00279
14	0.01351	0.05283	0.04316	0.03197	0.11127	0.22247	0.00879	0.18174	0.09530	0.04052	0.04384	0.01213	0.00926	0.00501	0.00422	0.00124	0.00539	0.01723	0.00322	0.09691
15	0.00950	0.08848	0.63690	0.01184	0.01751	0.02492	0.02827	0.01387	0.00960	0.03519	0.03316	0.03759	0.00775	0.00479	0.00444	0.00140	0.02254	0.00376	0.00217	0.00633
16	0.00640	0.00474	0.00693	0.00693	0.00764	0.00545	0.00527	0.00782	0.00711	0.01019	0.01222	0.01889	0.01176	0.12494	0.73446	0.00687	0.01112	0.00499	0.00243	0.00385
17	0.01056	0.07392	0.03106	0.04535	0.03884	0.16315	0.07303	0.01420	0.14551	0.04627	0.07097	0.09574	0.13037	0.00716	0.00469	0.00143	0.00473	0.03425	0.00344	0.00535
18	0.00660	0.00470	0.00624	0.00685	0.00774	0.00453	0.00551	0.00833	0.01035	0.01391	0.19314	0.18851	0.07814	0.03360	0.00617	0.00186	0.00323	0.38086	0.03572	0.00400
19	0.00996	0.03446	0.25288	0.01017	0.04751	0.08593	0.03033	0.06316	0.04393	0.04852	0.19049	0.01932	0.10265	0.02125	0.00511	0.00145	0.01865	0.00528	0.00331	0.00565
20	0.71885	0.00832	0.00700	0.00614	0.00891	0.00926	0.00501	0.01367	0.00824	0.10098	0.00824	0.04341	0.00659	0.00468	0.00309	0.00138	0.00345	0.00308	0.00311	0.03659
21	0.00834	0.00657	0.04727	0.00821	0.04730	0.00567	0.04490	0.01068	0.02367	0.09598	0.46599	0.08915	0.05375	0.00858	0.00535	0.00149	0.01777	0.05006	0.00440	0.00489
22	0.07311	0.16102	0.01379	0.05537	0.01331	0.10995	0.00793	0.27516	0.13233	0.05684	0.01043	0.01084	0.00789	0.00504	0.00425	0.00130	0.02553	0.00366	0.02583	0.00641
23	0.01099	0.14065	0.39618	0.02418	0.01557	0.02571	0.01159	0.06997	0.03527	0.07403	0.00942	0.01109	0.00721	0.00455	0.00402	0.00126	0.00541	0.02709	0.00261	0.12320

[dist]
# distance from previous block
# <min> <max>
2	11

[block]
# block no. 4 follows, 58 sequences, length 19
# corresponding to MSA columns:
# 194-212
name=unknown_E
#
# <colnr> <probs for GDERKNQSTAVLIFYWHMCP>
#	G	D	E	R	K	N	Q	S	T	A	V	L	I	F	Y	W	H	M	C	P
0	0.00923	0.09360	0.50640	0.01264	0.07452	0.01069	0.03341	0.01340	0.02890	0.01370	0.04610	0.01131	0.00811	0.00670	0.06190	0.00181	0.05551	0.00373	0.00217	0.00617
1	0.00529	0.00453	0.00453	0.00453	0.00604	0.00378	0.00340	0.00642	0.01020	0.01208	0.04532	0.04305	0.81307	0.01133	0.00529	0.00151	0.00227	0.00944	0.00415	0.00378
2	0.00679	0.00508	0.00669	0.00676	0.00753	0.02606	0.00514	0.00819	0.00851	0.01183	0.13851	0.06612	0.01870	0.10565	0.42057	0.03541	0.00775	0.08580	0.02505	0.00386
3	0.00582	0.00407	0.00531	0.00619	0.00659	0.00385	0.00429	0.00677	0.00879	0.01187	0.04214	0.65112	0.04604	0.05555	0.00648	0.00191	0.00278	0.08210	0.04465	0.00367
4	0.07948	0.03699	0.35012	0.03311	0.05342	0.05642	0.10739	0.10659	0.01126	0.08576	0.00938	0.02084	0.00690	0.00457	0.00427	0.00138	0.00588	0.00380	0.01603	0.00641
5	0.00620	0.00442	0.00525	0.00549	0.00603	0.00423	0.00368	0.00718	0.02287	0.01154	0.12102	0.22763	0.14083	0.34459	0.01239	0.00273	0.00328	0.05116	0.01603	0.00345
6	0.04348	0.13254	0.05095	0.00914	0.01232	0.15075	0.00780	0.27398	0.03390	0.03472	0.06422	0.01166	0.00955	0.00672	0.05392	0.00156	0.00549	0.00373	0.00330	0.09027
7	0.01235	0.00846	0.00972	0.00786	0.01094	0.00819	0.00629	0.12418	0.21020	0.16833	0.02746	0.03716	0.06914	0.00586	0.00431	0.00124	0.00359	0.02470	0.00413	0.25589
8	0.04192	0.16004	0.11590	0.00887	0.01249	0.01043	0.02777	0.16110	0.03712	0.25549	0.04079	0.04735	0.05004	0.00572	0.00425	0.00134	0.00444	0.00455	0.00388	0.00654
9	0.00915	0.00871	0.00902	0.00904	0.01029	0.16853	0.03499	0.02318	0.01039	0.01266	0.03238	0.16812	0.02012	0.01140	0.04446	0.00203	0.04476	0.37282	0.00353	0.00441
10	0.00576	0.00411	0.00533	0.00618	0.00655	0.00389	0.00425	0.00659	0.00857	0.01131	0.02427	0.61179	0.06800	0.12009	0.00793	0.00215	0.00296	0.09274	0.00396	0.00357
11	0.09202	0.00854	0.01025	0.00808	0.01126	0.00834	0.00665	0.20310	0.01411	0.47470	0.04942	0.01626	0.04897	0.00594	0.00445	0.00140	0.00390	0.02070	0.00493	0.00698
12	0.04654	0.00965	0.01381	0.34916	0.22967	0.02330	0.01108	0.09758	0.14504	0.01561	0.01001	0.01213	0.00768	0.00470	0.00440	0.00143	0.00520	0.00408	0.00278	0.00616
13	0.01682	0.01027	0.01167	0.00901	0.01239	0.01064	0.00741	0.47935	0.01733	0.26472	0.01498	0.01418	0.05903	0.00573	0.00448	0.00134	0.00432	0.00447	0.02053	0.03133
14	0.00598	0.00409	0.00542	0.00621	0.00665	0.00383	0.00426	0.00696	0.00909	0.02965	0.10280	0.68667	0.02976	0.02989	0.00596	0.00181	0.00265	0.03614	0.01841	0.00378
15	0.04415	0.01287	0.01175	0.01035	0.04561	0.20330	0.00786	0.34789	0.09520	0.03881	0.08056	0.01417	0.01144	0.03204	0.00500	0.00143	0.00519	0.02223	0.00382	0.00634
16	0.01272	0.01048	0.01045	0.00889	0.01132	0.09369	0.00702	0.30812	0.19441	0.03066	0.12629	0.06353	0.02853	0.00670	0.00480	0.00141	0.01973	0.01493	0.04008	0.00624
17	0.00620	0.00440	0.00586	0.00698	0.04336	0.00412	0.00446	0.00707	0.00875	0.03252	0.04236	0.62800	0.08085	0.09395	0.00725	0.00200	0.00289	0.01117	0.00398	0.00383
18	0.01033	0.00996	0.01724	0.24617	0.56521	0.01047	0.04923	0.01313	0.00986	0.01373	0.00832	0.01135	0.00677	0.00411	0.00448	0.00138	0.00559	0.00404	0.00215	0.00646

[dist]
# distance from previous block
# <min> <max>
2	10

[block]
# block no. 5 follows, 58 sequences, length 23
# corresponding to MSA columns:
# 223-245
name=unknown_F
#
# <colnr> <probs for GDERKNQSTAVLIFYWHMCP>
#	G	D	E	R	K	N	Q	S	T	A	V	L	I	F	Y	W	H	M	C	P
0	0.01084	0.01056	0.01484	0.20052	0.41804	0.08809	0.01155	0.03061	0.08044	0.01421	0.02591	0.01268	0.02232	0.00505	0.01630	0.00145	0.00547	0.00417	0.02075	0.00622
1	0.01397	0.01122	0.01139	0.00929	0.01192	0.08110	0.00737	0.46564	0.09120	0.02161	0.04257	0.01446	0.01051	0.10816	0.04366	0.00198	0.02662	0.00450	0.00392	0.01891
2	0.00684	0.00444	0.00529	0.00530	0.00622	0.00421	0.00384	0.00860	0.02032	0.02396	0.32198	0.15797	0.09745	0.07899	0.00627	0.00164	0.00244	0.01804	0.22218	0.00402
3	0.01090	0.01163	0.08232	0.02628	0.75120	0.01061	0.01395	0.01376	0.01013	0.01458	0.00838	0.01094	0.00697	0.00401	0.00441	0.00134	0.00542	0.00393	0.00219	0.00705
4	0.00582	0.00453	0.00531	0.00575	0.00682	0.00409	0.00439	0.00705	0.00976	0.01218	0.04576	0.20830	0.42946	0.04739	0.00632	0.00182	0.00284	0.18455	0.00410	0.00379
5	0.01128	0.01107	0.01780	0.04369	0.76136	0.04821	0.01347	0.01387	0.01027	0.01438	0.00834	0.01095	0.00700	0.00402	0.00441	0.00132	0.00545	0.00393	0.00221	0.00695
6	0.00545	0.00389	0.00519	0.00623	0.00649	0.00363	0.00415	0.00623	0.00856	0.01142	0.02465	0.83987	0.02959	0.01401	0.00571	0.00182	0.00260	0.01272	0.00415	0.00363
7	0.01079	0.00936	0.01235	0.01024	0.01305	0.01010	0.14580	0.02003	0.53758	0.05548	0.01967	0.01882	0.10385	0.00624	0.00476	0.00151	0.00411	0.00557	0.00415	0.00654
8	0.01370	0.07128	0.01473	0.09323	0.18529	0.43708	0.01014	0.01534	0.01095	0.01173	0.00718	0.00919	0.00607	0.00474	0.00517	0.00129	0.09181	0.00329	0.00219	0.00558
9	0.00940	0.00996	0.07885	0.03937	0.52898	0.00885	0.01140	0.01185	0.00992	0.01379	0.01540	0.10696	0.12382	0.00617	0.00468	0.00142	0.00470	0.00567	0.00267	0.00615
10	0.03067	0.02232	0.11951	0.08918	0.03833	0.04934	0.40643	0.02848	0.04877	0.01429	0.02059	0.04820	0.03028	0.00503	0.00490	0.00149	0.00638	0.02746	0.00257	0.00580
11	0.01005	0.00822	0.01187	0.01014	0.04967	0.00858	0.15663	0.15987	0.06959	0.01505	0.01229	0.01923	0.01153	0.34074	0.01222	0.00259	0.03283	0.00534	0.05861	0.00497
12	0.01012	0.00815	0.00952	0.00685	0.01079	0.00636	0.00551	0.04816	0.00998	0.05134	0.00852	0.00961	0.00687	0.00351	0.00342	0.00073	0.00341	0.00280	0.00286	0.79151
13	0.00876	0.00435	0.00453	0.00441	0.00548	0.00430	0.00326	0.01066	0.00932	0.05465	0.01470	0.01762	0.01183	0.07229	0.00477	0.00132	0.00235	0.00437	0.75684	0.00422
14	0.00557	0.00407	0.00530	0.00605	0.00652	0.00385	0.00414	0.00648	0.00873	0.01158	0.05508	0.63170	0.11568	0.03886	0.07173	0.00227	0.00334	0.01137	0.00400	0.00367
15	0.01136	0.00956	0.01073	0.10331	0.01388	0.01102	0.00774	0.12335	0.57443	0.01908	0.05411	0.01617	0.01335	0.00594	0.00457	0.00149	0.00393	0.00494	0.00427	0.00677
16	0.00622	0.00459	0.00531	0.00536	0.00625	0.00431	0.00375	0.00785	0.04358	0.01327	0.22795	0.17809	0.24391	0.17809	0.00874	0.00209	0.00275	0.00865	0.04545	0.00381
17	0.01004	0.13708	0.52316	0.01111	0.01633	0.08858	0.02432	0.01383	0.00986	0.03020	0.01145	0.01237	0.08312	0.00492	0.00415	0.00134	0.00603	0.00378	0.00223	0.00609
18	0.00729	0.00511	0.00582	0.00571	0.00732	0.00458	0.00449	0.00915	0.04436	0.09000	0.07795	0.06608	0.52058	0.01068	0.00532	0.00158	0.00274	0.12255	0.00434	0.00435
19	0.01021	0.15279	0.53204	0.01297	0.08127	0.01183	0.03208	0.06025	0.03994	0.01461	0.00833	0.00962	0.00623	0.00428	0.00409	0.00134	0.00602	0.00337	0.00218	0.00657
20	0.00705	0.00508	0.00690	0.00678	0.00784	0.00479	0.04234	0.02940	0.02011	0.04728	0.17415	0.35930	0.12833	0.07108	0.00672	0.00185	0.00307	0.06960	0.00417	0.00416
21	0.01107	0.00870	0.02453	0.00801	0.02147	0.02386	0.00638	0.18015	0.03880	0.06851	0.05619	0.11299	0.02485	0.00617	0.00428	0.00117	0.00375	0.04160	0.00365	0.35386
22	0.01522	0.01163	0.03086	0.00981	0.01316	0.01249	0.00815	0.55016	0.18408	0.05173	0.01272	0.01291	0.00932	0.00558	0.00447	0.00138	0.00454	0.01875	0.01823	0.02482

[dist]
# distance from previous block
# <min> <max>
2	6

[block]
# block no. 6 follows, 58 sequences, length 21
# corresponding to MSA columns:
# 253-273
name=unknown_G
#
# <colnr> <probs for GDERKNQSTAVLIFYWHMCP>
#	G	D	E	R	K	N	Q	S	T	A	V	L	I	F	Y	W	H	M	C	P
0	0.01421	0.07805	0.01265	0.00970	0.03060	0.09986	0.00771	0.38237	0.12243	0.04663	0.01310	0.02331	0.04531	0.02463	0.00475	0.00138	0.00478	0.02279	0.00387	0.05187
1	0.00847	0.02181	0.02698	0.58856	0.02516	0.00928	0.07025	0.01125	0.03105	0.01150	0.00985	0.01431	0.03042	0.07186	0.00664	0.04555	0.00567	0.00442	0.00219	0.00478
2	0.01005	0.01141	0.07107	0.07093	0.03993	0.07467	0.32374	0.03510	0.05047	0.01365	0.01240	0.09906	0.03516	0.02130	0.00617	0.00161	0.07600	0.03908	0.00271	0.00550
3	0.00831	0.00479	0.00535	0.02877	0.00689	0.00473	0.00397	0.01077	0.04728	0.05382	0.14293	0.04062	0.10437	0.00673	0.00393	0.00122	0.00238	0.00560	0.51312	0.00444
4	0.00787	0.00582	0.00700	0.00656	0.00802	0.00579	0.00508	0.07302	0.10069	0.03230	0.44078	0.08417	0.12134	0.00927	0.00522	0.00151	0.00274	0.07339	0.00465	0.00477
5	0.01023	0.01054	0.01341	0.01158	0.01179	0.07793	0.00956	0.01124	0.00732	0.01077	0.00615	0.00990	0.00603	0.00840	0.03990	0.00206	0.74243	0.00386	0.00200	0.00489
6	0.01163	0.69640	0.06465	0.00969	0.07578	0.01656	0.00871	0.01334	0.00909	0.01105	0.00647	0.00773	0.00585	0.00405	0.00362	0.00106	0.04388	0.00264	0.00194	0.00585
7	0.00589	0.00456	0.00536	0.00516	0.00641	0.00403	0.00387	0.00758	0.01161	0.01545	0.48625	0.03751	0.37004	0.01007	0.00528	0.00145	0.00218	0.00866	0.00460	0.00403
8	0.00928	0.00795	0.00928	0.00663	0.01060	0.00596	0.00530	0.01126	0.00928	0.01458	0.00795	0.00928	0.00663	0.00331	0.00331	0.00066	0.00331	0.00265	0.00265	0.87014
9	0.00704	0.00468	0.00591	0.00552	0.00673	0.00429	0.00417	0.00904	0.01219	0.05453	0.64285	0.03211	0.10791	0.00886	0.00507	0.00139	0.00220	0.00773	0.07347	0.00433
10	0.01040	0.06407	0.11082	0.15757	0.08364	0.05680	0.00942	0.05501	0.20696	0.03870	0.04451	0.08039	0.05060	0.00611	0.00450	0.00143	0.00473	0.00513	0.00326	0.00595
11	0.00607	0.00462	0.00560	0.00548	0.00664	0.00420	0.00411	0.00799	0.02679	0.01560	0.48782	0.09559	0.27096	0.01019	0.00532	0.00149	0.00228	0.03054	0.00461	0.00410
12	0.00551	0.00444	0.00491	0.00500	0.00623	0.00384	0.00367	0.00678	0.01042	0.01310	0.18816	0.16308	0.54655	0.01132	0.00535	0.00154	0.00229	0.00968	0.00430	0.00384
13	0.03828	0.00844	0.00966	0.00737	0.01081	0.00749	0.00589	0.11515	0.05458	0.03896	0.01014	0.06496	0.00871	0.00466	0.00403	0.00095	0.02676	0.00371	0.00316	0.57628
14	0.02286	0.00790	0.01285	0.56241	0.07191	0.00920	0.04220	0.02468	0.02737	0.02560	0.02162	0.05747	0.00894	0.02452	0.00521	0.01624	0.00542	0.02643	0.00243	0.02475
15	0.04854	0.04666	0.01400	0.16944	0.30082	0.03862	0.03275	0.06070	0.02319	0.06168	0.01238	0.02598	0.07163	0.00507	0.00431	0.00134	0.00486	0.00442	0.04338	0.03023
16	0.00965	0.22543	0.30075	0.02204	0.03474	0.04313	0.02353	0.01244	0.00905	0.01231	0.00954	0.07953	0.00876	0.00760	0.06366	0.00179	0.08493	0.02274	0.02277	0.00560
17	0.00824	0.00403	0.00600	0.00591	0.00604	0.00399	0.00399	0.00644	0.00609	0.03884	0.00815	0.01366	0.00790	0.01516	0.01698	0.83655	0.00388	0.00391	0.00208	0.00216
18	0.04428	0.13659	0.06463	0.05307	0.03616	0.07073	0.03904	0.20016	0.02742	0.03820	0.01871	0.01098	0.03002	0.00456	0.00392	0.00114	0.00481	0.00355	0.00302	0.20902
19	0.01052	0.24663	0.23020	0.01896	0.01318	0.03704	0.00958	0.06051	0.04342	0.04458	0.01057	0.01349	0.02637	0.03208	0.10963	0.00212	0.02634	0.03677	0.00257	0.02543
20	0.00672	0.00517	0.00731	0.00715	0.00769	0.00609	0.00539	0.00791	0.00707	0.01012	0.01227	0.05063	0.01236	0.19175	0.55122	0.00588	0.09362	0.00535	0.00248	0.00382

[dist]
# distance from previous block
# <min> <max>
0	1

[block]
# block no. 7 follows, 58 sequences, length 7
# corresponding to MSA columns:
# 275-281
name=unknown_H
#
# <colnr> <probs for GDERKNQSTAVLIFYWHMCP>
#	G	D	E	R	K	N	Q	S	T	A	V	L	I	F	Y	W	H	M	C	P
0	0.01150	0.03549	0.11306	0.04080	0.22768	0.09679	0.17594	0.04965	0.01076	0.05659	0.03700	0.03115	0.00865	0.00563	0.02690	0.00156	0.05769	0.00441	0.00259	0.00616
1	0.00945	0.06299	0.26432	0.00977	0.01348	0.00822	0.07673	0.01288	0.04437	0.08212	0.13083	0.11000	0.01596	0.00660	0.00463	0.00141	0.00464	0.05254	0.00325	0.08580
2	0.00928	0.00795	0.00928	0.00663	0.01060	0.00596	0.00530	0.01126	0.00928	0.01458	0.00795	0.00928	0.00663	0.00331	0.00331	0.00066	0.00331	0.00265	0.00265	0.87014
3	0.01042	0.13910	0.06239	0.11806	0.03757	0.07475	0.11529	0.04601	0.05457	0.01368	0.04278	0.01269	0.03598	0.00621	0.04487	0.00154	0.04142	0.00404	0.00260	0.13601
4	0.05001	0.00584	0.00732	0.00712	0.03517	0.00570	0.03453	0.05007	0.03266	0.04102	0.15557	0.11056	0.26573	0.09050	0.07000	0.00222	0.00384	0.02383	0.00388	0.00443
5	0.01040	0.04567	0.04460	0.00847	0.01173	0.07665	0.03587	0.06109	0.07088	0.01500	0.05253	0.01243	0.03916	0.00480	0.00472	0.00106	0.07054	0.00369	0.00292	0.42779
6	0.01183	0.20073	0.17128	0.05896	0.11940	0.13962	0.03866	0.05725	0.01069	0.04056	0.00977	0.01109	0.04588	0.00470	0.00433	0.00126	0.03019	0.00361	0.00243	0.03779

[dist]
# distance from previous block
# <min> <max>
4	42

[block]
# block no. 8 follows, 58 sequences, length 19
# corresponding to MSA columns:
# 327-345
name=unknown_I
#
# <colnr> <probs for GDERKNQSTAVLIFYWHMCP>
#	G	D	E	R	K	N	Q	S	T	A	V	L	I	F	Y	W	H	M	C	P
0	0.00666	0.00512	0.00581	0.00570	0.00695	0.00478	0.00419	0.07959	0.01116	0.01447	0.19302	0.22507	0.36531	0.04413	0.00601	0.00166	0.00264	0.00932	0.00428	0.00414
1	0.04191	0.09813	0.38175	0.02777	0.11991	0.08336	0.09461	0.01386	0.00975	0.01360	0.02508	0.01071	0.00708	0.03171	0.00501	0.00145	0.02241	0.00367	0.00214	0.00610
2	0.00706	0.00500	0.00634	0.00680	0.00783	0.00490	0.00543	0.04006	0.02234	0.01435	0.12334	0.22304	0.10516	0.01120	0.00550	0.00174	0.00317	0.31910	0.08347	0.00417
3	0.00912	0.00784	0.00944	0.03783	0.03353	0.00627	0.00577	0.01144	0.03532	0.01442	0.00977	0.04352	0.02522	0.00406	0.00357	0.00080	0.00342	0.00336	0.00277	0.73252
4	0.02687	0.05124	0.03275	0.08678	0.01622	0.19718	0.14390	0.21563	0.02421	0.02620	0.03009	0.02130	0.00799	0.00488	0.00462	0.00131	0.02767	0.00401	0.01929	0.05786
5	0.00713	0.00620	0.00621	0.00670	0.00738	0.09482	0.00467	0.00834	0.03505	0.01140	0.02276	0.48587	0.09353	0.12890	0.00788	0.00208	0.00354	0.05994	0.00376	0.00383
6	0.01146	0.01009	0.01607	0.22421	0.51741	0.04027	0.01256	0.01405	0.01021	0.08739	0.00909	0.01155	0.00712	0.00427	0.00443	0.00137	0.00544	0.00399	0.00247	0.00654
7	0.00959	0.00851	0.01154	0.05957	0.09171	0.04891	0.06338	0.04732	0.10979	0.03797	0.06259	0.19806	0.01517	0.00982	0.06900	0.00203	0.14005	0.00642	0.00327	0.00530
8	0.00583	0.00426	0.00527	0.00573	0.00635	0.00396	0.00398	0.00684	0.00930	0.01227	0.15330	0.38946	0.17279	0.14341	0.00828	0.00211	0.00282	0.05636	0.00405	0.00364
9	0.00931	0.00883	0.01498	0.56695	0.28914	0.01017	0.01285	0.01219	0.00935	0.01248	0.00810	0.01164	0.00633	0.00431	0.00446	0.00144	0.00575	0.00398	0.00206	0.00567
10	0.12770	0.01279	0.01131	0.08511	0.01364	0.23949	0.00807	0.13318	0.13810	0.01613	0.01080	0.01184	0.03949	0.00558	0.00548	0.00142	0.11343	0.00385	0.01692	0.00567
11	0.00621	0.00493	0.00589	0.00575	0.00692	0.00459	0.02139	0.00825	0.06615	0.01347	0.21107	0.17695	0.34237	0.09719	0.00712	0.00183	0.00271	0.00900	0.00417	0.00402
12	0.00673	0.00483	0.00570	0.00544	0.00679	0.00439	0.00412	0.00880	0.03770	0.04722	0.41670	0.04958	0.31744	0.00968	0.00517	0.00145	0.00233	0.02306	0.03859	0.00427
13	0.01059	0.46814	0.38878	0.00999	0.01510	0.01435	0.01173	0.01375	0.00925	0.01220	0.00705	0.00822	0.00571	0.00402	0.00350	0.00117	0.00562	0.00281	0.00190	0.00614
14	0.01038	0.00956	0.01566	0.42592	0.30213	0.01066	0.04827	0.09723	0.01075	0.01448	0.00846	0.01151	0.00657	0.00437	0.00449	0.00142	0.00570	0.00404	0.00235	0.00604
15	0.00664	0.00477	0.00637	0.00719	0.00802	0.00466	0.00584	0.00820	0.00968	0.01260	0.04537	0.19612	0.08771	0.08869	0.00752	0.00216	0.00365	0.48691	0.00402	0.00387
16	0.05017	0.01030	0.01721	0.09840	0.70806	0.01054	0.01321	0.01350	0.00996	0.01458	0.00827	0.01097	0.00688	0.00404	0.00436	0.00135	0.00529	0.00391	0.00222	0.00679
17	0.01350	0.01466	0.01303	0.04843	0.13849	0.38767	0.04041	0.06199	0.07018	0.03561	0.01004	0.01196	0.02343	0.02936	0.08008	0.00190	0.00704	0.00387	0.00271	0.00565
18	0.00725	0.00532	0.00672	0.00720	0.00828	0.00525	0.00574	0.08041	0.01076	0.01403	0.04356	0.30077	0.13595	0.01204	0.00573	0.00182	0.00340	0.33737	0.00419	0.00424

[dist]
# distance from previous block
# <min> <max>
0	1

[block]
# block no. 9 follows, 58 sequences, length 7
# corresponding to MSA columns:
# 347-353
name=unknown_J
#
# <colnr> <probs for GDERKNQSTAVLIFYWHMCP>
#	G	D	E	R	K	N	Q	S	T	A	V	L	I	F	Y	W	H	M	C	P
0	0.03046	0.04994	0.01190	0.00874	0.01205	0.04668	0.05557	0.14276	0.05829	0.01648	0.00992	0.03081	0.00846	0.00486	0.00450	0.00109	0.04918	0.03995	0.00306	0.41532
1	0.01070	0.02639	0.07124	0.10299	0.06117	0.02826	0.07833	0.15738	0.13850	0.01613	0.03493	0.03784	0.02304	0.07648	0.05077	0.00202	0.07000	0.00487	0.00315	0.00582
2	0.04790	0.00450	0.00529	0.00565	0.00660	0.00416	0.00408	0.00719	0.00992	0.01346	0.19403	0.36652	0.26467	0.01166	0.00537	0.00163	0.00249	0.03676	0.00425	0.00387
3	0.02621	0.02655	0.10625	0.07116	0.04008	0.02466	0.00811	0.08550	0.25381	0.01666	0.10608	0.02199	0.13415	0.00699	0.00471	0.00148	0.00407	0.05195	0.00378	0.00582
4	0.00597	0.00446	0.00536	0.00553	0.00643	0.00409	0.00401	0.00724	0.01009	0.01326	0.25413	0.17369	0.27091	0.13286	0.00799	0.00200	0.00275	0.08131	0.00416	0.00375
5	0.04065	0.00903	0.02997	0.11856	0.07616	0.00950	0.03234	0.19943	0.11655	0.05960	0.04272	0.06925	0.06968	0.03084	0.04023	0.00178	0.01888	0.00534	0.02356	0.00592
6	0.05576	0.00688	0.00896	0.00726	0.01007	0.00611	0.00590	0.01731	0.01196	0.52246	0.13460	0.04422	0.01638	0.00643	0.00453	0.00138	0.00343	0.04106	0.03503	0.06027

[dist]
# distance from previous block
# <min> <max>
0	2

[block]
# block no. 10 follows, 58 sequences, length 28
# corresponding to MSA columns:
# 356-383
name=unknown_K
#
# <colnr> <probs for GDERKNQSTAVLIFYWHMCP>
#	G	D	E	R	K	N	Q	S	T	A	V	L	I	F	Y	W	H	M	C	P
0	0.05143	0.03463	0.02652	0.03443	0.22958	0.09292	0.07962	0.17731	0.08173	0.06260	0.02728	0.02559	0.00885	0.00562	0.02527	0.00149	0.00543	0.00422	0.00319	0.02229
1	0.02741	0.17368	0.10250	0.00965	0.02716	0.11716	0.00851	0.17954	0.07951	0.08134	0.02544	0.04369	0.01882	0.00624	0.02810	0.00147	0.03297	0.00408	0.02655	0.00618
2	0.74591	0.06016	0.00821	0.04088	0.00999	0.01068	0.00550	0.04906	0.00837	0.01949	0.00651	0.00762	0.00507	0.00420	0.00292	0.00136	0.00371	0.00256	0.00276	0.00503
3	0.02448	0.04862	0.12612	0.11133	0.07609	0.00972	0.03168	0.08400	0.16065	0.03744	0.05812	0.04945	0.03416	0.00660	0.00494	0.00152	0.02409	0.10172	0.00337	0.00590
4	0.00590	0.00417	0.00548	0.00636	0.00671	0.00399	0.00445	0.00677	0.00855	0.01134	0.02295	0.59020	0.02700	0.13530	0.00829	0.00223	0.00310	0.13971	0.00394	0.00358
5	0.01200	0.00972	0.00929	0.00814	0.01040	0.12299	0.00643	0.17591	0.16097	0.07919	0.10576	0.02173	0.12147	0.00706	0.00463	0.00140	0.00407	0.05690	0.07616	0.00577
6	0.00570	0.00411	0.00524	0.00584	0.00631	0.00382	0.00395	0.00666	0.00919	0.01232	0.16272	0.54703	0.09500	0.10126	0.00742	0.00199	0.00267	0.01098	0.00413	0.00365
7	0.07944	0.01052	0.06454	0.03323	0.28846	0.01006	0.12862	0.09900	0.02818	0.01658	0.10656	0.01512	0.05114	0.00535	0.00503	0.00142	0.04288	0.00480	0.00295	0.00613
8	0.03126	0.00657	0.05660	0.00636	0.00854	0.00521	0.00538	0.01160	0.01155	0.21383	0.28879	0.03018	0.27176	0.00858	0.00498	0.00145	0.00293	0.02476	0.00458	0.00508
9	0.01145	0.11268	0.36409	0.04678	0.11606	0.10623	0.01253	0.08047	0.04797	0.03454	0.00893	0.02288	0.00692	0.00458	0.00416	0.00133	0.00597	0.00358	0.00245	0.00642
10	0.01182	0.00993	0.01042	0.00976	0.04806	0.06258	0.00724	0.10426	0.49602	0.05324	0.07188	0.06686	0.01505	0.00648	0.00462	0.00147	0.00392	0.00541	0.00434	0.00663
11	0.01090	0.36810	0.15927	0.00972	0.01354	0.07700	0.08131	0.04242	0.02251	0.01263	0.01164	0.03266	0.08802	0.00514	0.00411	0.00122	0.02469	0.00397	0.00241	0.02873
12	0.01184	0.04665	0.02043	0.00935	0.04413	0.01600	0.00743	0.13951	0.12369	0.13643	0.02691	0.04812	0.03387	0.02035	0.02708	0.00173	0.05299	0.17595	0.00397	0.05357
13	0.01484	0.00719	0.00917	0.00745	0.01008	0.00676	0.00599	0.08961	0.06216	0.43658	0.25260	0.02033	0.02015	0.00661	0.00469	0.00139	0.00334	0.00554	0.02901	0.00648
14	0.01242	0.01027	0.01125	0.06062	0.05140	0.03968	0.00796	0.19688	0.45002	0.03324	0.01505	0.01542	0.01145	0.00580	0.00450	0.00145	0.00421	0.02692	0.03461	0.00683
15	0.00637	0.00480	0.00608	0.00588	0.00685	0.00467	0.00443	0.00810	0.01125	0.01567	0.50247	0.13057	0.15687	0.00988	0.00583	0.00150	0.05332	0.02061	0.04074	0.00412
16	0.01386	0.03112	0.01222	0.01058	0.07096	0.05128	0.02939	0.31880	0.16569	0.10056	0.08351	0.01530	0.01250	0.05703	0.00564	0.00155	0.00452	0.00472	0.00413	0.00666
17	0.01251	0.00943	0.01031	0.00893	0.01158	0.01051	0.00706	0.13754	0.54337	0.09994	0.06708	0.01745	0.01456	0.00624	0.00462	0.00148	0.00369	0.02207	0.00465	0.00697
18	0.00848	0.00805	0.01099	0.16693	0.01380	0.03192	0.00846	0.00988	0.00800	0.01113	0.01323	0.09551	0.09853	0.02925	0.06234	0.00216	0.39412	0.00549	0.01718	0.00455
19	0.00649	0.00438	0.00511	0.00511	0.00519	0.00446	0.00300	0.00665	0.00657	0.00884	0.01388	0.02811	0.01576	0.76212	0.10275	0.00462	0.00510	0.00633	0.00268	0.00284
20	0.01021	0.00989	0.01664	0.07492	0.30698	0.00968	0.19405	0.01409	0.10263	0.01456	0.01067	0.01303	0.02779	0.02830	0.00501	0.00139	0.00524	0.00440	0.00262	0.14791
21	0.18187	0.21721	0.03893	0.04766	0.08623	0.27182	0.02198	0.04023	0.01040	0.01369	0.00696	0.00838	0.00578	0.00435	0.00389	0.00122	0.02858	0.00294	0.00233	0.00554
22	0.00571	0.00404	0.00526	0.00602	0.00649	0.00377	0.00413	0.00676	0.00924	0.01257	0.12937	0.64909	0.06624	0.01285	0.00553	0.00172	0.00252	0.02443	0.04051	0.00375
23	0.02229	0.02353	0.08225	0.06498	0.10391	0.06108	0.11370	0.12359	0.08198	0.06278	0.02241	0.09759	0.03686	0.00671	0.02269	0.00160	0.05761	0.00525	0.00319	0.00601
24	0.00629	0.00477	0.00617	0.00594	0.00707	0.00437	0.01941	0.00818	0.02446	0.01551	0.48104	0.16884	0.15164	0.03067	0.00574	0.00156	0.00247	0.02524	0.00449	0.02614
25	0.02201	0.09764	0.14636	0.10509	0.03679	0.02754	0.04187	0.04023	0.07827	0.02671	0.07021	0.03665	0.08110	0.00807	0.02950	0.11993	0.01930	0.00481	0.00283	0.00512
26	0.04998	0.04200	0.19134	0.01139	0.06540	0.07766	0.03416	0.20944	0.04039	0.08735	0.01133	0.03507	0.02378	0.00617	0.02568	0.00155	0.04213	0.02006	0.01872	0.00638
27	0.00973	0.03545	0.03685	0.00797	0.01923	0.05813	0.04205	0.11589	0.01071	0.03467	0.06761	0.06940	0.05982	0.15585	0.07336	0.00232	0.03966	0.00549	0.10026	0.05555

[dist]
# distance from previous block
# <min> <max>
2	21

[block]
# block no. 11 follows, 58 sequences, length 20
# corresponding to MSA columns:
# 413-432
name=unknown_L
#
# <colnr> <probs for GDERKNQSTAVLIFYWHMCP>
#	G	D	E	R	K	N	Q	S	T	A	V	L	I	F	Y	W	H	M	C	P
0	0.07969	0.18593	0.18804	0.03512	0.04217	0.06057	0.08387	0.08979	0.03165	0.03883	0.00885	0.02544	0.00710	0.01505	0.00415	0.00128	0.00532	0.00358	0.01645	0.07711
1	0.01075	0.17313	0.19081	0.06544	0.09228	0.05156	0.09363	0.05014	0.04754	0.03180	0.02226	0.01247	0.04869	0.01890	0.00477	0.00135	0.02830	0.00399	0.00253	0.04967
2	0.05350	0.07292	0.22689	0.02238	0.10421	0.03371	0.04843	0.03960	0.09589	0.02819	0.09979	0.04430	0.02954	0.02349	0.00478	0.00146	0.00482	0.02579	0.03447	0.00586
3	0.00945	0.02493	0.00770	0.00645	0.00825	0.00567	0.02655	0.05171	0.01127	0.15901	0.22295	0.02759	0.22430	0.06162	0.08518	0.00214	0.00390	0.00675	0.04972	0.00486
4	0.01460	0.04212	0.04229	0.02292	0.01323	0.04594	0.02461	0.52566	0.04118	0.03356	0.02224	0.01262	0.00887	0.02467	0.04506	0.00168	0.00525	0.01400	0.05277	0.00674
5	0.01238	0.00611	0.00758	0.00644	0.00847	0.00576	0.00506	0.06461	0.02661	0.29740	0.22990	0.04331	0.02000	0.02967	0.00491	0.00140	0.00298	0.00564	0.21616	0.00561
6	0.01043	0.00954	0.05094	0.20478	0.02843	0.02081	0.04009	0.15536	0.21803	0.01693	0.06485	0.09874	0.02445	0.00667	0.00506	0.02542	0.00456	0.00550	0.00355	0.00586
7	0.00604	0.00453	0.00560	0.00539	0.00652	0.00409	0.00402	0.00786	0.01189	0.01624	0.59339	0.07175	0.22646	0.00989	0.00530	0.00145	0.00217	0.00862	0.00471	0.00409
8	0.03043	0.71744	0.08836	0.00820	0.01219	0.03747	0.00837	0.03347	0.00948	0.01149	0.00650	0.00748	0.00576	0.00393	0.00305	0.00102	0.00499	0.00252	0.00200	0.00583
9	0.00944	0.00610	0.00710	0.04782	0.00916	0.00589	0.00508	0.04606	0.09974	0.15410	0.06805	0.06893	0.36174	0.03909	0.00554	0.00157	0.00305	0.00729	0.04921	0.00504
10	0.01074	0.01030	0.01757	0.12763	0.71727	0.01054	0.01357	0.01344	0.01003	0.01422	0.00836	0.01118	0.00695	0.00405	0.00443	0.00135	0.00539	0.00398	0.00219	0.00682
11	0.01066	0.01029	0.01778	0.14652	0.66701	0.01055	0.04479	0.01341	0.01002	0.01413	0.00837	0.01124	0.00691	0.00405	0.00447	0.00136	0.00550	0.00404	0.00218	0.00673
12	0.00699	0.00464	0.00562	0.00590	0.00650	0.00448	0.00394	0.00821	0.04918	0.05853	0.02202	0.38406	0.09107	0.30042	0.01147	0.00263	0.00332	0.02352	0.00375	0.00375
13	0.02474	0.00881	0.00967	0.00814	0.01037	0.04850	0.00639	0.28150	0.01375	0.16780	0.03280	0.12958	0.05482	0.07109	0.03390	0.00185	0.03697	0.00582	0.04764	0.00586
14	0.04133	0.00791	0.01002	0.00913	0.01091	0.06388	0.08659	0.05102	0.06842	0.08135	0.01852	0.15351	0.04128	0.05129	0.00652	0.00184	0.03441	0.25331	0.00378	0.00496
15	0.00654	0.00428	0.00503	0.00510	0.00528	0.00422	0.00308	0.00682	0.00741	0.01019	0.09191	0.10952	0.01944	0.59650	0.01814	0.04736	0.00381	0.00703	0.04535	0.00298
16	0.00579	0.00423	0.00534	0.00595	0.00630	0.00410	0.00397	0.00649	0.00839	0.01112	0.04511	0.56040	0.10459	0.17105	0.00917	0.00226	0.02756	0.01083	0.00383	0.00353
17	0.11174	0.00950	0.00996	0.00842	0.01083	0.05290	0.00670	0.20870	0.16301	0.13786	0.02816	0.01461	0.01046	0.04529	0.02158	0.04415	0.04626	0.02081	0.04298	0.00606
18	0.15427	0.00708	0.00803	0.00690	0.00876	0.00752	0.00541	0.14261	0.01069	0.14683	0.02876	0.01413	0.03830	0.00806	0.00769	0.21210	0.04424	0.00410	0.13962	0.00489
19	0.00927	0.35878	0.22600	0.00875	0.01224	0.01141	0.00919	0.01162	0.00921	0.01199	0.01254	0.18841	0.01299	0.00704	0.00420	0.00138	0.00473	0.09229	0.00263	0.00534

[dist]
# distance from previous block
# <min> <max>
0	1

[block]
# block no. 12 follows, 58 sequences, length 13
# corresponding to MSA columns:
# 434,436-447
name=unknown_M
#
# <colnr> <probs for GDERKNQSTAVLIFYWHMCP>
#	G	D	E	R	K	N	Q	S	T	A	V	L	I	F	Y	W	H	M	C	P
0	0.00983	0.00910	0.01671	0.01264	0.01562	0.00881	0.39452	0.04107	0.04273	0.06316	0.07014	0.05539	0.12414	0.05605	0.00661	0.00168	0.04184	0.00627	0.01829	0.00540
1	0.00619	0.00480	0.00603	0.00623	0.00709	0.00471	0.00466	0.00773	0.02399	0.01347	0.22775	0.28619	0.21700	0.02719	0.00638	0.00172	0.05213	0.08857	0.00419	0.00398
2	0.01248	0.01288	0.01270	0.01103	0.03424	0.26001	0.04930	0.09030	0.01116	0.03407	0.05633	0.04900	0.00956	0.00607	0.00711	0.00141	0.23007	0.00420	0.00278	0.10530
3	0.01230	0.01059	0.01059	0.00840	0.01162	0.12239	0.00666	0.12656	0.09322	0.07378	0.01031	0.03309	0.00827	0.00472	0.00436	0.00106	0.04094	0.00359	0.00327	0.41426
4	0.02606	0.12912	0.10767	0.06471	0.03293	0.14366	0.01941	0.12891	0.06101	0.02478	0.01167	0.02605	0.05558	0.00529	0.00442	0.00127	0.03516	0.00399	0.07296	0.04537
5	0.05985	0.01275	0.12784	0.17176	0.19567	0.08760	0.06445	0.11500	0.04644	0.01585	0.03778	0.01171	0.00810	0.00519	0.01993	0.00149	0.00581	0.00400	0.00266	0.00614
6	0.00747	0.00611	0.03239	0.00675	0.00822	0.00570	0.00531	0.01131	0.16414	0.03697	0.31830	0.19266	0.11756	0.00973	0.00523	0.00156	0.00282	0.05853	0.00448	0.00476
7	0.00923	0.00817	0.00967	0.07096	0.14111	0.07133	0.00720	0.08340	0.07961	0.01526	0.13905	0.13713	0.14764	0.02221	0.00517	0.00151	0.00392	0.01782	0.02445	0.00519
8	0.04762	0.00439	0.00437	0.00438	0.00546	0.00440	0.00325	0.00998	0.00922	0.01604	0.01659	0.05035	0.06432	0.03604	0.00406	0.00124	0.00226	0.00485	0.70710	0.00410
9	0.13522	0.01348	0.01112	0.00981	0.02450	0.29202	0.00757	0.19924	0.01252	0.01655	0.00861	0.01067	0.00713	0.04269	0.04127	0.00172	0.10247	0.00354	0.05438	0.00549
10	0.00583	0.00468	0.00518	0.00517	0.00650	0.00406	0.00386	0.00708	0.01005	0.01265	0.12557	0.09008	0.51708	0.07651	0.00667	0.00175	0.00262	0.06929	0.00406	0.04131
11	0.00743	0.09786	0.00899	0.04298	0.03789	0.00669	0.00566	0.00908	0.01041	0.03009	0.34145	0.20125	0.08204	0.01017	0.03738	0.00171	0.05279	0.00778	0.00388	0.00447
12	0.01193	0.13694	0.08142	0.06201	0.04811	0.14011	0.12849	0.08243	0.01066	0.03524	0.00857	0.04582	0.00735	0.00536	0.00615	0.00141	0.15659	0.00407	0.00249	0.02484

[dist]
# distance from previous block
# <min> <max>
0	4

[block]
# block no. 13 follows, 58 sequences, length 9
# corresponding to MSA columns:
# 452-460
name=unknown_N
#
# <colnr> <probs for GDERKNQSTAVLIFYWHMCP>
#	G	D	E	R	K	N	Q	S	T	A	V	L	I	F	Y	W	H	M	C	P
0	0.01002	0.01140	0.09725	0.29940	0.25842	0.06168	0.05398	0.01311	0.02927	0.01300	0.00890	0.01288	0.00737	0.00491	0.00525	0.00147	0.06455	0.03906	0.00224	0.00584
1	0.00731	0.00590	0.00883	0.00842	0.00962	0.00589	0.09036	0.04967	0.01023	0.01370	0.09416	0.36159	0.06016	0.01120	0.00607	0.00178	0.04188	0.20496	0.00393	0.00434
2	0.00634	0.00504	0.00669	0.00782	0.09290	0.00464	0.00500	0.00791	0.01070	0.01437	0.32193	0.23688	0.24226	0.01041	0.00530	0.00153	0.00262	0.00918	0.00423	0.00426
3	0.01084	0.01145	0.04986	0.10032	0.10572	0.14657	0.00975	0.01286	0.03233	0.04408	0.01007	0.03351	0.04259	0.00808	0.05873	0.00194	0.30923	0.00431	0.00244	0.00532
