[name]
unknown

[dist]
# distance from previous block
# <min> <max>
6	1221

[block]
# block no. 0 follows, 55 sequences, length 137
# corresponding to MSA columns:
# 1247-1264,1266-1313,1324-1394
name=unknown_A
#
# <colnr> <probs for GDERKNQSTAVLIFYWHMCP>
#	G	D	E	R	K	N	Q	S	T	A	V	L	I	F	Y	W	H	M	C	P
0	0.10387	0.00875	0.02601	0.12053	0.07336	0.02259	0.06056	0.05912	0.09200	0.13343	0.15025	0.08045	0.01658	0.02583	0.00520	0.00158	0.00438	0.00572	0.00388	0.00592
1	0.07569	0.00910	0.02427	0.00887	0.02648	0.04738	0.05967	0.05465	0.07758	0.15354	0.05998	0.07331	0.06070	0.00622	0.00446	0.00131	0.00409	0.01881	0.02220	0.21169
2	0.07831	0.00867	0.01008	0.00919	0.05369	0.03278	0.00691	0.11592	0.11745	0.26010	0.14737	0.02087	0.05271	0.02036	0.00510	0.00154	0.00392	0.04385	0.00469	0.00649
3	0.00924	0.00954	0.04247	0.75472	0.03071	0.05161	0.01287	0.01233	0.00952	0.01196	0.00822	0.01211	0.00618	0.00465	0.00462	0.00153	0.00634	0.00405	0.00208	0.00524
4	0.11748	0.13453	0.31250	0.01312	0.05406	0.01207	0.15944	0.03424	0.02366	0.05465	0.00873	0.01027	0.00657	0.00450	0.00465	0.00143	0.03544	0.00374	0.00247	0.00645
5	0.01093	0.01044	0.01772	0.18757	0.63739	0.01082	0.01384	0.01375	0.01032	0.01454	0.00865	0.01166	0.00713	0.00423	0.00459	0.00140	0.00562	0.00412	0.00226	0.02301
6	0.00602	0.04747	0.00592	0.00499	0.00674	0.00475	0.00385	0.00727	0.01061	0.01278	0.07098	0.04145	0.71337	0.01105	0.00531	0.00151	0.00252	0.00918	0.00418	0.03006
7	0.07574	0.13923	0.39953	0.04162	0.04586	0.01188	0.08840	0.04004	0.03848	0.06405	0.00913	0.01040	0.00672	0.00448	0.00425	0.00141	0.00602	0.00364	0.00251	0.00662
8	0.01045	0.01310	0.15444	0.04440	0.19061	0.05847	0.12584	0.01385	0.04833	0.01458	0.10571	0.01407	0.01148	0.00576	0.00688	0.00157	0.16698	0.00471	0.00266	0.00612
9	0.00742	0.00530	0.00741	0.00848	0.00952	0.00529	0.00737	0.00951	0.01064	0.01384	0.02467	0.08366	0.02693	0.01292	0.00641	0.00213	0.00422	0.74571	0.00429	0.00426
10	0.01768	0.01303	0.01396	0.01070	0.01443	0.01443	0.00884	0.79197	0.02187	0.02932	0.01117	0.01117	0.00791	0.00558	0.00465	0.00140	0.00512	0.00419	0.00465	0.00791
11	0.03215	0.08645	0.02765	0.00969	0.01344	0.01238	0.00824	0.46369	0.01773	0.26235	0.01278	0.01215	0.00874	0.00545	0.00448	0.00137	0.00476	0.00414	0.00467	0.00767
12	0.00933	0.02406	0.81240	0.01326	0.02014	0.01080	0.01719	0.01473	0.00982	0.01473	0.00835	0.00982	0.00589	0.00442	0.00442	0.00147	0.00688	0.00344	0.00196	0.00688
13	0.00658	0.00476	0.00622	0.00585	0.00695	0.00439	0.00439	0.00878	0.01317	0.01866	0.80503	0.03475	0.04390	0.00951	0.00549	0.00146	0.00219	0.00841	0.00512	0.00439
14	0.00687	0.00510	0.00681	0.00683	0.03931	0.00479	0.00484	0.00929	0.02715	0.01853	0.75885	0.03350	0.04189	0.00924	0.00544	0.00146	0.00236	0.00818	0.00500	0.00456
15	0.01225	0.77771	0.04244	0.00830	0.01215	0.01802	0.00829	0.01381	0.00934	0.01105	0.00649	0.00766	0.00598	0.00420	0.00365	0.00106	0.04707	0.00259	0.00199	0.00595
16	0.01682	0.01251	0.01342	0.01047	0.01399	0.01389	0.00858	0.69379	0.10249	0.02780	0.01191	0.01188	0.00857	0.00591	0.00498	0.02144	0.00494	0.00430	0.00460	0.00772
17	0.01738	0.02217	0.01318	0.01199	0.01438	0.81783	0.00899	0.01858	0.01318	0.01139	0.00719	0.00839	0.00599	0.00479	0.00419	0.00120	0.00839	0.00300	0.00240	0.00539
18	0.00965	0.00827	0.00965	0.00689	0.01102	0.00620	0.00551	0.01171	0.00965	0.01516	0.00827	0.00965	0.00689	0.00345	0.00345	0.00069	0.00345	0.00276	0.00276	0.86494
19	0.00665	0.00498	0.00748	0.00748	0.00831	0.00582	0.00582	0.00831	0.00748	0.01080	0.01246	0.01828	0.01163	0.03489	0.81807	0.00748	0.01246	0.00498	0.00249	0.00415
20	0.01768	0.01303	0.01396	0.01070	0.01443	0.01443	0.00884	0.79197	0.02187	0.02932	0.01117	0.01117	0.00791	0.00558	0.00465	0.00140	0.00512	0.00419	0.00465	0.00791
21	0.00879	0.00827	0.01395	0.82532	0.03204	0.01034	0.01292	0.01189	0.00930	0.01189	0.00827	0.01240	0.00620	0.00465	0.00465	0.00155	0.00620	0.00413	0.00207	0.00517
22	0.00567	0.00405	0.00540	0.00648	0.00675	0.00378	0.00432	0.00648	0.00891	0.01188	0.02564	0.83347	0.03077	0.01457	0.00594	0.00189	0.00270	0.01323	0.00432	0.00378
23	0.00740	0.00529	0.00739	0.00846	0.00949	0.00527	0.00734	0.00948	0.01062	0.01382	0.02468	0.09201	0.02698	0.01294	0.00640	0.00213	0.00420	0.73755	0.00429	0.00426
24	0.02087	0.00792	0.01080	0.00828	0.01188	0.00684	0.00684	0.02267	0.01332	0.81071	0.01835	0.01583	0.01152	0.00576	0.00468	0.00144	0.00396	0.00468	0.00576	0.00792
25	0.00567	0.00405	0.00540	0.00648	0.00675	0.00378	0.00432	0.00648	0.00891	0.01188	0.02564	0.83347	0.03077	0.01457	0.00594	0.00189	0.00270	0.01323	0.00432	0.00378
26	0.01135	0.01151	0.02151	0.02581	0.56698	0.01127	0.25267	0.01447	0.01071	0.01511	0.00895	0.01183	0.00727	0.00408	0.00488	0.00144	0.00624	0.00456	0.00232	0.00703
27	0.00879	0.00827	0.01395	0.82532	0.03204	0.01034	0.01292	0.01189	0.00930	0.01189	0.00827	0.01240	0.00620	0.00465	0.00465	0.00155	0.00620	0.00413	0.00207	0.00517
28	0.00750	0.00535	0.00750	0.00857	0.00964	0.00535	0.00750	0.00964	0.01071	0.01392	0.02463	0.05248	0.02677	0.01285	0.00643	0.00214	0.00428	0.77617	0.00428	0.00428
29	0.82536	0.00968	0.00717	0.00642	0.00928	0.05214	0.00524	0.01393	0.00819	0.02038	0.00651	0.00760	0.00509	0.00434	0.00295	0.00143	0.00385	0.00254	0.00285	0.00506
30	0.00555	0.00472	0.00479	0.00477	0.00632	0.00395	0.00358	0.00678	0.01074	0.01288	0.08620	0.04426	0.76632	0.01166	0.00550	0.00157	0.00235	0.00975	0.00436	0.00395
31	0.00656	0.00475	0.00618	0.00583	0.00694	0.00438	0.00437	0.00873	0.01311	0.01852	0.78807	0.03498	0.06094	0.00956	0.00549	0.00147	0.00220	0.00844	0.00510	0.00438
32	0.01359	0.23639	0.07850	0.01557	0.22306	0.27256	0.03889	0.03137	0.02497	0.01315	0.00786	0.00943	0.00656	0.00439	0.00406	0.00124	0.00645	0.00335	0.00232	0.00629
33	0.01591	0.11828	0.10241	0.01165	0.01473	0.63523	0.00977	0.01761	0.01238	0.01170	0.00723	0.00844	0.00598	0.00466	0.00408	0.00120	0.00782	0.00299	0.00230	0.00562
34	0.00665	0.00498	0.00748	0.00748	0.00831	0.00582	0.00582	0.00831	0.00748	0.01080	0.01246	0.01828	0.01163	0.03489	0.81807	0.00748	0.01246	0.00498	0.00249	0.00415
35	0.00933	0.02406	0.81240	0.01326	0.02014	0.01080	0.01719	0.01473	0.00982	0.01473	0.00835	0.00982	0.00589	0.00442	0.00442	0.00147	0.00688	0.00344	0.00196	0.00688
36	0.01164	0.05886	0.01784	0.22806	0.39613	0.08537	0.07179	0.04900	0.01097	0.01437	0.00851	0.01129	0.00687	0.00437	0.00456	0.00140	0.00609	0.00405	0.00234	0.00649
37	0.00550	0.00471	0.00471	0.00471	0.00628	0.00393	0.00353	0.00668	0.01060	0.01257	0.04713	0.04477	0.80560	0.01178	0.00550	0.00157	0.00236	0.00982	0.00432	0.00393
38	0.00884	0.00837	0.01428	0.80590	0.03186	0.01037	0.03167	0.01196	0.00934	0.01196	0.00830	0.01241	0.00622	0.00463	0.00467	0.00155	0.00624	0.00417	0.00207	0.00519
39	0.04574	0.16397	0.33627	0.01236	0.07124	0.06084	0.05021	0.01543	0.09083	0.03315	0.01007	0.04208	0.00817	0.00600	0.03297	0.00161	0.00609	0.00400	0.00256	0.00641
40	0.00790	0.00639	0.00956	0.01267	0.23499	0.00639	0.00719	0.00927	0.00892	0.01226	0.02928	0.22578	0.01848	0.23088	0.08679	0.00298	0.00504	0.07740	0.00318	0.00464
41	0.01385	0.01056	0.01131	0.00953	0.01248	0.01186	0.00759	0.26688	0.47120	0.06418	0.01625	0.01532	0.01195	0.00601	0.00463	0.00149	0.00407	0.00484	0.04858	0.00741
42	0.00643	0.00474	0.00592	0.00563	0.00681	0.00431	0.00422	0.00845	0.01266	0.01757	0.65894	0.03622	0.17687	0.00984	0.00545	0.00148	0.00222	0.00859	0.01935	0.00431
43	0.02036	0.00780	0.01063	0.00819	0.01170	0.00675	0.00675	0.02218	0.01331	0.78238	0.04648	0.01651	0.01267	0.00589	0.00471	0.00144	0.00390	0.00481	0.00574	0.00779
44	0.00615	0.00474	0.00561	0.00539	0.00668	0.00420	0.00404	0.00793	0.01213	0.01620	0.49885	0.03880	0.35161	0.01043	0.00549	0.00151	0.00226	0.00898	0.00480	0.00420
45	0.00656	0.00475	0.00618	0.00582	0.00693	0.00438	0.00437	0.00873	0.01311	0.01850	0.78620	0.03500	0.06282	0.00957	0.00549	0.00147	0.00220	0.00845	0.00510	0.00438
46	0.86937	0.00900	0.00684	0.00612	0.00900	0.01044	0.00504	0.01368	0.00792	0.02087	0.00648	0.00756	0.00504	0.00432	0.00288	0.00144	0.00360	0.00252	0.00288	0.00504
47	0.00642	0.00475	0.00599	0.00568	0.00685	0.00432	0.00426	0.00846	0.01278	0.01774	0.69072	0.03626	0.15878	0.00985	0.00549	0.00148	0.00222	0.00863	0.00500	0.00432
48	0.86937	0.00900	0.00684	0.00612	0.00900	0.01044	0.00504	0.01368	0.00792	0.02087	0.00648	0.00756	0.00504	0.00432	0.00288	0.00144	0.00360	0.00252	0.00288	0.00504
49	0.86937	0.00900	0.00684	0.00612	0.00900	0.01044	0.00504	0.01368	0.00792	0.02087	0.00648	0.00756	0.00504	0.00432	0.00288	0.00144	0.00360	0.00252	0.00288	0.00504
50	0.00658	0.00476	0.00622	0.00585	0.00695	0.00439	0.00439	0.00878	0.01317	0.01866	0.80503	0.03475	0.04390	0.00951	0.00549	0.00146	0.00219	0.00841	0.00512	0.00439
51	0.86937	0.00900	0.00684	0.00612	0.00900	0.01044	0.00504	0.01368	0.00792	0.02087	0.00648	0.00756	0.00504	0.00432	0.00288	0.00144	0.00360	0.00252	0.00288	0.00504
52	0.01768	0.01303	0.01396	0.01070	0.01443	0.01443	0.00884	0.79197	0.02187	0.02932	0.01117	0.01117	0.00791	0.00558	0.00465	0.00140	0.00512	0.00419	0.00465	0.00791
53	0.00658	0.00476	0.00622	0.00585	0.00695	0.00439	0.00439	0.00878	0.01317	0.01866	0.80503	0.03475	0.04390	0.00951	0.00549	0.00146	0.00219	0.00841	0.00512	0.00439
54	0.01233	0.00982	0.01054	0.00937	0.01208	0.01119	0.00732	0.02455	0.73519	0.08379	0.01889	0.01723	0.01398	0.00627	0.00473	0.00157	0.00370	0.00521	0.00482	0.00741
55	0.02087	0.00792	0.01080	0.00828	0.01188	0.00684	0.00684	0.02267	0.01332	0.81071	0.01835	0.01583	0.01152	0.00576	0.00468	0.00144	0.00396	0.00468	0.00576	0.00792
56	0.00994	0.18508	0.65676	0.01221	0.01852	0.01231	0.01537	0.01457	0.00975	0.01398	0.00798	0.00936	0.00591	0.00433	0.00414	0.00138	0.00650	0.00325	0.00197	0.00670
57	0.00750	0.00535	0.00750	0.00857	0.00964	0.00535	0.00750	0.00964	0.01071	0.01392	0.02463	0.05248	0.02677	0.01285	0.00643	0.00214	0.00428	0.77617	0.00428	0.00428
58	0.00571	0.00407	0.00539	0.00642	0.00668	0.00381	0.00426	0.00649	0.00882	0.01176	0.02520	0.80121	0.03021	0.04759	0.00665	0.00199	0.00277	0.01297	0.00426	0.00374
59	0.01132	0.00973	0.01030	0.00928	0.01183	0.01120	0.00721	0.02391	0.75892	0.01942	0.05910	0.01825	0.01572	0.00648	0.00477	0.00157	0.00361	0.00542	0.00475	0.00721
60	0.00879	0.00827	0.01395	0.82532	0.03204	0.01034	0.01292	0.01189	0.00930	0.01189	0.00827	0.01240	0.00620	0.00465	0.00465	0.00155	0.00620	0.00413	0.00207	0.00517
61	0.00867	0.00434	0.00434	0.00434	0.00542	0.00434	0.00325	0.01084	0.00976	0.01734	0.01518	0.01734	0.01192	0.00542	0.00325	0.00108	0.00217	0.00434	0.86233	0.00434
62	0.86937	0.00900	0.00684	0.00612	0.00900	0.01044	0.00504	0.01368	0.00792	0.02087	0.00648	0.00756	0.00504	0.00432	0.00288	0.00144	0.00360	0.00252	0.00288	0.00504
63	0.00558	0.00472	0.00482	0.00480	0.00633	0.00396	0.00360	0.00683	0.01079	0.01302	0.10326	0.04403	0.74919	0.01161	0.00550	0.00156	0.00234	0.00971	0.00438	0.00396
64	0.86937	0.00900	0.00684	0.00612	0.00900	0.01044	0.00504	0.01368	0.00792	0.02087	0.00648	0.00756	0.00504	0.00432	0.00288	0.00144	0.00360	0.00252	0.00288	0.00504
65	0.01129	0.01079	0.01826	0.09480	0.72280	0.01101	0.01399	0.01434	0.03007	0.01503	0.00896	0.01173	0.00744	0.00424	0.00461	0.00140	0.00554	0.00417	0.00234	0.00718
66	0.00566	0.00408	0.00536	0.00639	0.00672	0.00379	0.00428	0.00649	0.00899	0.01191	0.02674	0.79317	0.07036	0.01443	0.00592	0.00187	0.00268	0.01305	0.00432	0.00379
67	0.00574	0.00472	0.00506	0.00503	0.00648	0.00404	0.00378	0.00712	0.01105	0.01372	0.18796	0.05743	0.63532	0.01143	0.00552	0.00157	0.00237	0.02320	0.00447	0.00402
68	0.00566	0.00407	0.00538	0.00642	0.00673	0.00378	0.00429	0.00648	0.00896	0.01190	0.02629	0.80964	0.05417	0.01449	0.00592	0.00188	0.00269	0.01312	0.00432	0.00378
69	0.00676	0.00452	0.00512	0.00512	0.00514	0.00454	0.00288	0.00680	0.00678	0.00906	0.01461	0.03020	0.01681	0.82046	0.03958	0.00457	0.00467	0.00673	0.00281	0.00285
70	0.01244	0.83930	0.02438	0.00796	0.01194	0.01841	0.00796	0.01393	0.00945	0.01095	0.00647	0.00746	0.00597	0.00398	0.00299	0.00100	0.00498	0.00249	0.00199	0.00597
71	0.00665	0.00498	0.00748	0.00748	0.00831	0.00582	0.00582	0.00831	0.00748	0.01080	0.01246	0.01828	0.01163	0.03489	0.81807	0.00748	0.01246	0.00498	0.00249	0.00415
72	0.01244	0.83930	0.02438	0.00796	0.01194	0.01841	0.00796	0.01393	0.00945	0.01095	0.00647	0.00746	0.00597	0.00398	0.00299	0.00100	0.00498	0.00249	0.00199	0.00597
73	0.01175	0.01107	0.01767	0.04432	0.65764	0.02520	0.01326	0.05639	0.02716	0.01575	0.00906	0.01164	0.00752	0.00452	0.00512	0.00141	0.04748	0.00415	0.02173	0.00713
74	0.00658	0.00476	0.00622	0.00585	0.00695	0.00439	0.00439	0.00878	0.01317	0.01866	0.80503	0.03475	0.04390	0.00951	0.00549	0.00146	0.00219	0.00841	0.00512	0.00439
75	0.00933	0.02406	0.81240	0.01326	0.02014	0.01080	0.01719	0.01473	0.00982	0.01473	0.00835	0.00982	0.00589	0.00442	0.00442	0.00147	0.00688	0.00344	0.00196	0.00688
76	0.00595	0.00418	0.00561	0.00660	0.00696	0.00394	0.00457	0.00675	0.00896	0.01188	0.02515	0.70251	0.04723	0.01443	0.00660	0.04599	0.00290	0.08182	0.00420	0.00374
77	0.02071	0.00818	0.01096	0.00840	0.01201	0.00723	0.00694	0.06198	0.01375	0.77078	0.01799	0.01560	0.01133	0.00575	0.00468	0.00144	0.00402	0.00465	0.00570	0.00792
78	0.01738	0.02217	0.01318	0.01199	0.01438	0.81783	0.00899	0.01858	0.01318	0.01139	0.00719	0.00839	0.00599	0.00479	0.00419	0.00120	0.00839	0.00300	0.00240	0.00539
79	0.00750	0.00535	0.00750	0.00857	0.00964	0.00535	0.00750	0.00964	0.01071	0.01392	0.02463	0.05248	0.02677	0.01285	0.00643	0.00214	0.00428	0.77617	0.00428	0.00428
80	0.01738	0.02217	0.01318	0.01199	0.01438	0.81783	0.00899	0.01858	0.01318	0.01139	0.00719	0.00839	0.00599	0.00479	0.00419	0.00120	0.00839	0.00300	0.00240	0.00539
81	0.00879	0.00827	0.01395	0.82532	0.03204	0.01034	0.01292	0.01189	0.00930	0.01189	0.00827	0.01240	0.00620	0.00465	0.00465	0.00155	0.00620	0.00413	0.00207	0.00517
82	0.00567	0.00405	0.00540	0.00648	0.00675	0.00378	0.00432	0.00648	0.00891	0.01188	0.02564	0.83347	0.03077	0.01457	0.00594	0.00189	0.00270	0.01323	0.00432	0.00378
83	0.00677	0.00451	0.00507	0.00507	0.00507	0.00451	0.00282	0.00677	0.00677	0.00902	0.01466	0.03044	0.01691	0.83650	0.02368	0.00451	0.00451	0.00677	0.00282	0.00282
84	0.00675	0.00456	0.00532	0.00532	0.00541	0.00465	0.00313	0.00693	0.00684	0.00921	0.01443	0.02918	0.01636	0.75298	0.10645	0.00482	0.00534	0.00658	0.00278	0.00296
85	0.01112	0.01193	0.02335	0.01715	0.02136	0.01172	0.60100	0.01728	0.20174	0.01601	0.01172	0.01371	0.00879	0.00450	0.00531	0.00157	0.00684	0.00543	0.00293	0.00654
86	0.00965	0.00827	0.00965	0.00689	0.01102	0.00620	0.00551	0.01171	0.00965	0.01516	0.00827	0.00965	0.00689	0.00345	0.00345	0.00069	0.00345	0.00276	0.00276	0.86494
87	0.01061	0.21042	0.01596	0.01062	0.01181	0.01436	0.00912	0.03947	0.00825	0.01174	0.00706	0.01043	0.00673	0.00992	0.09827	0.00235	0.51162	0.00379	0.00217	0.00530
88	0.01095	0.01246	0.02694	0.01932	0.02385	0.01186	0.76037	0.01476	0.01083	0.01476	0.00928	0.01246	0.00702	0.00409	0.00587	0.00159	0.03960	0.00544	0.00234	0.00623
89	0.01776	0.00817	0.01056	0.00858	0.02768	0.00758	0.00682	0.11755	0.03177	0.55247	0.10278	0.01869	0.05507	0.00642	0.00480	0.00145	0.00386	0.00528	0.00538	0.00731
90	0.86937	0.00900	0.00684	0.00612	0.00900	0.01044	0.00504	0.01368	0.00792	0.02087	0.00648	0.00756	0.00504	0.00432	0.00288	0.00144	0.00360	0.00252	0.00288	0.00504
91	0.00779	0.00685	0.01168	0.01020	0.01177	0.00667	0.20219	0.04893	0.01007	0.01355	0.02022	0.54568	0.02283	0.01121	0.00605	0.00179	0.02907	0.02501	0.00377	0.00467
92	0.01738	0.01288	0.01379	0.01064	0.01431	0.01428	0.00877	0.75313	0.06122	0.02882	0.01156	0.01148	0.00823	0.00562	0.00466	0.00141	0.00505	0.00424	0.00466	0.00788
93	0.01151	0.01105	0.01888	0.02855	0.80748	0.01105	0.01428	0.01428	0.01059	0.01520	0.00875	0.01151	0.00737	0.00415	0.00461	0.00138	0.00553	0.00415	0.00230	0.00737
94	0.00658	0.00476	0.00622	0.00585	0.00695	0.00439	0.00439	0.00878	0.01317	0.01866	0.80503	0.03475	0.04390	0.00951	0.00549	0.00146	0.00219	0.00841	0.00512	0.00439
95	0.01180	0.18128	0.41982	0.01170	0.01700	0.02651	0.06703	0.05539	0.03915	0.09459	0.02741	0.01102	0.00781	0.00468	0.00428	0.00138	0.00599	0.00372	0.00269	0.00675
96	0.02087	0.00792	0.01080	0.00828	0.01188	0.00684	0.00684	0.02267	0.01332	0.81071	0.01835	0.01583	0.01152	0.00576	0.00468	0.00144	0.00396	0.00468	0.00576	0.00792
97	0.02087	0.00792	0.01080	0.00828	0.01188	0.00684	0.00684	0.02267	0.01332	0.81071	0.01835	0.01583	0.01152	0.00576	0.00468	0.00144	0.00396	0.00468	0.00576	0.00792
98	0.06374	0.00815	0.01064	0.00823	0.01174	0.00734	0.00679	0.05977	0.01346	0.71348	0.03565	0.01562	0.01176	0.00576	0.00460	0.00144	0.00396	0.00463	0.00554	0.00769
99	0.01197	0.01190	0.11466	0.17923	0.23485	0.08360	0.01139	0.03820	0.01126	0.11866	0.05218	0.02929	0.02494	0.00553	0.00468	0.00146	0.00548	0.03211	0.02230	0.00631
100	0.01157	0.00999	0.01052	0.00947	0.01210	0.01157	0.00736	0.02472	0.79908	0.01946	0.01893	0.01736	0.01420	0.00631	0.00473	0.00158	0.00368	0.00526	0.00473	0.00736
101	0.00567	0.00405	0.00540	0.00648	0.00675	0.00378	0.00432	0.00648	0.00891	0.01188	0.02564	0.83347	0.03077	0.01457	0.00594	0.00189	0.00270	0.01323	0.00432	0.00378
102	0.03288	0.01176	0.01662	0.14597	0.07630	0.06536	0.19828	0.21245	0.10745	0.01835	0.01138	0.03106	0.01999	0.00528	0.00509	0.00150	0.02574	0.00478	0.00325	0.00651
103	0.05356	0.04843	0.01000	0.03734	0.01062	0.13363	0.00636	0.09022	0.06357	0.08001	0.01215	0.01797	0.01118	0.26446	0.10665	0.00307	0.03774	0.00484	0.00318	0.00504
104	0.00550	0.00471	0.00471	0.00471	0.00628	0.00393	0.00353	0.00668	0.01060	0.01257	0.04713	0.04477	0.80560	0.01178	0.00550	0.00157	0.00236	0.00982	0.00432	0.00393
105	0.01738	0.02217	0.01318	0.01199	0.01438	0.81783	0.00899	0.01858	0.01318	0.01139	0.00719	0.00839	0.00599	0.00479	0.00419	0.00120	0.00839	0.00300	0.00240	0.00539
106	0.00965	0.00827	0.00965	0.00689	0.01102	0.00620	0.00551	0.01171	0.00965	0.01516	0.00827	0.00965	0.00689	0.00345	0.00345	0.00069	0.00345	0.00276	0.00276	0.86494
107	0.01244	0.83930	0.02438	0.00796	0.01194	0.01841	0.00796	0.01393	0.00945	0.01095	0.00647	0.00746	0.00597	0.00398	0.00299	0.00100	0.00498	0.00249	0.00199	0.00597
108	0.00658	0.00476	0.00622	0.00585	0.00695	0.00439	0.00439	0.00878	0.01317	0.01866	0.80503	0.03475	0.04390	0.00951	0.00549	0.00146	0.00219	0.00841	0.00512	0.00439
109	0.01085	0.10839	0.24604	0.04980	0.11432	0.01083	0.07559	0.03003	0.11407	0.06381	0.11777	0.01484	0.01279	0.00534	0.00458	0.00143	0.00528	0.00462	0.00311	0.00652
110	0.00564	0.00473	0.00489	0.00497	0.00645	0.00402	0.00375	0.00684	0.01049	0.01254	0.04471	0.06100	0.72918	0.03104	0.00598	0.00168	0.00252	0.05139	0.00428	0.00392
111	0.00975	0.17090	0.47924	0.01090	0.01593	0.01117	0.01277	0.02660	0.02389	0.02757	0.01192	0.07941	0.04262	0.01971	0.00488	0.00150	0.01886	0.02365	0.00249	0.00622
112	0.01225	0.00940	0.01018	0.00892	0.01166	0.01039	0.00700	0.05093	0.59830	0.10424	0.02054	0.01895	0.07747	0.00658	0.00475	0.00153	0.00365	0.00545	0.00475	0.03307
113	0.00975	0.00960	0.01203	0.02459	0.01149	0.08096	0.00875	0.01103	0.00784	0.01125	0.00822	0.01249	0.00777	0.01522	0.23854	0.00346	0.49645	0.00424	0.02147	0.00484
114	0.01700	0.03994	0.01317	0.01166	0.01406	0.77534	0.00879	0.01824	0.01300	0.01156	0.00742	0.00864	0.00617	0.00479	0.00414	0.00119	0.00813	0.00303	0.02836	0.00537
115	0.00690	0.00519	0.00754	0.00760	0.00849	0.00595	0.00596	0.00898	0.03606	0.01135	0.01384	0.02159	0.01320	0.04899	0.69866	0.00672	0.01124	0.07474	0.00274	0.00425
116	0.01701	0.08289	0.01402	0.01169	0.01420	0.75842	0.00891	0.01823	0.01291	0.01135	0.00714	0.00832	0.00599	0.00473	0.00410	0.00118	0.00814	0.00296	0.00237	0.00544
117	0.00550	0.00471	0.00471	0.00471	0.00628	0.00393	0.00353	0.00668	0.01060	0.01257	0.04713	0.04477	0.80560	0.01178	0.00550	0.00157	0.00236	0.00982	0.00432	0.00393
118	0.01157	0.00999	0.01052	0.00947	0.01210	0.01157	0.00736	0.02472	0.79908	0.01946	0.01893	0.01736	0.01420	0.00631	0.00473	0.00158	0.00368	0.00526	0.00473	0.00736
119	0.01152	0.00971	0.01032	0.00926	0.01179	0.01110	0.00719	0.08426	0.66605	0.01958	0.01933	0.07534	0.02988	0.00694	0.00483	0.00159	0.00370	0.00583	0.00469	0.00709
120	0.00660	0.00493	0.00617	0.00595	0.00713	0.00459	0.00449	0.00897	0.04061	0.01732	0.60209	0.07244	0.15169	0.01008	0.00552	0.00153	0.00237	0.03820	0.00492	0.00440
121	0.01240	0.60159	0.18774	0.00917	0.01370	0.03403	0.00984	0.01472	0.00984	0.05920	0.00758	0.00847	0.00628	0.00420	0.00341	0.00113	0.00539	0.00283	0.00222	0.00626
122	0.01504	0.01721	0.01371	0.01192	0.01397	0.47254	0.03701	0.10224	0.03074	0.01362	0.00797	0.00985	0.00669	0.00686	0.04038	0.00168	0.18672	0.00359	0.00262	0.00563
123	0.00675	0.00456	0.00531	0.00531	0.00539	0.00464	0.00312	0.00692	0.00684	0.00920	0.01444	0.02924	0.01639	0.75703	0.10243	0.00480	0.00530	0.00659	0.00279	0.00295
124	0.02978	0.34606	0.16865	0.01280	0.04064	0.04192	0.21373	0.02770	0.01018	0.01337	0.00815	0.02311	0.00678	0.00480	0.01569	0.00139	0.02309	0.00379	0.00221	0.00617
125	0.01217	0.13627	0.10371	0.03156	0.23704	0.14707	0.05316	0.03265	0.02724	0.01350	0.00802	0.01027	0.00674	0.00542	0.01696	0.00151	0.14444	0.00373	0.00230	0.00627
126	0.00676	0.00452	0.00513	0.00513	0.00515	0.00454	0.00289	0.00680	0.00678	0.00906	0.01461	0.03015	0.01679	0.81718	0.04283	0.00458	0.00470	0.00672	0.00281	0.00285
127	0.00718	0.00506	0.00647	0.00710	0.00807	0.00497	0.00562	0.02158	0.03796	0.01437	0.08251	0.27539	0.08231	0.01192	0.00573	0.00184	0.00330	0.32073	0.09361	0.00429
128	0.02933	0.33843	0.04849	0.02408	0.05091	0.26270	0.02253	0.06004	0.03707	0.03717	0.00796	0.00911	0.00660	0.00468	0.00432	0.00122	0.04364	0.00316	0.00251	0.00604
129	0.01101	0.00870	0.01018	0.09346	0.01328	0.00961	0.02070	0.03492	0.46605	0.08309	0.06228	0.02145	0.13116	0.00701	0.00488	0.00155	0.00379	0.00591	0.00446	0.00651
130	0.00554	0.00457	0.00486	0.00510	0.00638	0.00389	0.00371	0.00663	0.01023	0.01242	0.04244	0.21684	0.63656	0.01239	0.00559	0.00164	0.00243	0.01056	0.00432	0.00389
131	0.01400	0.01255	0.07100	0.11672	0.12281	0.04556	0.02708	0.34446	0.09368	0.04798	0.01133	0.03237	0.00865	0.00548	0.00492	0.00146	0.02479	0.00445	0.00365	0.00705
132	0.02603	0.01097	0.02419	0.01209	0.08845	0.06204	0.04695	0.02038	0.49568	0.01704	0.01504	0.02919	0.01188	0.02389	0.00624	0.00165	0.09271	0.00499	0.00383	0.00674
133	0.48100	0.01037	0.00980	0.00808	0.01109	0.01184	0.00667	0.29217	0.01304	0.04236	0.00862	0.00940	0.00643	0.00503	0.00420	0.00145	0.04624	0.00329	0.02280	0.00612
134	0.35678	0.01142	0.01113	0.00888	0.01226	0.01284	0.00733	0.48209	0.01632	0.02596	0.00930	0.00973	0.00677	0.00508	0.00395	0.00141	0.00451	0.00352	0.00395	0.00677
135	0.00683	0.00515	0.00628	0.02174	0.00790	0.00502	0.00478	0.06695	0.03651	0.01381	0.05501	0.55642	0.17055	0.01275	0.00568	0.00176	0.00290	0.01131	0.00434	0.00429
136	0.06898	0.06152	0.09637	0.01317	0.12321	0.17940	0.06007	0.06269	0.20204	0.01625	0.02570	0.02459	0.03520	0.00539	0.00445	0.00141	0.00559	0.00437	0.00318	0.00642

[dist]
# distance from previous block
# <min> <max>
0	1

[block]
# block no. 1 follows, 55 sequences, length 66
# corresponding to MSA columns:
# 1397-1416,1419-1464
name=unknown_B
#
# <colnr> <probs for GDERKNQSTAVLIFYWHMCP>
#	G	D	E	R	K	N	Q	S	T	A	V	L	I	F	Y	W	H	M	C	P
0	0.36742	0.07278	0.05819	0.01294	0.17121	0.13082	0.04710	0.06229	0.01045	0.01750	0.00757	0.00906	0.00604	0.00439	0.00375	0.00137	0.00528	0.00321	0.00266	0.00596
1	0.54488	0.03468	0.02369	0.00891	0.04121	0.03266	0.05489	0.07445	0.11325	0.02010	0.00878	0.00963	0.00674	0.00465	0.00355	0.00144	0.00428	0.00328	0.00315	0.00579
2	0.01133	0.00881	0.01090	0.05885	0.03516	0.02335	0.02446	0.03397	0.01050	0.10631	0.00952	0.01066	0.00740	0.00390	0.00379	0.00090	0.00398	0.00321	0.00308	0.62994
3	0.00689	0.00482	0.00631	0.00590	0.00705	0.00444	0.00444	0.00907	0.01317	0.03533	0.78847	0.03435	0.04321	0.00943	0.00547	0.00146	0.00223	0.00833	0.00513	0.00446
4	0.01244	0.83930	0.02438	0.00796	0.01194	0.01841	0.00796	0.01393	0.00945	0.01095	0.00647	0.00746	0.00597	0.00398	0.00299	0.00100	0.00498	0.00249	0.00199	0.00597
5	0.00566	0.00409	0.00535	0.00636	0.00672	0.00379	0.00427	0.00649	0.00902	0.01192	0.02709	0.78034	0.08296	0.01439	0.00591	0.00187	0.00268	0.01300	0.00432	0.00379
6	0.00654	0.00474	0.00617	0.00584	0.00693	0.00437	0.00437	0.00868	0.01302	0.01837	0.77135	0.05321	0.05955	0.00967	0.00550	0.00148	0.00221	0.00855	0.00509	0.00437
7	0.00567	0.00405	0.00540	0.00648	0.00675	0.00378	0.00432	0.00648	0.00891	0.01188	0.02564	0.83347	0.03077	0.01457	0.00594	0.00189	0.00270	0.01323	0.00432	0.00378
8	0.01768	0.01303	0.01396	0.01070	0.01443	0.01443	0.00884	0.79197	0.02187	0.02932	0.01117	0.01117	0.00791	0.00558	0.00465	0.00140	0.00512	0.00419	0.00465	0.00791
9	0.00867	0.00434	0.00434	0.00434	0.00542	0.00434	0.00325	0.01084	0.00976	0.01734	0.01518	0.01734	0.01192	0.00542	0.00325	0.00108	0.00217	0.00434	0.86233	0.00434
10	0.00658	0.00476	0.00622	0.00585	0.00695	0.00439	0.00439	0.00878	0.01317	0.01866	0.80503	0.03475	0.04390	0.00951	0.00549	0.00146	0.00219	0.00841	0.00512	0.00439
11	0.01244	0.83930	0.02438	0.00796	0.01194	0.01841	0.00796	0.01393	0.00945	0.01095	0.00647	0.00746	0.00597	0.00398	0.00299	0.00100	0.00498	0.00249	0.00199	0.00597
12	0.01738	0.02217	0.01318	0.01199	0.01438	0.81783	0.00899	0.01858	0.01318	0.01139	0.00719	0.00839	0.00599	0.00479	0.00419	0.00120	0.00839	0.00300	0.00240	0.00539
13	0.00675	0.00456	0.00535	0.00535	0.00545	0.00466	0.00316	0.00694	0.00685	0.00923	0.01440	0.02904	0.01630	0.74392	0.11543	0.00485	0.00543	0.00656	0.00278	0.00297
14	0.00933	0.02406	0.81240	0.01326	0.02014	0.01080	0.01719	0.01473	0.00982	0.01473	0.00835	0.00982	0.00589	0.00442	0.00442	0.00147	0.00688	0.00344	0.00196	0.00688
15	0.02087	0.00792	0.01080	0.00828	0.01188	0.00684	0.00684	0.02267	0.01332	0.81071	0.01835	0.01583	0.01152	0.00576	0.00468	0.00144	0.00396	0.00468	0.00576	0.00792
16	0.00879	0.00827	0.01395	0.82532	0.03204	0.01034	0.01292	0.01189	0.00930	0.01189	0.00827	0.01240	0.00620	0.00465	0.00465	0.00155	0.00620	0.00413	0.00207	0.00517
17	0.00731	0.00521	0.00721	0.00816	0.00911	0.00523	0.00693	0.00921	0.01021	0.01335	0.02353	0.09191	0.02573	0.07281	0.03735	0.00249	0.00451	0.65148	0.00412	0.00415
18	0.01877	0.00839	0.01073	0.00855	0.01193	0.00791	0.00696	0.02313	0.19087	0.63192	0.01848	0.01618	0.01212	0.00588	0.00469	0.00147	0.00390	0.00481	0.00553	0.00779
19	0.00555	0.00471	0.00479	0.00477	0.00632	0.00395	0.00358	0.00678	0.01073	0.01288	0.08555	0.04426	0.76698	0.01167	0.00550	0.00157	0.00235	0.00975	0.00436	0.00395
20	0.01738	0.02217	0.01318	0.01199	0.01438	0.81783	0.00899	0.01858	0.01318	0.01139	0.00719	0.00839	0.00599	0.00479	0.00419	0.00120	0.00839	0.00300	0.00240	0.00539
21	0.01339	0.00951	0.01071	0.00950	0.02635	0.01042	0.00735	0.11066	0.49065	0.15568	0.03650	0.05858	0.01462	0.00669	0.00482	0.00155	0.00385	0.01711	0.00484	0.00722
22	0.02025	0.00778	0.01060	0.00817	0.01166	0.00673	0.00673	0.02207	0.01331	0.77645	0.05237	0.01665	0.01292	0.00592	0.00471	0.00144	0.00388	0.00484	0.00573	0.00776
23	0.00867	0.00434	0.00434	0.00434	0.00542	0.00434	0.00325	0.01084	0.00976	0.01734	0.01518	0.01734	0.01192	0.00542	0.00325	0.00108	0.00217	0.00434	0.86233	0.00434
24	0.01738	0.02217	0.01318	0.01199	0.01438	0.81783	0.00899	0.01858	0.01318	0.01139	0.00719	0.00839	0.00599	0.00479	0.00419	0.00120	0.00839	0.00300	0.00240	0.00539
25	0.00938	0.02374	0.79371	0.01317	0.01995	0.01082	0.01696	0.01497	0.02821	0.01484	0.00860	0.01000	0.00609	0.00446	0.00443	0.00148	0.00680	0.00348	0.00203	0.00689
26	0.00656	0.00522	0.00666	0.02076	0.05159	0.02735	0.00517	0.00751	0.00904	0.01189	0.02365	0.63003	0.06106	0.07222	0.00725	0.00202	0.02049	0.02354	0.00396	0.00402
27	0.14174	0.07008	0.01286	0.01080	0.02493	0.54321	0.00825	0.06932	0.02609	0.02624	0.00784	0.00886	0.00633	0.00477	0.00396	0.00125	0.00695	0.00308	0.01782	0.00563
28	0.00821	0.00803	0.01558	0.01243	0.01484	0.00751	0.36841	0.01054	0.01005	0.01358	0.03643	0.38680	0.04880	0.00921	0.00564	0.00170	0.00504	0.00920	0.02303	0.00497
29	0.01274	0.01327	0.01374	0.06892	0.25804	0.24216	0.01002	0.05111	0.14719	0.01544	0.07055	0.01422	0.03168	0.00538	0.00458	0.00137	0.00568	0.00444	0.00311	0.02637
30	0.00808	0.00404	0.00606	0.00606	0.00606	0.00404	0.00404	0.00606	0.00606	0.00808	0.00808	0.01414	0.00808	0.01616	0.01818	0.86465	0.00404	0.00404	0.00202	0.00202
31	0.00675	0.00453	0.00519	0.00525	0.00530	0.00454	0.00304	0.00686	0.00694	0.00926	0.01517	0.05181	0.01744	0.77900	0.03678	0.00443	0.00460	0.02732	0.00289	0.00291
32	0.00933	0.02406	0.81240	0.01326	0.02014	0.01080	0.01719	0.01473	0.00982	0.01473	0.00835	0.00982	0.00589	0.00442	0.00442	0.00147	0.00688	0.00344	0.00196	0.00688
33	0.01768	0.01303	0.01396	0.01070	0.01443	0.01443	0.00884	0.79197	0.02187	0.02932	0.01117	0.01117	0.00791	0.00558	0.00465	0.00140	0.00512	0.00419	0.00465	0.00791
34	0.86937	0.00900	0.00684	0.00612	0.00900	0.01044	0.00504	0.01368	0.00792	0.02087	0.00648	0.00756	0.00504	0.00432	0.00288	0.00144	0.00360	0.00252	0.00288	0.00504
35	0.00658	0.00476	0.00622	0.00585	0.00695	0.00439	0.00439	0.00878	0.01317	0.01866	0.80503	0.03475	0.04390	0.00951	0.00549	0.00146	0.00219	0.00841	0.00512	0.00439
36	0.01819	0.01222	0.01346	0.01032	0.01402	0.01322	0.00852	0.67005	0.02052	0.15316	0.01231	0.01191	0.00848	0.00561	0.00466	0.00140	0.00494	0.00427	0.00483	0.00791
37	0.00933	0.02406	0.81240	0.01326	0.02014	0.01080	0.01719	0.01473	0.00982	0.01473	0.00835	0.00982	0.00589	0.00442	0.00442	0.00147	0.00688	0.00344	0.00196	0.00688
38	0.01738	0.02217	0.01318	0.01199	0.01438	0.81783	0.00899	0.01858	0.01318	0.01139	0.00719	0.00839	0.00599	0.00479	0.00419	0.00120	0.00839	0.00300	0.00240	0.00539
39	0.02087	0.00792	0.01080	0.00828	0.01188	0.00684	0.00684	0.02267	0.01332	0.81071	0.01835	0.01583	0.01152	0.00576	0.00468	0.00144	0.00396	0.00468	0.00576	0.00792
40	0.00660	0.00478	0.00624	0.00596	0.00707	0.00443	0.00452	0.00877	0.01298	0.01826	0.74565	0.03591	0.06294	0.00974	0.00553	0.00150	0.00230	0.04737	0.00506	0.00437
41	0.01742	0.01278	0.01368	0.01052	0.01416	0.01413	0.00868	0.76907	0.02152	0.02897	0.01129	0.01135	0.00803	0.00558	0.00461	0.00139	0.00503	0.00419	0.02980	0.00781
42	0.82574	0.00876	0.00671	0.00603	0.00882	0.01013	0.00495	0.01353	0.00801	0.02069	0.00692	0.00805	0.00539	0.00437	0.00290	0.00142	0.00353	0.00261	0.04645	0.00500
43	0.01018	0.01018	0.01425	0.01221	0.01221	0.01425	0.01018	0.01120	0.00712	0.01120	0.00611	0.01018	0.00611	0.00814	0.01527	0.00204	0.82799	0.00407	0.00204	0.00509
44	0.00555	0.00471	0.00479	0.00477	0.00632	0.00395	0.00358	0.00678	0.01073	0.01287	0.08420	0.04428	0.76834	0.01167	0.00550	0.00157	0.00235	0.00975	0.00436	0.00395
45	0.01098	0.01255	0.02745	0.01961	0.02431	0.01176	0.79059	0.01490	0.01098	0.01490	0.00941	0.01255	0.00706	0.00392	0.00549	0.00157	0.00784	0.00549	0.00235	0.00627
46	0.00661	0.00448	0.00529	0.00551	0.00562	0.00446	0.00333	0.00687	0.00729	0.00973	0.01681	0.16523	0.01945	0.64454	0.04336	0.00407	0.00443	0.03673	0.00312	0.00307
47	0.00554	0.00465	0.00481	0.00491	0.00634	0.00392	0.00363	0.00670	0.01049	0.01262	0.05997	0.12216	0.71435	0.01201	0.00554	0.00160	0.00239	0.01013	0.00434	0.00392
48	0.00777	0.00736	0.04773	0.12323	0.13080	0.00669	0.02268	0.02317	0.01139	0.01538	0.28206	0.04213	0.22965	0.00823	0.00515	0.00149	0.00368	0.00720	0.01919	0.00502
49	0.00965	0.00827	0.00965	0.00689	0.01102	0.00620	0.00551	0.01171	0.00965	0.01516	0.00827	0.00965	0.00689	0.00345	0.00345	0.00069	0.00345	0.00276	0.00276	0.86494
50	0.86937	0.00900	0.00684	0.00612	0.00900	0.01044	0.00504	0.01368	0.00792	0.02087	0.00648	0.00756	0.00504	0.00432	0.00288	0.00144	0.00360	0.00252	0.00288	0.00504
51	0.00961	0.08053	0.62270	0.07383	0.04995	0.01125	0.04443	0.01434	0.00989	0.01434	0.02273	0.01046	0.00671	0.00447	0.00440	0.00144	0.00659	0.00361	0.00206	0.00663
52	0.01271	0.01047	0.01126	0.01000	0.02778	0.01190	0.00771	0.19601	0.57890	0.02130	0.01725	0.04738	0.01330	0.00643	0.00476	0.00155	0.00400	0.00531	0.00465	0.00735
53	0.02087	0.00792	0.01080	0.00828	0.01188	0.00684	0.00684	0.02267	0.01332	0.81071	0.01835	0.01583	0.01152	0.00576	0.00468	0.00144	0.00396	0.00468	0.00576	0.00792
54	0.00867	0.00434	0.00434	0.00434	0.00542	0.00434	0.00325	0.01084	0.00976	0.01734	0.01518	0.01734	0.01192	0.00542	0.00325	0.00108	0.00217	0.00434	0.86233	0.00434
55	0.00676	0.00453	0.00520	0.00520	0.00524	0.00458	0.00297	0.00684	0.00680	0.00911	0.01455	0.02983	0.01665	0.79587	0.06395	0.00466	0.00491	0.00668	0.00280	0.00289
56	0.08869	0.00826	0.01064	0.00823	0.01177	0.00751	0.00680	0.06095	0.01332	0.70782	0.01704	0.01493	0.01081	0.00563	0.00453	0.00144	0.00399	0.00448	0.00547	0.00769
57	0.00867	0.00434	0.00434	0.00434	0.00542	0.00434	0.00325	0.01084	0.00976	0.01734	0.01518	0.01734	0.01192	0.00542	0.00325	0.00108	0.00217	0.00434	0.86233	0.00434
58	0.02008	0.00774	0.01054	0.00814	0.01160	0.00670	0.00670	0.02191	0.01331	0.76704	0.06172	0.01688	0.01330	0.00596	0.00472	0.00144	0.00386	0.00488	0.00572	0.00772
59	0.00965	0.00827	0.00965	0.00689	0.01102	0.00620	0.00551	0.01171	0.00965	0.01516	0.00827	0.00965	0.00689	0.00345	0.00345	0.00069	0.00345	0.00276	0.00276	0.86494
60	0.00965	0.00827	0.00965	0.00689	0.01102	0.00620	0.00551	0.01171	0.00965	0.01516	0.00827	0.00965	0.00689	0.00345	0.00345	0.00069	0.00345	0.00276	0.00276	0.86494
61	0.00567	0.00405	0.00540	0.00648	0.00675	0.00378	0.00432	0.00648	0.00891	0.01188	0.02564	0.83347	0.03077	0.01457	0.00594	0.00189	0.00270	0.01323	0.00432	0.00378
62	0.00631	0.00475	0.00585	0.00567	0.00687	0.00429	0.00428	0.00820	0.01230	0.01671	0.55705	0.05670	0.24440	0.01036	0.00554	0.00153	0.00233	0.03777	0.00486	0.00425
63	0.00658	0.00476	0.00622	0.00585	0.00695	0.00439	0.00439	0.00878	0.01317	0.01866	0.80503	0.03475	0.04390	0.00951	0.00549	0.00146	0.00219	0.00841	0.00512	0.00439
64	0.02075	0.00811	0.01092	0.00837	0.01197	0.00712	0.00691	0.05160	0.01364	0.78132	0.01808	0.01566	0.01138	0.00575	0.00468	0.00144	0.00400	0.00466	0.00572	0.00792
65	0.01546	0.01541	0.22239	0.01114	0.01563	0.01280	0.01081	0.49801	0.05302	0.08216	0.01131	0.01144	0.00793	0.00533	0.00460	0.00143	0.00543	0.00408	0.00403	0.00762

[dist]
# distance from previous block
# <min> <max>
0	1

[block]
# block no. 2 follows, 55 sequences, length 55
# corresponding to MSA columns:
# 1466-1520
name=unknown_C
#
# <colnr> <probs for GDERKNQSTAVLIFYWHMCP>
#	G	D	E	R	K	N	Q	S	T	A	V	L	I	F	Y	W	H	M	C	P
0	0.02888	0.00483	0.00481	0.00478	0.00637	0.00411	0.00360	0.00692	0.01059	0.01294	0.06398	0.04353	0.76591	0.01153	0.00543	0.00156	0.00239	0.00959	0.00430	0.00397
1	0.01255	0.82044	0.02412	0.00805	0.01200	0.03686	0.00798	0.01404	0.00954	0.01096	0.00648	0.00748	0.00597	0.00400	0.00301	0.00100	0.00505	0.00250	0.00200	0.00596
2	0.00933	0.02406	0.81240	0.01326	0.02014	0.01080	0.01719	0.01473	0.00982	0.01473	0.00835	0.00982	0.00589	0.00442	0.00442	0.00147	0.00688	0.00344	0.00196	0.00688
3	0.01126	0.01080	0.01843	0.10160	0.73640	0.01099	0.01415	0.01406	0.01047	0.01489	0.00871	0.01160	0.00726	0.00419	0.00461	0.00140	0.00559	0.00414	0.00228	0.00717
4	0.01206	0.01024	0.01080	0.00957	0.01229	0.01180	0.00748	0.08667	0.73632	0.02026	0.01831	0.01686	0.01369	0.00625	0.00473	0.00156	0.00380	0.00517	0.00473	0.00741
5	0.00566	0.00407	0.00537	0.00641	0.00673	0.00378	0.00429	0.00649	0.00897	0.01190	0.02647	0.80318	0.06052	0.01447	0.00592	0.00188	0.00269	0.01309	0.00432	0.00378
6	0.01151	0.01105	0.01888	0.02855	0.80748	0.01105	0.01428	0.01428	0.01059	0.01520	0.00875	0.01151	0.00737	0.00415	0.00461	0.00138	0.00553	0.00415	0.00230	0.00737
7	0.00943	0.00892	0.01511	0.63841	0.21396	0.01050	0.01324	0.01245	0.00961	0.01266	0.00838	0.01219	0.00648	0.00453	0.00464	0.00151	0.00604	0.00414	0.00212	0.00568
8	0.01092	0.43976	0.41058	0.01056	0.01596	0.01468	0.01248	0.01432	0.00963	0.01280	0.00739	0.00862	0.00593	0.00420	0.00369	0.00123	0.00591	0.00295	0.00198	0.00641
9	0.86937	0.00900	0.00684	0.00612	0.00900	0.01044	0.00504	0.01368	0.00792	0.02087	0.00648	0.00756	0.00504	0.00432	0.00288	0.00144	0.00360	0.00252	0.00288	0.00504
10	0.00658	0.00476	0.00622	0.00585	0.00695	0.00439	0.00439	0.00878	0.01317	0.01866	0.80503	0.03475	0.04390	0.00951	0.00549	0.00146	0.00219	0.00841	0.00512	0.00439
11	0.00867	0.00434	0.00434	0.00434	0.00542	0.00434	0.00325	0.01084	0.00976	0.01734	0.01518	0.01734	0.01192	0.00542	0.00325	0.00108	0.00217	0.00434	0.86233	0.00434
12	0.02087	0.00792	0.01080	0.00828	0.01188	0.00684	0.00684	0.02267	0.01332	0.81071	0.01835	0.01583	0.01152	0.00576	0.00468	0.00144	0.00396	0.00468	0.00576	0.00792
13	0.02087	0.00792	0.01080	0.00828	0.01188	0.00684	0.00684	0.02267	0.01332	0.81071	0.01835	0.01583	0.01152	0.00576	0.00468	0.00144	0.00396	0.00468	0.00576	0.00792
14	0.01768	0.01303	0.01396	0.01070	0.01443	0.01443	0.00884	0.79197	0.02187	0.02932	0.01117	0.01117	0.00791	0.00558	0.00465	0.00140	0.00512	0.00419	0.00465	0.00791
15	0.00567	0.00405	0.00540	0.00648	0.00675	0.00378	0.00432	0.00648	0.00891	0.01188	0.02564	0.83347	0.03077	0.01457	0.00594	0.00189	0.00270	0.01323	0.00432	0.00378
16	0.00965	0.00827	0.00965	0.00689	0.01102	0.00620	0.00551	0.01171	0.00965	0.01516	0.00827	0.00965	0.00689	0.00345	0.00345	0.00069	0.00345	0.00276	0.00276	0.86494
17	0.01157	0.00999	0.01052	0.00947	0.01210	0.01157	0.00736	0.02472	0.79908	0.01946	0.01893	0.01736	0.01420	0.00631	0.00473	0.00158	0.00368	0.00526	0.00473	0.00736
18	0.01157	0.00999	0.01052	0.00947	0.01210	0.01157	0.00736	0.02472	0.79908	0.01946	0.01893	0.01736	0.01420	0.00631	0.00473	0.00158	0.00368	0.00526	0.00473	0.00736
19	0.00750	0.00535	0.00750	0.00857	0.00964	0.00535	0.00750	0.00964	0.01071	0.01392	0.02463	0.05248	0.02677	0.01285	0.00643	0.00214	0.00428	0.77617	0.00428	0.00428
20	0.80983	0.00904	0.00719	0.00633	0.00926	0.01036	0.00521	0.03221	0.00849	0.05804	0.00714	0.00803	0.00541	0.00442	0.00300	0.00144	0.00365	0.00266	0.00306	0.00524
21	0.00563	0.00472	0.00489	0.00485	0.00636	0.00398	0.00364	0.00693	0.01091	0.01330	0.13772	0.04357	0.71455	0.01151	0.00550	0.00156	0.00234	0.00965	0.00442	0.00398
22	0.00704	0.00533	0.00657	0.00616	0.00746	0.00514	0.00465	0.01036	0.09907	0.01826	0.65883	0.03364	0.10102	0.00934	0.00541	0.00148	0.00237	0.00818	0.00502	0.00468
23	0.02087	0.00792	0.01080	0.00828	0.01188	0.00684	0.00684	0.02267	0.01332	0.81071	0.01835	0.01583	0.01152	0.00576	0.00468	0.00144	0.00396	0.00468	0.00576	0.00792
24	0.86937	0.00900	0.00684	0.00612	0.00900	0.01044	0.00504	0.01368	0.00792	0.02087	0.00648	0.00756	0.00504	0.00432	0.00288	0.00144	0.00360	0.00252	0.00288	0.00504
25	0.00732	0.00547	0.00579	0.00593	0.00620	0.04530	0.00379	0.00769	0.00770	0.00991	0.01618	0.08228	0.01843	0.64360	0.01950	0.00389	0.00456	0.10021	0.00307	0.00319
26	0.00567	0.00405	0.00540	0.00648	0.00675	0.00378	0.00432	0.00648	0.00891	0.01188	0.02564	0.83347	0.03077	0.01457	0.00594	0.00189	0.00270	0.01323	0.00432	0.00378
27	0.00769	0.00510	0.00664	0.00610	0.00741	0.00473	0.00463	0.01011	0.03138	0.07353	0.73234	0.03304	0.04097	0.00918	0.00541	0.00146	0.00235	0.00808	0.00516	0.00470
28	0.01098	0.01255	0.02745	0.01961	0.02431	0.01176	0.79059	0.01490	0.01098	0.01490	0.00941	0.01255	0.00706	0.00392	0.00549	0.00157	0.00784	0.00549	0.00235	0.00627
29	0.01738	0.02217	0.01318	0.01199	0.01438	0.81783	0.00899	0.01858	0.01318	0.01139	0.00719	0.00839	0.00599	0.00479	0.00419	0.00120	0.00839	0.00300	0.00240	0.00539
30	0.01477	0.00929	0.01065	0.00901	0.01196	0.00991	0.00716	0.06940	0.46506	0.27802	0.04951	0.01718	0.01413	0.00621	0.00474	0.00152	0.00380	0.00513	0.00508	0.00746
31	0.00567	0.00405	0.00540	0.00648	0.00675	0.00378	0.00432	0.00648	0.00891	0.01188	0.02564	0.83347	0.03077	0.01457	0.00594	0.00189	0.00270	0.01323	0.00432	0.00378
32	0.01151	0.01105	0.01888	0.02855	0.80748	0.01105	0.01428	0.01428	0.01059	0.01520	0.00875	0.01151	0.00737	0.00415	0.00461	0.00138	0.00553	0.00415	0.00230	0.00737
33	0.00731	0.00570	0.00857	0.00968	0.10112	0.00636	0.00649	0.00891	0.00784	0.01130	0.01250	0.03753	0.01202	0.11120	0.59206	0.00610	0.02485	0.00523	0.02081	0.00440
34	0.00567	0.00405	0.00540	0.00648	0.00675	0.00378	0.00432	0.00648	0.00891	0.01188	0.02564	0.83347	0.03077	0.01457	0.00594	0.00189	0.00270	0.01323	0.00432	0.00378
35	0.00567	0.00405	0.00540	0.00648	0.00675	0.00378	0.00432	0.00648	0.00891	0.01188	0.02564	0.83347	0.03077	0.01457	0.00594	0.00189	0.00270	0.01323	0.00432	0.00378
36	0.12736	0.07316	0.13838	0.01445	0.14829	0.28077	0.07873	0.04169	0.01138	0.03311	0.00807	0.00959	0.00636	0.00448	0.00418	0.00133	0.00655	0.00346	0.00250	0.00616
