[name]
unknown

[dist]
# distance from previous block
# <min> <max>
6	36

[block]
# block no. 0 follows, 55 sequences, length 6
# corresponding to MSA columns:
# 314-319
name=unknown_A
#
# <colnr> <probs for GDERKNQSTAVLIFYWHMCP>
#	G	D	E	R	K	N	Q	S	T	A	V	L	I	F	Y	W	H	M	C	P
0	0.03040	0.06515	0.15332	0.00782	0.01013	0.00691	0.00737	0.01026	0.03675	0.01432	0.16241	0.15468	0.12914	0.05459	0.00625	0.00180	0.00389	0.13623	0.00377	0.00480
1	0.00668	0.04161	0.08933	0.00705	0.00912	0.00571	0.04930	0.00854	0.01057	0.01365	0.15053	0.18280	0.38694	0.01044	0.00536	0.00158	0.00327	0.00904	0.00400	0.00449
2	0.00836	0.07458	0.07916	0.00819	0.00980	0.03401	0.00706	0.03245	0.00896	0.01225	0.07124	0.02044	0.01395	0.09281	0.34935	0.05246	0.05280	0.06483	0.00278	0.00453
3	0.00897	0.08094	0.09263	0.00777	0.00997	0.04991	0.00671	0.05287	0.04526	0.03089	0.11278	0.15434	0.10118	0.08688	0.08025	0.00230	0.00486	0.02821	0.00357	0.03971
4	0.16118	0.33552	0.27371	0.01033	0.01502	0.01373	0.06307	0.01425	0.00979	0.01473	0.00953	0.01089	0.04026	0.00485	0.00394	0.00139	0.00560	0.00349	0.00244	0.00629
5	0.04241	0.31656	0.25932	0.01026	0.01471	0.09267	0.03755	0.03883	0.01051	0.05945	0.00986	0.01091	0.03803	0.00578	0.03344	0.00149	0.00605	0.00349	0.00248	0.00619

[dist]
# distance from previous block
# <min> <max>
20	63

[block]
# block no. 1 follows, 55 sequences, length 12
# corresponding to MSA columns:
# 384-386,389-397
name=unknown_B
#
# <colnr> <probs for GDERKNQSTAVLIFYWHMCP>
#	G	D	E	R	K	N	Q	S	T	A	V	L	I	F	Y	W	H	M	C	P
0	0.00998	0.06237	0.13925	0.17730	0.06019	0.00954	0.11928	0.02883	0.05083	0.06448	0.15167	0.01852	0.07582	0.00602	0.00484	0.00148	0.00514	0.00539	0.00322	0.00586
1	0.08294	0.64714	0.08749	0.00831	0.01243	0.01658	0.00844	0.04092	0.00979	0.01285	0.00685	0.00787	0.00598	0.00408	0.00317	0.00108	0.00497	0.00264	0.00218	0.03429
2	0.01097	0.47934	0.04598	0.00882	0.01163	0.05644	0.02929	0.01247	0.00936	0.01151	0.02880	0.13265	0.01093	0.02963	0.00571	0.00140	0.10249	0.00468	0.00247	0.00542
3	0.05150	0.00996	0.01189	0.00914	0.01277	0.00994	0.00755	0.32317	0.01646	0.47547	0.01510	0.01370	0.00986	0.00564	0.00460	0.00142	0.00440	0.00441	0.00522	0.00781
4	0.01094	0.02838	0.02259	0.01119	0.14692	0.00842	0.01997	0.14081	0.07756	0.08920	0.15622	0.04401	0.19587	0.02053	0.00528	0.00152	0.00384	0.00654	0.00418	0.00600
5	0.00748	0.00487	0.00591	0.01937	0.00728	0.00488	0.00445	0.00967	0.05732	0.02920	0.11996	0.26869	0.04707	0.08069	0.05814	0.00216	0.00344	0.03056	0.23458	0.00428
6	0.00933	0.00712	0.00830	0.00785	0.02726	0.00740	0.00591	0.05326	0.26381	0.05215	0.30845	0.04634	0.13191	0.00858	0.00520	0.00155	0.00309	0.04206	0.00477	0.00565
7	0.00677	0.00451	0.00507	0.00507	0.00507	0.00451	0.00282	0.00677	0.00677	0.00902	0.01466	0.03044	0.01691	0.83650	0.02368	0.00451	0.00451	0.00677	0.00282	0.00282
8	0.01324	0.06247	0.04995	0.12362	0.05999	0.12721	0.05817	0.17560	0.15335	0.03974	0.01126	0.01290	0.00871	0.00541	0.00504	0.00145	0.04387	0.01939	0.02214	0.00650
9	0.20200	0.01131	0.06495	0.07083	0.27875	0.07691	0.03561	0.02827	0.01005	0.03478	0.00987	0.05770	0.00869	0.00678	0.04500	0.00177	0.02228	0.02574	0.00270	0.00600
10	0.01008	0.01079	0.05392	0.04716	0.01346	0.01391	0.01064	0.01140	0.00735	0.01140	0.00631	0.01026	0.00610	0.00781	0.01427	0.00199	0.75189	0.00404	0.00203	0.00518
11	0.05583	0.01168	0.06682	0.03641	0.16400	0.08348	0.06934	0.07646	0.19792	0.03207	0.03884	0.01554	0.03396	0.00703	0.04507	0.00176	0.00549	0.02028	0.03162	0.00642

[dist]
# distance from previous block
# <min> <max>
0	7

[block]
# block no. 2 follows, 55 sequences, length 10
# corresponding to MSA columns:
# 405-414
name=unknown_C
#
# <colnr> <probs for GDERKNQSTAVLIFYWHMCP>
#	G	D	E	R	K	N	Q	S	T	A	V	L	I	F	Y	W	H	M	C	P
0	0.06314	0.03222	0.01257	0.04517	0.01384	0.01158	0.00785	0.44780	0.01668	0.09663	0.01067	0.01102	0.00773	0.00497	0.00424	0.00124	0.00459	0.00377	0.00405	0.20024
1	0.00645	0.00472	0.00605	0.00578	0.00688	0.00432	0.00431	0.00849	0.01275	0.01780	0.70178	0.07072	0.11271	0.00994	0.00551	0.00149	0.00223	0.00875	0.00501	0.00432
2	0.00690	0.04129	0.00610	0.00544	0.00574	0.00516	0.00337	0.00717	0.00718	0.00951	0.01579	0.07379	0.04202	0.67022	0.07812	0.00433	0.00493	0.00691	0.00289	0.00314
3	0.06522	0.00708	0.00757	0.00646	0.00860	0.00734	0.00514	0.17489	0.03276	0.13367	0.01436	0.01525	0.01067	0.00546	0.00376	0.00123	0.00316	0.00427	0.48739	0.00571
4	0.36634	0.00713	0.00640	0.00575	0.00790	0.00778	0.00459	0.07869	0.01017	0.04364	0.01273	0.01392	0.04363	0.00527	0.00336	0.00129	0.00307	0.00382	0.36946	0.00502
5	0.05257	0.19180	0.03043	0.00995	0.01340	0.03511	0.05175	0.34447	0.03687	0.08506	0.01079	0.01223	0.00837	0.02626	0.01582	0.00151	0.02823	0.01967	0.01892	0.00678
6	0.00600	0.00428	0.00538	0.00607	0.00645	0.00403	0.00403	0.00677	0.00884	0.01172	0.06581	0.53452	0.08454	0.19394	0.00978	0.00243	0.00309	0.03465	0.00403	0.00363
7	0.01340	0.03683	0.05291	0.01144	0.01350	0.11734	0.00967	0.23735	0.08201	0.01731	0.00895	0.01077	0.00731	0.00652	0.00900	0.00165	0.35075	0.00400	0.00307	0.00625
8	0.01078	0.01049	0.03998	0.03853	0.22657	0.04796	0.03897	0.05064	0.01067	0.01536	0.00962	0.02811	0.02318	0.00437	0.00431	0.00109	0.02003	0.00376	0.00270	0.41290
9	0.01389	0.25248	0.01850	0.01334	0.11305	0.22961	0.10665	0.04248	0.10627	0.04724	0.00946	0.01051	0.00757	0.00462	0.00416	0.00127	0.00612	0.00369	0.00276	0.00634

[dist]
# distance from previous block
# <min> <max>
0	1

[block]
# block no. 3 follows, 55 sequences, length 26
# corresponding to MSA columns:
# 416-441
name=unknown_D
#
# <colnr> <probs for GDERKNQSTAVLIFYWHMCP>
#	G	D	E	R	K	N	Q	S	T	A	V	L	I	F	Y	W	H	M	C	P
0	0.55365	0.03958	0.05689	0.03539	0.01158	0.08811	0.01945	0.05275	0.00956	0.04371	0.00771	0.00895	0.00595	0.00542	0.02822	0.00158	0.00479	0.00298	0.01829	0.00543
1	0.01155	0.08282	0.23407	0.01632	0.25052	0.10366	0.03604	0.05297	0.04739	0.01540	0.05655	0.01206	0.00926	0.00476	0.00440	0.00135	0.00583	0.00399	0.01539	0.03566
2	0.00590	0.00431	0.00541	0.00607	0.00671	0.00401	0.00423	0.00677	0.00912	0.01190	0.02888	0.51146	0.21640	0.02769	0.05889	0.03989	0.00335	0.02579	0.01946	0.00377
3	0.01696	0.00700	0.00944	0.00767	0.01052	0.00614	0.00620	0.01877	0.01279	0.59065	0.13071	0.07506	0.01789	0.00709	0.00488	0.00148	0.00357	0.02871	0.03759	0.00689
4	0.05494	0.00638	0.00809	0.00685	0.00909	0.00585	0.00542	0.02584	0.02430	0.32498	0.38503	0.02620	0.08197	0.00786	0.00502	0.00146	0.00302	0.00667	0.00519	0.00585
5	0.07009	0.01013	0.01050	0.00932	0.01204	0.01169	0.00731	0.07554	0.69324	0.02022	0.01757	0.01628	0.01316	0.00613	0.00460	0.00156	0.00377	0.00500	0.00460	0.00724
6	0.81236	0.00871	0.00670	0.00603	0.00882	0.01001	0.00494	0.01321	0.00809	0.02032	0.00916	0.01001	0.05786	0.00481	0.00305	0.00145	0.00352	0.00300	0.00297	0.00496
7	0.66040	0.06392	0.00861	0.00663	0.00955	0.01099	0.00553	0.09950	0.00969	0.02091	0.00758	0.00861	0.00588	0.00451	0.00311	0.00138	0.00376	0.00282	0.06124	0.00537
8	0.02647	0.06756	0.55881	0.01316	0.01887	0.01076	0.12921	0.01400	0.00990	0.01445	0.00997	0.06561	0.00829	0.00523	0.00462	0.00151	0.00649	0.02642	0.00226	0.00642
9	0.01218	0.60737	0.14948	0.00975	0.01413	0.06956	0.05495	0.01442	0.00985	0.01181	0.00699	0.00820	0.00602	0.00410	0.00344	0.00112	0.00567	0.00285	0.00203	0.00609
10	0.01220	0.65351	0.15745	0.00909	0.01347	0.06354	0.00959	0.01434	0.00973	0.01161	0.00683	0.00792	0.00596	0.00410	0.00330	0.00109	0.00550	0.00268	0.00201	0.00609
11	0.01014	0.00885	0.01367	0.12478	0.38718	0.00924	0.01064	0.02786	0.09159	0.02572	0.02416	0.09242	0.03737	0.02323	0.00521	0.00157	0.00474	0.04987	0.04555	0.00620
12	0.04260	0.00720	0.00943	0.00758	0.01054	0.00633	0.00608	0.01872	0.01227	0.59500	0.04945	0.07419	0.06641	0.04789	0.00571	0.00162	0.00371	0.00574	0.00525	0.02431
13	0.00661	0.00482	0.00683	0.00690	0.00752	0.00540	0.00508	0.00786	0.00742	0.01049	0.01380	0.07489	0.01402	0.20386	0.59546	0.00648	0.01012	0.00591	0.00268	0.00385
14	0.00662	0.00497	0.00617	0.00599	0.00714	0.00467	0.00444	0.00915	0.05794	0.01707	0.56415	0.13544	0.13825	0.01025	0.00550	0.00154	0.00237	0.00902	0.00489	0.00443
15	0.00808	0.00404	0.00606	0.00606	0.00606	0.00404	0.00404	0.00606	0.00606	0.00808	0.00808	0.01414	0.00808	0.01616	0.01818	0.86465	0.00404	0.00404	0.00202	0.00202
16	0.01472	0.21665	0.04000	0.05924	0.05624	0.40600	0.00934	0.08425	0.01241	0.01321	0.00847	0.01877	0.02125	0.00490	0.00419	0.00123	0.01741	0.00337	0.00251	0.00584
17	0.01019	0.00837	0.00915	0.03871	0.01117	0.00927	0.00652	0.05792	0.47152	0.01827	0.08685	0.05971	0.10226	0.00734	0.00480	0.00152	0.00343	0.00618	0.06265	0.02415
18	0.01290	0.13529	0.13524	0.04621	0.03743	0.10347	0.05365	0.15850	0.12960	0.04038	0.04087	0.01267	0.02185	0.00540	0.00495	0.00141	0.04623	0.00418	0.00323	0.00655
19	0.01395	0.08358	0.01292	0.01000	0.01297	0.13049	0.00801	0.20616	0.43108	0.01991	0.01430	0.01372	0.01080	0.00572	0.00449	0.00143	0.00482	0.00444	0.00414	0.00709
20	0.76715	0.00909	0.00731	0.00641	0.00930	0.01044	0.00527	0.06647	0.00902	0.03569	0.00731	0.00828	0.00558	0.00447	0.00304	0.00142	0.00366	0.00273	0.03211	0.00526
21	0.06016	0.13517	0.42649	0.07887	0.01861	0.06512	0.08162	0.01420	0.00998	0.01401	0.00990	0.01144	0.04554	0.00472	0.00428	0.00140	0.00632	0.00377	0.00221	0.00620
22	0.03333	0.00615	0.00727	0.02025	0.03126	0.00611	0.00534	0.06171	0.09033	0.01695	0.31872	0.09616	0.23133	0.00970	0.00533	0.00156	0.00292	0.04617	0.00454	0.00486
23	0.00684	0.00659	0.04600	0.00698	0.02406	0.05175	0.00526	0.00834	0.01058	0.01365	0.19155	0.32091	0.24082	0.02440	0.00581	0.00169	0.00315	0.02315	0.00419	0.00426
24	0.00697	0.00523	0.00685	0.00694	0.00745	0.00546	0.02032	0.02240	0.02064	0.01158	0.03129	0.30570	0.04802	0.28771	0.07776	0.00320	0.05669	0.06847	0.00351	0.00381
25	0.01036	0.10160	0.43031	0.01358	0.10646	0.03148	0.02739	0.03821	0.08716	0.01493	0.01005	0.01234	0.00794	0.00682	0.05809	0.00183	0.00652	0.02585	0.00247	0.00662

[dist]
# distance from previous block
# <min> <max>
6	12

[block]
# block no. 4 follows, 55 sequences, length 25
# corresponding to MSA columns:
# 475-499
name=unknown_E
#
# <colnr> <probs for GDERKNQSTAVLIFYWHMCP>
#	G	D	E	R	K	N	Q	S	T	A	V	L	I	F	Y	W	H	M	C	P
0	0.25444	0.06251	0.24653	0.01098	0.06427	0.01093	0.03456	0.05304	0.00977	0.05482	0.00888	0.02186	0.00704	0.01803	0.02866	0.00168	0.07227	0.00364	0.03008	0.00601
1	0.00677	0.00451	0.00507	0.00507	0.00507	0.00451	0.00282	0.00677	0.00677	0.00902	0.01466	0.03044	0.01691	0.83650	0.02368	0.00451	0.00451	0.00677	0.00282	0.00282
2	0.01751	0.01832	0.01351	0.01145	0.01440	0.47965	0.00893	0.34413	0.01684	0.01893	0.00887	0.00956	0.00680	0.00513	0.00439	0.00128	0.00701	0.00350	0.00335	0.00645
3	0.00878	0.00789	0.01090	0.04145	0.07303	0.02392	0.00791	0.01027	0.02310	0.01128	0.01000	0.01634	0.00985	0.16262	0.23889	0.00388	0.31198	0.00479	0.00240	0.02073
4	0.01333	0.66319	0.02192	0.00870	0.01239	0.13443	0.00812	0.04433	0.03517	0.01197	0.00714	0.00805	0.00630	0.00423	0.00328	0.00106	0.00544	0.00271	0.00224	0.00600
5	0.47374	0.21521	0.09029	0.00792	0.01145	0.07868	0.00740	0.04364	0.00944	0.01738	0.00689	0.00796	0.00554	0.00433	0.00323	0.00131	0.00470	0.00270	0.00260	0.00558
6	0.02630	0.01166	0.06666	0.01326	0.11581	0.05035	0.11285	0.17030	0.16345	0.08249	0.05302	0.04140	0.01214	0.01668	0.00505	0.00152	0.00511	0.02360	0.02160	0.00675
7	0.00658	0.00487	0.00712	0.00720	0.00792	0.00555	0.00545	0.00804	0.00753	0.01074	0.01367	0.08255	0.01355	0.09961	0.68934	0.00680	0.01105	0.00577	0.00266	0.00401
8	0.00633	0.00443	0.00576	0.00619	0.00691	0.00407	0.00435	0.00766	0.01057	0.03346	0.29140	0.49122	0.08532	0.01246	0.00573	0.00171	0.00254	0.01116	0.00463	0.00410
9	0.01795	0.00741	0.00996	0.00785	0.01096	0.00653	0.00640	0.03852	0.01349	0.63427	0.17464	0.01948	0.01787	0.00650	0.00484	0.00144	0.00364	0.00541	0.00560	0.00722
10	0.01330	0.00971	0.01066	0.00927	0.01208	0.01081	0.00730	0.06697	0.61193	0.14718	0.03577	0.01715	0.01407	0.00625	0.00474	0.00154	0.00377	0.00518	0.00490	0.00742
11	0.48256	0.00793	0.00772	0.00659	0.00936	0.00835	0.00536	0.01526	0.01017	0.23618	0.11119	0.01447	0.03265	0.00559	0.00378	0.00144	0.00345	0.00409	0.02818	0.00570
12	0.01240	0.79863	0.02370	0.00803	0.01195	0.01807	0.00793	0.01446	0.04818	0.01136	0.00708	0.00795	0.00637	0.00409	0.00307	0.00102	0.00491	0.00262	0.00212	0.00604
13	0.00728	0.00609	0.04660	0.00838	0.00966	0.00537	0.00742	0.00938	0.01045	0.01366	0.02498	0.14181	0.06167	0.01259	0.00623	0.00205	0.00414	0.61375	0.00418	0.00434
14	0.16393	0.01045	0.01125	0.02568	0.02611	0.04634	0.00747	0.30924	0.01513	0.24586	0.02870	0.01272	0.00930	0.00685	0.04422	0.00170	0.00495	0.00411	0.01905	0.00692
15	0.86937	0.00900	0.00684	0.00612	0.00900	0.01044	0.00504	0.01368	0.00792	0.02087	0.00648	0.00756	0.00504	0.00432	0.00288	0.00144	0.00360	0.00252	0.00288	0.00504
16	0.00808	0.02273	0.12561	0.01022	0.08639	0.03884	0.03244	0.01066	0.03860	0.01366	0.06541	0.15600	0.18343	0.04164	0.01831	0.00185	0.00441	0.13314	0.00358	0.00499
17	0.00576	0.00467	0.00506	0.00511	0.00643	0.00403	0.00377	0.00704	0.01072	0.01334	0.16094	0.10562	0.58130	0.04430	0.00627	0.00171	0.00248	0.02312	0.00438	0.00395
18	0.01029	0.01079	0.02106	0.04740	0.18047	0.02359	0.45033	0.01333	0.01042	0.01419	0.03242	0.05870	0.01024	0.07140	0.02256	0.00189	0.00672	0.00572	0.00256	0.00594
19	0.00647	0.00463	0.00594	0.00584	0.00683	0.00427	0.00429	0.00840	0.01224	0.01724	0.61456	0.16064	0.07691	0.01026	0.00547	0.00152	0.00228	0.00908	0.03887	0.00427
20	0.00804	0.00464	0.00670	0.03718	0.00726	0.00496	0.00456	0.00669	0.00635	0.00855	0.00894	0.01624	0.00919	0.13596	0.01831	0.65402	0.05339	0.00445	0.00214	0.00244
21	0.01217	0.03790	0.01792	0.12796	0.51079	0.09020	0.05019	0.06960	0.01146	0.01525	0.00867	0.01122	0.00706	0.00436	0.00457	0.00138	0.00596	0.00405	0.00244	0.00683
22	0.00698	0.00513	0.00629	0.00634	0.00749	0.00502	0.00482	0.00973	0.07889	0.01581	0.32377	0.16043	0.13892	0.01168	0.04747	0.00191	0.00317	0.08758	0.07414	0.00446
23	0.01320	0.02594	0.03659	0.05843	0.05231	0.08545	0.08003	0.28568	0.05220	0.04637	0.03666	0.03730	0.09152	0.00614	0.00474	0.00140	0.00515	0.01415	0.00373	0.06300
24	0.03540	0.28618	0.23144	0.01104	0.04067	0.08997	0.04670	0.05042	0.02953	0.03035	0.00907	0.04635	0.00777	0.02139	0.00462	0.00136	0.02301	0.00378	0.00248	0.02847

[dist]
# distance from previous block
# <min> <max>
1	18

[block]
# block no. 5 follows, 55 sequences, length 6
# corresponding to MSA columns:
# 518-523
name=unknown_F
#
# <colnr> <probs for GDERKNQSTAVLIFYWHMCP>
#	G	D	E	R	K	N	Q	S	T	A	V	L	I	F	Y	W	H	M	C	P
0	0.01151	0.05103	0.03411	0.05709	0.09735	0.10400	0.03749	0.07192	0.19575	0.03746	0.08708	0.03258	0.07890	0.00623	0.00482	0.00141	0.01815	0.00517	0.00360	0.06437
1	0.00792	0.00810	0.08295	0.11191	0.16842	0.00696	0.03012	0.01011	0.00993	0.01382	0.08977	0.32701	0.04934	0.00903	0.00516	0.00161	0.00412	0.00817	0.05047	0.00509
2	0.00773	0.00500	0.00618	0.00596	0.00734	0.00452	0.00458	0.00951	0.01178	0.08778	0.36476	0.09832	0.23287	0.01019	0.00540	0.00156	0.00261	0.07318	0.05620	0.00453
3	0.00871	0.00689	0.05537	0.00700	0.00767	0.07311	0.00526	0.00786	0.00705	0.00904	0.00896	0.01525	0.00887	0.09444	0.07227	0.59782	0.00521	0.00424	0.00216	0.00282
4	0.01280	0.15224	0.20098	0.05957	0.03580	0.04205	0.01049	0.25002	0.06111	0.01865	0.01002	0.01110	0.00761	0.00503	0.00449	0.00135	0.02859	0.00376	0.07769	0.00665
5	0.00818	0.04733	0.05397	0.00788	0.00934	0.00752	0.00645	0.03370	0.11602	0.01276	0.01498	0.07853	0.01473	0.17213	0.30631	0.00432	0.02744	0.07058	0.00313	0.00470

[dist]
# distance from previous block
# <min> <max>
2	4

[block]
# block no. 6 follows, 55 sequences, length 18
# corresponding to MSA columns:
# 529-546
name=unknown_G
#
# <colnr> <probs for GDERKNQSTAVLIFYWHMCP>
#	G	D	E	R	K	N	Q	S	T	A	V	L	I	F	Y	W	H	M	C	P
0	0.31426	0.27206	0.05792	0.00849	0.01188	0.12227	0.00765	0.08130	0.01044	0.01641	0.00711	0.00822	0.00584	0.00449	0.00374	0.00126	0.03135	0.00282	0.00261	0.02989
1	0.04331	0.67910	0.14921	0.00874	0.01314	0.01691	0.00932	0.01405	0.00946	0.01191	0.00677	0.00784	0.00592	0.00406	0.00321	0.00109	0.00523	0.00264	0.00202	0.00608
2	0.00865	0.00531	0.00682	0.00684	0.00821	0.00479	0.00519	0.01001	0.01023	0.13287	0.05857	0.32416	0.12384	0.06079	0.00666	0.00189	0.00328	0.15500	0.00437	0.06253
3	0.02300	0.02923	0.11909	0.04304	0.04311	0.04785	0.05197	0.18461	0.16359	0.03810	0.03201	0.02950	0.09554	0.00623	0.00484	0.00146	0.02004	0.00510	0.05527	0.00643
4	0.00850	0.00449	0.00641	0.00625	0.00643	0.00456	0.00423	0.04427	0.00686	0.00915	0.00848	0.01461	0.00841	0.04652	0.01773	0.79034	0.00411	0.00415	0.00218	0.00234
5	0.11044	0.00550	0.00672	0.00732	0.00845	0.00553	0.00581	0.02297	0.00994	0.03901	0.02324	0.32064	0.06060	0.02762	0.00603	0.00195	0.00356	0.32619	0.00415	0.00433
6	0.00961	0.00993	0.08214	0.10177	0.28612	0.00900	0.07271	0.03290	0.04257	0.01470	0.04390	0.11423	0.01396	0.04746	0.00594	0.00171	0.00511	0.07887	0.02146	0.00590
7	0.00808	0.00404	0.00606	0.00606	0.00606	0.00404	0.00404	0.00606	0.00606	0.00808	0.00808	0.01414	0.00808	0.01616	0.01818	0.86465	0.00404	0.00404	0.00202	0.00202
8	0.01018	0.01018	0.01425	0.01221	0.01221	0.01425	0.01018	0.01120	0.00712	0.01120	0.00611	0.01018	0.00611	0.00814	0.01527	0.00204	0.82799	0.00407	0.00204	0.00509
9	0.02581	0.02582	0.01143	0.07593	0.06215	0.02579	0.03753	0.04297	0.05301	0.02348	0.02175	0.03034	0.02470	0.13606	0.00869	0.00181	0.11011	0.02179	0.00289	0.25793
10	0.22324	0.00876	0.01102	0.00987	0.06091	0.00913	0.06958	0.11718	0.02482	0.17362	0.06618	0.05981	0.03192	0.05567	0.00597	0.00170	0.03170	0.02906	0.00390	0.00597
11	0.01874	0.00905	0.01123	0.00884	0.01225	0.00878	0.00722	0.17831	0.09830	0.54187	0.01720	0.04213	0.01171	0.00607	0.00472	0.00146	0.00412	0.00492	0.00538	0.00772
12	0.01537	0.05659	0.01413	0.09338	0.04566	0.55828	0.00964	0.04753	0.01227	0.01225	0.00737	0.00915	0.00615	0.00508	0.00532	0.00132	0.08927	0.00328	0.00240	0.00554
13	0.00627	0.00474	0.00578	0.00552	0.00676	0.00426	0.00414	0.00817	0.01243	0.01689	0.58580	0.03765	0.26422	0.01017	0.00549	0.00149	0.00224	0.00882	0.00489	0.00426
14	0.00577	0.00414	0.00537	0.00626	0.00661	0.00386	0.00417	0.00660	0.00901	0.01197	0.05613	0.70342	0.07142	0.07288	0.00716	0.00204	0.00279	0.01240	0.00424	0.00374
15	0.00613	0.00453	0.00556	0.00600	0.00673	0.00423	0.00427	0.00722	0.00962	0.01257	0.12210	0.31508	0.21470	0.14512	0.03556	0.00239	0.00333	0.08696	0.00411	0.00380
16	0.07289	0.00660	0.00804	0.00680	0.00916	0.00622	0.00538	0.01650	0.04807	0.37868	0.11998	0.05140	0.01645	0.02979	0.00492	0.00147	0.00324	0.00537	0.20295	0.00610
17	0.69254	0.00917	0.00783	0.00677	0.00975	0.01036	0.00555	0.06062	0.04771	0.10075	0.00855	0.00908	0.00630	0.00463	0.00325	0.00144	0.00373	0.00297	0.00336	0.00561

[dist]
# distance from previous block
# <min> <max>
0	2

[block]
# block no. 7 follows, 55 sequences, length 16
# corresponding to MSA columns:
# 549-561,568-570
name=unknown_H
#
# <colnr> <probs for GDERKNQSTAVLIFYWHMCP>
#	G	D	E	R	K	N	Q	S	T	A	V	L	I	F	Y	W	H	M	C	P
0	0.02649	0.06840	0.04700	0.01116	0.07199	0.07041	0.00868	0.24623	0.20379	0.06098	0.02823	0.01438	0.04636	0.00635	0.01831	0.00153	0.04289	0.00453	0.00388	0.01842
1	0.63654	0.01037	0.10408	0.00703	0.01025	0.00967	0.00646	0.01306	0.00812	0.01872	0.00696	0.00850	0.00551	0.00520	0.00431	0.06957	0.00402	0.00277	0.00269	0.06616
2	0.05046	0.23779	0.30507	0.01030	0.01466	0.01258	0.02597	0.07891	0.06666	0.01522	0.02893	0.01340	0.00910	0.04766	0.00543	0.00155	0.02832	0.03910	0.00267	0.00622
3	0.00646	0.00506	0.00578	0.00558	0.00688	0.00468	0.00412	0.00878	0.06496	0.01529	0.35836	0.05663	0.35679	0.07191	0.00681	0.00175	0.00255	0.00878	0.00457	0.00427
4	0.00736	0.00519	0.00719	0.00707	0.00792	0.00586	0.00536	0.03059	0.02988	0.01169	0.01269	0.01877	0.01184	0.10113	0.58446	0.06734	0.00994	0.00501	0.06660	0.00409
5	0.00721	0.00509	0.00665	0.00710	0.00819	0.00487	0.00579	0.00900	0.01087	0.03255	0.18555	0.06849	0.14189	0.07999	0.00747	0.00209	0.00354	0.40506	0.00437	0.00420
6	0.00729	0.00421	0.00577	0.00592	0.00610	0.00416	0.00391	0.00638	0.00695	0.00919	0.01451	0.12808	0.06946	0.15627	0.05326	0.50287	0.00421	0.00618	0.00265	0.00262
7	0.01054	0.01046	0.01876	0.26172	0.39423	0.01113	0.15569	0.01353	0.01010	0.01396	0.00859	0.01190	0.00690	0.00446	0.00533	0.00150	0.04819	0.00438	0.00223	0.00640
8	0.00637	0.00525	0.00575	0.00560	0.00724	0.00462	0.00424	0.00837	0.05304	0.01372	0.11080	0.11120	0.52030	0.01092	0.00538	0.00155	0.00262	0.04657	0.00429	0.07217
9	0.00971	0.00861	0.01128	0.05193	0.01321	0.00686	0.06792	0.01198	0.00973	0.01496	0.00836	0.01002	0.00687	0.00355	0.00367	0.00080	0.00394	0.00305	0.00269	0.75086
10	0.02426	0.05619	0.08199	0.01279	0.07780	0.02582	0.09913	0.30817	0.18875	0.04095	0.01236	0.01334	0.00932	0.00539	0.00467	0.00145	0.00527	0.02128	0.00382	0.00722
11	0.58662	0.05481	0.04915	0.00684	0.00960	0.07378	0.00584	0.01341	0.00856	0.01814	0.00786	0.01013	0.00658	0.06635	0.00464	0.00160	0.00418	0.00305	0.06385	0.00500
12	0.01132	0.35201	0.20500	0.01052	0.01469	0.09038	0.08050	0.01475	0.06978	0.01300	0.01104	0.05325	0.04482	0.00523	0.00406	0.00129	0.00567	0.00413	0.00249	0.00605
13	0.00899	0.00585	0.00685	0.00613	0.00774	0.00590	0.04024	0.06386	0.07436	0.01791	0.13314	0.02204	0.09722	0.00668	0.00412	0.00127	0.00277	0.00561	0.48447	0.00487
14	0.01137	0.01092	0.01856	0.05781	0.75463	0.01112	0.01410	0.01410	0.01044	0.01495	0.00865	0.01151	0.00729	0.00428	0.00493	0.00141	0.03027	0.00414	0.00229	0.00722
15	0.00632	0.00480	0.00594	0.00582	0.00704	0.00442	0.00446	0.00815	0.01176	0.01582	0.45110	0.03797	0.27875	0.01236	0.06603	0.00199	0.00316	0.06528	0.00461	0.00422

[dist]
# distance from previous block
# <min> <max>
5	8

[block]
# block no. 8 follows, 55 sequences, length 33
# corresponding to MSA columns:
# 581-594,598-616
name=unknown_I
#
# <colnr> <probs for GDERKNQSTAVLIFYWHMCP>
#	G	D	E	R	K	N	Q	S	T	A	V	L	I	F	Y	W	H	M	C	P
0	0.01166	0.01011	0.01474	0.24752	0.23959	0.04224	0.04004	0.07674	0.02481	0.06987	0.00986	0.03153	0.00787	0.00486	0.00487	0.00138	0.03215	0.00423	0.00281	0.12312
1	0.01349	0.00892	0.00937	0.00793	0.01043	0.05846	0.00627	0.15791	0.16370	0.17565	0.09633	0.01804	0.04398	0.00627	0.00444	0.00136	0.00376	0.00506	0.18866	0.01996
2	0.01073	0.10008	0.38701	0.01182	0.01655	0.04644	0.08107	0.05486	0.11735	0.02532	0.01102	0.06471	0.00901	0.00578	0.00503	0.03370	0.00590	0.00446	0.00274	0.00642
3	0.01045	0.00682	0.00795	0.00698	0.00881	0.00716	0.02009	0.08840	0.14384	0.07670	0.18865	0.02095	0.04268	0.00676	0.00473	0.00136	0.02981	0.00557	0.31679	0.00551
4	0.65783	0.00894	0.00796	0.00676	0.00982	0.00986	0.00557	0.04831	0.00962	0.18475	0.00913	0.00942	0.00650	0.00467	0.00333	0.00144	0.00374	0.00304	0.00355	0.00576
5	0.01122	0.02300	0.08860	0.04480	0.26086	0.00859	0.00976	0.04556	0.04852	0.12150	0.10618	0.06915	0.04304	0.00657	0.00480	0.00147	0.00443	0.04037	0.05527	0.00630
6	0.00594	0.00448	0.00524	0.00556	0.00638	0.00406	0.00385	0.00695	0.00977	0.01261	0.13843	0.30121	0.30605	0.14733	0.00863	0.00215	0.00283	0.02060	0.00418	0.00377
7	0.00807	0.00594	0.00716	0.00741	0.00842	0.00619	0.00558	0.05588	0.13034	0.01412	0.02095	0.25844	0.02247	0.18639	0.00952	0.00242	0.00380	0.21985	0.02254	0.00451
8	0.08286	0.00951	0.01064	0.02357	0.01194	0.05393	0.02008	0.04595	0.02069	0.06824	0.00906	0.02209	0.00739	0.00451	0.00480	0.00105	0.08165	0.00332	0.00299	0.51573
9	0.01287	0.76726	0.02339	0.00832	0.01216	0.08889	0.00805	0.01434	0.00978	0.01098	0.00653	0.00754	0.00597	0.00405	0.00309	0.00101	0.00528	0.00253	0.00203	0.00592
10	0.75194	0.03574	0.02308	0.00649	0.00941	0.01047	0.00547	0.03478	0.00851	0.03320	0.00764	0.04261	0.00635	0.00480	0.00312	0.00144	0.00372	0.00307	0.00299	0.00518
11	0.01077	0.01076	0.04699	0.06322	0.62592	0.01034	0.02987	0.01379	0.02676	0.01531	0.07308	0.03183	0.01084	0.00488	0.00472	0.00142	0.00529	0.00471	0.00260	0.00690
12	0.01005	0.01005	0.01558	0.46308	0.15953	0.06947	0.08908	0.01281	0.00984	0.01265	0.00903	0.01376	0.00748	0.03245	0.00583	0.00164	0.04090	0.02898	0.00225	0.00556
13	0.00902	0.00511	0.00655	0.00660	0.00790	0.00458	0.00487	0.01022	0.01037	0.18188	0.05014	0.42200	0.17777	0.02645	0.00592	0.00178	0.00301	0.05650	0.00462	0.00472
14	0.01210	0.00592	0.00782	0.00696	0.00883	0.00537	0.00530	0.01388	0.02655	0.32763	0.22044	0.21032	0.03985	0.05506	0.02020	0.00182	0.00334	0.00782	0.01521	0.00559
15	0.01105	0.00636	0.00800	0.00687	0.00900	0.00589	0.02266	0.04481	0.05659	0.22850	0.26830	0.04306	0.20997	0.00847	0.00509	0.00148	0.00304	0.00722	0.04808	0.00556
16	0.70825	0.00876	0.00722	0.00633	0.00915	0.00993	0.00519	0.05266	0.00907	0.06708	0.00810	0.00901	0.00611	0.00455	0.00310	0.00141	0.00358	0.00287	0.07232	0.00529
17	0.00687	0.00511	0.00748	0.00741	0.00820	0.00598	0.00575	0.00849	0.00756	0.01109	0.01245	0.01831	0.01161	0.05523	0.72814	0.00689	0.03872	0.00497	0.04560	0.00416
18	0.11507	0.07512	0.35032	0.01112	0.02626	0.03736	0.05472	0.06207	0.03766	0.07260	0.02389	0.02868	0.03894	0.00552	0.00441	0.00147	0.00557	0.03998	0.00293	0.00634
19	0.04161	0.53300	0.06012	0.00924	0.01297	0.19178	0.00862	0.07171	0.01114	0.01289	0.00706	0.00806	0.00608	0.00431	0.00344	0.00111	0.00578	0.00277	0.00230	0.00600
20	0.83572	0.00895	0.00699	0.00620	0.00911	0.01029	0.00511	0.01403	0.00813	0.05219	0.00695	0.00789	0.00530	0.00438	0.00295	0.00144	0.00361	0.00260	0.00299	0.00515
21	0.01134	0.00923	0.03270	0.01018	0.05661	0.02317	0.04038	0.11683	0.24971	0.07923	0.13519	0.05627	0.05697	0.00873	0.04591	0.00185	0.01436	0.04076	0.00430	0.00629
22	0.00681	0.00483	0.00570	0.00570	0.00686	0.00437	0.00411	0.00835	0.02756	0.05381	0.22672	0.21293	0.32385	0.07858	0.00702	0.00185	0.00268	0.00962	0.00448	0.00419
23	0.01014	0.01021	0.04597	0.31044	0.44759	0.01049	0.01329	0.01301	0.01004	0.01380	0.01044	0.01341	0.04690	0.00479	0.00485	0.00147	0.02012	0.00440	0.00230	0.00635
24	0.00596	0.00448	0.00553	0.00581	0.00671	0.00404	0.00415	0.00738	0.01090	0.01455	0.31842	0.34199	0.22908	0.01201	0.00566	0.00165	0.00243	0.01060	0.00461	0.00404
25	0.00703	0.00432	0.00568	0.00584	0.00623	0.00417	0.00397	0.00658	0.00767	0.00999	0.03712	0.12122	0.15554	0.14282	0.04065	0.40068	0.00389	0.03073	0.00298	0.00289
26	0.01233	0.73387	0.02263	0.00818	0.01184	0.05957	0.00790	0.01378	0.00962	0.01104	0.00821	0.00917	0.03965	0.00449	0.00356	0.00106	0.03229	0.00288	0.00211	0.00582
27	0.00575	0.00433	0.00530	0.00600	0.00669	0.00392	0.00418	0.00674	0.00954	0.01229	0.05637	0.52905	0.25183	0.03682	0.00632	0.00187	0.00270	0.04217	0.00430	0.00383
28	0.01174	0.01099	0.04666	0.15165	0.53478	0.01094	0.01318	0.05387	0.05489	0.05175	0.00978	0.01210	0.00772	0.00450	0.00462	0.00143	0.00549	0.00421	0.00266	0.00705
29	0.01437	0.04132	0.11146	0.01098	0.02490	0.08490	0.02734	0.29094	0.27116	0.05477	0.01307	0.01288	0.00960	0.00550	0.00457	0.00144	0.00518	0.00433	0.00402	0.00727
30	0.20649	0.01032	0.04148	0.00832	0.01099	0.08792	0.04652	0.14577	0.04566	0.06964	0.06732	0.01522	0.03368	0.04721	0.00506	0.00152	0.00438	0.00441	0.14240	0.00568
31	0.01439	0.01137	0.01388	0.01232	0.07776	0.06340	0.09465	0.15819	0.33917	0.14176	0.01484	0.01445	0.01081	0.00556	0.00475	0.00148	0.00489	0.00477	0.00427	0.00730
32	0.00883	0.00634	0.02994	0.00667	0.00851	0.00563	0.00530	0.02666	0.07897	0.10284	0.40860	0.08422	0.12836	0.00894	0.00520	0.00148	0.00283	0.01703	0.02228	0.04138

[dist]
# distance from previous block
# <min> <max>
10	25

[block]
# block no. 9 follows, 55 sequences, length 16
# corresponding to MSA columns:
# 645-660
name=unknown_J
#
# <colnr> <probs for GDERKNQSTAVLIFYWHMCP>
#	G	D	E	R	K	N	Q	S	T	A	V	L	I	F	Y	W	H	M	C	P
0	0.01148	0.00925	0.00958	0.00858	0.01090	0.04899	0.00661	0.06900	0.45314	0.07367	0.05417	0.05869	0.09273	0.04537	0.02500	0.00182	0.00403	0.00605	0.00450	0.00643
1	0.03201	0.04026	0.01117	0.00867	0.01162	0.05611	0.00703	0.26868	0.10861	0.21372	0.06977	0.01515	0.01236	0.00584	0.00442	0.00137	0.00422	0.00459	0.11754	0.00686
2	0.00600	0.00446	0.00554	0.00599	0.00678	0.00408	0.00427	0.00726	0.01030	0.01361	0.21261	0.38361	0.21060	0.04975	0.00656	0.00185	0.00268	0.05566	0.00444	0.00394
3	0.03435	0.43749	0.10211	0.00893	0.01303	0.01439	0.00872	0.11093	0.04185	0.17258	0.01007	0.01020	0.00759	0.00467	0.00374	0.00121	0.00491	0.00333	0.00318	0.00672
4	0.00968	0.00553	0.00618	0.00573	0.00741	0.00529	0.00439	0.01257	0.08804	0.13266	0.08813	0.06189	0.20612	0.00783	0.00445	0.00137	0.00265	0.00652	0.33852	0.00504
5	0.01168	0.21537	0.07240	0.01070	0.01304	0.10672	0.03893	0.06802	0.00985	0.01283	0.00775	0.01062	0.00696	0.03034	0.07338	0.00205	0.27811	0.00369	0.00233	0.02522
6	0.01199	0.03378	0.01281	0.07948	0.12774	0.04196	0.02846	0.15106	0.03335	0.06675	0.02348	0.04374	0.03667	0.02265	0.00544	0.01050	0.03677	0.03588	0.00333	0.19416
7	0.01211	0.58594	0.18693	0.00998	0.04051	0.03913	0.01015	0.04554	0.01017	0.01263	0.00714	0.00826	0.00608	0.00416	0.00344	0.00113	0.00549	0.00282	0.00211	0.00627
8	0.25224	0.05604	0.01162	0.00949	0.01225	0.34829	0.00748	0.13641	0.01256	0.05278	0.00842	0.00971	0.00671	0.02456	0.03162	0.00158	0.00624	0.00325	0.00302	0.00573
9	0.01497	0.03524	0.01397	0.01195	0.05300	0.38325	0.06711	0.12419	0.06369	0.03603	0.00934	0.01037	0.00734	0.00473	0.00427	0.00121	0.00643	0.00358	0.02314	0.12619
10	0.00582	0.00421	0.00532	0.00608	0.00651	0.00391	0.00406	0.00664	0.00905	0.01193	0.06202	0.61266	0.12062	0.10853	0.00791	0.00213	0.00284	0.01187	0.00418	0.00371
11	0.00800	0.00505	0.00625	0.00612	0.00746	0.00474	0.00468	0.00952	0.01040	0.10129	0.12991	0.11276	0.26420	0.05012	0.11968	0.00253	0.00420	0.07121	0.07744	0.00446
12	0.01033	0.00584	0.00710	0.00647	0.00840	0.00522	0.00502	0.04288	0.01182	0.22697	0.11873	0.15196	0.32608	0.01013	0.00535	0.00159	0.00301	0.04309	0.00481	0.00520
13	0.01328	0.00901	0.01005	0.00833	0.01091	0.00953	0.00664	0.35073	0.08497	0.09859	0.13736	0.07489	0.06648	0.00725	0.00479	0.00144	0.00380	0.00596	0.08954	0.00644
14	0.36766	0.00804	0.00818	0.00695	0.00975	0.00837	0.00562	0.03390	0.07166	0.25805	0.07461	0.01626	0.07642	0.00597	0.00403	0.00145	0.00350	0.00451	0.02909	0.00599
15	0.10959	0.04743	0.06719	0.00829	0.01188	0.00934	0.00723	0.15727	0.05834	0.17260	0.01152	0.01193	0.00846	0.00579	0.02324	0.02344	0.00436	0.00370	0.04382	0.21459

[dist]
# distance from previous block
# <min> <max>
6	28

[block]
# block no. 10 follows, 55 sequences, length 9
# corresponding to MSA columns:
# 691-693,695-700
name=unknown_K
#
# <colnr> <probs for GDERKNQSTAVLIFYWHMCP>
#	G	D	E	R	K	N	Q	S	T	A	V	L	I	F	Y	W	H	M	C	P
0	0.11555	0.00882	0.00945	0.00829	0.01083	0.00956	0.00653	0.14028	0.30373	0.09288	0.04887	0.10355	0.06953	0.00736	0.00471	0.00154	0.00368	0.02441	0.00448	0.02595
1	0.01364	0.01360	0.01512	0.01310	0.07365	0.23851	0.14961	0.08580	0.06835	0.06645	0.04425	0.01290	0.00951	0.00517	0.00514	0.00135	0.04812	0.01786	0.00314	0.11473
2	0.09120	0.17645	0.01413	0.03853	0.01323	0.24128	0.00803	0.08389	0.16144	0.03615	0.00998	0.01068	0.00791	0.00550	0.01732	0.00139	0.03369	0.00353	0.00308	0.04256
3	0.71048	0.00878	0.00757	0.00702	0.03692	0.00976	0.00543	0.01373	0.00859	0.05374	0.04511	0.00946	0.00735	0.00457	0.00317	0.00139	0.00361	0.00296	0.00308	0.05727
4	0.01043	0.00970	0.01571	0.08715	0.54124	0.00953	0.01181	0.01297	0.01035	0.01486	0.04368	0.06444	0.01025	0.00497	0.00456	0.00133	0.00495	0.00470	0.00260	0.13477
5	0.00784	0.00562	0.00664	0.00625	0.00774	0.00531	0.00469	0.06678	0.03929	0.04323	0.31445	0.18077	0.20565	0.01004	0.00529	0.00152	0.00270	0.00870	0.04148	0.03602
6	0.15438	0.00644	0.00709	0.00646	0.00828	0.00651	0.00501	0.05740	0.03045	0.09310	0.25215	0.11096	0.18268	0.00881	0.00515	0.00153	0.02440	0.00730	0.02692	0.00498
7	0.15748	0.00973	0.01192	0.05824	0.06156	0.03956	0.07808	0.12418	0.12936	0.08758	0.05635	0.04202	0.01172	0.00588	0.00475	0.00148	0.02870	0.01767	0.06759	0.00617
8	0.00948	0.03315	0.05866	0.00994	0.04985	0.03709	0.09452	0.04604	0.08459	0.05731	0.17670	0.15420	0.12388	0.00856	0.00522	0.00156	0.00411	0.03570	0.00401	0.00543

[dist]
# distance from previous block
# <min> <max>
3	40

[block]
# block no. 11 follows, 55 sequences, length 10
# corresponding to MSA columns:
# 746-755
name=unknown_L
#
# <colnr> <probs for GDERKNQSTAVLIFYWHMCP>
#	G	D	E	R	K	N	Q	S	T	A	V	L	I	F	Y	W	H	M	C	P
0	0.07699	0.12779	0.01315	0.00980	0.03102	0.19382	0.00771	0.14303	0.10360	0.04347	0.03162	0.02574	0.00951	0.03426	0.04436	0.00172	0.04381	0.00400	0.00325	0.05134
1	0.05160	0.19787	0.07201	0.00923	0.01232	0.01124	0.06725	0.16212	0.01132	0.03880	0.00920	0.01140	0.00757	0.00873	0.06717	0.13977	0.02196	0.00373	0.03281	0.06390
2	0.00703	0.00496	0.00603	0.00580	0.00719	0.00440	0.00439	0.00873	0.01174	0.05865	0.38601	0.11182	0.29235	0.01052	0.00548	0.00155	0.00251	0.04062	0.00472	0.02553
3	0.07493	0.02291	0.75096	0.01271	0.01929	0.01078	0.01626	0.01465	0.00968	0.01520	0.00821	0.00965	0.00583	0.00441	0.00430	0.00147	0.00663	0.00337	0.00203	0.00674
4	0.01360	0.00894	0.02554	0.00915	0.03714	0.00898	0.02833	0.17459	0.17499	0.19710	0.09040	0.01822	0.05120	0.00689	0.02120	0.00155	0.00405	0.00523	0.11621	0.00666
5	0.03408	0.00549	0.00684	0.00624	0.00779	0.00513	0.00479	0.01058	0.01205	0.13955	0.42920	0.07970	0.19524	0.00951	0.00563	0.00152	0.02888	0.00810	0.00484	0.00484
6	0.03651	0.00757	0.02887	0.02842	0.03376	0.00694	0.02578	0.04286	0.03292	0.35942	0.08405	0.18373	0.04286	0.00806	0.00526	0.00157	0.02405	0.02251	0.01863	0.00622
7	0.00652	0.00449	0.00513	0.00522	0.00545	0.00437	0.00312	0.00682	0.00767	0.01012	0.05691	0.11464	0.09649	0.63188	0.01921	0.00381	0.00400	0.00781	0.00323	0.00310
8	0.05822	0.16802	0.03487	0.00790	0.01068	0.08646	0.00677	0.17273	0.01259	0.06924	0.01160	0.02489	0.00928	0.00594	0.02188	0.00136	0.00453	0.01889	0.24677	0.02739
9	0.01200	0.03461	0.01447	0.06045	0.27678	0.07699	0.02434	0.13394	0.02932	0.01647	0.00947	0.01163	0.00773	0.00684	0.06590	0.00172	0.02919	0.00389	0.03072	0.15353

[dist]
# distance from previous block
# <min> <max>
1	5

[block]
# block no. 12 follows, 55 sequences, length 10
# corresponding to MSA columns:
# 762-771
name=unknown_M
#
# <colnr> <probs for GDERKNQSTAVLIFYWHMCP>
#	G	D	E	R	K	N	Q	S	T	A	V	L	I	F	Y	W	H	M	C	P
0	0.00809	0.00545	0.00721	0.00702	0.00789	0.00537	0.03459	0.05716	0.00950	0.05928	0.03268	0.33055	0.02156	0.27578	0.05143	0.00292	0.00425	0.05395	0.02119	0.00414
1	0.21780	0.09929	0.01370	0.04262	0.14048	0.05081	0.06727	0.01326	0.00964	0.01566	0.02180	0.01063	0.02350	0.00437	0.00407	0.00121	0.02634	0.00344	0.00261	0.23149
2	0.00703	0.00531	0.00632	0.00644	0.00741	0.03359	0.00474	0.00851	0.01070	0.03412	0.28967	0.24607	0.12732	0.05699	0.08224	0.00234	0.00383	0.05888	0.00431	0.00418
3	0.01370	0.00626	0.00814	0.00693	0.00915	0.00553	0.00534	0.01513	0.01164	0.42365	0.11151	0.12283	0.12550	0.10418	0.00723	0.00187	0.00345	0.00707	0.00498	0.00589
4	0.05460	0.00693	0.00897	0.00727	0.01007	0.00615	0.00587	0.01752	0.01275	0.51613	0.19489	0.02267	0.10146	0.00715	0.00486	0.00146	0.00338	0.00594	0.00534	0.00659
5	0.01259	0.00908	0.01000	0.00860	0.01110	0.00991	0.00677	0.21819	0.32082	0.08058	0.10580	0.07649	0.01671	0.00696	0.00474	0.00148	0.00369	0.00579	0.08402	0.00667
6	0.62425	0.00824	0.00733	0.00647	0.00918	0.00905	0.00524	0.01432	0.00917	0.14544	0.05935	0.06486	0.01018	0.00554	0.00353	0.00147	0.00351	0.00393	0.00357	0.00537
7	0.03520	0.01035	0.01033	0.00919	0.01163	0.06437	0.00717	0.13996	0.46937	0.01922	0.01655	0.01892	0.01343	0.07430	0.00626	0.00179	0.00428	0.05565	0.02542	0.00661
8	0.00741	0.05154	0.00725	0.00664	0.00764	0.00584	0.00479	0.05452	0.05932	0.01409	0.09996	0.47488	0.07050	0.06590	0.00660	0.00187	0.00305	0.01010	0.04369	0.00440
9	0.01405	0.08807	0.02797	0.01197	0.06651	0.29013	0.04932	0.13354	0.11635	0.02746	0.06233	0.01268	0.01033	0.00673	0.04212	0.00162	0.02529	0.00414	0.00321	0.00619

[dist]
# distance from previous block
# <min> <max>
0	8

[block]
# block no. 13 follows, 55 sequences, length 18
# corresponding to MSA columns:
# 780-797
name=unknown_N
#
# <colnr> <probs for GDERKNQSTAVLIFYWHMCP>
#	G	D	E	R	K	N	Q	S	T	A	V	L	I	F	Y	W	H	M	C	P
0	0.01233	0.03865	0.14269	0.08782	0.17377	0.02234	0.14423	0.07562	0.01148	0.12640	0.01092	0.01328	0.00829	0.00582	0.03007	0.00164	0.02178	0.02141	0.04486	0.00659
1	0.00583	0.00450	0.00532	0.00560	0.00661	0.00399	0.00402	0.00713	0.01066	0.01384	0.22793	0.31301	0.35052	0.01218	0.00565	0.00165	0.00243	0.01064	0.00452	0.00399
2	0.01078	0.02579	0.00902	0.00773	0.00920	0.05466	0.00589	0.10729	0.08874	0.06551	0.01533	0.03499	0.05808	0.20222	0.05981	0.00254	0.10008	0.00538	0.13187	0.00508
3	0.00579	0.00472	0.00512	0.00502	0.00646	0.00405	0.00376	0.00724	0.01129	0.01420	0.25061	0.04208	0.60109	0.01117	0.00550	0.00154	0.00231	0.00944	0.00454	0.00405
4	0.00788	0.00416	0.00620	0.00619	0.00631	0.00422	0.00422	0.00638	0.00648	0.00876	0.04042	0.01536	0.00985	0.01767	0.09346	0.74886	0.00476	0.00431	0.00219	0.00232
5	0.01228	0.72280	0.08333	0.00894	0.01312	0.03874	0.04058	0.01415	0.00964	0.01140	0.00675	0.00787	0.00601	0.00403	0.00323	0.00106	0.00533	0.00269	0.00201	0.00604
6	0.00731	0.00533	0.00677	0.00653	0.00773	0.00536	0.00497	0.00928	0.03952	0.05572	0.24295	0.13020	0.22969	0.01542	0.16836	0.00278	0.04529	0.00816	0.00415	0.00447
7	0.15293	0.00958	0.01062	0.02655	0.01205	0.00996	0.00697	0.29183	0.04091	0.19945	0.04848	0.06172	0.01149	0.02270	0.00478	0.00146	0.00417	0.00472	0.00437	0.07526
8	0.01073	0.01023	0.01699	0.23480	0.52654	0.01107	0.01340	0.01390	0.04220	0.01428	0.00889	0.01191	0.00727	0.00460	0.00524	0.00147	0.05332	0.00418	0.00232	0.00666
9	0.01009	0.01045	0.03334	0.05014	0.05482	0.01029	0.42593	0.06031	0.01063	0.01459	0.01150	0.10819	0.01034	0.00945	0.10818	0.00235	0.05494	0.00601	0.00270	0.00576
10	0.04055	0.00996	0.07088	0.00874	0.01136	0.05983	0.00747	0.10566	0.16788	0.12813	0.17829	0.04231	0.04155	0.00763	0.00500	0.00155	0.00414	0.09851	0.00445	0.00611
11	0.00674	0.00566	0.04254	0.02290	0.03730	0.00476	0.00560	0.00815	0.00979	0.03370	0.09469	0.52074	0.10784	0.01228	0.00566	0.00175	0.00311	0.05143	0.00417	0.02119
12	0.00878	0.00819	0.01364	0.77634	0.03075	0.01007	0.01253	0.01182	0.00935	0.01205	0.00871	0.01338	0.00677	0.00483	0.00466	0.00154	0.00606	0.02469	0.00215	0.03371
13	0.04936	0.03676	0.01343	0.01110	0.01227	0.07234	0.05371	0.03223	0.07280	0.02820	0.04210	0.05547	0.01025	0.00752	0.01033	0.00178	0.44556	0.01976	0.01965	0.00538
14	0.03731	0.03112	0.25281	0.03400	0.15525	0.01812	0.08572	0.02704	0.04945	0.03929	0.02745	0.06849	0.03860	0.02791	0.05503	0.00195	0.03650	0.00504	0.00276	0.00615
15	0.00879	0.00522	0.00581	0.00550	0.00708	0.00487	0.00422	0.02962	0.02580	0.10174	0.06360	0.07530	0.30010	0.00932	0.02379	0.00155	0.00285	0.02262	0.29753	0.00469
16	0.01169	0.15298	0.15642	0.09479	0.07996	0.09020	0.06333	0.04792	0.05252	0.05915	0.01097	0.06519	0.00945	0.01730	0.00470	0.00143	0.00565	0.02889	0.00282	0.04464
17	0.00973	0.08798	0.01521	0.01300	0.12585	0.03808	0.18559	0.02688	0.01073	0.03325	0.08896	0.09134	0.16640	0.02688	0.00613	0.00159	0.05714	0.00658	0.00323	0.00545

[dist]
# distance from previous block
# <min> <max>
1	16

[block]
# block no. 14 follows, 55 sequences, length 6
# corresponding to MSA columns:
# 814-819
name=unknown_O
#
# <colnr> <probs for GDERKNQSTAVLIFYWHMCP>
#	G	D	E	R	K	N	Q	S	T	A	V	L	I	F	Y	W	H	M	C	P
0	0.02904	0.02553	0.01295	0.15578	0.25453	0.07703	0.03663	0.01252	0.03401	0.01440	0.09032	0.07036	0.07395	0.00706	0.02700	0.00160	0.00507	0.00553	0.06106	0.00562
1	0.00636	0.00474	0.00599	0.00653	0.00741	0.00432	0.00474	0.00749	0.00935	0.01239	0.02612	0.47337	0.13051	0.06939	0.00697	0.00197	0.00310	0.13855	0.00408	0.07661
2	0.03482	0.00782	0.02942	0.05617	0.20196	0.00746	0.04695	0.01235	0.03745	0.08472	0.16067	0.08807	0.05856	0.05114	0.00603	0.00170	0.00418	0.07142	0.03354	0.00556
3	0.00813	0.00471	0.00740	0.05018	0.00829	0.00477	0.04292	0.00702	0.00674	0.00912	0.00936	0.04579	0.00932	0.05154	0.01611	0.67536	0.00425	0.00460	0.03181	0.00258
4	0.16576	0.04759	0.01017	0.06085	0.08153	0.02984	0.00706	0.03555	0.07634	0.05458	0.07209	0.06888	0.10546	0.00932	0.07367	0.00199	0.03964	0.01776	0.00344	0.03846
5	0.06299	0.01258	0.10343	0.02998	0.17857	0.11367	0.02915	0.09526	0.04455	0.04336	0.03257	0.03733	0.00940	0.00506	0.00427	0.00130	0.00512	0.00417	0.07566	0.11157

[dist]
# distance from previous block
# <min> <max>
4	9

[block]
# block no. 15 follows, 55 sequences, length 31
# corresponding to MSA columns:
# 829-859
name=unknown_P
#
