[name]
unknown

[dist]
# distance from previous block
# <min> <max>
0	183

[block]
# block no. 0 follows, 52 sequences, length 7
# corresponding to MSA columns:
# 576-582
name=unknown_A
#
# <colnr> <probs for GDERKNQSTAVLIFYWHMCP>
#	G	D	E	R	K	N	Q	S	T	A	V	L	I	F	Y	W	H	M	C	P
0	0.01200	0.00783	0.03690	0.00927	0.01151	0.00737	0.00810	0.06922	0.08412	0.18497	0.02213	0.03855	0.02114	0.01034	0.00594	0.00194	0.00449	0.45346	0.00478	0.00593
1	0.01740	0.01224	0.01526	0.01522	0.20333	0.01294	0.01024	0.47861	0.01855	0.14881	0.01221	0.01249	0.00870	0.00549	0.00484	0.00146	0.00524	0.00443	0.00444	0.00811
2	0.14245	0.00887	0.01340	0.63438	0.02817	0.01107	0.01198	0.01262	0.00930	0.01379	0.00816	0.01197	0.00626	0.00505	0.00534	0.00163	0.06387	0.00404	0.00228	0.00536
3	0.00692	0.00477	0.00555	0.00546	0.00584	0.00463	0.00338	0.00755	0.00891	0.01205	0.20552	0.03376	0.07511	0.57930	0.01887	0.00374	0.00397	0.00767	0.00362	0.00341
4	0.01834	0.01586	0.01435	0.01147	0.01502	0.20634	0.00925	0.59951	0.02061	0.02605	0.01064	0.01094	0.00776	0.00562	0.00473	0.00140	0.00615	0.00406	0.00428	0.00761
5	0.57912	0.01006	0.01070	0.01234	0.19988	0.01108	0.00785	0.05495	0.00992	0.05389	0.00810	0.00943	0.00627	0.00459	0.00361	0.00148	0.00433	0.00322	0.00308	0.00612
6	0.01672	0.00862	0.01056	0.00841	0.01152	0.00827	0.00683	0.20217	0.01570	0.40042	0.15520	0.02183	0.09733	0.00727	0.00510	0.00151	0.00393	0.00597	0.00545	0.00718

[dist]
# distance from previous block
# <min> <max>
0	11

[block]
# block no. 1 follows, 52 sequences, length 24
# corresponding to MSA columns:
# 594-617
name=unknown_B
#
# <colnr> <probs for GDERKNQSTAVLIFYWHMCP>
#	G	D	E	R	K	N	Q	S	T	A	V	L	I	F	Y	W	H	M	C	P
0	0.00861	0.00840	0.00742	0.00802	0.00879	0.18258	0.00558	0.00954	0.01026	0.01226	0.02245	0.64534	0.02633	0.01292	0.00578	0.00181	0.00412	0.01142	0.00405	0.00431
1	0.01031	0.01098	0.02279	0.01704	0.03670	0.01031	0.56701	0.01391	0.01192	0.01636	0.18473	0.01962	0.01657	0.00570	0.00573	0.00163	0.00669	0.03280	0.00316	0.00605
2	0.00607	0.00454	0.00564	0.00617	0.00696	0.00411	0.00432	0.00733	0.01068	0.01411	0.20264	0.46701	0.21609	0.01333	0.00597	0.00179	0.00261	0.01183	0.00468	0.00411
3	0.01187	0.01358	0.18680	0.01069	0.01445	0.01171	0.00992	0.02337	0.59081	0.04636	0.01726	0.01629	0.01278	0.00612	0.00486	0.00161	0.00458	0.00504	0.00433	0.00758
4	0.01374	0.40156	0.19438	0.01072	0.01508	0.21724	0.01072	0.04636	0.02580	0.01331	0.00779	0.00890	0.00644	0.00457	0.00386	0.00123	0.00650	0.00307	0.00234	0.00638
5	0.00587	0.00437	0.00546	0.00634	0.00692	0.00397	0.00432	0.00679	0.00967	0.01253	0.03167	0.65374	0.20164	0.01454	0.00608	0.00189	0.00273	0.01299	0.00450	0.00397
6	0.01238	0.63171	0.19771	0.00963	0.01440	0.03891	0.01045	0.01483	0.01004	0.01229	0.00719	0.00834	0.00620	0.00427	0.00347	0.00115	0.00572	0.00282	0.00208	0.00641
7	0.01274	0.65069	0.02413	0.01304	0.18681	0.01748	0.00975	0.01459	0.01011	0.01238	0.00726	0.00871	0.00654	0.00418	0.00348	0.00113	0.00531	0.00297	0.00215	0.00654
8	0.00814	0.00621	0.00847	0.01070	0.18124	0.00621	0.00558	0.00878	0.00793	0.01082	0.01391	0.02734	0.01542	0.64683	0.02026	0.00398	0.00493	0.00644	0.00282	0.00399
9	0.00847	0.00894	0.00686	0.00659	0.00841	0.18270	0.00494	0.00970	0.01164	0.01282	0.03987	0.03824	0.62219	0.01066	0.00543	0.00155	0.00385	0.00865	0.00406	0.00443
10	0.05586	0.19252	0.01396	0.00934	0.01240	0.01357	0.00768	0.02267	0.57765	0.01838	0.01618	0.01527	0.01240	0.00593	0.00443	0.00150	0.00413	0.00469	0.00420	0.00722
11	0.01049	0.00901	0.01025	0.00777	0.01173	0.00770	0.00617	0.01520	0.18301	0.01678	0.01107	0.01183	0.00886	0.00425	0.00389	0.00092	0.00364	0.00345	0.00333	0.67063
12	0.04312	0.01147	0.01225	0.00970	0.01269	0.01261	0.00769	0.58656	0.01883	0.02557	0.01228	0.01596	0.01022	0.18831	0.00918	0.00217	0.00514	0.00490	0.00436	0.00697
13	0.01116	0.01263	0.02745	0.01974	0.02441	0.01184	0.74307	0.01508	0.01133	0.01537	0.01065	0.05367	0.00859	0.00464	0.00574	0.00165	0.00790	0.00612	0.00255	0.00641
14	0.00972	0.02507	0.80458	0.01381	0.02097	0.01125	0.01790	0.01535	0.01023	0.01535	0.00870	0.01023	0.00614	0.00460	0.00460	0.00153	0.00716	0.00358	0.00205	0.00716
15	0.00903	0.00452	0.00452	0.00452	0.00565	0.00452	0.00339	0.01129	0.01016	0.01807	0.01581	0.01807	0.01242	0.00565	0.00339	0.00113	0.00226	0.00452	0.85659	0.00452
16	0.00580	0.00491	0.00501	0.00498	0.00659	0.00412	0.00374	0.00709	0.01121	0.01349	0.09555	0.04599	0.75079	0.01213	0.00573	0.00163	0.00244	0.01014	0.00455	0.00412
17	0.01199	0.01151	0.01967	0.02974	0.79946	0.01151	0.01487	0.01487	0.01103	0.01583	0.00912	0.01199	0.00768	0.00432	0.00480	0.00144	0.00576	0.00432	0.00240	0.00768
18	0.01005	0.00861	0.01005	0.00718	0.01148	0.00646	0.00574	0.01220	0.01005	0.01579	0.00861	0.01005	0.00718	0.00359	0.00359	0.00072	0.00359	0.00287	0.00287	0.85932
19	0.00650	0.00494	0.00598	0.00572	0.00702	0.00442	0.00429	0.00844	0.01286	0.01740	0.55776	0.03954	0.28614	0.01066	0.00572	0.00156	0.00234	0.00923	0.00507	0.00442
20	0.00937	0.01466	0.30154	0.01455	0.15923	0.00930	0.08824	0.01333	0.04084	0.01518	0.03326	0.02064	0.20445	0.00653	0.00501	0.00152	0.00544	0.00571	0.00297	0.04825
21	0.00627	0.00516	0.00551	0.00548	0.00708	0.00452	0.00421	0.02471	0.01144	0.01402	0.10430	0.04486	0.64969	0.01264	0.02657	0.00182	0.00291	0.06004	0.00452	0.00425
22	0.01075	0.12792	0.39694	0.01658	0.15591	0.01222	0.13927	0.01489	0.01049	0.01487	0.00911	0.02994	0.00725	0.00463	0.00463	0.00146	0.00662	0.00415	0.00226	0.03013
23	0.01276	0.01099	0.01790	0.02556	0.64373	0.01093	0.01330	0.04008	0.03358	0.08011	0.03919	0.01336	0.00963	0.00475	0.00482	0.00144	0.00539	0.00453	0.00296	0.02499

[dist]
# distance from previous block
# <min> <max>
0	3

[block]
# block no. 2 follows, 52 sequences, length 16
# corresponding to MSA columns:
# 621-636
name=unknown_C
#
# <colnr> <probs for GDERKNQSTAVLIFYWHMCP>
#	G	D	E	R	K	N	Q	S	T	A	V	L	I	F	Y	W	H	M	C	P
0	0.01443	0.01158	0.01262	0.08567	0.01526	0.04681	0.00868	0.35161	0.23515	0.03572	0.03531	0.01459	0.01113	0.00781	0.05447	0.00188	0.00546	0.00474	0.00433	0.04276
1	0.08599	0.06179	0.01780	0.05790	0.53918	0.01207	0.01269	0.08059	0.01170	0.03135	0.02270	0.01186	0.00808	0.00468	0.00478	0.00144	0.02127	0.00415	0.00274	0.00724
2	0.01191	0.01028	0.01089	0.00967	0.01252	0.01166	0.00754	0.02481	0.73627	0.01996	0.01895	0.01752	0.01426	0.00637	0.00484	0.00158	0.00382	0.00530	0.00479	0.06706
3	0.86392	0.00937	0.00712	0.00637	0.00937	0.01087	0.00525	0.01425	0.00825	0.02174	0.00675	0.00787	0.00525	0.00450	0.00300	0.00150	0.00375	0.00262	0.00300	0.00525
4	0.01992	0.01022	0.01235	0.00957	0.01330	0.01017	0.00788	0.28339	0.07202	0.48339	0.01660	0.01495	0.01091	0.00598	0.00487	0.00149	0.00452	0.00474	0.00553	0.00820
5	0.01179	0.01130	0.01929	0.08762	0.74322	0.01146	0.01477	0.01469	0.01094	0.01558	0.00908	0.01206	0.00759	0.00436	0.00480	0.00145	0.00581	0.00432	0.00238	0.00751
6	0.00573	0.00491	0.00491	0.00491	0.00655	0.00409	0.00368	0.00695	0.01105	0.01309	0.04909	0.04664	0.79750	0.01227	0.00573	0.00164	0.00245	0.01023	0.00450	0.00409
7	0.01225	0.01133	0.01804	0.04488	0.53795	0.01164	0.05972	0.08475	0.10440	0.01759	0.02761	0.01391	0.02379	0.00498	0.00491	0.00149	0.00552	0.00474	0.00301	0.00747
8	0.00578	0.00491	0.00499	0.00497	0.00658	0.00411	0.00372	0.00706	0.01117	0.01340	0.08529	0.04613	0.76111	0.01216	0.00573	0.00163	0.00245	0.01016	0.00454	0.00411
9	0.10389	0.01422	0.13211	0.01856	0.07009	0.01192	0.54605	0.01532	0.01090	0.01619	0.00928	0.01205	0.00698	0.00422	0.00521	0.00159	0.00740	0.00500	0.00245	0.00655
10	0.04103	0.20125	0.32390	0.01158	0.01637	0.02949	0.02663	0.17902	0.01262	0.01751	0.00915	0.03280	0.00734	0.00534	0.00516	0.00146	0.06588	0.00386	0.00277	0.00685
11	0.03514	0.70097	0.08177	0.00997	0.06148	0.01790	0.00932	0.01459	0.00991	0.01224	0.00703	0.00822	0.00628	0.00420	0.00332	0.00111	0.00533	0.00277	0.00212	0.00635
12	0.66903	0.06253	0.05747	0.00760	0.01087	0.09692	0.00665	0.01487	0.00905	0.01966	0.00695	0.00810	0.00547	0.00454	0.00325	0.00145	0.00458	0.00273	0.00283	0.00546
13	0.01302	0.00845	0.01025	0.00877	0.01116	0.00900	0.00700	0.22638	0.08539	0.15343	0.08559	0.04177	0.04214	0.01623	0.25461	0.00347	0.00692	0.00567	0.00438	0.00639
14	0.00896	0.06698	0.00958	0.00772	0.00930	0.00770	0.00604	0.05726	0.03137	0.03566	0.06095	0.01956	0.01383	0.13246	0.42309	0.00509	0.02527	0.00522	0.00308	0.07088
15	0.01071	0.10146	0.20718	0.00954	0.01299	0.00973	0.03066	0.07429	0.08329	0.07076	0.08944	0.05637	0.06629	0.10455	0.02780	0.00206	0.00513	0.02812	0.00359	0.00601

[dist]
# distance from previous block
# <min> <max>
5	33

[block]
# block no. 3 follows, 52 sequences, length 48
# corresponding to MSA columns:
# 670-717
name=unknown_D
#
# <colnr> <probs for GDERKNQSTAVLIFYWHMCP>
#	G	D	E	R	K	N	Q	S	T	A	V	L	I	F	Y	W	H	M	C	P
0	0.03346	0.01149	0.10880	0.01190	0.10737	0.02331	0.03671	0.13553	0.07391	0.07635	0.06833	0.05894	0.06868	0.01944	0.00510	0.00146	0.00468	0.00538	0.00377	0.14541
1	0.01096	0.01688	0.27950	0.03104	0.03582	0.02565	0.44436	0.01574	0.04004	0.01543	0.00965	0.01217	0.00718	0.00450	0.00555	0.00161	0.02990	0.00488	0.00240	0.00673
2	0.01170	0.01118	0.01893	0.09126	0.71139	0.01128	0.01444	0.01458	0.01089	0.01556	0.00906	0.01200	0.00756	0.00433	0.00476	0.00143	0.00574	0.00427	0.00240	0.03724
3	0.00590	0.00422	0.00562	0.00675	0.00703	0.00394	0.00450	0.00675	0.00928	0.01237	0.02671	0.82653	0.03205	0.01518	0.00619	0.00197	0.00281	0.01378	0.00450	0.00394
4	0.03092	0.01480	0.15611	0.01958	0.09009	0.01199	0.55553	0.01562	0.02698	0.01576	0.00969	0.01249	0.00728	0.00425	0.00538	0.00160	0.00761	0.00517	0.00244	0.00673
5	0.01170	0.01161	0.03899	0.09523	0.71584	0.01145	0.01483	0.01468	0.01090	0.01553	0.00906	0.01203	0.00754	0.00437	0.00480	0.00146	0.00585	0.00430	0.00237	0.00747
6	0.00686	0.00495	0.00648	0.00610	0.00724	0.00457	0.00457	0.00914	0.01372	0.01943	0.79691	0.03620	0.04572	0.00991	0.00572	0.00152	0.00229	0.00876	0.00533	0.00457
7	0.01037	0.09160	0.68467	0.01352	0.02024	0.01186	0.05113	0.01549	0.01034	0.03482	0.00884	0.01031	0.00635	0.00458	0.00454	0.00150	0.00697	0.00363	0.00217	0.00708
8	0.00573	0.00491	0.00491	0.00491	0.00655	0.00409	0.00368	0.00695	0.01105	0.01309	0.04909	0.04664	0.79750	0.01227	0.00573	0.00164	0.00245	0.01023	0.00450	0.00409
9	0.01341	0.01087	0.01156	0.01004	0.01300	0.01239	0.00791	0.15121	0.63934	0.04627	0.01836	0.01696	0.01362	0.00643	0.00492	0.00161	0.00409	0.00528	0.00495	0.00778
10	0.00590	0.00422	0.00562	0.00675	0.00703	0.00394	0.00450	0.00675	0.00928	0.01237	0.02671	0.82653	0.03205	0.01518	0.00619	0.00197	0.00281	0.01378	0.00450	0.00394
11	0.03517	0.01088	0.01361	0.01058	0.01426	0.08406	0.09217	0.09934	0.07115	0.49255	0.01606	0.01485	0.01065	0.00569	0.00488	0.00150	0.00509	0.00475	0.00503	0.00771
12	0.01296	0.83261	0.02539	0.00829	0.01244	0.01917	0.00829	0.01451	0.00985	0.01140	0.00674	0.00777	0.00622	0.00415	0.00311	0.00104	0.00518	0.00259	0.00207	0.00622
13	0.00903	0.00452	0.00452	0.00452	0.00565	0.00452	0.00339	0.01129	0.01016	0.01807	0.01581	0.01807	0.01242	0.00565	0.00339	0.00113	0.00226	0.00452	0.85659	0.00452
14	0.00590	0.00422	0.00562	0.00675	0.00703	0.00394	0.00450	0.00675	0.00928	0.01237	0.02671	0.82653	0.03205	0.01518	0.00619	0.00197	0.00281	0.01378	0.00450	0.00394
15	0.02174	0.00825	0.01125	0.00862	0.01237	0.00712	0.00712	0.02362	0.01387	0.80282	0.01912	0.01649	0.01200	0.00600	0.00487	0.00150	0.00412	0.00487	0.00600	0.00825
16	0.00903	0.00452	0.00452	0.00452	0.00565	0.00452	0.00339	0.01129	0.01016	0.01807	0.01581	0.01807	0.01242	0.00565	0.00339	0.00113	0.00226	0.00452	0.85659	0.00452
17	0.01842	0.01357	0.01454	0.01115	0.01503	0.01503	0.00921	0.78330	0.02278	0.03054	0.01163	0.01163	0.00824	0.00582	0.00485	0.00145	0.00533	0.00436	0.00485	0.00824
18	0.86392	0.00937	0.00712	0.00637	0.00937	0.01087	0.00525	0.01425	0.00825	0.02174	0.00675	0.00787	0.00525	0.00450	0.00300	0.00150	0.00375	0.00262	0.00300	0.00525
19	0.00903	0.00452	0.00452	0.00452	0.00565	0.00452	0.00339	0.01129	0.01016	0.01807	0.01581	0.01807	0.01242	0.00565	0.00339	0.00113	0.00226	0.00452	0.85659	0.00452
20	0.00573	0.00491	0.00491	0.00491	0.00655	0.00409	0.00368	0.00695	0.01105	0.01309	0.04909	0.04664	0.79750	0.01227	0.00573	0.00164	0.00245	0.01023	0.00450	0.00409
21	0.01205	0.01041	0.01096	0.00986	0.01260	0.01205	0.00767	0.02575	0.79071	0.02027	0.01972	0.01808	0.01479	0.00657	0.00493	0.00164	0.00384	0.00548	0.00493	0.00767
22	0.01828	0.01350	0.01446	0.01112	0.01497	0.01496	0.00918	0.76629	0.04003	0.03031	0.01182	0.01178	0.00839	0.00583	0.00485	0.00146	0.00530	0.00439	0.00485	0.00823
23	0.02174	0.00825	0.01125	0.00862	0.01237	0.00712	0.00712	0.02362	0.01387	0.80282	0.01912	0.01649	0.01200	0.00600	0.00487	0.00150	0.00412	0.00487	0.00600	0.00825
24	0.00972	0.02507	0.80458	0.01381	0.02097	0.01125	0.01790	0.01535	0.01023	0.01535	0.00870	0.01023	0.00614	0.00460	0.00460	0.00153	0.00716	0.00358	0.00205	0.00716
25	0.22342	0.01231	0.01247	0.00989	0.01347	0.01379	0.00813	0.53857	0.07787	0.02762	0.01106	0.01121	0.00801	0.00555	0.00440	0.00148	0.00483	0.00403	0.00440	0.00747
26	0.00683	0.00495	0.00643	0.00606	0.00722	0.00456	0.00455	0.00908	0.01364	0.01926	0.77640	0.03648	0.06634	0.00997	0.00572	0.00153	0.00229	0.00880	0.00531	0.00456
27	0.00590	0.00422	0.00562	0.00675	0.00703	0.00394	0.00450	0.00675	0.00928	0.01237	0.02671	0.82653	0.03205	0.01518	0.00619	0.00197	0.00281	0.01378	0.00450	0.00394
28	0.00637	0.00493	0.00580	0.00559	0.00694	0.00437	0.00419	0.00820	0.01257	0.01671	0.47579	0.04068	0.36854	0.01092	0.00572	0.00157	0.00236	0.00939	0.00498	0.00437
29	0.01332	0.03699	0.01208	0.01013	0.01307	0.04856	0.00800	0.14033	0.61478	0.02118	0.01754	0.01636	0.01315	0.00631	0.00484	0.00158	0.00432	0.00511	0.00472	0.00762
30	0.01141	0.01279	0.02738	0.04826	0.08943	0.01214	0.69255	0.01536	0.01135	0.01544	0.00971	0.01298	0.00735	0.00413	0.00561	0.00162	0.00791	0.00556	0.00244	0.00659
31	0.01144	0.01307	0.02859	0.02042	0.02533	0.01225	0.78186	0.01552	0.01144	0.01552	0.00980	0.01307	0.00735	0.00408	0.00572	0.00163	0.00817	0.00572	0.00245	0.00654
32	0.01802	0.01443	0.01406	0.01106	0.01466	0.11517	0.00901	0.65709	0.02116	0.02770	0.01127	0.01152	0.00815	0.00571	0.00473	0.00142	0.00565	0.00421	0.03723	0.00777
33	0.01108	0.01227	0.02574	0.04224	0.02350	0.01178	0.65619	0.01473	0.01094	0.01497	0.00980	0.01367	0.00773	0.04137	0.00697	0.00176	0.04823	0.00555	0.00246	0.03900
34	0.01005	0.06840	0.70656	0.01350	0.02024	0.01175	0.03627	0.01577	0.04528	0.01536	0.00911	0.01052	0.00656	0.00465	0.00456	0.00151	0.00693	0.00367	0.00219	0.00712
35	0.00984	0.05605	0.77469	0.01360	0.02065	0.01156	0.01754	0.01531	0.01022	0.01520	0.00862	0.01014	0.00614	0.00459	0.00455	0.00152	0.00709	0.00354	0.00205	0.00713
36	0.00627	0.00451	0.00598	0.00681	0.00737	0.00423	0.00484	0.00753	0.01031	0.01386	0.16203	0.58015	0.05934	0.01397	0.00614	0.00191	0.00288	0.09313	0.00464	0.00411
37	0.00665	0.00483	0.00622	0.00704	0.00761	0.00468	0.00495	0.03161	0.02538	0.01316	0.02607	0.63140	0.05950	0.04825	0.02728	0.00222	0.00338	0.08119	0.00440	0.00417
38	0.01024	0.00972	0.01649	0.51717	0.32577	0.01105	0.01400	0.01333	0.01020	0.01370	0.00880	0.01257	0.00692	0.00464	0.00483	0.00155	0.00619	0.00431	0.00225	0.00626
39	0.00672	0.00494	0.00622	0.00590	0.00706	0.00451	0.00438	0.00876	0.01306	0.01814	0.66244	0.03738	0.14436	0.04703	0.00657	0.00168	0.00242	0.00888	0.00512	0.00444
40	0.00675	0.00461	0.00545	0.00578	0.00594	0.00452	0.00353	0.00708	0.00787	0.01044	0.01941	0.23651	0.04089	0.57110	0.01881	0.00383	0.00415	0.03661	0.00343	0.00328
41	0.01294	0.11374	0.10769	0.12607	0.17726	0.11215	0.15872	0.09027	0.01223	0.03056	0.00908	0.01126	0.00706	0.00462	0.00471	0.00144	0.00670	0.00416	0.00262	0.00672
42	0.01099	0.12221	0.62892	0.01302	0.01950	0.01198	0.04253	0.01581	0.01047	0.06798	0.00920	0.01045	0.00659	0.00462	0.00448	0.00147	0.00675	0.00362	0.00233	0.00710
43	0.01493	0.01724	0.01629	0.07392	0.34685	0.41985	0.01196	0.01699	0.01232	0.01357	0.00825	0.01039	0.00686	0.00470	0.00458	0.00135	0.00733	0.00371	0.00243	0.00647
44	0.01155	0.01186	0.03320	0.05792	0.28888	0.13755	0.07789	0.02640	0.03864	0.02827	0.13686	0.05035	0.05388	0.00643	0.00509	0.00150	0.00556	0.01862	0.00327	0.00627
45	0.01412	0.04021	0.05924	0.01413	0.14283	0.10817	0.09799	0.08702	0.03861	0.17276	0.01385	0.04444	0.03451	0.02433	0.08377	0.00216	0.00650	0.00505	0.00358	0.00672
46	0.01019	0.00848	0.02533	0.02446	0.06862	0.02320	0.14684	0.01327	0.08858	0.09097	0.04291	0.29385	0.01893	0.07182	0.00755	0.00197	0.04529	0.00829	0.00384	0.00558
47	0.03303	0.09170	0.03272	0.04485	0.36505	0.04861	0.18313	0.01447	0.01088	0.01512	0.01076	0.01330	0.03524	0.00540	0.02334	0.00158	0.00621	0.00459	0.05335	0.00666

[dist]
# distance from previous block
# <min> <max>
0	5

[block]
# block no. 4 follows, 52 sequences, length 23
# corresponding to MSA columns:
# 723-745
name=unknown_E
#
# <colnr> <probs for GDERKNQSTAVLIFYWHMCP>
#	G	D	E	R	K	N	Q	S	T	A	V	L	I	F	Y	W	H	M	C	P
0	0.09587	0.06288	0.08740	0.02887	0.01317	0.14534	0.01799	0.16897	0.06077	0.01834	0.09250	0.03557	0.07644	0.00703	0.00517	0.03032	0.00521	0.02694	0.00363	0.01758
1	0.04928	0.13481	0.23439	0.05183	0.05539	0.09266	0.06099	0.07869	0.09862	0.03611	0.01125	0.01227	0.03158	0.00510	0.00446	0.00143	0.00602	0.00405	0.00293	0.02816
2	0.02969	0.13793	0.17844	0.03285	0.06239	0.12149	0.10379	0.05603	0.04480	0.03331	0.01150	0.04775	0.02561	0.00610	0.02245	0.00156	0.00619	0.00451	0.06729	0.00631
3	0.01273	0.00808	0.00956	0.02093	0.01082	0.00818	0.00644	0.15611	0.10255	0.18527	0.20085	0.04092	0.14234	0.02161	0.00579	0.00160	0.02419	0.00673	0.01577	0.01953
4	0.01201	0.01114	0.01751	0.13453	0.40557	0.02843	0.08281	0.10596	0.04537	0.01702	0.01185	0.01608	0.02679	0.00546	0.00504	0.00155	0.00585	0.05710	0.00296	0.00697
5	0.00788	0.00622	0.00767	0.00792	0.02650	0.00670	0.00554	0.01152	0.17125	0.01380	0.05999	0.28195	0.06437	0.15456	0.11494	0.00309	0.03866	0.00872	0.00397	0.00477
6	0.00587	0.00491	0.00510	0.00505	0.00663	0.00415	0.00379	0.00722	0.01137	0.01386	0.14022	0.04537	0.70589	0.01198	0.00573	0.00162	0.00243	0.01005	0.00460	0.00415
7	0.00665	0.00495	0.00619	0.00588	0.00711	0.00448	0.00441	0.00874	0.01323	0.01827	0.65971	0.03811	0.18365	0.01034	0.00572	0.00154	0.00232	0.00903	0.00518	0.00448
8	0.00669	0.00485	0.00596	0.00580	0.00671	0.00450	0.00409	0.00825	0.01164	0.01597	0.47946	0.08524	0.14052	0.18771	0.00984	0.00225	0.00286	0.00890	0.00465	0.00411
9	0.01664	0.01269	0.01354	0.01079	0.01435	0.01419	0.00878	0.57089	0.23811	0.02766	0.01390	0.01344	0.01008	0.00603	0.00487	0.00151	0.00491	0.00468	0.00487	0.00808
10	0.00619	0.00459	0.00579	0.00628	0.00708	0.00419	0.00446	0.00755	0.01091	0.01456	0.24932	0.44025	0.17536	0.01311	0.00598	0.00179	0.00264	0.03106	0.00474	0.00416
11	0.01879	0.01298	0.01418	0.01087	0.01473	0.01415	0.00898	0.69909	0.02180	0.11616	0.01246	0.01217	0.00866	0.00584	0.00485	0.00146	0.00520	0.00442	0.00498	0.00824
12	0.00822	0.00728	0.01125	0.00913	0.01162	0.00653	0.15644	0.01091	0.03426	0.01642	0.28689	0.05983	0.16739	0.00848	0.00542	0.00149	0.00385	0.04809	0.00413	0.14235
13	0.01144	0.01307	0.02859	0.02042	0.02533	0.01225	0.78186	0.01552	0.01144	0.01552	0.00980	0.01307	0.00735	0.00408	0.00572	0.00163	0.00817	0.00572	0.00245	0.00654
14	0.01182	0.00895	0.01051	0.00762	0.01184	0.00718	0.00614	0.07192	0.01139	0.09353	0.00987	0.01080	0.00773	0.00399	0.00381	0.00085	0.00377	0.00318	0.00333	0.71177
15	0.00704	0.00516	0.00612	0.00595	0.00733	0.00468	0.00443	0.00915	0.04030	0.04406	0.36962	0.13186	0.32412	0.01116	0.00572	0.00162	0.00253	0.00965	0.00493	0.00456
16	0.00592	0.00428	0.00561	0.00661	0.00701	0.00397	0.00445	0.00683	0.00952	0.01263	0.05160	0.75435	0.07963	0.01484	0.00614	0.00193	0.00277	0.01340	0.00452	0.00397
17	0.01842	0.01357	0.01454	0.01115	0.01503	0.01503	0.00921	0.78330	0.02278	0.03054	0.01163	0.01163	0.00824	0.00582	0.00485	0.00145	0.00533	0.00436	0.00485	0.00824
18	0.00593	0.00433	0.00560	0.00660	0.00705	0.00400	0.00449	0.00686	0.00953	0.01251	0.02921	0.71866	0.11842	0.01481	0.00615	0.00194	0.00281	0.03265	0.00450	0.00397
19	0.05540	0.00857	0.01125	0.00866	0.01239	0.00769	0.00716	0.06305	0.01411	0.73097	0.01823	0.01589	0.01153	0.00593	0.00480	0.00150	0.00417	0.00476	0.00582	0.00813
20	0.01167	0.01256	0.18187	0.03336	0.10691	0.00972	0.14262	0.02665	0.01115	0.14113	0.06322	0.04735	0.05923	0.00805	0.05153	0.00196	0.07569	0.00553	0.00332	0.00647
21	0.01022	0.00961	0.01561	0.52802	0.20712	0.01139	0.01327	0.03023	0.03784	0.01380	0.00902	0.01268	0.00707	0.00509	0.00569	0.00161	0.06897	0.00435	0.00236	0.00605
22	0.00701	0.00512	0.00742	0.00742	0.00820	0.00587	0.00565	0.00858	0.00779	0.01129	0.01331	0.02031	0.01269	0.11721	0.70221	0.00725	0.01176	0.00536	0.03136	0.00419

[dist]
# distance from previous block
# <min> <max>
0	1

[block]
# block no. 5 follows, 52 sequences, length 47
# corresponding to MSA columns:
# 747-793
name=unknown_F
#
# <colnr> <probs for GDERKNQSTAVLIFYWHMCP>
#	G	D	E	R	K	N	Q	S	T	A	V	L	I	F	Y	W	H	M	C	P
0	0.16079	0.08928	0.13324	0.03046	0.14048	0.19683	0.03429	0.08931	0.01220	0.05771	0.00883	0.01014	0.00681	0.00477	0.00425	0.00140	0.00622	0.00356	0.00286	0.00658
1	0.00615	0.00446	0.00585	0.00689	0.00730	0.00424	0.00471	0.00743	0.03151	0.01270	0.02695	0.75435	0.04805	0.01480	0.00616	0.00196	0.00290	0.04500	0.00451	0.00407
2	0.03743	0.09709	0.11502	0.01211	0.06243	0.10787	0.03211	0.22057	0.17155	0.03730	0.01159	0.01202	0.00875	0.00527	0.00451	0.00141	0.00560	0.00409	0.00361	0.04967
3	0.00984	0.00811	0.00970	0.00729	0.01086	0.00659	0.00582	0.01192	0.01054	0.03705	0.11618	0.01481	0.03483	0.00501	0.00461	0.00095	0.04590	0.00400	0.00329	0.65271
4	0.03081	0.07341	0.57264	0.01314	0.01915	0.11354	0.04084	0.01626	0.03772	0.02623	0.00894	0.01029	0.00656	0.00469	0.00450	0.00147	0.00704	0.00359	0.00230	0.00688
5	0.01165	0.16067	0.32298	0.01590	0.09775	0.04416	0.20451	0.04816	0.01118	0.01522	0.00872	0.01069	0.00670	0.00449	0.00479	0.00146	0.01774	0.00404	0.00232	0.00686
6	0.01528	0.00795	0.00963	0.00813	0.01088	0.00789	0.00646	0.02071	0.24286	0.36743	0.09208	0.04196	0.01662	0.00675	0.00480	0.00151	0.00357	0.00562	0.12279	0.00710
7	0.01424	0.00718	0.00909	0.00783	0.01020	0.00682	0.00605	0.01775	0.13559	0.37042	0.13958	0.13155	0.03984	0.07284	0.00677	0.00184	0.00362	0.00707	0.00525	0.00649
8	0.06056	0.01160	0.10619	0.17328	0.11280	0.04423	0.03257	0.07158	0.03239	0.12861	0.01270	0.09328	0.01071	0.00641	0.00549	0.00160	0.05169	0.02081	0.01710	0.00641
9	0.01101	0.01044	0.01703	0.18916	0.45341	0.01172	0.01326	0.01358	0.01001	0.01439	0.00875	0.01217	0.00737	0.00530	0.00692	0.00160	0.16491	0.00431	0.03807	0.00660
10	0.00597	0.00427	0.00562	0.00664	0.00696	0.00399	0.00443	0.00683	0.00935	0.01246	0.04755	0.76046	0.04583	0.04617	0.00687	0.00205	0.00286	0.01332	0.00446	0.00392
11	0.01722	0.00926	0.01103	0.00882	0.01201	0.00931	0.00716	0.22478	0.10260	0.36370	0.08840	0.01733	0.01444	0.00634	0.00481	0.00147	0.00407	0.00513	0.08460	0.00750
12	0.75045	0.00947	0.00808	0.00710	0.01009	0.01090	0.02809	0.01511	0.07273	0.02121	0.00804	0.00911	0.00624	0.00535	0.02069	0.00165	0.00408	0.00300	0.00313	0.00547
13	0.00698	0.00518	0.00743	0.00743	0.00811	0.00593	0.00557	0.00837	0.00772	0.01100	0.01380	0.05480	0.01375	0.16733	0.62890	0.00691	0.02815	0.00584	0.00272	0.00410
14	0.00692	0.00466	0.00542	0.00561	0.00568	0.00463	0.00332	0.00711	0.00749	0.00997	0.01717	0.13957	0.01992	0.69172	0.02155	0.00424	0.00444	0.03425	0.00320	0.00312
15	0.01076	0.01010	0.01719	0.17426	0.52353	0.01059	0.03264	0.01358	0.01037	0.01463	0.00963	0.01318	0.00808	0.00848	0.10655	0.00227	0.00681	0.00446	0.01614	0.00674
16	0.03215	0.01212	0.03992	0.14399	0.13576	0.02536	0.15756	0.26255	0.01441	0.01967	0.01069	0.03295	0.00865	0.00565	0.00566	0.00159	0.05179	0.02940	0.00327	0.00685
17	0.00600	0.00431	0.00572	0.00676	0.00714	0.00402	0.00460	0.00696	0.00954	0.01270	0.05283	0.75258	0.05086	0.01487	0.00618	0.00196	0.00285	0.04162	0.00452	0.00398
18	0.86392	0.00937	0.00712	0.00637	0.00937	0.01087	0.00525	0.01425	0.00825	0.02174	0.00675	0.00787	0.00525	0.00450	0.00300	0.00150	0.00375	0.00262	0.00300	0.00525
19	0.03976	0.00777	0.01042	0.00818	0.01152	0.00682	0.00669	0.02119	0.01371	0.66484	0.13714	0.01928	0.01696	0.00656	0.00496	0.00150	0.00384	0.00541	0.00582	0.00762
20	0.01289	0.81061	0.02511	0.00841	0.01245	0.01906	0.00835	0.01443	0.00978	0.01141	0.00673	0.00785	0.00622	0.00426	0.00345	0.00107	0.02701	0.00264	0.00207	0.00619
21	0.00839	0.00576	0.00765	0.00831	0.04171	0.00565	0.00605	0.03055	0.03096	0.07624	0.04599	0.29648	0.13860	0.01559	0.11822	0.00269	0.00479	0.14727	0.00430	0.00484
22	0.00678	0.00495	0.00637	0.00602	0.00719	0.00454	0.00451	0.00900	0.01354	0.01901	0.74667	0.03690	0.09623	0.01007	0.00572	0.00153	0.00230	0.00886	0.00528	0.00454
23	0.00613	0.00441	0.00581	0.00655	0.00707	0.00409	0.00450	0.00732	0.01037	0.01406	0.20989	0.62200	0.05205	0.01387	0.00606	0.00186	0.00268	0.01251	0.00470	0.00409
24	0.01292	0.63950	0.09336	0.00906	0.01321	0.08061	0.00907	0.01529	0.03949	0.01233	0.00774	0.00877	0.00672	0.00439	0.00342	0.00112	0.00550	0.00289	0.02834	0.00626
25	0.00868	0.00661	0.00819	0.00859	0.01013	0.00693	0.00719	0.01357	0.19639	0.01616	0.06550	0.04324	0.07383	0.01125	0.00605	0.00198	0.00400	0.47237	0.03412	0.00521
26	0.09197	0.01108	0.01273	0.03326	0.18078	0.04684	0.00916	0.08050	0.40072	0.03043	0.01467	0.01477	0.01118	0.00569	0.00464	0.00153	0.00458	0.00470	0.03353	0.00724
27	0.00724	0.00517	0.00620	0.00598	0.00739	0.00465	0.00449	0.00925	0.03008	0.05529	0.39249	0.10972	0.31136	0.01101	0.00572	0.00162	0.00255	0.02023	0.00497	0.00459
28	0.05078	0.00846	0.01121	0.00863	0.01236	0.00752	0.00713	0.04857	0.01397	0.75009	0.01844	0.01603	0.01164	0.00594	0.00481	0.00150	0.00415	0.00478	0.00586	0.00814
29	0.01154	0.44973	0.30551	0.01092	0.01578	0.01579	0.02631	0.01457	0.00979	0.01293	0.00747	0.00902	0.00622	0.00471	0.00489	0.00133	0.08179	0.00316	0.00207	0.00648
30	0.01275	0.78954	0.02431	0.00810	0.01208	0.01841	0.00804	0.01434	0.00986	0.01175	0.00721	0.00831	0.00654	0.00422	0.00312	0.00104	0.00503	0.00269	0.04652	0.00613
31	0.00644	0.00447	0.00550	0.00610	0.00631	0.00431	0.00386	0.00695	0.00839	0.01113	0.02231	0.44108	0.04722	0.37192	0.01428	0.00316	0.00366	0.02561	0.00381	0.00351
32	0.01926	0.00961	0.01178	0.00914	0.01267	0.00939	0.00751	0.26495	0.01662	0.47832	0.07501	0.01646	0.01334	0.00623	0.00489	0.00148	0.00433	0.00499	0.02615	0.00788
33	0.00593	0.00424	0.00565	0.00673	0.00703	0.00395	0.00450	0.00682	0.00940	0.01257	0.04842	0.80425	0.03244	0.01503	0.00617	0.00196	0.00280	0.01364	0.00452	0.00395
34	0.00629	0.00475	0.00625	0.00746	0.03959	0.00440	0.00497	0.00745	0.01004	0.01321	0.07990	0.56921	0.16035	0.01381	0.00605	0.00188	0.00293	0.05283	0.00447	0.00419
35	0.00976	0.02476	0.78503	0.01398	0.02108	0.01128	0.03716	0.01535	0.01026	0.01535	0.00872	0.01030	0.00617	0.00459	0.00463	0.00154	0.00719	0.00363	0.00206	0.00715
36	0.01646	0.00987	0.01098	0.00884	0.01189	0.02767	0.00714	0.33936	0.02914	0.24038	0.01678	0.05794	0.04363	0.00658	0.00470	0.00144	0.00427	0.00525	0.15053	0.00715
37	0.03227	0.01184	0.08627	0.19416	0.02276	0.01064	0.30394	0.04825	0.01195	0.21141	0.01177	0.01347	0.00820	0.00485	0.00512	0.00158	0.00648	0.00489	0.00334	0.00680
38	0.01310	0.01556	0.07029	0.09638	0.28552	0.24999	0.13299	0.01578	0.01156	0.01396	0.00892	0.01199	0.00739	0.03912	0.00564	0.00157	0.00714	0.00424	0.00241	0.00643
39	0.00972	0.02507	0.80458	0.01381	0.02097	0.01125	0.01790	0.01535	0.01023	0.01535	0.00870	0.01023	0.00614	0.00460	0.00460	0.00153	0.00716	0.00358	0.00205	0.00716
40	0.00705	0.00470	0.00529	0.00529	0.00529	0.00470	0.00294	0.00705	0.00705	0.00940	0.01527	0.03171	0.01762	0.82969	0.02467	0.00470	0.00470	0.00705	0.00294	0.00294
41	0.00646	0.00492	0.00597	0.00606	0.00720	0.00449	0.00447	0.00837	0.02961	0.01584	0.36014	0.21197	0.26795	0.01181	0.00584	0.00168	0.00256	0.03544	0.00486	0.00436
42	0.01021	0.08220	0.49481	0.12539	0.03975	0.01196	0.13908	0.01489	0.01034	0.01468	0.00872	0.01091	0.00642	0.00451	0.00471	0.00152	0.00705	0.00396	0.00214	0.00676
43	0.00927	0.00873	0.01475	0.78575	0.06476	0.01080	0.01352	0.01248	0.00975	0.01252	0.00863	0.01288	0.00651	0.00482	0.00484	0.00161	0.00643	0.00431	0.00216	0.00548
44	0.00701	0.00515	0.00721	0.00719	0.00779	0.00582	0.00527	0.00824	0.00762	0.01079	0.01382	0.04415	0.01401	0.24841	0.56030	0.00668	0.02794	0.00590	0.00273	0.00396
45	0.01094	0.01104	0.01768	0.32368	0.24042	0.06486	0.13443	0.02449	0.01065	0.01402	0.00973	0.05458	0.00827	0.00533	0.00559	0.00159	0.04913	0.00494	0.00245	0.00618
46	0.01589	0.18330	0.07085	0.00998	0.01362	0.13201	0.00880	0.16102	0.10126	0.18468	0.02422	0.01427	0.03123	0.00578	0.00449	0.00140	0.00538	0.02080	0.00397	0.00705

[dist]
# distance from previous block
# <min> <max>
0	14

[block]
# block no. 6 follows, 52 sequences, length 7
# corresponding to MSA columns:
# 808-814
name=unknown_G
#
# <colnr> <probs for GDERKNQSTAVLIFYWHMCP>
#	G	D	E	R	K	N	Q	S	T	A	V	L	I	F	Y	W	H	M	C	P
0	0.12985	0.05274	0.06359	0.01135	0.06038	0.00978	0.13707	0.06442	0.03648	0.03147	0.17793	0.03787	0.04425	0.00688	0.01909	0.00159	0.03089	0.00551	0.00354	0.07531
1	0.09098	0.00489	0.00579	0.00655	0.00728	0.00475	0.00457	0.00769	0.00935	0.01334	0.02655	0.58783	0.11051	0.05111	0.00669	0.00202	0.00303	0.04871	0.00428	0.00406
2	0.01025	0.00879	0.01014	0.00744	0.01159	0.00701	0.00593	0.01354	0.08696	0.01623	0.00971	0.01084	0.00793	0.00388	0.00372	0.00081	0.00361	0.00313	0.00307	0.77541
3	0.00727	0.00519	0.00719	0.00830	0.00918	0.00511	0.00687	0.00910	0.01062	0.01390	0.02596	0.27449	0.02907	0.01390	0.00655	0.00216	0.00399	0.55237	0.00447	0.00431
4	0.00842	0.00785	0.00718	0.00771	0.00840	0.15393	0.00533	0.00928	0.00988	0.01196	0.02149	0.52826	0.02505	0.12717	0.00846	0.00223	0.00425	0.04512	0.00391	0.00413
5	0.01622	0.00970	0.01135	0.00917	0.01230	0.01002	0.00741	0.26187	0.15363	0.27475	0.16137	0.01890	0.01757	0.00677	0.00503	0.00152	0.00411	0.00554	0.00532	0.00746
6	0.01904	0.01258	0.01393	0.01068	0.01453	0.01356	0.00882	0.64216	0.02113	0.17403	0.01303	0.01254	0.00894	0.00585	0.00485	0.00146	0.00511	0.00446	0.00506	0.00824

[dist]
# distance from previous block
# <min> <max>
0	3

[block]
# block no. 7 follows, 52 sequences, length 39
# corresponding to MSA columns:
# 818-821,844-869,880-888
name=unknown_H
#
# <colnr> <probs for GDERKNQSTAVLIFYWHMCP>
#	G	D	E	R	K	N	Q	S	T	A	V	L	I	F	Y	W	H	M	C	P
0	0.01761	0.01306	0.04101	0.01072	0.01456	0.01368	0.00905	0.64018	0.04205	0.08930	0.01410	0.01379	0.04579	0.00611	0.00489	0.00147	0.00512	0.00468	0.00483	0.00799
1	0.00888	0.00454	0.00454	0.00454	0.00569	0.00450	0.00340	0.01109	0.01020	0.01783	0.01738	0.01941	0.04938	0.00596	0.00350	0.00115	0.00227	0.00479	0.81648	0.00450
2	0.00985	0.00841	0.00984	0.00716	0.01127	0.00634	0.00568	0.01195	0.01001	0.01563	0.00947	0.04848	0.00835	0.00413	0.00371	0.00078	0.00355	0.00338	0.00295	0.81905
3	0.86392	0.00937	0.00712	0.00637	0.00937	0.01087	0.00525	0.01425	0.00825	0.02174	0.00675	0.00787	0.00525	0.00450	0.00300	0.00150	0.00375	0.00262	0.00300	0.00525
4	0.00842	0.00421	0.00631	0.00631	0.00631	0.00421	0.00421	0.00631	0.00631	0.00842	0.00842	0.01473	0.00842	0.01684	0.01894	0.85901	0.00421	0.00421	0.00210	0.00210
5	0.00677	0.00495	0.00636	0.00601	0.00719	0.00454	0.00451	0.00898	0.01352	0.01896	0.74154	0.03697	0.10138	0.01008	0.00572	0.00153	0.00230	0.00887	0.00527	0.00454
6	0.00903	0.00452	0.00452	0.00452	0.00565	0.00452	0.00339	0.01129	0.01016	0.01807	0.01581	0.01807	0.01242	0.00565	0.00339	0.00113	0.00226	0.00452	0.85659	0.00452
7	0.00692	0.00519	0.00779	0.00779	0.00865	0.00606	0.00606	0.00865	0.00779	0.01125	0.01298	0.01904	0.01211	0.03634	0.81049	0.00779	0.01298	0.00519	0.00260	0.00433
8	0.02174	0.00825	0.01125	0.00862	0.01237	0.00712	0.00712	0.02362	0.01387	0.80282	0.01912	0.01649	0.01200	0.00600	0.00487	0.00150	0.00412	0.00487	0.00600	0.00825
9	0.00972	0.02507	0.80458	0.01381	0.02097	0.01125	0.01790	0.01535	0.01023	0.01535	0.00870	0.01023	0.00614	0.00460	0.00460	0.00153	0.00716	0.00358	0.00205	0.00716
10	0.01199	0.01151	0.01967	0.02974	0.79946	0.01151	0.01487	0.01487	0.01103	0.01583	0.00912	0.01199	0.00768	0.00432	0.00480	0.00144	0.00576	0.00432	0.00240	0.00768
11	0.01292	0.01063	0.01129	0.00994	0.01282	0.01218	0.00779	0.09461	0.69787	0.04434	0.01897	0.01745	0.01411	0.00649	0.00492	0.00162	0.00398	0.00536	0.00495	0.00774
12	0.01060	0.01060	0.01484	0.01272	0.01272	0.01484	0.01060	0.01166	0.00742	0.01166	0.00636	0.01060	0.00636	0.00848	0.01590	0.00212	0.82082	0.00424	0.00212	0.00530
13	0.86392	0.00937	0.00712	0.00637	0.00937	0.01087	0.00525	0.01425	0.00825	0.02174	0.00675	0.00787	0.00525	0.00450	0.00300	0.00150	0.00375	0.00262	0.00300	0.00525
14	0.01738	0.05276	0.04177	0.01217	0.02892	0.46660	0.00961	0.25188	0.04270	0.01801	0.00921	0.01001	0.00716	0.00524	0.00450	0.00133	0.00728	0.00360	0.00326	0.00660
15	0.00692	0.00475	0.00579	0.00589	0.00608	0.00489	0.00367	0.00732	0.00739	0.01002	0.01587	0.10154	0.01789	0.60533	0.17190	0.00504	0.00610	0.00731	0.00301	0.00329
16	0.00579	0.00488	0.00501	0.00504	0.00660	0.00411	0.00376	0.00705	0.01110	0.01337	0.08467	0.07805	0.72948	0.01228	0.00575	0.00164	0.00246	0.01030	0.00454	0.00411
17	0.00590	0.00425	0.00559	0.00667	0.00701	0.00394	0.00446	0.00676	0.00935	0.01240	0.02763	0.79460	0.06339	0.01506	0.00617	0.00195	0.00280	0.01363	0.00450	0.00394
18	0.01005	0.00861	0.01005	0.00718	0.01148	0.00646	0.00574	0.01220	0.01005	0.01579	0.00861	0.01005	0.00718	0.00359	0.00359	0.00072	0.00359	0.00287	0.00287	0.85932
19	0.00779	0.00640	0.00831	0.00811	0.00895	0.04668	0.00626	0.00935	0.00808	0.01137	0.01248	0.01873	0.01179	0.08169	0.64769	0.00672	0.06558	0.00512	0.02451	0.00437
20	0.00579	0.00488	0.00502	0.00505	0.00660	0.00411	0.00376	0.00705	0.01109	0.01337	0.08459	0.08268	0.72488	0.01229	0.00575	0.00165	0.00246	0.01032	0.00454	0.00411
21	0.04822	0.01249	0.01371	0.01054	0.01437	0.01350	0.00871	0.62325	0.02072	0.16593	0.01278	0.01236	0.00880	0.00580	0.00479	0.00146	0.00507	0.00439	0.00499	0.00814
22	0.01172	0.00974	0.01039	0.03696	0.01228	0.03851	0.00726	0.11509	0.42650	0.03347	0.17817	0.02200	0.06228	0.00735	0.00510	0.00158	0.00390	0.00614	0.00482	0.00677
23	0.01172	0.01002	0.01062	0.00954	0.01218	0.01147	0.00742	0.03991	0.70955	0.02026	0.06726	0.01972	0.03494	0.00689	0.00500	0.00163	0.00374	0.00577	0.00494	0.00741
24	0.01131	0.01082	0.01844	0.21931	0.61523	0.01133	0.01453	0.01427	0.01071	0.01500	0.00899	0.01222	0.00738	0.00444	0.00481	0.00148	0.00593	0.00432	0.00234	0.00712
25	0.01842	0.01357	0.01454	0.01115	0.01503	0.01503	0.00921	0.78330	0.02278	0.03054	0.01163	0.01163	0.00824	0.00582	0.00485	0.00145	0.00533	0.00436	0.00485	0.00824
26	0.01107	0.00890	0.01037	0.00748	0.01174	0.00701	0.00601	0.05951	0.01099	0.05131	0.00926	0.01043	0.00745	0.00383	0.00372	0.00080	0.00372	0.00305	0.00313	0.77021
27	0.01144	0.01307	0.02859	0.02042	0.02533	0.01225	0.78186	0.01552	0.01144	0.01552	0.00980	0.01307	0.00735	0.00408	0.00572	0.00163	0.00817	0.00572	0.00245	0.00654
28	0.01144	0.01307	0.02859	0.02042	0.02533	0.01225	0.78186	0.01552	0.01144	0.01552	0.00980	0.01307	0.00735	0.00408	0.00572	0.00163	0.00817	0.00572	0.00245	0.00654
29	0.00586	0.00491	0.00509	0.00505	0.00663	0.00415	0.00378	0.00721	0.01135	0.01382	0.13521	0.04544	0.71093	0.01200	0.00573	0.00162	0.00244	0.01006	0.00460	0.00415
30	0.00784	0.00575	0.00826	0.00910	0.01033	0.00571	0.02791	0.01009	0.01116	0.01449	0.02596	0.05333	0.05082	0.01311	0.00664	0.00220	0.00450	0.72388	0.00441	0.00451
31	0.86392	0.00937	0.00712	0.00637	0.00937	0.01087	0.00525	0.01425	0.00825	0.02174	0.00675	0.00787	0.00525	0.00450	0.00300	0.00150	0.00375	0.00262	0.00300	0.00525
32	0.01532	0.01114	0.01226	0.00980	0.01296	0.01208	0.00798	0.52389	0.07046	0.05101	0.17008	0.01870	0.03325	0.00698	0.00508	0.00150	0.00451	0.02071	0.00497	0.00731
33	0.00590	0.00425	0.00559	0.00667	0.00701	0.00394	0.00446	0.00676	0.00936	0.01240	0.02769	0.79222	0.06572	0.01505	0.00617	0.00195	0.00280	0.01362	0.00450	0.00394
34	0.00693	0.00500	0.00624	0.00592	0.00720	0.00451	0.00444	0.00895	0.01305	0.03559	0.60335	0.05823	0.20169	0.01045	0.00571	0.00156	0.00238	0.00911	0.00515	0.00454
35	0.01199	0.01151	0.01967	0.02974	0.79946	0.01151	0.01487	0.01487	0.01103	0.01583	0.00912	0.01199	0.00768	0.00432	0.00480	0.00144	0.00576	0.00432	0.00240	0.00768
36	0.03675	0.01063	0.03053	0.05553	0.03081	0.04876	0.33101	0.01378	0.05714	0.01415	0.01095	0.01469	0.00907	0.01467	0.25858	0.00356	0.04589	0.00512	0.00263	0.00574
37	0.00890	0.00783	0.03435	0.02233	0.00985	0.03294	0.00717	0.00942	0.00761	0.01071	0.01044	0.03574	0.01070	0.15449	0.15734	0.18793	0.26675	0.01900	0.00245	0.00406
38	0.00617	0.00441	0.00586	0.00669	0.00713	0.00416	0.00459	0.00726	0.00985	0.01331	0.13699	0.63742	0.03283	0.04627	0.02723	0.00216	0.00312	0.03602	0.00451	0.00402

[dist]
# distance from previous block
# <min> <max>
2	7

[block]
# block no. 8 follows, 52 sequences, length 28
# corresponding to MSA columns:
# 931-941,947-963
name=unknown_I
#
# <colnr> <probs for GDERKNQSTAVLIFYWHMCP>
#	G	D	E	R	K	N	Q	S	T	A	V	L	I	F	Y	W	H	M	C	P
0	0.08545	0.09026	0.01231	0.00890	0.05164	0.00927	0.00688	0.08102	0.02907	0.08977	0.00978	0.01065	0.00765	0.00424	0.00381	0.00101	0.00407	0.00327	0.00329	0.48765
1	0.10051	0.09879	0.32557	0.09000	0.06921	0.03566	0.05168	0.06864	0.01122	0.06424	0.00975	0.03662	0.00758	0.00504	0.00446	0.00149	0.00610	0.00405	0.00273	0.00669
2	0.01213	0.01303	0.09803	0.12006	0.10715	0.05173	0.24547	0.08891	0.01199	0.05236	0.01047	0.04894	0.00845	0.00523	0.00553	0.00153	0.04354	0.00496	0.00287	0.06760
3	0.00605	0.00488	0.00539	0.00535	0.00677	0.00421	0.00398	0.00754	0.01167	0.01479	0.25368	0.09303	0.54204	0.01181	0.00575	0.00163	0.00243	0.01005	0.00473	0.00421
4	0.00692	0.00519	0.00779	0.00779	0.00865	0.00606	0.00606	0.00865	0.00779	0.01125	0.01298	0.01904	0.01211	0.03634	0.81049	0.00779	0.01298	0.00519	0.00260	0.00433
5	0.01060	0.01060	0.01484	0.01272	0.01272	0.01484	0.01060	0.01166	0.00742	0.01166	0.00636	0.01060	0.00636	0.00848	0.01590	0.00212	0.82082	0.00424	0.00212	0.00530
6	0.00727	0.00507	0.00637	0.00600	0.00733	0.00457	0.00451	0.00929	0.01309	0.05219	0.59935	0.06089	0.18525	0.01034	0.00570	0.00156	0.00241	0.00902	0.00518	0.00462
7	0.01249	0.01063	0.01120	0.00995	0.01277	0.01226	0.00778	0.07757	0.73817	0.02097	0.01917	0.01764	0.01434	0.00652	0.00493	0.00163	0.00394	0.00540	0.00493	0.00771
8	0.00645	0.00467	0.00602	0.00623	0.00704	0.00432	0.00443	0.00805	0.01166	0.01606	0.43809	0.32676	0.08467	0.04476	0.00665	0.00182	0.00259	0.01062	0.00488	0.00424
9	0.00790	0.00648	0.04478	0.00915	0.01055	0.00584	0.00828	0.01029	0.01111	0.01454	0.02487	0.05260	0.02688	0.01298	0.00660	0.00220	0.00459	0.73143	0.00435	0.00459
10	0.01047	0.00886	0.01028	0.00738	0.01166	0.00689	0.00592	0.05118	0.01069	0.01654	0.00877	0.01013	0.00723	0.00370	0.00365	0.00076	0.00368	0.00295	0.00297	0.81630
11	0.00903	0.00452	0.00452	0.00452	0.00565	0.00452	0.00339	0.01129	0.01016	0.01807	0.01581	0.01807	0.01242	0.00565	0.00339	0.00113	0.00226	0.00452	0.85659	0.00452
12	0.00693	0.00517	0.00767	0.00767	0.00850	0.00600	0.00592	0.00858	0.00775	0.01117	0.01308	0.01961	0.01236	0.07225	0.77492	0.00765	0.01261	0.00528	0.00261	0.00426
13	0.01296	0.83261	0.02539	0.00829	0.01244	0.01917	0.00829	0.01451	0.00985	0.01140	0.00674	0.00777	0.00622	0.00415	0.00311	0.00104	0.00518	0.00259	0.00207	0.00622
14	0.01199	0.01151	0.01967	0.02974	0.79946	0.01151	0.01487	0.01487	0.01103	0.01583	0.00912	0.01199	0.00768	0.00432	0.00480	0.00144	0.00576	0.00432	0.00240	0.00768
15	0.01199	0.01151	0.01967	0.02974	0.79946	0.01151	0.01487	0.01487	0.01103	0.01583	0.00912	0.01199	0.00768	0.00432	0.00480	0.00144	0.00576	0.00432	0.00240	0.00768
16	0.00590	0.00422	0.00562	0.00675	0.00703	0.00394	0.00450	0.00675	0.00928	0.01237	0.02671	0.82653	0.03205	0.01518	0.00619	0.00197	0.00281	0.01378	0.00450	0.00394
17	0.00972	0.02507	0.80458	0.01381	0.02097	0.01125	0.01790	0.01535	0.01023	0.01535	0.00870	0.01023	0.00614	0.00460	0.00460	0.00153	0.00716	0.00358	0.00205	0.00716
18	0.02174	0.00825	0.01125	0.00862	0.01237	0.00712	0.00712	0.02362	0.01387	0.80282	0.01912	0.01649	0.01200	0.00600	0.00487	0.00150	0.00412	0.00487	0.00600	0.00825
19	0.01804	0.01248	0.01373	0.01062	0.01430	0.01359	0.00875	0.65538	0.02110	0.11006	0.03740	0.01315	0.00994	0.00692	0.03002	0.00166	0.00535	0.00458	0.00491	0.00800
