[name]
unknown

[dist]
# distance from previous block
# <min> <max>
0	34

[block]
# block no. 0 follows, 55 sequences, length 8
# corresponding to MSA columns:
# 34-41
name=unknown_A
#
# <colnr> <probs for GDERKNQSTAVLIFYWHMCP>
#	G	D	E	R	K	N	Q	S	T	A	V	L	I	F	Y	W	H	M	C	P
0	0.00986	0.01038	0.11355	0.00929	0.01140	0.12267	0.00850	0.03065	0.01104	0.04005	0.01841	0.03522	0.01875	0.05380	0.00649	0.00195	0.00511	0.43574	0.05225	0.00491
1	0.04307	0.16671	0.29618	0.01249	0.10750	0.05473	0.01155	0.05211	0.02654	0.01442	0.01096	0.04384	0.04011	0.00711	0.05067	0.00175	0.03299	0.01857	0.00252	0.00618
2	0.00598	0.00426	0.00545	0.00628	0.00663	0.00403	0.00423	0.00676	0.00875	0.01155	0.02484	0.59303	0.07152	0.15913	0.00907	0.00235	0.00311	0.06532	0.00405	0.00365
3	0.01116	0.15602	0.17369	0.09780	0.34288	0.01177	0.01265	0.01455	0.04187	0.04809	0.00970	0.04243	0.00807	0.00478	0.00435	0.00138	0.00551	0.00413	0.00248	0.00670
4	0.01271	0.10273	0.15856	0.01137	0.05428	0.14384	0.05379	0.09237	0.06952	0.05839	0.02537	0.01187	0.02764	0.00482	0.00424	0.00124	0.00556	0.00382	0.00300	0.15489
5	0.06934	0.09210	0.01061	0.15463	0.09326	0.00797	0.00734	0.01088	0.00976	0.05858	0.05209	0.20501	0.09629	0.03730	0.00541	0.00163	0.00400	0.02950	0.04930	0.00499
6	0.00657	0.00489	0.00585	0.00626	0.00708	0.00462	0.00437	0.06163	0.01024	0.01333	0.05699	0.51526	0.20982	0.06193	0.00678	0.00192	0.00288	0.01124	0.00428	0.00407
7	0.00988	0.01035	0.04600	0.31456	0.16796	0.09007	0.06409	0.02706	0.01058	0.01361	0.06879	0.10816	0.03676	0.00623	0.00488	0.00151	0.00561	0.00561	0.00275	0.00554

[dist]
# distance from previous block
# <min> <max>
10	26

[block]
# block no. 1 follows, 55 sequences, length 6
# corresponding to MSA columns:
# 73-78
name=unknown_B
#
# <colnr> <probs for GDERKNQSTAVLIFYWHMCP>
#	G	D	E	R	K	N	Q	S	T	A	V	L	I	F	Y	W	H	M	C	P
0	0.01203	0.09874	0.37710	0.07224	0.07003	0.01114	0.03714	0.09483	0.01157	0.12166	0.01141	0.01233	0.03945	0.00496	0.00444	0.00142	0.00583	0.00401	0.00289	0.00680
1	0.00897	0.00859	0.05468	0.01028	0.06938	0.00828	0.03624	0.03706	0.12497	0.01429	0.01513	0.14703	0.04730	0.01312	0.17258	0.00272	0.08634	0.00598	0.00321	0.13386
2	0.00662	0.00442	0.00528	0.00555	0.00575	0.00442	0.00344	0.00709	0.00754	0.01041	0.01721	0.22498	0.01957	0.51928	0.07777	0.00386	0.00451	0.00805	0.06099	0.00326
3	0.01068	0.01210	0.10375	0.11861	0.22508	0.03632	0.21288	0.05014	0.01101	0.01525	0.03886	0.04362	0.00926	0.00484	0.00478	0.00142	0.00597	0.00478	0.02134	0.06932
4	0.02891	0.03064	0.10611	0.06489	0.16802	0.06442	0.12970	0.03006	0.09494	0.05808	0.03962	0.05043	0.01061	0.00636	0.03070	0.00164	0.01800	0.01650	0.00300	0.04738
5	0.07126	0.00626	0.00767	0.04624	0.00935	0.02044	0.00569	0.03723	0.00943	0.04130	0.07717	0.20365	0.05157	0.10355	0.15841	0.00303	0.05982	0.03157	0.02758	0.02879

[dist]
# distance from previous block
# <min> <max>
4	24

[block]
# block no. 2 follows, 55 sequences, length 15
# corresponding to MSA columns:
# 103-117
name=unknown_C
#
# <colnr> <probs for GDERKNQSTAVLIFYWHMCP>
#	G	D	E	R	K	N	Q	S	T	A	V	L	I	F	Y	W	H	M	C	P
0	0.05834	0.13486	0.06621	0.10419	0.02515	0.10948	0.04507	0.06210	0.04746	0.05045	0.02140	0.04221	0.00851	0.00571	0.00606	0.00145	0.14513	0.00412	0.02979	0.03230
1	0.04066	0.04331	0.16673	0.01008	0.04508	0.03406	0.02740	0.10235	0.05873	0.05468	0.01287	0.13127	0.02303	0.02872	0.00513	0.00143	0.01829	0.00516	0.00326	0.18775
2	0.01331	0.01222	0.06748	0.01075	0.03355	0.03969	0.03569	0.27356	0.32555	0.02128	0.01379	0.02928	0.01049	0.00564	0.00459	0.00141	0.00469	0.00460	0.00410	0.08833
3	0.07775	0.00713	0.02566	0.03943	0.03351	0.00779	0.00680	0.10645	0.03396	0.01455	0.01178	0.01613	0.01038	0.04050	0.51795	0.00530	0.00958	0.00463	0.02576	0.00495
4	0.01182	0.03303	0.01540	0.12575	0.31461	0.05959	0.04729	0.13219	0.07570	0.01662	0.01307	0.02669	0.07212	0.00538	0.00466	0.00141	0.00532	0.00474	0.00303	0.03159
5	0.15088	0.07512	0.02093	0.00903	0.06256	0.02134	0.00677	0.05658	0.13770	0.07196	0.16741	0.01901	0.05761	0.04466	0.04003	0.00185	0.04184	0.00521	0.00380	0.00571
6	0.00557	0.00464	0.00486	0.00497	0.00637	0.00393	0.00367	0.00675	0.01052	0.01277	0.08005	0.13751	0.67839	0.01201	0.00555	0.00160	0.00239	0.01016	0.00436	0.00393
7	0.00965	0.00827	0.00965	0.00689	0.01102	0.00620	0.00551	0.01171	0.00965	0.01516	0.00827	0.00965	0.00689	0.00345	0.00345	0.00069	0.00345	0.00276	0.00276	0.86494
8	0.01046	0.01018	0.01665	0.14539	0.48110	0.03188	0.07265	0.01315	0.01057	0.01450	0.04529	0.01523	0.07273	0.00504	0.00474	0.00141	0.00542	0.00480	0.00257	0.03624
9	0.00677	0.00451	0.00507	0.00507	0.00507	0.00451	0.00282	0.00677	0.00677	0.00902	0.01466	0.03044	0.01691	0.83650	0.02368	0.00451	0.00451	0.00677	0.00282	0.00282
10	0.00699	0.00527	0.00725	0.00707	0.00755	0.00609	0.00518	0.00804	0.00721	0.01024	0.01266	0.02167	0.01293	0.30176	0.48313	0.00602	0.07909	0.00550	0.00256	0.00379
11	0.00969	0.00954	0.01083	0.02455	0.02483	0.13779	0.06422	0.01062	0.00862	0.01087	0.01296	0.01976	0.07407	0.26583	0.05484	0.03903	0.20974	0.00535	0.00257	0.00429
12	0.05067	0.01071	0.06670	0.13595	0.41940	0.00980	0.01187	0.01421	0.01031	0.07931	0.00925	0.01141	0.00726	0.00426	0.00434	0.00131	0.00517	0.00385	0.00262	0.14160
13	0.00698	0.00587	0.00817	0.00762	0.00904	0.00551	0.06782	0.00873	0.03681	0.01302	0.04113	0.44435	0.16138	0.01117	0.00589	0.00165	0.04090	0.00992	0.00390	0.11015
14	0.00956	0.00846	0.00927	0.00696	0.01063	0.04029	0.00551	0.01187	0.03485	0.01509	0.04811	0.01380	0.07289	0.00454	0.00378	0.00084	0.00352	0.00367	0.00304	0.69332

[dist]
# distance from previous block
# <min> <max>
1	4

[block]
# block no. 3 follows, 55 sequences, length 41
# corresponding to MSA columns:
# 122-162
name=unknown_D
#
# <colnr> <probs for GDERKNQSTAVLIFYWHMCP>
#	G	D	E	R	K	N	Q	S	T	A	V	L	I	F	Y	W	H	M	C	P
0	0.04508	0.26642	0.42562	0.01134	0.01656	0.12005	0.02664	0.01496	0.01010	0.01340	0.00758	0.00889	0.00592	0.00433	0.00392	0.00129	0.00640	0.00310	0.00207	0.00633
1	0.02845	0.00792	0.00902	0.00813	0.03446	0.00800	0.00611	0.12460	0.19257	0.04722	0.19613	0.05215	0.14653	0.00762	0.00485	0.00141	0.00334	0.00641	0.00441	0.11067
2	0.00577	0.00413	0.00533	0.00623	0.00655	0.00386	0.00412	0.00652	0.00878	0.01161	0.02569	0.70466	0.07266	0.10109	0.00778	0.00215	0.00287	0.01235	0.00416	0.00369
3	0.01140	0.00890	0.01246	0.27412	0.08832	0.04156	0.03335	0.04506	0.01082	0.12647	0.01197	0.07285	0.01016	0.00569	0.00459	0.00138	0.00499	0.04656	0.00316	0.18619
4	0.01176	0.01084	0.02121	0.09292	0.02118	0.01073	0.48649	0.03951	0.03074	0.10771	0.01105	0.03268	0.00847	0.00643	0.04989	0.00190	0.04208	0.00532	0.00290	0.00622
5	0.01207	0.01208	0.01850	0.07949	0.59077	0.08508	0.07374	0.04485	0.01121	0.01515	0.00872	0.01135	0.00716	0.00428	0.00464	0.00139	0.00600	0.00415	0.00239	0.00698
6	0.00570	0.00406	0.00539	0.00644	0.00671	0.00380	0.00428	0.00648	0.00885	0.01180	0.02537	0.81350	0.03042	0.03501	0.00638	0.00195	0.00274	0.01306	0.00428	0.00375
7	0.00876	0.00819	0.01377	0.75838	0.06135	0.01008	0.01260	0.01174	0.00934	0.01202	0.00904	0.04816	0.00732	0.00506	0.00471	0.00156	0.00602	0.00453	0.00217	0.00519
8	0.01067	0.06293	0.60617	0.01460	0.12185	0.01092	0.01553	0.01525	0.01017	0.07638	0.00908	0.01039	0.00653	0.00447	0.00439	0.00143	0.00638	0.00358	0.00230	0.00697
9	0.00951	0.05801	0.73545	0.01298	0.01936	0.01132	0.01641	0.01451	0.00966	0.01438	0.00815	0.00974	0.00591	0.00460	0.00495	0.00148	0.05145	0.00343	0.00197	0.00674
10	0.03698	0.00943	0.01105	0.00894	0.01214	0.00971	0.00723	0.18582	0.23136	0.36491	0.05949	0.01609	0.01310	0.00604	0.00469	0.00147	0.00402	0.00489	0.00514	0.00750
11	0.00898	0.00857	0.01428	0.71934	0.02972	0.01079	0.02964	0.01188	0.00910	0.01188	0.00806	0.01216	0.00621	0.00501	0.00582	0.00160	0.09553	0.00416	0.00207	0.00518
12	0.08417	0.01030	0.01169	0.00923	0.01268	0.01076	0.00756	0.32392	0.12664	0.33184	0.01470	0.01358	0.00998	0.00566	0.00454	0.00144	0.00435	0.00440	0.00496	0.00761
13	0.00924	0.00918	0.01046	0.07279	0.01255	0.15848	0.09588	0.02288	0.03805	0.01278	0.02906	0.40729	0.02018	0.03305	0.00591	0.00176	0.00482	0.04742	0.00355	0.00467
14	0.00719	0.00512	0.00650	0.00610	0.00647	0.00509	0.04353	0.02902	0.00759	0.01014	0.01525	0.09876	0.01736	0.69925	0.02067	0.00404	0.00454	0.00719	0.00298	0.00322
15	0.00575	0.00411	0.00534	0.00629	0.00660	0.00384	0.00417	0.00651	0.00881	0.01168	0.02570	0.73757	0.06267	0.07825	0.00730	0.00208	0.00283	0.01258	0.00420	0.00371
16	0.01156	0.02574	0.08543	0.01913	0.13313	0.01202	0.51057	0.08841	0.01173	0.01612	0.00926	0.01191	0.00705	0.00428	0.00547	0.00152	0.03264	0.00493	0.00252	0.00659
17	0.00997	0.00960	0.01642	0.46321	0.25527	0.01076	0.08580	0.01373	0.06320	0.01364	0.00924	0.01249	0.00716	0.00455	0.00472	0.00150	0.00599	0.00434	0.00234	0.00606
18	0.00997	0.01077	0.07851	0.41882	0.32233	0.01072	0.05605	0.01317	0.00992	0.01352	0.00852	0.01188	0.00666	0.00440	0.00466	0.00148	0.00609	0.00416	0.00216	0.00619
19	0.05123	0.01307	0.01291	0.04229	0.01429	0.10857	0.00851	0.57682	0.01877	0.02481	0.01151	0.07456	0.00927	0.00610	0.00463	0.00142	0.00530	0.00468	0.00419	0.00707
20	0.01074	0.01172	0.10478	0.18997	0.26586	0.01096	0.11360	0.08444	0.02966	0.01528	0.00990	0.04730	0.00833	0.02826	0.00585	0.00160	0.04808	0.00473	0.00258	0.00636
21	0.03460	0.03171	0.30407	0.07770	0.02081	0.04127	0.29522	0.01494	0.02917	0.04583	0.01013	0.01358	0.00787	0.00482	0.00487	0.00153	0.00677	0.04629	0.00250	0.00631
22	0.00642	0.00453	0.00589	0.00666	0.00712	0.00435	0.00454	0.04683	0.00958	0.01282	0.04817	0.73180	0.02904	0.01403	0.00638	0.03857	0.00286	0.01222	0.00426	0.00393
23	0.00576	0.00415	0.00543	0.00631	0.00670	0.00385	0.00425	0.00668	0.00928	0.01239	0.09030	0.71342	0.06528	0.03459	0.00633	0.00191	0.00269	0.01252	0.00435	0.00381
24	0.01270	0.60159	0.05583	0.00900	0.01261	0.11055	0.00855	0.01520	0.07107	0.01184	0.00758	0.00858	0.00662	0.00449	0.00395	0.00114	0.04758	0.00288	0.00225	0.00601
25	0.01680	0.06238	0.01389	0.04634	0.01502	0.64378	0.00909	0.11294	0.01389	0.01358	0.00769	0.00885	0.00624	0.00484	0.00421	0.00123	0.00772	0.00317	0.00264	0.00572
26	0.02622	0.11274	0.11065	0.01055	0.01396	0.32010	0.00924	0.13737	0.06373	0.09238	0.01101	0.01142	0.03204	0.00521	0.00433	0.00131	0.01281	0.00371	0.01486	0.00633
27	0.00993	0.18168	0.66004	0.01224	0.01855	0.01227	0.01540	0.01458	0.00975	0.01400	0.00799	0.00937	0.00591	0.00433	0.00414	0.00138	0.00651	0.00325	0.00197	0.00670
28	0.00575	0.00410	0.00549	0.00657	0.00687	0.00385	0.00445	0.00661	0.00898	0.01196	0.02560	0.80013	0.03060	0.01450	0.00596	0.00190	0.00277	0.04579	0.00432	0.00380
29	0.04281	0.01288	0.05122	0.08444	0.56507	0.12177	0.02628	0.01470	0.01073	0.01461	0.00841	0.01096	0.00694	0.00429	0.00450	0.00138	0.00600	0.00392	0.00231	0.00681
30	0.01436	0.05320	0.08795	0.00952	0.01258	0.04415	0.01884	0.05721	0.17371	0.28777	0.01485	0.04544	0.01119	0.01899	0.06874	0.00201	0.06376	0.00481	0.00414	0.00676
31	0.00588	0.00419	0.00556	0.00655	0.00688	0.00395	0.00448	0.00677	0.00899	0.01198	0.03602	0.71785	0.02989	0.05907	0.00693	0.00205	0.00291	0.07202	0.00425	0.00377
32	0.00808	0.00407	0.00601	0.00601	0.00607	0.00408	0.00403	0.00628	0.00623	0.00848	0.00842	0.01433	0.00828	0.01601	0.02906	0.81849	0.00409	0.00407	0.03577	0.00214
33	0.03198	0.00802	0.00927	0.04365	0.01106	0.02530	0.00667	0.20979	0.06143	0.07342	0.24692	0.09405	0.05419	0.00853	0.00519	0.00157	0.00378	0.09492	0.00458	0.00569
34	0.00591	0.00450	0.00580	0.00647	0.00712	0.00418	0.01731	0.00722	0.03382	0.01229	0.02909	0.65034	0.17146	0.01363	0.00581	0.00182	0.00275	0.01223	0.00430	0.00396
35	0.00566	0.00406	0.00538	0.00643	0.00674	0.00378	0.00430	0.00648	0.00895	0.01189	0.02616	0.81427	0.04963	0.01451	0.00593	0.00188	0.00269	0.01314	0.00432	0.00378
36	0.03770	0.37028	0.32791	0.01156	0.02711	0.04932	0.08897	0.01454	0.00988	0.01318	0.00755	0.00898	0.00604	0.00419	0.00386	0.00126	0.00611	0.00320	0.00207	0.00631
37	0.01173	0.01387	0.15719	0.05066	0.36318	0.07924	0.12651	0.02412	0.01091	0.04954	0.00969	0.01244	0.00770	0.00456	0.00465	0.00142	0.00613	0.02058	0.03918	0.00671
38	0.01125	0.01121	0.01416	0.01199	0.01292	0.08747	0.05195	0.07519	0.03569	0.01312	0.00775	0.01113	0.00702	0.00955	0.07884	0.00232	0.54644	0.00417	0.00243	0.00541
39	0.01069	0.01115	0.01652	0.01312	0.01506	0.10315	0.25884	0.01277	0.00956	0.01315	0.04936	0.01383	0.00949	0.05188	0.02696	0.00194	0.30164	0.00481	0.07081	0.00526
40	0.10139	0.01131	0.01186	0.00964	0.01284	0.01266	0.00781	0.44424	0.24851	0.03544	0.04696	0.01369	0.01105	0.00584	0.00453	0.00146	0.00440	0.00452	0.00453	0.00731

[dist]
# distance from previous block
# <min> <max>
0	6

[block]
# block no. 4 follows, 55 sequences, length 39
# corresponding to MSA columns:
# 169-207
name=unknown_E
#
# <colnr> <probs for GDERKNQSTAVLIFYWHMCP>
#	G	D	E	R	K	N	Q	S	T	A	V	L	I	F	Y	W	H	M	C	P
0	0.17684	0.02377	0.03999	0.03381	0.01172	0.16389	0.00703	0.06641	0.03124	0.10437	0.06487	0.07351	0.06210	0.00656	0.00437	0.00140	0.00468	0.04141	0.00359	0.07843
1	0.13833	0.28327	0.25319	0.01007	0.01428	0.09647	0.01053	0.04062	0.00996	0.01430	0.00727	0.00865	0.00591	0.00461	0.00453	0.00131	0.06873	0.00301	0.00226	0.02271
2	0.01045	0.12082	0.55887	0.01358	0.03366	0.06242	0.10788	0.01489	0.01014	0.01409	0.00818	0.00980	0.00607	0.00433	0.00436	0.00141	0.00683	0.00355	0.00205	0.00661
3	0.01003	0.01109	0.03769	0.01731	0.06741	0.01030	0.55725	0.01327	0.01045	0.01431	0.01197	0.15070	0.01102	0.00585	0.00572	0.00160	0.02965	0.00657	0.00267	0.02515
4	0.00649	0.00481	0.00634	0.00696	0.00762	0.00491	0.00504	0.00842	0.06180	0.01235	0.03379	0.47298	0.04451	0.05297	0.17286	0.00313	0.00497	0.08201	0.00392	0.00411
5	0.00553	0.00471	0.00476	0.00475	0.00631	0.00394	0.00356	0.00675	0.01069	0.01277	0.07271	0.04443	0.77989	0.01171	0.00550	0.00157	0.00235	0.00977	0.00435	0.00394
6	0.05475	0.18602	0.01460	0.01018	0.01305	0.39187	0.00818	0.08321	0.14879	0.01477	0.00955	0.01014	0.00765	0.00495	0.00400	0.00125	0.00624	0.00339	0.02140	0.00602
7	0.00666	0.00492	0.00717	0.00717	0.00790	0.00565	0.00544	0.00811	0.00739	0.01057	0.01274	0.01981	0.01230	0.13625	0.71762	0.00710	0.01146	0.00521	0.00253	0.00398
8	0.03592	0.23250	0.23743	0.01027	0.02572	0.06285	0.02761	0.10837	0.04148	0.04866	0.02902	0.03476	0.02031	0.05949	0.00540	0.00153	0.00548	0.00409	0.00285	0.00622
9	0.01356	0.57662	0.02218	0.00982	0.01362	0.13493	0.09164	0.01529	0.01042	0.06316	0.00766	0.00868	0.00645	0.00421	0.00354	0.00112	0.00572	0.00303	0.00233	0.00604
10	0.00666	0.00470	0.00615	0.00620	0.00658	0.00505	0.00422	0.00743	0.00719	0.00995	0.01424	0.06506	0.01527	0.44191	0.37328	0.00569	0.00793	0.00630	0.00275	0.00346
11	0.00867	0.00787	0.01329	0.05464	0.24530	0.00768	0.13742	0.01078	0.00992	0.01361	0.01851	0.20288	0.11315	0.06153	0.00636	0.00176	0.00463	0.02460	0.05207	0.00531
12	0.01130	0.01126	0.01796	0.05517	0.58598	0.06056	0.07367	0.01388	0.01049	0.01445	0.00968	0.06455	0.00868	0.00501	0.00514	0.00145	0.03681	0.00476	0.00242	0.00676
13	0.00636	0.00467	0.00596	0.00581	0.00685	0.00427	0.00429	0.00828	0.01239	0.01720	0.63152	0.13067	0.12370	0.01035	0.00554	0.00153	0.00227	0.00913	0.00494	0.00427
14	0.10422	0.00809	0.01124	0.11207	0.06369	0.00825	0.05825	0.09035	0.01197	0.20427	0.07892	0.10071	0.04538	0.00727	0.00490	0.00157	0.00437	0.07448	0.00406	0.00596
15	0.10779	0.06990	0.14873	0.01415	0.12424	0.03024	0.14894	0.15815	0.03281	0.07524	0.01020	0.01221	0.00783	0.01647	0.00475	0.00148	0.00570	0.02137	0.00310	0.00670
16	0.01015	0.00977	0.13732	0.03303	0.12690	0.00768	0.00893	0.03581	0.07314	0.12006	0.01864	0.28599	0.05034	0.00882	0.00531	0.00164	0.01643	0.04041	0.00379	0.00583
17	0.05958	0.00699	0.00876	0.00745	0.00990	0.00655	0.00587	0.05596	0.04617	0.38834	0.15508	0.15256	0.06059	0.00808	0.00497	0.00153	0.00340	0.00686	0.00509	0.00626
18	0.49036	0.04618	0.01029	0.00895	0.05990	0.06209	0.00679	0.19597	0.01182	0.02133	0.00813	0.00911	0.00625	0.00467	0.00350	0.00138	0.00437	0.00312	0.03992	0.00589
19	0.06704	0.10590	0.06026	0.00805	0.01179	0.00915	0.01595	0.07237	0.06485	0.08261	0.02213	0.02301	0.00862	0.00550	0.02326	0.02397	0.00427	0.00354	0.00318	0.38455
20	0.01146	0.01114	0.01786	0.02644	0.72415	0.04512	0.01344	0.01412	0.01086	0.01525	0.05787	0.01282	0.00957	0.00450	0.00464	0.00138	0.00544	0.00436	0.00248	0.00710
21	0.00784	0.00506	0.00598	0.00577	0.00688	0.00521	0.00433	0.03770	0.02982	0.01550	0.15307	0.02355	0.08013	0.08015	0.19397	0.00296	0.00490	0.00583	0.32700	0.00435
22	0.01107	0.01039	0.03104	0.35455	0.30163	0.01814	0.06152	0.09203	0.01126	0.02869	0.01812	0.01218	0.00736	0.00464	0.00485	0.00148	0.01792	0.00426	0.00253	0.00636
23	0.00980	0.00935	0.05063	0.11099	0.18747	0.02064	0.00899	0.06303	0.01057	0.01502	0.02635	0.16368	0.01201	0.00620	0.00466	0.00129	0.01698	0.00542	0.00298	0.27393
24	0.00671	0.00498	0.00733	0.00739	0.00819	0.00570	0.00573	0.00829	0.00763	0.01088	0.01335	0.02115	0.01290	0.08377	0.71815	0.00696	0.01146	0.05273	0.00262	0.00408
25	0.00626	0.00432	0.00529	0.00575	0.00595	0.00417	0.00359	0.00677	0.00814	0.01093	0.07071	0.39107	0.02488	0.41418	0.01454	0.00314	0.00355	0.00977	0.00364	0.00335
26	0.01245	0.01104	0.01118	0.01021	0.03232	0.06233	0.00776	0.08848	0.66487	0.01968	0.01729	0.01613	0.01299	0.00610	0.00469	0.00153	0.00414	0.00500	0.00452	0.00729
27	0.01629	0.00850	0.01059	0.00807	0.01166	0.00755	0.00658	0.11599	0.02729	0.42692	0.06323	0.01471	0.01182	0.00533	0.00438	0.00123	0.00385	0.00432	0.00472	0.24696
28	0.01118	0.01092	0.09756	0.16157	0.09103	0.03244	0.02176	0.15588	0.10557	0.04175	0.13572	0.01915	0.03518	0.00641	0.00489	0.00151	0.00490	0.05270	0.00365	0.00621
29	0.00814	0.00532	0.00669	0.00645	0.00776	0.00502	0.00479	0.01073	0.07492	0.09921	0.39169	0.23381	0.10663	0.01035	0.00546	0.00159	0.00264	0.00912	0.00488	0.00480
30	0.00668	0.00452	0.00530	0.00537	0.00545	0.00457	0.00317	0.00688	0.00696	0.00935	0.01518	0.08136	0.01736	0.71587	0.08939	0.00459	0.00506	0.00703	0.00289	0.00299
31	0.20086	0.00782	0.00940	0.00767	0.01075	0.00743	0.00621	0.01917	0.03365	0.53889	0.01656	0.09652	0.01214	0.00635	0.00442	0.00149	0.00375	0.00509	0.00497	0.00687
32	0.01069	0.01037	0.01791	0.25119	0.44910	0.01096	0.10075	0.01435	0.06127	0.01451	0.00935	0.01226	0.00745	0.00440	0.00473	0.00146	0.00586	0.00437	0.00240	0.00662
33	0.00567	0.00405	0.00540	0.00648	0.00675	0.00378	0.00432	0.00648	0.00891	0.01188	0.02564	0.83347	0.03077	0.01457	0.00594	0.00189	0.00270	0.01323	0.00432	0.00378
34	0.00985	0.01072	0.02242	0.01656	0.02026	0.01017	0.60270	0.01308	0.01058	0.01433	0.03088	0.14588	0.03396	0.00610	0.00584	0.00163	0.02966	0.00688	0.00278	0.00573
35	0.04421	0.06168	0.03851	0.01238	0.04864	0.00985	0.25878	0.06183	0.01142	0.10111	0.09684	0.03081	0.03336	0.00573	0.00543	0.00146	0.06088	0.00524	0.10592	0.00593
36	0.32527	0.02208	0.01028	0.00872	0.02547	0.06610	0.03998	0.09524	0.01094	0.10279	0.04267	0.06620	0.05898	0.00624	0.00503	0.00148	0.07482	0.00462	0.00348	0.02961
37	0.01327	0.39287	0.14083	0.01071	0.06352	0.01510	0.00984	0.23803	0.01317	0.01733	0.00858	0.00952	0.00683	0.00457	0.00380	0.00121	0.00523	0.00330	0.03557	0.00669
38	0.14242	0.00908	0.03994	0.00783	0.01091	0.00843	0.01300	0.15623	0.02744	0.04508	0.04533	0.06896	0.09368	0.00645	0.00457	0.00130	0.02441	0.03517	0.00363	0.25615

[dist]
# distance from previous block
# <min> <max>
0	1

[block]
# block no. 5 follows, 55 sequences, length 50
# corresponding to MSA columns:
# 209-258
name=unknown_F
#
# <colnr> <probs for GDERKNQSTAVLIFYWHMCP>
#	G	D	E	R	K	N	Q	S	T	A	V	L	I	F	Y	W	H	M	C	P
0	0.00957	0.02771	0.01321	0.01160	0.08177	0.00905	0.10851	0.01152	0.00920	0.03994	0.06426	0.03233	0.01123	0.04176	0.15978	0.00267	0.18102	0.00475	0.00274	0.17737
1	0.76791	0.00961	0.00728	0.00653	0.00925	0.05688	0.00532	0.01379	0.00827	0.01997	0.00684	0.00803	0.00538	0.00448	0.00326	0.00143	0.02300	0.00265	0.03510	0.00503
2	0.00913	0.00852	0.01427	0.56824	0.18803	0.01005	0.01241	0.01196	0.00939	0.01248	0.00912	0.03656	0.00753	0.00697	0.06051	0.00194	0.02070	0.00446	0.00221	0.00551
3	0.00607	0.00469	0.00554	0.00543	0.00666	0.00416	0.00403	0.00776	0.01182	0.01569	0.43995	0.09351	0.35633	0.01079	0.00552	0.00154	0.00230	0.00932	0.00474	0.00416
4	0.06189	0.01431	0.12803	0.09180	0.03375	0.05725	0.01031	0.48958	0.01723	0.02353	0.00991	0.01073	0.00716	0.00515	0.00448	0.00140	0.00556	0.00390	0.00371	0.02033
5	0.06171	0.00577	0.00601	0.00562	0.00747	0.00536	0.00432	0.04245	0.04991	0.06048	0.09717	0.05628	0.56008	0.01033	0.00522	0.00155	0.00271	0.00858	0.00441	0.00460
6	0.00848	0.06252	0.00838	0.00747	0.00899	0.00619	0.00624	0.01090	0.04589	0.07118	0.21521	0.08344	0.08750	0.01065	0.00567	0.00177	0.00354	0.34677	0.00446	0.00476
7	0.01746	0.05211	0.01308	0.00964	0.01316	0.01197	0.00798	0.46043	0.07175	0.24169	0.04325	0.01357	0.01059	0.00575	0.00461	0.00140	0.00459	0.00447	0.00485	0.00765
8	0.00580	0.00424	0.00533	0.00606	0.00656	0.00391	0.00409	0.00670	0.00929	0.01223	0.08448	0.59384	0.14392	0.08161	0.00730	0.00203	0.00276	0.01184	0.00425	0.00377
9	0.00672	0.00449	0.00509	0.00513	0.00514	0.00448	0.00287	0.00675	0.00684	0.00913	0.01507	0.06025	0.01743	0.80599	0.02302	0.00441	0.00444	0.00701	0.00287	0.00285
10	0.01706	0.02169	0.01389	0.01236	0.01487	0.77783	0.04778	0.01839	0.01307	0.01156	0.00730	0.00860	0.00605	0.00475	0.00426	0.00122	0.00836	0.00312	0.00239	0.00544
11	0.00665	0.00498	0.00748	0.00748	0.00831	0.00582	0.00582	0.00831	0.00748	0.01080	0.01246	0.01828	0.01163	0.03489	0.81807	0.00748	0.01246	0.00498	0.00249	0.00415
12	0.00818	0.00570	0.00678	0.00623	0.00787	0.00542	0.00476	0.01151	0.11590	0.08511	0.43341	0.03349	0.23891	0.00937	0.00532	0.00150	0.00258	0.00805	0.00491	0.00496
13	0.00750	0.00535	0.00750	0.00857	0.00964	0.00535	0.00750	0.00964	0.01071	0.01392	0.02463	0.05248	0.02677	0.01285	0.00643	0.00214	0.00428	0.77617	0.00428	0.00428
14	0.00909	0.00858	0.01450	0.73696	0.11803	0.01042	0.01307	0.01215	0.00945	0.01225	0.00832	0.01230	0.00633	0.00460	0.00465	0.00153	0.00613	0.00414	0.00209	0.00541
15	0.01119	0.01072	0.01829	0.12457	0.71404	0.01097	0.01411	0.01399	0.01044	0.01480	0.00869	0.01162	0.00723	0.00421	0.00461	0.00140	0.00561	0.00414	0.00227	0.00710
16	0.00747	0.00548	0.00694	0.00637	0.00764	0.00539	0.00487	0.03249	0.04217	0.03456	0.65069	0.03267	0.09157	0.00930	0.00583	0.00150	0.03747	0.00801	0.00492	0.00467
17	0.00808	0.00404	0.00606	0.00606	0.00606	0.00404	0.00404	0.00606	0.00606	0.00808	0.00808	0.01414	0.00808	0.01616	0.01818	0.86465	0.00404	0.00404	0.00202	0.00202
18	0.00573	0.00420	0.00547	0.00633	0.00680	0.00394	0.00433	0.00666	0.00907	0.01198	0.03867	0.67396	0.11984	0.01557	0.06165	0.00223	0.00332	0.01219	0.00421	0.00383
19	0.01120	0.10949	0.01935	0.01458	0.05786	0.05322	0.25794	0.01445	0.08296	0.01339	0.00898	0.01215	0.00764	0.00586	0.00843	0.00165	0.29188	0.02061	0.00246	0.00590
20	0.01092	0.01298	0.05692	0.01937	0.02416	0.01173	0.76155	0.01490	0.01094	0.01490	0.00937	0.01245	0.00702	0.00394	0.00545	0.00157	0.00781	0.00541	0.00234	0.00630
21	0.13507	0.01011	0.01029	0.00909	0.01185	0.01166	0.00716	0.08970	0.61824	0.02052	0.01648	0.01542	0.01234	0.00596	0.00446	0.00154	0.00379	0.00477	0.00446	0.00708
22	0.00879	0.00827	0.01395	0.82532	0.03204	0.01034	0.01292	0.01189	0.00930	0.01189	0.00827	0.01240	0.00620	0.00465	0.00465	0.00155	0.00620	0.00413	0.00207	0.00517
23	0.00645	0.00591	0.00548	0.00535	0.00692	0.05966	0.00401	0.00775	0.01110	0.01325	0.13884	0.04103	0.65599	0.01102	0.00541	0.00153	0.00275	0.00918	0.00429	0.00409
24	0.84489	0.00911	0.00704	0.00625	0.00915	0.01055	0.00515	0.03604	0.00832	0.02112	0.00661	0.00766	0.00512	0.00435	0.00293	0.00144	0.00364	0.00257	0.00293	0.00512
25	0.00571	0.00407	0.00538	0.00642	0.00668	0.00381	0.00425	0.00649	0.00882	0.01175	0.02517	0.79935	0.03018	0.04950	0.00669	0.00200	0.00278	0.01295	0.00425	0.00374
26	0.01768	0.01303	0.01396	0.01070	0.01443	0.01443	0.00884	0.79197	0.02187	0.02932	0.01117	0.01117	0.00791	0.00558	0.00465	0.00140	0.00512	0.00419	0.00465	0.00791
27	0.00623	0.00474	0.00692	0.00716	0.00775	0.00446	0.05792	0.00725	0.00907	0.01218	0.07630	0.62118	0.02829	0.11755	0.00812	0.00217	0.00325	0.01155	0.00405	0.00387
28	0.00665	0.00498	0.00748	0.00748	0.00831	0.00582	0.00582	0.00831	0.00748	0.01080	0.01246	0.01828	0.01163	0.03489	0.81807	0.00748	0.01246	0.00498	0.00249	0.00415
29	0.01244	0.83930	0.02438	0.00796	0.01194	0.01841	0.00796	0.01393	0.00945	0.01095	0.00647	0.00746	0.00597	0.00398	0.00299	0.00100	0.00498	0.00249	0.00199	0.00597
30	0.00988	0.07579	0.07742	0.00787	0.01011	0.00822	0.00678	0.09466	0.07816	0.06932	0.29391	0.06359	0.04255	0.06311	0.04349	0.00195	0.02777	0.01583	0.00413	0.00545
31	0.01200	0.00943	0.00994	0.00868	0.01118	0.03318	0.00680	0.14830	0.41493	0.06079	0.10583	0.03888	0.07396	0.00703	0.00481	0.00151	0.00373	0.00582	0.03655	0.00665
32	0.86937	0.00900	0.00684	0.00612	0.00900	0.01044	0.00504	0.01368	0.00792	0.02087	0.00648	0.00756	0.00504	0.00432	0.00288	0.00144	0.00360	0.00252	0.00288	0.00504
33	0.01052	0.01151	0.03446	0.01797	0.06668	0.01090	0.60475	0.01398	0.01057	0.01476	0.01045	0.05543	0.00858	0.00479	0.00574	0.00156	0.04441	0.00564	0.06126	0.00603
34	0.86937	0.00900	0.00684	0.00612	0.00900	0.01044	0.00504	0.01368	0.00792	0.02087	0.00648	0.00756	0.00504	0.00432	0.00288	0.00144	0.00360	0.00252	0.00288	0.00504
35	0.00666	0.00495	0.00729	0.00729	0.00806	0.00571	0.00558	0.00819	0.00742	0.01066	0.01263	0.01922	0.01204	0.09695	0.75657	0.00725	0.01185	0.00512	0.00252	0.00405
36	0.00567	0.00405	0.00540	0.00648	0.00675	0.00378	0.00432	0.00648	0.00891	0.01188	0.02564	0.83347	0.03077	0.01457	0.00594	0.00189	0.00270	0.01323	0.00432	0.00378
37	0.01064	0.00955	0.01345	0.51020	0.07251	0.03360	0.01130	0.10084	0.14206	0.01539	0.01051	0.01303	0.00791	0.00502	0.00462	0.00151	0.00559	0.00430	0.02201	0.00596
38	0.00933	0.02406	0.81240	0.01326	0.02014	0.01080	0.01719	0.01473	0.00982	0.01473	0.00835	0.00982	0.00589	0.00442	0.00442	0.00147	0.00688	0.00344	0.00196	0.00688
39	0.01384	0.00993	0.01193	0.00967	0.01229	0.01088	0.03573	0.32585	0.08469	0.12627	0.05250	0.04841	0.11160	0.00725	0.00631	0.00155	0.11474	0.00562	0.00434	0.00661
40	0.01229	0.79931	0.06304	0.00822	0.01234	0.01803	0.00841	0.01397	0.00947	0.01113	0.00656	0.00758	0.00597	0.00400	0.00306	0.00102	0.00507	0.00253	0.00199	0.00601
41	0.00601	0.00427	0.00568	0.00668	0.00705	0.00405	0.00467	0.00695	0.00902	0.01197	0.02475	0.66658	0.02925	0.07055	0.00722	0.00210	0.00305	0.12216	0.00421	0.00379
42	0.08856	0.02268	0.73819	0.01260	0.01911	0.01077	0.01607	0.01464	0.00965	0.01530	0.00818	0.00961	0.00581	0.00441	0.00428	0.00147	0.00657	0.00335	0.00205	0.00671
43	0.03572	0.01772	0.01355	0.01147	0.01434	0.47171	0.03157	0.23891	0.01534	0.07148	0.00911	0.00984	0.00693	0.00514	0.00465	0.00131	0.02811	0.00354	0.00327	0.00629
44	0.00665	0.00498	0.00748	0.00748	0.00831	0.00582	0.00582	0.00831	0.00748	0.01080	0.01246	0.01828	0.01163	0.03489	0.81807	0.00748	0.01246	0.00498	0.00249	0.00415
45	0.00550	0.00471	0.00471	0.00471	0.00628	0.00393	0.00353	0.00668	0.01060	0.01257	0.04713	0.04477	0.80560	0.01178	0.00550	0.00157	0.00236	0.00982	0.00432	0.00393
46	0.02276	0.00613	0.00761	0.00739	0.00886	0.00604	0.02278	0.06687	0.09291	0.09775	0.02552	0.43014	0.13538	0.01128	0.00549	0.00172	0.00325	0.03867	0.00447	0.00500
47	0.01035	0.29108	0.55430	0.01152	0.01745	0.01329	0.01417	0.01447	0.00970	0.01349	0.00773	0.00905	0.00592	0.00428	0.00395	0.00132	0.00625	0.00313	0.00197	0.00658
48	0.00574	0.00419	0.00542	0.00638	0.00684	0.00387	0.00439	0.00666	0.00919	0.01206	0.02804	0.70468	0.11902	0.01417	0.00591	0.00187	0.00274	0.05070	0.00432	0.00382
49	0.04853	0.00481	0.00512	0.00523	0.00658	0.00428	0.00385	0.00724	0.01048	0.01359	0.13266	0.18041	0.53782	0.01163	0.00544	0.00161	0.00246	0.00989	0.00434	0.00401

[dist]
# distance from previous block
# <min> <max>
0	2

[block]
# block no. 6 follows, 55 sequences, length 6
# corresponding to MSA columns:
# 261-266
name=unknown_G
#
# <colnr> <probs for GDERKNQSTAVLIFYWHMCP>
#	G	D	E	R	K	N	Q	S	T	A	V	L	I	F	Y	W	H	M	C	P
0	0.00577	0.00409	0.00537	0.00635	0.00659	0.00385	0.00418	0.00650	0.00871	0.01161	0.02462	0.75861	0.02948	0.09120	0.00759	0.00213	0.00287	0.01262	0.00418	0.00369
1	0.01460	0.00897	0.01057	0.00825	0.01168	0.00846	0.00665	0.17773	0.09499	0.25450	0.01411	0.05615	0.01066	0.00552	0.00432	0.00123	0.00389	0.00449	0.03355	0.26967
2	0.01183	0.01123	0.02225	0.01596	0.02043	0.01017	0.55587	0.01517	0.01099	0.10367	0.01019	0.01237	0.00752	0.00404	0.00502	0.00139	0.00658	0.00489	0.00281	0.16762
3	0.00580	0.00433	0.00540	0.00597	0.00668	0.00393	0.00416	0.00695	0.01009	0.01330	0.17673	0.50710	0.20659	0.01300	0.00575	0.00174	0.00253	0.01156	0.00447	0.00393
4	0.01099	0.19725	0.23050	0.08260	0.09338	0.01195	0.01152	0.11997	0.01159	0.01554	0.01141	0.01788	0.01028	0.00606	0.00455	0.00148	0.00554	0.14849	0.00282	0.00623
5	0.47944	0.08124	0.01072	0.00868	0.06239	0.01096	0.00668	0.10747	0.01089	0.16888	0.00941	0.00979	0.00683	0.00470	0.00355	0.00139	0.00409	0.00322	0.00351	0.00615

[dist]
# distance from previous block
# <min> <max>
0	1

[block]
# block no. 7 follows, 55 sequences, length 23
# corresponding to MSA columns:
# 268-290
name=unknown_H
#
# <colnr> <probs for GDERKNQSTAVLIFYWHMCP>
#	G	D	E	R	K	N	Q	S	T	A	V	L	I	F	Y	W	H	M	C	P
0	0.00597	0.00427	0.00571	0.00660	0.00706	0.00401	0.00464	0.00709	0.00964	0.01296	0.12696	0.65347	0.03209	0.01375	0.00593	0.00186	0.00279	0.08691	0.00442	0.00391
1	0.00999	0.13858	0.59813	0.01333	0.01951	0.01201	0.11651	0.01464	0.00992	0.01422	0.00822	0.00984	0.00606	0.00429	0.00435	0.00142	0.00673	0.00357	0.00202	0.00667
2	0.01201	0.01066	0.01586	0.04254	0.47776	0.01047	0.01137	0.13848	0.01215	0.01737	0.00902	0.01106	0.00732	0.00423	0.00435	0.00123	0.00501	0.00384	0.00278	0.20251
3	0.01666	0.01230	0.01332	0.01049	0.01396	0.01359	0.00869	0.70484	0.04266	0.02775	0.01252	0.01481	0.00967	0.00622	0.00480	0.00146	0.00501	0.06904	0.00463	0.00759
4	0.00677	0.00451	0.00507	0.00507	0.00507	0.00451	0.00282	0.00677	0.00677	0.00902	0.01466	0.03044	0.01691	0.83650	0.02368	0.00451	0.00451	0.00677	0.00282	0.00282
5	0.01057	0.01026	0.01612	0.01300	0.01463	0.01245	0.18689	0.07187	0.06172	0.01391	0.00890	0.01230	0.00770	0.01027	0.11365	0.00254	0.42047	0.00460	0.00254	0.00561
6	0.01690	0.01257	0.01354	0.01033	0.01410	0.01363	0.00852	0.71598	0.02068	0.02794	0.01089	0.01102	0.00781	0.00538	0.00454	0.00133	0.00496	0.00405	0.00447	0.09139
7	0.00677	0.00451	0.00507	0.00507	0.00507	0.00451	0.00282	0.00677	0.00677	0.00902	0.01466	0.03044	0.01691	0.83650	0.02368	0.00451	0.00451	0.00677	0.00282	0.00282
8	0.00665	0.00498	0.00748	0.00748	0.00831	0.00582	0.00582	0.00831	0.00748	0.01080	0.01246	0.01828	0.01163	0.03489	0.81807	0.00748	0.01246	0.00498	0.00249	0.00415
9	0.00757	0.00562	0.00728	0.00652	0.00793	0.00538	0.02181	0.07460	0.01376	0.01926	0.69520	0.03263	0.06609	0.00914	0.00542	0.00146	0.00257	0.00804	0.00499	0.00471
10	0.00867	0.00434	0.00434	0.00434	0.00542	0.00434	0.00325	0.01084	0.00976	0.01734	0.01518	0.01734	0.01192	0.00542	0.00325	0.00108	0.00217	0.00434	0.86233	0.00434
11	0.01123	0.00960	0.01027	0.00939	0.01189	0.01105	0.00737	0.02345	0.73288	0.01900	0.01941	0.02031	0.01526	0.00686	0.00488	0.00163	0.00373	0.06999	0.00470	0.00710
12	0.01579	0.00694	0.00927	0.00751	0.01025	0.00619	0.00604	0.01813	0.04153	0.51914	0.27969	0.02217	0.02237	0.00702	0.00495	0.00145	0.00336	0.00594	0.00551	0.00673
13	0.04449	0.00526	0.00671	0.00611	0.00754	0.00490	0.00467	0.01041	0.01296	0.10009	0.69052	0.03166	0.03893	0.00891	0.00529	0.00146	0.00244	0.00778	0.00509	0.00478
14	0.00941	0.00890	0.01508	0.64404	0.20847	0.01050	0.01323	0.01243	0.00960	0.01264	0.00838	0.01220	0.00647	0.00454	0.00464	0.00151	0.00605	0.00414	0.00212	0.00567
15	0.01125	0.01078	0.01840	0.10616	0.73196	0.01098	0.01415	0.01404	0.01047	0.01488	0.00870	0.01160	0.00726	0.00419	0.00461	0.00140	0.00559	0.00414	0.00228	0.00715
16	0.00677	0.00451	0.00507	0.00507	0.00507	0.00451	0.00282	0.00677	0.00677	0.00902	0.01466	0.03044	0.01691	0.83650	0.02368	0.00451	0.00451	0.00677	0.00282	0.00282
17	0.00635	0.00450	0.00580	0.00622	0.00654	0.00434	0.01891	0.00696	0.00817	0.01085	0.02099	0.41267	0.03899	0.36497	0.01352	0.00301	0.00366	0.05646	0.00364	0.00345
18	0.00677	0.00451	0.00507	0.00507	0.00507	0.00451	0.00282	0.00677	0.00677	0.00902	0.01466	0.03044	0.01691	0.83650	0.02368	0.00451	0.00451	0.00677	0.00282	0.00282
19	0.00676	0.00455	0.00528	0.00528	0.00535	0.00462	0.00307	0.00689	0.00683	0.00917	0.01447	0.02942	0.01647	0.76920	0.09038	0.00476	0.00518	0.00662	0.00279	0.00293
20	0.00567	0.00405	0.00540	0.00648	0.00675	0.00378	0.00432	0.00648	0.00891	0.01188	0.02564	0.83347	0.03077	0.01457	0.00594	0.00189	0.00270	0.01323	0.00432	0.00378
21	0.01214	0.75990	0.10113	0.00848	0.01274	0.01767	0.00886	0.01401	0.00949	0.01131	0.00665	0.00769	0.00596	0.00402	0.00312	0.00104	0.00516	0.00258	0.00199	0.00606
22	0.04752	0.00857	0.00988	0.00778	0.02737	0.00753	0.00605	0.11910	0.03325	0.01783	0.10667	0.01324	0.01178	0.00515	0.01785	0.00107	0.00373	0.00377	0.00335	0.54850

[dist]
# distance from previous block
# <min> <max>
0	2

[block]
# block no. 8 follows, 55 sequences, length 33
# corresponding to MSA columns:
# 293-325
name=unknown_I
#
# <colnr> <probs for GDERKNQSTAVLIFYWHMCP>
#	G	D	E	R	K	N	Q	S	T	A	V	L	I	F	Y	W	H	M	C	P
0	0.00720	0.00518	0.00767	0.00771	0.00855	0.00499	0.05878	0.00843	0.00956	0.05625	0.07478	0.59322	0.02761	0.03060	0.00654	0.00189	0.03133	0.05126	0.00420	0.00427
1	0.03842	0.00844	0.01318	0.56805	0.03792	0.01070	0.01146	0.01178	0.00888	0.01249	0.00827	0.01213	0.00656	0.00537	0.00658	0.00161	0.16711	0.00408	0.06185	0.00513
2	0.01246	0.00919	0.01093	0.05524	0.06791	0.01004	0.00777	0.04731	0.46882	0.13994	0.07274	0.01851	0.04557	0.00639	0.00479	0.00153	0.00389	0.00539	0.00458	0.00701
3	0.84336	0.00940	0.00703	0.00630	0.00916	0.03508	0.00516	0.01382	0.00808	0.02058	0.00650	0.00758	0.00507	0.00433	0.00292	0.00143	0.00374	0.00253	0.00286	0.00505
4	0.00935	0.00884	0.01497	0.66080	0.19217	0.01048	0.01320	0.01238	0.00957	0.01257	0.00837	0.01222	0.00644	0.00455	0.00464	0.00152	0.00606	0.00414	0.00212	0.00562
5	0.00608	0.00474	0.00552	0.00533	0.00664	0.00418	0.00400	0.00781	0.01199	0.01585	0.45531	0.03937	0.39537	0.01056	0.00549	0.00151	0.00227	0.00906	0.00475	0.00418
6	0.00890	0.00849	0.01466	0.78329	0.03164	0.01041	0.05349	0.01204	0.00939	0.01204	0.00833	0.01241	0.00625	0.00461	0.00469	0.00155	0.00629	0.00421	0.00208	0.00523
7	0.00556	0.00472	0.00480	0.00478	0.00632	0.00395	0.00358	0.00679	0.01074	0.01290	0.08858	0.04422	0.76394	0.01166	0.00550	0.00157	0.00235	0.00974	0.00436	0.00395
8	0.00898	0.00896	0.01676	0.32140	0.02282	0.00937	0.29395	0.02541	0.01018	0.01335	0.01467	0.14377	0.07650	0.00655	0.00523	0.00161	0.00591	0.00652	0.00276	0.00530
9	0.01228	0.79678	0.06549	0.00824	0.01237	0.01801	0.00844	0.01397	0.00947	0.01114	0.00657	0.00759	0.00597	0.00400	0.00306	0.00102	0.00507	0.00254	0.00199	0.00602
10	0.00581	0.00471	0.00516	0.00508	0.00649	0.00406	0.00380	0.00727	0.01129	0.01429	0.26286	0.06207	0.56842	0.01121	0.00551	0.00155	0.00232	0.00950	0.00455	0.00406
11	0.00567	0.00405	0.00540	0.00648	0.00675	0.00378	0.00432	0.00648	0.00891	0.01188	0.02564	0.83347	0.03077	0.01457	0.00594	0.00189	0.00270	0.01323	0.00432	0.00378
12	0.04037	0.01002	0.05556	0.00907	0.01280	0.00902	0.00781	0.18017	0.06612	0.53462	0.01606	0.01444	0.01048	0.00565	0.00462	0.00144	0.00433	0.00449	0.00518	0.00775
13	0.01157	0.00737	0.00789	0.00676	0.00861	0.00803	0.00538	0.25510	0.01340	0.02075	0.01343	0.01502	0.01035	0.00562	0.00435	0.00123	0.04826	0.00428	0.54710	0.00550
14	0.29926	0.01163	0.01153	0.00916	0.01258	0.01304	0.00755	0.51725	0.03477	0.02630	0.00979	0.01011	0.00710	0.00518	0.00407	0.00141	0.00458	0.00366	0.00407	0.00695
15	0.00666	0.00451	0.00533	0.00553	0.00565	0.00450	0.00337	0.00694	0.00729	0.00973	0.01659	0.13744	0.01912	0.65658	0.04596	0.00413	0.00451	0.05002	0.00309	0.00307
16	0.00567	0.00405	0.00540	0.00648	0.00675	0.00378	0.00432	0.00648	0.00891	0.01188	0.02564	0.83347	0.03077	0.01457	0.00594	0.00189	0.00270	0.01323	0.00432	0.00378
17	0.01255	0.66729	0.03818	0.00842	0.01227	0.01713	0.00812	0.05830	0.11454	0.01316	0.00841	0.00902	0.00716	0.00439	0.00334	0.00110	0.00485	0.00297	0.00250	0.00628
18	0.01131	0.54279	0.31099	0.00989	0.01492	0.01564	0.01132	0.01422	0.00959	0.01232	0.00715	0.00832	0.00594	0.00414	0.00351	0.00117	0.00567	0.00283	0.00198	0.00630
19	0.00566	0.00409	0.00535	0.00636	0.00672	0.00379	0.00426	0.00649	0.00902	0.01192	0.02713	0.77869	0.08459	0.01438	0.00591	0.00187	0.00268	0.01299	0.00432	0.00379
20	0.00660	0.00474	0.00611	0.00689	0.00744	0.00460	0.00481	0.06121	0.00991	0.01320	0.02458	0.73364	0.02896	0.01386	0.00588	0.00187	0.00295	0.05433	0.00434	0.00409
21	0.00973	0.11703	0.69994	0.01283	0.01932	0.01170	0.03808	0.01465	0.00981	0.01430	0.00816	0.00963	0.00594	0.00436	0.00429	0.00142	0.00669	0.00339	0.00198	0.00675
22	0.00567	0.00405	0.00540	0.00648	0.00675	0.00378	0.00432	0.00648	0.00891	0.01188	0.02564	0.83347	0.03077	0.01457	0.00594	0.00189	0.00270	0.01323	0.00432	0.00378
23	0.00879	0.00827	0.01395	0.82532	0.03204	0.01034	0.01292	0.01189	0.00930	0.01189	0.00827	0.01240	0.00620	0.00465	0.00465	0.00155	0.00620	0.00413	0.00207	0.00517
24	0.07102	0.54650	0.18492	0.00942	0.01383	0.01548	0.04627	0.01387	0.00948	0.01263	0.00765	0.03634	0.00679	0.00445	0.00349	0.00118	0.00533	0.00319	0.00214	0.00603
25	0.02573	0.12278	0.55417	0.01226	0.03987	0.04934	0.01415	0.01503	0.05364	0.01469	0.04964	0.01117	0.00835	0.00474	0.00428	0.00140	0.00620	0.00366	0.00233	0.00657
26	0.03040	0.28021	0.34174	0.01090	0.04065	0.06919	0.01159	0.01493	0.01044	0.07768	0.06378	0.01119	0.00905	0.00476	0.00401	0.00129	0.00570	0.00355	0.00256	0.00637
27	0.00835	0.05216	0.00816	0.00739	0.00863	0.02698	0.00556	0.08379	0.07977	0.01473	0.09153	0.41115	0.05208	0.01156	0.00613	0.04673	0.00343	0.07307	0.00416	0.00466
28	0.05234	0.00972	0.01076	0.00806	0.01193	0.00899	0.00652	0.22875	0.05828	0.01960	0.00960	0.01041	0.00751	0.00424	0.00383	0.00097	0.00393	0.00329	0.00340	0.53788
29	0.01060	0.00993	0.01674	0.02407	0.62200	0.00987	0.03772	0.01323	0.01062	0.01487	0.01302	0.01941	0.04781	0.00583	0.00496	0.00151	0.00526	0.12315	0.00270	0.00670
30	0.01150	0.44574	0.34916	0.01043	0.01550	0.07079	0.01184	0.01458	0.00986	0.01254	0.00730	0.00850	0.00594	0.00422	0.00366	0.00121	0.00600	0.00292	0.00201	0.00630
31	0.01030	0.00722	0.00894	0.04660	0.03318	0.00722	0.00632	0.19080	0.01263	0.07852	0.05346	0.38697	0.05028	0.00983	0.00521	0.00158	0.00363	0.00861	0.00425	0.07446
32	0.01118	0.01236	0.02611	0.01878	0.02325	0.01181	0.72123	0.05114	0.01136	0.01544	0.00971	0.02712	0.00750	0.00429	0.00569	0.00158	0.02716	0.00553	0.00249	0.00628

[dist]
# distance from previous block
# <min> <max>
0	1

[block]
# block no. 9 follows, 55 sequences, length 15
# corresponding to MSA columns:
# 327-341
name=unknown_J
#
# <colnr> <probs for GDERKNQSTAVLIFYWHMCP>
#	G	D	E	R	K	N	Q	S	T	A	V	L	I	F	Y	W	H	M	C	P
0	0.01390	0.01076	0.01739	0.01445	0.08222	0.05090	0.27878	0.07846	0.02566	0.21784	0.01276	0.04036	0.00989	0.00681	0.03936	0.00179	0.05778	0.03075	0.00355	0.00658
1	0.01738	0.02217	0.01318	0.01199	0.01438	0.81783	0.00899	0.01858	0.01318	0.01139	0.00719	0.00839	0.00599	0.00479	0.00419	0.00120	0.00839	0.00300	0.00240	0.00539
2	0.00823	0.00444	0.00640	0.00614	0.00653	0.00425	0.00418	0.00660	0.00640	0.00876	0.00810	0.01371	0.00797	0.01495	0.01678	0.78222	0.00398	0.00392	0.00209	0.08435
3	0.00677	0.00451	0.00507	0.00507	0.00507	0.00451	0.00282	0.00677	0.00677	0.00902	0.01466	0.03044	0.01691	0.83650	0.02368	0.00451	0.00451	0.00677	0.00282	0.00282
4	0.01768	0.01303	0.01396	0.01070	0.01443	0.01443	0.00884	0.79197	0.02187	0.02932	0.01117	0.01117	0.00791	0.00558	0.00465	0.00140	0.00512	0.00419	0.00465	0.00791
5	0.01651	0.00705	0.00963	0.00814	0.01093	0.00628	0.00679	0.01842	0.01268	0.55551	0.08518	0.02612	0.01783	0.00776	0.00516	0.00161	0.00389	0.18840	0.00535	0.00676
6	0.01196	0.00827	0.00991	0.00728	0.01124	0.00656	0.00586	0.01447	0.04512	0.17359	0.01074	0.01122	0.00813	0.00403	0.00375	0.00088	0.00356	0.00325	0.00344	0.65673
7	0.01812	0.01233	0.01353	0.01037	0.01408	0.01339	0.00857	0.68672	0.02070	0.13622	0.01215	0.01181	0.00840	0.00561	0.00466	0.00140	0.00496	0.00426	0.00480	0.00791
8	0.01712	0.00724	0.00970	0.00775	0.01071	0.00643	0.00628	0.01945	0.04294	0.59255	0.20539	0.02039	0.01932	0.00667	0.00487	0.00145	0.00353	0.00559	0.00557	0.00706
