[name]
unknown

[dist]
# distance from previous block
# <min> <max>
0	35

[block]
# block no. 0 follows, 55 sequences, length 25
# corresponding to MSA columns:
# 36-60
name=unknown_A
#
# <colnr> <probs for GDERKNQSTAVLIFYWHMCP>
#	G	D	E	R	K	N	Q	S	T	A	V	L	I	F	Y	W	H	M	C	P
0	0.00778	0.00601	0.00894	0.19104	0.01464	0.00647	0.00871	0.01014	0.01040	0.01347	0.02098	0.04352	0.02218	0.01102	0.00603	0.00201	0.00471	0.60369	0.00379	0.00448
1	0.01167	0.50765	0.16487	0.01351	0.19114	0.01540	0.01103	0.01415	0.00977	0.01258	0.00732	0.00879	0.00627	0.00410	0.00361	0.00117	0.00544	0.00303	0.00206	0.00645
2	0.00859	0.00803	0.01287	0.48404	0.18002	0.00905	0.01109	0.01120	0.00985	0.01270	0.01705	0.01946	0.18502	0.00614	0.00483	0.00152	0.00521	0.00541	0.00262	0.00533
3	0.00687	0.00602	0.00799	0.01034	0.18535	0.00549	0.00607	0.00834	0.01032	0.01304	0.03494	0.16996	0.49698	0.01055	0.00537	0.00158	0.00312	0.00912	0.00387	0.00467
4	0.00602	0.00433	0.00516	0.00567	0.00608	0.00406	0.00365	0.00661	0.00847	0.01101	0.02577	0.40982	0.16821	0.29947	0.01202	0.00274	0.00327	0.01036	0.00380	0.00347
5	0.00993	0.00918	0.01425	0.36443	0.25387	0.00969	0.01136	0.01324	0.05253	0.01400	0.00899	0.01179	0.00713	0.00432	0.00437	0.00131	0.00525	0.00389	0.00243	0.19801
6	0.67981	0.00876	0.00772	0.00660	0.00964	0.00963	0.00544	0.01569	0.00912	0.19733	0.00913	0.00941	0.00649	0.00464	0.00328	0.00144	0.00368	0.00300	0.00352	0.00568
7	0.00596	0.00473	0.00535	0.00519	0.00657	0.00412	0.00390	0.00757	0.01169	0.01514	0.36745	0.04054	0.48366	0.01082	0.00549	0.00153	0.00229	0.00922	0.00466	0.00412
8	0.00965	0.00916	0.00864	0.00909	0.01052	0.18690	0.00756	0.01174	0.02711	0.01338	0.02213	0.04140	0.07413	0.01085	0.00583	0.00188	0.00506	0.53653	0.00387	0.00457
9	0.01023	0.00908	0.01387	0.27402	0.35473	0.03864	0.01119	0.01291	0.01009	0.01449	0.00998	0.01298	0.00797	0.00461	0.00430	0.00136	0.00509	0.00414	0.19437	0.00592
10	0.00665	0.00498	0.00748	0.00748	0.00831	0.00582	0.00582	0.00831	0.00748	0.01080	0.01246	0.01828	0.01163	0.03489	0.81807	0.00748	0.01246	0.00498	0.00249	0.00415
11	0.00894	0.00836	0.01377	0.78114	0.03096	0.01040	0.01262	0.01258	0.05208	0.01230	0.00885	0.01267	0.00663	0.00474	0.00466	0.00155	0.00607	0.00420	0.00221	0.00529
12	0.05742	0.01182	0.03006	0.05127	0.14980	0.18523	0.05532	0.06691	0.01183	0.02599	0.07417	0.02190	0.01421	0.01845	0.00557	0.00161	0.03289	0.17672	0.00321	0.00562
13	0.01256	0.00840	0.00878	0.00786	0.01006	0.06790	0.00607	0.01818	0.28140	0.19430	0.06418	0.10144	0.02906	0.00704	0.00459	0.00145	0.00361	0.00587	0.16107	0.00619
14	0.04009	0.19172	0.22457	0.01048	0.02603	0.02561	0.01031	0.01439	0.12059	0.01388	0.02662	0.05692	0.04267	0.00629	0.00641	0.00152	0.16877	0.00448	0.00271	0.00598
15	0.00872	0.00797	0.01318	0.45911	0.20476	0.00904	0.01131	0.01123	0.00951	0.01265	0.01226	0.19563	0.01196	0.00675	0.00493	0.00159	0.00526	0.00617	0.00262	0.00536
16	0.01094	0.09037	0.31436	0.01060	0.06221	0.00945	0.01053	0.04571	0.01054	0.09912	0.01198	0.06697	0.00968	0.00557	0.00452	0.00138	0.03065	0.00443	0.19487	0.00614
17	0.13693	0.00987	0.04707	0.01105	0.06998	0.02554	0.10926	0.05522	0.11335	0.20337	0.04281	0.01742	0.07884	0.00703	0.03420	0.00171	0.00488	0.02113	0.00394	0.00641
18	0.00729	0.00522	0.00721	0.00796	0.00904	0.00514	0.00680	0.00945	0.01126	0.01498	0.19898	0.04852	0.03060	0.01211	0.00622	0.00199	0.00382	0.60465	0.00447	0.00431
19	0.00626	0.00468	0.00581	0.00565	0.00678	0.00423	0.00419	0.00811	0.01222	0.01669	0.56663	0.10778	0.21290	0.01047	0.00553	0.00153	0.00228	0.00915	0.00487	0.00423
20	0.01320	0.03845	0.14372	0.03308	0.40969	0.01034	0.07007	0.01622	0.01105	0.19264	0.01080	0.01217	0.00798	0.00454	0.00461	0.00141	0.00555	0.00420	0.00301	0.00725
21	0.01045	0.01322	0.13420	0.01587	0.02076	0.01039	0.50610	0.01417	0.01052	0.01494	0.00901	0.01152	0.00686	0.00389	0.00488	0.00136	0.00672	0.00459	0.00239	0.19819
22	0.00722	0.00535	0.00706	0.18832	0.01110	0.00581	0.00508	0.00791	0.00733	0.00966	0.01323	0.02641	0.01452	0.65066	0.01943	0.00385	0.00489	0.00618	0.00265	0.00334
23	0.01079	0.19659	0.09080	0.02901	0.10202	0.01167	0.29233	0.01376	0.01077	0.04320	0.09698	0.01554	0.04166	0.00515	0.00471	0.00141	0.00581	0.01896	0.00276	0.00609
24	0.01072	0.01226	0.12635	0.28151	0.15885	0.02414	0.23287	0.01419	0.01037	0.05697	0.00947	0.01268	0.00720	0.00452	0.00487	0.00151	0.00653	0.01635	0.00241	0.00623

[dist]
# distance from previous block
# <min> <max>
0	1

[block]
# block no. 1 follows, 55 sequences, length 17
# corresponding to MSA columns:
# 62-78
name=unknown_B
#
# <colnr> <probs for GDERKNQSTAVLIFYWHMCP>
#	G	D	E	R	K	N	Q	S	T	A	V	L	I	F	Y	W	H	M	C	P
0	0.00783	0.00607	0.00730	0.00676	0.00824	0.00619	0.00513	0.01277	0.21005	0.01886	0.60810	0.03039	0.03646	0.00871	0.00530	0.00149	0.00257	0.00762	0.00502	0.00513
1	0.01204	0.01030	0.01552	0.37095	0.23887	0.01152	0.02820	0.20824	0.01292	0.03291	0.00935	0.01192	0.00707	0.00475	0.00466	0.00146	0.00574	0.00419	0.00286	0.00653
2	0.01120	0.49847	0.01729	0.00753	0.01015	0.09677	0.00655	0.01228	0.00915	0.01066	0.00948	0.04462	0.00976	0.21305	0.00841	0.00193	0.00507	0.00405	0.01854	0.00501
3	0.01370	0.04627	0.01294	0.01061	0.01298	0.41089	0.00834	0.01509	0.01085	0.01227	0.00720	0.00906	0.00624	0.00515	0.00636	0.00124	0.18458	0.00315	0.00239	0.22068
4	0.00928	0.00811	0.01057	0.21191	0.01613	0.00715	0.00732	0.01156	0.00953	0.01422	0.00892	0.04138	0.00762	0.00417	0.00384	0.00095	0.00411	0.00350	0.00264	0.61711
5	0.00870	0.01397	0.34543	0.01035	0.02666	0.00869	0.04048	0.01281	0.08932	0.01398	0.09069	0.01953	0.02416	0.21395	0.00997	0.00228	0.04279	0.01788	0.00286	0.00548
6	0.00934	0.00786	0.00902	0.00745	0.01044	0.00706	0.00574	0.01393	0.20727	0.01558	0.01440	0.17548	0.01347	0.00638	0.00426	0.00115	0.00336	0.00547	0.00356	0.47877
7	0.01049	0.00984	0.01583	0.18140	0.43185	0.00972	0.03345	0.01318	0.01011	0.01452	0.00855	0.01125	0.00701	0.00406	0.00435	0.00125	0.00520	0.00383	0.00237	0.22174
8	0.01653	0.00970	0.01658	0.01515	0.17328	0.00891	0.20466	0.01906	0.01219	0.45307	0.01420	0.01415	0.00957	0.00498	0.00487	0.00146	0.00524	0.00478	0.00422	0.00740
9	0.00848	0.00619	0.00746	0.00695	0.00835	0.00619	0.00522	0.16384	0.01355	0.01854	0.38750	0.26442	0.06435	0.01031	0.00545	0.00158	0.00293	0.00904	0.00476	0.00489
10	0.00948	0.00674	0.00778	0.00696	0.00806	0.00725	0.00492	0.20378	0.01069	0.01446	0.01335	0.02319	0.01361	0.46886	0.17696	0.00432	0.00624	0.00577	0.00321	0.00436
11	0.00832	0.00709	0.01089	0.00864	0.01068	0.00649	0.16049	0.00976	0.00839	0.01189	0.01182	0.02058	0.01197	0.38992	0.08658	0.00324	0.00562	0.00535	0.00268	0.21960
12	0.01046	0.01318	0.21209	0.17274	0.01808	0.01113	0.01093	0.01967	0.44423	0.01677	0.01416	0.01448	0.01053	0.00551	0.00464	0.00155	0.00498	0.00458	0.00351	0.00680
13	0.00887	0.00512	0.00539	0.00484	0.00654	0.00471	0.00370	0.01101	0.00973	0.01691	0.01380	0.01581	0.01092	0.00503	0.00329	0.00101	0.00242	0.00402	0.69131	0.17556
14	0.00851	0.00718	0.01123	0.21695	0.17381	0.00766	0.00999	0.01096	0.01033	0.01359	0.01859	0.03387	0.05991	0.00901	0.00557	0.00181	0.00491	0.38769	0.00334	0.00510
15	0.01171	0.67396	0.02230	0.17058	0.01594	0.01680	0.00895	0.01352	0.00942	0.01113	0.00683	0.00845	0.00602	0.00411	0.00332	0.00111	0.00522	0.00282	0.00201	0.00581
16	0.23105	0.01202	0.01218	0.00956	0.01307	0.01343	0.00789	0.59700	0.01838	0.02720	0.00999	0.01026	0.00719	0.00527	0.00421	0.00141	0.00474	0.00377	0.00421	0.00719

[dist]
# distance from previous block
# <min> <max>
1	34

[block]
# block no. 2 follows, 55 sequences, length 7
# corresponding to MSA columns:
# 113-119
name=unknown_C
#
# <colnr> <probs for GDERKNQSTAVLIFYWHMCP>
#	G	D	E	R	K	N	Q	S	T	A	V	L	I	F	Y	W	H	M	C	P
0	0.00712	0.00511	0.00697	0.00745	0.00853	0.00496	0.00621	0.00928	0.01173	0.01588	0.34704	0.04515	0.03385	0.01147	0.00604	0.00186	0.00342	0.45899	0.00463	0.00433
1	0.00642	0.00541	0.00588	0.00541	0.00738	0.00440	0.00406	0.00775	0.01018	0.01305	0.03595	0.13625	0.53391	0.01031	0.00511	0.00142	0.00264	0.00871	0.00398	0.19179
2	0.00965	0.00827	0.00965	0.00689	0.01102	0.00620	0.00551	0.01171	0.00965	0.01516	0.00827	0.00965	0.00689	0.00345	0.00345	0.00069	0.00345	0.00276	0.00276	0.86494
3	0.19937	0.00964	0.00973	0.00866	0.01141	0.01101	0.00682	0.02217	0.57422	0.07236	0.01618	0.01512	0.01202	0.00584	0.00433	0.00154	0.00368	0.00462	0.00440	0.00689
4	0.00932	0.00881	0.01491	0.67001	0.18319	0.01048	0.01318	0.01235	0.00955	0.01253	0.00836	0.01223	0.00643	0.00455	0.00464	0.00152	0.00607	0.00414	0.00211	0.00560
5	0.01018	0.17113	0.01083	0.00737	0.00874	0.18481	0.00544	0.01088	0.00875	0.01008	0.01123	0.02003	0.01191	0.41913	0.08835	0.00337	0.00618	0.00495	0.00254	0.00412
6	0.19818	0.00867	0.00851	0.00774	0.01012	0.00991	0.00605	0.01960	0.47258	0.01936	0.01548	0.01522	0.01176	0.00570	0.00404	0.00145	0.00337	0.00448	0.17150	0.00627

[dist]
# distance from previous block
# <min> <max>
1	3

[block]
# block no. 3 follows, 55 sequences, length 88
# corresponding to MSA columns:
# 124-211
name=unknown_D
#
# <colnr> <probs for GDERKNQSTAVLIFYWHMCP>
#	G	D	E	R	K	N	Q	S	T	A	V	L	I	F	Y	W	H	M	C	P
0	0.01160	0.01067	0.04946	0.00968	0.01251	0.01148	0.00790	0.05433	0.70918	0.01948	0.01826	0.01767	0.01388	0.00636	0.00476	0.00158	0.00391	0.02542	0.00458	0.00728
1	0.01572	0.01716	0.01306	0.01143	0.01354	0.47581	0.00891	0.10637	0.04414	0.05263	0.00862	0.00999	0.00697	0.00567	0.00647	0.00141	0.17027	0.00355	0.02249	0.00580
2	0.04094	0.00586	0.04525	0.00616	0.00763	0.00492	0.00499	0.00915	0.01266	0.01822	0.69325	0.03301	0.08213	0.00918	0.00533	0.00147	0.00249	0.00801	0.00484	0.00451
3	0.79337	0.00876	0.00692	0.00614	0.00898	0.00997	0.00503	0.01336	0.00824	0.02054	0.04527	0.00896	0.00700	0.00454	0.00303	0.00141	0.00352	0.00281	0.00298	0.03918
4	0.01202	0.76580	0.02303	0.04030	0.01241	0.01741	0.00791	0.01350	0.00932	0.01089	0.00694	0.00877	0.00651	0.04438	0.00405	0.00119	0.00500	0.00276	0.00203	0.00579
5	0.00855	0.00578	0.00791	0.00864	0.00994	0.00579	0.00752	0.04136	0.01128	0.05317	0.02379	0.04906	0.02528	0.01222	0.00627	0.00208	0.00430	0.70809	0.00437	0.00460
6	0.00732	0.00580	0.04457	0.00569	0.00618	0.00521	0.00376	0.03835	0.00751	0.01010	0.01421	0.02868	0.01602	0.76314	0.02199	0.00424	0.00465	0.00650	0.00285	0.00322
7	0.00676	0.00519	0.00692	0.03935	0.04667	0.00488	0.00509	0.00887	0.01252	0.01735	0.62605	0.03417	0.14988	0.00938	0.00541	0.00148	0.00254	0.00824	0.00475	0.00450
8	0.00647	0.00472	0.00609	0.00581	0.00690	0.00433	0.00433	0.00854	0.01280	0.01795	0.72079	0.07409	0.08994	0.00990	0.00551	0.00149	0.00223	0.00873	0.00503	0.00433
9	0.00879	0.00827	0.01395	0.82532	0.03204	0.01034	0.01292	0.01189	0.00930	0.01189	0.00827	0.01240	0.00620	0.00465	0.00465	0.00155	0.00620	0.00413	0.00207	0.00517
10	0.01738	0.02217	0.01318	0.01199	0.01438	0.81783	0.00899	0.01858	0.01318	0.01139	0.00719	0.00839	0.00599	0.00479	0.00419	0.00120	0.00839	0.00300	0.00240	0.00539
11	0.01969	0.00795	0.01068	0.00813	0.01179	0.00677	0.00670	0.02152	0.01293	0.72681	0.01729	0.01518	0.01103	0.00551	0.00455	0.00136	0.00390	0.00448	0.00544	0.09829
12	0.86937	0.00900	0.00684	0.00612	0.00900	0.01044	0.00504	0.01368	0.00792	0.02087	0.00648	0.00756	0.00504	0.00432	0.00288	0.00144	0.00360	0.00252	0.00288	0.00504
13	0.01738	0.02217	0.01318	0.01199	0.01438	0.81783	0.00899	0.01858	0.01318	0.01139	0.00719	0.00839	0.00599	0.00479	0.00419	0.00120	0.00839	0.00300	0.00240	0.00539
14	0.00620	0.00473	0.00574	0.00602	0.00699	0.00439	0.00433	0.00813	0.04830	0.01446	0.26225	0.34527	0.23112	0.01194	0.00564	0.00167	0.00253	0.02154	0.00458	0.00418
15	0.00595	0.00473	0.00534	0.00519	0.00656	0.00412	0.00389	0.00755	0.01167	0.01510	0.36231	0.04060	0.48883	0.01084	0.00549	0.00153	0.00229	0.00923	0.00465	0.00412
16	0.00965	0.00827	0.00965	0.00689	0.01102	0.00620	0.00551	0.01171	0.00965	0.01516	0.00827	0.00965	0.00689	0.00345	0.00345	0.00069	0.00345	0.00276	0.00276	0.86494
17	0.01077	0.01116	0.01416	0.01219	0.01239	0.08012	0.01008	0.01180	0.00762	0.01121	0.00620	0.01003	0.00610	0.00787	0.01436	0.00197	0.76080	0.00398	0.00207	0.00511
18	0.01755	0.01101	0.01232	0.00953	0.01300	0.01165	0.00784	0.53220	0.01864	0.21244	0.01317	0.01278	0.00909	0.00558	0.00452	0.00137	0.00457	0.00430	0.07887	0.01957
19	0.02698	0.01249	0.07477	0.07420	0.02183	0.01209	0.50904	0.02697	0.01018	0.01433	0.00861	0.01179	0.00672	0.00484	0.00715	0.00164	0.16314	0.00491	0.00230	0.00601
20	0.01011	0.01012	0.01395	0.02955	0.01258	0.03414	0.02512	0.01123	0.00741	0.01122	0.00674	0.01110	0.00664	0.03033	0.04957	0.00229	0.71660	0.00418	0.00209	0.00502
21	0.00677	0.00451	0.00507	0.00507	0.00507	0.00451	0.00282	0.00677	0.00677	0.00902	0.01466	0.03044	0.01691	0.83650	0.02368	0.00451	0.00451	0.00677	0.00282	0.00282
22	0.02189	0.01989	0.01232	0.03940	0.01279	0.00745	0.18885	0.06658	0.02236	0.03919	0.22135	0.18982	0.03398	0.04813	0.00630	0.00175	0.00434	0.05459	0.00393	0.00507
23	0.01257	0.81680	0.02407	0.00807	0.01201	0.04042	0.00799	0.01406	0.00956	0.01096	0.00649	0.00749	0.00597	0.00400	0.00302	0.00100	0.00507	0.00250	0.00200	0.00595
24	0.00933	0.02406	0.81240	0.01326	0.02014	0.01080	0.01719	0.01473	0.00982	0.01473	0.00835	0.00982	0.00589	0.00442	0.00442	0.00147	0.00688	0.00344	0.00196	0.00688
25	0.00677	0.00519	0.00727	0.00744	0.00815	0.00550	0.02239	0.00809	0.00884	0.01201	0.05768	0.25987	0.06449	0.10840	0.21337	0.00359	0.05785	0.13552	0.00354	0.00403
26	0.01049	0.02665	0.00970	0.00851	0.01052	0.01013	0.00644	0.03488	0.55596	0.01680	0.01713	0.01968	0.01423	0.18259	0.03817	0.00240	0.01989	0.00546	0.00414	0.00623
27	0.01275	0.00982	0.01097	0.00968	0.01228	0.01087	0.00797	0.31625	0.27083	0.02166	0.01759	0.02515	0.01542	0.00793	0.00519	0.00167	0.00441	0.22829	0.00457	0.00668
28	0.01118	0.00947	0.00697	0.00661	0.00810	0.23144	0.00497	0.01338	0.03245	0.01574	0.01305	0.01485	0.01033	0.00527	0.00356	0.00113	0.00395	0.00399	0.59886	0.00471
29	0.00933	0.02406	0.81240	0.01326	0.02014	0.01080	0.01719	0.01473	0.00982	0.01473	0.00835	0.00982	0.00589	0.00442	0.00442	0.00147	0.00688	0.00344	0.00196	0.00688
30	0.01043	0.00859	0.00997	0.00718	0.01128	0.00679	0.00577	0.06613	0.01057	0.03242	0.00868	0.00988	0.00706	0.00364	0.00355	0.00075	0.00357	0.00290	0.00295	0.78788
31	0.02087	0.00792	0.01080	0.00828	0.01188	0.00684	0.00684	0.02267	0.01332	0.81071	0.01835	0.01583	0.01152	0.00576	0.00468	0.00144	0.00396	0.00468	0.00576	0.00792
32	0.10773	0.00803	0.01039	0.00806	0.01158	0.00721	0.00665	0.02175	0.01276	0.72985	0.01714	0.01499	0.01085	0.00561	0.00449	0.00144	0.00392	0.00446	0.00546	0.00762
33	0.00572	0.00408	0.00545	0.00653	0.00682	0.00382	0.00440	0.00656	0.00895	0.01193	0.02561	0.81320	0.03067	0.01453	0.00595	0.00190	0.00274	0.03302	0.00432	0.00379
34	0.00933	0.02406	0.81240	0.01326	0.02014	0.01080	0.01719	0.01473	0.00982	0.01473	0.00835	0.00982	0.00589	0.00442	0.00442	0.00147	0.00688	0.00344	0.00196	0.00688
35	0.00567	0.00405	0.00540	0.00648	0.00675	0.00378	0.00432	0.00648	0.00891	0.01188	0.02564	0.83347	0.03077	0.01457	0.00594	0.00189	0.00270	0.01323	0.00432	0.00378
36	0.76374	0.00917	0.00752	0.00653	0.00951	0.01044	0.00538	0.06085	0.00910	0.07224	0.00752	0.00831	0.00563	0.00449	0.00310	0.00144	0.00371	0.00276	0.00317	0.00540
37	0.00867	0.00434	0.00434	0.00434	0.00542	0.00434	0.00325	0.01084	0.00976	0.01734	0.01518	0.01734	0.01192	0.00542	0.00325	0.00108	0.00217	0.00434	0.86233	0.00434
38	0.00633	0.00475	0.00586	0.00558	0.00679	0.00428	0.00419	0.00828	0.01256	0.01722	0.62621	0.03712	0.22361	0.01005	0.00549	0.00149	0.00223	0.00874	0.00493	0.00428
39	0.00643	0.00485	0.00608	0.00586	0.00700	0.00449	0.00443	0.00835	0.01231	0.01689	0.58259	0.06326	0.19668	0.01023	0.00572	0.00153	0.01771	0.03644	0.00484	0.00428
40	0.01738	0.02217	0.01318	0.01199	0.01438	0.81783	0.00899	0.01858	0.01318	0.01139	0.00719	0.00839	0.00599	0.00479	0.00419	0.00120	0.00839	0.00300	0.00240	0.00539
41	0.01377	0.62824	0.02148	0.00891	0.01253	0.19160	0.00819	0.03548	0.01064	0.02314	0.00692	0.00788	0.00611	0.00422	0.00332	0.00106	0.00571	0.00267	0.00220	0.00592
42	0.00558	0.00472	0.00482	0.00480	0.00633	0.00396	0.00360	0.00683	0.01079	0.01302	0.10292	0.04403	0.74952	0.01161	0.00550	0.00156	0.00234	0.00971	0.00438	0.00396
43	0.05027	0.00878	0.01446	0.65028	0.16330	0.01046	0.01278	0.01238	0.00946	0.01288	0.00827	0.01202	0.00635	0.00455	0.00456	0.00152	0.00596	0.00406	0.00215	0.00554
44	0.01018	0.01018	0.01425	0.01221	0.01221	0.01425	0.01018	0.01120	0.00712	0.01120	0.00611	0.01018	0.00611	0.00814	0.01527	0.00204	0.82799	0.00407	0.00204	0.00509
45	0.00577	0.00472	0.00508	0.00499	0.00645	0.00404	0.00375	0.00719	0.01124	0.01407	0.23387	0.04230	0.61792	0.01122	0.00550	0.00154	0.00232	0.00947	0.00452	0.00404
46	0.00553	0.00471	0.00475	0.00474	0.00630	0.00394	0.00356	0.00673	0.01067	0.01272	0.06660	0.04451	0.78603	0.01172	0.00550	0.00157	0.00235	0.00978	0.00434	0.00394
47	0.00654	0.00475	0.00615	0.00580	0.00692	0.00437	0.00435	0.00869	0.01306	0.01840	0.77286	0.03518	0.07623	0.00961	0.00549	0.00147	0.00220	0.00847	0.00509	0.00437
48	0.00867	0.00434	0.00434	0.00434	0.00542	0.00434	0.00325	0.01084	0.00976	0.01734	0.01518	0.01734	0.01192	0.00542	0.00325	0.00108	0.00217	0.00434	0.86233	0.00434
49	0.86937	0.00900	0.00684	0.00612	0.00900	0.01044	0.00504	0.01368	0.00792	0.02087	0.00648	0.00756	0.00504	0.00432	0.00288	0.00144	0.00360	0.00252	0.00288	0.00504
50	0.01018	0.01018	0.01425	0.01221	0.01221	0.01425	0.01018	0.01120	0.00712	0.01120	0.00611	0.01018	0.00611	0.00814	0.01527	0.00204	0.82799	0.00407	0.00204	0.00509
51	0.01768	0.01303	0.01396	0.01070	0.01443	0.01443	0.00884	0.79197	0.02187	0.02932	0.01117	0.01117	0.00791	0.00558	0.00465	0.00140	0.00512	0.00419	0.00465	0.00791
52	0.01244	0.83930	0.02438	0.00796	0.01194	0.01841	0.00796	0.01393	0.00945	0.01095	0.00647	0.00746	0.00597	0.00398	0.00299	0.00100	0.00498	0.00249	0.00199	0.00597
53	0.00867	0.00434	0.00434	0.00434	0.00542	0.00434	0.00325	0.01084	0.00976	0.01734	0.01518	0.01734	0.01192	0.00542	0.00325	0.00108	0.00217	0.00434	0.86233	0.00434
54	0.01151	0.01105	0.01888	0.02855	0.80748	0.01105	0.01428	0.01428	0.01059	0.01520	0.00875	0.01151	0.00737	0.00415	0.00461	0.00138	0.00553	0.00415	0.00230	0.00737
55	0.02087	0.00792	0.01080	0.00828	0.01188	0.00684	0.00684	0.02267	0.01332	0.81071	0.01835	0.01583	0.01152	0.00576	0.00468	0.00144	0.00396	0.00468	0.00576	0.00792
56	0.00725	0.00528	0.00715	0.00809	0.00923	0.00518	0.00701	0.00927	0.01070	0.01376	0.02739	0.05153	0.12238	0.01272	0.00631	0.00207	0.00405	0.68209	0.00429	0.00424
57	0.01738	0.02217	0.01318	0.01199	0.01438	0.81783	0.00899	0.01858	0.01318	0.01139	0.00719	0.00839	0.00599	0.00479	0.00419	0.00120	0.00839	0.00300	0.00240	0.00539
58	0.00567	0.00405	0.00540	0.00648	0.00675	0.00378	0.00432	0.00648	0.00891	0.01188	0.02564	0.83347	0.03077	0.01457	0.00594	0.00189	0.00270	0.01323	0.00432	0.00378
59	0.00567	0.00405	0.00540	0.00648	0.00675	0.00378	0.00432	0.00648	0.00891	0.01188	0.02564	0.83347	0.03077	0.01457	0.00594	0.00189	0.00270	0.01323	0.00432	0.00378
60	0.00696	0.00544	0.00804	0.00786	0.00860	0.00654	0.00615	0.00854	0.00743	0.01081	0.01193	0.01775	0.01123	0.04547	0.73396	0.00695	0.08473	0.00493	0.00246	0.00422
61	0.01422	0.03321	0.02936	0.03195	0.31399	0.01000	0.16850	0.02716	0.02834	0.26152	0.01234	0.02838	0.00910	0.00487	0.00479	0.00144	0.00543	0.00472	0.00349	0.00717
62	0.00576	0.00411	0.00550	0.00658	0.00689	0.00385	0.00447	0.00663	0.00899	0.01197	0.02559	0.79624	0.03058	0.01449	0.00596	0.00190	0.00277	0.04959	0.00432	0.00380
63	0.00970	0.00981	0.03367	0.51725	0.14271	0.01075	0.14394	0.01342	0.04743	0.01330	0.00904	0.01248	0.00689	0.00453	0.00478	0.00153	0.00627	0.00440	0.00227	0.00582
64	0.01327	0.66915	0.02195	0.00842	0.01222	0.05150	0.00800	0.12136	0.01133	0.01366	0.00737	0.00827	0.00639	0.00427	0.00327	0.00106	0.00507	0.00279	0.02447	0.00617
65	0.01130	0.01572	0.33368	0.01251	0.08915	0.02704	0.03493	0.08584	0.06710	0.06082	0.03292	0.01170	0.00845	0.00464	0.00435	0.00130	0.00541	0.00382	0.00292	0.18638
66	0.01059	0.12092	0.53991	0.01419	0.08404	0.05495	0.06737	0.03004	0.01033	0.01443	0.00822	0.00981	0.00615	0.00435	0.00433	0.00140	0.00664	0.00351	0.00210	0.00671
67	0.00742	0.00713	0.10234	0.00665	0.00776	0.00554	0.02170	0.00842	0.00776	0.02527	0.05161	0.02729	0.01647	0.60554	0.06250	0.00400	0.00517	0.02090	0.00288	0.00365
68	0.01967	0.00984	0.01199	0.00919	0.01284	0.00970	0.00759	0.31234	0.01654	0.51648	0.01565	0.01408	0.01016	0.00569	0.00467	0.00142	0.00440	0.00449	0.00534	0.00792
69	0.01743	0.02898	0.01401	0.01073	0.01433	0.08218	0.00881	0.69608	0.03745	0.02726	0.01091	0.01100	0.00785	0.00550	0.00459	0.00138	0.00536	0.00408	0.00442	0.00765
70	0.00999	0.01002	0.01867	0.04637	0.33521	0.00971	0.27864	0.01285	0.01072	0.01475	0.06517	0.07885	0.07588	0.00585	0.00514	0.00151	0.00566	0.00604	0.00281	0.00618
71	0.01073	0.14983	0.22503	0.05137	0.07380	0.04946	0.01024	0.01454	0.08041	0.07388	0.11533	0.05146	0.03642	0.00664	0.02045	0.00153	0.00516	0.01448	0.00317	0.00610
72	0.01638	0.02002	0.01551	0.01311	0.01597	0.63476	0.13341	0.07069	0.01342	0.01317	0.00782	0.00924	0.00629	0.00471	0.00443	0.00127	0.00808	0.00347	0.00254	0.00571
73	0.00879	0.00827	0.01395	0.82532	0.03204	0.01034	0.01292	0.01189	0.00930	0.01189	0.00827	0.01240	0.00620	0.00465	0.00465	0.00155	0.00620	0.00413	0.00207	0.00517
74	0.00881	0.00838	0.01436	0.76584	0.03101	0.01024	0.04975	0.01190	0.00942	0.01205	0.00932	0.01324	0.02677	0.00480	0.00471	0.00155	0.00618	0.00434	0.00214	0.00519
75	0.00598	0.00487	0.00577	0.02873	0.02851	0.00439	0.00464	0.00725	0.01016	0.01257	0.03766	0.23779	0.49908	0.01217	0.00565	0.00170	0.00281	0.08203	0.00420	0.00405
76	0.01768	0.01303	0.01396	0.01070	0.01443	0.01443	0.00884	0.79197	0.02187	0.02932	0.01117	0.01117	0.00791	0.00558	0.00465	0.00140	0.00512	0.00419	0.00465	0.00791
77	0.01004	0.00850	0.00986	0.00708	0.01119	0.00660	0.00567	0.04955	0.01024	0.01585	0.00841	0.00972	0.00694	0.00355	0.00350	0.00072	0.00353	0.00283	0.00285	0.82339
78	0.00566	0.00407	0.00538	0.00643	0.00674	0.00378	0.00430	0.00648	0.00895	0.01189	0.02621	0.81271	0.05116	0.01450	0.00593	0.00188	0.00269	0.01314	0.00432	0.00378
79	0.00941	0.00890	0.01507	0.64419	0.20833	0.01050	0.01323	0.01243	0.00960	0.01264	0.00838	0.01220	0.00647	0.00454	0.00464	0.00151	0.00605	0.00414	0.00212	0.00567
80	0.01940	0.01028	0.01226	0.00940	0.01305	0.01034	0.00776	0.37769	0.01726	0.45011	0.01504	0.01368	0.00985	0.00568	0.00467	0.00142	0.00449	0.00445	0.00525	0.00791
81	0.00808	0.00404	0.00606	0.00606	0.00606	0.00404	0.00404	0.00606	0.00606	0.00808	0.00808	0.01414	0.00808	0.01616	0.01818	0.86465	0.00404	0.00404	0.00202	0.00202
82	0.00574	0.00410	0.00548	0.00656	0.00686	0.00384	0.00444	0.00660	0.00898	0.01195	0.02560	0.80327	0.03061	0.01451	0.00596	0.00190	0.00276	0.04273	0.00432	0.00380
83	0.00881	0.00446	0.00480	0.00473	0.00582	0.00450	0.00356	0.01077	0.00954	0.03688	0.01478	0.01725	0.01174	0.00801	0.06364	0.03496	0.00304	0.00438	0.74399	0.00433
84	0.01540	0.01057	0.04834	0.00939	0.01262	0.04259	0.00778	0.06721	0.40285	0.30456	0.01731	0.01574	0.01215	0.00592	0.00467	0.00150	0.00420	0.00481	0.00487	0.00749
85	0.01018	0.01018	0.01425	0.01221	0.01221	0.01425	0.01018	0.01120	0.00712	0.01120	0.00611	0.01018	0.00611	0.00814	0.01527	0.00204	0.82799	0.00407	0.00204	0.00509
86	0.10945	0.00803	0.01038	0.00805	0.01158	0.00721	0.00665	0.02173	0.01275	0.72825	0.01711	0.01497	0.01084	0.00561	0.00449	0.00144	0.00392	0.00445	0.00546	0.00762
87	0.03507	0.02489	0.04047	0.01193	0.09773	0.09262	0.02560	0.29131	0.06425	0.01917	0.01392	0.07343	0.06267	0.00778	0.03114	0.02439	0.05792	0.01580	0.00359	0.00632

[dist]
# distance from previous block
# <min> <max>
0	1

[block]
# block no. 4 follows, 55 sequences, length 10
# corresponding to MSA columns:
# 213-222
name=unknown_E
#
# <colnr> <probs for GDERKNQSTAVLIFYWHMCP>
#	G	D	E	R	K	N	Q	S	T	A	V	L	I	F	Y	W	H	M	C	P
0	0.01600	0.01275	0.01297	0.01044	0.01379	0.06190	0.00845	0.53595	0.23364	0.02555	0.01305	0.01269	0.00951	0.00574	0.00465	0.00143	0.00492	0.00441	0.00454	0.00761
1	0.01768	0.01303	0.01396	0.01070	0.01443	0.01443	0.00884	0.79197	0.02187	0.02932	0.01117	0.01117	0.00791	0.00558	0.00465	0.00140	0.00512	0.00419	0.00465	0.00791
2	0.00565	0.00412	0.00533	0.00630	0.00670	0.00379	0.00424	0.00650	0.00908	0.01195	0.02783	0.75316	0.10967	0.01429	0.00589	0.00186	0.00266	0.01288	0.00432	0.00379
3	0.01302	0.16443	0.26588	0.04252	0.06809	0.09983	0.03057	0.03587	0.09193	0.12876	0.01053	0.01119	0.00776	0.00477	0.00426	0.00136	0.00582	0.00373	0.00295	0.00673
4	0.01119	0.01065	0.01734	0.09659	0.61034	0.01125	0.01322	0.01488	0.08655	0.01506	0.00952	0.01207	0.00784	0.00466	0.00531	0.00146	0.05831	0.00425	0.00250	0.00703
5	0.00676	0.00455	0.00528	0.00528	0.00535	0.00462	0.00307	0.00690	0.00683	0.00917	0.01447	0.02941	0.01647	0.76855	0.09102	0.00476	0.00518	0.00661	0.00279	0.00293
6	0.00975	0.01100	0.05735	0.05563	0.06929	0.05491	0.38804	0.01262	0.01040	0.01375	0.01415	0.19111	0.03496	0.00694	0.00557	0.00163	0.02112	0.03333	0.00286	0.00558
7	0.01162	0.07320	0.19126	0.04142	0.05161	0.05347	0.33551	0.01506	0.01054	0.08116	0.00954	0.01177	0.00720	0.00586	0.04228	0.00176	0.04344	0.00445	0.00251	0.00633
8	0.00647	0.00424	0.00579	0.00652	0.00685	0.00406	0.00454	0.00685	0.00862	0.01151	0.06088	0.50281	0.02557	0.04521	0.00929	0.18912	0.00320	0.09122	0.00380	0.00345
9	0.01110	0.01657	0.30192	0.14123	0.14640	0.09622	0.11149	0.03066	0.01052	0.02957	0.00853	0.01085	0.00650	0.00466	0.00524	0.00148	0.05447	0.00394	0.00226	0.00640

[dist]
# distance from previous block
# <min> <max>
0	1

[block]
# block no. 5 follows, 55 sequences, length 105
# corresponding to MSA columns:
# 224-318,323-332
name=unknown_F
#
# <colnr> <probs for GDERKNQSTAVLIFYWHMCP>
#	G	D	E	R	K	N	Q	S	T	A	V	L	I	F	Y	W	H	M	C	P
0	0.08893	0.01025	0.03967	0.01051	0.07253	0.02329	0.00795	0.10364	0.32467	0.16176	0.02840	0.01563	0.02632	0.02613	0.01780	0.00167	0.02489	0.00475	0.00428	0.00694
1	0.61389	0.17791	0.04102	0.00710	0.01033	0.05964	0.00632	0.01406	0.00861	0.01808	0.00659	0.00767	0.00531	0.00428	0.00304	0.00134	0.00428	0.00258	0.00264	0.00532
2	0.03205	0.00484	0.00606	0.00625	0.00670	0.00506	0.00434	0.00771	0.00765	0.01065	0.01598	0.08359	0.01755	0.45174	0.21143	0.00464	0.00625	0.11099	0.00304	0.00347
3	0.04662	0.14095	0.06610	0.04628	0.15305	0.05592	0.07270	0.07959	0.03530	0.04221	0.00843	0.01055	0.00692	0.00541	0.00697	0.00151	0.20880	0.00386	0.00258	0.00625
4	0.04022	0.16156	0.20485	0.01639	0.24893	0.06462	0.06193	0.05430	0.04350	0.01518	0.02194	0.01168	0.00794	0.00467	0.00431	0.00136	0.00584	0.02165	0.00251	0.00664
5	0.00965	0.00827	0.00965	0.00689	0.01102	0.00620	0.00551	0.01171	0.00965	0.01516	0.00827	0.00965	0.00689	0.00345	0.00345	0.00069	0.00345	0.00276	0.00276	0.86494
6	0.00602	0.00454	0.00563	0.00638	0.00714	0.00423	0.00460	0.00743	0.03208	0.01251	0.03063	0.52037	0.22106	0.01344	0.00585	0.00183	0.00284	0.10511	0.00433	0.00398
7	0.00576	0.00450	0.00524	0.00571	0.00672	0.00399	0.00415	0.00691	0.01010	0.01272	0.07853	0.34722	0.41493	0.01280	0.00573	0.00173	0.00261	0.06237	0.00436	0.00392
8	0.00677	0.00451	0.00507	0.00507	0.00507	0.00451	0.00282	0.00677	0.00677	0.00902	0.01466	0.03044	0.01691	0.83650	0.02368	0.00451	0.00451	0.00677	0.00282	0.00282
9	0.01251	0.01217	0.02193	0.03291	0.02062	0.01223	0.49704	0.20248	0.08593	0.01863	0.01075	0.01278	0.00800	0.00525	0.02330	0.00166	0.00687	0.00512	0.00312	0.00670
10	0.08638	0.00975	0.01156	0.00894	0.01252	0.00971	0.00738	0.28429	0.01581	0.48227	0.01497	0.01359	0.00978	0.00559	0.00453	0.00142	0.00433	0.00434	0.00516	0.00769
11	0.00933	0.02406	0.81240	0.01326	0.02014	0.01080	0.01719	0.01473	0.00982	0.01473	0.00835	0.00982	0.00589	0.00442	0.00442	0.00147	0.00688	0.00344	0.00196	0.00688
12	0.01176	0.01003	0.01061	0.00950	0.01215	0.01157	0.00743	0.05927	0.74667	0.01979	0.01871	0.01784	0.01419	0.00642	0.00477	0.00158	0.00376	0.02192	0.00472	0.00732
13	0.02928	0.00869	0.02654	0.00716	0.01113	0.00674	0.00585	0.05162	0.01030	0.03116	0.02494	0.01084	0.00798	0.02490	0.00409	0.00089	0.00362	0.00309	0.00295	0.72824
14	0.00679	0.00550	0.00889	0.00874	0.00979	0.00522	0.11377	0.00831	0.00958	0.01273	0.02318	0.55452	0.02664	0.01274	0.00598	0.00190	0.00375	0.17371	0.00404	0.00423
15	0.00879	0.00827	0.01395	0.82532	0.03204	0.01034	0.01292	0.01189	0.00930	0.01189	0.00827	0.01240	0.00620	0.00465	0.00465	0.00155	0.00620	0.00413	0.00207	0.00517
16	0.01104	0.01053	0.01771	0.16646	0.64269	0.01095	0.01378	0.01425	0.04000	0.01478	0.00905	0.01189	0.00742	0.00431	0.00462	0.00142	0.00557	0.00419	0.00235	0.00699
17	0.00667	0.00453	0.00508	0.00507	0.00521	0.00447	0.00291	0.00682	0.00721	0.00954	0.04002	0.03154	0.07098	0.75655	0.02192	0.00422	0.00430	0.00702	0.00299	0.00294
18	0.00721	0.00491	0.00635	0.00590	0.00715	0.00448	0.00445	0.00932	0.01301	0.05700	0.71795	0.03447	0.09116	0.00947	0.00545	0.00147	0.00229	0.00832	0.00510	0.00453
19	0.02064	0.00787	0.01072	0.00824	0.01180	0.00680	0.00680	0.02245	0.01331	0.79802	0.03095	0.01614	0.01203	0.00582	0.00469	0.00144	0.00393	0.00474	0.00575	0.00786
20	0.00665	0.00498	0.00748	0.00748	0.00831	0.00582	0.00582	0.00831	0.00748	0.01080	0.01246	0.01828	0.01163	0.03489	0.81807	0.00748	0.01246	0.00498	0.00249	0.00415
21	0.00550	0.00471	0.00471	0.00471	0.00628	0.00393	0.00353	0.00668	0.01060	0.01257	0.04713	0.04477	0.80560	0.01178	0.00550	0.00157	0.00236	0.00982	0.00432	0.00393
22	0.01244	0.83930	0.02438	0.00796	0.01194	0.01841	0.00796	0.01393	0.00945	0.01095	0.00647	0.00746	0.00597	0.00398	0.00299	0.00100	0.00498	0.00249	0.00199	0.00597
23	0.00988	0.00849	0.01013	0.00776	0.02957	0.00690	0.00602	0.03508	0.00990	0.01533	0.00860	0.02555	0.00735	0.00397	0.00413	0.00081	0.04340	0.00310	0.00280	0.76124
24	0.01030	0.20217	0.61950	0.01197	0.01813	0.01237	0.01491	0.01476	0.00983	0.03410	0.00819	0.00946	0.00605	0.00436	0.00411	0.00137	0.00639	0.00326	0.00207	0.00670
25	0.01541	0.27500	0.03122	0.01135	0.03376	0.51696	0.02707	0.01688	0.01185	0.01148	0.00708	0.00830	0.00604	0.00450	0.00386	0.00115	0.00722	0.00293	0.00226	0.00567
26	0.01129	0.02849	0.04014	0.08492	0.56413	0.02628	0.14783	0.01429	0.01057	0.01473	0.00874	0.01157	0.00714	0.00416	0.00472	0.00142	0.00605	0.00430	0.00228	0.00694
27	0.00674	0.00451	0.00515	0.00518	0.00520	0.00453	0.00294	0.00680	0.00684	0.00914	0.01485	0.04870	0.01708	0.79460	0.04592	0.00453	0.00470	0.00686	0.00284	0.00288
28	0.01767	0.00874	0.01046	0.00822	0.01142	0.01994	0.00671	0.19290	0.02727	0.46081	0.01579	0.01477	0.01061	0.00559	0.00440	0.00135	0.00398	0.00444	0.14318	0.03174
29	0.00587	0.00479	0.00521	0.00526	0.00662	0.00421	0.00388	0.00752	0.03404	0.01366	0.16499	0.14168	0.56269	0.01161	0.00553	0.00159	0.00241	0.00989	0.00446	0.00408
30	0.00945	0.02293	0.75041	0.01290	0.01949	0.01072	0.01638	0.01516	0.04967	0.01498	0.00888	0.01020	0.00634	0.00449	0.00441	0.00146	0.00662	0.00351	0.00213	0.02987
31	0.01244	0.83930	0.02438	0.00796	0.01194	0.01841	0.00796	0.01393	0.00945	0.01095	0.00647	0.00746	0.00597	0.00398	0.00299	0.00100	0.00498	0.00249	0.00199	0.00597
32	0.01145	0.01098	0.01876	0.04845	0.78813	0.01104	0.01424	0.01422	0.01056	0.01512	0.00874	0.01154	0.00734	0.00416	0.00461	0.00139	0.00554	0.00414	0.00230	0.00731
33	0.00567	0.00405	0.00540	0.00648	0.00675	0.00378	0.00432	0.00648	0.00891	0.01188	0.02564	0.83347	0.03077	0.01457	0.00594	0.00189	0.00270	0.01323	0.00432	0.00378
34	0.01768	0.01303	0.01396	0.01070	0.01443	0.01443	0.00884	0.79197	0.02187	0.02932	0.01117	0.01117	0.00791	0.00558	0.00465	0.00140	0.00512	0.00419	0.00465	0.00791
35	0.01098	0.01255	0.02745	0.01961	0.02431	0.01176	0.79059	0.01490	0.01098	0.01490	0.00941	0.01255	0.00706	0.00392	0.00549	0.00157	0.00784	0.00549	0.00235	0.00627
36	0.00596	0.00473	0.00536	0.00520	0.00657	0.00413	0.00390	0.00758	0.01171	0.01518	0.37269	0.04047	0.47840	0.01081	0.00549	0.00152	0.00229	0.00921	0.00466	0.00413
37	0.01659	0.02087	0.01330	0.01201	0.01415	0.73033	0.00912	0.01777	0.01252	0.01137	0.00707	0.00858	0.00600	0.00516	0.00540	0.00129	0.09764	0.00311	0.00236	0.00536
38	0.01163	0.00887	0.00945	0.00849	0.01091	0.01001	0.00661	0.02215	0.61240	0.06715	0.01824	0.01726	0.01364	0.00612	0.00447	0.00148	0.00343	0.00506	0.15576	0.00686
39	0.00567	0.00405	0.00540	0.00648	0.00675	0.00378	0.00432	0.00648	0.00891	0.01188	0.02564	0.83347	0.03077	0.01457	0.00594	0.00189	0.00270	0.01323	0.00432	0.00378
40	0.01085	0.01343	0.08774	0.01912	0.02399	0.01169	0.73119	0.01489	0.01089	0.01489	0.00933	0.01234	0.00697	0.00396	0.00541	0.00156	0.00777	0.00533	0.00232	0.00632
41	0.01098	0.01255	0.02745	0.01961	0.02431	0.01176	0.79059	0.01490	0.01098	0.01490	0.00941	0.01255	0.00706	0.00392	0.00549	0.00157	0.00784	0.00549	0.00235	0.00627
42	0.00602	0.00434	0.00577	0.00677	0.00727	0.00409	0.00487	0.00713	0.00943	0.01244	0.04390	0.62956	0.06964	0.01400	0.00600	0.00191	0.00297	0.15566	0.00433	0.00389
43	0.01319	0.01255	0.06313	0.01649	0.02102	0.01139	0.53569	0.12137	0.01273	0.12816	0.01085	0.01268	0.00774	0.00443	0.00521	0.00152	0.00688	0.00510	0.00312	0.00676
44	0.01738	0.02217	0.01318	0.01199	0.01438	0.81783	0.00899	0.01858	0.01318	0.01139	0.00719	0.00839	0.00599	0.00479	0.00419	0.00120	0.00839	0.00300	0.00240	0.00539
45	0.00582	0.00473	0.00516	0.00505	0.00648	0.00407	0.00379	0.00731	0.01137	0.01439	0.27394	0.04177	0.57765	0.01110	0.00549	0.00154	0.00231	0.00940	0.00456	0.00407
46	0.02080	0.00803	0.01086	0.00833	0.01193	0.00700	0.00688	0.03934	0.01350	0.79377	0.01820	0.01573	0.01144	0.00575	0.00468	0.00144	0.00398	0.00467	0.00573	0.00792
47	0.01768	0.01303	0.01396	0.01070	0.01443	0.01443	0.00884	0.79197	0.02187	0.02932	0.01117	0.01117	0.00791	0.00558	0.00465	0.00140	0.00512	0.00419	0.00465	0.00791
48	0.00665	0.00498	0.00748	0.00748	0.00831	0.00582	0.00582	0.00831	0.00748	0.01080	0.01246	0.01828	0.01163	0.03489	0.81807	0.00748	0.01246	0.00498	0.00249	0.00415
49	0.81455	0.00960	0.00727	0.00646	0.00934	0.04088	0.00529	0.03470	0.00849	0.02074	0.00663	0.00769	0.00515	0.00437	0.00298	0.00143	0.00382	0.00258	0.00291	0.00513
50	0.00685	0.00461	0.00535	0.00548	0.00560	0.00461	0.00336	0.00710	0.00722	0.00959	0.01581	0.03298	0.01805	0.74163	0.02169	0.00424	0.00448	0.09539	0.00299	0.00299
51	0.00567	0.00405	0.00540	0.00648	0.00675	0.00378	0.00432	0.00648	0.00891	0.01188	0.02564	0.83347	0.03077	0.01457	0.00594	0.00189	0.00270	0.01323	0.00432	0.00378
52	0.01144	0.01098	0.01875	0.04971	0.78689	0.01103	0.01424	0.01421	0.01056	0.01511	0.00874	0.01154	0.00734	0.00416	0.00461	0.00139	0.00554	0.00414	0.00230	0.00731
53	0.01148	0.01041	0.01683	0.14712	0.52468	0.01055	0.02643	0.06075	0.01105	0.03398	0.00901	0.01155	0.00726	0.00427	0.00451	0.00134	0.00539	0.00404	0.00254	0.09682
54	0.00879	0.00827	0.01395	0.82532	0.03204	0.01034	0.01292	0.01189	0.00930	0.01189	0.00827	0.01240	0.00620	0.00465	0.00465	0.00155	0.00620	0.00413	0.00207	0.00517
55	0.00567	0.00405	0.00540	0.00648	0.00675	0.00378	0.00432	0.00648	0.00891	0.01188	0.02564	0.83347	0.03077	0.01457	0.00594	0.00189	0.00270	0.01323	0.00432	0.00378
56	0.00937	0.02382	0.79588	0.01339	0.02022	0.01082	0.03347	0.01474	0.00985	0.01474	0.00837	0.00988	0.00592	0.00441	0.00444	0.00148	0.00690	0.00348	0.00197	0.00686
57	0.01242	0.01040	0.01537	0.25534	0.24755	0.01140	0.04493	0.17173	0.10935	0.05888	0.01087	0.01269	0.00818	0.00492	0.00469	0.00147	0.00543	0.00437	0.00319	0.00681
58	0.01066	0.01102	0.01354	0.01175	0.01205	0.09822	0.00963	0.01171	0.00777	0.01114	0.00678	0.01093	0.00666	0.02903	0.05928	0.00231	0.67631	0.00407	0.00212	0.00501
59	0.01174	0.51147	0.14220	0.01130	0.03539	0.03754	0.14393	0.01428	0.00991	0.01247	0.00754	0.00906	0.00632	0.00410	0.00371	0.00118	0.00579	0.00325	0.02267	0.00614
60	0.00567	0.00405	0.00540	0.00648	0.00675	0.00378	0.00432	0.00648	0.00891	0.01188	0.02564	0.83347	0.03077	0.01457	0.00594	0.00189	0.00270	0.01323	0.00432	0.00378
61	0.01018	0.01018	0.01425	0.01221	0.01221	0.01425	0.01018	0.01120	0.00712	0.01120	0.00611	0.01018	0.00611	0.00814	0.01527	0.00204	0.82799	0.00407	0.00204	0.00509
62	0.00553	0.00471	0.00476	0.00475	0.00631	0.00394	0.00356	0.00674	0.01069	0.01276	0.07141	0.04445	0.78120	0.01171	0.00550	0.00157	0.00235	0.00977	0.00435	0.00394
63	0.01018	0.01018	0.01425	0.01221	0.01221	0.01425	0.01018	0.01120	0.00712	0.01120	0.00611	0.01018	0.00611	0.00814	0.01527	0.00204	0.82799	0.00407	0.00204	0.00509
64	0.02087	0.00792	0.01080	0.00828	0.01188	0.00684	0.00684	0.02267	0.01332	0.81071	0.01835	0.01583	0.01152	0.00576	0.00468	0.00144	0.00396	0.00468	0.00576	0.00792
65	0.00566	0.00408	0.00537	0.00640	0.00673	0.00379	0.00428	0.00649	0.00898	0.01191	0.02660	0.79829	0.06533	0.01445	0.00592	0.00188	0.00268	0.01307	0.00432	0.00379
66	0.00808	0.00404	0.00606	0.00606	0.00606	0.00404	0.00404	0.00606	0.00606	0.00808	0.00808	0.01414	0.00808	0.01616	0.01818	0.86465	0.00404	0.00404	0.00202	0.00202
67	0.00677	0.00451	0.00507	0.00507	0.00507	0.00451	0.00282	0.00677	0.00677	0.00902	0.01466	0.03044	0.01691	0.83650	0.02368	0.00451	0.00451	0.00677	0.00282	0.00282
68	0.01244	0.83930	0.02438	0.00796	0.01194	0.01841	0.00796	0.01393	0.00945	0.01095	0.00647	0.00746	0.00597	0.00398	0.00299	0.00100	0.00498	0.00249	0.00199	0.00597
69	0.00550	0.00471	0.00471	0.00471	0.00628	0.00393	0.00353	0.00668	0.01060	0.01257	0.04713	0.04477	0.80560	0.01178	0.00550	0.00157	0.00236	0.00982	0.00432	0.00393
70	0.00662	0.00496	0.00742	0.00745	0.00826	0.00576	0.00577	0.00826	0.00752	0.01083	0.01284	0.04153	0.01218	0.03431	0.79491	0.00732	0.01218	0.00522	0.00254	0.00414
71	0.01174	0.01007	0.01061	0.00950	0.01216	0.01165	0.00740	0.04526	0.77827	0.01972	0.01873	0.01719	0.01403	0.00629	0.00473	0.00157	0.00372	0.00523	0.00473	0.00738
72	0.86937	0.00900	0.00684	0.00612	0.00900	0.01044	0.00504	0.01368	0.00792	0.02087	0.00648	0.00756	0.00504	0.00432	0.00288	0.00144	0.00360	0.00252	0.00288	0.00504
73	0.01222	0.68612	0.13583	0.00890	0.01322	0.05387	0.00932	0.01426	0.00968	0.01150	0.00677	0.00784	0.00596	0.00408	0.00324	0.00107	0.00540	0.00265	0.00201	0.00607
74	0.00552	0.00471	0.00474	0.00474	0.00630	0.00394	0.00355	0.00672	0.01065	0.01269	0.06191	0.04458	0.79074	0.01174	0.00550	0.00157	0.00235	0.00979	0.00434	0.00394
75	0.00675	0.00510	0.00750	0.00745	0.00820	0.00597	0.00573	0.00828	0.00742	0.01069	0.01243	0.01889	0.01184	0.08951	0.74029	0.00712	0.03517	0.00508	0.00250	0.00409
76	0.00665	0.00495	0.00732	0.00732	0.00809	0.00573	0.00562	0.00821	0.00743	0.01068	0.01261	0.01908	0.01198	0.08764	0.76579	0.00728	0.01194	0.00510	0.00251	0.00407
77	0.00677	0.00451	0.00507	0.00507	0.00507	0.00451	0.00282	0.00677	0.00677	0.00902	0.01466	0.03044	0.01691	0.83650	0.02368	0.00451	0.00451	0.00677	0.00282	0.00282
78	0.01768	0.01303	0.01396	0.01070	0.01443	0.01443	0.00884	0.79197	0.02187	0.02932	0.01117	0.01117	0.00791	0.00558	0.00465	0.00140	0.00512	0.00419	0.00465	0.00791
79	0.00879	0.00827	0.01395	0.82532	0.03204	0.01034	0.01292	0.01189	0.00930	0.01189	0.00827	0.01240	0.00620	0.00465	0.00465	0.00155	0.00620	0.00413	0.00207	0.00517
80	0.24596	0.01018	0.01455	0.10494	0.01679	0.05065	0.21124	0.01677	0.01078	0.25752	0.01109	0.01197	0.00771	0.00471	0.00438	0.00147	0.00536	0.00416	0.00350	0.00627
81	0.04750	0.01522	0.08098	0.01062	0.01394	0.30380	0.02753	0.10826	0.01352	0.27863	0.01186	0.01245	0.00852	0.00540	0.00469	0.00138	0.02307	0.02222	0.00379	0.00662
82	0.01151	0.01105	0.01888	0.02855	0.80748	0.01105	0.01428	0.01428	0.01059	0.01520	0.00875	0.01151	0.00737	0.00415	0.00461	0.00138	0.00553	0.00415	0.00230	0.00737
83	0.00934	0.00884	0.01499	0.63071	0.09658	0.01044	0.07172	0.01301	0.05363	0.01295	0.00915	0.01273	0.00695	0.00466	0.00468	0.00153	0.00603	0.00431	0.02220	0.00555
84	0.00676	0.00453	0.00516	0.00516	0.00520	0.00456	0.00293	0.00682	0.00679	0.00909	0.01458	0.02999	0.01671	0.80638	0.05353	0.00462	0.00481	0.00670	0.00281	0.00287
85	0.00624	0.00470	0.00577	0.00559	0.00676	0.00423	0.00416	0.00808	0.01223	0.01663	0.55703	0.08612	0.24457	0.01042	0.00552	0.00152	0.00227	0.00908	0.00486	0.00423
86	0.00910	0.03136	0.37761	0.00952	0.01390	0.00819	0.01059	0.01259	0.02423	0.06152	0.03135	0.06237	0.18120	0.00672	0.00484	0.00142	0.02237	0.00546	0.01927	0.10641
87	0.00571	0.00472	0.00500	0.00493	0.00641	0.00402	0.00370	0.00708	0.01110	0.01374	0.19287	0.04284	0.65912	0.01135	0.00550	0.00155	0.00233	0.00955	0.00447	0.00402
88	0.01505	0.34431	0.03460	0.01027	0.01346	0.41569	0.00869	0.05407	0.04159	0.01245	0.00756	0.00852	0.00638	0.00456	0.00376	0.00115	0.00667	0.00295	0.00242	0.00585
