[name]
unknown

[dist]
# distance from previous block
# <min> <max>
5	194

[block]
# block no. 0 follows, 52 sequences, length 6
# corresponding to MSA columns:
# 214-219
name=unknown_A
#
# <colnr> <probs for GDERKNQSTAVLIFYWHMCP>
#	G	D	E	R	K	N	Q	S	T	A	V	L	I	F	Y	W	H	M	C	P
0	0.02532	0.00698	0.00810	0.03013	0.05467	0.04428	0.00592	0.05101	0.01092	0.04232	0.06821	0.28919	0.20089	0.05948	0.02841	0.00202	0.02816	0.00909	0.00405	0.03085
1	0.08717	0.00886	0.03687	0.00890	0.03925	0.05832	0.00666	0.08840	0.08442	0.09350	0.04243	0.27445	0.03483	0.04323	0.03137	0.00196	0.00435	0.00765	0.04176	0.00562
2	0.04506	0.04124	0.08599	0.25919	0.09344	0.05761	0.05469	0.01337	0.03549	0.04255	0.02932	0.07595	0.06215	0.03148	0.02354	0.00181	0.03304	0.00546	0.00289	0.00574
3	0.01060	0.00938	0.01081	0.05636	0.05123	0.11551	0.05334	0.04105	0.03998	0.06353	0.07626	0.18707	0.08926	0.07407	0.02852	0.00201	0.04464	0.00733	0.00371	0.03535
4	0.01210	0.01101	0.01360	0.09818	0.03219	0.11284	0.11130	0.14406	0.02827	0.03782	0.06858	0.08690	0.03495	0.04529	0.00674	0.00171	0.06092	0.02656	0.02856	0.03841
5	0.08850	0.01034	0.01129	0.06716	0.05581	0.11212	0.03920	0.09158	0.08406	0.06151	0.05169	0.04661	0.02995	0.07531	0.08454	0.00236	0.02425	0.00520	0.03770	0.02084

[dist]
# distance from previous block
# <min> <max>
13	39

[block]
# block no. 1 follows, 52 sequences, length 33
# corresponding to MSA columns:
# 264-296
name=unknown_B
#
# <colnr> <probs for GDERKNQSTAVLIFYWHMCP>
#	G	D	E	R	K	N	Q	S	T	A	V	L	I	F	Y	W	H	M	C	P
0	0.01149	0.03156	0.05381	0.22828	0.26547	0.04898	0.08797	0.03056	0.06341	0.03133	0.03045	0.01302	0.00865	0.00508	0.00552	0.00154	0.05545	0.00450	0.00268	0.02027
1	0.01284	0.65594	0.10135	0.00907	0.01341	0.07197	0.00920	0.01481	0.01016	0.01204	0.00708	0.00820	0.00626	0.00422	0.00337	0.00108	0.00554	0.00274	0.00214	0.04857
2	0.00968	0.00834	0.01013	0.03171	0.05068	0.00666	0.00626	0.01198	0.02433	0.01543	0.01224	0.05526	0.05650	0.00485	0.00397	0.00092	0.00367	0.00405	0.00305	0.68029
3	0.07196	0.03415	0.05319	0.01146	0.06173	0.00943	0.10044	0.07346	0.05005	0.41642	0.01678	0.01599	0.05093	0.00579	0.00483	0.00151	0.00485	0.00494	0.00464	0.00746
4	0.01046	0.00936	0.01110	0.05730	0.01332	0.04916	0.03882	0.04848	0.01075	0.01567	0.01023	0.07202	0.00916	0.00569	0.02746	0.00117	0.00452	0.00405	0.00300	0.59828
5	0.00851	0.00641	0.00985	0.05884	0.07842	0.00624	0.07324	0.01013	0.01015	0.06933	0.09030	0.28677	0.09283	0.11738	0.05690	0.00247	0.00462	0.00891	0.00386	0.00484
6	0.00705	0.00470	0.00529	0.00529	0.00529	0.00470	0.00294	0.00705	0.00705	0.00940	0.01527	0.03171	0.01762	0.82969	0.02467	0.00470	0.00470	0.00705	0.00294	0.00294
7	0.00764	0.00548	0.00632	0.00631	0.00684	0.00570	0.00416	0.00962	0.10108	0.01141	0.01781	0.04667	0.04224	0.57302	0.06745	0.00416	0.00497	0.07197	0.00336	0.00377
8	0.01467	0.25132	0.06559	0.09686	0.09842	0.24861	0.01042	0.07930	0.02414	0.05539	0.00876	0.01011	0.00699	0.00478	0.00419	0.00130	0.00648	0.00347	0.00271	0.00646
9	0.01195	0.10585	0.20029	0.05084	0.21560	0.01127	0.03231	0.05800	0.01124	0.06154	0.00933	0.01101	0.00726	0.00448	0.00451	0.00130	0.01736	0.00373	0.00271	0.17943
10	0.03276	0.10679	0.42663	0.02877	0.03437	0.13098	0.03635	0.05373	0.02032	0.01529	0.00853	0.01002	0.00648	0.00469	0.00458	0.00141	0.02110	0.00351	0.00238	0.05130
11	0.00784	0.00655	0.00708	0.00664	0.00815	0.04720	0.00502	0.01125	0.10803	0.01784	0.50738	0.03471	0.19437	0.00973	0.00555	0.00155	0.00284	0.00837	0.00497	0.00491
12	0.01098	0.01230	0.02647	0.06100	0.02464	0.01167	0.69489	0.01483	0.01122	0.01517	0.01077	0.06235	0.00880	0.00480	0.00570	0.00165	0.00776	0.00613	0.00256	0.00632
13	0.01346	0.08417	0.08022	0.03555	0.19435	0.07655	0.10406	0.11890	0.06328	0.08486	0.02284	0.01462	0.05976	0.00551	0.00501	0.00147	0.02037	0.00475	0.00332	0.00696
14	0.00691	0.00473	0.00605	0.00691	0.02134	0.00446	0.00469	0.01955	0.00985	0.03409	0.02695	0.59561	0.11058	0.01414	0.03231	0.00202	0.00318	0.01174	0.08063	0.00426
15	0.00596	0.00426	0.00567	0.00671	0.00704	0.00397	0.00450	0.00689	0.00955	0.01280	0.07337	0.77865	0.03288	0.01486	0.00616	0.00194	0.00278	0.01347	0.00455	0.00397
16	0.01066	0.01014	0.01737	0.16166	0.42273	0.01050	0.10094	0.01401	0.05108	0.01490	0.02665	0.06071	0.01052	0.04880	0.01709	0.00179	0.00586	0.00532	0.00270	0.00658
17	0.01288	0.05296	0.07854	0.10840	0.20798	0.01245	0.01115	0.21101	0.17857	0.01971	0.01363	0.01455	0.04546	0.00562	0.00479	0.00150	0.00526	0.00470	0.00358	0.00727
18	0.00627	0.00453	0.00599	0.00691	0.00746	0.00425	0.00495	0.00748	0.01009	0.01344	0.10634	0.59427	0.07125	0.01424	0.00619	0.00194	0.00298	0.12276	0.00458	0.00409
19	0.01255	0.01088	0.01108	0.00994	0.01269	0.04519	0.00773	0.02543	0.73843	0.03997	0.01920	0.01765	0.01436	0.00649	0.00491	0.00162	0.00405	0.00537	0.00486	0.00760
20	0.05241	0.04998	0.01540	0.45004	0.03649	0.01115	0.10311	0.01384	0.07031	0.01418	0.01040	0.01470	0.00835	0.00542	0.00536	0.00161	0.04850	0.03618	0.04689	0.00568
21	0.00748	0.00605	0.00778	0.04135	0.04841	0.00536	0.00559	0.00924	0.01095	0.01513	0.20684	0.23521	0.16225	0.00988	0.00531	0.00150	0.00312	0.02282	0.00414	0.19160
22	0.01331	0.60644	0.06476	0.02315	0.01454	0.10862	0.06730	0.03020	0.01068	0.01236	0.00728	0.00857	0.00635	0.00431	0.00359	0.00115	0.00594	0.00300	0.00220	0.00625
23	0.00693	0.00525	0.00684	0.00710	0.00791	0.00539	0.00509	0.00886	0.05687	0.01284	0.06203	0.38015	0.05963	0.08887	0.21006	0.00356	0.02253	0.00949	0.00385	0.03676
24	0.01395	0.11989	0.15364	0.03223	0.11463	0.06161	0.09806	0.10532	0.09446	0.12060	0.01141	0.01223	0.00844	0.00498	0.00462	0.00143	0.00588	0.00422	0.00333	0.02906
25	0.01142	0.01087	0.01820	0.07503	0.68217	0.01099	0.01389	0.01447	0.02850	0.01565	0.02550	0.01434	0.04761	0.00490	0.00487	0.00147	0.00553	0.00472	0.00260	0.00730
26	0.00752	0.00508	0.00659	0.00619	0.00745	0.00464	0.00465	0.00964	0.01333	0.05961	0.67010	0.07683	0.08968	0.01012	0.00570	0.00155	0.00242	0.00891	0.00527	0.00470
27	0.00750	0.00529	0.00592	0.00581	0.00606	0.01948	0.00354	0.02624	0.00779	0.01039	0.03543	0.02976	0.01742	0.69968	0.09637	0.00476	0.00549	0.00678	0.00301	0.00328
28	0.01004	0.02421	0.04849	0.67018	0.03081	0.01098	0.06621	0.02732	0.01023	0.04262	0.00911	0.01284	0.00674	0.00483	0.00487	0.00160	0.00648	0.00437	0.00236	0.00571
29	0.01153	0.01049	0.01539	0.16844	0.35040	0.04736	0.02308	0.02886	0.06851	0.04459	0.03002	0.01401	0.02307	0.00663	0.04673	0.00176	0.01802	0.00451	0.00288	0.08371
30	0.00987	0.00917	0.01536	0.64846	0.08626	0.01099	0.05050	0.01356	0.04883	0.02704	0.00939	0.01312	0.00710	0.00496	0.00516	0.00161	0.02601	0.00444	0.00239	0.00577
31	0.01223	0.01005	0.01437	0.07572	0.33626	0.02223	0.01059	0.06725	0.12770	0.08041	0.01340	0.07375	0.01156	0.04901	0.00608	0.00168	0.01629	0.01679	0.00345	0.05117
32	0.01069	0.17089	0.10642	0.00865	0.01140	0.08214	0.00779	0.02408	0.06207	0.06757	0.15291	0.16661	0.06065	0.00891	0.02300	0.00165	0.00467	0.02046	0.00379	0.00565

[dist]
# distance from previous block
# <min> <max>
0	4

[block]
# block no. 2 follows, 52 sequences, length 21
# corresponding to MSA columns:
# 301-311,315-324
name=unknown_C
#
# <colnr> <probs for GDERKNQSTAVLIFYWHMCP>
#	G	D	E	R	K	N	Q	S	T	A	V	L	I	F	Y	W	H	M	C	P
0	0.01123	0.01032	0.02935	0.13249	0.15873	0.05886	0.05803	0.04015	0.05133	0.05097	0.09476	0.03736	0.02744	0.00553	0.00470	0.00133	0.00500	0.00489	0.00326	0.21427
1	0.00813	0.18882	0.01087	0.02286	0.02666	0.00793	0.00580	0.00935	0.00956	0.01252	0.03436	0.43277	0.04897	0.06384	0.00643	0.00181	0.00368	0.02968	0.00365	0.07229
2	0.02472	0.07275	0.15226	0.08295	0.16160	0.20940	0.03209	0.08948	0.03578	0.03377	0.03504	0.02979	0.00895	0.00523	0.00462	0.00142	0.00648	0.00419	0.00286	0.00661
3	0.01276	0.06615	0.06769	0.06718	0.01453	0.01107	0.01923	0.18039	0.21167	0.06766	0.06672	0.03441	0.03408	0.00610	0.00469	0.00142	0.00454	0.00499	0.00408	0.12063
4	0.02637	0.00868	0.01029	0.00840	0.04549	0.00737	0.00631	0.07659	0.03566	0.01781	0.12638	0.01436	0.01322	0.00485	0.00409	0.00097	0.00365	0.00401	0.00345	0.58206
5	0.01088	0.07011	0.39878	0.01431	0.08466	0.03525	0.10153	0.05777	0.06413	0.01644	0.06642	0.01403	0.03362	0.00531	0.00479	0.00150	0.00627	0.00455	0.00279	0.00685
6	0.00741	0.00567	0.00827	0.00803	0.00908	0.00638	0.02702	0.00987	0.05607	0.01234	0.03754	0.04085	0.01439	0.06906	0.61618	0.00646	0.01084	0.02902	0.02098	0.00453
7	0.01180	0.01126	0.01905	0.11017	0.67061	0.01153	0.03195	0.02859	0.02902	0.01583	0.00937	0.01225	0.00772	0.00445	0.00483	0.00147	0.00583	0.00438	0.00248	0.00742
8	0.00697	0.00467	0.00531	0.00538	0.00540	0.00465	0.00304	0.00703	0.00719	0.00959	0.01600	0.08218	0.01853	0.77798	0.02349	0.00452	0.00458	0.00747	0.00304	0.00300
9	0.00726	0.00518	0.00717	0.00829	0.00916	0.00510	0.00685	0.00908	0.01061	0.01388	0.02596	0.27914	0.02910	0.01391	0.00655	0.00215	0.00398	0.54783	0.00447	0.00431
10	0.01233	0.01055	0.01111	0.00992	0.01271	0.01218	0.00774	0.05884	0.75717	0.02072	0.01937	0.01780	0.01451	0.00654	0.00493	0.00164	0.00390	0.00543	0.00493	0.00770
11	0.01300	0.37203	0.07410	0.01005	0.02750	0.12129	0.02777	0.02876	0.15137	0.03523	0.03577	0.01264	0.03495	0.00523	0.00406	0.00127	0.00539	0.00390	0.00301	0.03268
12	0.01134	0.14843	0.54857	0.03472	0.03177	0.04710	0.03690	0.01578	0.01056	0.05895	0.00896	0.01032	0.00655	0.00462	0.00442	0.00145	0.00674	0.00357	0.00231	0.00695
13	0.01055	0.05553	0.43752	0.01544	0.02124	0.01152	0.27967	0.01518	0.01075	0.02951	0.01026	0.01403	0.00805	0.00499	0.00506	0.00159	0.00719	0.05276	0.00241	0.00675
14	0.00599	0.00431	0.00572	0.00668	0.00707	0.00404	0.00452	0.00697	0.00960	0.01286	0.08154	0.73061	0.05280	0.01524	0.02534	0.00207	0.00301	0.01312	0.00451	0.00399
15	0.01135	0.08835	0.34218	0.09265	0.10141	0.03315	0.19582	0.01546	0.01077	0.05023	0.00926	0.01137	0.00689	0.00451	0.00479	0.00150	0.00692	0.00419	0.00238	0.00682
16	0.01198	0.08698	0.25058	0.04774	0.18533	0.04630	0.06886	0.04912	0.04916	0.06805	0.01207	0.02869	0.03266	0.01545	0.00500	0.00154	0.00604	0.02469	0.00290	0.00688
17	0.01468	0.01529	0.33593	0.01186	0.05016	0.00923	0.02658	0.05171	0.01243	0.32441	0.04926	0.03029	0.01152	0.00588	0.00489	0.00154	0.00547	0.02748	0.00400	0.00739
18	0.00772	0.00629	0.00933	0.15831	0.01348	0.00653	0.06029	0.00974	0.02745	0.01302	0.06980	0.13055	0.09884	0.20203	0.01023	0.00250	0.00459	0.16129	0.00361	0.00440
19	0.03041	0.06306	0.15253	0.16875	0.11441	0.03695	0.10620	0.02951	0.01133	0.15073	0.03573	0.05767	0.01021	0.00554	0.00485	0.00153	0.00589	0.00493	0.00316	0.00661
20	0.01258	0.07994	0.15366	0.05481	0.22580	0.07589	0.10847	0.03611	0.01134	0.09157	0.01087	0.05713	0.00898	0.00624	0.02899	0.00168	0.02160	0.00474	0.00285	0.00677

[dist]
# distance from previous block
# <min> <max>
0	1

[block]
# block no. 3 follows, 52 sequences, length 20
# corresponding to MSA columns:
# 372-391
name=unknown_D
#
# <colnr> <probs for GDERKNQSTAVLIFYWHMCP>
#	G	D	E	R	K	N	Q	S	T	A	V	L	I	F	Y	W	H	M	C	P
0	0.01731	0.00864	0.01067	0.00869	0.01189	0.00836	0.00703	0.08860	0.16395	0.46796	0.04972	0.03855	0.06912	0.00702	0.00503	0.00156	0.00397	0.01890	0.00550	0.00754
1	0.02681	0.02498	0.16442	0.03620	0.08620	0.08275	0.12571	0.03282	0.01089	0.01452	0.05180	0.08115	0.12191	0.00822	0.02634	0.03589	0.05471	0.00601	0.00298	0.00571
2	0.04853	0.01396	0.20497	0.12257	0.18915	0.04962	0.06856	0.03605	0.03171	0.06828	0.05825	0.03185	0.02157	0.01494	0.00504	0.00156	0.00587	0.00477	0.01617	0.00659
3	0.04490	0.01054	0.01706	0.23133	0.32888	0.03455	0.10895	0.03304	0.02851	0.01535	0.04208	0.04547	0.01006	0.02229	0.00535	0.00160	0.00592	0.00502	0.00270	0.00641
4	0.04236	0.00844	0.02986	0.00861	0.01205	0.00732	0.00724	0.03771	0.03107	0.62632	0.06261	0.03409	0.01479	0.00673	0.00499	0.00155	0.00410	0.04692	0.00562	0.00763
5	0.01154	0.13723	0.23189	0.08729	0.23704	0.06053	0.04344	0.01466	0.01051	0.03561	0.00957	0.01179	0.02222	0.00567	0.01820	0.03204	0.01780	0.00398	0.00237	0.00661
6	0.04732	0.02953	0.22203	0.22746	0.10611	0.03413	0.06635	0.01395	0.03392	0.02500	0.02299	0.04498	0.02783	0.00680	0.03800	0.00183	0.03831	0.00473	0.00257	0.00616
7	0.00841	0.00707	0.01074	0.21275	0.14279	0.00762	0.00889	0.03133	0.01006	0.01340	0.01821	0.20279	0.06877	0.06597	0.08565	0.00254	0.00554	0.08911	0.00329	0.00506
8	0.00593	0.00430	0.00560	0.00659	0.00700	0.00397	0.00444	0.00685	0.00957	0.01269	0.05687	0.73879	0.08999	0.01477	0.00613	0.00193	0.00277	0.01332	0.00453	0.00397
9	0.01109	0.01245	0.02683	0.01978	0.04552	0.01169	0.70942	0.01493	0.01128	0.01532	0.01090	0.06666	0.00899	0.00482	0.00572	0.00165	0.00775	0.00621	0.00258	0.00640
10	0.00735	0.00536	0.00709	0.00795	0.00904	0.00521	0.00669	0.00921	0.01079	0.01385	0.02880	0.08325	0.15154	0.06709	0.00770	0.00229	0.00409	0.56407	0.00437	0.00428
11	0.01005	0.00861	0.01005	0.00718	0.01148	0.00646	0.00574	0.01220	0.01005	0.01579	0.00861	0.01005	0.00718	0.00359	0.00359	0.00072	0.00359	0.00287	0.00287	0.85932
12	0.01005	0.00861	0.01005	0.00718	0.01148	0.00646	0.00574	0.01220	0.01005	0.01579	0.00861	0.01005	0.00718	0.00359	0.00359	0.00072	0.00359	0.00287	0.00287	0.85932
13	0.00727	0.00508	0.00627	0.00590	0.00723	0.00458	0.00441	0.00920	0.01282	0.05325	0.55153	0.03762	0.22279	0.04294	0.00643	0.00168	0.00251	0.00887	0.00507	0.00456
14	0.00672	0.00489	0.00636	0.00632	0.00736	0.00452	0.00473	0.00874	0.01277	0.01776	0.59582	0.15307	0.08081	0.01103	0.00585	0.00164	0.00251	0.05954	0.00511	0.00445
15	0.01235	0.03070	0.01838	0.02139	0.42875	0.01073	0.12444	0.04609	0.01147	0.07128	0.01054	0.04450	0.00880	0.00487	0.00501	0.00140	0.02132	0.00471	0.00289	0.12037
16	0.00830	0.00809	0.05686	0.00984	0.07343	0.00654	0.08116	0.01073	0.02113	0.02679	0.18803	0.07504	0.24375	0.00859	0.00528	0.00148	0.00380	0.02905	0.00394	0.13816
17	0.01067	0.06396	0.01653	0.40335	0.16059	0.01164	0.06557	0.07157	0.01101	0.01458	0.01050	0.02921	0.02127	0.00561	0.00551	0.00160	0.05052	0.03769	0.00260	0.00604
18	0.01189	0.03432	0.12023	0.03038	0.21054	0.07648	0.07883	0.05995	0.08589	0.03712	0.06610	0.02752	0.03992	0.00563	0.00508	0.00145	0.02522	0.00488	0.00317	0.07540
19	0.01164	0.42068	0.20289	0.00987	0.01458	0.02792	0.02695	0.01460	0.03011	0.01344	0.00793	0.00923	0.00662	0.00435	0.00403	0.00116	0.02840	0.00307	0.00230	0.16021

[dist]
# distance from previous block
# <min> <max>
0	1

[block]
# block no. 4 follows, 52 sequences, length 14
# corresponding to MSA columns:
# 393,395-407
name=unknown_E
#
# <colnr> <probs for GDERKNQSTAVLIFYWHMCP>
#	G	D	E	R	K	N	Q	S	T	A	V	L	I	F	Y	W	H	M	C	P
0	0.08401	0.14178	0.06475	0.04601	0.02439	0.11542	0.04317	0.07922	0.11555	0.01686	0.05629	0.01447	0.05076	0.00555	0.00430	0.00134	0.00512	0.00433	0.03412	0.09258
1	0.03858	0.07721	0.19586	0.16240	0.14731	0.03201	0.09029	0.01454	0.03123	0.04075	0.03968	0.01327	0.02084	0.00622	0.03366	0.00175	0.04099	0.00441	0.00260	0.00641
2	0.00700	0.00561	0.00644	0.00617	0.00758	0.02699	0.00464	0.00886	0.01238	0.01664	0.44973	0.09937	0.23863	0.01058	0.00564	0.00156	0.00269	0.03434	0.00481	0.05034
3	0.00601	0.00454	0.00552	0.00613	0.00686	0.00417	0.00423	0.00699	0.00968	0.01247	0.04822	0.46742	0.26679	0.07134	0.05397	0.00238	0.00341	0.01161	0.00430	0.00395
4	0.01466	0.01125	0.05878	0.00995	0.03138	0.01118	0.00825	0.42425	0.03285	0.07166	0.13557	0.01664	0.01484	0.00640	0.00497	0.00145	0.01855	0.00508	0.11524	0.00704
5	0.01115	0.02954	0.14133	0.07816	0.33954	0.06299	0.01232	0.03992	0.03426	0.01615	0.11011	0.01512	0.01257	0.00612	0.02333	0.00161	0.01750	0.00472	0.03692	0.00664
6	0.01305	0.73177	0.07559	0.00890	0.01315	0.06566	0.00898	0.01485	0.01010	0.01169	0.00691	0.00799	0.00622	0.00423	0.00328	0.00108	0.00552	0.00269	0.00210	0.00624
7	0.03954	0.03856	0.04039	0.01078	0.11592	0.00847	0.00773	0.04702	0.02737	0.05149	0.05682	0.01320	0.01029	0.02433	0.04571	0.00150	0.02567	0.00388	0.00314	0.42819
8	0.08079	0.06115	0.16562	0.01057	0.04731	0.02887	0.00964	0.01988	0.01216	0.46482	0.01429	0.01354	0.00950	0.00550	0.00495	0.00149	0.03380	0.00423	0.00440	0.00750
9	0.00587	0.00435	0.00549	0.00640	0.00694	0.00397	0.00434	0.00679	0.00961	0.01251	0.03097	0.67816	0.17768	0.01463	0.00610	0.00190	0.00274	0.01310	0.00450	0.00397
10	0.01108	0.01190	0.08800	0.01789	0.18742	0.01026	0.32221	0.04786	0.01192	0.05061	0.07162	0.03959	0.09499	0.00593	0.00536	0.00157	0.00608	0.00605	0.00315	0.00652
11	0.62879	0.10203	0.01030	0.00816	0.04851	0.05419	0.00635	0.04067	0.00940	0.01997	0.00733	0.00854	0.00584	0.00456	0.00325	0.00142	0.00428	0.00284	0.02801	0.00557
12	0.00787	0.00623	0.00788	0.00770	0.00818	0.02462	0.00561	0.02597	0.00841	0.01173	0.01561	0.20175	0.01699	0.24057	0.23312	0.00427	0.13139	0.00739	0.03057	0.00413
13	0.01382	0.33324	0.15406	0.01003	0.01430	0.04069	0.00988	0.19967	0.06821	0.04855	0.01087	0.01145	0.02491	0.00562	0.01714	0.00141	0.00555	0.00374	0.01993	0.00692

[dist]
# distance from previous block
# <min> <max>
1	3

[block]
# block no. 5 follows, 52 sequences, length 59
# corresponding to MSA columns:
# 411-469
name=unknown_F
#
# <colnr> <probs for GDERKNQSTAVLIFYWHMCP>
#	G	D	E	R	K	N	Q	S	T	A	V	L	I	F	Y	W	H	M	C	P
0	0.01643	0.02397	0.01229	0.00973	0.01286	0.01147	0.00793	0.29918	0.18284	0.22331	0.04568	0.01542	0.01214	0.00630	0.00544	0.00152	0.05178	0.00488	0.04923	0.00758
1	0.01251	0.01264	0.01839	0.08486	0.63235	0.10553	0.01395	0.01548	0.02981	0.01522	0.00914	0.01182	0.00759	0.00449	0.00475	0.00143	0.00611	0.00420	0.00245	0.00727
2	0.00702	0.00522	0.00697	0.00703	0.00769	0.00568	0.00519	0.00818	0.00822	0.01123	0.01852	0.05728	0.09311	0.25862	0.37842	0.00540	0.03870	0.07049	0.00309	0.00394
3	0.00713	0.00497	0.00639	0.00623	0.00739	0.00454	0.00464	0.00909	0.01274	0.04391	0.56280	0.15162	0.11830	0.01087	0.00578	0.00162	0.00250	0.02980	0.00513	0.00455
4	0.00694	0.00473	0.00533	0.00531	0.00550	0.00464	0.00309	0.00717	0.00776	0.01030	0.06643	0.03312	0.07818	0.71706	0.02206	0.00427	0.00438	0.00739	0.00320	0.00313
5	0.01182	0.01020	0.01073	0.00968	0.01237	0.01176	0.00752	0.02505	0.76153	0.02000	0.02082	0.01915	0.04408	0.00679	0.00496	0.00164	0.00378	0.00566	0.00491	0.00754
6	0.01296	0.83261	0.02539	0.00829	0.01244	0.01917	0.00829	0.01451	0.00985	0.01140	0.00674	0.00777	0.00622	0.00415	0.00311	0.00104	0.00518	0.00259	0.00207	0.00622
7	0.00638	0.00534	0.00546	0.00529	0.00701	0.00468	0.00401	0.03647	0.02655	0.01418	0.08263	0.04428	0.71728	0.01181	0.00568	0.00162	0.00258	0.00985	0.00456	0.00434
8	0.01412	0.01170	0.01211	0.01032	0.01339	0.03452	0.00818	0.25251	0.53967	0.02312	0.01697	0.01590	0.01260	0.00631	0.00489	0.00158	0.00442	0.00508	0.00484	0.00779
9	0.00697	0.00488	0.00626	0.00629	0.00663	0.00520	0.00418	0.00766	0.00739	0.01019	0.01469	0.04809	0.01588	0.50139	0.32777	0.00582	0.00785	0.00651	0.00285	0.00350
10	0.80360	0.02679	0.00773	0.00658	0.00962	0.02940	0.00542	0.01431	0.00846	0.02114	0.00682	0.00795	0.00534	0.00448	0.00305	0.00146	0.00389	0.00264	0.00296	0.02836
11	0.02408	0.00584	0.00748	0.02407	0.07200	0.00555	0.00557	0.02497	0.03126	0.03693	0.24493	0.24021	0.23683	0.01099	0.00564	0.00167	0.00301	0.00962	0.00455	0.00481
12	0.01497	0.03475	0.01516	0.11316	0.21050	0.13029	0.01059	0.19895	0.04535	0.09984	0.01077	0.01199	0.00810	0.00504	0.00463	0.00139	0.00576	0.00410	0.00347	0.07120
13	0.01462	0.29326	0.04560	0.01177	0.01507	0.34928	0.08541	0.01669	0.02996	0.01243	0.00773	0.00927	0.00657	0.00487	0.00491	0.00129	0.06541	0.00335	0.00237	0.02015
14	0.01178	0.01215	0.10744	0.25786	0.11715	0.02409	0.04821	0.18167	0.06599	0.01840	0.08146	0.01472	0.01121	0.00608	0.01958	0.00165	0.00589	0.00478	0.00326	0.00662
15	0.01208	0.22049	0.30538	0.03093	0.07095	0.08545	0.04413	0.02959	0.01053	0.03515	0.00823	0.01003	0.00655	0.00502	0.00567	0.00145	0.10589	0.00358	0.00230	0.00658
16	0.00915	0.00861	0.01453	0.81804	0.03338	0.01077	0.01346	0.01238	0.00969	0.01238	0.00861	0.01292	0.00646	0.00484	0.00484	0.00161	0.00646	0.00431	0.00215	0.00538
17	0.00853	0.00700	0.00913	0.01074	0.14152	0.00699	0.00672	0.05166	0.08370	0.01522	0.06434	0.24078	0.19851	0.05691	0.00679	0.00184	0.02055	0.02446	0.02161	0.02299
18	0.00596	0.00492	0.00524	0.00516	0.00669	0.00419	0.00387	0.00741	0.01160	0.01442	0.20533	0.04446	0.64043	0.01178	0.00572	0.00161	0.00242	0.00992	0.00467	0.00419
19	0.00707	0.00500	0.00638	0.00611	0.00728	0.00459	0.00456	0.00910	0.01295	0.03560	0.62221	0.07171	0.11684	0.04105	0.00645	0.00169	0.00252	0.02926	0.00512	0.00452
20	0.00784	0.00872	0.14486	0.00773	0.01014	0.00593	0.02536	0.01056	0.01264	0.04592	0.50368	0.04817	0.13125	0.00912	0.00550	0.00155	0.00337	0.00794	0.00460	0.00513
21	0.00915	0.00861	0.01453	0.81804	0.03338	0.01077	0.01346	0.01238	0.00969	0.01238	0.00861	0.01292	0.00646	0.00484	0.00484	0.00161	0.00646	0.00431	0.00215	0.00538
22	0.01060	0.27152	0.44318	0.01208	0.01757	0.01335	0.06678	0.01446	0.01008	0.01388	0.00932	0.06380	0.00797	0.00520	0.00453	0.00143	0.02131	0.00411	0.00225	0.00658
23	0.01022	0.00869	0.01021	0.00809	0.01159	0.00771	0.02149	0.02862	0.18493	0.01682	0.02937	0.08097	0.01217	0.00559	0.00427	0.00111	0.00369	0.01956	0.00358	0.53133
24	0.01382	0.57903	0.06390	0.00945	0.01334	0.17525	0.00894	0.03057	0.02937	0.01240	0.00755	0.00859	0.00657	0.00445	0.00352	0.00113	0.00591	0.00289	0.01713	0.00619
25	0.86392	0.00937	0.00712	0.00637	0.00937	0.01087	0.00525	0.01425	0.00825	0.02174	0.00675	0.00787	0.00525	0.00450	0.00300	0.00150	0.00375	0.00262	0.00300	0.00525
26	0.01082	0.02498	0.01023	0.02572	0.01188	0.01055	0.00712	0.02155	0.59518	0.01902	0.09210	0.02302	0.09750	0.00750	0.00508	0.00163	0.00365	0.02077	0.00480	0.00689
27	0.00590	0.00422	0.00562	0.00675	0.00703	0.00394	0.00450	0.00675	0.00928	0.01237	0.02671	0.82653	0.03205	0.01518	0.00619	0.00197	0.00281	0.01378	0.00450	0.00394
28	0.01014	0.00968	0.04381	0.63836	0.05677	0.01084	0.07283	0.01338	0.01005	0.05385	0.00921	0.01293	0.00684	0.00491	0.00518	0.00161	0.02705	0.00442	0.00238	0.00576
29	0.01149	0.04324	0.10340	0.01442	0.14430	0.01240	0.02537	0.12455	0.05514	0.01605	0.00972	0.01257	0.00820	0.01073	0.12953	0.00260	0.24754	0.00435	0.00280	0.02161
30	0.01961	0.00762	0.01012	0.00793	0.01124	0.00669	0.00650	0.02155	0.01325	0.67121	0.01856	0.01676	0.01207	0.00594	0.00462	0.00144	0.00381	0.00481	0.14865	0.00762
31	0.01372	0.21820	0.06035	0.03080	0.08119	0.20364	0.00931	0.06209	0.12028	0.02793	0.00997	0.01122	0.00812	0.02336	0.00460	0.00133	0.00584	0.00364	0.00294	0.10149
32	0.02384	0.00732	0.01033	0.03866	0.03224	0.02560	0.05272	0.03835	0.02410	0.02371	0.01212	0.06065	0.01184	0.01310	0.06488	0.30267	0.10427	0.09372	0.01886	0.04102
33	0.01219	0.31839	0.24925	0.02347	0.06387	0.08214	0.04233	0.01512	0.01060	0.04836	0.02308	0.04075	0.00828	0.00506	0.00442	0.00134	0.02436	0.00385	0.00247	0.02068
34	0.00939	0.03572	0.43100	0.01105	0.01571	0.00975	0.01244	0.01528	0.14306	0.01646	0.12896	0.04598	0.04137	0.00687	0.00501	0.00160	0.00537	0.05518	0.00334	0.00647
35	0.01010	0.00872	0.01407	0.68316	0.04748	0.01055	0.01256	0.01395	0.06435	0.05840	0.02419	0.01388	0.00809	0.00511	0.00487	0.00160	0.00605	0.00450	0.00263	0.00574
36	0.01190	0.25184	0.03228	0.04640	0.26676	0.06389	0.01080	0.02596	0.01009	0.01321	0.00863	0.02487	0.00796	0.05313	0.02506	0.00176	0.13282	0.00404	0.00236	0.00626
37	0.00942	0.00879	0.01464	0.72873	0.08769	0.01073	0.01325	0.01283	0.02685	0.01291	0.00902	0.01306	0.00684	0.00486	0.00482	0.00159	0.00628	0.00434	0.01777	0.00558
38	0.00720	0.00508	0.00671	0.00751	0.00849	0.00484	0.00600	0.00887	0.01075	0.03034	0.07129	0.28899	0.13024	0.01334	0.00627	0.00200	0.00353	0.36786	0.01635	0.00434
39	0.01536	0.01863	0.01272	0.02649	0.05885	0.58446	0.00895	0.01704	0.03130	0.01263	0.03022	0.06191	0.05906	0.00639	0.00489	0.00138	0.02217	0.01914	0.00288	0.00553
40	0.01136	0.01333	0.05332	0.02009	0.04079	0.01207	0.72320	0.01543	0.01136	0.01553	0.00973	0.01289	0.00732	0.00410	0.00561	0.00161	0.00798	0.00555	0.00245	0.02629
41	0.00699	0.00545	0.00621	0.00624	0.00765	0.00511	0.00466	0.00973	0.09388	0.02721	0.18991	0.18783	0.37670	0.01169	0.00575	0.00170	0.00274	0.04119	0.00473	0.00462
42	0.00693	0.00516	0.00762	0.00762	0.00843	0.00597	0.00585	0.00855	0.00774	0.01112	0.01313	0.01989	0.01248	0.08968	0.75766	0.00758	0.01242	0.00532	0.00262	0.00423
43	0.00704	0.00473	0.00545	0.00549	0.00560	0.00470	0.00323	0.00726	0.00762	0.01021	0.06063	0.05038	0.01989	0.73728	0.02257	0.00437	0.00451	0.03278	0.00316	0.00310
44	0.01033	0.00878	0.01020	0.00731	0.01160	0.00675	0.00586	0.03807	0.01048	0.01629	0.00871	0.01010	0.00721	0.00366	0.00363	0.00074	0.00365	0.00292	0.00294	0.83077
45	0.00797	0.00703	0.02699	0.08657	0.10672	0.00676	0.02422	0.02815	0.05509	0.01471	0.09450	0.27072	0.18046	0.01053	0.00564	0.00173	0.00383	0.05926	0.00403	0.00509
46	0.01220	0.01453	0.16723	0.01509	0.17757	0.10110	0.06595	0.04778	0.05124	0.04738	0.02826	0.02298	0.00883	0.00486	0.00474	0.00132	0.01930	0.00412	0.00292	0.20262
47	0.74252	0.04087	0.04328	0.02368	0.01067	0.02723	0.00621	0.01456	0.00865	0.03693	0.00714	0.00827	0.00551	0.00454	0.00318	0.00148	0.00412	0.00276	0.00296	0.00544
48	0.00958	0.00905	0.01531	0.69931	0.14876	0.01088	0.01367	0.01276	0.00989	0.01290	0.00869	0.01278	0.00664	0.00477	0.00484	0.00159	0.00635	0.00431	0.00219	0.00573
49	0.01204	0.04621	0.26125	0.01877	0.28937	0.01218	0.06307	0.13143	0.03352	0.01772	0.02516	0.01203	0.00819	0.00543	0.01831	0.00160	0.02939	0.00425	0.00277	0.00729
50	0.00683	0.00524	0.00615	0.00632	0.00755	0.00487	0.00472	0.04782	0.01148	0.01480	0.15111	0.25093	0.34394	0.02587	0.02018	0.00191	0.00307	0.07827	0.00458	0.00436
51	0.01011	0.06883	0.04920	0.27795	0.13362	0.03724	0.05786	0.01337	0.05681	0.01336	0.01183	0.01527	0.04899	0.03575	0.08531	0.00228	0.06909	0.00475	0.00256	0.00581
52	0.01090	0.02984	0.09598	0.01164	0.11104	0.00899	0.02305	0.01546	0.15338	0.09115	0.07993	0.02237	0.11418	0.00714	0.00551	0.00152	0.04421	0.06068	0.00385	0.10917
53	0.01030	0.00861	0.01007	0.00721	0.01150	0.00647	0.00577	0.01245	0.01013	0.03297	0.00884	0.01019	0.00728	0.00364	0.00362	0.00073	0.00360	0.00291	0.00294	0.84074
54	0.01067	0.01073	0.04908	0.23765	0.29987	0.01088	0.09514	0.04328	0.02721	0.01540	0.05885	0.04400	0.01062	0.00548	0.00551	0.00156	0.04413	0.00506	0.00273	0.02216
55	0.00755	0.00541	0.00749	0.00852	0.00957	0.00535	0.00728	0.00963	0.01109	0.01448	0.05807	0.12363	0.04682	0.01338	0.00658	0.00216	0.00418	0.64989	0.00450	0.00441
56	0.00705	0.00470	0.00529	0.00529	0.00529	0.00470	0.00294	0.00705	0.00705	0.00940	0.01527	0.03171	0.01762	0.82969	0.02467	0.00470	0.00470	0.00705	0.00294	0.00294
57	0.02809	0.03496	0.33223	0.01407	0.05034	0.04124	0.16134	0.06070	0.10258	0.05523	0.01114	0.01308	0.00845	0.03910	0.02471	0.00181	0.00664	0.00448	0.00292	0.00688
58	0.14367	0.34952	0.10941	0.01008	0.03904	0.03022	0.03538	0.03201	0.02624	0.05399	0.00865	0.02552	0.00723	0.00487	0.00438	0.00130	0.04899	0.00342	0.00266	0.06341

[dist]
# distance from previous block
# <min> <max>
1	2

[block]
# block no. 6 follows, 52 sequences, length 8
# corresponding to MSA columns:
# 472-479
name=unknown_G
#
# <colnr> <probs for GDERKNQSTAVLIFYWHMCP>
#	G	D	E	R	K	N	Q	S	T	A	V	L	I	F	Y	W	H	M	C	P
0	0.01108	0.01162	0.01183	0.04577	0.09758	0.22499	0.00871	0.01262	0.00989	0.01209	0.01128	0.09650	0.01106	0.03836	0.23819	0.00347	0.14185	0.00527	0.00265	0.00516
1	0.00610	0.00430	0.00556	0.00649	0.00672	0.00407	0.00423	0.00680	0.00889	0.01185	0.02471	0.68780	0.02953	0.15734	0.00941	0.00244	0.00314	0.01260	0.00423	0.00376
2	0.01188	0.03191	0.18691	0.07742	0.17036	0.07157	0.12096	0.02943	0.09644	0.04682	0.01130	0.01468	0.00910	0.00552	0.00556	0.00159	0.05143	0.04749	0.00288	0.00676
3	0.01235	0.14040	0.06263	0.16937	0.14457	0.06389	0.01051	0.12750	0.01267	0.03449	0.08273	0.01332	0.01072	0.00516	0.00448	0.00134	0.00544	0.00422	0.00305	0.09116
4	0.00721	0.00475	0.00597	0.02794	0.00762	0.00448	0.00450	0.00845	0.01011	0.04748	0.11912	0.42416	0.11555	0.08868	0.00741	0.00201	0.00298	0.01050	0.09684	0.00422
5	0.00732	0.00518	0.00653	0.00718	0.00788	0.00509	0.00507	0.07975	0.01068	0.01444	0.02475	0.67188	0.02872	0.01378	0.00596	0.00190	0.00311	0.05362	0.04276	0.00439
6	0.01238	0.30502	0.25633	0.03333	0.07203	0.05310	0.01169	0.04750	0.08393	0.04613	0.00999	0.03087	0.00806	0.00500	0.00418	0.00136	0.00581	0.00380	0.00271	0.00680
7	0.01186	0.01451	0.19313	0.33073	0.06892	0.09866	0.05409	0.03244	0.04442	0.07386	0.00989	0.01223	0.00729	0.00499	0.00501	0.00155	0.02320	0.00418	0.00266	0.00638

[dist]
# distance from previous block
# <min> <max>
0	4

[block]
# block no. 7 follows, 52 sequences, length 88
# corresponding to MSA columns:
# 484-571
name=unknown_H
#
# <colnr> <probs for GDERKNQSTAVLIFYWHMCP>
#	G	D	E	R	K	N	Q	S	T	A	V	L	I	F	Y	W	H	M	C	P
0	0.00717	0.00490	0.00581	0.00607	0.02622	0.00495	0.00343	0.00734	0.00719	0.00967	0.01498	0.03046	0.01704	0.76226	0.06959	0.00479	0.00520	0.00687	0.00290	0.00314
1	0.00642	0.00538	0.00568	0.00563	0.00707	0.02530	0.00423	0.00794	0.01174	0.01476	0.24655	0.08273	0.51506	0.01163	0.00574	0.00163	0.00265	0.03093	0.00467	0.00426
2	0.00595	0.00425	0.00568	0.00680	0.00711	0.00398	0.00458	0.00683	0.00933	0.01243	0.02668	0.80637	0.03194	0.01514	0.00620	0.00197	0.00285	0.03344	0.00450	0.00395
3	0.01366	0.72209	0.02380	0.00886	0.01279	0.12718	0.00844	0.01517	0.01038	0.01146	0.00684	0.00791	0.00622	0.00426	0.00328	0.00107	0.00567	0.00266	0.00213	0.00614
4	0.00914	0.00851	0.01424	0.67008	0.10512	0.01023	0.01280	0.01212	0.00978	0.01271	0.01026	0.08477	0.00884	0.00571	0.00496	0.00163	0.00607	0.00515	0.00238	0.00548
5	0.01918	0.00773	0.01041	0.00836	0.01160	0.00682	0.00681	0.02129	0.03156	0.65970	0.03657	0.07762	0.01483	0.00702	0.00501	0.00155	0.00394	0.03285	0.02951	0.00760
6	0.00896	0.00488	0.00505	0.00499	0.00619	0.00491	0.00374	0.02455	0.03580	0.01803	0.05486	0.05490	0.03678	0.00648	0.00376	0.00122	0.00239	0.00531	0.71254	0.00465
7	0.00729	0.00505	0.00617	0.00609	0.00736	0.00458	0.00453	0.00917	0.02310	0.05531	0.36185	0.17948	0.24295	0.01119	0.00570	0.00164	0.00259	0.02782	0.03358	0.00455
8	0.01138	0.01329	0.04587	0.02012	0.02498	0.01228	0.74910	0.01544	0.01133	0.01544	0.00971	0.01296	0.00731	0.00418	0.00590	0.00164	0.02447	0.00564	0.00244	0.00653
9	0.00699	0.00482	0.00597	0.00600	0.00624	0.00505	0.00382	0.00747	0.00730	0.00997	0.01492	0.04731	0.01648	0.59583	0.23656	0.00547	0.00689	0.00671	0.00288	0.00334
10	0.01035	0.18287	0.65232	0.01273	0.01931	0.01280	0.01603	0.01518	0.01016	0.01458	0.00831	0.00975	0.00615	0.00451	0.00431	0.00144	0.00678	0.00339	0.00205	0.00698
11	0.01005	0.00861	0.01005	0.00718	0.01148	0.00646	0.00574	0.01220	0.01005	0.01579	0.00861	0.01005	0.00718	0.00359	0.00359	0.00072	0.00359	0.00287	0.00287	0.85932
12	0.01247	0.59046	0.02091	0.00869	0.01202	0.10425	0.00801	0.01398	0.00988	0.01139	0.00792	0.01007	0.00733	0.02501	0.12506	0.00216	0.01923	0.00315	0.00222	0.00579
13	0.01228	0.43878	0.29496	0.01083	0.01590	0.02616	0.02617	0.08022	0.01111	0.01449	0.00789	0.00913	0.00639	0.00455	0.00412	0.00128	0.02354	0.00319	0.00231	0.00670
14	0.01041	0.00928	0.03867	0.04789	0.06145	0.00746	0.00724	0.02378	0.03610	0.03924	0.02909	0.02395	0.02824	0.00453	0.00419	0.00098	0.01663	0.00372	0.00308	0.60409
15	0.01153	0.21159	0.30983	0.01317	0.07726	0.07592	0.07116	0.05320	0.01114	0.01462	0.01089	0.04366	0.03532	0.02262	0.00490	0.00149	0.00627	0.01642	0.00252	0.00650
16	0.00695	0.00507	0.00715	0.00715	0.00779	0.00571	0.00526	0.00824	0.00760	0.01077	0.01357	0.02229	0.01353	0.24012	0.60865	0.00699	0.01085	0.00567	0.00268	0.00397
17	0.01020	0.01049	0.01828	0.01464	0.03503	0.01194	0.29038	0.01250	0.00966	0.01378	0.04564	0.03785	0.07664	0.00728	0.01008	0.00183	0.36022	0.00575	0.02218	0.00562
18	0.01231	0.04138	0.02849	0.33373	0.17525	0.11817	0.02949	0.04748	0.02616	0.05763	0.00936	0.01214	0.00730	0.00562	0.01879	0.00163	0.06199	0.00418	0.00263	0.00625
19	0.00648	0.00501	0.00589	0.00576	0.00704	0.00452	0.00426	0.00848	0.03130	0.01623	0.41186	0.10127	0.33231	0.03039	0.00618	0.00168	0.00249	0.00960	0.00488	0.00438
20	0.01197	0.00983	0.01083	0.05273	0.01312	0.01117	0.00765	0.12399	0.52047	0.02094	0.10550	0.03128	0.01713	0.00686	0.00497	0.00159	0.00393	0.00573	0.03319	0.00711
21	0.01553	0.03161	0.06182	0.06874	0.10675	0.03709	0.07822	0.34764	0.04732	0.10980	0.01185	0.01311	0.00874	0.03303	0.00552	0.00159	0.00570	0.00454	0.00394	0.00744
22	0.01016	0.00912	0.08542	0.07740	0.06848	0.00779	0.03585	0.03941	0.09959	0.10678	0.10417	0.10255	0.21627	0.00852	0.00531	0.00161	0.00414	0.00736	0.00417	0.00589
23	0.01000	0.00785	0.00890	0.00808	0.01014	0.00846	0.00622	0.01807	0.40935	0.04714	0.36099	0.02646	0.04181	0.00811	0.00529	0.00159	0.00314	0.00698	0.00514	0.00627
24	0.00694	0.00514	0.00753	0.00753	0.00831	0.00592	0.00574	0.00849	0.00771	0.01106	0.01321	0.02032	0.01267	0.11673	0.73087	0.00748	0.01214	0.00538	0.00263	0.00419
25	0.01212	0.21668	0.17095	0.02790	0.04567	0.04444	0.29255	0.07753	0.01172	0.01542	0.00939	0.03662	0.00765	0.00474	0.00471	0.00144	0.00676	0.00452	0.00254	0.00662
26	0.01050	0.05462	0.01433	0.06977	0.06488	0.01297	0.01000	0.01272	0.05480	0.02727	0.00931	0.01288	0.02048	0.01067	0.10063	0.00255	0.48705	0.00445	0.01455	0.00557
27	0.00654	0.00492	0.00573	0.00565	0.00700	0.00433	0.00419	0.00815	0.01193	0.03330	0.33222	0.12984	0.40563	0.01155	0.00576	0.00163	0.00247	0.00995	0.00485	0.00435
28	0.01544	0.25452	0.03446	0.01061	0.01362	0.43368	0.00879	0.03522	0.01222	0.04255	0.00901	0.01036	0.02056	0.00750	0.07024	0.00175	0.00766	0.00337	0.00260	0.00586
29	0.01224	0.09605	0.33607	0.02643	0.10926	0.05548	0.04221	0.05505	0.05882	0.08346	0.01154	0.03443	0.00926	0.00554	0.00471	0.00151	0.00612	0.04190	0.00297	0.00696
30	0.01345	0.01429	0.09880	0.04285	0.16055	0.17979	0.01044	0.10799	0.12130	0.05242	0.02586	0.04767	0.01074	0.03396	0.00610	0.02747	0.02000	0.01638	0.00336	0.00657
31	0.14067	0.01223	0.01538	0.09251	0.28521	0.12575	0.05650	0.03705	0.03473	0.01592	0.00975	0.01388	0.00841	0.00554	0.00562	0.00157	0.07667	0.05354	0.00274	0.00634
32	0.04706	0.07706	0.11902	0.02505	0.08387	0.12296	0.13891	0.05736	0.01122	0.07177	0.00906	0.01113	0.00714	0.00551	0.00698	0.00157	0.17754	0.00412	0.01624	0.00642
33	0.00706	0.00500	0.00639	0.00636	0.00667	0.00539	0.00424	0.00771	0.00736	0.01015	0.01447	0.04152	0.01570	0.51759	0.29965	0.00567	0.02629	0.00646	0.00283	0.00350
34	0.02961	0.40793	0.19305	0.01119	0.04488	0.10069	0.02425	0.04693	0.02165	0.01372	0.00838	0.03427	0.00726	0.00494	0.00430	0.00129	0.03337	0.00350	0.00238	0.00641
35	0.00989	0.04096	0.04103	0.02938	0.11533	0.00776	0.02932	0.07338	0.02402	0.06246	0.11070	0.25739	0.05766	0.00949	0.01766	0.00170	0.01559	0.00794	0.08278	0.00558
36	0.00595	0.00428	0.00565	0.00673	0.00709	0.00399	0.00456	0.00684	0.00940	0.01246	0.02757	0.77465	0.06244	0.01502	0.00618	0.00196	0.00284	0.03393	0.00450	0.00396
37	0.00910	0.00964	0.07104	0.72572	0.03137	0.01054	0.01340	0.01246	0.00990	0.01289	0.04208	0.01371	0.00810	0.00504	0.00486	0.00161	0.00633	0.00444	0.00228	0.00548
38	0.05431	0.01340	0.01423	0.01095	0.01479	0.01485	0.00904	0.75066	0.02217	0.03017	0.01143	0.01147	0.00811	0.00576	0.00477	0.00146	0.00527	0.00429	0.00477	0.00811
39	0.01205	0.01041	0.01096	0.00986	0.01260	0.01205	0.00767	0.02575	0.79071	0.02027	0.01972	0.01808	0.01479	0.00657	0.00493	0.00164	0.00384	0.00548	0.00493	0.00767
40	0.00915	0.00861	0.01453	0.81804	0.03338	0.01077	0.01346	0.01238	0.00969	0.01238	0.00861	0.01292	0.00646	0.00484	0.00484	0.00161	0.00646	0.00431	0.00215	0.00538
41	0.01060	0.01060	0.01484	0.01272	0.01272	0.01484	0.01060	0.01166	0.00742	0.01166	0.00636	0.01060	0.00636	0.00848	0.01590	0.00212	0.82082	0.00424	0.00212	0.00530
42	0.00698	0.00479	0.00585	0.00589	0.00609	0.00497	0.00368	0.00739	0.00729	0.00991	0.01515	0.05562	0.01688	0.62639	0.19830	0.00529	0.00647	0.00686	0.00291	0.00328
43	0.86392	0.00937	0.00712	0.00637	0.00937	0.01087	0.00525	0.01425	0.00825	0.02174	0.00675	0.00787	0.00525	0.00450	0.00300	0.00150	0.00375	0.00262	0.00300	0.00525
44	0.01206	0.00923	0.01071	0.00785	0.01201	0.00770	0.00632	0.10591	0.03366	0.08196	0.01014	0.01099	0.00791	0.00414	0.00388	0.00090	0.00385	0.00329	0.00342	0.66408
45	0.00716	0.00506	0.00680	0.00774	0.00844	0.00498	0.00611	0.00865	0.00998	0.01309	0.02428	0.26477	0.02739	0.14479	0.00943	0.00255	0.00404	0.43642	0.00423	0.00407
46	0.01292	0.00706	0.00877	0.00764	0.00996	0.00677	0.00600	0.02932	0.13868	0.28798	0.23781	0.07872	0.09042	0.00850	0.00529	0.00158	0.00333	0.02761	0.02532	0.00631
47	0.00701	0.00471	0.00539	0.00542	0.00546	0.00473	0.00309	0.00710	0.00713	0.00954	0.01546	0.05078	0.01776	0.77924	0.05434	0.00475	0.00497	0.00714	0.00296	0.00301
48	0.00793	0.00649	0.00908	0.00842	0.00887	0.00786	0.02054	0.00900	0.00753	0.01084	0.01205	0.02092	0.01239	0.28117	0.35413	0.00532	0.20514	0.00556	0.00259	0.00416
49	0.00603	0.00434	0.00579	0.00675	0.00710	0.00415	0.00456	0.00693	0.00910	0.01218	0.02556	0.71042	0.04581	0.04611	0.07791	0.00257	0.00377	0.01270	0.00427	0.00394
50	0.01508	0.00776	0.00976	0.00815	0.01090	0.00749	0.00649	0.01980	0.19216	0.38983	0.25093	0.02273	0.02268	0.00729	0.00514	0.00154	0.00351	0.00617	0.00556	0.00702
51	0.00859	0.00554	0.03740	0.00729	0.02665	0.00507	0.00509	0.02002	0.02818	0.00980	0.01017	0.05355	0.01028	0.07735	0.01728	0.66327	0.00434	0.00488	0.00240	0.00283
52	0.01311	0.01521	0.06637	0.01342	0.07523	0.25466	0.01042	0.02820	0.09388	0.01361	0.00894	0.01146	0.00767	0.02059	0.00932	0.00173	0.32517	0.00405	0.02100	0.00595
53	0.06109	0.04209	0.04770	0.19742	0.34275	0.07019	0.06850	0.05516	0.01126	0.01556	0.00914	0.02777	0.00752	0.00484	0.00488	0.00149	0.01912	0.00433	0.00253	0.00664
54	0.02743	0.03386	0.03247	0.04693	0.11073	0.27884	0.02461	0.13289	0.02543	0.01664	0.01241	0.05156	0.02846	0.00613	0.00461	0.00141	0.00601	0.04171	0.11182	0.00605
55	0.00649	0.00554	0.00657	0.00623	0.00801	0.00485	0.03731	0.00827	0.02894	0.01375	0.06617	0.07363	0.59580	0.01164	0.00574	0.00167	0.00296	0.07897	0.00439	0.03306
56	0.01335	0.72619	0.03970	0.00879	0.01285	0.04303	0.00861	0.06250	0.01074	0.01269	0.00710	0.00814	0.00635	0.00436	0.00351	0.00110	0.01963	0.00277	0.00226	0.00633
57	0.03307	0.19159	0.03549	0.01285	0.08102	0.47813	0.00969	0.06461	0.02666	0.01367	0.00795	0.00917	0.00661	0.00482	0.00416	0.00125	0.00731	0.00323	0.00258	0.00615
58	0.00603	0.00430	0.00559	0.00654	0.00685	0.00403	0.00433	0.00684	0.00922	0.01227	0.04398	0.70916	0.05456	0.09207	0.00791	0.00221	0.00297	0.01292	0.00437	0.00386
59	0.00620	0.00443	0.00587	0.00686	0.00729	0.00417	0.00478	0.00723	0.00964	0.01285	0.06565	0.66194	0.04344	0.04591	0.00692	0.00207	0.00303	0.09324	0.00448	0.00399
60	0.00687	0.00611	0.05097	0.00800	0.04178	0.00520	0.01661	0.00847	0.00972	0.01340	0.05815	0.40290	0.13412	0.01586	0.12965	0.00268	0.00470	0.00993	0.07042	0.00446
61	0.01094	0.29993	0.40274	0.01128	0.01640	0.03287	0.01292	0.01484	0.03391	0.01361	0.00854	0.01024	0.00687	0.00696	0.06256	0.00183	0.04137	0.00343	0.00220	0.00653
62	0.00921	0.00841	0.00770	0.00802	0.00917	0.16177	0.00612	0.01072	0.01091	0.01364	0.05864	0.24311	0.07130	0.04319	0.03108	0.00205	0.00467	0.20322	0.09259	0.00447
63	0.00594	0.00479	0.00525	0.00540	0.00669	0.00414	0.00393	0.00721	0.01098	0.01371	0.14283	0.18400	0.54270	0.03259	0.00627	0.00176	0.00255	0.01059	0.00457	0.00410
64	0.01186	0.02994	0.16831	0.14808	0.09246	0.06691	0.24856	0.06582	0.05344	0.03278	0.01036	0.03092	0.00803	0.00493	0.00503	0.00155	0.00684	0.00479	0.00273	0.00665
65	0.02587	0.03044	0.01329	0.14923	0.01710	0.07365	0.03632	0.18130	0.35642	0.01987	0.01453	0.03710	0.01121	0.00606	0.00485	0.00156	0.00513	0.00499	0.00406	0.00703
66	0.17309	0.31461	0.21319	0.00970	0.01402	0.04143	0.01010	0.06474	0.01054	0.01574	0.00887	0.02285	0.02448	0.00500	0.00428	0.00135	0.04003	0.00340	0.00255	0.02004
67	0.01015	0.00883	0.01252	0.27679	0.12980	0.05679	0.01005	0.01237	0.00989	0.05795	0.05105	0.02785	0.02593	0.05567	0.16598	0.00299	0.07211	0.00505	0.00279	0.00546
68	0.00598	0.00462	0.00537	0.00582	0.00677	0.00411	0.00409	0.00707	0.01027	0.01304	0.08986	0.36764	0.37394	0.06033	0.00702	0.00195	0.00274	0.02090	0.00447	0.00400
69	0.01073	0.17425	0.23408	0.18475	0.07408	0.04430	0.09137	0.01409	0.01038	0.01379	0.03945	0.01254	0.02656	0.00508	0.00509	0.00148	0.04520	0.00418	0.00234	0.00625
70	0.01247	0.28567	0.35945	0.01171	0.01664	0.17183	0.01277	0.01570	0.01067	0.01321	0.00772	0.00916	0.00620	0.00471	0.00459	0.00134	0.04436	0.00320	0.00215	0.00647
71	0.14136	0.00821	0.01031	0.00814	0.01158	0.00757	0.00668	0.02127	0.02750	0.61979	0.07332	0.01670	0.01351	0.00607	0.00467	0.00150	0.00393	0.00484	0.00550	0.00754
