[name]
unknown

[dist]
# distance from previous block
# <min> <max>
9	416

[block]
# block no. 0 follows, 48 sequences, length 25
# corresponding to MSA columns:
# 509-533
name=unknown_A
#
# <colnr> <probs for GDERKNQSTAVLIFYWHMCP>
#	G	D	E	R	K	N	Q	S	T	A	V	L	I	F	Y	W	H	M	C	P
0	0.07346	0.11427	0.06468	0.05444	0.04066	0.04400	0.05957	0.07595	0.06280	0.08310	0.12659	0.06836	0.02979	0.00697	0.00516	0.00156	0.02048	0.00578	0.05593	0.00645
1	0.06138	0.10072	0.02812	0.02478	0.04923	0.05461	0.02463	0.10090	0.03754	0.08605	0.09626	0.14469	0.03441	0.00825	0.01944	0.00163	0.00477	0.00641	0.02105	0.09514
2	0.06024	0.06108	0.17351	0.04303	0.01558	0.09772	0.02708	0.08955	0.05507	0.13965	0.06124	0.06099	0.05691	0.00675	0.00499	0.00156	0.00560	0.00542	0.00393	0.03009
3	0.09506	0.06161	0.08022	0.01010	0.01328	0.07372	0.02566	0.11032	0.11115	0.04543	0.08796	0.04290	0.01381	0.02605	0.03172	0.01890	0.05494	0.00508	0.00378	0.08829
4	0.06235	0.06757	0.12341	0.02763	0.04781	0.08344	0.06517	0.06596	0.08076	0.11656	0.03612	0.11138	0.02659	0.00712	0.00554	0.00164	0.03751	0.00587	0.02079	0.00678
5	0.06243	0.13389	0.08040	0.06210	0.08255	0.08259	0.07485	0.10540	0.02899	0.07676	0.03526	0.03186	0.01019	0.00676	0.03046	0.00171	0.02417	0.01484	0.00335	0.05144
6	0.06036	0.13035	0.10256	0.03530	0.03124	0.02474	0.00885	0.07201	0.10057	0.12251	0.07353	0.01769	0.06857	0.02297	0.00514	0.00151	0.00481	0.00500	0.00396	0.10836
7	0.06246	0.14317	0.07822	0.03954	0.08951	0.07207	0.05412	0.06349	0.02862	0.08689	0.05445	0.07928	0.07293	0.00689	0.00516	0.00154	0.02253	0.00565	0.00358	0.02990
8	0.04606	0.04499	0.22356	0.04137	0.05661	0.05808	0.10273	0.03784	0.08684	0.07491	0.03392	0.05166	0.01074	0.00582	0.00520	0.00155	0.02171	0.00496	0.00331	0.08813
9	0.07663	0.12450	0.03630	0.01076	0.01422	0.25303	0.02401	0.10347	0.06009	0.09949	0.04164	0.01250	0.00985	0.00613	0.01857	0.00150	0.01900	0.00403	0.00359	0.08070
10	0.02488	0.00967	0.04589	0.09109	0.07004	0.00932	0.02137	0.10665	0.12377	0.10303	0.08992	0.19406	0.01902	0.00842	0.00544	0.00168	0.00453	0.00734	0.00444	0.05943
11	0.00692	0.00535	0.00637	0.00609	0.00757	0.00471	0.00455	0.00886	0.01313	0.01767	0.45610	0.07910	0.30850	0.01139	0.00599	0.00164	0.00257	0.00984	0.00519	0.03846
12	0.04013	0.00985	0.01331	0.16090	0.22334	0.05464	0.01023	0.07500	0.01215	0.03416	0.08387	0.06653	0.03645	0.08608	0.02228	0.02102	0.00560	0.03498	0.00343	0.00609
13	0.00673	0.00520	0.00614	0.00596	0.00735	0.00461	0.00445	0.00863	0.01319	0.01753	0.45479	0.07023	0.35323	0.01172	0.00607	0.00168	0.00251	0.01011	0.00525	0.00461
14	0.12216	0.01693	0.01390	0.01174	0.01486	0.39375	0.06039	0.01941	0.01304	0.16915	0.01060	0.01148	0.00797	0.00612	0.02170	0.00158	0.03937	0.00387	0.00345	0.05853
15	0.01270	0.01219	0.02083	0.03149	0.78767	0.01219	0.01575	0.01575	0.01168	0.01676	0.00965	0.01270	0.00813	0.00457	0.00508	0.00152	0.00610	0.00457	0.00254	0.00813
16	0.00956	0.00478	0.00478	0.00478	0.00598	0.00478	0.00359	0.01196	0.01076	0.01913	0.01674	0.01913	0.01315	0.00598	0.00359	0.00120	0.00239	0.00478	0.84816	0.00478
17	0.00956	0.00478	0.00478	0.00478	0.00598	0.00478	0.00359	0.01196	0.01076	0.01913	0.01674	0.01913	0.01315	0.00598	0.00359	0.00120	0.00239	0.00478	0.84816	0.00478
18	0.04437	0.04484	0.67353	0.01507	0.04336	0.01219	0.06428	0.01618	0.01084	0.01644	0.00916	0.01091	0.00659	0.00482	0.00485	0.00161	0.00741	0.00389	0.00224	0.00745
19	0.01163	0.03230	0.18604	0.11474	0.18248	0.01138	0.05952	0.06596	0.02610	0.03111	0.02424	0.06041	0.00990	0.00582	0.00569	0.00156	0.05233	0.00497	0.00295	0.11086
20	0.03158	0.15402	0.09647	0.01043	0.02675	0.23422	0.00874	0.02824	0.01082	0.01280	0.01039	0.01602	0.00997	0.18912	0.08601	0.02616	0.03567	0.00450	0.00266	0.00544
21	0.01040	0.02576	0.74610	0.01506	0.02249	0.01198	0.06516	0.01626	0.01091	0.01626	0.00928	0.01102	0.00658	0.00484	0.00495	0.00163	0.00765	0.00393	0.00219	0.00754
22	0.00636	0.00502	0.00567	0.00590	0.00713	0.00440	0.00424	0.00769	0.01155	0.01464	0.16556	0.23728	0.45162	0.04083	0.00687	0.00191	0.00274	0.01139	0.00485	0.00433
23	0.00752	0.00577	0.00799	0.03954	0.00985	0.00622	0.00652	0.00909	0.01007	0.01367	0.08074	0.27621	0.05725	0.06807	0.16423	0.00348	0.06659	0.15863	0.00404	0.00452
24	0.00747	0.02877	0.03410	0.00715	0.00851	0.02139	0.00559	0.00949	0.01257	0.01716	0.42759	0.21759	0.10064	0.01310	0.04823	0.00208	0.00361	0.02524	0.00492	0.00479

[dist]
# distance from previous block
# <min> <max>
0	1

[block]
# block no. 1 follows, 48 sequences, length 8
# corresponding to MSA columns:
# 535,540-546
name=unknown_B
#
# <colnr> <probs for GDERKNQSTAVLIFYWHMCP>
#	G	D	E	R	K	N	Q	S	T	A	V	L	I	F	Y	W	H	M	C	P
0	0.11004	0.52454	0.04767	0.01026	0.03438	0.06268	0.03334	0.04225	0.01106	0.01471	0.02830	0.00976	0.00774	0.00493	0.00427	0.00129	0.04044	0.00329	0.00255	0.00650
1	0.16767	0.12966	0.01541	0.04462	0.09558	0.11855	0.00941	0.16768	0.04254	0.03757	0.01014	0.02972	0.00844	0.02719	0.00602	0.00163	0.07386	0.00418	0.00336	0.00675
2	0.01116	0.00979	0.04915	0.12771	0.07246	0.01041	0.00975	0.07227	0.08387	0.06042	0.18726	0.03631	0.01870	0.01045	0.07780	0.00233	0.14402	0.00602	0.00386	0.00625
3	0.00956	0.00478	0.00478	0.00478	0.00598	0.00478	0.00359	0.01196	0.01076	0.01913	0.01674	0.01913	0.01315	0.00598	0.00359	0.00120	0.00239	0.00478	0.84816	0.00478
4	0.01178	0.00970	0.01285	0.17160	0.01778	0.01081	0.06051	0.04305	0.36096	0.06031	0.08247	0.05572	0.03505	0.00748	0.00548	0.00175	0.00481	0.03648	0.00449	0.00693
5	0.01150	0.01061	0.01427	0.04460	0.09319	0.05390	0.09050	0.08417	0.04221	0.01698	0.04520	0.15660	0.01429	0.00748	0.00654	0.00156	0.09775	0.00634	0.00349	0.19881
6	0.04263	0.00691	0.03292	0.00781	0.00984	0.00598	0.03576	0.01208	0.01255	0.14395	0.27120	0.15433	0.16582	0.01167	0.03604	0.00199	0.00383	0.03420	0.00500	0.00547
7	0.01620	0.03369	0.04383	0.04345	0.13349	0.37357	0.03634	0.05463	0.07589	0.06795	0.04765	0.01304	0.01015	0.00558	0.00490	0.00145	0.00718	0.00431	0.00331	0.02338

[dist]
# distance from previous block
# <min> <max>
3	8

[block]
# block no. 2 follows, 48 sequences, length 7
# corresponding to MSA columns:
# 555-561
name=unknown_C
#
# <colnr> <probs for GDERKNQSTAVLIFYWHMCP>
#	G	D	E	R	K	N	Q	S	T	A	V	L	I	F	Y	W	H	M	C	P
0	0.01020	0.00954	0.07899	0.06719	0.04634	0.00792	0.07993	0.01327	0.03746	0.07613	0.10340	0.07877	0.08820	0.01148	0.10352	0.00238	0.00588	0.03167	0.00377	0.14393
1	0.00867	0.00454	0.00650	0.00650	0.00650	0.00454	0.00423	0.00682	0.00682	0.00909	0.01014	0.01863	0.01056	0.15319	0.02108	0.70794	0.00454	0.00496	0.00238	0.00238
2	0.01212	0.08765	0.06678	0.17753	0.14443	0.03145	0.16856	0.05607	0.05672	0.03537	0.03113	0.01509	0.03568	0.00660	0.03226	0.00183	0.02584	0.00508	0.00299	0.00681
3	0.01064	0.00912	0.01064	0.00760	0.01216	0.00684	0.00608	0.01292	0.01064	0.01672	0.00912	0.01064	0.00760	0.00380	0.00380	0.00076	0.00380	0.00304	0.00304	0.85104
4	0.01033	0.03695	0.22042	0.01442	0.08728	0.01035	0.13251	0.03238	0.07051	0.01654	0.04861	0.07599	0.07008	0.00801	0.00597	0.00179	0.02722	0.12065	0.00346	0.00651
5	0.00734	0.00496	0.00578	0.00589	0.00597	0.00498	0.00345	0.00753	0.00773	0.01035	0.01715	0.10550	0.01974	0.70078	0.06813	0.00489	0.00529	0.00801	0.00324	0.00329
6	0.01159	0.01112	0.06055	0.01340	0.12754	0.01141	0.00968	0.06285	0.33597	0.01896	0.06739	0.03930	0.06442	0.00891	0.03897	0.00202	0.07972	0.02486	0.00423	0.00712

[dist]
# distance from previous block
# <min> <max>
1	30

[block]
# block no. 3 follows, 48 sequences, length 12
# corresponding to MSA columns:
# 592,593,596-605
name=unknown_D
#
# <colnr> <probs for GDERKNQSTAVLIFYWHMCP>
#	G	D	E	R	K	N	Q	S	T	A	V	L	I	F	Y	W	H	M	C	P
0	0.00762	0.00563	0.00766	0.00747	0.00824	0.00618	0.00545	0.00879	0.00817	0.01152	0.01512	0.02421	0.03807	0.26268	0.47339	0.02886	0.03462	0.00608	0.00290	0.03733
1	0.03366	0.04519	0.10582	0.17673	0.19730	0.07553	0.11411	0.01526	0.04766	0.01530	0.01251	0.05344	0.03244	0.03015	0.00582	0.00173	0.00652	0.02141	0.00283	0.00659
2	0.00677	0.00489	0.00638	0.00692	0.00742	0.00491	0.00474	0.00773	0.00907	0.01218	0.02392	0.38608	0.08556	0.19739	0.20733	0.00422	0.00605	0.01047	0.00390	0.00405
3	0.00973	0.00770	0.01110	0.07066	0.19713	0.00761	0.00835	0.02964	0.04048	0.05691	0.26592	0.11369	0.14196	0.00923	0.00571	0.00167	0.00394	0.00817	0.00444	0.00595
4	0.00855	0.00781	0.00768	0.00731	0.00907	0.06484	0.00554	0.01211	0.14083	0.01484	0.06003	0.03601	0.43490	0.05033	0.08998	0.00254	0.02969	0.00847	0.00435	0.00512
5	0.85592	0.00992	0.00754	0.00675	0.00992	0.01151	0.00556	0.01508	0.00873	0.02302	0.00714	0.00834	0.00556	0.00476	0.00318	0.00159	0.00397	0.00278	0.00318	0.00556
6	0.00962	0.00778	0.01053	0.10666	0.04749	0.02875	0.04761	0.07479	0.01220	0.04006	0.09125	0.24746	0.11470	0.04723	0.02688	0.00209	0.00470	0.04896	0.00418	0.02704
7	0.01064	0.00912	0.01064	0.00760	0.01216	0.00684	0.00608	0.01292	0.01064	0.01672	0.00912	0.01064	0.00760	0.00380	0.00380	0.00076	0.00380	0.00304	0.00304	0.85104
8	0.01405	0.31938	0.03823	0.15566	0.11958	0.12174	0.03713	0.01640	0.01169	0.07986	0.03494	0.01197	0.00878	0.00505	0.00442	0.00139	0.00628	0.00395	0.00280	0.00670
9	0.00956	0.00478	0.00478	0.00478	0.00598	0.00478	0.00359	0.01196	0.01076	0.01913	0.01674	0.01913	0.01315	0.00598	0.00359	0.00120	0.00239	0.00478	0.84816	0.00478
10	0.39736	0.02895	0.07721	0.08156	0.11647	0.01183	0.05218	0.05456	0.03755	0.08410	0.00981	0.01121	0.00733	0.00502	0.00423	0.00159	0.00521	0.00383	0.00331	0.00668
11	0.04251	0.01237	0.01392	0.05983	0.06375	0.04333	0.00947	0.31424	0.16586	0.05115	0.01304	0.01410	0.00995	0.02982	0.00637	0.00167	0.06054	0.00469	0.00427	0.07911

[dist]
# distance from previous block
# <min> <max>
0	2

[block]
# block no. 4 follows, 48 sequences, length 8
# corresponding to MSA columns:
# 608-615
name=unknown_E
#
# <colnr> <probs for GDERKNQSTAVLIFYWHMCP>
#	G	D	E	R	K	N	Q	S	T	A	V	L	I	F	Y	W	H	M	C	P
0	0.01266	0.01402	0.05231	0.05673	0.08681	0.06506	0.43340	0.01667	0.04760	0.03714	0.01033	0.01332	0.00801	0.00528	0.00719	0.00175	0.11679	0.00535	0.00274	0.00685
1	0.01123	0.01102	0.02018	0.01645	0.07597	0.01061	0.38041	0.05631	0.07083	0.01682	0.01742	0.05946	0.09635	0.00739	0.00661	0.04749	0.00638	0.04533	0.00338	0.04035
2	0.00905	0.00642	0.04678	0.15428	0.01266	0.00613	0.00690	0.00837	0.00758	0.01010	0.00933	0.01592	0.00891	0.05558	0.01687	0.60999	0.00507	0.00460	0.00228	0.00317
3	0.01294	0.12054	0.05899	0.01126	0.05070	0.09292	0.04449	0.05907	0.01186	0.04429	0.01030	0.02636	0.02127	0.00520	0.00534	0.00123	0.07186	0.00392	0.00303	0.34441
4	0.00649	0.00521	0.00579	0.00564	0.00719	0.00451	0.00423	0.00819	0.01270	0.01624	0.31203	0.04546	0.52404	0.01211	0.00606	0.00169	0.00254	0.01028	0.00508	0.00451
5	0.00766	0.00575	0.00808	0.00798	0.00864	0.00667	0.00599	0.00908	0.00825	0.01190	0.01455	0.06480	0.01457	0.17446	0.53212	0.00664	0.07015	0.00624	0.03211	0.00438
6	0.01167	0.14289	0.08451	0.01211	0.01431	0.06209	0.05281	0.04852	0.01001	0.01373	0.00899	0.01262	0.00808	0.01331	0.17204	0.00312	0.31633	0.00438	0.00251	0.00597
7	0.04890	0.04095	0.00955	0.00852	0.00982	0.05301	0.00654	0.02851	0.06667	0.01399	0.05099	0.09427	0.01594	0.10356	0.38260	0.00512	0.04643	0.00631	0.00331	0.00502

[dist]
# distance from previous block
# <min> <max>
1	5

[block]
# block no. 5 follows, 48 sequences, length 6
# corresponding to MSA columns:
# 621-626
name=unknown_F
#
# <colnr> <probs for GDERKNQSTAVLIFYWHMCP>
#	G	D	E	R	K	N	Q	S	T	A	V	L	I	F	Y	W	H	M	C	P
0	0.03265	0.03513	0.15927	0.01116	0.01503	0.01131	0.03964	0.12191	0.13580	0.07789	0.04574	0.03508	0.01246	0.00749	0.02833	0.00178	0.07257	0.03563	0.00388	0.11726
1	0.01372	0.82276	0.02689	0.00878	0.01317	0.02030	0.00878	0.01536	0.01043	0.01207	0.00713	0.00823	0.00658	0.00439	0.00329	0.00110	0.00549	0.00274	0.00219	0.00658
2	0.01052	0.01043	0.05511	0.27748	0.17423	0.01072	0.05208	0.04293	0.06719	0.01598	0.07634	0.05040	0.03411	0.03387	0.03221	0.00201	0.03910	0.00579	0.00315	0.00634
3	0.00625	0.00447	0.00595	0.00714	0.00744	0.00417	0.00476	0.00714	0.00982	0.01310	0.02828	0.81633	0.03394	0.01608	0.00655	0.00208	0.00298	0.01459	0.00476	0.00417
4	0.01223	0.00893	0.01090	0.11560	0.04872	0.08218	0.02911	0.01472	0.03668	0.16672	0.24082	0.05804	0.06967	0.07441	0.00721	0.00190	0.00467	0.00704	0.00452	0.00593
5	0.00648	0.00484	0.00608	0.00698	0.00775	0.00444	0.00503	0.00767	0.01055	0.01359	0.03393	0.52582	0.21729	0.01506	0.00650	0.00204	0.00312	0.11378	0.00476	0.00428

[dist]
# distance from previous block
# <min> <max>
0	1

[block]
# block no. 6 follows, 48 sequences, length 16
# corresponding to MSA columns:
# 628-643
name=unknown_G
#
# <colnr> <probs for GDERKNQSTAVLIFYWHMCP>
#	G	D	E	R	K	N	Q	S	T	A	V	L	I	F	Y	W	H	M	C	P
0	0.00681	0.00511	0.00737	0.00786	0.00844	0.00487	0.04533	0.00787	0.00970	0.01296	0.02541	0.62881	0.02991	0.10740	0.03650	0.00262	0.00395	0.04047	0.00439	0.00423
1	0.01260	0.08058	0.03911	0.00913	0.01325	0.01063	0.00767	0.14343	0.14656	0.01963	0.01225	0.04217	0.01005	0.00529	0.00437	0.00117	0.00440	0.00422	0.00374	0.42977
2	0.01614	0.37801	0.01988	0.01063	0.01433	0.21867	0.00915	0.18031	0.05798	0.01713	0.00973	0.02871	0.00820	0.00542	0.00422	0.00131	0.00635	0.00374	0.00318	0.00691
3	0.85592	0.00992	0.00754	0.00675	0.00992	0.01151	0.00556	0.01508	0.00873	0.02302	0.00714	0.00834	0.00556	0.00476	0.00318	0.00159	0.00397	0.00278	0.00318	0.00556
4	0.01093	0.01023	0.03021	0.13695	0.35216	0.01024	0.05713	0.05359	0.01256	0.01739	0.15532	0.02059	0.05908	0.00751	0.03034	0.00182	0.00571	0.01813	0.00337	0.00674
5	0.00639	0.00455	0.00603	0.00717	0.00749	0.00427	0.00483	0.00730	0.00979	0.01304	0.02768	0.74986	0.03306	0.05299	0.00747	0.00223	0.00314	0.04389	0.00469	0.00414
6	0.07306	0.00972	0.01563	0.66244	0.03195	0.01173	0.05501	0.05364	0.01098	0.01505	0.00921	0.01322	0.00690	0.00511	0.00504	0.00169	0.00666	0.00451	0.00252	0.00592
7	0.01123	0.01123	0.01572	0.01347	0.01347	0.01572	0.01123	0.01235	0.00786	0.01235	0.00674	0.01123	0.00674	0.00898	0.01684	0.00225	0.81028	0.00449	0.00225	0.00561
8	0.00728	0.00539	0.00762	0.00775	0.00853	0.00600	0.00582	0.00886	0.00889	0.01264	0.04924	0.15068	0.04346	0.07896	0.52251	0.00621	0.02879	0.00737	0.02955	0.00446
9	0.00806	0.00659	0.00726	0.00692	0.00869	0.00649	0.00516	0.01249	0.18647	0.01647	0.16156	0.09761	0.33924	0.06129	0.02454	0.00205	0.00336	0.00915	0.00482	0.03177
10	0.01209	0.09794	0.01465	0.08618	0.08383	0.11580	0.03285	0.07376	0.06647	0.01601	0.08237	0.06351	0.03805	0.02970	0.06352	0.00217	0.07971	0.01740	0.00341	0.02057
11	0.01281	0.20997	0.03040	0.05857	0.07717	0.06828	0.01022	0.03565	0.07403	0.03648	0.00980	0.01256	0.00846	0.02766	0.03364	0.00195	0.25267	0.00423	0.02906	0.00637
12	0.01220	0.01528	0.17515	0.01357	0.05956	0.12802	0.09162	0.03120	0.06760	0.04510	0.01349	0.14306	0.01250	0.02442	0.00691	0.00175	0.08957	0.00607	0.00325	0.05968
13	0.01242	0.03927	0.22162	0.03503	0.04834	0.07241	0.03811	0.05534	0.08613	0.06801	0.04141	0.05067	0.04530	0.00707	0.00692	0.02124	0.10742	0.00525	0.00336	0.03468
14	0.04177	0.15363	0.14485	0.03574	0.14773	0.04597	0.01111	0.08429	0.01245	0.04192	0.06458	0.03217	0.02526	0.00574	0.00504	0.00143	0.03370	0.00453	0.00315	0.10495
15	0.15192	0.06191	0.09009	0.04669	0.08080	0.06983	0.00946	0.05083	0.05827	0.13184	0.04636	0.01321	0.01016	0.00542	0.00474	0.00144	0.02301	0.00414	0.00363	0.13624

[dist]
# distance from previous block
# <min> <max>
1	24

[block]
# block no. 7 follows, 48 sequences, length 23
# corresponding to MSA columns:
# 670-692
name=unknown_H
#
# <colnr> <probs for GDERKNQSTAVLIFYWHMCP>
#	G	D	E	R	K	N	Q	S	T	A	V	L	I	F	Y	W	H	M	C	P
0	0.09235	0.10824	0.11752	0.04899	0.05154	0.06921	0.03700	0.06747	0.04258	0.03170	0.07741	0.07096	0.04770	0.00734	0.00556	0.00163	0.04329	0.05428	0.00350	0.02171
1	0.06094	0.10571	0.23712	0.01210	0.03235	0.05501	0.06020	0.10489	0.05856	0.03947	0.11694	0.01625	0.03537	0.00626	0.00538	0.00157	0.03653	0.00498	0.00348	0.00689
2	0.04349	0.08776	0.10493	0.08386	0.21409	0.03053	0.01160	0.09322	0.06021	0.06968	0.05536	0.03958	0.04664	0.00627	0.00534	0.00158	0.03009	0.00517	0.00348	0.00713
3	0.05854	0.06746	0.22495	0.01543	0.17496	0.07534	0.01244	0.06415	0.03331	0.09031	0.04670	0.01449	0.04038	0.00576	0.00521	0.00154	0.03181	0.00455	0.00328	0.02936
4	0.03547	0.02499	0.07267	0.01046	0.04769	0.00910	0.04469	0.11142	0.03859	0.04801	0.01463	0.08074	0.03912	0.04526	0.01675	0.00162	0.00486	0.03988	0.00367	0.31040
5	0.01007	0.00757	0.00913	0.09040	0.01235	0.02100	0.00684	0.11611	0.04767	0.05197	0.07084	0.23065	0.16908	0.02689	0.02958	0.02095	0.00434	0.04090	0.00447	0.02922
6	0.01102	0.00909	0.01235	0.01123	0.04687	0.01062	0.04213	0.15310	0.01155	0.01622	0.04137	0.01924	0.01266	0.17214	0.21383	0.00408	0.19806	0.00560	0.00324	0.00559
7	0.00883	0.00766	0.01170	0.01047	0.01139	0.00941	0.05988	0.01059	0.00844	0.01248	0.01168	0.01759	0.01095	0.05197	0.47647	0.00580	0.23883	0.00529	0.02557	0.00499
8	0.01274	0.66514	0.02304	0.00839	0.01230	0.04753	0.00806	0.01432	0.01078	0.01237	0.01414	0.01467	0.12775	0.00576	0.00377	0.00120	0.00518	0.00402	0.00261	0.00621
9	0.00789	0.00632	0.00918	0.00888	0.00959	0.00769	0.00693	0.00949	0.00822	0.01194	0.01343	0.05558	0.01311	0.06975	0.60511	0.00688	0.13673	0.00585	0.00278	0.00465
10	0.05274	0.11118	0.29981	0.01227	0.03406	0.06838	0.03975	0.06964	0.01219	0.06365	0.03008	0.02654	0.00930	0.00554	0.00500	0.00148	0.02902	0.02170	0.00303	0.10464
11	0.01044	0.00979	0.01724	0.05096	0.03118	0.00934	0.29835	0.02871	0.01066	0.02571	0.01368	0.04023	0.04032	0.19993	0.03299	0.00254	0.02926	0.00611	0.00301	0.13954
12	0.67145	0.03591	0.00937	0.00794	0.01108	0.14158	0.00642	0.01624	0.00990	0.04123	0.00762	0.00872	0.00595	0.00488	0.00347	0.00153	0.00490	0.00293	0.00314	0.00574
13	0.01207	0.04795	0.01996	0.02062	0.29589	0.01290	0.16949	0.04829	0.04901	0.01608	0.01111	0.06196	0.01000	0.03244	0.00832	0.00185	0.16669	0.00554	0.00288	0.00693
14	0.00734	0.00547	0.00813	0.00813	0.00900	0.00635	0.00626	0.00909	0.00821	0.01182	0.01385	0.02077	0.01309	0.07385	0.76434	0.00810	0.01335	0.00559	0.00277	0.00451
15	0.00956	0.00478	0.00478	0.00478	0.00598	0.00478	0.00359	0.01196	0.01076	0.01913	0.01674	0.01913	0.01315	0.00598	0.00359	0.00120	0.00239	0.00478	0.84816	0.00478
16	0.00945	0.00579	0.00750	0.00775	0.00914	0.00540	0.00597	0.01143	0.03539	0.13023	0.08050	0.33771	0.13649	0.01310	0.00632	0.00198	0.00353	0.18207	0.00506	0.00517
17	0.01335	0.73626	0.11012	0.00941	0.01415	0.01939	0.00989	0.01546	0.01047	0.01253	0.00736	0.00851	0.00658	0.00444	0.00346	0.00115	0.00571	0.00286	0.00219	0.00669
18	0.01260	0.01229	0.02002	0.11432	0.67963	0.03973	0.01538	0.01563	0.01163	0.01622	0.00953	0.01268	0.00794	0.00466	0.00507	0.00154	0.00629	0.00453	0.00252	0.00779
19	0.01396	0.00781	0.01062	0.10344	0.06246	0.00747	0.00766	0.03536	0.03414	0.30505	0.16613	0.02719	0.18045	0.00827	0.00551	0.00164	0.00406	0.00701	0.00511	0.00668
20	0.00735	0.02707	0.04261	0.00670	0.00840	0.00580	0.00534	0.00989	0.05659	0.01612	0.27355	0.11367	0.31321	0.06470	0.02447	0.00206	0.00336	0.00955	0.00474	0.00483
21	0.05494	0.12647	0.08511	0.00883	0.01143	0.00955	0.00776	0.10607	0.01217	0.06613	0.02010	0.25876	0.06250	0.04911	0.02892	0.00209	0.00478	0.07543	0.00407	0.00579
22	0.08488	0.02691	0.09534	0.03321	0.05014	0.09250	0.00986	0.18308	0.24581	0.03470	0.01624	0.01700	0.05589	0.00654	0.00499	0.00162	0.00542	0.02432	0.00418	0.00737

[dist]
# distance from previous block
# <min> <max>
0	11

[block]
# block no. 8 follows, 48 sequences, length 13
# corresponding to MSA columns:
# 704-716
name=unknown_I
#
# <colnr> <probs for GDERKNQSTAVLIFYWHMCP>
#	G	D	E	R	K	N	Q	S	T	A	V	L	I	F	Y	W	H	M	C	P
0	0.00845	0.00848	0.08780	0.06371	0.06286	0.00708	0.00809	0.03332	0.04827	0.01550	0.10358	0.26643	0.08968	0.07533	0.00760	0.00213	0.00431	0.09792	0.00418	0.00527
1	0.01121	0.03636	0.10304	0.06387	0.07172	0.05789	0.10089	0.05471	0.14547	0.01800	0.16800	0.06046	0.05335	0.00737	0.00570	0.00166	0.02340	0.00646	0.00390	0.00654
2	0.17495	0.00944	0.01077	0.00929	0.03611	0.00964	0.00720	0.16016	0.05464	0.26350	0.12767	0.01947	0.05934	0.00726	0.00534	0.02336	0.00419	0.00552	0.00505	0.00711
3	0.00980	0.01238	0.16833	0.01296	0.03383	0.00952	0.17793	0.01507	0.15506	0.01607	0.01889	0.25035	0.03746	0.03679	0.00649	0.00193	0.00551	0.02160	0.00375	0.00627
4	0.02890	0.00553	0.00721	0.00715	0.00788	0.00605	0.00511	0.00910	0.02658	0.01211	0.04569	0.02626	0.04050	0.31454	0.42802	0.00629	0.00934	0.00645	0.00312	0.00417
5	0.05304	0.00904	0.01191	0.00917	0.01312	0.00808	0.00757	0.05971	0.01491	0.72769	0.01940	0.01689	0.01226	0.00628	0.00509	0.00159	0.00441	0.00505	0.00618	0.00862
6	0.00997	0.00893	0.01089	0.05213	0.13437	0.08369	0.00845	0.03562	0.03428	0.01519	0.08515	0.16251	0.07918	0.01335	0.08924	0.03383	0.02366	0.11029	0.00382	0.00545
7	0.00683	0.00518	0.00630	0.00612	0.00743	0.00464	0.00455	0.00882	0.01337	0.01806	0.51422	0.09093	0.27162	0.01160	0.00609	0.00168	0.00251	0.01009	0.00532	0.00464
8	0.00956	0.00478	0.00478	0.00478	0.00598	0.00478	0.00359	0.01196	0.01076	0.01913	0.01674	0.01913	0.01315	0.00598	0.00359	0.00120	0.00239	0.00478	0.84816	0.00478
9	0.01128	0.03022	0.00939	0.00799	0.01007	0.00777	0.00619	0.13042	0.07607	0.10773	0.29310	0.17387	0.09479	0.01014	0.00576	0.00169	0.00348	0.00874	0.00528	0.00603
10	0.01248	0.00991	0.04905	0.00817	0.01279	0.00719	0.00693	0.01489	0.01126	0.13281	0.01079	0.01167	0.00831	0.00423	0.00406	0.00093	0.00407	0.00339	0.00349	0.68356
11	0.03895	0.18621	0.24562	0.06532	0.18200	0.07259	0.04283	0.03498	0.02751	0.01567	0.01054	0.01232	0.03394	0.00509	0.00463	0.00148	0.00654	0.00411	0.00257	0.00709
12	0.01031	0.03460	0.03771	0.06897	0.15539	0.00903	0.04609	0.02891	0.01226	0.04909	0.21862	0.04092	0.11675	0.00783	0.00627	0.00159	0.06573	0.00668	0.00388	0.07939

[dist]
# distance from previous block
# <min> <max>
3	8

[block]
# block no. 9 follows, 48 sequences, length 34
# corresponding to MSA columns:
# 735-768
name=unknown_J
#
# <colnr> <probs for GDERKNQSTAVLIFYWHMCP>
#	G	D	E	R	K	N	Q	S	T	A	V	L	I	F	Y	W	H	M	C	P
0	0.01441	0.01236	0.01209	0.01057	0.01353	0.09263	0.00823	0.11599	0.52231	0.05390	0.01782	0.01728	0.01348	0.02480	0.00598	0.02452	0.00482	0.00532	0.00482	0.02514
1	0.02693	0.25407	0.15993	0.01239	0.05425	0.17853	0.01118	0.11700	0.04421	0.03124	0.03644	0.01143	0.00886	0.00539	0.00476	0.00141	0.02812	0.00383	0.00302	0.00699
2	0.00808	0.00621	0.00705	0.00706	0.00759	0.04640	0.00485	0.00894	0.00868	0.01150	0.04880	0.03065	0.01852	0.46445	0.23760	0.00535	0.00750	0.06370	0.00322	0.00386
3	0.00651	0.00467	0.00616	0.00713	0.00760	0.00438	0.00493	0.00762	0.01034	0.01382	0.09517	0.64861	0.05452	0.04344	0.00721	0.00215	0.00311	0.06362	0.00478	0.00423
4	0.00753	0.00542	0.00731	0.00828	0.00922	0.00526	0.00670	0.00937	0.01131	0.01484	0.07867	0.25142	0.07386	0.04332	0.00751	0.00230	0.00401	0.44443	0.00474	0.00451
5	0.01036	0.00964	0.01557	0.50881	0.17160	0.01141	0.01339	0.01421	0.06202	0.01435	0.01094	0.03377	0.00906	0.00669	0.02619	0.00190	0.04621	0.02501	0.00266	0.00622
6	0.01381	0.01499	0.01743	0.12407	0.33191	0.22943	0.01310	0.01607	0.01157	0.01430	0.00856	0.01160	0.00728	0.00567	0.00717	0.00163	0.15799	0.00421	0.00248	0.00674
7	0.02990	0.00599	0.00713	0.00651	0.00848	0.00531	0.00506	0.01163	0.01314	0.15671	0.29668	0.03910	0.35008	0.01077	0.00586	0.00168	0.00296	0.03234	0.00532	0.00534
8	0.00698	0.00514	0.00618	0.00629	0.00754	0.00458	0.00462	0.00860	0.01227	0.03520	0.29341	0.23399	0.31461	0.01277	0.00618	0.00179	0.00272	0.02744	0.00510	0.00458
9	0.01733	0.29690	0.01883	0.01160	0.01494	0.47795	0.00951	0.07109	0.01380	0.01377	0.00796	0.00912	0.00675	0.00504	0.00421	0.00126	0.00771	0.00320	0.00266	0.00636
10	0.01064	0.00912	0.01064	0.00760	0.01216	0.00684	0.00608	0.01292	0.01064	0.01672	0.00912	0.01064	0.00760	0.00380	0.00380	0.00076	0.00380	0.00304	0.00304	0.85104
11	0.01063	0.00681	0.00793	0.00720	0.00933	0.00644	0.00554	0.03324	0.11721	0.15682	0.18157	0.10118	0.31472	0.01057	0.00580	0.00171	0.00319	0.00898	0.00529	0.00584
12	0.00909	0.00659	0.00718	0.00693	0.00788	0.00705	0.00464	0.01341	0.22027	0.01436	0.01826	0.07523	0.01813	0.45453	0.01661	0.00348	0.00431	0.00713	0.10018	0.00474
13	0.01108	0.01103	0.01569	0.08642	0.01548	0.01532	0.01150	0.01242	0.00808	0.01242	0.00695	0.01145	0.00675	0.00863	0.01576	0.00220	0.73646	0.00450	0.00225	0.00562
14	0.23089	0.00831	0.00940	0.00782	0.01094	0.00808	0.00629	0.01888	0.03988	0.39845	0.04625	0.04601	0.09284	0.02886	0.00535	0.00171	0.00393	0.00567	0.02352	0.00693
15	0.00677	0.00544	0.00596	0.00592	0.00748	0.00481	0.00444	0.03175	0.01241	0.01560	0.17911	0.12228	0.53680	0.01266	0.00611	0.00176	0.00275	0.02845	0.00493	0.00455
16	0.04338	0.01176	0.01317	0.01031	0.01419	0.05537	0.00844	0.29112	0.05044	0.42278	0.01639	0.01499	0.01087	0.00621	0.00507	0.00156	0.00507	0.00483	0.00557	0.00846
17	0.00682	0.00530	0.00633	0.00686	0.00817	0.00481	0.00540	0.00842	0.01156	0.01450	0.07410	0.17423	0.40242	0.01373	0.00645	0.00197	0.00330	0.23640	0.00479	0.00445
18	0.07601	0.00654	0.00773	0.00681	0.00910	0.00591	0.00532	0.01351	0.01303	0.23353	0.23989	0.05485	0.28803	0.00991	0.00560	0.00166	0.00316	0.00831	0.00533	0.00579
19	0.01047	0.00661	0.00710	0.00656	0.00830	0.00665	0.00501	0.14566	0.01333	0.03566	0.03852	0.13506	0.15568	0.00878	0.00480	0.00149	0.00313	0.00731	0.39448	0.00540
20	0.00695	0.00496	0.00667	0.00713	0.00757	0.00517	0.00491	0.00794	0.00865	0.01186	0.02001	0.33240	0.02253	0.23346	0.29032	0.00500	0.00728	0.00953	0.00362	0.00404
21	0.00630	0.00453	0.00598	0.00704	0.00744	0.00421	0.00474	0.00729	0.01015	0.01354	0.07150	0.74741	0.05953	0.01566	0.00651	0.00205	0.00293	0.01417	0.00481	0.00421
22	0.00984	0.00594	0.00734	0.00693	0.00864	0.00540	0.00522	0.01200	0.04153	0.15661	0.24478	0.18370	0.23195	0.03141	0.00648	0.00183	0.00310	0.02665	0.00527	0.00536
23	0.00690	0.00535	0.00629	0.00603	0.00749	0.00481	0.00453	0.00913	0.03009	0.01788	0.47224	0.04237	0.34540	0.01142	0.00604	0.00166	0.00253	0.00983	0.00528	0.00471
24	0.02135	0.00903	0.01184	0.00927	0.01298	0.00821	0.00757	0.10632	0.01536	0.64766	0.01998	0.07788	0.01388	0.00707	0.00526	0.00162	0.00440	0.00582	0.00609	0.00838
25	0.00640	0.00518	0.00569	0.00562	0.00715	0.00447	0.00419	0.00800	0.01241	0.01569	0.25366	0.07529	0.55346	0.01242	0.00608	0.00171	0.00256	0.01054	0.00501	0.00447
26	0.00682	0.00521	0.00613	0.00591	0.00723	0.00466	0.00435	0.00863	0.01290	0.01719	0.44552	0.04220	0.32850	0.07322	0.00759	0.00192	0.00268	0.00973	0.00512	0.00451
27	0.00758	0.00581	0.00850	0.00836	0.00915	0.00687	0.00646	0.00923	0.00816	0.01179	0.01350	0.02063	0.01290	0.09631	0.69230	0.00763	0.06195	0.00559	0.00275	0.00453
28	0.00737	0.00494	0.00562	0.00571	0.00574	0.00491	0.00324	0.00744	0.00764	0.01019	0.01709	0.09333	0.01982	0.75833	0.02462	0.00475	0.00482	0.00801	0.00324	0.00319
29	0.00695	0.00523	0.00643	0.00613	0.00747	0.00471	0.00460	0.00908	0.01379	0.01883	0.59402	0.04121	0.24045	0.01114	0.00606	0.00164	0.00247	0.00968	0.00542	0.00471
30	0.00683	0.00487	0.00655	0.00763	0.00817	0.00465	0.00558	0.00812	0.01041	0.01383	0.05614	0.57084	0.03284	0.04429	0.00737	0.00224	0.00346	0.19715	0.00473	0.00429
31	0.01064	0.00912	0.01064	0.00760	0.01216	0.00684	0.00608	0.01292	0.01064	0.01672	0.00912	0.01064	0.00760	0.00380	0.00380	0.00076	0.00380	0.00304	0.00304	0.85104
32	0.01243	0.01208	0.01937	0.01484	0.01889	0.01231	0.32486	0.03814	0.36296	0.01913	0.01510	0.01590	0.01139	0.00552	0.00542	0.00163	0.00598	0.00560	0.00390	0.09456
33	0.00625	0.00447	0.00595	0.00714	0.00744	0.00417	0.00476	0.00714	0.00982	0.01310	0.02828	0.81633	0.03394	0.01608	0.00655	0.00208	0.00298	0.01459	0.00476	0.00417

[dist]
# distance from previous block
# <min> <max>
0	1

[block]
# block no. 10 follows, 48 sequences, length 111
# corresponding to MSA columns:
# 770-880
name=unknown_K
#
# <colnr> <probs for GDERKNQSTAVLIFYWHMCP>
#	G	D	E	R	K	N	Q	S	T	A	V	L	I	F	Y	W	H	M	C	P
0	0.01006	0.00949	0.01605	0.71305	0.12677	0.01150	0.01443	0.01343	0.01043	0.01355	0.00918	0.01356	0.00700	0.00506	0.00512	0.00169	0.00675	0.00456	0.00231	0.00599
1	0.01399	0.78280	0.02627	0.00900	0.01330	0.05929	0.00884	0.01562	0.01063	0.01210	0.00717	0.00828	0.00659	0.00443	0.00336	0.00111	0.00568	0.00277	0.00222	0.00655
2	0.00625	0.00447	0.00595	0.00714	0.00744	0.00417	0.00476	0.00714	0.00982	0.01310	0.02828	0.81633	0.03394	0.01608	0.00655	0.00208	0.00298	0.01459	0.00476	0.00417
3	0.00944	0.00655	0.00779	0.00708	0.00876	0.02898	0.00541	0.02578	0.04899	0.09085	0.58867	0.03505	0.09677	0.00991	0.00587	0.00162	0.00295	0.00860	0.00553	0.00541
4	0.85592	0.00992	0.00754	0.00675	0.00992	0.01151	0.00556	0.01508	0.00873	0.02302	0.00714	0.00834	0.00556	0.00476	0.00318	0.00159	0.00397	0.00278	0.00318	0.00556
5	0.01862	0.02357	0.01459	0.05918	0.01699	0.75349	0.01017	0.02006	0.01429	0.01259	0.00800	0.00951	0.00662	0.00528	0.00466	0.00134	0.00911	0.00338	0.00262	0.00593
6	0.00664	0.00536	0.00600	0.00625	0.00782	0.00472	0.00496	0.00825	0.01189	0.01459	0.08870	0.05069	0.56935	0.01312	0.00630	0.00187	0.00308	0.18115	0.00481	0.00445
7	0.00647	0.00510	0.00584	0.00591	0.00724	0.00447	0.00433	0.00807	0.01230	0.01587	0.28107	0.16709	0.43261	0.01269	0.00614	0.00175	0.00260	0.01093	0.00505	0.00447
8	0.01268	0.01079	0.01144	0.01031	0.01311	0.01240	0.00800	0.05811	0.70144	0.02145	0.02094	0.06499	0.01642	0.00745	0.00529	0.00175	0.00407	0.00626	0.00519	0.00792
9	0.01545	0.01236	0.01312	0.01099	0.01437	0.01402	0.00877	0.32368	0.47760	0.02580	0.01747	0.01642	0.01290	0.00664	0.00519	0.00166	0.00469	0.00533	0.00519	0.00836
10	0.00670	0.00524	0.00619	0.00675	0.00804	0.00473	0.00527	0.00821	0.01135	0.01411	0.04038	0.20800	0.42621	0.01394	0.00644	0.00198	0.00326	0.21404	0.00475	0.00441
11	0.01530	0.01071	0.01110	0.00971	0.01250	0.08054	0.00776	0.13600	0.23447	0.17431	0.01871	0.04584	0.01503	0.00755	0.00519	0.00166	0.00466	0.09086	0.11091	0.00721
12	0.04218	0.00524	0.00661	0.00720	0.00817	0.00499	0.00540	0.00879	0.01150	0.01582	0.21077	0.36443	0.11784	0.01356	0.00634	0.00197	0.00318	0.15661	0.00490	0.00451
13	0.00956	0.00478	0.00478	0.00478	0.00598	0.00478	0.00359	0.01196	0.01076	0.01913	0.01674	0.01913	0.01315	0.00598	0.00359	0.00120	0.00239	0.00478	0.84816	0.00478
14	0.00640	0.00456	0.00607	0.00722	0.00756	0.00429	0.00490	0.00735	0.00985	0.01312	0.02781	0.74822	0.03318	0.04280	0.00723	0.00220	0.00314	0.05521	0.00471	0.00416
15	0.00657	0.00524	0.00588	0.00603	0.00748	0.00461	0.00460	0.00809	0.01186	0.01483	0.15106	0.09272	0.51672	0.03990	0.00689	0.00192	0.00294	0.10341	0.00483	0.00440
16	0.00958	0.00614	0.00745	0.00680	0.00866	0.00565	0.00521	0.01247	0.06969	0.12959	0.39607	0.05716	0.24471	0.01047	0.00588	0.00166	0.00289	0.00900	0.00545	0.00548
17	0.04996	0.01618	0.03388	0.01137	0.01472	0.25083	0.00918	0.36066	0.01816	0.07641	0.04481	0.01366	0.01037	0.03523	0.03011	0.00181	0.00672	0.00449	0.00419	0.00725
18	0.01215	0.01435	0.05512	0.05349	0.02620	0.03921	0.66118	0.01629	0.01193	0.01603	0.01008	0.01349	0.00763	0.00456	0.00629	0.00173	0.03512	0.00577	0.00256	0.00682
19	0.02952	0.00796	0.00945	0.00784	0.01065	0.00767	0.00628	0.10297	0.06185	0.32023	0.08757	0.02291	0.11105	0.00744	0.00498	0.00153	0.00368	0.00607	0.18341	0.00693
20	0.05143	0.00881	0.01164	0.00899	0.01285	0.00782	0.00741	0.04406	0.01461	0.72170	0.01947	0.01706	0.01236	0.00628	0.00504	0.00157	0.00433	0.00505	0.03098	0.00851
21	0.03093	0.45625	0.07407	0.01010	0.01446	0.06477	0.00957	0.17333	0.03188	0.07680	0.00973	0.01028	0.00769	0.00506	0.00405	0.00130	0.00574	0.00350	0.00324	0.00724
22	0.00784	0.00599	0.00727	0.00780	0.00881	0.00609	0.00569	0.01147	0.15238	0.01503	0.05275	0.43027	0.08011	0.07188	0.00774	0.00223	0.00352	0.11345	0.00475	0.00493
23	0.00765	0.00552	0.00679	0.00638	0.00784	0.00506	0.00482	0.01018	0.03741	0.04265	0.57679	0.03953	0.20855	0.01081	0.00600	0.00164	0.00257	0.00939	0.00546	0.00495
24	0.03321	0.00962	0.01537	0.65282	0.09516	0.01165	0.01364	0.02882	0.06203	0.01461	0.00996	0.01379	0.00754	0.00522	0.00508	0.00169	0.00649	0.00460	0.00258	0.00612
25	0.00615	0.00503	0.00543	0.00570	0.00708	0.00431	0.00413	0.00739	0.01135	0.01392	0.07185	0.22908	0.58351	0.01363	0.00618	0.00181	0.00268	0.01166	0.00480	0.00431
26	0.00718	0.00485	0.00568	0.00596	0.00603	0.00479	0.00350	0.00739	0.00802	0.01069	0.01901	0.21737	0.02224	0.63098	0.02152	0.00430	0.00451	0.00913	0.00350	0.00336
27	0.01246	0.01072	0.01137	0.01018	0.01307	0.01224	0.00792	0.02606	0.72121	0.02127	0.05225	0.01966	0.01676	0.00700	0.00521	0.00170	0.00398	0.00585	0.00517	0.03591
28	0.00952	0.02004	0.53999	0.04023	0.01904	0.01009	0.03545	0.01438	0.01165	0.01693	0.16931	0.01906	0.03969	0.00651	0.00525	0.00165	0.00630	0.02510	0.00304	0.00676
29	0.00751	0.00518	0.00612	0.00610	0.00619	0.00537	0.00368	0.00774	0.00762	0.01029	0.01606	0.05541	0.01826	0.70243	0.09559	0.00511	0.02748	0.00742	0.00310	0.00334
30	0.26368	0.02889	0.01318	0.03317	0.11188	0.04584	0.00906	0.20074	0.15737	0.04369	0.01171	0.01240	0.00887	0.00570	0.00490	0.00160	0.03192	0.00421	0.00394	0.00726
31	0.05408	0.01978	0.01460	0.01238	0.01564	0.45024	0.00967	0.32301	0.01817	0.02098	0.00967	0.01045	0.00742	0.00562	0.00477	0.00142	0.00758	0.00381	0.00367	0.00705
32	0.01163	0.01242	0.04139	0.01325	0.01385	0.06056	0.01119	0.01297	0.00846	0.01267	0.00699	0.01107	0.00676	0.00841	0.01519	0.00211	0.70360	0.00434	0.00230	0.04083
33	0.00693	0.00535	0.00632	0.00610	0.00750	0.00484	0.00455	0.00916	0.03301	0.01768	0.45578	0.06780	0.31855	0.02587	0.00641	0.00174	0.00259	0.00991	0.00524	0.00469
34	0.01948	0.01527	0.01532	0.01193	0.01591	0.08552	0.00977	0.70389	0.02327	0.03058	0.01193	0.01205	0.00854	0.00608	0.00509	0.00152	0.00597	0.00450	0.00491	0.00848
35	0.00715	0.00498	0.00579	0.00593	0.00624	0.00491	0.00364	0.00754	0.00830	0.01093	0.02165	0.12497	0.11138	0.57207	0.07942	0.00450	0.00512	0.00854	0.00347	0.00349
36	0.00676	0.00507	0.00638	0.00717	0.00813	0.00469	0.00543	0.00821	0.01104	0.01418	0.06350	0.37511	0.24421	0.01451	0.00653	0.00204	0.00330	0.20456	0.00479	0.00438
37	0.00758	0.00566	0.00659	0.00624	0.00785	0.00516	0.00472	0.01019	0.05613	0.04266	0.40981	0.04122	0.35487	0.01121	0.00598	0.00167	0.00265	0.00960	0.00528	0.00494
38	0.02022	0.00946	0.01190	0.00953	0.01322	0.00910	0.00774	0.04102	0.21767	0.57114	0.02025	0.01780	0.01341	0.00651	0.00518	0.00163	0.00431	0.00532	0.00603	0.00857
39	0.01298	0.65226	0.19096	0.01003	0.01510	0.01851	0.01096	0.01555	0.01051	0.01297	0.00758	0.00879	0.00657	0.00449	0.00363	0.00121	0.00594	0.00297	0.00219	0.00680
40	0.01130	0.00810	0.00896	0.00809	0.01051	0.00828	0.00630	0.06345	0.26673	0.11277	0.06830	0.07655	0.29341	0.00985	0.00567	0.00173	0.00355	0.02487	0.00517	0.00642
41	0.00725	0.00528	0.00618	0.00600	0.00733	0.00473	0.00440	0.00886	0.01234	0.03892	0.33443	0.06799	0.34195	0.10743	0.00844	0.00209	0.00292	0.02398	0.00496	0.00452
42	0.03821	0.00671	0.00846	0.00831	0.00978	0.00685	0.02604	0.08141	0.02499	0.05624	0.02181	0.25548	0.02258	0.04862	0.00691	0.00203	0.01917	0.19732	0.15387	0.00523
43	0.00814	0.00635	0.00846	0.00832	0.00936	0.03407	0.00643	0.02979	0.00894	0.01263	0.01367	0.01997	0.01270	0.06069	0.70169	0.00751	0.01275	0.00544	0.02837	0.00470
44	0.00792	0.00584	0.00685	0.00649	0.00784	0.00557	0.00473	0.03028	0.06251	0.03104	0.37305	0.06763	0.22015	0.13678	0.00910	0.00219	0.00311	0.00916	0.00497	0.00481
45	0.01943	0.01384	0.01498	0.01151	0.01552	0.01519	0.00948	0.71112	0.02322	0.07492	0.01286	0.01309	0.00917	0.02441	0.00560	0.00162	0.00556	0.00471	0.00516	0.00860
46	0.00715	0.00537	0.00721	0.00788	0.00864	0.00518	0.02555	0.02646	0.04240	0.01420	0.02802	0.64925	0.06299	0.01487	0.00647	0.00206	0.00336	0.07365	0.00473	0.00456
47	0.00656	0.00469	0.00630	0.00744	0.00789	0.00443	0.00525	0.00771	0.01026	0.01367	0.05438	0.68519	0.03383	0.01562	0.00661	0.00211	0.00320	0.11581	0.00479	0.00427
48	0.33377	0.00936	0.01039	0.00833	0.01201	0.00930	0.00687	0.04600	0.01278	0.47936	0.01509	0.01389	0.00990	0.00575	0.00442	0.00159	0.00426	0.00425	0.00513	0.00755
49	0.02246	0.00920	0.01215	0.00936	0.01331	0.00830	0.00772	0.07800	0.03867	0.71385	0.01970	0.01715	0.01251	0.00636	0.00516	0.00159	0.00445	0.00514	0.00623	0.00871
50	0.00746	0.00497	0.00560	0.00560	0.00560	0.00497	0.00311	0.00746	0.00746	0.00995	0.01617	0.03358	0.01865	0.81967	0.02612	0.00497	0.00497	0.00746	0.00311	0.00311
51	0.00748	0.00496	0.00562	0.00564	0.00572	0.00494	0.00322	0.00763	0.00780	0.01056	0.03694	0.05636	0.01975	0.75340	0.02442	0.00470	0.00478	0.00765	0.02519	0.00323
52	0.00891	0.00446	0.00668	0.00668	0.00668	0.00446	0.00446	0.00668	0.00668	0.00891	0.00891	0.01560	0.00891	0.01783	0.02005	0.85071	0.00446	0.00446	0.00223	0.00223
53	0.00625	0.00449	0.00593	0.00708	0.00743	0.00417	0.00474	0.00715	0.00988	0.01312	0.02901	0.79272	0.05707	0.01598	0.00653	0.00207	0.00297	0.01447	0.00476	0.00417
54	0.03796	0.02317	0.01446	0.01294	0.01573	0.70732	0.00980	0.09134	0.01532	0.01466	0.00833	0.00952	0.00679	0.00536	0.00464	0.00135	0.00879	0.00342	0.00289	0.00620
55	0.04839	0.01236	0.01394	0.01076	0.01476	0.01304	0.00887	0.49134	0.03834	0.27253	0.01486	0.01398	0.01004	0.00619	0.00508	0.00156	0.00515	0.00476	0.00546	0.00861
56	0.00691	0.00484	0.00627	0.00716	0.00754	0.00467	0.00497	0.00783	0.00958	0.01271	0.02507	0.48847	0.02936	0.21590	0.01152	0.00285	0.00378	0.14222	0.00434	0.00400
57	0.83050	0.00989	0.00767	0.00682	0.01002	0.01139	0.00562	0.01539	0.00891	0.04647	0.00754	0.00861	0.00577	0.00481	0.00324	0.00159	0.00398	0.00285	0.00327	0.00565
58	0.00735	0.00540	0.00777	0.00777	0.00852	0.00616	0.00582	0.00886	0.00811	0.01156	0.01418	0.02257	0.01387	0.17890	0.66035	0.00766	0.01217	0.00585	0.00281	0.00432
59	0.00746	0.00544	0.00797	0.00797	0.00888	0.00628	0.00616	0.00928	0.00837	0.01228	0.01398	0.02046	0.01300	0.05772	0.73238	0.00775	0.01285	0.00551	0.05169	0.00455
60	0.00637	0.00521	0.00562	0.00552	0.00712	0.00446	0.00414	0.00796	0.01242	0.01558	0.23978	0.04655	0.59671	0.01235	0.00606	0.00170	0.00255	0.01043	0.00499	0.00446
61	0.00891	0.00446	0.00668	0.00668	0.00668	0.00446	0.00446	0.00668	0.00668	0.00891	0.00891	0.01560	0.00891	0.01783	0.02005	0.85071	0.00446	0.00446	0.00223	0.00223
62	0.01401	0.01422	0.01927	0.05967	0.58761	0.14376	0.01440	0.05546	0.01274	0.01671	0.00948	0.01214	0.00785	0.00480	0.00501	0.00150	0.00663	0.00436	0.00268	0.00769
63	0.01216	0.01044	0.01107	0.01009	0.01284	0.01195	0.00788	0.02533	0.69788	0.02074	0.02298	0.02272	0.06088	0.00765	0.00536	0.00177	0.00401	0.04133	0.00517	0.00774
64	0.00746	0.00497	0.00560	0.00560	0.00560	0.00497	0.00311	0.00746	0.00746	0.00995	0.01617	0.03358	0.01865	0.81967	0.02612	0.00497	0.00497	0.00746	0.00311	0.00311
65	0.01050	0.00995	0.01686	0.59756	0.23876	0.01161	0.01465	0.01382	0.01064	0.01410	0.00926	0.01341	0.00719	0.00498	0.00512	0.00166	0.00664	0.00456	0.00235	0.00636
66	0.01941	0.01417	0.01523	0.01171	0.01579	0.01565	0.00966	0.73610	0.04258	0.04843	0.01270	0.01260	0.00898	0.00618	0.00514	0.00155	0.00558	0.00466	0.00516	0.00871
67	0.01013	0.00971	0.01571	0.73799	0.08206	0.03192	0.01423	0.01347	0.01046	0.01332	0.00912	0.01350	0.00691	0.00510	0.00511	0.00169	0.00686	0.00453	0.00231	0.00586
68	0.01917	0.02445	0.01454	0.01322	0.01586	0.79907	0.00991	0.02049	0.01454	0.01256	0.00793	0.00925	0.00661	0.00529	0.00463	0.00132	0.00925	0.00330	0.00264	0.00595
69	0.00811	0.00544	0.00707	0.00655	0.00794	0.00497	0.00495	0.01045	0.01439	0.06484	0.70426	0.03767	0.08299	0.01037	0.00600	0.00162	0.00254	0.00912	0.00565	0.00504
70	0.00745	0.00500	0.00575	0.00575	0.00580	0.00506	0.00330	0.00756	0.00751	0.01006	0.01603	0.03280	0.01832	0.77446	0.07087	0.00516	0.00548	0.00735	0.00309	0.00319
71	0.00625	0.00447	0.00595	0.00714	0.00744	0.00417	0.00476	0.00714	0.00982	0.01310	0.02828	0.81633	0.03394	0.01608	0.00655	0.00208	0.00298	0.01459	0.00476	0.00417
72	0.00969	0.00912	0.01539	0.80734	0.03534	0.01140	0.01425	0.01311	0.01026	0.01311	0.00912	0.01368	0.00684	0.00513	0.00513	0.00171	0.00684	0.00456	0.00228	0.00570
73	0.00844	0.00637	0.00754	0.00697	0.00866	0.00613	0.00540	0.08994	0.03262	0.01985	0.45691	0.03905	0.22804	0.01079	0.00600	0.00168	0.00298	0.05215	0.00531	0.00519
74	0.01293	0.01111	0.01170	0.01048	0.01341	0.01284	0.00816	0.04565	0.75974	0.02173	0.02067	0.01897	0.01549	0.00694	0.00522	0.00174	0.00410	0.00577	0.00522	0.00814
75	0.01372	0.82276	0.02689	0.00878	0.01317	0.02030	0.00878	0.01536	0.01043	0.01207	0.00713	0.00823	0.00658	0.00439	0.00329	0.00110	0.00549	0.00274	0.00219	0.00658
