[name]
unknown

[dist]
# distance from previous block
# <min> <max>
0	290

[block]
# block no. 0 follows, 48 sequences, length 40
# corresponding to MSA columns:
# 462-501
name=unknown_A
#
# <colnr> <probs for GDERKNQSTAVLIFYWHMCP>
#	G	D	E	R	K	N	Q	S	T	A	V	L	I	F	Y	W	H	M	C	P
0	0.03108	0.01032	0.01421	0.06249	0.20160	0.01092	0.01026	0.09118	0.08744	0.10564	0.03785	0.05168	0.01251	0.00680	0.00654	0.00163	0.10329	0.04088	0.00381	0.10986
1	0.10275	0.01190	0.01341	0.04340	0.11756	0.04576	0.00931	0.22508	0.17424	0.05336	0.02668	0.01553	0.04735	0.00622	0.00523	0.00156	0.02857	0.00489	0.00420	0.06297
2	0.01055	0.00981	0.01635	0.60551	0.11839	0.01158	0.04985	0.03781	0.03958	0.01449	0.00978	0.01379	0.00748	0.00546	0.00556	0.02404	0.00664	0.00468	0.00252	0.00613
3	0.30774	0.04393	0.01396	0.04242	0.06322	0.14909	0.06799	0.11704	0.09510	0.03903	0.01024	0.01130	0.00784	0.00527	0.00438	0.00155	0.00579	0.00393	0.00348	0.00670
4	0.04330	0.01030	0.01538	0.58220	0.11250	0.03712	0.01334	0.04302	0.06462	0.01517	0.01000	0.01356	0.00761	0.00523	0.00504	0.00167	0.00649	0.00454	0.00267	0.00625
5	0.01170	0.04156	0.01802	0.49061	0.11016	0.01220	0.10787	0.06311	0.03546	0.04508	0.01025	0.01361	0.00770	0.00511	0.00517	0.00165	0.00668	0.00474	0.00277	0.00653
6	0.04133	0.01185	0.01813	0.10939	0.51707	0.03609	0.01369	0.04845	0.03659	0.10142	0.01108	0.01326	0.00862	0.00500	0.00502	0.00155	0.00593	0.00458	0.00314	0.00781
7	0.34557	0.01345	0.01227	0.01005	0.01360	0.11149	0.02683	0.29648	0.03939	0.07009	0.01043	0.01093	0.00765	0.00550	0.00433	0.00154	0.00539	0.00384	0.00407	0.00708
8	0.01235	0.01004	0.01412	0.40541	0.04464	0.04314	0.02987	0.06241	0.03713	0.10033	0.06438	0.01525	0.01090	0.00554	0.00502	0.00153	0.00580	0.00477	0.00336	0.12400
9	0.00789	0.00477	0.00650	0.00682	0.00729	0.00459	0.00483	0.00743	0.00878	0.01145	0.04578	0.15693	0.12929	0.04227	0.01410	0.43834	0.00393	0.09234	0.00343	0.00325
10	0.01252	0.01197	0.02037	0.03068	0.76229	0.01195	0.01539	0.01555	0.01178	0.01689	0.03487	0.01353	0.00944	0.00476	0.00511	0.00153	0.00598	0.00472	0.00264	0.00802
11	0.00625	0.00447	0.00595	0.00714	0.00744	0.00417	0.00476	0.00714	0.00982	0.01310	0.02828	0.81633	0.03394	0.01608	0.00655	0.00208	0.00298	0.01459	0.00476	0.00417
12	0.01133	0.01080	0.01836	0.38332	0.44651	0.01183	0.01507	0.01455	0.01104	0.01511	0.00941	0.01314	0.00754	0.00482	0.00510	0.00161	0.00643	0.00457	0.00242	0.00703
13	0.00746	0.00497	0.00560	0.00560	0.00560	0.00497	0.00311	0.00746	0.00746	0.00995	0.01617	0.03358	0.01865	0.81967	0.02612	0.00497	0.00497	0.00746	0.00311	0.00311
14	0.01123	0.01123	0.01572	0.01347	0.01347	0.01572	0.01123	0.01235	0.00786	0.01235	0.00674	0.01123	0.00674	0.00898	0.01684	0.00225	0.81028	0.00449	0.00225	0.00561
15	0.01123	0.01123	0.01572	0.01347	0.01347	0.01572	0.01123	0.01235	0.00786	0.01235	0.00674	0.01123	0.00674	0.00898	0.01684	0.00225	0.81028	0.00449	0.00225	0.00561
16	0.01211	0.01384	0.03028	0.02163	0.02682	0.01298	0.76903	0.01644	0.01211	0.01644	0.01038	0.01384	0.00779	0.00433	0.00606	0.00173	0.00865	0.00606	0.00260	0.00692
17	0.02302	0.00873	0.01191	0.00913	0.01310	0.00754	0.00754	0.02501	0.01469	0.79122	0.02024	0.01746	0.01270	0.00635	0.00516	0.00159	0.00437	0.00516	0.00635	0.00873
18	0.00624	0.00450	0.00592	0.00706	0.00742	0.00417	0.00473	0.00715	0.00990	0.01313	0.02930	0.78325	0.06635	0.01594	0.00653	0.00207	0.00296	0.01442	0.00476	0.00417
19	0.01064	0.00912	0.01064	0.00760	0.01216	0.00684	0.00608	0.01292	0.01064	0.01672	0.00912	0.01064	0.00760	0.00380	0.00380	0.00076	0.00380	0.00304	0.00304	0.85104
20	0.01331	0.01010	0.01527	0.01102	0.01561	0.00834	0.17676	0.01599	0.01173	0.16320	0.01151	0.01265	0.00861	0.00440	0.00456	0.00113	0.00499	0.00411	0.00357	0.50313
21	0.01029	0.02654	0.79309	0.01462	0.02221	0.01192	0.01896	0.01625	0.01083	0.01625	0.00921	0.01083	0.00650	0.00487	0.00487	0.00162	0.00758	0.00379	0.00217	0.00758
22	0.00733	0.00550	0.00825	0.00825	0.00916	0.00641	0.00641	0.00916	0.00825	0.01191	0.01374	0.02016	0.01283	0.03848	0.79934	0.00825	0.01374	0.00550	0.00275	0.00458
23	0.00807	0.00493	0.00660	0.00736	0.00806	0.00453	0.00507	0.00909	0.01035	0.09767	0.02741	0.72950	0.03163	0.01502	0.00640	0.00203	0.00313	0.01356	0.00494	0.00466
24	0.01532	0.46976	0.05351	0.04788	0.01497	0.10032	0.00940	0.09273	0.01276	0.09913	0.01076	0.01142	0.03204	0.00520	0.00406	0.00129	0.00584	0.00364	0.00307	0.00689
25	0.01123	0.01123	0.01572	0.01347	0.01347	0.01572	0.01123	0.01235	0.00786	0.01235	0.00674	0.01123	0.00674	0.00898	0.01684	0.00225	0.81028	0.00449	0.00225	0.00561
26	0.00734	0.00546	0.00806	0.00806	0.00891	0.00631	0.00618	0.00904	0.00819	0.01177	0.01391	0.02110	0.01324	0.09334	0.74504	0.00802	0.01313	0.00564	0.00277	0.00448
27	0.01094	0.02511	0.72360	0.01520	0.05840	0.01175	0.01833	0.01659	0.01103	0.04860	0.00969	0.01120	0.00684	0.00492	0.00490	0.00162	0.00738	0.00389	0.00236	0.00766
28	0.02066	0.00993	0.01522	0.01145	0.01560	0.00901	0.13928	0.05575	0.03910	0.59992	0.01822	0.01667	0.01178	0.00601	0.00532	0.00162	0.00515	0.00531	0.00561	0.00840
29	0.01602	0.01224	0.01520	0.01213	0.01583	0.01328	0.10214	0.27367	0.35140	0.10628	0.01667	0.01604	0.01207	0.00630	0.00529	0.00166	0.00519	0.00537	0.00499	0.00824
30	0.00938	0.01017	0.05546	0.01457	0.01769	0.00890	0.37700	0.01226	0.01115	0.01500	0.01951	0.32388	0.04812	0.00963	0.00624	0.00189	0.00602	0.04383	0.00358	0.00570
31	0.24689	0.01239	0.01424	0.04927	0.01594	0.12779	0.12737	0.03827	0.02327	0.27746	0.01257	0.01290	0.00874	0.00539	0.00468	0.00158	0.00580	0.00434	0.00410	0.00701
32	0.03241	0.01303	0.02181	0.08570	0.17394	0.08385	0.34359	0.03401	0.01214	0.04133	0.01145	0.03089	0.02323	0.00632	0.03514	0.00186	0.00753	0.00540	0.00287	0.03351
33	0.03205	0.01414	0.19901	0.08186	0.03562	0.03518	0.16556	0.01693	0.08352	0.12330	0.03782	0.09450	0.01297	0.03694	0.00616	0.00182	0.00619	0.00604	0.00357	0.00682
34	0.03461	0.02921	0.05461	0.10859	0.04786	0.12121	0.15714	0.04000	0.03695	0.18326	0.01405	0.01506	0.04586	0.00554	0.00507	0.00152	0.00631	0.00489	0.00366	0.08460
35	0.01282	0.00891	0.01041	0.02898	0.06304	0.05275	0.00716	0.03204	0.09053	0.18185	0.05458	0.16427	0.10342	0.00846	0.00527	0.00155	0.00416	0.00722	0.01844	0.14413
36	0.06585	0.01294	0.01601	0.10408	0.18639	0.15606	0.10078	0.02635	0.05230	0.08900	0.01198	0.02773	0.00976	0.03120	0.00565	0.00165	0.00632	0.02332	0.03066	0.04197
37	0.01344	0.01247	0.10550	0.07653	0.11972	0.02326	0.12480	0.10992	0.03138	0.11808	0.05740	0.03491	0.01212	0.03621	0.00595	0.00167	0.00579	0.00531	0.03893	0.06662
38	0.03374	0.01310	0.06545	0.01381	0.12258	0.09551	0.05181	0.16415	0.05110	0.07463	0.07972	0.07089	0.01380	0.00652	0.00530	0.00151	0.01992	0.00546	0.00393	0.10708
39	0.03162	0.05823	0.07531	0.02499	0.02959	0.00922	0.08767	0.05262	0.04832	0.10260	0.01563	0.17467	0.01459	0.00747	0.00510	0.00151	0.00485	0.03749	0.00384	0.21469

[dist]
# distance from previous block
# <min> <max>
5	88

[block]
# block no. 1 follows, 48 sequences, length 27
# corresponding to MSA columns:
# 624-650
name=unknown_B
#
# <colnr> <probs for GDERKNQSTAVLIFYWHMCP>
#	G	D	E	R	K	N	Q	S	T	A	V	L	I	F	Y	W	H	M	C	P
0	0.06046	0.04897	0.03028	0.04931	0.09569	0.05358	0.01980	0.10983	0.08557	0.05447	0.13957	0.02793	0.04132	0.00649	0.00512	0.00146	0.01925	0.00532	0.00398	0.14159
1	0.03274	0.04286	0.04965	0.01049	0.01388	0.11294	0.00875	0.21290	0.16354	0.08835	0.03307	0.06238	0.01984	0.00706	0.00508	0.00156	0.00529	0.04901	0.00444	0.07619
2	0.06070	0.03546	0.02623	0.04598	0.05392	0.07982	0.02079	0.07343	0.05275	0.06706	0.03989	0.05641	0.01109	0.00565	0.00475	0.00128	0.02034	0.00454	0.00357	0.33637
3	0.06454	0.01101	0.01205	0.09309	0.04301	0.08799	0.02872	0.18301	0.03810	0.06855	0.05863	0.03515	0.08988	0.09053	0.00722	0.00188	0.00525	0.00572	0.00400	0.07169
4	0.07688	0.01302	0.09434	0.04621	0.01492	0.06241	0.00894	0.12645	0.17946	0.05131	0.01265	0.01381	0.00979	0.03772	0.00542	0.00152	0.00510	0.00428	0.00381	0.23194
5	0.01308	0.05944	0.11172	0.05757	0.01702	0.19137	0.10315	0.06945	0.01263	0.03176	0.04277	0.06212	0.06628	0.00686	0.00639	0.00160	0.09355	0.00542	0.00316	0.04467
6	0.01065	0.01555	0.34703	0.01094	0.01534	0.00912	0.01173	0.01467	0.04461	0.09343	0.06260	0.15217	0.05892	0.00794	0.00590	0.00167	0.04901	0.00655	0.00359	0.07858
7	0.06068	0.20764	0.01621	0.05474	0.05385	0.14059	0.00898	0.13718	0.08731	0.06853	0.05731	0.06118	0.01232	0.00631	0.00465	0.00147	0.00560	0.00487	0.00373	0.00684
8	0.06191	0.00685	0.05108	0.00677	0.00851	0.00570	0.00541	0.01020	0.02169	0.05178	0.28928	0.12408	0.22019	0.10435	0.00813	0.00208	0.00332	0.00910	0.00471	0.00486
9	0.01056	0.01047	0.01774	0.18967	0.15886	0.01142	0.17864	0.01405	0.05579	0.01500	0.01716	0.01960	0.14115	0.00689	0.00727	0.00177	0.12864	0.00603	0.00299	0.00630
10	0.19802	0.01146	0.01079	0.05578	0.01335	0.10915	0.00761	0.19174	0.01399	0.02043	0.03091	0.06329	0.08545	0.00811	0.02776	0.00174	0.00528	0.04581	0.00387	0.09546
11	0.00999	0.00533	0.00783	0.05484	0.00933	0.00544	0.00554	0.00931	0.00811	0.08969	0.01206	0.05798	0.01146	0.06228	0.11258	0.52079	0.00568	0.00534	0.00289	0.00353
12	0.01033	0.00711	0.01133	0.00990	0.01199	0.00646	0.13103	0.01224	0.01151	0.13977	0.06900	0.38686	0.05527	0.01134	0.00608	0.00185	0.00424	0.05764	0.00462	0.05143
13	0.01318	0.06451	0.04063	0.08702	0.10814	0.01303	0.38501	0.06262	0.09365	0.06276	0.01176	0.01396	0.00881	0.00494	0.00547	0.00164	0.00707	0.00534	0.00318	0.00728
14	0.01040	0.01001	0.01467	0.30384	0.15405	0.06162	0.05407	0.01284	0.01053	0.01386	0.01267	0.14604	0.01234	0.05883	0.00727	0.00190	0.04968	0.00630	0.00287	0.05620
15	0.09733	0.00804	0.05344	0.00702	0.00880	0.05629	0.00558	0.00983	0.01112	0.01528	0.13379	0.18671	0.28593	0.08920	0.00762	0.00205	0.00374	0.00928	0.00427	0.00468
16	0.06527	0.00869	0.01064	0.00897	0.01181	0.00868	0.00714	0.05997	0.11375	0.34890	0.02082	0.14871	0.05769	0.00834	0.00601	0.00170	0.05538	0.00679	0.00519	0.04557
17	0.12846	0.01421	0.21838	0.06180	0.01690	0.01058	0.05515	0.08837	0.05498	0.19669	0.01529	0.01618	0.05556	0.03831	0.00575	0.00176	0.00559	0.00490	0.00394	0.00718
18	0.10428	0.00683	0.00787	0.04818	0.01053	0.00694	0.00633	0.01167	0.08187	0.01596	0.05711	0.07451	0.18905	0.09576	0.00790	0.00219	0.00402	0.21389	0.00426	0.05087
19	0.01237	0.01388	0.07440	0.06665	0.06923	0.01275	0.49982	0.09540	0.01305	0.01772	0.01220	0.01497	0.04310	0.00512	0.00602	0.00170	0.02596	0.00576	0.00290	0.00700
20	0.01368	0.15183	0.06427	0.11476	0.09843	0.12731	0.16895	0.03173	0.11963	0.04412	0.01105	0.01277	0.00856	0.00511	0.00493	0.00153	0.00680	0.00454	0.00302	0.00700
21	0.10280	0.11718	0.28084	0.01179	0.01677	0.05371	0.04203	0.12720	0.08965	0.06295	0.01253	0.01312	0.03660	0.00558	0.00467	0.00155	0.00607	0.00428	0.00339	0.00730
22	0.05100	0.03243	0.05133	0.00995	0.01231	0.00870	0.07882	0.04183	0.08638	0.11310	0.06884	0.26263	0.05001	0.01146	0.05124	0.00217	0.04905	0.00838	0.00434	0.00601
23	0.07508	0.08997	0.06815	0.01116	0.05535	0.10357	0.07283	0.10244	0.01321	0.04894	0.06754	0.01848	0.10024	0.00713	0.02133	0.00161	0.00546	0.00526	0.10732	0.02495
24	0.09413	0.01010	0.05484	0.07475	0.01421	0.00911	0.00795	0.08977	0.08790	0.13676	0.03993	0.04225	0.09317	0.00670	0.00483	0.00146	0.00440	0.01878	0.00420	0.20477
25	0.01219	0.09907	0.07739	0.06471	0.05373	0.01028	0.08954	0.07936	0.03172	0.11669	0.05582	0.12899	0.11226	0.00814	0.00554	0.00166	0.01538	0.02000	0.00401	0.01351
26	0.01363	0.10614	0.03253	0.05142	0.03551	0.05584	0.06653	0.08875	0.14598	0.11383	0.05130	0.03932	0.08673	0.00669	0.00502	0.00151	0.00507	0.00560	0.00412	0.08449

[dist]
# distance from previous block
# <min> <max>
8	92

[block]
# block no. 2 follows, 48 sequences, length 25
# corresponding to MSA columns:
# 751-775
name=unknown_C
#
# <colnr> <probs for GDERKNQSTAVLIFYWHMCP>
#	G	D	E	R	K	N	Q	S	T	A	V	L	I	F	Y	W	H	M	C	P
0	0.06670	0.03191	0.05875	0.01365	0.10950	0.04124	0.09599	0.12445	0.07022	0.07213	0.02680	0.05321	0.06985	0.00661	0.00549	0.00156	0.03333	0.01850	0.00379	0.09631
1	0.01372	0.01366	0.04314	0.01337	0.05728	0.15233	0.15011	0.13028	0.04304	0.04944	0.09304	0.01779	0.06840	0.00704	0.02343	0.00165	0.01945	0.00546	0.00373	0.09361
2	0.01521	0.01337	0.06065	0.01178	0.04014	0.08718	0.06076	0.23076	0.06208	0.09525	0.03927	0.01375	0.01038	0.00661	0.03234	0.00161	0.00585	0.00449	0.00403	0.20450
3	0.05104	0.01143	0.01629	0.01310	0.03412	0.05248	0.20497	0.13038	0.07058	0.11398	0.04603	0.04626	0.03066	0.02871	0.00623	0.00173	0.02491	0.04582	0.01999	0.05130
4	0.04754	0.00945	0.01075	0.00923	0.03860	0.00919	0.00704	0.14627	0.13300	0.10988	0.07273	0.02188	0.15276	0.00717	0.00499	0.00144	0.00400	0.00586	0.00460	0.20365
5	0.01624	0.01317	0.04557	0.01112	0.01489	0.07333	0.04321	0.28761	0.17183	0.12191	0.01624	0.03519	0.04228	0.00646	0.00511	0.00154	0.00531	0.00522	0.00468	0.07910
6	0.06978	0.01125	0.01400	0.04848	0.10828	0.03822	0.04970	0.13096	0.12377	0.07293	0.04841	0.01426	0.01104	0.00556	0.00515	0.00143	0.03102	0.00457	0.00387	0.20733
7	0.03256	0.01149	0.01493	0.31923	0.12997	0.06157	0.01175	0.19803	0.01435	0.04565	0.01281	0.01633	0.04056	0.00604	0.00514	0.00162	0.00610	0.03876	0.00343	0.02970
8	0.08060	0.01182	0.01532	0.08083	0.34768	0.08877	0.01116	0.01482	0.01126	0.01639	0.00994	0.04810	0.00870	0.00502	0.00461	0.00135	0.00555	0.00435	0.00282	0.23091
9	0.01080	0.00827	0.01001	0.03646	0.04687	0.00764	0.00673	0.05644	0.10381	0.07118	0.13483	0.06625	0.14691	0.00776	0.00510	0.00141	0.00373	0.00658	0.00436	0.26485
10	0.00854	0.00666	0.00941	0.00911	0.01065	0.00656	0.05416	0.04130	0.01227	0.01645	0.16289	0.13261	0.08543	0.04004	0.00748	0.00211	0.03024	0.32529	0.00459	0.03422
11	0.01452	0.01312	0.01611	0.03720	0.28079	0.08931	0.02608	0.19461	0.15180	0.02046	0.01248	0.01432	0.00990	0.03199	0.00613	0.00168	0.03367	0.00481	0.03340	0.00761
12	0.00794	0.00549	0.00795	0.00795	0.00886	0.00611	0.00601	0.00953	0.00864	0.04733	0.01575	0.10329	0.01549	0.10118	0.61564	0.00703	0.01146	0.00659	0.00315	0.00460
13	0.01576	0.06318	0.06397	0.06750	0.06567	0.01316	0.10282	0.28380	0.09663	0.11064	0.01323	0.01395	0.00960	0.00568	0.00504	0.00156	0.00574	0.00482	0.04949	0.00779
14	0.01401	0.77993	0.02623	0.00902	0.01331	0.06209	0.00884	0.01564	0.01065	0.01210	0.00718	0.00829	0.00659	0.00444	0.00336	0.00111	0.00569	0.00277	0.00222	0.00655
15	0.00625	0.00447	0.00595	0.00714	0.00744	0.00417	0.00476	0.00714	0.00982	0.01310	0.02828	0.81633	0.03394	0.01608	0.00655	0.00208	0.00298	0.01459	0.00476	0.00417
16	0.01064	0.00912	0.01064	0.00760	0.01216	0.00684	0.00608	0.01292	0.01064	0.01672	0.00912	0.01064	0.00760	0.00380	0.00380	0.00076	0.00380	0.00304	0.00304	0.85104
17	0.00733	0.00550	0.00825	0.00825	0.00916	0.00641	0.00641	0.00916	0.00825	0.01191	0.01374	0.02016	0.01283	0.03848	0.79934	0.00825	0.01374	0.00550	0.00275	0.00458
18	0.00827	0.00591	0.00827	0.00945	0.01063	0.00591	0.00827	0.01063	0.01181	0.01536	0.02717	0.05788	0.02953	0.01417	0.00709	0.00236	0.00472	0.75313	0.00472	0.00472
19	0.85592	0.00992	0.00754	0.00675	0.00992	0.01151	0.00556	0.01508	0.00873	0.02302	0.00714	0.00834	0.00556	0.00476	0.00318	0.00159	0.00397	0.00278	0.00318	0.00556
20	0.01029	0.02654	0.79309	0.01462	0.02221	0.01192	0.01896	0.01625	0.01083	0.01625	0.00921	0.01083	0.00650	0.00487	0.00487	0.00162	0.00758	0.00379	0.00217	0.00758
21	0.00678	0.00539	0.00621	0.00663	0.00813	0.00483	0.00533	0.00840	0.01166	0.01431	0.04310	0.08286	0.51392	0.01350	0.00641	0.00195	0.00329	0.24810	0.00475	0.00445
22	0.01276	0.01102	0.01160	0.01044	0.01334	0.01276	0.00812	0.02727	0.77840	0.02146	0.02088	0.01914	0.01566	0.00696	0.00522	0.00174	0.00406	0.00580	0.00522	0.00812
23	0.00625	0.00447	0.00595	0.00714	0.00744	0.00417	0.00476	0.00714	0.00982	0.01310	0.02828	0.81633	0.03394	0.01608	0.00655	0.00208	0.00298	0.01459	0.00476	0.00417
24	0.01401	0.58125	0.14248	0.01034	0.01496	0.13556	0.01051	0.01627	0.01110	0.01279	0.00757	0.00878	0.00658	0.00460	0.00373	0.00121	0.00637	0.00299	0.00226	0.00664

[dist]
# distance from previous block
# <min> <max>
0	1

[block]
# block no. 3 follows, 48 sequences, length 36
# corresponding to MSA columns:
# 777-812
name=unknown_D
#
# <colnr> <probs for GDERKNQSTAVLIFYWHMCP>
#	G	D	E	R	K	N	Q	S	T	A	V	L	I	F	Y	W	H	M	C	P
0	0.01570	0.01147	0.01273	0.01048	0.01357	0.01255	0.00860	0.52160	0.01959	0.02636	0.01607	0.02164	0.03687	0.04579	0.06803	0.00232	0.00591	0.10983	0.03357	0.00732
1	0.01259	0.01208	0.02063	0.05946	0.76054	0.01216	0.01569	0.01565	0.01163	0.01663	0.00963	0.01273	0.00808	0.00459	0.00508	0.00153	0.00612	0.00457	0.00253	0.00804
2	0.01064	0.00912	0.01064	0.00760	0.01216	0.00684	0.00608	0.01292	0.01064	0.01672	0.00912	0.01064	0.00760	0.00380	0.00380	0.00076	0.00380	0.00304	0.00304	0.85104
3	0.00969	0.00912	0.01539	0.80734	0.03534	0.01140	0.01425	0.01311	0.01026	0.01311	0.00912	0.01368	0.00684	0.00513	0.00513	0.00171	0.00684	0.00456	0.00228	0.00570
4	0.00969	0.00912	0.01539	0.80734	0.03534	0.01140	0.01425	0.01311	0.01026	0.01311	0.00912	0.01368	0.00684	0.00513	0.00513	0.00171	0.00684	0.00456	0.00228	0.00570
5	0.85592	0.00992	0.00754	0.00675	0.00992	0.01151	0.00556	0.01508	0.00873	0.02302	0.00714	0.00834	0.00556	0.00476	0.00318	0.00159	0.00397	0.00278	0.00318	0.00556
6	0.00969	0.00912	0.01539	0.80734	0.03534	0.01140	0.01425	0.01311	0.01026	0.01311	0.00912	0.01368	0.00684	0.00513	0.00513	0.00171	0.00684	0.00456	0.00228	0.00570
7	0.01270	0.01219	0.02083	0.03149	0.78767	0.01219	0.01575	0.01575	0.01168	0.01676	0.00965	0.01270	0.00813	0.00457	0.00508	0.00152	0.00610	0.00457	0.00254	0.00813
8	0.01064	0.00912	0.01064	0.00760	0.01216	0.00684	0.00608	0.01292	0.01064	0.01672	0.00912	0.01064	0.00760	0.00380	0.00380	0.00076	0.00380	0.00304	0.00304	0.85104
9	0.01270	0.01219	0.02083	0.03149	0.78767	0.01219	0.01575	0.01575	0.01168	0.01676	0.00965	0.01270	0.00813	0.00457	0.00508	0.00152	0.00610	0.00457	0.00254	0.00813
10	0.01270	0.01219	0.02083	0.03149	0.78767	0.01219	0.01575	0.01575	0.01168	0.01676	0.00965	0.01270	0.00813	0.00457	0.00508	0.00152	0.00610	0.00457	0.00254	0.00813
11	0.02302	0.00873	0.01191	0.00913	0.01310	0.00754	0.00754	0.02501	0.01469	0.79122	0.02024	0.01746	0.01270	0.00635	0.00516	0.00159	0.00437	0.00516	0.00635	0.00873
12	0.01372	0.82276	0.02689	0.00878	0.01317	0.02030	0.00878	0.01536	0.01043	0.01207	0.00713	0.00823	0.00658	0.00439	0.00329	0.00110	0.00549	0.00274	0.00219	0.00658
13	0.00606	0.00520	0.00520	0.00520	0.00693	0.00433	0.00390	0.00736	0.01170	0.01386	0.05198	0.04938	0.78558	0.01299	0.00606	0.00173	0.00260	0.01083	0.00476	0.00433
14	0.00956	0.00478	0.00478	0.00478	0.00598	0.00478	0.00359	0.01196	0.01076	0.01913	0.01674	0.01913	0.01315	0.00598	0.00359	0.00120	0.00239	0.00478	0.84816	0.00478
15	0.01123	0.01123	0.01572	0.01347	0.01347	0.01572	0.01123	0.01235	0.00786	0.01235	0.00674	0.01123	0.00674	0.00898	0.01684	0.00225	0.81028	0.00449	0.00225	0.00561
16	0.00625	0.00447	0.00595	0.00714	0.00744	0.00417	0.00476	0.00714	0.00982	0.01310	0.02828	0.81633	0.03394	0.01608	0.00655	0.00208	0.00298	0.01459	0.00476	0.00417
17	0.00606	0.00520	0.00520	0.00520	0.00693	0.00433	0.00390	0.00736	0.01170	0.01386	0.05198	0.04938	0.78558	0.01299	0.00606	0.00173	0.00260	0.01083	0.00476	0.00433
18	0.00733	0.00550	0.00825	0.00825	0.00916	0.00641	0.00641	0.00916	0.00825	0.01191	0.01374	0.02016	0.01283	0.03848	0.79934	0.00825	0.01374	0.00550	0.00275	0.00458
19	0.01233	0.01437	0.13797	0.02894	0.67156	0.01215	0.01623	0.01582	0.01155	0.01669	0.00958	0.01242	0.00788	0.00462	0.00505	0.00154	0.00632	0.00445	0.00248	0.00805
20	0.01917	0.02445	0.01454	0.01322	0.01586	0.79907	0.00991	0.02049	0.01454	0.01256	0.00793	0.00925	0.00661	0.00529	0.00463	0.00132	0.00925	0.00330	0.00264	0.00595
21	0.00733	0.00550	0.00825	0.00825	0.00916	0.00641	0.00641	0.00916	0.00825	0.01191	0.01374	0.02016	0.01283	0.03848	0.79934	0.00825	0.01374	0.00550	0.00275	0.00458
22	0.85592	0.00992	0.00754	0.00675	0.00992	0.01151	0.00556	0.01508	0.00873	0.02302	0.00714	0.00834	0.00556	0.00476	0.00318	0.00159	0.00397	0.00278	0.00318	0.00556
23	0.01273	0.01118	0.01265	0.01107	0.01410	0.01277	0.05089	0.02666	0.73533	0.02118	0.02029	0.01885	0.01522	0.00681	0.00527	0.00174	0.00432	0.00582	0.00507	0.00805
24	0.00686	0.00588	0.00600	0.00588	0.00746	0.03299	0.00439	0.00845	0.01249	0.01558	0.24484	0.06934	0.53746	0.01215	0.00602	0.00170	0.00280	0.01027	0.00492	0.00452
25	0.00702	0.00489	0.00616	0.00652	0.00714	0.00463	0.00447	0.00832	0.01095	0.01512	0.26061	0.33113	0.05672	0.18091	0.01034	0.00250	0.00324	0.03334	0.04180	0.00421
26	0.01085	0.00934	0.01150	0.00834	0.01276	0.00732	0.03973	0.03873	0.01114	0.01711	0.00997	0.03975	0.00859	0.00434	0.00404	0.00088	0.00405	0.00364	0.00315	0.75475
27	0.61868	0.01115	0.03865	0.03285	0.09632	0.03028	0.03183	0.01585	0.00974	0.06268	0.00837	0.00974	0.00639	0.00484	0.00373	0.00158	0.00471	0.00330	0.00318	0.00614
28	0.01428	0.03472	0.01546	0.03086	0.04239	0.03667	0.10679	0.14954	0.37161	0.06019	0.01626	0.01688	0.01233	0.00625	0.00522	0.00163	0.00527	0.02422	0.00449	0.04494
29	0.01209	0.04526	0.01217	0.00854	0.01281	0.00843	0.02974	0.03794	0.08156	0.07447	0.03291	0.01274	0.00986	0.00458	0.00418	0.00100	0.00410	0.00375	0.00357	0.60031
30	0.26142	0.07066	0.06261	0.04028	0.09482	0.05671	0.03169	0.04575	0.06803	0.06915	0.01014	0.01128	0.00780	0.00491	0.00419	0.00141	0.00514	0.00371	0.00331	0.14695
31	0.02886	0.04647	0.03497	0.02629	0.05692	0.03944	0.00886	0.09342	0.02774	0.06240	0.05004	0.08348	0.01236	0.00718	0.00763	0.00158	0.19680	0.00524	0.03380	0.17653
32	0.01240	0.11520	0.23728	0.04602	0.01693	0.01127	0.06333	0.05304	0.07382	0.10123	0.07952	0.04678	0.01354	0.00626	0.00497	0.00153	0.00560	0.02612	0.00360	0.08154
33	0.03420	0.11957	0.20454	0.03071	0.01728	0.10404	0.09467	0.08232	0.03561	0.05395	0.04537	0.04561	0.01099	0.00617	0.00558	0.00158	0.05009	0.02393	0.00320	0.03059
34	0.09412	0.07910	0.04309	0.14950	0.11861	0.01059	0.00958	0.04238	0.07427	0.07112	0.07732	0.05819	0.02698	0.00625	0.00476	0.00150	0.00485	0.00522	0.02100	0.10155
35	0.01300	0.03075	0.02854	0.17003	0.07547	0.02319	0.05441	0.09006	0.13207	0.11549	0.03529	0.07720	0.01394	0.03276	0.00594	0.00177	0.00529	0.03871	0.03286	0.02321

[dist]
# distance from previous block
# <min> <max>
0	113

[block]
# block no. 4 follows, 48 sequences, length 20
# corresponding to MSA columns:
# 949-968
name=unknown_E
#
# <colnr> <probs for GDERKNQSTAVLIFYWHMCP>
#	G	D	E	R	K	N	Q	S	T	A	V	L	I	F	Y	W	H	M	C	P
0	0.07798	0.06001	0.03479	0.15077	0.03942	0.02025	0.00886	0.07593	0.04257	0.03967	0.06500	0.11387	0.07724	0.00784	0.00622	0.00165	0.08609	0.00625	0.01787	0.06772
1	0.09013	0.04403	0.25061	0.05384	0.05986	0.01214	0.04391	0.17094	0.06372	0.05423	0.01261	0.03287	0.02638	0.00576	0.00482	0.00157	0.00583	0.00464	0.03530	0.02681
2	0.01265	0.18250	0.07115	0.05930	0.06004	0.02852	0.30028	0.04457	0.04550	0.03865	0.01110	0.01330	0.02330	0.00590	0.02812	0.00171	0.02032	0.00484	0.00285	0.04540
3	0.01276	0.29107	0.38906	0.03121	0.01840	0.08133	0.01396	0.06274	0.01176	0.01538	0.00855	0.01000	0.00669	0.00492	0.00459	0.00143	0.02319	0.00348	0.00240	0.00710
4	0.04433	0.02306	0.63074	0.01489	0.04775	0.01148	0.06884	0.01560	0.01080	0.01635	0.01047	0.06362	0.00840	0.00555	0.00500	0.00166	0.00716	0.00464	0.00242	0.00725
5	0.01064	0.00912	0.01064	0.00760	0.01216	0.00684	0.00608	0.01292	0.01064	0.01672	0.00912	0.01064	0.00760	0.00380	0.00380	0.00076	0.00380	0.00304	0.00304	0.85104
6	0.00625	0.00447	0.00595	0.00714	0.00744	0.00417	0.00476	0.00714	0.00982	0.01310	0.02828	0.81633	0.03394	0.01608	0.00655	0.00208	0.00298	0.01459	0.00476	0.00417
7	0.01917	0.02445	0.01454	0.01322	0.01586	0.79907	0.00991	0.02049	0.01454	0.01256	0.00793	0.00925	0.00661	0.00529	0.00463	0.00132	0.00925	0.00330	0.00264	0.00595
8	0.00625	0.00447	0.00595	0.00714	0.00744	0.00417	0.00476	0.00714	0.00982	0.01310	0.02828	0.81633	0.03394	0.01608	0.00655	0.00208	0.00298	0.01459	0.00476	0.00417
9	0.00956	0.00478	0.00478	0.00478	0.00598	0.00478	0.00359	0.01196	0.01076	0.01913	0.01674	0.01913	0.01315	0.00598	0.00359	0.00120	0.00239	0.00478	0.84816	0.00478
10	0.00661	0.00511	0.00605	0.00623	0.00748	0.00455	0.00462	0.00825	0.01224	0.01596	0.28166	0.19716	0.35784	0.01286	0.00621	0.00180	0.00274	0.05309	0.00505	0.00449
11	0.00997	0.00941	0.01589	0.73532	0.10518	0.01147	0.01439	0.01335	0.01039	0.01345	0.00917	0.01359	0.00696	0.00508	0.00513	0.00169	0.00677	0.00456	0.00230	0.00593
12	0.01325	0.71458	0.13099	0.00957	0.01440	0.01916	0.01016	0.01548	0.01048	0.01264	0.00742	0.00858	0.00657	0.00446	0.00351	0.00117	0.00577	0.00289	0.00219	0.00672
13	0.05580	0.00812	0.01238	0.04564	0.01360	0.00833	0.14742	0.07668	0.04969	0.01663	0.05247	0.42289	0.02308	0.01105	0.00630	0.00190	0.02826	0.01010	0.00418	0.00548
14	0.06025	0.01568	0.06288	0.08240	0.08239	0.24609	0.08081	0.08227	0.03970	0.01654	0.05015	0.03640	0.01053	0.00753	0.04079	0.00189	0.06941	0.00480	0.00310	0.00640
15	0.05389	0.14792	0.05459	0.03513	0.01627	0.06459	0.18881	0.07271	0.05504	0.01697	0.05166	0.05611	0.01212	0.04632	0.00621	0.00169	0.02506	0.00535	0.05840	0.03116
16	0.01015	0.23274	0.04068	0.00937	0.01187	0.01029	0.08389	0.01244	0.04155	0.04667	0.01953	0.36220	0.04198	0.00998	0.00529	0.00168	0.00446	0.00880	0.04084	0.00561
17	0.04726	0.04711	0.01666	0.06984	0.35064	0.03457	0.01168	0.12101	0.01312	0.03962	0.04845	0.01362	0.01009	0.00638	0.03152	0.00169	0.03173	0.00450	0.00321	0.09729
18	0.00804	0.00677	0.04582	0.00705	0.00891	0.00574	0.00572	0.03996	0.01162	0.05488	0.08839	0.13942	0.37973	0.01696	0.15414	0.00297	0.00518	0.00933	0.00442	0.00496
19	0.05722	0.07350	0.04993	0.22654	0.05885	0.01305	0.10034	0.23311	0.01486	0.04250	0.03795	0.01535	0.01006	0.00584	0.00510	0.00162	0.00614	0.03752	0.00353	0.00699

[dist]
# distance from previous block
# <min> <max>
98	243

[block]
# block no. 5 follows, 48 sequences, length 16
# corresponding to MSA columns:
# 1291-1306
name=unknown_F
#
# <colnr> <probs for GDERKNQSTAVLIFYWHMCP>
#	G	D	E	R	K	N	Q	S	T	A	V	L	I	F	Y	W	H	M	C	P
0	0.03597	0.01473	0.01244	0.01029	0.01377	0.29282	0.02558	0.03457	0.05372	0.06121	0.01110	0.04344	0.00938	0.00541	0.00449	0.00121	0.00596	0.01755	0.00335	0.34302
1	0.01303	0.30293	0.01931	0.04671	0.01551	0.01427	0.10530	0.03604	0.20718	0.05977	0.07250	0.01577	0.01308	0.00582	0.00466	0.00145	0.00521	0.01625	0.00366	0.04155
2	0.01642	0.01095	0.01762	0.02344	0.50876	0.01052	0.01279	0.01908	0.01276	0.29563	0.01347	0.01442	0.00977	0.00521	0.00511	0.00155	0.00547	0.00478	0.00391	0.00835
3	0.01319	0.01473	0.01525	0.49830	0.05072	0.29505	0.01273	0.01585	0.01184	0.01302	0.00871	0.01206	0.00680	0.00517	0.00495	0.00156	0.00769	0.00411	0.00242	0.00586
4	0.01272	0.01177	0.01751	0.02391	0.50885	0.01240	0.01300	0.01989	0.28776	0.01846	0.01370	0.01502	0.01084	0.00543	0.00513	0.00160	0.00536	0.00501	0.00351	0.00813
5	0.00845	0.00744	0.01199	0.51921	0.02529	0.00880	0.01083	0.01096	0.01010	0.01311	0.01602	0.30270	0.01660	0.00907	0.00564	0.00184	0.00545	0.00817	0.00317	0.00515
6	0.01569	0.01080	0.01226	0.00996	0.01259	0.01179	0.00785	0.49550	0.01784	0.02390	0.01109	0.01350	0.00879	0.01036	0.01051	0.30731	0.00522	0.00456	0.00409	0.00639
7	0.01844	0.01514	0.29319	0.01111	0.01638	0.00912	0.01165	0.02185	0.01330	0.51217	0.01627	0.01508	0.01047	0.00582	0.00506	0.00160	0.00552	0.00467	0.00484	0.00832
8	0.00824	0.00831	0.01423	0.01111	0.01409	0.00744	0.27941	0.01063	0.01184	0.01479	0.03700	0.03658	0.50552	0.00987	0.00606	0.00173	0.00478	0.00911	0.00398	0.00526
9	0.01168	0.01199	0.00882	0.00834	0.00929	0.29091	0.00556	0.01215	0.01001	0.01089	0.01320	0.02482	0.01432	0.52643	0.01838	0.00366	0.00652	0.00596	0.00294	0.00413
10	0.00686	0.00545	0.00630	0.00673	0.00826	0.00490	0.00547	0.00854	0.01174	0.01440	0.04305	0.05244	0.51334	0.01342	0.00643	0.00196	0.00336	0.27812	0.00475	0.00447
11	0.01383	0.01101	0.01235	0.00911	0.01351	0.01011	0.00740	0.28573	0.01550	0.02234	0.01027	0.01124	0.00801	0.00465	0.00428	0.00104	0.00446	0.00361	0.00379	0.54774
12	0.01383	0.01101	0.01235	0.00911	0.01351	0.01011	0.00740	0.28573	0.01550	0.02234	0.01027	0.01124	0.00801	0.00465	0.00428	0.00104	0.00446	0.00361	0.00379	0.54774
13	0.00734	0.00540	0.00704	0.00775	0.00871	0.00523	0.00596	0.00961	0.04588	0.01557	0.16472	0.34662	0.09048	0.01384	0.00653	0.00205	0.00345	0.24423	0.00493	0.00465
14	0.01227	0.01157	0.01847	0.01334	0.01804	0.03670	0.29879	0.03344	0.01185	0.05157	0.01014	0.01217	0.00789	0.00422	0.00479	0.00121	0.00592	0.00434	0.00306	0.44025
15	0.01480	0.03462	0.04743	0.01038	0.01382	0.01222	0.00861	0.12219	0.47362	0.13243	0.04409	0.01780	0.01460	0.00666	0.00513	0.00165	0.00445	0.00544	0.00512	0.02495

[dist]
# distance from previous block
# <min> <max>
0	8

[block]
# block no. 6 follows, 48 sequences, length 41
# corresponding to MSA columns:
# 1315-1355
name=unknown_G
#
# <colnr> <probs for GDERKNQSTAVLIFYWHMCP>
#	G	D	E	R	K	N	Q	S	T	A	V	L	I	F	Y	W	H	M	C	P
0	0.01102	0.00975	0.01098	0.00810	0.01237	0.03209	0.00647	0.01375	0.04341	0.01664	0.00950	0.01098	0.00788	0.00416	0.00434	0.00087	0.03221	0.00322	0.00309	0.75916
1	0.01815	0.00977	0.01182	0.00952	0.01312	0.00963	0.00768	0.08634	0.24148	0.41236	0.04904	0.01785	0.01428	0.00649	0.00511	0.00157	0.00426	0.00531	0.00564	0.07057
2	0.01356	0.01197	0.01184	0.01061	0.01353	0.07247	0.00824	0.02668	0.69680	0.04441	0.01988	0.01834	0.01488	0.00682	0.00517	0.00170	0.00447	0.00559	0.00506	0.00797
3	0.01029	0.02654	0.79309	0.01462	0.02221	0.01192	0.01896	0.01625	0.01083	0.01625	0.00921	0.01083	0.00650	0.00487	0.00487	0.00162	0.00758	0.00379	0.00217	0.00758
4	0.00726	0.00524	0.00686	0.00646	0.00767	0.00484	0.00484	0.00968	0.01452	0.02058	0.78496	0.03833	0.04841	0.01049	0.00605	0.00161	0.00242	0.00928	0.00565	0.00484
5	0.01951	0.01437	0.01540	0.01181	0.01591	0.01591	0.00975	0.77056	0.02412	0.03234	0.01232	0.01232	0.00873	0.00616	0.00513	0.00154	0.00565	0.00462	0.00513	0.00873
6	0.00606	0.00520	0.00520	0.00520	0.00693	0.00433	0.00390	0.00736	0.01170	0.01386	0.05198	0.04938	0.78558	0.01299	0.00606	0.00173	0.00260	0.01083	0.00476	0.00433
7	0.00956	0.00478	0.00478	0.00478	0.00598	0.00478	0.00359	0.01196	0.01076	0.01913	0.01674	0.01913	0.01315	0.00598	0.00359	0.00120	0.00239	0.00478	0.84816	0.00478
8	0.01270	0.01219	0.02083	0.03149	0.78767	0.01219	0.01575	0.01575	0.01168	0.01676	0.00965	0.01270	0.00813	0.00457	0.00508	0.00152	0.00610	0.00457	0.00254	0.00813
9	0.00746	0.00497	0.00560	0.00560	0.00560	0.00497	0.00311	0.00746	0.00746	0.00995	0.01617	0.03358	0.01865	0.81967	0.02612	0.00497	0.00497	0.00746	0.00311	0.00311
10	0.01270	0.01219	0.02083	0.03149	0.78767	0.01219	0.01575	0.01575	0.01168	0.01676	0.00965	0.01270	0.00813	0.00457	0.00508	0.00152	0.00610	0.00457	0.00254	0.00813
11	0.00746	0.00497	0.00560	0.00560	0.00560	0.00497	0.00311	0.00746	0.00746	0.00995	0.01617	0.03358	0.01865	0.81967	0.02612	0.00497	0.00497	0.00746	0.00311	0.00311
12	0.01276	0.01102	0.01160	0.01044	0.01334	0.01276	0.00812	0.02727	0.77840	0.02146	0.02088	0.01914	0.01566	0.00696	0.00522	0.00174	0.00406	0.00580	0.00522	0.00812
13	0.85592	0.00992	0.00754	0.00675	0.00992	0.01151	0.00556	0.01508	0.00873	0.02302	0.00714	0.00834	0.00556	0.00476	0.00318	0.00159	0.00397	0.00278	0.00318	0.00556
14	0.85592	0.00992	0.00754	0.00675	0.00992	0.01151	0.00556	0.01508	0.00873	0.02302	0.00714	0.00834	0.00556	0.00476	0.00318	0.00159	0.00397	0.00278	0.00318	0.00556
15	0.02129	0.06039	0.01352	0.00966	0.01363	0.01019	0.00806	0.19471	0.01658	0.55209	0.03463	0.01618	0.01221	0.00628	0.00506	0.00155	0.00469	0.00498	0.00580	0.00851
16	0.01256	0.01205	0.02058	0.06658	0.75365	0.01216	0.01568	0.01563	0.01162	0.01660	0.00963	0.01274	0.00807	0.00460	0.00508	0.00153	0.00613	0.00457	0.00253	0.00802
17	0.01064	0.00912	0.01064	0.00760	0.01216	0.00684	0.00608	0.01292	0.01064	0.01672	0.00912	0.01064	0.00760	0.00380	0.00380	0.00076	0.00380	0.00304	0.00304	0.85104
18	0.01773	0.01322	0.01410	0.01115	0.01487	0.01470	0.00910	0.59495	0.15622	0.02964	0.01409	0.01392	0.01021	0.00629	0.00506	0.00155	0.00518	0.00484	0.05478	0.00839
19	0.00625	0.00447	0.00595	0.00714	0.00744	0.00417	0.00476	0.00714	0.00982	0.01310	0.02828	0.81633	0.03394	0.01608	0.00655	0.00208	0.00298	0.01459	0.00476	0.00417
20	0.01198	0.01478	0.08658	0.02111	0.02648	0.01290	0.71367	0.01642	0.01202	0.01642	0.01029	0.01362	0.00769	0.00437	0.00597	0.00172	0.00857	0.00589	0.00256	0.00697
21	0.01029	0.02654	0.79309	0.01462	0.02221	0.01192	0.01896	0.01625	0.01083	0.01625	0.00921	0.01083	0.00650	0.00487	0.00487	0.00162	0.00758	0.00379	0.00217	0.00758
22	0.01270	0.01219	0.02083	0.03149	0.78767	0.01219	0.01575	0.01575	0.01168	0.01676	0.00965	0.01270	0.00813	0.00457	0.00508	0.00152	0.00610	0.00457	0.00254	0.00813
23	0.01270	0.01219	0.02083	0.03149	0.78767	0.01219	0.01575	0.01575	0.01168	0.01676	0.00965	0.01270	0.00813	0.00457	0.00508	0.00152	0.00610	0.00457	0.00254	0.00813
24	0.01176	0.00860	0.01037	0.00993	0.01209	0.00904	0.00845	0.25651	0.01579	0.02075	0.02404	0.04255	0.07388	0.01150	0.00639	0.00205	0.00488	0.46057	0.00486	0.00599
25	0.00629	0.00450	0.00599	0.00712	0.00745	0.00419	0.00477	0.00724	0.01001	0.01339	0.05805	0.78572	0.03451	0.01586	0.00653	0.00207	0.00296	0.01438	0.00480	0.00419
26	0.01951	0.01437	0.01540	0.01181	0.01591	0.01591	0.00975	0.77056	0.02412	0.03234	0.01232	0.01232	0.00873	0.00616	0.00513	0.00154	0.00565	0.00462	0.00513	0.00873
27	0.00726	0.00524	0.00686	0.00646	0.00767	0.00484	0.00484	0.00968	0.01452	0.02058	0.78496	0.03833	0.04841	0.01049	0.00605	0.00161	0.00242	0.00928	0.00565	0.00484
28	0.01372	0.82276	0.02689	0.00878	0.01317	0.02030	0.00878	0.01536	0.01043	0.01207	0.00713	0.00823	0.00658	0.00439	0.00329	0.00110	0.00549	0.00274	0.00219	0.00658
29	0.02055	0.01270	0.01436	0.01101	0.01508	0.01343	0.00910	0.54961	0.02133	0.25724	0.01467	0.01384	0.00990	0.00622	0.00514	0.00155	0.00527	0.00478	0.00549	0.00873
30	0.74973	0.01193	0.07334	0.00768	0.01120	0.04513	0.00686	0.01541	0.00916	0.02201	0.00735	0.00858	0.00568	0.00479	0.00338	0.00158	0.00450	0.00289	0.00307	0.00574
31	0.85592	0.00992	0.00754	0.00675	0.00992	0.01151	0.00556	0.01508	0.00873	0.02302	0.00714	0.00834	0.00556	0.00476	0.00318	0.00159	0.00397	0.00278	0.00318	0.00556
32	0.01917	0.02445	0.01454	0.01322	0.01586	0.79907	0.00991	0.02049	0.01454	0.01256	0.00793	0.00925	0.00661	0.00529	0.00463	0.00132	0.00925	0.00330	0.00264	0.00595
33	0.00743	0.00508	0.00615	0.00615	0.00635	0.00528	0.00380	0.00782	0.00763	0.01036	0.01566	0.03075	0.01743	0.65535	0.18876	0.00566	0.00682	0.00705	0.00303	0.00342
34	0.00969	0.00912	0.01539	0.80734	0.03534	0.01140	0.01425	0.01311	0.01026	0.01311	0.00912	0.01368	0.00684	0.00513	0.00513	0.00171	0.00684	0.00456	0.00228	0.00570
35	0.00733	0.00548	0.00815	0.00815	0.00904	0.00636	0.00630	0.00910	0.00822	0.01184	0.01383	0.02063	0.01303	0.06583	0.77227	0.00813	0.01344	0.00557	0.00276	0.00453
36	0.00734	0.00544	0.00796	0.00796	0.00878	0.00626	0.00606	0.00898	0.00816	0.01170	0.01401	0.02161	0.01346	0.12324	0.71545	0.00789	0.01279	0.00571	0.00279	0.00442
37	0.01948	0.01521	0.01533	0.01192	0.01591	0.08121	0.00977	0.70802	0.02333	0.03069	0.01195	0.01206	0.00855	0.00609	0.00509	0.00152	0.00595	0.00451	0.00493	0.00849
38	0.85592	0.00992	0.00754	0.00675	0.00992	0.01151	0.00556	0.01508	0.00873	0.02302	0.00714	0.00834	0.00556	0.00476	0.00318	0.00159	0.00397	0.00278	0.00318	0.00556
39	0.06788	0.01095	0.01134	0.01020	0.01312	0.01268	0.00795	0.02647	0.72809	0.02157	0.01999	0.01844	0.01500	0.00682	0.00509	0.00173	0.00405	0.00560	0.00509	0.00795
40	0.82690	0.01043	0.00778	0.00697	0.01013	0.03882	0.00571	0.01527	0.00893	0.02266	0.00717	0.00837	0.00559	0.00478	0.00323	0.00158	0.00415	0.00280	0.00316	0.00557

[dist]
# distance from previous block
# <min> <max>
0	1

[block]
# block no. 7 follows, 48 sequences, length 21
# corresponding to MSA columns:
# 1357,1358,1369-1376,1381-1391
name=unknown_H
#
# <colnr> <probs for GDERKNQSTAVLIFYWHMCP>
#	G	D	E	R	K	N	Q	S	T	A	V	L	I	F	Y	W	H	M	C	P
0	0.01270	0.01219	0.02083	0.03149	0.78767	0.01219	0.01575	0.01575	0.01168	0.01676	0.00965	0.01270	0.00813	0.00457	0.00508	0.00152	0.00610	0.00457	0.00254	0.00813
1	0.33942	0.01236	0.01177	0.00965	0.01320	0.03751	0.00787	0.34029	0.10863	0.05534	0.01153	0.01172	0.00843	0.00570	0.00438	0.00158	0.00487	0.00404	0.00436	0.00735
2	0.12345	0.01292	0.01068	0.01023	0.01249	0.24717	0.00817	0.04646	0.08928	0.05198	0.01766	0.06823	0.02842	0.00895	0.00544	0.00179	0.00582	0.24096	0.00404	0.00585
3	0.01233	0.00999	0.01656	0.47171	0.25703	0.01113	0.01382	0.01545	0.01126	0.11560	0.01073	0.01388	0.00799	0.00512	0.00512	0.00164	0.00630	0.00464	0.00289	0.00682
4	0.69210	0.01010	0.00845	0.00718	0.01060	0.01118	0.00589	0.06327	0.00997	0.02280	0.00773	0.00889	0.00603	0.00473	0.00338	0.00148	0.00405	0.00293	0.00328	0.11594
5	0.00764	0.00595	0.00910	0.11230	0.01247	0.00702	0.00734	0.00963	0.00849	0.01201	0.01321	0.01972	0.01222	0.05773	0.67249	0.00730	0.01258	0.00543	0.00270	0.00468
6	0.01077	0.15791	0.56121	0.01236	0.01857	0.01240	0.01524	0.01554	0.01075	0.01592	0.00984	0.01148	0.00738	0.00494	0.00444	0.00148	0.00655	0.00374	0.11242	0.00705
7	0.00945	0.00563	0.00726	0.00690	0.00770	0.00576	0.00473	0.01029	0.00865	0.11238	0.01593	0.02723	0.01603	0.46632	0.26822	0.00557	0.00767	0.00654	0.00342	0.00431
8	0.00683	0.00477	0.00572	0.00623	0.00650	0.00458	0.00388	0.00732	0.00881	0.01161	0.02424	0.37053	0.08675	0.41033	0.01612	0.00347	0.00393	0.01079	0.00395	0.00366
9	0.01167	0.01058	0.01483	0.01097	0.01495	0.00979	0.12725	0.07418	0.01156	0.01731	0.00924	0.01136	0.00760	0.00480	0.00610	0.00118	0.11846	0.00385	0.00303	0.53128
10	0.04900	0.01104	0.01560	0.53890	0.11312	0.05623	0.01320	0.11261	0.01240	0.01642	0.00944	0.01291	0.00716	0.00520	0.00501	0.00164	0.00661	0.00442	0.00274	0.00637
11	0.01188	0.26273	0.49914	0.01330	0.04148	0.05854	0.01533	0.01621	0.01094	0.01482	0.00853	0.01003	0.00658	0.00474	0.00440	0.00145	0.00701	0.00348	0.00221	0.00721
12	0.01657	0.01203	0.01578	0.01210	0.01606	0.03570	0.13372	0.30934	0.03145	0.16340	0.01438	0.05177	0.01120	0.00635	0.00525	0.00153	0.00559	0.03549	0.00456	0.11773
13	0.01185	0.00984	0.01115	0.00990	0.01219	0.11349	0.06783	0.06196	0.03420	0.09315	0.01952	0.34439	0.02024	0.01011	0.00565	0.00170	0.00482	0.04787	0.00427	0.11588
14	0.01184	0.01223	0.02375	0.10495	0.02410	0.01172	0.49262	0.06355	0.01241	0.01700	0.01123	0.03757	0.00913	0.00510	0.00565	0.00162	0.00734	0.02852	0.00291	0.11676
15	0.08875	0.05098	0.12367	0.01641	0.02126	0.05968	0.38729	0.08975	0.01295	0.06773	0.01040	0.01247	0.00768	0.00490	0.00551	0.00163	0.02388	0.00493	0.00305	0.00708
16	0.04719	0.01130	0.01714	0.09705	0.07580	0.01120	0.19055	0.15778	0.04415	0.04224	0.02287	0.03625	0.00965	0.00529	0.00500	0.00145	0.00576	0.00494	0.01683	0.19756
17	0.05171	0.01143	0.01590	0.02742	0.01652	0.03311	0.15470	0.17144	0.05017	0.30347	0.02872	0.01491	0.01072	0.00568	0.00513	0.00153	0.00552	0.00498	0.00471	0.08221
18	0.22294	0.05475	0.11104	0.01049	0.01438	0.01921	0.10062	0.06590	0.05424	0.02722	0.01252	0.10346	0.02039	0.00715	0.02728	0.00171	0.00537	0.00519	0.00337	0.13278
19	0.07237	0.03428	0.03958	0.01156	0.01512	0.03191	0.17880	0.01568	0.04237	0.12977	0.01510	0.04968	0.04653	0.05460	0.00684	0.00174	0.04220	0.03830	0.00365	0.16993
20	0.10700	0.01029	0.05547	0.01004	0.01312	0.00969	0.05803	0.12211	0.08338	0.14567	0.03166	0.19812	0.01585	0.00820	0.00568	0.00168	0.03716	0.00690	0.00443	0.07552

[dist]
# distance from previous block
# <min> <max>
9	150

[block]
# block no. 8 follows, 48 sequences, length 40
# corresponding to MSA columns:
# 1614-1653
name=unknown_I
#
# <colnr> <probs for GDERKNQSTAVLIFYWHMCP>
#	G	D	E	R	K	N	Q	S	T	A	V	L	I	F	Y	W	H	M	C	P
0	0.01255	0.10212	0.09211	0.01280	0.05847	0.01197	0.13095	0.12199	0.08907	0.03723	0.05702	0.03258	0.01228	0.03060	0.01906	0.00173	0.04122	0.00518	0.07478	0.05628
1	0.01312	0.17786	0.19668	0.13474	0.01926	0.09540	0.04720	0.01611	0.01129	0.09715	0.01123	0.03800	0.02496	0.00579	0.00558	0.00154	0.06503	0.00443	0.00288	0.03176
2	0.04111	0.12460	0.09606	0.05866	0.06736	0.13235	0.00989	0.10763	0.01329	0.10205	0.03396	0.12838	0.01272	0.00690	0.00488	0.00152	0.00573	0.00556	0.00364	0.04370
3	0.18825	0.01373	0.08069	0.05425	0.06753	0.13105	0.05660	0.08956	0.03383	0.05369	0.02444	0.05928	0.05296	0.00643	0.00527	0.00160	0.03894	0.00503	0.00345	0.03342
4	0.01057	0.01004	0.01667	0.46015	0.13098	0.01133	0.08502	0.03591	0.01101	0.01474	0.01166	0.01517	0.05066	0.00557	0.00583	0.00165	0.05182	0.00495	0.00262	0.06364
