[name]
unknown

[dist]
# distance from previous block
# <min> <max>
2	425

[block]
# block no. 0 follows, 58 sequences, length 6
# corresponding to MSA columns:
# 430-435
name=unknown_A
#
# <colnr> <probs for GDERKNQSTAVLIFYWHMCP>
#	G	D	E	R	K	N	Q	S	T	A	V	L	I	F	Y	W	H	M	C	P
0	0.10101	0.00775	0.00951	0.00769	0.01056	0.00742	0.00621	0.12571	0.01302	0.47681	0.09398	0.09254	0.01475	0.00652	0.00451	0.00142	0.00365	0.00535	0.00493	0.00664
1	0.01691	0.08675	0.01333	0.00933	0.01277	0.00907	0.08488	0.09605	0.07075	0.49592	0.01534	0.01524	0.01059	0.00550	0.00449	0.00139	0.00437	0.03558	0.00464	0.00710
2	0.01106	0.01097	0.02744	0.01096	0.01346	0.15700	0.20859	0.04248	0.11063	0.04484	0.04041	0.07777	0.04541	0.04731	0.02019	0.00166	0.03517	0.00544	0.08382	0.00539
3	0.01041	0.01122	0.02248	0.01784	0.11342	0.01060	0.56114	0.01367	0.01017	0.01423	0.00868	0.01146	0.00676	0.00392	0.00534	0.00139	0.04477	0.00470	0.00230	0.12550
4	0.00593	0.00452	0.00523	0.00507	0.00617	0.00405	0.00367	0.00734	0.01080	0.01425	0.38621	0.03681	0.35612	0.12523	0.00770	0.00185	0.00248	0.00843	0.00430	0.00383
5	0.01048	0.01232	0.05647	0.01686	0.07478	0.08983	0.53232	0.01360	0.01044	0.01364	0.01073	0.11636	0.00955	0.00519	0.00511	0.00150	0.00677	0.00581	0.00249	0.00574

[dist]
# distance from previous block
# <min> <max>
0	9

[block]
# block no. 1 follows, 58 sequences, length 30
# corresponding to MSA columns:
# 445-474
name=unknown_B
#
# <colnr> <probs for GDERKNQSTAVLIFYWHMCP>
#	G	D	E	R	K	N	Q	S	T	A	V	L	I	F	Y	W	H	M	C	P
0	0.00956	0.18556	0.66236	0.01174	0.01780	0.01183	0.01477	0.01401	0.00937	0.01345	0.00767	0.00900	0.00568	0.00417	0.00398	0.00133	0.00625	0.00313	0.00189	0.00644
1	0.00862	0.00815	0.01366	0.76273	0.06852	0.01011	0.01239	0.01152	0.00893	0.01156	0.00790	0.01181	0.00601	0.00457	0.00484	0.00150	0.03613	0.00397	0.00200	0.00507
2	0.00545	0.00389	0.00519	0.00623	0.00649	0.00363	0.00415	0.00623	0.00856	0.01142	0.02465	0.83987	0.02959	0.01401	0.00571	0.00182	0.00260	0.01272	0.00415	0.00363
3	0.01056	0.00997	0.01674	0.24261	0.57940	0.01055	0.01321	0.03794	0.01020	0.01419	0.00836	0.01129	0.00680	0.00416	0.00444	0.00137	0.00548	0.00398	0.00222	0.00653
4	0.08288	0.14828	0.01353	0.00910	0.01238	0.09343	0.00759	0.30375	0.11555	0.15324	0.01136	0.01112	0.00825	0.00506	0.00405	0.00129	0.00474	0.00373	0.00389	0.00678
5	0.00542	0.00414	0.00498	0.00561	0.00634	0.00370	0.00389	0.00637	0.00927	0.01186	0.05703	0.53357	0.30591	0.01291	0.00555	0.00170	0.00246	0.01142	0.00418	0.00370
6	0.00907	0.00906	0.01443	0.01270	0.07470	0.06330	0.22431	0.01111	0.00871	0.01184	0.01077	0.01520	0.03298	0.06369	0.28853	0.00365	0.13383	0.00484	0.00234	0.00492
7	0.07012	0.05807	0.01633	0.18152	0.04392	0.08791	0.18260	0.15065	0.04561	0.01581	0.00859	0.01075	0.00668	0.00485	0.00553	0.00145	0.09705	0.00402	0.00267	0.00587
8	0.00664	0.00551	0.00658	0.00702	0.00768	0.04906	0.02430	0.02389	0.02504	0.01196	0.02327	0.66671	0.06545	0.01302	0.02147	0.00185	0.02148	0.01116	0.00394	0.00397
9	0.00586	0.00451	0.00536	0.00530	0.00647	0.00401	0.00395	0.00746	0.01127	0.01492	0.41775	0.10578	0.35173	0.01051	0.00534	0.00150	0.00226	0.02750	0.00453	0.00399
10	0.00954	0.00901	0.01371	0.03759	0.02335	0.01159	0.09183	0.01100	0.00764	0.03240	0.00807	0.03129	0.00756	0.02042	0.10680	0.00249	0.54450	0.00442	0.02185	0.00494
11	0.01053	0.30372	0.38802	0.01149	0.04628	0.04092	0.06122	0.01386	0.00961	0.02928	0.00883	0.02286	0.02627	0.00443	0.00389	0.00126	0.00581	0.00345	0.00211	0.00615
12	0.00551	0.00462	0.00481	0.00477	0.00622	0.00396	0.00357	0.00696	0.02537	0.01283	0.12742	0.05702	0.69942	0.01105	0.00528	0.00151	0.00228	0.00928	0.00424	0.00388
13	0.00976	0.20478	0.57424	0.01200	0.01773	0.01214	0.06624	0.01394	0.00939	0.01330	0.00765	0.00912	0.00576	0.00420	0.00422	0.00133	0.02270	0.00325	0.00192	0.00635
14	0.01269	0.06912	0.18773	0.01465	0.22683	0.06149	0.01097	0.07515	0.11888	0.13459	0.01123	0.02608	0.00851	0.00485	0.00430	0.00135	0.00516	0.00402	0.00315	0.01925
15	0.02722	0.04187	0.43640	0.03543	0.12203	0.01036	0.09719	0.02748	0.01010	0.08163	0.03580	0.01121	0.00768	0.00456	0.00471	0.00142	0.03215	0.00387	0.00244	0.00647
16	0.00845	0.00795	0.01342	0.83204	0.03081	0.00994	0.01242	0.01143	0.00894	0.01143	0.00795	0.01193	0.00596	0.00447	0.00447	0.00149	0.00596	0.00398	0.00199	0.00497
17	0.05099	0.01065	0.05558	0.16549	0.07740	0.10363	0.08696	0.07977	0.06747	0.02565	0.12412	0.05668	0.05074	0.00606	0.00479	0.00143	0.01869	0.00522	0.00316	0.00552
18	0.00944	0.00890	0.01455	0.51437	0.07612	0.03550	0.11028	0.01245	0.02874	0.03935	0.03450	0.01393	0.04306	0.00499	0.00498	0.00148	0.03512	0.00451	0.00241	0.00531
19	0.06516	0.01292	0.01167	0.03422	0.01300	0.19507	0.00774	0.41536	0.01621	0.07674	0.01140	0.01176	0.03296	0.00529	0.00420	0.00129	0.00520	0.00389	0.06949	0.00644
20	0.00897	0.02314	0.81962	0.01275	0.01936	0.01039	0.01653	0.01417	0.00944	0.01417	0.00803	0.00944	0.00567	0.00425	0.00425	0.00142	0.00661	0.00331	0.00189	0.00661
21	0.04362	0.01150	0.01389	0.01186	0.04661	0.15842	0.14087	0.02960	0.08956	0.05044	0.06588	0.01341	0.01971	0.03220	0.00750	0.00157	0.20397	0.00442	0.00288	0.05209
22	0.13175	0.01524	0.01071	0.00955	0.01183	0.43761	0.00735	0.09579	0.07334	0.01531	0.03303	0.01056	0.00809	0.00503	0.00423	0.00125	0.03211	0.00342	0.08840	0.00539
23	0.00542	0.00426	0.00490	0.00533	0.00627	0.00374	0.00377	0.00646	0.00964	0.01215	0.08239	0.38661	0.42848	0.01236	0.00547	0.00164	0.00240	0.01077	0.00420	0.00374
24	0.05750	0.09654	0.05039	0.01015	0.01292	0.45984	0.00826	0.10271	0.05573	0.03257	0.05216	0.01087	0.02169	0.00503	0.00404	0.00122	0.00635	0.00350	0.00288	0.00564
25	0.02869	0.04074	0.01348	0.01208	0.08168	0.37540	0.02387	0.22225	0.07929	0.06566	0.00963	0.01020	0.00733	0.00488	0.00422	0.00127	0.00620	0.00357	0.00324	0.00631
26	0.00592	0.00457	0.00506	0.00526	0.00648	0.00402	0.00382	0.00729	0.03069	0.03453	0.05532	0.27049	0.52716	0.01175	0.00537	0.00159	0.00243	0.01010	0.00422	0.00394
27	0.00961	0.00826	0.02589	0.00881	0.01085	0.05287	0.07893	0.08810	0.14878	0.04785	0.10901	0.16750	0.09196	0.00933	0.02627	0.00172	0.00421	0.10074	0.00402	0.00528
28	0.01008	0.00973	0.01676	0.31004	0.47085	0.01052	0.05363	0.01285	0.00966	0.01335	0.00820	0.01138	0.00663	0.00427	0.00483	0.00142	0.03341	0.00405	0.00213	0.00621
29	0.01265	0.00829	0.00948	0.00824	0.01050	0.02795	0.00645	0.10483	0.26796	0.21115	0.05580	0.09761	0.02902	0.05026	0.04636	0.00192	0.02556	0.01532	0.00443	0.00623

[dist]
# distance from previous block
# <min> <max>
8	59

[block]
# block no. 2 follows, 58 sequences, length 33
# corresponding to MSA columns:
# 534-558,563-570
name=unknown_C
#
# <colnr> <probs for GDERKNQSTAVLIFYWHMCP>
#	G	D	E	R	K	N	Q	S	T	A	V	L	I	F	Y	W	H	M	C	P
0	0.16172	0.00794	0.00939	0.00745	0.01056	0.00764	0.00612	0.10155	0.01247	0.50999	0.01628	0.01497	0.05201	0.00557	0.00417	0.00137	0.00368	0.00434	0.05605	0.00674
1	0.00648	0.00493	0.00667	0.00648	0.00766	0.00451	0.04624	0.00799	0.01035	0.03068	0.22875	0.21419	0.24627	0.05623	0.00642	0.00177	0.00295	0.10320	0.00420	0.00404
2	0.04190	0.01022	0.01280	0.07139	0.01440	0.11146	0.14915	0.07882	0.14207	0.12023	0.10564	0.06961	0.02700	0.00611	0.00469	0.00143	0.00488	0.00540	0.01691	0.00588
3	0.05795	0.52631	0.05936	0.00911	0.01282	0.01500	0.07369	0.06843	0.01011	0.06883	0.00773	0.00878	0.00637	0.00473	0.01688	0.00125	0.04123	0.00304	0.00243	0.00595
4	0.10516	0.00855	0.01027	0.00812	0.01138	0.00839	0.00665	0.13157	0.09650	0.52431	0.01550	0.01396	0.01023	0.00542	0.00430	0.00139	0.00387	0.00427	0.02296	0.00720
5	0.05715	0.04178	0.26232	0.01189	0.01622	0.01039	0.18270	0.12539	0.04063	0.09958	0.02375	0.04458	0.03917	0.00526	0.00470	0.00144	0.01900	0.00463	0.00308	0.00634
6	0.01113	0.01118	0.02015	0.07525	0.05482	0.05480	0.46440	0.06823	0.01114	0.04873	0.04327	0.04433	0.00942	0.02271	0.00579	0.00155	0.03929	0.00525	0.00271	0.00585
7	0.00894	0.02214	0.77658	0.01230	0.01861	0.01006	0.01582	0.01397	0.00944	0.01430	0.00837	0.00983	0.00597	0.00430	0.00419	0.00140	0.00637	0.00335	0.04758	0.00648
8	0.00937	0.02194	0.74291	0.04733	0.01956	0.01055	0.01593	0.05552	0.01003	0.01479	0.00817	0.00962	0.00578	0.00432	0.00427	0.00142	0.00649	0.00337	0.00203	0.00659
9	0.03066	0.16219	0.35196	0.07715	0.03483	0.07018	0.01169	0.01567	0.02348	0.16730	0.00961	0.01037	0.00689	0.00449	0.00404	0.00132	0.00566	0.00342	0.00270	0.00639
10	0.00645	0.00496	0.00595	0.00624	0.00724	0.00481	0.00454	0.02100	0.09641	0.01384	0.16554	0.39037	0.19480	0.01152	0.00542	0.00165	0.00265	0.04804	0.00433	0.00422
11	0.00537	0.00421	0.00486	0.00539	0.00627	0.00370	0.00378	0.00632	0.00937	0.01175	0.03487	0.44587	0.41699	0.01269	0.00550	0.00167	0.00243	0.01110	0.00415	0.00370
12	0.00847	0.00859	0.04757	0.79734	0.03032	0.00996	0.01260	0.01155	0.00897	0.01155	0.00795	0.01182	0.00595	0.00446	0.00446	0.00149	0.00599	0.00395	0.00198	0.00504
13	0.04576	0.02553	0.03031	0.04684	0.37904	0.03158	0.19298	0.04635	0.01071	0.07676	0.01023	0.06504	0.00860	0.00480	0.00461	0.00140	0.00555	0.00476	0.00271	0.00644
14	0.01925	0.00756	0.01021	0.00791	0.01125	0.00664	0.00650	0.02136	0.03925	0.76108	0.04775	0.01596	0.01234	0.00569	0.00453	0.00139	0.00373	0.00465	0.00548	0.00747
15	0.00545	0.00389	0.00519	0.00623	0.00649	0.00363	0.00415	0.00623	0.00856	0.01142	0.02465	0.83987	0.02959	0.01401	0.00571	0.00182	0.00260	0.01272	0.00415	0.00363
16	0.12910	0.04038	0.11360	0.01077	0.01459	0.05057	0.12518	0.22481	0.09014	0.14085	0.01099	0.01132	0.00784	0.00484	0.00427	0.00138	0.00517	0.00397	0.00358	0.00665
17	0.01057	0.01105	0.07277	0.08997	0.64894	0.01036	0.01343	0.01362	0.02717	0.01437	0.00914	0.01264	0.00774	0.00440	0.00449	0.00138	0.00537	0.03351	0.00230	0.00677
18	0.00538	0.00449	0.00469	0.00473	0.00612	0.00380	0.00351	0.00656	0.01027	0.01249	0.10344	0.09756	0.69890	0.01135	0.00532	0.00152	0.00228	0.00956	0.00421	0.00380
19	0.01179	0.01278	0.01242	0.01079	0.01267	0.30679	0.09294	0.02622	0.07712	0.02492	0.00988	0.02696	0.00855	0.01307	0.22783	0.00297	0.11038	0.00419	0.00259	0.00513
20	0.00913	0.06671	0.77743	0.01248	0.01894	0.01078	0.01606	0.01413	0.00943	0.01397	0.00793	0.00932	0.00567	0.00423	0.00418	0.00139	0.00651	0.00326	0.00189	0.00656
21	0.00530	0.00449	0.00458	0.00465	0.00607	0.00377	0.00345	0.00641	0.01008	0.01204	0.04388	0.09831	0.75874	0.01152	0.00532	0.00153	0.00229	0.00967	0.00415	0.00377
22	0.00851	0.00803	0.01343	0.79600	0.02997	0.01010	0.01231	0.01140	0.00885	0.01140	0.00786	0.01183	0.00596	0.00462	0.00492	0.00151	0.04237	0.00397	0.00199	0.00497
23	0.02985	0.01235	0.01147	0.00958	0.01236	0.20624	0.00761	0.20044	0.14796	0.22290	0.03944	0.02245	0.01035	0.00566	0.00483	0.00137	0.04016	0.00425	0.00411	0.00662
24	0.00534	0.00453	0.00461	0.00459	0.00608	0.00380	0.00344	0.00653	0.01033	0.01240	0.08708	0.04253	0.77111	0.01121	0.00529	0.00150	0.00226	0.00937	0.00420	0.00380
25	0.00910	0.03584	0.01341	0.51384	0.19258	0.00950	0.01119	0.01184	0.00928	0.01284	0.00896	0.01228	0.00699	0.00446	0.00421	0.00137	0.00522	0.00395	0.12780	0.00533
26	0.01593	0.01995	0.01285	0.01246	0.06916	0.73736	0.00888	0.01720	0.01230	0.01118	0.00721	0.00863	0.00606	0.00566	0.03513	0.00139	0.00802	0.00303	0.00230	0.00527
27	0.00913	0.02219	0.75891	0.01386	0.07962	0.01041	0.01632	0.01413	0.00950	0.01420	0.00806	0.00957	0.00577	0.00423	0.00426	0.00141	0.00651	0.00336	0.00191	0.00665
28	0.00892	0.00819	0.01330	0.66767	0.08243	0.00996	0.01175	0.04594	0.00940	0.01227	0.00860	0.02997	0.00696	0.03272	0.00545	0.00159	0.03333	0.00425	0.00218	0.00513
29	0.00851	0.00801	0.01353	0.81361	0.04877	0.00995	0.01245	0.01148	0.00897	0.01150	0.00796	0.01191	0.00599	0.00446	0.00447	0.00149	0.00595	0.00398	0.00199	0.00502
30	0.00543	0.00450	0.00469	0.00475	0.00608	0.00384	0.00350	0.00654	0.01000	0.01211	0.07252	0.08569	0.68369	0.05666	0.00628	0.00169	0.00242	0.02178	0.00411	0.00373
31	0.01079	0.01289	0.09729	0.01787	0.02254	0.01104	0.69675	0.01461	0.01055	0.04614	0.00930	0.01195	0.00686	0.00388	0.00516	0.00150	0.00731	0.00507	0.00236	0.00615
32	0.01901	0.00818	0.01139	0.00872	0.01220	0.00739	0.04981	0.05941	0.04778	0.70081	0.01687	0.01490	0.01078	0.00546	0.00454	0.00139	0.00405	0.00454	0.00526	0.00750

[dist]
# distance from previous block
# <min> <max>
2	3

[block]
# block no. 3 follows, 58 sequences, length 29
# corresponding to MSA columns:
# 574-588,590-603
name=unknown_D
#
# <colnr> <probs for GDERKNQSTAVLIFYWHMCP>
#	G	D	E	R	K	N	Q	S	T	A	V	L	I	F	Y	W	H	M	C	P
0	0.07335	0.04167	0.01086	0.00802	0.01142	0.00793	0.00666	0.07432	0.04659	0.64697	0.01602	0.01415	0.01034	0.00539	0.00432	0.00137	0.00389	0.00427	0.00510	0.00734
1	0.75575	0.00843	0.00677	0.00599	0.00869	0.00961	0.00491	0.03898	0.00842	0.04305	0.02315	0.00926	0.02507	0.00453	0.00299	0.00137	0.00342	0.00287	0.03178	0.00496
2	0.01488	0.09979	0.01416	0.01110	0.01354	0.56287	0.06235	0.04234	0.01192	0.01210	0.00760	0.00903	0.00630	0.00471	0.00451	0.00120	0.05021	0.00318	0.06290	0.00529
3	0.01079	0.01192	0.09652	0.09967	0.64114	0.03406	0.01374	0.01368	0.01007	0.01417	0.00829	0.01090	0.00680	0.00407	0.00440	0.00135	0.00558	0.00389	0.00216	0.00679
4	0.04416	0.12206	0.63374	0.01288	0.07367	0.01128	0.01478	0.01400	0.00938	0.01399	0.00776	0.00919	0.00574	0.00418	0.00403	0.00135	0.00617	0.00321	0.00195	0.00647
5	0.01260	0.00920	0.01013	0.00880	0.01145	0.01011	0.00702	0.14768	0.47120	0.12262	0.01902	0.01953	0.06408	0.00665	0.00469	0.00151	0.00376	0.05853	0.00461	0.00682
6	0.00601	0.00498	0.00525	0.00519	0.00661	0.00455	0.00383	0.00826	0.08855	0.01292	0.09332	0.09366	0.58517	0.05413	0.00615	0.00167	0.00251	0.00899	0.00417	0.00407
7	0.09301	0.00819	0.01278	0.67592	0.02689	0.01029	0.01144	0.01154	0.00862	0.01221	0.00759	0.01127	0.00585	0.00475	0.00525	0.00152	0.08205	0.00382	0.00206	0.00495
8	0.03787	0.00830	0.01362	0.44767	0.17374	0.00922	0.06593	0.01187	0.00934	0.01322	0.00979	0.01284	0.03008	0.00453	0.00430	0.00137	0.00524	0.00412	0.08658	0.05035
9	0.87439	0.00865	0.00657	0.00588	0.00865	0.01003	0.00484	0.01315	0.00761	0.02007	0.00623	0.00727	0.00484	0.00415	0.00277	0.00138	0.00346	0.00242	0.00277	0.00484
10	0.01561	0.09058	0.01226	0.00853	0.01186	0.00846	0.06074	0.01908	0.13258	0.45934	0.01736	0.01601	0.06580	0.00560	0.00438	0.00134	0.00398	0.00466	0.00454	0.05729
11	0.00676	0.00451	0.00581	0.00634	0.00684	0.00442	0.00436	0.06196	0.00906	0.01231	0.02057	0.61249	0.02376	0.01318	0.00729	0.13462	0.00293	0.01031	0.04877	0.00368
12	0.00681	0.00492	0.00672	0.00768	0.00862	0.00482	0.00648	0.00861	0.01003	0.01300	0.02535	0.16881	0.08145	0.01253	0.00605	0.00198	0.00376	0.61424	0.00413	0.00402
13	0.01104	0.09273	0.01838	0.02498	0.71623	0.01117	0.01290	0.01357	0.01014	0.01429	0.02761	0.01123	0.00780	0.00409	0.00430	0.00129	0.00518	0.00393	0.00225	0.00688
14	0.00760	0.00548	0.00737	0.00814	0.00930	0.00551	0.00704	0.05024	0.01082	0.01406	0.02400	0.06478	0.05999	0.01198	0.00604	0.00199	0.00405	0.69320	0.00414	0.00428
15	0.00559	0.00407	0.00526	0.00596	0.00648	0.00375	0.00409	0.00663	0.00943	0.01261	0.16282	0.62203	0.10896	0.01291	0.00559	0.00172	0.00248	0.01159	0.00429	0.00375
16	0.00865	0.00878	0.03548	0.01340	0.05685	0.00808	0.36403	0.04392	0.01012	0.01370	0.01576	0.35568	0.01656	0.00824	0.00537	0.00163	0.00519	0.02028	0.00316	0.00514
17	0.02527	0.01028	0.01046	0.00852	0.01127	0.05272	0.00685	0.48784	0.01688	0.02210	0.05166	0.05568	0.20659	0.00730	0.00471	0.00140	0.00420	0.00581	0.00426	0.00620
18	0.01649	0.01211	0.01264	0.00997	0.01333	0.05499	0.00813	0.57763	0.12686	0.10301	0.01223	0.01185	0.00867	0.00544	0.00446	0.00136	0.00479	0.00415	0.00448	0.00741
19	0.07989	0.00769	0.01011	0.00781	0.01123	0.00682	0.00645	0.02119	0.01244	0.76212	0.01685	0.01467	0.01064	0.00544	0.00438	0.00138	0.00378	0.00435	0.00534	0.00742
20	0.01053	0.01102	0.02286	0.04402	0.02122	0.01050	0.63757	0.04867	0.01084	0.03625	0.01086	0.09364	0.00916	0.00492	0.00524	0.00153	0.00678	0.00589	0.00263	0.00587
21	0.01171	0.00990	0.01044	0.00922	0.01185	0.01140	0.00722	0.10024	0.72939	0.01965	0.01747	0.01610	0.01306	0.00600	0.00454	0.00150	0.00368	0.00496	0.00454	0.00713
22	0.00564	0.00401	0.00525	0.00617	0.00647	0.00378	0.00416	0.00642	0.00848	0.01126	0.02390	0.70602	0.04077	0.09554	0.00741	0.00207	0.00284	0.05223	0.00401	0.00357
23	0.00928	0.00795	0.00928	0.00663	0.01060	0.00596	0.00530	0.01126	0.00928	0.01458	0.00795	0.00928	0.00663	0.00331	0.00331	0.00066	0.00331	0.00265	0.00265	0.87014
24	0.00545	0.00389	0.00519	0.00623	0.00649	0.00363	0.00415	0.00623	0.00856	0.01142	0.02465	0.83987	0.02959	0.01401	0.00571	0.00182	0.00260	0.01272	0.00415	0.00363
25	0.00719	0.00483	0.00655	0.00636	0.00654	0.00539	0.00441	0.00704	0.00648	0.00898	0.01086	0.01990	0.01148	0.32369	0.20052	0.27253	0.08687	0.00506	0.00233	0.00297
26	0.00625	0.00457	0.00587	0.00555	0.00664	0.00419	0.00416	0.00829	0.01248	0.01751	0.75600	0.03412	0.09900	0.00931	0.00528	0.00141	0.00212	0.00819	0.00487	0.00419
27	0.65862	0.00953	0.00830	0.02451	0.01032	0.01092	0.00585	0.19418	0.01073	0.02175	0.00730	0.00817	0.00550	0.00444	0.00320	0.00138	0.00385	0.00282	0.00314	0.00548
28	0.01078	0.01033	0.01764	0.11589	0.72871	0.01055	0.01358	0.01348	0.01005	0.01426	0.00836	0.01117	0.00696	0.00404	0.00443	0.00135	0.00539	0.00398	0.00219	0.00685

[dist]
# distance from previous block
# <min> <max>
0	1

[block]
# block no. 4 follows, 58 sequences, length 21
# corresponding to MSA columns:
# 605-625
name=unknown_E
#
# <colnr> <probs for GDERKNQSTAVLIFYWHMCP>
#	G	D	E	R	K	N	Q	S	T	A	V	L	I	F	Y	W	H	M	C	P
0	0.00927	0.00738	0.00840	0.00655	0.00963	0.02571	0.00514	0.02899	0.01026	0.06078	0.10328	0.06777	0.09675	0.00568	0.00400	0.00098	0.00321	0.00474	0.00335	0.53814
1	0.75146	0.04442	0.03016	0.00654	0.00945	0.05570	0.00556	0.02792	0.00825	0.01916	0.00640	0.00743	0.00501	0.00419	0.00292	0.00135	0.00388	0.00250	0.00271	0.00500
2	0.02894	0.01861	0.57842	0.01134	0.01696	0.00947	0.01359	0.03515	0.01050	0.20404	0.01061	0.01153	0.00733	0.00472	0.00432	0.00142	0.00580	0.01758	0.00287	0.00679
3	0.01049	0.01003	0.01710	0.20677	0.64015	0.01047	0.01344	0.01322	0.00991	0.01390	0.00831	0.01126	0.00684	0.00409	0.00444	0.00136	0.00546	0.00398	0.00216	0.00661
4	0.01239	0.00703	0.00865	0.00680	0.00986	0.00585	0.00543	0.01451	0.03890	0.30970	0.07177	0.03771	0.13841	0.00612	0.00429	0.00117	0.00324	0.00508	0.00420	0.30889
5	0.00928	0.00795	0.00928	0.00663	0.01060	0.00596	0.00530	0.01126	0.00928	0.01458	0.00795	0.00928	0.00663	0.00331	0.00331	0.00066	0.00331	0.00265	0.00265	0.87014
6	0.01103	0.00782	0.00943	0.00693	0.01057	0.00622	0.00555	0.01288	0.00971	0.15121	0.00976	0.01101	0.00770	0.03326	0.00450	0.00095	0.02578	0.00313	0.00313	0.66942
7	0.00545	0.00389	0.00519	0.00623	0.00649	0.00363	0.00415	0.00623	0.00856	0.01142	0.02465	0.83987	0.02959	0.01401	0.00571	0.00182	0.00260	0.01272	0.00415	0.00363
8	0.00815	0.00421	0.00434	0.00431	0.00535	0.00417	0.00323	0.01023	0.00969	0.01680	0.09053	0.01827	0.01439	0.00559	0.00333	0.00108	0.00209	0.00454	0.78552	0.00417
9	0.87439	0.00865	0.00657	0.00588	0.00865	0.01003	0.00484	0.01315	0.00761	0.02007	0.00623	0.00727	0.00484	0.00415	0.00277	0.00138	0.00346	0.00242	0.00277	0.00484
10	0.01850	0.00762	0.00993	0.00772	0.01092	0.00689	0.00634	0.08285	0.01308	0.66460	0.01675	0.01503	0.01084	0.00549	0.00434	0.00134	0.00370	0.00442	0.10242	0.00722
11	0.00587	0.00480	0.00522	0.00507	0.00650	0.00427	0.00381	0.00786	0.05111	0.01404	0.25690	0.03904	0.55874	0.01046	0.00525	0.00148	0.00229	0.00884	0.00439	0.00407
12	0.00995	0.00809	0.00946	0.00680	0.01074	0.00625	0.00546	0.03748	0.00980	0.04667	0.00842	0.00956	0.00683	0.00347	0.00340	0.00071	0.00338	0.00277	0.00282	0.80794
13	0.01942	0.00756	0.01027	0.00793	0.01134	0.00652	0.00655	0.02117	0.01263	0.77342	0.01750	0.01593	0.01130	0.00564	0.00450	0.00138	0.00380	0.02397	0.00541	0.03376
14	0.01104	0.38562	0.39134	0.01033	0.01536	0.05283	0.01185	0.05111	0.00999	0.01307	0.00730	0.00844	0.00580	0.00413	0.00364	0.00120	0.00579	0.00292	0.00204	0.00621
15	0.03999	0.00999	0.01071	0.02167	0.01203	0.06602	0.00667	0.21821	0.01315	0.15275	0.02246	0.01092	0.00804	0.00444	0.00390	0.00104	0.00418	0.00343	0.00361	0.38677
16	0.15359	0.05264	0.05017	0.00938	0.01231	0.19766	0.00776	0.17071	0.20666	0.04956	0.01088	0.01133	0.00832	0.02225	0.00456	0.00141	0.01745	0.00371	0.00344	0.00620
17	0.00692	0.00558	0.00821	0.00791	0.00858	0.00687	0.00625	0.00842	0.00714	0.01044	0.01102	0.01635	0.01035	0.02950	0.69761	0.00637	0.14136	0.00465	0.00233	0.00414
18	0.00637	0.00525	0.00591	0.00565	0.00705	0.00503	0.00432	0.00891	0.08663	0.01447	0.27415	0.03644	0.45617	0.01005	0.00560	0.00151	0.03516	0.02272	0.00434	0.00428
19	0.01995	0.00781	0.01050	0.00805	0.01152	0.00686	0.00665	0.05250	0.01313	0.78683	0.01738	0.01505	0.01094	0.00553	0.00450	0.00138	0.00385	0.00448	0.00549	0.00761
20	0.01066	0.01021	0.01742	0.15215	0.69337	0.01052	0.01353	0.01337	0.00999	0.01412	0.00834	0.01120	0.00691	0.00406	0.00444	0.00135	0.00541	0.00398	0.00218	0.00676

[dist]
# distance from previous block
# <min> <max>
0	2

[block]
# block no. 5 follows, 58 sequences, length 12
# corresponding to MSA columns:
# 628-639
name=unknown_F
#
# <colnr> <probs for GDERKNQSTAVLIFYWHMCP>
#	G	D	E	R	K	N	Q	S	T	A	V	L	I	F	Y	W	H	M	C	P
0	0.00826	0.00596	0.00748	0.00667	0.00873	0.00525	0.00536	0.01061	0.03736	0.06360	0.31547	0.02929	0.05983	0.00803	0.00487	0.00135	0.00303	0.17406	0.00412	0.24070
1	0.87439	0.00865	0.00657	0.00588	0.00865	0.01003	0.00484	0.01315	0.00761	0.02007	0.00623	0.00727	0.00484	0.00415	0.00277	0.00138	0.00346	0.00242	0.00277	0.00484
2	0.01167	0.76543	0.10095	0.00815	0.01225	0.01699	0.00852	0.01347	0.00912	0.01088	0.00639	0.00740	0.00573	0.00387	0.00300	0.00100	0.00496	0.00248	0.00191	0.00583
3	0.00943	0.00702	0.00796	0.00835	0.00971	0.09138	0.00704	0.01116	0.01059	0.09129	0.02122	0.04071	0.04330	0.01099	0.00627	0.04064	0.00444	0.57007	0.00397	0.00447
4	0.00633	0.00457	0.00598	0.00563	0.00668	0.00422	0.00422	0.00844	0.01266	0.01794	0.81253	0.03341	0.04221	0.00914	0.00528	0.00141	0.00211	0.00809	0.00492	0.00422
5	0.01816	0.00719	0.00977	0.00764	0.01076	0.00625	0.00625	0.01995	0.01278	0.70698	0.12794	0.01775	0.01539	0.00604	0.00461	0.00139	0.00357	0.00500	0.00545	0.00714
6	0.01964	0.00829	0.01080	0.00828	0.01176	0.00759	0.00684	0.12977	0.01394	0.70840	0.01669	0.01460	0.01059	0.00551	0.00450	0.00138	0.00396	0.00443	0.00539	0.00761
7	0.00586	0.00393	0.00525	0.00606	0.00626	0.00373	0.00399	0.00620	0.00801	0.01068	0.02140	0.65519	0.02541	0.08583	0.00882	0.12248	0.00292	0.01095	0.00372	0.00332
8	0.00793	0.00512	0.00662	0.00603	0.00739	0.00479	0.00459	0.01051	0.05117	0.09738	0.69514	0.03080	0.03773	0.00864	0.00516	0.00141	0.00235	0.00759	0.00497	0.00470
9	0.01037	0.01190	0.12831	0.11785	0.56858	0.01026	0.01350	0.01338	0.00989	0.01418	0.00828	0.01085	0.00673	0.00404	0.00435	0.00132	0.00546	0.00382	0.00217	0.05477
10	0.42288	0.02259	0.03071	0.00639	0.00875	0.02270	0.00529	0.05343	0.01041	0.03313	0.28326	0.01739	0.03465	0.00608	0.00388	0.00136	0.00325	0.00467	0.00362	0.02556
11	0.03490	0.04708	0.03164	0.00943	0.05608	0.04129	0.00735	0.25816	0.02656	0.21911	0.09984	0.04824	0.05430	0.00616	0.00447	0.00134	0.00418	0.00498	0.00426	0.04062

[dist]
# distance from previous block
# <min> <max>
2	9

[block]
# block no. 6 follows, 58 sequences, length 13
# corresponding to MSA columns:
# 649-661
name=unknown_G
#
# <colnr> <probs for GDERKNQSTAVLIFYWHMCP>
#	G	D	E	R	K	N	Q	S	T	A	V	L	I	F	Y	W	H	M	C	P
0	0.07100	0.08853	0.59887	0.01209	0.05579	0.01058	0.01398	0.01359	0.00941	0.01439	0.04484	0.01048	0.00750	0.00514	0.02435	0.00151	0.00610	0.00346	0.00212	0.00626
1	0.01490	0.10411	0.01289	0.01024	0.01268	0.59795	0.00792	0.06207	0.01251	0.01205	0.01154	0.01221	0.09994	0.00536	0.00409	0.00119	0.00687	0.00366	0.00261	0.00522
2	0.00781	0.00391	0.00571	0.00571	0.00578	0.00391	0.00383	0.00616	0.00608	0.00841	0.00826	0.01382	0.00803	0.01480	0.01646	0.80775	0.00376	0.00391	0.06382	0.00210
3	0.00542	0.00457	0.00471	0.00478	0.00626	0.00387	0.00366	0.00661	0.01020	0.01217	0.04385	0.04355	0.75965	0.01140	0.00535	0.00155	0.00239	0.06205	0.00415	0.00380
4	0.00562	0.00404	0.00536	0.00630	0.00669	0.00378	0.00436	0.00658	0.00896	0.01194	0.06855	0.71667	0.05096	0.01355	0.00571	0.00180	0.00267	0.06856	0.00419	0.00370
5	0.06700	0.00790	0.01031	0.00795	0.01138	0.00710	0.00657	0.05709	0.01290	0.73773	0.01670	0.01458	0.01057	0.00545	0.00440	0.00138	0.00384	0.00436	0.00534	0.00746
6	0.00897	0.02314	0.81962	0.01275	0.01936	0.01039	0.01653	0.01417	0.00944	0.01417	0.00803	0.00944	0.00567	0.00425	0.00425	0.00142	0.00661	0.00331	0.00189	0.00661
7	0.00636	0.00522	0.03424	0.00581	0.00709	0.00441	0.00460	0.00852	0.01241	0.01746	0.73937	0.03315	0.08628	0.00910	0.00524	0.00141	0.00228	0.00800	0.00477	0.00428
8	0.00619	0.00457	0.00582	0.00553	0.00664	0.00420	0.00415	0.00814	0.01213	0.01686	0.67812	0.03424	0.14959	0.01026	0.03242	0.00161	0.00246	0.00817	0.00473	0.00415
9	0.02782	0.01075	0.01550	0.01207	0.01513	0.02345	0.22834	0.32878	0.04309	0.01981	0.01189	0.01644	0.00988	0.00637	0.01832	0.00160	0.05858	0.10038	0.04557	0.00624
10	0.00698	0.00457	0.00599	0.00592	0.00633	0.00484	0.00401	0.00748	0.00690	0.03411	0.01291	0.02320	0.01352	0.44727	0.32395	0.07336	0.00716	0.00559	0.00262	0.00328
11	0.01419	0.01589	0.01087	0.01000	0.01198	0.52926	0.00747	0.07880	0.01247	0.04508	0.03014	0.18926	0.01213	0.00685	0.00448	0.00133	0.00632	0.00529	0.00307	0.00512
12	0.02558	0.00923	0.01182	0.00945	0.01180	0.02808	0.04978	0.11257	0.04406	0.13041	0.09602	0.01344	0.01125	0.00595	0.00717	0.00139	0.23502	0.00427	0.00340	0.18930

[dist]
# distance from previous block
# <min> <max>
0	1

[block]
# block no. 7 follows, 58 sequences, length 9
# corresponding to MSA columns:
# 663-671
name=unknown_H
#
# <colnr> <probs for GDERKNQSTAVLIFYWHMCP>
#	G	D	E	R	K	N	Q	S	T	A	V	L	I	F	Y	W	H	M	C	P
0	0.01199	0.01015	0.01383	0.01119	0.01428	0.01097	0.17820	0.06354	0.53245	0.07846	0.01578	0.01526	0.01165	0.00549	0.00470	0.00150	0.00450	0.00501	0.00413	0.00692
1	0.12872	0.01550	0.01393	0.01403	0.16050	0.38947	0.07376	0.08251	0.03064	0.03856	0.00818	0.00948	0.00646	0.00449	0.00410	0.00128	0.00641	0.00341	0.00268	0.00588
2	0.01120	0.01098	0.01770	0.06346	0.74361	0.04668	0.01344	0.01381	0.01024	0.01431	0.00833	0.01098	0.00698	0.00404	0.00441	0.00133	0.00547	0.00394	0.00221	0.00690
3	0.00640	0.00476	0.00703	0.00703	0.00778	0.00551	0.00540	0.00789	0.00714	0.01027	0.01212	0.01836	0.01153	0.08806	0.77102	0.00700	0.01147	0.00491	0.00242	0.00391
4	0.00947	0.13433	0.67599	0.01271	0.05347	0.01139	0.01520	0.01404	0.00943	0.01369	0.00780	0.00921	0.00574	0.00418	0.00407	0.00135	0.00631	0.00321	0.00191	0.00651
5	0.00615	0.00457	0.00573	0.00544	0.00657	0.00415	0.00408	0.00810	0.01224	0.01694	0.68228	0.03505	0.17308	0.00952	0.00528	0.00142	0.00214	0.00832	0.00479	0.00415
6	0.03312	0.57392	0.10188	0.00799	0.01152	0.01463	0.00807	0.01242	0.00918	0.01156	0.03538	0.01215	0.09162	0.00507	0.00406	0.00115	0.05503	0.00350	0.00226	0.00550
7	0.01196	0.84548	0.02344	0.00765	0.01148	0.01770	0.00765	0.01339	0.00909	0.01052	0.00622	0.00718	0.00574	0.00383	0.00287	0.00096	0.00478	0.00239	0.00191	0.00574
8	0.00541	0.00451	0.00457	0.00457	0.00592	0.00383	0.00333	0.00643	0.00982	0.01173	0.04210	0.04163	0.73101	0.09696	0.00709	0.00180	0.00248	0.00914	0.00401	0.00367

[dist]
# distance from previous block
# <min> <max>
1	6

[block]
# block no. 8 follows, 58 sequences, length 36
# corresponding to MSA columns:
# 680-715
name=unknown_I
#
# <colnr> <probs for GDERKNQSTAVLIFYWHMCP>
#	G	D	E	R	K	N	Q	S	T	A	V	L	I	F	Y	W	H	M	C	P
0	0.01078	0.09805	0.55561	0.01182	0.01712	0.17977	0.01372	0.01470	0.01017	0.01327	0.03064	0.00964	0.00674	0.00443	0.00411	0.00132	0.00662	0.00327	0.00206	0.00617
1	0.01053	0.01189	0.02534	0.01825	0.02248	0.01144	0.73790	0.01435	0.02863	0.01424	0.00909	0.01205	0.00690	0.00404	0.00577	0.00153	0.05209	0.00520	0.00230	0.00600
2	0.01079	0.01033	0.01749	0.02633	0.77510	0.01029	0.01322	0.01337	0.01019	0.01449	0.01023	0.01264	0.04673	0.00435	0.00447	0.00134	0.00516	0.00425	0.00231	0.00692
3	0.10197	0.39521	0.08543	0.02561	0.05170	0.10407	0.00820	0.01355	0.02129	0.01284	0.02425	0.02958	0.00729	0.00435	0.00341	0.00110	0.00493	0.00308	0.00230	0.09984
4	0.00845	0.00795	0.01342	0.83204	0.03081	0.00994	0.01242	0.01143	0.00894	0.01143	0.00795	0.01193	0.00596	0.00447	0.00447	0.00149	0.00596	0.00398	0.00199	0.00497
5	0.00956	0.00945	0.01327	0.01144	0.01149	0.01316	0.00951	0.01058	0.00687	0.01074	0.00628	0.01031	0.00623	0.00955	0.06884	0.00231	0.77963	0.00397	0.00199	0.00483
6	0.00830	0.00672	0.00747	0.00683	0.00863	0.00702	0.00525	0.05242	0.29061	0.01741	0.32431	0.02858	0.20182	0.00837	0.00499	0.00147	0.00278	0.00713	0.00460	0.00529
7	0.00554	0.00396	0.00527	0.00617	0.00651	0.00369	0.00416	0.00645	0.00898	0.01208	0.10430	0.75835	0.03086	0.01352	0.00567	0.00178	0.00255	0.01225	0.00423	0.00369
8	0.01682	0.01222	0.01290	0.00998	0.01342	0.03650	0.00821	0.70900	0.01994	0.06610	0.01112	0.01111	0.00787	0.00535	0.00441	0.00133	0.00485	0.00402	0.03746	0.00741
9	0.01024	0.00978	0.01666	0.28141	0.56740	0.01041	0.01332	0.01300	0.00979	0.01361	0.00827	0.01134	0.00673	0.00414	0.00444	0.00138	0.00552	0.00398	0.00214	0.00642
10	0.00972	0.00871	0.01372	0.67454	0.07927	0.01049	0.01200	0.11285	0.01058	0.01379	0.00834	0.01172	0.00625	0.00456	0.00447	0.00146	0.00579	0.00398	0.00232	0.00544
11	0.00894	0.00853	0.01401	0.63973	0.13794	0.02608	0.03469	0.01172	0.00912	0.01181	0.00833	0.01259	0.00665	0.04562	0.00538	0.00160	0.00588	0.00412	0.00207	0.00519
12	0.00619	0.00457	0.00579	0.00548	0.00660	0.00416	0.00411	0.00817	0.01233	0.01716	0.71005	0.03470	0.14517	0.00944	0.00528	0.00142	0.00213	0.00827	0.00482	0.00416
13	0.00622	0.00478	0.00573	0.00549	0.00675	0.00438	0.00415	0.00846	0.04373	0.01606	0.52596	0.03611	0.27759	0.00977	0.00527	0.00146	0.00226	0.02698	0.00465	0.00420
14	0.00992	0.00819	0.00952	0.00685	0.01079	0.00640	0.00550	0.05406	0.00998	0.03224	0.00831	0.00948	0.00677	0.00347	0.00340	0.00071	0.00341	0.00276	0.00281	0.80541
15	0.00545	0.00389	0.00519	0.00623	0.00649	0.00363	0.00415	0.00623	0.00856	0.01142	0.02465	0.83987	0.02959	0.01401	0.00571	0.00182	0.00260	0.01272	0.00415	0.00363
16	0.00928	0.00795	0.00928	0.00663	0.01060	0.00596	0.00530	0.01126	0.00928	0.01458	0.00795	0.00928	0.00663	0.00331	0.00331	0.00066	0.00331	0.00265	0.00265	0.87014
17	0.00547	0.00391	0.00521	0.00621	0.00649	0.00365	0.00415	0.00629	0.00867	0.01159	0.04485	0.81920	0.02991	0.01389	0.00570	0.00181	0.00258	0.01260	0.00417	0.00365
18	0.00718	0.00512	0.00716	0.00814	0.00915	0.00514	0.00708	0.00918	0.01015	0.01322	0.02323	0.04931	0.02523	0.03064	0.02390	0.00222	0.00429	0.75153	0.00405	0.00409
19	0.00845	0.00795	0.01342	0.83204	0.03081	0.00994	0.01242	0.01143	0.00894	0.01143	0.00795	0.01193	0.00596	0.00447	0.00447	0.00149	0.00596	0.00398	0.00199	0.00497
20	0.01962	0.00781	0.01045	0.00804	0.01145	0.00692	0.00663	0.06353	0.01324	0.75865	0.03387	0.01536	0.01154	0.00560	0.00451	0.00138	0.00383	0.00455	0.00547	0.00754
21	0.01592	0.15856	0.01447	0.01088	0.01344	0.69043	0.00848	0.01712	0.01208	0.01088	0.00680	0.00792	0.00576	0.00448	0.00384	0.00112	0.00752	0.00280	0.00224	0.00528
22	0.00928	0.00795	0.00928	0.00663	0.01060	0.00596	0.00530	0.01126	0.00928	0.01458	0.00795	0.00928	0.00663	0.00331	0.00331	0.00066	0.00331	0.00265	0.00265	0.87014
23	0.02260	0.10332	0.61692	0.10369	0.01949	0.01097	0.01475	0.01396	0.00941	0.03376	0.00805	0.00961	0.00583	0.00426	0.00412	0.00138	0.00624	0.00331	0.00201	0.00634
24	0.01100	0.00948	0.01001	0.00901	0.01150	0.01095	0.00701	0.02337	0.78629	0.01869	0.03873	0.01712	0.01439	0.00615	0.00457	0.00151	0.00350	0.00514	0.00456	0.00701
25	0.01219	0.80481	0.02291	0.00785	0.01160	0.05753	0.00770	0.01362	0.00927	0.01055	0.00625	0.00722	0.00574	0.00387	0.00293	0.00097	0.00495	0.00242	0.00193	0.00571
26	0.12638	0.01013	0.10010	0.00772	0.01167	0.00787	0.00695	0.07623	0.01020	0.07000	0.00855	0.00955	0.00664	0.00395	0.00379	0.00098	0.02377	0.00296	0.00290	0.50966
27	0.03998	0.01255	0.15990	0.01187	0.01395	0.04390	0.08239	0.03873	0.04357	0.01296	0.00792	0.02314	0.00692	0.00787	0.05363	0.00201	0.42693	0.00407	0.00227	0.00544
28	0.01960	0.00747	0.01013	0.00781	0.01117	0.00648	0.00644	0.02134	0.01267	0.78582	0.01753	0.01528	0.01109	0.00552	0.00444	0.00137	0.00374	0.00449	0.04014	0.00747
29	0.00545	0.00389	0.00519	0.00623	0.00649	0.00363	0.00415	0.00623	0.00856	0.01142	0.02465	0.83987	0.02959	0.01401	0.00571	0.00182	0.00260	0.01272	0.00415	0.00363
30	0.00663	0.00458	0.00536	0.00528	0.00532	0.00478	0.00315	0.00676	0.00656	0.00885	0.01365	0.02786	0.01557	0.76559	0.06575	0.00440	0.03808	0.00631	0.00266	0.00287
31	0.00989	0.00843	0.01057	0.00762	0.01158	0.00673	0.05597	0.04581	0.02147	0.02794	0.00844	0.00972	0.00685	0.00351	0.00352	0.00077	0.00366	0.00294	0.00278	0.75179
32	0.01118	0.01055	0.01855	0.02434	0.61917	0.01059	0.12254	0.01384	0.01014	0.04503	0.00903	0.02669	0.00755	0.00439	0.00508	0.00140	0.04644	0.00434	0.00237	0.00679
33	0.67588	0.09474	0.02043	0.04775	0.03343	0.04037	0.00606	0.01329	0.00811	0.01810	0.00642	0.00766	0.00510	0.00415	0.00298	0.00134	0.00398	0.00257	0.00260	0.00504
34	0.01501	0.01027	0.01136	0.00931	0.01240	0.01122	0.00749	0.30327	0.36678	0.17986	0.01540	0.01426	0.01096	0.00571	0.00451	0.00143	0.00409	0.00458	0.00472	0.00738
35	0.00647	0.00501	0.00598	0.00600	0.00716	0.00480	0.00447	0.00923	0.09900	0.01502	0.33607	0.20249	0.22325	0.01050	0.00533	0.00156	0.00250	0.04636	0.00450	0.00430

[dist]
# distance from previous block
# <min> <max>
0	10

[block]
# block no. 9 follows, 58 sequences, length 59
# corresponding to MSA columns:
# 726-784
name=unknown_J
#
# <colnr> <probs for GDERKNQSTAVLIFYWHMCP>
#	G	D	E	R	K	N	Q	S	T	A	V	L	I	F	Y	W	H	M	C	P
0	0.00630	0.00457	0.00594	0.00560	0.00667	0.00421	0.00420	0.00839	0.01260	0.01779	0.79276	0.03366	0.06207	0.00920	0.00528	0.00141	0.00211	0.00812	0.00490	0.00421
1	0.00715	0.00511	0.00714	0.00817	0.00917	0.00510	0.00710	0.00916	0.01024	0.01332	0.02372	0.07772	0.02588	0.01241	0.00616	0.00205	0.00407	0.75812	0.00412	0.00410
2	0.04957	0.00765	0.01025	0.00789	0.01132	0.00669	0.00651	0.02150	0.01262	0.79043	0.01725	0.01495	0.01086	0.00549	0.00444	0.00138	0.00379	0.00443	0.00544	0.00752
3	0.00563	0.00413	0.00554	0.00645	0.00670	0.00405	0.00438	0.00641	0.00849	0.01139	0.02388	0.80584	0.02861	0.01376	0.00608	0.00182	0.03671	0.01236	0.00406	0.00369
4	0.00641	0.00472	0.00682	0.00682	0.00750	0.00539	0.00514	0.00775	0.00708	0.01011	0.01232	0.01942	0.01199	0.16136	0.69835	0.00674	0.01077	0.00506	0.00245	0.00379
5	0.00928	0.00795	0.00928	0.00663	0.01060	0.00596	0.00530	0.01126	0.00928	0.01458	0.00795	0.00928	0.00663	0.00331	0.00331	0.00066	0.00331	0.00265	0.00265	0.87014
6	0.01040	0.01165	0.02484	0.08627	0.02365	0.01119	0.71012	0.01436	0.03363	0.01422	0.00923	0.01219	0.00692	0.00390	0.00519	0.00151	0.00729	0.00516	0.00231	0.00598
7	0.01137	0.00973	0.01025	0.00915	0.01173	0.01124	0.00714	0.05656	0.77361	0.01911	0.01789	0.01644	0.01340	0.00604	0.00455	0.00151	0.00360	0.00501	0.00455	0.00710
8	0.01130	0.00969	0.01021	0.00914	0.01170	0.01121	0.00712	0.04640	0.78390	0.01899	0.01799	0.01652	0.01348	0.00605	0.00455	0.00151	0.00358	0.00503	0.00455	0.00710
9	0.00874	0.00429	0.00438	0.00430	0.00542	0.00425	0.00324	0.01081	0.00950	0.04382	0.01470	0.01663	0.01145	0.00522	0.00317	0.00105	0.00214	0.00418	0.83843	0.00429
10	0.00651	0.00434	0.00488	0.00488	0.00488	0.00434	0.00271	0.00651	0.00651	0.00867	0.01409	0.02927	0.01626	0.84279	0.02277	0.00434	0.00434	0.00651	0.00271	0.00271
11	0.00639	0.00479	0.00719	0.00719	0.00799	0.00559	0.00559	0.00799	0.00719	0.01038	0.01198	0.01757	0.01118	0.03355	0.82507	0.00719	0.01198	0.00479	0.00240	0.00399
12	0.01076	0.01048	0.01731	0.16836	0.64190	0.03308	0.02617	0.01345	0.01004	0.01395	0.00830	0.01115	0.00685	0.00409	0.00444	0.00136	0.00554	0.00397	0.00218	0.00664
13	0.06025	0.00766	0.01020	0.00786	0.01129	0.00674	0.00649	0.02139	0.01256	0.78046	0.01711	0.01485	0.01078	0.00547	0.00442	0.00138	0.00379	0.00440	0.00541	0.00748
14	0.00577	0.00445	0.00528	0.00529	0.00640	0.00395	0.00388	0.00728	0.01102	0.01455	0.37960	0.16829	0.34650	0.01080	0.00535	0.00151	0.00225	0.00938	0.00449	0.00395
15	0.00605	0.00456	0.00559	0.00533	0.00651	0.00410	0.00400	0.00790	0.01200	0.01637	0.60654	0.03600	0.24917	0.00973	0.00528	0.00143	0.00215	0.00845	0.00472	0.00410
16	0.01548	0.01899	0.01343	0.01296	0.08097	0.65016	0.01965	0.03187	0.01203	0.01162	0.00704	0.00859	0.00593	0.00488	0.00514	0.00125	0.08919	0.00313	0.00230	0.00537
17	0.01064	0.03302	0.06684	0.24455	0.19821	0.03182	0.26008	0.03445	0.01026	0.03875	0.00867	0.01144	0.00664	0.00424	0.00484	0.00143	0.02148	0.00430	0.00230	0.00605
18	0.00670	0.00521	0.00703	0.00685	0.00811	0.00464	0.04184	0.02342	0.00912	0.01266	0.02099	0.58007	0.04987	0.01104	0.00513	0.00155	0.00298	0.00998	0.03273	0.16008
19	0.00928	0.00795	0.00928	0.00663	0.01060	0.00596	0.00530	0.01126	0.00928	0.01458	0.00795	0.00928	0.00663	0.00331	0.00331	0.00066	0.00331	0.00265	0.00265	0.87014
20	0.03770	0.01035	0.04616	0.01043	0.01379	0.01775	0.13118	0.14857	0.24140	0.20708	0.01447	0.04851	0.01075	0.00557	0.00458	0.00143	0.00458	0.00486	0.00415	0.03669
21	0.01292	0.01087	0.01110	0.00952	0.01232	0.04503	0.00752	0.23085	0.56456	0.02093	0.01575	0.01475	0.01172	0.00582	0.00451	0.00146	0.00409	0.00469	0.00444	0.00714
22	0.01643	0.00834	0.01097	0.00871	0.01146	0.00843	0.00716	0.06659	0.04439	0.50603	0.01447	0.03264	0.01008	0.00600	0.00634	0.00145	0.15890	0.00443	0.00451	0.07264
23	0.01208	0.00886	0.01029	0.00924	0.02533	0.03341	0.02825	0.03969	0.41680	0.15787	0.04472	0.06333	0.03343	0.00697	0.00510	0.00154	0.03196	0.06026	0.00442	0.00646
24	0.01083	0.43275	0.36659	0.01057	0.03598	0.01396	0.02543	0.01397	0.00939	0.03308	0.00740	0.00855	0.00590	0.00406	0.00359	0.00119	0.00561	0.00293	0.00201	0.00620
25	0.02359	0.17956	0.44763	0.01026	0.01559	0.01103	0.01192	0.04659	0.00980	0.01423	0.00775	0.00899	0.00595	0.00402	0.00377	0.00117	0.00544	0.00301	0.00218	0.18755
26	0.00639	0.00479	0.00719	0.00719	0.00799	0.00559	0.00559	0.00799	0.00719	0.01038	0.01198	0.01757	0.01118	0.03355	0.82507	0.00719	0.01198	0.00479	0.00240	0.00399
27	0.00896	0.03248	0.70053	0.01319	0.06177	0.01012	0.03061	0.01370	0.00953	0.01410	0.02438	0.04404	0.00746	0.00472	0.00434	0.00142	0.00628	0.00385	0.00207	0.00645
28	0.00611	0.00446	0.00575	0.00564	0.00660	0.00409	0.00415	0.00794	0.01182	0.01646	0.62955	0.16390	0.09663	0.01009	0.00535	0.00148	0.00220	0.00893	0.00474	0.00409
29	0.00545	0.00391	0.00517	0.00618	0.00648	0.00364	0.00413	0.00623	0.00861	0.01144	0.02523	0.81780	0.05129	0.01394	0.00570	0.00181	0.00259	0.01263	0.00415	0.00364
30	0.00651	0.00434	0.00488	0.00488	0.00488	0.00434	0.00271	0.00651	0.00651	0.00867	0.01409	0.02927	0.01626	0.84279	0.02277	0.00434	0.00434	0.00651	0.00271	0.00271
31	0.00912	0.04024	0.76933	0.01249	0.01887	0.01058	0.01595	0.01454	0.04213	0.01427	0.00841	0.00969	0.00600	0.00432	0.00423	0.00141	0.00645	0.00336	0.00200	0.00661
32	0.01187	0.75320	0.02197	0.00781	0.01150	0.01697	0.00759	0.01454	0.09717	0.01143	0.00754	0.00823	0.00661	0.00407	0.00306	0.00102	0.00465	0.00269	0.00220	0.00589
33	0.01404	0.00895	0.01054	0.00873	0.04410	0.00871	0.00673	0.26540	0.04063	0.19733	0.02792	0.02752	0.00981	0.00510	0.00409	0.00117	0.00385	0.00409	0.09949	0.21182
34	0.02785	0.01137	0.02742	0.01001	0.03958	0.04931	0.00790	0.35308	0.23784	0.07543	0.01261	0.01235	0.00924	0.00523	0.00432	0.00131	0.00445	0.00410	0.00411	0.10250
35	0.00758	0.00660	0.00771	0.00758	0.00856	0.09600	0.00586	0.00915	0.00786	0.01062	0.01149	0.01650	0.01059	0.02957	0.71163	0.00635	0.01128	0.00456	0.02637	0.00413
36	0.01511	0.00904	0.03775	0.00836	0.01195	0.01801	0.02516	0.08654	0.07920	0.38341	0.01390	0.01384	0.00978	0.00503	0.00422	0.00121	0.00399	0.02358	0.00429	0.24564
37	0.07703	0.27008	0.23042	0.00996	0.01405	0.13602	0.01007	0.11724	0.05494	0.01503	0.00805	0.00895	0.00634	0.00448	0.00392	0.00124	0.02046	0.00310	0.00251	0.00612
38	0.77973	0.00908	0.00733	0.00637	0.00923	0.01046	0.00525	0.10002	0.00909	0.02097	0.00673	0.00765	0.00515	0.00429	0.00296	0.00138	0.00362	0.00260	0.00296	0.00515
39	0.00629	0.00468	0.00688	0.00700	0.00771	0.00533	0.00533	0.00774	0.00732	0.01044	0.01346	0.10879	0.01340	0.06093	0.70531	0.00649	0.01067	0.00573	0.00260	0.00391
40	0.01676	0.01046	0.01169	0.00907	0.01235	0.01110	0.00746	0.53185	0.01783	0.21058	0.01277	0.01244	0.00884	0.00539	0.00433	0.00132	0.00435	0.00415	0.10002	0.00723
