[name]
unknown

[dist]
# distance from previous block
# <min> <max>
0	58

[block]
# block no. 0 follows, 54 sequences, length 11
# corresponding to MSA columns:
# 58-68
name=unknown_A
#
# <colnr> <probs for GDERKNQSTAVLIFYWHMCP>
#	G	D	E	R	K	N	Q	S	T	A	V	L	I	F	Y	W	H	M	C	P
0	0.00760	0.00543	0.00760	0.00868	0.00977	0.00543	0.00760	0.00977	0.01085	0.01411	0.02496	0.05319	0.02714	0.01303	0.00651	0.00217	0.00434	0.77315	0.00434	0.00434
1	0.00570	0.00465	0.00499	0.00517	0.00645	0.00399	0.00375	0.00684	0.01044	0.01280	0.07976	0.18611	0.60230	0.03787	0.00622	0.00174	0.00251	0.01041	0.00437	0.00394
2	0.01035	0.08358	0.61170	0.01242	0.01846	0.01179	0.01504	0.04821	0.11456	0.01589	0.00986	0.01084	0.00718	0.00475	0.00442	0.00147	0.00632	0.00369	0.00248	0.00701
3	0.00660	0.00480	0.00555	0.00559	0.00689	0.00419	0.00410	0.00797	0.01106	0.05265	0.20176	0.21234	0.43595	0.01177	0.00563	0.00163	0.00251	0.01014	0.00462	0.00424
4	0.01152	0.00954	0.01097	0.04552	0.09113	0.03609	0.00777	0.14483	0.29857	0.03262	0.17022	0.02071	0.07033	0.00691	0.00492	0.00150	0.00402	0.00582	0.02048	0.00653
5	0.04921	0.00796	0.01042	0.00801	0.01158	0.00686	0.00657	0.02051	0.01280	0.63726	0.05434	0.01584	0.01239	0.00566	0.00455	0.00136	0.00384	0.00459	0.00530	0.12097
6	0.01119	0.01052	0.01595	0.09868	0.51482	0.04482	0.01216	0.05165	0.04952	0.01538	0.01165	0.12041	0.01080	0.00586	0.00484	0.00149	0.00530	0.00543	0.00282	0.00672
7	0.00784	0.00465	0.00618	0.00674	0.00744	0.00428	0.00464	0.00875	0.00951	0.11731	0.02446	0.68395	0.02791	0.05386	0.00673	0.00199	0.00299	0.01194	0.00450	0.00434
8	0.00682	0.00537	0.00616	0.00613	0.00749	0.00502	0.00454	0.02602	0.07069	0.01465	0.17558	0.21086	0.33245	0.03808	0.00616	0.00173	0.00279	0.04116	0.00446	0.03384
9	0.13608	0.01105	0.01361	0.26463	0.18332	0.10034	0.01076	0.01524	0.11466	0.01498	0.00933	0.01168	0.00741	0.00513	0.00541	0.00153	0.08222	0.00397	0.00266	0.00600
10	0.62576	0.02942	0.00895	0.02912	0.01054	0.01092	0.00626	0.01439	0.00854	0.09788	0.00776	0.00898	0.00596	0.00504	0.00481	0.00153	0.11263	0.00302	0.00305	0.00543

[dist]
# distance from previous block
# <min> <max>
0	2

[block]
# block no. 1 follows, 54 sequences, length 19
# corresponding to MSA columns:
# 71-89
name=unknown_B
#
# <colnr> <probs for GDERKNQSTAVLIFYWHMCP>
#	G	D	E	R	K	N	Q	S	T	A	V	L	I	F	Y	W	H	M	C	P
0	0.01358	0.01018	0.01211	0.00956	0.01254	0.01081	0.00781	0.21673	0.09908	0.11354	0.01110	0.01190	0.00846	0.00564	0.00658	0.00136	0.17387	0.00396	0.00373	0.26747
1	0.00795	0.00608	0.00711	0.00660	0.00821	0.00605	0.00502	0.01246	0.18796	0.03697	0.46877	0.03270	0.17728	0.00925	0.00537	0.00153	0.00263	0.00798	0.00497	0.00512
2	0.00726	0.00548	0.00676	0.00672	0.00732	0.03487	0.00478	0.00833	0.00762	0.01058	0.01337	0.02266	0.01356	0.32708	0.46072	0.00597	0.00908	0.00562	0.03846	0.00377
3	0.01042	0.00545	0.00700	0.00670	0.00802	0.00498	0.00485	0.01146	0.01011	0.23457	0.04245	0.29833	0.08300	0.20007	0.00977	0.00237	0.00356	0.04760	0.00445	0.00483
4	0.01302	0.00936	0.01060	0.00852	0.01166	0.00940	0.00681	0.22953	0.17304	0.10094	0.12253	0.03801	0.01514	0.00610	0.00457	0.00130	0.00385	0.00500	0.01824	0.21239
5	0.67647	0.00984	0.00790	0.00677	0.00987	0.05097	0.00551	0.04090	0.00903	0.02017	0.00702	0.00812	0.00552	0.00432	0.00313	0.00134	0.00393	0.00267	0.00294	0.12359
6	0.00944	0.07755	0.61827	0.01203	0.01777	0.01062	0.01469	0.03923	0.01020	0.01475	0.01084	0.12312	0.00952	0.00591	0.00460	0.00152	0.00619	0.00481	0.00241	0.00651
7	0.01075	0.00914	0.01041	0.14976	0.04023	0.11045	0.02146	0.06646	0.05023	0.08091	0.13815	0.15229	0.09730	0.00822	0.00536	0.00156	0.02252	0.01551	0.00387	0.00541
8	0.00629	0.00483	0.00581	0.00590	0.00713	0.00435	0.00453	0.00798	0.01162	0.01523	0.33148	0.10657	0.34298	0.01144	0.00573	0.00166	0.00262	0.11497	0.00468	0.00420
9	0.07225	0.01696	0.48943	0.01078	0.01553	0.00886	0.02890	0.01257	0.01011	0.01528	0.09579	0.12794	0.06245	0.00688	0.00478	0.00156	0.00538	0.00575	0.00288	0.00594
10	0.00850	0.00445	0.00466	0.00461	0.00571	0.00440	0.00346	0.01070	0.01037	0.01776	0.12395	0.02001	0.01656	0.00607	0.00361	0.00115	0.00220	0.00496	0.74249	0.00440
11	0.02163	0.00560	0.00690	0.05618	0.00914	0.00580	0.00533	0.07650	0.02615	0.02924	0.01973	0.36337	0.03468	0.01164	0.04868	0.02229	0.00370	0.03516	0.21371	0.00458
12	0.00594	0.00479	0.00529	0.00516	0.00659	0.00414	0.00387	0.00748	0.01162	0.01480	0.29995	0.04198	0.54950	0.01117	0.00557	0.00156	0.00233	0.00948	0.00465	0.00414
13	0.01180	0.01171	0.11100	0.01004	0.01302	0.01125	0.00872	0.17484	0.39688	0.01970	0.01660	0.12727	0.01399	0.00725	0.00540	0.00161	0.04183	0.00594	0.00425	0.00691
14	0.00876	0.00504	0.00604	0.00571	0.00630	0.00485	0.00360	0.00920	0.00831	0.12015	0.06765	0.06972	0.01890	0.62428	0.01922	0.00380	0.00425	0.00701	0.00350	0.00372
15	0.04868	0.01028	0.01240	0.04675	0.15819	0.02622	0.00884	0.20581	0.21333	0.03034	0.01416	0.04426	0.03093	0.00678	0.02459	0.00164	0.03892	0.00493	0.06619	0.00676
16	0.01249	0.01376	0.01210	0.01105	0.01227	0.32673	0.00882	0.01385	0.01029	0.01209	0.01011	0.01644	0.00971	0.00925	0.06275	0.00206	0.29519	0.10986	0.04611	0.00506
17	0.01189	0.00916	0.01102	0.04255	0.09383	0.04142	0.00728	0.01552	0.11899	0.12494	0.01226	0.04967	0.00986	0.00496	0.00416	0.00112	0.00407	0.00415	0.02413	0.40901
18	0.04720	0.00793	0.00963	0.00888	0.05746	0.00756	0.00643	0.08996	0.08337	0.11032	0.09847	0.17206	0.03426	0.00738	0.00484	0.00137	0.01531	0.00628	0.00408	0.22722

[dist]
# distance from previous block
# <min> <max>
1	16

[block]
# block no. 2 follows, 54 sequences, length 24
# corresponding to MSA columns:
# 107-130
name=unknown_C
#
# <colnr> <probs for GDERKNQSTAVLIFYWHMCP>
#	G	D	E	R	K	N	Q	S	T	A	V	L	I	F	Y	W	H	M	C	P
0	0.01503	0.04718	0.04514	0.03922	0.04045	0.10979	0.00879	0.37444	0.09010	0.05239	0.01267	0.01308	0.03555	0.00608	0.01870	0.00147	0.00537	0.00427	0.03950	0.04078
1	0.01321	0.56443	0.03769	0.04431	0.09717	0.09093	0.00925	0.05267	0.01076	0.03093	0.00749	0.00872	0.00644	0.00429	0.00353	0.00113	0.00550	0.00297	0.00231	0.00627
2	0.03808	0.00775	0.00876	0.04126	0.01049	0.02234	0.00615	0.13245	0.10669	0.08281	0.19057	0.07222	0.19919	0.02423	0.00585	0.00161	0.03237	0.00712	0.00449	0.00558
3	0.00689	0.00551	0.02330	0.00723	0.03522	0.00500	0.02255	0.00810	0.02515	0.01213	0.08426	0.32995	0.06276	0.30465	0.01215	0.00272	0.00369	0.00923	0.00368	0.03582
4	0.00997	0.02367	0.77472	0.01322	0.02004	0.01077	0.01696	0.01529	0.01011	0.04983	0.00891	0.01022	0.00622	0.00454	0.00449	0.00149	0.00684	0.00354	0.00216	0.00701
5	0.04912	0.01519	0.01231	0.02643	0.01368	0.30700	0.00828	0.29792	0.10842	0.01990	0.02804	0.01288	0.03836	0.00569	0.00448	0.00136	0.00592	0.00417	0.03436	0.00650
6	0.00573	0.00415	0.00542	0.00644	0.00681	0.00384	0.00432	0.00658	0.00915	0.01208	0.02749	0.77705	0.08438	0.01458	0.00599	0.00189	0.00271	0.01317	0.00438	0.00384
7	0.04999	0.00806	0.01081	0.00831	0.01194	0.00705	0.00687	0.02267	0.01331	0.78134	0.01819	0.01576	0.01145	0.00579	0.00468	0.00146	0.00400	0.00467	0.00574	0.00792
8	0.00812	0.00410	0.00612	0.00616	0.00616	0.00409	0.00410	0.00616	0.00623	0.00831	0.00873	0.03909	0.00889	0.01633	0.01805	0.83673	0.00405	0.00438	0.00212	0.00210
9	0.08912	0.00795	0.01038	0.00808	0.01154	0.00710	0.00665	0.02151	0.01304	0.70356	0.05805	0.01636	0.01283	0.00591	0.00464	0.00146	0.00389	0.00476	0.00557	0.00760
10	0.01750	0.01283	0.01379	0.01069	0.01437	0.01420	0.00879	0.70889	0.08463	0.04763	0.01213	0.01194	0.00862	0.00572	0.00472	0.00143	0.00504	0.00434	0.00475	0.00797
11	0.04670	0.00748	0.00997	0.00787	0.01103	0.00660	0.00642	0.02012	0.01329	0.63900	0.16017	0.01924	0.01740	0.00648	0.00483	0.00146	0.00368	0.00535	0.00562	0.00728
12	0.01113	0.01272	0.02782	0.01987	0.02464	0.01192	0.78776	0.01510	0.01113	0.01510	0.00954	0.01272	0.00715	0.00397	0.00556	0.00159	0.00795	0.00556	0.00238	0.00636
13	0.00585	0.00470	0.00519	0.00537	0.00663	0.00409	0.00396	0.00710	0.01065	0.01326	0.12537	0.16665	0.54162	0.03678	0.00623	0.00175	0.00258	0.04381	0.00442	0.00399
14	0.01068	0.06726	0.01523	0.01213	0.01261	0.04433	0.02688	0.01181	0.00773	0.01143	0.00668	0.02490	0.00665	0.00786	0.01382	0.00195	0.70650	0.00417	0.00212	0.00523
15	0.00879	0.00439	0.00439	0.00439	0.00549	0.00439	0.00330	0.01099	0.00989	0.01758	0.01538	0.01758	0.01209	0.00549	0.00330	0.00110	0.00220	0.00439	0.86047	0.00439
16	0.00834	0.00799	0.01511	0.01197	0.01431	0.00775	0.32765	0.01063	0.00958	0.01300	0.04360	0.13724	0.06659	0.11179	0.18884	0.00333	0.00727	0.00713	0.00299	0.00487
17	0.00856	0.00503	0.00611	0.12139	0.00961	0.00541	0.00493	0.01080	0.00953	0.01596	0.01411	0.01725	0.01134	0.02661	0.08236	0.00187	0.00384	0.00448	0.63633	0.00446
18	0.01481	0.01230	0.01337	0.01285	0.12604	0.07749	0.00900	0.40259	0.16105	0.02254	0.01262	0.03091	0.01000	0.04977	0.02169	0.00173	0.00531	0.00469	0.00406	0.00720
19	0.01220	0.00998	0.01063	0.00942	0.01213	0.01133	0.00740	0.08573	0.65670	0.04734	0.01992	0.01895	0.04926	0.00669	0.00486	0.00159	0.00381	0.01995	0.00480	0.00731
20	0.01646	0.13995	0.01499	0.01106	0.01403	0.45964	0.00879	0.18493	0.07808	0.01606	0.00901	0.00971	0.00716	0.00503	0.00421	0.00126	0.00689	0.00341	0.00305	0.00627
21	0.14374	0.05653	0.05469	0.00977	0.04357	0.05321	0.00798	0.27196	0.01429	0.10838	0.05794	0.01442	0.04314	0.00883	0.08918	0.00205	0.00559	0.00441	0.00384	0.00649
22	0.01330	0.01322	0.01795	0.06305	0.47971	0.15221	0.07540	0.07538	0.01213	0.03936	0.00910	0.01135	0.00731	0.00449	0.00468	0.00139	0.00625	0.00413	0.00263	0.00698
23	0.00785	0.03947	0.04141	0.00736	0.00921	0.00648	0.02907	0.03696	0.08562	0.02426	0.19076	0.17300	0.22002	0.01105	0.03387	0.00182	0.00362	0.05613	0.00427	0.01778

[dist]
# distance from previous block
# <min> <max>
2	13

[block]
# block no. 3 follows, 54 sequences, length 8
# corresponding to MSA columns:
# 144-151
name=unknown_D
#
# <colnr> <probs for GDERKNQSTAVLIFYWHMCP>
#	G	D	E	R	K	N	Q	S	T	A	V	L	I	F	Y	W	H	M	C	P
0	0.06274	0.01318	0.20998	0.08137	0.14684	0.05733	0.06795	0.02819	0.03051	0.02943	0.08294	0.08363	0.04533	0.00637	0.00499	0.01512	0.00538	0.00539	0.01737	0.00598
1	0.03861	0.01060	0.01009	0.00964	0.04403	0.15726	0.00701	0.11967	0.14026	0.01676	0.07658	0.20252	0.01691	0.00955	0.05324	0.00184	0.00505	0.00652	0.00383	0.07004
2	0.04167	0.01086	0.05996	0.03615	0.04635	0.06711	0.08052	0.09916	0.07734	0.09045	0.09154	0.05419	0.02431	0.04068	0.00605	0.00155	0.04680	0.00517	0.00361	0.11653
3	0.01186	0.01035	0.09511	0.00840	0.01112	0.08770	0.00717	0.04406	0.10160	0.16402	0.07509	0.12858	0.08342	0.05689	0.00599	0.00165	0.00430	0.00634	0.02684	0.06949
4	0.06676	0.00712	0.00826	0.00815	0.04511	0.00722	0.00591	0.05252	0.15993	0.11064	0.09031	0.12875	0.19095	0.05181	0.00612	0.00177	0.00344	0.04525	0.00445	0.00554
5	0.06023	0.01226	0.06980	0.00924	0.01137	0.21638	0.02841	0.07075	0.03051	0.01435	0.05284	0.08348	0.10776	0.10700	0.02750	0.00204	0.04267	0.04505	0.00330	0.00506
6	0.16982	0.01134	0.01183	0.03216	0.08878	0.09954	0.00807	0.18691	0.07280	0.19076	0.03832	0.01264	0.00963	0.00531	0.00432	0.00140	0.00481	0.00407	0.00402	0.04346
7	0.01367	0.26815	0.08638	0.04885	0.06360	0.18417	0.00987	0.11878	0.10007	0.01527	0.00913	0.01019	0.00735	0.00495	0.00454	0.00131	0.04096	0.00351	0.00280	0.00644

[dist]
# distance from previous block
# <min> <max>
0	1

[block]
# block no. 4 follows, 54 sequences, length 8
# corresponding to MSA columns:
# 153-160
name=unknown_E
#
# <colnr> <probs for GDERKNQSTAVLIFYWHMCP>
#	G	D	E	R	K	N	Q	S	T	A	V	L	I	F	Y	W	H	M	C	P
0	0.01670	0.01035	0.01173	0.00944	0.01274	0.01100	0.00765	0.30475	0.23868	0.26037	0.01594	0.01482	0.01112	0.00591	0.00468	0.00147	0.00428	0.00471	0.04597	0.00769
1	0.00735	0.00459	0.00573	0.00609	0.00649	0.00438	0.00391	0.00790	0.00842	0.06924	0.02066	0.42730	0.02372	0.36642	0.01365	0.00302	0.00362	0.00995	0.00383	0.00372
2	0.10675	0.12781	0.08673	0.04581	0.05246	0.03465	0.00812	0.04889	0.01144	0.22426	0.05004	0.07642	0.07995	0.00660	0.00449	0.00145	0.00446	0.01963	0.00383	0.00621
3	0.01276	0.00833	0.00995	0.00776	0.01115	0.00741	0.00624	0.09108	0.07878	0.19519	0.10705	0.01701	0.03395	0.00566	0.00438	0.00117	0.00364	0.02411	0.00420	0.37018
4	0.08639	0.00727	0.00829	0.00741	0.00907	0.00799	0.00571	0.10592	0.13436	0.05516	0.09167	0.01758	0.01394	0.05202	0.07555	0.13168	0.04120	0.00491	0.13872	0.00514
5	0.01322	0.01264	0.04583	0.05697	0.15483	0.10260	0.11912	0.14918	0.17961	0.05283	0.01271	0.05726	0.01018	0.00564	0.00485	0.00149	0.00566	0.00500	0.00352	0.00687
6	0.14798	0.01029	0.01632	0.01294	0.04194	0.01065	0.29870	0.11576	0.03987	0.01819	0.01087	0.04355	0.00878	0.00522	0.00519	0.00149	0.05352	0.00483	0.12641	0.02750
7	0.01270	0.46092	0.17000	0.00936	0.01347	0.09080	0.00953	0.01495	0.01045	0.08324	0.03389	0.05353	0.00907	0.00510	0.00381	0.00122	0.00544	0.00372	0.00262	0.00618

[dist]
# distance from previous block
# <min> <max>
0	2

[block]
# block no. 5 follows, 54 sequences, length 37
# corresponding to MSA columns:
# 163-199
name=unknown_F
#
# <colnr> <probs for GDERKNQSTAVLIFYWHMCP>
#	G	D	E	R	K	N	Q	S	T	A	V	L	I	F	Y	W	H	M	C	P
0	0.83679	0.00908	0.00708	0.00628	0.00922	0.01044	0.00517	0.01419	0.00822	0.04980	0.00700	0.00796	0.00535	0.00443	0.00298	0.00146	0.00366	0.00263	0.00302	0.00521
1	0.01077	0.15246	0.12880	0.02783	0.09485	0.04411	0.09409	0.01338	0.02670	0.01279	0.00815	0.01107	0.00706	0.00837	0.08129	0.00214	0.26403	0.00400	0.00222	0.00590
2	0.00811	0.00557	0.00679	0.00622	0.00777	0.00521	0.00475	0.02794	0.06069	0.07799	0.52550	0.03420	0.19207	0.00953	0.00544	0.00151	0.00255	0.00824	0.00504	0.00489
3	0.00713	0.00752	0.11684	0.00688	0.00887	0.00527	0.00614	0.00949	0.01205	0.03536	0.47447	0.10199	0.17063	0.00969	0.00543	0.00154	0.00299	0.00841	0.00455	0.00474
4	0.00650	0.00489	0.00636	0.00747	0.05938	0.00461	0.00470	0.00754	0.00952	0.01267	0.12293	0.38284	0.13776	0.18205	0.00953	0.00233	0.00323	0.02769	0.00403	0.00398
5	0.01802	0.01362	0.01314	0.01062	0.01371	0.19253	0.00857	0.33705	0.01646	0.23374	0.01190	0.01187	0.00840	0.00577	0.00562	0.00144	0.08202	0.00410	0.00426	0.00718
6	0.01210	0.01032	0.01087	0.00967	0.01240	0.01190	0.00755	0.07158	0.74923	0.02033	0.01871	0.01721	0.01400	0.00635	0.00479	0.00159	0.00382	0.00526	0.00479	0.00750
7	0.01179	0.03782	0.04648	0.04445	0.68951	0.04209	0.01400	0.01480	0.02637	0.01512	0.00892	0.01150	0.00743	0.00429	0.00460	0.00139	0.00572	0.00410	0.00236	0.00728
8	0.00978	0.00838	0.00978	0.00698	0.01117	0.00629	0.00559	0.01187	0.00978	0.01536	0.00838	0.00978	0.00698	0.00349	0.00349	0.00070	0.00349	0.00279	0.00279	0.86312
9	0.01127	0.01087	0.01879	0.13767	0.66862	0.01113	0.04416	0.01416	0.01057	0.01493	0.00883	0.01183	0.00729	0.00426	0.00471	0.00143	0.00579	0.00425	0.00230	0.00712
10	0.00557	0.00478	0.00478	0.00478	0.00637	0.00398	0.00358	0.00677	0.01075	0.01274	0.04776	0.04538	0.80297	0.01194	0.00557	0.00159	0.00239	0.00995	0.00438	0.00398
11	0.00581	0.00418	0.00537	0.00633	0.00676	0.00386	0.00427	0.00670	0.00922	0.01225	0.02786	0.73200	0.10686	0.01425	0.00590	0.00186	0.00269	0.01282	0.02716	0.00386
12	0.00689	0.00457	0.00510	0.00510	0.00520	0.00455	0.00290	0.00702	0.00710	0.00959	0.01592	0.03078	0.04178	0.77503	0.02259	0.00434	0.00441	0.00686	0.03733	0.00295
13	0.00879	0.00439	0.00439	0.00439	0.00549	0.00439	0.00330	0.01099	0.00989	0.01758	0.01538	0.01758	0.01209	0.00549	0.00330	0.00110	0.00220	0.00439	0.86047	0.00439
14	0.01261	0.83713	0.02471	0.00807	0.01210	0.01866	0.00807	0.01412	0.00958	0.01109	0.00656	0.00756	0.00605	0.00403	0.00303	0.00101	0.00504	0.00252	0.00202	0.00605
15	0.00590	0.00434	0.00604	0.00687	0.00728	0.00405	0.02346	0.00685	0.00921	0.01232	0.04969	0.78656	0.03101	0.01435	0.00599	0.00189	0.00285	0.01306	0.00435	0.00391
16	0.03686	0.00975	0.01596	0.42886	0.16536	0.01114	0.09849	0.02976	0.09761	0.01445	0.00972	0.01272	0.00749	0.00487	0.00516	0.00156	0.03721	0.00442	0.00255	0.00606
17	0.00573	0.00418	0.00539	0.00637	0.00679	0.00385	0.00429	0.00659	0.00922	0.01211	0.02841	0.74370	0.11713	0.01446	0.00597	0.00188	0.00270	0.01302	0.00438	0.00385
18	0.01550	0.01142	0.01379	0.01145	0.05534	0.04232	0.06825	0.40419	0.01674	0.12322	0.01281	0.07225	0.01023	0.00600	0.00475	0.00140	0.00502	0.01849	0.00422	0.10262
19	0.00975	0.00819	0.00946	0.00729	0.01084	0.00679	0.00572	0.04205	0.08227	0.01590	0.01210	0.10262	0.02369	0.00524	0.00397	0.00096	0.00348	0.00438	0.00325	0.64205
20	0.81726	0.00991	0.00731	0.00655	0.00944	0.05824	0.00534	0.01415	0.00834	0.02059	0.00661	0.00771	0.00516	0.00441	0.00300	0.00144	0.00393	0.00258	0.00289	0.00513
21	0.01011	0.03544	0.56854	0.01377	0.01973	0.01119	0.13445	0.04483	0.05957	0.01566	0.00995	0.03789	0.00759	0.00490	0.00470	0.00152	0.00668	0.00426	0.00241	0.00683
22	0.01542	0.01176	0.01273	0.03594	0.01413	0.02252	0.00849	0.50340	0.20725	0.03811	0.04246	0.01525	0.01153	0.00620	0.00482	0.00149	0.00476	0.03156	0.00465	0.00751
23	0.01165	0.01095	0.03180	0.12790	0.66385	0.01094	0.01406	0.01450	0.01066	0.04521	0.00917	0.01192	0.00745	0.00433	0.00467	0.00143	0.00565	0.00421	0.00243	0.00720
24	0.01301	0.01071	0.01248	0.01035	0.01328	0.01192	0.05943	0.27199	0.36944	0.02161	0.01809	0.01850	0.07788	0.00675	0.00533	0.00157	0.03431	0.03179	0.00446	0.00709
25	0.00690	0.00477	0.00639	0.00639	0.00680	0.00517	0.00442	0.00755	0.00715	0.00994	0.01326	0.02362	0.01386	0.38556	0.40467	0.07328	0.00841	0.00577	0.00263	0.00344
26	0.00732	0.00544	0.00704	0.00790	0.06952	0.00523	0.00521	0.03268	0.01008	0.01330	0.13263	0.13250	0.20448	0.15675	0.02590	0.08401	0.00370	0.08840	0.00381	0.00409
27	0.00764	0.00559	0.00757	0.00731	0.00820	0.00629	0.00548	0.06927	0.00857	0.01203	0.01300	0.02060	0.01264	0.20402	0.58263	0.00645	0.01032	0.00537	0.00277	0.00422
28	0.01162	0.01100	0.01347	0.41247	0.06657	0.11688	0.01094	0.12722	0.08666	0.01538	0.01005	0.01275	0.00778	0.00740	0.06821	0.00197	0.00663	0.00422	0.00283	0.00593
29	0.00951	0.04837	0.72312	0.07672	0.02110	0.01115	0.01679	0.01468	0.00990	0.01459	0.00840	0.01009	0.00600	0.00448	0.00445	0.00148	0.00685	0.00351	0.00200	0.00680
30	0.01078	0.00831	0.01038	0.02502	0.13257	0.00875	0.00737	0.08900	0.23995	0.06176	0.15394	0.05359	0.08164	0.05592	0.00608	0.00169	0.00380	0.00629	0.03696	0.00618
31	0.00621	0.00498	0.00633	0.00756	0.06921	0.00451	0.00486	0.00744	0.01017	0.01310	0.09233	0.39432	0.33689	0.01243	0.00570	0.00171	0.00278	0.01094	0.00428	0.00422
32	0.01036	0.00885	0.01043	0.00766	0.01150	0.00748	0.00618	0.06332	0.01040	0.01600	0.00840	0.00992	0.00699	0.00401	0.00451	0.00085	0.06804	0.00299	0.00286	0.73923
33	0.02738	0.01097	0.01185	0.18029	0.01646	0.09678	0.00867	0.25621	0.07449	0.01886	0.04226	0.03045	0.08544	0.00644	0.00503	0.00146	0.02691	0.02892	0.00366	0.06747
34	0.01203	0.38858	0.27750	0.01075	0.01515	0.12082	0.01145	0.01475	0.00998	0.01242	0.00724	0.00872	0.00604	0.00468	0.00482	0.00129	0.08247	0.00305	0.00207	0.00619
35	0.13001	0.00931	0.01102	0.00881	0.01192	0.00964	0.00723	0.16289	0.06565	0.41214	0.02652	0.01405	0.01039	0.00589	0.00532	0.00150	0.06848	0.00440	0.02761	0.00723
36	0.01020	0.00851	0.00987	0.00722	0.01128	0.00673	0.00577	0.01317	0.07151	0.03462	0.00947	0.01054	0.00768	0.00378	0.00362	0.00079	0.00352	0.00304	0.00302	0.77566

[dist]
# distance from previous block
# <min> <max>
0	1

[block]
# block no. 6 follows, 54 sequences, length 10
# corresponding to MSA columns:
# 201-210
name=unknown_G
#
# <colnr> <probs for GDERKNQSTAVLIFYWHMCP>
#	G	D	E	R	K	N	Q	S	T	A	V	L	I	F	Y	W	H	M	C	P
0	0.00921	0.00773	0.00914	0.00679	0.01041	0.00595	0.00538	0.01133	0.01043	0.01602	0.15431	0.01445	0.01388	0.00462	0.00387	0.00084	0.00326	0.00385	0.00323	0.70530
1	0.01475	0.01176	0.01411	0.01385	0.15904	0.01304	0.00961	0.43018	0.17044	0.02353	0.01225	0.01288	0.00925	0.00692	0.04001	0.00174	0.04054	0.00448	0.00409	0.00752
2	0.00687	0.00531	0.00768	0.00770	0.00833	0.00619	0.00587	0.00826	0.00778	0.01110	0.01462	0.16770	0.01510	0.06296	0.56460	0.00594	0.08039	0.00658	0.00284	0.00416
3	0.00909	0.00873	0.01226	0.45049	0.10434	0.07798	0.01054	0.01140	0.00979	0.01235	0.01309	0.23291	0.01311	0.00739	0.00502	0.00162	0.00545	0.00658	0.00276	0.00511
4	0.71138	0.01157	0.00811	0.00729	0.01012	0.15849	0.00584	0.01477	0.00901	0.01939	0.00670	0.00781	0.00528	0.00447	0.00316	0.00141	0.00454	0.00264	0.00283	0.00517
5	0.01003	0.01015	0.01776	0.01517	0.10107	0.01057	0.31259	0.02992	0.07221	0.01487	0.04935	0.01946	0.15540	0.00668	0.00715	0.00165	0.15102	0.00604	0.00304	0.00587
6	0.01217	0.07875	0.01098	0.00871	0.01043	0.03032	0.00697	0.04986	0.02805	0.21345	0.03160	0.27958	0.01747	0.00936	0.00705	0.00170	0.15485	0.03890	0.00410	0.00567
7	0.00668	0.00521	0.00612	0.00591	0.00726	0.00488	0.00442	0.00942	0.07952	0.01646	0.43129	0.09473	0.28967	0.01049	0.00553	0.00156	0.00244	0.00907	0.00483	0.00451
8	0.01145	0.01136	0.01755	0.21329	0.56708	0.06932	0.01376	0.01422	0.01062	0.01434	0.00864	0.01165	0.00709	0.00437	0.00465	0.00143	0.00597	0.00411	0.00229	0.00680
9	0.00674	0.00505	0.00758	0.00758	0.00842	0.00589	0.00589	0.00842	0.00758	0.01095	0.01263	0.01852	0.01179	0.03536	0.81561	0.00758	0.01263	0.00505	0.00253	0.00421

[dist]
# distance from previous block
# <min> <max>
0	5

[block]
# block no. 7 follows, 54 sequences, length 24
# corresponding to MSA columns:
# 216-239
name=unknown_H
#
# <colnr> <probs for GDERKNQSTAVLIFYWHMCP>
#	G	D	E	R	K	N	Q	S	T	A	V	L	I	F	Y	W	H	M	C	P
0	0.00616	0.00500	0.00562	0.00544	0.00672	0.00457	0.00405	0.00756	0.01108	0.01420	0.25872	0.04010	0.50233	0.06625	0.00720	0.00178	0.03560	0.00910	0.00441	0.00409
1	0.58363	0.00877	0.00840	0.03969	0.01092	0.00950	0.00597	0.01647	0.00969	0.25271	0.01019	0.01033	0.00709	0.00482	0.00353	0.00146	0.00386	0.00326	0.00374	0.00597
2	0.01169	0.00922	0.01015	0.00926	0.01174	0.01036	0.00732	0.02247	0.61862	0.07370	0.05197	0.02235	0.01692	0.00726	0.00502	0.00165	0.00376	0.09469	0.00483	0.00702
3	0.01113	0.01272	0.02782	0.01987	0.02464	0.01192	0.78776	0.01510	0.01113	0.01510	0.00954	0.01272	0.00715	0.00397	0.00556	0.00159	0.00795	0.00556	0.00238	0.00636
4	0.00922	0.00871	0.01472	0.73141	0.12153	0.01056	0.01325	0.01233	0.00958	0.01243	0.00844	0.01247	0.00642	0.00465	0.00471	0.00155	0.00621	0.00419	0.00212	0.00550
5	0.00651	0.00475	0.00612	0.00591	0.00698	0.00436	0.00438	0.00853	0.01276	0.01784	0.67708	0.10869	0.09792	0.01027	0.00560	0.00153	0.00228	0.00908	0.00506	0.00436
6	0.14024	0.01879	0.01314	0.01345	0.11819	0.57586	0.00920	0.01766	0.02808	0.01361	0.00763	0.00898	0.00629	0.00473	0.00412	0.00128	0.00732	0.00317	0.00254	0.00572
7	0.01507	0.03816	0.01317	0.01018	0.01335	0.06064	0.04817	0.44992	0.12532	0.02393	0.01271	0.01349	0.00954	0.00566	0.00451	0.00139	0.00488	0.01594	0.12690	0.00707
8	0.01203	0.00908	0.01207	0.01114	0.11656	0.00851	0.02086	0.03910	0.04787	0.13405	0.04363	0.01256	0.00961	0.00496	0.00544	0.00118	0.09873	0.00388	0.00335	0.40538
9	0.00637	0.00519	0.00568	0.00549	0.00702	0.00471	0.00414	0.00879	0.07074	0.01514	0.27449	0.04020	0.51349	0.01083	0.00551	0.00156	0.00244	0.00917	0.00466	0.00438
10	0.01157	0.01147	0.02070	0.02731	0.66492	0.01133	0.15319	0.01458	0.01081	0.01535	0.00899	0.01186	0.00741	0.00416	0.00483	0.00143	0.00602	0.00445	0.00234	0.00727
11	0.00769	0.00536	0.00681	0.00738	0.00827	0.00534	0.00538	0.03046	0.09565	0.05121	0.02437	0.57854	0.02728	0.01296	0.00586	0.00188	0.00318	0.11327	0.00450	0.00460
12	0.00590	0.00422	0.00562	0.00654	0.00693	0.00394	0.00446	0.00691	0.00957	0.01288	0.11548	0.72019	0.03262	0.01414	0.00598	0.00187	0.00272	0.03163	0.00447	0.00391
13	0.01026	0.00917	0.01426	0.56630	0.09292	0.01110	0.01219	0.05835	0.06830	0.03216	0.00945	0.01269	0.00720	0.00516	0.00557	0.00159	0.07069	0.00429	0.00255	0.00581
14	0.00627	0.00477	0.00577	0.00560	0.00682	0.00427	0.00417	0.00810	0.01229	0.01659	0.52187	0.07990	0.28512	0.01064	0.00559	0.00154	0.00230	0.00923	0.00489	0.00427
15	0.01005	0.00854	0.00992	0.00711	0.01129	0.00656	0.00570	0.03744	0.01018	0.01584	0.00848	0.00983	0.00702	0.00356	0.00353	0.00072	0.00355	0.00284	0.00286	0.83499
16	0.00624	0.00458	0.00506	0.00522	0.00582	0.00425	0.00333	0.00678	0.00855	0.01083	0.02811	0.15159	0.29733	0.42484	0.01488	0.00313	0.00353	0.00890	0.00362	0.00340
17	0.00890	0.00838	0.01414	0.82296	0.03247	0.01048	0.01309	0.01205	0.00943	0.01205	0.00838	0.01257	0.00629	0.00471	0.00471	0.00157	0.00629	0.00419	0.00210	0.00524
18	0.00667	0.00482	0.00630	0.00593	0.00704	0.00445	0.00445	0.00890	0.01335	0.01891	0.80239	0.03522	0.04449	0.00964	0.00556	0.00148	0.00222	0.00853	0.00519	0.00445
19	0.00579	0.00414	0.00551	0.00653	0.00685	0.00386	0.00438	0.00668	0.00924	0.01238	0.06506	0.79116	0.03185	0.01451	0.00600	0.00189	0.00271	0.01316	0.00442	0.00386
20	0.01301	0.00919	0.01065	0.00810	0.01165	0.00846	0.00654	0.23370	0.01427	0.11532	0.12656	0.01469	0.01333	0.00529	0.00429	0.00111	0.00385	0.00428	0.00406	0.39165
21	0.00594	0.00455	0.00540	0.00582	0.00676	0.00408	0.00417	0.00713	0.01028	0.01320	0.13618	0.34191	0.33924	0.04653	0.00654	0.00185	0.00269	0.04935	0.00442	0.00396
22	0.01474	0.01156	0.01288	0.01071	0.04655	0.06437	0.02869	0.34315	0.06181	0.07646	0.01122	0.01192	0.00840	0.00535	0.00519	0.00132	0.06458	0.00404	0.05633	0.16072
23	0.26760	0.05162	0.21606	0.00826	0.01213	0.00904	0.00837	0.01285	0.02276	0.02911	0.04921	0.06082	0.08415	0.00585	0.00403	0.00136	0.00432	0.00450	0.00302	0.14495

[dist]
# distance from previous block
# <min> <max>
9	61

[block]
# block no. 8 follows, 54 sequences, length 14
# corresponding to MSA columns:
# 306-319
name=unknown_I
#
# <colnr> <probs for GDERKNQSTAVLIFYWHMCP>
#	G	D	E	R	K	N	Q	S	T	A	V	L	I	F	Y	W	H	M	C	P
0	0.01609	0.01367	0.01303	0.01068	0.01393	0.13094	0.00855	0.45603	0.24422	0.02417	0.01300	0.01272	0.00957	0.00576	0.00467	0.00144	0.00525	0.00438	0.00441	0.00748
1	0.00938	0.13826	0.40078	0.00992	0.01445	0.00979	0.01134	0.01299	0.01095	0.04535	0.21118	0.01882	0.07512	0.00632	0.00463	0.00142	0.00504	0.00514	0.00312	0.00602
2	0.01064	0.40768	0.37469	0.01021	0.01537	0.01405	0.01190	0.01390	0.00984	0.01294	0.01065	0.01161	0.06877	0.00486	0.00388	0.00127	0.00570	0.00354	0.00219	0.00630
3	0.00574	0.00410	0.00547	0.00657	0.00684	0.00383	0.00438	0.00657	0.00903	0.01204	0.02599	0.83122	0.03119	0.01477	0.00602	0.00191	0.00274	0.01340	0.00438	0.00383
4	0.01648	0.01122	0.01483	0.02804	0.01539	0.01177	0.12002	0.36252	0.09542	0.21313	0.01376	0.01433	0.00981	0.00576	0.00516	0.00151	0.02515	0.02367	0.00453	0.00751
5	0.00978	0.00838	0.00978	0.00698	0.01117	0.00629	0.00559	0.01187	0.00978	0.01536	0.00838	0.00978	0.00698	0.00349	0.00349	0.00070	0.00349	0.00279	0.00279	0.86312
6	0.01607	0.01499	0.01224	0.01060	0.01346	0.31557	0.00824	0.13713	0.28506	0.11772	0.01343	0.01302	0.00995	0.00563	0.00457	0.00141	0.00579	0.00423	0.00402	0.00686
7	0.01764	0.02174	0.01342	0.01204	0.01458	0.75231	0.00910	0.07949	0.01406	0.01297	0.00761	0.00872	0.00623	0.00492	0.00429	0.00123	0.00824	0.00313	0.00261	0.00567
8	0.00987	0.00847	0.00982	0.00711	0.01123	0.00655	0.00568	0.01252	0.04870	0.01558	0.00892	0.01016	0.00735	0.00364	0.00356	0.00074	0.00350	0.00292	0.00289	0.82078
9	0.00686	0.00457	0.00514	0.00514	0.00514	0.00457	0.00286	0.00686	0.00686	0.00914	0.01486	0.03086	0.01714	0.83430	0.02400	0.00457	0.00457	0.00686	0.00286	0.00286
10	0.00824	0.00606	0.00735	0.00751	0.00870	0.00611	0.00566	0.13883	0.02927	0.01584	0.05688	0.45148	0.09359	0.01233	0.00579	0.00182	0.00337	0.13197	0.00447	0.00473
11	0.00967	0.05790	0.73946	0.01352	0.02026	0.01132	0.05396	0.01491	0.01000	0.01478	0.00843	0.00999	0.00603	0.00444	0.00447	0.00148	0.00693	0.00354	0.00201	0.00690
12	0.11069	0.01061	0.08225	0.01279	0.17680	0.00998	0.00898	0.07156	0.23616	0.01802	0.04616	0.01954	0.11772	0.00652	0.00468	0.00151	0.00429	0.03286	0.00371	0.02518
13	0.01034	0.01130	0.05155	0.33003	0.11670	0.04109	0.26027	0.01357	0.01018	0.01359	0.00876	0.01216	0.00681	0.00509	0.02058	0.00164	0.04104	0.00452	0.00226	0.03852

[dist]
# distance from previous block
# <min> <max>
0	3

[block]
# block no. 9 follows, 54 sequences, length 57
# corresponding to MSA columns:
# 323-361,368-375,380-389
name=unknown_J
#
# <colnr> <probs for GDERKNQSTAVLIFYWHMCP>
#	G	D	E	R	K	N	Q	S	T	A	V	L	I	F	Y	W	H	M	C	P
0	0.01082	0.01160	0.11985	0.17797	0.39350	0.01032	0.01297	0.01434	0.04353	0.05250	0.07963	0.01413	0.01077	0.00507	0.00497	0.00148	0.02256	0.00456	0.00276	0.00668
1	0.00912	0.06911	0.57942	0.01149	0.01712	0.01025	0.01401	0.01344	0.01002	0.01441	0.03024	0.01498	0.11105	0.00560	0.00483	0.00146	0.02986	0.00436	0.00241	0.04681
2	0.01270	0.02568	0.03646	0.01158	0.05378	0.02243	0.06354	0.17482	0.45068	0.02021	0.01525	0.01533	0.01160	0.02170	0.02750	0.00176	0.01863	0.00494	0.00418	0.00722
3	0.01014	0.01459	0.30664	0.01062	0.05216	0.00861	0.01057	0.03362	0.01023	0.02766	0.00863	0.01008	0.00672	0.00406	0.00416	0.00108	0.01838	0.00321	0.00256	0.45627
4	0.00613	0.00438	0.00547	0.00621	0.00665	0.00416	0.00414	0.00722	0.02726	0.01214	0.03771	0.59843	0.09298	0.12891	0.00839	0.00222	0.00296	0.01167	0.02915	0.00382
5	0.07764	0.38140	0.26244	0.00974	0.01436	0.01435	0.01055	0.03881	0.09938	0.01464	0.00985	0.01059	0.02878	0.00473	0.00379	0.00129	0.00531	0.00339	0.00254	0.00642
6	0.00723	0.00553	0.00652	0.00631	0.00798	0.00496	0.00487	0.00920	0.04097	0.03679	0.09951	0.13643	0.33801	0.02532	0.04396	0.00192	0.00342	0.10820	0.00420	0.10867
7	0.01943	0.00920	0.01149	0.00894	0.01248	0.00886	0.00734	0.18943	0.06766	0.56453	0.03851	0.01565	0.01196	0.00594	0.00476	0.00146	0.00420	0.00478	0.00551	0.00789
8	0.00630	0.00425	0.00573	0.00660	0.00692	0.00403	0.00455	0.00679	0.00873	0.01157	0.02344	0.59632	0.04718	0.03846	0.00845	0.13281	0.00312	0.07718	0.00398	0.00358
9	0.01087	0.01295	0.07564	0.01823	0.04446	0.01234	0.56064	0.01433	0.01026	0.01435	0.00878	0.01203	0.00689	0.00487	0.00744	0.00167	0.17065	0.00510	0.00229	0.00619
10	0.01056	0.00790	0.00960	0.00872	0.01042	0.00887	0.00691	0.05638	0.23687	0.09273	0.10261	0.11555	0.07560	0.01013	0.04506	0.00199	0.12881	0.06113	0.00430	0.00583
11	0.00594	0.00425	0.00566	0.00653	0.00696	0.00397	0.00448	0.00702	0.00976	0.01317	0.14753	0.68410	0.03315	0.01392	0.00596	0.00185	0.00270	0.03458	0.00450	0.00394
12	0.01113	0.01308	0.06609	0.02092	0.14298	0.01176	0.63127	0.01500	0.01101	0.01514	0.00938	0.01242	0.00714	0.00403	0.00537	0.00156	0.00754	0.00525	0.00236	0.00656
13	0.01741	0.02204	0.01327	0.01206	0.01450	0.78716	0.00905	0.01905	0.04085	0.01183	0.00771	0.00882	0.00637	0.00491	0.00427	0.00123	0.00834	0.00312	0.00251	0.00554
14	0.00585	0.00458	0.00529	0.00555	0.00665	0.00403	0.00400	0.00713	0.01075	0.01377	0.19318	0.28136	0.41641	0.01233	0.00571	0.00167	0.00246	0.01071	0.00454	0.00403
15	0.01173	0.01013	0.01066	0.00960	0.01226	0.01173	0.00746	0.02505	0.79636	0.01972	0.01919	0.01759	0.01439	0.00640	0.00480	0.00160	0.00373	0.00533	0.00480	0.00746
16	0.02094	0.00816	0.01100	0.00846	0.01209	0.00716	0.00698	0.03803	0.02654	0.77992	0.01847	0.01598	0.01164	0.00584	0.00474	0.00146	0.00403	0.00474	0.00580	0.00801
17	0.00915	0.00864	0.01459	0.75111	0.10237	0.01054	0.01322	0.01227	0.00955	0.01235	0.00842	0.01249	0.00639	0.00467	0.00471	0.00156	0.00622	0.00419	0.00212	0.00544
18	0.00890	0.00838	0.01414	0.82296	0.03247	0.01048	0.01309	0.01205	0.00943	0.01205	0.00838	0.01257	0.00629	0.00471	0.00471	0.00157	0.00629	0.00419	0.00210	0.00524
19	0.01755	0.01416	0.01327	0.04902	0.01492	0.19903	0.00879	0.41181	0.06419	0.14234	0.01182	0.01182	0.00842	0.00550	0.00462	0.00139	0.00574	0.00410	0.00424	0.00726
20	0.00981	0.00832	0.00971	0.00706	0.01108	0.00638	0.00562	0.02939	0.01003	0.01556	0.00913	0.04165	0.00795	0.00398	0.00362	0.00076	0.00350	0.00324	0.00290	0.81032
21	0.01671	0.02076	0.01424	0.01470	0.13466	0.69318	0.00992	0.01817	0.01296	0.01213	0.00753	0.00898	0.00629	0.00476	0.00431	0.00124	0.00806	0.00321	0.00241	0.00577
22	0.00790	0.00537	0.00614	0.00585	0.00631	0.00558	0.00371	0.07627	0.00841	0.01149	0.01435	0.02737	0.01560	0.64869	0.09847	0.00444	0.00531	0.00635	0.03887	0.00351
23	0.00674	0.00503	0.00748	0.00748	0.00829	0.00584	0.00578	0.00836	0.00755	0.01088	0.01272	0.01900	0.01200	0.06633	0.78493	0.00746	0.01232	0.00512	0.00254	0.00416
24	0.01323	0.01523	0.01165	0.13417	0.01569	0.45398	0.00906	0.01496	0.01198	0.01237	0.02735	0.05868	0.01284	0.00727	0.00495	0.00153	0.00682	0.18022	0.00296	0.00508
25	0.00578	0.00478	0.00506	0.00499	0.00649	0.00407	0.00374	0.00716	0.01123	0.01389	0.18865	0.04348	0.66137	0.01151	0.00557	0.00157	0.00236	0.00969	0.00453	0.00407
26	0.01378	0.01115	0.01182	0.01001	0.01304	0.01269	0.00796	0.27787	0.54021	0.02303	0.01659	0.01552	0.01228	0.00615	0.00477	0.00154	0.00421	0.00497	0.00477	0.00765
27	0.01725	0.02178	0.01372	0.01318	0.06305	0.76605	0.00944	0.01856	0.01320	0.01178	0.00739	0.00870	0.00616	0.00482	0.00428	0.00123	0.00832	0.00311	0.00242	0.00559
28	0.19400	0.00994	0.02253	0.01253	0.16938	0.01041	0.02194	0.11139	0.19455	0.04989	0.02661	0.03821	0.05403	0.00597	0.00444	0.00148	0.00427	0.02227	0.00373	0.04242
29	0.03422	0.00889	0.03429	0.56870	0.04759	0.02857	0.03874	0.01171	0.00909	0.01206	0.00851	0.01304	0.00690	0.03780	0.00714	0.08521	0.03617	0.00424	0.00216	0.00498
30	0.86760	0.00912	0.00693	0.00620	0.00912	0.01058	0.00511	0.01386	0.00802	0.02115	0.00657	0.00766	0.00511	0.00438	0.00292	0.00146	0.00365	0.00255	0.00292	0.00511
31	0.01022	0.00955	0.01612	0.22447	0.45663	0.01004	0.04471	0.01273	0.00983	0.01360	0.00968	0.01486	0.00863	0.13045	0.00765	0.00193	0.00571	0.00466	0.00236	0.00616
32	0.00667	0.00482	0.00630	0.00593	0.00704	0.00445	0.00445	0.00890	0.01335	0.01891	0.80239	0.03522	0.04449	0.00964	0.00556	0.00148	0.00222	0.00853	0.00519	0.00445
33	0.35111	0.00757	0.00786	0.00682	0.00931	0.00789	0.00545	0.01502	0.06055	0.19567	0.26337	0.01893	0.01969	0.00650	0.00428	0.00148	0.00328	0.00512	0.00441	0.00570
34	0.00890	0.00838	0.01414	0.82296	0.03247	0.01048	0.01309	0.01205	0.00943	0.01205	0.00838	0.01257	0.00629	0.00471	0.00471	0.00157	0.00629	0.00419	0.00210	0.00524
35	0.00686	0.00457	0.00514	0.00514	0.00514	0.00457	0.00286	0.00686	0.00686	0.00914	0.01486	0.03086	0.01714	0.83430	0.02400	0.00457	0.00457	0.00686	0.00286	0.00286
36	0.00879	0.00439	0.00439	0.00439	0.00549	0.00439	0.00330	0.01099	0.00989	0.01758	0.01538	0.01758	0.01209	0.00549	0.00330	0.00110	0.00220	0.00439	0.86047	0.00439
37	0.00577	0.00415	0.00549	0.00654	0.00688	0.00386	0.00441	0.00663	0.00912	0.01210	0.02670	0.79069	0.05699	0.01465	0.00601	0.00191	0.00275	0.02713	0.00438	0.00384
38	0.00685	0.00459	0.00524	0.00524	0.00528	0.00463	0.00298	0.00692	0.00689	0.00922	0.01476	0.03034	0.01692	0.80087	0.05712	0.00470	0.00491	0.00678	0.00284	0.00291
39	0.01167	0.01120	0.01914	0.02894	0.80488	0.01120	0.01447	0.01447	0.01074	0.01540	0.00887	0.01167	0.00747	0.00420	0.00467	0.00140	0.00560	0.00420	0.00233	0.00747
40	0.01297	0.01354	0.01602	0.04070	0.01667	0.20808	0.21117	0.10386	0.01243	0.01589	0.00875	0.01051	0.00690	0.00425	0.00440	0.00117	0.00618	0.00379	0.00279	0.29994
41	0.01834	0.01011	0.01167	0.00912	0.01256	0.02857	0.00747	0.31820	0.03550	0.39868	0.01678	0.01553	0.04755	0.00603	0.00470	0.00143	0.00441	0.00476	0.04099	0.00761
42	0.00674	0.00505	0.00758	0.00758	0.00842	0.00589	0.00589	0.00842	0.00758	0.01095	0.01263	0.01852	0.01179	0.03536	0.81561	0.00758	0.01263	0.00505	0.00253	0.00421
43	0.01124	0.01077	0.01837	0.15126	0.68589	0.01109	0.01426	0.01410	0.01053	0.01489	0.00879	0.01181	0.00729	0.00428	0.00467	0.00143	0.00571	0.00420	0.00230	0.00712
44	0.00574	0.00414	0.00544	0.00648	0.00682	0.00384	0.00434	0.00658	0.00911	0.01207	0.02706	0.79247	0.06924	0.01463	0.00600	0.00190	0.00272	0.01323	0.00438	0.00384
45	0.86760	0.00912	0.00693	0.00620	0.00912	0.01058	0.00511	0.01386	0.00802	0.02115	0.00657	0.00766	0.00511	0.00438	0.00292	0.00146	0.00365	0.00255	0.00292	0.00511
46	0.00946	0.02439	0.80987	0.01344	0.02041	0.01095	0.01742	0.01493	0.00995	0.01493	0.00846	0.00995	0.00597	0.00448	0.00448	0.00149	0.00697	0.00348	0.00199	0.00697
47	0.01261	0.83713	0.02471	0.00807	0.01210	0.01866	0.00807	0.01412	0.00958	0.01109	0.00656	0.00756	0.00605	0.00403	0.00303	0.00101	0.00504	0.00252	0.00202	0.00605
48	0.00560	0.00478	0.00481	0.00480	0.00638	0.00399	0.00360	0.00681	0.01080	0.01286	0.06314	0.04517	0.78752	0.01189	0.00557	0.00159	0.00238	0.00992	0.00439	0.00399
49	0.00645	0.00481	0.00600	0.00570	0.00691	0.00435	0.00427	0.00847	0.01282	0.01766	0.65040	0.03727	0.19726	0.01010	0.00556	0.00150	0.00226	0.00881	0.00503	0.00435
50	0.81256	0.00905	0.00719	0.00634	0.00931	0.01034	0.00522	0.01445	0.00838	0.07233	0.00735	0.00820	0.00553	0.00447	0.00304	0.00146	0.00367	0.00270	0.00311	0.00530
51	0.01316	0.01067	0.01134	0.00981	0.01271	0.01217	0.00774	0.17307	0.62741	0.04072	0.01765	0.01634	0.01309	0.00624	0.00478	0.00156	0.00402	0.00511	0.00481	0.00758
52	0.00659	0.00446	0.00522	0.00548	0.00555	0.00439	0.00322	0.00679	0.00737	0.00983	0.01750	0.22125	0.02048	0.63934	0.01972	0.00394	0.00413	0.00841	0.00322	0.00309
53	0.01261	0.83713	0.02471	0.00807	0.01210	0.01866	0.00807	0.01412	0.00958	0.01109	0.00656	0.00756	0.00605	0.00403	0.00303	0.00101	0.00504	0.00252	0.00202	0.00605
54	0.00686	0.00457	0.00514	0.00514	0.00514	0.00457	0.00286	0.00686	0.00686	0.00914	0.01486	0.03086	0.01714	0.83430	0.02400	0.00457	0.00457	0.00686	0.00286	0.00286
55	0.01592	0.06238	0.03692	0.01030	0.01389	0.01360	0.00866	0.48060	0.22098	0.06746	0.01338	0.01293	0.00969	0.00573	0.00463	0.00144	0.00479	0.00443	0.00455	0.00773
56	0.02984	0.02740	0.06100	0.02276	0.06167	0.28122	0.04692	0.06082	0.04973	0.02992	0.19339	0.01712	0.01634	0.00611	0.00466	0.00136	0.00560	0.01735	0.04386	0.02295

[dist]
# distance from previous block
# <min> <max>
0	4

[block]
# block no. 10 follows, 54 sequences, length 22
# corresponding to MSA columns:
# 394-415
name=unknown_K
#
# <colnr> <probs for GDERKNQSTAVLIFYWHMCP>
#	G	D	E	R	K	N	Q	S	T	A	V	L	I	F	Y	W	H	M	C	P
0	0.14227	0.00846	0.00970	0.03332	0.01145	0.00862	0.00653	0.13189	0.07429	0.34651	0.01489	0.01441	0.01028	0.00554	0.00421	0.00140	0.00385	0.00431	0.16126	0.00680
1	0.01195	0.04570	0.03665	0.01234	0.09799	0.05048	0.05153	0.03810	0.53965	0.01831	0.03560	0.01592	0.01288	0.00587	0.00473	0.00152	0.00454	0.00500	0.00410	0.00717
2	0.00692	0.00503	0.00645	0.00602	0.00722	0.00469	0.00454	0.02865	0.01349	0.01899	0.75891	0.03493	0.06707	0.00961	0.00554	0.00148	0.00230	0.00846	0.00515	0.00453
3	0.01237	0.01131	0.02771	0.20064	0.04819	0.06798	0.04202	0.18626	0.14158	0.01818	0.01079	0.01216	0.00820	0.00489	0.00446	0.00132	0.00524	0.00405	0.00331	0.18933
4	0.00879	0.00439	0.00439	0.00439	0.00549	0.00439	0.00330	0.01099	0.00989	0.01758	0.01538	0.01758	0.01209	0.00549	0.00330	0.00110	0.00220	0.00439	0.86047	0.00439
5	0.00878	0.00551	0.00710	0.00677	0.00827	0.00515	0.00531	0.01122	0.04517	0.12118	0.42327	0.08350	0.10970	0.01007	0.00560	0.00163	0.00290	0.12893	0.00500	0.00495
6	0.01100	0.01360	0.08665	0.01939	0.02432	0.01185	0.72981	0.01509	0.01104	0.01509	0.00946	0.01251	0.00707	0.00401	0.00548	0.00158	0.00788	0.00541	0.00236	0.00641
7	0.00655	0.00463	0.00579	0.00581	0.00642	0.00444	0.00395	0.00775	0.01015	0.01401	0.35656	0.16460	0.05326	0.28550	0.04757	0.00285	0.00355	0.00866	0.00414	0.00379
8	0.01648	0.01249	0.01334	0.01056	0.01407	0.01395	0.00861	0.61143	0.20224	0.02739	0.01315	0.01278	0.00950	0.00583	0.00474	0.00146	0.00485	0.00450	0.00474	0.00789
9	0.00667	0.00482	0.00630	0.00593	0.00704	0.00445	0.00445	0.00890	0.01335	0.01891	0.80239	0.03522	0.04449	0.00964	0.00556	0.00148	0.00222	0.00853	0.00519	0.00445
10	0.01495	0.01093	0.01338	0.01343	0.16454	0.01172	0.00914	0.29426	0.23418	0.12599	0.04757	0.01477	0.01172	0.00578	0.00477	0.00147	0.00458	0.00479	0.00445	0.00761
11	0.00574	0.00410	0.00547	0.00657	0.00684	0.00383	0.00438	0.00657	0.00903	0.01204	0.02599	0.83122	0.03119	0.01477	0.00602	0.00191	0.00274	0.01340	0.00438	0.00383
12	0.01113	0.01272	0.02782	0.01987	0.02464	0.01192	0.78776	0.01510	0.01113	0.01510	0.00954	0.01272	0.00715	0.00397	0.00556	0.00159	0.00795	0.00556	0.00238	0.00636
13	0.01354	0.00958	0.01155	0.00901	0.01203	0.00988	0.07396	0.35754	0.01555	0.04710	0.01240	0.01347	0.00928	0.00523	0.00419	0.00125	0.00422	0.00426	0.28520	0.10076
14	0.00978	0.02216	0.66020	0.01467	0.02122	0.01114	0.16484	0.01496	0.01018	0.01496	0.00867	0.01048	0.00620	0.00438	0.00469	0.00151	0.00716	0.00388	0.00207	0.00685
15	0.00946	0.02439	0.80987	0.01344	0.02041	0.01095	0.01742	0.01493	0.00995	0.01493	0.00846	0.00995	0.00597	0.00448	0.00448	0.00149	0.00697	0.00348	0.00199	0.00697
