[name]
unknown

[dist]
# distance from previous block
# <min> <max>
0	33

[block]
# block no. 0 follows, 67 sequences, length 14
# corresponding to MSA columns:
# 36-49
name=unknown_A
#
# <colnr> <probs for GDERKNQSTAVLIFYWHMCP>
#	G	D	E	R	K	N	Q	S	T	A	V	L	I	F	Y	W	H	M	C	P
0	0.00528	0.00410	0.00483	0.00487	0.00597	0.00366	0.00373	0.00669	0.00987	0.01284	0.32563	0.08261	0.40883	0.00968	0.00485	0.00139	0.00218	0.09548	0.00397	0.00356
1	0.00858	0.16053	0.64061	0.01034	0.01552	0.03326	0.01279	0.01244	0.00863	0.01223	0.04460	0.00908	0.00659	0.00396	0.00364	0.00119	0.00550	0.00301	0.00183	0.00566
2	0.01061	0.09581	0.15795	0.01040	0.05213	0.15380	0.09475	0.06771	0.06402	0.06354	0.06746	0.04643	0.03674	0.00509	0.00452	0.00124	0.05573	0.00411	0.00267	0.00530
3	0.03054	0.05166	0.05333	0.01340	0.18984	0.25271	0.08279	0.12268	0.05268	0.02749	0.00787	0.00928	0.00628	0.00488	0.02543	0.00133	0.05653	0.00334	0.00242	0.00554
4	0.00502	0.00385	0.00460	0.00488	0.00571	0.00343	0.00348	0.00612	0.00911	0.01186	0.22259	0.34841	0.33529	0.01061	0.00488	0.00144	0.00211	0.00929	0.00389	0.00343
5	0.00933	0.03334	0.10632	0.20940	0.04249	0.08028	0.08683	0.10406	0.02339	0.03821	0.05280	0.10210	0.04246	0.00562	0.00418	0.00130	0.00472	0.02767	0.02054	0.00495
6	0.04557	0.00869	0.01144	0.23176	0.17721	0.09479	0.03181	0.06256	0.00916	0.03085	0.01018	0.15310	0.00975	0.00587	0.00493	0.00136	0.07677	0.02686	0.00248	0.00485
7	0.00510	0.00375	0.00478	0.00522	0.00581	0.00343	0.00365	0.00620	0.00896	0.01205	0.26460	0.50113	0.13864	0.01095	0.00495	0.00148	0.00216	0.00978	0.00393	0.00343
8	0.00490	0.00358	0.00456	0.00534	0.00571	0.00330	0.00359	0.00562	0.00780	0.01023	0.02421	0.71708	0.13292	0.04378	0.00564	0.00168	0.00235	0.01080	0.00367	0.00324
9	0.06212	0.21696	0.13026	0.03378	0.08225	0.11649	0.02469	0.04997	0.00980	0.17078	0.02581	0.01007	0.02437	0.00429	0.00373	0.00114	0.02206	0.00323	0.00266	0.00555
10	0.76156	0.00825	0.00679	0.00629	0.03509	0.03192	0.00491	0.04919	0.00775	0.04947	0.00624	0.00706	0.00476	0.00383	0.00269	0.00123	0.00334	0.00237	0.00262	0.00463
11	0.00864	0.00880	0.06239	0.02808	0.06463	0.03931	0.24555	0.08051	0.02449	0.02938	0.01305	0.28451	0.01324	0.02413	0.00530	0.00147	0.04072	0.01817	0.00284	0.00480
12	0.19859	0.12630	0.02585	0.01701	0.00997	0.03965	0.00596	0.13978	0.03511	0.14221	0.03221	0.01065	0.02539	0.00607	0.06019	0.00146	0.00420	0.00324	0.00305	0.11312
13	0.00542	0.00412	0.00535	0.00581	0.00635	0.00400	0.01605	0.02122	0.03240	0.01095	0.05133	0.64654	0.11388	0.02839	0.00551	0.00161	0.02373	0.01018	0.00366	0.00349

[dist]
# distance from previous block
# <min> <max>
19	27

[block]
# block no. 1 follows, 67 sequences, length 9
# corresponding to MSA columns:
# 77-85
name=unknown_B
#
# <colnr> <probs for GDERKNQSTAVLIFYWHMCP>
#	G	D	E	R	K	N	Q	S	T	A	V	L	I	F	Y	W	H	M	C	P
0	0.03939	0.00722	0.00958	0.00806	0.02846	0.00723	0.08029	0.11094	0.15109	0.21386	0.20164	0.03772	0.07467	0.00609	0.00429	0.00129	0.00335	0.00528	0.00404	0.00550
1	0.05563	0.25197	0.01244	0.00736	0.02373	0.03586	0.00612	0.17500	0.03856	0.06212	0.03758	0.08715	0.00922	0.00482	0.00344	0.00103	0.00374	0.00374	0.00291	0.17757
2	0.01268	0.00977	0.01106	0.00856	0.01170	0.03827	0.04798	0.37488	0.14237	0.08003	0.01036	0.01044	0.00760	0.00439	0.00380	0.00109	0.00402	0.00352	0.00354	0.21396
3	0.03741	0.28544	0.01402	0.00891	0.04935	0.19513	0.00713	0.10085	0.14056	0.04983	0.00848	0.00894	0.00675	0.00419	0.00357	0.00106	0.02254	0.00297	0.00263	0.05026
4	0.00658	0.00531	0.00762	0.00825	0.09025	0.00611	0.00551	0.00760	0.00656	0.00937	0.01071	0.05766	0.01102	0.25085	0.37357	0.00431	0.12797	0.00488	0.00223	0.00364
5	0.00711	0.00614	0.00939	0.02813	0.23601	0.00597	0.04586	0.00937	0.03755	0.01373	0.31635	0.05812	0.13702	0.00718	0.00456	0.00132	0.00320	0.06500	0.00339	0.00459
6	0.00797	0.00676	0.00795	0.00590	0.00913	0.00514	0.00465	0.00964	0.00825	0.01278	0.00864	0.09390	0.00802	0.00394	0.00319	0.00070	0.00291	0.00329	0.00251	0.79474
7	0.00599	0.00437	0.00517	0.00519	0.02856	0.00384	0.00374	0.00737	0.01000	0.06149	0.30988	0.05652	0.46514	0.00906	0.00468	0.00132	0.00215	0.00774	0.00399	0.00380
8	0.00688	0.00414	0.00501	0.00522	0.00611	0.00398	0.00389	0.00860	0.03524	0.06160	0.10412	0.30330	0.06251	0.00866	0.00427	0.00135	0.00235	0.08802	0.28093	0.00383

[dist]
# distance from previous block
# <min> <max>
0	2

[block]
# block no. 2 follows, 67 sequences, length 14
# corresponding to MSA columns:
# 88-101
name=unknown_C
#
# <colnr> <probs for GDERKNQSTAVLIFYWHMCP>
#	G	D	E	R	K	N	Q	S	T	A	V	L	I	F	Y	W	H	M	C	P
0	0.01177	0.01101	0.00998	0.00874	0.01112	0.16663	0.00682	0.15031	0.54244	0.01685	0.01334	0.01265	0.01003	0.00509	0.00398	0.00127	0.00414	0.00402	0.00369	0.00611
1	0.00583	0.00435	0.00545	0.00513	0.00619	0.00409	0.00386	0.00816	0.05667	0.01563	0.71172	0.02994	0.11139	0.00823	0.00469	0.00128	0.00198	0.00722	0.00433	0.00389
2	0.01042	0.00877	0.00900	0.00804	0.01028	0.03932	0.00629	0.06187	0.68175	0.03505	0.01555	0.01499	0.01178	0.00543	0.00403	0.00133	0.00334	0.02062	0.04600	0.00614
3	0.00573	0.00430	0.00645	0.00645	0.00716	0.00501	0.00501	0.00716	0.00645	0.00931	0.01074	0.01576	0.01003	0.03008	0.84316	0.00645	0.01074	0.00430	0.00215	0.00358
4	0.00496	0.00407	0.00437	0.00430	0.00555	0.00348	0.00322	0.00619	0.00967	0.01209	0.23054	0.03652	0.64171	0.00969	0.00474	0.00133	0.00200	0.00817	0.00389	0.00348
5	0.00631	0.00424	0.00556	0.00515	0.00621	0.00389	0.00389	0.00818	0.01136	0.05828	0.78996	0.02912	0.03641	0.00803	0.00469	0.00126	0.00197	0.00709	0.00444	0.00394
6	0.01501	0.00616	0.00833	0.00679	0.00933	0.00539	0.00553	0.01652	0.01097	0.63956	0.07359	0.07739	0.04402	0.00630	0.00428	0.00131	0.00320	0.05556	0.00471	0.00604
7	0.16595	0.00594	0.00665	0.00564	0.00768	0.00588	0.00449	0.04018	0.03138	0.30157	0.09397	0.01473	0.01194	0.03546	0.00407	0.00125	0.00282	0.00401	0.25136	0.00505
8	0.00623	0.00424	0.00544	0.00506	0.00616	0.00386	0.00383	0.00802	0.01115	0.05833	0.71537	0.02992	0.11075	0.00821	0.00469	0.00127	0.00198	0.00720	0.00438	0.00391
9	0.00504	0.00383	0.00463	0.00506	0.00580	0.00346	0.00362	0.00604	0.00867	0.01119	0.12500	0.40810	0.30894	0.03017	0.00531	0.00155	0.00228	0.05417	0.00378	0.00337
10	0.00516	0.00395	0.00450	0.00466	0.00549	0.00355	0.00329	0.00608	0.00857	0.01094	0.14174	0.18856	0.39061	0.16634	0.00772	0.00188	0.00247	0.03765	0.00358	0.00325
11	0.01498	0.01911	0.01137	0.01033	0.01240	0.84295	0.00775	0.01601	0.01137	0.00982	0.00620	0.00723	0.00517	0.00413	0.00362	0.00103	0.00723	0.00258	0.00207	0.00465
12	0.02607	0.25612	0.31312	0.01026	0.03113	0.11266	0.06581	0.11666	0.01012	0.01315	0.00697	0.00805	0.00542	0.00384	0.00351	0.00112	0.00541	0.00289	0.00209	0.00561
13	0.02607	0.16395	0.14884	0.04581	0.13739	0.04907	0.09493	0.06562	0.00918	0.06351	0.00765	0.00953	0.00615	0.01827	0.03409	0.00146	0.10748	0.00335	0.00220	0.00544

[dist]
# distance from previous block
# <min> <max>
0	1

[block]
# block no. 3 follows, 67 sequences, length 79
# corresponding to MSA columns:
# 103-132,144-192
name=unknown_D
#
# <colnr> <probs for GDERKNQSTAVLIFYWHMCP>
#	G	D	E	R	K	N	Q	S	T	A	V	L	I	F	Y	W	H	M	C	P
0	0.26293	0.23815	0.02409	0.00842	0.01108	0.29310	0.06020	0.01329	0.00889	0.01229	0.00597	0.00712	0.00499	0.00387	0.00339	0.00109	0.03178	0.00253	0.00208	0.00475
1	0.00831	0.10412	0.75722	0.01098	0.01666	0.00996	0.01403	0.01263	0.00844	0.01238	0.00704	0.00827	0.00509	0.00377	0.00369	0.00123	0.00576	0.00288	0.00170	0.00585
2	0.00553	0.00405	0.00520	0.00505	0.00596	0.00371	0.00376	0.00723	0.01076	0.01498	0.66937	0.11228	0.10566	0.00885	0.00478	0.00132	0.00198	0.02157	0.00427	0.00370
3	0.00489	0.00349	0.00465	0.00558	0.00582	0.00326	0.00372	0.00558	0.00768	0.01024	0.02210	0.85644	0.02653	0.01256	0.00512	0.00163	0.00233	0.01140	0.00372	0.00326
4	0.00685	0.00463	0.00645	0.00723	0.00820	0.00457	0.00622	0.00859	0.00921	0.04849	0.02106	0.10792	0.02277	0.01092	0.00544	0.00180	0.00357	0.70853	0.00375	0.00380
5	0.00617	0.00465	0.00595	0.00655	0.00764	0.00453	0.00556	0.00821	0.04509	0.01191	0.02610	0.04217	0.23475	0.01059	0.00527	0.00170	0.00323	0.56250	0.00372	0.00373
6	0.00941	0.01121	0.05555	0.01669	0.02082	0.01011	0.78798	0.01284	0.00943	0.01284	0.00808	0.01073	0.00605	0.00340	0.00470	0.00135	0.00673	0.00466	0.00202	0.00543
7	0.00804	0.02074	0.83828	0.01143	0.01736	0.00931	0.01482	0.01270	0.00847	0.01270	0.00720	0.00847	0.00508	0.00381	0.00381	0.00127	0.00593	0.00296	0.00169	0.00593
8	0.01799	0.00683	0.00931	0.00714	0.01024	0.00589	0.00589	0.01954	0.01148	0.83682	0.01582	0.01365	0.00993	0.00496	0.00403	0.00124	0.00341	0.00403	0.00496	0.00683
9	0.00987	0.00955	0.01653	0.03794	0.78500	0.00955	0.04771	0.01230	0.00913	0.01304	0.00756	0.00998	0.00632	0.00357	0.00400	0.00120	0.00486	0.00362	0.00198	0.00628
10	0.01142	0.01150	0.18822	0.06937	0.13529	0.00895	0.15461	0.12189	0.01067	0.17117	0.00937	0.01038	0.00668	0.00401	0.00402	0.00121	0.00497	0.00366	0.00278	0.06983
11	0.01465	0.01111	0.01168	0.00914	0.01220	0.03377	0.00750	0.71822	0.08805	0.02393	0.01030	0.01058	0.00750	0.00495	0.00403	0.00122	0.00437	0.01618	0.00396	0.00667
12	0.00748	0.00374	0.00374	0.00374	0.00467	0.00374	0.00280	0.00934	0.00841	0.01495	0.01308	0.01495	0.01028	0.00467	0.00280	0.00093	0.00187	0.00374	0.88132	0.00374
13	0.01585	0.00783	0.00949	0.02168	0.02167	0.06159	0.00628	0.06807	0.05535	0.58986	0.01438	0.01385	0.00975	0.00665	0.05782	0.00158	0.00424	0.02338	0.00436	0.00633
14	0.88738	0.00776	0.00589	0.00527	0.00776	0.00900	0.00434	0.01179	0.00683	0.01799	0.00558	0.00651	0.00434	0.00372	0.00248	0.00124	0.00310	0.00217	0.00248	0.00434
15	0.00980	0.01002	0.03487	0.02281	0.65562	0.00965	0.17259	0.01242	0.00918	0.01304	0.00765	0.01007	0.00627	0.00354	0.00412	0.00122	0.00519	0.00379	0.00199	0.00616
16	0.00697	0.00348	0.00522	0.00522	0.00522	0.00348	0.00348	0.00522	0.00522	0.00697	0.00697	0.01219	0.00697	0.01393	0.01567	0.88332	0.00348	0.00348	0.00174	0.00174
17	0.00573	0.00430	0.00645	0.00645	0.00716	0.00501	0.00501	0.00716	0.00645	0.00931	0.01074	0.01576	0.01003	0.03008	0.84316	0.00645	0.01074	0.00430	0.00215	0.00358
18	0.00489	0.00349	0.00465	0.00558	0.00582	0.00326	0.00372	0.00558	0.00768	0.01024	0.02210	0.85644	0.02653	0.01256	0.00512	0.00163	0.00233	0.01140	0.00372	0.00326
19	0.00832	0.00713	0.00832	0.00594	0.00950	0.00535	0.00475	0.01010	0.00832	0.01307	0.00713	0.00832	0.00594	0.00297	0.00297	0.00059	0.00297	0.00238	0.00238	0.88357
20	0.01764	0.00690	0.00930	0.00718	0.01025	0.00607	0.00591	0.01962	0.04726	0.80083	0.01584	0.01371	0.01003	0.00498	0.00404	0.00125	0.00340	0.00406	0.00493	0.00680
21	0.88738	0.00776	0.00589	0.00527	0.00776	0.00900	0.00434	0.01179	0.00683	0.01799	0.00558	0.00651	0.00434	0.00372	0.00248	0.00124	0.00310	0.00217	0.00248	0.00434
22	0.00775	0.00725	0.01190	0.71685	0.04621	0.00910	0.01066	0.01021	0.00787	0.01041	0.00715	0.01062	0.00552	0.00432	0.00488	0.00136	0.08966	0.00356	0.03023	0.00447
23	0.00596	0.00435	0.00577	0.00618	0.00713	0.00416	0.00510	0.00769	0.00988	0.01319	0.29562	0.06562	0.11650	0.01006	0.00517	0.00159	0.00286	0.42554	0.00394	0.00368
24	0.00836	0.05392	0.74527	0.01189	0.05289	0.02226	0.02563	0.01271	0.00854	0.01255	0.00714	0.00846	0.00515	0.00378	0.00378	0.00125	0.00584	0.00298	0.00172	0.00589
25	0.00958	0.00838	0.01253	0.07617	0.32745	0.02508	0.05797	0.01171	0.00895	0.06205	0.00863	0.01029	0.02267	0.00362	0.00365	0.00099	0.00414	0.00332	0.02036	0.32245
26	0.50360	0.02804	0.00861	0.00774	0.02699	0.32089	0.00595	0.01333	0.00858	0.01446	0.00585	0.00691	0.00473	0.00395	0.00322	0.00117	0.02680	0.00239	0.00228	0.00452
27	0.00804	0.02074	0.83828	0.01143	0.01736	0.00931	0.01482	0.01270	0.00847	0.01270	0.00720	0.00847	0.00508	0.00381	0.00381	0.00127	0.00593	0.00296	0.00169	0.00593
28	0.01204	0.06902	0.04197	0.00945	0.03298	0.29834	0.00742	0.07247	0.38453	0.01422	0.01109	0.01100	0.00854	0.00470	0.00380	0.00120	0.00488	0.00356	0.00308	0.00570
29	0.00479	0.00387	0.00426	0.00457	0.00555	0.00334	0.00327	0.00570	0.00866	0.01064	0.03448	0.30997	0.56501	0.01096	0.00487	0.00145	0.00213	0.00944	0.00372	0.00334
30	0.00704	0.00768	0.13205	0.00695	0.00900	0.00601	0.03597	0.03766	0.10580	0.01419	0.25899	0.07123	0.15256	0.00760	0.01563	0.00139	0.02140	0.03641	0.06793	0.00448
31	0.01012	0.22587	0.39124	0.01055	0.02488	0.01099	0.10707	0.06044	0.03748	0.07342	0.00800	0.00893	0.00594	0.00386	0.00365	0.00117	0.00524	0.00315	0.00220	0.00581
32	0.04599	0.00686	0.00920	0.00708	0.01016	0.00599	0.00584	0.01930	0.01133	0.81045	0.01549	0.01342	0.00975	0.00492	0.00398	0.00124	0.00340	0.00397	0.00488	0.00675
33	0.05531	0.00556	0.00699	0.00604	0.00789	0.00523	0.00477	0.02311	0.05206	0.30441	0.35090	0.03765	0.03419	0.02131	0.00457	0.00132	0.00270	0.03733	0.03366	0.00501
34	0.01006	0.00889	0.07674	0.04102	0.37806	0.00786	0.04618	0.02508	0.04004	0.13558	0.07003	0.01549	0.09581	0.00501	0.00414	0.00125	0.00416	0.01414	0.01472	0.00574
35	0.00757	0.00713	0.01203	0.84942	0.02762	0.00891	0.01114	0.01025	0.00802	0.01025	0.00713	0.01069	0.00535	0.00401	0.00401	0.00134	0.00535	0.00356	0.00178	0.00446
36	0.00804	0.02074	0.83828	0.01143	0.01736	0.00931	0.01482	0.01270	0.00847	0.01270	0.00720	0.00847	0.00508	0.00381	0.00381	0.00127	0.00593	0.00296	0.00169	0.00593
37	0.00571	0.00409	0.00533	0.00502	0.00596	0.00378	0.00376	0.00761	0.01129	0.01606	0.81433	0.02964	0.03725	0.00812	0.00469	0.00125	0.00189	0.00718	0.02325	0.00378
38	0.00526	0.00390	0.00537	0.01961	0.03304	0.00383	0.00421	0.00606	0.00753	0.01013	0.01987	0.70181	0.02346	0.05725	0.06444	0.00207	0.01525	0.01013	0.00343	0.00337
39	0.00804	0.02074	0.83828	0.01143	0.01736	0.00931	0.01482	0.01270	0.00847	0.01270	0.00720	0.00847	0.00508	0.00381	0.00381	0.00127	0.00593	0.00296	0.00169	0.00593
40	0.00804	0.02074	0.83828	0.01143	0.01736	0.00931	0.01482	0.01270	0.00847	0.01270	0.00720	0.00847	0.00508	0.00381	0.00381	0.00127	0.00593	0.00296	0.00169	0.00593
41	0.00998	0.00862	0.00907	0.00816	0.01043	0.00998	0.00635	0.02131	0.82679	0.01678	0.01632	0.01496	0.01224	0.00544	0.00408	0.00136	0.00317	0.00453	0.00408	0.00635
42	0.88738	0.00776	0.00589	0.00527	0.00776	0.00900	0.00434	0.01179	0.00683	0.01799	0.00558	0.00651	0.00434	0.00372	0.00248	0.00124	0.00310	0.00217	0.00248	0.00434
43	0.00492	0.00355	0.00468	0.00555	0.00586	0.00332	0.00376	0.00567	0.00776	0.01029	0.02288	0.78421	0.06914	0.01271	0.01924	0.00170	0.00248	0.02530	0.00370	0.00328
44	0.00869	0.06363	0.13511	0.00912	0.05127	0.16010	0.05442	0.02144	0.02840	0.01201	0.13156	0.06251	0.14719	0.00712	0.03232	0.00144	0.05286	0.01347	0.00275	0.00460
45	0.00638	0.00424	0.00530	0.00550	0.00650	0.00399	0.00435	0.00792	0.00945	0.04512	0.21249	0.11132	0.17295	0.03251	0.00516	0.00151	0.00260	0.24253	0.11647	0.00371
46	0.00961	0.13844	0.38830	0.02922	0.18930	0.01995	0.06958	0.01296	0.01752	0.06361	0.02056	0.00940	0.00632	0.00384	0.00376	0.00120	0.00526	0.00326	0.00206	0.00585
47	0.00763	0.00581	0.00672	0.00548	0.00787	0.00478	0.00429	0.02699	0.00876	0.02358	0.04032	0.09230	0.08798	0.00542	0.00352	0.00092	0.00267	0.04107	0.15152	0.47235
48	0.01027	0.05010	0.08575	0.01217	0.19301	0.04642	0.00856	0.05232	0.46468	0.01532	0.01234	0.01231	0.00943	0.00471	0.00394	0.00127	0.00405	0.00395	0.00320	0.00620
49	0.02382	0.00892	0.00941	0.00824	0.01062	0.01022	0.00647	0.15036	0.66711	0.01804	0.01520	0.03097	0.01153	0.00546	0.00407	0.00134	0.00336	0.00449	0.00404	0.00633
50	0.00497	0.00356	0.00474	0.00563	0.00592	0.00333	0.00383	0.00575	0.00784	0.01044	0.03833	0.79183	0.03913	0.01238	0.00512	0.00163	0.00237	0.04619	0.00374	0.00329
51	0.00487	0.00369	0.00449	0.00509	0.00570	0.00332	0.00351	0.00570	0.00826	0.01062	0.05493	0.57032	0.28172	0.01166	0.00499	0.00153	0.00222	0.01033	0.00375	0.00332
52	0.03555	0.00506	0.00662	0.00667	0.00799	0.00489	0.00541	0.02090	0.03812	0.17119	0.09033	0.21359	0.03526	0.00946	0.00491	0.00158	0.00313	0.33099	0.00399	0.00436
53	0.00575	0.00413	0.00525	0.00497	0.00599	0.00376	0.00372	0.00750	0.01099	0.02945	0.69931	0.04774	0.13947	0.00848	0.00473	0.00128	0.00195	0.00744	0.00432	0.00377
54	0.00812	0.02020	0.79395	0.01173	0.01755	0.00936	0.05860	0.01271	0.00852	0.01271	0.00725	0.00860	0.00514	0.00379	0.00386	0.00127	0.00597	0.00306	0.00171	0.00590
55	0.01033	0.00633	0.00681	0.00591	0.00770	0.00671	0.00464	0.16883	0.15380	0.09297	0.02312	0.01416	0.01032	0.01808	0.00367	0.00114	0.00276	0.00395	0.45370	0.00505
56	0.01748	0.00683	0.00922	0.00713	0.01016	0.00598	0.00587	0.01935	0.03785	0.79319	0.03284	0.01403	0.01058	0.00505	0.00405	0.00125	0.00337	0.00412	0.00492	0.00675
57	0.32032	0.01013	0.02779	0.05046	0.04778	0.08038	0.00678	0.27920	0.06514	0.04532	0.00836	0.00896	0.00621	0.00430	0.00341	0.00122	0.00412	0.00308	0.02154	0.00551
58	0.74817	0.03556	0.00763	0.02049	0.09975	0.00928	0.00541	0.01183	0.00714	0.01706	0.00583	0.00695	0.00461	0.00370	0.00267	0.00122	0.00336	0.00235	0.00239	0.00459
59	0.05308	0.00962	0.01031	0.00829	0.01106	0.02512	0.00676	0.48450	0.12577	0.11492	0.02477	0.01310	0.01968	0.01797	0.00425	0.00129	0.00396	0.03595	0.02335	0.00626
60	0.00697	0.00348	0.00522	0.00522	0.00522	0.00348	0.00348	0.00522	0.00522	0.00697	0.00697	0.01219	0.00697	0.01393	0.01567	0.88332	0.00348	0.00348	0.00174	0.00174
61	0.00571	0.00396	0.00466	0.00475	0.00500	0.00396	0.00299	0.00607	0.00644	0.00852	0.01583	0.06188	0.08965	0.62382	0.09703	0.00371	0.00431	0.04635	0.00264	0.00273
62	0.00757	0.00713	0.01203	0.84942	0.02762	0.00891	0.01114	0.01025	0.00802	0.01025	0.00713	0.01069	0.00535	0.00401	0.00401	0.00134	0.00535	0.00356	0.00178	0.00446
63	0.00583	0.00390	0.00441	0.00441	0.00443	0.00391	0.00248	0.00586	0.00584	0.00781	0.01260	0.02604	0.01449	0.84297	0.03637	0.00394	0.00402	0.00580	0.00242	0.00245
64	0.00563	0.00410	0.00530	0.00500	0.00596	0.00376	0.00375	0.00748	0.01124	0.01582	0.79292	0.03038	0.07700	0.00830	0.00473	0.00127	0.00190	0.00731	0.00438	0.00376
65	0.00558	0.00391	0.00492	0.00544	0.00584	0.00378	0.00376	0.01990	0.00781	0.01045	0.05439	0.44723	0.05204	0.22807	0.00898	0.00219	0.00289	0.10819	0.02142	0.00320
66	0.00976	0.00832	0.00875	0.00788	0.01004	0.02158	0.00612	0.01991	0.72674	0.02900	0.08248	0.01632	0.02387	0.00569	0.00413	0.00135	0.00312	0.00476	0.00409	0.00609
67	0.82399	0.00769	0.00614	0.00541	0.00794	0.00877	0.00446	0.01235	0.00716	0.07770	0.00633	0.00704	0.00475	0.00381	0.00260	0.00124	0.00312	0.00231	0.00266	0.00452
68	0.00961	0.11096	0.12933	0.12522	0.17753	0.13675	0.01802	0.03180	0.05522	0.01224	0.07429	0.03941	0.04395	0.00484	0.00398	0.00120	0.01410	0.00398	0.00238	0.00519
69	0.00590	0.00448	0.00508	0.00482	0.00603	0.02065	0.00363	0.00740	0.01045	0.04196	0.46111	0.03250	0.36368	0.00881	0.00469	0.00129	0.00211	0.00755	0.00410	0.00374
70	0.00745	0.00591	0.00656	0.00609	0.00766	0.00614	0.00464	0.03494	0.30015	0.03286	0.23418	0.08157	0.22780	0.01999	0.00472	0.00138	0.00254	0.00668	0.00405	0.00469
71	0.81656	0.02168	0.00652	0.00559	0.00810	0.03100	0.00460	0.04363	0.00744	0.01793	0.00576	0.00665	0.00447	0.00377	0.00257	0.00123	0.00328	0.00224	0.00252	0.00446
72	0.88738	0.00776	0.00589	0.00527	0.00776	0.00900	0.00434	0.01179	0.00683	0.01799	0.00558	0.00651	0.00434	0.00372	0.00248	0.00124	0.00310	0.00217	0.00248	0.00434
73	0.01042	0.03514	0.19177	0.08583	0.11055	0.05231	0.02889	0.13815	0.20020	0.03775	0.01939	0.01146	0.01849	0.00452	0.00391	0.00124	0.00460	0.00373	0.03579	0.00587
74	0.00488	0.00351	0.00463	0.00553	0.00580	0.00326	0.00370	0.00559	0.00773	0.01026	0.02279	0.82628	0.05624	0.01248	0.00510	0.00162	0.00232	0.01129	0.00372	0.00326
75	0.00993	0.00953	0.01628	0.02462	0.83404	0.00953	0.01231	0.01231	0.00913	0.01310	0.00754	0.00993	0.00635	0.00357	0.00397	0.00119	0.00476	0.00357	0.00199	0.00635
76	0.00986	0.00847	0.00891	0.00800	0.01025	0.00974	0.00623	0.03744	0.77392	0.01669	0.01725	0.01589	0.04812	0.00563	0.00411	0.00136	0.00315	0.00469	0.00406	0.00623
77	0.00798	0.00672	0.00788	0.00589	0.00903	0.00519	0.00464	0.02255	0.00859	0.01313	0.04518	0.07523	0.02524	0.00411	0.00326	0.00073	0.00288	0.00343	0.00262	0.74572
78	0.01446	0.14982	0.11376	0.00855	0.04153	0.00882	0.01750	0.10264	0.01110	0.43602	0.01163	0.01099	0.00786	0.00440	0.00372	0.00115	0.00404	0.00346	0.00367	0.04488

[dist]
# distance from previous block
# <min> <max>
0	2

[block]
# block no. 4 follows, 67 sequences, length 35
# corresponding to MSA columns:
# 195-229
name=unknown_E
#
# <colnr> <probs for GDERKNQSTAVLIFYWHMCP>
#	G	D	E	R	K	N	Q	S	T	A	V	L	I	F	Y	W	H	M	C	P
0	0.01189	0.62974	0.01836	0.00782	0.01087	0.24340	0.00711	0.01311	0.00903	0.00954	0.00575	0.00665	0.00515	0.00362	0.00286	0.00091	0.00510	0.00227	0.00181	0.00501
1	0.01158	0.06377	0.20031	0.02410	0.19694	0.02425	0.08144	0.17858	0.05583	0.11042	0.00923	0.01007	0.00677	0.00413	0.00393	0.00122	0.00491	0.00355	0.00278	0.00620
2	0.00810	0.01981	0.77374	0.01136	0.01682	0.00955	0.01435	0.01246	0.00829	0.01246	0.00705	0.00849	0.00509	0.00406	0.00454	0.00131	0.07201	0.00301	0.00170	0.00581
3	0.01533	0.01110	0.01195	0.00916	0.01237	0.01224	0.00757	0.79602	0.01863	0.05024	0.00982	0.00975	0.00692	0.00482	0.00401	0.00120	0.00438	0.00362	0.00404	0.00682
4	0.00486	0.00359	0.00456	0.00533	0.00575	0.00328	0.00361	0.00561	0.00792	0.01034	0.02519	0.72032	0.16066	0.01216	0.00506	0.00158	0.00228	0.01091	0.00372	0.00328
5	0.00947	0.01082	0.02366	0.01690	0.02096	0.01014	0.81947	0.01285	0.00947	0.01285	0.00811	0.01082	0.00609	0.00338	0.00473	0.00135	0.00676	0.00473	0.00203	0.00541
6	0.01799	0.00683	0.00931	0.00714	0.01024	0.00589	0.00589	0.01954	0.01148	0.83682	0.01582	0.01365	0.00993	0.00496	0.00403	0.00124	0.00341	0.00403	0.00496	0.00683
7	0.01006	0.00843	0.01347	0.09847	0.51654	0.00864	0.02615	0.07017	0.00973	0.05143	0.00889	0.01094	0.00705	0.00393	0.00382	0.00117	0.00433	0.00364	0.13733	0.00581
8	0.00697	0.00348	0.00522	0.00522	0.00522	0.00348	0.00348	0.00522	0.00522	0.00697	0.00697	0.01219	0.00697	0.01393	0.01567	0.88332	0.00348	0.00348	0.00174	0.00174
9	0.00551	0.00427	0.00494	0.00478	0.00596	0.00388	0.00363	0.00739	0.04197	0.01368	0.40887	0.03320	0.37905	0.00894	0.00468	0.00132	0.00206	0.03386	0.02832	0.00371
10	0.08770	0.08283	0.02219	0.12871	0.12091	0.08696	0.09276	0.05238	0.00948	0.14308	0.00965	0.06682	0.00797	0.01449	0.04611	0.00152	0.01454	0.00400	0.00268	0.00523
11	0.01313	0.25839	0.05715	0.02407	0.03759	0.51350	0.00806	0.02514	0.01027	0.01017	0.00618	0.00724	0.00522	0.00391	0.00335	0.00101	0.00618	0.00254	0.00197	0.00494
12	0.00521	0.00393	0.00485	0.00511	0.00593	0.00352	0.00365	0.00637	0.00910	0.01213	0.25264	0.39142	0.22066	0.01044	0.00486	0.00143	0.00218	0.02119	0.00387	0.03151
13	0.08496	0.16600	0.13210	0.02203	0.07363	0.18220	0.10895	0.07491	0.06408	0.04348	0.00781	0.00882	0.00605	0.00396	0.00361	0.00115	0.00529	0.00314	0.00236	0.00547
14	0.00919	0.19594	0.52620	0.01121	0.06247	0.01091	0.04014	0.05465	0.03062	0.01280	0.00727	0.00844	0.00548	0.00380	0.00361	0.00118	0.00539	0.00296	0.00191	0.00583
15	0.00504	0.00372	0.00474	0.00537	0.00590	0.00341	0.00376	0.00600	0.00845	0.01115	0.12592	0.58141	0.15614	0.01156	0.00503	0.00155	0.00230	0.05138	0.00381	0.00337
16	0.01182	0.05592	0.02283	0.00837	0.01128	0.08484	0.03325	0.32355	0.15103	0.01778	0.01071	0.04230	0.02096	0.00476	0.00377	0.00110	0.00412	0.00377	0.02074	0.16711
17	0.00489	0.00349	0.00465	0.00558	0.00582	0.00326	0.00372	0.00558	0.00768	0.01024	0.02210	0.85644	0.02653	0.01256	0.00512	0.00163	0.00233	0.01140	0.00372	0.00326
18	0.00757	0.00713	0.01203	0.84942	0.02762	0.00891	0.01114	0.01025	0.00802	0.01025	0.00713	0.01069	0.00535	0.00401	0.00401	0.00134	0.00535	0.00356	0.00178	0.00446
19	0.03465	0.00902	0.01080	0.00879	0.04463	0.00917	0.00693	0.39461	0.01474	0.40579	0.01237	0.01146	0.00821	0.00481	0.00399	0.00122	0.00393	0.00378	0.00434	0.00675
20	0.02549	0.04849	0.01241	0.01117	0.08878	0.40104	0.04306	0.15224	0.03743	0.02404	0.00785	0.02921	0.00651	0.00507	0.02181	0.00126	0.05540	0.00330	0.00251	0.02293
21	0.01072	0.86147	0.02102	0.00686	0.01029	0.01587	0.00686	0.01201	0.00815	0.00944	0.00558	0.00643	0.00515	0.00343	0.00257	0.00086	0.00429	0.00214	0.00172	0.00515
22	0.00487	0.00405	0.00409	0.00408	0.00541	0.00341	0.00306	0.00595	0.00918	0.01116	0.06508	0.03743	0.77594	0.00989	0.00467	0.00134	0.00202	0.00825	0.03672	0.00341
23	0.02430	0.00469	0.00542	0.00582	0.01655	0.03271	0.00413	0.00715	0.03096	0.01163	0.15629	0.40541	0.17116	0.02735	0.03926	0.00172	0.01647	0.03177	0.00362	0.00359
24	0.00998	0.02348	0.04979	0.00803	0.01060	0.10539	0.00673	0.08013	0.05157	0.03474	0.00779	0.00928	0.00642	0.00581	0.05411	0.00134	0.15974	0.00300	0.00246	0.36960
25	0.00487	0.00367	0.00450	0.00512	0.00570	0.00331	0.00353	0.00569	0.00821	0.01057	0.04992	0.59391	0.26301	0.01174	0.00500	0.00154	0.00223	0.01043	0.00374	0.00331
26	0.00485	0.00403	0.00424	0.00426	0.00550	0.00342	0.00316	0.00594	0.00929	0.01136	0.12369	0.08536	0.70094	0.01009	0.00476	0.00136	0.00203	0.00851	0.00380	0.00342
27	0.00955	0.28592	0.38864	0.01038	0.01482	0.04679	0.10910	0.01261	0.00864	0.02885	0.00725	0.00910	0.00579	0.00393	0.00376	0.00116	0.02309	0.02325	0.00188	0.00549
28	0.00780	0.00725	0.01216	0.33732	0.21155	0.00791	0.08093	0.01015	0.02016	0.01144	0.01214	0.09375	0.07756	0.00608	0.02657	0.00147	0.02253	0.01774	0.03074	0.00475
29	0.37812	0.00708	0.00758	0.00621	0.00890	0.00716	0.00509	0.01571	0.03086	0.42479	0.02849	0.01111	0.00827	0.00452	0.00335	0.00123	0.00318	0.00333	0.03944	0.00559
30	0.00831	0.00793	0.01367	0.52357	0.27573	0.00899	0.05070	0.01087	0.00840	0.01124	0.00766	0.02757	0.00619	0.00443	0.01735	0.00138	0.00526	0.00379	0.00190	0.00505
31	0.04832	0.08734	0.05370	0.00887	0.04177	0.13065	0.03406	0.15241	0.06896	0.15864	0.02298	0.12423	0.02138	0.00576	0.00398	0.00125	0.00431	0.02260	0.00332	0.00548
32	0.00603	0.00468	0.00695	0.01995	0.00767	0.00550	0.01578	0.00736	0.00651	0.00933	0.01073	0.01679	0.01031	0.09676	0.67659	0.00567	0.06296	0.02465	0.00218	0.00358
33	0.00823	0.00744	0.01010	0.05659	0.19761	0.05592	0.02452	0.01045	0.05711	0.03290	0.11970	0.07754	0.08625	0.02173	0.06991	0.00180	0.11307	0.04160	0.00284	0.00468
34	0.01088	0.04294	0.06459	0.03498	0.16876	0.08638	0.16783	0.13471	0.06006	0.04642	0.00964	0.02948	0.01729	0.00479	0.00486	0.00130	0.07212	0.03474	0.00262	0.00562

[dist]
# distance from previous block
# <min> <max>
0	22

[block]
# block no. 5 follows, 67 sequences, length 13
# corresponding to MSA columns:
# 252-264
name=unknown_F
#
# <colnr> <probs for GDERKNQSTAVLIFYWHMCP>
#	G	D	E	R	K	N	Q	S	T	A	V	L	I	F	Y	W	H	M	C	P
0	0.09149	0.24476	0.06162	0.02861	0.02349	0.11254	0.04690	0.04092	0.08118	0.05588	0.06291	0.04102	0.00908	0.00449	0.00346	0.00109	0.00431	0.00349	0.00261	0.08016
1	0.06139	0.00956	0.10392	0.00948	0.06280	0.03771	0.10596	0.07915	0.07638	0.08019	0.08845	0.03261	0.07717	0.00503	0.00395	0.00116	0.00402	0.00435	0.00304	0.15369
2	0.06498	0.02871	0.03115	0.00727	0.00976	0.03983	0.03887	0.09768	0.11396	0.01429	0.01178	0.19406	0.01122	0.00581	0.00391	0.00112	0.01558	0.00489	0.01877	0.28634
3	0.06554	0.00528	0.00860	0.00738	0.00826	0.00544	0.13427	0.00719	0.00624	0.00899	0.00835	0.01251	0.03839	0.01143	0.03282	0.57905	0.05176	0.00381	0.00192	0.00276
4	0.00844	0.00824	0.01137	0.00973	0.01003	0.01109	0.00804	0.00938	0.00637	0.00985	0.00676	0.01029	0.02840	0.03040	0.04337	0.00190	0.71840	0.00366	0.00188	0.06239
5	0.08053	0.03972	0.01151	0.08118	0.11659	0.03981	0.05986	0.10230	0.00966	0.05599	0.00838	0.04971	0.00702	0.00425	0.00406	0.00107	0.04658	0.00348	0.00258	0.27572
6	0.01039	0.16736	0.14053	0.02734	0.02622	0.17447	0.02633	0.04284	0.07949	0.02283	0.00831	0.02482	0.00688	0.00570	0.04770	0.00139	0.06363	0.00322	0.04308	0.07747
7	0.00559	0.00465	0.00658	0.00627	0.00742	0.00426	0.08193	0.00711	0.02661	0.01168	0.12881	0.32585	0.29505	0.01008	0.00491	0.00147	0.00271	0.06170	0.00365	0.00367
8	0.00525	0.00386	0.00518	0.00618	0.02754	0.00363	0.00426	0.00621	0.00818	0.01082	0.05417	0.63205	0.08691	0.01178	0.00510	0.00161	0.00253	0.11759	0.00370	0.00343
9	0.00832	0.00713	0.00832	0.00594	0.00950	0.00535	0.00475	0.01010	0.00832	0.01307	0.00713	0.00832	0.00594	0.00297	0.00297	0.00059	0.00297	0.00238	0.00238	0.88357
10	0.03711	0.00649	0.00869	0.00720	0.00946	0.00624	0.05905	0.05204	0.09996	0.32320	0.17522	0.04177	0.05102	0.00628	0.00426	0.00130	0.00320	0.05414	0.04792	0.00543
11	0.00848	0.01868	0.04326	0.08882	0.06476	0.05537	0.00643	0.09552	0.05968	0.02811	0.08799	0.17173	0.10838	0.00667	0.00416	0.00122	0.00355	0.00570	0.00315	0.13836
12	0.00916	0.00884	0.01290	0.14682	0.37444	0.06609	0.04628	0.02724	0.08152	0.01234	0.01069	0.01302	0.05801	0.02397	0.08972	0.00182	0.00539	0.00406	0.00232	0.00536

[dist]
# distance from previous block
# <min> <max>
0	1

[block]
# block no. 6 follows, 67 sequences, length 17
# corresponding to MSA columns:
# 266-282
name=unknown_G
#
# <colnr> <probs for GDERKNQSTAVLIFYWHMCP>
#	G	D	E	R	K	N	Q	S	T	A	V	L	I	F	Y	W	H	M	C	P
0	0.02498	0.00825	0.00994	0.02070	0.01092	0.00780	0.01854	0.21878	0.02251	0.22195	0.00998	0.01014	0.00719	0.00416	0.00396	0.00100	0.03727	0.00323	0.00342	0.35529
1	0.00801	0.00763	0.01079	0.05031	0.01044	0.01033	0.00790	0.00892	0.00640	0.00964	0.00766	0.10251	0.00800	0.00939	0.07332	0.02830	0.62989	0.00444	0.00200	0.00413
2	0.01134	0.03375	0.05177	0.07070	0.07244	0.07563	0.01934	0.20330	0.14553	0.08614	0.04798	0.01290	0.04109	0.00634	0.04676	0.00152	0.04785	0.00402	0.00321	0.01840
3	0.00987	0.04444	0.01587	0.09996	0.68377	0.00988	0.01176	0.03569	0.00921	0.01297	0.00744	0.00982	0.00620	0.00372	0.00411	0.00120	0.02248	0.00351	0.00201	0.00610
4	0.00806	0.09803	0.00844	0.00707	0.00825	0.17222	0.02135	0.03938	0.00901	0.01077	0.01675	0.49984	0.03378	0.00934	0.00451	0.00141	0.00373	0.04096	0.00316	0.00393
5	0.00551	0.00408	0.00553	0.00597	0.00638	0.00427	0.00425	0.01856	0.00737	0.01005	0.01785	0.49966	0.03333	0.08003	0.22894	0.00307	0.03680	0.02182	0.00314	0.00339
6	0.00496	0.00358	0.00471	0.00554	0.00588	0.00333	0.00377	0.00576	0.00795	0.01056	0.05638	0.75627	0.06774	0.01222	0.00510	0.00161	0.00234	0.03527	0.00375	0.00330
7	0.00771	0.00733	0.01256	0.79718	0.04940	0.00897	0.04003	0.01040	0.00810	0.01042	0.00717	0.01068	0.00540	0.00398	0.00403	0.00133	0.00538	0.00361	0.00180	0.00454
8	0.00517	0.00378	0.00488	0.00545	0.00595	0.00355	0.00376	0.00641	0.02989	0.01163	0.18759	0.61827	0.07602	0.01135	0.00499	0.00153	0.00224	0.01021	0.00387	0.00345
9	0.00551	0.00426	0.00499	0.00492	0.00600	0.00390	0.00364	0.02303	0.03293	0.01338	0.36648	0.15883	0.33853	0.00947	0.00476	0.00135	0.00210	0.00820	0.00403	0.00368
10	0.00661	0.00438	0.00536	0.00501	0.00631	0.00389	0.00385	0.00818	0.01055	0.09534	0.45692	0.03180	0.29930	0.00864	0.00470	0.00131	0.00216	0.03754	0.00421	0.00395
11	0.00824	0.00496	0.00575	0.00532	0.00669	0.00492	0.00406	0.01145	0.13661	0.10745	0.27025	0.06193	0.05576	0.00655	0.00394	0.00119	0.00228	0.00557	0.29261	0.00446
12	0.00792	0.00552	0.00600	0.00531	0.00712	0.00515	0.00415	0.12832	0.02580	0.10511	0.08638	0.03053	0.55030	0.00857	0.00454	0.00131	0.00255	0.00710	0.00396	0.00436
13	0.00922	0.00878	0.01491	0.22917	0.60980	0.00921	0.01177	0.01166	0.00892	0.01248	0.03103	0.01069	0.00700	0.00381	0.00400	0.00123	0.00483	0.00368	0.00200	0.00581
14	0.01014	0.01004	0.01637	0.07597	0.63485	0.05164	0.09243	0.03652	0.00950	0.01309	0.00757	0.00992	0.00622	0.00365	0.00403	0.00121	0.00512	0.00364	0.00204	0.00606
15	0.00865	0.00822	0.01397	0.47305	0.39560	0.00919	0.01167	0.01119	0.00853	0.01155	0.00732	0.01034	0.00581	0.00381	0.00399	0.00127	0.00508	0.00357	0.00187	0.00532
16	0.01600	0.00872	0.01016	0.00794	0.01095	0.02711	0.00650	0.30708	0.06948	0.44636	0.01416	0.01290	0.03339	0.00508	0.00404	0.00123	0.00380	0.00402	0.00446	0.00664

[dist]
# distance from previous block
# <min> <max>
0	1

[block]
# block no. 7 follows, 67 sequences, length 8
# corresponding to MSA columns:
# 284,295,296,299-303
name=unknown_H
#
# <colnr> <probs for GDERKNQSTAVLIFYWHMCP>
#	G	D	E	R	K	N	Q	S	T	A	V	L	I	F	Y	W	H	M	C	P
0	0.01164	0.01009	0.01012	0.00861	0.01108	0.07844	0.00682	0.22827	0.48262	0.01799	0.01293	0.01242	0.00971	0.00512	0.00432	0.00127	0.03592	0.00400	0.00374	0.04490
1	0.01479	0.01784	0.01206	0.01058	0.01284	0.73862	0.06131	0.01601	0.01125	0.05870	0.00689	0.00785	0.00551	0.00413	0.00371	0.00107	0.00698	0.00281	0.00223	0.00483
2	0.00983	0.03214	0.01436	0.39582	0.23838	0.00956	0.08757	0.09186	0.00973	0.06047	0.00804	0.01045	0.00609	0.00395	0.00403	0.00127	0.00509	0.00367	0.00226	0.00544
3	0.00536	0.00383	0.00505	0.00545	0.00600	0.00360	0.00389	0.00657	0.00910	0.01247	0.33053	0.43222	0.02992	0.05687	0.00584	0.00163	0.00235	0.07194	0.00391	0.00345
4	0.00920	0.00961	0.01062	0.00943	0.00992	0.16289	0.00756	0.01013	0.00718	0.00956	0.00715	0.03847	0.00711	0.05329	0.13048	0.00240	0.50503	0.00383	0.00197	0.00418
5	0.00547	0.00416	0.00508	0.00504	0.00612	0.00377	0.00391	0.00707	0.01032	0.01376	0.45502	0.03497	0.30106	0.00925	0.00485	0.00137	0.00219	0.11887	0.00408	0.00364
6	0.00496	0.00355	0.00472	0.00553	0.00583	0.00331	0.00373	0.00578	0.00803	0.01080	0.10011	0.77682	0.02762	0.01214	0.00508	0.00159	0.00228	0.01100	0.00379	0.00331
7	0.00583	0.00440	0.00549	0.00583	0.00660	0.00438	0.00427	0.00808	0.09953	0.01205	0.15960	0.37640	0.10058	0.04776	0.05123	0.00189	0.00299	0.09561	0.00374	0.00373

[dist]
# distance from previous block
# <min> <max>
0	1

[block]
# block no. 8 follows, 67 sequences, length 34
# corresponding to MSA columns:
# 305-330,332,346-352
name=unknown_I
#
# <colnr> <probs for GDERKNQSTAVLIFYWHMCP>
#	G	D	E	R	K	N	Q	S	T	A	V	L	I	F	Y	W	H	M	C	P
0	0.00883	0.18342	0.64807	0.01050	0.01580	0.04285	0.01300	0.01270	0.00852	0.01196	0.00684	0.00803	0.00510	0.00375	0.00356	0.00118	0.00566	0.00279	0.00171	0.00573
1	0.00991	0.00890	0.01400	0.13911	0.52700	0.00939	0.01074	0.01404	0.16734	0.04529	0.00950	0.01116	0.00749	0.00405	0.00400	0.00125	0.00449	0.00378	0.00248	0.00610
2	0.02719	0.02710	0.06721	0.00874	0.01122	0.18842	0.03196	0.05367	0.39944	0.02332	0.04543	0.01475	0.04974	0.00538	0.00402	0.00127	0.00434	0.02790	0.00334	0.00557
3	0.01150	0.02460	0.16847	0.05377	0.02849	0.00813	0.07522	0.10108	0.08714	0.22176	0.04199	0.02809	0.00932	0.00495	0.01302	0.00127	0.00433	0.01155	0.02289	0.08244
4	0.02128	0.00504	0.00645	0.01856	0.00736	0.00526	0.00466	0.03367	0.04720	0.09428	0.08491	0.19402	0.10412	0.07210	0.10801	0.08394	0.05862	0.02712	0.01950	0.00390
5	0.00898	0.02506	0.01189	0.01010	0.01037	0.06901	0.00835	0.00993	0.00657	0.00963	0.00579	0.00921	0.00565	0.00869	0.08190	0.00208	0.70714	0.00349	0.00181	0.00435
6	0.00545	0.00393	0.00484	0.00515	0.00561	0.00367	0.00337	0.00604	0.00716	0.00963	0.01865	0.45204	0.06639	0.29140	0.03571	0.00243	0.00313	0.00856	0.00316	0.06369
7	0.00832	0.00713	0.00832	0.00594	0.00950	0.00535	0.00475	0.01010	0.00832	0.01307	0.00713	0.00832	0.00594	0.00297	0.00297	0.00059	0.00297	0.00238	0.00238	0.88357
8	0.00753	0.00594	0.00675	0.00640	0.00794	0.00622	0.00500	0.02671	0.30240	0.03038	0.22384	0.04503	0.17373	0.02186	0.00485	0.00144	0.00273	0.11254	0.00403	0.00469
9	0.00776	0.00410	0.00442	0.00423	0.00527	0.00405	0.00317	0.01946	0.02106	0.05194	0.12596	0.01743	0.01425	0.04575	0.00399	0.00114	0.00209	0.00435	0.65568	0.00390
10	0.00814	0.02010	0.78537	0.01179	0.01759	0.00937	0.06708	0.01271	0.00853	0.01271	0.00726	0.00862	0.00515	0.00378	0.00387	0.00128	0.00598	0.00308	0.00172	0.00589
11	0.00487	0.00402	0.00427	0.00435	0.00555	0.00343	0.00323	0.00595	0.00921	0.01128	0.11159	0.11430	0.67126	0.01022	0.00479	0.00138	0.00207	0.02103	0.00379	0.00342
12	0.01298	0.01582	0.01125	0.01012	0.01163	0.60183	0.00780	0.01401	0.00987	0.00975	0.00629	0.00814	0.00551	0.00649	0.06122	0.00155	0.19632	0.00290	0.00200	0.00452
13	0.00858	0.00744	0.00888	0.00656	0.00971	0.00635	0.00530	0.03464	0.00839	0.01305	0.00699	0.00841	0.00589	0.00349	0.00416	0.00074	0.09940	0.00254	0.00236	0.75713
14	0.12329	0.01206	0.03602	0.05928	0.01246	0.26903	0.04597	0.14471	0.05561	0.12016	0.04766	0.02514	0.00828	0.00470	0.00393	0.00120	0.01859	0.00355	0.00302	0.00533
15	0.00844	0.00794	0.01334	0.48743	0.29497	0.00910	0.02525	0.01092	0.00834	0.01140	0.00743	0.01051	0.00588	0.00402	0.00439	0.00129	0.04478	0.00359	0.03590	0.00507
16	0.01517	0.01334	0.01186	0.00952	0.01243	0.23444	0.00766	0.60557	0.01685	0.02114	0.00871	0.00899	0.00638	0.00463	0.00391	0.00116	0.00517	0.00334	0.00349	0.00624
17	0.00531	0.00391	0.00492	0.00544	0.00596	0.00372	0.00375	0.00668	0.04670	0.01132	0.14085	0.56160	0.09829	0.06479	0.00595	0.00168	0.00239	0.01955	0.00376	0.00344
18	0.00771	0.00730	0.01019	0.00916	0.00925	0.00979	0.00740	0.00857	0.00652	0.00977	0.00947	0.20605	0.01046	0.00956	0.05653	0.00198	0.60859	0.00539	0.00223	0.00408
19	0.01533	0.01144	0.01191	0.00920	0.01236	0.05119	0.00757	0.75391	0.01824	0.05391	0.00969	0.00966	0.00686	0.00479	0.00399	0.00120	0.00451	0.00358	0.00396	0.00672
20	0.00957	0.00823	0.00870	0.00787	0.01003	0.00943	0.00611	0.02006	0.75831	0.01644	0.04313	0.02975	0.04292	0.00581	0.00414	0.00136	0.00308	0.00487	0.00407	0.00611
21	0.00493	0.00352	0.00463	0.00549	0.00574	0.00329	0.00365	0.00560	0.00762	0.01014	0.02207	0.79920	0.04396	0.05225	0.00583	0.00173	0.00239	0.01107	0.00366	0.00322
22	0.00840	0.00819	0.01247	0.36430	0.13189	0.02214	0.01007	0.01024	0.00751	0.01042	0.00746	0.01063	0.03083	0.00533	0.00765	0.00148	0.34078	0.00368	0.00186	0.00466
23	0.01074	0.01072	0.01406	0.18180	0.44622	0.14338	0.01075	0.08325	0.03656	0.01320	0.00771	0.00978	0.00620	0.00392	0.00393	0.00120	0.00519	0.00345	0.00220	0.00575
24	0.00582	0.00393	0.00457	0.00457	0.00464	0.00400	0.00268	0.00596	0.00589	0.00792	0.01245	0.02523	0.01414	0.77916	0.09971	0.00413	0.00455	0.00568	0.00240	0.00254
25	0.00642	0.00459	0.00642	0.00734	0.00824	0.00458	0.00639	0.00824	0.00919	0.01196	0.02126	0.06621	0.02317	0.01112	0.00553	0.00184	0.00366	0.78647	0.00369	0.00368
26	0.00670	0.00641	0.06162	0.00770	0.08252	0.00558	0.00576	0.01000	0.13259	0.01388	0.28633	0.02836	0.23675	0.00790	0.00459	0.00136	0.00284	0.09097	0.00371	0.00443
27	0.00871	0.12544	0.69716	0.01081	0.01624	0.04971	0.01349	0.01277	0.00857	0.01216	0.00695	0.00816	0.00509	0.00378	0.00365	0.00121	0.00578	0.00284	0.00171	0.00577
28	0.00501	0.00393	0.00457	0.00495	0.00587	0.00349	0.00365	0.00606	0.00881	0.01107	0.08024	0.30611	0.44086	0.01092	0.00494	0.00149	0.00228	0.08858	0.00376	0.00340
29	0.00583	0.00389	0.00437	0.00437	0.00437	0.00389	0.00243	0.00583	0.00583	0.00778	0.01264	0.02624	0.01458	0.85906	0.02041	0.00389	0.00389	0.00583	0.00243	0.00243
30	0.88738	0.00776	0.00589	0.00527	0.00776	0.00900	0.00434	0.01179	0.00683	0.01799	0.00558	0.00651	0.00434	0.00372	0.00248	0.00124	0.00310	0.00217	0.00248	0.00434
31	0.01641	0.04900	0.03970	0.00798	0.01106	0.11455	0.00672	0.12284	0.02746	0.54260	0.01302	0.01181	0.00857	0.00474	0.00390	0.00120	0.00416	0.00368	0.00419	0.00643
32	0.14967	0.51022	0.20016	0.00772	0.01153	0.02514	0.00826	0.02770	0.00826	0.01183	0.00602	0.00697	0.00504	0.00360	0.00288	0.00102	0.00451	0.00237	0.00188	0.00522
33	0.00550	0.00399	0.00521	0.00528	0.00608	0.00368	0.00388	0.00702	0.01011	0.01403	0.52836	0.26123	0.06157	0.00955	0.00485	0.00139	0.00212	0.04636	0.00414	0.01564

[dist]
# distance from previous block
# <min> <max>
0	2

[block]
# block no. 9 follows, 67 sequences, length 15
# corresponding to MSA columns:
# 355-369
name=unknown_J
#
# <colnr> <probs for GDERKNQSTAVLIFYWHMCP>
#	G	D	E	R	K	N	Q	S	T	A	V	L	I	F	Y	W	H	M	C	P
0	0.08669	0.02810	0.00913	0.00691	0.03009	0.00665	0.00545	0.06859	0.00977	0.23271	0.00945	0.00966	0.00691	0.00372	0.00330	0.00088	0.00327	0.00291	0.00316	0.47264
1	0.00988	0.00920	0.01668	0.01223	0.01571	0.00858	0.44410	0.04562	0.08645	0.07302	0.04445	0.02918	0.00871	0.00406	0.00426	0.00120	0.00506	0.00441	0.00271	0.17449
2	0.00877	0.00877	0.01228	0.01053	0.01053	0.01228	0.00877	0.00965	0.00614	0.00965	0.00526	0.00877	0.00526	0.00702	0.01316	0.00175	0.85172	0.00351	0.00175	0.00439
3	0.00859	0.00816	0.01386	0.49377	0.37534	0.00918	0.01164	0.01114	0.00850	0.01148	0.00731	0.01036	0.00578	0.00382	0.00399	0.00127	0.00510	0.00357	0.00187	0.00527
4	0.00808	0.00687	0.00806	0.00592	0.00925	0.00520	0.00468	0.00978	0.00827	0.01287	0.00818	0.06792	0.00739	0.00364	0.00312	0.00067	0.00292	0.00301	0.00247	0.82171
5	0.00806	0.00767	0.01084	0.00947	0.00969	0.01025	0.02676	0.00907	0.00673	0.01028	0.04303	0.11462	0.00960	0.00808	0.02954	0.00178	0.63775	0.00470	0.03789	0.00420
