[name]
unknown

[dist]
# distance from previous block
# <min> <max>
0	761

[block]
# block no. 0 follows, 57 sequences, length 139
# corresponding to MSA columns:
# 761-875,878-896,929-933
name=unknown_A
#
# <colnr> <probs for GDERKNQSTAVLIFYWHMCP>
#	G	D	E	R	K	N	Q	S	T	A	V	L	I	F	Y	W	H	M	C	P
0	0.00734	0.00530	0.00748	0.03131	0.01000	0.00535	0.00745	0.00945	0.01039	0.01351	0.02355	0.05002	0.02552	0.01229	0.00621	0.00207	0.00422	0.76024	0.00411	0.00420
1	0.00688	0.00487	0.00516	0.00513	0.00520	0.02727	0.00291	0.00691	0.00676	0.00885	0.01407	0.02905	0.01618	0.81738	0.02253	0.00430	0.00450	0.00649	0.00273	0.00282
2	0.04066	0.01248	0.01441	0.01096	0.01464	0.01364	0.07105	0.70352	0.01998	0.03709	0.01070	0.01094	0.00761	0.00528	0.00455	0.00137	0.00514	0.00414	0.00432	0.00750
3	0.01617	0.01247	0.01319	0.01076	0.03853	0.04535	0.00852	0.65317	0.08224	0.02631	0.03941	0.01207	0.00934	0.00556	0.00455	0.00137	0.00491	0.00426	0.00440	0.00743
4	0.57011	0.06580	0.00965	0.04719	0.02550	0.08452	0.00637	0.07789	0.02244	0.04444	0.00743	0.00842	0.00572	0.00442	0.00327	0.00135	0.00431	0.00284	0.00292	0.00540
5	0.01043	0.00814	0.00908	0.00687	0.01036	0.03492	0.00545	0.01297	0.05155	0.07734	0.03450	0.01164	0.00895	0.00408	0.00358	0.00085	0.00343	0.00327	0.08132	0.62128
6	0.01673	0.02130	0.01327	0.01191	0.01431	0.79724	0.03333	0.01798	0.01277	0.01120	0.00707	0.00830	0.00587	0.00464	0.00413	0.00118	0.00815	0.00299	0.00233	0.00528
7	0.00661	0.00507	0.00753	0.00747	0.00822	0.00599	0.00582	0.00816	0.00732	0.01057	0.01229	0.04632	0.01173	0.03203	0.75505	0.00684	0.05135	0.00509	0.00247	0.00408
8	0.01312	0.01146	0.01140	0.01015	0.03740	0.09578	0.00773	0.17526	0.48828	0.03515	0.01493	0.01423	0.01118	0.00564	0.00447	0.00141	0.00439	0.00452	0.00421	0.04927
9	0.01116	0.01068	0.01804	0.04421	0.77095	0.01077	0.01367	0.01417	0.03507	0.01487	0.00882	0.01141	0.00736	0.00411	0.00449	0.00136	0.00534	0.00407	0.00231	0.00713
10	0.00552	0.00394	0.00526	0.00631	0.00657	0.00368	0.00421	0.00631	0.00868	0.01157	0.02498	0.83779	0.02997	0.01420	0.00578	0.00184	0.00263	0.01288	0.00421	0.00368
11	0.01122	0.01077	0.01839	0.02781	0.81248	0.01077	0.01391	0.01391	0.01032	0.01480	0.00852	0.01122	0.00718	0.00404	0.00449	0.00135	0.00538	0.00404	0.00224	0.00718
12	0.01127	0.00973	0.01025	0.00922	0.01178	0.01127	0.00717	0.02408	0.80430	0.01896	0.01844	0.01691	0.01383	0.00615	0.00461	0.00154	0.00359	0.00512	0.00461	0.00717
13	0.01365	0.01614	0.01304	0.01156	0.01284	0.45617	0.00906	0.01471	0.01016	0.01094	0.00678	0.00956	0.00621	0.03165	0.00922	0.00161	0.35597	0.00347	0.00220	0.00505
14	0.00552	0.00394	0.00526	0.00631	0.00657	0.00368	0.00421	0.00631	0.00868	0.01157	0.02498	0.83779	0.02997	0.01420	0.00578	0.00184	0.00263	0.01288	0.00421	0.00368
15	0.00879	0.00829	0.01401	0.75950	0.09975	0.01013	0.01270	0.01178	0.00917	0.01186	0.00810	0.01200	0.00614	0.00449	0.00453	0.00150	0.00598	0.00403	0.00203	0.00522
16	0.00552	0.00394	0.00526	0.00631	0.00657	0.00368	0.00421	0.00631	0.00868	0.01157	0.02498	0.83779	0.02997	0.01420	0.00578	0.00184	0.00263	0.01288	0.00421	0.00368
17	0.01937	0.00788	0.01048	0.00810	0.01149	0.00704	0.00667	0.06390	0.02726	0.72257	0.05335	0.01603	0.01250	0.00577	0.00459	0.00140	0.00384	0.00471	0.00550	0.00755
18	0.00569	0.00463	0.00539	0.00544	0.00671	0.00404	0.01735	0.00699	0.01038	0.01303	0.14754	0.18745	0.51891	0.01157	0.00546	0.00159	0.00249	0.03713	0.00428	0.00391
19	0.01673	0.01954	0.01250	0.01120	0.01362	0.69164	0.00849	0.05344	0.02794	0.06483	0.00827	0.00924	0.00660	0.00571	0.02970	0.00139	0.00778	0.00318	0.00269	0.00552
20	0.00856	0.00805	0.01359	0.82986	0.03121	0.01007	0.01258	0.01158	0.00906	0.01158	0.00805	0.01208	0.00604	0.00453	0.00453	0.00151	0.00604	0.00403	0.00201	0.00503
21	0.00558	0.00398	0.00532	0.00637	0.00666	0.00373	0.00430	0.00641	0.00873	0.01163	0.02494	0.81324	0.02985	0.01414	0.00580	0.00185	0.00268	0.03689	0.00421	0.00370
22	0.01120	0.01081	0.01865	0.02754	0.78787	0.01079	0.03832	0.01393	0.01033	0.01479	0.00854	0.01125	0.00717	0.00403	0.00451	0.00135	0.00545	0.00408	0.00224	0.00714
23	0.00577	0.00434	0.00629	0.00693	0.00740	0.00406	0.04238	0.00671	0.00877	0.01171	0.02421	0.79799	0.02886	0.01370	0.00576	0.00183	0.00287	0.01252	0.00411	0.00380
24	0.00551	0.00397	0.00523	0.00623	0.00655	0.00369	0.00417	0.00632	0.00876	0.01160	0.02598	0.79951	0.06761	0.01407	0.00576	0.00183	0.00261	0.01272	0.00421	0.00369
25	0.00921	0.02260	0.75821	0.01338	0.01992	0.01059	0.07497	0.01436	0.00965	0.01436	0.00821	0.00977	0.00582	0.00427	0.00438	0.00144	0.00677	0.00350	0.00194	0.00665
26	0.01122	0.01077	0.01839	0.02781	0.81248	0.01077	0.01391	0.01391	0.01032	0.01480	0.00852	0.01122	0.00718	0.00404	0.00449	0.00135	0.00538	0.00404	0.00224	0.00718
27	0.01122	0.01077	0.01839	0.02781	0.81248	0.01077	0.01391	0.01391	0.01032	0.01480	0.00852	0.01122	0.00718	0.00404	0.00449	0.00135	0.00538	0.00404	0.00224	0.00718
28	0.01122	0.01077	0.01839	0.02781	0.81248	0.01077	0.01391	0.01391	0.01032	0.01480	0.00852	0.01122	0.00718	0.00404	0.00449	0.00135	0.00538	0.00404	0.00224	0.00718
29	0.04332	0.00946	0.01033	0.00894	0.01168	0.01050	0.00710	0.11390	0.52277	0.13122	0.04325	0.01725	0.01375	0.00622	0.00460	0.00151	0.00376	0.02872	0.00468	0.00704
30	0.00909	0.02344	0.81727	0.01292	0.01961	0.01052	0.01674	0.01435	0.00957	0.01435	0.00813	0.00957	0.00574	0.00431	0.00431	0.00144	0.00670	0.00335	0.00191	0.00670
31	0.00582	0.00436	0.00589	0.00662	0.00712	0.00412	0.02271	0.00709	0.03497	0.01191	0.02544	0.75180	0.06799	0.01355	0.00571	0.00181	0.00276	0.01229	0.00418	0.00386
32	0.04217	0.00859	0.01043	0.00835	0.01161	0.03448	0.00678	0.02209	0.16588	0.61296	0.01731	0.01525	0.01137	0.00564	0.00450	0.00142	0.00394	0.00455	0.00523	0.00745
33	0.01049	0.01302	0.09087	0.01841	0.02310	0.01127	0.72085	0.01438	0.01057	0.01446	0.00932	0.02415	0.00712	0.00401	0.00527	0.00152	0.00749	0.00530	0.00229	0.00612
34	0.01122	0.01077	0.01839	0.02781	0.81248	0.01077	0.01391	0.01391	0.01032	0.01480	0.00852	0.01122	0.00718	0.00404	0.00449	0.00135	0.00538	0.00404	0.00224	0.00718
35	0.01924	0.00946	0.01160	0.00889	0.01244	0.00926	0.00735	0.29484	0.01590	0.53872	0.01541	0.01382	0.00998	0.00555	0.00455	0.00139	0.00425	0.00439	0.00523	0.00771
36	0.00859	0.00812	0.01380	0.81685	0.03109	0.01009	0.02515	0.01162	0.00909	0.01162	0.00807	0.01208	0.00605	0.00452	0.00454	0.00151	0.00607	0.00405	0.00202	0.00505
37	0.01076	0.01030	0.01757	0.16545	0.67841	0.01065	0.01368	0.01351	0.01010	0.01425	0.00844	0.01136	0.00698	0.00412	0.00449	0.00137	0.00550	0.00404	0.00220	0.00681
38	0.00909	0.02344	0.81727	0.01292	0.01961	0.01052	0.01674	0.01435	0.00957	0.01435	0.00813	0.00957	0.00574	0.00431	0.00431	0.00144	0.00670	0.00335	0.00191	0.00670
39	0.00536	0.00459	0.00459	0.00459	0.00612	0.00383	0.00344	0.00650	0.01033	0.01224	0.04590	0.04361	0.81065	0.01148	0.00536	0.00153	0.00230	0.00956	0.00421	0.00383
40	0.02028	0.00780	0.01057	0.00810	0.01161	0.00679	0.00669	0.03521	0.01311	0.80229	0.01776	0.01535	0.01116	0.00561	0.00456	0.00140	0.00387	0.00455	0.00559	0.00771
41	0.01178	0.75376	0.11057	0.00832	0.01250	0.01712	0.00874	0.01365	0.00925	0.01106	0.00650	0.00752	0.00581	0.00392	0.00306	0.00102	0.00505	0.00252	0.00194	0.00591
42	0.00690	0.00505	0.00706	0.00698	0.00774	0.00570	0.00526	0.03566	0.00774	0.01092	0.01287	0.02086	0.01264	0.18589	0.61612	0.00636	0.01016	0.02951	0.00262	0.00393
43	0.00544	0.00438	0.00485	0.00518	0.00629	0.00379	0.00371	0.00651	0.00988	0.01221	0.06315	0.29755	0.53666	0.01228	0.00549	0.00163	0.00240	0.01058	0.00423	0.00379
44	0.03669	0.00952	0.06215	0.00880	0.01233	0.00833	0.02250	0.14637	0.05054	0.51429	0.05523	0.01551	0.02493	0.00573	0.00457	0.00141	0.00416	0.00466	0.00497	0.00729
45	0.07249	0.05185	0.04282	0.00842	0.01170	0.03996	0.00712	0.03101	0.19009	0.44403	0.01668	0.01517	0.03694	0.00565	0.00437	0.00141	0.00406	0.00449	0.00468	0.00705
46	0.84461	0.00919	0.00686	0.00615	0.00894	0.03689	0.00503	0.01348	0.00788	0.02003	0.00633	0.00739	0.00494	0.00422	0.00285	0.00139	0.00366	0.00247	0.00279	0.00492
47	0.01122	0.01077	0.01839	0.02781	0.81248	0.01077	0.01391	0.01391	0.01032	0.01480	0.00852	0.01122	0.00718	0.00404	0.00449	0.00135	0.00538	0.00404	0.00224	0.00718
48	0.01031	0.00718	0.00850	0.00741	0.00943	0.00745	0.00581	0.10625	0.16055	0.10412	0.19913	0.02250	0.09980	0.03005	0.11369	0.00226	0.02372	0.00592	0.02821	0.04771
49	0.00919	0.05041	0.79117	0.01275	0.01935	0.01077	0.01645	0.01432	0.00956	0.01423	0.00807	0.00949	0.00574	0.00429	0.00426	0.00142	0.00664	0.00332	0.00191	0.00667
50	0.00856	0.00805	0.01359	0.82986	0.03121	0.01007	0.01258	0.01158	0.00906	0.01158	0.00805	0.01208	0.00604	0.00453	0.00453	0.00151	0.00604	0.00403	0.00201	0.00503
51	0.02033	0.00771	0.01052	0.00806	0.01157	0.00666	0.00666	0.02208	0.01297	0.81562	0.01788	0.01542	0.01122	0.00561	0.00456	0.00140	0.00386	0.00456	0.00561	0.00771
52	0.01049	0.01003	0.01709	0.24600	0.59995	0.01058	0.01355	0.01327	0.00998	0.01393	0.00840	0.01145	0.00687	0.00417	0.00450	0.00139	0.00556	0.00403	0.00218	0.00659
53	0.00538	0.00459	0.00462	0.00461	0.00613	0.00384	0.00346	0.00655	0.01038	0.01237	0.06271	0.04339	0.79376	0.01143	0.00536	0.00153	0.00229	0.00953	0.00423	0.00384
54	0.00863	0.00813	0.01372	0.80756	0.05293	0.01009	0.01262	0.01164	0.00910	0.01167	0.00807	0.01206	0.00607	0.00452	0.00453	0.00151	0.00602	0.00403	0.00202	0.00509
55	0.00641	0.00463	0.00606	0.00570	0.00677	0.00428	0.00428	0.00855	0.01283	0.01817	0.81009	0.03385	0.04276	0.00926	0.00534	0.00143	0.00214	0.00819	0.00499	0.00428
56	0.00909	0.02344	0.81727	0.01292	0.01961	0.01052	0.01674	0.01435	0.00957	0.01435	0.00813	0.00957	0.00574	0.00431	0.00431	0.00144	0.00670	0.00335	0.00191	0.00670
57	0.00946	0.00935	0.01405	0.01183	0.01238	0.01237	0.08421	0.01079	0.00734	0.01116	0.00724	0.01156	0.00696	0.02669	0.12243	0.00270	0.62822	0.00427	0.00209	0.00490
58	0.00536	0.00459	0.00459	0.00459	0.00612	0.00383	0.00344	0.00650	0.01033	0.01224	0.04590	0.04361	0.81065	0.01148	0.00536	0.00153	0.00230	0.00956	0.00421	0.00383
59	0.00536	0.00459	0.00459	0.00459	0.00612	0.00383	0.00344	0.00650	0.01033	0.01224	0.04590	0.04361	0.81065	0.01148	0.00536	0.00153	0.00230	0.00956	0.00421	0.00383
60	0.00856	0.00805	0.01359	0.82986	0.03121	0.01007	0.01258	0.01158	0.00906	0.01158	0.00805	0.01208	0.00604	0.00453	0.00453	0.00151	0.00604	0.00403	0.00201	0.00503
61	0.00909	0.02344	0.81727	0.01292	0.01961	0.01052	0.01674	0.01435	0.00957	0.01435	0.00813	0.00957	0.00574	0.00431	0.00431	0.00144	0.00670	0.00335	0.00191	0.00670
62	0.01211	0.84348	0.02374	0.00775	0.01163	0.01793	0.00775	0.01357	0.00921	0.01066	0.00630	0.00727	0.00582	0.00388	0.00291	0.00097	0.00485	0.00242	0.00194	0.00582
63	0.00648	0.00485	0.00724	0.00724	0.00804	0.00564	0.00561	0.00806	0.00727	0.01049	0.01218	0.01801	0.01142	0.04833	0.80858	0.00723	0.01200	0.00489	0.00243	0.00402
64	0.00648	0.00465	0.00630	0.00728	0.00799	0.00451	0.00576	0.00794	0.00959	0.01255	0.02482	0.37262	0.05356	0.03912	0.00656	0.00204	0.00348	0.41668	0.00414	0.00391
65	0.00641	0.00463	0.00606	0.00570	0.00677	0.00428	0.00428	0.00855	0.01283	0.01817	0.81009	0.03385	0.04276	0.00926	0.00534	0.00143	0.00214	0.00819	0.00499	0.00428
66	0.00909	0.02344	0.81727	0.01292	0.01961	0.01052	0.01674	0.01435	0.00957	0.01435	0.00813	0.00957	0.00574	0.00431	0.00431	0.00144	0.00670	0.00335	0.00191	0.00670
67	0.06142	0.00776	0.01033	0.00796	0.01143	0.00683	0.00658	0.02166	0.01272	0.77728	0.01732	0.01503	0.01091	0.00554	0.00447	0.00140	0.00384	0.00446	0.00547	0.00758
68	0.00709	0.00507	0.00706	0.00805	0.00899	0.00507	0.00686	0.00900	0.01008	0.01317	0.02349	0.12460	0.02575	0.02890	0.03530	0.00229	0.00431	0.66674	0.00409	0.00409
69	0.00909	0.02344	0.81727	0.01292	0.01961	0.01052	0.01674	0.01435	0.00957	0.01435	0.00813	0.00957	0.00574	0.00431	0.00431	0.00144	0.00670	0.00335	0.00191	0.00670
70	0.00567	0.00443	0.00516	0.00552	0.00655	0.00392	0.00404	0.00689	0.01013	0.01287	0.13631	0.29734	0.41204	0.01213	0.00555	0.00165	0.00250	0.05913	0.00431	0.00386
71	0.00607	0.00444	0.00571	0.00584	0.00672	0.00408	0.00426	0.00772	0.01130	0.01552	0.48225	0.27049	0.11496	0.01102	0.00550	0.00158	0.00235	0.03148	0.00466	0.00405
72	0.00909	0.02344	0.81727	0.01292	0.01961	0.01052	0.01674	0.01435	0.00957	0.01435	0.00813	0.00957	0.00574	0.00431	0.00431	0.00144	0.00670	0.00335	0.00191	0.00670
73	0.00731	0.00525	0.00729	0.00829	0.00934	0.00527	0.00720	0.00954	0.02426	0.01359	0.02393	0.07639	0.02599	0.01246	0.00621	0.00207	0.00411	0.74310	0.00418	0.00421
74	0.00648	0.00481	0.00705	0.00705	0.00779	0.00554	0.00538	0.00795	0.00722	0.01035	0.01235	0.01895	0.01183	0.11241	0.74506	0.00700	0.01138	0.00502	0.00246	0.00392
75	0.00845	0.00422	0.00422	0.00422	0.00528	0.00422	0.00317	0.01056	0.00950	0.01689	0.01478	0.01689	0.01161	0.00528	0.00317	0.00106	0.00211	0.00422	0.86591	0.00422
76	0.01211	0.84348	0.02374	0.00775	0.01163	0.01793	0.00775	0.01357	0.00921	0.01066	0.00630	0.00727	0.00582	0.00388	0.00291	0.00097	0.00485	0.00242	0.00194	0.00582
77	0.00598	0.00408	0.00540	0.00630	0.00671	0.00378	0.00426	0.00681	0.00887	0.03679	0.02549	0.78404	0.05689	0.01383	0.00573	0.00182	0.00266	0.01250	0.00425	0.00381
78	0.00562	0.00414	0.00528	0.00605	0.00660	0.00380	0.00418	0.00661	0.00933	0.01227	0.09276	0.62474	0.15378	0.01332	0.00569	0.00176	0.00258	0.03348	0.00427	0.00377
79	0.00551	0.00397	0.00523	0.00623	0.00655	0.00369	0.00417	0.00632	0.00876	0.01160	0.02598	0.79951	0.06761	0.01407	0.00576	0.00183	0.00261	0.01272	0.00421	0.00369
80	0.01969	0.00873	0.01115	0.00855	0.01208	0.00818	0.00706	0.18126	0.01468	0.65403	0.01644	0.01449	0.01050	0.00557	0.00455	0.00139	0.00409	0.00446	0.00539	0.00771
81	0.00856	0.00805	0.01359	0.82986	0.03121	0.01007	0.01258	0.01158	0.00906	0.01158	0.00805	0.01208	0.00604	0.00453	0.00453	0.00151	0.00604	0.00403	0.00201	0.00503
82	0.00658	0.00442	0.00508	0.00508	0.00513	0.00447	0.00292	0.00668	0.00663	0.00889	0.01415	0.02894	0.01616	0.79197	0.07142	0.00457	0.00486	0.00648	0.00273	0.00282
83	0.87276	0.00876	0.00666	0.00596	0.00876	0.01017	0.00491	0.01332	0.00771	0.02033	0.00631	0.00736	0.00491	0.00421	0.00280	0.00140	0.00351	0.00245	0.00280	0.00491
84	0.00559	0.00399	0.00533	0.00639	0.00668	0.00374	0.00432	0.00642	0.00874	0.01164	0.02494	0.80828	0.02982	0.01413	0.00580	0.00185	0.00269	0.04174	0.00421	0.00370
85	0.00569	0.00448	0.00507	0.00516	0.00629	0.00393	0.00374	0.00695	0.01045	0.01335	0.22011	0.17658	0.45856	0.05140	0.00628	0.00170	0.00242	0.00967	0.00432	0.00385
86	0.01142	0.01082	0.01861	0.01418	0.01779	0.01102	0.40748	0.03567	0.32146	0.05515	0.01372	0.01539	0.01042	0.00512	0.00503	0.00154	0.00571	0.02943	0.00347	0.00658
87	0.01098	0.01454	0.13528	0.01764	0.02233	0.07745	0.62373	0.01478	0.01071	0.01421	0.00885	0.01152	0.00663	0.00396	0.00510	0.00149	0.00755	0.00487	0.00224	0.00612
88	0.00752	0.00622	0.04632	0.00838	0.00974	0.00560	0.00747	0.03402	0.01061	0.01389	0.02355	0.10122	0.04868	0.01198	0.00605	0.00200	0.00416	0.64415	0.00408	0.00436
89	0.01132	0.01097	0.01829	0.02751	0.79724	0.02626	0.01381	0.01399	0.01037	0.01473	0.00849	0.01116	0.00715	0.00405	0.00448	0.00134	0.00544	0.00402	0.00224	0.00714
90	0.02714	0.05943	0.43154	0.01137	0.01609	0.17298	0.01236	0.02662	0.14407	0.01453	0.01074	0.01146	0.03236	0.00490	0.00425	0.00138	0.00616	0.00370	0.00258	0.00634
91	0.00555	0.00398	0.00527	0.00626	0.00657	0.00370	0.00420	0.00638	0.00883	0.01178	0.04937	0.80007	0.04323	0.01400	0.00576	0.00182	0.00261	0.01268	0.00423	0.00370
92	0.01205	0.80340	0.02389	0.00830	0.01221	0.01762	0.04575	0.01361	0.00928	0.01085	0.00644	0.00751	0.00587	0.00387	0.00303	0.00100	0.00498	0.00256	0.00196	0.00583
93	0.01098	0.22597	0.36317	0.01012	0.01519	0.01193	0.01129	0.09720	0.02375	0.02739	0.00827	0.00931	0.00636	0.00420	0.00382	0.00118	0.00536	0.00312	0.00244	0.15896
94	0.69711	0.00957	0.00808	0.00688	0.00985	0.01096	0.00567	0.17429	0.01050	0.02202	0.00725	0.00808	0.00548	0.00446	0.00316	0.00139	0.00381	0.00279	0.00316	0.00548
95	0.00545	0.00422	0.00497	0.00558	0.00638	0.00374	0.00388	0.00639	0.00938	0.01185	0.03386	0.50045	0.36157	0.01304	0.00560	0.00171	0.00249	0.01147	0.00421	0.00374
96	0.04503	0.00969	0.07519	0.00899	0.01263	0.00821	0.03235	0.12171	0.03164	0.54112	0.01566	0.01506	0.01047	0.00558	0.00452	0.00142	0.00430	0.02598	0.02313	0.00731
97	0.00909	0.02344	0.81727	0.01292	0.01961	0.01052	0.01674	0.01435	0.00957	0.01435	0.00813	0.00957	0.00574	0.00431	0.00431	0.00144	0.00670	0.00335	0.00191	0.00670
98	0.01917	0.00790	0.01050	0.00801	0.01156	0.00683	0.00660	0.04534	0.01288	0.71337	0.01671	0.01470	0.01067	0.00538	0.00444	0.00133	0.00384	0.00436	0.00529	0.09111
99	0.00592	0.00461	0.00538	0.00519	0.00647	0.00407	0.00389	0.00760	0.01167	0.01542	0.45588	0.03837	0.39869	0.01029	0.00535	0.00147	0.00221	0.00883	0.00463	0.00407
100	0.01742	0.01238	0.01340	0.01028	0.01390	0.01358	0.00849	0.74834	0.02078	0.07834	0.01132	0.01117	0.00793	0.00545	0.00453	0.00136	0.00491	0.00411	0.00460	0.00771
101	0.01557	0.01187	0.01267	0.01009	0.01342	0.01328	0.00821	0.58205	0.23933	0.02588	0.01299	0.01256	0.00941	0.00564	0.00455	0.00141	0.00460	0.00437	0.00455	0.00756
102	0.00549	0.00428	0.00498	0.00548	0.00637	0.00378	0.00385	0.00650	0.00964	0.01219	0.07107	0.43084	0.39401	0.01270	0.00556	0.00168	0.00245	0.01112	0.00424	0.00378
103	0.00560	0.00438	0.00509	0.00543	0.00644	0.00387	0.00391	0.00678	0.01010	0.01287	0.14710	0.32305	0.40996	0.01214	0.00552	0.00164	0.00243	0.02553	0.00432	0.00385
104	0.00787	0.00394	0.00590	0.00590	0.00590	0.00394	0.00394	0.00590	0.00590	0.00787	0.00787	0.01377	0.00787	0.01574	0.01771	0.86816	0.00394	0.00394	0.00197	0.00197
105	0.00999	0.00543	0.00714	0.00626	0.00799	0.00487	0.00485	0.01197	0.01272	0.22599	0.56057	0.02958	0.07747	0.00843	0.00514	0.00143	0.00260	0.00732	0.00511	0.00515
106	0.04490	0.00740	0.00967	0.00756	0.01074	0.00660	0.00621	0.03517	0.01253	0.67649	0.01700	0.01527	0.01101	0.00552	0.00433	0.00136	0.00365	0.00444	0.11294	0.00719
107	0.00940	0.00805	0.00940	0.00671	0.01074	0.00604	0.00537	0.01141	0.00940	0.01477	0.00805	0.00940	0.00671	0.00336	0.00336	0.00067	0.00336	0.00268	0.00268	0.86845
108	0.00865	0.00818	0.01361	0.77540	0.02992	0.01032	0.01241	0.01153	0.00892	0.01153	0.00791	0.01194	0.00603	0.00476	0.00522	0.00154	0.06106	0.00402	0.00201	0.00503
109	0.00583	0.00436	0.00544	0.00618	0.00692	0.00402	0.00452	0.00692	0.00937	0.01203	0.03004	0.46304	0.23558	0.03615	0.00624	0.00187	0.00287	0.15068	0.00416	0.00378
110	0.04903	0.01167	0.06018	0.01584	0.01968	0.01093	0.53757	0.03579	0.01050	0.05411	0.03570	0.01312	0.00840	0.03404	0.00661	0.00165	0.08160	0.00506	0.00260	0.00593
111	0.01567	0.01066	0.01162	0.00947	0.01263	0.02996	0.00763	0.31289	0.31452	0.20209	0.01522	0.01411	0.01077	0.00573	0.00456	0.00143	0.00428	0.00455	0.00475	0.00745
112	0.01169	0.74357	0.09507	0.00824	0.01228	0.01687	0.00855	0.01351	0.00928	0.01108	0.00701	0.00882	0.00643	0.00418	0.00314	0.00105	0.00499	0.02638	0.00200	0.00584
113	0.00622	0.00460	0.00560	0.00535	0.00654	0.00416	0.00401	0.00810	0.01204	0.01657	0.57760	0.03571	0.24255	0.00968	0.00526	0.00144	0.00218	0.00839	0.03986	0.00416
114	0.03300	0.01112	0.05573	0.03914	0.01827	0.00999	0.37520	0.10269	0.01204	0.18682	0.01116	0.02298	0.00805	0.00453	0.00477	0.00140	0.00587	0.00468	0.00330	0.08925
115	0.00909	0.02344	0.81727	0.01292	0.01961	0.01052	0.01674	0.01435	0.00957	0.01435	0.00813	0.00957	0.00574	0.00431	0.00431	0.00144	0.00670	0.00335	0.00191	0.00670
116	0.00591	0.00431	0.00560	0.00647	0.00705	0.00404	0.00471	0.00700	0.00924	0.01207	0.03664	0.54375	0.12685	0.03643	0.00630	0.00192	0.00295	0.17082	0.00417	0.00378
117	0.01125	0.01073	0.01817	0.04991	0.77574	0.01081	0.01377	0.02847	0.01049	0.01497	0.00855	0.01123	0.00716	0.00408	0.00449	0.00135	0.00539	0.00404	0.00228	0.00713
118	0.00678	0.00493	0.00601	0.00569	0.00698	0.00451	0.00431	0.03244	0.01226	0.03502	0.52828	0.06161	0.23818	0.00986	0.00534	0.00148	0.00236	0.02487	0.00474	0.00432
119	0.00554	0.00457	0.00462	0.00461	0.00610	0.00386	0.00346	0.00677	0.01037	0.01266	0.06952	0.04198	0.74636	0.01110	0.00525	0.00150	0.00228	0.00926	0.04632	0.00386
120	0.03749	0.01075	0.01207	0.00934	0.01277	0.01137	0.00769	0.51030	0.03271	0.24779	0.01306	0.01247	0.00892	0.00546	0.00444	0.00136	0.00447	0.00420	0.04586	0.00747
121	0.01173	0.73810	0.12572	0.00842	0.01266	0.01698	0.00891	0.01367	0.00925	0.01114	0.00654	0.00756	0.00581	0.00393	0.00309	0.00103	0.00508	0.00254	0.00194	0.00593
122	0.00721	0.00703	0.01222	0.00986	0.01215	0.00638	0.27085	0.00919	0.01015	0.01296	0.04052	0.19820	0.36572	0.00943	0.00544	0.00159	0.00416	0.00881	0.00357	0.00457
123	0.00571	0.00406	0.00517	0.00597	0.00624	0.00382	0.00389	0.00637	0.00836	0.01108	0.02397	0.64762	0.06507	0.16942	0.00901	0.00231	0.00294	0.01154	0.00393	0.00351
124	0.05338	0.00918	0.00978	0.00856	0.01116	0.01021	0.00675	0.10753	0.51227	0.07755	0.04600	0.01907	0.08652	0.00660	0.00462	0.00150	0.00360	0.01444	0.00456	0.00672
125	0.01465	0.00859	0.01131	0.00906	0.01196	0.00850	0.07082	0.18003	0.08613	0.32351	0.04667	0.09686	0.08438	0.00699	0.00500	0.00148	0.01679	0.00594	0.00468	0.00663
126	0.01122	0.01077	0.01839	0.02781	0.81248	0.01077	0.01391	0.01391	0.01032	0.01480	0.00852	0.01122	0.00718	0.00404	0.00449	0.00135	0.00538	0.00404	0.00224	0.00718
127	0.00648	0.00481	0.00705	0.00704	0.00780	0.00550	0.00538	0.00800	0.00750	0.01076	0.05076	0.01944	0.01322	0.09159	0.72510	0.00679	0.01109	0.00514	0.00257	0.00396
128	0.87276	0.00876	0.00666	0.00596	0.00876	0.01017	0.00491	0.01332	0.00771	0.02033	0.00631	0.00736	0.00491	0.00421	0.00280	0.00140	0.00351	0.00245	0.00280	0.00491
129	0.01043	0.01013	0.03125	0.15322	0.52131	0.00986	0.02594	0.01312	0.00995	0.01426	0.00837	0.01103	0.00688	0.00400	0.00431	0.00126	0.00521	0.00382	0.00228	0.15336
130	0.01052	0.03656	0.03330	0.01652	0.18077	0.04298	0.33983	0.03048	0.01063	0.01453	0.02205	0.02419	0.05914	0.00456	0.00467	0.00131	0.00582	0.00477	0.00257	0.15479
131	0.00650	0.00475	0.00675	0.00675	0.00737	0.00537	0.00500	0.00775	0.00712	0.01012	0.01263	0.02051	0.01250	0.21838	0.64000	0.00662	0.01037	0.00525	0.00250	0.00375
132	0.03244	0.00822	0.01003	0.00824	0.01120	0.00815	0.00663	0.05253	0.24383	0.45529	0.07054	0.01756	0.01415	0.02228	0.00498	0.00151	0.00372	0.01650	0.00510	0.00712
133	0.01011	0.29263	0.54124	0.01134	0.01707	0.01297	0.02891	0.01410	0.00947	0.01314	0.00755	0.00886	0.00579	0.00415	0.00387	0.00128	0.00611	0.00308	0.00193	0.00640
134	0.03196	0.00906	0.04893	0.00971	0.03885	0.00807	0.04502	0.08334	0.01268	0.53707	0.01549	0.01563	0.01061	0.00613	0.01580	0.00153	0.04193	0.03627	0.02481	0.00712
135	0.01022	0.00544	0.00568	0.00521	0.00670	0.01827	0.00402	0.05821	0.02495	0.09346	0.03949	0.01679	0.01226	0.00545	0.00349	0.00113	0.00257	0.00437	0.67748	0.00483
136	0.00866	0.00816	0.01372	0.76761	0.07762	0.01000	0.01251	0.01163	0.00916	0.01178	0.00873	0.01257	0.01992	0.00462	0.00454	0.00150	0.00594	0.00412	0.00206	0.00514
137	0.03339	0.03714	0.25750	0.00965	0.01340	0.06311	0.00961	0.07551	0.16499	0.11038	0.03339	0.08395	0.07569	0.00642	0.00455	0.00145	0.00480	0.00522	0.00357	0.00628
138	0.08928	0.07234	0.46008	0.01076	0.01601	0.01051	0.01235	0.08360	0.01108	0.17747	0.01005	0.01051	0.00695	0.00463	0.00415	0.00139	0.00557	0.00351	0.00297	0.00677

[dist]
# distance from previous block
# <min> <max>
0	2

[block]
# block no. 1 follows, 57 sequences, length 46
# corresponding to MSA columns:
# 936-981
name=unknown_B
#
# <colnr> <probs for GDERKNQSTAVLIFYWHMCP>
#	G	D	E	R	K	N	Q	S	T	A	V	L	I	F	Y	W	H	M	C	P
0	0.01878	0.07963	0.06497	0.00768	0.03995	0.00672	0.00631	0.03430	0.01154	0.01604	0.38505	0.04947	0.09198	0.00827	0.00493	0.00141	0.00327	0.09275	0.00401	0.07295
1	0.03924	0.17511	0.09828	0.01174	0.01481	0.13734	0.13783	0.04462	0.01013	0.05472	0.00781	0.00970	0.00637	0.00513	0.00661	0.00142	0.20114	0.00362	0.00241	0.03196
2	0.01203	0.01014	0.01165	0.04272	0.06756	0.03081	0.02074	0.14356	0.45502	0.03369	0.02809	0.01525	0.01182	0.01979	0.02417	0.00167	0.04206	0.00478	0.01768	0.00678
3	0.00578	0.00459	0.00518	0.00506	0.00639	0.00400	0.00379	0.00731	0.01128	0.01458	0.34801	0.05561	0.49106	0.01065	0.00536	0.00149	0.00224	0.00909	0.00452	0.00400
4	0.01723	0.01269	0.01360	0.01043	0.01405	0.01405	0.00861	0.79738	0.02131	0.02856	0.01088	0.01088	0.00771	0.00544	0.00453	0.00136	0.00499	0.00408	0.00453	0.00771
5	0.01016	0.13833	0.58913	0.02533	0.01755	0.01122	0.01406	0.03854	0.01004	0.04992	0.00956	0.01064	0.03113	0.00455	0.00414	0.00135	0.00604	0.00349	0.00225	0.02255
6	0.01139	0.01110	0.01822	0.02731	0.78770	0.03596	0.01375	0.01404	0.01040	0.01469	0.00848	0.01112	0.00714	0.00406	0.00447	0.00134	0.00547	0.00400	0.00225	0.00712
7	0.00552	0.00394	0.00526	0.00631	0.00657	0.00368	0.00421	0.00631	0.00868	0.01157	0.02498	0.83779	0.02997	0.01420	0.00578	0.00184	0.00263	0.01288	0.00421	0.00368
8	0.01002	0.00925	0.01556	0.11622	0.52317	0.00946	0.03118	0.01264	0.01021	0.01414	0.01195	0.02027	0.01127	0.00599	0.00491	0.00153	0.00524	0.17813	0.00265	0.00623
9	0.01033	0.01065	0.01436	0.01218	0.01250	0.05826	0.04246	0.01145	0.00742	0.01107	0.00614	0.00991	0.00598	0.00758	0.01388	0.00192	0.75290	0.00397	0.00201	0.00502
10	0.01111	0.01066	0.01821	0.05874	0.78236	0.01074	0.01386	0.01382	0.01027	0.01468	0.00851	0.01125	0.00713	0.00406	0.00449	0.00135	0.00541	0.00404	0.00223	0.00709
11	0.00619	0.00442	0.00603	0.00708	0.00763	0.00426	0.00537	0.00747	0.00934	0.01232	0.02460	0.54148	0.02850	0.01356	0.00596	0.00193	0.00321	0.30257	0.00419	0.00387
12	0.08386	0.01205	0.03147	0.01045	0.01406	0.01280	0.05987	0.55922	0.07464	0.07903	0.01136	0.01140	0.00806	0.00527	0.00445	0.00139	0.00491	0.00412	0.00427	0.00732
13	0.00618	0.00468	0.00565	0.00557	0.00670	0.00425	0.00411	0.02489	0.01156	0.01550	0.43034	0.17152	0.27107	0.01068	0.00540	0.00153	0.00233	0.00930	0.00461	0.00412
14	0.01053	0.01242	0.05615	0.03915	0.02305	0.01153	0.70121	0.01423	0.01040	0.01423	0.00892	0.01199	0.00676	0.00409	0.00583	0.00155	0.05453	0.00516	0.00225	0.00604
15	0.01803	0.01045	0.01213	0.00930	0.01288	0.01070	0.00767	0.44143	0.02895	0.34206	0.01366	0.01272	0.00915	0.00542	0.00449	0.00135	0.00444	0.00422	0.00488	0.04606
16	0.00940	0.00805	0.00940	0.00671	0.01074	0.00604	0.00537	0.01141	0.00940	0.01477	0.00805	0.00940	0.00671	0.00336	0.00336	0.00067	0.00336	0.00268	0.00268	0.86845
17	0.01115	0.00898	0.01023	0.00753	0.01141	0.00775	0.00607	0.15841	0.04234	0.03366	0.00918	0.01008	0.00726	0.00390	0.00365	0.00085	0.00368	0.00308	0.00316	0.65766
18	0.01115	0.01070	0.01827	0.04832	0.79251	0.01075	0.01387	0.01385	0.01029	0.01472	0.00851	0.01124	0.00715	0.00405	0.00449	0.00135	0.00540	0.00404	0.00224	0.00712
19	0.00566	0.00438	0.00546	0.00640	0.03151	0.00396	0.00426	0.00664	0.00933	0.01199	0.04324	0.53876	0.28614	0.01291	0.00560	0.00172	0.00260	0.01144	0.00416	0.00385
20	0.00552	0.00394	0.00526	0.00631	0.00657	0.00368	0.00421	0.00631	0.00868	0.01157	0.02498	0.83779	0.02997	0.01420	0.00578	0.00184	0.00263	0.01288	0.00421	0.00368
21	0.00633	0.00463	0.00594	0.00561	0.00672	0.00424	0.00421	0.00839	0.01263	0.01771	0.75016	0.03461	0.10298	0.00944	0.00535	0.00143	0.00215	0.00830	0.00493	0.00424
22	0.00909	0.02344	0.81727	0.01292	0.01961	0.01052	0.01674	0.01435	0.00957	0.01435	0.00813	0.00957	0.00574	0.00431	0.00431	0.00144	0.00670	0.00335	0.00191	0.00670
23	0.01104	0.01070	0.01771	0.11967	0.70426	0.02938	0.01364	0.01374	0.01023	0.01435	0.00843	0.01124	0.00702	0.00411	0.00448	0.00136	0.00552	0.00401	0.00222	0.00689
24	0.00647	0.00485	0.00728	0.00728	0.00809	0.00566	0.00566	0.00809	0.00728	0.01052	0.01214	0.01780	0.01133	0.03398	0.82279	0.00728	0.01214	0.00485	0.00243	0.00405
25	0.00560	0.00403	0.00531	0.00619	0.00658	0.00374	0.00419	0.00654	0.00914	0.01224	0.10286	0.73198	0.05755	0.01362	0.00573	0.00179	0.00257	0.01231	0.00428	0.00374
26	0.00543	0.00460	0.00469	0.00469	0.00620	0.00386	0.00354	0.00662	0.01042	0.01247	0.07163	0.04340	0.77095	0.01142	0.00537	0.00154	0.00232	0.02277	0.00423	0.00385
27	0.00970	0.02258	0.77311	0.01265	0.01917	0.01031	0.01619	0.01477	0.00975	0.05822	0.00867	0.00989	0.00604	0.00438	0.00432	0.00143	0.00654	0.00341	0.00212	0.00675
28	0.00536	0.00459	0.00459	0.00459	0.00612	0.00383	0.00344	0.00650	0.01033	0.01224	0.04590	0.04361	0.81065	0.01148	0.00536	0.00153	0.00230	0.00956	0.00421	0.00383
29	0.02013	0.00803	0.01071	0.00821	0.01172	0.00713	0.00678	0.07114	0.01350	0.76582	0.01743	0.01514	0.01099	0.00560	0.00456	0.00140	0.00393	0.00453	0.00554	0.00771
30	0.01164	0.01132	0.01785	0.02604	0.72629	0.05013	0.01338	0.03841	0.01069	0.01494	0.00845	0.01102	0.00709	0.00422	0.00476	0.00136	0.02907	0.00398	0.00231	0.00704
31	0.01355	0.01522	0.01045	0.00965	0.02262	0.48395	0.00724	0.06214	0.01260	0.03585	0.04176	0.01873	0.18366	0.00663	0.00449	0.00130	0.00603	0.02906	0.02999	0.00509
32	0.00650	0.00476	0.00681	0.00681	0.00746	0.00541	0.00508	0.00779	0.00714	0.01017	0.01257	0.02018	0.01236	0.19587	0.66232	0.00670	0.01058	0.00520	0.00249	0.00378
33	0.01635	0.09175	0.01382	0.01132	0.01375	0.71587	0.00869	0.03455	0.01257	0.01143	0.00700	0.00820	0.00588	0.00470	0.00426	0.00117	0.02808	0.00293	0.00234	0.00535
34	0.00667	0.00517	0.00590	0.00551	0.00697	0.00474	0.00419	0.06231	0.01225	0.01613	0.39824	0.03681	0.39847	0.01003	0.00529	0.00147	0.00241	0.00855	0.00459	0.00430
35	0.01068	0.09056	0.44330	0.01108	0.03347	0.04084	0.01225	0.04440	0.01022	0.05644	0.00850	0.00968	0.00635	0.00426	0.00420	0.00123	0.02137	0.00323	0.00239	0.18553
36	0.00722	0.00538	0.00765	0.00743	0.00841	0.00621	0.00578	0.06279	0.00823	0.01172	0.01212	0.01769	0.01124	0.05722	0.74104	0.00678	0.01140	0.00486	0.00258	0.00426
37	0.06927	0.05619	0.60790	0.01168	0.01735	0.01069	0.02521	0.01499	0.08700	0.01519	0.03715	0.01092	0.00779	0.00463	0.00422	0.00142	0.00594	0.00362	0.00235	0.00649
38	0.06953	0.00810	0.00923	0.00669	0.01062	0.00634	0.00537	0.01178	0.00936	0.03310	0.00815	0.00939	0.00669	0.00347	0.00334	0.00074	0.00338	0.00271	0.00276	0.78927
39	0.01205	0.78572	0.02337	0.00914	0.06718	0.01743	0.00818	0.01359	0.00928	0.01095	0.00645	0.00754	0.00591	0.00389	0.00302	0.00100	0.00488	0.00253	0.00196	0.00591
40	0.01009	0.01005	0.10948	0.00826	0.01251	0.00688	0.05179	0.01256	0.00972	0.07017	0.00924	0.03115	0.00751	0.00393	0.00373	0.00089	0.00403	0.00331	0.00281	0.63189
41	0.07047	0.01149	0.02335	0.01749	0.05176	0.01101	0.63784	0.04358	0.01076	0.01530	0.00987	0.05701	0.00805	0.00448	0.00513	0.00152	0.00689	0.00546	0.00252	0.00600
42	0.06672	0.00501	0.00593	0.00556	0.00692	0.00466	0.00422	0.00887	0.01195	0.04199	0.56767	0.03350	0.20183	0.00927	0.00515	0.00145	0.00232	0.00797	0.00469	0.00433
43	0.00749	0.00564	0.00723	0.00812	0.00913	0.03066	0.00692	0.00937	0.01021	0.01310	0.02317	0.06069	0.03783	0.06973	0.00733	0.00220	0.00426	0.67881	0.00402	0.00409
44	0.01241	0.01051	0.05751	0.19184	0.12242	0.05398	0.14267	0.04446	0.01106	0.18854	0.01338	0.03017	0.06376	0.00538	0.00503	0.00146	0.03126	0.00482	0.00317	0.00617
45	0.02185	0.13636	0.52848	0.01117	0.01655	0.01096	0.01329	0.03366	0.03272	0.08041	0.01014	0.02871	0.00797	0.00504	0.00425	0.00141	0.00582	0.04221	0.00253	0.00648

[dist]
# distance from previous block
# <min> <max>
8	62

[block]
# block no. 2 follows, 57 sequences, length 12
# corresponding to MSA columns:
# 1049-1060
name=unknown_C
#
# <colnr> <probs for GDERKNQSTAVLIFYWHMCP>
#	G	D	E	R	K	N	Q	S	T	A	V	L	I	F	Y	W	H	M	C	P
0	0.17727	0.00802	0.02369	0.00778	0.03168	0.03569	0.00611	0.04778	0.02294	0.06903	0.11507	0.07956	0.05438	0.00757	0.02264	0.00150	0.02289	0.08646	0.00359	0.17636
1	0.12472	0.00813	0.00902	0.00681	0.01041	0.00695	0.00545	0.02990	0.04993	0.04423	0.05387	0.01112	0.00904	0.00407	0.00353	0.00090	0.00337	0.00318	0.00307	0.61230
2	0.01072	0.03917	0.02941	0.10501	0.01676	0.02898	0.20281	0.03925	0.11588	0.04961	0.01115	0.02795	0.00918	0.00524	0.00534	0.00138	0.06853	0.04710	0.00296	0.18356
3	0.01017	0.00968	0.01183	0.00866	0.01261	0.07336	0.10392	0.01234	0.00984	0.01443	0.00811	0.00965	0.00666	0.00352	0.00366	0.00082	0.00428	0.00303	0.00261	0.69081
4	0.00927	0.00734	0.01058	0.00860	0.01136	0.00645	0.11073	0.01196	0.05061	0.07004	0.12443	0.07942	0.04478	0.00701	0.00474	0.00132	0.00385	0.12844	0.00364	0.30544
5	0.87276	0.00876	0.00666	0.00596	0.00876	0.01017	0.00491	0.01332	0.00771	0.02033	0.00631	0.00736	0.00491	0.00421	0.00280	0.00140	0.00351	0.00245	0.00280	0.00491
6	0.00796	0.00668	0.00599	0.00584	0.00615	0.11322	0.00355	0.00812	0.00742	0.00909	0.01331	0.02680	0.01506	0.72954	0.02054	0.00396	0.00490	0.00610	0.00269	0.00308
7	0.00588	0.00480	0.00567	0.00596	0.03202	0.00436	0.00425	0.00729	0.01027	0.01307	0.16992	0.07581	0.50990	0.01399	0.11408	0.00229	0.00369	0.00869	0.00404	0.00403
8	0.73612	0.07372	0.00831	0.00627	0.00922	0.01048	0.00527	0.01405	0.00826	0.08449	0.00725	0.00801	0.00549	0.00430	0.00296	0.00137	0.00364	0.00262	0.00297	0.00521
9	0.00836	0.00508	0.00691	0.00658	0.00747	0.00536	0.00479	0.00943	0.00780	0.11701	0.01364	0.02157	0.01309	0.30836	0.43823	0.00550	0.00837	0.00541	0.00296	0.00409
10	0.00940	0.00805	0.00940	0.00671	0.01074	0.00604	0.00537	0.01141	0.00940	0.01477	0.00805	0.00940	0.00671	0.00336	0.00336	0.00067	0.00336	0.00268	0.00268	0.86845
11	0.01074	0.01038	0.01929	0.01425	0.01798	0.00988	0.46626	0.07735	0.03809	0.05152	0.01527	0.01770	0.11493	0.00548	0.00530	0.00148	0.02173	0.03266	0.00304	0.06667

[dist]
# distance from previous block
# <min> <max>
12	64

[block]
# block no. 3 follows, 57 sequences, length 15
# corresponding to MSA columns:
# 1147-1161
name=unknown_D
#
# <colnr> <probs for GDERKNQSTAVLIFYWHMCP>
#	G	D	E	R	K	N	Q	S	T	A	V	L	I	F	Y	W	H	M	C	P
0	0.07989	0.08926	0.09681	0.00900	0.01213	0.20941	0.00783	0.10328	0.01139	0.03854	0.02904	0.01238	0.03250	0.06399	0.02651	0.00156	0.02299	0.00368	0.00284	0.14696
1	0.13229	0.00908	0.01104	0.00846	0.01179	0.02547	0.08311	0.11313	0.03524	0.10684	0.02240	0.01257	0.00869	0.07614	0.00553	0.00139	0.00424	0.00380	0.00332	0.32546
2	0.01265	0.08075	0.01211	0.00885	0.03627	0.03953	0.03580	0.10417	0.04856	0.15944	0.09497	0.01350	0.01166	0.00495	0.00424	0.00112	0.01617	0.00402	0.00363	0.30763
3	0.01139	0.00959	0.03589	0.07908	0.02961	0.04555	0.03343	0.04694	0.04875	0.10439	0.00977	0.01080	0.00749	0.00405	0.00385	0.00098	0.00423	0.00333	0.00306	0.50783
4	0.03706	0.00653	0.00664	0.00652	0.00729	0.07540	0.00454	0.00945	0.03568	0.04250	0.07059	0.13000	0.04626	0.39744	0.01379	0.00292	0.02934	0.07087	0.00337	0.00382
5	0.09608	0.08779	0.01245	0.00919	0.01218	0.13040	0.00750	0.34743	0.02726	0.06651	0.01061	0.04697	0.00854	0.00784	0.07443	0.00181	0.00566	0.00405	0.00361	0.03972
6	0.00648	0.00481	0.00707	0.00707	0.00780	0.00555	0.00540	0.00795	0.00722	0.01036	0.01233	0.01888	0.01180	0.10753	0.74989	0.00702	0.01143	0.00501	0.00246	0.00393
7	0.04793	0.01837	0.08551	0.01180	0.06080	0.54887	0.00914	0.01627	0.01183	0.03983	0.01086	0.01179	0.07517	0.00529	0.00449	0.00127	0.02911	0.00366	0.00257	0.00544
8	0.00568	0.00462	0.00508	0.00526	0.00661	0.00402	0.00404	0.00698	0.01038	0.01274	0.09090	0.10400	0.60341	0.01167	0.00550	0.00162	0.00255	0.10681	0.00425	0.00389
9	0.00929	0.00805	0.00994	0.11380	0.01340	0.00656	0.00631	0.01143	0.00935	0.01435	0.00805	0.00975	0.00662	0.00351	0.00351	0.00078	0.00371	0.00286	0.00260	0.75613
10	0.00928	0.00765	0.00916	0.00727	0.01022	0.00672	0.00571	0.08197	0.01008	0.01499	0.01118	0.13833	0.01076	0.00805	0.07471	0.00154	0.04082	0.00463	0.00304	0.54389
11	0.22452	0.15118	0.01192	0.00831	0.01108	0.09508	0.00697	0.14149	0.07758	0.07171	0.01167	0.04023	0.01016	0.00658	0.02175	0.00153	0.00472	0.09432	0.00342	0.00579
12	0.02252	0.02700	0.03486	0.02058	0.02439	0.13102	0.04727	0.05193	0.04725	0.02782	0.17848	0.10361	0.01793	0.02207	0.00519	0.00139	0.02983	0.02430	0.07756	0.10501
13	0.05821	0.24892	0.03865	0.00909	0.01278	0.01286	0.03776	0.28578	0.02796	0.09096	0.02455	0.01143	0.00834	0.00490	0.00395	0.00122	0.00466	0.02224	0.00346	0.09229
14	0.05397	0.04506	0.04008	0.01065	0.04811	0.25522	0.02106	0.19790	0.10425	0.03123	0.01064	0.03008	0.00883	0.05231	0.00530	0.00147	0.00561	0.01704	0.00327	0.05792

[dist]
# distance from previous block
# <min> <max>
11	71

[block]
# block no. 4 follows, 57 sequences, length 11
# corresponding to MSA columns:
# 1251-1261
name=unknown_E
#
# <colnr> <probs for GDERKNQSTAVLIFYWHMCP>
#	G	D	E	R	K	N	Q	S	T	A	V	L	I	F	Y	W	H	M	C	P
0	0.03106	0.00838	0.03238	0.04405	0.29793	0.00779	0.03864	0.01148	0.02453	0.03223	0.10584	0.06061	0.17011	0.00666	0.00485	0.00138	0.01704	0.00590	0.00319	0.09595
1	0.00891	0.00773	0.01026	0.00871	0.06485	0.00626	0.05115	0.01096	0.00977	0.01473	0.08366	0.09853	0.01250	0.00510	0.00398	0.00096	0.00355	0.00450	0.00300	0.59086
2	0.01080	0.01022	0.01650	0.10714	0.52406	0.01048	0.04914	0.01499	0.12453	0.01505	0.00990	0.01205	0.00797	0.00434	0.00447	0.00135	0.00516	0.00416	0.00259	0.06509
3	0.00940	0.00805	0.00940	0.00671	0.01074	0.00604	0.00537	0.01141	0.00940	0.01477	0.00805	0.00940	0.00671	0.00336	0.00336	0.00067	0.00336	0.00268	0.00268	0.86845
4	0.01087	0.00962	0.01786	0.01502	0.09997	0.00925	0.37354	0.02808	0.07422	0.09797	0.08656	0.09373	0.01425	0.00611	0.00518	0.00154	0.00551	0.04133	0.00337	0.00602
5	0.01006	0.00803	0.00946	0.00679	0.01079	0.00608	0.00545	0.01205	0.00961	0.06304	0.00865	0.00976	0.00698	0.00349	0.00343	0.00072	0.00339	0.00280	0.00286	0.81657
6	0.00950	0.00819	0.01392	0.56802	0.09887	0.00952	0.05660	0.01231	0.00935	0.06625	0.00925	0.01283	0.00710	0.00760	0.09011	0.00209	0.00656	0.00423	0.00234	0.00537
7	0.06706	0.09996	0.01459	0.04935	0.01460	0.14217	0.06186	0.37381	0.04405	0.05812	0.01013	0.02625	0.00772	0.00513	0.00427	0.00133	0.00547	0.00394	0.00358	0.00662
8	0.01130	0.09736	0.01733	0.12323	0.51951	0.01142	0.01215	0.08536	0.01117	0.01539	0.04652	0.01195	0.00863	0.00446	0.00437	0.00133	0.00522	0.00407	0.00252	0.00668
9	0.00724	0.00558	0.00753	0.00716	0.00877	0.00494	0.04262	0.00882	0.00986	0.03174	0.07545	0.28056	0.13611	0.02475	0.00562	0.00163	0.00331	0.17708	0.00390	0.15733
10	0.01199	0.00987	0.00993	0.00779	0.01100	0.11006	0.00607	0.10510	0.03001	0.09133	0.01043	0.03322	0.00881	0.08132	0.00560	0.00128	0.00428	0.00373	0.00322	0.45494

[dist]
# distance from previous block
# <min> <max>
0	23

[block]
# block no. 5 follows, 57 sequences, length 10
# corresponding to MSA columns:
# 1287-1296
name=unknown_F
#
# <colnr> <probs for GDERKNQSTAVLIFYWHMCP>
#	G	D	E	R	K	N	Q	S	T	A	V	L	I	F	Y	W	H	M	C	P
0	0.00856	0.00701	0.00816	0.00629	0.00920	0.00554	0.00471	0.01005	0.00872	0.01323	0.01035	0.05656	0.01014	0.19552	0.00799	0.00158	0.00356	0.00410	0.00278	0.62597
1	0.01138	0.28388	0.20161	0.01423	0.19720	0.07458	0.04257	0.04322	0.01044	0.01360	0.02695	0.01058	0.02555	0.00442	0.00396	0.00123	0.00561	0.00352	0.00228	0.02320
2	0.00552	0.00394	0.00526	0.00631	0.00657	0.00368	0.00421	0.00631	0.00868	0.01157	0.02498	0.83779	0.02997	0.01420	0.00578	0.00184	0.00263	0.01288	0.00421	0.00368
3	0.20695	0.00822	0.00877	0.00654	0.01029	0.00698	0.00526	0.01185	0.00901	0.01604	0.00765	0.00893	0.00630	0.00355	0.00323	0.00084	0.00339	0.00263	0.00271	0.67086
4	0.03385	0.01312	0.01357	0.01405	0.19597	0.20036	0.00930	0.24548	0.03737	0.15693	0.02883	0.01173	0.00867	0.00505	0.00441	0.00133	0.00549	0.00397	0.00366	0.00686
5	0.00617	0.00462	0.00572	0.00545	0.00662	0.00417	0.00409	0.00808	0.01226	0.01681	0.63523	0.03608	0.21846	0.00977	0.00535	0.00145	0.00217	0.00851	0.00481	0.00417
6	0.01112	0.01115	0.01018	0.00785	0.01149	0.19287	0.00614	0.01294	0.01018	0.01392	0.00781	0.00912	0.00651	0.00366	0.00352	0.00078	0.00446	0.00274	0.00260	0.67094
7	0.01182	0.03000	0.01076	0.00902	0.01133	0.04668	0.03923	0.25690	0.13869	0.05523	0.03035	0.25688	0.01655	0.00831	0.00495	0.00154	0.00416	0.03920	0.00419	0.02422
8	0.22313	0.45541	0.10128	0.00811	0.01180	0.01443	0.00807	0.05373	0.00950	0.01447	0.00745	0.00959	0.00652	0.00454	0.00354	0.00121	0.02439	0.03477	0.00238	0.00569
9	0.02853	0.02344	0.05044	0.00846	0.01033	0.20346	0.00675	0.05835	0.02279	0.03309	0.04226	0.21000	0.03704	0.01399	0.19189	0.00276	0.00659	0.00624	0.00319	0.04040

[dist]
# distance from previous block
# <min> <max>
1	27

[block]
# block no. 6 follows, 57 sequences, length 22
# corresponding to MSA columns:
# 1324-1345
name=unknown_G
#
# <colnr> <probs for GDERKNQSTAVLIFYWHMCP>
#	G	D	E	R	K	N	Q	S	T	A	V	L	I	F	Y	W	H	M	C	P
0	0.07119	0.10051	0.04493	0.01025	0.03146	0.32157	0.00826	0.15683	0.04430	0.06559	0.00890	0.00956	0.00688	0.00464	0.00395	0.00119	0.00587	0.00325	0.00303	0.09784
