[name]
unknown

[dist]
# distance from previous block
# <min> <max>
2	232

[block]
# block no. 0 follows, 50 sequences, length 46
# corresponding to MSA columns:
# 259-282,312-333
name=unknown_A
#
# <colnr> <probs for GDERKNQSTAVLIFYWHMCP>
#	G	D	E	R	K	N	Q	S	T	A	V	L	I	F	Y	W	H	M	C	P
0	0.02759	0.02435	0.06570	0.05483	0.19716	0.02813	0.01036	0.15000	0.01417	0.18438	0.11512	0.01613	0.01379	0.00599	0.00529	0.00150	0.02916	0.00497	0.00408	0.04729
1	0.01161	0.05595	0.04005	0.04745	0.09436	0.01126	0.06011	0.07951	0.18200	0.02800	0.01403	0.10946	0.01235	0.00688	0.00620	0.00158	0.09614	0.00567	0.03377	0.10362
2	0.00840	0.03631	0.15842	0.00925	0.05424	0.00722	0.00808	0.03817	0.01317	0.01840	0.46387	0.03013	0.11726	0.00877	0.00549	0.00156	0.00373	0.00755	0.00446	0.00552
3	0.05741	0.02312	0.01230	0.01064	0.09560	0.00920	0.00762	0.12879	0.03804	0.07515	0.01040	0.01139	0.00810	0.00445	0.00412	0.00107	0.00428	0.00356	0.00350	0.49127
4	0.00746	0.00607	0.00917	0.10636	0.13542	0.00612	0.00742	0.00896	0.00988	0.01329	0.02239	0.59704	0.02586	0.01258	0.00597	0.00189	0.00382	0.01147	0.00400	0.00484
5	0.00953	0.00614	0.00774	0.00884	0.10046	0.00652	0.00580	0.01245	0.05315	0.01710	0.01490	0.01777	0.01209	0.01088	0.13345	0.00237	0.02987	0.00478	0.54098	0.00521
6	0.01592	0.05543	0.01355	0.01025	0.01351	0.07371	0.00834	0.50968	0.01966	0.02581	0.12010	0.04950	0.04828	0.00708	0.00507	0.00150	0.00508	0.00557	0.00469	0.00728
7	0.00828	0.00607	0.00812	0.00814	0.00927	0.00595	0.03806	0.09936	0.01175	0.02933	0.06112	0.57381	0.05266	0.01337	0.00615	0.00192	0.00351	0.05365	0.00465	0.00483
8	0.18581	0.01221	0.05538	0.01134	0.08087	0.09285	0.00858	0.14394	0.09467	0.14587	0.01408	0.10844	0.01171	0.00667	0.00471	0.00158	0.00499	0.00530	0.00413	0.00688
9	0.01416	0.41455	0.09202	0.01395	0.15037	0.21143	0.01087	0.01630	0.01136	0.01301	0.00773	0.00923	0.00666	0.00455	0.00396	0.00124	0.00652	0.00320	0.00230	0.00659
10	0.00658	0.00481	0.00617	0.00639	0.00729	0.00441	0.00458	0.00827	0.01215	0.01666	0.43511	0.32509	0.11914	0.01243	0.00606	0.00175	0.00257	0.01106	0.00508	0.00441
11	0.01235	0.11014	0.02822	0.01900	0.02389	0.01361	0.64196	0.05818	0.01222	0.01632	0.00981	0.01272	0.00748	0.00431	0.00551	0.00160	0.00788	0.00542	0.00261	0.00678
12	0.00605	0.00442	0.00570	0.00672	0.00717	0.00407	0.00453	0.00697	0.00976	0.01281	0.03021	0.72974	0.12303	0.01526	0.00631	0.00198	0.00285	0.01374	0.00463	0.00407
13	0.00941	0.00886	0.01495	0.81285	0.03433	0.01107	0.01384	0.01274	0.00997	0.01274	0.00886	0.01329	0.00664	0.00498	0.00498	0.00166	0.00664	0.00443	0.00221	0.00554
14	0.00711	0.00477	0.00548	0.00561	0.00565	0.00474	0.00321	0.00721	0.00752	0.01003	0.01710	0.12627	0.01988	0.72877	0.02311	0.00450	0.00460	0.00807	0.00321	0.00314
15	0.00607	0.00434	0.00578	0.00694	0.00723	0.00405	0.00463	0.00694	0.00954	0.01272	0.02747	0.82157	0.03297	0.01562	0.00636	0.00202	0.00289	0.01417	0.00463	0.00405
16	0.01006	0.00698	0.00608	0.00586	0.00719	0.09964	0.00440	0.01226	0.01144	0.01804	0.13229	0.02026	0.01720	0.00639	0.00397	0.00124	0.00312	0.00514	0.62367	0.00479
17	0.01060	0.00930	0.01172	0.01038	0.10468	0.00763	0.00723	0.01285	0.01034	0.01607	0.00882	0.01060	0.00741	0.00399	0.00438	0.00089	0.03834	0.00319	0.00286	0.71873
18	0.01450	0.51341	0.06911	0.01034	0.01459	0.08898	0.04953	0.11125	0.03349	0.04076	0.00870	0.00960	0.00715	0.00471	0.00388	0.00124	0.00589	0.00333	0.00276	0.00678
19	0.01333	0.82783	0.02612	0.00853	0.01279	0.01972	0.00853	0.01493	0.01013	0.01173	0.00693	0.00800	0.00640	0.00426	0.00320	0.00107	0.00533	0.00267	0.00213	0.00640
20	0.00602	0.00455	0.00556	0.00636	0.00708	0.00410	0.00437	0.00701	0.01010	0.01295	0.03449	0.58585	0.26416	0.01470	0.00622	0.00192	0.00278	0.01306	0.00463	0.00410
21	0.04293	0.28634	0.37287	0.01183	0.01727	0.05589	0.04015	0.01667	0.07159	0.02794	0.00926	0.01037	0.00716	0.00476	0.00423	0.00141	0.00637	0.00354	0.00249	0.00693
22	0.01000	0.02578	0.79900	0.01421	0.02157	0.01158	0.01842	0.01579	0.01052	0.01579	0.00895	0.01052	0.00631	0.00474	0.00474	0.00158	0.00737	0.00368	0.00210	0.00737
23	0.00705	0.00510	0.00666	0.00627	0.00745	0.00470	0.00470	0.00941	0.01411	0.01999	0.79110	0.03723	0.04703	0.01019	0.00588	0.00157	0.00235	0.00901	0.00549	0.00470
24	0.01047	0.01043	0.01690	0.60306	0.12270	0.05296	0.08590	0.01372	0.01052	0.01343	0.00898	0.01297	0.00687	0.00485	0.00504	0.00162	0.00685	0.00450	0.00229	0.00594
25	0.04307	0.00926	0.01192	0.00973	0.01282	0.00923	0.04495	0.14660	0.10011	0.36616	0.01865	0.15599	0.01503	0.00776	0.00549	0.00166	0.02243	0.00655	0.00522	0.00739
26	0.00618	0.00449	0.00609	0.03343	0.00812	0.00428	0.00493	0.00713	0.00956	0.01272	0.02686	0.79500	0.03210	0.01527	0.00632	0.00201	0.00302	0.01385	0.00455	0.00410
27	0.00905	0.00467	0.00474	0.00474	0.00576	0.00467	0.00343	0.01110	0.01007	0.01752	0.01619	0.02025	0.01341	0.10303	0.00608	0.00160	0.00262	0.00495	0.75166	0.00445
28	0.01109	0.01473	0.17352	0.13284	0.02503	0.01187	0.45249	0.04219	0.01180	0.01623	0.05074	0.01406	0.00929	0.00479	0.00550	0.00165	0.00753	0.00536	0.00264	0.00663
29	0.01288	0.66215	0.12102	0.00936	0.01386	0.03536	0.00969	0.01554	0.04313	0.01277	0.02083	0.00927	0.00744	0.00455	0.00354	0.00117	0.00556	0.00304	0.00232	0.00654
30	0.01046	0.00604	0.00778	0.00719	0.00801	0.00629	0.00515	0.14133	0.00988	0.01365	0.01033	0.03084	0.00950	0.01422	0.01518	0.60841	0.00431	0.00458	0.08333	0.00354
31	0.00725	0.00483	0.00544	0.00544	0.00544	0.00483	0.00302	0.00725	0.00725	0.00966	0.01571	0.03262	0.01812	0.82483	0.02537	0.00483	0.00483	0.00725	0.00302	0.00302
32	0.01034	0.00886	0.01034	0.00738	0.01181	0.00664	0.00591	0.01255	0.01034	0.01624	0.00886	0.01034	0.00738	0.00369	0.00369	0.00074	0.00369	0.00295	0.00295	0.85530
33	0.00595	0.00505	0.00513	0.00511	0.00677	0.00423	0.00384	0.00727	0.01151	0.01381	0.08936	0.04741	0.75264	0.01250	0.00589	0.00168	0.00252	0.01044	0.00467	0.00423
34	0.01236	0.35510	0.30963	0.01101	0.01598	0.10853	0.01204	0.01548	0.01078	0.02834	0.00983	0.01113	0.03467	0.00628	0.03800	0.00161	0.00674	0.00355	0.00236	0.00656
35	0.00712	0.00534	0.00801	0.00801	0.00890	0.00623	0.00623	0.00890	0.00801	0.01157	0.01335	0.01958	0.01246	0.03738	0.80507	0.00801	0.01335	0.00534	0.00267	0.00445
36	0.01034	0.00886	0.01034	0.00738	0.01181	0.00664	0.00591	0.01255	0.01034	0.01624	0.00886	0.01034	0.00738	0.00369	0.00369	0.00074	0.00369	0.00295	0.00295	0.85530
37	0.00825	0.02532	0.01125	0.05183	0.01204	0.01909	0.08614	0.00993	0.00886	0.01225	0.01502	0.19379	0.01566	0.08458	0.32196	0.00452	0.10453	0.00723	0.00302	0.00472
38	0.01677	0.01234	0.01359	0.01106	0.02707	0.03069	0.00886	0.57156	0.03354	0.05437	0.01242	0.01348	0.00932	0.01118	0.13337	0.01684	0.00674	0.00463	0.00452	0.00765
39	0.00866	0.00433	0.00649	0.00649	0.00649	0.00433	0.00433	0.00649	0.00649	0.00866	0.00866	0.01515	0.00866	0.01732	0.01948	0.85498	0.00433	0.00433	0.00216	0.00216
40	0.00712	0.00534	0.00801	0.00801	0.00890	0.00623	0.00623	0.00890	0.00801	0.01157	0.01335	0.01958	0.01246	0.03738	0.80507	0.00801	0.01335	0.00534	0.00267	0.00445
41	0.00957	0.02187	0.64060	0.01360	0.04979	0.01045	0.01608	0.01463	0.01094	0.01617	0.10259	0.04811	0.01234	0.00583	0.00495	0.00159	0.00652	0.00479	0.00263	0.00693
42	0.01266	0.65482	0.16857	0.00996	0.01482	0.01800	0.03416	0.01512	0.01025	0.01261	0.00740	0.00863	0.00642	0.00435	0.00356	0.00118	0.00580	0.00295	0.00214	0.00659
43	0.00589	0.00505	0.00505	0.00505	0.00673	0.00421	0.00379	0.00715	0.01136	0.01347	0.05049	0.04797	0.79171	0.01262	0.00589	0.00168	0.00252	0.01052	0.00463	0.00421
44	0.01240	0.01071	0.01127	0.01014	0.01296	0.01240	0.00789	0.02649	0.78473	0.02085	0.02029	0.01860	0.01522	0.00676	0.00507	0.00169	0.00394	0.00564	0.00507	0.00789
45	0.01772	0.01341	0.01454	0.01140	0.01503	0.01508	0.00937	0.64545	0.11292	0.02908	0.01265	0.01269	0.00917	0.00623	0.00563	0.00156	0.05037	0.00462	0.00484	0.00824

[dist]
# distance from previous block
# <min> <max>
1	2

[block]
# block no. 1 follows, 50 sequences, length 31
# corresponding to MSA columns:
# 336-366
name=unknown_B
#
# <colnr> <probs for GDERKNQSTAVLIFYWHMCP>
#	G	D	E	R	K	N	Q	S	T	A	V	L	I	F	Y	W	H	M	C	P
0	0.01470	0.03102	0.09238	0.01200	0.01645	0.01274	0.11110	0.36772	0.08023	0.02345	0.01136	0.01215	0.00843	0.00518	0.00479	0.00138	0.00556	0.00434	0.00391	0.18109
1	0.00978	0.00925	0.01553	0.70048	0.11553	0.01130	0.01390	0.01299	0.01003	0.01309	0.00883	0.01310	0.00678	0.00506	0.00538	0.00166	0.03485	0.00443	0.00224	0.00579
2	0.00725	0.00483	0.00544	0.00544	0.00544	0.00483	0.00302	0.00725	0.00725	0.00966	0.01571	0.03262	0.01812	0.82483	0.02537	0.00483	0.00483	0.00725	0.00302	0.00302
3	0.00703	0.00519	0.00710	0.00710	0.00786	0.00570	0.00522	0.00833	0.00816	0.01131	0.01762	0.02552	0.09156	0.22222	0.53987	0.00662	0.01024	0.00631	0.00295	0.00409
4	0.02056	0.01138	0.01336	0.01024	0.01417	0.01163	0.00846	0.42278	0.01912	0.39184	0.01559	0.01432	0.01029	0.00607	0.00500	0.00152	0.00490	0.00473	0.00554	0.00848
5	0.00605	0.00441	0.00571	0.00675	0.00718	0.00406	0.00454	0.00696	0.00972	0.01280	0.02977	0.74438	0.10868	0.01532	0.00632	0.00199	0.00286	0.01381	0.00463	0.00406
6	0.02236	0.00848	0.01157	0.00887	0.01272	0.00733	0.00733	0.02429	0.01427	0.79719	0.01966	0.01697	0.01234	0.00617	0.00501	0.00154	0.00424	0.00501	0.00617	0.00848
7	0.02236	0.00848	0.01157	0.00887	0.01272	0.00733	0.00733	0.02429	0.01427	0.79719	0.01966	0.01697	0.01234	0.00617	0.00501	0.00154	0.00424	0.00501	0.00617	0.00848
8	0.00689	0.00509	0.00643	0.00610	0.00734	0.00463	0.00457	0.00908	0.01372	0.01905	0.68498	0.03877	0.15373	0.01054	0.00588	0.00158	0.00238	0.00923	0.00536	0.00463
9	0.00757	0.00597	0.00876	0.00851	0.00926	0.00724	0.00666	0.00920	0.00794	0.01155	0.01264	0.01906	0.01198	0.06384	0.68313	0.00721	0.10704	0.00530	0.00263	0.00451
10	0.22958	0.10877	0.13075	0.01456	0.16048	0.22145	0.03755	0.01640	0.01111	0.01616	0.00800	0.00966	0.00646	0.00469	0.00416	0.00142	0.00644	0.00341	0.00256	0.00641
11	0.35739	0.00979	0.01141	0.03157	0.01281	0.02726	0.10415	0.11410	0.02422	0.01965	0.01263	0.16628	0.01211	0.03109	0.00549	0.00176	0.02899	0.00586	0.01776	0.00569
12	0.01164	0.00838	0.02911	0.06371	0.01399	0.00786	0.12068	0.01563	0.10402	0.17624	0.31306	0.02588	0.07265	0.00777	0.00552	0.00161	0.00423	0.00701	0.00479	0.00623
13	0.00589	0.00505	0.00505	0.00505	0.00673	0.00421	0.00379	0.00715	0.01136	0.01347	0.05049	0.04797	0.79171	0.01262	0.00589	0.00168	0.00252	0.01052	0.00463	0.00421
14	0.00604	0.00503	0.00526	0.00525	0.00683	0.00426	0.00392	0.00742	0.01164	0.01423	0.13872	0.06874	0.68071	0.01242	0.00590	0.00168	0.00251	0.01044	0.00473	0.00426
15	0.86003	0.00964	0.00733	0.00655	0.00964	0.01118	0.00540	0.01465	0.00848	0.02236	0.00694	0.00810	0.00540	0.00463	0.00308	0.00154	0.00386	0.00270	0.00308	0.00540
16	0.00604	0.00446	0.00566	0.00662	0.00715	0.00408	0.00449	0.00698	0.00985	0.01285	0.03134	0.69164	0.16041	0.01511	0.00628	0.00197	0.00283	0.01356	0.00463	0.00408
17	0.00595	0.00496	0.00520	0.00533	0.00682	0.00420	0.00393	0.00720	0.01122	0.01358	0.07187	0.14748	0.66928	0.01293	0.00595	0.00172	0.00257	0.01094	0.00466	0.00420
18	0.00705	0.00510	0.00666	0.00627	0.00745	0.00470	0.00470	0.00941	0.01411	0.01999	0.79110	0.03723	0.04703	0.01019	0.00588	0.00157	0.00235	0.00901	0.00549	0.00470
19	0.02236	0.00848	0.01157	0.00887	0.01272	0.00733	0.00733	0.02429	0.01427	0.79719	0.01966	0.01697	0.01234	0.00617	0.00501	0.00154	0.00424	0.00501	0.00617	0.00848
20	0.00997	0.02511	0.76785	0.04593	0.02208	0.01156	0.01823	0.01566	0.01050	0.01566	0.00894	0.01063	0.00633	0.00475	0.00475	0.00158	0.00734	0.00371	0.00211	0.00729
21	0.00591	0.00498	0.00512	0.00524	0.00678	0.00419	0.00387	0.00713	0.01118	0.01339	0.04820	0.12516	0.71600	0.01292	0.00594	0.00172	0.00256	0.01088	0.00463	0.00419
22	0.01234	0.01184	0.02023	0.03059	0.79373	0.01184	0.01530	0.01530	0.01135	0.01628	0.00938	0.01234	0.00790	0.00444	0.00493	0.00148	0.00592	0.00444	0.00247	0.00790
23	0.01236	0.00960	0.01098	0.00841	0.01229	0.00860	0.00671	0.14631	0.09002	0.05963	0.01237	0.06710	0.01036	0.00534	0.00430	0.00109	0.00400	0.00436	0.00380	0.52238
24	0.00766	0.00566	0.00825	0.00806	0.00869	0.00667	0.00614	0.00873	0.00772	0.01108	0.01233	0.01927	0.01189	0.09394	0.57337	0.11658	0.08195	0.00527	0.00259	0.00413
25	0.01395	0.03092	0.01091	0.08211	0.01318	0.00891	0.00734	0.19934	0.02539	0.20712	0.11090	0.13220	0.07094	0.02277	0.00588	0.01658	0.00423	0.00692	0.02393	0.00649
26	0.01309	0.01366	0.05359	0.04058	0.38647	0.12915	0.01239	0.05916	0.11853	0.01673	0.01115	0.01357	0.00911	0.00646	0.03330	0.00175	0.03850	0.01510	0.02051	0.00720
27	0.00614	0.00439	0.00585	0.00689	0.00724	0.00409	0.00463	0.00711	0.00986	0.01324	0.08120	0.76639	0.03396	0.01523	0.00633	0.00199	0.00285	0.01381	0.00469	0.00409
28	0.01824	0.02161	0.01404	0.01248	0.01525	0.64952	0.00949	0.11750	0.06786	0.01525	0.00911	0.01003	0.00728	0.00536	0.00460	0.00134	0.00820	0.00354	0.00305	0.00627
29	0.01291	0.05544	0.09109	0.08458	0.38755	0.01133	0.01271	0.03234	0.07104	0.09608	0.01106	0.01277	0.00855	0.00482	0.00473	0.00143	0.00554	0.00428	0.00307	0.08868
30	0.01049	0.10486	0.66878	0.01476	0.07334	0.01241	0.01722	0.01567	0.01054	0.01541	0.00877	0.01039	0.00643	0.00467	0.00460	0.00152	0.00706	0.00363	0.00213	0.00731

[dist]
# distance from previous block
# <min> <max>
0	21

[block]
# block no. 2 follows, 50 sequences, length 8
# corresponding to MSA columns:
# 388-395
name=unknown_C
#
# <colnr> <probs for GDERKNQSTAVLIFYWHMCP>
#	G	D	E	R	K	N	Q	S	T	A	V	L	I	F	Y	W	H	M	C	P
0	0.01271	0.67893	0.16960	0.00958	0.01442	0.01821	0.01036	0.01509	0.01020	0.01248	0.00730	0.00846	0.00638	0.00435	0.00348	0.00116	0.00571	0.00285	0.00213	0.00658
1	0.01068	0.01067	0.06039	0.46920	0.16098	0.01121	0.05583	0.01509	0.08440	0.03598	0.01086	0.01470	0.00844	0.00526	0.00507	0.00164	0.00628	0.02421	0.00271	0.00639
2	0.44773	0.10682	0.15737	0.00895	0.01294	0.01242	0.00880	0.08783	0.04213	0.02035	0.00931	0.01175	0.00754	0.00528	0.00386	0.00153	0.00487	0.04117	0.00313	0.00623
3	0.00616	0.00506	0.00542	0.00533	0.00690	0.00432	0.00400	0.00767	0.01199	0.01497	0.22092	0.04550	0.62035	0.01206	0.00589	0.00166	0.00248	0.01017	0.00483	0.00432
4	0.00626	0.00448	0.00595	0.00682	0.00727	0.00417	0.00464	0.00740	0.01039	0.01407	0.16923	0.67597	0.03558	0.01461	0.00627	0.00194	0.00279	0.01321	0.00479	0.00417
5	0.01728	0.01045	0.01184	0.00922	0.01272	0.01066	0.00754	0.37990	0.01759	0.21990	0.01436	0.01423	0.01010	0.00578	0.00460	0.00138	0.00444	0.00450	0.15483	0.08866
6	0.05562	0.08949	0.04753	0.07668	0.13954	0.01175	0.04891	0.16647	0.04152	0.04147	0.02463	0.01203	0.00856	0.00484	0.00445	0.00131	0.00519	0.00402	0.00331	0.21267
7	0.01695	0.01312	0.01358	0.01133	0.03997	0.07229	0.00883	0.54663	0.06329	0.02632	0.01203	0.01278	0.00896	0.00680	0.00601	0.06890	0.00539	0.00445	0.05489	0.00750

[dist]
# distance from previous block
# <min> <max>
2	6

[block]
# block no. 3 follows, 50 sequences, length 37
# corresponding to MSA columns:
# 402-438
name=unknown_D
#
# <colnr> <probs for GDERKNQSTAVLIFYWHMCP>
#	G	D	E	R	K	N	Q	S	T	A	V	L	I	F	Y	W	H	M	C	P
0	0.05241	0.39471	0.04191	0.03968	0.01495	0.08989	0.05804	0.13435	0.02644	0.01588	0.00868	0.01047	0.00733	0.02426	0.02281	0.00155	0.04377	0.00360	0.00278	0.00650
1	0.01515	0.00979	0.01093	0.00919	0.01214	0.01056	0.00733	0.18682	0.30996	0.17895	0.01746	0.01685	0.01267	0.00724	0.02903	0.00172	0.00435	0.00508	0.14728	0.00749
2	0.01048	0.21899	0.06448	0.00935	0.01190	0.01059	0.05530	0.06555	0.03424	0.04901	0.01772	0.37227	0.01899	0.00975	0.00549	0.00166	0.02640	0.00843	0.00373	0.00569
3	0.00684	0.00505	0.00639	0.00612	0.00733	0.00460	0.00457	0.00897	0.01350	0.01871	0.64845	0.07442	0.15496	0.01079	0.00590	0.00161	0.00240	0.00947	0.00532	0.00460
4	0.49726	0.00914	0.00916	0.00756	0.01098	0.00951	0.00623	0.01883	0.01099	0.35792	0.01245	0.01194	0.00840	0.00529	0.00392	0.00154	0.00402	0.00370	0.00442	0.00673
5	0.00712	0.00534	0.00801	0.00801	0.00890	0.00623	0.00623	0.00890	0.00801	0.01157	0.01335	0.01958	0.01246	0.03738	0.80507	0.00801	0.01335	0.00534	0.00267	0.00445
6	0.00602	0.00506	0.00524	0.00536	0.00695	0.00428	0.00405	0.00732	0.01129	0.01351	0.04820	0.08138	0.71774	0.01281	0.00597	0.00173	0.00265	0.05159	0.00463	0.00422
7	0.00607	0.00434	0.00578	0.00694	0.00723	0.00405	0.00463	0.00694	0.00954	0.01272	0.02747	0.82157	0.03297	0.01562	0.00636	0.00202	0.00289	0.01417	0.00463	0.00405
8	0.01895	0.01396	0.01496	0.01147	0.01546	0.01546	0.00947	0.77711	0.02344	0.03141	0.01197	0.01197	0.00848	0.00598	0.00499	0.00150	0.00548	0.00449	0.00499	0.00848
9	0.00607	0.00434	0.00578	0.00694	0.00723	0.00405	0.00463	0.00694	0.00954	0.01272	0.02747	0.82157	0.03297	0.01562	0.00636	0.00202	0.00289	0.01417	0.00463	0.00405
10	0.86003	0.00964	0.00733	0.00655	0.00964	0.01118	0.00540	0.01465	0.00848	0.02236	0.00694	0.00810	0.00540	0.00463	0.00308	0.00154	0.00386	0.00270	0.00308	0.00540
11	0.00705	0.00510	0.00666	0.00627	0.00745	0.00470	0.00470	0.00941	0.01411	0.01999	0.79110	0.03723	0.04703	0.01019	0.00588	0.00157	0.00235	0.00901	0.00549	0.00470
12	0.01255	0.02585	0.01292	0.19781	0.01725	0.01115	0.00946	0.16664	0.03064	0.10177	0.09664	0.10231	0.01497	0.00779	0.00747	0.00174	0.16691	0.00602	0.00386	0.00625
13	0.01035	0.01061	0.05916	0.45858	0.22728	0.01108	0.04620	0.01363	0.01040	0.01428	0.00933	0.01301	0.00728	0.00490	0.00519	0.00158	0.02668	0.00443	0.04092	0.02510
14	0.01655	0.09089	0.09982	0.01402	0.12701	0.01218	0.06427	0.22254	0.02758	0.23528	0.03211	0.01370	0.01002	0.00551	0.00487	0.00149	0.00549	0.00459	0.00421	0.00785
15	0.00839	0.00714	0.01015	0.00943	0.00993	0.00909	0.00745	0.00976	0.00780	0.01151	0.01134	0.01808	0.01109	0.11140	0.45987	0.00573	0.27946	0.00522	0.00254	0.00463
16	0.00941	0.00886	0.01495	0.81285	0.03433	0.01107	0.01384	0.01274	0.00997	0.01274	0.00886	0.01329	0.00664	0.00498	0.00498	0.00166	0.00664	0.00443	0.00221	0.00554
17	0.00941	0.00886	0.01495	0.81285	0.03433	0.01107	0.01384	0.01274	0.00997	0.01274	0.00886	0.01329	0.00664	0.00498	0.00498	0.00166	0.00664	0.00443	0.00221	0.00554
18	0.01869	0.02165	0.01430	0.01255	0.01542	0.63532	0.00960	0.18250	0.01612	0.01632	0.00862	0.00963	0.00686	0.00532	0.00460	0.00133	0.00824	0.00348	0.00309	0.00636
19	0.86003	0.00964	0.00733	0.00655	0.00964	0.01118	0.00540	0.01465	0.00848	0.02236	0.00694	0.00810	0.00540	0.00463	0.00308	0.00154	0.00386	0.00270	0.00308	0.00540
20	0.00611	0.00506	0.00536	0.00528	0.00687	0.00430	0.00396	0.00758	0.01189	0.01471	0.19232	0.04591	0.64911	0.01216	0.00589	0.00166	0.00249	0.01023	0.00479	0.00430
21	0.09960	0.00859	0.01118	0.00866	0.01244	0.00768	0.00715	0.02340	0.01373	0.72574	0.01849	0.01615	0.01170	0.00603	0.00483	0.00154	0.00421	0.00480	0.00588	0.00820
22	0.01726	0.01312	0.01401	0.01113	0.01481	0.01467	0.00907	0.58341	0.21989	0.02869	0.01411	0.01368	0.01022	0.00618	0.00501	0.00155	0.00509	0.00478	0.00501	0.00833
23	0.00637	0.00455	0.00611	0.00720	0.00764	0.00430	0.00507	0.00749	0.00999	0.01332	0.05987	0.68838	0.03301	0.01514	0.00641	0.00204	0.00309	0.11120	0.00466	0.00415
24	0.00607	0.00434	0.00578	0.00694	0.00723	0.00405	0.00463	0.00694	0.00954	0.01272	0.02747	0.82157	0.03297	0.01562	0.00636	0.00202	0.00289	0.01417	0.00463	0.00405
25	0.00607	0.00434	0.00578	0.00694	0.00723	0.00405	0.00463	0.00694	0.00954	0.01272	0.02747	0.82157	0.03297	0.01562	0.00636	0.00202	0.00289	0.01417	0.00463	0.00405
26	0.01225	0.56843	0.27608	0.01037	0.01563	0.01709	0.01173	0.01520	0.01026	0.01304	0.00758	0.00881	0.00637	0.00442	0.00370	0.00123	0.00599	0.00299	0.00212	0.00671
27	0.01514	0.01397	0.01633	0.01287	0.01625	0.18857	0.18766	0.20948	0.05093	0.07843	0.14345	0.01660	0.01493	0.00614	0.00524	0.00152	0.00626	0.00539	0.00405	0.00680
28	0.00625	0.00441	0.00573	0.00672	0.00697	0.00416	0.00439	0.00699	0.00921	0.01227	0.02574	0.70568	0.03079	0.13448	0.00915	0.00244	0.00318	0.01315	0.00439	0.00390
29	0.00621	0.00487	0.00578	0.02056	0.00767	0.00438	0.00460	0.00746	0.01074	0.01357	0.07789	0.36529	0.38328	0.01365	0.00612	0.00185	0.00286	0.05437	0.00463	0.00421
30	0.04929	0.01505	0.06471	0.06099	0.10686	0.20509	0.01033	0.17897	0.05543	0.18645	0.01214	0.01254	0.00872	0.00549	0.00478	0.00148	0.00617	0.00422	0.00394	0.00736
31	0.01092	0.04690	0.01564	0.01275	0.01327	0.03496	0.03941	0.01222	0.00810	0.01210	0.00730	0.01156	0.00708	0.01071	0.08228	0.00259	0.66010	0.00440	0.00224	0.00547
32	0.00639	0.00458	0.00609	0.00688	0.00742	0.00428	0.00480	0.00767	0.01070	0.01452	0.20603	0.60436	0.03607	0.01427	0.00627	0.00193	0.00284	0.04588	0.00483	0.00423
33	0.01335	0.01047	0.01280	0.01085	0.01389	0.01147	0.07650	0.07427	0.52140	0.10000	0.03997	0.04334	0.01553	0.00696	0.00524	0.00168	0.00442	0.02533	0.00494	0.00760
34	0.15872	0.00985	0.01061	0.00899	0.01207	0.01064	0.00719	0.11976	0.29799	0.20801	0.03153	0.03997	0.01302	0.00645	0.00469	0.00159	0.00407	0.00512	0.04237	0.00737
35	0.01258	0.03408	0.01094	0.00811	0.01177	0.03775	0.00650	0.06406	0.06122	0.12488	0.11093	0.02939	0.01405	0.00548	0.00438	0.00112	0.00396	0.00447	0.00397	0.45034
36	0.01022	0.05658	0.63210	0.01272	0.01901	0.01086	0.01577	0.01523	0.01112	0.04584	0.11199	0.01417	0.01189	0.00549	0.00483	0.00155	0.00650	0.00439	0.00270	0.00702

[dist]
# distance from previous block
# <min> <max>
0	5

[block]
# block no. 4 follows, 50 sequences, length 43
# corresponding to MSA columns:
# 444-486
name=unknown_E
#
# <colnr> <probs for GDERKNQSTAVLIFYWHMCP>
#	G	D	E	R	K	N	Q	S	T	A	V	L	I	F	Y	W	H	M	C	P
0	0.01161	0.02483	0.07084	0.35059	0.14479	0.11925	0.02489	0.04782	0.01111	0.01415	0.00910	0.01254	0.00731	0.00762	0.06599	0.00207	0.06264	0.00428	0.00245	0.00614
1	0.01417	0.01153	0.01611	0.09229	0.16486	0.01283	0.05729	0.26482	0.01482	0.06575	0.05324	0.01369	0.01009	0.00617	0.00713	0.00163	0.15422	0.00477	0.00362	0.03096
2	0.01454	0.09099	0.03004	0.14194	0.18348	0.09487	0.02460	0.24807	0.06598	0.01965	0.01033	0.01198	0.00800	0.00533	0.00509	0.00149	0.02880	0.00425	0.00333	0.00724
3	0.00753	0.00499	0.00610	0.00582	0.00702	0.00466	0.00437	0.00982	0.01310	0.01932	0.56837	0.03331	0.07622	0.00926	0.00531	0.00148	0.00235	0.00804	0.20827	0.00466
4	0.01234	0.01184	0.02023	0.03059	0.79373	0.01184	0.01530	0.01530	0.01135	0.01628	0.00938	0.01234	0.00790	0.00444	0.00493	0.00148	0.00592	0.00444	0.00247	0.00790
5	0.02109	0.00821	0.01109	0.00859	0.01227	0.00709	0.00707	0.02299	0.01409	0.73580	0.03712	0.01918	0.05840	0.00663	0.00508	0.00155	0.00410	0.00541	0.00607	0.00816
6	0.00671	0.00496	0.00595	0.00589	0.00711	0.00447	0.00435	0.00855	0.01249	0.01703	0.42682	0.13845	0.26722	0.01135	0.00580	0.00164	0.00247	0.00986	0.05441	0.00447
7	0.00724	0.00488	0.00565	0.00565	0.00573	0.00495	0.00329	0.00739	0.00731	0.00983	0.01551	0.03152	0.01765	0.75855	0.09099	0.00510	0.00555	0.00709	0.00299	0.00314
8	0.00607	0.00434	0.00578	0.00694	0.00723	0.00405	0.00463	0.00694	0.00954	0.01272	0.02747	0.82157	0.03297	0.01562	0.00636	0.00202	0.00289	0.01417	0.00463	0.00405
9	0.01091	0.01091	0.01527	0.01309	0.01309	0.01527	0.01091	0.01200	0.00763	0.01200	0.00654	0.01091	0.00654	0.00872	0.01636	0.00218	0.81570	0.00436	0.00218	0.00545
10	0.00734	0.00540	0.00691	0.00648	0.00775	0.00512	0.00488	0.01033	0.05593	0.02004	0.74927	0.03622	0.04530	0.01000	0.00584	0.00157	0.00244	0.00883	0.00546	0.00488
11	0.00607	0.00434	0.00578	0.00694	0.00723	0.00405	0.00463	0.00694	0.00954	0.01272	0.02747	0.82157	0.03297	0.01562	0.00636	0.00202	0.00289	0.01417	0.00463	0.00405
12	0.01460	0.01180	0.01251	0.01059	0.01380	0.01343	0.00842	0.27856	0.52907	0.02440	0.01749	0.01637	0.01295	0.00650	0.00504	0.00163	0.00446	0.00525	0.00504	0.00809
13	0.01452	0.01176	0.01246	0.01057	0.01377	0.01339	0.00840	0.26916	0.53860	0.02427	0.01760	0.01645	0.01304	0.00651	0.00504	0.00163	0.00444	0.00526	0.00504	0.00808
14	0.01862	0.02376	0.01413	0.01284	0.01541	0.80482	0.00963	0.01990	0.01413	0.01220	0.00770	0.00899	0.00642	0.00514	0.00449	0.00128	0.00899	0.00321	0.00257	0.00578
15	0.02948	0.01273	0.01691	0.01393	0.06689	0.04797	0.16073	0.32575	0.09647	0.13481	0.03440	0.01418	0.01042	0.00569	0.00515	0.00155	0.00580	0.00499	0.00439	0.00776
16	0.01443	0.01068	0.09074	0.00872	0.01325	0.00775	0.00777	0.05030	0.01216	0.26041	0.01237	0.01249	0.00887	0.00467	0.00427	0.00111	0.00431	0.00374	0.00396	0.46801
17	0.02236	0.00848	0.01157	0.00887	0.01272	0.00733	0.00733	0.02429	0.01427	0.79719	0.01966	0.01697	0.01234	0.00617	0.00501	0.00154	0.00424	0.00501	0.00617	0.00848
18	0.00589	0.00505	0.00505	0.00505	0.00673	0.00421	0.00379	0.00715	0.01136	0.01347	0.05049	0.04797	0.79171	0.01262	0.00589	0.00168	0.00252	0.01052	0.00463	0.00421
19	0.00857	0.00686	0.01022	0.09731	0.02440	0.00759	0.04793	0.01004	0.00961	0.04740	0.01984	0.38908	0.03403	0.06872	0.00915	0.00217	0.14134	0.05715	0.00376	0.00481
20	0.00725	0.00483	0.00544	0.00544	0.00544	0.00483	0.00302	0.00725	0.00725	0.00966	0.01571	0.03262	0.01812	0.82483	0.02537	0.00483	0.00483	0.00725	0.00302	0.00302
21	0.00712	0.00534	0.00801	0.00801	0.00890	0.00623	0.00623	0.00890	0.00801	0.01157	0.01335	0.01958	0.01246	0.03738	0.80507	0.00801	0.01335	0.00534	0.00267	0.00445
22	0.01044	0.02250	0.59744	0.01582	0.02247	0.01190	0.20015	0.01575	0.01076	0.01575	0.00917	0.01123	0.00662	0.00469	0.00526	0.00162	0.02484	0.00423	0.00221	0.00717
23	0.01116	0.01083	0.01742	0.39463	0.20153	0.03157	0.07923	0.04844	0.01081	0.01455	0.00886	0.01257	0.00707	0.00539	0.00669	0.00168	0.12432	0.00452	0.00243	0.00630
24	0.00977	0.00833	0.01317	0.44603	0.09487	0.00991	0.02678	0.01261	0.00999	0.01440	0.01058	0.01440	0.00835	0.00627	0.02641	0.00174	0.07555	0.00453	0.20077	0.00553
25	0.01324	0.01429	0.01590	0.23577	0.12327	0.23616	0.03332	0.04876	0.01141	0.01379	0.00822	0.01133	0.00683	0.00587	0.00757	0.00165	0.19998	0.00411	0.00247	0.00606
26	0.00723	0.00486	0.00557	0.00553	0.00566	0.00482	0.00321	0.00749	0.00801	0.01081	0.10151	0.03313	0.02132	0.73468	0.02321	0.00447	0.00456	0.00744	0.00329	0.00321
27	0.01016	0.00935	0.01490	0.53878	0.11155	0.01106	0.02880	0.03763	0.07291	0.01482	0.05573	0.02873	0.01034	0.00567	0.00540	0.00165	0.02869	0.00499	0.00279	0.00602
28	0.00629	0.00437	0.00571	0.00677	0.00710	0.00410	0.00452	0.00722	0.00954	0.01299	0.02654	0.75597	0.03144	0.03440	0.00665	0.00204	0.00291	0.01345	0.05393	0.00406
29	0.01106	0.01101	0.01582	0.01502	0.09947	0.01489	0.01139	0.01236	0.00804	0.01247	0.00686	0.01106	0.00669	0.00825	0.01509	0.00210	0.72610	0.00437	0.00221	0.00572
30	0.01746	0.01257	0.01351	0.01069	0.01417	0.02760	0.00869	0.62140	0.02095	0.06779	0.01410	0.10192	0.01145	0.00704	0.00509	0.00154	0.00512	0.00557	0.02551	0.00785
31	0.00725	0.00483	0.00544	0.00544	0.00544	0.00483	0.00302	0.00725	0.00725	0.00966	0.01571	0.03262	0.01812	0.82483	0.02537	0.00483	0.00483	0.00725	0.00302	0.00302
32	0.00632	0.00466	0.00624	0.00719	0.00750	0.00457	0.00491	0.00726	0.00963	0.01297	0.05588	0.75565	0.03234	0.01510	0.00678	0.00201	0.03876	0.01354	0.00455	0.00414
33	0.00998	0.00847	0.01008	0.00745	0.01149	0.00660	0.00594	0.01215	0.01008	0.01573	0.00936	0.01136	0.00794	0.00742	0.09237	0.00154	0.00476	0.00322	0.00292	0.76115
34	0.00702	0.00518	0.00752	0.00764	0.00838	0.00585	0.00574	0.00852	0.00811	0.01151	0.01514	0.10958	0.01528	0.11104	0.64137	0.00704	0.01137	0.00650	0.00292	0.00427
35	0.00722	0.00538	0.00801	0.00814	0.00906	0.00618	0.00643	0.00906	0.00839	0.01194	0.01479	0.02364	0.01426	0.03477	0.71675	0.00738	0.01238	0.08887	0.00288	0.00447
36	0.00881	0.00569	0.00840	0.00811	0.00932	0.00635	0.00635	0.01060	0.00870	0.09850	0.01405	0.01929	0.01245	0.03393	0.71654	0.00729	0.01234	0.00530	0.00306	0.00490
37	0.01507	0.01395	0.09968	0.01090	0.01427	0.08887	0.00951	0.40892	0.01726	0.03929	0.02415	0.04941	0.01140	0.05255	0.07321	0.00228	0.01985	0.03834	0.00409	0.00701
38	0.00771	0.00543	0.00577	0.00547	0.00740	0.00455	0.00418	0.00905	0.01168	0.10019	0.04708	0.04454	0.70547	0.01191	0.00579	0.00167	0.00271	0.00991	0.00480	0.00468
39	0.04574	0.01294	0.01665	0.20827	0.32701	0.12713	0.01278	0.09938	0.01237	0.01644	0.00899	0.01177	0.00725	0.00517	0.00567	0.00155	0.06715	0.00419	0.00270	0.00682
40	0.71509	0.01103	0.02665	0.00752	0.01078	0.04215	0.00631	0.09925	0.01040	0.02282	0.00757	0.00862	0.00580	0.00480	0.00339	0.00153	0.00431	0.00294	0.00325	0.00580
41	0.01066	0.01003	0.01681	0.16930	0.43423	0.01033	0.05700	0.01384	0.03031	0.01591	0.09921	0.01874	0.06591	0.00595	0.00521	0.00157	0.00550	0.01976	0.00301	0.00672
42	0.09518	0.00736	0.00739	0.02618	0.00896	0.04212	0.00523	0.09269	0.01221	0.06483	0.10018	0.01883	0.01513	0.03835	0.02332	0.00162	0.00367	0.00499	0.42640	0.00536

[dist]
# distance from previous block
# <min> <max>
0	1

[block]
# block no. 5 follows, 50 sequences, length 20
# corresponding to MSA columns:
# 488-494,499-511
name=unknown_F
#
# <colnr> <probs for GDERKNQSTAVLIFYWHMCP>
#	G	D	E	R	K	N	Q	S	T	A	V	L	I	F	Y	W	H	M	C	P
0	0.01039	0.00952	0.01572	0.19819	0.43173	0.00992	0.01237	0.01328	0.01172	0.01641	0.20163	0.01867	0.01725	0.00598	0.00518	0.00154	0.00520	0.00556	0.00315	0.00659
1	0.04045	0.60500	0.02259	0.00953	0.01334	0.21266	0.00870	0.01614	0.01106	0.01217	0.00712	0.00824	0.00637	0.00449	0.00351	0.00113	0.00619	0.00280	0.00227	0.00621
2	0.73443	0.00947	0.00796	0.00690	0.01010	0.01060	0.00569	0.01610	0.00935	0.13855	0.00885	0.00943	0.00644	0.00486	0.00337	0.00154	0.00391	0.00305	0.00355	0.00586
3	0.00874	0.20736	0.01053	0.00620	0.00725	0.00850	0.00438	0.00914	0.00796	0.01017	0.01355	0.02656	0.01524	0.62290	0.01991	0.00391	0.00495	0.00612	0.00280	0.00385
4	0.01084	0.01286	0.20388	0.01016	0.01369	0.01004	0.00975	0.01937	0.36411	0.04279	0.14366	0.02178	0.01881	0.00717	0.00515	0.00165	0.00450	0.04932	0.04355	0.00692
5	0.00700	0.00515	0.00747	0.00792	0.00870	0.00562	0.00611	0.00863	0.00891	0.01236	0.01878	0.22244	0.01994	0.02849	0.48883	0.00568	0.00946	0.12070	0.00344	0.00437
6	0.00842	0.20755	0.01121	0.00664	0.00866	0.00833	0.00551	0.01043	0.01272	0.01698	0.48707	0.03165	0.14870	0.00910	0.00522	0.00146	0.00311	0.00768	0.00453	0.00505
7	0.00936	0.00814	0.01205	0.01656	0.31921	0.02652	0.00917	0.01180	0.04590	0.01469	0.01807	0.35551	0.01932	0.01151	0.05785	0.00213	0.00494	0.00865	0.04277	0.00584
8	0.00826	0.00733	0.01328	0.01121	0.01312	0.00780	0.19557	0.01064	0.00893	0.01265	0.01255	0.01807	0.01126	0.02922	0.60840	0.00645	0.01213	0.00547	0.00263	0.00501
9	0.00777	0.00670	0.00921	0.01172	0.20060	0.00620	0.00688	0.00969	0.01194	0.01570	0.21876	0.07453	0.38112	0.01017	0.00568	0.00162	0.00334	0.00884	0.00430	0.00523
10	0.01732	0.22163	0.01708	0.01178	0.01477	0.61161	0.00936	0.01868	0.01314	0.01208	0.00751	0.00874	0.00641	0.00492	0.00418	0.00123	0.00809	0.00308	0.00246	0.00593
11	0.49814	0.15538	0.01054	0.00684	0.00967	0.01112	0.00579	0.01341	0.01016	0.01987	0.19991	0.01525	0.01582	0.00593	0.00379	0.00146	0.00375	0.00425	0.00350	0.00541
12	0.52736	0.01294	0.00964	0.00845	0.01152	0.20591	0.00673	0.01739	0.01074	0.13605	0.00904	0.00965	0.00669	0.00498	0.00372	0.00148	0.00518	0.00317	0.00342	0.00595
13	0.00916	0.00849	0.01206	0.01079	0.01118	0.01084	0.03103	0.01048	0.00920	0.01349	0.12944	0.21442	0.01915	0.01051	0.01202	0.00204	0.46986	0.00752	0.00329	0.00503
14	0.01335	0.00947	0.01389	0.13036	0.01733	0.00842	0.10760	0.03129	0.01164	0.19704	0.01159	0.01275	0.00847	0.00457	0.00450	0.00120	0.00491	0.00406	0.00357	0.40398
15	0.01080	0.01384	0.20789	0.01156	0.01681	0.00895	0.14801	0.01425	0.01074	0.03494	0.00936	0.01110	0.00727	0.00410	0.00438	0.00113	0.00546	0.00371	0.00274	0.47295
16	0.15700	0.00557	0.00661	0.04027	0.00816	0.00597	0.00480	0.00955	0.00803	0.01379	0.01046	0.01489	0.00919	0.01268	0.04836	0.42103	0.00427	0.00417	0.21161	0.00359
17	0.26195	0.00937	0.01084	0.12919	0.01502	0.01037	0.00803	0.03629	0.14849	0.22395	0.02739	0.01528	0.01072	0.00606	0.00505	0.00164	0.04192	0.02751	0.00421	0.00671
18	0.00697	0.00551	0.00738	0.12730	0.01137	0.00550	0.00594	0.00894	0.02543	0.01497	0.23710	0.29585	0.17972	0.02681	0.00627	0.00183	0.00332	0.02076	0.00448	0.00454
19	0.00967	0.00632	0.00764	0.01821	0.00874	0.00670	0.00546	0.12443	0.02479	0.01631	0.03127	0.08410	0.06021	0.05128	0.15969	0.14262	0.00551	0.01989	0.21248	0.00470

[dist]
# distance from previous block
# <min> <max>
0	6

[block]
# block no. 6 follows, 50 sequences, length 13
# corresponding to MSA columns:
# 518-530
name=unknown_G
#
# <colnr> <probs for GDERKNQSTAVLIFYWHMCP>
#	G	D	E	R	K	N	Q	S	T	A	V	L	I	F	Y	W	H	M	C	P
0	0.00940	0.00819	0.01048	0.00969	0.02990	0.07404	0.04554	0.01046	0.00885	0.01198	0.01251	0.01703	0.05109	0.02069	0.32175	0.16853	0.09880	0.00492	0.00263	0.08353
1	0.00855	0.00596	0.00721	0.00705	0.00842	0.00572	0.00533	0.08041	0.01256	0.05199	0.21248	0.20280	0.18756	0.07981	0.00761	0.00204	0.00336	0.10152	0.00480	0.00483
2	0.01069	0.01159	0.08980	0.26840	0.42191	0.01093	0.01425	0.01385	0.01070	0.01485	0.01069	0.08013	0.00946	0.00557	0.00505	0.00159	0.00603	0.00518	0.00254	0.00680
3	0.00935	0.06495	0.01190	0.00975	0.01022	0.01094	0.00774	0.01037	0.00804	0.01173	0.01153	0.09177	0.01226	0.17511	0.11986	0.00335	0.39181	0.00587	0.02869	0.00475
4	0.00776	0.00560	0.00738	0.00717	0.00847	0.00550	0.00545	0.00938	0.00994	0.03758	0.12320	0.09507	0.10393	0.10903	0.29098	0.00424	0.00697	0.07507	0.00376	0.08351
5	0.05871	0.00627	0.00739	0.00642	0.00860	0.00597	0.00508	0.01569	0.01167	0.28050	0.04838	0.01909	0.03524	0.00791	0.04668	0.00170	0.00364	0.00504	0.42006	0.00596
6	0.32761	0.01169	0.01275	0.08812	0.04592	0.07824	0.07091	0.14923	0.05337	0.02044	0.02470	0.01174	0.00814	0.00690	0.04502	0.00189	0.02974	0.00401	0.00333	0.00626
7	0.01313	0.00890	0.01227	0.05064	0.14679	0.00939	0.00884	0.07592	0.08963	0.18754	0.07748	0.10733	0.03902	0.02813	0.03046	0.00195	0.08010	0.02152	0.00429	0.00667
8	0.00857	0.00529	0.00705	0.00708	0.00825	0.00491	0.00538	0.01009	0.01186	0.09381	0.30664	0.21571	0.08282	0.01234	0.00720	0.07315	0.00319	0.12710	0.00488	0.00467
9	0.02623	0.00811	0.07490	0.05125	0.01151	0.00697	0.03714	0.01315	0.06210	0.13125	0.06354	0.09378	0.03064	0.13408	0.06361	0.08778	0.00502	0.00634	0.08736	0.00524
10	0.01343	0.01220	0.05565	0.23354	0.07290	0.09178	0.01107	0.13821	0.01271	0.08213	0.01050	0.01284	0.00802	0.00590	0.00664	0.00161	0.13801	0.00433	0.08209	0.00645
11	0.23480	0.00733	0.00786	0.04373	0.01002	0.00786	0.00561	0.03534	0.08458	0.08762	0.01685	0.22828	0.01703	0.18112	0.00916	0.00238	0.00403	0.00729	0.00396	0.00516
12	0.32650	0.11695	0.04705	0.00825	0.01140	0.07412	0.00709	0.06558	0.01145	0.12046	0.04816	0.08826	0.04331	0.00652	0.00421	0.00151	0.00456	0.00487	0.00372	0.00605

[dist]
# distance from previous block
# <min> <max>
2	32

[block]
# block no. 7 follows, 50 sequences, length 14
# corresponding to MSA columns:
# 563-576
name=unknown_H
#
# <colnr> <probs for GDERKNQSTAVLIFYWHMCP>
#	G	D	E	R	K	N	Q	S	T	A	V	L	I	F	Y	W	H	M	C	P
0	0.04362	0.00875	0.01167	0.19761	0.03351	0.00856	0.01903	0.04032	0.03682	0.06876	0.08086	0.05039	0.01244	0.00566	0.00489	0.00130	0.02804	0.00473	0.00340	0.33964
1	0.00915	0.09171	0.00858	0.00671	0.00716	0.00596	0.00477	0.00739	0.00688	0.00898	0.00847	0.01439	0.00842	0.01593	0.01775	0.76437	0.00444	0.00415	0.00216	0.00261
2	0.00849	0.00726	0.00714	0.00718	0.00858	0.08976	0.00536	0.01035	0.03924	0.04047	0.13961	0.20679	0.28301	0.04364	0.00664	0.00188	0.00366	0.08174	0.00453	0.00467
3	0.01065	0.00593	0.00839	0.00769	0.00893	0.00567	0.03483	0.05182	0.01019	0.13410	0.06018	0.19454	0.06193	0.01343	0.01153	0.36076	0.00401	0.00727	0.00382	0.00433
4	0.07101	0.01297	0.09794	0.03225	0.01584	0.08016	0.14341	0.10600	0.06271	0.07762	0.03542	0.06249	0.04192	0.05204	0.00731	0.00183	0.08361	0.00559	0.00354	0.00637
5	0.01289	0.01201	0.01642	0.26901	0.27435	0.09244	0.03361	0.13978	0.01287	0.01673	0.00944	0.01245	0.00749	0.00579	0.00591	0.05870	0.00635	0.00435	0.00279	0.00662
6	0.00749	0.00516	0.00678	0.00718	0.00803	0.00505	0.00528	0.00924	0.03084	0.04222	0.16505	0.33324	0.05676	0.09449	0.09284	0.00285	0.00439	0.11416	0.00448	0.00445
7	0.01134	0.09803	0.03679	0.27183	0.02186	0.08372	0.14513	0.07457	0.01168	0.01474	0.01221	0.13982	0.01143	0.00677	0.00541	0.00163	0.02452	0.01969	0.00293	0.00589
8	0.07324	0.09594	0.01480	0.07450	0.13307	0.01058	0.07503	0.07724	0.04363	0.06423	0.01193	0.09552	0.01072	0.00829	0.00768	0.15112	0.02552	0.00529	0.00318	0.01849
9	0.10565	0.00746	0.00937	0.00785	0.01057	0.00696	0.00630	0.01791	0.02744	0.42124	0.20174	0.02422	0.02125	0.05532	0.00632	0.00179	0.00380	0.05274	0.00538	0.00669
10	0.00938	0.00596	0.00742	0.00716	0.00861	0.00581	0.00532	0.01203	0.08702	0.12448	0.13942	0.20867	0.14534	0.09343	0.09252	0.00272	0.00440	0.03054	0.00465	0.00513
11	0.07236	0.04202	0.01569	0.16670	0.01892	0.03945	0.15484	0.01699	0.19876	0.03585	0.03441	0.01650	0.01126	0.00792	0.05273	0.00206	0.06932	0.03456	0.00335	0.00631
12	0.00810	0.00484	0.00699	0.07661	0.00904	0.00489	0.00512	0.00724	0.00790	0.01029	0.03640	0.08963	0.11361	0.01529	0.01495	0.57312	0.00412	0.00612	0.00279	0.00295
13	0.00944	0.00584	0.00704	0.00665	0.00797	0.00549	0.00475	0.05486	0.01158	0.12014	0.16044	0.20056	0.16687	0.20339	0.01042	0.00245	0.00352	0.00917	0.00463	0.00481

[dist]
# distance from previous block
# <min> <max>
3	160

# created by:
# /st0/software/busco_prod/Augustus/scripts/msa2prfl.pl ./align_prep/91691.fa
