[name]
unknown

[dist]
# distance from previous block
# <min> <max>
7	133

[block]
# block no. 0 follows, 60 sequences, length 16
# corresponding to MSA columns:
# 154-169
name=unknown_A
#
# <colnr> <probs for GDERKNQSTAVLIFYWHMCP>
#	G	D	E	R	K	N	Q	S	T	A	V	L	I	F	Y	W	H	M	C	P
0	0.00721	0.00533	0.00675	0.00645	0.00780	0.00518	0.02001	0.03753	0.06866	0.02916	0.39220	0.05856	0.14948	0.00933	0.00516	0.00151	0.00277	0.15011	0.03239	0.00442
1	0.01094	0.01150	0.01073	0.04243	0.01176	0.27682	0.04937	0.04449	0.06415	0.01205	0.02594	0.05370	0.01011	0.08951	0.14565	0.00259	0.10018	0.00452	0.02881	0.00474
2	0.00579	0.00435	0.00508	0.00517	0.00617	0.00392	0.00378	0.00684	0.00970	0.01246	0.20210	0.11375	0.38960	0.09589	0.00768	0.05266	0.00263	0.06490	0.00394	0.00358
3	0.01421	0.18258	0.01405	0.04969	0.01332	0.43941	0.00805	0.12729	0.03683	0.01329	0.00970	0.01049	0.05350	0.00487	0.00388	0.00116	0.00623	0.00336	0.00263	0.00546
4	0.02648	0.10377	0.17904	0.03065	0.06824	0.06174	0.08959	0.01275	0.06121	0.04533	0.02542	0.19605	0.01226	0.00649	0.00471	0.00140	0.03039	0.00561	0.00283	0.03603
5	0.06217	0.00998	0.05499	0.12301	0.07886	0.05421	0.00817	0.16259	0.05268	0.08066	0.03809	0.02826	0.00909	0.03494	0.00539	0.03623	0.01656	0.00399	0.00314	0.13701
6	0.10390	0.05036	0.06898	0.00903	0.01206	0.05719	0.08813	0.09301	0.02038	0.24291	0.02244	0.02611	0.00930	0.00781	0.07625	0.03216	0.00522	0.01840	0.03821	0.01814
7	0.00625	0.00511	0.00680	0.00635	0.00751	0.00495	0.04288	0.00809	0.03263	0.01413	0.34110	0.18141	0.25738	0.00999	0.00574	0.00151	0.05130	0.00864	0.00414	0.00409
8	0.01098	0.16749	0.22834	0.02379	0.10648	0.20035	0.01042	0.02587	0.00989	0.01220	0.02139	0.02389	0.00765	0.00780	0.09777	0.00189	0.01903	0.01699	0.00219	0.00558
9	0.02487	0.14324	0.14635	0.08939	0.19368	0.09702	0.07220	0.05139	0.06925	0.05890	0.00894	0.01035	0.00690	0.00429	0.00407	0.00128	0.00556	0.00361	0.00251	0.00619
10	0.01024	0.06158	0.04933	0.11386	0.12612	0.02012	0.07390	0.11948	0.04644	0.04828	0.01401	0.05643	0.09485	0.01889	0.05357	0.02590	0.03928	0.00499	0.01721	0.00552
11	0.00952	0.00670	0.05539	0.00648	0.00858	0.00556	0.00542	0.05589	0.03766	0.18114	0.31316	0.05671	0.22364	0.00831	0.00488	0.00141	0.00291	0.00706	0.00450	0.00508
12	0.01136	0.04877	0.04375	0.17430	0.18943	0.10952	0.03655	0.10601	0.03369	0.05694	0.08864	0.03237	0.01107	0.00521	0.00436	0.00133	0.00512	0.01701	0.01876	0.00581
13	0.01086	0.08289	0.18855	0.04416	0.11935	0.03373	0.09992	0.10710	0.11121	0.03967	0.01063	0.05019	0.00862	0.00630	0.04382	0.00163	0.01749	0.00431	0.01341	0.00616
14	0.00629	0.00450	0.00517	0.00529	0.00649	0.00397	0.00391	0.00739	0.00959	0.06109	0.05772	0.21134	0.47366	0.05304	0.02317	0.00181	0.00277	0.05489	0.00405	0.00387
15	0.00978	0.00815	0.03673	0.14925	0.06009	0.00838	0.04487	0.15963	0.05929	0.03724	0.10438	0.10707	0.06352	0.00711	0.00543	0.03629	0.03328	0.00572	0.05851	0.00527

[dist]
# distance from previous block
# <min> <max>
4	13

[block]
# block no. 1 follows, 60 sequences, length 41
# corresponding to MSA columns:
# 183-223
name=unknown_B
#
# <colnr> <probs for GDERKNQSTAVLIFYWHMCP>
#	G	D	E	R	K	N	Q	S	T	A	V	L	I	F	Y	W	H	M	C	P
0	0.01120	0.19945	0.23127	0.01079	0.07739	0.12237	0.00987	0.02195	0.03741	0.06951	0.02748	0.04884	0.02033	0.00532	0.01259	0.00130	0.02391	0.01316	0.01482	0.04104
1	0.02856	0.07630	0.06344	0.02110	0.06370	0.27105	0.02808	0.02531	0.05699	0.03614	0.12623	0.01440	0.02978	0.00843	0.09471	0.00189	0.03117	0.00424	0.01328	0.00521
2	0.00932	0.01214	0.19803	0.13536	0.27864	0.02722	0.07526	0.01291	0.05133	0.01355	0.03344	0.04607	0.02538	0.00604	0.03417	0.00161	0.00565	0.02555	0.00242	0.00592
3	0.00970	0.00675	0.01969	0.02646	0.06632	0.03320	0.00577	0.01203	0.06331	0.17510	0.16303	0.13049	0.20918	0.00816	0.00477	0.00140	0.00320	0.00700	0.00413	0.05033
4	0.03798	0.02740	0.06903	0.00955	0.06183	0.00811	0.02863	0.10054	0.02567	0.40375	0.07016	0.01479	0.02727	0.00636	0.03314	0.00153	0.02551	0.00442	0.00421	0.04011
5	0.00781	0.00419	0.00597	0.00594	0.00632	0.00416	0.00413	0.00707	0.02004	0.05100	0.01215	0.09075	0.04912	0.03054	0.07212	0.60047	0.00416	0.01887	0.00250	0.00269
6	0.02440	0.00456	0.00572	0.00613	0.00699	0.00430	0.00432	0.00869	0.04105	0.09775	0.02406	0.60039	0.09461	0.01169	0.00520	0.00165	0.00266	0.01042	0.04129	0.00415
7	0.05501	0.00458	0.00597	0.00710	0.04893	0.00444	0.00471	0.00715	0.00863	0.01203	0.05605	0.55159	0.08357	0.02375	0.02388	0.03201	0.00303	0.06003	0.00377	0.00379
8	0.01015	0.01000	0.01612	0.16511	0.51871	0.05237	0.06564	0.01264	0.00974	0.01324	0.00939	0.07946	0.00844	0.00479	0.00446	0.00137	0.00536	0.00461	0.00228	0.00610
9	0.04073	0.00676	0.00896	0.00721	0.00998	0.00600	0.00582	0.01790	0.02324	0.60360	0.14086	0.06461	0.03150	0.00648	0.00454	0.00138	0.00335	0.00542	0.00511	0.00654
10	0.00549	0.00429	0.00499	0.00514	0.00621	0.00378	0.00375	0.00678	0.01022	0.01318	0.24710	0.22751	0.41284	0.01110	0.00526	0.00152	0.00227	0.02053	0.00425	0.00377
11	0.13438	0.01162	0.08249	0.02171	0.02899	0.05031	0.03558	0.21993	0.26011	0.01913	0.01169	0.01281	0.00902	0.00541	0.00475	0.00143	0.05156	0.02922	0.00353	0.00632
12	0.00667	0.00468	0.00596	0.04535	0.00731	0.00492	0.00438	0.00783	0.00859	0.01242	0.14991	0.24871	0.02182	0.21548	0.00973	0.00218	0.06257	0.02463	0.15318	0.00367
13	0.00610	0.00507	0.00544	0.00544	0.00688	0.00474	0.00412	0.00880	0.11879	0.01298	0.07990	0.11338	0.54748	0.01053	0.00514	0.00153	0.00250	0.05287	0.00414	0.00415
14	0.01166	0.84935	0.02285	0.00746	0.01119	0.01726	0.00746	0.01306	0.00886	0.01026	0.00606	0.00700	0.00560	0.00373	0.00280	0.00093	0.00466	0.00233	0.00187	0.00560
15	0.00565	0.00404	0.00528	0.00615	0.00648	0.00384	0.00413	0.02819	0.00863	0.01152	0.02340	0.79962	0.02792	0.03508	0.00597	0.00182	0.00264	0.01201	0.00402	0.00363
16	0.01115	0.00952	0.01003	0.00894	0.01145	0.01099	0.00698	0.06389	0.77044	0.01873	0.01737	0.01597	0.01301	0.00588	0.00443	0.00147	0.00352	0.00488	0.00443	0.00693
17	0.01285	0.01014	0.01083	0.00918	0.01198	0.01149	0.00730	0.25437	0.54995	0.04883	0.01558	0.01451	0.01148	0.00570	0.00441	0.00142	0.00386	0.00462	0.00445	0.00707
18	0.00531	0.00380	0.00506	0.00607	0.00633	0.00354	0.00405	0.00607	0.00835	0.01113	0.02404	0.84388	0.02885	0.01366	0.00557	0.00177	0.00253	0.01240	0.00405	0.00354
19	0.21375	0.01086	0.01090	0.01043	0.10732	0.13375	0.00743	0.17826	0.01264	0.21347	0.05227	0.01155	0.00904	0.00492	0.00396	0.00130	0.00458	0.00371	0.00367	0.00621
20	0.67932	0.00968	0.03581	0.00671	0.00964	0.04033	0.00570	0.08857	0.00923	0.07095	0.00728	0.00800	0.00543	0.00427	0.00306	0.00134	0.00380	0.00269	0.00298	0.00522
21	0.09907	0.58311	0.01854	0.00775	0.01109	0.06892	0.00717	0.01485	0.13036	0.01243	0.00788	0.00847	0.00668	0.00414	0.00311	0.00107	0.00456	0.00276	0.00236	0.00567
22	0.01106	0.67928	0.18767	0.00848	0.01277	0.01579	0.00924	0.01321	0.00893	0.01099	0.00643	0.00745	0.00558	0.00382	0.00308	0.00103	0.00503	0.00252	0.00186	0.00577
23	0.01132	0.00997	0.00996	0.00891	0.01136	0.05688	0.00693	0.05591	0.70758	0.01815	0.01671	0.01555	0.01256	0.00578	0.00436	0.00144	0.00371	0.00474	0.03145	0.00673
24	0.01027	0.02139	0.06429	0.11485	0.03843	0.02358	0.07887	0.09604	0.03878	0.07027	0.01073	0.05996	0.00944	0.11194	0.01836	0.01437	0.05483	0.00456	0.00288	0.15616
25	0.02273	0.07411	0.15170	0.01040	0.05866	0.02711	0.00913	0.30804	0.05918	0.16868	0.03314	0.01264	0.03444	0.00518	0.00424	0.00131	0.00471	0.00406	0.00376	0.00678
26	0.01382	0.07971	0.04742	0.02198	0.05654	0.42859	0.00844	0.09610	0.11609	0.01401	0.03652	0.01108	0.02407	0.00493	0.00404	0.00121	0.00609	0.00357	0.02016	0.00565
27	0.00582	0.00446	0.00534	0.00515	0.00635	0.00398	0.00389	0.00752	0.01140	0.01527	0.51150	0.03647	0.32830	0.00978	0.00517	0.00142	0.00216	0.02758	0.00450	0.00395
28	0.01117	0.01393	0.26001	0.11773	0.08620	0.06890	0.04651	0.09701	0.07425	0.08443	0.04887	0.01287	0.02506	0.01631	0.00474	0.00141	0.01745	0.00412	0.00290	0.00614
29	0.01064	0.01170	0.13646	0.38001	0.07172	0.07322	0.04074	0.05570	0.09586	0.06750	0.00959	0.01157	0.00707	0.00456	0.00433	0.00140	0.00564	0.00389	0.00260	0.00580
30	0.00534	0.00383	0.00507	0.00602	0.00632	0.00356	0.00403	0.00615	0.00851	0.01135	0.04967	0.80086	0.04620	0.01346	0.00554	0.00175	0.00251	0.01219	0.00407	0.00356
31	0.00815	0.00434	0.00444	0.00437	0.00546	0.00439	0.00329	0.01067	0.04735	0.01642	0.05965	0.01718	0.01297	0.00534	0.00323	0.00106	0.00210	0.00432	0.78106	0.00420
32	0.00988	0.00991	0.08105	0.06332	0.12744	0.07216	0.11687	0.01228	0.02948	0.08003	0.07097	0.09547	0.05124	0.07383	0.01367	0.00172	0.05723	0.01656	0.01163	0.00525
33	0.01051	0.05013	0.01694	0.15927	0.62026	0.02492	0.01268	0.01326	0.02543	0.01356	0.00819	0.01081	0.00677	0.00401	0.00425	0.00130	0.00527	0.00381	0.00215	0.00647
34	0.01957	0.00742	0.01012	0.00776	0.01113	0.00641	0.00641	0.02126	0.01248	0.82254	0.01721	0.01484	0.01080	0.00540	0.00439	0.00135	0.00371	0.00439	0.00540	0.00742
35	0.01309	0.00737	0.04721	0.00725	0.00979	0.00640	0.00603	0.04407	0.09747	0.37669	0.12851	0.09191	0.08744	0.00707	0.00459	0.00140	0.00331	0.00596	0.04842	0.00603
36	0.01128	0.01172	0.02802	0.04831	0.17514	0.21544	0.04270	0.06529	0.06366	0.01328	0.00955	0.01251	0.00815	0.05489	0.12414	0.00229	0.06029	0.00398	0.04396	0.00540
37	0.00941	0.00765	0.00918	0.00744	0.04861	0.00613	0.00550	0.01168	0.04346	0.04868	0.00984	0.01159	0.02741	0.05120	0.00450	0.00097	0.00338	0.00320	0.00280	0.68735
38	0.00646	0.00534	0.00570	0.00587	0.00682	0.04371	0.00422	0.00812	0.05447	0.01205	0.10827	0.23799	0.26842	0.12713	0.04284	0.00217	0.00339	0.04941	0.00379	0.00382
39	0.07373	0.09630	0.03985	0.01175	0.13834	0.02215	0.06863	0.19128	0.03866	0.06602	0.02143	0.05061	0.00872	0.02018	0.00435	0.00127	0.00453	0.00407	0.00313	0.13500
40	0.00996	0.06026	0.29042	0.02366	0.14098	0.06814	0.02080	0.05455	0.04849	0.03043	0.05138	0.10205	0.01937	0.01478	0.00450	0.00137	0.00511	0.00472	0.00271	0.04633

[dist]
# distance from previous block
# <min> <max>
3	24

[block]
# block no. 2 follows, 60 sequences, length 24
# corresponding to MSA columns:
# 248-271
name=unknown_C
#
# <colnr> <probs for GDERKNQSTAVLIFYWHMCP>
#	G	D	E	R	K	N	Q	S	T	A	V	L	I	F	Y	W	H	M	C	P
0	0.01974	0.04623	0.03280	0.02854	0.08173	0.09277	0.04307	0.08570	0.11525	0.01499	0.01860	0.02961	0.00856	0.00513	0.00496	0.02600	0.05700	0.01375	0.03202	0.24356
1	0.00576	0.00436	0.00550	0.00619	0.02948	0.00401	0.00421	0.00698	0.02081	0.01246	0.16138	0.42336	0.22721	0.02324	0.00589	0.02522	0.00254	0.02358	0.00405	0.00377
2	0.01010	0.01039	0.03000	0.11872	0.02996	0.06738	0.06422	0.02950	0.10697	0.01227	0.00812	0.01095	0.00694	0.00709	0.03485	0.00183	0.43915	0.00400	0.00233	0.00524
3	0.01014	0.00862	0.00929	0.00815	0.01067	0.00942	0.00634	0.01990	0.61242	0.01756	0.08417	0.01661	0.01465	0.00577	0.00430	0.00134	0.00327	0.00483	0.02057	0.13200
4	0.07373	0.00774	0.01078	0.00824	0.01163	0.00689	0.05214	0.02030	0.01203	0.72486	0.01601	0.01417	0.01017	0.00521	0.00432	0.00136	0.00390	0.00430	0.00504	0.00716
5	0.09350	0.00824	0.01016	0.00794	0.01122	0.00787	0.00653	0.12092	0.05902	0.60452	0.01540	0.01369	0.00998	0.00529	0.00424	0.00135	0.00381	0.00418	0.00498	0.00716
6	0.00605	0.00445	0.00567	0.00536	0.00644	0.00406	0.00402	0.00800	0.01207	0.01682	0.72714	0.03367	0.13164	0.00916	0.00515	0.00138	0.00208	0.00804	0.00471	0.00406
7	0.00838	0.00419	0.00437	0.00430	0.00538	0.00420	0.00325	0.01038	0.00915	0.03946	0.01420	0.01626	0.01116	0.00632	0.03991	0.00129	0.00251	0.00410	0.80704	0.00416
8	0.00611	0.00446	0.00574	0.00542	0.00648	0.00409	0.00407	0.00811	0.01220	0.01714	0.76994	0.03315	0.08864	0.00905	0.00514	0.00138	0.00207	0.00797	0.00476	0.00409
9	0.00692	0.00520	0.00732	0.00715	0.00809	0.00597	0.00554	0.05395	0.02958	0.01133	0.01221	0.04271	0.01145	0.05037	0.71369	0.00630	0.01059	0.00492	0.00257	0.00414
10	0.01005	0.00898	0.01005	0.00737	0.01114	0.05686	0.03040	0.06644	0.01008	0.01491	0.00791	0.00916	0.00648	0.00346	0.00341	0.00075	0.00375	0.00277	0.00267	0.73336
11	0.01393	0.00999	0.06049	0.03679	0.01253	0.05139	0.03024	0.24980	0.04302	0.23878	0.06059	0.10066	0.01343	0.00660	0.00462	0.00142	0.00438	0.05079	0.00421	0.00630
12	0.00894	0.00825	0.01359	0.65661	0.14537	0.00982	0.01199	0.04597	0.00945	0.01237	0.00838	0.01255	0.00661	0.00455	0.00440	0.00144	0.00562	0.02671	0.00214	0.00524
13	0.00694	0.00459	0.00587	0.00556	0.00668	0.00418	0.00412	0.00866	0.01146	0.07272	0.57053	0.10852	0.11680	0.04667	0.00589	0.00155	0.00233	0.00813	0.00460	0.00418
14	0.02288	0.02457	0.04844	0.05439	0.19437	0.01851	0.08666	0.02450	0.02151	0.20136	0.05692	0.01342	0.01855	0.00463	0.00422	0.00121	0.00449	0.01379	0.00323	0.18234
15	0.01174	0.73385	0.05433	0.00782	0.01148	0.03275	0.00780	0.01328	0.00902	0.03773	0.00707	0.00795	0.01762	0.00404	0.00330	0.00101	0.02895	0.00259	0.00202	0.00563
16	0.01682	0.00680	0.00922	0.00732	0.01019	0.00592	0.00594	0.01853	0.01229	0.65943	0.14670	0.05151	0.01644	0.00630	0.00456	0.00137	0.00340	0.00528	0.00525	0.00673
17	0.00677	0.00513	0.00699	0.01957	0.04555	0.00507	0.02069	0.01829	0.01001	0.02856	0.26537	0.11749	0.17656	0.03734	0.13693	0.00243	0.02067	0.03680	0.03561	0.00418
18	0.02294	0.10235	0.06490	0.06829	0.16668	0.07566	0.11075	0.11647	0.04905	0.13161	0.01024	0.02549	0.00784	0.00522	0.02226	0.00143	0.00547	0.00402	0.00301	0.00631
19	0.01389	0.00904	0.01084	0.00907	0.02641	0.03040	0.04627	0.15561	0.25480	0.25500	0.05995	0.01640	0.03922	0.02972	0.00497	0.00146	0.00398	0.00486	0.02151	0.00661
20	0.00555	0.00406	0.00519	0.02039	0.00664	0.00382	0.00407	0.00641	0.00855	0.01123	0.05183	0.58318	0.12713	0.09977	0.00723	0.00198	0.00277	0.04277	0.00389	0.00353
21	0.02281	0.05290	0.13158	0.02591	0.37411	0.09415	0.05687	0.06346	0.02851	0.06710	0.00886	0.01051	0.00691	0.00429	0.00442	0.00130	0.02372	0.00372	0.01239	0.00647
22	0.01095	0.03743	0.06665	0.14239	0.23002	0.08577	0.09717	0.05182	0.01048	0.06992	0.01127	0.06120	0.03558	0.00507	0.00434	0.00134	0.00524	0.00456	0.06303	0.00579
23	0.00682	0.00632	0.04303	0.00792	0.01848	0.03300	0.05149	0.00823	0.00884	0.01184	0.03755	0.43746	0.05487	0.03617	0.03721	0.00197	0.05488	0.11162	0.02823	0.00405

[dist]
# distance from previous block
# <min> <max>
1	4

[block]
# block no. 3 follows, 60 sequences, length 17
# corresponding to MSA columns:
# 276-292
name=unknown_D
#
# <colnr> <probs for GDERKNQSTAVLIFYWHMCP>
#	G	D	E	R	K	N	Q	S	T	A	V	L	I	F	Y	W	H	M	C	P
0	0.03909	0.20445	0.12109	0.01238	0.12695	0.07360	0.05472	0.09958	0.01046	0.02690	0.02311	0.00977	0.00693	0.00472	0.00528	0.00129	0.12229	0.00343	0.02088	0.03308
1	0.02331	0.07105	0.10785	0.05201	0.31329	0.07888	0.02138	0.07343	0.02910	0.03946	0.00945	0.01135	0.02684	0.00619	0.05157	0.00164	0.05492	0.00380	0.00248	0.02200
2	0.00559	0.00443	0.00498	0.00496	0.00617	0.00388	0.00370	0.00696	0.01046	0.01338	0.27310	0.06615	0.49209	0.04600	0.00592	0.00159	0.00233	0.04032	0.00421	0.00378
3	0.04766	0.04321	0.04203	0.04064	0.12780	0.12603	0.08139	0.12785	0.01163	0.09013	0.00926	0.02815	0.00728	0.00438	0.00401	0.00116	0.00506	0.00366	0.00292	0.19573
4	0.00604	0.00481	0.00614	0.09843	0.00894	0.00459	0.00473	0.00786	0.01108	0.01475	0.45113	0.03357	0.31361	0.00916	0.00506	0.00142	0.00253	0.00791	0.00421	0.00404
5	0.01851	0.03886	0.01036	0.00762	0.01087	0.00669	0.00632	0.02021	0.01234	0.74637	0.06218	0.01556	0.01232	0.00554	0.00437	0.00134	0.00365	0.00451	0.00523	0.00717
6	0.01601	0.01037	0.01161	0.00920	0.01243	0.01113	0.00750	0.42978	0.20019	0.22384	0.01382	0.01290	0.00961	0.00543	0.00439	0.00136	0.00422	0.00427	0.00464	0.00730
7	0.00617	0.00446	0.00583	0.00549	0.00652	0.00412	0.00412	0.00823	0.01235	0.01749	0.81722	0.03258	0.04115	0.00892	0.00514	0.00137	0.00206	0.00789	0.00480	0.00412
8	0.12933	0.00776	0.00977	0.00760	0.01089	0.00714	0.00627	0.05343	0.01218	0.68595	0.01549	0.01367	0.00988	0.00522	0.00417	0.00135	0.00371	0.00411	0.00501	0.00708
9	0.25687	0.00883	0.00904	0.00782	0.01055	0.00979	0.00624	0.04439	0.40931	0.17082	0.01413	0.01323	0.01023	0.00527	0.00394	0.00141	0.00352	0.00407	0.00413	0.00640
10	0.72478	0.15678	0.00931	0.00604	0.00892	0.01110	0.00521	0.01286	0.00768	0.01793	0.00607	0.00707	0.00488	0.00399	0.00272	0.00128	0.00360	0.00236	0.00255	0.00488
11	0.00634	0.00423	0.00476	0.00476	0.00476	0.00423	0.00264	0.00634	0.00634	0.00846	0.01374	0.02854	0.01586	0.84672	0.02220	0.00423	0.00423	0.00634	0.00264	0.00264
12	0.00904	0.00775	0.00904	0.00646	0.01034	0.00581	0.00517	0.01098	0.00904	0.01421	0.00775	0.00904	0.00646	0.00323	0.00323	0.00065	0.00323	0.00258	0.00258	0.87339
13	0.01566	0.01081	0.01191	0.00945	0.01266	0.01178	0.00775	0.53635	0.15254	0.13352	0.01309	0.01351	0.00954	0.00563	0.00444	0.00137	0.00439	0.03386	0.00450	0.00720
14	0.77486	0.00831	0.00685	0.00598	0.00876	0.00938	0.00493	0.01383	0.00803	0.11566	0.00741	0.00801	0.00545	0.00421	0.00290	0.00135	0.00341	0.00260	0.00302	0.00505
15	0.01030	0.01022	0.02064	0.01646	0.09256	0.00967	0.54202	0.03865	0.01042	0.05780	0.01156	0.13690	0.01024	0.00534	0.00507	0.00149	0.00615	0.00604	0.00272	0.00576
16	0.00690	0.00511	0.00684	0.00693	0.02035	0.00556	0.00502	0.05303	0.02946	0.01158	0.04494	0.13519	0.02847	0.17204	0.43126	0.00484	0.00773	0.01787	0.00294	0.00395

[dist]
# distance from previous block
# <min> <max>
1	2

[block]
# block no. 4 follows, 60 sequences, length 49
# corresponding to MSA columns:
# 295-343
name=unknown_E
#
# <colnr> <probs for GDERKNQSTAVLIFYWHMCP>
#	G	D	E	R	K	N	Q	S	T	A	V	L	I	F	Y	W	H	M	C	P
0	0.00556	0.00400	0.00524	0.00608	0.00643	0.00381	0.00410	0.01819	0.00844	0.01125	0.02349	0.73676	0.05182	0.04576	0.04483	0.00209	0.00305	0.01158	0.00392	0.00359
1	0.01155	0.10336	0.28404	0.01400	0.11383	0.09730	0.14034	0.09672	0.02792	0.03937	0.00846	0.00990	0.00641	0.00430	0.00443	0.00132	0.02442	0.00364	0.00241	0.00628
2	0.01192	0.02959	0.01145	0.00944	0.01217	0.01133	0.04451	0.19682	0.54789	0.01966	0.01567	0.04575	0.01208	0.00590	0.00446	0.00144	0.00393	0.00494	0.00424	0.00681
3	0.00824	0.00775	0.01308	0.83624	0.03004	0.00969	0.01211	0.01114	0.00872	0.01114	0.00775	0.01163	0.00581	0.00436	0.00436	0.00145	0.00581	0.00388	0.00194	0.00484
4	0.00535	0.00391	0.00504	0.00588	0.00632	0.00360	0.00401	0.00621	0.00870	0.01144	0.05187	0.70852	0.12513	0.01317	0.00551	0.00173	0.00250	0.02347	0.00407	0.00358
5	0.01088	0.14024	0.18836	0.09289	0.08538	0.02495	0.17514	0.01434	0.05272	0.09608	0.00984	0.04410	0.00781	0.00471	0.00462	0.00136	0.03382	0.00420	0.00256	0.00601
6	0.00892	0.06111	0.76813	0.01233	0.01861	0.01048	0.03385	0.01378	0.00922	0.01365	0.00777	0.00916	0.00555	0.00411	0.00410	0.00136	0.00638	0.00323	0.00185	0.00639
7	0.00550	0.00443	0.00490	0.00479	0.00611	0.00383	0.00359	0.00694	0.01077	0.01374	0.30995	0.03874	0.55075	0.01031	0.00515	0.00144	0.00216	0.00875	0.00431	0.00383
8	0.02298	0.01293	0.23912	0.22793	0.16526	0.01025	0.03642	0.09738	0.05932	0.01485	0.01043	0.01228	0.04467	0.00476	0.00454	0.00140	0.02293	0.00403	0.00248	0.00604
9	0.00731	0.05616	0.00765	0.00655	0.00754	0.00586	0.02110	0.00844	0.00795	0.04874	0.01682	0.15325	0.08750	0.15219	0.28509	0.01718	0.03799	0.01721	0.05153	0.00394
10	0.08118	0.01976	0.00887	0.00701	0.00975	0.00656	0.00570	0.03415	0.03477	0.52414	0.07759	0.04371	0.01326	0.00580	0.00417	0.00132	0.00335	0.00471	0.10781	0.00639
11	0.04711	0.00470	0.00545	0.00522	0.00653	0.00427	0.00393	0.00806	0.01104	0.04248	0.43189	0.07807	0.31623	0.00959	0.00503	0.00143	0.00226	0.00823	0.00441	0.00407
12	0.05491	0.07875	0.29867	0.01272	0.10502	0.01978	0.08643	0.10654	0.01097	0.12030	0.00983	0.04201	0.00755	0.00476	0.00441	0.00135	0.02288	0.00396	0.00280	0.00637
13	0.02663	0.02356	0.04488	0.01191	0.08066	0.10842	0.14638	0.16935	0.02860	0.05693	0.01125	0.08741	0.00970	0.00945	0.12322	0.00218	0.01915	0.00485	0.02977	0.00570
14	0.77477	0.04850	0.03839	0.00678	0.03644	0.01017	0.00557	0.01289	0.00764	0.01873	0.00621	0.00729	0.00487	0.00403	0.00281	0.00133	0.00361	0.00244	0.00261	0.00490
15	0.01780	0.00703	0.00956	0.00746	0.01052	0.00611	0.00611	0.01954	0.01247	0.71639	0.12269	0.01718	0.01480	0.00586	0.00449	0.00135	0.00349	0.00485	0.00532	0.00699
16	0.01260	0.20645	0.02677	0.02521	0.07059	0.13035	0.06193	0.09816	0.25147	0.04669	0.01104	0.01138	0.00853	0.00476	0.00399	0.00126	0.00497	0.00378	0.01381	0.00626
17	0.00875	0.02256	0.82413	0.01243	0.01888	0.01013	0.01611	0.01381	0.00921	0.01381	0.00783	0.00921	0.00552	0.00414	0.00414	0.00138	0.00645	0.00322	0.00184	0.00645
18	0.00530	0.00442	0.00463	0.00458	0.00598	0.00375	0.00343	0.00655	0.01030	0.01262	0.15805	0.04059	0.70335	0.01073	0.00515	0.00146	0.00219	0.00901	0.00416	0.00375
19	0.01166	0.84935	0.02285	0.00746	0.01119	0.01726	0.00746	0.01306	0.00886	0.01026	0.00606	0.00700	0.00560	0.00373	0.00280	0.00093	0.00466	0.00233	0.00187	0.00560
20	0.00544	0.00443	0.00482	0.00472	0.00607	0.00380	0.00354	0.00682	0.01062	0.01340	0.26317	0.03931	0.59775	0.01044	0.00515	0.00144	0.00217	0.00883	0.00426	0.00380
21	0.00617	0.00446	0.00583	0.00549	0.00652	0.00412	0.00412	0.00823	0.01235	0.01749	0.81722	0.03258	0.04115	0.00892	0.00514	0.00137	0.00206	0.00789	0.00480	0.00412
22	0.00525	0.00436	0.00460	0.00468	0.00599	0.00370	0.00346	0.00640	0.00996	0.01217	0.10403	0.12677	0.67129	0.01115	0.00520	0.00150	0.00223	0.00944	0.00411	0.00370
23	0.01315	0.51246	0.04049	0.00923	0.01258	0.26961	0.03500	0.04156	0.01041	0.01120	0.00657	0.00761	0.00570	0.00403	0.00332	0.00104	0.00580	0.00265	0.00208	0.00552
24	0.00824	0.00775	0.01308	0.83624	0.03004	0.00969	0.01211	0.01114	0.00872	0.01114	0.00775	0.01163	0.00581	0.00436	0.00436	0.00145	0.00581	0.00388	0.00194	0.00484
25	0.04792	0.02601	0.01418	0.01122	0.04936	0.03367	0.10772	0.49984	0.05089	0.02259	0.01000	0.01063	0.00736	0.00477	0.00425	0.00127	0.00494	0.00391	0.01840	0.07109
26	0.00531	0.00380	0.00506	0.00607	0.00633	0.00354	0.00405	0.00607	0.00835	0.01113	0.02404	0.84388	0.02885	0.01366	0.00557	0.00177	0.00253	0.01240	0.00405	0.00354
27	0.01103	0.00553	0.00739	0.00631	0.00819	0.00495	0.00495	0.01296	0.01240	0.30962	0.52692	0.02614	0.03014	0.00764	0.00487	0.00136	0.00266	0.00662	0.00502	0.00532
28	0.00598	0.00547	0.04382	0.00645	0.00726	0.03600	0.00482	0.00709	0.00892	0.01162	0.05464	0.62900	0.10844	0.01235	0.00540	0.00169	0.00293	0.04042	0.00390	0.00379
29	0.06035	0.04083	0.05303	0.03141	0.01188	0.14472	0.00748	0.04731	0.30562	0.07724	0.07968	0.01784	0.01371	0.00616	0.00439	0.00142	0.00445	0.08287	0.00374	0.00589
30	0.35562	0.02545	0.07353	0.01002	0.03813	0.08078	0.05728	0.02208	0.00827	0.02719	0.00662	0.00862	0.00549	0.00518	0.00668	0.00150	0.25690	0.00318	0.00235	0.00513
31	0.01063	0.13586	0.11780	0.05745	0.17172	0.08476	0.27833	0.01351	0.00986	0.01286	0.00851	0.03371	0.00714	0.00437	0.00459	0.00134	0.02332	0.01622	0.00217	0.00586
32	0.00753	0.00380	0.00565	0.00565	0.00565	0.00380	0.00374	0.00571	0.00571	0.00761	0.00782	0.01385	0.00790	0.04744	0.01725	0.83937	0.00380	0.00389	0.00192	0.00192
33	0.01021	0.10224	0.29141	0.03991	0.15030	0.06401	0.05407	0.05441	0.03659	0.01385	0.01001	0.03601	0.02949	0.00496	0.00451	0.00133	0.03103	0.02788	0.00238	0.03542
34	0.03323	0.01389	0.31327	0.05733	0.08157	0.00937	0.13337	0.02802	0.06023	0.11007	0.04091	0.04118	0.00966	0.00514	0.00465	0.00143	0.01935	0.02836	0.00283	0.00614
35	0.00538	0.00387	0.00511	0.00602	0.00636	0.00360	0.00407	0.00624	0.00865	0.01152	0.06689	0.75995	0.05703	0.01329	0.00554	0.00174	0.00252	0.02453	0.00409	0.00359
36	0.00635	0.00479	0.00692	0.00688	0.00751	0.00556	0.00522	0.00766	0.00696	0.00997	0.01216	0.04939	0.01197	0.13083	0.66572	0.00626	0.04453	0.00513	0.00242	0.00376
37	0.01144	0.17857	0.18255	0.07364	0.05998	0.16213	0.11194	0.06729	0.01043	0.01301	0.00782	0.02218	0.00640	0.00508	0.02191	0.00141	0.05272	0.00356	0.00221	0.00573
38	0.00907	0.07557	0.70430	0.01261	0.01871	0.01067	0.08220	0.01378	0.00928	0.01359	0.00780	0.00928	0.00562	0.00408	0.00414	0.00136	0.00641	0.00333	0.00187	0.00634
39	0.00566	0.00430	0.00522	0.00552	0.00639	0.00394	0.00393	0.00718	0.03112	0.01329	0.25192	0.36802	0.25480	0.01139	0.00530	0.00157	0.00233	0.01003	0.00427	0.00383
40	0.01021	0.00874	0.01313	0.06877	0.28507	0.02525	0.07632	0.09281	0.04447	0.03952	0.13752	0.06222	0.02635	0.00579	0.00473	0.00136	0.02199	0.00523	0.06474	0.00579
41	0.01162	0.02472	0.15415	0.01412	0.14274	0.00976	0.18975	0.15370	0.01190	0.10779	0.02882	0.10906	0.01042	0.00554	0.00463	0.00141	0.00527	0.00518	0.00315	0.00627
42	0.00694	0.00490	0.00650	0.00717	0.00820	0.00477	0.00604	0.00864	0.00979	0.02913	0.04363	0.04523	0.13333	0.08760	0.00732	0.00211	0.00373	0.57708	0.00394	0.00392
43	0.02745	0.00877	0.01463	0.43968	0.35715	0.00976	0.01215	0.01236	0.00939	0.03770	0.02484	0.01172	0.00713	0.00428	0.00433	0.00138	0.00536	0.00395	0.00221	0.00577
44	0.01087	0.02442	0.24396	0.02832	0.27415	0.03434	0.09044	0.08591	0.02741	0.05143	0.04518	0.01257	0.01840	0.00469	0.00452	0.00136	0.01529	0.01768	0.00263	0.00641
45	0.01602	0.00698	0.00955	0.00834	0.05614	0.00619	0.00629	0.01793	0.02590	0.59289	0.11841	0.04365	0.05903	0.00632	0.00456	0.00137	0.00347	0.00531	0.00501	0.00665
46	0.00804	0.00406	0.00410	0.00413	0.00512	0.00405	0.00308	0.01004	0.00912	0.01610	0.01453	0.04153	0.01172	0.00534	0.00313	0.00104	0.00205	0.00432	0.84447	0.00405
47	0.68078	0.06193	0.01815	0.00650	0.00929	0.05262	0.01860	0.02416	0.00827	0.01823	0.03778	0.00832	0.00637	0.00423	0.00296	0.00129	0.00376	0.00268	0.00271	0.03137
48	0.03017	0.19002	0.18022	0.02423	0.11655	0.15930	0.04530	0.10868	0.03549	0.03697	0.00836	0.01785	0.00663	0.00437	0.00391	0.00122	0.00569	0.00337	0.00251	0.01917

[dist]
# distance from previous block
# <min> <max>
0	5

[block]
# block no. 5 follows, 60 sequences, length 120
# corresponding to MSA columns:
# 349-468
name=unknown_F
#
# <colnr> <probs for GDERKNQSTAVLIFYWHMCP>
#	G	D	E	R	K	N	Q	S	T	A	V	L	I	F	Y	W	H	M	C	P
0	0.01419	0.00738	0.01018	0.01027	0.14135	0.00683	0.00695	0.03611	0.05195	0.43140	0.11862	0.01969	0.11293	0.00631	0.00457	0.00136	0.00357	0.00535	0.00456	0.00644
1	0.00937	0.00843	0.01170	0.02185	0.10590	0.01077	0.00849	0.01154	0.06914	0.01250	0.02031	0.03022	0.00836	0.00692	0.01022	0.01931	0.48747	0.00420	0.13832	0.00498
2	0.00587	0.00419	0.00570	0.00671	0.00720	0.00402	0.00501	0.00703	0.00890	0.01176	0.02373	0.58639	0.02763	0.01314	0.00571	0.00185	0.00301	0.26441	0.00404	0.00370
3	0.01079	0.01036	0.01770	0.02677	0.81952	0.01036	0.01339	0.01339	0.00993	0.01425	0.00820	0.01079	0.00691	0.00389	0.00432	0.00130	0.00518	0.00389	0.00216	0.00691
4	0.01085	0.00750	0.00864	0.00762	0.00979	0.00798	0.00594	0.01815	0.42581	0.15334	0.26907	0.02116	0.02164	0.00677	0.00465	0.00142	0.00306	0.00577	0.00471	0.00611
5	0.00515	0.00442	0.00442	0.00442	0.00589	0.00368	0.00331	0.00626	0.00994	0.01178	0.04418	0.04197	0.81775	0.01105	0.00515	0.00147	0.00221	0.00920	0.00405	0.00368
6	0.00531	0.00382	0.00503	0.00600	0.00631	0.00355	0.00402	0.00608	0.00842	0.01116	0.02488	0.81019	0.06198	0.01355	0.00555	0.00176	0.00252	0.01226	0.00405	0.00355
7	0.14228	0.00858	0.01021	0.00795	0.01125	0.00840	0.00656	0.18539	0.01345	0.53936	0.01418	0.01281	0.00921	0.00517	0.00414	0.00134	0.00389	0.00400	0.00479	0.00703
8	0.00840	0.00645	0.00735	0.00668	0.00842	0.00668	0.00514	0.04662	0.26861	0.04424	0.38120	0.02727	0.14933	0.00801	0.00486	0.00142	0.00270	0.00686	0.00457	0.00519
9	0.81124	0.00851	0.00667	0.00598	0.00866	0.00987	0.00489	0.01361	0.06894	0.01947	0.00697	0.00779	0.00538	0.00419	0.00283	0.00136	0.00338	0.00256	0.00283	0.00489
10	0.00914	0.13494	0.71521	0.01176	0.01783	0.01110	0.01494	0.01371	0.00916	0.01333	0.00759	0.00891	0.00553	0.00409	0.00396	0.00132	0.00620	0.00310	0.00184	0.00633
11	0.00597	0.00386	0.00483	0.00560	0.00604	0.00366	0.00381	0.00703	0.00854	0.01233	0.02175	0.65051	0.02472	0.01166	0.00498	0.00159	0.00241	0.01045	0.20659	0.00366
12	0.47462	0.05592	0.00877	0.00718	0.03990	0.00908	0.01676	0.04548	0.01811	0.08338	0.01899	0.01091	0.00740	0.08639	0.01551	0.00161	0.00382	0.00323	0.00294	0.09000
13	0.05735	0.07427	0.01217	0.00954	0.01232	0.24937	0.00760	0.24340	0.24059	0.01814	0.01098	0.01104	0.00837	0.00504	0.00404	0.00127	0.00518	0.00370	0.01937	0.00626
14	0.00649	0.00470	0.00623	0.00662	0.00732	0.00477	0.00491	0.04225	0.00889	0.01205	0.05958	0.36187	0.02239	0.10056	0.18442	0.00313	0.00500	0.13791	0.00356	0.01735
15	0.00992	0.06154	0.29834	0.06440	0.11353	0.07064	0.03942	0.01430	0.11338	0.02828	0.03727	0.01236	0.00875	0.03571	0.05013	0.00177	0.02790	0.00394	0.00249	0.00591
16	0.01488	0.11161	0.04198	0.01081	0.01321	0.62932	0.00863	0.01645	0.03257	0.01093	0.00692	0.00816	0.00582	0.00466	0.00458	0.00118	0.06795	0.00290	0.00222	0.00519
17	0.00595	0.00445	0.00552	0.00525	0.00638	0.00402	0.00394	0.00780	0.01182	0.01623	0.64674	0.03465	0.21241	0.00939	0.00515	0.00139	0.00209	0.00818	0.00464	0.00402
18	0.00656	0.00474	0.00709	0.00703	0.00787	0.00548	0.00548	0.00812	0.00714	0.03000	0.01182	0.01708	0.01090	0.03204	0.80926	0.00687	0.01149	0.00467	0.00241	0.00398
19	0.01036	0.00983	0.01602	0.05259	0.64779	0.02871	0.02906	0.01297	0.02268	0.01406	0.03915	0.01313	0.00896	0.03385	0.00499	0.00141	0.00503	0.01815	0.02489	0.00639
20	0.01880	0.00752	0.01007	0.00785	0.01112	0.00668	0.00648	0.03328	0.04794	0.75308	0.01728	0.01575	0.01123	0.00559	0.00443	0.00137	0.00372	0.02517	0.00530	0.00731
21	0.01684	0.01164	0.01271	0.00976	0.01323	0.01269	0.00806	0.70582	0.03054	0.11698	0.01133	0.01104	0.00788	0.00526	0.00437	0.00132	0.00466	0.00399	0.00448	0.00741
22	0.00710	0.00480	0.00648	0.00721	0.00819	0.00463	0.00593	0.00871	0.00975	0.05304	0.03555	0.22199	0.08923	0.02525	0.00602	0.00191	0.00350	0.49258	0.00408	0.00403
23	0.00690	0.00497	0.00598	0.00558	0.00694	0.00463	0.00423	0.00949	0.07316	0.05417	0.51900	0.03290	0.23742	0.00907	0.00506	0.00140	0.00228	0.00783	0.00461	0.00437
24	0.01751	0.00728	0.00941	0.00738	0.01040	0.00662	0.00605	0.07188	0.02715	0.63508	0.01633	0.01479	0.01067	0.00535	0.00419	0.00130	0.00353	0.00432	0.13387	0.00691
25	0.00739	0.00504	0.00700	0.00785	0.00892	0.00498	0.00679	0.00931	0.01006	0.04359	0.02343	0.08110	0.04411	0.01184	0.00592	0.00196	0.00390	0.70864	0.00407	0.00412
26	0.00708	0.00493	0.00666	0.00750	0.01962	0.00488	0.00592	0.02909	0.00956	0.03047	0.02177	0.25796	0.02417	0.09273	0.00736	0.00212	0.00367	0.45666	0.00391	0.00396
27	0.01957	0.00742	0.01012	0.00776	0.01113	0.00641	0.00641	0.02126	0.01248	0.82254	0.01721	0.01484	0.01080	0.00540	0.00439	0.00135	0.00371	0.00439	0.00540	0.00742
28	0.87753	0.00843	0.00641	0.00574	0.00843	0.00978	0.00472	0.01282	0.00742	0.01957	0.00607	0.00709	0.00472	0.00405	0.00270	0.00135	0.00337	0.00236	0.00270	0.00472
29	0.01787	0.00946	0.01130	0.00874	0.01211	0.00953	0.00719	0.33665	0.06137	0.45674	0.01453	0.01317	0.00958	0.00536	0.00438	0.00134	0.00413	0.00423	0.00493	0.00739
30	0.01208	0.74741	0.02159	0.00793	0.01143	0.09932	0.00761	0.01345	0.00917	0.01031	0.00612	0.00714	0.00560	0.00389	0.00316	0.00097	0.02297	0.00241	0.00191	0.00552
31	0.00634	0.00423	0.00476	0.00476	0.00476	0.00423	0.00264	0.00634	0.00634	0.00846	0.01374	0.02854	0.01586	0.84672	0.02220	0.00423	0.00423	0.00634	0.00264	0.00264
32	0.00516	0.00440	0.00443	0.00445	0.00590	0.00368	0.00333	0.00626	0.00991	0.01177	0.04374	0.05968	0.80033	0.01110	0.00516	0.00148	0.00222	0.00928	0.00405	0.00368
33	0.01079	0.01036	0.01770	0.02677	0.81952	0.01036	0.01339	0.01339	0.00993	0.01425	0.00820	0.01079	0.00691	0.00389	0.00432	0.00130	0.00518	0.00389	0.00216	0.00691
34	0.01085	0.00937	0.00986	0.00888	0.01134	0.01085	0.00690	0.02318	0.81164	0.01824	0.01775	0.01627	0.01331	0.00592	0.00444	0.00148	0.00345	0.00493	0.00444	0.00690
35	0.01658	0.01222	0.01309	0.01003	0.01353	0.01353	0.00829	0.80497	0.02051	0.02749	0.01047	0.01047	0.00742	0.00524	0.00436	0.00131	0.00480	0.00393	0.00436	0.00742
36	0.01085	0.00937	0.00986	0.00888	0.01134	0.01085	0.00690	0.02318	0.81164	0.01824	0.01775	0.01627	0.01331	0.00592	0.00444	0.00148	0.00345	0.00493	0.00444	0.00690
37	0.87753	0.00843	0.00641	0.00574	0.00843	0.00978	0.00472	0.01282	0.00742	0.01957	0.00607	0.00709	0.00472	0.00405	0.00270	0.00135	0.00337	0.00236	0.00270	0.00472
38	0.01079	0.01036	0.01770	0.02677	0.81952	0.01036	0.01339	0.01339	0.00993	0.01425	0.00820	0.01079	0.00691	0.00389	0.00432	0.00130	0.00518	0.00389	0.00216	0.00691
39	0.00882	0.04343	0.80390	0.01231	0.01868	0.01031	0.01590	0.01379	0.00920	0.01372	0.00778	0.00915	0.00553	0.00413	0.00411	0.00137	0.00640	0.00320	0.00184	0.00642
40	0.01543	0.02109	0.01060	0.00876	0.03220	0.00881	0.00687	0.17435	0.18876	0.38123	0.05273	0.05423	0.01276	0.00597	0.00446	0.00138	0.00379	0.00491	0.00476	0.00693
41	0.00608	0.00504	0.02718	0.00549	0.00680	0.00433	0.00430	0.00822	0.03232	0.01582	0.56018	0.04857	0.24082	0.00935	0.00511	0.00141	0.00226	0.00811	0.00451	0.00413
42	0.01602	0.02021	0.01223	0.01112	0.01338	0.78824	0.00835	0.01770	0.05237	0.01105	0.00729	0.00829	0.00600	0.00457	0.00396	0.00114	0.00764	0.00292	0.00236	0.00515
43	0.01894	0.00730	0.00997	0.00777	0.01103	0.00634	0.00644	0.02064	0.01236	0.78201	0.01750	0.01656	0.01151	0.00573	0.00447	0.00138	0.00373	0.04372	0.00533	0.00725
44	0.01124	0.01036	0.03865	0.00914	0.01179	0.03842	0.00735	0.06179	0.71708	0.01830	0.01667	0.01545	0.01249	0.00577	0.00441	0.00146	0.00377	0.00475	0.00427	0.00685
45	0.00534	0.00387	0.00499	0.00588	0.00622	0.00358	0.00393	0.00610	0.00840	0.01108	0.02534	0.74215	0.09559	0.04751	0.00621	0.00185	0.00257	0.01188	0.00399	0.00352
46	0.00993	0.02473	0.05201	0.00855	0.04010	0.04833	0.04702	0.04543	0.02957	0.01459	0.00811	0.00939	0.00659	0.00354	0.00352	0.00083	0.00400	0.00291	0.00260	0.63826
47	0.00866	0.00630	0.04749	0.00628	0.00778	0.02532	0.00498	0.01027	0.01066	0.14033	0.37958	0.04581	0.09268	0.16298	0.00835	0.00192	0.02521	0.00680	0.00413	0.00447
48	0.83996	0.00860	0.00670	0.00592	0.00866	0.00995	0.00488	0.04739	0.00799	0.01991	0.00626	0.00723	0.00484	0.00410	0.00277	0.00135	0.00344	0.00243	0.00277	0.00484
49	0.00549	0.00427	0.00502	0.00544	0.00633	0.00385	0.00387	0.00681	0.02761	0.01225	0.11373	0.40052	0.35138	0.01190	0.00534	0.00161	0.00240	0.02431	0.00413	0.00374
50	0.00640	0.00452	0.00567	0.00534	0.00651	0.00410	0.00402	0.00829	0.01188	0.03820	0.64945	0.03337	0.17085	0.00911	0.00508	0.00138	0.00213	0.00794	0.02163	0.00413
51	0.00698	0.00500	0.00696	0.00794	0.00895	0.00499	0.00693	0.00896	0.01004	0.01302	0.02364	0.04901	0.04579	0.01202	0.00600	0.00199	0.00397	0.76978	0.00402	0.00401
52	0.00863	0.00482	0.00504	0.00476	0.00612	0.00474	0.00367	0.06236	0.01019	0.04970	0.01944	0.02097	0.14940	0.00628	0.00362	0.00115	0.00236	0.02273	0.60965	0.00436
53	0.00875	0.00838	0.03445	0.48417	0.08546	0.00941	0.06870	0.04564	0.00904	0.01205	0.00858	0.02245	0.00709	0.03563	0.06950	0.03217	0.04721	0.00420	0.00216	0.00497
54	0.01898	0.00729	0.00993	0.00766	0.01093	0.00631	0.00631	0.02068	0.01248	0.78710	0.05243	0.01563	0.01213	0.00555	0.00442	0.00135	0.00364	0.00454	0.00537	0.00728
55	0.00518	0.00442	0.00445	0.00444	0.00590	0.00369	0.00333	0.00630	0.00999	0.01190	0.05985	0.04178	0.80200	0.01100	0.00515	0.00147	0.00221	0.00918	0.00407	0.00369
56	0.00975	0.00961	0.01656	0.30956	0.34625	0.02494	0.13870	0.02652	0.00980	0.01316	0.00984	0.01264	0.04435	0.00439	0.00450	0.00138	0.00566	0.00431	0.00222	0.00584
57	0.01038	0.31354	0.27879	0.03520	0.06809	0.04475	0.01092	0.02757	0.02342	0.01215	0.00737	0.00931	0.00618	0.02544	0.01654	0.00141	0.09797	0.00316	0.00202	0.00579
58	0.00631	0.00457	0.00615	0.00612	0.00658	0.00505	0.00434	0.00722	0.00679	0.00948	0.01300	0.02208	0.02726	0.36214	0.47416	0.00570	0.02174	0.00542	0.00248	0.00340
59	0.00832	0.00787	0.05828	0.03700	0.06552	0.00841	0.04661	0.01035	0.02865	0.03975	0.01006	0.02444	0.00909	0.03900	0.37556	0.01670	0.20285	0.00445	0.00236	0.00472
60	0.01045	0.06203	0.12790	0.23252	0.07807	0.06707	0.08128	0.02317	0.06768	0.08264	0.02545	0.06972	0.02395	0.00534	0.00461	0.00140	0.02373	0.00461	0.00272	0.00565
61	0.00880	0.00714	0.01059	0.14321	0.19614	0.02037	0.02021	0.04671	0.00996	0.05280	0.08353	0.23108	0.04563	0.01974	0.00564	0.02430	0.02251	0.04339	0.00325	0.00499
62	0.01112	0.00918	0.01013	0.00949	0.04281	0.01043	0.00716	0.07357	0.64329	0.03848	0.01697	0.01741	0.01317	0.01826	0.01944	0.00162	0.00380	0.04268	0.00429	0.00670
63	0.64601	0.00994	0.00860	0.00796	0.04613	0.09792	0.04532	0.02527	0.02194	0.01808	0.00691	0.00808	0.00541	0.00415	0.00309	0.00132	0.00411	0.00274	0.03203	0.00497
64	0.00816	0.00736	0.01184	0.18976	0.17398	0.00788	0.07617	0.02026	0.04520	0.01296	0.09715	0.01866	0.10015	0.03454	0.16328	0.00256	0.01703	0.00525	0.00277	0.00502
65	0.01007	0.00980	0.02835	0.04676	0.67967	0.00960	0.02375	0.01256	0.00985	0.01387	0.01139	0.03617	0.06332	0.00482	0.00445	0.00134	0.00495	0.02043	0.00237	0.00646
66	0.00603	0.00457	0.00557	0.00530	0.00648	0.00417	0.00398	0.00811	0.03191	0.01605	0.60004	0.03456	0.23835	0.00938	0.00513	0.00140	0.00213	0.00815	0.00460	0.00408
67	0.87753	0.00843	0.00641	0.00574	0.00843	0.00978	0.00472	0.01282	0.00742	0.01957	0.00607	0.00709	0.00472	0.00405	0.00270	0.00135	0.00337	0.00236	0.00270	0.00472
68	0.00563	0.00398	0.00492	0.00554	0.00580	0.00377	0.00355	0.00617	0.00782	0.01033	0.02216	0.53019	0.07909	0.27753	0.01081	0.00253	0.00305	0.01026	0.00360	0.00327
69	0.01079	0.01036	0.01770	0.02677	0.81952	0.01036	0.01339	0.01339	0.00993	0.01425	0.00820	0.01079	0.00691	0.00389	0.00432	0.00130	0.00518	0.00389	0.00216	0.00691
70	0.00928	0.00774	0.00907	0.00649	0.01035	0.00583	0.00520	0.01121	0.00912	0.03249	0.00797	0.00918	0.00656	0.00328	0.00326	0.00066	0.00324	0.00262	0.00265	0.85380
71	0.01957	0.00742	0.01012	0.00776	0.01113	0.00641	0.00641	0.02126	0.01248	0.82254	0.01721	0.01484	0.01080	0.00540	0.00439	0.00135	0.00371	0.00439	0.00540	0.00742
72	0.87753	0.00843	0.00641	0.00574	0.00843	0.00978	0.00472	0.01282	0.00742	0.01957	0.00607	0.00709	0.00472	0.00405	0.00270	0.00135	0.00337	0.00236	0.00270	0.00472
73	0.87753	0.00843	0.00641	0.00574	0.00843	0.00978	0.00472	0.01282	0.00742	0.01957	0.00607	0.00709	0.00472	0.00405	0.00270	0.00135	0.00337	0.00236	0.00270	0.00472
74	0.00544	0.00439	0.00484	0.00480	0.00609	0.00379	0.00357	0.00679	0.01051	0.01330	0.25341	0.08453	0.56204	0.01061	0.00517	0.00146	0.00219	0.00903	0.00425	0.00379
75	0.00999	0.00927	0.01524	0.35525	0.42844	0.01013	0.01233	0.06064	0.01014	0.01387	0.02809	0.01165	0.00734	0.00429	0.00436	0.00136	0.00534	0.00398	0.00227	0.00603
76	0.01091	0.04311	0.01033	0.02690	0.01150	0.03143	0.00689	0.06619	0.63628	0.01762	0.02822	0.01667	0.04012	0.02815	0.00486	0.00151	0.00370	0.00492	0.00416	0.00653
77	0.02546	0.00825	0.00944	0.00765	0.01026	0.04032	0.00608	0.19009	0.04155	0.25086	0.14348	0.03436	0.01463	0.02869	0.02058	0.04810	0.00392	0.00477	0.00420	0.10730
78	0.02761	0.03091	0.14973	0.13816	0.11746	0.05238	0.20193	0.05860	0.06027	0.02863	0.01015	0.07458	0.00847	0.00495	0.00450	0.00140	0.00572	0.00467	0.00257	0.01732
79	0.01104	0.54408	0.17426	0.00950	0.01360	0.03742	0.06866	0.01383	0.04927	0.01163	0.00720	0.00832	0.00605	0.00403	0.00362	0.00111	0.02563	0.00289	0.00203	0.00581
80	0.03458	0.00757	0.00999	0.00773	0.01102	0.00673	0.00637	0.05234	0.02322	0.73979	0.01758	0.01539	0.03572	0.00555	0.00438	0.00135	0.00370	0.00449	0.00525	0.00725
81	0.00590	0.00424	0.00510	0.00543	0.00631	0.00379	0.00383	0.00695	0.00949	0.04051	0.12999	0.40274	0.30775	0.03981	0.00589	0.00168	0.00246	0.01022	0.00414	0.00377
82	0.01305	0.01616	0.23111	0.03279	0.01572	0.23330	0.09451	0.09706	0.05900	0.10619	0.01022	0.01096	0.02182	0.00465	0.00425	0.00129	0.00607	0.00372	0.00287	0.03524
83	0.00755	0.00381	0.00571	0.00571	0.00573	0.00382	0.00382	0.00573	0.00571	0.00763	0.00766	0.01334	0.00765	0.01553	0.03456	0.85443	0.00396	0.00381	0.00190	0.00194
84	0.00598	0.00430	0.00581	0.00674	0.00735	0.00413	0.00516	0.00727	0.00916	0.01206	0.04514	0.48894	0.05760	0.01282	0.00571	0.00184	0.00307	0.30911	0.00406	0.00374
85	0.00782	0.00731	0.06294	0.00703	0.00887	0.02761	0.00587	0.02582	0.17151	0.03310	0.20179	0.10803	0.19896	0.00958	0.02640	0.00166	0.00340	0.08341	0.00409	0.00483
86	0.00574	0.00410	0.00555	0.00656	0.00700	0.00391	0.00479	0.00681	0.00877	0.01161	0.02380	0.64585	0.02791	0.01326	0.00568	0.00183	0.00290	0.20621	0.00404	0.00366
87	0.00659	0.00473	0.00581	0.00554	0.00679	0.00435	0.00421	0.00873	0.03960	0.04517	0.52425	0.05669	0.22373	0.00944	0.00514	0.00143	0.00229	0.03672	0.00458	0.00421
88	0.01045	0.03110	0.02927	0.05953	0.48777	0.05029	0.09367	0.03342	0.00987	0.01357	0.00881	0.03281	0.00761	0.00687	0.07763	0.00184	0.03285	0.00420	0.00226	0.00616
