[name]
unknown

[dist]
# distance from previous block
# <min> <max>
17	135

[block]
# block no. 0 follows, 56 sequences, length 23
# corresponding to MSA columns:
# 150-172
name=unknown_A
#
# <colnr> <probs for GDERKNQSTAVLIFYWHMCP>
#	G	D	E	R	K	N	Q	S	T	A	V	L	I	F	Y	W	H	M	C	P
0	0.15401	0.09312	0.11667	0.01757	0.03268	0.06259	0.00836	0.18321	0.02427	0.16220	0.01090	0.01129	0.00788	0.00493	0.00395	0.00132	0.00473	0.00365	0.09022	0.00646
1	0.09171	0.08058	0.00930	0.00780	0.02474	0.02146	0.02285	0.02729	0.00848	0.02708	0.01349	0.09004	0.02826	0.09910	0.39528	0.00457	0.00810	0.03258	0.00284	0.00447
2	0.01008	0.09225	0.10327	0.02878	0.07583	0.07521	0.04744	0.05285	0.08942	0.01382	0.02905	0.02533	0.05897	0.04738	0.16255	0.00272	0.04860	0.02805	0.00287	0.00554
3	0.00653	0.00462	0.00595	0.00585	0.00687	0.00423	0.00430	0.00834	0.01197	0.03365	0.57313	0.18937	0.10705	0.01047	0.00548	0.00153	0.00231	0.00926	0.00485	0.00425
4	0.01021	0.02407	0.11097	0.05920	0.13723	0.04579	0.05209	0.08291	0.13311	0.02478	0.11059	0.04434	0.13179	0.00669	0.00483	0.00146	0.00463	0.00577	0.00351	0.00601
5	0.00565	0.00429	0.00519	0.00582	0.00656	0.00386	0.00406	0.00665	0.00952	0.01222	0.06570	0.50217	0.28502	0.03221	0.00612	0.00181	0.00262	0.03249	0.00426	0.00379
6	0.01273	0.05770	0.03777	0.05154	0.03214	0.01174	0.06293	0.31459	0.20026	0.02052	0.03864	0.01579	0.05644	0.03115	0.03384	0.00173	0.00501	0.00490	0.00391	0.00667
7	0.06656	0.06170	0.01334	0.01030	0.01277	0.14479	0.04072	0.23287	0.03112	0.08608	0.00983	0.01117	0.00765	0.00708	0.04680	0.00174	0.16244	0.00388	0.04299	0.00616
8	0.01370	0.39386	0.01754	0.00926	0.01258	0.25672	0.00794	0.05879	0.09205	0.01314	0.00826	0.00902	0.00691	0.00444	0.00361	0.00110	0.00567	0.00300	0.00257	0.07984
9	0.48232	0.11834	0.08156	0.00889	0.05723	0.01182	0.00752	0.12617	0.01049	0.04791	0.00776	0.00867	0.00593	0.00445	0.00340	0.00136	0.00435	0.00297	0.00297	0.00589
10	0.01060	0.00959	0.01143	0.00847	0.01233	0.05672	0.07349	0.07492	0.01079	0.01572	0.00902	0.03882	0.00767	0.00408	0.00380	0.00088	0.00418	0.00344	0.00287	0.64118
11	0.01078	0.00620	0.00760	0.00659	0.00865	0.00576	0.00516	0.04532	0.06627	0.22870	0.33619	0.02949	0.20754	0.00854	0.00512	0.00147	0.00288	0.00726	0.00499	0.00549
12	0.00733	0.00509	0.00643	0.00612	0.00744	0.00469	0.00461	0.00958	0.04026	0.05869	0.50397	0.13353	0.11786	0.00984	0.00536	0.00151	0.00251	0.03562	0.00478	0.03478
13	0.00802	0.00689	0.03326	0.08748	0.04275	0.00639	0.09463	0.01053	0.05271	0.05721	0.12277	0.29153	0.14804	0.00959	0.00534	0.00162	0.00379	0.00869	0.00389	0.00487
14	0.78892	0.03892	0.00774	0.00645	0.00930	0.05988	0.00531	0.01380	0.00818	0.01968	0.00644	0.00750	0.00506	0.00428	0.00292	0.00139	0.00389	0.00251	0.00278	0.00503
15	0.39474	0.00996	0.00969	0.00794	0.01112	0.03456	0.00650	0.19372	0.05438	0.21941	0.01103	0.01084	0.00771	0.00502	0.00382	0.00141	0.00413	0.00355	0.00403	0.00645
16	0.01318	0.01186	0.01130	0.01027	0.03561	0.13304	0.00778	0.11027	0.52680	0.04812	0.01631	0.01542	0.02748	0.00595	0.00459	0.00147	0.00453	0.00477	0.00428	0.00699
17	0.00667	0.00484	0.00548	0.00525	0.00675	0.00418	0.00396	0.00816	0.01132	0.06291	0.26934	0.06439	0.50886	0.01069	0.00539	0.00152	0.00239	0.00908	0.00458	0.00425
18	0.01239	0.01204	0.01146	0.02757	0.01295	0.17057	0.03184	0.07225	0.46563	0.01710	0.01543	0.01533	0.03221	0.00768	0.05450	0.00183	0.02408	0.00474	0.00388	0.00651
19	0.00658	0.00444	0.00505	0.00511	0.00530	0.00436	0.00303	0.00689	0.00747	0.01008	0.06193	0.08917	0.05950	0.66377	0.01954	0.00384	0.00401	0.00731	0.02958	0.00304
20	0.01129	0.01083	0.02939	0.14310	0.21883	0.07470	0.02551	0.07711	0.21714	0.01588	0.02422	0.01495	0.04004	0.03484	0.00577	0.01464	0.02762	0.00466	0.00317	0.00632
21	0.01860	0.00735	0.00995	0.00778	0.01098	0.00640	0.00637	0.02043	0.01304	0.69767	0.11357	0.01792	0.01524	0.00612	0.00468	0.00141	0.00365	0.00505	0.02647	0.00731
22	0.01123	0.19563	0.16191	0.02299	0.06479	0.02808	0.04255	0.08031	0.23078	0.01631	0.06461	0.01429	0.03639	0.00541	0.00431	0.00137	0.00489	0.00440	0.00325	0.00651

[dist]
# distance from previous block
# <min> <max>
5	12

[block]
# block no. 1 follows, 56 sequences, length 11
# corresponding to MSA columns:
# 186-196
name=unknown_B
#
# <colnr> <probs for GDERKNQSTAVLIFYWHMCP>
#	G	D	E	R	K	N	Q	S	T	A	V	L	I	F	Y	W	H	M	C	P
0	0.01279	0.10118	0.05806	0.07044	0.09657	0.18759	0.04826	0.09234	0.16674	0.02813	0.02884	0.01284	0.00935	0.00576	0.02203	0.00148	0.00582	0.01883	0.00309	0.02985
1	0.00641	0.00455	0.00602	0.00623	0.00662	0.00482	0.00426	0.00723	0.00738	0.01017	0.01577	0.18685	0.01735	0.35157	0.33874	0.00510	0.00723	0.00725	0.00295	0.00350
2	0.01047	0.01072	0.05099	0.13305	0.30909	0.06716	0.08863	0.05138	0.01088	0.01458	0.03288	0.04718	0.04261	0.00679	0.03619	0.00169	0.00580	0.04868	0.02522	0.00600
3	0.00661	0.00473	0.00642	0.00642	0.00691	0.00522	0.00454	0.00758	0.00709	0.00995	0.01317	0.02289	0.01358	0.35943	0.49834	0.00620	0.00913	0.00563	0.00259	0.00357
4	0.01046	0.02470	0.05611	0.13816	0.09620	0.05983	0.02836	0.07840	0.10653	0.04053	0.13461	0.03203	0.07336	0.00723	0.02327	0.00163	0.06255	0.01685	0.00342	0.00577
5	0.00758	0.00418	0.00602	0.00602	0.00613	0.00429	0.00404	0.00639	0.00628	0.00848	0.00956	0.01699	0.00979	0.14551	0.12672	0.61773	0.00518	0.00453	0.00218	0.00240
6	0.01023	0.02998	0.17499	0.16292	0.11842	0.02516	0.03792	0.08060	0.09802	0.01485	0.01122	0.01476	0.02110	0.05616	0.00675	0.07138	0.00537	0.02455	0.02981	0.00579
7	0.01222	0.72746	0.02203	0.00783	0.01146	0.01693	0.00755	0.06455	0.00995	0.01186	0.00726	0.00922	0.00679	0.06339	0.00451	0.00125	0.00489	0.00287	0.00219	0.00580
8	0.03243	0.24556	0.03244	0.02479	0.01242	0.34241	0.00788	0.06031	0.01129	0.01236	0.01014	0.06970	0.03343	0.06030	0.00550	0.00145	0.02558	0.00410	0.00259	0.00532
9	0.14986	0.06296	0.01072	0.00842	0.03564	0.00882	0.00659	0.08357	0.07220	0.37901	0.03979	0.06569	0.01217	0.03805	0.00505	0.00154	0.00393	0.00485	0.00450	0.00663
10	0.05064	0.06251	0.02371	0.06637	0.10117	0.01975	0.06252	0.04065	0.02922	0.01424	0.09417	0.12688	0.14701	0.04828	0.02159	0.00176	0.03610	0.02684	0.00334	0.02325

[dist]
# distance from previous block
# <min> <max>
7	11

[block]
# block no. 2 follows, 56 sequences, length 12
# corresponding to MSA columns:
# 208-219
name=unknown_C
#
# <colnr> <probs for GDERKNQSTAVLIFYWHMCP>
#	G	D	E	R	K	N	Q	S	T	A	V	L	I	F	Y	W	H	M	C	P
0	0.02903	0.04485	0.08683	0.03181	0.05668	0.31464	0.03661	0.16804	0.06807	0.04089	0.01060	0.03319	0.02216	0.00616	0.02912	0.00152	0.00650	0.00403	0.00309	0.00619
1	0.07354	0.01048	0.01069	0.04247	0.01258	0.09520	0.02065	0.11225	0.25249	0.07689	0.03505	0.01353	0.01053	0.00591	0.02322	0.00143	0.00455	0.00416	0.03631	0.15807
2	0.01103	0.01107	0.08719	0.01005	0.04685	0.04890	0.00816	0.10280	0.36721	0.01825	0.11156	0.01795	0.05026	0.00723	0.02966	0.00164	0.02459	0.00520	0.00402	0.03638
3	0.01333	0.11579	0.01252	0.00876	0.01158	0.05714	0.03912	0.19959	0.11943	0.13225	0.13139	0.01755	0.04635	0.03281	0.00510	0.00146	0.00430	0.00504	0.04018	0.00630
4	0.00980	0.02122	0.07922	0.00991	0.05999	0.12568	0.02030	0.06735	0.06424	0.01374	0.04181	0.05988	0.11137	0.06932	0.18711	0.00298	0.03176	0.01608	0.00311	0.00514
5	0.00768	0.00411	0.00584	0.00584	0.00587	0.00413	0.00382	0.00619	0.00616	0.00824	0.00935	0.01714	0.00974	0.17258	0.04547	0.67459	0.00435	0.00453	0.00216	0.00221
6	0.01414	0.01303	0.01191	0.03262	0.04456	0.21453	0.00813	0.26432	0.16789	0.03711	0.07331	0.01485	0.03918	0.00698	0.03541	0.00161	0.00557	0.00459	0.00385	0.00644
7	0.00740	0.00517	0.00684	0.00632	0.00770	0.00474	0.02887	0.00951	0.03041	0.06961	0.49011	0.12963	0.16632	0.00987	0.00540	0.00152	0.00258	0.00870	0.00477	0.00454
8	0.01295	0.12937	0.15261	0.01040	0.01412	0.08706	0.03495	0.19912	0.21205	0.03413	0.04275	0.02902	0.01045	0.00548	0.00439	0.00138	0.00518	0.00432	0.00354	0.00673
9	0.00669	0.00503	0.00692	0.00691	0.00772	0.00562	0.00518	0.00858	0.04559	0.01097	0.01569	0.05504	0.06518	0.14669	0.57974	0.00607	0.00970	0.00583	0.00280	0.00403
10	0.04175	0.08066	0.06845	0.00871	0.01249	0.07013	0.02160	0.11360	0.10351	0.04254	0.01017	0.02816	0.00815	0.00455	0.00389	0.00108	0.00445	0.00355	0.00317	0.36938
11	0.02682	0.04278	0.03226	0.16626	0.14488	0.02609	0.03168	0.07194	0.05528	0.19741	0.02066	0.04246	0.00992	0.00565	0.00515	0.00146	0.05039	0.02797	0.00346	0.03748

[dist]
# distance from previous block
# <min> <max>
1	4

[block]
# block no. 3 follows, 56 sequences, length 14
# corresponding to MSA columns:
# 225-238
name=unknown_D
#
# <colnr> <probs for GDERKNQSTAVLIFYWHMCP>
#	G	D	E	R	K	N	Q	S	T	A	V	L	I	F	Y	W	H	M	C	P
0	0.04625	0.03824	0.09652	0.05684	0.10881	0.01959	0.03717	0.09160	0.11814	0.06398	0.02834	0.01459	0.06577	0.00628	0.02851	0.00153	0.04522	0.00443	0.00325	0.12496
1	0.01064	0.00733	0.00948	0.00757	0.01028	0.00658	0.03383	0.04281	0.01106	0.15004	0.15032	0.03606	0.08174	0.02623	0.03173	0.00150	0.05029	0.02186	0.00382	0.30684
2	0.74668	0.00950	0.00763	0.03053	0.01007	0.04254	0.00557	0.04575	0.00881	0.04874	0.00708	0.00807	0.00539	0.00439	0.00308	0.00141	0.00389	0.00269	0.00297	0.00521
3	0.01078	0.10069	0.10000	0.02644	0.04543	0.09582	0.09544	0.04170	0.16246	0.01494	0.05298	0.01719	0.10460	0.00605	0.00503	0.00141	0.04312	0.01888	0.00317	0.05385
4	0.00680	0.00528	0.00784	0.02802	0.00890	0.00628	0.00607	0.00838	0.00743	0.01070	0.01222	0.04028	0.01165	0.04961	0.71015	0.00668	0.06199	0.00511	0.00248	0.00414
5	0.00953	0.02520	0.16530	0.08830	0.12038	0.02311	0.00982	0.02726	0.17319	0.02518	0.17160	0.01982	0.07546	0.00652	0.00504	0.00149	0.02564	0.01770	0.00348	0.00599
6	0.00757	0.00510	0.00662	0.00646	0.00769	0.00484	0.00500	0.00981	0.03663	0.06786	0.45216	0.08745	0.09246	0.03049	0.03910	0.00190	0.00315	0.12649	0.00469	0.00451
7	0.01045	0.01534	0.28259	0.05797	0.13959	0.04470	0.17046	0.01566	0.13213	0.01494	0.02694	0.01232	0.00840	0.00496	0.00521	0.01883	0.02613	0.00433	0.00258	0.00647
8	0.00626	0.00458	0.00582	0.00571	0.00670	0.00420	0.00418	0.00805	0.01191	0.01648	0.58620	0.14800	0.12629	0.03763	0.00607	0.00161	0.00233	0.00907	0.00478	0.00414
9	0.01013	0.04818	0.14608	0.01120	0.10111	0.05945	0.04174	0.03870	0.12695	0.04995	0.17840	0.02083	0.11947	0.00718	0.01928	0.00154	0.00463	0.00567	0.00361	0.00590
10	0.00631	0.00460	0.00593	0.00578	0.00679	0.00422	0.00427	0.00823	0.01228	0.01714	0.65516	0.13848	0.09328	0.01018	0.00547	0.00151	0.00224	0.00901	0.00490	0.00422
11	0.01049	0.08006	0.27124	0.05200	0.10347	0.01039	0.04240	0.12759	0.01138	0.01611	0.01107	0.01454	0.02013	0.00770	0.07357	0.00191	0.00605	0.05050	0.08325	0.00616
12	0.01093	0.01309	0.15611	0.04340	0.45512	0.04351	0.04488	0.04430	0.02680	0.01501	0.02102	0.01256	0.00818	0.00624	0.04948	0.00174	0.01965	0.01882	0.00244	0.00671
13	0.01051	0.02159	0.04382	0.06673	0.14174	0.04378	0.02121	0.15898	0.01138	0.01553	0.02965	0.07060	0.02714	0.09632	0.07304	0.07176	0.01685	0.00516	0.06891	0.00531

[dist]
# distance from previous block
# <min> <max>
3	7

[block]
# block no. 4 follows, 56 sequences, length 13
# corresponding to MSA columns:
# 246-258
name=unknown_E
#
# <colnr> <probs for GDERKNQSTAVLIFYWHMCP>
#	G	D	E	R	K	N	Q	S	T	A	V	L	I	F	Y	W	H	M	C	P
0	0.00813	0.02086	0.00724	0.04368	0.02875	0.00546	0.00501	0.00865	0.03953	0.01092	0.01057	0.01585	0.00974	0.07036	0.14812	0.39589	0.00526	0.00434	0.12530	0.03634
1	0.02300	0.00755	0.04272	0.09474	0.02601	0.03241	0.02088	0.02411	0.06965	0.02365	0.05479	0.04232	0.11178	0.03822	0.15337	0.14610	0.05258	0.01544	0.00298	0.01769
2	0.00992	0.08266	0.18029	0.04025	0.04587	0.04831	0.02736	0.03893	0.10779	0.01463	0.05187	0.04897	0.03063	0.07653	0.00595	0.00156	0.00483	0.02278	0.00298	0.15788
3	0.00791	0.04078	0.04267	0.03078	0.05931	0.00635	0.00589	0.05896	0.01120	0.02941	0.23359	0.07143	0.23034	0.07600	0.04955	0.00201	0.00379	0.00733	0.02799	0.00470
4	0.13983	0.04990	0.01035	0.00831	0.01111	0.04942	0.00666	0.05368	0.34025	0.18281	0.03755	0.01535	0.03073	0.00579	0.00426	0.00143	0.00390	0.00455	0.03748	0.00663
5	0.01457	0.01227	0.03500	0.08674	0.13130	0.04074	0.00985	0.43849	0.14448	0.02279	0.01145	0.01204	0.00846	0.00528	0.00458	0.00141	0.00513	0.00423	0.00389	0.00728
6	0.07603	0.03274	0.03527	0.04724	0.07985	0.10239	0.09877	0.11012	0.02676	0.20370	0.10577	0.01448	0.01218	0.00550	0.00485	0.00141	0.02821	0.00458	0.00375	0.00639
7	0.03859	0.00965	0.04983	0.35098	0.05743	0.01043	0.03244	0.13278	0.05249	0.04064	0.03965	0.01608	0.01005	0.02170	0.00574	0.00162	0.05853	0.06260	0.00301	0.00577
8	0.03690	0.00774	0.00914	0.04116	0.06978	0.00818	0.00668	0.07479	0.25050	0.05154	0.12262	0.04458	0.18872	0.00792	0.00493	0.00153	0.00350	0.04429	0.01970	0.00579
9	0.03175	0.15633	0.09842	0.03753	0.09394	0.04333	0.03406	0.12684	0.06975	0.03082	0.02925	0.04850	0.07047	0.03520	0.07243	0.00196	0.00556	0.00481	0.00309	0.00596
10	0.00643	0.00448	0.00515	0.00520	0.00551	0.00439	0.00318	0.00681	0.00760	0.01002	0.05146	0.08060	0.12342	0.60242	0.06130	0.00394	0.00438	0.00744	0.00314	0.00312
11	0.01168	0.04696	0.20233	0.07011	0.16143	0.19850	0.04886	0.01446	0.01058	0.03806	0.02518	0.01209	0.03266	0.00647	0.04885	0.00169	0.03591	0.00395	0.00243	0.02780
12	0.00588	0.00450	0.00539	0.00553	0.00657	0.00401	0.00401	0.00733	0.01100	0.01453	0.33225	0.24287	0.31658	0.01147	0.00553	0.00159	0.00235	0.01002	0.00457	0.00401

[dist]
# distance from previous block
# <min> <max>
0	2

[block]
# block no. 5 follows, 56 sequences, length 14
# corresponding to MSA columns:
# 261-274
name=unknown_F
#
# <colnr> <probs for GDERKNQSTAVLIFYWHMCP>
#	G	D	E	R	K	N	Q	S	T	A	V	L	I	F	Y	W	H	M	C	P
0	0.01003	0.04422	0.01056	0.03720	0.03205	0.06962	0.04843	0.10980	0.13841	0.01508	0.01574	0.20899	0.01551	0.09009	0.08695	0.00239	0.00524	0.02390	0.03053	0.00526
1	0.00580	0.00415	0.00536	0.00624	0.00659	0.00390	0.00421	0.00660	0.00874	0.01155	0.02532	0.65605	0.07611	0.10720	0.00783	0.00215	0.00293	0.05153	0.00409	0.00366
2	0.09608	0.05632	0.01278	0.01093	0.01335	0.65156	0.00837	0.03414	0.01241	0.01266	0.02776	0.00894	0.00684	0.00487	0.00426	0.00123	0.02660	0.00308	0.00250	0.00534
3	0.87108	0.00888	0.00675	0.00604	0.00888	0.01030	0.00497	0.01350	0.00781	0.02060	0.00639	0.00746	0.00497	0.00426	0.00284	0.00142	0.00355	0.00249	0.00284	0.00497
4	0.03524	0.17549	0.07012	0.05179	0.07584	0.27077	0.09186	0.03002	0.01092	0.02359	0.02551	0.03857	0.00810	0.00627	0.04093	0.00157	0.03136	0.00390	0.00245	0.00569
5	0.00614	0.00462	0.00573	0.00636	0.00730	0.00428	0.00488	0.00746	0.00994	0.01269	0.06154	0.29452	0.27950	0.04030	0.00643	0.00191	0.00305	0.23519	0.00423	0.00391
6	0.02195	0.05371	0.16815	0.01240	0.10567	0.04977	0.08068	0.03947	0.16106	0.04626	0.08016	0.08817	0.04260	0.00646	0.00475	0.00148	0.00493	0.02276	0.00339	0.00618
7	0.00666	0.00476	0.00579	0.00610	0.00703	0.00442	0.00436	0.03816	0.01030	0.03677	0.12122	0.42633	0.22616	0.04776	0.00638	0.00182	0.00278	0.03477	0.00435	0.00409
8	0.01000	0.00968	0.08122	0.01022	0.08636	0.04664	0.04252	0.11064	0.07171	0.05414	0.06879	0.05363	0.25028	0.02663	0.03733	0.00179	0.00454	0.02452	0.00378	0.00558
9	0.01084	0.01238	0.02709	0.01935	0.02399	0.01161	0.79334	0.01471	0.01084	0.01471	0.00929	0.01238	0.00697	0.00387	0.00542	0.00155	0.00774	0.00542	0.00232	0.00619
10	0.08921	0.08132	0.02403	0.02456	0.03704	0.34138	0.00819	0.10154	0.04762	0.07658	0.00928	0.02152	0.00740	0.00564	0.02308	0.00140	0.02774	0.00349	0.00301	0.06598
11	0.11440	0.07335	0.01346	0.01087	0.01355	0.53589	0.03892	0.04998	0.01206	0.01338	0.00724	0.00853	0.00598	0.00466	0.00430	0.00122	0.03427	0.00304	0.00249	0.05241
12	0.01078	0.03847	0.05191	0.04426	0.21589	0.05527	0.02601	0.02580	0.14568	0.06481	0.12265	0.05498	0.02530	0.02899	0.04191	0.00180	0.03063	0.00536	0.00341	0.00608
13	0.01118	0.04531	0.09209	0.02941	0.03813	0.07178	0.03917	0.07491	0.32881	0.02867	0.07825	0.05684	0.04077	0.00656	0.00493	0.00150	0.02101	0.02051	0.00383	0.00635

[dist]
# distance from previous block
# <min> <max>
1	7

[block]
# block no. 6 follows, 56 sequences, length 25
# corresponding to MSA columns:
# 285-309
name=unknown_G
#
# <colnr> <probs for GDERKNQSTAVLIFYWHMCP>
#	G	D	E	R	K	N	Q	S	T	A	V	L	I	F	Y	W	H	M	C	P
0	0.18714	0.14718	0.02688	0.03051	0.07331	0.18597	0.02465	0.09886	0.08572	0.03850	0.00912	0.02369	0.00738	0.00497	0.00433	0.00134	0.03796	0.00354	0.00294	0.00601
1	0.09834	0.17800	0.17543	0.02695	0.10321	0.10236	0.04913	0.04267	0.08585	0.01482	0.01120	0.03395	0.04924	0.00512	0.00411	0.00135	0.00544	0.00404	0.00268	0.00610
2	0.00704	0.00542	0.00653	0.00650	0.00701	0.04028	0.00453	0.00792	0.00735	0.00994	0.01336	0.04374	0.01401	0.38661	0.41363	0.00568	0.00842	0.00581	0.00264	0.00356
3	0.00630	0.00467	0.00588	0.00566	0.00680	0.00425	0.00425	0.00824	0.01234	0.01700	0.62691	0.06559	0.17665	0.01004	0.00546	0.00149	0.00226	0.02710	0.00487	0.00423
4	0.01793	0.01217	0.01323	0.01056	0.03336	0.04741	0.00846	0.58428	0.01922	0.18791	0.01224	0.01185	0.00844	0.00548	0.00458	0.00138	0.00497	0.00418	0.00466	0.00769
5	0.01380	0.01169	0.01126	0.00940	0.01212	0.12111	0.00746	0.37660	0.15381	0.02200	0.13761	0.04019	0.04934	0.00665	0.00474	0.00141	0.00461	0.00530	0.00435	0.00655
6	0.01394	0.05885	0.03954	0.01247	0.09790	0.19457	0.09011	0.06548	0.10774	0.14921	0.04786	0.01487	0.05938	0.00560	0.00478	0.00138	0.02182	0.00461	0.00352	0.00637
7	0.05506	0.04899	0.09209	0.05129	0.10467	0.08026	0.08547	0.11716	0.08363	0.07657	0.04327	0.08230	0.01178	0.01679	0.00489	0.00150	0.00522	0.02945	0.00338	0.00622
8	0.01073	0.01554	0.36661	0.01104	0.01578	0.00974	0.06124	0.04468	0.17151	0.07762	0.02582	0.03180	0.03555	0.00529	0.00450	0.00141	0.00525	0.00444	0.00317	0.09828
9	0.01005	0.00648	0.00791	0.00708	0.00893	0.00644	0.00550	0.04021	0.16848	0.14561	0.42122	0.05643	0.05811	0.00839	0.00516	0.00150	0.00291	0.02908	0.00498	0.00554
10	0.01128	0.06025	0.07147	0.05344	0.11129	0.19625	0.02164	0.02902	0.14432	0.01420	0.05488	0.05735	0.07995	0.00698	0.01925	0.00154	0.03091	0.02706	0.00315	0.00576
11	0.00886	0.00819	0.01113	0.00991	0.01020	0.01070	0.00799	0.02400	0.00814	0.01190	0.06195	0.10594	0.05829	0.07590	0.01311	0.00212	0.53342	0.03087	0.00275	0.00462
12	0.01112	0.01242	0.12001	0.04797	0.04077	0.11107	0.06647	0.08306	0.18522	0.02812	0.03654	0.03715	0.05666	0.03211	0.04183	0.00186	0.03436	0.04393	0.00336	0.00598
13	0.00636	0.00487	0.00553	0.00535	0.00676	0.00432	0.00401	0.00823	0.03350	0.03407	0.32817	0.06672	0.45437	0.01059	0.00540	0.00152	0.00235	0.00904	0.00460	0.00423
14	0.01326	0.18783	0.04326	0.01227	0.12810	0.11368	0.05048	0.11353	0.05671	0.10483	0.06467	0.05172	0.02897	0.00561	0.00436	0.00132	0.00512	0.00460	0.00334	0.00635
15	0.00566	0.00419	0.00527	0.00606	0.00662	0.00383	0.00416	0.00660	0.00927	0.01209	0.05708	0.61636	0.18250	0.02985	0.00612	0.00185	0.00266	0.03181	0.00426	0.00377
16	0.01147	0.01034	0.01326	0.21446	0.16854	0.08453	0.01001	0.07065	0.07761	0.04847	0.00988	0.03205	0.00807	0.00563	0.00596	0.03377	0.08538	0.00416	0.00280	0.10297
17	0.01189	0.17151	0.20035	0.02815	0.25697	0.02754	0.04749	0.01515	0.03280	0.09385	0.00931	0.01068	0.00719	0.00430	0.00416	0.00128	0.00548	0.00365	0.00258	0.06566
18	0.21463	0.02336	0.06018	0.02849	0.06449	0.06956	0.00789	0.11793	0.05685	0.20148	0.01094	0.01114	0.00784	0.00480	0.00399	0.00132	0.00457	0.00360	0.00365	0.10331
19	0.01164	0.69276	0.14177	0.00862	0.01288	0.01665	0.00915	0.01369	0.00932	0.01136	0.00685	0.00805	0.00606	0.00496	0.02897	0.00125	0.00542	0.00267	0.00198	0.00597
20	0.00938	0.02428	0.06195	0.02772	0.07519	0.00676	0.01917	0.03100	0.01015	0.11939	0.09697	0.18383	0.05120	0.02862	0.16025	0.01453	0.02275	0.04810	0.00365	0.00512
21	0.01328	0.24875	0.17308	0.03080	0.11184	0.17608	0.02419	0.06860	0.01141	0.07258	0.00879	0.02518	0.00707	0.00464	0.00403	0.00126	0.00599	0.00350	0.00258	0.00634
22	0.00649	0.00462	0.00618	0.00631	0.00674	0.00498	0.00438	0.00737	0.00727	0.01009	0.01475	0.12246	0.01586	0.35231	0.40370	0.00554	0.00800	0.00661	0.00281	0.00353
23	0.00568	0.00427	0.00530	0.00591	0.00661	0.00389	0.00411	0.00675	0.00967	0.01265	0.12174	0.52114	0.22806	0.01361	0.02638	0.00188	0.00276	0.01144	0.00431	0.00385
24	0.01088	0.04152	0.07145	0.03287	0.29607	0.02240	0.02519	0.06443	0.06534	0.05637	0.03358	0.02103	0.07971	0.00664	0.00525	0.00153	0.03487	0.12139	0.00324	0.00625

[dist]
# distance from previous block
# <min> <max>
3	5

[block]
# block no. 7 follows, 56 sequences, length 19
# corresponding to MSA columns:
# 316-334
name=unknown_H
#
# <colnr> <probs for GDERKNQSTAVLIFYWHMCP>
#	G	D	E	R	K	N	Q	S	T	A	V	L	I	F	Y	W	H	M	C	P
0	0.01232	0.04283	0.06118	0.03650	0.03975	0.01117	0.06271	0.26604	0.17844	0.03383	0.01353	0.01487	0.03537	0.03408	0.09248	0.00216	0.02058	0.00468	0.03095	0.00651
1	0.00669	0.00498	0.00581	0.00555	0.00698	0.00453	0.00420	0.00872	0.04093	0.04503	0.33551	0.05113	0.40160	0.01149	0.04468	0.00179	0.00286	0.00863	0.00455	0.00433
2	0.01060	0.03882	0.04291	0.08694	0.01388	0.05400	0.08496	0.16081	0.05332	0.03816	0.08298	0.22828	0.03287	0.00812	0.00527	0.00156	0.02291	0.02434	0.00372	0.00555
3	0.01126	0.00908	0.00981	0.00871	0.01117	0.01018	0.00680	0.07282	0.58241	0.04936	0.12334	0.02008	0.05114	0.00681	0.00479	0.00152	0.00349	0.00570	0.00474	0.00679
4	0.00670	0.00499	0.00709	0.00702	0.00763	0.00574	0.00523	0.00796	0.00721	0.01028	0.01256	0.02041	0.01244	0.21095	0.61683	0.00655	0.03878	0.00528	0.00252	0.00384
5	0.00783	0.00403	0.00590	0.00590	0.00595	0.00400	0.00392	0.00603	0.00617	0.00817	0.00958	0.01564	0.03652	0.04754	0.01771	0.80268	0.00395	0.00429	0.00210	0.00209
6	0.00664	0.00445	0.00510	0.00513	0.00517	0.00447	0.00293	0.00672	0.00677	0.00905	0.01473	0.05516	0.01695	0.78515	0.04996	0.00447	0.00466	0.00682	0.00282	0.00286
7	0.00672	0.00563	0.00756	0.04013	0.00911	0.00520	0.06513	0.03346	0.01152	0.01498	0.28490	0.07937	0.39910	0.00997	0.00538	0.00153	0.00295	0.00869	0.00429	0.00437
8	0.04123	0.67696	0.02164	0.00846	0.01209	0.15217	0.00793	0.01451	0.00990	0.01120	0.00650	0.00752	0.00587	0.00407	0.00314	0.00103	0.00543	0.00254	0.00206	0.00577
9	0.00856	0.00428	0.00428	0.00428	0.00535	0.00428	0.00321	0.01070	0.00963	0.01712	0.01498	0.01712	0.01177	0.00535	0.00321	0.00107	0.00214	0.00428	0.86414	0.00428
10	0.00984	0.05192	0.01402	0.02948	0.13708	0.00917	0.14975	0.04290	0.12633	0.03749	0.15041	0.08041	0.09314	0.00707	0.00528	0.00151	0.02656	0.01822	0.00362	0.00580
11	0.00722	0.00541	0.00761	0.02932	0.00884	0.01716	0.00581	0.02618	0.00790	0.02424	0.01264	0.03743	0.01198	0.08832	0.68040	0.00657	0.01100	0.00516	0.00261	0.00419
12	0.00673	0.00566	0.02326	0.00794	0.03026	0.00565	0.03505	0.00830	0.00870	0.01187	0.05355	0.15293	0.13050	0.06725	0.35381	0.00428	0.02755	0.05928	0.00322	0.00419
13	0.56539	0.09619	0.03983	0.00744	0.01050	0.10578	0.00642	0.03361	0.00932	0.05652	0.00771	0.00932	0.00617	0.00461	0.00328	0.00137	0.00444	0.02386	0.00288	0.00536
14	0.00988	0.00869	0.01286	0.03052	0.01341	0.05681	0.18690	0.03293	0.01111	0.06055	0.13817	0.06345	0.05112	0.02433	0.00600	0.00159	0.04233	0.13949	0.00354	0.10632
15	0.01283	0.01059	0.01198	0.02696	0.03749	0.01188	0.03316	0.24344	0.48020	0.02129	0.01681	0.01606	0.04416	0.00607	0.00470	0.00150	0.00422	0.00502	0.00443	0.00720
16	0.02997	0.07736	0.05921	0.01225	0.11324	0.25273	0.00900	0.11039	0.16459	0.01587	0.01119	0.01227	0.02691	0.03046	0.00482	0.00139	0.00567	0.00391	0.00310	0.05568
17	0.25824	0.31175	0.01516	0.00846	0.01170	0.19196	0.00728	0.08197	0.01095	0.05507	0.00752	0.00832	0.00607	0.00442	0.00340	0.00121	0.00523	0.00283	0.00271	0.00576
18	0.00678	0.00523	0.00602	0.00644	0.00684	0.04376	0.00437	0.00752	0.00814	0.01066	0.01860	0.34448	0.02130	0.30570	0.13539	0.00359	0.00511	0.05313	0.00338	0.00356

[dist]
# distance from previous block
# <min> <max>
1	2

[block]
# block no. 8 follows, 56 sequences, length 7
# corresponding to MSA columns:
# 337-343
name=unknown_I
#
# <colnr> <probs for GDERKNQSTAVLIFYWHMCP>
#	G	D	E	R	K	N	Q	S	T	A	V	L	I	F	Y	W	H	M	C	P
0	0.00644	0.00453	0.00560	0.00579	0.00615	0.00460	0.00382	0.00705	0.00754	0.01009	0.01826	0.14188	0.07601	0.46775	0.18144	0.00439	0.00564	0.03664	0.00309	0.00332
1	0.02807	0.08145	0.04454	0.04685	0.09971	0.13258	0.06759	0.12371	0.04981	0.04904	0.07387	0.08662	0.05577	0.00633	0.00477	0.00140	0.01812	0.00529	0.00333	0.02114
2	0.01114	0.00876	0.00928	0.02932	0.01035	0.14051	0.00656	0.03759	0.00965	0.13797	0.01248	0.04304	0.01118	0.12181	0.32899	0.00416	0.06429	0.00492	0.00308	0.00492
3	0.01395	0.01618	0.05194	0.01097	0.01348	0.41825	0.04082	0.08262	0.12260	0.01410	0.01122	0.01316	0.03398	0.00748	0.04783	0.03518	0.03157	0.02608	0.00295	0.00563
4	0.00660	0.00475	0.00653	0.00653	0.00706	0.00528	0.00468	0.00766	0.00713	0.01003	0.01307	0.02232	0.01334	0.32130	0.53614	0.00633	0.00950	0.00555	0.00257	0.00363
5	0.04499	0.01096	0.03138	0.04306	0.07585	0.05322	0.04681	0.07786	0.42575	0.05585	0.01428	0.01417	0.01073	0.00550	0.00476	0.00146	0.02412	0.00455	0.00389	0.05081
6	0.05275	0.12422	0.14014	0.01308	0.11631	0.13546	0.08609	0.05242	0.09945	0.03192	0.04681	0.01302	0.04035	0.00515	0.00457	0.00137	0.02360	0.00419	0.00287	0.00622

[dist]
# distance from previous block
# <min> <max>
0	1

[block]
# block no. 9 follows, 56 sequences, length 10
# corresponding to MSA columns:
# 345-354
name=unknown_J
#
# <colnr> <probs for GDERKNQSTAVLIFYWHMCP>
#	G	D	E	R	K	N	Q	S	T	A	V	L	I	F	Y	W	H	M	C	P
0	0.01124	0.05943	0.04553	0.00764	0.01070	0.02512	0.00642	0.05499	0.04414	0.14717	0.11747	0.06021	0.02750	0.00824	0.07294	0.00168	0.00446	0.00483	0.00370	0.28658
1	0.10343	0.40699	0.11455	0.00944	0.03308	0.09434	0.00891	0.05874	0.01045	0.01383	0.00906	0.01316	0.00829	0.00520	0.00375	0.00127	0.00527	0.09192	0.00251	0.00580
2	0.04376	0.01158	0.12437	0.02965	0.09163	0.02517	0.11856	0.04864	0.12396	0.12550	0.05994	0.01601	0.06724	0.00594	0.00575	0.00152	0.08604	0.00496	0.00344	0.00635
3	0.01106	0.16421	0.07071	0.01000	0.04052	0.03443	0.05314	0.11788	0.10508	0.03791	0.07516	0.01637	0.03060	0.04392	0.12294	0.00237	0.03307	0.02155	0.00323	0.00586
4	0.00973	0.00905	0.01310	0.08454	0.04275	0.01185	0.02674	0.01180	0.04990	0.03045	0.00838	0.01218	0.00756	0.01173	0.14662	0.00279	0.50906	0.00428	0.00233	0.00517
5	0.03183	0.06096	0.12169	0.00945	0.04025	0.06135	0.00808	0.06004	0.10829	0.01488	0.07257	0.08755	0.03922	0.03884	0.10959	0.00231	0.03519	0.03648	0.00324	0.05821
6	0.00592	0.00464	0.00548	0.00551	0.00671	0.00420	0.00413	0.00742	0.01081	0.01405	0.27203	0.11982	0.40704	0.01318	0.07408	0.00206	0.00321	0.03137	0.00435	0.00403
7	0.06001	0.08806	0.50037	0.01263	0.05907	0.01110	0.03720	0.01383	0.00944	0.03467	0.00908	0.05725	0.00746	0.00521	0.00519	0.00148	0.07539	0.00400	0.00226	0.00631
8	0.06552	0.00765	0.00983	0.00801	0.01075	0.00742	0.00655	0.01849	0.06136	0.50856	0.09198	0.01912	0.06284	0.00671	0.00556	0.00150	0.07316	0.02327	0.00497	0.00673
9	0.00683	0.00610	0.05555	0.00683	0.00804	0.00509	0.00529	0.07339	0.01042	0.01381	0.06818	0.54160	0.15683	0.01230	0.00557	0.00172	0.00303	0.01090	0.00419	0.00432

[dist]
# distance from previous block
# <min> <max>
0	3

[block]
# block no. 10 follows, 56 sequences, length 20
# corresponding to MSA columns:
# 358-377
name=unknown_K
#
# <colnr> <probs for GDERKNQSTAVLIFYWHMCP>
#	G	D	E	R	K	N	Q	S	T	A	V	L	I	F	Y	W	H	M	C	P
0	0.00677	0.00525	0.00702	0.00771	0.07699	0.00491	0.00512	0.00891	0.02655	0.01663	0.53963	0.11421	0.14352	0.00968	0.00537	0.00150	0.00255	0.00855	0.00462	0.00452
1	0.00747	0.00677	0.02893	0.00643	0.00791	0.07572	0.00509	0.00922	0.01176	0.02596	0.39701	0.05144	0.25222	0.00993	0.00565	0.02262	0.00310	0.06408	0.00437	0.00433
2	0.09669	0.00868	0.00983	0.00797	0.01098	0.07776	0.00642	0.01919	0.01249	0.55683	0.10533	0.04047	0.01446	0.00614	0.00454	0.00142	0.00402	0.00494	0.00502	0.00682
3	0.02859	0.08727	0.01398	0.01012	0.01357	0.15464	0.00830	0.47904	0.03675	0.05775	0.01019	0.01043	0.00752	0.00512	0.00427	0.00127	0.00540	0.00372	0.00388	0.05818
4	0.00936	0.02069	0.05664	0.00893	0.05552	0.11769	0.00651	0.06604	0.00934	0.01197	0.01259	0.03913	0.02751	0.30803	0.21140	0.00394	0.02222	0.00531	0.00273	0.00444
5	0.01124	0.34487	0.20031	0.00958	0.01362	0.03561	0.03450	0.09667	0.04702	0.01480	0.06696	0.05521	0.02402	0.00538	0.00402	0.00127	0.00509	0.00418	0.00278	0.02286
6	0.01177	0.08314	0.01207	0.00881	0.03908	0.10640	0.01399	0.11106	0.01147	0.02666	0.00887	0.03243	0.00749	0.00440	0.00393	0.01237	0.00443	0.00330	0.00290	0.49542
7	0.01004	0.08210	0.04597	0.00773	0.01083	0.06596	0.00641	0.07365	0.05854	0.01492	0.01491	0.14642	0.08091	0.00642	0.00420	0.00115	0.00396	0.00528	0.00324	0.35735
8	0.04814	0.00966	0.00992	0.00840	0.01122	0.07939	0.02239	0.02916	0.31632	0.01676	0.07127	0.07320	0.01378	0.00591	0.00431	0.00126	0.00390	0.00491	0.00375	0.26635
9	0.00962	0.03162	0.05876	0.00806	0.01066	0.05644	0.00668	0.01556	0.29653	0.01545	0.03769	0.06340	0.11058	0.00913	0.07574	0.00188	0.00454	0.00548	0.04121	0.14098
10	0.01192	0.01062	0.01119	0.01042	0.06886	0.11588	0.03187	0.05183	0.31232	0.06410	0.06399	0.04165	0.05097	0.00604	0.00455	0.00136	0.00437	0.00504	0.00389	0.12913
11	0.01095	0.00951	0.02089	0.00978	0.06824	0.04436	0.00713	0.06351	0.33839	0.03950	0.06865	0.07354	0.03722	0.00629	0.00452	0.00134	0.00385	0.00529	0.00397	0.18304
12	0.01126	0.01094	0.08019	0.00907	0.01197	0.06742	0.00765	0.03129	0.41544	0.06112	0.07529	0.03443	0.04563	0.00634	0.00475	0.00143	0.01565	0.01339	0.00409	0.09263
13	0.01272	0.10693	0.03718	0.00882	0.01194	0.08111	0.00732	0.11535	0.23496	0.09318	0.03317	0.07527	0.01187	0.00587	0.00430	0.00130	0.00434	0.00471	0.00382	0.14585
14	0.01145	0.01062	0.06755	0.00936	0.03670	0.07945	0.00748	0.01766	0.31079	0.09005	0.03163	0.09903	0.02431	0.00626	0.00449	0.00135	0.00415	0.00522	0.00386	0.17860
15	0.01059	0.02260	0.04514	0.00861	0.01111	0.03178	0.00701	0.03577	0.30096	0.04785	0.02955	0.01583	0.01162	0.09401	0.06555	0.00210	0.07679	0.00457	0.00352	0.17506
16	0.01242	0.01070	0.01115	0.00949	0.01217	0.05927	0.00752	0.14346	0.43793	0.03533	0.01530	0.01492	0.03310	0.00602	0.00542	0.00145	0.07627	0.00463	0.00409	0.09936
17	0.00998	0.05822	0.01030	0.05720	0.03519	0.00961	0.00686	0.01786	0.44219	0.03017	0.04973	0.02175	0.17424	0.00698	0.00467	0.00146	0.00359	0.00581	0.00413	0.05007
18	0.01228	0.01223	0.06942	0.01092	0.04846	0.11462	0.05281	0.11542	0.30936	0.04015	0.04618	0.05313	0.02571	0.00598	0.00462	0.00142	0.00481	0.00500	0.00382	0.06366
19	0.02964	0.07049	0.01193	0.00927	0.01219	0.11664	0.03167	0.04621	0.39612	0.05148	0.03078	0.01446	0.01928	0.01844	0.00460	0.00138	0.00446	0.00439	0.00382	0.12276

[dist]
# distance from previous block
# <min> <max>
13	138

[block]
# block no. 11 follows, 56 sequences, length 8
# corresponding to MSA columns:
# 538-545
name=unknown_L
#
# <colnr> <probs for GDERKNQSTAVLIFYWHMCP>
#	G	D	E	R	K	N	Q	S	T	A	V	L	I	F	Y	W	H	M	C	P
0	0.02225	0.03510	0.01088	0.03082	0.12029	0.05900	0.02234	0.08936	0.04394	0.04050	0.12359	0.10964	0.10091	0.04256	0.01584	0.00163	0.04096	0.01603	0.00358	0.07077
1	0.07561	0.02481	0.02248	0.01049	0.10465	0.06783	0.03219	0.07025	0.06769	0.04418	0.09341	0.04812	0.07067	0.03828	0.05259	0.00186	0.00478	0.06870	0.00350	0.09791
2	0.03775	0.07755	0.01255	0.01146	0.10812	0.26486	0.00799	0.11857	0.02912	0.05608	0.03965	0.07434	0.03730	0.04261	0.03869	0.00169	0.00583	0.00472	0.00318	0.02791
3	0.06096	0.09135	0.05507	0.02038	0.04887	0.02573	0.00710	0.15770	0.03976	0.03541	0.08304	0.11295	0.12864	0.03054	0.03115	0.00172	0.00432	0.03750	0.00370	0.02411
4	0.07385	0.01060	0.06299	0.01051	0.07499	0.04338	0.04708	0.18018	0.08672	0.03515	0.06303	0.04200	0.07004	0.05010	0.00565	0.00152	0.01843	0.00499	0.00355	0.11524
5	0.01024	0.00763	0.04314	0.00875	0.06928	0.00683	0.00633	0.10096	0.01122	0.10789	0.13107	0.10290	0.05264	0.15804	0.00878	0.03030	0.01842	0.01928	0.00378	0.10251
6	0.00942	0.10637	0.04408	0.00720	0.01075	0.00772	0.00610	0.01188	0.04515	0.01422	0.03745	0.04482	0.00979	0.03978	0.03611	0.00128	0.00404	0.00369	0.00282	0.55733
7	0.04181	0.03367	0.00826	0.00791	0.04040	0.03677	0.00569	0.02974	0.02894	0.04600	0.01470	0.05440	0.04597	0.18847	0.36607	0.00467	0.00786	0.03128	0.00297	0.00441

[dist]
# distance from previous block
# <min> <max>
5	14

[block]
# block no. 12 follows, 56 sequences, length 62
# corresponding to MSA columns:
# 563-565,570-628
name=unknown_M
#
# <colnr> <probs for GDERKNQSTAVLIFYWHMCP>
#	G	D	E	R	K	N	Q	S	T	A	V	L	I	F	Y	W	H	M	C	P
0	0.00586	0.00456	0.00532	0.00535	0.00652	0.00403	0.00393	0.00734	0.01116	0.01457	0.33100	0.16358	0.39794	0.01121	0.00549	0.00156	0.00232	0.00969	0.00456	0.00403
1	0.05960	0.02370	0.00985	0.00811	0.04708	0.02656	0.00612	0.04907	0.04426	0.15300	0.05996	0.02334	0.08891	0.00538	0.00408	0.00111	0.00364	0.00436	0.00366	0.37821
2	0.00896	0.00783	0.01082	0.08121	0.03546	0.00741	0.07707	0.03646	0.08569	0.01514	0.08945	0.10881	0.07757	0.00669	0.00484	0.00130	0.02247	0.02680	0.00339	0.29263
3	0.18612	0.48944	0.05398	0.00885	0.04632	0.05147	0.00792	0.05975	0.01001	0.01427	0.00808	0.00902	0.02999	0.00438	0.00328	0.00116	0.00483	0.00291	0.00240	0.00583
4	0.01086	0.05161	0.05166	0.00817	0.02185	0.02792	0.02450	0.06756	0.02339	0.07161	0.02774	0.06382	0.02610	0.00488	0.00393	0.00100	0.00396	0.00401	0.00317	0.50227
5	0.05657	0.05904	0.02240	0.01493	0.20087	0.29748	0.02938	0.07072	0.06963	0.01464	0.00946	0.01243	0.00809	0.00534	0.00514	0.00139	0.06679	0.04689	0.00274	0.00606
6	0.01082	0.01073	0.03249	0.02113	0.50115	0.06537	0.04461	0.03640	0.02504	0.01437	0.01035	0.06231	0.00929	0.00928	0.12412	0.00228	0.00656	0.00474	0.00254	0.00642
7	0.00965	0.00803	0.00889	0.00849	0.03005	0.00884	0.00634	0.01816	0.49482	0.03147	0.06817	0.07112	0.15362	0.00933	0.05020	0.00188	0.00380	0.00656	0.00443	0.00614
8	0.00683	0.00523	0.00754	0.00744	0.00832	0.00609	0.00577	0.00891	0.04192	0.01119	0.02920	0.01884	0.02561	0.04916	0.71927	0.00672	0.03001	0.00510	0.00263	0.00423
9	0.83401	0.00883	0.00692	0.00613	0.00900	0.01014	0.00505	0.01388	0.00805	0.05515	0.00690	0.00781	0.00525	0.00432	0.00292	0.00142	0.00357	0.00258	0.00296	0.00510
10	0.00727	0.00588	0.00852	0.04166	0.03105	0.00702	0.00641	0.00867	0.00761	0.01091	0.03376	0.05383	0.01269	0.13120	0.48293	0.00539	0.13306	0.00540	0.00256	0.00418
11	0.00686	0.00478	0.00574	0.00569	0.00598	0.00502	0.00360	0.00777	0.04148	0.00972	0.01420	0.02697	0.01548	0.63394	0.18949	0.00494	0.00606	0.00624	0.00280	0.00325
12	0.03242	0.01112	0.06023	0.06950	0.12569	0.01107	0.20747	0.15377	0.05901	0.02439	0.02181	0.01394	0.02192	0.05541	0.03980	0.00193	0.07664	0.00476	0.00294	0.00619
13	0.01024	0.01069	0.06539	0.30981	0.27318	0.01111	0.06252	0.03160	0.07193	0.01404	0.00907	0.01195	0.00717	0.00486	0.00565	0.00152	0.08649	0.00421	0.00239	0.00619
14	0.01111	0.02102	0.05223	0.11006	0.16365	0.10124	0.06851	0.07138	0.16050	0.01585	0.08541	0.02959	0.02834	0.00692	0.04018	0.00170	0.01807	0.00491	0.00319	0.00614
15	0.00587	0.00457	0.00517	0.00520	0.00632	0.00404	0.00374	0.00715	0.01059	0.01363	0.25047	0.13063	0.42956	0.09384	0.00726	0.00185	0.00253	0.00939	0.00433	0.00388
16	0.01062	0.04687	0.07176	0.06900	0.21642	0.02462	0.00952	0.10974	0.09515	0.02850	0.11221	0.03800	0.06605	0.03239	0.02890	0.00170	0.02380	0.00529	0.00335	0.00611
17	0.00879	0.00674	0.00785	0.00689	0.00875	0.00675	0.00534	0.12399	0.11778	0.01929	0.47471	0.02821	0.10238	0.00828	0.00509	0.00142	0.00286	0.00711	0.00473	0.05305
18	0.00980	0.01102	0.10842	0.34798	0.33127	0.01033	0.02878	0.01324	0.03152	0.01388	0.04351	0.01270	0.00839	0.00461	0.00460	0.00145	0.00573	0.00425	0.00233	0.00619
19	0.01713	0.08040	0.10603	0.03248	0.01365	0.07184	0.02992	0.04571	0.01233	0.49057	0.02117	0.01346	0.00964	0.00553	0.00480	0.02494	0.00486	0.00417	0.00434	0.00703
20	0.02562	0.00863	0.02657	0.00721	0.01132	0.00652	0.01875	0.02418	0.00977	0.03116	0.00839	0.00968	0.00686	0.00352	0.00349	0.00075	0.00358	0.00283	0.00279	0.78837
21	0.00587	0.00465	0.00527	0.00516	0.00648	0.00406	0.00385	0.00742	0.01144	0.01482	0.35473	0.06455	0.47380	0.01080	0.00543	0.00152	0.00227	0.00923	0.00458	0.00406
22	0.03550	0.01175	0.06022	0.01106	0.05361	0.01189	0.03094	0.42275	0.14585	0.06551	0.05369	0.01533	0.01150	0.00597	0.00470	0.00146	0.00473	0.04210	0.00429	0.00716
23	0.04296	0.06393	0.01320	0.01252	0.10972	0.47165	0.00871	0.04094	0.09326	0.01361	0.03342	0.01236	0.05396	0.00530	0.00426	0.00127	0.00650	0.00385	0.00284	0.00574
24	0.02993	0.00492	0.00560	0.00548	0.00659	0.00459	0.00393	0.03114	0.01078	0.01446	0.28548	0.12223	0.30419	0.14072	0.00819	0.00200	0.00276	0.00876	0.00426	0.00398
25	0.04337	0.01457	0.07041	0.01243	0.10285	0.21204	0.00933	0.19973	0.22823	0.01861	0.01142	0.01178	0.00869	0.00516	0.00438	0.00136	0.00553	0.00397	0.00350	0.03264
26	0.02689	0.00559	0.00661	0.00606	0.00768	0.00529	0.00462	0.01112	0.09002	0.09734	0.41115	0.03264	0.23848	0.02928	0.00564	0.00155	0.00262	0.00782	0.00477	0.00483
27	0.06575	0.04701	0.17713	0.01112	0.04466	0.09143	0.02930	0.18114	0.22070	0.01885	0.04752	0.02396	0.01045	0.00545	0.00442	0.00142	0.00517	0.00431	0.00351	0.00669
28	0.79981	0.02752	0.00751	0.00643	0.00927	0.06062	0.00528	0.01380	0.00817	0.01981	0.00644	0.00751	0.00505	0.00428	0.00292	0.00140	0.00387	0.00251	0.00279	0.00501
29	0.01326	0.01322	0.01242	0.02857	0.08691	0.26282	0.04233	0.06997	0.24488	0.05052	0.03291	0.05611	0.02880	0.00616	0.00466	0.00143	0.00549	0.02973	0.00358	0.00621
30	0.01502	0.02580	0.01212	0.01137	0.04762	0.56554	0.00830	0.03614	0.06538	0.03494	0.05821	0.03034	0.04299	0.00576	0.00441	0.00129	0.00681	0.01948	0.00297	0.00550
31	0.00794	0.00401	0.00601	0.00601	0.00603	0.00403	0.00403	0.00603	0.00601	0.00804	0.00808	0.01405	0.00806	0.01639	0.03708	0.84594	0.00419	0.00401	0.00200	0.00204
32	0.00558	0.00421	0.00517	0.00587	0.00654	0.00380	0.00404	0.00655	0.00945	0.01221	0.06540	0.57474	0.25307	0.01338	0.00572	0.00176	0.00255	0.01188	0.00430	0.00380
33	0.01065	0.01146	0.02330	0.04236	0.18572	0.01108	0.53535	0.01404	0.01053	0.01451	0.00970	0.02568	0.00791	0.00447	0.00549	0.00153	0.03131	0.02838	0.00239	0.02413
34	0.01030	0.03625	0.06921	0.06664	0.01478	0.05631	0.07773	0.01226	0.00869	0.01260	0.00719	0.01007	0.00628	0.00576	0.00900	0.00150	0.37644	0.00368	0.00222	0.21308
35	0.57757	0.00782	0.00762	0.00673	0.00890	0.00876	0.03917	0.03296	0.00783	0.01717	0.00707	0.00952	0.00595	0.00743	0.00707	0.23453	0.00389	0.00306	0.00264	0.00430
36	0.01196	0.51697	0.25646	0.00966	0.01435	0.04709	0.01058	0.04041	0.01009	0.03475	0.00744	0.00844	0.00609	0.00419	0.00351	0.00115	0.00557	0.00287	0.00216	0.00625
37	0.00693	0.00504	0.00659	0.00723	0.00819	0.00490	0.00575	0.03907	0.01067	0.01403	0.10628	0.30116	0.10329	0.01251	0.00593	0.00188	0.00336	0.34864	0.00434	0.00418
38	0.00594	0.00416	0.00541	0.00634	0.00678	0.00392	0.00441	0.00694	0.00904	0.01221	0.02536	0.66786	0.06394	0.02728	0.00601	0.00187	0.00278	0.07848	0.05748	0.00380
39	0.03161	0.07347	0.05353	0.09877	0.04280	0.28100	0.06905	0.23227	0.02393	0.01699	0.00878	0.01021	0.00680	0.00551	0.02432	0.00147	0.00666	0.00368	0.00294	0.00622
40	0.00561	0.00409	0.00530	0.00626	0.00667	0.00378	0.00425	0.00648	0.00899	0.01183	0.02736	0.74217	0.10642	0.01408	0.00583	0.00184	0.00266	0.02838	0.00426	0.00375
41	0.01339	0.09031	0.05878	0.02611	0.08475	0.26300	0.12961	0.08010	0.09605	0.03368	0.01032	0.05401	0.00862	0.00528	0.00474	0.00137	0.02650	0.00436	0.00288	0.00613
42	0.02717	0.00478	0.00578	0.00559	0.00682	0.00437	0.00423	0.00820	0.01200	0.01652	0.53751	0.05952	0.24402	0.01011	0.00540	0.00151	0.00233	0.03520	0.00474	0.00421
43	0.03670	0.01154	0.01365	0.01526	0.24878	0.09300	0.02176	0.18156	0.20185	0.04319	0.01248	0.04856	0.01007	0.00653	0.03309	0.00163	0.00527	0.00466	0.00356	0.00686
44	0.00815	0.00438	0.00475	0.00475	0.00572	0.00449	0.00353	0.01008	0.00911	0.01566	0.01457	0.01814	0.01207	0.06739	0.11650	0.00217	0.00369	0.00453	0.68616	0.00415
45	0.04880	0.01420	0.04898	0.05012	0.19438	0.24646	0.04711	0.06998	0.13233	0.03148	0.01002	0.01145	0.00791	0.00594	0.03285	0.00159	0.03327	0.00393	0.00289	0.00631
46	0.84249	0.03660	0.00732	0.00610	0.00898	0.01056	0.00507	0.01350	0.00786	0.02027	0.00639	0.00745	0.00500	0.00425	0.00284	0.00141	0.00360	0.00248	0.00281	0.00500
47	0.01603	0.01215	0.01297	0.01027	0.01369	0.01357	0.00838	0.61261	0.20600	0.02663	0.01283	0.01247	0.00927	0.00568	0.00461	0.00142	0.00472	0.00438	0.00461	0.00768
48	0.29386	0.00943	0.02848	0.03172	0.05271	0.00910	0.02284	0.10848	0.01081	0.09977	0.00909	0.01009	0.00689	0.00503	0.02365	0.00134	0.00427	0.00324	0.00321	0.26597
