[name]
unknown

[dist]
# distance from previous block
# <min> <max>
1	50

[block]
# block no. 0 follows, 58 sequences, length 15
# corresponding to MSA columns:
# 53-67
name=unknown_A
#
# <colnr> <probs for GDERKNQSTAVLIFYWHMCP>
#	G	D	E	R	K	N	Q	S	T	A	V	L	I	F	Y	W	H	M	C	P
0	0.03027	0.00492	0.00602	0.00625	0.02622	0.00453	0.00429	0.00841	0.00956	0.07439	0.14367	0.27177	0.18677	0.15241	0.00820	0.00204	0.00298	0.02501	0.00400	0.02828
1	0.06266	0.00547	0.00713	0.11918	0.01020	0.00595	0.00547	0.00891	0.00821	0.03451	0.03263	0.14321	0.06113	0.17694	0.17450	0.00320	0.03112	0.00626	0.08095	0.02236
2	0.01048	0.00989	0.02979	0.24145	0.13077	0.03875	0.15001	0.10122	0.01074	0.03087	0.01061	0.05479	0.02553	0.00645	0.02348	0.03196	0.06303	0.02194	0.00264	0.00560
3	0.03984	0.00562	0.00670	0.00657	0.00778	0.00567	0.00479	0.02535	0.13007	0.07860	0.14734	0.29041	0.07180	0.09761	0.02464	0.02290	0.00325	0.02232	0.00416	0.00457
4	0.00674	0.00444	0.00568	0.00611	0.00694	0.00405	0.00438	0.00786	0.00967	0.07184	0.11848	0.48941	0.15369	0.03240	0.00595	0.00177	0.00271	0.05955	0.00431	0.00403
5	0.06382	0.00479	0.00582	0.00619	0.00661	0.02682	0.00423	0.00705	0.00747	0.01051	0.01572	0.36533	0.01782	0.08876	0.07883	0.27205	0.00414	0.00782	0.00305	0.00318
6	0.03246	0.00846	0.05660	0.04565	0.05571	0.04482	0.02778	0.06033	0.06468	0.06899	0.12368	0.12619	0.13524	0.03238	0.02119	0.02588	0.05469	0.00655	0.00362	0.00509
7	0.00697	0.00531	0.00584	0.00626	0.00695	0.05203	0.00432	0.00814	0.02448	0.03896	0.08652	0.50859	0.09077	0.09314	0.00705	0.00192	0.00306	0.01016	0.03562	0.00391
8	0.03207	0.00505	0.00620	0.00611	0.00735	0.00474	0.00449	0.02175	0.03436	0.11140	0.22538	0.33201	0.13961	0.01041	0.00516	0.00156	0.00264	0.00912	0.03609	0.00450
9	0.00948	0.00944	0.01312	0.03088	0.01205	0.03381	0.03365	0.01062	0.00730	0.01092	0.00764	0.06493	0.00777	0.00945	0.06065	0.00221	0.66457	0.00456	0.00215	0.00480
10	0.02623	0.00555	0.00693	0.02272	0.02502	0.01814	0.01871	0.03298	0.03349	0.07387	0.05796	0.25647	0.07367	0.22792	0.01099	0.09041	0.00364	0.00775	0.00354	0.00399
11	0.03055	0.00493	0.00601	0.00606	0.00719	0.00460	0.00444	0.02960	0.01020	0.09037	0.14399	0.33686	0.19403	0.06205	0.00640	0.00179	0.00284	0.04957	0.00428	0.00424
12	0.00763	0.00542	0.00711	0.00670	0.00762	0.00583	0.00505	0.05468	0.00971	0.03612	0.23173	0.05301	0.03633	0.14675	0.26158	0.02101	0.05520	0.01865	0.02568	0.00417
13	0.08459	0.12274	0.01312	0.01041	0.07838	0.09854	0.00783	0.17452	0.20345	0.12597	0.01262	0.01243	0.02584	0.00518	0.00411	0.00132	0.00462	0.00398	0.00373	0.00662
14	0.03915	0.05404	0.00692	0.00599	0.00729	0.00535	0.00450	0.00929	0.02530	0.08449	0.16960	0.24842	0.17657	0.06848	0.00650	0.01720	0.00291	0.03682	0.02689	0.00429

[dist]
# distance from previous block
# <min> <max>
1	4

[block]
# block no. 1 follows, 58 sequences, length 9
# corresponding to MSA columns:
# 72-80
name=unknown_B
#
# <colnr> <probs for GDERKNQSTAVLIFYWHMCP>
#	G	D	E	R	K	N	Q	S	T	A	V	L	I	F	Y	W	H	M	C	P
0	0.06582	0.02937	0.04456	0.11336	0.04861	0.01905	0.12046	0.04060	0.00961	0.01378	0.07022	0.07523	0.06784	0.02582	0.08499	0.02463	0.06696	0.03361	0.04062	0.00488
1	0.03953	0.09368	0.04188	0.06215	0.07191	0.16302	0.05606	0.08181	0.03901	0.05318	0.01027	0.05063	0.00890	0.03901	0.09744	0.02896	0.02938	0.00428	0.02348	0.00543
2	0.07227	0.00697	0.00889	0.00766	0.00941	0.02401	0.06314	0.06749	0.03623	0.13107	0.14383	0.12228	0.04892	0.10742	0.03163	0.02987	0.03352	0.00634	0.04412	0.00491
3	0.05111	0.00565	0.00752	0.09397	0.00996	0.00617	0.02533	0.00976	0.07472	0.01234	0.03552	0.06855	0.05678	0.10420	0.13982	0.14609	0.01966	0.02172	0.10714	0.00398
4	0.04973	0.02786	0.05335	0.11927	0.07310	0.08935	0.04867	0.05265	0.08378	0.06859	0.03333	0.11672	0.07713	0.00725	0.01981	0.00156	0.01633	0.02328	0.03278	0.00546
5	0.04002	0.05089	0.03993	0.14317	0.04125	0.00823	0.10904	0.02404	0.00918	0.07505	0.02912	0.09860	0.05647	0.11669	0.06297	0.02087	0.04470	0.00563	0.00289	0.02124
6	0.05233	0.00547	0.00668	0.00681	0.03037	0.00533	0.00475	0.05470	0.00991	0.05402	0.13182	0.28073	0.09231	0.14273	0.04580	0.00226	0.00360	0.03102	0.00386	0.03552
7	0.03710	0.00842	0.03066	0.13985	0.06603	0.02988	0.09713	0.06415	0.00964	0.03612	0.04093	0.05512	0.06400	0.08545	0.08922	0.04580	0.08756	0.00527	0.00278	0.00489
8	0.04186	0.03641	0.05811	0.26574	0.05628	0.07049	0.03152	0.02955	0.03340	0.09614	0.05611	0.05734	0.02312	0.03608	0.00559	0.02452	0.01998	0.00470	0.02307	0.02999

[dist]
# distance from previous block
# <min> <max>
1	26

[block]
# block no. 2 follows, 58 sequences, length 7
# corresponding to MSA columns:
# 107-113
name=unknown_C
#
# <colnr> <probs for GDERKNQSTAVLIFYWHMCP>
#	G	D	E	R	K	N	Q	S	T	A	V	L	I	F	Y	W	H	M	C	P
0	0.05591	0.00738	0.00958	0.11902	0.02565	0.02478	0.04725	0.07539	0.04508	0.04220	0.07940	0.11941	0.14589	0.04553	0.04682	0.00191	0.04974	0.02290	0.00345	0.03273
1	0.04969	0.12446	0.11291	0.07713	0.10445	0.01035	0.04874	0.11725	0.01128	0.10357	0.03607	0.07302	0.03993	0.00667	0.02882	0.00157	0.02232	0.02266	0.00314	0.00599
2	0.00916	0.04884	0.04507	0.03378	0.02904	0.06447	0.05427	0.07585	0.03456	0.02887	0.08601	0.12836	0.05773	0.12868	0.05939	0.02486	0.00488	0.06284	0.01865	0.00470
3	0.00630	0.00521	0.00568	0.00601	0.00690	0.04620	0.00421	0.00736	0.00958	0.01234	0.11874	0.45429	0.20892	0.04244	0.00600	0.00171	0.00284	0.01026	0.00403	0.04098
4	0.05415	0.03159	0.14406	0.04459	0.10784	0.00866	0.03604	0.08945	0.03316	0.03582	0.09029	0.11796	0.03989	0.05172	0.00588	0.00160	0.03117	0.02307	0.00319	0.04987
5	0.04321	0.07018	0.10626	0.10154	0.10305	0.05172	0.06447	0.06781	0.04906	0.09727	0.01109	0.06630	0.00933	0.02594	0.08506	0.00204	0.03235	0.00458	0.00292	0.00585
6	0.03230	0.05276	0.06092	0.02998	0.06594	0.09033	0.06242	0.05570	0.06737	0.04538	0.01137	0.01407	0.03093	0.05235	0.03157	0.00169	0.10858	0.01506	0.10989	0.06137

[dist]
# distance from previous block
# <min> <max>
0	2

[block]
# block no. 3 follows, 58 sequences, length 16
# corresponding to MSA columns:
# 116-131
name=unknown_D
#
# <colnr> <probs for GDERKNQSTAVLIFYWHMCP>
#	G	D	E	R	K	N	Q	S	T	A	V	L	I	F	Y	W	H	M	C	P
0	0.00882	0.00716	0.02752	0.08826	0.11396	0.02526	0.00706	0.03258	0.05444	0.06561	0.28273	0.12821	0.04628	0.03894	0.00562	0.00157	0.00363	0.03259	0.00389	0.02588
1	0.02657	0.04717	0.02426	0.06445	0.07408	0.08523	0.02673	0.13923	0.03698	0.11079	0.03210	0.02249	0.03330	0.02131	0.02832	0.00143	0.01904	0.00405	0.00329	0.19919
2	0.02487	0.03257	0.06697	0.20746	0.19404	0.08364	0.06568	0.03606	0.04953	0.03204	0.04036	0.04804	0.03109	0.00574	0.01851	0.00150	0.02966	0.00458	0.00265	0.02500
3	0.00752	0.00568	0.00779	0.00746	0.00875	0.00549	0.05822	0.03114	0.06465	0.03607	0.05263	0.35603	0.07374	0.07658	0.02662	0.00200	0.00364	0.10748	0.01988	0.04865
4	0.03110	0.03893	0.04942	0.07982	0.25526	0.10511	0.02754	0.08071	0.17084	0.01579	0.03345	0.03302	0.03183	0.00521	0.00439	0.00136	0.00507	0.00443	0.00304	0.02370
5	0.01123	0.01104	0.01766	0.06416	0.73796	0.05164	0.01341	0.01383	0.01025	0.01428	0.00832	0.01096	0.00697	0.00404	0.00441	0.00133	0.00548	0.00393	0.00221	0.00689
6	0.02540	0.00631	0.00774	0.04975	0.07325	0.03285	0.01811	0.03836	0.04828	0.01366	0.09167	0.27593	0.23528	0.01061	0.02767	0.00172	0.00353	0.01897	0.01641	0.00451
7	0.00870	0.00734	0.00866	0.00657	0.00998	0.00561	0.00513	0.01050	0.00917	0.01410	0.01047	0.13469	0.01009	0.00493	0.00367	0.00084	0.00320	0.00417	0.00288	0.73930
8	0.02596	0.02252	0.04102	0.15515	0.35542	0.08277	0.04579	0.06013	0.03585	0.06669	0.03169	0.01183	0.00811	0.00464	0.00476	0.00138	0.03322	0.00406	0.00267	0.00636
9	0.00979	0.00979	0.01370	0.01174	0.01174	0.01370	0.00979	0.01077	0.00685	0.01077	0.00587	0.00979	0.00587	0.00783	0.01468	0.00196	0.83461	0.00391	0.00196	0.00489
10	0.00559	0.00407	0.00529	0.00606	0.00655	0.00376	0.00418	0.00660	0.00926	0.01233	0.12233	0.64953	0.09987	0.01314	0.00563	0.00175	0.00255	0.03354	0.00425	0.00373
11	0.01007	0.00669	0.00770	0.00689	0.00861	0.05100	0.00532	0.03194	0.08546	0.16174	0.48440	0.05762	0.03026	0.00813	0.00502	0.00143	0.00301	0.02470	0.00480	0.00521
12	0.00590	0.00445	0.00537	0.00543	0.00643	0.00402	0.00396	0.00736	0.01075	0.01431	0.36829	0.17200	0.27426	0.06338	0.00649	0.00171	0.00245	0.03514	0.00439	0.00389
13	0.00607	0.00482	0.00604	0.00604	0.00719	0.00438	0.03037	0.02988	0.01033	0.01331	0.14929	0.31274	0.35468	0.01154	0.00544	0.00161	0.00267	0.03541	0.00421	0.00399
14	0.03578	0.00572	0.00675	0.00647	0.00776	0.00567	0.00476	0.08195	0.04385	0.08060	0.14224	0.30517	0.14844	0.08159	0.00684	0.00182	0.01708	0.00871	0.00422	0.00456
15	0.50795	0.14316	0.03599	0.00708	0.01011	0.07050	0.00616	0.04795	0.00937	0.07586	0.02152	0.00883	0.00649	0.00441	0.00318	0.00129	0.00413	0.00285	0.02781	0.00536

[dist]
# distance from previous block
# <min> <max>
3	7

[block]
# block no. 4 follows, 58 sequences, length 27
# corresponding to MSA columns:
# 142-166,172,173
name=unknown_E
#
# <colnr> <probs for GDERKNQSTAVLIFYWHMCP>
#	G	D	E	R	K	N	Q	S	T	A	V	L	I	F	Y	W	H	M	C	P
0	0.01439	0.15345	0.02775	0.00930	0.01236	0.13217	0.00776	0.37853	0.06698	0.03413	0.01116	0.03253	0.02132	0.04355	0.00497	0.00140	0.00506	0.00407	0.03273	0.00638
1	0.00848	0.03487	0.07956	0.00725	0.00900	0.00652	0.00613	0.05064	0.02636	0.08115	0.09916	0.12065	0.10271	0.11380	0.19961	0.00318	0.02606	0.01676	0.00346	0.00467
2	0.04741	0.05785	0.15563	0.11761	0.11613	0.03852	0.02224	0.09774	0.01085	0.01511	0.07247	0.11596	0.03370	0.03048	0.00501	0.00150	0.00482	0.01798	0.01744	0.02154
3	0.01062	0.50269	0.04076	0.03249	0.01211	0.01328	0.06560	0.01235	0.00940	0.04428	0.06069	0.10467	0.01132	0.00683	0.04138	0.00147	0.01766	0.00443	0.00256	0.00541
4	0.00629	0.00434	0.00549	0.00610	0.00665	0.00417	0.00423	0.03372	0.00937	0.01298	0.08566	0.59319	0.04016	0.04143	0.01832	0.00186	0.00282	0.02910	0.09028	0.00385
5	0.01499	0.00837	0.00969	0.02305	0.01098	0.05265	0.00642	0.11337	0.07864	0.39202	0.16333	0.01966	0.07366	0.00656	0.00467	0.00139	0.00378	0.00540	0.00487	0.00649
6	0.01122	0.01177	0.01469	0.35101	0.19477	0.19179	0.05992	0.03648	0.01043	0.01276	0.00822	0.01125	0.00658	0.01915	0.00486	0.00142	0.01930	0.00386	0.02495	0.00556
7	0.00560	0.00433	0.00494	0.00526	0.00616	0.00386	0.00369	0.00657	0.00939	0.01185	0.08229	0.28587	0.40519	0.11551	0.00761	0.00196	0.00266	0.02959	0.00402	0.00364
8	0.00604	0.00456	0.00518	0.00517	0.00627	0.00409	0.00370	0.00739	0.02164	0.02600	0.22251	0.13581	0.40406	0.11852	0.00757	0.00189	0.00258	0.00900	0.00418	0.00384
9	0.15480	0.04511	0.03241	0.00705	0.00937	0.02948	0.00575	0.11160	0.08159	0.09789	0.09131	0.05575	0.14528	0.06322	0.02637	0.00174	0.00384	0.00560	0.02654	0.00530
10	0.00749	0.00405	0.00598	0.00598	0.00610	0.00417	0.00408	0.00619	0.00607	0.00821	0.00876	0.01507	0.00876	0.06414	0.13961	0.69171	0.00513	0.00417	0.00205	0.00229
11	0.03709	0.00794	0.00894	0.00726	0.00984	0.00814	0.00587	0.25872	0.02989	0.24260	0.01410	0.01419	0.01003	0.00534	0.00394	0.00125	0.00351	0.00419	0.32089	0.00627
12	0.00650	0.00501	0.01782	0.00654	0.00760	0.00445	0.03922	0.00790	0.02042	0.04061	0.08948	0.42630	0.20944	0.04393	0.00612	0.00177	0.00294	0.04343	0.01648	0.00404
13	0.01193	0.03080	0.00961	0.00809	0.03207	0.00761	0.01921	0.05998	0.14588	0.23253	0.07853	0.04765	0.13435	0.05921	0.02650	0.00173	0.03124	0.00579	0.00424	0.05304
14	0.01148	0.00651	0.00826	0.00745	0.00929	0.00640	0.00583	0.08289	0.05915	0.25003	0.12434	0.23922	0.06219	0.00918	0.00545	0.00158	0.03259	0.06801	0.00463	0.00552
15	0.55947	0.05740	0.11701	0.03302	0.04733	0.07782	0.02440	0.01369	0.00857	0.01739	0.00673	0.00803	0.00525	0.00418	0.00325	0.00135	0.00457	0.00275	0.00251	0.00528
16	0.00546	0.00454	0.00476	0.00471	0.00615	0.00385	0.00353	0.00675	0.01059	0.01303	0.16897	0.04150	0.68883	0.01098	0.00529	0.00149	0.00224	0.00922	0.00428	0.00385
17	0.04947	0.06411	0.04379	0.04942	0.07810	0.07538	0.02966	0.14282	0.01150	0.02972	0.00832	0.00967	0.00661	0.00414	0.00406	0.00106	0.02639	0.00320	0.00281	0.35977
18	0.00772	0.00607	0.00755	0.00710	0.00762	0.03086	0.00534	0.00887	0.00770	0.01138	0.04809	0.01932	0.01272	0.23178	0.25996	0.00397	0.17556	0.00505	0.13943	0.00392
19	0.00582	0.00450	0.00531	0.00523	0.00640	0.00399	0.00388	0.00742	0.01129	0.01496	0.42760	0.10834	0.35820	0.01047	0.00532	0.00149	0.00222	0.00905	0.00454	0.00399
20	0.01662	0.01234	0.01321	0.01022	0.01373	0.01369	0.00841	0.74975	0.07188	0.02758	0.01122	0.01112	0.00800	0.00542	0.00448	0.00135	0.00483	0.00409	0.00448	0.00757
21	0.00634	0.00433	0.00507	0.00516	0.00534	0.00428	0.00311	0.00668	0.00736	0.00989	0.08223	0.11862	0.03992	0.63473	0.04553	0.00384	0.00416	0.00734	0.00308	0.00301
22	0.00658	0.00500	0.00725	0.00715	0.00781	0.00587	0.00547	0.00796	0.00709	0.01020	0.01191	0.01856	0.01151	0.12873	0.68693	0.00657	0.05415	0.00495	0.00241	0.00389
23	0.04096	0.77910	0.02243	0.00778	0.01140	0.01726	0.00766	0.01327	0.00894	0.01086	0.00620	0.00730	0.00572	0.00402	0.00341	0.00102	0.04261	0.00246	0.00194	0.00567
24	0.00872	0.00804	0.01045	0.17123	0.01394	0.04610	0.02366	0.02262	0.07118	0.01301	0.09188	0.01839	0.11439	0.00985	0.09410	0.00215	0.21108	0.00519	0.03873	0.02531
25	0.01097	0.05408	0.05197	0.22055	0.22231	0.10613	0.05716	0.03543	0.11749	0.01380	0.00945	0.01163	0.00749	0.00554	0.03070	0.00157	0.03119	0.00399	0.00251	0.00603
26	0.53121	0.03981	0.08824	0.00787	0.01093	0.10543	0.02247	0.04832	0.03141	0.01777	0.00772	0.02913	0.00629	0.00552	0.03050	0.00155	0.00476	0.00310	0.00274	0.00524

[dist]
# distance from previous block
# <min> <max>
6	29

[block]
# block no. 5 follows, 58 sequences, length 9
# corresponding to MSA columns:
# 216-224
name=unknown_F
#
# <colnr> <probs for GDERKNQSTAVLIFYWHMCP>
#	G	D	E	R	K	N	Q	S	T	A	V	L	I	F	Y	W	H	M	C	P
0	0.12478	0.07080	0.02291	0.02390	0.07970	0.04192	0.00690	0.07819	0.02896	0.03375	0.09424	0.06067	0.07607	0.01792	0.00503	0.00137	0.04977	0.04157	0.00326	0.13827
1	0.13747	0.13885	0.14564	0.04395	0.04771	0.09029	0.02502	0.08971	0.02591	0.03359	0.00973	0.01107	0.04229	0.00595	0.03374	0.00153	0.06713	0.00357	0.00263	0.04423
2	0.01004	0.00961	0.01241	0.13978	0.09179	0.10396	0.06338	0.03412	0.00930	0.01280	0.00953	0.04425	0.00847	0.03170	0.07030	0.00200	0.20173	0.00439	0.11523	0.02520
3	0.00691	0.00497	0.00572	0.00551	0.00680	0.00461	0.00404	0.00886	0.05864	0.05830	0.21104	0.08475	0.36589	0.11122	0.04101	0.00207	0.00306	0.00825	0.00419	0.00416
4	0.01000	0.03065	0.12399	0.01108	0.12808	0.07097	0.00841	0.09347	0.09334	0.03011	0.16020	0.08456	0.10541	0.00702	0.00468	0.00141	0.00425	0.00593	0.02074	0.00569
5	0.00749	0.00392	0.00571	0.00579	0.00581	0.00390	0.00382	0.00591	0.00609	0.00812	0.00957	0.07941	0.01013	0.07870	0.01697	0.73576	0.00382	0.00478	0.00217	0.00213
6	0.19756	0.01023	0.03165	0.00878	0.01116	0.09630	0.03493	0.10274	0.05566	0.07620	0.01228	0.05967	0.05525	0.00808	0.06542	0.00185	0.10904	0.00445	0.00320	0.05554
7	0.01167	0.04266	0.04366	0.05262	0.09231	0.07185	0.02708	0.14439	0.06065	0.06342	0.03333	0.06905	0.03802	0.00574	0.00496	0.00130	0.05817	0.00461	0.02271	0.15179
8	0.08289	0.03674	0.14290	0.06861	0.07017	0.07358	0.03515	0.09637	0.02262	0.06951	0.04046	0.01370	0.02557	0.02571	0.01680	0.00151	0.05279	0.02614	0.03306	0.06571

[dist]
# distance from previous block
# <min> <max>
9	43

[block]
# block no. 6 follows, 58 sequences, length 11
# corresponding to MSA columns:
# 314-324
name=unknown_G
#
# <colnr> <probs for GDERKNQSTAVLIFYWHMCP>
#	G	D	E	R	K	N	Q	S	T	A	V	L	I	F	Y	W	H	M	C	P
0	0.09360	0.01084	0.06057	0.04627	0.18808	0.09699	0.00876	0.10388	0.01110	0.09360	0.01191	0.04499	0.04790	0.04346	0.00578	0.02113	0.03833	0.00440	0.02928	0.03915
1	0.03397	0.03643	0.03731	0.09292	0.05968	0.08115	0.05402	0.11439	0.05899	0.08128	0.04258	0.02887	0.00928	0.00526	0.00531	0.00132	0.09223	0.00410	0.02464	0.13625
2	0.01051	0.00975	0.03052	0.07675	0.24259	0.02517	0.08952	0.05888	0.16330	0.03345	0.03989	0.05806	0.01146	0.00744	0.05360	0.00183	0.04868	0.02936	0.00310	0.00615
3	0.00696	0.00558	0.00645	0.00643	0.00766	0.00562	0.00479	0.03227	0.13924	0.01427	0.14411	0.27282	0.26809	0.01071	0.00558	0.00161	0.02842	0.03065	0.00427	0.00449
4	0.00978	0.00990	0.04431	0.15754	0.18776	0.05706	0.08042	0.02869	0.06073	0.01372	0.07103	0.01567	0.02211	0.03382	0.04954	0.00188	0.09925	0.02827	0.02301	0.00553
5	0.00593	0.00447	0.00548	0.00541	0.00648	0.00402	0.00399	0.00760	0.01144	0.01548	0.49924	0.14574	0.24756	0.01039	0.00534	0.00149	0.00222	0.00908	0.00461	0.00402
6	0.02569	0.01192	0.01246	0.04820	0.05370	0.23725	0.08098	0.10096	0.02734	0.01370	0.01018	0.06707	0.00913	0.01166	0.17932	0.00263	0.08031	0.00455	0.01769	0.00525
7	0.00680	0.00667	0.04641	0.03894	0.00970	0.02825	0.09069	0.00833	0.00957	0.01231	0.10602	0.20280	0.26998	0.13388	0.00786	0.00197	0.00371	0.00843	0.00357	0.00410
8	0.00581	0.00436	0.00529	0.00564	0.00637	0.00404	0.00387	0.00670	0.00867	0.01134	0.04788	0.38350	0.22851	0.15258	0.07232	0.00253	0.00354	0.00974	0.00374	0.03358
9	0.01448	0.04662	0.01448	0.04304	0.05684	0.01294	0.07002	0.49209	0.11951	0.02299	0.01108	0.01162	0.00818	0.00524	0.00477	0.00138	0.03088	0.00418	0.02258	0.00705
10	0.01073	0.07386	0.02614	0.03845	0.08823	0.05048	0.02031	0.08171	0.01034	0.08007	0.01139	0.05147	0.02907	0.01063	0.15305	0.03946	0.00579	0.00425	0.01448	0.20010

[dist]
# distance from previous block
# <min> <max>
0	1

[block]
# block no. 7 follows, 58 sequences, length 11
# corresponding to MSA columns:
# 326-336
name=unknown_H
#
# <colnr> <probs for GDERKNQSTAVLIFYWHMCP>
#	G	D	E	R	K	N	Q	S	T	A	V	L	I	F	Y	W	H	M	C	P
0	0.07398	0.07565	0.19469	0.03428	0.08555	0.10508	0.05267	0.06837	0.08180	0.05468	0.03981	0.02806	0.02806	0.03240	0.00488	0.00147	0.00534	0.02432	0.00293	0.00598
1	0.04726	0.60423	0.05934	0.00855	0.01203	0.10697	0.00820	0.01406	0.03240	0.01139	0.00671	0.00782	0.00594	0.00426	0.00383	0.00110	0.05551	0.00266	0.00207	0.00567
2	0.60679	0.00994	0.00793	0.00693	0.00964	0.07789	0.00560	0.11072	0.04409	0.02004	0.00787	0.00875	0.00605	0.00449	0.00318	0.00134	0.00394	0.00288	0.05664	0.00527
3	0.01004	0.00982	0.01540	0.19409	0.42289	0.04507	0.03770	0.01242	0.00956	0.01304	0.01017	0.03003	0.04315	0.00630	0.04137	0.00170	0.08459	0.00443	0.00228	0.00596
4	0.20812	0.01226	0.12876	0.03832	0.03682	0.08826	0.05162	0.08582	0.02532	0.05974	0.00904	0.03860	0.00724	0.00471	0.00418	0.00127	0.02888	0.00360	0.00287	0.16456
5	0.05685	0.01021	0.12400	0.06104	0.17216	0.00864	0.05531	0.05557	0.07450	0.07998	0.02729	0.12809	0.04751	0.02644	0.01662	0.00164	0.00474	0.04029	0.00326	0.00585
6	0.00567	0.00439	0.00493	0.00515	0.00610	0.00392	0.00363	0.00665	0.00945	0.01191	0.09851	0.20900	0.42892	0.14774	0.00826	0.00205	0.00272	0.03341	0.00398	0.00362
7	0.05079	0.02759	0.00821	0.00686	0.00889	0.04177	0.00538	0.01392	0.05942	0.25839	0.35582	0.07736	0.05182	0.00771	0.00480	0.00141	0.00313	0.00655	0.00472	0.00547
8	0.01136	0.09978	0.18301	0.04080	0.12121	0.07650	0.15851	0.05905	0.08468	0.04729	0.01061	0.04830	0.00872	0.00504	0.00448	0.00139	0.00579	0.02449	0.00274	0.00625
9	0.00895	0.00557	0.00685	0.00690	0.02653	0.00542	0.00494	0.04602	0.07886	0.12088	0.09583	0.34929	0.09722	0.00977	0.00496	0.00154	0.00286	0.00856	0.11421	0.00485
10	0.01001	0.00673	0.00751	0.00688	0.00874	0.00704	0.00528	0.03513	0.29124	0.10550	0.09958	0.10603	0.10242	0.00751	0.00452	0.00142	0.00293	0.00635	0.17961	0.00557

[dist]
# distance from previous block
# <min> <max>
0	1

[block]
# block no. 8 follows, 58 sequences, length 6
# corresponding to MSA columns:
# 338-343
name=unknown_I
#
# <colnr> <probs for GDERKNQSTAVLIFYWHMCP>
#	G	D	E	R	K	N	Q	S	T	A	V	L	I	F	Y	W	H	M	C	P
0	0.00957	0.03745	0.05493	0.32969	0.23240	0.01008	0.13724	0.01254	0.00975	0.01335	0.04570	0.01227	0.00810	0.00434	0.00448	0.00137	0.00568	0.00420	0.00227	0.06457
1	0.01202	0.14205	0.21424	0.04985	0.05976	0.04663	0.05696	0.16974	0.07239	0.05225	0.01061	0.02966	0.02187	0.02175	0.00480	0.00141	0.02064	0.00405	0.00294	0.00639
2	0.00569	0.00419	0.00528	0.00595	0.00655	0.00386	0.00418	0.00672	0.00928	0.01219	0.10556	0.52125	0.16870	0.05358	0.00646	0.00186	0.00269	0.06814	0.00416	0.00371
3	0.05629	0.00647	0.00762	0.00657	0.00857	0.00641	0.00514	0.09987	0.03164	0.22195	0.12948	0.04085	0.07020	0.05667	0.06510	0.00193	0.00382	0.00548	0.17050	0.00541
4	0.01175	0.07381	0.15269	0.08091	0.17249	0.09032	0.08954	0.12886	0.01155	0.03816	0.00949	0.05307	0.00788	0.00563	0.02220	0.00151	0.03701	0.00426	0.00265	0.00621
5	0.06395	0.06685	0.07690	0.01088	0.07584	0.05318	0.06868	0.14953	0.09138	0.14071	0.02902	0.05469	0.07263	0.00600	0.00446	0.00140	0.00467	0.01927	0.00367	0.00629

[dist]
# distance from previous block
# <min> <max>
1	15

[block]
# block no. 9 follows, 58 sequences, length 12
# corresponding to MSA columns:
# 359-370
name=unknown_J
#
# <colnr> <probs for GDERKNQSTAVLIFYWHMCP>
#	G	D	E	R	K	N	Q	S	T	A	V	L	I	F	Y	W	H	M	C	P
0	0.01065	0.17956	0.33594	0.02976	0.05697	0.06055	0.03495	0.06814	0.02925	0.01410	0.02909	0.03766	0.00789	0.00495	0.00478	0.00134	0.06089	0.00376	0.00237	0.02741
1	0.00712	0.00575	0.02500	0.00623	0.00781	0.00504	0.04740	0.02595	0.02886	0.05171	0.09064	0.07538	0.41538	0.13642	0.03445	0.01741	0.00347	0.00799	0.00383	0.00415
2	0.01218	0.14258	0.01224	0.00898	0.01139	0.19908	0.00712	0.11458	0.24621	0.01544	0.01470	0.14503	0.03848	0.00674	0.00437	0.00137	0.00476	0.00538	0.00353	0.00584
3	0.01050	0.06675	0.13171	0.03220	0.01278	0.00860	0.07944	0.04362	0.13520	0.12837	0.09959	0.02058	0.16655	0.00697	0.01712	0.00149	0.00434	0.00558	0.00372	0.02491
4	0.03152	0.09344	0.30374	0.01360	0.08084	0.06760	0.17230	0.04108	0.03529	0.06934	0.00945	0.02221	0.00718	0.00446	0.00432	0.00136	0.00603	0.00394	0.02599	0.00632
5	0.00848	0.02405	0.13210	0.05835	0.01190	0.00743	0.04592	0.06399	0.03781	0.04625	0.03606	0.27686	0.06550	0.07554	0.04515	0.00207	0.04688	0.00740	0.00335	0.00491
6	0.00572	0.00438	0.00514	0.00542	0.00636	0.00394	0.00391	0.00687	0.00985	0.01265	0.16088	0.26035	0.35870	0.08130	0.00692	0.00185	0.00261	0.05528	0.00416	0.00374
7	0.09606	0.34326	0.08708	0.00939	0.01290	0.12512	0.02446	0.15483	0.04606	0.01541	0.00784	0.00876	0.00635	0.00455	0.00405	0.00121	0.04095	0.00307	0.00263	0.00602
8	0.01005	0.08999	0.40661	0.05327	0.09988	0.04083	0.03598	0.04182	0.04485	0.02884	0.01004	0.05145	0.00843	0.03112	0.00491	0.00149	0.00579	0.02607	0.00243	0.00617
9	0.03047	0.04149	0.08826	0.08581	0.24359	0.00869	0.02700	0.02341	0.05003	0.08862	0.11685	0.01871	0.03094	0.03593	0.00522	0.00152	0.00453	0.06110	0.03196	0.00587
10	0.00571	0.00425	0.00579	0.00640	0.00692	0.00395	0.02574	0.00667	0.00892	0.01183	0.06726	0.65527	0.09230	0.04883	0.00639	0.00188	0.00279	0.03130	0.00408	0.00371
11	0.04057	0.02750	0.02981	0.16638	0.10237	0.07351	0.12452	0.16445	0.02562	0.09237	0.01168	0.03647	0.02773	0.02070	0.00492	0.00148	0.00547	0.03522	0.00316	0.00606

[dist]
# distance from previous block
# <min> <max>
1	6

[block]
# block no. 10 follows, 58 sequences, length 35
# corresponding to MSA columns:
# 377-380,390-404,408-423
name=unknown_K
#
# <colnr> <probs for GDERKNQSTAVLIFYWHMCP>
#	G	D	E	R	K	N	Q	S	T	A	V	L	I	F	Y	W	H	M	C	P
0	0.22993	0.05660	0.13499	0.04469	0.02795	0.11794	0.02350	0.06771	0.01040	0.06803	0.02315	0.04998	0.02093	0.00507	0.00397	0.00131	0.01468	0.00380	0.02821	0.06718
1	0.00837	0.00543	0.00628	0.00605	0.00734	0.01796	0.00446	0.02056	0.04294	0.11813	0.10381	0.15283	0.23424	0.16528	0.00846	0.00208	0.00320	0.06570	0.02252	0.00435
2	0.00992	0.00821	0.00950	0.00707	0.01072	0.00681	0.00568	0.09420	0.03153	0.01626	0.05176	0.01209	0.00935	0.00417	0.00365	0.00084	0.00345	0.02558	0.00305	0.68615
3	0.01182	0.58147	0.19224	0.00904	0.01330	0.06120	0.00960	0.01405	0.00945	0.03814	0.00702	0.00802	0.00591	0.00409	0.00348	0.00110	0.01936	0.00271	0.00205	0.00594
4	0.00915	0.00781	0.00914	0.00661	0.01046	0.00588	0.00526	0.01109	0.00925	0.01447	0.00851	0.03728	0.00740	0.00367	0.00339	0.00070	0.00329	0.00299	0.00270	0.84093
5	0.01114	0.61958	0.24216	0.00905	0.01365	0.01569	0.01009	0.01361	0.00919	0.01152	0.00672	0.00780	0.00572	0.00394	0.00325	0.00108	0.00529	0.00264	0.00191	0.00598
6	0.00562	0.00403	0.00529	0.00616	0.00653	0.00377	0.00419	0.00651	0.00887	0.01183	0.07651	0.69556	0.05462	0.04890	0.00641	0.00190	0.00269	0.04283	0.00414	0.00366
7	0.18740	0.00784	0.00912	0.00738	0.01029	0.00769	0.00600	0.08784	0.04095	0.42954	0.11144	0.01641	0.03392	0.01879	0.00455	0.00144	0.00359	0.00465	0.00470	0.00646
8	0.00558	0.00428	0.00511	0.00546	0.00636	0.00381	0.00388	0.00678	0.01006	0.01308	0.20237	0.36648	0.32673	0.01195	0.00546	0.00161	0.00237	0.01049	0.00432	0.00381
9	0.00629	0.00481	0.00603	0.00587	0.00702	0.00476	0.00446	0.02785	0.00988	0.01314	0.21305	0.03040	0.30812	0.03055	0.27895	0.02832	0.00561	0.00723	0.00367	0.00398
10	0.00833	0.00564	0.00635	0.01836	0.00731	0.00610	0.00439	0.03905	0.14280	0.01430	0.04132	0.02065	0.01395	0.25406	0.09505	0.00277	0.01595	0.00519	0.29407	0.00436
11	0.70918	0.04377	0.00812	0.00655	0.00943	0.04298	0.00542	0.06046	0.00894	0.06142	0.00712	0.00792	0.00541	0.00430	0.00301	0.00135	0.00380	0.00264	0.00296	0.00520
12	0.01175	0.16185	0.05571	0.11761	0.12914	0.09478	0.01744	0.10224	0.02724	0.03944	0.02127	0.01071	0.00745	0.00592	0.04369	0.00151	0.04012	0.00355	0.00262	0.10595
13	0.01037	0.04172	0.01038	0.00871	0.02562	0.03007	0.04754	0.13436	0.21279	0.04356	0.12355	0.08858	0.07158	0.04981	0.05833	0.00196	0.01227	0.00609	0.01707	0.00565
14	0.00779	0.00495	0.00558	0.00566	0.00663	0.00508	0.00416	0.03227	0.07672	0.01451	0.01812	0.16681	0.04478	0.11770	0.04532	0.00204	0.00329	0.06252	0.37185	0.00420
15	0.01200	0.00828	0.00883	0.05483	0.01062	0.02409	0.00611	0.31963	0.05985	0.02080	0.01292	0.02641	0.00993	0.00540	0.00387	0.00123	0.00362	0.00426	0.40157	0.00574
16	0.01090	0.00919	0.00970	0.00875	0.01098	0.03345	0.00677	0.09874	0.54426	0.01791	0.01683	0.07272	0.01369	0.02631	0.08330	0.00210	0.00454	0.00541	0.01803	0.00641
17	0.00723	0.00565	0.00748	0.02815	0.00823	0.02052	0.00549	0.00849	0.01836	0.01050	0.01226	0.04086	0.01229	0.22174	0.39712	0.02126	0.10665	0.02031	0.04356	0.00384
18	0.74400	0.02928	0.00764	0.00642	0.00917	0.03989	0.00529	0.01383	0.00815	0.07150	0.00699	0.00788	0.00533	0.00435	0.00324	0.00138	0.02510	0.00261	0.00289	0.00506
19	0.00687	0.00456	0.00584	0.00615	0.00675	0.00453	0.00432	0.00815	0.02754	0.04251	0.08455	0.31829	0.02277	0.22108	0.11142	0.00303	0.00431	0.06751	0.04603	0.00379
20	0.00656	0.00512	0.00679	0.00683	0.00801	0.00459	0.02702	0.00809	0.03532	0.01240	0.02085	0.60521	0.02399	0.01141	0.00523	0.00159	0.00296	0.03890	0.00383	0.16531
21	0.00928	0.00795	0.00928	0.00663	0.01060	0.00596	0.00530	0.01126	0.00928	0.01458	0.00795	0.00928	0.00663	0.00331	0.00331	0.00066	0.00331	0.00265	0.00265	0.87014
22	0.00771	0.00389	0.00581	0.00584	0.00584	0.00388	0.00389	0.00584	0.00589	0.00786	0.00818	0.03342	0.00829	0.01550	0.01720	0.84903	0.00385	0.00410	0.00200	0.00198
23	0.00999	0.01053	0.01918	0.01472	0.01690	0.01200	0.38263	0.01231	0.00873	0.01265	0.00817	0.03452	0.00714	0.00601	0.00963	0.00171	0.39483	0.00482	0.02815	0.00538
24	0.00769	0.00628	0.00670	0.00638	0.00813	0.00634	0.00483	0.03052	0.25800	0.02907	0.05952	0.12436	0.41561	0.00968	0.00507	0.00154	0.00278	0.00819	0.00434	0.00496
25	0.00887	0.00808	0.01343	0.74911	0.05592	0.00990	0.01212	0.01174	0.00903	0.03105	0.00815	0.01187	0.00613	0.00454	0.00470	0.00148	0.02602	0.00396	0.00209	0.02181
26	0.00655	0.00492	0.00592	0.00606	0.00689	0.00485	0.00424	0.00908	0.10878	0.01375	0.24132	0.31858	0.09558	0.14301	0.00812	0.00204	0.00283	0.00922	0.00419	0.00409
27	0.01132	0.00963	0.01014	0.00906	0.01160	0.01111	0.00706	0.05681	0.75760	0.01908	0.01782	0.01643	0.01335	0.00602	0.00452	0.00150	0.00357	0.00500	0.02132	0.00705
28	0.00917	0.02176	0.72113	0.01351	0.01986	0.01050	0.11363	0.01419	0.00958	0.01419	0.00815	0.00977	0.00581	0.00419	0.00438	0.00143	0.00673	0.00355	0.00194	0.00654
29	0.00653	0.00436	0.00495	0.00499	0.00502	0.00436	0.00286	0.00659	0.00663	0.00883	0.01440	0.02996	0.01657	0.81601	0.02223	0.00426	0.00433	0.03161	0.00276	0.00276
30	0.00656	0.00534	0.00729	0.00732	0.03168	0.00546	0.03838	0.00765	0.00890	0.01192	0.11486	0.26981	0.17953	0.16626	0.03435	0.00233	0.08622	0.00868	0.00356	0.00390
31	0.01060	0.01014	0.01379	0.06978	0.02554	0.07129	0.17292	0.06705	0.23359	0.01541	0.01379	0.09869	0.01218	0.00654	0.00556	0.00153	0.06461	0.05990	0.00335	0.04376
32	0.00606	0.00472	0.00597	0.00635	0.00695	0.00476	0.00454	0.00727	0.02521	0.01199	0.08354	0.46561	0.17743	0.05690	0.02668	0.00200	0.06799	0.02827	0.00393	0.00384
33	0.04905	0.01181	0.14833	0.02881	0.04532	0.00928	0.06651	0.16204	0.03560	0.03823	0.00981	0.01090	0.02334	0.00435	0.00414	0.00114	0.01540	0.00356	0.00297	0.32943
34	0.01122	0.00898	0.03219	0.04457	0.05326	0.00935	0.00742	0.17951	0.26864	0.06413	0.05881	0.13763	0.02732	0.00842	0.04621	0.00176	0.00431	0.00596	0.00409	0.02624

[dist]
# distance from previous block
# <min> <max>
4	9

[block]
# block no. 11 follows, 58 sequences, length 21
# corresponding to MSA columns:
# 434-446,464-471
name=unknown_L
#
# <colnr> <probs for GDERKNQSTAVLIFYWHMCP>
#	G	D	E	R	K	N	Q	S	T	A	V	L	I	F	Y	W	H	M	C	P
0	0.05371	0.07720	0.01407	0.06310	0.09306	0.12359	0.03769	0.26657	0.15666	0.01880	0.01035	0.01111	0.00792	0.00500	0.00452	0.00134	0.02850	0.00387	0.00336	0.01957
1	0.00819	0.03400	0.02213	0.02975	0.00885	0.00600	0.01538	0.02553	0.02277	0.07758	0.27858	0.05256	0.15211	0.08153	0.06333	0.00206	0.03367	0.02444	0.00391	0.05761
2	0.01125	0.16270	0.13257	0.06760	0.21527	0.10946	0.05130	0.04660	0.02653	0.01346	0.00852	0.03134	0.00721	0.00554	0.03185	0.00148	0.03339	0.00376	0.00232	0.03787
3	0.02933	0.24221	0.07128	0.02782	0.09369	0.04330	0.08499	0.11680	0.08094	0.05750	0.01045	0.01146	0.02655	0.00480	0.00440	0.00128	0.03765	0.00381	0.04552	0.00621
4	0.00643	0.00436	0.00513	0.00519	0.00529	0.00443	0.00309	0.00664	0.00669	0.00901	0.01448	0.07438	0.01650	0.71258	0.10395	0.00448	0.00502	0.00668	0.00276	0.00289
5	0.00805	0.00575	0.00687	0.00695	0.02653	0.02362	0.00506	0.02511	0.07324	0.08327	0.22072	0.23916	0.17609	0.01076	0.02627	0.00171	0.00314	0.04868	0.00437	0.00464
6	0.17894	0.11075	0.08189	0.06033	0.13630	0.12124	0.04349	0.05715	0.01984	0.01494	0.01826	0.02369	0.00735	0.00622	0.04617	0.01213	0.02260	0.00359	0.02953	0.00560
7	0.00884	0.00598	0.02211	0.00702	0.00872	0.00541	0.04985	0.01132	0.07761	0.13960	0.10389	0.27776	0.17985	0.00957	0.00505	0.00154	0.00306	0.00843	0.06950	0.00486
8	0.00552	0.00397	0.00526	0.00625	0.00660	0.00371	0.00426	0.00637	0.00870	0.01153	0.02540	0.77384	0.05932	0.01384	0.00571	0.00182	0.00265	0.04742	0.00415	0.00366
9	0.00828	0.01087	0.21766	0.05290	0.06298	0.02176	0.00918	0.03483	0.00926	0.01324	0.07163	0.04023	0.06094	0.06301	0.17816	0.00283	0.07724	0.00500	0.05494	0.00505
10	0.01049	0.02584	0.03771	0.20906	0.44174	0.01037	0.08278	0.03412	0.02298	0.03175	0.01030	0.01277	0.04112	0.00450	0.00452	0.00139	0.00549	0.00431	0.00240	0.00635
11	0.00654	0.00487	0.00689	0.00682	0.00741	0.00560	0.00508	0.00775	0.00702	0.01001	0.01225	0.01997	0.01216	0.21794	0.61216	0.00635	0.03985	0.00515	0.00245	0.00373
12	0.12086	0.03582	0.01182	0.00924	0.01238	0.16061	0.00750	0.35997	0.01553	0.17633	0.01084	0.01081	0.00769	0.00507	0.00410	0.00130	0.00500	0.00367	0.03482	0.00665
13	0.01168	0.01125	0.04702	0.13539	0.53633	0.05494	0.01263	0.05446	0.02651	0.05368	0.00901	0.01126	0.00715	0.00428	0.00441	0.00135	0.00548	0.00395	0.00250	0.00672
14	0.00905	0.00529	0.00535	0.00533	0.02444	0.02596	0.00387	0.05911	0.01027	0.01711	0.04301	0.01678	0.01218	0.01897	0.00366	0.00114	0.00252	0.00430	0.72721	0.00445
15	0.00962	0.15564	0.47153	0.01209	0.04771	0.03751	0.07581	0.01348	0.00999	0.01393	0.10204	0.01211	0.01011	0.00472	0.00422	0.00133	0.00585	0.00389	0.00230	0.00611
16	0.01056	0.01207	0.02640	0.01885	0.02338	0.01131	0.79864	0.01433	0.01056	0.01433	0.00905	0.01207	0.00679	0.00377	0.00528	0.00151	0.00754	0.00528	0.00226	0.00603
17	0.00845	0.00795	0.01342	0.83204	0.03081	0.00994	0.01242	0.01143	0.00894	0.01143	0.00795	0.01193	0.00596	0.00447	0.00447	0.00149	0.00596	0.00398	0.00199	0.00497
18	0.00665	0.00466	0.00620	0.00623	0.00652	0.00504	0.00429	0.00709	0.00714	0.00986	0.04051	0.14318	0.01612	0.32692	0.23542	0.10874	0.05283	0.00655	0.00278	0.00327
19	0.83185	0.04993	0.00741	0.00597	0.00879	0.01041	0.00498	0.01316	0.00769	0.01960	0.00623	0.00726	0.00489	0.00414	0.00277	0.00136	0.00353	0.00242	0.00273	0.00489
20	0.01110	0.01034	0.01675	0.06807	0.64915	0.01066	0.01267	0.05302	0.07257	0.01532	0.00936	0.01171	0.00767	0.00503	0.02619	0.00151	0.00537	0.00409	0.00250	0.00691

[dist]
# distance from previous block
# <min> <max>
0	3

# created by:
# /st0/software/busco_prod/Augustus/scripts/msa2prfl.pl ./align_prep/92555.fa
