[name]
unknown

[dist]
# distance from previous block
# <min> <max>
0	35

[block]
# block no. 0 follows, 56 sequences, length 19
# corresponding to MSA columns:
# 35-53
name=unknown_A
#
# <colnr> <probs for GDERKNQSTAVLIFYWHMCP>
#	G	D	E	R	K	N	Q	S	T	A	V	L	I	F	Y	W	H	M	C	P
0	0.00772	0.00590	0.00878	0.02959	0.03686	0.00601	0.03730	0.00992	0.01054	0.01388	0.05146	0.04633	0.02469	0.01163	0.00638	0.00203	0.02463	0.65788	0.00401	0.00445
1	0.07918	0.03791	0.01216	0.02991	0.04241	0.01175	0.00782	0.38632	0.14934	0.06595	0.01316	0.01330	0.03844	0.00628	0.01835	0.02269	0.00458	0.00430	0.00409	0.05208
2	0.00653	0.00462	0.00605	0.00608	0.00649	0.00447	0.03284	0.00691	0.00778	0.01026	0.01969	0.25487	0.08734	0.41272	0.03070	0.06960	0.00400	0.02254	0.00327	0.00326
3	0.01143	0.01101	0.01788	0.05267	0.61498	0.03291	0.06582	0.04336	0.04769	0.01537	0.00973	0.03871	0.00827	0.00460	0.00465	0.00140	0.00552	0.00450	0.00253	0.00697
4	0.01195	0.02449	0.04089	0.13800	0.53350	0.03712	0.02639	0.06584	0.01119	0.05346	0.00909	0.01147	0.00723	0.00435	0.00453	0.00138	0.00561	0.00406	0.00254	0.00691
5	0.01191	0.68249	0.06730	0.00973	0.01391	0.01685	0.11698	0.01392	0.00956	0.01154	0.00688	0.00818	0.00604	0.00394	0.00336	0.00109	0.00540	0.00292	0.00201	0.00598
6	0.00582	0.00415	0.00540	0.00627	0.00662	0.00391	0.00424	0.00666	0.00884	0.01175	0.04709	0.65844	0.05796	0.10011	0.00768	0.00212	0.00291	0.05221	0.00413	0.00368
7	0.00982	0.00805	0.01269	0.38656	0.17539	0.00897	0.01047	0.01224	0.01004	0.08822	0.06291	0.01791	0.10937	0.01973	0.00558	0.00156	0.04692	0.00513	0.00290	0.00554
8	0.00784	0.00788	0.04702	0.04864	0.01347	0.00729	0.21148	0.01071	0.07107	0.01320	0.01902	0.43940	0.03912	0.00986	0.00579	0.00172	0.02881	0.00926	0.00352	0.00488
9	0.00561	0.00406	0.00531	0.00627	0.00664	0.00376	0.00422	0.00647	0.00902	0.01196	0.04916	0.76282	0.07964	0.01407	0.00582	0.00183	0.00263	0.01270	0.00428	0.00376
10	0.00872	0.00535	0.00676	0.00684	0.00800	0.00514	0.00505	0.03036	0.05686	0.12513	0.07825	0.40276	0.06304	0.06553	0.00665	0.00190	0.00316	0.08602	0.02982	0.00466
11	0.01068	0.01028	0.01764	0.16521	0.57174	0.01079	0.05305	0.01342	0.01010	0.01419	0.00897	0.01282	0.00762	0.00463	0.00515	0.00146	0.04403	0.02931	0.00229	0.00664
12	0.00952	0.00816	0.00952	0.00680	0.01088	0.00612	0.00544	0.01156	0.00952	0.01496	0.00816	0.00952	0.00680	0.00340	0.00340	0.00068	0.00340	0.00272	0.00272	0.86672
13	0.00656	0.00490	0.00726	0.00726	0.00804	0.00567	0.00559	0.00812	0.00734	0.01057	0.01241	0.01865	0.01174	0.07530	0.77995	0.00723	0.01190	0.00501	0.00248	0.00403
14	0.00656	0.00492	0.00738	0.00738	0.00820	0.00574	0.00574	0.00820	0.00738	0.01066	0.01230	0.01804	0.01148	0.03443	0.82046	0.00738	0.01230	0.00492	0.00246	0.00410
15	0.00680	0.00419	0.00561	0.00588	0.00626	0.00404	0.00400	0.00647	0.00767	0.01013	0.03273	0.23439	0.13176	0.06953	0.05851	0.38139	0.00384	0.00749	0.01633	0.00297
16	0.00611	0.00468	0.00544	0.00536	0.00651	0.00420	0.00396	0.00760	0.01106	0.01451	0.34965	0.03899	0.36522	0.10508	0.00752	0.00187	0.00261	0.05125	0.00441	0.00395
17	0.01715	0.02188	0.01301	0.01183	0.01419	0.82022	0.00887	0.01833	0.01301	0.01124	0.00710	0.00828	0.00591	0.00473	0.00414	0.00118	0.00828	0.00296	0.00237	0.00532
18	0.00551	0.00463	0.00480	0.00491	0.00636	0.00392	0.00369	0.00669	0.01036	0.01241	0.04429	0.09607	0.72800	0.01185	0.00549	0.00159	0.00242	0.03889	0.00426	0.00388

[dist]
# distance from previous block
# <min> <max>
0	2

[block]
# block no. 1 follows, 56 sequences, length 20
# corresponding to MSA columns:
# 56,63-78,92-94
name=unknown_B
#
# <colnr> <probs for GDERKNQSTAVLIFYWHMCP>
#	G	D	E	R	K	N	Q	S	T	A	V	L	I	F	Y	W	H	M	C	P
0	0.00607	0.00434	0.00528	0.00580	0.00647	0.00395	0.00395	0.00696	0.00926	0.03055	0.06694	0.48108	0.22522	0.11251	0.00781	0.00207	0.00280	0.01101	0.00416	0.00378
1	0.00592	0.00427	0.00567	0.00666	0.00716	0.00402	0.00479	0.00698	0.00922	0.01213	0.02644	0.64184	0.07801	0.01390	0.00592	0.00189	0.00293	0.15415	0.00426	0.00383
2	0.01729	0.01226	0.01330	0.01029	0.01388	0.01346	0.00847	0.68149	0.07430	0.08972	0.01210	0.01180	0.00851	0.00557	0.00460	0.00139	0.00487	0.00424	0.00468	0.00777
3	0.00590	0.00432	0.00520	0.00571	0.00644	0.00394	0.00397	0.00697	0.00960	0.01268	0.10883	0.42696	0.23992	0.07178	0.00684	0.00189	0.00266	0.02792	0.04469	0.00380
4	0.06892	0.01244	0.01315	0.01022	0.01377	0.01383	0.00841	0.70107	0.06755	0.02784	0.01120	0.01117	0.00801	0.00548	0.00449	0.00139	0.00488	0.00410	0.00449	0.00760
5	0.00656	0.00492	0.00738	0.00738	0.00820	0.00574	0.00574	0.00820	0.00738	0.01066	0.01230	0.01804	0.01148	0.03443	0.82046	0.00738	0.01230	0.00492	0.00246	0.00410
6	0.00581	0.00455	0.00527	0.00543	0.00658	0.00401	0.00400	0.00719	0.01079	0.01389	0.24213	0.20458	0.42107	0.01164	0.00554	0.00161	0.00241	0.03506	0.00447	0.00398
7	0.00713	0.00508	0.00593	0.00585	0.00695	0.00485	0.00418	0.00941	0.08172	0.04289	0.22315	0.18150	0.21770	0.14231	0.00818	0.00202	0.00285	0.00870	0.03535	0.00425
8	0.01569	0.00760	0.00930	0.00756	0.01026	0.00730	0.00607	0.15207	0.02731	0.40768	0.04290	0.06970	0.02698	0.02125	0.00480	0.00144	0.00361	0.00527	0.16662	0.00660
9	0.01136	0.01091	0.01863	0.02818	0.81002	0.01091	0.01409	0.01409	0.01045	0.01500	0.00864	0.01136	0.00727	0.00409	0.00455	0.00136	0.00545	0.00409	0.00227	0.00727
10	0.01018	0.00977	0.01671	0.36444	0.43882	0.01071	0.03578	0.01303	0.00984	0.01351	0.00839	0.01173	0.00675	0.00440	0.00486	0.00146	0.02708	0.00412	0.00217	0.00627
11	0.02309	0.00659	0.00757	0.00733	0.00891	0.00691	0.00553	0.01421	0.28453	0.06118	0.12700	0.21543	0.10046	0.04983	0.00611	0.00178	0.00318	0.06057	0.00449	0.00529
12	0.04089	0.04764	0.01070	0.00784	0.02806	0.00771	0.02150	0.05893	0.05012	0.02869	0.01050	0.01162	0.03779	0.00515	0.03140	0.00111	0.00398	0.00336	0.00298	0.59002
13	0.12995	0.00565	0.00628	0.00598	0.00737	0.00553	0.00443	0.00904	0.00908	0.03203	0.11001	0.05771	0.14389	0.23088	0.06832	0.00269	0.00409	0.08160	0.00352	0.08195
14	0.00583	0.00450	0.00524	0.00538	0.00643	0.00400	0.00387	0.00713	0.01062	0.01378	0.25533	0.22052	0.37803	0.05053	0.00637	0.00173	0.00246	0.00992	0.00442	0.00392
15	0.00856	0.00428	0.00428	0.00428	0.00535	0.00428	0.00321	0.01070	0.00963	0.01712	0.01498	0.01712	0.01177	0.00535	0.00321	0.00107	0.00214	0.00428	0.86414	0.00428
16	0.02889	0.01590	0.05828	0.04112	0.01501	0.34478	0.06410	0.09231	0.14424	0.03229	0.00982	0.01088	0.00766	0.00526	0.00540	0.00139	0.08513	0.00380	0.00298	0.03076
17	0.00686	0.00586	0.03662	0.11397	0.01071	0.00600	0.00613	0.00835	0.00774	0.01063	0.01448	0.05290	0.05498	0.23137	0.40751	0.00514	0.00840	0.00577	0.00263	0.00397
18	0.00590	0.00454	0.00542	0.00581	0.00673	0.00416	0.00412	0.00749	0.03867	0.01333	0.16235	0.40691	0.29321	0.01233	0.00560	0.00168	0.00250	0.01085	0.00441	0.00401
19	0.00701	0.00486	0.00577	0.00562	0.00562	0.00518	0.00342	0.00698	0.00666	0.00902	0.01343	0.02756	0.01536	0.72649	0.02241	0.05348	0.06923	0.00631	0.00268	0.00291

[dist]
# distance from previous block
# <min> <max>
2	8

[block]
# block no. 2 follows, 56 sequences, length 67
# corresponding to MSA columns:
# 103-112,134-138,147-188,210-219
name=unknown_C
#
# <colnr> <probs for GDERKNQSTAVLIFYWHMCP>
#	G	D	E	R	K	N	Q	S	T	A	V	L	I	F	Y	W	H	M	C	P
0	0.02727	0.15139	0.15023	0.01069	0.05515	0.09411	0.00946	0.14917	0.09802	0.08907	0.02909	0.01183	0.00883	0.00496	0.00415	0.00128	0.00517	0.01284	0.00328	0.08400
1	0.02735	0.24262	0.22979	0.04393	0.03493	0.01187	0.10320	0.01434	0.07020	0.03918	0.06853	0.02551	0.01114	0.00538	0.00433	0.00139	0.00538	0.05212	0.00275	0.00607
2	0.00856	0.00428	0.00428	0.00428	0.00535	0.00428	0.00321	0.01070	0.00963	0.01712	0.01498	0.01712	0.01177	0.00535	0.00321	0.00107	0.00214	0.00428	0.86414	0.00428
3	0.00948	0.07942	0.73176	0.01296	0.01947	0.01121	0.04478	0.01449	0.00971	0.01429	0.00815	0.00963	0.00586	0.00431	0.00430	0.00142	0.00669	0.00340	0.00195	0.00670
4	0.00577	0.00407	0.00527	0.00616	0.00639	0.00385	0.00402	0.00644	0.00844	0.01125	0.02351	0.70221	0.02810	0.15092	0.00876	0.00229	0.00296	0.01200	0.00402	0.00357
5	0.01247	0.74934	0.05852	0.00834	0.01231	0.05987	0.00833	0.02596	0.00973	0.01127	0.00657	0.00757	0.00592	0.00401	0.00310	0.00102	0.00517	0.00255	0.00202	0.00593
6	0.35485	0.09804	0.03205	0.00834	0.01166	0.01231	0.00717	0.29396	0.04997	0.05436	0.00964	0.01080	0.00738	0.00506	0.00377	0.00139	0.00435	0.02499	0.00359	0.00633
7	0.00894	0.00844	0.01426	0.74735	0.10978	0.01027	0.01288	0.01197	0.00931	0.01206	0.00821	0.01215	0.00624	0.00454	0.00459	0.00151	0.00605	0.00408	0.00206	0.00532
8	0.00921	0.02375	0.81487	0.01309	0.01987	0.01066	0.01696	0.01454	0.00969	0.01454	0.00824	0.00969	0.00582	0.00436	0.00436	0.00145	0.00678	0.00339	0.00194	0.00678
9	0.04731	0.00998	0.01068	0.00924	0.01199	0.01123	0.00733	0.18831	0.50310	0.06279	0.03114	0.03937	0.01350	0.00642	0.00467	0.00153	0.00391	0.02579	0.00462	0.00709
10	0.00935	0.04314	0.76431	0.01321	0.01984	0.01088	0.04766	0.01453	0.00973	0.01446	0.00824	0.00974	0.00586	0.00433	0.00437	0.00145	0.00678	0.00345	0.00195	0.00674
11	0.00575	0.00491	0.00497	0.00495	0.00652	0.00427	0.00371	0.00752	0.05195	0.01274	0.04443	0.06583	0.74380	0.01142	0.00540	0.00156	0.00240	0.00955	0.00428	0.00405
12	0.00559	0.00400	0.00533	0.00639	0.00666	0.00373	0.00426	0.00639	0.00879	0.01172	0.02530	0.83566	0.03036	0.01438	0.00586	0.00186	0.00266	0.01305	0.00426	0.00373
13	0.00678	0.00462	0.00523	0.00526	0.00537	0.00466	0.00305	0.00731	0.03595	0.00947	0.01536	0.08430	0.01752	0.75216	0.02149	0.00417	0.00430	0.00705	0.00295	0.00301
14	0.00668	0.00445	0.00501	0.00501	0.00501	0.00445	0.00278	0.00668	0.00668	0.00890	0.01447	0.03004	0.01669	0.83866	0.02337	0.00445	0.00445	0.00668	0.00278	0.00278
15	0.00559	0.00400	0.00533	0.00639	0.00666	0.00373	0.00426	0.00639	0.00879	0.01172	0.02530	0.83566	0.03036	0.01438	0.00586	0.00186	0.00266	0.01305	0.00426	0.00373
16	0.00725	0.00482	0.00616	0.00662	0.00769	0.00443	0.00509	0.00863	0.01021	0.07630	0.07108	0.34136	0.21102	0.01234	0.00576	0.00180	0.00306	0.20773	0.00441	0.00425
17	0.00561	0.00475	0.00480	0.00478	0.00628	0.00405	0.00355	0.00698	0.02589	0.01251	0.05784	0.04297	0.75060	0.04164	0.00607	0.00165	0.00243	0.00947	0.00423	0.00391
18	0.00647	0.00469	0.00610	0.00575	0.00684	0.00432	0.00431	0.00862	0.01294	0.01828	0.79102	0.03451	0.05998	0.00943	0.00542	0.00145	0.00217	0.00833	0.00504	0.00432
19	0.00609	0.00468	0.00557	0.00534	0.00661	0.00416	0.00401	0.00787	0.01203	0.01611	0.51603	0.03808	0.33632	0.01024	0.00542	0.00148	0.00223	0.00883	0.00475	0.00416
20	0.00815	0.00564	0.00767	0.00836	0.00960	0.00565	0.00722	0.03121	0.02826	0.04175	0.07200	0.04763	0.02619	0.01191	0.00614	0.00202	0.00410	0.66766	0.00435	0.00452
21	0.00564	0.00461	0.00498	0.00521	0.00650	0.00399	0.00390	0.00681	0.01015	0.01233	0.04097	0.15049	0.61809	0.03419	0.00604	0.00172	0.00258	0.07373	0.00422	0.00386
22	0.00875	0.00824	0.01391	0.80497	0.05367	0.01022	0.01279	0.01180	0.00922	0.01182	0.00817	0.01222	0.00615	0.00458	0.00459	0.00153	0.00610	0.00408	0.00205	0.00516
23	0.01330	0.01045	0.01118	0.00956	0.01246	0.01183	0.00758	0.20316	0.57917	0.06314	0.01688	0.01563	0.01243	0.00603	0.00465	0.00151	0.00398	0.00491	0.00471	0.00742
24	0.00879	0.00829	0.01399	0.79064	0.06763	0.01023	0.01281	0.01184	0.00924	0.01188	0.00818	0.01220	0.00617	0.00457	0.00459	0.00152	0.00609	0.00408	0.00205	0.00520
25	0.01125	0.01080	0.01844	0.06024	0.77880	0.01088	0.01404	0.01400	0.01040	0.01487	0.00862	0.01140	0.00723	0.00411	0.00455	0.00137	0.00548	0.00409	0.00226	0.00718
26	0.01501	0.00945	0.01076	0.00902	0.01203	0.01009	0.00720	0.11298	0.43974	0.27937	0.01810	0.01640	0.02637	0.00606	0.00466	0.00149	0.00386	0.00496	0.00499	0.00745
27	0.82593	0.00906	0.00782	0.00674	0.00967	0.01037	0.04636	0.01356	0.00797	0.02029	0.00654	0.00772	0.00508	0.00424	0.00298	0.00143	0.00377	0.00264	0.00281	0.00504
28	0.01702	0.01280	0.01351	0.02816	0.01438	0.03738	0.00867	0.73484	0.02076	0.02774	0.01095	0.01113	0.00782	0.00546	0.00454	0.00137	0.00509	0.00410	0.02669	0.00759
29	0.02894	0.00491	0.00623	0.00590	0.00703	0.00464	0.00442	0.00911	0.03284	0.01824	0.73809	0.06252	0.04110	0.00936	0.00535	0.00146	0.00226	0.00825	0.00496	0.00440
30	0.01275	0.01135	0.01108	0.00973	0.01245	0.08467	0.00761	0.12792	0.62527	0.01980	0.01661	0.01551	0.01245	0.00600	0.00461	0.00150	0.00424	0.00485	0.00445	0.00716
31	0.00740	0.00528	0.00740	0.00845	0.00951	0.00528	0.00740	0.00951	0.01057	0.01374	0.02431	0.05179	0.02642	0.01268	0.00634	0.00211	0.00423	0.77912	0.00423	0.00423
32	0.00559	0.00461	0.00491	0.00493	0.00633	0.00393	0.00366	0.00687	0.01071	0.01321	0.15276	0.09759	0.64604	0.01150	0.00545	0.00156	0.00233	0.00973	0.00438	0.00393
33	0.01700	0.01953	0.01302	0.01147	0.01403	0.63415	0.00877	0.14005	0.03462	0.03654	0.00830	0.00918	0.00657	0.00499	0.00446	0.00125	0.02414	0.00327	0.00286	0.00583
34	0.00656	0.00492	0.00738	0.00738	0.00820	0.00574	0.00574	0.00820	0.00738	0.01066	0.01230	0.01804	0.01148	0.03443	0.82046	0.00738	0.01230	0.00492	0.00246	0.00410
35	0.00565	0.00404	0.00529	0.00627	0.00656	0.00377	0.00416	0.00641	0.00873	0.01159	0.02535	0.77031	0.05231	0.05757	0.00677	0.00199	0.00275	0.01262	0.00418	0.00368
36	0.01596	0.01182	0.01271	0.01012	0.01350	0.01313	0.00824	0.55048	0.23254	0.06240	0.01342	0.01289	0.00965	0.00571	0.00462	0.00143	0.00461	0.00444	0.00466	0.00766
37	0.01746	0.01203	0.01292	0.01006	0.01353	0.04216	0.00824	0.61216	0.01942	0.15198	0.01258	0.04472	0.00921	0.00587	0.00463	0.00140	0.00489	0.00452	0.00467	0.00755
38	0.01745	0.01286	0.01378	0.01056	0.01424	0.01424	0.00873	0.79471	0.02159	0.02893	0.01102	0.01102	0.00781	0.00551	0.00459	0.00138	0.00505	0.00413	0.00459	0.00781
39	0.00668	0.00445	0.00501	0.00501	0.00501	0.00445	0.00278	0.00668	0.00668	0.00890	0.01447	0.03004	0.01669	0.83866	0.02337	0.00445	0.00445	0.00668	0.00278	0.00278
40	0.00637	0.00479	0.00596	0.00610	0.00719	0.00446	0.00463	0.00837	0.03426	0.01528	0.36995	0.17631	0.21157	0.01111	0.00560	0.00164	0.00261	0.11499	0.00461	0.00420
41	0.00656	0.00492	0.00738	0.00738	0.00820	0.00574	0.00574	0.00820	0.00738	0.01066	0.01230	0.01804	0.01148	0.03443	0.82046	0.00738	0.01230	0.00492	0.00246	0.00410
42	0.01156	0.00989	0.00996	0.00899	0.01145	0.04813	0.00697	0.02286	0.68300	0.03036	0.01781	0.01670	0.01340	0.00607	0.00452	0.00149	0.00372	0.00500	0.08119	0.00692
43	0.01151	0.01119	0.01849	0.02776	0.78971	0.03156	0.01396	0.01420	0.01052	0.01490	0.00860	0.01128	0.00724	0.00411	0.00453	0.00136	0.00553	0.00406	0.00227	0.00722
44	0.04806	0.00504	0.00599	0.00566	0.00706	0.00461	0.00427	0.00905	0.01183	0.06600	0.46779	0.07686	0.25122	0.00980	0.00527	0.00149	0.00241	0.00843	0.00473	0.00442
45	0.01948	0.00781	0.01046	0.00814	0.01154	0.00693	0.00668	0.02195	0.06103	0.73310	0.04980	0.01647	0.01281	0.00586	0.00465	0.00143	0.00382	0.00480	0.00560	0.00764
46	0.01664	0.02101	0.01272	0.01165	0.01395	0.77745	0.00879	0.01787	0.01288	0.01137	0.00800	0.01056	0.00699	0.00515	0.00426	0.00123	0.00807	0.04370	0.00246	0.00526
47	0.02586	0.00481	0.00617	0.00681	0.00758	0.00467	0.00493	0.00893	0.05180	0.05394	0.06634	0.57432	0.02778	0.01260	0.00564	0.00181	0.00295	0.10548	0.02332	0.00426
48	0.04612	0.00481	0.00492	0.00493	0.00641	0.00420	0.00368	0.00707	0.01043	0.01323	0.10513	0.09866	0.65214	0.01130	0.00534	0.00156	0.00239	0.00948	0.00426	0.00395
49	0.00559	0.00400	0.00533	0.00639	0.00666	0.00373	0.00426	0.00639	0.00879	0.01172	0.02530	0.83566	0.03036	0.01438	0.00586	0.00186	0.00266	0.01305	0.00426	0.00373
50	0.00797	0.00399	0.00598	0.00598	0.00598	0.00399	0.00399	0.00598	0.00598	0.00797	0.00797	0.01396	0.00797	0.01595	0.01794	0.86643	0.00399	0.00399	0.00199	0.00199
51	0.02483	0.00507	0.00589	0.00561	0.00614	0.00503	0.00351	0.02872	0.00785	0.08836	0.01515	0.07327	0.01638	0.65519	0.03723	0.00393	0.00447	0.00665	0.00319	0.00353
52	0.00757	0.00622	0.00921	0.00853	0.00961	0.01922	0.04755	0.03566	0.00810	0.01153	0.01155	0.01676	0.01063	0.02944	0.67806	0.00638	0.07225	0.00482	0.00249	0.00442
53	0.02003	0.00892	0.01120	0.00863	0.01217	0.02548	0.00711	0.14454	0.01447	0.67175	0.01675	0.01474	0.01068	0.00563	0.00460	0.00141	0.00418	0.00450	0.00544	0.00776
54	0.01227	0.84142	0.02406	0.00786	0.01178	0.01817	0.00786	0.01375	0.00933	0.01080	0.00638	0.00736	0.00589	0.00393	0.00295	0.00098	0.00491	0.00245	0.00196	0.00589
55	0.00612	0.00461	0.00530	0.00523	0.00616	0.00425	0.00366	0.00724	0.00987	0.01289	0.23398	0.05548	0.32785	0.24012	0.05519	0.00265	0.00343	0.00832	0.00396	0.00370
56	0.00841	0.00777	0.01230	0.57746	0.04654	0.00943	0.01087	0.01135	0.03826	0.01224	0.02997	0.07687	0.07057	0.00625	0.00549	0.00158	0.06175	0.00531	0.00254	0.00502
57	0.00672	0.00479	0.00662	0.00736	0.00809	0.00489	0.00582	0.00826	0.00914	0.01233	0.02112	0.25015	0.02324	0.06709	0.18464	0.00331	0.00553	0.34018	0.02675	0.00398
58	0.84734	0.00885	0.00686	0.00610	0.00896	0.01020	0.00502	0.01374	0.00796	0.04273	0.00672	0.00769	0.00515	0.00430	0.00289	0.00142	0.00356	0.00255	0.00292	0.00505
59	0.00625	0.00479	0.00543	0.00567	0.00688	0.00431	0.00415	0.01708	0.03328	0.03051	0.06626	0.29495	0.45182	0.01210	0.00555	0.00166	0.00260	0.03829	0.00434	0.00409
60	0.12475	0.00544	0.00604	0.00595	0.00742	0.00510	0.00436	0.00904	0.00968	0.06882	0.08982	0.31463	0.22120	0.04384	0.00576	0.00169	0.00286	0.00886	0.00407	0.06067
61	0.00662	0.00467	0.00609	0.00609	0.00647	0.00504	0.00414	0.00737	0.00700	0.00971	0.01347	0.02454	0.01430	0.47039	0.38836	0.00579	0.00804	0.00587	0.00263	0.00338
62	0.35427	0.00794	0.00824	0.00713	0.00975	0.00833	0.00568	0.03818	0.08771	0.25620	0.04574	0.10924	0.01260	0.02430	0.00450	0.00155	0.00357	0.00499	0.00417	0.00591
63	0.00798	0.00497	0.00615	0.00586	0.00718	0.00445	0.00432	0.00946	0.01123	0.12159	0.32266	0.16966	0.22786	0.06761	0.00663	0.00175	0.00268	0.00885	0.00465	0.00447
64	0.00598	0.00450	0.00531	0.00556	0.00660	0.00400	0.00401	0.00723	0.01041	0.02466	0.19385	0.29286	0.36158	0.02982	0.00595	0.00170	0.00250	0.02509	0.00441	0.00396
65	0.00677	0.00442	0.00491	0.00497	0.00529	0.00433	0.00302	0.00726	0.00765	0.01071	0.02932	0.08171	0.08446	0.58211	0.01752	0.00350	0.00379	0.00702	0.12805	0.00318
66	0.00632	0.00485	0.00545	0.00541	0.00681	0.00429	0.00407	0.00803	0.03208	0.03620	0.20327	0.11244	0.50387	0.01113	0.00545	0.00157	0.00247	0.03763	0.00448	0.00417

[dist]
# distance from previous block
# <min> <max>
0	7

[block]
# block no. 3 follows, 56 sequences, length 22
# corresponding to MSA columns:
# 227-248
name=unknown_D
#
# <colnr> <probs for GDERKNQSTAVLIFYWHMCP>
#	G	D	E	R	K	N	Q	S	T	A	V	L	I	F	Y	W	H	M	C	P
0	0.00572	0.00410	0.00534	0.00619	0.00655	0.00383	0.00414	0.00659	0.00903	0.01207	0.08390	0.69439	0.06019	0.06621	0.00692	0.00199	0.00273	0.01216	0.00423	0.00372
1	0.06780	0.00560	0.00623	0.00579	0.00720	0.00566	0.00436	0.04693	0.05438	0.05771	0.26553	0.06596	0.02251	0.06276	0.00558	0.00154	0.00273	0.00612	0.30089	0.00472
2	0.40344	0.00877	0.00919	0.00743	0.01068	0.00905	0.00613	0.09078	0.01153	0.38262	0.01217	0.01151	0.00815	0.00503	0.00381	0.00142	0.00385	0.00361	0.00430	0.00653
3	0.00600	0.00438	0.00566	0.00651	0.00705	0.00416	0.00460	0.00732	0.02963	0.01237	0.05510	0.61338	0.08932	0.03542	0.00630	0.00191	0.00287	0.09987	0.00426	0.00389
4	0.00609	0.00450	0.00538	0.00574	0.00657	0.00416	0.00405	0.00751	0.02673	0.01327	0.16464	0.34676	0.23837	0.07911	0.00696	0.00188	0.00267	0.03107	0.04062	0.00391
5	0.00587	0.00410	0.00528	0.00610	0.00636	0.00388	0.00400	0.00661	0.00861	0.01161	0.05174	0.65528	0.02817	0.15131	0.00870	0.00226	0.00293	0.01163	0.02194	0.00360
6	0.00980	0.00833	0.00967	0.00693	0.01100	0.00641	0.00556	0.03931	0.00995	0.01546	0.00826	0.00957	0.00684	0.00347	0.00344	0.00070	0.00346	0.00277	0.00279	0.83629
7	0.00921	0.02375	0.81487	0.01309	0.01987	0.01066	0.01696	0.01454	0.00969	0.01454	0.00824	0.00969	0.00582	0.00436	0.00436	0.00145	0.00678	0.00339	0.00194	0.00678
8	0.00952	0.00816	0.00952	0.00680	0.01088	0.00612	0.00544	0.01156	0.00952	0.01496	0.00816	0.00952	0.00680	0.00340	0.00340	0.00068	0.00340	0.00272	0.00272	0.86672
9	0.01225	0.00990	0.01061	0.00937	0.01206	0.01127	0.00738	0.09521	0.66813	0.05530	0.01814	0.01764	0.01373	0.00635	0.00472	0.00155	0.00380	0.03065	0.00469	0.00724
10	0.00656	0.00492	0.00738	0.00738	0.00820	0.00574	0.00574	0.00820	0.00738	0.01066	0.01230	0.01804	0.01148	0.03443	0.82046	0.00738	0.01230	0.00492	0.00246	0.00410
11	0.01310	0.01127	0.01697	0.07817	0.07682	0.01184	0.23022	0.33710	0.05540	0.02054	0.01218	0.01521	0.02596	0.00549	0.00493	0.00149	0.00569	0.05341	0.01750	0.00671
12	0.84134	0.03771	0.00735	0.00610	0.00898	0.01057	0.00507	0.01350	0.00787	0.02026	0.00639	0.00745	0.00500	0.00425	0.00284	0.00141	0.00360	0.00248	0.00281	0.00500
13	0.00952	0.00816	0.00952	0.00680	0.01088	0.00612	0.00544	0.01156	0.00952	0.01496	0.00816	0.00952	0.00680	0.00340	0.00340	0.00068	0.00340	0.00272	0.00272	0.86672
14	0.01045	0.19548	0.52250	0.01218	0.01786	0.03526	0.06790	0.03137	0.04031	0.01415	0.00834	0.00966	0.00627	0.00434	0.00415	0.00136	0.00634	0.00341	0.00214	0.00655
15	0.01403	0.01633	0.01388	0.05240	0.12818	0.44779	0.00993	0.03254	0.01118	0.01212	0.00742	0.00970	0.00639	0.00644	0.03654	0.00163	0.18214	0.00349	0.00231	0.00554
16	0.00618	0.00468	0.00569	0.00544	0.00666	0.00420	0.00408	0.00804	0.01224	0.01662	0.58048	0.03724	0.27155	0.01005	0.00542	0.00148	0.00221	0.00872	0.00482	0.00420
17	0.00883	0.00768	0.00790	0.00735	0.00929	0.03744	0.00561	0.01563	0.37786	0.01652	0.16202	0.06088	0.24734	0.00860	0.00504	0.00153	0.00314	0.00725	0.00452	0.00557
18	0.00656	0.00489	0.00726	0.00726	0.00803	0.00567	0.00559	0.00812	0.00734	0.01057	0.01241	0.01865	0.01174	0.07555	0.77971	0.00723	0.01190	0.00501	0.00248	0.00403
19	0.00635	0.00435	0.00507	0.00533	0.00547	0.00425	0.00318	0.00660	0.00738	0.00976	0.01873	0.22631	0.06047	0.59631	0.01820	0.00367	0.00391	0.00838	0.00322	0.00307
20	0.00874	0.00826	0.01379	0.78426	0.03058	0.01041	0.01261	0.01169	0.00907	0.01169	0.00805	0.01212	0.00611	0.00477	0.00515	0.00156	0.04994	0.00408	0.00204	0.00510
21	0.39505	0.06530	0.01022	0.00801	0.01090	0.07458	0.01894	0.06657	0.19149	0.07569	0.01136	0.02312	0.02109	0.00517	0.00373	0.00141	0.00419	0.00371	0.00351	0.00595

[dist]
# distance from previous block
# <min> <max>
0	1

[block]
# block no. 4 follows, 56 sequences, length 10
# corresponding to MSA columns:
# 250-259
name=unknown_E
#
# <colnr> <probs for GDERKNQSTAVLIFYWHMCP>
#	G	D	E	R	K	N	Q	S	T	A	V	L	I	F	Y	W	H	M	C	P
0	0.02886	0.05449	0.03474	0.01442	0.09157	0.18202	0.23210	0.08821	0.05279	0.12062	0.02459	0.01190	0.00830	0.00482	0.00494	0.00140	0.03035	0.00431	0.00312	0.00644
1	0.50561	0.00967	0.00874	0.00756	0.01022	0.03432	0.00613	0.11718	0.10866	0.04103	0.06013	0.01121	0.00917	0.00524	0.00418	0.00146	0.04680	0.00356	0.00346	0.00567
2	0.00584	0.00414	0.00543	0.00633	0.00664	0.00391	0.00427	0.00667	0.00882	0.01178	0.05485	0.67625	0.02919	0.10324	0.00776	0.00214	0.00292	0.05201	0.00413	0.00368
3	0.01015	0.17192	0.48685	0.01357	0.01933	0.01227	0.19482	0.01443	0.00989	0.01389	0.00814	0.00989	0.00610	0.00417	0.00434	0.00139	0.00666	0.00369	0.00203	0.00648
4	0.01048	0.36390	0.48589	0.01091	0.01651	0.01378	0.01317	0.01421	0.00954	0.01298	0.00747	0.00872	0.00585	0.00418	0.00377	0.00126	0.00600	0.00300	0.00195	0.00641
5	0.00999	0.02228	0.73210	0.01303	0.01952	0.01045	0.04796	0.01504	0.00996	0.06486	0.00890	0.01018	0.00621	0.00442	0.00442	0.00146	0.00664	0.00355	0.00219	0.00683
6	0.00568	0.00410	0.00540	0.00640	0.00678	0.00382	0.00438	0.00656	0.00898	0.01186	0.02647	0.74998	0.07465	0.01414	0.00586	0.00186	0.00272	0.05235	0.00426	0.00376
7	0.01152	0.05611	0.17265	0.08818	0.17367	0.07971	0.10125	0.02810	0.01080	0.08526	0.05450	0.01452	0.01003	0.00571	0.01732	0.00154	0.03646	0.04365	0.00278	0.00623
8	0.01006	0.07979	0.06572	0.49167	0.13326	0.06916	0.01235	0.01283	0.00954	0.01220	0.00788	0.01114	0.00622	0.00467	0.00503	0.00146	0.05554	0.00382	0.00208	0.00558
9	0.01326	0.55009	0.02028	0.00952	0.03722	0.13026	0.00833	0.04537	0.03302	0.04240	0.00751	0.00855	0.00646	0.00455	0.00424	0.00115	0.06654	0.00292	0.00235	0.00598

[dist]
# distance from previous block
# <min> <max>
1	3

[block]
# block no. 5 follows, 56 sequences, length 106
# corresponding to MSA columns:
# 263-279,311-329,344-388,394-416,418,419
name=unknown_F
#
# <colnr> <probs for GDERKNQSTAVLIFYWHMCP>
#	G	D	E	R	K	N	Q	S	T	A	V	L	I	F	Y	W	H	M	C	P
0	0.02496	0.00622	0.00718	0.00699	0.03164	0.00620	0.00512	0.01231	0.19234	0.04088	0.33765	0.03154	0.26128	0.00896	0.00515	0.00150	0.00273	0.00765	0.00462	0.00507
1	0.01018	0.00852	0.00856	0.00770	0.00964	0.08499	0.00594	0.06780	0.23433	0.04962	0.27155	0.02481	0.12775	0.00829	0.02117	0.00157	0.01469	0.00642	0.03090	0.00557
2	0.00797	0.00399	0.00598	0.00598	0.00598	0.00399	0.00399	0.00598	0.00598	0.00797	0.00797	0.01396	0.00797	0.01595	0.01794	0.86643	0.00399	0.00399	0.00199	0.00199
3	0.00563	0.00409	0.00532	0.00620	0.00663	0.00378	0.00420	0.00655	0.00919	0.01218	0.07432	0.71865	0.09864	0.01384	0.00580	0.00181	0.00260	0.01247	0.00431	0.00378
4	0.00620	0.00468	0.00572	0.00546	0.00668	0.00420	0.00410	0.00809	0.01229	0.01674	0.59552	0.03705	0.25644	0.01001	0.00542	0.00147	0.00221	0.00869	0.00483	0.00420
5	0.01420	0.00766	0.03309	0.00740	0.01004	0.00717	0.00609	0.01881	0.19594	0.34977	0.04425	0.01686	0.01303	0.00580	0.00425	0.00135	0.00337	0.00474	0.24965	0.00653
6	0.00655	0.00441	0.00508	0.00520	0.00525	0.00439	0.00300	0.00667	0.00693	0.00925	0.01565	0.12046	0.01814	0.73243	0.03479	0.00421	0.00438	0.00736	0.00294	0.00291
7	0.00669	0.00511	0.00763	0.00756	0.00834	0.00605	0.00590	0.00831	0.00737	0.01067	0.01206	0.01773	0.01127	0.03343	0.78995	0.00717	0.04328	0.00488	0.00244	0.00413
8	0.01245	0.00963	0.01041	0.00921	0.01191	0.01089	0.00721	0.02417	0.71303	0.10851	0.01862	0.01696	0.01372	0.00617	0.00467	0.00154	0.00366	0.00513	0.00479	0.00733
9	0.01397	0.00653	0.00869	0.00730	0.00971	0.00591	0.00587	0.01636	0.04424	0.42534	0.32567	0.02508	0.02479	0.00756	0.00503	0.00148	0.00324	0.05170	0.00531	0.00623
10	0.00797	0.00399	0.00598	0.00598	0.00598	0.00399	0.00399	0.00598	0.00598	0.00797	0.00797	0.01396	0.00797	0.01595	0.01794	0.86643	0.00399	0.00399	0.00199	0.00199
11	0.01637	0.02001	0.01317	0.01178	0.01395	0.68124	0.00899	0.06404	0.01285	0.01228	0.00721	0.00864	0.00604	0.00515	0.00540	0.00129	0.10054	0.00315	0.00246	0.00544
12	0.00952	0.00816	0.00952	0.00680	0.01088	0.00612	0.00544	0.01156	0.00952	0.01496	0.00816	0.00952	0.00680	0.00340	0.00340	0.00068	0.00340	0.00272	0.00272	0.86672
13	0.01865	0.00931	0.01118	0.00880	0.01216	0.03248	0.00718	0.18860	0.06622	0.53807	0.01657	0.04558	0.01133	0.00598	0.00465	0.00143	0.00422	0.00482	0.00523	0.00755
14	0.00856	0.00428	0.00428	0.00428	0.00535	0.00428	0.00321	0.01070	0.00963	0.01712	0.01498	0.01712	0.01177	0.00535	0.00321	0.00107	0.00214	0.00428	0.86414	0.00428
15	0.00791	0.00577	0.00672	0.00620	0.00756	0.04138	0.00469	0.01015	0.02848	0.06898	0.65292	0.03225	0.09124	0.00903	0.00529	0.00144	0.00259	0.00786	0.00491	0.00463
16	0.01611	0.04472	0.01304	0.01134	0.01378	0.64833	0.00864	0.04170	0.11870	0.01281	0.00872	0.00955	0.00706	0.00499	0.00440	0.00125	0.02319	0.00330	0.00272	0.00567
17	0.00661	0.00442	0.00503	0.00509	0.00511	0.00441	0.00287	0.00666	0.00681	0.00908	0.01513	0.07963	0.01753	0.78792	0.02229	0.00429	0.00434	0.00707	0.00287	0.00284
18	0.02060	0.00781	0.01065	0.00817	0.01172	0.00675	0.00675	0.02237	0.01314	0.81320	0.01811	0.01563	0.01136	0.00568	0.00462	0.00142	0.00391	0.00462	0.00568	0.00781
19	0.00952	0.00816	0.00952	0.00680	0.01088	0.00612	0.00544	0.01156	0.00952	0.01496	0.00816	0.00952	0.00680	0.00340	0.00340	0.00068	0.00340	0.00272	0.00272	0.86672
20	0.00662	0.00533	0.00598	0.00570	0.00720	0.00502	0.00431	0.00969	0.11216	0.01570	0.35067	0.03674	0.39789	0.01003	0.00533	0.00151	0.00243	0.00856	0.00463	0.00449
21	0.00667	0.00449	0.00521	0.00521	0.00528	0.00456	0.00303	0.00680	0.00674	0.00905	0.01428	0.02903	0.01625	0.77109	0.09033	0.00470	0.00511	0.00653	0.00275	0.00289
22	0.01920	0.01006	0.01204	0.00923	0.01284	0.01008	0.00763	0.36585	0.01690	0.46442	0.01496	0.01358	0.00978	0.00561	0.00461	0.00140	0.00442	0.00440	0.00520	0.00781
23	0.00996	0.01875	0.47842	0.01666	0.10257	0.01099	0.26743	0.01455	0.01014	0.01464	0.00862	0.01073	0.00634	0.00417	0.00472	0.00147	0.00696	0.00412	0.00210	0.00664
24	0.00573	0.00414	0.00549	0.00643	0.00674	0.00395	0.00435	0.00658	0.00887	0.01190	0.03906	0.77964	0.04611	0.01401	0.00599	0.00184	0.01883	0.01262	0.01394	0.00377
25	0.01745	0.01286	0.01378	0.01056	0.01424	0.01424	0.00873	0.79471	0.02159	0.02893	0.01102	0.01102	0.00781	0.00551	0.00459	0.00138	0.00505	0.00413	0.00459	0.00781
26	0.05341	0.00953	0.01050	0.00858	0.01142	0.09490	0.00691	0.08354	0.05554	0.43624	0.10719	0.01621	0.01387	0.00693	0.02983	0.00161	0.03752	0.00475	0.00474	0.00676
27	0.01096	0.06292	0.49330	0.01502	0.13154	0.01167	0.06660	0.12521	0.01155	0.01646	0.00866	0.01018	0.00639	0.00443	0.00442	0.00141	0.00631	0.00368	0.00239	0.00691
28	0.00657	0.00488	0.00718	0.00718	0.00793	0.00563	0.00549	0.00807	0.00732	0.01051	0.01248	0.01903	0.01191	0.10129	0.75420	0.00713	0.01164	0.00506	0.00249	0.00399
29	0.04448	0.12164	0.01303	0.00944	0.02585	0.14811	0.00764	0.10681	0.01227	0.25139	0.02711	0.01216	0.00898	0.00555	0.00552	0.00136	0.11309	0.00388	0.07539	0.00630
30	0.00659	0.00469	0.00599	0.00673	0.00731	0.00457	0.00463	0.03107	0.05825	0.02803	0.02434	0.74506	0.02833	0.01345	0.00573	0.00182	0.00282	0.01214	0.00432	0.00415
31	0.02887	0.41484	0.34735	0.01063	0.03812	0.02796	0.01167	0.02529	0.00972	0.01305	0.00734	0.00857	0.00594	0.00414	0.00363	0.00120	0.00568	0.00293	0.00205	0.03104
32	0.01603	0.01999	0.01267	0.01152	0.01368	0.71157	0.00871	0.01751	0.03104	0.01138	0.00762	0.00915	0.00644	0.00667	0.05235	0.00160	0.05121	0.00318	0.00241	0.00528
33	0.00582	0.00409	0.00526	0.00610	0.00631	0.00388	0.00395	0.00645	0.00835	0.01113	0.02304	0.66738	0.02751	0.18656	0.00952	0.00240	0.00304	0.01172	0.00395	0.00353
34	0.03619	0.01042	0.01765	0.16056	0.64037	0.01079	0.02984	0.01369	0.01017	0.01461	0.00850	0.01142	0.00701	0.00417	0.00452	0.00140	0.00556	0.00407	0.00225	0.00682
35	0.00666	0.00444	0.00501	0.00503	0.00504	0.00444	0.00281	0.00667	0.00671	0.00895	0.01466	0.04432	0.01693	0.82405	0.02306	0.00441	0.00442	0.00679	0.00281	0.00280
36	0.87108	0.00888	0.00675	0.00604	0.00888	0.01030	0.00497	0.01350	0.00781	0.02060	0.00639	0.00746	0.00497	0.00426	0.00284	0.00142	0.00355	0.00249	0.00284	0.00497
37	0.01136	0.01091	0.01863	0.02818	0.81002	0.01091	0.01409	0.01409	0.01045	0.01500	0.00864	0.01136	0.00727	0.00409	0.00455	0.00136	0.00545	0.00409	0.00227	0.00727
38	0.00594	0.00459	0.00542	0.00544	0.00661	0.00408	0.00403	0.00748	0.01128	0.01481	0.35563	0.14955	0.36842	0.01111	0.00550	0.00156	0.00235	0.02756	0.00459	0.00405
39	0.01227	0.84142	0.02406	0.00786	0.01178	0.01817	0.00786	0.01375	0.00933	0.01080	0.00638	0.00736	0.00589	0.00393	0.00295	0.00098	0.00491	0.00245	0.00196	0.00589
40	0.00590	0.00464	0.00530	0.00519	0.00647	0.00407	0.00385	0.00744	0.01137	0.01479	0.35971	0.06980	0.44703	0.02698	0.00579	0.00157	0.00231	0.00918	0.00456	0.00404
41	0.84646	0.00899	0.00695	0.00617	0.00903	0.01041	0.00508	0.03603	0.00821	0.02084	0.00653	0.00756	0.00505	0.00430	0.00289	0.00142	0.00359	0.00253	0.00289	0.00505
42	0.00867	0.00816	0.01377	0.82762	0.03162	0.01020	0.01275	0.01173	0.00918	0.01173	0.00816	0.01224	0.00612	0.00459	0.00459	0.00153	0.00612	0.00408	0.00204	0.00510
43	0.00676	0.00511	0.00725	0.00717	0.00775	0.00593	0.00537	0.00801	0.00727	0.01038	0.01284	0.05235	0.01291	0.18989	0.58094	0.00625	0.06183	0.00553	0.00257	0.00388
44	0.00973	0.00828	0.00963	0.00690	0.01097	0.00633	0.00553	0.03187	0.00983	0.01532	0.00823	0.00956	0.00683	0.00345	0.00343	0.00070	0.00344	0.00276	0.00277	0.84445
45	0.03760	0.54545	0.25051	0.00969	0.02553	0.02652	0.01050	0.02586	0.00964	0.01251	0.00703	0.00816	0.00589	0.00410	0.00341	0.00115	0.00546	0.00278	0.00203	0.00616
46	0.01662	0.02560	0.00983	0.00761	0.01057	0.00666	0.00622	0.04210	0.02243	0.56283	0.15828	0.02083	0.06685	0.00675	0.00479	0.00143	0.00356	0.01483	0.00534	0.00686
47	0.28456	0.00834	0.00956	0.00760	0.01093	0.00813	0.00627	0.04887	0.01181	0.53738	0.01420	0.01292	0.00924	0.00523	0.00406	0.00142	0.00384	0.00394	0.00476	0.00693
48	0.01263	0.00990	0.04757	0.05894	0.21764	0.02313	0.15766	0.01556	0.03419	0.21729	0.09825	0.04106	0.03371	0.00564	0.00488	0.00146	0.00506	0.00533	0.00360	0.00652
49	0.01111	0.01064	0.01809	0.05785	0.75969	0.01070	0.01376	0.01381	0.01041	0.01481	0.00960	0.01225	0.02799	0.00430	0.00457	0.00137	0.00540	0.00424	0.00232	0.00710
50	0.00684	0.00529	0.00773	0.00757	0.00826	0.00630	0.00586	0.00831	0.00730	0.01056	0.01197	0.01830	0.01144	0.09208	0.69807	0.00674	0.07590	0.00498	0.00245	0.00407
51	0.02727	0.01071	0.01418	0.29724	0.09707	0.10550	0.02515	0.01246	0.00890	0.01193	0.00740	0.01096	0.00633	0.00670	0.03261	0.00182	0.31241	0.00395	0.00212	0.00530
52	0.00589	0.00467	0.00529	0.00514	0.00649	0.00407	0.00385	0.00749	0.01156	0.01501	0.37638	0.03990	0.47666	0.01066	0.00542	0.00150	0.00226	0.00909	0.00461	0.00407
53	0.01661	0.01575	0.01502	0.01196	0.01532	0.27716	0.09702	0.45343	0.01758	0.02155	0.00955	0.01028	0.00709	0.00507	0.00454	0.00133	0.00641	0.00389	0.00361	0.00681
54	0.01227	0.84142	0.02406	0.00786	0.01178	0.01817	0.00786	0.01375	0.00933	0.01080	0.00638	0.00736	0.00589	0.00393	0.00295	0.00098	0.00491	0.00245	0.00196	0.00589
55	0.17329	0.01111	0.01186	0.00925	0.01275	0.01200	0.00764	0.49553	0.01736	0.18699	0.01162	0.01131	0.00802	0.00532	0.00428	0.00139	0.00455	0.00393	0.00450	0.00729
56	0.01665	0.01167	0.01285	0.00978	0.01350	0.01231	0.00805	0.60348	0.01900	0.10823	0.01135	0.01129	0.00803	0.00523	0.00443	0.00128	0.00470	0.00398	0.00444	0.12976
57	0.00831	0.00658	0.00798	0.00853	0.05196	0.00697	0.00591	0.02922	0.25161	0.01483	0.07530	0.28805	0.02238	0.11945	0.00772	0.00207	0.00351	0.08044	0.00414	0.00505
58	0.01745	0.01286	0.01378	0.01056	0.01424	0.01424	0.00873	0.79471	0.02159	0.02893	0.01102	0.01102	0.00781	0.00551	0.00459	0.00138	0.00505	0.00413	0.00459	0.00781
59	0.00983	0.00947	0.01637	0.42077	0.31337	0.01052	0.07611	0.01292	0.02392	0.01328	0.00897	0.03121	0.00731	0.00468	0.00488	0.00149	0.02223	0.00442	0.00225	0.00599
60	0.01084	0.01238	0.02709	0.01935	0.02399	0.01161	0.79334	0.01471	0.01084	0.01471	0.00929	0.01238	0.00697	0.00387	0.00542	0.00155	0.00774	0.00542	0.00232	0.00619
61	0.00559	0.00400	0.00533	0.00639	0.00666	0.00373	0.00426	0.00639	0.00879	0.01172	0.02530	0.83566	0.03036	0.01438	0.00586	0.00186	0.00266	0.01305	0.00426	0.00373
62	0.00952	0.00816	0.00952	0.00680	0.01088	0.00612	0.00544	0.01156	0.00952	0.01496	0.00816	0.00952	0.00680	0.00340	0.00340	0.00068	0.00340	0.00272	0.00272	0.86672
63	0.01189	0.01010	0.01065	0.00944	0.01212	0.01164	0.00738	0.08492	0.74042	0.01997	0.01808	0.01665	0.01353	0.00617	0.00467	0.00154	0.00374	0.00511	0.00467	0.00731
64	0.00614	0.00452	0.00577	0.00606	0.00689	0.00421	0.00437	0.00785	0.02652	0.01492	0.36894	0.36473	0.11573	0.01171	0.00561	0.00165	0.00248	0.03320	0.00461	0.00409
65	0.00558	0.00460	0.00491	0.00504	0.00640	0.00393	0.00375	0.00679	0.01045	0.01277	0.09442	0.13251	0.64598	0.01182	0.00550	0.00160	0.00241	0.03333	0.00431	0.00390
66	0.00578	0.00413	0.00552	0.00649	0.00687	0.00388	0.00448	0.00676	0.00920	0.01231	0.07849	0.72706	0.03097	0.01393	0.00586	0.00185	0.00274	0.06554	0.00431	0.00380
67	0.00666	0.00446	0.00509	0.00516	0.00521	0.00445	0.00298	0.00675	0.00687	0.00915	0.01517	0.06109	0.01750	0.78249	0.02219	0.00428	0.00438	0.03037	0.00288	0.00286
68	0.01134	0.01094	0.03244	0.12765	0.48643	0.01103	0.10761	0.08728	0.02606	0.01602	0.03256	0.01232	0.00829	0.00446	0.00469	0.00142	0.00567	0.00439	0.00259	0.00681
69	0.02858	0.20872	0.40722	0.01167	0.01663	0.17226	0.04951	0.01494	0.01026	0.01311	0.00793	0.02477	0.00636	0.00450	0.00404	0.00130	0.00655	0.00336	0.00211	0.00617
70	0.83698	0.00884	0.00690	0.00612	0.00899	0.01016	0.00504	0.01385	0.00803	0.05238	0.00686	0.00779	0.00523	0.00432	0.00291	0.00142	0.00357	0.00257	0.00296	0.00509
71	0.01103	0.01115	0.04300	0.05067	0.67920	0.01074	0.07332	0.01392	0.01049	0.01496	0.03170	0.01208	0.00821	0.00425	0.00463	0.00139	0.00559	0.00429	0.00234	0.00702
72	0.00921	0.02375	0.81487	0.01309	0.01987	0.01066	0.01696	0.01454	0.00969	0.01454	0.00824	0.00969	0.00582	0.00436	0.00436	0.00145	0.00678	0.00339	0.00194	0.00678
73	0.00841	0.00775	0.06779	0.00893	0.08424	0.00674	0.00665	0.06412	0.08593	0.02733	0.37472	0.02774	0.15487	0.00877	0.02411	0.00159	0.00343	0.00698	0.02465	0.00526
74	0.00916	0.08261	0.24698	0.00913	0.01242	0.00839	0.01812	0.05869	0.03805	0.05102	0.05645	0.15623	0.10795	0.00841	0.00499	0.00158	0.00452	0.11630	0.00349	0.00551
75	0.00867	0.00816	0.01377	0.82762	0.03162	0.01020	0.01275	0.01173	0.00918	0.01173	0.00816	0.01224	0.00612	0.00459	0.00459	0.00153	0.00612	0.00408	0.00204	0.00510
76	0.00872	0.00826	0.01409	0.80849	0.03144	0.01023	0.03123	0.01180	0.00922	0.01180	0.00819	0.01224	0.00614	0.00457	0.00461	0.00153	0.00616	0.00411	0.00205	0.00513
77	0.00952	0.00816	0.00952	0.00680	0.01088	0.00612	0.00544	0.01156	0.00952	0.01496	0.00816	0.00952	0.00680	0.00340	0.00340	0.00068	0.00340	0.00272	0.00272	0.86672
78	0.02262	0.02645	0.02434	0.00898	0.01102	0.00776	0.09472	0.01373	0.12869	0.11491	0.06167	0.05752	0.01445	0.03255	0.22358	0.00315	0.03499	0.04220	0.07127	0.00540
79	0.03610	0.00666	0.00846	0.00700	0.00947	0.00604	0.00554	0.02507	0.03520	0.36719	0.20435	0.02281	0.09047	0.05198	0.04388	0.00183	0.00374	0.00589	0.00479	0.06355
80	0.01251	0.80256	0.02355	0.00802	0.01190	0.04176	0.00790	0.02772	0.00965	0.01114	0.00649	0.00746	0.00593	0.00398	0.00301	0.00099	0.00501	0.00250	0.00202	0.00591
81	0.03492	0.01139	0.01264	0.06568	0.01402	0.08448	0.00865	0.29229	0.05922	0.14335	0.04101	0.01251	0.00933	0.00610	0.00679	0.00153	0.18144	0.00425	0.00382	0.00658
82	0.01204	0.01167	0.03042	0.07745	0.50615	0.05637	0.03833	0.09097	0.10059	0.01637	0.00989	0.01187	0.00789	0.00454	0.00457	0.00140	0.00551	0.00419	0.00275	0.00702
83	0.75072	0.01005	0.00782	0.00729	0.03311	0.07050	0.00567	0.04288	0.00879	0.02005	0.00668	0.00777	0.00521	0.00434	0.00305	0.00140	0.00401	0.00263	0.00285	0.00517
84	0.01144	0.01105	0.01820	0.03975	0.75862	0.02691	0.01376	0.01444	0.03383	0.01500	0.00889	0.01149	0.00743	0.00417	0.00454	0.00137	0.00547	0.00410	0.00234	0.00720
85	0.00577	0.00421	0.00544	0.00629	0.00675	0.00394	0.00428	0.00694	0.02516	0.01241	0.08483	0.70688	0.08273	0.01366	0.00577	0.00181	0.00262	0.01232	0.00433	0.00385
86	0.00804	0.00760	0.01364	0.02995	0.04562	0.00712	0.27187	0.01055	0.01130	0.01534	0.30438	0.05907	0.14246	0.03171	0.00592	0.00161	0.00442	0.02074	0.00372	0.00496
87	0.01146	0.01099	0.01808	0.05825	0.73447	0.02382	0.01370	0.02841	0.02874	0.01516	0.00887	0.01147	0.00737	0.00419	0.00454	0.00137	0.00548	0.00410	0.00236	0.00717
88	0.00668	0.00445	0.00501	0.00501	0.00501	0.00445	0.00278	0.00668	0.00668	0.00890	0.01447	0.03004	0.01669	0.83866	0.02337	0.00445	0.00445	0.00668	0.00278	0.00278
89	0.00660	0.00498	0.00582	0.00608	0.00648	0.02911	0.01438	0.00715	0.00802	0.01053	0.01959	0.37482	0.04507	0.38857	0.03232	0.00311	0.00394	0.00925	0.00343	0.02075
90	0.00664	0.00444	0.00502	0.00505	0.00506	0.00443	0.00283	0.00667	0.00674	0.00898	0.01478	0.05374	0.01709	0.81441	0.02285	0.00437	0.00440	0.00686	0.00283	0.00281
91	0.01640	0.01236	0.01337	0.01078	0.03208	0.01373	0.00863	0.65990	0.13978	0.02714	0.01213	0.01196	0.00874	0.00559	0.00460	0.00140	0.00485	0.00429	0.00455	0.00771
92	0.01081	0.04773	0.28511	0.01302	0.13503	0.00954	0.02951	0.08835	0.03165	0.08134	0.02212	0.13519	0.02051	0.00649	0.00471	0.00148	0.00513	0.03744	0.00315	0.03168
93	0.01191	0.65513	0.10169	0.00873	0.01288	0.01608	0.03831	0.01390	0.00965	0.03523	0.03084	0.00889	0.00722	0.00417	0.00332	0.00107	0.00505	0.00291	0.00220	0.03083
94	0.04206	0.02087	0.01277	0.01154	0.01397	0.74791	0.00870	0.04141	0.03711	0.01228	0.00754	0.00861	0.00619	0.00479	0.00413	0.00121	0.00790	0.00305	0.00252	0.00544
95	0.00654	0.00511	0.00597	0.00583	0.00721	0.00470	0.00447	0.00878	0.05317	0.01503	0.31821	0.03837	0.33813	0.04678	0.00622	0.00168	0.00268	0.09712	0.00446	0.02955
96	0.01080	0.03452	0.01661	0.18188	0.54349	0.01046	0.01265	0.01370	0.02879	0.03775	0.02804	0.01342	0.03842	0.00468	0.00456	0.00140	0.00529	0.00439	0.00251	0.00663
