[name]
unknown

[dist]
# distance from previous block
# <min> <max>
0	34

[block]
# block no. 0 follows, 52 sequences, length 9
# corresponding to MSA columns:
# 34-42
name=unknown_A
#
# <colnr> <probs for GDERKNQSTAVLIFYWHMCP>
#	G	D	E	R	K	N	Q	S	T	A	V	L	I	F	Y	W	H	M	C	P
0	0.01036	0.00717	0.00897	0.00820	0.00943	0.02710	0.03125	0.03940	0.05953	0.10772	0.01655	0.02892	0.01649	0.35493	0.05413	0.00334	0.06779	0.14030	0.00366	0.00477
1	0.08790	0.07740	0.00951	0.03659	0.01037	0.04818	0.00642	0.05873	0.01125	0.06091	0.08270	0.22537	0.08262	0.01171	0.05666	0.00209	0.00458	0.11796	0.00402	0.00507
2	0.01231	0.08211	0.07009	0.16410	0.06004	0.01227	0.33817	0.08766	0.02746	0.06591	0.01050	0.01339	0.00797	0.00480	0.00509	0.00155	0.00674	0.02030	0.00288	0.00664
3	0.01237	0.01311	0.01338	0.13257	0.18929	0.26055	0.01056	0.01526	0.05992	0.01398	0.01407	0.02227	0.03308	0.00705	0.00514	0.00161	0.00629	0.18056	0.00308	0.00586
4	0.01717	0.00986	0.07985	0.01144	0.08537	0.00787	0.05657	0.01958	0.01285	0.50950	0.04056	0.01944	0.06102	0.00643	0.00505	0.00155	0.00464	0.03884	0.00493	0.00747
5	0.01095	0.08546	0.01753	0.08430	0.52240	0.01120	0.01240	0.01349	0.01087	0.01501	0.06243	0.01612	0.07696	0.00552	0.00518	0.00146	0.03428	0.00494	0.00271	0.00678
6	0.13533	0.01102	0.01753	0.07528	0.63737	0.01137	0.01339	0.01463	0.01055	0.01647	0.00874	0.01145	0.00725	0.00438	0.00454	0.00146	0.00551	0.00407	0.00247	0.00718
7	0.00762	0.00533	0.00731	0.08087	0.00952	0.00577	0.00535	0.00874	0.00817	0.03910	0.03785	0.08724	0.01636	0.34991	0.30448	0.00511	0.00762	0.00663	0.00304	0.00398
8	0.13020	0.01038	0.01259	0.00992	0.01329	0.07705	0.07814	0.06844	0.01310	0.43686	0.03338	0.01508	0.03157	0.00590	0.00519	0.00152	0.04088	0.00468	0.00468	0.00714

[dist]
# distance from previous block
# <min> <max>
3	10

[block]
# block no. 1 follows, 52 sequences, length 18
# corresponding to MSA columns:
# 55-72
name=unknown_B
#
# <colnr> <probs for GDERKNQSTAVLIFYWHMCP>
#	G	D	E	R	K	N	Q	S	T	A	V	L	I	F	Y	W	H	M	C	P
0	0.11953	0.01226	0.01115	0.00966	0.01240	0.14460	0.00763	0.21098	0.22067	0.04421	0.06904	0.01738	0.01346	0.03800	0.00548	0.00165	0.00499	0.04607	0.00422	0.00661
1	0.06632	0.09308	0.20000	0.01577	0.10874	0.05509	0.18120	0.02787	0.01025	0.01480	0.00818	0.01070	0.00662	0.00525	0.00695	0.00160	0.17472	0.00411	0.00233	0.00643
2	0.00628	0.00485	0.00585	0.00623	0.00732	0.00428	0.00448	0.00752	0.01035	0.01350	0.09597	0.42019	0.27887	0.01298	0.00586	0.00176	0.00278	0.04744	0.00446	0.05902
3	0.01187	0.43134	0.16943	0.00986	0.01442	0.01451	0.03943	0.05971	0.01086	0.01425	0.00899	0.01200	0.00789	0.00485	0.00389	0.00121	0.00541	0.05215	0.00251	0.12540
4	0.01398	0.11275	0.17421	0.04390	0.04225	0.01204	0.12345	0.13885	0.07573	0.15085	0.01181	0.01256	0.00854	0.00552	0.01746	0.00155	0.00588	0.00432	0.00351	0.04083
5	0.03461	0.44596	0.34586	0.01098	0.01637	0.01542	0.04223	0.01489	0.01002	0.01347	0.00766	0.00899	0.00620	0.00434	0.00382	0.00128	0.00607	0.00312	0.00210	0.00659
6	0.01073	0.09074	0.05410	0.01019	0.01299	0.01084	0.08994	0.04974	0.35586	0.01694	0.01852	0.13335	0.04578	0.05224	0.00614	0.00180	0.00453	0.02517	0.00404	0.00640
7	0.00787	0.00657	0.00901	0.00841	0.00947	0.04986	0.05553	0.00936	0.00819	0.01119	0.01275	0.02007	0.01231	0.16169	0.56936	0.02517	0.01090	0.00539	0.00263	0.00426
8	0.01222	0.04514	0.02190	0.03355	0.05357	0.15836	0.44783	0.03588	0.01190	0.01471	0.01261	0.06224	0.05584	0.00548	0.00532	0.00155	0.00729	0.00574	0.00275	0.00613
9	0.00692	0.00519	0.00779	0.00779	0.00865	0.00606	0.00606	0.00865	0.00779	0.01125	0.01298	0.01904	0.01211	0.03634	0.81049	0.00779	0.01298	0.00519	0.00260	0.00433
10	0.00699	0.00490	0.00609	0.00656	0.00708	0.00478	0.00469	0.00795	0.00917	0.01208	0.06530	0.16569	0.07099	0.37609	0.01449	0.00321	0.00406	0.22233	0.00384	0.00368
11	0.00671	0.00531	0.00689	0.09863	0.01016	0.00512	0.00551	0.00860	0.01172	0.01548	0.33142	0.13557	0.27049	0.01094	0.00574	0.00167	0.00302	0.05803	0.00455	0.00443
12	0.09017	0.01629	0.18965	0.25637	0.04593	0.19870	0.02589	0.06448	0.01146	0.01508	0.00835	0.01069	0.00639	0.00496	0.00493	0.00150	0.03684	0.00374	0.00247	0.00609
13	0.00666	0.00542	0.00576	0.00557	0.00725	0.00482	0.00427	0.05033	0.01203	0.01490	0.13877	0.04374	0.62891	0.01167	0.00572	0.00164	0.00268	0.04087	0.00462	0.00440
14	0.00781	0.00622	0.00715	0.00767	0.00853	0.05321	0.00568	0.05058	0.01096	0.01432	0.10151	0.46826	0.02877	0.02846	0.03949	0.00219	0.00400	0.14638	0.00437	0.00443
15	0.01133	0.28731	0.35537	0.01485	0.15568	0.01397	0.03628	0.01540	0.04104	0.01433	0.00859	0.01013	0.00681	0.00447	0.00419	0.00136	0.00616	0.00352	0.00224	0.00694
16	0.01271	0.00795	0.00923	0.00822	0.01028	0.05061	0.00641	0.06105	0.07969	0.23487	0.19484	0.16532	0.05505	0.00914	0.00582	0.00164	0.03591	0.04028	0.00496	0.00603
17	0.00779	0.00635	0.00818	0.05617	0.01055	0.02457	0.03804	0.03874	0.01098	0.01398	0.05422	0.11572	0.23833	0.08219	0.03904	0.00233	0.00443	0.23984	0.00405	0.00449

[dist]
# distance from previous block
# <min> <max>
1	3

[block]
# block no. 2 follows, 52 sequences, length 17
# corresponding to MSA columns:
# 76-92
name=unknown_C
#
# <colnr> <probs for GDERKNQSTAVLIFYWHMCP>
#	G	D	E	R	K	N	Q	S	T	A	V	L	I	F	Y	W	H	M	C	P
0	0.34349	0.18276	0.16365	0.01090	0.07842	0.03066	0.02872	0.01439	0.00954	0.01692	0.02564	0.01060	0.00737	0.00491	0.00422	0.00144	0.03704	0.02068	0.00260	0.00602
1	0.02884	0.00695	0.00756	0.00743	0.03866	0.03778	0.00484	0.09015	0.01019	0.05676	0.03159	0.04514	0.10048	0.47832	0.01631	0.00335	0.00458	0.02317	0.00354	0.00433
2	0.01169	0.18805	0.28603	0.01023	0.01508	0.05603	0.01082	0.03983	0.03121	0.05518	0.01011	0.05521	0.00842	0.00505	0.00417	0.00125	0.00548	0.00389	0.00277	0.19949
3	0.01457	0.30804	0.04371	0.01051	0.02921	0.14437	0.00896	0.17397	0.18821	0.01757	0.01088	0.01119	0.00858	0.00519	0.00416	0.00132	0.00556	0.00375	0.00335	0.00692
4	0.01157	0.13954	0.20492	0.01035	0.02676	0.03068	0.02336	0.09338	0.06359	0.05490	0.08459	0.01891	0.03045	0.01604	0.00493	0.00148	0.00512	0.08432	0.00344	0.09167
5	0.01092	0.16289	0.57172	0.01290	0.01915	0.01291	0.04893	0.06069	0.02855	0.01568	0.00883	0.01019	0.00652	0.00462	0.00442	0.00145	0.00668	0.00359	0.00230	0.00705
6	0.01134	0.22371	0.49750	0.01297	0.03693	0.07952	0.04465	0.01547	0.01049	0.01410	0.00817	0.00965	0.00625	0.00450	0.00426	0.00139	0.00681	0.00340	0.00211	0.00679
7	0.01081	0.01031	0.01781	0.22089	0.49011	0.01084	0.05919	0.01376	0.01055	0.01466	0.00990	0.01435	0.00840	0.00658	0.04998	0.00188	0.00643	0.03439	0.00243	0.00673
8	0.01105	0.01086	0.10962	0.01073	0.04624	0.04252	0.05929	0.11882	0.07639	0.06908	0.12656	0.18038	0.06082	0.00857	0.00559	0.00164	0.02218	0.02946	0.00413	0.00606
9	0.00956	0.00733	0.00758	0.00724	0.00907	0.06095	0.00559	0.04372	0.08380	0.09198	0.08261	0.13827	0.33385	0.01071	0.00560	0.00169	0.00354	0.08716	0.00461	0.00515
10	0.00688	0.00478	0.00606	0.00667	0.00705	0.00471	0.00467	0.00772	0.00873	0.01158	0.02118	0.28003	0.02433	0.36249	0.03765	0.00336	0.00431	0.19038	0.00377	0.00365
11	0.01102	0.00590	0.00767	0.00669	0.00864	0.00525	0.00521	0.01307	0.01345	0.24467	0.48610	0.03172	0.12291	0.00905	0.00547	0.00153	0.00284	0.00781	0.00543	0.00558
12	0.01563	0.10413	0.08974	0.03381	0.04834	0.43218	0.05976	0.05966	0.01298	0.04847	0.00889	0.01022	0.00701	0.00490	0.00438	0.00131	0.00732	0.00357	0.04153	0.00617
13	0.01773	0.02254	0.01455	0.01292	0.01555	0.76620	0.05200	0.01914	0.01361	0.01206	0.00762	0.00898	0.00630	0.00494	0.00444	0.00127	0.00871	0.00326	0.00249	0.00567
14	0.00772	0.00530	0.00676	0.00629	0.00750	0.00502	0.00466	0.01027	0.04708	0.05091	0.65539	0.03416	0.04027	0.08861	0.00747	0.00183	0.00266	0.00829	0.00511	0.00470
15	0.00689	0.00495	0.00639	0.00664	0.00719	0.00513	0.00459	0.02721	0.00857	0.01161	0.01973	0.26322	0.06350	0.26995	0.26728	0.00462	0.00666	0.00856	0.00343	0.00387
16	0.01092	0.08069	0.49361	0.01521	0.05942	0.01175	0.17704	0.01555	0.01073	0.05052	0.02421	0.01151	0.00749	0.00461	0.00477	0.00151	0.00693	0.00415	0.00239	0.00699

[dist]
# distance from previous block
# <min> <max>
0	1

[block]
# block no. 3 follows, 52 sequences, length 38
# corresponding to MSA columns:
# 94-131
name=unknown_D
#
# <colnr> <probs for GDERKNQSTAVLIFYWHMCP>
#	G	D	E	R	K	N	Q	S	T	A	V	L	I	F	Y	W	H	M	C	P
0	0.01057	0.01417	0.17228	0.11586	0.02373	0.01138	0.45828	0.01513	0.04661	0.01527	0.01167	0.01425	0.04072	0.00477	0.00532	0.00160	0.00721	0.00529	0.01946	0.00642
1	0.01151	0.00897	0.00975	0.00875	0.01129	0.00975	0.00687	0.06795	0.46337	0.06125	0.02272	0.05143	0.11082	0.00773	0.00504	0.00161	0.00369	0.05103	0.04377	0.04269
2	0.01049	0.04095	0.15779	0.08526	0.19503	0.03171	0.03060	0.02534	0.03663	0.05851	0.14329	0.03196	0.10245	0.00666	0.00522	0.00152	0.02122	0.00572	0.00336	0.00627
3	0.52479	0.21287	0.06516	0.00778	0.01132	0.06358	0.00714	0.01493	0.00925	0.03693	0.00722	0.00827	0.00577	0.00449	0.00326	0.00137	0.00465	0.00277	0.00275	0.00571
4	0.01111	0.01312	0.12111	0.10009	0.19194	0.04003	0.16894	0.03977	0.01068	0.01495	0.02888	0.01314	0.02439	0.00562	0.00721	0.00164	0.17152	0.00469	0.02483	0.00637
5	0.00972	0.02507	0.80458	0.01381	0.02097	0.01125	0.01790	0.01535	0.01023	0.01535	0.00870	0.01023	0.00614	0.00460	0.00460	0.00153	0.00716	0.00358	0.00205	0.00716
6	0.02931	0.00637	0.05608	0.00688	0.00847	0.00512	0.02079	0.00880	0.01156	0.01577	0.31113	0.19438	0.23416	0.01122	0.00574	0.00169	0.00304	0.06039	0.00457	0.00453
7	0.01379	0.18000	0.14981	0.02555	0.07206	0.22923	0.01092	0.05137	0.03748	0.04717	0.02069	0.01068	0.00765	0.00585	0.01884	0.00152	0.10468	0.00366	0.00266	0.00637
8	0.00726	0.00519	0.00711	0.00693	0.00788	0.00529	0.03084	0.00904	0.02594	0.01394	0.16167	0.15663	0.05981	0.10382	0.24525	0.02617	0.00606	0.00761	0.10930	0.00426
9	0.01715	0.00851	0.01041	0.00828	0.01139	0.00817	0.00673	0.18928	0.01530	0.42023	0.09986	0.01965	0.06810	0.00676	0.00487	0.00147	0.00391	0.00549	0.08723	0.00722
10	0.09901	0.01042	0.03262	0.11191	0.12505	0.01097	0.06584	0.21066	0.07492	0.02031	0.01161	0.01339	0.00888	0.00624	0.03105	0.00166	0.00523	0.00440	0.14930	0.00654
11	0.01744	0.02200	0.01383	0.01251	0.01478	0.74035	0.00947	0.01868	0.01318	0.01184	0.00739	0.00890	0.00625	0.00530	0.00538	0.00133	0.08009	0.00322	0.00246	0.00559
12	0.04722	0.01305	0.04878	0.01904	0.02390	0.01190	0.69206	0.01531	0.01121	0.01579	0.00959	0.01263	0.00722	0.00409	0.00548	0.00158	0.00775	0.00540	0.00248	0.04552
13	0.00643	0.00485	0.00590	0.00600	0.00704	0.00443	0.00433	0.00822	0.02635	0.01571	0.37063	0.23599	0.23490	0.03901	0.00645	0.00177	0.00257	0.01028	0.00482	0.00429
14	0.56426	0.00866	0.00776	0.00681	0.00955	0.00958	0.00551	0.05006	0.03635	0.08392	0.14054	0.01480	0.03385	0.00585	0.00382	0.00151	0.00358	0.00420	0.00382	0.00556
15	0.01541	0.01038	0.01109	0.00886	0.01181	0.01126	0.00720	0.50056	0.01828	0.05236	0.01328	0.01394	0.00976	0.00577	0.00436	0.00135	0.00427	0.00443	0.28864	0.00700
16	0.00958	0.00891	0.01477	0.50949	0.21884	0.01028	0.01268	0.01273	0.02719	0.01336	0.01078	0.05451	0.02148	0.00703	0.04688	0.00191	0.00632	0.00495	0.00245	0.00585
17	0.00968	0.00556	0.00722	0.00657	0.00820	0.00501	0.00502	0.01164	0.01302	0.17459	0.48800	0.08835	0.11055	0.02364	0.00592	0.00163	0.00279	0.02216	0.00527	0.00519
18	0.00612	0.00465	0.00569	0.00631	0.00719	0.00421	0.00457	0.00736	0.01045	0.01345	0.10242	0.42121	0.28471	0.01357	0.00604	0.00185	0.00282	0.08871	0.00457	0.00410
19	0.01067	0.26291	0.57509	0.01219	0.01846	0.01359	0.01507	0.01510	0.01012	0.01418	0.00812	0.00951	0.00616	0.00447	0.00416	0.00139	0.00658	0.00329	0.00205	0.00688
20	0.01472	0.04015	0.01290	0.01087	0.04613	0.06928	0.03381	0.27951	0.12876	0.11647	0.03346	0.08547	0.04690	0.00731	0.00507	0.00156	0.00487	0.05130	0.00449	0.00698
21	0.00593	0.00424	0.00565	0.00673	0.00703	0.00395	0.00450	0.00682	0.00941	0.01257	0.04886	0.80380	0.03244	0.01503	0.00617	0.00196	0.00280	0.01363	0.00452	0.00395
22	0.00606	0.00446	0.00560	0.00644	0.00708	0.00409	0.00450	0.00712	0.00985	0.01290	0.04623	0.59164	0.18690	0.01419	0.00605	0.00189	0.00281	0.05601	0.02216	0.00402
23	0.19820	0.05461	0.01335	0.01303	0.19698	0.00997	0.03425	0.04898	0.02095	0.01759	0.00855	0.01019	0.00698	0.00415	0.00387	0.00115	0.00446	0.00334	0.00285	0.34656
24	0.00793	0.02230	0.00777	0.00718	0.00785	0.00648	0.00526	0.00899	0.00798	0.03891	0.01485	0.05021	0.03625	0.30001	0.35225	0.00529	0.07903	0.00609	0.03127	0.00410
25	0.04211	0.00885	0.01092	0.00866	0.01195	0.00856	0.00706	0.15849	0.06195	0.47273	0.11891	0.01808	0.01571	0.00646	0.00489	0.00149	0.00403	0.00525	0.02634	0.00756
26	0.03729	0.11730	0.05715	0.02314	0.01495	0.21950	0.03143	0.28399	0.07685	0.03567	0.01050	0.02363	0.00816	0.00537	0.00446	0.00136	0.00611	0.00397	0.00355	0.03560
27	0.01114	0.20410	0.04953	0.02196	0.01125	0.02141	0.00684	0.02463	0.01039	0.11004	0.01488	0.21741	0.02410	0.04913	0.00548	0.00149	0.00420	0.00618	0.00347	0.20234
28	0.01193	0.05657	0.48148	0.01297	0.02914	0.02534	0.06414	0.10809	0.02221	0.07530	0.04789	0.02349	0.00929	0.00523	0.00474	0.00151	0.00637	0.00428	0.00294	0.00711
29	0.01200	0.13589	0.03424	0.02239	0.01264	0.09867	0.05054	0.05058	0.20142	0.06546	0.11937	0.03360	0.11513	0.00707	0.00503	0.00148	0.01852	0.00578	0.00398	0.00621
30	0.00611	0.00459	0.00536	0.00579	0.00655	0.00417	0.00392	0.00701	0.00973	0.01246	0.07510	0.35987	0.29983	0.16565	0.00944	0.00234	0.00301	0.01099	0.00425	0.00384
31	0.01079	0.01822	0.41101	0.03586	0.07089	0.04917	0.15388	0.01522	0.02654	0.04564	0.03427	0.04160	0.02581	0.00527	0.00491	0.00153	0.00661	0.00473	0.00264	0.03542
32	0.03318	0.01013	0.01544	0.48771	0.17416	0.03949	0.03284	0.05426	0.02649	0.01443	0.00924	0.02622	0.00737	0.00515	0.00533	0.00159	0.04404	0.00444	0.00248	0.00602
33	0.00669	0.00467	0.00593	0.00629	0.00659	0.00473	0.00413	0.00738	0.00812	0.01101	0.03851	0.26891	0.02192	0.39988	0.16131	0.00430	0.00557	0.02703	0.00344	0.00357
34	0.00918	0.00646	0.00796	0.00749	0.00914	0.00635	0.02277	0.05413	0.08657	0.07466	0.14421	0.05011	0.19315	0.13074	0.00854	0.00218	0.00374	0.17308	0.00452	0.00501
35	0.01204	0.21491	0.25898	0.03421	0.07302	0.06852	0.07953	0.06322	0.06272	0.02701	0.01082	0.03860	0.02554	0.00521	0.00446	0.00142	0.00614	0.00425	0.00271	0.00670
36	0.01583	0.00912	0.03372	0.01012	0.07313	0.04144	0.00763	0.04694	0.03756	0.40441	0.15090	0.02077	0.07176	0.00698	0.00541	0.00152	0.03293	0.00573	0.01714	0.00697
37	0.00665	0.00457	0.00541	0.00573	0.00592	0.00444	0.00348	0.00702	0.00810	0.01076	0.04554	0.26679	0.05752	0.52659	0.01776	0.00365	0.00396	0.00923	0.00354	0.00334

[dist]
# distance from previous block
# <min> <max>
0	3

[block]
# block no. 4 follows, 52 sequences, length 31
# corresponding to MSA columns:
# 135-165
name=unknown_E
#
# <colnr> <probs for GDERKNQSTAVLIFYWHMCP>
#	G	D	E	R	K	N	Q	S	T	A	V	L	I	F	Y	W	H	M	C	P
0	0.03047	0.21843	0.09879	0.01141	0.01529	0.23722	0.05427	0.20866	0.02536	0.03133	0.02044	0.01028	0.00757	0.00500	0.00429	0.00132	0.00648	0.00364	0.00308	0.00669
1	0.00684	0.00488	0.00615	0.00682	0.00734	0.00473	0.00464	0.05168	0.00994	0.01322	0.03700	0.62472	0.04762	0.11899	0.00848	0.00228	0.00323	0.03303	0.00433	0.00408
2	0.00915	0.00861	0.01453	0.81804	0.03338	0.01077	0.01346	0.01238	0.00969	0.01238	0.00861	0.01292	0.00646	0.00484	0.00484	0.00161	0.00646	0.00431	0.00215	0.00538
3	0.00948	0.00836	0.01174	0.14423	0.09599	0.00751	0.03682	0.01187	0.01045	0.01528	0.08509	0.07066	0.02745	0.00546	0.00442	0.00116	0.00426	0.00482	0.00306	0.44191
4	0.00647	0.00486	0.00586	0.00628	0.00718	0.00448	0.00445	0.03159	0.01081	0.01411	0.14327	0.42430	0.24737	0.04037	0.00657	0.00189	0.00281	0.02855	0.00458	0.00419
5	0.01088	0.00618	0.00660	0.00592	0.00751	0.00633	0.00451	0.13381	0.01222	0.05880	0.04999	0.01903	0.01369	0.08143	0.00575	0.00154	0.00306	0.00493	0.56266	0.00515
6	0.02856	0.01228	0.01174	0.00978	0.01269	0.11269	0.00787	0.41008	0.09994	0.02377	0.01346	0.01554	0.01053	0.00618	0.00461	0.00144	0.00497	0.04828	0.15869	0.00691
7	0.01301	0.74167	0.07325	0.00885	0.01310	0.05849	0.00894	0.01481	0.01007	0.01167	0.00690	0.00798	0.00622	0.00422	0.00327	0.00108	0.00548	0.00268	0.00209	0.00625
8	0.01101	0.01135	0.03143	0.41032	0.07404	0.11839	0.03316	0.03011	0.05404	0.01404	0.01036	0.01302	0.02962	0.00494	0.00464	0.00142	0.00607	0.00419	0.00261	0.13526
9	0.00785	0.00551	0.00661	0.00704	0.05168	0.00559	0.00406	0.04217	0.00815	0.01105	0.01529	0.02911	0.03062	0.67793	0.05596	0.00437	0.00505	0.00669	0.02172	0.00356
10	0.06043	0.00868	0.01100	0.00857	0.01213	0.00806	0.00705	0.09851	0.03226	0.62700	0.01761	0.01572	0.01139	0.00590	0.00470	0.00148	0.00412	0.00471	0.05280	0.00788
11	0.06960	0.01307	0.01381	0.01076	0.01450	0.01455	0.00885	0.67799	0.08101	0.02921	0.01196	0.01190	0.00856	0.00580	0.00474	0.00147	0.00512	0.00434	0.00474	0.00801
12	0.00995	0.00960	0.01340	0.01166	0.01175	0.01317	0.00956	0.01101	0.00743	0.01145	0.00771	0.01303	0.00779	0.07068	0.10172	0.00291	0.67537	0.00455	0.00223	0.00503
13	0.00676	0.00495	0.00634	0.00599	0.00718	0.00453	0.00450	0.00896	0.01349	0.01889	0.73248	0.03710	0.11049	0.01011	0.00572	0.00153	0.00230	0.00889	0.00526	0.00453
14	0.00596	0.00439	0.00559	0.00640	0.00697	0.00402	0.00438	0.00699	0.00995	0.01311	0.09854	0.63490	0.15251	0.01426	0.00607	0.00188	0.00271	0.01278	0.00457	0.00402
15	0.01091	0.01867	0.36862	0.01726	0.02307	0.03852	0.42077	0.01557	0.01099	0.01532	0.00924	0.01168	0.00678	0.00434	0.00518	0.00158	0.00775	0.00469	0.00227	0.00678
16	0.03527	0.01210	0.01664	0.01949	0.36215	0.05782	0.05955	0.15230	0.11739	0.10081	0.01190	0.01299	0.00901	0.00509	0.00482	0.00148	0.00553	0.00452	0.00356	0.00758
17	0.00709	0.00495	0.00602	0.00654	0.00755	0.00465	0.00486	0.00889	0.03695	0.03257	0.06175	0.36745	0.20855	0.01253	0.00577	0.00180	0.00296	0.12318	0.09158	0.00436
18	0.00619	0.00466	0.00565	0.00604	0.00694	0.00422	0.00429	0.00748	0.01076	0.01410	0.20773	0.34480	0.26553	0.05591	0.00693	0.00192	0.00274	0.03542	0.00461	0.00409
19	0.01034	0.00963	0.09275	0.11182	0.11689	0.00862	0.01896	0.03031	0.06589	0.09148	0.10203	0.06682	0.10867	0.02505	0.01901	0.00180	0.05329	0.04365	0.01707	0.00593
20	0.00787	0.00721	0.04054	0.00783	0.00987	0.00639	0.07434	0.02887	0.09055	0.01725	0.37322	0.03344	0.24094	0.03269	0.00611	0.00167	0.00334	0.00821	0.00460	0.00507
21	0.05340	0.00794	0.00921	0.00755	0.01027	0.00788	0.00608	0.15647	0.03618	0.30927	0.05528	0.01678	0.01293	0.00600	0.00434	0.00138	0.00362	0.00478	0.28397	0.00669
22	0.01415	0.00779	0.00936	0.00798	0.01039	0.00787	0.00630	0.11975	0.10745	0.26965	0.03390	0.02104	0.03630	0.09387	0.07664	0.00237	0.00475	0.03990	0.12414	0.00640
23	0.01997	0.19739	0.08244	0.03257	0.14119	0.01145	0.05031	0.02957	0.03565	0.01416	0.04877	0.15201	0.05873	0.00821	0.02866	0.00172	0.07217	0.00611	0.00302	0.00590
24	0.00945	0.00883	0.01479	0.66594	0.14004	0.01057	0.01313	0.01246	0.00975	0.01272	0.00902	0.01373	0.00719	0.04628	0.00584	0.00175	0.00627	0.00445	0.00223	0.00558
25	0.29249	0.00923	0.00969	0.00803	0.01108	0.00982	0.00652	0.14732	0.08214	0.23981	0.03552	0.01405	0.01052	0.02365	0.03204	0.00177	0.00434	0.00426	0.05107	0.00667
26	0.01117	0.01096	0.00997	0.00958	0.02826	0.21529	0.02870	0.01484	0.15488	0.03939	0.11321	0.21497	0.05338	0.04253	0.02900	0.00189	0.00508	0.00749	0.00399	0.00541
27	0.08969	0.13582	0.13330	0.12647	0.15349	0.01134	0.02766	0.05750	0.01092	0.06821	0.01099	0.07242	0.00931	0.00600	0.01688	0.00155	0.00541	0.00459	0.05210	0.00637
28	0.06269	0.06716	0.03127	0.06356	0.11227	0.05954	0.00870	0.06373	0.06653	0.05344	0.10381	0.04002	0.06210	0.00708	0.01532	0.00159	0.10498	0.00522	0.03249	0.03851
29	0.01170	0.04721	0.11723	0.01192	0.10048	0.07993	0.02617	0.12635	0.06378	0.04362	0.06809	0.13820	0.03004	0.04872	0.00597	0.00168	0.00505	0.02401	0.01422	0.03562
30	0.04346	0.04989	0.03784	0.01334	0.06578	0.15743	0.15670	0.14786	0.10694	0.08400	0.04155	0.02340	0.02956	0.00559	0.00485	0.00147	0.00600	0.00481	0.00363	0.01593

[dist]
# distance from previous block
# <min> <max>
0	54

[block]
# block no. 5 follows, 52 sequences, length 52
# corresponding to MSA columns:
# 220-245,254-279
name=unknown_F
#
# <colnr> <probs for GDERKNQSTAVLIFYWHMCP>
#	G	D	E	R	K	N	Q	S	T	A	V	L	I	F	Y	W	H	M	C	P
0	0.01137	0.13686	0.33426	0.01242	0.05692	0.04278	0.04402	0.07080	0.01137	0.02997	0.05279	0.01200	0.00907	0.00611	0.03383	0.00161	0.03616	0.00393	0.00267	0.09107
1	0.02877	0.17500	0.25873	0.01136	0.05542	0.03210	0.01105	0.17064	0.01318	0.04280	0.07094	0.04558	0.05230	0.00601	0.00455	0.00143	0.00543	0.00473	0.00326	0.00670
2	0.00977	0.01321	0.21902	0.01246	0.04024	0.01099	0.06674	0.01282	0.05118	0.01378	0.04088	0.07879	0.02735	0.00801	0.00973	0.06023	0.28541	0.00527	0.00267	0.03144
3	0.01023	0.02879	0.04322	0.14997	0.15828	0.04968	0.03254	0.05217	0.01210	0.04920	0.20486	0.05770	0.09245	0.00810	0.02827	0.00171	0.00498	0.00633	0.00363	0.00579
4	0.01127	0.04648	0.21306	0.04367	0.15164	0.01947	0.17297	0.05891	0.01188	0.06062	0.08177	0.04242	0.05241	0.00580	0.00505	0.00153	0.00595	0.00539	0.00308	0.00663
5	0.01180	0.01162	0.05623	0.05587	0.18279	0.09988	0.02360	0.15306	0.03569	0.01681	0.04274	0.05802	0.05348	0.05393	0.10939	0.00248	0.01774	0.00543	0.00328	0.00617
6	0.00824	0.00519	0.00661	0.00645	0.00732	0.00571	0.00484	0.00988	0.00868	0.03320	0.01422	0.02019	0.01281	0.14473	0.34035	0.00448	0.04363	0.00518	0.31399	0.00432
7	0.05779	0.03319	0.01429	0.08783	0.12838	0.27144	0.04657	0.03862	0.05333	0.03789	0.01031	0.01403	0.00883	0.03132	0.05613	0.00198	0.06118	0.03810	0.00285	0.00597
8	0.03238	0.25901	0.26652	0.01482	0.13619	0.10001	0.08104	0.03114	0.01093	0.01436	0.00817	0.00984	0.00654	0.00444	0.00423	0.00135	0.00651	0.00354	0.00227	0.00672
9	0.00713	0.00504	0.00593	0.00593	0.00659	0.00495	0.00396	0.03075	0.01872	0.01166	0.04163	0.12274	0.19377	0.35787	0.08651	0.07701	0.00463	0.00806	0.00350	0.00362
10	0.00892	0.00613	0.00737	0.00679	0.00849	0.00594	0.00518	0.01280	0.14139	0.09360	0.43198	0.07067	0.16242	0.00963	0.00553	0.00158	0.00277	0.00833	0.00515	0.00533
11	0.00748	0.02138	0.02713	0.00840	0.03812	0.02891	0.03102	0.02729	0.04301	0.01367	0.04545	0.51180	0.13060	0.02246	0.00605	0.00185	0.00351	0.02306	0.00422	0.00462
12	0.01154	0.01110	0.01907	0.15192	0.66346	0.01141	0.03157	0.01450	0.01083	0.01529	0.00905	0.01216	0.00748	0.00439	0.00483	0.00147	0.00592	0.00435	0.00236	0.00729
13	0.00627	0.00476	0.00571	0.00599	0.00694	0.00433	0.00424	0.00779	0.02383	0.01449	0.24270	0.31983	0.26624	0.05577	0.00687	0.00189	0.00268	0.01084	0.00465	0.00417
14	0.11427	0.01092	0.01160	0.00921	0.01250	0.01185	0.00753	0.45950	0.04120	0.11830	0.01286	0.01299	0.00920	0.00568	0.00441	0.00142	0.00447	0.00428	0.14050	0.00729
15	0.01149	0.01129	0.01872	0.21545	0.55224	0.03751	0.05405	0.01446	0.01083	0.01487	0.00898	0.01216	0.00732	0.00445	0.00484	0.00148	0.00615	0.00435	0.00235	0.00701
16	0.00699	0.00491	0.00634	0.00634	0.00671	0.00527	0.00426	0.00773	0.00736	0.01018	0.01430	0.02636	0.01529	0.49447	0.35671	0.00600	0.00820	0.00626	0.00279	0.00352
17	0.00882	0.00540	0.00696	0.00713	0.00830	0.00510	0.00530	0.01063	0.04166	0.12574	0.09321	0.36586	0.09430	0.07070	0.02498	0.00218	0.00354	0.11078	0.00464	0.00477
18	0.00647	0.00479	0.00588	0.00645	0.00721	0.00447	0.00452	0.03249	0.01036	0.01353	0.08440	0.51084	0.19435	0.05598	0.00698	0.00200	0.00294	0.03772	0.00449	0.00412
19	0.01810	0.02310	0.01373	0.01248	0.01498	0.81024	0.00936	0.01935	0.01373	0.01186	0.00749	0.00874	0.00624	0.00499	0.00437	0.00125	0.00874	0.00312	0.00250	0.00562
20	0.01810	0.02310	0.01373	0.01248	0.01498	0.81024	0.00936	0.01935	0.01373	0.01186	0.00749	0.00874	0.00624	0.00499	0.00437	0.00125	0.00874	0.00312	0.00250	0.00562
21	0.00655	0.00485	0.00611	0.01780	0.00780	0.00460	0.00492	0.02909	0.01009	0.01312	0.02933	0.52171	0.16635	0.05475	0.00703	0.00206	0.00316	0.10216	0.00439	0.00412
22	0.00972	0.06008	0.72857	0.01325	0.01996	0.01134	0.01686	0.01496	0.01009	0.01496	0.00883	0.01058	0.00645	0.00623	0.04625	0.00184	0.00737	0.00362	0.00208	0.00697
23	0.01159	0.50807	0.31890	0.01036	0.01557	0.01587	0.01186	0.01469	0.00994	0.01289	0.00763	0.00897	0.00633	0.00509	0.02311	0.00139	0.00612	0.00303	0.00208	0.00653
24	0.00707	0.00477	0.00558	0.00563	0.00574	0.00484	0.00338	0.00729	0.00728	0.00975	0.01553	0.03172	0.01763	0.73564	0.08317	0.00483	0.00531	0.03877	0.00297	0.00311
25	0.00798	0.00533	0.00672	0.00643	0.00784	0.00490	0.00490	0.01022	0.03283	0.08131	0.46455	0.10671	0.17229	0.01061	0.00573	0.00163	0.00269	0.05743	0.00510	0.00480
26	0.00861	0.00502	0.00720	0.00749	0.03989	0.00520	0.00483	0.02571	0.00710	0.00960	0.00964	0.01706	0.00980	0.13388	0.05034	0.62299	0.02588	0.00467	0.00232	0.00278
27	0.01270	0.67840	0.14060	0.00923	0.01381	0.01783	0.00976	0.04687	0.01045	0.01279	0.00723	0.00830	0.00629	0.00428	0.00340	0.00113	0.00548	0.00281	0.00219	0.00644
28	0.06165	0.01175	0.03167	0.01072	0.03957	0.07345	0.02648	0.11438	0.40192	0.05412	0.01593	0.01588	0.03031	0.02651	0.00551	0.00161	0.02580	0.00490	0.00423	0.04362
29	0.00791	0.00627	0.00827	0.00786	0.00899	0.04526	0.03813	0.00966	0.00861	0.01232	0.01428	0.01983	0.03770	0.07673	0.55528	0.00593	0.01029	0.00530	0.11698	0.00442
30	0.17997	0.00882	0.01057	0.00835	0.01186	0.00848	0.00686	0.07963	0.03273	0.55308	0.03966	0.01513	0.01152	0.00583	0.00454	0.00150	0.00408	0.00454	0.00530	0.00755
31	0.01813	0.02227	0.01380	0.01237	0.01499	0.74083	0.00935	0.08603	0.01452	0.01349	0.00785	0.00899	0.00642	0.00507	0.00441	0.00127	0.00844	0.00323	0.00270	0.00585
32	0.01083	0.00992	0.01388	0.03186	0.01284	0.01328	0.00992	0.01209	0.00796	0.05278	0.00770	0.01160	0.00714	0.01022	0.07665	0.00246	0.65871	0.00429	0.00239	0.04349
33	0.00625	0.00486	0.00569	0.00571	0.00697	0.00430	0.00424	0.00786	0.01187	0.01552	0.33912	0.14187	0.38613	0.01174	0.00580	0.00165	0.00248	0.02885	0.00483	0.00427
34	0.00715	0.00493	0.00626	0.00678	0.00781	0.00452	0.00511	0.00855	0.01072	0.05455	0.10495	0.37465	0.20980	0.01317	0.00607	0.00188	0.00307	0.16103	0.00465	0.00436
35	0.00915	0.00861	0.01453	0.81804	0.03338	0.01077	0.01346	0.01238	0.00969	0.01238	0.00861	0.01292	0.00646	0.00484	0.00484	0.00161	0.00646	0.00431	0.00215	0.00538
36	0.01251	0.01046	0.01177	0.02724	0.01343	0.01186	0.03650	0.10108	0.61480	0.03126	0.04162	0.01766	0.01451	0.00644	0.00494	0.00161	0.00412	0.00542	0.02530	0.00748
37	0.01035	0.00575	0.00699	0.00623	0.00793	0.00544	0.00482	0.04883	0.01305	0.14222	0.38624	0.02694	0.05155	0.00792	0.00486	0.00140	0.00272	0.00674	0.25472	0.00529
38	0.00619	0.00463	0.00549	0.00588	0.00667	0.00422	0.00405	0.00722	0.01008	0.01308	0.13392	0.33910	0.26985	0.14562	0.00898	0.00225	0.00296	0.02155	0.00436	0.00391
39	0.00970	0.02912	0.29616	0.01326	0.11910	0.05020	0.04289	0.01279	0.01036	0.03701	0.01549	0.25365	0.03310	0.00801	0.00528	0.00163	0.01828	0.00698	0.03099	0.00600
40	0.01201	0.00829	0.00856	0.00783	0.03297	0.05175	0.00587	0.20320	0.03642	0.03925	0.10915	0.03103	0.01532	0.00632	0.00425	0.00131	0.00358	0.00510	0.41202	0.00577
41	0.00593	0.00426	0.00558	0.00662	0.00696	0.00396	0.00442	0.00677	0.00929	0.01232	0.02738	0.76891	0.06580	0.03844	0.00670	0.00203	0.00285	0.01342	0.00445	0.00391
42	0.22124	0.00931	0.01016	0.00829	0.01136	0.00968	0.00673	0.22658	0.01456	0.25641	0.09011	0.06387	0.01384	0.00651	0.00453	0.00151	0.00405	0.00510	0.02938	0.00680
43	0.73526	0.00968	0.00958	0.00835	0.02716	0.01087	0.08448	0.01427	0.00871	0.02078	0.00765	0.00983	0.00616	0.00471	0.00342	0.00153	0.00426	0.02491	0.00297	0.00541
44	0.06522	0.00606	0.00623	0.02968	0.00822	0.04651	0.00479	0.00845	0.01053	0.01384	0.09501	0.28476	0.33951	0.03103	0.00606	0.00179	0.00319	0.03060	0.00426	0.00426
45	0.00945	0.00872	0.03265	0.00821	0.01058	0.04053	0.02970	0.03568	0.10502	0.03087	0.12246	0.02553	0.23339	0.02983	0.01994	0.00166	0.08648	0.00647	0.00388	0.15895
46	0.01007	0.22442	0.10574	0.01058	0.07041	0.02779	0.04564	0.02661	0.06241	0.01482	0.13059	0.10241	0.06771	0.00871	0.04884	0.00178	0.00512	0.00595	0.00330	0.02710
47	0.01081	0.06174	0.13377	0.03343	0.16113	0.03229	0.04337	0.03303	0.05677	0.07025	0.01689	0.15440	0.08316	0.00770	0.01806	0.00161	0.00507	0.00629	0.00337	0.06685
48	0.05679	0.06126	0.01469	0.05296	0.24359	0.04926	0.00978	0.13127	0.03054	0.03501	0.01060	0.01221	0.02812	0.00497	0.00483	0.00131	0.04140	0.00398	0.02773	0.17971
49	0.12424	0.10389	0.12036	0.02487	0.06443	0.02181	0.00892	0.15628	0.05092	0.01879	0.09144	0.04090	0.08330	0.00643	0.00478	0.00145	0.02374	0.00504	0.00353	0.04489
50	0.04045	0.09602	0.15190	0.02345	0.10727	0.08087	0.02841	0.09642	0.03574	0.11878	0.03200	0.03344	0.05038	0.00727	0.04107	0.00176	0.04007	0.00467	0.00336	0.00666
51	0.04208	0.07010	0.03322	0.01662	0.26430	0.16056	0.06526	0.08465	0.03433	0.01535	0.01077	0.01484	0.02187	0.13657	0.00780	0.00192	0.00609	0.00457	0.00283	0.00625

[dist]
# distance from previous block
# <min> <max>
6	31

[block]
# block no. 6 follows, 52 sequences, length 46
# corresponding to MSA columns:
# 311-356
name=unknown_G
#
# <colnr> <probs for GDERKNQSTAVLIFYWHMCP>
#	G	D	E	R	K	N	Q	S	T	A	V	L	I	F	Y	W	H	M	C	P
0	0.00948	0.00809	0.01198	0.28783	0.08963	0.00893	0.02545	0.07751	0.04486	0.01531	0.08114	0.08153	0.04404	0.02818	0.09903	0.00237	0.00595	0.03274	0.00326	0.04269
1	0.03330	0.07943	0.13884	0.03984	0.06193	0.07514	0.04891	0.03835	0.12848	0.01590	0.04314	0.01707	0.06091	0.02297	0.00520	0.00148	0.01751	0.03775	0.00320	0.13066
2	0.00692	0.00521	0.00645	0.00625	0.00750	0.00488	0.00471	0.00952	0.05252	0.01778	0.55352	0.08501	0.16886	0.01059	0.00575	0.00161	0.00252	0.04073	0.00509	0.00461
3	0.01066	0.06084	0.01075	0.00801	0.02329	0.08026	0.00626	0.03926	0.01980	0.03068	0.06544	0.04407	0.10880	0.00589	0.00445	0.00108	0.01921	0.00471	0.00334	0.45320
4	0.02794	0.24212	0.22907	0.01539	0.13703	0.01338	0.16692	0.03469	0.01083	0.01491	0.02544	0.03033	0.00814	0.00471	0.00446	0.00140	0.00623	0.00419	0.00242	0.02041
5	0.02947	0.21738	0.42446	0.01210	0.04963	0.01263	0.02450	0.04869	0.01068	0.03053	0.00966	0.04586	0.00790	0.00567	0.01992	0.00153	0.00617	0.00395	0.03257	0.00668
6	0.00754	0.00515	0.00726	0.00714	0.00754	0.00580	0.00515	0.00788	0.00723	0.01014	0.01196	0.02034	0.01210	0.20986	0.38635	0.22083	0.05639	0.00531	0.00252	0.00351
7	0.01117	0.01061	0.05139	0.07470	0.32483	0.01066	0.02521	0.06283	0.11382	0.03182	0.05227	0.07299	0.04074	0.00664	0.00593	0.00161	0.06951	0.02326	0.00331	0.00671
8	0.02394	0.29787	0.31921	0.01264	0.07444	0.02662	0.04184	0.04899	0.01106	0.07055	0.00928	0.01101	0.00728	0.00475	0.00420	0.00136	0.00605	0.01949	0.00257	0.00687
9	0.00618	0.00470	0.00571	0.00620	0.00707	0.00430	0.00436	0.00772	0.03091	0.01401	0.16674	0.44875	0.24921	0.01322	0.00594	0.00179	0.00265	0.01169	0.00466	0.00419
10	0.00751	0.00499	0.00638	0.00675	0.00770	0.00469	0.00487	0.00934	0.04070	0.06494	0.18668	0.46125	0.09202	0.01261	0.00587	0.00180	0.00286	0.04750	0.02699	0.00454
11	0.01097	0.01053	0.02790	0.04254	0.41415	0.05874	0.02610	0.05397	0.02320	0.01572	0.06545	0.06201	0.07465	0.04603	0.02133	0.00179	0.00538	0.03001	0.00312	0.00641
12	0.01112	0.19754	0.36259	0.01397	0.07523	0.02582	0.11880	0.01545	0.04836	0.02985	0.01049	0.03741	0.02252	0.00502	0.00453	0.00145	0.00634	0.00427	0.00248	0.00677
13	0.00992	0.00686	0.00796	0.00733	0.00860	0.02376	0.00529	0.06482	0.10685	0.08398	0.01642	0.02413	0.04317	0.34826	0.21717	0.00441	0.00668	0.00604	0.00355	0.00482
14	0.11253	0.00750	0.00839	0.00696	0.00958	0.00736	0.00556	0.09013	0.03206	0.24413	0.04279	0.01615	0.01203	0.02346	0.00451	0.00138	0.00346	0.00449	0.29652	0.07101
15	0.03281	0.09759	0.13102	0.01718	0.21303	0.22601	0.11738	0.01600	0.02758	0.01425	0.00995	0.02683	0.02743	0.00501	0.00478	0.00142	0.01849	0.00422	0.00250	0.00650
16	0.00938	0.00875	0.01377	0.68300	0.05712	0.03564	0.01243	0.01229	0.00980	0.01263	0.00965	0.04840	0.00787	0.00554	0.00510	0.01791	0.00615	0.00469	0.03458	0.00531
17	0.00599	0.00442	0.00555	0.00631	0.00690	0.00404	0.00430	0.00699	0.00989	0.01298	0.09344	0.59321	0.17167	0.04189	0.00669	0.00196	0.00277	0.01249	0.00451	0.00398
18	0.00915	0.00970	0.10361	0.01047	0.01313	0.00810	0.13163	0.08078	0.06703	0.01606	0.06507	0.17956	0.10488	0.01950	0.05890	0.00218	0.00531	0.10559	0.00385	0.00551
19	0.01318	0.01132	0.02503	0.06046	0.10154	0.11837	0.06738	0.11694	0.07219	0.10421	0.05948	0.07388	0.01516	0.00741	0.00545	0.00163	0.01942	0.11665	0.00391	0.00637
20	0.00810	0.00449	0.00644	0.00645	0.00654	0.00459	0.00435	0.00661	0.00682	0.00909	0.01179	0.08162	0.04067	0.06978	0.01769	0.67175	0.03288	0.00539	0.00244	0.00249
21	0.01043	0.00901	0.01103	0.00795	0.01217	0.00719	0.03533	0.04188	0.01053	0.01626	0.00873	0.01024	0.00721	0.00380	0.00398	0.00081	0.02136	0.00307	0.00291	0.77612
22	0.01151	0.01306	0.02654	0.07167	0.02493	0.04286	0.67050	0.01531	0.01125	0.01502	0.00950	0.01279	0.00721	0.00435	0.00603	0.00164	0.04157	0.00547	0.00242	0.00637
23	0.00687	0.00462	0.00534	0.00552	0.00556	0.00458	0.00319	0.00700	0.00740	0.00987	0.01709	0.15825	0.01992	0.70002	0.02172	0.00426	0.00440	0.00812	0.00319	0.00310
24	0.06051	0.03956	0.06241	0.07740	0.10704	0.03934	0.03512	0.11482	0.01240	0.11700	0.03861	0.10568	0.02398	0.00669	0.01444	0.00151	0.00493	0.00535	0.03137	0.10184
25	0.01149	0.38260	0.38181	0.01182	0.01736	0.03414	0.07033	0.01509	0.01023	0.01352	0.00788	0.00932	0.00627	0.00437	0.00402	0.00131	0.00640	0.00329	0.00210	0.00666
26	0.00663	0.00458	0.00570	0.00625	0.00648	0.00450	0.00406	0.00720	0.00831	0.01108	0.02071	0.36196	0.02418	0.40394	0.04235	0.00349	0.00418	0.06721	0.00369	0.00351
27	0.22763	0.00946	0.00905	0.00733	0.01060	0.07229	0.00584	0.01507	0.04433	0.10787	0.01070	0.01155	0.00820	0.00461	0.00368	0.00114	0.00394	0.00339	0.11724	0.32607
28	0.00961	0.00898	0.01300	0.04325	0.06037	0.05781	0.12552	0.02518	0.07283	0.01318	0.01221	0.03411	0.01116	0.10156	0.31134	0.00428	0.08219	0.00535	0.00280	0.00526
29	0.01421	0.24464	0.07992	0.01294	0.03313	0.13089	0.18291	0.09747	0.07395	0.06999	0.01012	0.01119	0.00779	0.00479	0.00447	0.00137	0.00637	0.00405	0.00301	0.00677
30	0.01169	0.15298	0.46003	0.01355	0.04985	0.09320	0.05917	0.04316	0.04504	0.01514	0.00892	0.01031	0.00675	0.00466	0.00443	0.00143	0.00679	0.00364	0.00236	0.00690
31	0.00737	0.00599	0.00780	0.00845	0.03858	0.00642	0.00590	0.00947	0.07366	0.01329	0.04683	0.45782	0.10889	0.04692	0.00802	0.00202	0.10883	0.03508	0.00410	0.00457
32	0.01372	0.01152	0.01187	0.01019	0.01322	0.04072	0.00807	0.21196	0.54239	0.02231	0.01713	0.01657	0.01291	0.00637	0.00489	0.00157	0.00438	0.01752	0.00477	0.02794
33	0.01861	0.01327	0.01436	0.01101	0.01488	0.01458	0.00909	0.74063	0.02228	0.07392	0.01206	0.01191	0.00845	0.00583	0.00485	0.00146	0.00526	0.00439	0.00491	0.00824
34	0.55230	0.00942	0.00845	0.00726	0.01028	0.03693	0.00590	0.03040	0.04025	0.18568	0.06321	0.01208	0.00985	0.00530	0.00373	0.00150	0.00393	0.00367	0.00388	0.00599
35	0.00617	0.00436	0.00557	0.00643	0.00670	0.00413	0.00421	0.00687	0.00889	0.01180	0.02485	0.62617	0.04834	0.18627	0.01007	0.00254	0.00323	0.02548	0.00417	0.00374
36	0.00615	0.00446	0.00579	0.00664	0.00718	0.00415	0.00463	0.00725	0.00996	0.01323	0.10646	0.60384	0.10025	0.03403	0.00658	0.00198	0.00289	0.06597	0.00454	0.00403
37	0.09869	0.01271	0.02584	0.01862	0.02329	0.01222	0.67164	0.04619	0.01157	0.01676	0.00957	0.01248	0.00717	0.00420	0.00541	0.00161	0.00761	0.00535	0.00260	0.00647
38	0.01170	0.00918	0.00967	0.00827	0.01061	0.04275	0.00651	0.25425	0.12883	0.02193	0.27770	0.02487	0.10988	0.00796	0.00514	0.00150	0.00375	0.00660	0.05273	0.00616
39	0.00658	0.00474	0.00601	0.00654	0.00736	0.00440	0.00466	0.00810	0.02542	0.02936	0.17430	0.47434	0.15717	0.01362	0.01820	0.00192	0.00293	0.04544	0.00466	0.00426
40	0.00687	0.00453	0.00564	0.00635	0.00696	0.00434	0.00441	0.02307	0.00999	0.01426	0.05810	0.58002	0.04254	0.01272	0.00556	0.00176	0.00275	0.02602	0.17992	0.00418
41	0.00861	0.00752	0.01184	0.01289	0.15836	0.00784	0.08377	0.01161	0.07461	0.01389	0.05686	0.10101	0.07624	0.04944	0.28577	0.00389	0.02067	0.00659	0.00322	0.00537
42	0.03921	0.01039	0.01216	0.00950	0.01310	0.01060	0.00780	0.31952	0.08004	0.39022	0.01583	0.01458	0.01061	0.00593	0.00477	0.00148	0.00449	0.00466	0.03712	0.00799
43	0.00662	0.00451	0.00583	0.00658	0.00721	0.00413	0.00452	0.00763	0.00992	0.04723	0.06902	0.65751	0.12291	0.01416	0.00605	0.00189	0.00280	0.01271	0.00461	0.00418
44	0.04364	0.01177	0.03495	0.04351	0.43888	0.04524	0.02651	0.09834	0.02844	0.09977	0.01053	0.01249	0.00823	0.00615	0.03609	0.00173	0.03899	0.00433	0.00310	0.00730
45	0.03627	0.26221	0.01686	0.08151	0.14194	0.16015	0.00926	0.01509	0.02670	0.04874	0.11380	0.01355	0.01219	0.00528	0.00424	0.00129	0.00548	0.00411	0.00293	0.03840

[dist]
# distance from previous block
# <min> <max>
2	5

[block]
# block no. 7 follows, 52 sequences, length 15
# corresponding to MSA columns:
# 362-376
name=unknown_H
#
# <colnr> <probs for GDERKNQSTAVLIFYWHMCP>
#	G	D	E	R	K	N	Q	S	T	A	V	L	I	F	Y	W	H	M	C	P
0	0.01257	0.11755	0.12291	0.01651	0.24091	0.09225	0.05389	0.09359	0.06131	0.02865	0.01107	0.06251	0.00958	0.02739	0.02706	0.00170	0.00610	0.00472	0.00294	0.00678
1	0.00876	0.00768	0.05900	0.03272	0.01190	0.00671	0.09117	0.01182	0.08586	0.06922	0.02296	0.39977	0.05995	0.01119	0.00582	0.00185	0.00414	0.10008	0.00420	0.00519
2	0.03200	0.00806	0.00841	0.05839	0.02430	0.09126	0.00635	0.03830	0.11145	0.02472	0.05480	0.35626	0.06737	0.04780	0.00634	0.00186	0.00406	0.03465	0.01860	0.00501
3	0.02866	0.03450	0.08326	0.07142	0.45077	0.03580	0.03391	0.10375	0.01248	0.03750	0.05377	0.01308	0.00965	0.00492	0.00478	0.00146	0.00573	0.00445	0.00290	0.00722
4	0.02314	0.01243	0.07962	0.01394	0.14141	0.06625	0.03938	0.13215	0.08429	0.10560	0.02519	0.04879	0.03119	0.00631	0.00638	0.00155	0.11905	0.00493	0.00357	0.05483
5	0.00637	0.00477	0.00592	0.00635	0.00716	0.00457	0.00458	0.00751	0.00955	0.01242	0.05672	0.27998	0.24119	0.13126	0.13068	0.00315	0.00464	0.07519	0.00402	0.00397
6	0.15250	0.00591	0.00624	0.00617	0.00781	0.00582	0.00470	0.00977	0.03706	0.03982	0.10176	0.14748	0.33969	0.02617	0.05091	0.00207	0.00353	0.04377	0.00425	0.00457
7	0.01290	0.07661	0.08092	0.03929	0.44857	0.08731	0.09539	0.01599	0.02394	0.05931	0.00954	0.01171	0.00761	0.00451	0.00472	0.00143	0.00625	0.00421	0.00260	0.00719
8	0.01223	0.01134	0.01966	0.11122	0.56987	0.01148	0.10337	0.04247	0.01147	0.04588	0.00961	0.01238	0.00769	0.00446	0.00491	0.00148	0.00604	0.00450	0.00260	0.00734
9	0.00589	0.00463	0.00533	0.00576	0.00680	0.00407	0.00409	0.00705	0.01054	0.01332	0.10151	0.36691	0.42035	0.01328	0.00591	0.00176	0.00259	0.01157	0.00457	0.00407
10	0.00714	0.00540	0.00656	0.02076	0.00828	0.00533	0.00512	0.02232	0.09016	0.01450	0.09728	0.39971	0.15926	0.03708	0.00641	0.00190	0.00309	0.07448	0.03068	0.00453
11	0.01303	0.10686	0.09377	0.01407	0.14479	0.16370	0.03902	0.10138	0.12789	0.01659	0.02646	0.04414	0.02999	0.00616	0.00477	0.00148	0.00584	0.05015	0.00329	0.00663
12	0.03573	0.09106	0.39183	0.01338	0.07299	0.06097	0.06431	0.06459	0.02989	0.01639	0.07872	0.01383	0.03479	0.00535	0.00465	0.00147	0.00619	0.00438	0.00277	0.00668
13	0.03882	0.00786	0.00842	0.00732	0.00942	0.02665	0.00577	0.21576	0.01361	0.08099	0.02714	0.06283	0.04805	0.00963	0.08487	0.00200	0.00453	0.00532	0.33524	0.00577
14	0.00753	0.00653	0.05628	0.00786	0.05179	0.00567	0.01999	0.00835	0.00796	0.01079	0.01572	0.08668	0.01756	0.58994	0.04377	0.00403	0.00508	0.04772	0.00302	0.00373

[dist]
# distance from previous block
# <min> <max>
0	50

[block]
# block no. 8 follows, 52 sequences, length 9
# corresponding to MSA columns:
# 434-442
name=unknown_I
#
# <colnr> <probs for GDERKNQSTAVLIFYWHMCP>
#	G	D	E	R	K	N	Q	S	T	A	V	L	I	F	Y	W	H	M	C	P
0	0.01238	0.06300	0.06083	0.00905	0.01270	0.01007	0.00780	0.26927	0.01428	0.01993	0.01272	0.10869	0.01165	0.00642	0.00454	0.00128	0.00446	0.05394	0.00372	0.31326
1	0.01313	0.02990	0.02769	0.02812	0.18807	0.19765	0.08841	0.06970	0.03403	0.04090	0.01188	0.07409	0.02224	0.00565	0.00467	0.00137	0.00587	0.00486	0.05736	0.09444
2	0.04942	0.00923	0.09649	0.00747	0.00997	0.06696	0.00653	0.01184	0.01208	0.10096	0.27091	0.05721	0.23507	0.00887	0.00522	0.00152	0.00370	0.00742	0.00437	0.03478
3	0.00843	0.00721	0.06705	0.00675	0.00776	0.00629	0.00495	0.09600	0.00931	0.01256	0.01553	0.10947	0.01716	0.58960	0.01899	0.00381	0.00476	0.00717	0.00325	0.00396
4	0.01169	0.11693	0.09164	0.01055	0.02403	0.14509	0.07113	0.06965	0.03411	0.02742	0.01272	0.12635	0.01203	0.05888	0.06760	0.00215	0.03903	0.00554	0.06782	0.00565
