[name]
unknown

[dist]
# distance from previous block
# <min> <max>
1	61

[block]
# block no. 0 follows, 59 sequences, length 8
# corresponding to MSA columns:
# 220-227
name=unknown_A
#
# <colnr> <probs for GDERKNQSTAVLIFYWHMCP>
#	G	D	E	R	K	N	Q	S	T	A	V	L	I	F	Y	W	H	M	C	P
0	0.03998	0.03606	0.01045	0.15938	0.08134	0.08448	0.00758	0.05324	0.03770	0.11052	0.05900	0.11948	0.10015	0.02111	0.00505	0.00146	0.02413	0.00572	0.01933	0.02385
1	0.01026	0.00927	0.01081	0.14944	0.06842	0.12172	0.04483	0.08717	0.04427	0.04015	0.05297	0.09557	0.08851	0.03134	0.03120	0.02582	0.02568	0.00551	0.03632	0.02073
2	0.05097	0.04669	0.05126	0.07870	0.03496	0.07460	0.00710	0.09618	0.07646	0.06439	0.01650	0.12057	0.11086	0.02596	0.02224	0.00156	0.02121	0.00556	0.04700	0.04724
3	0.03337	0.02758	0.01028	0.08819	0.05499	0.05796	0.03309	0.12435	0.07558	0.06406	0.07472	0.15255	0.03385	0.05826	0.04163	0.00186	0.02177	0.00600	0.03464	0.00527
4	0.04804	0.02855	0.03807	0.12698	0.05786	0.05556	0.06053	0.10157	0.09103	0.04958	0.04556	0.08194	0.06288	0.02145	0.03379	0.02268	0.02170	0.00520	0.01901	0.02802
5	0.01035	0.03238	0.04155	0.05044	0.06157	0.07833	0.03969	0.11474	0.10013	0.03528	0.09459	0.06126	0.04797	0.04122	0.08315	0.02474	0.04822	0.00524	0.02383	0.00534
6	0.04494	0.03177	0.01062	0.10771	0.11591	0.05851	0.00762	0.05581	0.13759	0.05348	0.06744	0.03486	0.07262	0.07769	0.07526	0.00213	0.03235	0.00508	0.00324	0.00537
7	0.07279	0.02691	0.01128	0.08730	0.10463	0.02348	0.03950	0.11313	0.10540	0.09575	0.04130	0.03146	0.05295	0.03025	0.04293	0.03798	0.02544	0.00468	0.03009	0.02273

[dist]
# distance from previous block
# <min> <max>
0	1

[block]
# block no. 1 follows, 59 sequences, length 48
# corresponding to MSA columns:
# 229-276
name=unknown_B
#
# <colnr> <probs for GDERKNQSTAVLIFYWHMCP>
#	G	D	E	R	K	N	Q	S	T	A	V	L	I	F	Y	W	H	M	C	P
0	0.09509	0.02231	0.01212	0.20798	0.06000	0.04655	0.04870	0.15541	0.10449	0.02753	0.01101	0.05358	0.02047	0.03274	0.00507	0.00147	0.02375	0.00441	0.00307	0.06427
1	0.08815	0.00932	0.02416	0.08748	0.09847	0.03324	0.07856	0.12640	0.12863	0.05243	0.04132	0.06777	0.03307	0.02176	0.02369	0.00162	0.02929	0.01811	0.03075	0.00579
2	0.00958	0.00780	0.00955	0.03479	0.02399	0.06787	0.05164	0.08349	0.06503	0.05261	0.04677	0.10003	0.01379	0.16413	0.15158	0.03701	0.05497	0.01756	0.00314	0.00466
3	0.01191	0.03241	0.01066	0.00870	0.04880	0.03227	0.00662	0.16039	0.09562	0.10461	0.09093	0.02453	0.02218	0.00514	0.00424	0.00112	0.01793	0.00415	0.00365	0.31413
4	0.01307	0.19475	0.03382	0.04351	0.04109	0.17325	0.04217	0.18750	0.09291	0.01607	0.02074	0.01016	0.00758	0.00455	0.00391	0.00116	0.00529	0.00345	0.00293	0.10208
5	0.02237	0.04242	0.16198	0.04772	0.09134	0.00880	0.06485	0.07360	0.00948	0.04836	0.02285	0.03525	0.02490	0.22405	0.04720	0.00243	0.05972	0.00487	0.00267	0.00514
6	0.00604	0.00449	0.00563	0.00538	0.00648	0.00407	0.00402	0.00792	0.01196	0.01651	0.65686	0.05817	0.17701	0.00955	0.00522	0.00142	0.00212	0.00835	0.00471	0.00407
7	0.00916	0.00869	0.01473	0.57927	0.27893	0.01003	0.01267	0.01200	0.00922	0.01228	0.00799	0.01151	0.00624	0.00426	0.00440	0.00142	0.00569	0.00393	0.00203	0.00557
8	0.00545	0.00446	0.00481	0.00477	0.00612	0.00382	0.00356	0.00676	0.01053	0.01315	0.21008	0.07077	0.61874	0.01082	0.00523	0.00148	0.00222	0.00916	0.00427	0.00382
9	0.00626	0.00455	0.00610	0.00581	0.00681	0.00439	0.00439	0.00826	0.01161	0.01649	0.68294	0.03042	0.03664	0.01299	0.14029	0.00233	0.00369	0.00745	0.00445	0.00413
10	0.00886	0.02285	0.82190	0.01259	0.01912	0.01026	0.01632	0.01399	0.00932	0.01399	0.00793	0.00932	0.00559	0.00420	0.00420	0.00140	0.00653	0.00326	0.00186	0.00653
11	0.00625	0.00451	0.00590	0.00556	0.00660	0.00417	0.00417	0.00833	0.01250	0.01771	0.81490	0.03299	0.04167	0.00903	0.00521	0.00139	0.00208	0.00799	0.00486	0.00417
12	0.85491	0.00852	0.00658	0.00586	0.00861	0.00982	0.00483	0.01319	0.00764	0.03952	0.00643	0.00737	0.00493	0.00413	0.00278	0.00137	0.00342	0.00244	0.00280	0.00485
13	0.00952	0.00784	0.00920	0.00659	0.01049	0.00591	0.00528	0.01148	0.00928	0.04196	0.00818	0.00936	0.00669	0.00335	0.00331	0.00068	0.00329	0.00268	0.00271	0.84222
14	0.00834	0.00785	0.01325	0.83417	0.03042	0.00981	0.01227	0.01128	0.00883	0.01128	0.00785	0.01178	0.00589	0.00442	0.00442	0.00147	0.00589	0.00393	0.00196	0.00491
15	0.01181	0.84744	0.02314	0.00756	0.01134	0.01748	0.00756	0.01323	0.00897	0.01039	0.00614	0.00708	0.00567	0.00378	0.00283	0.00094	0.00472	0.00236	0.00189	0.00567
16	0.87598	0.00854	0.00649	0.00581	0.00854	0.00991	0.00478	0.01298	0.00752	0.01982	0.00615	0.00717	0.00478	0.00410	0.00273	0.00137	0.00342	0.00239	0.00273	0.00478
17	0.00538	0.00384	0.00512	0.00615	0.00641	0.00359	0.00410	0.00615	0.00846	0.01127	0.02434	0.84190	0.02921	0.01384	0.00564	0.00179	0.00256	0.01256	0.00410	0.00359
18	0.01042	0.01191	0.02606	0.01862	0.02308	0.01117	0.80119	0.01415	0.01042	0.01415	0.00894	0.01191	0.00670	0.00372	0.00521	0.00149	0.00745	0.00521	0.00223	0.00596
19	0.01650	0.02105	0.01252	0.01138	0.01365	0.82705	0.00853	0.01764	0.01252	0.01081	0.00683	0.00796	0.00569	0.00455	0.00398	0.00114	0.00796	0.00284	0.00228	0.00512
20	0.00858	0.02138	0.75761	0.01201	0.01810	0.00974	0.01533	0.01338	0.00932	0.01380	0.01005	0.04225	0.03949	0.00485	0.00429	0.00142	0.00620	0.00386	0.00204	0.00630
21	0.01130	0.00897	0.01191	0.07333	0.15803	0.00831	0.02116	0.12679	0.02394	0.07824	0.01009	0.01126	0.02559	0.00417	0.00391	0.00103	0.00414	0.00352	0.00303	0.41129
22	0.01109	0.01070	0.01506	0.01821	0.38500	0.07662	0.08086	0.05135	0.16743	0.01560	0.06676	0.02975	0.01137	0.00521	0.00471	0.00139	0.01750	0.02197	0.00301	0.00642
23	0.00784	0.00705	0.00809	0.00742	0.02355	0.07460	0.06126	0.04125	0.02268	0.01285	0.13336	0.10438	0.23699	0.18481	0.00896	0.00205	0.02829	0.00729	0.00351	0.02377
24	0.00598	0.00435	0.00563	0.00565	0.00652	0.00400	0.00411	0.00768	0.01136	0.01580	0.57705	0.23497	0.07971	0.01034	0.00532	0.00150	0.00221	0.00920	0.00463	0.00400
25	0.00976	0.00859	0.02768	0.00748	0.03063	0.00675	0.00594	0.06561	0.02873	0.01540	0.00829	0.00948	0.00676	0.00351	0.00343	0.00075	0.00351	0.00281	0.00276	0.75213
26	0.01250	0.00928	0.01013	0.00885	0.01152	0.01039	0.00696	0.04690	0.66493	0.13986	0.01767	0.01608	0.01292	0.00589	0.00448	0.00147	0.00358	0.00488	0.00464	0.00709
27	0.01298	0.28612	0.22130	0.01061	0.03968	0.07832	0.04018	0.11216	0.01133	0.11927	0.00884	0.00954	0.00665	0.00443	0.00403	0.00123	0.02100	0.00328	0.00272	0.00635
28	0.00760	0.00597	0.00692	0.00666	0.02621	0.00598	0.00493	0.01173	0.19474	0.04124	0.31698	0.03087	0.29035	0.00880	0.00517	0.00146	0.01767	0.00746	0.00443	0.00485
29	0.01093	0.01049	0.01793	0.02711	0.81723	0.01049	0.01355	0.01355	0.01006	0.01443	0.00831	0.01093	0.00700	0.00394	0.00437	0.00131	0.00525	0.00394	0.00219	0.00700
30	0.00567	0.00454	0.00508	0.00501	0.00630	0.00399	0.00373	0.00729	0.02505	0.01390	0.29553	0.08648	0.50068	0.01054	0.00523	0.00148	0.00223	0.00900	0.00436	0.00392
31	0.01046	0.10731	0.56068	0.01265	0.05540	0.02322	0.05201	0.06617	0.01032	0.04975	0.00838	0.00960	0.00608	0.00425	0.00413	0.00134	0.00611	0.00339	0.00223	0.00652
32	0.00582	0.00404	0.00505	0.00569	0.00586	0.00389	0.00362	0.00632	0.00772	0.01028	0.02033	0.51208	0.02408	0.33214	0.01210	0.00275	0.00326	0.02817	0.00355	0.00325
33	0.00526	0.00448	0.00453	0.00452	0.00599	0.00375	0.00339	0.00641	0.01016	0.01215	0.07395	0.04214	0.78609	0.01110	0.00522	0.00149	0.00223	0.00927	0.00413	0.00375
34	0.01403	0.20916	0.06495	0.01128	0.04544	0.44595	0.02606	0.03706	0.02923	0.01175	0.00713	0.00843	0.00599	0.00458	0.00450	0.00119	0.06253	0.00300	0.00224	0.00551
35	0.01014	0.00986	0.03643	0.28505	0.41136	0.01007	0.09816	0.01301	0.00976	0.03694	0.00891	0.01249	0.00721	0.00435	0.00452	0.00141	0.00565	0.02628	0.00226	0.00613
36	0.00537	0.00388	0.00509	0.00606	0.00638	0.00360	0.00406	0.00616	0.00855	0.01131	0.02549	0.79704	0.07334	0.01369	0.00561	0.00178	0.00254	0.01237	0.00410	0.00360
37	0.01665	0.01084	0.01212	0.00941	0.01275	0.01161	0.00773	0.56114	0.06006	0.19387	0.04880	0.01286	0.01009	0.00554	0.00446	0.00135	0.00443	0.00431	0.00466	0.00733
38	0.01248	0.07425	0.29539	0.03348	0.11142	0.01029	0.09320	0.05825	0.04258	0.19820	0.01062	0.01134	0.00752	0.00456	0.00445	0.00137	0.01702	0.00388	0.00301	0.00670
39	0.01410	0.00900	0.01022	0.00863	0.01148	0.00964	0.00687	0.08867	0.47461	0.26964	0.01780	0.01614	0.03098	0.00589	0.00449	0.00144	0.00366	0.00484	0.00478	0.00712
40	0.87598	0.00854	0.00649	0.00581	0.00854	0.00991	0.00478	0.01298	0.00752	0.01982	0.00615	0.00717	0.00478	0.00410	0.00273	0.00137	0.00342	0.00239	0.00273	0.00478
41	0.00542	0.00394	0.00504	0.00589	0.00627	0.00364	0.00394	0.00619	0.00852	0.01120	0.02604	0.70947	0.11551	0.05847	0.00650	0.00189	0.00262	0.01187	0.00402	0.00355
42	0.01024	0.00976	0.01664	0.24264	0.46204	0.01036	0.08106	0.03066	0.03479	0.01397	0.00869	0.01152	0.00696	0.00423	0.00459	0.00138	0.01815	0.00408	0.02199	0.00625
43	0.01310	0.09997	0.01258	0.00953	0.01227	0.13118	0.00768	0.19235	0.40767	0.01829	0.01306	0.01272	0.00994	0.00546	0.00458	0.00136	0.03369	0.00414	0.00379	0.00662
44	0.00538	0.00448	0.00470	0.00465	0.00607	0.00380	0.00348	0.00666	0.01045	0.01285	0.16734	0.04099	0.69227	0.01084	0.00522	0.00148	0.00221	0.00911	0.00422	0.00380
45	0.00886	0.02285	0.82190	0.01259	0.01912	0.01026	0.01632	0.01399	0.00932	0.01399	0.00793	0.00932	0.00559	0.00420	0.00420	0.00140	0.00653	0.00326	0.00186	0.00653
46	0.01163	0.00663	0.00825	0.00694	0.00903	0.00642	0.00548	0.12644	0.04406	0.23502	0.43793	0.02397	0.02680	0.00734	0.00482	0.00137	0.00299	0.00626	0.02297	0.00565
47	0.01277	0.00909	0.01004	0.00876	0.01144	0.01008	0.00689	0.02308	0.64814	0.18064	0.01786	0.01619	0.01297	0.00589	0.00448	0.00147	0.00355	0.00488	0.00469	0.00710

[dist]
# distance from previous block
# <min> <max>
0	12

[block]
# block no. 2 follows, 59 sequences, length 78
# corresponding to MSA columns:
# 289-332,334-367
name=unknown_C
#
# <colnr> <probs for GDERKNQSTAVLIFYWHMCP>
#	G	D	E	R	K	N	Q	S	T	A	V	L	I	F	Y	W	H	M	C	P
0	0.01679	0.01237	0.01325	0.01016	0.01370	0.01370	0.00839	0.80251	0.02077	0.02783	0.01060	0.01060	0.00751	0.00530	0.00442	0.00133	0.00486	0.00398	0.00442	0.00751
1	0.00637	0.00426	0.00483	0.00488	0.00489	0.00425	0.00274	0.00641	0.00652	0.00869	0.01441	0.06711	0.01668	0.80574	0.02169	0.00416	0.00420	0.00671	0.00274	0.00272
2	0.00625	0.00451	0.00590	0.00556	0.00660	0.00417	0.00417	0.00833	0.01250	0.01771	0.81490	0.03299	0.04167	0.00903	0.00521	0.00139	0.00208	0.00799	0.00486	0.00417
3	0.01678	0.01263	0.01323	0.01020	0.01370	0.03832	0.00840	0.77874	0.02052	0.02732	0.01049	0.01052	0.00746	0.00528	0.00441	0.00132	0.00495	0.00394	0.00435	0.00744
4	0.01064	0.00797	0.00942	0.00682	0.01067	0.00622	0.00548	0.03912	0.00995	0.10711	0.00904	0.00988	0.00708	0.00359	0.00344	0.00076	0.00338	0.00287	0.00300	0.74356
5	0.01080	0.01041	0.01793	0.06480	0.75851	0.01048	0.03507	0.01346	0.01001	0.01427	0.00830	0.01100	0.00694	0.00395	0.00440	0.00132	0.00534	0.00397	0.00218	0.00687
6	0.00767	0.00384	0.00575	0.00575	0.00575	0.00384	0.00384	0.00575	0.00575	0.00767	0.00767	0.01343	0.00767	0.01534	0.01726	0.87150	0.00384	0.00384	0.00192	0.00192
7	0.00604	0.00449	0.00563	0.00538	0.00648	0.00407	0.00402	0.00792	0.01196	0.01651	0.65610	0.05684	0.17912	0.00954	0.00522	0.00142	0.00212	0.00835	0.00471	0.00407
8	0.00940	0.00822	0.01038	0.00940	0.12265	0.00653	0.00639	0.01146	0.00928	0.01440	0.00791	0.00940	0.00660	0.00336	0.00342	0.00075	0.00355	0.00280	0.00256	0.75153
9	0.01042	0.01191	0.02606	0.01862	0.02308	0.01117	0.80119	0.01415	0.01042	0.01415	0.00894	0.01191	0.00670	0.00372	0.00521	0.00149	0.00745	0.00521	0.00223	0.00596
10	0.00704	0.00502	0.00700	0.00800	0.00897	0.00501	0.00692	0.00899	0.01003	0.01306	0.02324	0.07784	0.02537	0.02833	0.00640	0.00207	0.00402	0.74462	0.00404	0.00402
11	0.21807	0.00953	0.01106	0.00888	0.02740	0.00985	0.03560	0.27002	0.01393	0.33422	0.01212	0.01158	0.00817	0.00500	0.00406	0.00136	0.00419	0.00383	0.00431	0.00681
12	0.01181	0.84744	0.02314	0.00756	0.01134	0.01748	0.00756	0.01323	0.00897	0.01039	0.00614	0.00708	0.00567	0.00378	0.00283	0.00094	0.00472	0.00236	0.00189	0.00567
13	0.15048	0.01600	0.01184	0.01038	0.01250	0.45340	0.00812	0.11602	0.01179	0.01437	0.00702	0.00847	0.00580	0.00513	0.00567	0.00134	0.15069	0.00310	0.00256	0.00532
14	0.01435	0.00886	0.01173	0.02564	0.14170	0.01822	0.02007	0.13055	0.10389	0.30607	0.08172	0.02803	0.01266	0.00565	0.00466	0.00136	0.01825	0.01489	0.00424	0.04745
15	0.00965	0.11373	0.50916	0.02966	0.05462	0.02518	0.13579	0.01401	0.02627	0.01368	0.02338	0.01016	0.00669	0.00420	0.00423	0.00136	0.00627	0.00362	0.00206	0.00627
16	0.00621	0.00451	0.00585	0.00552	0.00657	0.00415	0.00414	0.00826	0.01241	0.01750	0.78639	0.03334	0.07032	0.00911	0.00521	0.00139	0.00209	0.00804	0.00483	0.00415
17	0.00622	0.00439	0.00581	0.00633	0.00677	0.00446	0.00455	0.00716	0.00794	0.01066	0.01867	0.28463	0.02108	0.26382	0.16731	0.00359	0.00514	0.16463	0.00334	0.00348
18	0.02791	0.01208	0.07712	0.12586	0.19542	0.05752	0.21050	0.11574	0.09157	0.02828	0.00965	0.01151	0.00733	0.00441	0.00454	0.00140	0.00585	0.00423	0.00273	0.00634
19	0.31578	0.01126	0.02359	0.06051	0.11997	0.12059	0.09930	0.07288	0.05086	0.06300	0.00876	0.01032	0.00674	0.00448	0.00388	0.00136	0.00506	0.01303	0.00287	0.00575
20	0.00527	0.00437	0.00462	0.00478	0.00605	0.00372	0.00350	0.00636	0.00987	0.01198	0.06235	0.17178	0.66703	0.01156	0.00529	0.00154	0.00229	0.00981	0.00412	0.00372
21	0.01119	0.04347	0.20293	0.05985	0.10371	0.14272	0.04216	0.05250	0.14197	0.02536	0.02580	0.01262	0.00877	0.00545	0.02143	0.00144	0.00568	0.02791	0.00277	0.06228
22	0.01041	0.00944	0.01562	0.15998	0.55805	0.00966	0.01206	0.01291	0.00981	0.04463	0.00999	0.03643	0.02972	0.00459	0.00454	0.00134	0.01705	0.00429	0.00240	0.04708
23	0.00930	0.02044	0.04169	0.14518	0.25921	0.03047	0.03345	0.03730	0.01055	0.03728	0.17416	0.06694	0.04643	0.00721	0.03640	0.00162	0.01603	0.00549	0.01537	0.00549
24	0.01056	0.07891	0.14128	0.02161	0.03987	0.00890	0.00809	0.10069	0.04175	0.04003	0.02553	0.01024	0.00756	0.00408	0.00385	0.00099	0.01625	0.00319	0.00281	0.43380
25	0.56700	0.08273	0.02700	0.01877	0.02179	0.14408	0.00630	0.04992	0.00923	0.02987	0.00673	0.00773	0.00529	0.00423	0.00313	0.00129	0.00447	0.00263	0.00267	0.00515
26	0.00585	0.00450	0.00535	0.00514	0.00636	0.00400	0.00386	0.00757	0.01157	0.01549	0.51892	0.03665	0.33904	0.00986	0.00521	0.00143	0.00214	0.00850	0.00457	0.00400
27	0.01523	0.08166	0.03565	0.07785	0.01481	0.15121	0.00876	0.47145	0.02711	0.04304	0.00961	0.01026	0.00711	0.00549	0.01990	0.00139	0.00559	0.00367	0.00357	0.00664
28	0.00639	0.00485	0.00725	0.00720	0.00797	0.00571	0.00562	0.00795	0.00709	0.01026	0.01169	0.01717	0.01092	0.03253	0.80815	0.00698	0.03124	0.00471	0.00236	0.00396
29	0.01068	0.00841	0.00971	0.00714	0.01087	0.00707	0.00574	0.12113	0.02984	0.05430	0.02983	0.01042	0.00796	0.00387	0.00356	0.00082	0.00349	0.00309	0.00310	0.66897
30	0.00741	0.00484	0.00632	0.00580	0.00705	0.00447	0.00440	0.00964	0.02606	0.08162	0.73787	0.03128	0.03875	0.00869	0.00514	0.00139	0.00224	0.00765	0.00490	0.00448
31	0.00538	0.00386	0.00510	0.00609	0.00639	0.00359	0.00407	0.00616	0.00851	0.01130	0.02503	0.81482	0.05585	0.01375	0.00562	0.00178	0.00255	0.01245	0.00410	0.00359
32	0.00750	0.00539	0.00659	0.00608	0.00749	0.00525	0.00462	0.01102	0.13007	0.05504	0.59314	0.03053	0.10286	0.00860	0.00507	0.00141	0.00238	0.00749	0.00477	0.00470
33	0.00916	0.00785	0.00916	0.00654	0.01047	0.00589	0.00523	0.01112	0.00916	0.01439	0.00785	0.00916	0.00654	0.00327	0.00327	0.00065	0.00327	0.00262	0.00262	0.87178
34	0.01650	0.02105	0.01252	0.01138	0.01365	0.82705	0.00853	0.01764	0.01252	0.01081	0.00683	0.00796	0.00569	0.00455	0.00398	0.00114	0.00796	0.00284	0.00228	0.00512
35	0.00728	0.00469	0.00611	0.00658	0.00743	0.00446	0.00479	0.00899	0.05240	0.08837	0.07078	0.55548	0.05572	0.01207	0.00547	0.00173	0.00285	0.09627	0.00429	0.00423
36	0.01060	0.01051	0.03435	0.07891	0.71228	0.01034	0.03491	0.01330	0.00997	0.01416	0.00897	0.01157	0.02196	0.00410	0.00441	0.00133	0.00532	0.00406	0.00220	0.00676
37	0.87598	0.00854	0.00649	0.00581	0.00854	0.00991	0.00478	0.01298	0.00752	0.01982	0.00615	0.00717	0.00478	0.00410	0.00273	0.00137	0.00342	0.00239	0.00273	0.00478
38	0.00661	0.00444	0.00576	0.00625	0.00677	0.00438	0.00429	0.00785	0.03893	0.04901	0.02050	0.51571	0.02330	0.16576	0.09797	0.00280	0.00401	0.02816	0.00373	0.00379
39	0.02285	0.07540	0.48385	0.05084	0.06599	0.03223	0.02212	0.01354	0.02445	0.04301	0.00931	0.05890	0.00761	0.00583	0.02956	0.00158	0.04064	0.00396	0.00225	0.00607
40	0.05741	0.09399	0.05123	0.02714	0.03503	0.09562	0.04194	0.23863	0.09571	0.16530	0.01271	0.01263	0.04276	0.00519	0.00420	0.00132	0.00486	0.00406	0.00372	0.00655
41	0.01982	0.00752	0.01025	0.00786	0.01127	0.00649	0.00649	0.02152	0.01264	0.82029	0.01742	0.01503	0.01093	0.00547	0.00444	0.00137	0.00376	0.00444	0.00547	0.00752
42	0.00633	0.00511	0.00706	0.00817	0.08440	0.00475	0.02583	0.00779	0.00987	0.01294	0.13430	0.30751	0.24945	0.01103	0.00539	0.00163	0.00298	0.10734	0.00397	0.00415
43	0.01226	0.03638	0.22576	0.05408	0.21203	0.03140	0.10472	0.06091	0.02680	0.16267	0.01043	0.02527	0.00773	0.00458	0.00441	0.00137	0.00555	0.00410	0.00290	0.00664
44	0.01248	0.00650	0.00826	0.00703	0.00905	0.00637	0.00557	0.05660	0.05114	0.31643	0.21566	0.08091	0.03108	0.00717	0.00515	0.00140	0.05203	0.00592	0.11552	0.00572
45	0.63709	0.07671	0.00909	0.00732	0.02326	0.15934	0.00583	0.01386	0.00858	0.01735	0.00631	0.00737	0.00505	0.00415	0.00300	0.00129	0.00438	0.00250	0.00257	0.00495
46	0.01214	0.00607	0.00787	0.00665	0.00881	0.00552	0.00525	0.01463	0.06003	0.35332	0.38151	0.02513	0.07929	0.00750	0.00485	0.00139	0.00288	0.00641	0.00504	0.00571
47	0.01007	0.02584	0.20864	0.09996	0.40600	0.01034	0.08173	0.01381	0.04515	0.01418	0.00883	0.01109	0.00694	0.00416	0.00435	0.00136	0.00561	0.00391	0.03157	0.00647
48	0.00879	0.02237	0.80076	0.01241	0.01879	0.01010	0.01600	0.01384	0.00941	0.01408	0.02883	0.00994	0.00653	0.00432	0.00422	0.00140	0.00641	0.00339	0.00194	0.00647
49	0.00569	0.00449	0.00513	0.00497	0.00626	0.00393	0.00373	0.00725	0.01118	0.01458	0.39795	0.03814	0.46058	0.01020	0.00521	0.00144	0.00217	0.00871	0.00445	0.00393
50	0.01825	0.00718	0.00971	0.00756	0.01072	0.00621	0.00620	0.01996	0.01253	0.72974	0.07761	0.01742	0.04411	0.00595	0.00453	0.00137	0.00358	0.00489	0.00537	0.00712
51	0.00589	0.00444	0.00544	0.00532	0.00641	0.00399	0.00394	0.00758	0.01146	0.01552	0.52975	0.11161	0.25235	0.01007	0.00525	0.00146	0.00217	0.00878	0.00458	0.00399
52	0.03582	0.00444	0.00490	0.00486	0.00507	0.00444	0.00284	0.00671	0.00686	0.00945	0.04586	0.02896	0.05422	0.74504	0.02034	0.00394	0.00407	0.00648	0.00283	0.00285
53	0.47457	0.00804	0.00785	0.00660	0.00949	0.00839	0.00535	0.01519	0.05942	0.21331	0.02163	0.04164	0.00844	0.00489	0.00346	0.00131	0.00344	0.00354	0.00358	0.09984
54	0.05182	0.00878	0.01084	0.00836	0.01177	0.00846	0.00690	0.21348	0.02597	0.58286	0.01532	0.01366	0.00989	0.00538	0.00437	0.00136	0.00401	0.00426	0.00509	0.00740
55	0.11169	0.00735	0.00944	0.00742	0.01055	0.00665	0.00609	0.01938	0.01207	0.65904	0.08990	0.01584	0.01311	0.00565	0.00433	0.00137	0.00357	0.00455	0.00511	0.00691
56	0.01657	0.01226	0.01313	0.01012	0.01361	0.01359	0.00834	0.77259	0.05105	0.02748	0.01089	0.01083	0.00774	0.00533	0.00442	0.00133	0.00481	0.00402	0.00442	0.00749
57	0.00920	0.11753	0.73018	0.01201	0.01822	0.01109	0.01531	0.01390	0.00928	0.01357	0.00772	0.00907	0.00560	0.00415	0.00404	0.00135	0.00632	0.00316	0.00187	0.00643
58	0.26943	0.00931	0.00965	0.00802	0.01100	0.01015	0.00650	0.17071	0.23568	0.20624	0.01293	0.01226	0.00917	0.00518	0.00395	0.00140	0.00380	0.00390	0.00418	0.00656
59	0.00642	0.00428	0.00482	0.00482	0.00482	0.00428	0.00268	0.00642	0.00642	0.00856	0.01392	0.02890	0.01606	0.84478	0.02248	0.00428	0.00428	0.00642	0.00268	0.00268
60	0.01574	0.01190	0.01251	0.00990	0.01319	0.03504	0.00807	0.60574	0.17394	0.04954	0.01214	0.01181	0.00873	0.00542	0.00442	0.00136	0.00465	0.00416	0.00441	0.00734
61	0.00920	0.00893	0.01611	0.22669	0.24204	0.00939	0.19235	0.01186	0.00957	0.01300	0.01130	0.08901	0.01058	0.00594	0.00528	0.00154	0.03838	0.09081	0.00251	0.00552
62	0.01167	0.00990	0.01651	0.10099	0.64124	0.00999	0.01255	0.01437	0.02251	0.10342	0.00942	0.01155	0.00743	0.00418	0.00439	0.00134	0.00512	0.00401	0.00256	0.00686
63	0.01650	0.02105	0.01252	0.01138	0.01365	0.82705	0.00853	0.01764	0.01252	0.01081	0.00683	0.00796	0.00569	0.00455	0.00398	0.00114	0.00796	0.00284	0.00228	0.00512
64	0.00702	0.00577	0.00630	0.00612	0.00760	0.00579	0.00456	0.01132	0.23121	0.01429	0.13486	0.15124	0.34865	0.03809	0.00566	0.00162	0.00268	0.00833	0.00426	0.00463
65	0.03403	0.02079	0.01239	0.01126	0.01355	0.81039	0.00846	0.01754	0.01241	0.01099	0.00681	0.00795	0.00567	0.00454	0.00396	0.00114	0.00787	0.00284	0.00228	0.00511
66	0.03489	0.00448	0.00448	0.00436	0.00553	0.00453	0.00331	0.02629	0.00950	0.03178	0.01414	0.01604	0.01104	0.00512	0.00313	0.00105	0.00219	0.00407	0.80981	0.00427
67	0.01560	0.01178	0.01258	0.00992	0.01324	0.01314	0.00811	0.64274	0.18247	0.02592	0.01212	0.01181	0.00874	0.00544	0.00443	0.00136	0.00458	0.00418	0.00443	0.00740
68	0.00748	0.00510	0.00581	0.00539	0.00704	0.00455	0.00413	0.00953	0.05386	0.10664	0.24456	0.03543	0.47472	0.00968	0.00509	0.00145	0.00244	0.00817	0.00448	0.00445
69	0.01325	0.10842	0.31645	0.01165	0.06376	0.00998	0.07316	0.04569	0.01096	0.27559	0.02213	0.01160	0.00807	0.00462	0.00424	0.00134	0.00530	0.00383	0.00322	0.00674
70	0.00940	0.08415	0.66800	0.01300	0.04055	0.02754	0.06954	0.01400	0.00946	0.01367	0.00785	0.00935	0.00572	0.00413	0.00416	0.00136	0.00645	0.00334	0.00191	0.00641
71	0.23690	0.01085	0.01092	0.00867	0.01184	0.02730	0.00712	0.49622	0.01622	0.07538	0.03425	0.01074	0.00810	0.00510	0.00398	0.00133	0.00434	0.00370	0.02042	0.00660
72	0.00607	0.00500	0.00571	0.00597	0.00695	0.03577	0.01418	0.00730	0.00995	0.01270	0.16287	0.35349	0.28846	0.01157	0.00539	0.00161	0.00273	0.05630	0.00413	0.00385
73	0.01191	0.05463	0.26115	0.09390	0.18786	0.13392	0.05883	0.02714	0.01957	0.09669	0.00895	0.01043	0.00667	0.00434	0.00425	0.00133	0.00604	0.00363	0.00247	0.00631
74	0.00951	0.00978	0.01282	0.62488	0.05992	0.13452	0.01122	0.01206	0.00952	0.01138	0.00989	0.01297	0.05374	0.00482	0.00440	0.00142	0.00596	0.00408	0.00215	0.00496
75	0.00677	0.00456	0.00517	0.00508	0.00574	0.00433	0.00332	0.00759	0.02203	0.04269	0.08652	0.06024	0.20152	0.47086	0.01468	0.00303	0.00348	0.02207	0.02693	0.00340
76	0.03447	0.01073	0.04181	0.21276	0.36112	0.02819	0.10019	0.10030	0.02623	0.02896	0.00876	0.01116	0.00682	0.00427	0.00443	0.00138	0.00559	0.00402	0.00249	0.00634
77	0.01075	0.16450	0.19263	0.00967	0.04323	0.02400	0.02949	0.07588	0.05739	0.08416	0.06841	0.09559	0.02766	0.00588	0.00422	0.00129	0.00454	0.01679	0.00314	0.08078

[dist]
# distance from previous block
# <min> <max>
0	3

[block]
# block no. 3 follows, 59 sequences, length 6
# corresponding to MSA columns:
# 371-376
name=unknown_D
#
# <colnr> <probs for GDERKNQSTAVLIFYWHMCP>
#	G	D	E	R	K	N	Q	S	T	A	V	L	I	F	Y	W	H	M	C	P
0	0.00590	0.00444	0.00546	0.00534	0.00642	0.00400	0.00396	0.00761	0.01148	0.01560	0.54023	0.11784	0.23540	0.01006	0.00526	0.00146	0.00217	0.00879	0.00459	0.00400
1	0.00952	0.00637	0.00864	0.00757	0.00951	0.00614	0.06702	0.01303	0.14163	0.15828	0.20895	0.13602	0.15267	0.00864	0.00506	0.00151	0.00322	0.04657	0.00444	0.00521
2	0.03834	0.12785	0.25417	0.08837	0.11180	0.05763	0.01077	0.04576	0.05549	0.03575	0.10329	0.01340	0.02900	0.00505	0.00417	0.00132	0.00512	0.00408	0.00271	0.00593
3	0.01026	0.01076	0.18741	0.01157	0.10756	0.00772	0.09542	0.01354	0.05463	0.15171	0.11467	0.05865	0.10501	0.02778	0.00520	0.00151	0.00451	0.02278	0.00350	0.00582
4	0.01743	0.00796	0.00995	0.00783	0.01093	0.00756	0.00641	0.13294	0.06808	0.55779	0.01613	0.01466	0.01066	0.00544	0.00428	0.00133	0.00370	0.00437	0.10545	0.00709
5	0.07203	0.00818	0.01303	0.05622	0.30191	0.00819	0.08637	0.01214	0.00985	0.09546	0.05093	0.15744	0.07206	0.00668	0.00495	0.00146	0.02823	0.00606	0.00313	0.00567

[dist]
# distance from previous block
# <min> <max>
0	2

[block]
# block no. 4 follows, 59 sequences, length 55
# corresponding to MSA columns:
# 379,380,382-434
name=unknown_E
#
# <colnr> <probs for GDERKNQSTAVLIFYWHMCP>
#	G	D	E	R	K	N	Q	S	T	A	V	L	I	F	Y	W	H	M	C	P
0	0.02742	0.09674	0.12083	0.10154	0.29642	0.07133	0.02425	0.04521	0.02104	0.07533	0.02012	0.01072	0.00729	0.00428	0.00410	0.00126	0.00531	0.00363	0.00254	0.06063
1	0.06624	0.10772	0.05413	0.06464	0.11099	0.11834	0.04113	0.04162	0.00958	0.07752	0.00776	0.00981	0.00635	0.00537	0.00716	0.00147	0.25851	0.00355	0.00244	0.00567
2	0.36662	0.14083	0.02520	0.04350	0.07289	0.17252	0.02619	0.01470	0.02489	0.06576	0.00755	0.00861	0.00592	0.00425	0.00341	0.00126	0.00493	0.00292	0.00262	0.00543
3	0.00581	0.00456	0.00536	0.00548	0.00667	0.00399	0.00405	0.00712	0.01002	0.01303	0.17484	0.25751	0.36271	0.01108	0.00526	0.00154	0.00247	0.05614	0.00414	0.05822
4	0.00972	0.00925	0.01573	0.40583	0.44801	0.01017	0.01295	0.01249	0.00948	0.01295	0.00809	0.01133	0.00648	0.00416	0.00439	0.00139	0.00555	0.00393	0.00208	0.00602
5	0.00676	0.00479	0.00605	0.00570	0.00690	0.00446	0.00431	0.00910	0.04282	0.04295	0.64860	0.05136	0.11996	0.00918	0.00518	0.00142	0.00225	0.01913	0.00476	0.00432
6	0.00834	0.00785	0.01325	0.83417	0.03042	0.00981	0.01227	0.01128	0.00883	0.01128	0.00785	0.01178	0.00589	0.00442	0.00442	0.00147	0.00589	0.00393	0.00196	0.00491
7	0.72941	0.00837	0.00713	0.00616	0.00901	0.00932	0.00508	0.01445	0.00839	0.15685	0.00808	0.00852	0.00584	0.00433	0.00303	0.00137	0.00348	0.00274	0.00320	0.00525
8	0.00686	0.00483	0.00711	0.00698	0.00790	0.00543	0.00543	0.00849	0.00784	0.04431	0.08845	0.01874	0.01395	0.02969	0.71520	0.00632	0.01057	0.00503	0.00273	0.00411
9	0.00590	0.00443	0.00546	0.00535	0.00642	0.00400	0.00396	0.00761	0.01147	0.01559	0.53887	0.11941	0.23521	0.01007	0.00526	0.00146	0.00217	0.00880	0.00459	0.00400
10	0.01688	0.01223	0.01317	0.01009	0.01362	0.01348	0.00834	0.77941	0.02053	0.05127	0.01081	0.01073	0.00761	0.00531	0.00442	0.00133	0.00483	0.00399	0.00445	0.00751
11	0.00872	0.00507	0.00516	0.00498	0.00627	0.00534	0.00378	0.01264	0.15176	0.01682	0.01504	0.01647	0.01171	0.00530	0.00334	0.00111	0.00231	0.00427	0.71526	0.00463
12	0.00723	0.00476	0.00574	0.00534	0.00675	0.00423	0.00406	0.00894	0.01154	0.08972	0.44280	0.03393	0.30439	0.00928	0.00505	0.00141	0.00229	0.00796	0.04025	0.00432
13	0.00797	0.00474	0.00585	0.00547	0.00679	0.00433	0.00414	0.00978	0.01134	0.10988	0.42143	0.08788	0.13858	0.00859	0.00479	0.00137	0.00233	0.00742	0.15288	0.00445
14	0.77196	0.03274	0.00732	0.00605	0.00887	0.00981	0.00502	0.01378	0.00803	0.09341	0.00719	0.00790	0.00538	0.00422	0.00289	0.00135	0.00349	0.00258	0.00296	0.00506
15	0.00823	0.00412	0.00412	0.00412	0.00515	0.00412	0.00309	0.01029	0.00926	0.01647	0.01441	0.01647	0.01132	0.00515	0.00309	0.00103	0.00206	0.00412	0.86930	0.00412
16	0.00916	0.00785	0.00916	0.00654	0.01047	0.00589	0.00523	0.01112	0.00916	0.01439	0.00785	0.00916	0.00654	0.00327	0.00327	0.00065	0.00327	0.00262	0.00262	0.87178
17	0.00631	0.00473	0.00710	0.00710	0.00789	0.00552	0.00552	0.00789	0.00710	0.01025	0.01183	0.01735	0.01104	0.03312	0.82728	0.00710	0.01183	0.00473	0.00237	0.00394
18	0.00989	0.27609	0.51537	0.01150	0.01702	0.01255	0.07320	0.01376	0.00930	0.01289	0.00745	0.00883	0.00570	0.00403	0.00385	0.00127	0.00604	0.00313	0.00190	0.00622
19	0.87598	0.00854	0.00649	0.00581	0.00854	0.00991	0.00478	0.01298	0.00752	0.01982	0.00615	0.00717	0.00478	0.00410	0.00273	0.00137	0.00342	0.00239	0.00273	0.00478
20	0.02475	0.04974	0.14252	0.01233	0.15263	0.04575	0.04827	0.03153	0.01013	0.13868	0.00965	0.01100	0.00739	0.00630	0.06480	0.00159	0.01753	0.00356	0.00281	0.21905
21	0.00623	0.00505	0.00560	0.00536	0.00681	0.00470	0.00405	0.00897	0.10044	0.01472	0.31544	0.03621	0.45064	0.00984	0.00513	0.00146	0.00232	0.00836	0.00442	0.00425
22	0.01276	0.07751	0.05065	0.03962	0.32136	0.05101	0.07268	0.10068	0.01129	0.12212	0.00934	0.01089	0.00719	0.00459	0.00506	0.00134	0.06939	0.00387	0.00282	0.02583
23	0.01013	0.00770	0.00910	0.00664	0.01033	0.00597	0.00528	0.01217	0.02346	0.09374	0.00922	0.01068	0.00749	0.03818	0.00420	0.00089	0.00336	0.00300	0.00293	0.73551
24	0.01361	0.02404	0.04852	0.01400	0.21855	0.02185	0.03771	0.25375	0.07926	0.14591	0.03865	0.04904	0.02384	0.00548	0.00450	0.00137	0.00465	0.00469	0.00375	0.00683
25	0.04640	0.05809	0.02247	0.06130	0.06111	0.06363	0.06747	0.04067	0.02919	0.25631	0.14060	0.03217	0.07797	0.00620	0.00452	0.00137	0.00426	0.01649	0.00392	0.00586
26	0.00661	0.00501	0.00615	0.00578	0.00701	0.00480	0.00436	0.00962	0.09179	0.01713	0.64706	0.03243	0.12753	0.00897	0.00514	0.00141	0.00224	0.00784	0.00474	0.00440
27	0.01681	0.00749	0.00968	0.00776	0.01075	0.00694	0.00629	0.03244	0.12612	0.59521	0.08389	0.03139	0.03234	0.00611	0.00455	0.00140	0.00355	0.00505	0.00521	0.00701
28	0.01085	0.01209	0.07665	0.14210	0.34725	0.12804	0.01161	0.02648	0.02532	0.01312	0.00834	0.01128	0.00698	0.00600	0.04342	0.00164	0.08642	0.01455	0.00224	0.02561
29	0.00616	0.00445	0.00549	0.00560	0.00663	0.00401	0.00414	0.00763	0.01070	0.03569	0.33935	0.23384	0.25622	0.01089	0.00534	0.00155	0.00240	0.05149	0.00443	0.00399
30	0.01552	0.00781	0.00962	0.00782	0.01065	0.00764	0.00630	0.09155	0.17145	0.44815	0.11444	0.01719	0.01491	0.00598	0.00447	0.00137	0.00351	0.00493	0.04985	0.00683
31	0.07591	0.06424	0.35903	0.04163	0.07451	0.03486	0.02266	0.07586	0.02883	0.11292	0.03483	0.01158	0.02090	0.00516	0.01730	0.00144	0.00547	0.00374	0.00281	0.00632
32	0.01376	0.00987	0.07331	0.02209	0.07660	0.03061	0.11846	0.07812	0.05866	0.31229	0.04341	0.04020	0.03684	0.05842	0.00574	0.00158	0.00470	0.00501	0.00393	0.00639
33	0.00585	0.00414	0.00559	0.00657	0.00699	0.00395	0.00476	0.00683	0.00874	0.01158	0.02353	0.62571	0.02758	0.02925	0.00634	0.02258	0.00297	0.18939	0.00401	0.00364
34	0.00603	0.03630	0.00638	0.01964	0.00716	0.00481	0.00456	0.00691	0.00815	0.01088	0.02105	0.55015	0.05190	0.09971	0.10727	0.00265	0.02541	0.02379	0.00357	0.00368
35	0.01248	0.24899	0.18335	0.04591	0.08007	0.07157	0.08680	0.11143	0.02329	0.08332	0.00876	0.00983	0.00666	0.00432	0.00397	0.00125	0.00560	0.00346	0.00263	0.00631
36	0.00804	0.00516	0.00688	0.00725	0.00826	0.00519	0.00586	0.02043	0.00973	0.08165	0.03328	0.20822	0.03439	0.05178	0.03090	0.00207	0.03488	0.37135	0.07040	0.00426
37	0.87598	0.00854	0.00649	0.00581	0.00854	0.00991	0.00478	0.01298	0.00752	0.01982	0.00615	0.00717	0.00478	0.00410	0.00273	0.00137	0.00342	0.00239	0.00273	0.00478
38	0.00823	0.00412	0.00412	0.00412	0.00515	0.00412	0.00309	0.01029	0.00926	0.01647	0.01441	0.01647	0.01132	0.00515	0.00309	0.00103	0.00206	0.00412	0.86930	0.00412
39	0.00665	0.05757	0.00810	0.00713	0.00810	0.00627	0.00565	0.00822	0.00722	0.01026	0.01147	0.01671	0.01070	0.03128	0.77559	0.00671	0.01138	0.00458	0.00234	0.00405
40	0.00886	0.02285	0.82190	0.01259	0.01912	0.01026	0.01632	0.01399	0.00932	0.01399	0.00793	0.00932	0.00559	0.00420	0.00420	0.00140	0.00653	0.00326	0.00186	0.00653
41	0.00563	0.00449	0.00505	0.00491	0.00622	0.00390	0.00368	0.00714	0.01105	0.01425	0.35435	0.03868	0.50438	0.01032	0.00522	0.00145	0.00218	0.00879	0.00441	0.00390
42	0.09833	0.01182	0.01241	0.00961	0.01302	0.01312	0.00793	0.70978	0.01925	0.02682	0.01026	0.01041	0.00734	0.00518	0.00423	0.00132	0.00466	0.00383	0.02349	0.00718
43	0.00538	0.00384	0.00512	0.00615	0.00641	0.00359	0.00410	0.00615	0.00846	0.01127	0.02434	0.84190	0.02921	0.01384	0.00564	0.00179	0.00256	0.01256	0.00410	0.00359
44	0.78705	0.00843	0.00688	0.00602	0.00883	0.00955	0.00496	0.01387	0.00805	0.10296	0.00732	0.00799	0.00542	0.00424	0.00291	0.00137	0.00345	0.00260	0.00302	0.00507
45	0.01181	0.84744	0.02314	0.00756	0.01134	0.01748	0.00756	0.01323	0.00897	0.01039	0.00614	0.00708	0.00567	0.00378	0.00283	0.00094	0.00472	0.00236	0.00189	0.00567
46	0.01099	0.00949	0.00999	0.00899	0.01148	0.01099	0.00699	0.02347	0.80925	0.01848	0.01798	0.01648	0.01348	0.00599	0.00449	0.00150	0.00350	0.00499	0.00449	0.00699
47	0.00533	0.00449	0.00463	0.00463	0.00608	0.00379	0.00350	0.00653	0.01022	0.01232	0.09252	0.04208	0.74814	0.01107	0.00524	0.00150	0.00227	0.02774	0.00415	0.00376
48	0.87598	0.00854	0.00649	0.00581	0.00854	0.00991	0.00478	0.01298	0.00752	0.01982	0.00615	0.00717	0.00478	0.00410	0.00273	0.00137	0.00342	0.00239	0.00273	0.00478
49	0.00667	0.00505	0.00621	0.00582	0.00707	0.00487	0.00440	0.00979	0.09882	0.01724	0.65407	0.03211	0.11321	0.00891	0.00513	0.00141	0.00225	0.00779	0.00475	0.00443
50	0.84822	0.00851	0.00661	0.00587	0.00863	0.00980	0.00484	0.01326	0.00768	0.04577	0.00652	0.00743	0.00498	0.00414	0.00279	0.00137	0.00343	0.00246	0.00282	0.00487
51	0.01141	0.00961	0.01017	0.00902	0.01156	0.01104	0.00705	0.10123	0.70685	0.01921	0.01742	0.03979	0.01334	0.00615	0.00452	0.00149	0.00361	0.00511	0.00448	0.00694
52	0.01037	0.00791	0.00990	0.04610	0.05898	0.00637	0.00616	0.01238	0.00961	0.10656	0.00965	0.01067	0.02182	0.00376	0.00356	0.00083	0.00355	0.00309	0.00291	0.66583
53	0.43706	0.02382	0.01106	0.07626	0.20508	0.11012	0.00814	0.04223	0.02271	0.01688	0.00724	0.00881	0.00577	0.00421	0.00350	0.00133	0.00468	0.00304	0.00256	0.00551
54	0.06821	0.02506	0.02736	0.01357	0.20874	0.01152	0.00906	0.28007	0.22246	0.07075	0.01199	0.01220	0.00892	0.00504	0.00429	0.00137	0.00446	0.00412	0.00376	0.00703

[dist]
# distance from previous block
# <min> <max>
0	1

[block]
# block no. 5 follows, 59 sequences, length 10
# corresponding to MSA columns:
# 436-445
name=unknown_F
#
# <colnr> <probs for GDERKNQSTAVLIFYWHMCP>
#	G	D	E	R	K	N	Q	S	T	A	V	L	I	F	Y	W	H	M	C	P
0	0.00645	0.00483	0.00577	0.00583	0.00699	0.00450	0.00454	0.03144	0.01054	0.01367	0.22118	0.03878	0.32245	0.08422	0.00732	0.03094	0.00294	0.18967	0.00409	0.00387
1	0.03963	0.05014	0.09443	0.26690	0.15501	0.04131	0.05282	0.06642	0.03546	0.08883	0.02532	0.01239	0.02806	0.00476	0.00450	0.00139	0.01991	0.00406	0.00271	0.00595
2	0.01296	0.02862	0.09110	0.17667	0.13443	0.13344	0.02590	0.03494	0.08247	0.17800	0.01058	0.01170	0.00775	0.00486	0.00483	0.00138	0.04722	0.00389	0.00304	0.00621
3	0.00648	0.00464	0.00632	0.00695	0.00780	0.00448	0.00559	0.00824	0.01045	0.01407	0.25099	0.22395	0.03094	0.01166	0.00574	0.00179	0.00316	0.38847	0.00430	0.00399
4	0.00561	0.00404	0.00531	0.00620	0.00661	0.00379	0.00432	0.00654	0.00877	0.01163	0.05240	0.66596	0.06748	0.04337	0.00626	0.00188	0.00274	0.08939	0.00407	0.00363
5	0.06830	0.07324	0.12228	0.08879	0.15363	0.11585	0.07515	0.04438	0.03489	0.01381	0.02496	0.03429	0.03036	0.00518	0.00533	0.00140	0.09592	0.00409	0.00244	0.00572
6	0.00974	0.14959	0.60263	0.01150	0.01701	0.01148	0.01400	0.01421	0.03582	0.03617	0.00813	0.00939	0.00603	0.00442	0.00457	0.00136	0.05230	0.00325	0.00206	0.00634
7	0.00585	0.00428	0.00550	0.00566	0.00647	0.00392	0.00407	0.00738	0.01085	0.01491	0.46480	0.31726	0.11082	0.01092	0.00536	0.00154	0.00227	0.00971	0.00452	0.00392
8	0.00779	0.00717	0.05022	0.07182	0.13948	0.00668	0.00742	0.04537	0.07411	0.01386	0.07617	0.34525	0.06855	0.00944	0.00510	0.00160	0.00366	0.05778	0.00362	0.00491
9	0.01219	0.01149	0.03359	0.10950	0.30715	0.10726	0.01090	0.08451	0.05864	0.07117	0.00909	0.01102	0.00720	0.00504	0.00599	0.00143	0.14099	0.00388	0.00269	0.00626

[dist]
# distance from previous block
# <min> <max>
3	11

[block]
# block no. 6 follows, 59 sequences, length 90
# corresponding to MSA columns:
# 461-477,520-592
name=unknown_G
#
# <colnr> <probs for GDERKNQSTAVLIFYWHMCP>
#	G	D	E	R	K	N	Q	S	T	A	V	L	I	F	Y	W	H	M	C	P
0	0.00922	0.00650	0.00791	0.00689	0.00913	0.00593	0.00546	0.02537	0.10370	0.09739	0.20509	0.06201	0.04892	0.02751	0.00506	0.00138	0.00316	0.12015	0.00402	0.24519
1	0.01254	0.27319	0.13800	0.02598	0.10914	0.13609	0.00975	0.15180	0.03111	0.01459	0.00795	0.00928	0.00644	0.00492	0.00451	0.04748	0.00551	0.00321	0.00249	0.00601
2	0.01021	0.02173	0.06921	0.16561	0.35990	0.05538	0.07734	0.02885	0.02548	0.01380	0.03546	0.01341	0.00874	0.00569	0.03345	0.00159	0.01745	0.03324	0.01746	0.00600
3	0.00571	0.00408	0.00515	0.00575	0.00609	0.00393	0.00379	0.00638	0.00796	0.01056	0.02235	0.50196	0.08922	0.22663	0.07679	0.00283	0.00373	0.01009	0.00360	0.00340
4	0.05298	0.00765	0.01016	0.00782	0.01121	0.00676	0.00646	0.03582	0.01259	0.77439	0.01686	0.01464	0.01063	0.00541	0.00437	0.00137	0.00377	0.00435	0.00534	0.00741
5	0.00660	0.00449	0.00563	0.00570	0.00674	0.00405	0.00417	0.00803	0.01064	0.06376	0.32998	0.29491	0.20253	0.01088	0.00532	0.00155	0.00241	0.02404	0.00447	0.00409
6	0.00966	0.00966	0.01353	0.01160	0.01160	0.01353	0.00966	0.01063	0.00676	0.01063	0.00580	0.00966	0.00580	0.00773	0.01449	0.00193	0.83670	0.00387	0.00193	0.00483
7	0.00785	0.00415	0.00431	0.00433	0.00518	0.00415	0.00310	0.00955	0.00877	0.01502	0.01455	0.04058	0.01251	0.13249	0.02197	0.00166	0.00260	0.00470	0.69865	0.00388
8	0.00966	0.00966	0.01353	0.01160	0.01160	0.01353	0.00966	0.01063	0.00676	0.01063	0.00580	0.00966	0.00580	0.00773	0.01449	0.00193	0.83670	0.00387	0.00193	0.00483
9	0.01219	0.78081	0.02229	0.00787	0.01152	0.08275	0.00764	0.01358	0.00926	0.01042	0.00620	0.00716	0.00567	0.00384	0.00293	0.00096	0.00498	0.00240	0.00192	0.00562
10	0.01099	0.00949	0.00999	0.00899	0.01148	0.01099	0.00699	0.02347	0.80925	0.01848	0.01798	0.01648	0.01348	0.00599	0.00449	0.00150	0.00350	0.00499	0.00449	0.00699
11	0.00632	0.00471	0.00698	0.00698	0.00773	0.00546	0.00538	0.00781	0.00706	0.01017	0.01194	0.01793	0.01129	0.07412	0.78663	0.00696	0.01145	0.00482	0.00238	0.00388
12	0.87598	0.00854	0.00649	0.00581	0.00854	0.00991	0.00478	0.01298	0.00752	0.01982	0.00615	0.00717	0.00478	0.00410	0.00273	0.00137	0.00342	0.00239	0.00273	0.00478
13	0.01042	0.01191	0.02606	0.01862	0.02308	0.01117	0.80119	0.01415	0.01042	0.01415	0.00894	0.01191	0.00670	0.00372	0.00521	0.00149	0.00745	0.00521	0.00223	0.00596
14	0.12535	0.00764	0.00979	0.00761	0.01094	0.00691	0.00628	0.02047	0.01201	0.72162	0.01603	0.01406	0.01017	0.00530	0.00423	0.00137	0.00372	0.00419	0.00513	0.00718
15	0.00538	0.00386	0.00511	0.00611	0.00639	0.00359	0.00408	0.00615	0.00850	0.01129	0.02488	0.82090	0.04986	0.01377	0.00563	0.00179	0.00255	0.01247	0.00410	0.00359
16	0.01399	0.00778	0.00951	0.00757	0.01039	0.00741	0.00611	0.17293	0.04626	0.32410	0.21786	0.01867	0.03345	0.00624	0.00452	0.00130	0.00346	0.00517	0.00473	0.09855
17	0.01651	0.02075	0.01254	0.01134	0.01366	0.79883	0.00853	0.04487	0.01280	0.01140	0.00696	0.00806	0.00575	0.00458	0.00400	0.00114	0.00786	0.00288	0.00235	0.00520
18	0.00544	0.00441	0.00483	0.00488	0.00614	0.00380	0.00360	0.00671	0.01036	0.01299	0.19379	0.13137	0.57413	0.01106	0.00527	0.00151	0.00224	0.00943	0.00425	0.00380
19	0.00607	0.00435	0.00584	0.00632	0.00680	0.00454	0.00451	0.00716	0.00812	0.01141	0.03084	0.46368	0.04059	0.05347	0.21811	0.00319	0.03582	0.00910	0.07634	0.00374
20	0.01253	0.00931	0.08074	0.00844	0.01131	0.00852	0.00728	0.06019	0.32491	0.23056	0.09820	0.01937	0.04288	0.00644	0.00460	0.00145	0.00372	0.04368	0.01934	0.00653
21	0.24074	0.00911	0.00974	0.00777	0.01084	0.00959	0.00639	0.28055	0.01374	0.27509	0.01193	0.01163	0.00822	0.00503	0.00387	0.00132	0.00389	0.00372	0.08033	0.00650
22	0.00543	0.00388	0.00518	0.00620	0.00648	0.00363	0.00418	0.00623	0.00850	0.01133	0.02432	0.82093	0.02911	0.01379	0.00565	0.00180	0.00260	0.03307	0.00410	0.00360
23	0.01022	0.22925	0.47172	0.03338	0.01749	0.05016	0.08907	0.02671	0.00966	0.01310	0.00756	0.00903	0.00576	0.00409	0.00395	0.00128	0.00618	0.00323	0.00197	0.00616
24	0.00820	0.00699	0.03444	0.00906	0.05492	0.03504	0.07574	0.00968	0.00846	0.04132	0.01429	0.10803	0.01464	0.23005	0.13505	0.00313	0.05110	0.09502	0.06057	0.00425
25	0.84570	0.03794	0.00707	0.00587	0.00864	0.01017	0.00488	0.01299	0.00757	0.01949	0.00615	0.00717	0.00481	0.00409	0.00274	0.00135	0.00346	0.00239	0.00270	0.00481
26	0.00555	0.00445	0.00495	0.00490	0.00619	0.00386	0.00365	0.00695	0.01074	0.01370	0.28384	0.08062	0.53376	0.01065	0.00524	0.00148	0.00221	0.00907	0.00434	0.00386
27	0.01198	0.00995	0.01330	0.36600	0.13316	0.05338	0.01050	0.17158	0.09206	0.07938	0.01018	0.01195	0.00751	0.00477	0.00440	0.00140	0.00529	0.00403	0.00303	0.00614
28	0.00676	0.00515	0.00629	0.00589	0.00716	0.00500	0.00445	0.01008	0.11398	0.01727	0.64127	0.03177	0.11031	0.00884	0.00512	0.00141	0.00228	0.00773	0.00474	0.00449
