[name]
unknown

[dist]
# distance from previous block
# <min> <max>
0	68

[block]
# block no. 0 follows, 60 sequences, length 8
# corresponding to MSA columns:
# 86-93
name=unknown_A
#
# <colnr> <probs for GDERKNQSTAVLIFYWHMCP>
#	G	D	E	R	K	N	Q	S	T	A	V	L	I	F	Y	W	H	M	C	P
0	0.01018	0.00878	0.04803	0.10303	0.04470	0.04656	0.04257	0.16921	0.02723	0.04974	0.09518	0.04331	0.03913	0.15429	0.00782	0.00195	0.00459	0.09517	0.00342	0.00510
1	0.02860	0.00757	0.01059	0.21948	0.10339	0.02515	0.04324	0.02991	0.04872	0.01402	0.11588	0.05649	0.11290	0.00606	0.00439	0.00130	0.00409	0.00531	0.02926	0.13364
2	0.00949	0.11362	0.01007	0.05413	0.01051	0.00766	0.00586	0.01281	0.13058	0.08826	0.15313	0.12534	0.03377	0.00649	0.00421	0.00121	0.00332	0.00550	0.00360	0.22044
3	0.00745	0.11264	0.00843	0.00616	0.00805	0.00673	0.00490	0.01041	0.12017	0.01389	0.19090	0.11541	0.24634	0.00851	0.00464	0.00135	0.00286	0.03600	0.00384	0.09132
4	0.01099	0.55514	0.01786	0.00822	0.04963	0.07603	0.00707	0.01252	0.00904	0.01123	0.00781	0.00942	0.00689	0.00681	0.08407	0.00157	0.00529	0.00289	0.11226	0.00526
5	0.11683	0.00511	0.00671	0.00663	0.00757	0.00588	0.00508	0.00829	0.00700	0.01116	0.01117	0.01698	0.01060	0.10891	0.64533	0.00602	0.00990	0.00454	0.00241	0.00388
6	0.00887	0.00784	0.01126	0.27827	0.17021	0.00867	0.00907	0.05676	0.14865	0.01396	0.01648	0.12504	0.11348	0.00666	0.00462	0.00146	0.00434	0.00586	0.00309	0.00542
7	0.03712	0.05275	0.10615	0.01731	0.33523	0.05055	0.08656	0.06463	0.03654	0.01444	0.02727	0.01190	0.02243	0.03017	0.00580	0.00146	0.08710	0.00405	0.00244	0.00611

[dist]
# distance from previous block
# <min> <max>
1	5

[block]
# block no. 1 follows, 60 sequences, length 15
# corresponding to MSA columns:
# 99-113
name=unknown_B
#
# <colnr> <probs for GDERKNQSTAVLIFYWHMCP>
#	G	D	E	R	K	N	Q	S	T	A	V	L	I	F	Y	W	H	M	C	P
0	0.01212	0.11543	0.06169	0.02682	0.03473	0.19977	0.03817	0.12652	0.02560	0.06074	0.01184	0.15546	0.02214	0.00609	0.00421	0.00126	0.00506	0.00495	0.00306	0.08434
1	0.14574	0.18797	0.01220	0.02435	0.09632	0.08985	0.00689	0.09640	0.01059	0.04645	0.02761	0.04811	0.00928	0.00511	0.00361	0.00121	0.00420	0.02450	0.15424	0.00537
2	0.08392	0.00933	0.01004	0.00895	0.04573	0.07756	0.00682	0.17466	0.04560	0.06651	0.16327	0.03337	0.03210	0.00626	0.00539	0.00134	0.09597	0.02483	0.00360	0.10475
3	0.22950	0.00624	0.00616	0.00565	0.00703	0.00664	0.00407	0.09612	0.00884	0.01406	0.01662	0.02278	0.15165	0.34792	0.05722	0.00285	0.00414	0.00547	0.00308	0.00395
4	0.00824	0.00571	0.00665	0.00650	0.00787	0.00592	0.00496	0.02531	0.19104	0.05486	0.08776	0.17452	0.09206	0.03163	0.05531	0.00189	0.00341	0.07631	0.15531	0.00475
5	0.08791	0.00614	0.00713	0.00600	0.00824	0.00565	0.00473	0.01279	0.04330	0.19321	0.21939	0.01953	0.06247	0.00610	0.00405	0.00119	0.00279	0.00503	0.15537	0.14898
6	0.01224	0.00840	0.04485	0.00768	0.01055	0.00763	0.00641	0.14274	0.12168	0.20935	0.22274	0.01777	0.01757	0.00595	0.00439	0.00125	0.00346	0.00496	0.00434	0.14603
7	0.00910	0.00893	0.01274	0.63748	0.02575	0.08541	0.02944	0.03344	0.00941	0.01166	0.00899	0.05310	0.00757	0.00513	0.00462	0.00146	0.02044	0.02826	0.00221	0.00487
8	0.00615	0.00420	0.00507	0.00525	0.00539	0.00425	0.00322	0.00646	0.00677	0.00912	0.01530	0.16939	0.01754	0.60608	0.11387	0.00413	0.00481	0.00720	0.00285	0.00295
9	0.00543	0.00426	0.00465	0.00484	0.00580	0.00376	0.00337	0.00630	0.00907	0.01125	0.05942	0.19988	0.49527	0.15724	0.00821	0.00201	0.00262	0.00930	0.00383	0.00349
10	0.00631	0.00428	0.00502	0.00496	0.00516	0.00425	0.00299	0.00672	0.00741	0.01008	0.15380	0.02888	0.02011	0.67490	0.04473	0.00382	0.00409	0.00656	0.00301	0.00294
11	0.00833	0.01936	0.68123	0.01109	0.01641	0.00910	0.01376	0.01251	0.00871	0.01288	0.00886	0.01258	0.00733	0.15108	0.00729	0.00188	0.00606	0.00377	0.00198	0.00578
12	0.00764	0.00402	0.00424	0.00442	0.00530	0.00397	0.00322	0.00945	0.00901	0.01537	0.01594	0.16059	0.01426	0.00658	0.00349	0.00115	0.00212	0.00552	0.71976	0.00397
13	0.62813	0.00822	0.00745	0.00633	0.00915	0.00900	0.00520	0.04485	0.00919	0.19386	0.03698	0.00979	0.00741	0.00456	0.00321	0.00135	0.00346	0.00305	0.00342	0.00539
14	0.00667	0.00529	0.00602	0.00627	0.02947	0.01913	0.00453	0.00869	0.06741	0.03704	0.06680	0.13175	0.41752	0.04910	0.07814	0.00213	0.00358	0.05245	0.00386	0.00414

[dist]
# distance from previous block
# <min> <max>
0	7

[block]
# block no. 2 follows, 60 sequences, length 24
# corresponding to MSA columns:
# 121-144
name=unknown_C
#
# <colnr> <probs for GDERKNQSTAVLIFYWHMCP>
#	G	D	E	R	K	N	Q	S	T	A	V	L	I	F	Y	W	H	M	C	P
0	0.01079	0.01036	0.01770	0.02677	0.81952	0.01036	0.01339	0.01339	0.00993	0.01425	0.00820	0.01079	0.00691	0.00389	0.00432	0.00130	0.00518	0.00389	0.00216	0.00691
1	0.00553	0.00401	0.00525	0.00618	0.00652	0.00383	0.00416	0.00674	0.03950	0.01141	0.02379	0.81178	0.02824	0.01336	0.00552	0.00176	0.00257	0.01211	0.00406	0.00367
2	0.18986	0.08227	0.22759	0.06939	0.12460	0.09752	0.08656	0.03722	0.00970	0.02644	0.00756	0.00919	0.00582	0.00411	0.00386	0.00131	0.00560	0.00329	0.00227	0.00582
3	0.06330	0.00613	0.00804	0.00710	0.00920	0.00566	0.02489	0.02513	0.01071	0.35801	0.03931	0.20594	0.07896	0.00833	0.00476	0.00151	0.00333	0.08897	0.04525	0.00547
4	0.01099	0.01143	0.01836	0.01734	0.21320	0.07065	0.27935	0.05084	0.05001	0.01379	0.00828	0.01086	0.00677	0.00495	0.00705	0.00150	0.21211	0.00427	0.00234	0.00592
5	0.00923	0.00791	0.00932	0.00682	0.01036	0.00645	0.00546	0.03441	0.00918	0.01425	0.00786	0.00958	0.00667	0.02355	0.00436	0.00082	0.05223	0.00279	0.00260	0.77616
6	0.00751	0.00475	0.00670	0.00670	0.00772	0.00432	0.04188	0.00863	0.00934	0.12159	0.06385	0.58063	0.09606	0.01160	0.00533	0.00165	0.00286	0.01046	0.00418	0.00422
7	0.01114	0.00952	0.01003	0.00894	0.01145	0.01099	0.00697	0.06341	0.77093	0.01872	0.01738	0.01597	0.01301	0.00588	0.00443	0.00147	0.00352	0.00488	0.00443	0.00693
8	0.00795	0.00579	0.00640	0.00580	0.00754	0.00547	0.00447	0.13586	0.01203	0.05963	0.15541	0.09715	0.46068	0.00968	0.00502	0.00145	0.00271	0.00814	0.00429	0.00454
9	0.01879	0.00740	0.00987	0.00763	0.01087	0.00653	0.00628	0.04889	0.01258	0.74663	0.01679	0.01477	0.01070	0.00537	0.00431	0.00133	0.00365	0.00435	0.05605	0.00723
10	0.01246	0.00943	0.01018	0.00875	0.01139	0.01057	0.00695	0.18719	0.52207	0.07912	0.01611	0.01574	0.01205	0.00584	0.00438	0.00142	0.00369	0.02381	0.05203	0.00682
11	0.01957	0.00742	0.01012	0.00776	0.01113	0.00641	0.00641	0.02126	0.01248	0.82254	0.01721	0.01484	0.01080	0.00540	0.00439	0.00135	0.00371	0.00439	0.00540	0.00742
12	0.01878	0.00747	0.01003	0.00775	0.01102	0.00660	0.00638	0.04084	0.02994	0.75360	0.04807	0.01545	0.01194	0.00554	0.00442	0.00135	0.00367	0.00452	0.00533	0.00728
13	0.00821	0.00646	0.00705	0.00649	0.00835	0.00663	0.00499	0.01382	0.31666	0.05350	0.18980	0.02898	0.31497	0.00839	0.00484	0.00145	0.00272	0.00708	0.00441	0.00518
14	0.00552	0.00411	0.00502	0.00549	0.00610	0.00382	0.00376	0.00640	0.00868	0.01131	0.08117	0.42467	0.22852	0.12667	0.05593	0.00231	0.00318	0.01000	0.00381	0.00352
15	0.00631	0.00448	0.00598	0.00613	0.00659	0.00480	0.00438	0.00723	0.00711	0.00978	0.01433	0.06652	0.01532	0.36763	0.36808	0.00508	0.00734	0.08681	0.00272	0.00337
16	0.00954	0.00954	0.01336	0.01145	0.01145	0.01336	0.00954	0.01050	0.00668	0.01050	0.00573	0.00954	0.00573	0.00763	0.01431	0.00191	0.83874	0.00382	0.00191	0.00477
17	0.00877	0.00829	0.01404	0.66788	0.19424	0.00983	0.01238	0.01161	0.00897	0.01179	0.00785	0.01145	0.00604	0.00426	0.00435	0.00142	0.00568	0.00388	0.00198	0.00527
18	0.00634	0.00423	0.00476	0.00476	0.00476	0.00423	0.00264	0.00634	0.00634	0.00846	0.01374	0.02854	0.01586	0.84672	0.02220	0.00423	0.00423	0.00634	0.00264	0.00264
19	0.00638	0.00450	0.00542	0.00551	0.00592	0.00457	0.00368	0.00725	0.02676	0.00995	0.04090	0.05068	0.07854	0.52457	0.12849	0.00397	0.00495	0.08178	0.00298	0.00320
20	0.01090	0.01004	0.01623	0.18642	0.59548	0.03693	0.01262	0.01346	0.00990	0.05393	0.00852	0.01107	0.00684	0.00408	0.00432	0.00132	0.00532	0.00387	0.00228	0.00646
21	0.00890	0.03927	0.74284	0.01256	0.03479	0.01048	0.01549	0.01359	0.00907	0.01355	0.00767	0.00921	0.00557	0.00433	0.00471	0.00140	0.05512	0.00325	0.00185	0.00634
22	0.02389	0.00610	0.00784	0.00662	0.00871	0.00566	0.00523	0.04175	0.03662	0.33957	0.35664	0.02330	0.02401	0.03247	0.00519	0.00145	0.00298	0.02078	0.04560	0.00560
23	0.01187	0.45163	0.08789	0.00950	0.05638	0.05491	0.00843	0.06401	0.14500	0.03792	0.02850	0.01007	0.00809	0.00445	0.00353	0.00114	0.00472	0.00325	0.00266	0.00607

[dist]
# distance from previous block
# <min> <max>
0	3

[block]
# block no. 3 follows, 60 sequences, length 21
# corresponding to MSA columns:
# 148-168
name=unknown_D
#
# <colnr> <probs for GDERKNQSTAVLIFYWHMCP>
#	G	D	E	R	K	N	Q	S	T	A	V	L	I	F	Y	W	H	M	C	P
0	0.07181	0.01313	0.03565	0.01144	0.04000	0.18731	0.12138	0.24868	0.14860	0.03132	0.02662	0.01200	0.00869	0.00501	0.00432	0.00134	0.00547	0.01759	0.00338	0.00626
1	0.26770	0.25724	0.04108	0.00807	0.02266	0.08169	0.00700	0.12886	0.04146	0.05607	0.00902	0.03252	0.02102	0.00470	0.00342	0.00122	0.00445	0.00327	0.00288	0.00566
2	0.00623	0.00467	0.00701	0.00701	0.00779	0.00545	0.00545	0.00779	0.00701	0.01012	0.01168	0.01713	0.01090	0.03271	0.82944	0.00701	0.01168	0.00467	0.00234	0.00389
3	0.01166	0.84935	0.02285	0.00746	0.01119	0.01726	0.00746	0.01306	0.00886	0.01026	0.00606	0.00700	0.00560	0.00373	0.00280	0.00093	0.00466	0.00233	0.00187	0.00560
4	0.03492	0.01135	0.11405	0.05198	0.06520	0.15511	0.02232	0.03937	0.01004	0.01426	0.02874	0.04545	0.00902	0.00498	0.00425	0.00118	0.04143	0.00389	0.21551	0.12695
5	0.00631	0.00457	0.00649	0.00649	0.00713	0.00518	0.00484	0.00759	0.00695	0.01001	0.01215	0.01926	0.01185	0.18544	0.65020	0.00629	0.00996	0.00497	0.03066	0.00366
6	0.00596	0.00428	0.00558	0.00619	0.00673	0.00408	0.00433	0.03724	0.00960	0.01298	0.16764	0.63726	0.03013	0.01242	0.00546	0.00169	0.00258	0.03785	0.00420	0.00381
7	0.00524	0.00441	0.00451	0.00456	0.00595	0.00372	0.00340	0.00632	0.00980	0.01170	0.04227	0.06430	0.75458	0.03455	0.00566	0.00157	0.00232	0.02748	0.00401	0.00366
8	0.10432	0.00695	0.00871	0.00692	0.00982	0.00635	0.00566	0.01850	0.01140	0.60316	0.01557	0.01430	0.01025	0.00521	0.00399	0.00129	0.00339	0.00413	0.15351	0.00657
9	0.01679	0.00885	0.01064	0.00848	0.01165	0.00892	0.00690	0.17489	0.21476	0.46517	0.01603	0.01435	0.01077	0.00550	0.00439	0.00137	0.00386	0.00443	0.00495	0.00729
10	0.04307	0.00975	0.01073	0.00887	0.01183	0.01065	0.00713	0.24733	0.38970	0.18971	0.01516	0.01400	0.01080	0.00555	0.00435	0.00140	0.00389	0.00444	0.00456	0.00709
11	0.01212	0.00721	0.00787	0.00669	0.00883	0.00758	0.00531	0.19398	0.13445	0.13598	0.01434	0.01474	0.01060	0.00529	0.00375	0.00120	0.00312	0.00421	0.41698	0.00574
12	0.00531	0.00383	0.00503	0.00599	0.00630	0.00355	0.00401	0.00608	0.00843	0.01117	0.02504	0.80381	0.06826	0.01353	0.00555	0.00176	0.00251	0.01224	0.00405	0.00355
13	0.00656	0.00457	0.00650	0.00650	0.00732	0.00521	0.00504	0.00820	0.00738	0.01118	0.01212	0.01698	0.01095	0.02797	0.68777	0.00598	0.01003	0.00457	0.15125	0.00392
14	0.00779	0.00451	0.00593	0.00627	0.00719	0.00409	0.00447	0.00878	0.00925	0.15035	0.02464	0.60752	0.09614	0.01197	0.00534	0.00168	0.00275	0.03284	0.00428	0.00423
15	0.01889	0.00748	0.01005	0.00775	0.01103	0.00658	0.00639	0.05055	0.01278	0.75833	0.05066	0.01543	0.01195	0.00554	0.00442	0.00135	0.00368	0.00452	0.00533	0.00728
16	0.75638	0.00881	0.00726	0.00627	0.00907	0.01008	0.00516	0.09911	0.00901	0.04632	0.00691	0.00770	0.00521	0.00422	0.00293	0.00135	0.00354	0.00260	0.00297	0.00510
17	0.01079	0.01036	0.01770	0.02677	0.81952	0.01036	0.01339	0.01339	0.00993	0.01425	0.00820	0.01079	0.00691	0.00389	0.00432	0.00130	0.00518	0.00389	0.00216	0.00691
18	0.00895	0.00628	0.00731	0.00654	0.00829	0.00620	0.00512	0.16772	0.03163	0.06939	0.29015	0.08879	0.22502	0.00894	0.00501	0.00145	0.00293	0.05094	0.00446	0.00490
19	0.01004	0.00964	0.01568	0.16296	0.56874	0.02943	0.01221	0.01247	0.00947	0.01319	0.00875	0.04282	0.00765	0.00571	0.03952	0.00160	0.03753	0.00421	0.00219	0.00617
20	0.01150	0.80348	0.06730	0.00774	0.01162	0.01686	0.00794	0.01310	0.00888	0.01046	0.00616	0.00712	0.00559	0.00375	0.00287	0.00096	0.00476	0.00238	0.00186	0.00564

[dist]
# distance from previous block
# <min> <max>
0	1

[block]
# block no. 4 follows, 60 sequences, length 20
# corresponding to MSA columns:
# 170-189
name=unknown_E
#
# <colnr> <probs for GDERKNQSTAVLIFYWHMCP>
#	G	D	E	R	K	N	Q	S	T	A	V	L	I	F	Y	W	H	M	C	P
0	0.01100	0.53104	0.28154	0.00930	0.01382	0.06465	0.01032	0.01357	0.00919	0.01144	0.00668	0.00777	0.00557	0.00391	0.00330	0.00109	0.00544	0.00265	0.00188	0.00584
1	0.02658	0.00989	0.01077	0.00926	0.06490	0.10168	0.03049	0.06637	0.08866	0.03720	0.04346	0.01104	0.00868	0.00422	0.00394	0.00098	0.01909	0.00338	0.00297	0.45644
2	0.00574	0.00429	0.00553	0.00586	0.00656	0.00409	0.00422	0.00702	0.00978	0.01321	0.27559	0.40252	0.14426	0.01240	0.03957	0.00183	0.02257	0.02701	0.00416	0.00380
3	0.01021	0.00976	0.01664	0.21274	0.63814	0.01021	0.01309	0.01287	0.00965	0.01354	0.00810	0.01099	0.00666	0.00400	0.00433	0.00133	0.00533	0.00388	0.00211	0.00643
4	0.00524	0.00424	0.00466	0.00493	0.00604	0.00366	0.00356	0.00629	0.00959	0.01184	0.07132	0.26982	0.56018	0.01170	0.00527	0.00155	0.00229	0.01006	0.00408	0.00366
5	0.00824	0.00775	0.01308	0.83624	0.03004	0.00969	0.01211	0.01114	0.00872	0.01114	0.00775	0.01163	0.00581	0.00436	0.00436	0.00145	0.00581	0.00388	0.00194	0.00484
6	0.01166	0.84935	0.02285	0.00746	0.01119	0.01726	0.00746	0.01306	0.00886	0.01026	0.00606	0.00700	0.00560	0.00373	0.00280	0.00093	0.00466	0.00233	0.00187	0.00560
7	0.00833	0.00495	0.00627	0.00570	0.00721	0.00441	0.00436	0.01006	0.01168	0.16106	0.47417	0.06744	0.19952	0.00894	0.00503	0.00141	0.00241	0.00774	0.00472	0.00459
8	0.00586	0.00459	0.00540	0.00562	0.00688	0.00413	0.00449	0.00739	0.01040	0.01316	0.17761	0.04229	0.45715	0.01094	0.00539	0.00160	0.00268	0.22637	0.00418	0.00385
9	0.01629	0.02079	0.01236	0.01124	0.01348	0.82921	0.00843	0.01742	0.01236	0.01067	0.00674	0.00787	0.00562	0.00449	0.00393	0.00112	0.00787	0.00281	0.00225	0.00506
10	0.00613	0.00446	0.00577	0.00544	0.00649	0.00410	0.00408	0.00815	0.01225	0.01726	0.78553	0.03296	0.07298	0.00900	0.00514	0.00138	0.00206	0.00794	0.00477	0.00410
11	0.01613	0.00907	0.01061	0.00849	0.01158	0.00935	0.00690	0.23848	0.20677	0.37285	0.01534	0.01404	0.01048	0.00546	0.00433	0.00135	0.00388	0.00438	0.04336	0.00715
12	0.00910	0.00869	0.01180	0.01029	0.01083	0.04004	0.02852	0.03867	0.00757	0.01110	0.00773	0.01176	0.00730	0.01457	0.24847	0.00332	0.51940	0.00407	0.00214	0.00465
13	0.01475	0.01651	0.01276	0.01199	0.07697	0.50060	0.02575	0.15032	0.01294	0.01414	0.00854	0.00978	0.02268	0.00493	0.00476	0.00123	0.06339	0.00339	0.03904	0.00553
14	0.01140	0.00953	0.01035	0.00906	0.01138	0.01108	0.00715	0.14292	0.58086	0.01881	0.01577	0.03967	0.01221	0.00616	0.00521	0.00148	0.06984	0.00489	0.02559	0.00664
15	0.00644	0.00422	0.00533	0.00585	0.00658	0.00381	0.00406	0.00732	0.00895	0.07555	0.02728	0.59929	0.18458	0.03167	0.00577	0.00173	0.00260	0.01099	0.00412	0.00386
16	0.01333	0.01398	0.01269	0.01101	0.01233	0.33890	0.00879	0.04790	0.01000	0.07569	0.00724	0.00933	0.00616	0.00610	0.00895	0.00152	0.40497	0.00346	0.00242	0.00521
17	0.00844	0.00788	0.01283	0.77063	0.02856	0.00978	0.01170	0.01210	0.07239	0.01171	0.00854	0.01200	0.00641	0.00448	0.00437	0.00146	0.00563	0.00396	0.00214	0.00501
18	0.70392	0.09333	0.00864	0.00635	0.00918	0.04720	0.00533	0.04294	0.00837	0.03362	0.00648	0.00738	0.00507	0.00411	0.00286	0.00130	0.00376	0.00248	0.00271	0.00498
19	0.01638	0.01084	0.01308	0.01007	0.01346	0.04789	0.08546	0.40314	0.05948	0.26072	0.01260	0.01219	0.00864	0.00513	0.00441	0.00133	0.00475	0.00419	0.01917	0.00708

[dist]
# distance from previous block
# <min> <max>
0	1

[block]
# block no. 5 follows, 60 sequences, length 109
# corresponding to MSA columns:
# 191-197,199-201,204-225,227-239,253-316
name=unknown_F
#
# <colnr> <probs for GDERKNQSTAVLIFYWHMCP>
#	G	D	E	R	K	N	Q	S	T	A	V	L	I	F	Y	W	H	M	C	P
0	0.18943	0.02566	0.01350	0.01002	0.01346	0.00977	0.18123	0.16990	0.01186	0.17988	0.01020	0.02123	0.00745	0.00457	0.00429	0.00129	0.02470	0.00388	0.00343	0.11425
1	0.00940	0.00796	0.00924	0.00663	0.01049	0.00618	0.00532	0.04852	0.00959	0.01484	0.00788	0.00911	0.00651	0.00332	0.00328	0.00068	0.00330	0.00265	0.00267	0.83244
2	0.00538	0.00384	0.00513	0.00612	0.00640	0.00359	0.00413	0.00620	0.00847	0.01131	0.03918	0.80627	0.02898	0.01353	0.00557	0.00177	0.00256	0.03393	0.00406	0.00357
3	0.00958	0.26939	0.51278	0.08293	0.01755	0.01223	0.01317	0.01335	0.00906	0.01251	0.00729	0.00876	0.00557	0.00404	0.00376	0.00125	0.00586	0.00301	0.00186	0.00605
4	0.00529	0.00387	0.00498	0.00586	0.00627	0.00356	0.00396	0.00610	0.00855	0.01122	0.02658	0.74264	0.12844	0.01333	0.00551	0.00173	0.00249	0.01200	0.00405	0.00356
5	0.56698	0.02582	0.00897	0.00837	0.06658	0.11509	0.00620	0.05849	0.00943	0.08850	0.00753	0.00831	0.00569	0.00427	0.00321	0.00131	0.00421	0.00279	0.00292	0.00532
6	0.01102	0.60238	0.23816	0.00887	0.01333	0.01523	0.00981	0.03645	0.00930	0.01172	0.00667	0.00769	0.00563	0.00389	0.00321	0.00106	0.00515	0.00262	0.00193	0.00588
7	0.00913	0.04468	0.64677	0.01343	0.01941	0.01051	0.16767	0.01382	0.00941	0.01374	0.00797	0.00964	0.00574	0.00404	0.00430	0.00139	0.00657	0.00357	0.00191	0.00631
8	0.00623	0.00466	0.00696	0.00696	0.00772	0.00542	0.00539	0.00776	0.00699	0.01009	0.01173	0.01739	0.01102	0.05131	0.81099	0.00695	0.01151	0.00471	0.00234	0.00387
9	0.00754	0.00380	0.00566	0.00566	0.00566	0.00380	0.00376	0.00570	0.00570	0.00760	0.00774	0.01367	0.00780	0.03785	0.01719	0.84939	0.00380	0.00386	0.00191	0.00191
10	0.01627	0.01341	0.01196	0.00980	0.01274	0.24112	0.00780	0.40914	0.03100	0.14242	0.01128	0.05339	0.00864	0.00550	0.00431	0.00129	0.00535	0.00414	0.00391	0.00655
11	0.00689	0.00497	0.00691	0.09427	0.00999	0.00508	0.00623	0.00824	0.00899	0.01167	0.02107	0.07617	0.10338	0.08439	0.00832	0.09793	0.00391	0.42122	0.01668	0.00369
12	0.00824	0.00775	0.01308	0.83624	0.03004	0.00969	0.01211	0.01114	0.00872	0.01114	0.00775	0.01163	0.00581	0.00436	0.00436	0.00145	0.00581	0.00388	0.00194	0.00484
13	0.11678	0.73468	0.02071	0.00729	0.01089	0.01629	0.00714	0.02500	0.00886	0.01165	0.00613	0.00706	0.00552	0.00379	0.00281	0.00099	0.00451	0.00236	0.00200	0.00552
14	0.02730	0.00829	0.01056	0.00815	0.01151	0.00776	0.00672	0.14973	0.04132	0.65646	0.01601	0.01410	0.01027	0.00538	0.00437	0.00135	0.00388	0.00431	0.00517	0.00738
15	0.00537	0.00443	0.00472	0.00465	0.00603	0.00377	0.00349	0.00668	0.01046	0.01301	0.21008	0.03996	0.65108	0.01059	0.00515	0.00145	0.00218	0.00892	0.00421	0.00377
16	0.00798	0.00486	0.00639	0.00578	0.00714	0.00442	0.00442	0.00998	0.01233	0.12723	0.69637	0.03030	0.04877	0.00847	0.00504	0.00137	0.00229	0.00743	0.00487	0.00456
17	0.01023	0.01157	0.02465	0.01778	0.02180	0.01123	0.73428	0.01367	0.00998	0.01367	0.00855	0.01157	0.00654	0.00402	0.00595	0.00151	0.08001	0.00503	0.00218	0.00579
18	0.03608	0.00744	0.01005	0.00772	0.01108	0.00648	0.00638	0.02109	0.01239	0.80708	0.01699	0.01470	0.01068	0.00537	0.00435	0.00135	0.00370	0.00435	0.00535	0.00737
19	0.00875	0.02256	0.82413	0.01243	0.01888	0.01013	0.01611	0.01381	0.00921	0.01381	0.00783	0.00921	0.00552	0.00414	0.00414	0.00138	0.00645	0.00322	0.00184	0.00645
20	0.00551	0.00392	0.00522	0.00618	0.00649	0.00370	0.00424	0.00634	0.00840	0.01117	0.02347	0.73588	0.02790	0.05291	0.00639	0.00191	0.00274	0.08008	0.00398	0.00354
21	0.00535	0.00381	0.00505	0.00603	0.00627	0.00357	0.00400	0.00608	0.00828	0.01104	0.02368	0.81575	0.02840	0.04240	0.00614	0.00186	0.00259	0.01219	0.00400	0.00351
22	0.00588	0.00486	0.00521	0.00513	0.00655	0.00443	0.00384	0.00819	0.08742	0.01327	0.16339	0.09387	0.56159	0.01039	0.00511	0.00148	0.00233	0.00881	0.00421	0.00405
23	0.00831	0.00559	0.00733	0.00778	0.00907	0.00563	0.00648	0.01138	0.10914	0.08336	0.02246	0.15043	0.03807	0.01092	0.00561	0.00184	0.00368	0.50414	0.00419	0.00460
24	0.00828	0.00783	0.01332	0.82050	0.02990	0.00972	0.02735	0.01120	0.00875	0.01120	0.00777	0.01163	0.00583	0.00435	0.00438	0.00145	0.00584	0.00390	0.00194	0.00486
25	0.00701	0.00529	0.00654	0.00686	0.00792	0.00537	0.00539	0.01013	0.13123	0.01365	0.14130	0.14736	0.09517	0.09760	0.00720	0.00198	0.00330	0.29840	0.00406	0.00423
26	0.00541	0.00387	0.00515	0.00601	0.00635	0.00361	0.00406	0.00632	0.00880	0.01185	0.11379	0.75208	0.03024	0.01313	0.00552	0.00173	0.00248	0.01189	0.00413	0.00361
27	0.15534	0.00955	0.01530	0.10411	0.48914	0.00991	0.08031	0.01294	0.00938	0.01491	0.00818	0.01064	0.00664	0.00401	0.00405	0.00132	0.00496	0.00375	0.04947	0.00609
28	0.00634	0.00423	0.00476	0.00476	0.00476	0.00423	0.00264	0.00634	0.00634	0.00846	0.01374	0.02854	0.01586	0.84672	0.02220	0.00423	0.00423	0.00634	0.00264	0.00264
29	0.01112	0.29481	0.25596	0.01204	0.01652	0.12446	0.20044	0.01409	0.00978	0.01224	0.00733	0.00890	0.00582	0.00394	0.00391	0.00122	0.00626	0.00333	0.00199	0.00584
30	0.00650	0.00489	0.00611	0.00615	0.00710	0.00482	0.00447	0.00950	0.11861	0.01539	0.43472	0.31149	0.03314	0.01016	0.00520	0.00152	0.00241	0.00905	0.00449	0.00429
31	0.04654	0.09986	0.03793	0.01041	0.06864	0.14037	0.02645	0.11685	0.28272	0.03217	0.04144	0.01356	0.01056	0.00528	0.00413	0.00132	0.00468	0.02379	0.02712	0.00617
32	0.00893	0.00649	0.00771	0.04564	0.00950	0.00623	0.00524	0.01202	0.13370	0.10146	0.05464	0.02302	0.20199	0.11679	0.03604	0.00185	0.02511	0.01556	0.00359	0.18450
33	0.00860	0.16323	0.13325	0.00748	0.01040	0.02810	0.00702	0.01173	0.07844	0.01454	0.27238	0.05725	0.04030	0.00626	0.00419	0.00120	0.00367	0.00520	0.00332	0.14345
34	0.01008	0.00906	0.01249	0.01070	0.01138	0.01178	0.03036	0.09712	0.00874	0.03476	0.00897	0.07276	0.00883	0.00859	0.03554	0.00196	0.57762	0.04171	0.00255	0.00501
35	0.00993	0.00797	0.00936	0.00677	0.01054	0.00633	0.00545	0.04888	0.00972	0.05518	0.00832	0.00941	0.00671	0.00350	0.00352	0.00073	0.01686	0.00276	0.00280	0.77524
36	0.00954	0.00954	0.01336	0.01145	0.01145	0.01336	0.00954	0.01050	0.00668	0.01050	0.00573	0.00954	0.00573	0.00763	0.01431	0.00191	0.83874	0.00382	0.00191	0.00477
37	0.01086	0.01080	0.01611	0.15697	0.58173	0.08184	0.01244	0.01383	0.04785	0.01362	0.00845	0.01093	0.00692	0.00411	0.00430	0.00131	0.00544	0.00384	0.00224	0.00641
38	0.00624	0.00464	0.00684	0.00684	0.00755	0.00536	0.00523	0.00768	0.00696	0.01000	0.01184	0.01801	0.01129	0.09558	0.76710	0.00679	0.01111	0.00480	0.00236	0.00380
39	0.00620	0.00447	0.00614	0.00694	0.00756	0.00434	0.01591	0.00747	0.00894	0.01176	0.02276	0.41264	0.03496	0.08561	0.00721	0.00208	0.00337	0.34403	0.00389	0.00370
40	0.00540	0.00381	0.00503	0.00600	0.00626	0.00357	0.00399	0.00616	0.00831	0.01115	0.02355	0.80419	0.02813	0.03789	0.00601	0.00183	0.00257	0.01206	0.02058	0.00353
41	0.00921	0.00895	0.01253	0.01085	0.01095	0.01239	0.00900	0.01024	0.00678	0.01062	0.00649	0.01041	0.00634	0.00982	0.08735	0.00234	0.74148	0.00390	0.02567	0.00467
42	0.00624	0.00465	0.00692	0.00692	0.00767	0.00540	0.00534	0.00773	0.00698	0.01006	0.01177	0.01759	0.01110	0.06559	0.79683	0.00690	0.01138	0.00474	0.00235	0.00384
43	0.00572	0.00410	0.00547	0.00628	0.00676	0.00391	0.00451	0.00680	0.00890	0.01189	0.09294	0.57755	0.04471	0.04279	0.02740	0.00199	0.00302	0.13759	0.00402	0.00365
44	0.01051	0.00926	0.01604	0.32978	0.38540	0.00984	0.08139	0.01324	0.00972	0.07976	0.00883	0.01153	0.00679	0.00417	0.00441	0.00137	0.00549	0.00403	0.00235	0.00608
45	0.01435	0.01111	0.01184	0.00958	0.01268	0.01249	0.00775	0.50143	0.32767	0.02390	0.01330	0.01272	0.00971	0.00550	0.00439	0.00138	0.00428	0.00432	0.00439	0.00722
46	0.00542	0.00389	0.00517	0.00616	0.00649	0.00364	0.00422	0.00627	0.00850	0.01127	0.02444	0.77449	0.04667	0.01350	0.00559	0.00178	0.00262	0.06227	0.00405	0.00358
47	0.00977	0.01294	0.15938	0.12787	0.06921	0.01070	0.50173	0.01346	0.00981	0.01351	0.00841	0.01121	0.00632	0.00394	0.00500	0.00145	0.02275	0.00455	0.00210	0.00588
48	0.25008	0.14410	0.12226	0.00793	0.01157	0.01036	0.00750	0.06914	0.07628	0.17204	0.00987	0.01002	0.00719	0.00443	0.00354	0.00123	0.00415	0.00320	0.00322	0.08189
49	0.00740	0.00385	0.00568	0.00567	0.00577	0.00381	0.00382	0.00591	0.00633	0.00852	0.07871	0.03393	0.01100	0.01457	0.01574	0.77701	0.00361	0.00434	0.00220	0.00213
50	0.00596	0.00417	0.00490	0.00517	0.00547	0.00401	0.00325	0.00642	0.00763	0.01006	0.06007	0.23598	0.10872	0.48320	0.01490	0.00311	0.00347	0.02713	0.00329	0.00309
51	0.46867	0.01916	0.03189	0.00697	0.02843	0.00866	0.00565	0.04317	0.02382	0.01722	0.00750	0.00893	0.00607	0.00642	0.07527	0.00166	0.00427	0.00279	0.00269	0.23076
52	0.01205	0.01212	0.16913	0.01324	0.18796	0.03801	0.02908	0.11979	0.02693	0.13313	0.05019	0.01257	0.00929	0.00475	0.00438	0.00125	0.01813	0.01839	0.00313	0.13648
53	0.05251	0.13437	0.30223	0.01244	0.12937	0.03342	0.01122	0.10815	0.08606	0.06388	0.00932	0.01013	0.00698	0.00441	0.00396	0.00128	0.00522	0.00344	0.00271	0.01891
54	0.00924	0.05443	0.27009	0.01202	0.02774	0.00982	0.19938	0.01333	0.07780	0.03086	0.11459	0.01563	0.04669	0.00555	0.00544	0.00145	0.07819	0.01927	0.00275	0.00573
55	0.08355	0.00419	0.00573	0.00570	0.00594	0.00431	0.00388	0.00632	0.00590	0.00871	0.00784	0.03272	0.00784	0.01415	0.01552	0.77594	0.00372	0.00387	0.00202	0.00218
56	0.01295	0.07240	0.08968	0.18642	0.11685	0.17582	0.01949	0.23248	0.01298	0.02804	0.00840	0.00995	0.00639	0.00451	0.00415	0.00128	0.00583	0.00353	0.00274	0.00610
57	0.01387	0.08389	0.03540	0.07325	0.22344	0.02348	0.01946	0.23214	0.07310	0.16237	0.01091	0.01150	0.00797	0.00471	0.00422	0.00130	0.00478	0.00391	0.00347	0.00682
58	0.00861	0.00542	0.00721	0.00655	0.00808	0.00524	0.02402	0.02257	0.04590	0.14662	0.25212	0.10149	0.14643	0.03253	0.16430	0.00258	0.00453	0.00702	0.00410	0.00468
59	0.00870	0.00746	0.00864	0.00628	0.00995	0.00563	0.00501	0.01057	0.00912	0.01400	0.01094	0.01192	0.07736	0.00391	0.00340	0.00072	0.00314	0.00316	0.00271	0.79738
60	0.00563	0.00433	0.00514	0.00516	0.00624	0.00385	0.00378	0.00709	0.01073	0.01417	0.37860	0.16986	0.34861	0.01055	0.00522	0.00148	0.00220	0.00915	0.00438	0.00385
61	0.01573	0.00704	0.00898	0.00719	0.00989	0.00647	0.00575	0.07061	0.04312	0.53558	0.06129	0.01848	0.06200	0.07945	0.00597	0.00160	0.00356	0.00502	0.04586	0.00642
62	0.01037	0.01049	0.03814	0.21807	0.46355	0.02526	0.11467	0.04172	0.01010	0.01387	0.00822	0.01101	0.00657	0.00404	0.00442	0.00136	0.00568	0.00401	0.00219	0.00626
63	0.03338	0.00839	0.01027	0.00975	0.08150	0.00870	0.00710	0.04734	0.34210	0.29457	0.03644	0.02913	0.03471	0.00601	0.00447	0.00143	0.00367	0.02977	0.00451	0.00675
64	0.01811	0.00975	0.01157	0.00887	0.01230	0.00987	0.00732	0.40258	0.01639	0.43569	0.01393	0.01272	0.00915	0.00532	0.00437	0.00133	0.00424	0.00416	0.00489	0.00742
65	0.01097	0.00566	0.00781	0.00742	0.00913	0.00542	0.00610	0.01262	0.01009	0.28804	0.01938	0.08036	0.04077	0.03998	0.15678	0.00274	0.00518	0.28236	0.00414	0.00507
66	0.06171	0.08187	0.01155	0.00802	0.01141	0.00874	0.00674	0.15405	0.01328	0.57511	0.01452	0.01302	0.00946	0.00516	0.00416	0.00131	0.00396	0.00403	0.00478	0.00713
67	0.00617	0.00417	0.00495	0.00515	0.00527	0.00417	0.00311	0.00647	0.00683	0.00925	0.01560	0.18469	0.01793	0.61452	0.07237	0.00387	0.00435	0.00735	0.02085	0.00293
68	0.00531	0.00380	0.00506	0.00607	0.00633	0.00354	0.00405	0.00607	0.00835	0.01113	0.02404	0.84388	0.02885	0.01366	0.00557	0.00177	0.00253	0.01240	0.00405	0.00354
69	0.01023	0.01157	0.02465	0.01778	0.02180	0.01123	0.73428	0.01367	0.00998	0.01367	0.00855	0.01157	0.00654	0.00402	0.00595	0.00151	0.08001	0.00503	0.00218	0.00579
70	0.01166	0.84935	0.02285	0.00746	0.01119	0.01726	0.00746	0.01306	0.00886	0.01026	0.00606	0.00700	0.00560	0.00373	0.00280	0.00093	0.00466	0.00233	0.00187	0.00560
71	0.00627	0.00422	0.00489	0.00495	0.00501	0.00425	0.00287	0.00640	0.00650	0.00871	0.01429	0.07956	0.01643	0.75303	0.06179	0.00421	0.00450	0.00664	0.00272	0.00276
72	0.00925	0.00912	0.01280	0.01106	0.01113	0.01267	0.00918	0.01026	0.00671	0.01046	0.00625	0.01021	0.00618	0.00983	0.08555	0.00235	0.76646	0.00389	0.00195	0.00469
73	0.00916	0.00896	0.01252	0.01087	0.01092	0.01238	0.00898	0.01012	0.00678	0.01047	0.00698	0.03542	0.00719	0.03525	0.04353	0.00216	0.74595	0.01568	0.00204	0.00463
74	0.01437	0.26308	0.01543	0.00888	0.01229	0.01397	0.00770	0.51160	0.01630	0.02137	0.02235	0.01109	0.03963	0.00507	0.00392	0.00120	0.00457	0.00372	0.01684	0.00662
75	0.01241	0.02045	0.01038	0.00757	0.01125	0.00803	0.00617	0.20294	0.03285	0.13109	0.00997	0.01036	0.00746	0.00409	0.00369	0.00093	0.00370	0.00322	0.00344	0.51000
76	0.01567	0.09848	0.01282	0.01057	0.10920	0.05071	0.00772	0.18003	0.05113	0.34758	0.05015	0.01336	0.01042	0.01691	0.00447	0.00133	0.00434	0.00415	0.00415	0.00680
77	0.00543	0.00443	0.00480	0.00471	0.00606	0.00380	0.00353	0.00679	0.01059	0.01332	0.25304	0.03944	0.60793	0.01047	0.00515	0.00145	0.00217	0.00885	0.00425	0.00380
78	0.00537	0.00388	0.00509	0.00595	0.00632	0.00359	0.00402	0.00625	0.00873	0.01165	0.08588	0.74367	0.06709	0.01318	0.00551	0.00173	0.00248	0.01190	0.00411	0.00359
79	0.01127	0.49892	0.13710	0.01043	0.05382	0.07782	0.07860	0.01382	0.03761	0.01161	0.00728	0.00858	0.00615	0.00468	0.02471	0.00125	0.00557	0.00297	0.00204	0.00577
80	0.00699	0.00571	0.00815	0.00772	0.00824	0.00706	0.00602	0.00824	0.00698	0.01019	0.02941	0.01709	0.01101	0.11908	0.53514	0.00541	0.19654	0.00475	0.00233	0.00395
81	0.02111	0.02895	0.02493	0.12901	0.33852	0.02986	0.06408	0.05519	0.02472	0.02629	0.00873	0.02034	0.00710	0.00410	0.00409	0.00119	0.00489	0.00375	0.02336	0.17977
82	0.01197	0.00746	0.00916	0.00680	0.01032	0.00594	0.00548	0.02212	0.01041	0.24980	0.07090	0.01250	0.01032	0.00431	0.00372	0.00091	0.00330	0.00352	0.00359	0.54748
83	0.01162	0.04151	0.03648	0.03409	0.04712	0.14944	0.31808	0.07173	0.09420	0.01464	0.00917	0.01082	0.00710	0.00417	0.00447	0.00126	0.01310	0.00406	0.00262	0.12431
84	0.00856	0.00814	0.01133	0.01010	0.01020	0.01097	0.00820	0.00951	0.00706	0.01070	0.00974	0.17721	0.01063	0.00969	0.04112	0.00205	0.62925	0.00557	0.01551	0.00448
85	0.00550	0.00438	0.00494	0.00491	0.00613	0.00381	0.00364	0.00689	0.01059	0.01359	0.29535	0.10762	0.49609	0.01057	0.00519	0.00147	0.00219	0.00905	0.00430	0.00381
86	0.03385	0.00744	0.01006	0.00773	0.01109	0.00647	0.00638	0.02111	0.01240	0.80917	0.01702	0.01472	0.01070	0.00538	0.00436	0.00135	0.00371	0.00435	0.00535	0.00738
87	0.00578	0.00442	0.00502	0.00500	0.00624	0.00384	0.00370	0.00712	0.01045	0.03179	0.25218	0.14059	0.48701	0.01067	0.00519	0.00148	0.00224	0.00914	0.00429	0.00387
88	0.06101	0.00730	0.00937	0.00734	0.01041	0.00663	0.00602	0.05496	0.01221	0.65384	0.01600	0.01442	0.01038	0.00529	0.00415	0.00131	0.00355	0.00423	0.10467	0.00690
89	0.00907	0.00465	0.00481	0.00454	0.00579	0.00467	0.00347	0.05327	0.00990	0.05112	0.01415	0.01589	0.01096	0.00510	0.00318	0.00105	0.00225	0.00407	0.78767	0.00439
90	0.00521	0.00419	0.00466	0.00503	0.00605	0.00363	0.00359	0.00619	0.00935	0.01154	0.03668	0.34048	0.52408	0.01202	0.00531	0.00158	0.00233	0.01039	0.00405	0.00363
91	0.03948	0.01478	0.08324	0.01053	0.01344	0.26131	0.02694	0.23705	0.14101	0.04517	0.00994	0.01049	0.00752	0.00516	0.00502	0.00134	0.07447	0.00367	0.00324	0.00620
92	0.00536	0.00384	0.00510	0.00608	0.00638	0.00359	0.00410	0.00617	0.00846	0.01126	0.03300	0.80034	0.04520	0.01352	0.00556	0.00177	0.00255	0.03009	0.00406	0.00356
93	0.01855	0.00814	0.01046	0.00812	0.01144	0.00760	0.00667	0.11543	0.07363	0.66657	0.01644	0.01443	0.01058	0.00542	0.00439	0.00135	0.00382	0.00437	0.00520	0.00738
94	0.00561	0.00407	0.00518	0.00596	0.00644	0.00381	0.00417	0.00649	0.00857	0.01118	0.02559	0.55581	0.13331	0.09797	0.00726	0.00201	0.00284	0.10631	0.00390	0.00353
95	0.01003	0.01128	0.03912	0.01761	0.09021	0.01101	0.58180	0.01316	0.00968	0.01342	0.00886	0.04066	0.00728	0.00460	0.00632	0.00152	0.12039	0.00507	0.00222	0.00575
96	0.00799	0.00561	0.00618	0.00577	0.00727	0.00572	0.00440	0.02474	0.18978	0.03085	0.24824	0.02534	0.16336	0.00742	0.00437	0.00131	0.00246	0.00626	0.24816	0.00476
97	0.00611	0.00455	0.00674	0.00688	0.00759	0.00519	0.00526	0.00755	0.00719	0.01026	0.01337	0.12992	0.01335	0.03011	0.71704	0.00629	0.01043	0.00573	0.00257	0.00385
98	0.87753	0.00843	0.00641	0.00574	0.00843	0.00978	0.00472	0.01282	0.00742	0.01957	0.00607	0.00709	0.00472	0.00405	0.00270	0.00135	0.00337	0.00236	0.00270	0.00472
99	0.02171	0.00452	0.00546	0.00520	0.00638	0.00410	0.00391	0.00778	0.01161	0.01599	0.59425	0.03465	0.24970	0.00940	0.00510	0.00140	0.00212	0.00814	0.00456	0.00401
100	0.01010	0.05804	0.01572	0.04745	0.01515	0.00956	0.28038	0.12818	0.04748	0.01659	0.20312	0.01616	0.01519	0.00534	0.00485	0.00132	0.02433	0.00511	0.00324	0.09269
101	0.00697	0.00504	0.00637	0.00604	0.00716	0.00487	0.00454	0.07753	0.01236	0.01724	0.60044	0.16111	0.03584	0.00943	0.00516	0.00145	0.00242	0.02710	0.00462	0.00431
102	0.00915	0.00810	0.01050	0.00750	0.01142	0.00627	0.07495	0.01124	0.00915	0.01419	0.00785	0.00928	0.00647	0.00327	0.00340	0.00072	0.00359	0.00281	0.00255	0.79757
103	0.00639	0.00440	0.00565	0.00619	0.00680	0.00427	0.00432	0.00769	0.03690	0.04984	0.02394	0.61979	0.09451	0.02822	0.03579	0.00193	0.02249	0.01067	0.02632	0.00390
104	0.00993	0.00666	0.00788	0.00738	0.00934	0.00682	0.00595	0.01498	0.26625	0.15141	0.06174	0.02953	0.17696	0.00935	0.03405	0.00177	0.00360	0.18661	0.00437	0.00545
105	0.01226	0.44645	0.13395	0.01016	0.06940	0.07541	0.00923	0.11132	0.01086	0.04295	0.00807	0.00985	0.00678	0.00440	0.00355	0.00114	0.00515	0.03065	0.00242	0.00601
106	0.00925	0.14296	0.52169	0.01073	0.01573	0.01089	0.01263	0.01445	0.11843	0.01356	0.00925	0.01053	0.00707	0.00682	0.07611	0.00182	0.00623	0.00345	0.00224	0.00616
107	0.06944	0.00958	0.09829	0.00787	0.02000	0.05906	0.00666	0.14833	0.10658	0.02932	0.02860	0.15287	0.02278	0.02397	0.00451	0.00140	0.00382	0.00543	0.19616	0.00531
108	0.01075	0.57787	0.17533	0.00829	0.01232	0.02960	0.00881	0.03431	0.00941	0.01156	0.00987	0.01059	0.07661	0.00451	0.00333	0.00108	0.00486	0.00316	0.00213	0.00563

[dist]
# distance from previous block
# <min> <max>
0	2

[block]
# block no. 6 follows, 60 sequences, length 30
# corresponding to MSA columns:
# 320-349
name=unknown_G
#
# <colnr> <probs for GDERKNQSTAVLIFYWHMCP>
#	G	D	E	R	K	N	Q	S	T	A	V	L	I	F	Y	W	H	M	C	P
0	0.01261	0.01128	0.08692	0.07668	0.01568	0.04968	0.14468	0.20030	0.09856	0.12503	0.02105	0.04472	0.01002	0.00555	0.00470	0.00142	0.01494	0.04589	0.00352	0.02678
1	0.01104	0.05491	0.00966	0.00746	0.01009	0.00700	0.02351	0.02684	0.09815	0.19717	0.04552	0.03739	0.05576	0.02768	0.04769	0.00165	0.00403	0.11904	0.00379	0.21161
2	0.00758	0.00379	0.00568	0.00568	0.00568	0.00379	0.00379	0.00568	0.00568	0.00758	0.00758	0.01326	0.00758	0.01515	0.01705	0.87311	0.00379	0.00379	0.00189	0.00189
3	0.00629	0.00458	0.00656	0.00656	0.00721	0.00521	0.00492	0.00758	0.00693	0.00995	0.01209	0.01911	0.01177	0.17455	0.67283	0.00641	0.01020	0.00495	0.01862	0.00368
4	0.01391	0.01379	0.01255	0.01142	0.06257	0.30062	0.04385	0.19267	0.14206	0.04500	0.01097	0.06494	0.00909	0.00562	0.00488	0.00134	0.05115	0.00431	0.00328	0.00600
5	0.00900	0.00579	0.00737	0.00636	0.00818	0.00533	0.00495	0.01092	0.02419	0.15185	0.38235	0.07802	0.09247	0.00782	0.00526	0.00132	0.05021	0.00661	0.00428	0.13773
6	0.00607	0.00411	0.00484	0.00510	0.00517	0.00405	0.00301	0.00627	0.00687	0.00916	0.01645	0.24285	0.01927	0.62775	0.01783	0.00358	0.00378	0.00793	0.00301	0.00288
7	0.00847	0.00517	0.00620	0.00572	0.00709	0.00516	0.00438	0.02276	0.08826	0.08171	0.36091	0.02316	0.02421	0.00864	0.05803	0.00164	0.00298	0.00586	0.27499	0.00467
8	0.01148	0.04489	0.09301	0.03027	0.48862	0.05926	0.01184	0.10233	0.04196	0.01543	0.00859	0.01041	0.00691	0.00414	0.00417	0.00125	0.00523	0.00367	0.00248	0.05404
9	0.06085	0.63261	0.13260	0.00830	0.01225	0.06871	0.00857	0.01343	0.00906	0.01131	0.00635	0.00737	0.00554	0.00386	0.00305	0.00103	0.00505	0.00249	0.00193	0.00563
10	0.00547	0.00394	0.00510	0.00582	0.00623	0.00366	0.00392	0.00636	0.00881	0.01178	0.12145	0.64505	0.07831	0.06426	0.00651	0.00186	0.00256	0.01128	0.00405	0.00357
11	0.01139	0.12241	0.01484	0.01124	0.06583	0.03061	0.13531	0.09167	0.32622	0.03014	0.01246	0.03321	0.00980	0.00498	0.00423	0.00130	0.00455	0.00438	0.00337	0.08206
12	0.01078	0.05629	0.01583	0.28165	0.41524	0.07775	0.01198	0.05465	0.01024	0.01344	0.00794	0.01060	0.00641	0.00415	0.00422	0.00131	0.00555	0.00371	0.00220	0.00605
13	0.01030	0.44974	0.32695	0.00936	0.01392	0.02496	0.01058	0.01350	0.03677	0.01227	0.04932	0.00950	0.00768	0.00424	0.00351	0.00115	0.00521	0.00306	0.00210	0.00588
14	0.01062	0.06497	0.01680	0.02122	0.55039	0.04394	0.06898	0.01373	0.06598	0.01393	0.01118	0.01374	0.05387	0.00467	0.00437	0.00132	0.00509	0.02635	0.00247	0.00641
15	0.00796	0.00781	0.00999	0.00900	0.00998	0.07784	0.08265	0.00918	0.00872	0.01134	0.01937	0.29222	0.15735	0.00969	0.00784	0.00168	0.24377	0.02624	0.00310	0.00429
16	0.00807	0.00425	0.00609	0.00592	0.00611	0.00432	0.00403	0.04932	0.00649	0.00866	0.00773	0.01311	0.00757	0.01461	0.01635	0.82551	0.00384	0.00380	0.00203	0.00220
17	0.05727	0.04343	0.59436	0.01276	0.06321	0.06384	0.04126	0.04945	0.00989	0.01447	0.00779	0.00918	0.00569	0.00417	0.00407	0.00135	0.00621	0.00326	0.00206	0.00629
18	0.00521	0.00437	0.00453	0.00460	0.00595	0.00369	0.00341	0.00633	0.00992	0.01199	0.07726	0.10583	0.71966	0.01116	0.00519	0.00149	0.00223	0.00940	0.00408	0.00369
19	0.00654	0.00485	0.00606	0.00662	0.00781	0.00464	0.00555	0.00846	0.02627	0.01299	0.04344	0.04416	0.28326	0.01118	0.00554	0.00176	0.00328	0.46450	0.04913	0.00397
20	0.01068	0.20985	0.53378	0.01080	0.01623	0.01164	0.01296	0.05587	0.00998	0.07776	0.00831	0.00922	0.00606	0.00421	0.00387	0.00127	0.00574	0.00315	0.00226	0.00638
21	0.01210	0.11729	0.01636	0.01900	0.46831	0.06183	0.01082	0.07812	0.10875	0.05133	0.00959	0.01096	0.00766	0.00433	0.00412	0.00126	0.00497	0.00378	0.00273	0.00669
22	0.00535	0.00437	0.00473	0.00475	0.00604	0.00375	0.00352	0.00660	0.01025	0.01276	0.18281	0.10664	0.61152	0.01088	0.00519	0.00148	0.00221	0.00923	0.00419	0.00375
23	0.00616	0.00469	0.00585	0.00643	0.00757	0.00438	0.00532	0.00774	0.00994	0.01252	0.04797	0.09889	0.33590	0.01170	0.00564	0.00177	0.00317	0.41647	0.00405	0.00386
24	0.02932	0.28709	0.29177	0.01121	0.05687	0.01222	0.07873	0.05365	0.01017	0.11763	0.00866	0.00954	0.00647	0.00417	0.00381	0.00123	0.00538	0.00330	0.00250	0.00628
25	0.00856	0.00556	0.00679	0.00618	0.00781	0.00528	0.00483	0.04251	0.07273	0.12215	0.41748	0.03104	0.18360	0.00870	0.00502	0.00144	0.00265	0.05824	0.00464	0.00480
26	0.00647	0.00496	0.00753	0.00801	0.05045	0.00569	0.00582	0.00805	0.00715	0.01031	0.01154	0.01702	0.01079	0.04689	0.77044	0.00665	0.01120	0.00466	0.00233	0.00403
27	0.05050	0.24066	0.09860	0.01159	0.10865	0.23289	0.00927	0.11784	0.02164	0.01412	0.00830	0.01071	0.00708	0.00467	0.00381	0.00120	0.00568	0.04444	0.00251	0.00583
28	0.00980	0.02955	0.11853	0.09795	0.19813	0.04288	0.06322	0.03508	0.06817	0.03961	0.05342	0.09599	0.01154	0.05363	0.00604	0.00158	0.05065	0.00508	0.00277	0.01638
29	0.00903	0.07376	0.62042	0.01268	0.08287	0.01031	0.01417	0.01382	0.05101	0.01374	0.01017	0.01129	0.04880	0.00455	0.00414	0.00135	0.00585	0.00362	0.00212	0.00631

[dist]
# distance from previous block
# <min> <max>
0	452

# created by:
# /st0/software/busco_prod/Augustus/scripts/msa2prfl.pl ./align_prep/93160.fa
