[name]
unknown

[dist]
# distance from previous block
# <min> <max>
0	321

[block]
# block no. 0 follows, 60 sequences, length 96
# corresponding to MSA columns:
# 443-455,468-491,494-503,505-553
name=unknown_A
#
# <colnr> <probs for GDERKNQSTAVLIFYWHMCP>
#	G	D	E	R	K	N	Q	S	T	A	V	L	I	F	Y	W	H	M	C	P
0	0.00690	0.00493	0.00688	0.00788	0.00883	0.00491	0.00680	0.00881	0.00991	0.01290	0.02317	0.11087	0.02539	0.01217	0.00599	0.00199	0.00390	0.72980	0.00402	0.00398
1	0.01156	0.37506	0.19755	0.01194	0.12980	0.14066	0.01032	0.01390	0.00968	0.02314	0.00777	0.00900	0.02178	0.00419	0.00373	0.00115	0.01784	0.00301	0.00206	0.00587
2	0.84432	0.04069	0.00704	0.00580	0.00854	0.01007	0.00483	0.01283	0.00748	0.01921	0.00607	0.00708	0.00476	0.00404	0.00270	0.00133	0.00342	0.00236	0.00267	0.00476
3	0.01079	0.01036	0.01770	0.02677	0.81952	0.01036	0.01339	0.01339	0.00993	0.01425	0.00820	0.01079	0.00691	0.00389	0.00432	0.00130	0.00518	0.00389	0.00216	0.00691
4	0.01026	0.00876	0.00936	0.00848	0.01077	0.01001	0.00659	0.02129	0.71162	0.01799	0.09332	0.01872	0.02782	0.00638	0.00454	0.00148	0.00331	0.01828	0.00446	0.00655
5	0.00616	0.00445	0.00575	0.00542	0.00647	0.00410	0.00407	0.00818	0.01220	0.01725	0.77443	0.03269	0.07095	0.00894	0.00511	0.00137	0.00206	0.00788	0.01842	0.00410
6	0.00523	0.00431	0.00459	0.00475	0.00599	0.00368	0.00348	0.00631	0.00977	0.01192	0.07403	0.18033	0.64775	0.01141	0.00523	0.00152	0.00226	0.00970	0.00408	0.00368
7	0.00550	0.00443	0.00489	0.00478	0.00610	0.00383	0.00358	0.00692	0.01075	0.01370	0.30355	0.03882	0.55719	0.01033	0.00515	0.00144	0.00216	0.00876	0.00430	0.00383
8	0.01100	0.00944	0.00995	0.00891	0.01140	0.01092	0.00694	0.04377	0.79079	0.01849	0.01756	0.01612	0.01316	0.00590	0.00444	0.00147	0.00349	0.00490	0.00444	0.00692
9	0.87753	0.00843	0.00641	0.00574	0.00843	0.00978	0.00472	0.01282	0.00742	0.01957	0.00607	0.00709	0.00472	0.00405	0.00270	0.00135	0.00337	0.00236	0.00270	0.00472
10	0.02897	0.00605	0.00727	0.00603	0.00829	0.00564	0.00483	0.04790	0.01107	0.37579	0.01513	0.01509	0.01065	0.00517	0.00370	0.00118	0.00294	0.00414	0.41716	0.02302
11	0.01363	0.01520	0.01114	0.01008	0.01244	0.42915	0.00768	0.02023	0.40309	0.01437	0.01212	0.01197	0.00938	0.00519	0.00418	0.00130	0.00571	0.00385	0.00332	0.00596
12	0.14603	0.01165	0.01208	0.00939	0.01276	0.01296	0.00775	0.68587	0.01854	0.02630	0.00981	0.00996	0.00701	0.00506	0.00411	0.00132	0.00458	0.00369	0.00411	0.00701
13	0.87753	0.00843	0.00641	0.00574	0.00843	0.00978	0.00472	0.01282	0.00742	0.01957	0.00607	0.00709	0.00472	0.00405	0.00270	0.00135	0.00337	0.00236	0.00270	0.00472
14	0.00517	0.00437	0.00447	0.00454	0.00592	0.00367	0.00337	0.00625	0.00982	0.01173	0.04268	0.10194	0.75875	0.01124	0.00519	0.00150	0.00223	0.00944	0.00405	0.00367
15	0.87753	0.00843	0.00641	0.00574	0.00843	0.00978	0.00472	0.01282	0.00742	0.01957	0.00607	0.00709	0.00472	0.00405	0.00270	0.00135	0.00337	0.00236	0.00270	0.00472
16	0.01035	0.00985	0.01675	0.10810	0.70241	0.01006	0.01294	0.01293	0.00975	0.01382	0.00861	0.01200	0.00735	0.00471	0.02055	0.00144	0.00534	0.02429	0.00219	0.00656
17	0.00919	0.02194	0.79060	0.01224	0.01856	0.00998	0.01571	0.01412	0.00934	0.04712	0.00821	0.00944	0.00574	0.00420	0.00415	0.00138	0.00633	0.00327	0.00199	0.00649
18	0.01085	0.00937	0.00986	0.00888	0.01134	0.01085	0.00690	0.02318	0.81164	0.01824	0.01775	0.01627	0.01331	0.00592	0.00444	0.00148	0.00345	0.00493	0.00444	0.00690
19	0.01887	0.00748	0.01004	0.00780	0.01108	0.00662	0.00641	0.02115	0.05814	0.76513	0.01733	0.02658	0.01119	0.00554	0.00441	0.00136	0.00368	0.00453	0.00532	0.00734
20	0.00891	0.00826	0.01371	0.38828	0.33406	0.00913	0.01140	0.01153	0.02041	0.01243	0.01017	0.09411	0.00930	0.02538	0.00493	0.00150	0.00513	0.02355	0.00233	0.00548
21	0.01059	0.54796	0.24246	0.04065	0.01394	0.02498	0.00996	0.01306	0.00893	0.01127	0.00683	0.00816	0.00578	0.00493	0.03336	0.00130	0.00550	0.00273	0.00188	0.00573
22	0.00542	0.00397	0.00512	0.00600	0.00646	0.00367	0.00417	0.00631	0.00868	0.01136	0.02663	0.68098	0.13258	0.01320	0.00555	0.00175	0.00259	0.06793	0.00405	0.00359
23	0.01931	0.00736	0.01004	0.00772	0.01104	0.00637	0.00637	0.02100	0.01248	0.80691	0.03274	0.01519	0.01139	0.00547	0.00440	0.00135	0.00368	0.00445	0.00539	0.00736
24	0.03771	0.01022	0.03400	0.13783	0.51679	0.03189	0.02308	0.04601	0.01026	0.06063	0.00909	0.02365	0.00747	0.00444	0.00444	0.00135	0.01528	0.01699	0.00247	0.00640
25	0.00843	0.00795	0.01343	0.77571	0.08908	0.00974	0.01221	0.01131	0.00881	0.01138	0.00779	0.01157	0.00590	0.00432	0.00436	0.00144	0.00577	0.00388	0.00195	0.00500
26	0.87753	0.00843	0.00641	0.00574	0.00843	0.00978	0.00472	0.01282	0.00742	0.01957	0.00607	0.00709	0.00472	0.00405	0.00270	0.00135	0.00337	0.00236	0.00270	0.00472
27	0.01932	0.00735	0.00999	0.00768	0.01100	0.00636	0.00634	0.02102	0.01241	0.80523	0.01714	0.01488	0.01080	0.00539	0.00436	0.00134	0.00368	0.00438	0.02398	0.00735
28	0.00883	0.00836	0.01416	0.64714	0.21446	0.00985	0.01241	0.01167	0.00900	0.01187	0.00786	0.01143	0.00607	0.00425	0.00435	0.00142	0.00567	0.00388	0.00199	0.00533
29	0.00593	0.00438	0.00554	0.00540	0.00640	0.00399	0.00399	0.00770	0.01154	0.01594	0.61494	0.12631	0.15223	0.00977	0.00519	0.00143	0.00213	0.00859	0.00461	0.00399
30	0.00517	0.00442	0.00445	0.00444	0.00590	0.00369	0.00333	0.00630	0.00999	0.01189	0.05907	0.04179	0.80280	0.01100	0.00515	0.00147	0.00221	0.00918	0.00406	0.00369
31	0.00688	0.00492	0.00686	0.00786	0.00880	0.00489	0.00677	0.00878	0.00990	0.01289	0.02317	0.11719	0.02542	0.01219	0.00598	0.00199	0.00389	0.72361	0.00402	0.00398
32	0.03208	0.00744	0.01007	0.00773	0.01109	0.00646	0.00639	0.02113	0.01241	0.81083	0.01704	0.01473	0.01071	0.00538	0.00436	0.00135	0.00371	0.00436	0.00536	0.00738
33	0.00813	0.00407	0.00407	0.00407	0.00508	0.00407	0.00305	0.01016	0.00915	0.01626	0.01423	0.01626	0.01118	0.00508	0.00305	0.00102	0.00203	0.00407	0.87093	0.00407
34	0.00824	0.00775	0.01308	0.83624	0.03004	0.00969	0.01211	0.01114	0.00872	0.01114	0.00775	0.01163	0.00581	0.00436	0.00436	0.00145	0.00581	0.00388	0.00194	0.00484
35	0.01580	0.01946	0.01233	0.04273	0.01404	0.72899	0.00851	0.05455	0.04220	0.01177	0.00736	0.00844	0.00600	0.00458	0.00399	0.00116	0.00748	0.00298	0.00242	0.00523
36	0.00646	0.00511	0.02242	0.00675	0.00776	0.00475	0.00536	0.00877	0.06388	0.01370	0.19870	0.29374	0.08350	0.01123	0.00548	0.00171	0.00300	0.24940	0.00419	0.00411
37	0.01011	0.34390	0.41245	0.01070	0.04440	0.01280	0.02141	0.03970	0.00955	0.01290	0.01931	0.00965	0.02723	0.00425	0.00368	0.00120	0.00549	0.00317	0.00205	0.00605
38	0.01288	0.00961	0.03168	0.04383	0.06075	0.04663	0.00767	0.10983	0.32365	0.18461	0.05142	0.01711	0.03184	0.00598	0.00450	0.00142	0.00408	0.04174	0.00421	0.00655
39	0.14129	0.00757	0.00959	0.00747	0.01075	0.00689	0.00617	0.02006	0.01177	0.70862	0.01563	0.01374	0.00993	0.00521	0.00415	0.00135	0.00366	0.00410	0.00502	0.00704
40	0.01242	0.01680	0.20352	0.01275	0.11224	0.33310	0.01042	0.05276	0.06813	0.02360	0.02493	0.04450	0.00821	0.00560	0.02013	0.00141	0.03733	0.00383	0.00255	0.00577
41	0.01111	0.01138	0.10165	0.01989	0.42003	0.00996	0.16699	0.01484	0.07276	0.08585	0.03544	0.01229	0.00863	0.00432	0.00450	0.00136	0.00537	0.00432	0.00268	0.00662
42	0.00903	0.00500	0.00647	0.00602	0.00747	0.00447	0.00452	0.01054	0.01102	0.20750	0.32228	0.22458	0.13396	0.02011	0.00528	0.00151	0.00261	0.00829	0.00464	0.00469
43	0.00984	0.00956	0.01676	0.31345	0.46955	0.01018	0.08203	0.01264	0.00953	0.01312	0.00810	0.01118	0.00649	0.00404	0.00441	0.00137	0.00560	0.00399	0.00208	0.00609
44	0.01184	0.51085	0.19832	0.00969	0.04645	0.03540	0.02037	0.03293	0.00966	0.07759	0.00761	0.00845	0.00611	0.00402	0.00339	0.00110	0.00512	0.00285	0.00223	0.00602
45	0.00895	0.03855	0.72300	0.01242	0.01836	0.01046	0.04490	0.01391	0.02995	0.01372	0.00800	0.00945	0.00578	0.00431	0.00458	0.00140	0.04064	0.00334	0.00193	0.00635
46	0.00522	0.00429	0.00456	0.00475	0.00594	0.00367	0.00344	0.00623	0.00952	0.01155	0.03928	0.19927	0.63790	0.03730	0.00576	0.00162	0.00233	0.00974	0.00401	0.00362
47	0.00838	0.00557	0.01913	0.00612	0.00788	0.00488	0.01940	0.01937	0.03246	0.14643	0.29071	0.05387	0.30786	0.00910	0.00504	0.00145	0.00273	0.05049	0.00446	0.00466
48	0.01162	0.10022	0.09064	0.06600	0.40375	0.06360	0.05606	0.05808	0.01057	0.06495	0.00893	0.03028	0.00728	0.00435	0.00420	0.00129	0.00540	0.00390	0.00247	0.00641
49	0.01088	0.04628	0.42088	0.01189	0.06453	0.01053	0.02709	0.12424	0.08166	0.07055	0.01070	0.01156	0.02956	0.00547	0.02364	0.00151	0.03597	0.00382	0.00276	0.00648
50	0.01225	0.00974	0.01040	0.00898	0.01164	0.01105	0.00708	0.16920	0.61529	0.05646	0.01630	0.01530	0.01213	0.01813	0.00468	0.00148	0.00373	0.00474	0.00444	0.00696
51	0.40447	0.01153	0.07164	0.06906	0.19757	0.10974	0.00868	0.04572	0.00941	0.02574	0.00720	0.00873	0.00565	0.00416	0.00353	0.00132	0.00479	0.00302	0.00250	0.00554
52	0.01617	0.04262	0.01264	0.01114	0.01342	0.80782	0.00840	0.01730	0.01227	0.01066	0.00672	0.00784	0.00562	0.00447	0.00390	0.00112	0.00778	0.00280	0.00224	0.00507
53	0.02668	0.07644	0.15030	0.01175	0.05747	0.22612	0.06480	0.14547	0.09816	0.03677	0.00914	0.01005	0.00701	0.00467	0.00447	0.00128	0.03621	0.00354	0.00281	0.02684
54	0.01378	0.06886	0.05565	0.01433	0.17191	0.45199	0.06341	0.03292	0.03251	0.02266	0.00810	0.02902	0.00679	0.00454	0.00410	0.00121	0.00667	0.00350	0.00237	0.00567
55	0.00567	0.00437	0.00517	0.00512	0.00624	0.00388	0.00378	0.00719	0.01093	0.01448	0.41653	0.12549	0.35482	0.01030	0.00519	0.00146	0.00217	0.00892	0.00441	0.00388
56	0.00569	0.00458	0.01655	0.00516	0.00624	0.00396	0.00381	0.00703	0.01019	0.01336	0.30369	0.14838	0.35167	0.09192	0.00685	0.00175	0.00246	0.00883	0.00414	0.00375
57	0.00659	0.00457	0.00586	0.00567	0.00669	0.00426	0.00419	0.00864	0.03144	0.04236	0.60170	0.15555	0.06293	0.02009	0.00535	0.00147	0.00225	0.00836	0.01787	0.00417
58	0.00959	0.00910	0.01531	0.28850	0.43255	0.00998	0.03103	0.01212	0.00925	0.01279	0.00872	0.01319	0.00751	0.02292	0.00549	0.00149	0.06157	0.04087	0.00217	0.00584
59	0.01085	0.01124	0.06547	0.03295	0.62069	0.02836	0.01268	0.04576	0.01005	0.01432	0.00801	0.01048	0.00669	0.00429	0.00515	0.00134	0.07835	0.00379	0.00222	0.02731
60	0.00533	0.00384	0.00505	0.00599	0.00631	0.00356	0.00402	0.00613	0.00850	0.01129	0.04150	0.79384	0.06159	0.01346	0.00554	0.00175	0.00251	0.01217	0.00406	0.00356
61	0.01175	0.83367	0.02266	0.00753	0.01124	0.03262	0.00748	0.01314	0.00893	0.01027	0.00608	0.00701	0.00560	0.00375	0.00282	0.00094	0.00472	0.00234	0.00187	0.00559
62	0.00532	0.00383	0.00505	0.00600	0.00631	0.00356	0.00402	0.00612	0.00848	0.01127	0.03910	0.80095	0.05686	0.01349	0.00554	0.00175	0.00251	0.01220	0.00406	0.00356
63	0.12771	0.01149	0.01205	0.00937	0.01273	0.01272	0.00773	0.65762	0.03374	0.05678	0.01030	0.01031	0.00731	0.00510	0.00415	0.00132	0.00455	0.00376	0.00419	0.00706
64	0.01621	0.04678	0.01336	0.00990	0.01333	0.03301	0.00820	0.74233	0.01966	0.02615	0.01039	0.02198	0.00760	0.00527	0.00431	0.00130	0.00484	0.00395	0.00421	0.00723
65	0.00670	0.00561	0.00934	0.00838	0.00949	0.00533	0.16654	0.00798	0.00849	0.01137	0.03906	0.41407	0.02139	0.20513	0.00937	0.00229	0.00399	0.05827	0.00336	0.00385
66	0.01310	0.04583	0.06010	0.01582	0.24729	0.04828	0.16112	0.07747	0.03670	0.19821	0.01132	0.04597	0.00869	0.00480	0.00446	0.00135	0.00524	0.00448	0.00320	0.00656
67	0.01658	0.01222	0.01309	0.01003	0.01353	0.01353	0.00829	0.80497	0.02051	0.02749	0.01047	0.01047	0.00742	0.00524	0.00436	0.00131	0.00480	0.00393	0.00436	0.00742
68	0.00573	0.00444	0.00521	0.00502	0.00624	0.00393	0.00377	0.00737	0.01130	0.01500	0.47985	0.03668	0.38007	0.00985	0.00515	0.00142	0.00212	0.00846	0.00447	0.00393
69	0.00824	0.00775	0.01308	0.83624	0.03004	0.00969	0.01211	0.01114	0.00872	0.01114	0.00775	0.01163	0.00581	0.00436	0.00436	0.00145	0.00581	0.00388	0.00194	0.00484
70	0.02652	0.11259	0.45062	0.03194	0.08518	0.04248	0.06812	0.05733	0.02885	0.04459	0.00838	0.00968	0.00620	0.00421	0.00407	0.00132	0.00592	0.00342	0.00226	0.00633
71	0.00634	0.00423	0.00476	0.00476	0.00476	0.00423	0.00264	0.00634	0.00634	0.00846	0.01374	0.02854	0.01586	0.84672	0.02220	0.00423	0.00423	0.00634	0.00264	0.00264
72	0.01931	0.00745	0.01007	0.00773	0.01107	0.00650	0.00638	0.03523	0.01257	0.79350	0.01703	0.01479	0.01074	0.00539	0.00436	0.00134	0.00370	0.00437	0.02112	0.00736
73	0.02256	0.07456	0.22943	0.04391	0.09650	0.01953	0.10312	0.02514	0.05051	0.27459	0.01136	0.01174	0.00791	0.00455	0.00426	0.00134	0.00520	0.00393	0.00324	0.00662
74	0.01073	0.37382	0.15041	0.01170	0.06269	0.01281	0.18089	0.01347	0.02408	0.04654	0.02444	0.05319	0.00815	0.00452	0.00390	0.00122	0.00534	0.00394	0.00232	0.00584
75	0.00532	0.00441	0.00466	0.00462	0.00600	0.00375	0.00346	0.00657	0.01029	0.01267	0.16652	0.05723	0.67794	0.01076	0.00516	0.00146	0.00219	0.00906	0.00417	0.00375
76	0.01287	0.01533	0.01021	0.00968	0.03044	0.54430	0.00708	0.01434	0.02590	0.01197	0.10718	0.05229	0.10950	0.00623	0.00429	0.00123	0.00600	0.00469	0.02169	0.00477
77	0.01044	0.00990	0.04497	0.28379	0.32864	0.01015	0.07382	0.08906	0.02379	0.03131	0.00892	0.01201	0.00708	0.00467	0.00476	0.02399	0.00545	0.01881	0.00243	0.00602
78	0.01095	0.01404	0.24477	0.03174	0.01450	0.05879	0.02823	0.09727	0.40070	0.01704	0.01356	0.01343	0.02485	0.00526	0.00434	0.00141	0.00483	0.00427	0.00343	0.00658
79	0.00869	0.02214	0.80519	0.01227	0.01859	0.00999	0.01584	0.01368	0.00928	0.01390	0.02656	0.00975	0.00635	0.00425	0.00417	0.00138	0.00634	0.00333	0.00191	0.00639
80	0.03413	0.03235	0.04352	0.04034	0.14067	0.07221	0.02560	0.21159	0.05135	0.02874	0.00899	0.01007	0.00698	0.00421	0.00391	0.00110	0.00464	0.00340	0.00299	0.27323
81	0.00901	0.00848	0.01412	0.51857	0.26701	0.00977	0.01199	0.01191	0.02438	0.01247	0.04253	0.01230	0.00779	0.00453	0.00464	0.00141	0.02736	0.00407	0.00217	0.00548
82	0.00531	0.00390	0.00498	0.00581	0.00626	0.00358	0.00394	0.00615	0.00868	0.01138	0.04543	0.70425	0.14803	0.01316	0.00549	0.00172	0.00247	0.01181	0.00407	0.00358
83	0.01191	0.77834	0.02198	0.00779	0.01135	0.06909	0.00757	0.01328	0.00904	0.01029	0.00610	0.00711	0.00560	0.00386	0.00312	0.00097	0.02277	0.00239	0.00189	0.00554
84	0.00612	0.00446	0.00575	0.00543	0.00648	0.00409	0.00407	0.00812	0.01221	0.01717	0.77367	0.03311	0.08490	0.00904	0.00514	0.00138	0.00207	0.00796	0.00476	0.00409
85	0.00531	0.00380	0.00506	0.00607	0.00633	0.00354	0.00405	0.00607	0.00835	0.01113	0.02404	0.84388	0.02885	0.01366	0.00557	0.00177	0.00253	0.01240	0.00405	0.00354
86	0.00530	0.00439	0.00464	0.00465	0.00600	0.00374	0.00346	0.00652	0.01020	0.01254	0.15008	0.07955	0.67214	0.01088	0.00517	0.00147	0.00220	0.00918	0.00415	0.00374
87	0.00970	0.00980	0.01334	0.01145	0.01150	0.03218	0.00952	0.01066	0.00681	0.01050	0.00575	0.00950	0.00572	0.00756	0.01407	0.00189	0.81957	0.00379	0.00192	0.00478
88	0.01629	0.02079	0.01236	0.01124	0.01348	0.82921	0.00843	0.01742	0.01236	0.01067	0.00674	0.00787	0.00562	0.00449	0.00393	0.00112	0.00787	0.00281	0.00225	0.00506
89	0.01957	0.00742	0.01012	0.00776	0.01113	0.00641	0.00641	0.02126	0.01248	0.82254	0.01721	0.01484	0.01080	0.00540	0.00439	0.00135	0.00371	0.00439	0.00540	0.00742
90	0.84463	0.00840	0.00655	0.00581	0.00854	0.00965	0.00479	0.01314	0.00762	0.05036	0.00650	0.00738	0.00496	0.00410	0.00276	0.00135	0.00339	0.00244	0.00280	0.00483
91	0.00832	0.00663	0.00788	0.00762	0.00915	0.00735	0.00599	0.01449	0.34556	0.01514	0.12425	0.04376	0.01895	0.03433	0.17226	0.00274	0.00499	0.14082	0.02460	0.00517
92	0.03422	0.00706	0.00946	0.00743	0.01049	0.00618	0.00607	0.01957	0.01209	0.71374	0.04785	0.04957	0.01260	0.00584	0.00438	0.00136	0.00353	0.00480	0.03680	0.00696
93	0.04131	0.08245	0.35518	0.01093	0.01498	0.11083	0.09596	0.01283	0.00947	0.02708	0.01116	0.10363	0.04197	0.00663	0.03561	0.00159	0.02585	0.00463	0.00238	0.00553
94	0.02952	0.00846	0.00977	0.00940	0.07163	0.02324	0.00678	0.06485	0.36400	0.11800	0.08708	0.04706	0.01500	0.03845	0.00514	0.00151	0.00365	0.03402	0.00413	0.05830
95	0.00693	0.00580	0.03977	0.00717	0.07634	0.02015	0.00433	0.00745	0.00707	0.00944	0.01411	0.07089	0.03239	0.65965	0.01829	0.00361	0.00433	0.00633	0.00267	0.00329

[dist]
# distance from previous block
# <min> <max>
2	3

[block]
# block no. 1 follows, 60 sequences, length 47
# corresponding to MSA columns:
# 557-580,595-617
name=unknown_B
#
# <colnr> <probs for GDERKNQSTAVLIFYWHMCP>
#	G	D	E	R	K	N	Q	S	T	A	V	L	I	F	Y	W	H	M	C	P
0	0.00816	0.00679	0.00919	0.02108	0.18669	0.00687	0.00674	0.01224	0.17181	0.02594	0.33383	0.05228	0.12559	0.00754	0.00482	0.00140	0.00313	0.00664	0.00400	0.00527
1	0.01316	0.01071	0.01115	0.00937	0.01222	0.03018	0.00747	0.32171	0.49153	0.02161	0.01472	0.01387	0.01089	0.00562	0.00440	0.00141	0.00407	0.00450	0.00436	0.00706
2	0.00959	0.13733	0.39030	0.00988	0.02934	0.01838	0.01081	0.04827	0.01058	0.05541	0.18505	0.01532	0.01418	0.00541	0.00422	0.00130	0.00488	0.02358	0.00286	0.02328
3	0.01115	0.67038	0.13506	0.00898	0.01315	0.01579	0.06895	0.01323	0.00902	0.01104	0.00652	0.00767	0.00566	0.00378	0.00316	0.00104	0.00512	0.00267	0.00189	0.00574
4	0.72546	0.12916	0.00896	0.00616	0.00899	0.03767	0.00524	0.01301	0.00779	0.01795	0.00609	0.00710	0.00488	0.00402	0.00275	0.00128	0.00371	0.00237	0.00257	0.00486
5	0.00533	0.00405	0.00488	0.00545	0.00615	0.00364	0.00377	0.00626	0.00905	0.01163	0.07407	0.50913	0.29355	0.03447	0.00584	0.00171	0.00244	0.01092	0.00405	0.00360
6	0.00937	0.03832	0.74727	0.01224	0.01832	0.07227	0.01537	0.01407	0.00944	0.01351	0.00771	0.00906	0.00553	0.00416	0.00410	0.00135	0.00652	0.00317	0.00187	0.00632
7	0.00714	0.00511	0.00689	0.00723	0.00824	0.00502	0.02800	0.00934	0.07005	0.04540	0.03556	0.32750	0.07398	0.05752	0.00647	0.00192	0.00339	0.29309	0.00400	0.00416
8	0.01052	0.00920	0.00950	0.00858	0.01097	0.02524	0.00666	0.02179	0.73636	0.01762	0.01955	0.01806	0.07407	0.00628	0.00448	0.00147	0.00344	0.00522	0.00437	0.00663
9	0.00694	0.00493	0.00681	0.00774	0.00865	0.00493	0.00663	0.00876	0.00972	0.01266	0.02241	0.06574	0.02449	0.07527	0.00724	0.00217	0.00400	0.71311	0.00391	0.00390
10	0.04160	0.00772	0.02147	0.00810	0.01147	0.00665	0.03069	0.02039	0.01217	0.74438	0.01668	0.01537	0.01081	0.00547	0.00440	0.00137	0.00386	0.02503	0.00514	0.00720
11	0.01054	0.00905	0.00960	0.00865	0.01102	0.01041	0.00672	0.02219	0.75909	0.01819	0.07031	0.01734	0.01514	0.00611	0.00448	0.00147	0.00336	0.00513	0.00446	0.00672
12	0.01629	0.02079	0.01236	0.01124	0.01348	0.82921	0.00843	0.01742	0.01236	0.01067	0.00674	0.00787	0.00562	0.00449	0.00393	0.00112	0.00787	0.00281	0.00225	0.00506
13	0.00907	0.00892	0.01345	0.01132	0.01193	0.01166	0.08982	0.01045	0.00754	0.01135	0.06033	0.01294	0.00907	0.00944	0.07804	0.00224	0.61048	0.02500	0.00222	0.00475
14	0.00624	0.00455	0.00642	0.00644	0.00702	0.00512	0.00474	0.00741	0.00687	0.00973	0.01239	0.03329	0.01241	0.23240	0.61781	0.00624	0.00970	0.00521	0.00244	0.00358
15	0.87753	0.00843	0.00641	0.00574	0.00843	0.00978	0.00472	0.01282	0.00742	0.01957	0.00607	0.00709	0.00472	0.00405	0.00270	0.00135	0.00337	0.00236	0.00270	0.00472
16	0.00913	0.00802	0.01014	0.00724	0.01115	0.00616	0.05766	0.01118	0.00913	0.01420	0.00782	0.00922	0.00647	0.00326	0.00336	0.00070	0.00350	0.00275	0.00256	0.81635
17	0.00634	0.00423	0.00476	0.00476	0.00476	0.00423	0.00264	0.00634	0.00634	0.00846	0.01374	0.02854	0.01586	0.84672	0.02220	0.00423	0.00423	0.00634	0.00264	0.00264
18	0.00531	0.00380	0.00506	0.00607	0.00633	0.00354	0.00405	0.00607	0.00835	0.01113	0.02404	0.84388	0.02885	0.01366	0.00557	0.00177	0.00253	0.01240	0.00405	0.00354
19	0.00543	0.00385	0.00508	0.00601	0.00626	0.00362	0.00400	0.00615	0.00823	0.01097	0.02324	0.76616	0.02779	0.07669	0.00684	0.00196	0.00269	0.02759	0.00394	0.00348
20	0.01081	0.00934	0.00985	0.00883	0.01132	0.01075	0.00687	0.02293	0.79523	0.01816	0.01755	0.01612	0.01317	0.00586	0.00441	0.00146	0.00345	0.00488	0.00440	0.02461
21	0.00954	0.00954	0.01336	0.01145	0.01145	0.01336	0.00954	0.01050	0.00668	0.01050	0.00573	0.00954	0.00573	0.00763	0.01431	0.00191	0.83874	0.00382	0.00191	0.00477
22	0.00531	0.00380	0.00506	0.00607	0.00633	0.00354	0.00405	0.00607	0.00835	0.01113	0.02404	0.84388	0.02885	0.01366	0.00557	0.00177	0.00253	0.01240	0.00405	0.00354
23	0.00531	0.00380	0.00506	0.00607	0.00633	0.00354	0.00405	0.00607	0.00835	0.01113	0.02404	0.84388	0.02885	0.01366	0.00557	0.00177	0.00253	0.01240	0.00405	0.00354
24	0.00563	0.00450	0.00485	0.00489	0.00628	0.00386	0.00374	0.00689	0.01017	0.02544	0.11246	0.06167	0.65349	0.01090	0.00522	0.00151	0.00236	0.06821	0.00414	0.00380
25	0.11158	0.67046	0.01997	0.00787	0.02938	0.05654	0.00727	0.01320	0.00890	0.01155	0.00619	0.00719	0.00555	0.00380	0.00289	0.00099	0.00465	0.00240	0.00201	0.02762
26	0.00536	0.00383	0.00511	0.00604	0.00634	0.00358	0.00405	0.00620	0.00859	0.01151	0.07123	0.79561	0.02958	0.01338	0.00554	0.00175	0.00250	0.01213	0.00409	0.00358
27	0.00537	0.00383	0.00512	0.00614	0.00641	0.00359	0.00414	0.00617	0.00840	0.01119	0.02401	0.81849	0.02873	0.01361	0.00558	0.00178	0.00258	0.03724	0.00405	0.00356
28	0.01074	0.01031	0.01761	0.04311	0.80358	0.01035	0.01336	0.01334	0.00991	0.01419	0.00819	0.01081	0.00689	0.00390	0.00432	0.00130	0.00519	0.00389	0.00215	0.00687
29	0.00956	0.00921	0.01604	0.36756	0.41075	0.00997	0.06933	0.01232	0.00941	0.01285	0.00841	0.02985	0.00692	0.00429	0.00442	0.00139	0.00554	0.00416	0.00211	0.00589
30	0.01574	0.01180	0.01262	0.00987	0.01321	0.01313	0.00809	0.69076	0.13608	0.02614	0.01153	0.01132	0.00828	0.00534	0.00437	0.00133	0.00460	0.00407	0.00437	0.00734
31	0.11228	0.02998	0.02894	0.01324	0.23319	0.00902	0.02525	0.05265	0.08323	0.33436	0.01242	0.01231	0.00872	0.00473	0.00413	0.00132	0.00425	0.00396	0.00380	0.02221
32	0.00966	0.00851	0.01050	0.00893	0.08841	0.02130	0.02591	0.04205	0.00966	0.01466	0.00791	0.00931	0.00653	0.00340	0.00344	0.00076	0.00366	0.00283	0.00260	0.71998
33	0.05523	0.01156	0.01238	0.00956	0.01294	0.01270	0.00788	0.70331	0.01916	0.07299	0.01076	0.01072	0.00759	0.00519	0.00426	0.00131	0.00460	0.00389	0.02677	0.00721
34	0.00824	0.00775	0.01308	0.83624	0.03004	0.00969	0.01211	0.01114	0.00872	0.01114	0.00775	0.01163	0.00581	0.00436	0.00436	0.00145	0.00581	0.00388	0.00194	0.00484
35	0.00522	0.00442	0.00450	0.00448	0.00593	0.00371	0.00336	0.00638	0.01009	0.01213	0.09113	0.04140	0.77058	0.01092	0.00515	0.00147	0.00220	0.00912	0.00410	0.00371
36	0.00605	0.00445	0.00566	0.00536	0.00644	0.00406	0.00402	0.00800	0.01206	0.01681	0.72524	0.03370	0.13355	0.00917	0.00515	0.00138	0.00208	0.00804	0.00471	0.00406
37	0.00593	0.00456	0.00533	0.00515	0.00631	0.00415	0.00382	0.00774	0.03199	0.01458	0.42799	0.03569	0.33486	0.07312	0.00643	0.00164	0.00235	0.02012	0.00433	0.00391
38	0.00611	0.00446	0.00574	0.00542	0.00647	0.00409	0.00406	0.00810	0.01219	0.01711	0.76639	0.03320	0.09221	0.00906	0.00514	0.00138	0.00207	0.00797	0.00475	0.00409
39	0.01855	0.00826	0.01054	0.00817	0.01150	0.00775	0.00672	0.13690	0.06620	0.65247	0.01625	0.01429	0.01046	0.00541	0.00439	0.00135	0.00385	0.00435	0.00518	0.00739
40	0.01658	0.01222	0.01309	0.01003	0.01353	0.01353	0.00829	0.80497	0.02051	0.02749	0.01047	0.01047	0.00742	0.00524	0.00436	0.00131	0.00480	0.00393	0.00436	0.00742
41	0.07727	0.03761	0.39243	0.01206	0.08821	0.01107	0.01193	0.24974	0.01257	0.01841	0.02565	0.01015	0.00702	0.00455	0.00408	0.00133	0.00538	0.00352	0.02051	0.00653
42	0.00772	0.00441	0.00594	0.00638	0.00715	0.00405	0.00449	0.00859	0.00899	0.14293	0.02248	0.67143	0.02529	0.01233	0.00568	0.02426	0.00279	0.02677	0.00421	0.00414
43	0.00670	0.00536	0.00791	0.00764	0.00831	0.00657	0.00603	0.00817	0.00696	0.01018	0.01084	0.01606	0.01017	0.02916	0.71415	0.00629	0.12866	0.00455	0.00228	0.00402
44	0.00906	0.00813	0.01319	0.53527	0.12818	0.00943	0.03864	0.07113	0.00984	0.01302	0.05115	0.01322	0.00842	0.03292	0.01705	0.02414	0.00549	0.00423	0.00234	0.00514
45	0.00554	0.00402	0.00497	0.00554	0.00600	0.00373	0.00370	0.00633	0.00859	0.01131	0.09239	0.50914	0.15225	0.15551	0.00831	0.00211	0.00273	0.01048	0.00387	0.00346
46	0.13999	0.00815	0.00989	0.00775	0.01095	0.00786	0.00638	0.13291	0.01282	0.56373	0.02947	0.01349	0.01002	0.00576	0.01963	0.00145	0.00394	0.00410	0.00480	0.00691

[dist]
# distance from previous block
# <min> <max>
3	6

[block]
# block no. 2 follows, 60 sequences, length 9
# corresponding to MSA columns:
# 625-633
name=unknown_C
#
# <colnr> <probs for GDERKNQSTAVLIFYWHMCP>
#	G	D	E	R	K	N	Q	S	T	A	V	L	I	F	Y	W	H	M	C	P
0	0.00584	0.00478	0.02643	0.00617	0.00703	0.00410	0.00446	0.00720	0.02893	0.01208	0.07948	0.62805	0.08599	0.01198	0.00528	0.00163	0.00264	0.01075	0.00395	0.06322
1	0.07269	0.14808	0.06761	0.02824	0.16427	0.32540	0.00938	0.04849	0.04186	0.04390	0.00793	0.00908	0.00636	0.00432	0.00382	0.00119	0.00596	0.00314	0.00246	0.00581
2	0.01339	0.01522	0.01324	0.01539	0.25847	0.44216	0.00956	0.05132	0.01160	0.01270	0.00940	0.06821	0.00871	0.00537	0.00429	0.00128	0.00634	0.04525	0.00253	0.00557
3	0.00696	0.00513	0.00653	0.00621	0.00771	0.00459	0.00463	0.00833	0.00897	0.04353	0.08238	0.31417	0.10491	0.01347	0.14263	0.00232	0.00423	0.02875	0.00354	0.20101
4	0.01446	0.01795	0.01114	0.01037	0.01229	0.69121	0.00770	0.01552	0.01169	0.01075	0.00963	0.14760	0.00950	0.00603	0.00421	0.00123	0.00697	0.00441	0.00255	0.00480
5	0.01026	0.00993	0.00960	0.00726	0.01086	0.14344	0.00571	0.01206	0.00960	0.01362	0.00758	0.00885	0.00632	0.00344	0.00335	0.00073	0.00400	0.00262	0.00253	0.72825
6	0.00787	0.00898	0.14389	0.00825	0.04360	0.00701	0.00709	0.02979	0.19287	0.01584	0.27725	0.06616	0.15829	0.00775	0.00479	0.00143	0.00335	0.00663	0.00394	0.00522
7	0.10035	0.06200	0.01131	0.06382	0.06229	0.21472	0.00756	0.13512	0.11087	0.02956	0.01180	0.14946	0.01082	0.00619	0.00420	0.00135	0.00494	0.00494	0.00320	0.00553
8	0.03314	0.19708	0.01306	0.00859	0.02675	0.01149	0.02557	0.17109	0.24658	0.05893	0.01226	0.01323	0.00968	0.05052	0.04294	0.00168	0.00445	0.00405	0.06280	0.00610

[dist]
# distance from previous block
# <min> <max>
3	33

[block]
# block no. 3 follows, 60 sequences, length 23
# corresponding to MSA columns:
# 668-686,689-692
name=unknown_D
#
# <colnr> <probs for GDERKNQSTAVLIFYWHMCP>
#	G	D	E	R	K	N	Q	S	T	A	V	L	I	F	Y	W	H	M	C	P
0	0.00842	0.00706	0.00870	0.05890	0.01035	0.06216	0.00656	0.10277	0.00911	0.01232	0.01102	0.01610	0.01005	0.04269	0.54926	0.00518	0.04822	0.02408	0.00257	0.00446
1	0.00577	0.00437	0.00606	0.00669	0.00712	0.00433	0.02041	0.00673	0.00849	0.01140	0.03786	0.68341	0.04190	0.01335	0.02463	0.00189	0.04441	0.06360	0.00388	0.00370
2	0.00623	0.00467	0.00701	0.00701	0.00779	0.00545	0.00545	0.00779	0.00701	0.01012	0.01168	0.01713	0.01090	0.03271	0.82944	0.00701	0.01168	0.00467	0.00234	0.00389
3	0.00840	0.00568	0.00732	0.00698	0.00811	0.04359	0.00540	0.00991	0.00801	0.10628	0.01238	0.01694	0.01091	0.06673	0.59849	0.00553	0.00955	0.00459	0.06088	0.00431
4	0.00930	0.00766	0.00812	0.00721	0.00886	0.10290	0.02043	0.08381	0.05229	0.05636	0.47252	0.06216	0.02803	0.00860	0.03433	0.00155	0.00363	0.00655	0.00426	0.02143
5	0.01658	0.01222	0.01309	0.01003	0.01353	0.01353	0.00829	0.80497	0.02051	0.02749	0.01047	0.01047	0.00742	0.00524	0.00436	0.00131	0.00480	0.00393	0.00436	0.00742
6	0.01079	0.01036	0.01770	0.02677	0.81952	0.01036	0.01339	0.01339	0.00993	0.01425	0.00820	0.01079	0.00691	0.00389	0.00432	0.00130	0.00518	0.00389	0.00216	0.00691
7	0.00674	0.00670	0.09883	0.00696	0.00823	0.00568	0.00583	0.02795	0.00761	0.01074	0.01333	0.07492	0.03069	0.23649	0.42221	0.00495	0.00804	0.00553	0.01464	0.00392
8	0.12020	0.00829	0.05008	0.00775	0.01120	0.00699	0.00669	0.01989	0.01172	0.68772	0.01543	0.01365	0.00982	0.00518	0.00418	0.00135	0.00381	0.00409	0.00490	0.00706
9	0.01455	0.04407	0.05132	0.01154	0.01420	0.61464	0.10217	0.01622	0.01165	0.01157	0.00752	0.00892	0.00610	0.00440	0.00399	0.00116	0.00725	0.00317	0.06039	0.00517
10	0.00538	0.00435	0.00460	0.00466	0.00583	0.00376	0.00335	0.00639	0.00955	0.01172	0.09073	0.10467	0.60732	0.10966	0.00720	0.00182	0.00246	0.00904	0.00393	0.00358
11	0.00632	0.00440	0.00583	0.00634	0.00703	0.00432	0.00477	0.01764	0.00948	0.01311	0.17177	0.34621	0.02672	0.03628	0.07650	0.01320	0.00360	0.17902	0.06362	0.00382
12	0.00636	0.00423	0.00470	0.00470	0.00494	0.00414	0.00278	0.00657	0.00693	0.00934	0.01717	0.02882	0.10984	0.66577	0.01874	0.03091	0.00383	0.00645	0.06094	0.00284
13	0.03984	0.00838	0.00954	0.00824	0.01076	0.00913	0.00654	0.07438	0.42564	0.20832	0.01594	0.01535	0.01170	0.00883	0.10161	0.00207	0.00454	0.00460	0.02804	0.00656
14	0.00712	0.00619	0.01011	0.26948	0.07072	0.00673	0.06095	0.00901	0.00862	0.01147	0.01565	0.31616	0.03381	0.02212	0.10244	0.00227	0.00521	0.03467	0.00291	0.00439
15	0.00875	0.02256	0.82413	0.01243	0.01888	0.01013	0.01611	0.01381	0.00921	0.01381	0.00783	0.00921	0.00552	0.00414	0.00414	0.00138	0.00645	0.00322	0.00184	0.00645
16	0.00552	0.00394	0.00529	0.00630	0.00665	0.00372	0.00440	0.00642	0.00855	0.01136	0.02393	0.75017	0.02840	0.01347	0.00562	0.00180	0.00271	0.10411	0.00404	0.00360
17	0.01924	0.00794	0.01044	0.00801	0.01139	0.00718	0.00661	0.10603	0.01335	0.73654	0.01648	0.01437	0.01043	0.00538	0.00438	0.00135	0.00383	0.00434	0.00529	0.00742
18	0.00859	0.00810	0.01361	0.67336	0.14581	0.00976	0.01206	0.01137	0.00880	0.01156	0.00788	0.01160	0.00611	0.00515	0.02715	0.00159	0.02649	0.00390	0.00198	0.00512
19	0.00846	0.00798	0.01348	0.76685	0.09771	0.00975	0.01222	0.01134	0.00882	0.01141	0.00779	0.01156	0.00591	0.00432	0.00436	0.00144	0.00576	0.00388	0.00196	0.00502
20	0.00531	0.00380	0.00506	0.00607	0.00633	0.00354	0.00405	0.00607	0.00835	0.01113	0.02404	0.84388	0.02885	0.01366	0.00557	0.00177	0.00253	0.01240	0.00405	0.00354
21	0.00951	0.01844	0.55721	0.05345	0.15722	0.01012	0.08251	0.01383	0.00949	0.03602	0.00823	0.00997	0.00601	0.00410	0.00428	0.00138	0.00620	0.00356	0.00203	0.00643
22	0.71414	0.03981	0.10362	0.00678	0.00994	0.03940	0.00629	0.01311	0.00786	0.01825	0.00630	0.00736	0.00488	0.00406	0.00292	0.00133	0.00394	0.00248	0.00255	0.00497

[dist]
# distance from previous block
# <min> <max>
0	4

[block]
# block no. 4 follows, 60 sequences, length 31
# corresponding to MSA columns:
# 697-709,711-728
name=unknown_E
#
# <colnr> <probs for GDERKNQSTAVLIFYWHMCP>
#	G	D	E	R	K	N	Q	S	T	A	V	L	I	F	Y	W	H	M	C	P
0	0.01151	0.00939	0.01005	0.00882	0.01127	0.01063	0.00690	0.19591	0.54564	0.01952	0.01682	0.10696	0.01372	0.00663	0.00455	0.00147	0.00365	0.00554	0.00438	0.00664
1	0.73223	0.00968	0.00769	0.02028	0.04782	0.08324	0.00564	0.02559	0.00821	0.01851	0.00633	0.00745	0.00497	0.00410	0.00294	0.00133	0.00392	0.00252	0.00265	0.00490
2	0.00611	0.00446	0.00574	0.00542	0.00648	0.00409	0.00407	0.00811	0.01220	0.01714	0.77032	0.03315	0.08827	0.00905	0.00514	0.00138	0.00207	0.00797	0.00476	0.00409
3	0.01100	0.00920	0.00979	0.00873	0.01119	0.01054	0.00681	0.05165	0.72862	0.03345	0.05611	0.01682	0.01439	0.00603	0.00447	0.00147	0.00344	0.00503	0.00447	0.00680
4	0.01484	0.00636	0.00856	0.00692	0.00946	0.00559	0.00557	0.01666	0.01237	0.53574	0.28560	0.02083	0.02099	0.00657	0.00461	0.00135	0.00312	0.00555	0.02308	0.00624
5	0.01629	0.02079	0.01236	0.01124	0.01348	0.82921	0.00843	0.01742	0.01236	0.01067	0.00674	0.00787	0.00562	0.00449	0.00393	0.00112	0.00787	0.00281	0.00225	0.00506
6	0.00818	0.00448	0.00469	0.00461	0.00561	0.00454	0.00338	0.04933	0.00939	0.01571	0.01465	0.07495	0.01262	0.07738	0.01752	0.00145	0.00254	0.00484	0.68007	0.00407
7	0.00531	0.00381	0.00504	0.00603	0.00631	0.00355	0.00403	0.00608	0.00839	0.01115	0.02456	0.82298	0.04940	0.01360	0.00556	0.00176	0.00252	0.01232	0.00405	0.00355
8	0.00954	0.00954	0.01336	0.01145	0.01145	0.01336	0.00954	0.01050	0.00668	0.01050	0.00573	0.00954	0.00573	0.00763	0.01431	0.00191	0.83874	0.00382	0.00191	0.00477
9	0.00904	0.00775	0.00904	0.00646	0.01034	0.00581	0.00517	0.01098	0.00904	0.01421	0.00775	0.00904	0.00646	0.00323	0.00323	0.00065	0.00323	0.00258	0.00258	0.87339
10	0.87753	0.00843	0.00641	0.00574	0.00843	0.00978	0.00472	0.01282	0.00742	0.01957	0.00607	0.00709	0.00472	0.00405	0.00270	0.00135	0.00337	0.00236	0.00270	0.00472
11	0.00651	0.00487	0.00637	0.00696	0.00789	0.00490	0.00552	0.00877	0.06546	0.01266	0.06194	0.25237	0.10798	0.01409	0.09717	0.00238	0.00415	0.32205	0.00391	0.00405
12	0.00564	0.00443	0.00478	0.00478	0.00612	0.00386	0.00364	0.00702	0.01030	0.01313	0.17108	0.03900	0.58547	0.01033	0.00505	0.00145	0.00227	0.05299	0.06485	0.00380
13	0.01138	0.62246	0.03837	0.00787	0.01117	0.06359	0.00749	0.05336	0.00942	0.01124	0.00714	0.00866	0.00641	0.00781	0.11565	0.00180	0.00586	0.00278	0.00208	0.00545
14	0.01406	0.01096	0.01167	0.00952	0.01256	0.01235	0.00768	0.46063	0.36896	0.02342	0.01368	0.01303	0.01001	0.00554	0.00440	0.00138	0.00421	0.00437	0.00440	0.00719
15	0.72106	0.00881	0.00734	0.00626	0.00913	0.00992	0.00515	0.10073	0.00899	0.02007	0.00668	0.00760	0.00514	0.00412	0.00292	0.00130	0.00352	0.00255	0.00288	0.06582
16	0.00515	0.00442	0.00442	0.00442	0.00589	0.00368	0.00331	0.00626	0.00994	0.01178	0.04418	0.04197	0.81775	0.01105	0.00515	0.00147	0.00221	0.00920	0.00405	0.00368
17	0.00732	0.00379	0.00561	0.00573	0.00575	0.00376	0.00382	0.00573	0.00598	0.00797	0.00941	0.10557	0.00994	0.01499	0.01577	0.77627	0.00365	0.00474	0.00213	0.00208
18	0.00925	0.06750	0.04262	0.53374	0.08821	0.02919	0.01077	0.04728	0.00951	0.01272	0.00849	0.01152	0.00654	0.00439	0.00408	0.00134	0.00529	0.00374	0.09864	0.00516
19	0.01585	0.01842	0.01296	0.01242	0.08547	0.61966	0.00885	0.14878	0.01351	0.01381	0.00750	0.00856	0.00603	0.00456	0.00404	0.00117	0.00711	0.00309	0.00259	0.00562
20	0.00763	0.00554	0.00685	0.00591	0.00768	0.00494	0.00455	0.04762	0.01203	0.04639	0.56518	0.02706	0.06962	0.00768	0.00473	0.00124	0.00247	0.00667	0.00436	0.16182
21	0.00894	0.00734	0.00849	0.00619	0.00975	0.00562	0.00493	0.01089	0.00906	0.01444	0.00847	0.00985	0.00698	0.00344	0.00321	0.00069	0.00310	0.00275	0.09909	0.77677
22	0.01005	0.00650	0.00742	0.02576	0.00843	0.04496	0.00461	0.01097	0.00887	0.16361	0.06297	0.01933	0.02277	0.30483	0.01136	0.06322	0.00390	0.00482	0.01418	0.20146
23	0.01005	0.00921	0.00933	0.00713	0.01055	0.09768	0.00562	0.06686	0.01023	0.01452	0.01018	0.04097	0.04646	0.00427	0.00357	0.00083	0.00378	0.00338	0.00280	0.64259
24	0.00628	0.00468	0.00586	0.00645	0.00714	0.00464	0.00465	0.00853	0.09804	0.01241	0.06940	0.50212	0.06493	0.06772	0.00657	0.00190	0.00291	0.11779	0.00404	0.00396
25	0.01366	0.01322	0.01159	0.09761	0.01411	0.28203	0.00807	0.29425	0.05350	0.01777	0.09902	0.01279	0.01085	0.00667	0.04419	0.00155	0.00589	0.00408	0.00336	0.00580
26	0.00812	0.00429	0.00582	0.00581	0.00648	0.00407	0.00409	0.00793	0.00778	0.10010	0.01674	0.22353	0.08915	0.01306	0.03134	0.39460	0.00340	0.00655	0.06386	0.00329
27	0.24376	0.00910	0.09920	0.00751	0.01069	0.00733	0.06183	0.01106	0.00865	0.01495	0.02702	0.04771	0.06520	0.06207	0.00494	0.00137	0.00388	0.02247	0.00275	0.28851
28	0.00632	0.00488	0.00642	0.00679	0.00736	0.00511	0.00509	0.00763	0.02567	0.01208	0.10372	0.41272	0.09868	0.03081	0.00716	0.02238	0.09571	0.13382	0.00381	0.00384
29	0.01889	0.01790	0.01199	0.07310	0.22858	0.09141	0.04022	0.05084	0.03775	0.04882	0.10091	0.02847	0.01381	0.08530	0.02275	0.02329	0.01637	0.08130	0.00302	0.00530
30	0.01867	0.00468	0.00579	0.00579	0.00672	0.00433	0.00401	0.00820	0.00854	0.09277	0.04173	0.35492	0.11186	0.21079	0.04900	0.00245	0.00350	0.00860	0.00368	0.05399

[dist]
# distance from previous block
# <min> <max>
2	4

[block]
# block no. 5 follows, 60 sequences, length 36
# corresponding to MSA columns:
# 733-768
name=unknown_F
#
# <colnr> <probs for GDERKNQSTAVLIFYWHMCP>
#	G	D	E	R	K	N	Q	S	T	A	V	L	I	F	Y	W	H	M	C	P
0	0.33048	0.00724	0.00717	0.00647	0.00868	0.01732	0.00508	0.03322	0.07210	0.06164	0.05361	0.14647	0.01335	0.01950	0.00415	0.00140	0.00327	0.04974	0.03693	0.12218
1	0.00627	0.00418	0.00490	0.00511	0.00524	0.00415	0.00311	0.00659	0.00695	0.00946	0.01580	0.16813	0.01808	0.62091	0.03369	0.00364	0.00397	0.03374	0.04312	0.00293
2	0.09198	0.00468	0.00499	0.00498	0.00541	0.00479	0.00314	0.00734	0.00694	0.01037	0.01466	0.02737	0.04463	0.63915	0.01767	0.00354	0.00393	0.04905	0.05234	0.00304
3	0.00994	0.00942	0.01571	0.07526	0.65958	0.00947	0.01208	0.01238	0.00986	0.01377	0.01226	0.01533	0.08712	0.00492	0.00447	0.00135	0.00489	0.03345	0.00240	0.00635
4	0.01137	0.00994	0.01013	0.00903	0.01154	0.04068	0.00704	0.06684	0.73826	0.01849	0.01694	0.01564	0.01270	0.00583	0.00442	0.00146	0.00369	0.00480	0.00435	0.00687
5	0.00901	0.00776	0.00883	0.00745	0.03969	0.03221	0.00553	0.01188	0.09380	0.02558	0.03707	0.09441	0.05512	0.00523	0.00383	0.00096	0.00332	0.00440	0.00308	0.55084
6	0.00961	0.01536	0.42432	0.04376	0.12985	0.00898	0.06106	0.01350	0.02399	0.08069	0.09183	0.03100	0.02353	0.00545	0.01695	0.00147	0.00551	0.00437	0.00264	0.00613
7	0.02224	0.03012	0.26228	0.01552	0.02043	0.01055	0.48953	0.01438	0.01005	0.06861	0.00901	0.01106	0.00653	0.00394	0.00472	0.00142	0.00673	0.00443	0.00231	0.00613
8	0.87753	0.00843	0.00641	0.00574	0.00843	0.00978	0.00472	0.01282	0.00742	0.01957	0.00607	0.00709	0.00472	0.00405	0.00270	0.00135	0.00337	0.00236	0.00270	0.00472
9	0.01502	0.00660	0.00825	0.00675	0.00933	0.00610	0.00544	0.01781	0.08996	0.49480	0.01799	0.01684	0.05554	0.00568	0.00409	0.00128	0.00318	0.00462	0.22440	0.00632
10	0.01005	0.01264	0.10354	0.05566	0.02274	0.01088	0.68970	0.01382	0.01011	0.01382	0.00868	0.01151	0.00647	0.00375	0.00501	0.00146	0.00719	0.00490	0.00216	0.00589
11	0.01059	0.00921	0.01018	0.09011	0.01318	0.01073	0.00741	0.02199	0.73280	0.01755	0.01677	0.01582	0.01258	0.00576	0.00443	0.00148	0.00368	0.00483	0.00419	0.00670
12	0.01179	0.00951	0.01005	0.00856	0.01120	0.01060	0.00679	0.26751	0.43894	0.02017	0.01950	0.01838	0.13469	0.00649	0.00452	0.00142	0.00369	0.00527	0.00435	0.00657
13	0.00544	0.00432	0.00489	0.00498	0.00613	0.00377	0.00365	0.00672	0.01026	0.01309	0.23359	0.18398	0.48181	0.01099	0.00523	0.00150	0.00223	0.00945	0.00424	0.00377
14	0.00783	0.00690	0.00940	0.00883	0.00937	0.02807	0.00718	0.00917	0.00748	0.01068	0.01127	0.01966	0.01132	0.04975	0.34644	0.00408	0.31573	0.13017	0.00246	0.00422
15	0.00555	0.00388	0.00509	0.00590	0.00628	0.00363	0.00400	0.00652	0.00881	0.01207	0.10600	0.71503	0.02918	0.01271	0.00539	0.00169	0.00245	0.01148	0.05071	0.00363
16	0.01888	0.00806	0.01046	0.00807	0.01142	0.00741	0.00665	0.11256	0.04442	0.69879	0.01644	0.01439	0.01050	0.00540	0.00439	0.00135	0.00383	0.00435	0.00524	0.00740
17	0.00710	0.00669	0.08625	0.00623	0.00802	0.00530	0.00537	0.01026	0.08598	0.02778	0.46723	0.02829	0.14085	0.00805	0.00477	0.00136	0.00266	0.00693	0.08628	0.00459
18	0.06354	0.13409	0.01384	0.00918	0.01265	0.01313	0.00778	0.56386	0.01725	0.10728	0.01028	0.01023	0.00735	0.00497	0.00404	0.00126	0.00459	0.00365	0.00401	0.00700
19	0.01008	0.20617	0.44849	0.05590	0.01646	0.03258	0.01221	0.05864	0.02466	0.01368	0.00773	0.00900	0.00589	0.00409	0.00379	0.00121	0.00563	0.00307	0.00212	0.07861
20	0.00971	0.12006	0.60273	0.01307	0.08677	0.03312	0.02660	0.03498	0.00963	0.01371	0.00771	0.00912	0.00572	0.00410	0.00401	0.00131	0.00613	0.00321	0.00196	0.00636
21	0.00594	0.00424	0.00546	0.00565	0.00645	0.00388	0.00405	0.00739	0.01055	0.02684	0.41928	0.35002	0.11213	0.01093	0.00530	0.00154	0.00228	0.00972	0.00444	0.00390
22	0.01265	0.04583	0.35307	0.01206	0.06819	0.20652	0.02840	0.05481	0.01104	0.12838	0.00970	0.02484	0.01583	0.00466	0.00416	0.00130	0.00608	0.00360	0.00266	0.00621
23	0.48014	0.01106	0.02840	0.04982	0.13101	0.13549	0.04425	0.01402	0.03117	0.02870	0.00723	0.00860	0.00567	0.00416	0.00342	0.00132	0.00470	0.00298	0.00256	0.00530
24	0.00649	0.00469	0.00581	0.00555	0.00672	0.00435	0.00417	0.00867	0.04291	0.03706	0.55670	0.07804	0.17754	0.02135	0.00538	0.00147	0.00227	0.02205	0.00458	0.00418
25	0.01526	0.01303	0.01232	0.01002	0.01304	0.14908	0.00805	0.50301	0.17899	0.02255	0.01125	0.01120	0.00828	0.00529	0.00446	0.00132	0.01804	0.00394	0.00399	0.00688
26	0.87753	0.00843	0.00641	0.00574	0.00843	0.00978	0.00472	0.01282	0.00742	0.01957	0.00607	0.00709	0.00472	0.00405	0.00270	0.00135	0.00337	0.00236	0.00270	0.00472
27	0.01068	0.01085	0.03989	0.02542	0.70559	0.01043	0.10553	0.01346	0.00995	0.01420	0.00827	0.01087	0.00684	0.00387	0.00441	0.00132	0.00547	0.00402	0.00216	0.00678
28	0.00623	0.00467	0.00701	0.00701	0.00779	0.00545	0.00545	0.00779	0.00701	0.01012	0.01168	0.01713	0.01090	0.03271	0.82944	0.00701	0.01168	0.00467	0.00234	0.00389
