[name]
unknown

[dist]
# distance from previous block
# <min> <max>
0	166

[block]
# block no. 0 follows, 57 sequences, length 11
# corresponding to MSA columns:
# 185-195
name=unknown_A
#
# <colnr> <probs for GDERKNQSTAVLIFYWHMCP>
#	G	D	E	R	K	N	Q	S	T	A	V	L	I	F	Y	W	H	M	C	P
0	0.03623	0.00739	0.00910	0.00888	0.04024	0.00757	0.00678	0.20288	0.02799	0.12344	0.01908	0.26974	0.01924	0.00970	0.00527	0.00169	0.00388	0.19100	0.00436	0.00555
1	0.01489	0.00938	0.01202	0.01060	0.07362	0.00943	0.04475	0.10289	0.27197	0.29990	0.01530	0.01441	0.01078	0.00536	0.00449	0.00138	0.00414	0.00452	0.00449	0.08568
2	0.01092	0.03492	0.01024	0.05970	0.05737	0.06612	0.00683	0.11561	0.07147	0.07900	0.14703	0.07340	0.06136	0.03730	0.03169	0.00162	0.00431	0.00557	0.00375	0.12179
3	0.00550	0.00442	0.00490	0.00515	0.00630	0.00383	0.00372	0.00664	0.01012	0.01260	0.11022	0.25310	0.53364	0.01199	0.00547	0.00160	0.00237	0.01032	0.00428	0.00383
4	0.01008	0.00842	0.01104	0.00791	0.01196	0.00657	0.07772	0.01224	0.00970	0.05597	0.00866	0.00997	0.00696	0.00351	0.00360	0.00079	0.00377	0.00302	0.00280	0.74530
5	0.01315	0.00950	0.01082	0.01013	0.09310	0.08542	0.00716	0.09708	0.03749	0.20257	0.02813	0.11158	0.02682	0.00603	0.00457	0.00125	0.02007	0.00498	0.00378	0.22635
6	0.00632	0.00500	0.00573	0.00548	0.00687	0.00461	0.00413	0.00884	0.07223	0.01563	0.41429	0.03684	0.37746	0.01000	0.00529	0.00148	0.00232	0.00856	0.00462	0.00430
7	0.01370	0.01032	0.01145	0.00987	0.03806	0.01139	0.00764	0.34155	0.32506	0.06643	0.10150	0.01600	0.01410	0.00610	0.00465	0.00144	0.00408	0.00496	0.00460	0.00711
8	0.01044	0.00974	0.01606	0.36961	0.38456	0.01070	0.03514	0.06171	0.03156	0.01438	0.00875	0.01175	0.00689	0.00439	0.00454	0.00143	0.00566	0.00410	0.00235	0.00626
9	0.00571	0.00419	0.00512	0.00571	0.00624	0.00386	0.00383	0.00653	0.00895	0.01168	0.07624	0.49959	0.18922	0.14127	0.00834	0.00215	0.00280	0.01094	0.00403	0.00360
10	0.01566	0.01212	0.01229	0.00984	0.01307	0.07436	0.00796	0.50283	0.16553	0.06174	0.01238	0.01219	0.00899	0.00545	0.00443	0.00135	0.00476	0.00417	0.03681	0.03407

[dist]
# distance from previous block
# <min> <max>
0	2

[block]
# block no. 1 follows, 57 sequences, length 27
# corresponding to MSA columns:
# 198-224
name=unknown_B
#
# <colnr> <probs for GDERKNQSTAVLIFYWHMCP>
#	G	D	E	R	K	N	Q	S	T	A	V	L	I	F	Y	W	H	M	C	P
0	0.04658	0.01061	0.04194	0.39129	0.08424	0.06606	0.02437	0.16763	0.03365	0.01585	0.00968	0.05565	0.00790	0.00527	0.00468	0.00146	0.02015	0.00440	0.00277	0.00580
1	0.00588	0.00458	0.00535	0.00523	0.00646	0.00404	0.00389	0.00750	0.01146	0.01511	0.41969	0.08164	0.39182	0.01054	0.00537	0.00150	0.00224	0.00907	0.00459	0.00404
2	0.00570	0.00484	0.00495	0.00494	0.00646	0.00423	0.00369	0.00748	0.05293	0.01269	0.05894	0.07722	0.71771	0.01127	0.00533	0.00154	0.00238	0.00944	0.00425	0.00401
3	0.00856	0.00805	0.01359	0.82986	0.03121	0.01007	0.01258	0.01158	0.00906	0.01158	0.00805	0.01208	0.00604	0.00453	0.00453	0.00151	0.00604	0.00403	0.00201	0.00503
4	0.00558	0.00460	0.00490	0.00482	0.00626	0.00392	0.00362	0.00693	0.01085	0.01348	0.20609	0.04156	0.64968	0.01101	0.00535	0.00151	0.00226	0.00928	0.00437	0.00392
5	0.00552	0.00394	0.00526	0.00631	0.00657	0.00368	0.00421	0.00631	0.00868	0.01157	0.02498	0.83779	0.02997	0.01420	0.00578	0.00184	0.00263	0.01288	0.00421	0.00368
6	0.84433	0.00861	0.00658	0.00590	0.00865	0.00997	0.00485	0.01323	0.00777	0.02022	0.00659	0.00767	0.00513	0.00424	0.00282	0.00139	0.00346	0.00251	0.03120	0.00488
7	0.00867	0.00458	0.00518	0.00495	0.00614	0.00454	0.02757	0.01079	0.00960	0.03282	0.01506	0.01845	0.01218	0.02129	0.00377	0.00118	0.00245	0.03804	0.76840	0.00432
8	0.01693	0.02160	0.01284	0.01167	0.01401	0.82256	0.00876	0.01809	0.01284	0.01109	0.00700	0.00817	0.00584	0.00467	0.00409	0.00117	0.00817	0.00292	0.00233	0.00525
9	0.00965	0.00846	0.02605	0.02341	0.04166	0.00640	0.00608	0.01177	0.00950	0.03010	0.00826	0.00964	0.00678	0.00347	0.00346	0.00074	0.00356	0.00281	0.00270	0.78550
10	0.70721	0.00952	0.00800	0.00682	0.00979	0.01092	0.00562	0.16504	0.01034	0.02192	0.00719	0.00804	0.00545	0.00444	0.00314	0.00139	0.00379	0.00277	0.00314	0.00545
11	0.00888	0.00731	0.00905	0.00750	0.03447	0.00609	0.01814	0.01096	0.02271	0.02992	0.08661	0.03237	0.06919	0.02956	0.00486	0.00111	0.02542	0.04604	0.01847	0.53133
12	0.00723	0.00517	0.00722	0.00827	0.00928	0.00516	0.00718	0.00927	0.01036	0.01349	0.02403	0.08088	0.02623	0.01258	0.00624	0.00208	0.00411	0.75288	0.00417	0.00415
13	0.01127	0.00973	0.01025	0.00922	0.01178	0.01127	0.00717	0.02408	0.80430	0.01896	0.01844	0.01691	0.01383	0.00615	0.00461	0.00154	0.00359	0.00512	0.00461	0.00717
14	0.00552	0.00394	0.00526	0.00631	0.00657	0.00368	0.00421	0.00631	0.00868	0.01157	0.02498	0.83779	0.02997	0.01420	0.00578	0.00184	0.00263	0.01288	0.00421	0.00368
15	0.01077	0.05685	0.02658	0.01849	0.02304	0.01181	0.75371	0.01446	0.01062	0.01431	0.00901	0.01196	0.00682	0.00382	0.00522	0.00150	0.00749	0.00519	0.00227	0.00610
16	0.87276	0.00876	0.00666	0.00596	0.00876	0.01017	0.00491	0.01332	0.00771	0.02033	0.00631	0.00736	0.00491	0.00421	0.00280	0.00140	0.00351	0.00245	0.00280	0.00491
17	0.01127	0.00973	0.01025	0.00922	0.01178	0.01127	0.00717	0.02408	0.80430	0.01896	0.01844	0.01691	0.01383	0.00615	0.00461	0.00154	0.00359	0.00512	0.00461	0.00717
18	0.01678	0.04722	0.01318	0.01155	0.01393	0.79747	0.00872	0.01795	0.01273	0.01108	0.00698	0.00814	0.00584	0.00464	0.00405	0.00116	0.00807	0.00290	0.00232	0.00527
19	0.01166	0.00993	0.01047	0.00930	0.01193	0.01145	0.00727	0.07518	0.75256	0.01959	0.01794	0.01651	0.01343	0.00610	0.00461	0.00153	0.00368	0.00505	0.00461	0.00721
20	0.00647	0.00485	0.00728	0.00728	0.00809	0.00566	0.00566	0.00809	0.00728	0.01052	0.01214	0.01780	0.01133	0.03398	0.82279	0.00728	0.01214	0.00485	0.00243	0.00405
21	0.00556	0.00414	0.00518	0.00588	0.00649	0.00376	0.00404	0.00654	0.00938	0.01226	0.09436	0.59602	0.20350	0.01319	0.00565	0.00174	0.00251	0.01176	0.00427	0.00376
22	0.00577	0.00448	0.00526	0.00534	0.00645	0.00396	0.00390	0.00721	0.01091	0.01427	0.32074	0.19936	0.37366	0.01121	0.00544	0.00155	0.00230	0.00973	0.00449	0.00396
23	0.87276	0.00876	0.00666	0.00596	0.00876	0.01017	0.00491	0.01332	0.00771	0.02033	0.00631	0.00736	0.00491	0.00421	0.00280	0.00140	0.00351	0.00245	0.00280	0.00491
24	0.01237	0.03210	0.01142	0.01020	0.04071	0.09637	0.00771	0.08623	0.60930	0.01857	0.01597	0.01506	0.01206	0.00580	0.00450	0.00146	0.00428	0.00470	0.00422	0.00698
25	0.87276	0.00876	0.00666	0.00596	0.00876	0.01017	0.00491	0.01332	0.00771	0.02033	0.00631	0.00736	0.00491	0.00421	0.00280	0.00140	0.00351	0.00245	0.00280	0.00491
26	0.01062	0.01055	0.05631	0.08748	0.38285	0.01025	0.04762	0.05318	0.10441	0.01539	0.01133	0.02627	0.03676	0.00496	0.00492	0.00138	0.04038	0.00442	0.01564	0.07528

[dist]
# distance from previous block
# <min> <max>
0	8

[block]
# block no. 2 follows, 57 sequences, length 11
# corresponding to MSA columns:
# 233-243
name=unknown_C
#
# <colnr> <probs for GDERKNQSTAVLIFYWHMCP>
#	G	D	E	R	K	N	Q	S	T	A	V	L	I	F	Y	W	H	M	C	P
0	0.01025	0.01009	0.01425	0.58270	0.14805	0.09398	0.01220	0.05127	0.01024	0.01286	0.00816	0.01149	0.00628	0.00451	0.00448	0.00144	0.00611	0.00392	0.00221	0.00552
1	0.00856	0.00805	0.01359	0.82986	0.03121	0.01007	0.01258	0.01158	0.00906	0.01158	0.00805	0.01208	0.00604	0.00453	0.00453	0.00151	0.00604	0.00403	0.00201	0.00503
2	0.00614	0.00462	0.00518	0.00517	0.00651	0.00399	0.00383	0.00744	0.01065	0.04341	0.18175	0.15433	0.52841	0.01124	0.00538	0.00155	0.00237	0.00960	0.00440	0.00403
3	0.00552	0.00394	0.00526	0.00631	0.00657	0.00368	0.00421	0.00631	0.00868	0.01157	0.02498	0.83779	0.02997	0.01420	0.00578	0.00184	0.00263	0.01288	0.00421	0.00368
4	0.00573	0.00441	0.00502	0.00524	0.00627	0.00390	0.00375	0.00694	0.01014	0.01309	0.16931	0.25003	0.41396	0.04631	0.00614	0.00170	0.00244	0.00991	0.03189	0.00383
5	0.01211	0.84348	0.02374	0.00775	0.01163	0.01793	0.00775	0.01357	0.00921	0.01066	0.00630	0.00727	0.00582	0.00388	0.00291	0.00097	0.00485	0.00242	0.00194	0.00582
6	0.01463	0.00983	0.01097	0.00918	0.01218	0.01071	0.00733	0.17609	0.45922	0.21281	0.01682	0.01536	0.01199	0.00588	0.00458	0.00147	0.00393	0.00478	0.00484	0.00741
7	0.75327	0.00917	0.00747	0.00652	0.00939	0.01057	0.00536	0.08590	0.04673	0.02102	0.00730	0.00814	0.00559	0.00441	0.00305	0.00140	0.00365	0.00273	0.00305	0.00527
8	0.01083	0.49553	0.36045	0.00994	0.01502	0.01479	0.01157	0.01390	0.00936	0.01223	0.00708	0.00824	0.00578	0.00406	0.00350	0.00117	0.00563	0.00282	0.00193	0.00619
9	0.02798	0.02947	0.16513	0.01208	0.13569	0.03681	0.02492	0.04707	0.08166	0.16062	0.03850	0.02958	0.02580	0.00504	0.00429	0.00128	0.00468	0.00421	0.00335	0.16185
10	0.05932	0.26975	0.07324	0.01361	0.18304	0.22828	0.00991	0.03249	0.02849	0.01303	0.00745	0.00894	0.00629	0.00445	0.00429	0.00123	0.04481	0.00313	0.00227	0.00600

[dist]
# distance from previous block
# <min> <max>
0	1

[block]
# block no. 3 follows, 57 sequences, length 40
# corresponding to MSA columns:
# 245-284
name=unknown_D
#
# <colnr> <probs for GDERKNQSTAVLIFYWHMCP>
#	G	D	E	R	K	N	Q	S	T	A	V	L	I	F	Y	W	H	M	C	P
0	0.03124	0.02439	0.00989	0.00974	0.11412	0.00716	0.01970	0.08431	0.01248	0.16008	0.33812	0.02382	0.06945	0.05236	0.00605	0.00157	0.01941	0.00623	0.00431	0.00557
1	0.04124	0.08517	0.04278	0.01026	0.10141	0.07763	0.01885	0.06394	0.02388	0.02654	0.00940	0.01110	0.02377	0.00422	0.00376	0.00100	0.00443	0.01818	0.00276	0.42968
2	0.01017	0.14711	0.46269	0.01282	0.01820	0.01136	0.16970	0.01418	0.00983	0.04687	0.00929	0.05090	0.00740	0.00468	0.00438	0.00140	0.00628	0.00412	0.00226	0.00634
3	0.00647	0.00485	0.00728	0.00728	0.00809	0.00566	0.00566	0.00809	0.00728	0.01052	0.01214	0.01780	0.01133	0.03398	0.82279	0.00728	0.01214	0.00485	0.00243	0.00405
4	0.00739	0.00641	0.00852	0.00745	0.00946	0.00608	0.10042	0.01083	0.13814	0.02959	0.07161	0.06243	0.46894	0.00961	0.00528	0.00156	0.00327	0.04415	0.00410	0.00475
5	0.05060	0.05456	0.06690	0.02032	0.46129	0.16702	0.02587	0.05164	0.01118	0.03669	0.00838	0.01028	0.00679	0.00428	0.00427	0.00131	0.00587	0.00367	0.00245	0.00663
6	0.01039	0.01046	0.03107	0.02654	0.01112	0.16412	0.00773	0.03632	0.02403	0.04209	0.08141	0.19777	0.03657	0.00887	0.01800	0.00173	0.27744	0.00631	0.00313	0.00490
7	0.00552	0.00394	0.00526	0.00631	0.00657	0.00368	0.00421	0.00631	0.00868	0.01157	0.02498	0.83779	0.02997	0.01420	0.00578	0.00184	0.00263	0.01288	0.00421	0.00368
8	0.09572	0.03431	0.11912	0.10835	0.21781	0.09509	0.08683	0.07978	0.05079	0.04148	0.00932	0.01150	0.00728	0.00461	0.00435	0.00140	0.00574	0.01751	0.00269	0.00632
9	0.05531	0.09519	0.15846	0.02921	0.12958	0.10463	0.08689	0.18021	0.08664	0.01736	0.00943	0.01058	0.00721	0.00463	0.00428	0.00135	0.00577	0.00379	0.00290	0.00660
10	0.00653	0.00483	0.00611	0.00577	0.00690	0.00455	0.00432	0.00896	0.04427	0.01735	0.68231	0.03347	0.09934	0.03122	0.02278	0.00164	0.00247	0.00807	0.00480	0.00431
11	0.00570	0.00409	0.00542	0.00627	0.00670	0.00382	0.00432	0.00671	0.00929	0.01247	0.12064	0.68819	0.05146	0.01346	0.00574	0.00179	0.00262	0.04324	0.00430	0.00378
12	0.01132	0.03314	0.09847	0.06905	0.24043	0.10981	0.06791	0.06050	0.05360	0.02607	0.01181	0.01398	0.05680	0.00531	0.00515	0.00141	0.06004	0.01845	0.05064	0.00611
13	0.01147	0.10988	0.28843	0.02716	0.14556	0.05556	0.11367	0.08686	0.02344	0.04151	0.00909	0.02334	0.00710	0.00505	0.01788	0.00147	0.01961	0.00392	0.00249	0.00651
14	0.00917	0.02265	0.76555	0.01266	0.01901	0.02957	0.01611	0.01419	0.00955	0.01412	0.00827	0.00987	0.00597	0.00551	0.03730	0.00166	0.00695	0.00340	0.00194	0.00656
15	0.11264	0.05972	0.06014	0.06656	0.18407	0.23916	0.11454	0.07013	0.01131	0.01481	0.00788	0.00975	0.00629	0.00441	0.00439	0.00133	0.02085	0.00359	0.00245	0.00600
16	0.01390	0.00636	0.00825	0.00687	0.00929	0.00561	0.00543	0.01572	0.02613	0.45254	0.17221	0.05802	0.15031	0.04130	0.00564	0.00157	0.00324	0.00651	0.00507	0.00604
17	0.01208	0.15444	0.01324	0.00924	0.01189	0.09537	0.03896	0.12383	0.27650	0.03642	0.08771	0.08096	0.01431	0.00637	0.00461	0.00139	0.01753	0.00517	0.00380	0.00620
18	0.00541	0.00438	0.00481	0.00516	0.00627	0.00378	0.00369	0.00644	0.00978	0.01202	0.03899	0.30593	0.55278	0.01237	0.00550	0.00163	0.00241	0.01066	0.00421	0.00378
19	0.04955	0.08321	0.36574	0.01122	0.01602	0.04706	0.04182	0.16284	0.01224	0.12618	0.00967	0.01039	0.00688	0.00478	0.00459	0.00139	0.03309	0.00362	0.00299	0.00674
20	0.02685	0.10196	0.01493	0.03283	0.03913	0.04345	0.02956	0.01291	0.08013	0.01203	0.00739	0.01030	0.00669	0.00681	0.01115	0.00175	0.55062	0.00387	0.00226	0.00537
21	0.00553	0.00446	0.00493	0.00517	0.00636	0.00386	0.00378	0.00670	0.01016	0.01261	0.10467	0.22573	0.54801	0.01194	0.00547	0.00161	0.00240	0.02850	0.00427	0.00384
22	0.00578	0.00449	0.00512	0.00522	0.00629	0.00399	0.00376	0.00700	0.01028	0.01318	0.21440	0.16450	0.42043	0.09227	0.00716	0.00184	0.00255	0.02368	0.00424	0.00381
23	0.00615	0.00478	0.00549	0.00547	0.00669	0.00431	0.00403	0.03613	0.01118	0.01452	0.27389	0.18810	0.40069	0.01109	0.00540	0.00155	0.00241	0.00957	0.00446	0.00408
24	0.01269	0.01044	0.01105	0.00951	0.01232	0.01193	0.00752	0.20859	0.61748	0.02125	0.01664	0.01547	0.01237	0.00598	0.00459	0.00149	0.00392	0.00487	0.00459	0.00730
25	0.00991	0.00991	0.01388	0.01190	0.01190	0.01388	0.00991	0.01091	0.00694	0.01091	0.00595	0.00991	0.00595	0.00793	0.01487	0.00198	0.83246	0.00397	0.00198	0.00496
26	0.00785	0.00411	0.00609	0.00604	0.00606	0.00422	0.00407	0.00609	0.00598	0.00803	0.00813	0.01431	0.00819	0.04419	0.03476	0.79993	0.02378	0.00405	0.00200	0.00211
27	0.00991	0.00991	0.01388	0.01190	0.01190	0.01388	0.00991	0.01091	0.00694	0.01091	0.00595	0.00991	0.00595	0.00793	0.01487	0.00198	0.83246	0.00397	0.00198	0.00496
28	0.04490	0.01045	0.01290	0.01127	0.02841	0.06998	0.00908	0.06224	0.00882	0.05149	0.00814	0.02809	0.01903	0.00771	0.02519	0.00187	0.56805	0.00413	0.00249	0.02575
29	0.01211	0.84348	0.02374	0.00775	0.01163	0.01793	0.00775	0.01357	0.00921	0.01066	0.00630	0.00727	0.00582	0.00388	0.00291	0.00097	0.00485	0.00242	0.00194	0.00582
30	0.00991	0.00991	0.01388	0.01190	0.01190	0.01388	0.00991	0.01091	0.00694	0.01091	0.00595	0.00991	0.00595	0.00793	0.01487	0.00198	0.83246	0.00397	0.00198	0.00496
31	0.00564	0.00455	0.00503	0.00513	0.00641	0.00394	0.00382	0.00696	0.01061	0.01331	0.18467	0.13254	0.55135	0.01141	0.00543	0.00157	0.00237	0.03701	0.00435	0.00390
32	0.84422	0.00925	0.03344	0.00619	0.00912	0.01018	0.00530	0.01335	0.00777	0.02013	0.00637	0.00743	0.00493	0.00421	0.00285	0.00140	0.00361	0.00248	0.00277	0.00497
33	0.81215	0.00887	0.00705	0.00619	0.00905	0.01019	0.00510	0.04241	0.00839	0.04787	0.00687	0.00777	0.00523	0.00430	0.00293	0.00140	0.00357	0.00259	0.00296	0.00511
34	0.00691	0.00468	0.00605	0.00583	0.00694	0.00427	0.00432	0.00875	0.01201	0.05756	0.59178	0.15494	0.09879	0.00999	0.00537	0.00149	0.00231	0.00882	0.00484	0.00433
35	0.03738	0.05135	0.22705	0.03710	0.27538	0.10360	0.01202	0.04569	0.02358	0.01477	0.03794	0.02436	0.00824	0.00468	0.00447	0.00132	0.02276	0.00383	0.00245	0.06203
36	0.01367	0.44284	0.03867	0.00883	0.01232	0.15936	0.00796	0.10004	0.01139	0.07257	0.00818	0.00907	0.00672	0.00565	0.04017	0.00136	0.00568	0.00300	0.00262	0.04993
37	0.00601	0.00458	0.00553	0.00538	0.00655	0.00409	0.00400	0.00775	0.01176	0.01583	0.51303	0.08647	0.29195	0.01029	0.00538	0.00148	0.00222	0.00893	0.00469	0.00409
38	0.00750	0.00662	0.01019	0.06862	0.10291	0.02705	0.09422	0.00919	0.00936	0.01249	0.06785	0.32256	0.06836	0.06029	0.09090	0.00238	0.00496	0.02669	0.00334	0.00453
39	0.16231	0.11231	0.16033	0.04525	0.18124	0.11849	0.03986	0.06093	0.02470	0.02882	0.00834	0.01027	0.00666	0.00448	0.00399	0.00133	0.00561	0.01642	0.00252	0.00615

[dist]
# distance from previous block
# <min> <max>
1	10

[block]
# block no. 4 follows, 57 sequences, length 15
# corresponding to MSA columns:
# 297-311
name=unknown_E
#
# <colnr> <probs for GDERKNQSTAVLIFYWHMCP>
#	G	D	E	R	K	N	Q	S	T	A	V	L	I	F	Y	W	H	M	C	P
0	0.10864	0.09958	0.05137	0.01038	0.06700	0.07364	0.03240	0.09420	0.12232	0.13972	0.01091	0.01138	0.00819	0.00543	0.02053	0.00141	0.03636	0.00372	0.00338	0.09941
1	0.07424	0.10238	0.06984	0.03883	0.21308	0.15122	0.02521	0.10354	0.03565	0.03042	0.01017	0.01151	0.03831	0.00523	0.01855	0.00138	0.00556	0.00375	0.01533	0.04579
2	0.02799	0.23724	0.08586	0.01210	0.11692	0.06943	0.06013	0.08544	0.04797	0.03244	0.02677	0.06047	0.00926	0.01534	0.02963	0.00152	0.04435	0.00421	0.00274	0.03021
3	0.01065	0.00681	0.00753	0.00631	0.00857	0.00655	0.00495	0.14745	0.02721	0.06255	0.03142	0.06766	0.01179	0.00559	0.00377	0.00111	0.00304	0.00455	0.39127	0.19122
4	0.01045	0.01048	0.03527	0.06132	0.21894	0.05981	0.13948	0.04984	0.15569	0.01517	0.01545	0.08925	0.08710	0.00613	0.00480	0.00146	0.00507	0.00566	0.00314	0.02548
5	0.00763	0.00631	0.00658	0.00622	0.00758	0.06973	0.00465	0.00997	0.05697	0.03685	0.46678	0.07283	0.19732	0.02372	0.00551	0.00150	0.00284	0.00800	0.00453	0.00446
6	0.00761	0.00407	0.00593	0.00591	0.00601	0.00410	0.00397	0.00623	0.00640	0.00863	0.04906	0.01629	0.01053	0.08130	0.07015	0.70048	0.00442	0.00442	0.00221	0.00228
7	0.01105	0.01177	0.08197	0.02663	0.74939	0.01075	0.01413	0.01394	0.01026	0.01477	0.00849	0.01108	0.00706	0.00406	0.00447	0.00135	0.00549	0.00398	0.00222	0.00714
8	0.00673	0.00523	0.00683	0.00675	0.00712	0.00588	0.00483	0.00752	0.00751	0.01033	0.01713	0.18061	0.07949	0.29684	0.21498	0.00404	0.12433	0.00723	0.00296	0.00365
9	0.02918	0.01007	0.04344	0.02930	0.18004	0.03323	0.00818	0.09713	0.01093	0.01612	0.00874	0.02713	0.00728	0.00407	0.00384	0.00099	0.00428	0.00339	0.00277	0.47988
10	0.05910	0.00804	0.01262	0.58510	0.09948	0.00951	0.01109	0.01198	0.03141	0.01296	0.00929	0.04437	0.00754	0.00489	0.00437	0.00145	0.00535	0.00428	0.04550	0.03167
11	0.03133	0.03975	0.01207	0.01065	0.08287	0.06330	0.00783	0.28266	0.14295	0.10583	0.01404	0.02983	0.04253	0.02799	0.02787	0.00160	0.00478	0.01800	0.00397	0.05013
12	0.01065	0.38230	0.11225	0.00941	0.05265	0.03017	0.02743	0.05107	0.02626	0.01324	0.04229	0.06401	0.05219	0.02296	0.00423	0.00124	0.00469	0.00421	0.00262	0.08614
13	0.07320	0.10359	0.15306	0.07542	0.06447	0.08339	0.00920	0.01523	0.03001	0.18253	0.05333	0.01306	0.00975	0.04700	0.00521	0.00147	0.01678	0.00393	0.00314	0.05622
14	0.01034	0.27461	0.15301	0.01050	0.08188	0.02550	0.02208	0.02800	0.05275	0.01346	0.02342	0.09249	0.00961	0.00526	0.00418	0.00120	0.02597	0.00418	0.00258	0.15899

[dist]
# distance from previous block
# <min> <max>
2	20

[block]
# block no. 5 follows, 57 sequences, length 37
# corresponding to MSA columns:
# 332-345,347-369
name=unknown_F
#
# <colnr> <probs for GDERKNQSTAVLIFYWHMCP>
#	G	D	E	R	K	N	Q	S	T	A	V	L	I	F	Y	W	H	M	C	P
0	0.08404	0.08908	0.07836	0.01172	0.09028	0.15290	0.03121	0.16262	0.02232	0.04757	0.03181	0.02613	0.02041	0.00572	0.01648	0.00144	0.08486	0.00391	0.00298	0.03616
1	0.00761	0.02454	0.06658	0.02485	0.03330	0.00571	0.00569	0.01005	0.05880	0.06058	0.17750	0.11373	0.32589	0.03267	0.00557	0.00157	0.00310	0.00792	0.01420	0.02014
2	0.04856	0.04233	0.06850	0.02832	0.20596	0.07324	0.14354	0.08109	0.05561	0.01584	0.02035	0.03084	0.00813	0.00451	0.00432	0.00127	0.00538	0.00410	0.00274	0.15536
3	0.00646	0.00427	0.00539	0.00569	0.00622	0.00404	0.00389	0.00686	0.01865	0.01124	0.08329	0.28364	0.16368	0.11076	0.01059	0.21806	0.00308	0.02041	0.03050	0.00328
4	0.05029	0.05584	0.14564	0.04459	0.08859	0.11184	0.18298	0.03212	0.02248	0.01365	0.00884	0.05581	0.00765	0.00545	0.00637	0.00151	0.15376	0.00441	0.00237	0.00580
5	0.01119	0.02351	0.05854	0.00993	0.06742	0.04136	0.04732	0.13524	0.02302	0.07620	0.01071	0.01475	0.00929	0.13981	0.07991	0.08441	0.02062	0.00431	0.00301	0.13944
6	0.00561	0.00403	0.00534	0.00633	0.00668	0.00376	0.00431	0.00650	0.00890	0.01185	0.04753	0.76338	0.05093	0.01392	0.00578	0.00183	0.00267	0.04271	0.00423	0.00372
7	0.01177	0.01331	0.15535	0.05633	0.33646	0.05327	0.08514	0.09891	0.04690	0.04679	0.02196	0.01214	0.00809	0.02770	0.00506	0.00147	0.00574	0.00419	0.00272	0.00670
8	0.01291	0.66176	0.02138	0.00863	0.01207	0.16436	0.00802	0.01429	0.00978	0.01075	0.00641	0.00753	0.00582	0.00418	0.00358	0.00104	0.03721	0.00257	0.00201	0.00568
9	0.40773	0.06254	0.11960	0.05924	0.10731	0.07082	0.07084	0.02841	0.00930	0.01681	0.00727	0.00888	0.00568	0.00423	0.00363	0.00137	0.00508	0.00314	0.00248	0.00565
10	0.01098	0.06175	0.04511	0.01800	0.02257	0.01170	0.71108	0.01464	0.01064	0.03402	0.00919	0.01194	0.00689	0.00388	0.00516	0.00149	0.00736	0.00511	0.00234	0.00615
11	0.00878	0.01518	0.41037	0.01175	0.07518	0.00867	0.05177	0.05307	0.01073	0.01527	0.12104	0.05581	0.09817	0.01855	0.00495	0.00149	0.00515	0.00537	0.02285	0.00587
12	0.00621	0.00446	0.00511	0.00515	0.00571	0.00421	0.00335	0.00692	0.00869	0.01139	0.14998	0.09161	0.20798	0.43807	0.01451	0.00302	0.00341	0.02331	0.00358	0.00334
13	0.02256	0.07445	0.27986	0.06456	0.10741	0.01099	0.01149	0.13338	0.05505	0.07405	0.03372	0.01215	0.01737	0.00505	0.00477	0.00140	0.04328	0.00396	0.03797	0.00653
14	0.00714	0.00553	0.00662	0.00624	0.00761	0.00548	0.00471	0.01106	0.15780	0.01733	0.53985	0.06655	0.12824	0.00917	0.00523	0.00148	0.00244	0.00800	0.00479	0.00473
15	0.00964	0.17494	0.63029	0.01197	0.01796	0.01179	0.03640	0.01408	0.00960	0.01375	0.02539	0.00975	0.00660	0.00432	0.00410	0.00135	0.00628	0.00334	0.00200	0.00646
16	0.83992	0.04062	0.00731	0.00603	0.00887	0.01046	0.00502	0.01333	0.00777	0.01996	0.00631	0.00736	0.00494	0.00419	0.00281	0.00139	0.00356	0.00245	0.00277	0.00494
17	0.04174	0.00842	0.04494	0.00814	0.01160	0.00711	0.00695	0.03772	0.04298	0.66506	0.04097	0.01627	0.03512	0.00581	0.00455	0.00141	0.00389	0.00471	0.00525	0.00736
18	0.01177	0.01054	0.01310	0.01537	0.27819	0.04866	0.00941	0.10306	0.35388	0.01819	0.07812	0.01533	0.01293	0.00555	0.00460	0.00143	0.00443	0.00480	0.00374	0.00691
19	0.00576	0.00419	0.00550	0.00617	0.00672	0.00393	0.00431	0.00689	0.00954	0.01282	0.16876	0.57875	0.08691	0.01391	0.04090	0.00198	0.00297	0.03190	0.00427	0.00383
20	0.00982	0.01008	0.05424	0.34231	0.28189	0.01023	0.10215	0.02734	0.03881	0.01388	0.02261	0.01316	0.03007	0.00463	0.00462	0.00145	0.00570	0.00441	0.01661	0.00600
21	0.00655	0.00482	0.00575	0.00545	0.00679	0.00434	0.00411	0.00855	0.02915	0.03936	0.49603	0.03644	0.31622	0.00988	0.00531	0.00146	0.00228	0.00851	0.00472	0.00428
22	0.00801	0.00788	0.06665	0.01100	0.14341	0.00736	0.02197	0.01007	0.01012	0.01440	0.20190	0.07282	0.13909	0.00872	0.02382	0.00167	0.12934	0.04329	0.07351	0.00495
23	0.00945	0.00893	0.01249	0.01088	0.01113	0.01216	0.00897	0.03208	0.00738	0.01125	0.00725	0.01146	0.00702	0.01276	0.16085	0.02341	0.64149	0.00413	0.00213	0.00480
24	0.01117	0.00962	0.01017	0.00920	0.01172	0.01112	0.00718	0.02370	0.78389	0.01882	0.01859	0.01779	0.01415	0.00631	0.00465	0.00155	0.00360	0.02510	0.00460	0.00710
25	0.00940	0.00805	0.00940	0.00671	0.01074	0.00604	0.00537	0.01141	0.00940	0.01477	0.00805	0.00940	0.00671	0.00336	0.00336	0.00067	0.00336	0.00268	0.00268	0.86845
26	0.87276	0.00876	0.00666	0.00596	0.00876	0.01017	0.00491	0.01332	0.00771	0.02033	0.00631	0.00736	0.00491	0.00421	0.00280	0.00140	0.00351	0.00245	0.00280	0.00491
27	0.00991	0.00991	0.01388	0.01190	0.01190	0.01388	0.00991	0.01091	0.00694	0.01091	0.00595	0.00991	0.00595	0.00793	0.01487	0.00198	0.83246	0.00397	0.00198	0.00496
28	0.01192	0.00983	0.01044	0.00925	0.01190	0.01126	0.00723	0.06663	0.73310	0.04771	0.01801	0.01652	0.01340	0.00609	0.00460	0.00152	0.00367	0.00505	0.00464	0.00722
29	0.01256	0.01063	0.03158	0.00996	0.03160	0.01167	0.00784	0.17123	0.59747	0.03877	0.01649	0.01540	0.01224	0.00590	0.00458	0.00149	0.00398	0.00484	0.00449	0.00727
30	0.01211	0.84348	0.02374	0.00775	0.01163	0.01793	0.00775	0.01357	0.00921	0.01066	0.00630	0.00727	0.00582	0.00388	0.00291	0.00097	0.00485	0.00242	0.00194	0.00582
31	0.00991	0.00991	0.01388	0.01190	0.01190	0.01388	0.00991	0.01091	0.00694	0.01091	0.00595	0.00991	0.00595	0.00793	0.01487	0.00198	0.83246	0.00397	0.00198	0.00496
32	0.01009	0.00548	0.00686	0.00602	0.00791	0.00482	0.00469	0.01184	0.01209	0.24153	0.35414	0.03099	0.24817	0.00876	0.00507	0.00144	0.00267	0.00746	0.02485	0.00512
33	0.00800	0.00534	0.00618	0.00569	0.00711	0.00517	0.00435	0.06939	0.03181	0.03603	0.41074	0.02864	0.14314	0.00819	0.00473	0.00135	0.00245	0.00698	0.21011	0.00461
34	0.00575	0.00410	0.00534	0.00618	0.00653	0.00385	0.00417	0.00659	0.00881	0.01174	0.06599	0.65744	0.05103	0.09725	0.00751	0.00208	0.00284	0.04506	0.00410	0.00364
35	0.00925	0.00695	0.00877	0.00890	0.06241	0.00750	0.00625	0.07182	0.14226	0.05221	0.11946	0.15722	0.03902	0.12471	0.02332	0.02743	0.07231	0.05130	0.00385	0.00503
36	0.00790	0.00627	0.00685	0.00727	0.00818	0.06418	0.00523	0.03967	0.08160	0.03654	0.02214	0.58658	0.02488	0.01197	0.00547	0.00174	0.00333	0.06030	0.01549	0.00442

[dist]
# distance from previous block
# <min> <max>
0	1

[block]
# block no. 6 follows, 57 sequences, length 51
# corresponding to MSA columns:
# 371-421
name=unknown_G
#
# <colnr> <probs for GDERKNQSTAVLIFYWHMCP>
#	G	D	E	R	K	N	Q	S	T	A	V	L	I	F	Y	W	H	M	C	P
0	0.01049	0.14135	0.51623	0.01233	0.04768	0.10736	0.02807	0.01442	0.01005	0.01357	0.03215	0.00991	0.00699	0.00439	0.00411	0.00131	0.00635	0.00336	0.00210	0.02778
1	0.01058	0.19183	0.52448	0.01204	0.04207	0.07033	0.01370	0.02935	0.04047	0.01381	0.00813	0.00935	0.00615	0.00433	0.00402	0.00132	0.00623	0.00323	0.00211	0.00646
2	0.15588	0.03003	0.02935	0.05272	0.08301	0.48788	0.04954	0.01640	0.01137	0.03374	0.00747	0.00890	0.00600	0.00449	0.00400	0.00126	0.00684	0.00316	0.00245	0.00550
3	0.01246	0.00724	0.02337	0.00712	0.00959	0.00668	0.00581	0.08221	0.06270	0.30033	0.11807	0.02581	0.26371	0.00793	0.00518	0.00146	0.02847	0.00649	0.01945	0.00590
4	0.00576	0.00421	0.00543	0.00614	0.00673	0.00389	0.00432	0.00688	0.00964	0.01282	0.15194	0.56541	0.12507	0.01298	0.00569	0.00175	0.00261	0.06057	0.00433	0.00382
5	0.00662	0.00437	0.00493	0.00496	0.00501	0.00436	0.00281	0.00672	0.00676	0.00916	0.01463	0.05460	0.01672	0.78489	0.02181	0.00419	0.00426	0.00670	0.03366	0.00283
6	0.01691	0.01239	0.01326	0.01020	0.01374	0.01370	0.00842	0.76923	0.02088	0.02814	0.01102	0.01109	0.00785	0.00543	0.00448	0.00135	0.00488	0.00408	0.03534	0.00758
7	0.73061	0.00853	0.00719	0.00624	0.00912	0.00954	0.00514	0.01457	0.00852	0.13832	0.00818	0.00873	0.00597	0.00443	0.00307	0.00140	0.00353	0.00280	0.01882	0.00531
8	0.01211	0.84348	0.02374	0.00775	0.01163	0.01793	0.00775	0.01357	0.00921	0.01066	0.00630	0.00727	0.00582	0.00388	0.00291	0.00097	0.00485	0.00242	0.00194	0.00582
9	0.00881	0.00496	0.00471	0.00464	0.00579	0.02938	0.00349	0.01130	0.03949	0.01679	0.01468	0.01663	0.01152	0.00529	0.00325	0.00108	0.00235	0.00422	0.80726	0.00437
10	0.00556	0.00460	0.00488	0.00481	0.00625	0.00391	0.00361	0.00690	0.01082	0.01340	0.19503	0.04170	0.66080	0.01104	0.00535	0.00151	0.00226	0.00930	0.00436	0.00391
11	0.00552	0.00394	0.00526	0.00631	0.00657	0.00368	0.00421	0.00631	0.00868	0.01157	0.02498	0.83779	0.02997	0.01420	0.00578	0.00184	0.00263	0.01288	0.00421	0.00368
12	0.87276	0.00876	0.00666	0.00596	0.00876	0.01017	0.00491	0.01332	0.00771	0.02033	0.00631	0.00736	0.00491	0.00421	0.00280	0.00140	0.00351	0.00245	0.00280	0.00491
13	0.03366	0.02302	0.79421	0.01272	0.01930	0.01051	0.01641	0.01432	0.00951	0.01452	0.00808	0.00950	0.00572	0.00430	0.00426	0.00143	0.00661	0.00332	0.00194	0.00665
14	0.73205	0.00899	0.00751	0.03515	0.01003	0.01043	0.00553	0.04844	0.07604	0.02027	0.00760	0.00849	0.00583	0.00444	0.00309	0.00142	0.00367	0.00281	0.00301	0.00523
15	0.01156	0.00988	0.01041	0.00928	0.01189	0.01140	0.00724	0.06102	0.76689	0.01941	0.01808	0.01662	0.01354	0.00611	0.00461	0.00153	0.00365	0.00507	0.00461	0.00720
16	0.01858	0.00808	0.01046	0.00824	0.01156	0.00749	0.00673	0.04529	0.12817	0.65667	0.03724	0.01596	0.01227	0.00577	0.00458	0.00142	0.00381	0.00471	0.00542	0.00755
17	0.00623	0.00462	0.00581	0.00551	0.00666	0.00420	0.00413	0.00821	0.01240	0.01717	0.68097	0.03550	0.17250	0.00964	0.00535	0.00144	0.00216	0.00843	0.00486	0.00420
18	0.00659	0.00439	0.00494	0.00494	0.00494	0.00439	0.00275	0.00659	0.00659	0.00879	0.01428	0.02965	0.01647	0.84075	0.02306	0.00439	0.00439	0.00659	0.00275	0.00275
19	0.00939	0.02303	0.78706	0.01282	0.01940	0.01066	0.01644	0.04379	0.01001	0.01488	0.00824	0.00962	0.00581	0.00435	0.00431	0.00143	0.00663	0.00338	0.00201	0.00673
20	0.01210	0.80213	0.02304	0.00780	0.01157	0.03820	0.00769	0.01356	0.00939	0.01085	0.02577	0.00794	0.00671	0.00403	0.00300	0.00099	0.00487	0.00258	0.00202	0.00576
21	0.00552	0.00394	0.00526	0.00631	0.00657	0.00368	0.00421	0.00631	0.00868	0.01157	0.02498	0.83779	0.02997	0.01420	0.00578	0.00184	0.00263	0.01288	0.00421	0.00368
22	0.00785	0.00694	0.02897	0.02969	0.02480	0.00800	0.00698	0.03598	0.02421	0.01158	0.01272	0.06521	0.04122	0.08735	0.39248	0.00457	0.19905	0.00534	0.00261	0.00446
23	0.01193	0.48722	0.13420	0.00903	0.01297	0.01516	0.00902	0.09527	0.13204	0.01431	0.00918	0.02292	0.00762	0.00467	0.00376	0.00119	0.01724	0.00333	0.00265	0.00630
24	0.00647	0.00485	0.00728	0.00728	0.00809	0.00566	0.00566	0.00809	0.00728	0.01052	0.01214	0.01780	0.01133	0.03398	0.82279	0.00728	0.01214	0.00485	0.00243	0.00405
25	0.00684	0.00498	0.00672	0.00765	0.00864	0.00485	0.00645	0.00865	0.01019	0.01315	0.02664	0.15425	0.11664	0.01262	0.00609	0.00199	0.00375	0.59166	0.00418	0.00407
26	0.02540	0.04147	0.05789	0.03580	0.29153	0.12984	0.03304	0.05414	0.03933	0.06928	0.01253	0.13413	0.02906	0.00615	0.00477	0.00142	0.01980	0.00530	0.00300	0.00613
27	0.01723	0.01269	0.01360	0.01043	0.01405	0.01405	0.00861	0.79738	0.02131	0.02856	0.01088	0.01088	0.00771	0.00544	0.00453	0.00136	0.00499	0.00408	0.00453	0.00771
28	0.00552	0.00394	0.00526	0.00631	0.00657	0.00368	0.00421	0.00631	0.00868	0.01157	0.02498	0.83779	0.02997	0.01420	0.00578	0.00184	0.00263	0.01288	0.00421	0.00368
29	0.02473	0.05647	0.18921	0.13728	0.17732	0.11254	0.14900	0.03832	0.01044	0.01385	0.00811	0.01046	0.00634	0.00442	0.00491	0.00141	0.04297	0.00387	0.00221	0.00615
30	0.01037	0.01041	0.07194	0.11785	0.40861	0.03120	0.01138	0.05096	0.03472	0.03222	0.05885	0.10603	0.02407	0.00586	0.00468	0.00144	0.00498	0.00533	0.00286	0.00625
31	0.00555	0.00461	0.00488	0.00505	0.00645	0.00394	0.00385	0.00676	0.01023	0.01232	0.04255	0.09511	0.68844	0.01175	0.00547	0.00160	0.00249	0.08091	0.00420	0.00385
32	0.00709	0.00502	0.00703	0.03804	0.00880	0.00484	0.03444	0.03811	0.00961	0.05162	0.02354	0.63450	0.05328	0.01251	0.00562	0.00178	0.00317	0.05267	0.00413	0.00420
33	0.08186	0.21050	0.11449	0.04365	0.10986	0.11391	0.03179	0.10626	0.04217	0.09150	0.00913	0.01003	0.00698	0.00453	0.00395	0.00128	0.00544	0.00344	0.00286	0.00637
34	0.00741	0.00514	0.01697	0.00684	0.00786	0.00473	0.00522	0.02331	0.02721	0.07075	0.07751	0.42472	0.10193	0.03219	0.00607	0.00184	0.00313	0.16858	0.00430	0.00429
35	0.03184	0.01483	0.11125	0.01883	0.31644	0.18848	0.14573	0.05713	0.02420	0.03554	0.00873	0.01063	0.00685	0.00432	0.00449	0.00135	0.00640	0.00393	0.00249	0.00651
36	0.01028	0.00838	0.00953	0.00697	0.01082	0.02169	0.00558	0.04945	0.01024	0.05323	0.01009	0.01104	0.03781	0.00390	0.00356	0.00078	0.00351	0.00311	0.00296	0.73709
37	0.03209	0.08851	0.02824	0.01481	0.23183	0.04872	0.05543	0.22783	0.05575	0.05935	0.01168	0.03852	0.03300	0.02378	0.01636	0.00151	0.01821	0.00447	0.00328	0.00663
38	0.00701	0.00564	0.00763	0.05448	0.04497	0.00554	0.03020	0.00972	0.07520	0.01520	0.32928	0.16003	0.17028	0.01892	0.00546	0.00157	0.00299	0.03238	0.01896	0.00454
39	0.00549	0.00462	0.00478	0.00483	0.00632	0.00391	0.00368	0.00673	0.01042	0.01251	0.07094	0.04367	0.74288	0.01146	0.00540	0.00156	0.00239	0.05033	0.00423	0.00386
40	0.00650	0.00482	0.00705	0.00707	0.00781	0.00553	0.00541	0.00797	0.00728	0.01041	0.01257	0.01960	0.01211	0.11218	0.72921	0.00690	0.01123	0.01993	0.00249	0.00392
41	0.00940	0.00805	0.00940	0.00671	0.01074	0.00604	0.00537	0.01141	0.00940	0.01477	0.00805	0.00940	0.00671	0.00336	0.00336	0.00067	0.00336	0.00268	0.00268	0.86845
42	0.80634	0.00868	0.00696	0.00612	0.00898	0.00989	0.00504	0.01400	0.00812	0.08230	0.00721	0.00799	0.00540	0.00432	0.00294	0.00140	0.00353	0.00262	0.00302	0.00513
43	0.00991	0.00991	0.01388	0.01190	0.01190	0.01388	0.00991	0.01091	0.00694	0.01091	0.00595	0.00991	0.00595	0.00793	0.01487	0.00198	0.83246	0.00397	0.00198	0.00496
44	0.87276	0.00876	0.00666	0.00596	0.00876	0.01017	0.00491	0.01332	0.00771	0.02033	0.00631	0.00736	0.00491	0.00421	0.00280	0.00140	0.00351	0.00245	0.00280	0.00491
45	0.01262	0.04559	0.01136	0.00885	0.01209	0.33627	0.00690	0.03011	0.01096	0.01328	0.00774	0.00909	0.00648	0.00482	0.02697	0.00109	0.00564	0.00286	0.00255	0.44476
46	0.00647	0.00560	0.03701	0.00585	0.00734	0.00474	0.00467	0.00899	0.05169	0.01644	0.53067	0.03474	0.24986	0.00952	0.00527	0.00146	0.00243	0.00823	0.00464	0.00439
47	0.00571	0.00456	0.00511	0.00507	0.00636	0.00396	0.00377	0.00715	0.01101	0.01410	0.29051	0.09793	0.50685	0.01096	0.00538	0.00152	0.00227	0.00936	0.00446	0.00396
48	0.01096	0.16134	0.36330	0.03049	0.08949	0.06059	0.02258	0.04519	0.04247	0.03441	0.00890	0.02246	0.00714	0.00491	0.00492	0.00139	0.06504	0.01572	0.00236	0.00634
49	0.01251	0.45701	0.17766	0.01001	0.01421	0.13301	0.04151	0.07032	0.02279	0.01300	0.00739	0.00846	0.00610	0.00422	0.00359	0.00115	0.00580	0.00295	0.00223	0.00607
50	0.01004	0.00822	0.00959	0.00690	0.01089	0.00637	0.00553	0.04191	0.00997	0.04046	0.00847	0.00964	0.00689	0.00351	0.00344	0.00072	0.00343	0.00280	0.00285	0.80837

[dist]
# distance from previous block
# <min> <max>
0	1

[block]
# block no. 7 follows, 57 sequences, length 24
# corresponding to MSA columns:
# 519-542
name=unknown_H
#
# <colnr> <probs for GDERKNQSTAVLIFYWHMCP>
#	G	D	E	R	K	N	Q	S	T	A	V	L	I	F	Y	W	H	M	C	P
0	0.00846	0.02563	0.07588	0.05803	0.02472	0.02323	0.00648	0.02597	0.03139	0.08210	0.21200	0.15337	0.18009	0.00903	0.00507	0.00152	0.00344	0.04263	0.02609	0.00488
1	0.05337	0.05493	0.21882	0.02731	0.06106	0.00947	0.03948	0.08683	0.04910	0.06754	0.04653	0.01216	0.02431	0.00465	0.00409	0.00121	0.00475	0.00379	0.00299	0.22762
2	0.01054	0.01019	0.03633	0.20218	0.48881	0.02385	0.01253	0.01352	0.03469	0.03216	0.03911	0.01300	0.02402	0.00474	0.00491	0.00142	0.03482	0.00430	0.00246	0.00642
3	0.00552	0.00457	0.00483	0.00481	0.00623	0.00389	0.00359	0.00680	0.01063	0.01308	0.15686	0.07039	0.67067	0.01125	0.00537	0.00153	0.00228	0.00948	0.00432	0.00389
4	0.01125	0.03922	0.12618	0.05150	0.18152	0.10620	0.22786	0.04212	0.03663	0.02918	0.01030	0.08099	0.00887	0.00519	0.00493	0.00145	0.02296	0.00492	0.00259	0.00615
5	0.00847	0.00703	0.03528	0.00859	0.02992	0.04341	0.05327	0.01002	0.00814	0.06655	0.01219	0.01863	0.01143	0.18844	0.45359	0.00521	0.02773	0.00503	0.00267	0.00440
6	0.00647	0.00485	0.00728	0.00728	0.00809	0.00566	0.00566	0.00809	0.00728	0.01052	0.01214	0.01780	0.01133	0.03398	0.82279	0.00728	0.01214	0.00485	0.00243	0.00405
7	0.00539	0.00459	0.00464	0.00463	0.00614	0.00384	0.00347	0.00657	0.01041	0.01244	0.07095	0.04329	0.78548	0.01140	0.00536	0.00153	0.00229	0.00952	0.00423	0.00384
8	0.01395	0.14125	0.14766	0.02550	0.12257	0.24929	0.07722	0.04098	0.01147	0.11543	0.00899	0.01008	0.00683	0.00448	0.00419	0.00128	0.00633	0.00353	0.00267	0.00629
9	0.01025	0.01048	0.01383	0.01189	0.01200	0.05298	0.00986	0.01125	0.00722	0.01091	0.00600	0.00983	0.00594	0.00777	0.01435	0.00194	0.79261	0.00391	0.00200	0.00497
10	0.00856	0.00805	0.01359	0.82986	0.03121	0.01007	0.01258	0.01158	0.00906	0.01158	0.00805	0.01208	0.00604	0.00453	0.00453	0.00151	0.00604	0.00403	0.00201	0.00503
11	0.01135	0.01293	0.03758	0.02802	0.04565	0.29078	0.12444	0.02999	0.04095	0.01292	0.01532	0.16029	0.06599	0.00751	0.00510	0.00151	0.01878	0.08270	0.00306	0.00514
12	0.01072	0.01356	0.17535	0.07329	0.21971	0.02473	0.31827	0.01423	0.01024	0.04259	0.00913	0.02336	0.00712	0.00438	0.00514	0.00147	0.03346	0.00454	0.00232	0.00639
13	0.00856	0.00805	0.01359	0.82986	0.03121	0.01007	0.01258	0.01158	0.00906	0.01158	0.00805	0.01208	0.00604	0.00453	0.00453	0.00151	0.00604	0.00403	0.00201	0.00503
14	0.00909	0.02344	0.81727	0.01292	0.01961	0.01052	0.01674	0.01435	0.00957	0.01435	0.00813	0.00957	0.00574	0.00431	0.00431	0.00144	0.00670	0.00335	0.00191	0.00670
15	0.01341	0.04127	0.10643	0.02639	0.11575	0.13024	0.18349	0.08132	0.01198	0.15924	0.01210	0.04207	0.03109	0.00523	0.00466	0.00141	0.00592	0.01845	0.00317	0.00640
16	0.01091	0.04325	0.24335	0.01628	0.02135	0.01130	0.49724	0.03901	0.01076	0.04830	0.00920	0.01142	0.00673	0.00408	0.00492	0.00147	0.00704	0.00463	0.00238	0.00638
17	0.00539	0.00456	0.00466	0.00470	0.00616	0.00383	0.00350	0.00655	0.01032	0.01238	0.06634	0.07941	0.75369	0.01154	0.00537	0.00154	0.00231	0.00968	0.00423	0.00383
18	0.00605	0.00451	0.00611	0.00681	0.02013	0.00428	0.01866	0.00716	0.00916	0.01216	0.08138	0.50212	0.10495	0.07349	0.04409	0.00222	0.00340	0.08547	0.00401	0.00383
19	0.06311	0.28909	0.16540	0.07477	0.08319	0.03414	0.09224	0.05228	0.01031	0.06693	0.00826	0.00970	0.00644	0.00433	0.00413	0.00128	0.02234	0.00342	0.00243	0.00619
20	0.00791	0.00510	0.00615	0.00586	0.00711	0.00480	0.00433	0.01002	0.05494	0.09022	0.30389	0.10151	0.16738	0.12246	0.00757	0.00189	0.00282	0.03280	0.05882	0.00441
21	0.00576	0.00413	0.00522	0.00600	0.00636	0.00388	0.00401	0.00650	0.00853	0.01123	0.02499	0.59410	0.09851	0.15702	0.00876	0.00226	0.00297	0.04227	0.00395	0.00355
22	0.06964	0.02859	0.10706	0.10785	0.13689	0.06720	0.13734	0.06150	0.07351	0.03869	0.04076	0.01375	0.03184	0.00559	0.01769	0.00154	0.03507	0.01660	0.00283	0.00606
23	0.04135	0.07244	0.15421	0.12508	0.07300	0.09788	0.14294	0.11010	0.06934	0.04173	0.00937	0.01098	0.00707	0.00462	0.00460	0.00140	0.02094	0.00395	0.00273	0.00629

[dist]
# distance from previous block
# <min> <max>
4	7

[block]
# block no. 8 follows, 57 sequences, length 40
# corresponding to MSA columns:
# 551-590
name=unknown_I
#
# <colnr> <probs for GDERKNQSTAVLIFYWHMCP>
#	G	D	E	R	K	N	Q	S	T	A	V	L	I	F	Y	W	H	M	C	P
0	0.03101	0.06220	0.01410	0.01116	0.03972	0.09226	0.07996	0.29542	0.26844	0.02056	0.03084	0.01292	0.01003	0.00537	0.00447	0.00139	0.00500	0.00438	0.00388	0.00688
1	0.01035	0.06494	0.44323	0.01026	0.01506	0.02560	0.01169	0.03834	0.01079	0.09893	0.12467	0.02922	0.03003	0.00544	0.00439	0.00135	0.00523	0.00439	0.00297	0.06311
2	0.00898	0.00808	0.10164	0.00902	0.02542	0.02046	0.00812	0.03444	0.01069	0.08132	0.02080	0.09610	0.04289	0.01083	0.02237	0.00195	0.00454	0.46630	0.00391	0.02214
3	0.02724	0.61674	0.15060	0.00899	0.01321	0.04012	0.02685	0.01430	0.04395	0.01189	0.00721	0.00820	0.00616	0.00407	0.00330	0.00110	0.00523	0.00277	0.00209	0.00599
4	0.00552	0.00445	0.00491	0.00511	0.00630	0.00384	0.00371	0.00669	0.01024	0.01277	0.12920	0.22400	0.54372	0.01184	0.00545	0.00159	0.00235	0.01016	0.00430	0.00384
5	0.00727	0.00482	0.00633	0.00585	0.00707	0.00442	0.00442	0.00939	0.01284	0.06754	0.76105	0.03271	0.04080	0.00904	0.00530	0.00142	0.00224	0.00797	0.00503	0.00449
6	0.02905	0.01176	0.07743	0.14898	0.39973	0.04685	0.07570	0.05982	0.01088	0.06381	0.00901	0.01130	0.00701	0.00442	0.00474	0.00141	0.02491	0.00404	0.00253	0.00660
7	0.00852	0.03722	0.06798	0.04053	0.02208	0.02086	0.08756	0.04655	0.02254	0.03170	0.09972	0.11840	0.16839	0.07675	0.00739	0.00181	0.07407	0.05031	0.01282	0.00482
8	0.00618	0.00466	0.00550	0.00577	0.00697	0.00416	0.00443	0.00757	0.01046	0.02957	0.14317	0.18090	0.41592	0.01171	0.00557	0.00166	0.00269	0.14477	0.00434	0.00400
9	0.00712	0.00589	0.00763	0.00755	0.00846	0.05623	0.00586	0.00871	0.00763	0.01055	0.01182	0.01721	0.01099	0.03217	0.77211	0.00690	0.01189	0.00474	0.00242	0.00412
10	0.01092	0.00993	0.06159	0.02980	0.32675	0.00934	0.03781	0.05783	0.12942	0.06912	0.10460	0.02784	0.03219	0.00609	0.00480	0.00147	0.00460	0.06599	0.00345	0.00646
11	0.06421	0.38959	0.21486	0.00968	0.01379	0.12657	0.02803	0.01425	0.02599	0.01255	0.00892	0.00994	0.04178	0.00456	0.00380	0.00120	0.01904	0.00319	0.00220	0.00583
12	0.00989	0.00876	0.00887	0.00822	0.01029	0.05364	0.00628	0.01856	0.51902	0.01695	0.09317	0.10418	0.10749	0.00776	0.00485	0.00154	0.00346	0.00657	0.00443	0.00607
13	0.01053	0.04501	0.01054	0.00753	0.01114	0.01877	0.00615	0.12231	0.01111	0.01627	0.00959	0.03099	0.00839	0.00454	0.00396	0.00092	0.02072	0.04598	0.00301	0.61253
14	0.01028	0.05384	0.42109	0.05275	0.24667	0.04714	0.07663	0.01425	0.00998	0.01407	0.00819	0.01020	0.00626	0.00420	0.00438	0.00139	0.00635	0.00367	0.00206	0.00661
