[name]
unknown

[dist]
# distance from previous block
# <min> <max>
22	139

[block]
# block no. 0 follows, 52 sequences, length 35
# corresponding to MSA columns:
# 158-192
name=unknown_A
#
# <colnr> <probs for GDERKNQSTAVLIFYWHMCP>
#	G	D	E	R	K	N	Q	S	T	A	V	L	I	F	Y	W	H	M	C	P
0	0.05233	0.10464	0.13656	0.02318	0.14610	0.08270	0.02682	0.10998	0.05887	0.02815	0.01149	0.04816	0.02086	0.01987	0.00518	0.02028	0.00552	0.02587	0.00307	0.07037
1	0.07219	0.09487	0.12362	0.05269	0.09422	0.08673	0.03339	0.18083	0.02447	0.05146	0.01068	0.01262	0.02199	0.04651	0.01914	0.00165	0.00583	0.00407	0.00317	0.05986
2	0.03217	0.12864	0.09086	0.02830	0.16081	0.01198	0.02468	0.14165	0.11371	0.08813	0.02603	0.01473	0.01031	0.05378	0.00573	0.00162	0.00513	0.02063	0.00352	0.03759
3	0.05488	0.07277	0.12744	0.01583	0.23338	0.04265	0.04249	0.07767	0.09386	0.01699	0.04352	0.01497	0.01066	0.02151	0.04540	0.00183	0.00585	0.03287	0.00307	0.04239
4	0.03161	0.03450	0.04805	0.05536	0.22663	0.11115	0.06841	0.10503	0.05613	0.04364	0.02805	0.01390	0.00950	0.07299	0.00630	0.00166	0.00580	0.00446	0.00309	0.07371
5	0.01281	0.02961	0.06364	0.12080	0.17509	0.04366	0.04284	0.16451	0.01337	0.09066	0.06909	0.10293	0.01320	0.00658	0.00533	0.00155	0.02846	0.00565	0.00359	0.00664
6	0.01094	0.03011	0.00930	0.02848	0.01040	0.00662	0.02284	0.06591	0.01238	0.16451	0.19168	0.16811	0.09746	0.03081	0.00575	0.00160	0.00355	0.02415	0.00457	0.11084
7	0.01051	0.00633	0.00817	0.00736	0.00930	0.00583	0.01858	0.02710	0.05915	0.18433	0.24374	0.20086	0.11079	0.00986	0.00549	0.00161	0.00320	0.03206	0.00497	0.05077
8	0.00930	0.00765	0.02146	0.05557	0.03197	0.00766	0.01916	0.09015	0.09373	0.03398	0.18989	0.09560	0.19425	0.00927	0.00589	0.00163	0.03916	0.04870	0.00436	0.04062
9	0.00914	0.00757	0.01136	0.13636	0.12302	0.00816	0.04301	0.01252	0.10648	0.03519	0.07138	0.17942	0.01754	0.07045	0.09640	0.01633	0.02703	0.01974	0.00348	0.00541
10	0.04533	0.23731	0.03321	0.02121	0.01311	0.17026	0.03729	0.07424	0.02782	0.01401	0.01087	0.02575	0.04089	0.02986	0.07700	0.00205	0.09946	0.01700	0.00275	0.02058
11	0.04201	0.07177	0.03308	0.00901	0.01251	0.04854	0.00753	0.21871	0.04317	0.12636	0.01302	0.06149	0.01087	0.02911	0.00504	0.00140	0.00462	0.03881	0.00397	0.21897
12	0.00783	0.00491	0.00576	0.00564	0.00591	0.00488	0.00338	0.00805	0.00753	0.05407	0.01569	0.05261	0.01742	0.71906	0.06412	0.00460	0.00505	0.00702	0.00313	0.00334
13	0.01357	0.03183	0.28168	0.03506	0.01561	0.02716	0.03310	0.06719	0.03084	0.24308	0.06878	0.04029	0.01248	0.03796	0.03806	0.00189	0.00575	0.00497	0.00383	0.00688
14	0.03682	0.04072	0.08133	0.05246	0.08964	0.23408	0.02265	0.12786	0.10157	0.05821	0.03508	0.01310	0.02389	0.00627	0.02225	0.00159	0.03825	0.00427	0.00334	0.00661
15	0.01270	0.00776	0.01076	0.00992	0.07077	0.00740	0.05051	0.07544	0.05423	0.23336	0.26568	0.02563	0.10515	0.00807	0.00566	0.02315	0.00381	0.01886	0.00489	0.00626
16	0.01196	0.05100	0.17569	0.05649	0.15826	0.01129	0.15918	0.10655	0.03424	0.04898	0.03929	0.01379	0.03345	0.00505	0.00484	0.00145	0.00594	0.00465	0.00303	0.07488
17	0.01238	0.17824	0.13841	0.05727	0.20033	0.09034	0.05067	0.05906	0.05220	0.01512	0.02876	0.01147	0.00819	0.00509	0.00538	0.00144	0.07238	0.00398	0.00260	0.00669
18	0.01178	0.01138	0.01969	0.08357	0.71478	0.01149	0.04648	0.01473	0.01096	0.01558	0.00911	0.01210	0.00758	0.00434	0.00484	0.00146	0.00591	0.00437	0.00238	0.00747
19	0.01393	0.17975	0.18673	0.01187	0.03757	0.27056	0.01082	0.04993	0.16425	0.01504	0.01021	0.01091	0.00801	0.00507	0.00431	0.00136	0.00652	0.00366	0.00288	0.00664
20	0.01179	0.01131	0.01930	0.08641	0.74440	0.01146	0.01477	0.01469	0.01094	0.01558	0.00908	0.01206	0.00759	0.00436	0.00480	0.00145	0.00581	0.00432	0.00238	0.00751
21	0.06043	0.13275	0.36551	0.03136	0.09948	0.12064	0.02797	0.03851	0.01113	0.01523	0.03052	0.01160	0.00795	0.00493	0.00440	0.00143	0.00651	0.02059	0.00244	0.00662
22	0.01448	0.01115	0.01137	0.00977	0.01267	0.07814	0.00769	0.12905	0.43854	0.13871	0.08056	0.01763	0.01525	0.00652	0.00493	0.00155	0.00437	0.00530	0.00491	0.00741
23	0.00697	0.00500	0.00683	0.00683	0.00736	0.00553	0.00486	0.00804	0.00750	0.01054	0.01386	0.02391	0.01423	0.34135	0.50837	0.00660	0.00980	0.00591	0.00273	0.00379
24	0.00629	0.00535	0.03582	0.00710	0.00780	0.00468	0.00521	0.00757	0.02103	0.01268	0.02735	0.67738	0.09835	0.01418	0.00635	0.00193	0.02566	0.02677	0.00435	0.00417
25	0.01235	0.31594	0.28734	0.03614	0.01661	0.03460	0.04763	0.05785	0.04281	0.06080	0.03869	0.01124	0.00852	0.00486	0.00420	0.00135	0.00591	0.00372	0.00271	0.00674
26	0.00833	0.00560	0.00717	0.00742	0.00881	0.00540	0.00610	0.01086	0.04440	0.06138	0.19584	0.06173	0.13682	0.01128	0.00593	0.00185	0.00347	0.35024	0.06259	0.00478
27	0.00608	0.00471	0.00554	0.00579	0.00688	0.00417	0.00417	0.00747	0.01120	0.01453	0.23865	0.28521	0.36313	0.01255	0.00587	0.00171	0.00252	0.01094	0.00472	0.00417
28	0.01079	0.06305	0.11430	0.30724	0.18399	0.06017	0.01293	0.02764	0.01017	0.01356	0.00860	0.01189	0.00698	0.00686	0.05106	0.00191	0.09636	0.00408	0.00228	0.00613
29	0.00845	0.00722	0.04273	0.00757	0.00958	0.02691	0.03598	0.01091	0.05359	0.07068	0.08058	0.07482	0.36520	0.03039	0.00620	0.00181	0.00369	0.15436	0.00440	0.00492
30	0.00698	0.00495	0.00657	0.00657	0.00702	0.00540	0.00454	0.00787	0.00743	0.01035	0.01409	0.02519	0.01479	0.42163	0.42886	0.00629	0.00896	0.00609	0.00276	0.00365
31	0.01045	0.01600	0.33007	0.01506	0.14255	0.02108	0.09797	0.03572	0.08950	0.03033	0.06044	0.01740	0.10011	0.00594	0.00499	0.00155	0.00581	0.00522	0.00306	0.00675
32	0.09821	0.05270	0.13012	0.05796	0.09096	0.21273	0.03232	0.04096	0.08073	0.06912	0.01102	0.04582	0.00907	0.00568	0.00482	0.00149	0.02562	0.02121	0.00308	0.00639
33	0.01133	0.04673	0.11121	0.38761	0.11058	0.06764	0.05673	0.07320	0.06018	0.01509	0.00952	0.01222	0.00724	0.00488	0.00476	0.00153	0.00642	0.00422	0.00258	0.00633
34	0.05748	0.37803	0.06674	0.01048	0.05306	0.14372	0.00897	0.08205	0.05402	0.01485	0.00857	0.00995	0.00723	0.02538	0.00431	0.00129	0.00566	0.00327	0.00267	0.06228

[dist]
# distance from previous block
# <min> <max>
0	2

[block]
# block no. 1 follows, 52 sequences, length 147
# corresponding to MSA columns:
# 195-282,311-317,327,328,333-339,341-383
name=unknown_B
#
# <colnr> <probs for GDERKNQSTAVLIFYWHMCP>
#	G	D	E	R	K	N	Q	S	T	A	V	L	I	F	Y	W	H	M	C	P
0	0.01003	0.00973	0.01240	0.16695	0.05608	0.07577	0.00962	0.01277	0.07450	0.01294	0.01330	0.08266	0.04976	0.01086	0.09020	0.00242	0.26841	0.03337	0.00285	0.00536
1	0.03155	0.00932	0.01557	0.60972	0.21518	0.01095	0.01359	0.01302	0.00997	0.01344	0.00869	0.01257	0.00672	0.00471	0.00479	0.00157	0.00622	0.00427	0.00223	0.00593
2	0.00994	0.00916	0.01442	0.59836	0.06432	0.01096	0.03391	0.03411	0.12375	0.01444	0.03253	0.01425	0.00890	0.00522	0.00490	0.00160	0.00595	0.00464	0.00273	0.00590
3	0.57317	0.03675	0.07051	0.00842	0.01169	0.18119	0.00728	0.03485	0.00998	0.01908	0.00718	0.00833	0.00563	0.00464	0.00346	0.00143	0.00515	0.00285	0.00284	0.00558
4	0.01031	0.01023	0.01497	0.07676	0.01463	0.01380	0.04624	0.01175	0.00815	0.01235	0.05266	0.01239	0.00870	0.00807	0.01396	0.00202	0.67077	0.00458	0.00233	0.00532
5	0.00731	0.00506	0.00656	0.00612	0.00738	0.00463	0.00461	0.00953	0.01358	0.04614	0.73002	0.03608	0.08480	0.00990	0.00569	0.00153	0.00236	0.00871	0.00531	0.00467
6	0.01030	0.02255	0.67889	0.01353	0.02013	0.01077	0.05823	0.01543	0.01044	0.05368	0.00977	0.03364	0.00725	0.00491	0.00469	0.00153	0.00685	0.00403	0.00235	0.03103
7	0.00705	0.00470	0.00529	0.00529	0.00529	0.00470	0.00294	0.00705	0.00705	0.00940	0.01527	0.03171	0.01762	0.82969	0.02467	0.00470	0.00470	0.00705	0.00294	0.00294
8	0.00595	0.00492	0.00523	0.00524	0.00676	0.00420	0.00395	0.00734	0.01137	0.01398	0.14959	0.06517	0.65199	0.01206	0.00577	0.00165	0.00250	0.03355	0.00461	0.00416
9	0.00797	0.00753	0.04684	0.01034	0.06271	0.02749	0.06473	0.01001	0.00861	0.01203	0.01353	0.01915	0.03848	0.07485	0.56600	0.00606	0.01092	0.00533	0.00263	0.00479
10	0.06211	0.00868	0.01080	0.00868	0.01177	0.00851	0.00705	0.12502	0.05604	0.46028	0.11473	0.04626	0.01601	0.00682	0.00531	0.00154	0.03218	0.00550	0.00536	0.00734
11	0.02169	0.00833	0.01129	0.00866	0.01241	0.00724	0.00715	0.03487	0.01400	0.79138	0.01901	0.01642	0.01194	0.00600	0.00487	0.00150	0.00414	0.00487	0.00598	0.00825
12	0.00663	0.00485	0.00675	0.05452	0.00940	0.00479	0.00595	0.00800	0.00983	0.01297	0.02536	0.56283	0.02940	0.01408	0.00625	0.00202	0.00349	0.22435	0.00435	0.00417
13	0.01285	0.01087	0.01805	0.10776	0.61533	0.01100	0.01372	0.02507	0.02086	0.10217	0.01032	0.01265	0.00812	0.00460	0.00481	0.00147	0.00562	0.00439	0.00283	0.00751
14	0.01021	0.01037	0.01356	0.08278	0.02426	0.11925	0.09331	0.01210	0.00910	0.01207	0.00962	0.01403	0.00865	0.01768	0.31229	0.00404	0.23453	0.00462	0.00239	0.00515
15	0.00762	0.00544	0.00759	0.00871	0.00974	0.00541	0.00748	0.00971	0.01097	0.01429	0.02576	0.13229	0.02831	0.01357	0.00664	0.00220	0.00430	0.69111	0.00447	0.00441
16	0.01156	0.14638	0.30695	0.01707	0.25910	0.01201	0.02537	0.03278	0.01109	0.05171	0.05490	0.01226	0.00929	0.00481	0.00450	0.00141	0.00588	0.00405	0.00262	0.02625
17	0.06008	0.11588	0.54107	0.01237	0.01831	0.01210	0.04380	0.03880	0.05447	0.01592	0.01053	0.01168	0.03457	0.00494	0.00444	0.00149	0.00636	0.00386	0.00245	0.00687
18	0.00703	0.00477	0.00567	0.00567	0.00580	0.00491	0.00341	0.00729	0.00716	0.00968	0.01492	0.02978	0.01678	0.70880	0.14441	0.00517	0.00596	0.00676	0.00288	0.00315
19	0.73315	0.01157	0.04233	0.00737	0.01050	0.09959	0.00625	0.01486	0.00894	0.02037	0.00691	0.00807	0.00540	0.00456	0.00322	0.00147	0.00445	0.00272	0.00290	0.00537
20	0.00680	0.00491	0.00642	0.00614	0.00723	0.00453	0.00457	0.00899	0.01343	0.01898	0.74738	0.08702	0.04485	0.01025	0.00575	0.00155	0.00232	0.00909	0.00528	0.00453
21	0.01251	0.01633	0.16204	0.01367	0.01632	0.19643	0.11216	0.01490	0.01018	0.03394	0.01907	0.01095	0.00713	0.00634	0.00940	0.00172	0.34446	0.00414	0.00238	0.00595
22	0.01057	0.03260	0.05895	0.26706	0.37132	0.02001	0.02511	0.01349	0.01020	0.01404	0.00942	0.01355	0.00791	0.00710	0.06034	0.00197	0.04399	0.02356	0.00235	0.00645
23	0.01296	0.83261	0.02539	0.00829	0.01244	0.01917	0.00829	0.01451	0.00985	0.01140	0.00674	0.00777	0.00622	0.00415	0.00311	0.00104	0.00518	0.00259	0.00207	0.00622
24	0.00589	0.00427	0.00557	0.00662	0.00700	0.00395	0.00444	0.00676	0.00940	0.01242	0.02825	0.77269	0.08489	0.01498	0.00615	0.00195	0.00279	0.01353	0.00450	0.00395
25	0.01238	0.06797	0.53553	0.01283	0.01890	0.01155	0.05245	0.08220	0.02375	0.12179	0.01045	0.01130	0.00730	0.00487	0.00463	0.00150	0.00648	0.00390	0.00288	0.00732
26	0.00977	0.00581	0.00739	0.00665	0.00838	0.00539	0.00515	0.01247	0.05290	0.15803	0.50849	0.03252	0.10141	0.00919	0.00547	0.00154	0.00276	0.02704	0.03430	0.00534
27	0.00692	0.00519	0.00779	0.00779	0.00865	0.00606	0.00606	0.00865	0.00779	0.01125	0.01298	0.01904	0.01211	0.03634	0.81049	0.00779	0.01298	0.00519	0.00260	0.00433
28	0.01192	0.01143	0.01953	0.05140	0.77842	0.01149	0.01483	0.01480	0.01100	0.01574	0.00910	0.01202	0.00764	0.00433	0.00480	0.00144	0.00578	0.00432	0.00239	0.00761
29	0.01830	0.00952	0.01341	0.07035	0.13045	0.02103	0.03065	0.07822	0.03509	0.50356	0.02865	0.01536	0.01109	0.00566	0.00489	0.00150	0.00477	0.00479	0.00491	0.00779
30	0.00598	0.00438	0.00562	0.00646	0.00699	0.00402	0.00441	0.00702	0.00995	0.01319	0.10909	0.64938	0.12713	0.01428	0.00608	0.00188	0.00271	0.01282	0.00459	0.00402
31	0.00646	0.00489	0.00559	0.00573	0.00704	0.00427	0.00423	0.00783	0.01118	0.03607	0.16167	0.20771	0.46915	0.01237	0.00583	0.00170	0.00262	0.03671	0.00467	0.00426
32	0.01378	0.56900	0.05043	0.01036	0.01434	0.18141	0.07356	0.01562	0.01079	0.01198	0.00722	0.00850	0.00632	0.00433	0.00364	0.00115	0.00623	0.00300	0.00219	0.00615
33	0.00694	0.00520	0.00647	0.00619	0.00743	0.00488	0.00462	0.00963	0.05540	0.01826	0.61441	0.08249	0.13918	0.01033	0.00570	0.00157	0.00242	0.00906	0.00516	0.00464
34	0.00649	0.00459	0.00608	0.00706	0.00750	0.00442	0.00506	0.00755	0.00942	0.01248	0.02498	0.54456	0.02921	0.12078	0.00871	0.00238	0.00344	0.18707	0.00429	0.00393
35	0.01005	0.00861	0.01005	0.00718	0.01148	0.00646	0.00574	0.01220	0.01005	0.01579	0.00861	0.01005	0.00718	0.00359	0.00359	0.00072	0.00359	0.00287	0.00287	0.85932
36	0.01211	0.01222	0.06509	0.02828	0.73412	0.01139	0.01485	0.01512	0.01106	0.03588	0.00935	0.01201	0.00770	0.00438	0.00479	0.00145	0.00580	0.00429	0.00247	0.00766
37	0.77056	0.05770	0.02741	0.00705	0.01027	0.01140	0.02754	0.01432	0.00848	0.02082	0.00688	0.00807	0.00538	0.00447	0.00312	0.00148	0.00404	0.00273	0.00291	0.00539
38	0.01149	0.01083	0.01804	0.12587	0.57142	0.01106	0.04005	0.03608	0.02950	0.01607	0.04577	0.01333	0.00943	0.00470	0.00484	0.00145	0.00564	0.00455	0.00265	0.03722
39	0.00710	0.00488	0.00603	0.00614	0.00643	0.00505	0.00404	0.00767	0.00761	0.01028	0.01589	0.03161	0.01761	0.59221	0.17502	0.00504	0.00628	0.08471	0.00303	0.00336
40	0.00614	0.00493	0.00548	0.00534	0.00680	0.00427	0.00401	0.00776	0.01202	0.01541	0.32235	0.04282	0.52279	0.01141	0.00572	0.00160	0.00239	0.00969	0.00481	0.00427
41	0.01262	0.00861	0.01031	0.00769	0.01163	0.00707	0.00618	0.03672	0.05673	0.17630	0.04789	0.01308	0.01041	0.00461	0.00406	0.00099	0.00370	0.00374	0.00379	0.57387
42	0.01150	0.01085	0.02780	0.13843	0.12450	0.01154	0.14837	0.06054	0.32624	0.01779	0.02444	0.01685	0.02818	0.00582	0.00510	0.00161	0.00537	0.02447	0.00365	0.00694
43	0.01812	0.02256	0.01378	0.01241	0.01498	0.76540	0.00935	0.06242	0.01424	0.01291	0.00772	0.00890	0.00635	0.00504	0.00440	0.00126	0.00855	0.00319	0.00263	0.00577
44	0.00821	0.00589	0.00813	0.03617	0.04588	0.00573	0.02550	0.01006	0.02237	0.07248	0.10967	0.14861	0.20363	0.06369	0.12126	0.00278	0.00493	0.09615	0.00411	0.00476
45	0.00699	0.00470	0.00572	0.00581	0.00611	0.00469	0.00370	0.00722	0.00783	0.01040	0.04103	0.08711	0.08679	0.49601	0.09936	0.09354	0.00508	0.02151	0.00316	0.00324
46	0.01146	0.01298	0.02797	0.02005	0.02488	0.01225	0.75459	0.01588	0.03889	0.01569	0.01015	0.01325	0.00762	0.00417	0.00569	0.00163	0.00802	0.00571	0.00254	0.00658
47	0.04239	0.00905	0.01116	0.00888	0.01227	0.00880	0.00723	0.12775	0.12232	0.50221	0.08084	0.01739	0.01441	0.00633	0.00489	0.00152	0.00409	0.00514	0.00555	0.00778
48	0.00959	0.01935	0.56474	0.01190	0.01736	0.00966	0.01425	0.01444	0.04636	0.04274	0.01446	0.06608	0.06325	0.00680	0.00534	0.02572	0.00606	0.05260	0.00279	0.00651
49	0.00716	0.00489	0.00561	0.00566	0.00582	0.00494	0.00337	0.00773	0.03157	0.01007	0.01623	0.07381	0.01843	0.71916	0.04256	0.00447	0.00478	0.02741	0.00311	0.00321
50	0.00860	0.00670	0.00997	0.01023	0.03876	0.00681	0.06781	0.05527	0.02521	0.01494	0.02142	0.13150	0.02273	0.03602	0.09214	0.00273	0.00556	0.43467	0.00403	0.00490
51	0.01050	0.01049	0.01376	0.01195	0.01210	0.05042	0.00978	0.01152	0.00775	0.01154	0.00771	0.03484	0.00792	0.05909	0.03795	0.00239	0.68826	0.00465	0.00227	0.00511
52	0.00702	0.00530	0.00781	0.00775	0.00854	0.00619	0.00597	0.00863	0.00773	0.01114	0.01296	0.01963	0.01232	0.08610	0.74032	0.00745	0.03298	0.00529	0.00261	0.00426
53	0.01005	0.00861	0.01005	0.00718	0.01148	0.00646	0.00574	0.01220	0.01005	0.01579	0.00861	0.01005	0.00718	0.00359	0.00359	0.00072	0.00359	0.00287	0.00287	0.85932
54	0.01126	0.01073	0.01825	0.17975	0.62845	0.01114	0.01428	0.01414	0.01072	0.01507	0.00956	0.03740	0.00820	0.00476	0.00485	0.00149	0.00580	0.00461	0.00242	0.00712
55	0.01107	0.01514	0.17104	0.01874	0.02376	0.01223	0.59395	0.01526	0.01097	0.01526	0.00939	0.01240	0.00707	0.00445	0.00613	0.00165	0.05735	0.00523	0.00236	0.00658
56	0.01144	0.01307	0.02859	0.02042	0.02533	0.01225	0.78186	0.01552	0.01144	0.01552	0.00980	0.01307	0.00735	0.00408	0.00572	0.00163	0.00817	0.00572	0.00245	0.00654
57	0.01062	0.14389	0.02280	0.04016	0.01952	0.01195	0.45483	0.01362	0.01034	0.01375	0.01104	0.01481	0.03122	0.04696	0.11573	0.00252	0.02260	0.00526	0.00248	0.00589
58	0.00934	0.00496	0.00532	0.00511	0.00643	0.00489	0.00387	0.01195	0.03777	0.05442	0.11837	0.02123	0.04112	0.00645	0.00388	0.00123	0.00241	0.00529	0.65117	0.00479
59	0.05402	0.00674	0.00805	0.00691	0.00951	0.00604	0.00555	0.01528	0.03629	0.35134	0.04108	0.03059	0.33620	0.00891	0.00520	0.00159	0.00336	0.04231	0.02499	0.00607
60	0.00681	0.00550	0.00614	0.00602	0.00754	0.00514	0.00454	0.00971	0.09836	0.01559	0.24535	0.09434	0.43279	0.01123	0.00570	0.00165	0.00265	0.03155	0.00477	0.00462
61	0.01273	0.53328	0.12524	0.05688	0.01529	0.01636	0.03666	0.03282	0.01032	0.05706	0.00800	0.00934	0.00664	0.00466	0.00444	0.00126	0.05703	0.00320	0.00238	0.00641
62	0.00611	0.00437	0.00583	0.00677	0.00719	0.00409	0.00466	0.00718	0.00989	0.01331	0.11818	0.69696	0.03348	0.01447	0.00615	0.00193	0.00283	0.04797	0.00460	0.00404
63	0.00590	0.00422	0.00562	0.00675	0.00703	0.00394	0.00450	0.00675	0.00928	0.01237	0.02671	0.82653	0.03205	0.01518	0.00619	0.00197	0.00281	0.01378	0.00450	0.00394
64	0.01062	0.07795	0.47486	0.01238	0.01783	0.01108	0.09380	0.07116	0.01131	0.01668	0.02462	0.01211	0.00810	0.00486	0.00447	0.00144	0.00617	0.00403	0.12990	0.00666
65	0.01161	0.06087	0.06742	0.02232	0.26974	0.01237	0.45257	0.01525	0.01115	0.01537	0.00935	0.01227	0.00732	0.00419	0.00522	0.00153	0.00718	0.00498	0.00239	0.00691
66	0.00781	0.00558	0.00781	0.00892	0.01004	0.00558	0.00781	0.01004	0.01116	0.01450	0.02566	0.05466	0.02789	0.01339	0.00669	0.00223	0.00446	0.76685	0.00446	0.00446
67	0.00972	0.02507	0.80458	0.01381	0.02097	0.01125	0.01790	0.01535	0.01023	0.01535	0.00870	0.01023	0.00614	0.00460	0.00460	0.00153	0.00716	0.00358	0.00205	0.00716
68	0.01221	0.57534	0.06701	0.02586	0.07209	0.02868	0.03332	0.01404	0.00981	0.01206	0.00804	0.00969	0.02219	0.00508	0.00486	0.03040	0.05779	0.00323	0.00217	0.00612
69	0.01588	0.01952	0.01276	0.05854	0.01496	0.64071	0.00899	0.01724	0.01270	0.01194	0.00930	0.06594	0.00850	0.01656	0.04216	0.00167	0.02054	0.00409	0.01261	0.00538
70	0.49271	0.00999	0.00992	0.06583	0.08170	0.03271	0.00726	0.10682	0.01098	0.07246	0.00910	0.01030	0.00685	0.00485	0.00369	0.00147	0.00437	0.00339	0.05960	0.00599
71	0.00677	0.00491	0.00639	0.00610	0.00721	0.00452	0.00455	0.00895	0.01339	0.01886	0.73324	0.08241	0.06392	0.01027	0.00574	0.00155	0.00232	0.00909	0.00526	0.00452
72	0.00680	0.00513	0.00601	0.00646	0.00778	0.00473	0.00518	0.00860	0.02264	0.01400	0.03624	0.11412	0.39966	0.01230	0.00590	0.00183	0.00317	0.26420	0.07098	0.00429
73	0.01113	0.00858	0.01016	0.00731	0.01157	0.00652	0.00587	0.01325	0.01040	0.08832	0.00958	0.01064	0.00762	0.00381	0.00371	0.00079	0.00364	0.00306	0.00316	0.78088
74	0.01296	0.83261	0.02539	0.00829	0.01244	0.01917	0.00829	0.01451	0.00985	0.01140	0.00674	0.00777	0.00622	0.00415	0.00311	0.00104	0.00518	0.00259	0.00207	0.00622
75	0.01087	0.00888	0.04769	0.04272	0.03923	0.05405	0.00729	0.05396	0.04733	0.10191	0.08522	0.03334	0.04069	0.06404	0.19512	0.04676	0.01610	0.00532	0.00351	0.09596
76	0.00997	0.07465	0.71002	0.01340	0.01996	0.01196	0.01688	0.01508	0.01004	0.01489	0.00844	0.01010	0.00616	0.00480	0.00517	0.00154	0.05434	0.00356	0.00205	0.00699
77	0.00763	0.00556	0.00749	0.00832	0.00941	0.00555	0.00695	0.01023	0.04910	0.01505	0.11322	0.15218	0.03870	0.01288	0.00642	0.00208	0.00394	0.53615	0.00459	0.00456
78	0.07405	0.02085	0.57775	0.01376	0.01994	0.01096	0.13458	0.01480	0.01032	0.01572	0.01107	0.01261	0.05227	0.00496	0.00472	0.00155	0.00679	0.00423	0.00232	0.00674
79	0.01308	0.15182	0.18554	0.03437	0.01665	0.02425	0.11910	0.10783	0.09850	0.11121	0.01283	0.05796	0.01033	0.00584	0.00476	0.00151	0.00571	0.02838	0.00345	0.00690
80	0.00727	0.00545	0.00757	0.00824	0.00940	0.00525	0.02786	0.00918	0.01089	0.01407	0.04418	0.17913	0.14130	0.01319	0.00642	0.00207	0.00395	0.49577	0.00444	0.00438
81	0.00592	0.00431	0.00562	0.00660	0.00703	0.00401	0.00446	0.00682	0.00940	0.01241	0.02845	0.72986	0.10422	0.01550	0.02863	0.00210	0.00306	0.01320	0.00445	0.00396
82	0.00697	0.00482	0.00613	0.00672	0.01923	0.00437	0.00467	0.00822	0.01061	0.05624	0.14090	0.47198	0.20367	0.01309	0.00593	0.00180	0.00280	0.02280	0.00467	0.00436
83	0.01771	0.02128	0.01420	0.01376	0.08053	0.68463	0.00976	0.05439	0.01393	0.03478	0.00814	0.00936	0.00661	0.00500	0.00444	0.00128	0.00821	0.00333	0.00269	0.00598
84	0.00658	0.00556	0.00634	0.07342	0.00927	0.00521	0.00489	0.00890	0.05820	0.01452	0.16883	0.04036	0.55878	0.01091	0.00560	0.00162	0.00284	0.00920	0.00447	0.00449
85	0.00704	0.00472	0.00541	0.00541	0.00545	0.00476	0.00309	0.00712	0.00708	0.00948	0.01516	0.03111	0.01735	0.79173	0.06227	0.00485	0.00509	0.00696	0.00292	0.00300
86	0.84015	0.00949	0.00733	0.00651	0.00953	0.01099	0.00536	0.03587	0.00866	0.02199	0.00689	0.00798	0.00533	0.00454	0.00305	0.00150	0.00379	0.00267	0.00305	0.00533
87	0.01176	0.03533	0.08996	0.23543	0.25689	0.06214	0.07346	0.04502	0.03127	0.04857	0.02710	0.02862	0.00907	0.00518	0.00488	0.00152	0.00615	0.01830	0.00275	0.00660
88	0.01032	0.00987	0.01532	0.36570	0.12351	0.03012	0.06027	0.04266	0.00994	0.01343	0.00944	0.04809	0.00833	0.04412	0.00829	0.00185	0.18572	0.00489	0.00245	0.00568
89	0.52157	0.01019	0.00958	0.00789	0.01122	0.01124	0.00651	0.19994	0.01266	0.15361	0.00997	0.01021	0.00709	0.00506	0.00375	0.00149	0.00419	0.00341	0.00394	0.00646
90	0.00879	0.03683	0.01031	0.03381	0.01056	0.05474	0.04233	0.01008	0.00940	0.02513	0.04184	0.12769	0.15934	0.12668	0.08224	0.00273	0.18109	0.02855	0.00328	0.00460
91	0.01090	0.00844	0.01001	0.00726	0.01139	0.00644	0.00581	0.01303	0.01051	0.08165	0.04055	0.01162	0.00910	0.00404	0.00378	0.00081	0.00358	0.00327	0.00323	0.75457
92	0.00649	0.00466	0.00598	0.00650	0.00720	0.00443	0.00456	0.00818	0.03247	0.01466	0.22354	0.49461	0.07513	0.01371	0.03324	0.00199	0.00301	0.01135	0.04402	0.00425
93	0.00952	0.00977	0.05583	0.55114	0.16462	0.01049	0.03487	0.01267	0.00992	0.01319	0.00972	0.05042	0.00806	0.00627	0.03232	0.00181	0.00647	0.00478	0.00232	0.00581
94	0.01168	0.01119	0.01910	0.11647	0.71518	0.01143	0.01472	0.01460	0.01089	0.01545	0.00906	0.01210	0.00754	0.00438	0.00480	0.00146	0.00583	0.00432	0.00237	0.00742
95	0.00702	0.00487	0.00643	0.00657	0.00712	0.00520	0.00464	0.00814	0.00815	0.01161	0.04333	0.11615	0.01766	0.29111	0.35970	0.00531	0.00780	0.01974	0.06560	0.00385
96	0.00840	0.00500	0.00783	0.07163	0.00938	0.00520	0.03162	0.00745	0.00710	0.00946	0.00986	0.01740	0.00976	0.05397	0.06309	0.63316	0.00507	0.03953	0.00230	0.00279
97	0.00940	0.00960	0.05144	0.71818	0.09375	0.01085	0.01378	0.01272	0.00982	0.01279	0.00866	0.01272	0.00654	0.00479	0.00483	0.00160	0.00644	0.00427	0.00217	0.00565
98	0.00828	0.00653	0.01022	0.01025	0.01173	0.00659	0.08866	0.01067	0.01106	0.01451	0.02335	0.04882	0.02501	0.01225	0.00691	0.00217	0.03262	0.66149	0.00417	0.00471
99	0.00825	0.00561	0.00756	0.00834	0.00954	0.00551	0.00699	0.01050	0.03276	0.05498	0.02648	0.15651	0.07184	0.02681	0.00673	0.00215	0.00409	0.54618	0.00454	0.00463
100	0.00692	0.00519	0.00779	0.00779	0.00865	0.00606	0.00606	0.00865	0.00779	0.01125	0.01298	0.01904	0.01211	0.03634	0.81049	0.00779	0.01298	0.00519	0.00260	0.00433
101	0.00842	0.00421	0.00631	0.00631	0.00631	0.00421	0.00421	0.00631	0.00631	0.00842	0.00842	0.01473	0.00842	0.01684	0.01894	0.85901	0.00421	0.00421	0.00210	0.00210
102	0.00834	0.00641	0.00946	0.00959	0.01113	0.00641	0.07132	0.01136	0.05645	0.01504	0.02435	0.04714	0.05090	0.01183	0.00632	0.00208	0.00456	0.59883	0.04369	0.00481
103	0.05641	0.00851	0.00979	0.00721	0.01130	0.00666	0.00581	0.01221	0.01000	0.01606	0.00930	0.01199	0.00803	0.00409	0.00370	0.00083	0.00364	0.03815	0.00295	0.77335
104	0.01192	0.01144	0.01953	0.05062	0.77917	0.01149	0.01483	0.01481	0.01100	0.01574	0.00910	0.01202	0.00764	0.00433	0.00480	0.00144	0.00578	0.00432	0.00239	0.00762
105	0.00703	0.00467	0.00538	0.00547	0.00551	0.00466	0.00316	0.00707	0.00724	0.00964	0.01595	0.07791	0.01841	0.74377	0.02308	0.02796	0.00457	0.02248	0.00303	0.00300
106	0.01291	0.01110	0.01729	0.19294	0.48439	0.03166	0.01330	0.08051	0.01206	0.08234	0.01002	0.01245	0.00779	0.00472	0.00481	0.00148	0.00581	0.00434	0.00286	0.00723
107	0.01683	0.02090	0.01405	0.04163	0.08379	0.68211	0.00986	0.01831	0.01313	0.01220	0.00788	0.00956	0.00660	0.00613	0.03536	0.00153	0.00856	0.00335	0.00248	0.00574
108	0.00846	0.00521	0.00719	0.01836	0.04472	0.00484	0.00545	0.00963	0.01019	0.12263	0.05208	0.62634	0.03986	0.01304	0.00590	0.00185	0.00315	0.01175	0.00461	0.00475
109	0.01789	0.04498	0.01448	0.01152	0.01484	0.32024	0.00918	0.43728	0.04593	0.02236	0.01016	0.01062	0.00764	0.00547	0.00461	0.00137	0.00658	0.00387	0.00385	0.00715
110	0.01005	0.00861	0.01005	0.00718	0.01148	0.00646	0.00574	0.01220	0.01005	0.01579	0.00861	0.01005	0.00718	0.00359	0.00359	0.00072	0.00359	0.00287	0.00287	0.85932
111	0.00834	0.00425	0.00632	0.00632	0.00635	0.00427	0.00422	0.00640	0.00637	0.00852	0.00873	0.01531	0.00877	0.03968	0.04006	0.81299	0.00445	0.00431	0.00214	0.00219
112	0.00945	0.00804	0.00985	0.00793	0.03173	0.00660	0.00605	0.01148	0.00976	0.01499	0.02016	0.04912	0.02058	0.00837	0.10023	0.00170	0.02701	0.00390	0.00293	0.65012
113	0.00678	0.00467	0.00594	0.00621	0.00702	0.00436	0.00440	0.00822	0.01076	0.01521	0.28071	0.36138	0.06340	0.03419	0.02778	0.02587	0.00294	0.01004	0.09437	0.02576
114	0.01107	0.00893	0.01065	0.00820	0.03851	0.00707	0.00628	0.04975	0.01087	0.05377	0.00927	0.01050	0.00747	0.00383	0.00375	0.00081	0.00377	0.00309	0.00310	0.74929
115	0.01272	0.14932	0.10516	0.10717	0.20375	0.16424	0.03301	0.03474	0.02305	0.03677	0.01021	0.01285	0.02762	0.05281	0.00563	0.00157	0.00630	0.00410	0.00259	0.00636
116	0.01025	0.01046	0.08618	0.00917	0.03133	0.00747	0.05196	0.01284	0.01023	0.02532	0.02074	0.01077	0.00773	0.00393	0.00407	0.00091	0.01634	0.00327	0.00282	0.67423
117	0.00892	0.00585	0.00730	0.00682	0.00853	0.00523	0.00515	0.03693	0.01192	0.10481	0.24658	0.25689	0.12892	0.01056	0.00553	0.00160	0.00300	0.03953	0.00473	0.10121
118	0.00972	0.00829	0.00962	0.00700	0.01103	0.00628	0.00555	0.01176	0.01003	0.01546	0.01114	0.01275	0.05340	0.02598	0.00427	0.00088	0.00355	0.00341	0.00297	0.78691
119	0.04394	0.16381	0.05660	0.03725	0.13895	0.21284	0.01968	0.14712	0.09366	0.01711	0.01928	0.01109	0.00815	0.00504	0.00436	0.00136	0.00614	0.00381	0.00307	0.00677
120	0.02594	0.74411	0.05535	0.00869	0.01287	0.05159	0.00868	0.02454	0.01016	0.01198	0.00691	0.00796	0.00623	0.00423	0.00324	0.00108	0.00539	0.00268	0.00214	0.00624
121	0.01332	0.02104	0.01110	0.02998	0.01267	0.00912	0.00703	0.10275	0.21032	0.15447	0.03504	0.03705	0.01175	0.00554	0.00445	0.00125	0.00398	0.00454	0.00423	0.32036
122	0.00752	0.00588	0.00856	0.07751	0.07928	0.00601	0.03017	0.00898	0.01804	0.01232	0.01929	0.29834	0.04106	0.21801	0.07666	0.00303	0.00494	0.05502	0.02504	0.00434
123	0.00950	0.08983	0.47284	0.01143	0.01644	0.01930	0.03339	0.01380	0.02941	0.02458	0.10959	0.09987	0.02731	0.00661	0.00486	0.00155	0.00575	0.01470	0.00291	0.00633
124	0.00596	0.00435	0.00562	0.00657	0.00705	0.00401	0.00449	0.00692	0.00966	0.01272	0.05224	0.69509	0.11968	0.01465	0.00613	0.00192	0.00280	0.03163	0.00452	0.00399
125	0.02165	0.00840	0.01134	0.00870	0.01245	0.00735	0.00718	0.04570	0.01413	0.78036	0.01890	0.01635	0.01189	0.00599	0.00487	0.00150	0.00416	0.00486	0.00596	0.00825
126	0.01113	0.01075	0.01772	0.13093	0.49567	0.03813	0.07671	0.01384	0.01081	0.01478	0.01125	0.03648	0.02144	0.00578	0.00545	0.02563	0.00589	0.05836	0.00260	0.00667
127	0.00650	0.00479	0.00670	0.00729	0.00797	0.00461	0.02556	0.00781	0.00982	0.01324	0.08636	0.53157	0.05498	0.02811	0.07434	0.00246	0.00398	0.10259	0.01717	0.00415
128	0.05040	0.00829	0.01111	0.00855	0.01227	0.00725	0.00706	0.02330	0.01368	0.77624	0.01870	0.01620	0.01177	0.00595	0.00481	0.00150	0.00411	0.00480	0.00590	0.00815
129	0.00627	0.00501	0.00568	0.00585	0.00728	0.00442	0.00457	0.00783	0.01142	0.01427	0.15673	0.06881	0.52596	0.01220	0.00591	0.00173	0.00280	0.14440	0.00462	0.00422
130	0.01152	0.02532	0.31808	0.04414	0.16984	0.06494	0.12608	0.04203	0.01137	0.04672	0.03256	0.01311	0.02672	0.00596	0.02995	0.00171	0.01606	0.00446	0.00263	0.00682
131	0.01018	0.00966	0.01639	0.53358	0.30983	0.01104	0.01397	0.01328	0.01018	0.01363	0.00879	0.01259	0.00690	0.00465	0.00483	0.00155	0.00621	0.00431	0.00224	0.00621
132	0.00615	0.00500	0.00553	0.00581	0.00727	0.00438	0.00455	0.00756	0.01097	0.01333	0.04319	0.09184	0.60182	0.01266	0.00594	0.00177	0.00287	0.16072	0.00449	0.00416
133	0.05205	0.00958	0.01014	0.00851	0.01121	0.01051	0.00684	0.30808	0.17935	0.05316	0.01502	0.01604	0.01139	0.00607	0.00439	0.00142	0.00395	0.02396	0.26158	0.00677
134	0.01667	0.01339	0.03460	0.01095	0.01461	0.03607	0.00908	0.56231	0.20433	0.02719	0.01336	0.01305	0.00968	0.00594	0.00485	0.00150	0.00512	0.00457	0.00473	0.00801
135	0.00772	0.00536	0.00696	0.00687	0.03478	0.00488	0.00494	0.00984	0.01322	0.06353	0.60856	0.03585	0.15934	0.00986	0.00564	0.00154	0.00254	0.00861	0.00514	0.00482
136	0.01284	0.80416	0.05285	0.00849	0.01274	0.01890	0.00863	0.01454	0.00986	0.01154	0.00681	0.00786	0.00622	0.00416	0.00316	0.00105	0.00525	0.00263	0.00207	0.00625
137	0.00816	0.00621	0.00769	0.00674	0.00875	0.00543	0.00511	0.01910	0.01167	0.03706	0.33746	0.16409	0.07951	0.00896	0.00541	0.00139	0.02365	0.00775	0.00435	0.25151
138	0.01120	0.07571	0.11556	0.12117	0.08109	0.02106	0.27739	0.03788	0.09342	0.03118	0.02126	0.06966	0.01010	0.00548	0.00509	0.00157	0.00635	0.00541	0.00291	0.00651
139	0.01547	0.01257	0.01303	0.04431	0.01478	0.06277	0.00883	0.42216	0.27273	0.02457	0.01451	0.01549	0.01104	0.00630	0.00493	0.00154	0.00506	0.03770	0.00460	0.00761
140	0.01034	0.01272	0.16661	0.07270	0.20030	0.02146	0.11612	0.04094	0.05892	0.01678	0.17820	0.01803	0.03264	0.00604	0.00539	0.00155	0.02610	0.00549	0.00322	0.00646
141	0.00623	0.00492	0.00561	0.00550	0.00690	0.00431	0.00413	0.00790	0.01210	0.01570	0.35501	0.06133	0.45879	0.01139	0.00575	0.00161	0.00242	0.02127	0.00484	0.00429
142	0.01421	0.03671	0.05833	0.03269	0.04382	0.05103	0.01801	0.29788	0.31575	0.02243	0.02791	0.01518	0.03193	0.00609	0.00484	0.00152	0.00497	0.00488	0.00434	0.00749
143	0.00763	0.04695	0.13224	0.00741	0.00975	0.00653	0.00684	0.01070	0.04404	0.01747	0.49041	0.04724	0.13601	0.00909	0.00540	0.00153	0.00328	0.00783	0.00452	0.00510
144	0.00718	0.00477	0.00629	0.00633	0.00663	0.00504	0.00423	0.00745	0.00726	0.00997	0.01385	0.05408	0.01487	0.40761	0.28397	0.14089	0.00730	0.00623	0.00275	0.00330
145	0.01174	0.17218	0.17707	0.03367	0.09020	0.04546	0.31354	0.03741	0.01109	0.01478	0.00890	0.01130	0.00700	0.00523	0.02585	0.00163	0.01963	0.00437	0.00236	0.00661
146	0.01347	0.01071	0.01143	0.00988	0.01284	0.01211	0.00780	0.16245	0.59065	0.05883	0.01914	0.01772	0.03771	0.00659	0.00494	0.00160	0.00408	0.00539	0.00495	0.00769

[dist]
# distance from previous block
# <min> <max>
0	1

[block]
# block no. 2 follows, 52 sequences, length 28
# corresponding to MSA columns:
# 400-427
name=unknown_C
#
# <colnr> <probs for GDERKNQSTAVLIFYWHMCP>
#	G	D	E	R	K	N	Q	S	T	A	V	L	I	F	Y	W	H	M	C	P
0	0.03161	0.07877	0.18420	0.03370	0.35462	0.01210	0.03216	0.09800	0.01214	0.08700	0.00991	0.01158	0.00758	0.00476	0.00483	0.00146	0.02122	0.00408	0.00289	0.00740
1	0.01289	0.43702	0.20513	0.01134	0.03240	0.07913	0.05727	0.07242	0.02606	0.01429	0.00810	0.00931	0.00661	0.00449	0.00391	0.00126	0.00610	0.00327	0.00239	0.00662
2	0.00640	0.00498	0.00610	0.00640	0.02825	0.00447	0.00450	0.00806	0.01186	0.01571	0.35965	0.17985	0.32298	0.01158	0.00578	0.00164	0.00254	0.01008	0.00480	0.00436
3	0.01066	0.01795	0.44044	0.01512	0.15783	0.01013	0.02710	0.01512	0.03083	0.05013	0.02766	0.02638	0.00844	0.00481	0.00457	0.00140	0.00597	0.00405	0.00261	0.13879
4	0.01344	0.48019	0.20445	0.00984	0.01452	0.04447	0.01041	0.04418	0.01106	0.09942	0.02255	0.00997	0.00759	0.00465	0.00381	0.00123	0.00561	0.00326	0.00267	0.00668
5	0.01908	0.01157	0.01313	0.01011	0.01384	0.01217	0.00834	0.51837	0.01954	0.26862	0.01411	0.01339	0.00956	0.00587	0.00480	0.00146	0.00484	0.00453	0.03858	0.00810
6	0.00617	0.00490	0.00560	0.00582	0.00702	0.00441	0.00422	0.00784	0.03449	0.01401	0.15256	0.25659	0.43142	0.01319	0.02751	0.00188	0.00285	0.01070	0.00459	0.00424
7	0.01229	0.66669	0.18549	0.00943	0.01419	0.01755	0.01027	0.01468	0.00993	0.01221	0.00714	0.00828	0.00620	0.00424	0.00342	0.00114	0.00559	0.00279	0.00207	0.00641
8	0.01232	0.39619	0.08694	0.01649	0.26412	0.01539	0.04905	0.03526	0.01054	0.01387	0.00791	0.00984	0.00679	0.00453	0.00467	0.00131	0.05221	0.00352	0.00227	0.00678
9	0.01205	0.01041	0.01096	0.00986	0.01260	0.01205	0.00767	0.02575	0.79071	0.02027	0.01972	0.01808	0.01479	0.00657	0.00493	0.00164	0.00384	0.00548	0.00493	0.00767
10	0.00836	0.00425	0.00637	0.00637	0.00640	0.00428	0.00428	0.00640	0.00637	0.00852	0.00859	0.01489	0.00856	0.01757	0.04857	0.82714	0.00454	0.00425	0.00212	0.00219
11	0.00584	0.00491	0.00506	0.00502	0.00661	0.00414	0.00377	0.00716	0.01130	0.01370	0.12090	0.04563	0.72531	0.01205	0.00573	0.00163	0.00244	0.01009	0.00458	0.00414
12	0.00705	0.00500	0.00634	0.00603	0.00727	0.00454	0.00451	0.00910	0.01309	0.03962	0.62637	0.08144	0.15063	0.01043	0.00572	0.00156	0.00239	0.00915	0.00519	0.00457
13	0.01841	0.01399	0.01451	0.01121	0.01503	0.04939	0.00922	0.75029	0.02239	0.02973	0.01146	0.01151	0.00815	0.00578	0.00483	0.00145	0.00548	0.00431	0.00475	0.00813
14	0.37703	0.00905	0.00955	0.00779	0.01110	0.00934	0.00640	0.07803	0.03218	0.35883	0.04643	0.01335	0.01036	0.00553	0.00412	0.00150	0.00397	0.00406	0.00458	0.00681
15	0.01019	0.01008	0.01960	0.01527	0.01865	0.00965	0.44133	0.04580	0.01180	0.01569	0.01731	0.02915	0.05271	0.00780	0.00602	0.00183	0.00648	0.27151	0.00335	0.00577
16	0.01867	0.01318	0.01430	0.01096	0.01483	0.01444	0.00906	0.72679	0.02212	0.08800	0.01219	0.01200	0.00852	0.00583	0.00485	0.00146	0.00524	0.00440	0.00493	0.00824
17	0.04308	0.01014	0.05122	0.09594	0.05267	0.03245	0.00790	0.07188	0.01134	0.04681	0.02645	0.01264	0.03494	0.00461	0.00409	0.00108	0.00441	0.00372	0.02062	0.46403
18	0.02827	0.15618	0.13304	0.00980	0.04226	0.02896	0.00873	0.06736	0.14438	0.06310	0.06538	0.07559	0.12048	0.00737	0.00479	0.00151	0.00455	0.02819	0.00378	0.00629
19	0.01144	0.01307	0.02859	0.02042	0.02533	0.01225	0.78186	0.01552	0.01144	0.01552	0.00980	0.01307	0.00735	0.00408	0.00572	0.00163	0.00817	0.00572	0.00245	0.00654
20	0.01236	0.01359	0.12968	0.12664	0.26705	0.01200	0.17961	0.13300	0.03032	0.03375	0.00997	0.01228	0.00757	0.00469	0.00499	0.00153	0.00643	0.00456	0.00283	0.00715
21	0.01012	0.09490	0.29509	0.11797	0.15478	0.01119	0.08342	0.01408	0.02774	0.01485	0.05439	0.01564	0.05986	0.00548	0.00480	0.00151	0.00604	0.01904	0.00260	0.00650
22	0.00590	0.00425	0.00559	0.00667	0.00701	0.00394	0.00446	0.00676	0.00936	0.01240	0.02770	0.79186	0.06608	0.01505	0.00616	0.00195	0.00280	0.01362	0.00450	0.00394
23	0.00594	0.00429	0.00562	0.00661	0.00701	0.00397	0.00445	0.00687	0.00958	0.01273	0.06226	0.74580	0.07741	0.01478	0.00614	0.00193	0.00277	0.01335	0.00454	0.00397
24	0.01534	0.03465	0.10825	0.10694	0.08800	0.04083	0.03371	0.14576	0.02456	0.26173	0.02630	0.05099	0.01050	0.00592	0.00511	0.00152	0.02380	0.00488	0.00403	0.00719
25	0.03079	0.11436	0.19523	0.10842	0.26889	0.05892	0.03466	0.02899	0.02378	0.05596	0.02958	0.01189	0.00820	0.00475	0.00455	0.00144	0.00607	0.00404	0.00262	0.00688
26	0.01084	0.01131	0.01736	0.01409	0.01533	0.04765	0.18350	0.01260	0.00867	0.01255	0.00812	0.04184	0.00769	0.00832	0.03337	0.00212	0.55191	0.00491	0.00231	0.00552
27	0.01257	0.11921	0.01384	0.00935	0.03084	0.09894	0.03360	0.09826	0.01198	0.03208	0.00883	0.01005	0.00718	0.00414	0.00388	0.00096	0.00478	0.00320	0.00298	0.49333

[dist]
# distance from previous block
# <min> <max>
0	4

[block]
# block no. 3 follows, 52 sequences, length 31
# corresponding to MSA columns:
# 487-517
name=unknown_D
#
# <colnr> <probs for GDERKNQSTAVLIFYWHMCP>
#	G	D	E	R	K	N	Q	S	T	A	V	L	I	F	Y	W	H	M	C	P
0	0.01468	0.27402	0.06223	0.01295	0.07859	0.22639	0.07791	0.10747	0.06024	0.02908	0.00909	0.01021	0.00730	0.00478	0.00424	0.00130	0.00646	0.00363	0.00281	0.00662
1	0.01177	0.03359	0.25559	0.01659	0.23002	0.03780	0.04144	0.09873	0.08668	0.03138	0.06841	0.01496	0.04047	0.00552	0.00484	0.00150	0.00573	0.00474	0.00315	0.00709
2	0.04405	0.00878	0.01030	0.00762	0.01170	0.00720	0.00614	0.03443	0.04491	0.15328	0.01093	0.01148	0.00830	0.00423	0.00388	0.00094	0.00374	0.00336	0.00356	0.62117
3	0.00682	0.00482	0.00587	0.00606	0.00717	0.00430	0.00437	0.00821	0.01121	0.05093	0.23119	0.33058	0.28577	0.01245	0.00585	0.00172	0.00262	0.01092	0.00478	0.00435
4	0.00756	0.00548	0.00759	0.03295	0.03228	0.00594	0.00556	0.00922	0.02345	0.02662	0.08949	0.02401	0.03385	0.23050	0.41954	0.00551	0.00864	0.00605	0.02152	0.00427
5	0.00646	0.00494	0.00593	0.00568	0.00700	0.00440	0.00426	0.00838	0.01278	0.01721	0.53426	0.03986	0.30976	0.01074	0.00572	0.00156	0.00235	0.00928	0.00504	0.00440
6	0.00996	0.02233	0.65361	0.06664	0.09331	0.01128	0.04568	0.01512	0.01032	0.01521	0.00877	0.01067	0.00635	0.00457	0.00468	0.00153	0.00703	0.00377	0.00210	0.00707
7	0.86392	0.00937	0.00712	0.00637	0.00937	0.01087	0.00525	0.01425	0.00825	0.02174	0.00675	0.00787	0.00525	0.00450	0.00300	0.00150	0.00375	0.00262	0.00300	0.00525
8	0.07476	0.00891	0.01008	0.00744	0.01149	0.00741	0.00597	0.06160	0.02530	0.04176	0.02921	0.01100	0.00837	0.00409	0.00374	0.00088	0.00370	0.00321	0.00320	0.67788
9	0.00715	0.03073	0.00656	0.00608	0.00644	0.00546	0.00396	0.00767	0.00742	0.01006	0.01492	0.06231	0.01649	0.56741	0.22230	0.00525	0.00673	0.00673	0.00289	0.00343
10	0.01062	0.06305	0.04801	0.23142	0.11181	0.05669	0.03098	0.04010	0.12648	0.01498	0.05195	0.08788	0.01308	0.03239	0.00598	0.00169	0.03648	0.02725	0.00316	0.00599
11	0.00634	0.00533	0.02400	0.00580	0.00723	0.00446	0.00447	0.00810	0.01207	0.01590	0.37866	0.10653	0.38107	0.01129	0.00573	0.00161	0.00252	0.00972	0.00481	0.00436
12	0.00802	0.00446	0.00663	0.00663	0.00684	0.00466	0.00461	0.00689	0.00668	0.00912	0.00970	0.01625	0.00956	0.04543	0.20620	0.63261	0.00630	0.00452	0.00225	0.00265
13	0.00617	0.00449	0.00574	0.00639	0.00700	0.00415	0.00442	0.00734	0.01033	0.01381	0.18643	0.52719	0.12056	0.04915	0.00685	0.00196	0.00278	0.02660	0.00460	0.00405
14	0.08147	0.00948	0.01429	0.42668	0.15844	0.01080	0.01175	0.07035	0.01124	0.10188	0.02688	0.01308	0.00815	0.00514	0.00504	0.00156	0.03021	0.00433	0.00295	0.00627
15	0.08958	0.27027	0.06961	0.06073	0.07966	0.20110	0.00961	0.02562	0.04893	0.01386	0.00941	0.01093	0.02812	0.00613	0.03422	0.00156	0.02851	0.00354	0.00255	0.00607
16	0.03206	0.01166	0.04335	0.16128	0.10296	0.05873	0.24590	0.04477	0.02420	0.11245	0.02663	0.04028	0.00978	0.00554	0.00560	0.00160	0.04021	0.02344	0.00312	0.00645
17	0.01259	0.00900	0.01082	0.07467	0.01309	0.00955	0.02823	0.24461	0.09901	0.07035	0.09070	0.01850	0.04756	0.03364	0.04578	0.00184	0.00467	0.00529	0.12719	0.05291
18	0.00641	0.00493	0.00588	0.00580	0.00710	0.00440	0.00438	0.00820	0.01230	0.01631	0.42259	0.08142	0.34167	0.01129	0.00579	0.00163	0.00249	0.04814	0.00492	0.00434
19	0.01488	0.23123	0.01613	0.01113	0.03710	0.38397	0.00873	0.03744	0.12483	0.01357	0.01057	0.03063	0.02365	0.00598	0.01837	0.00141	0.01757	0.00384	0.00288	0.00610
20	0.00692	0.00519	0.00779	0.00779	0.00865	0.00606	0.00606	0.00865	0.00779	0.01125	0.01298	0.01904	0.01211	0.03634	0.81049	0.00779	0.01298	0.00519	0.00260	0.00433
21	0.00704	0.00473	0.00543	0.00543	0.00548	0.00478	0.00312	0.00714	0.00709	0.00950	0.01514	0.03097	0.01730	0.78328	0.07064	0.00488	0.00518	0.00694	0.00292	0.00302
22	0.00739	0.00596	0.00674	0.00673	0.00822	0.00588	0.00507	0.01136	0.17128	0.01565	0.17079	0.18507	0.31200	0.01129	0.00571	0.00172	0.00290	0.05661	0.00473	0.00491
23	0.00590	0.00422	0.00562	0.00675	0.00703	0.00394	0.00450	0.00675	0.00928	0.01237	0.02671	0.82653	0.03205	0.01518	0.00619	0.00197	0.00281	0.01378	0.00450	0.00394
24	0.00893	0.00824	0.01343	0.55659	0.11745	0.00971	0.01181	0.01163	0.00979	0.01275	0.01324	0.09266	0.06312	0.02487	0.00573	0.00171	0.02473	0.00567	0.00258	0.00537
25	0.34586	0.00965	0.01029	0.00876	0.03301	0.01015	0.00693	0.11918	0.07966	0.31110	0.01314	0.01254	0.00902	0.00540	0.00415	0.00150	0.00416	0.00397	0.00450	0.00702
26	0.01279	0.37207	0.20753	0.01416	0.16115	0.05111	0.03459	0.01564	0.01065	0.06652	0.00860	0.00993	0.00689	0.00445	0.00403	0.00129	0.00594	0.00342	0.00242	0.00683
27	0.01242	0.00877	0.01059	0.06845	0.01320	0.00788	0.00683	0.09325	0.06287	0.14400	0.03071	0.02822	0.06468	0.00541	0.00434	0.00115	0.00397	0.00443	0.00385	0.42498
