[name]
unknown

[dist]
# distance from previous block
# <min> <max>
4	25

[block]
# block no. 0 follows, 63 sequences, length 7
# corresponding to MSA columns:
# 38-44
name=unknown_A
#
# <colnr> <probs for GDERKNQSTAVLIFYWHMCP>
#	G	D	E	R	K	N	Q	S	T	A	V	L	I	F	Y	W	H	M	C	P
0	0.08863	0.11079	0.30670	0.01125	0.07592	0.06464	0.07314	0.05669	0.00961	0.03640	0.02894	0.05076	0.00795	0.00620	0.05334	0.00160	0.00567	0.00379	0.00236	0.00561
1	0.07287	0.56383	0.04367	0.00873	0.03451	0.05623	0.06424	0.03379	0.02736	0.03116	0.02551	0.00831	0.00655	0.00390	0.00315	0.00104	0.00471	0.00280	0.00217	0.00547
2	0.01050	0.40712	0.30135	0.05529	0.01450	0.03377	0.01033	0.03606	0.04977	0.03492	0.00753	0.00851	0.00595	0.00398	0.00342	0.00113	0.00515	0.00286	0.00209	0.00579
3	0.06700	0.13041	0.07610	0.00854	0.05487	0.08042	0.00683	0.07911	0.03428	0.01251	0.00935	0.01367	0.00865	0.16888	0.16356	0.00275	0.02766	0.00385	0.00244	0.04911
4	0.05433	0.20105	0.61305	0.01061	0.01607	0.01123	0.01316	0.01311	0.00871	0.01286	0.00709	0.00831	0.00530	0.00390	0.00364	0.00124	0.00569	0.00288	0.00182	0.00595
5	0.08516	0.00488	0.00605	0.00593	0.00653	0.00543	0.00425	0.00746	0.00692	0.01043	0.04699	0.07916	0.03408	0.31963	0.30492	0.00429	0.05625	0.00560	0.00262	0.00342
6	0.01200	0.59334	0.09277	0.00833	0.01195	0.12212	0.00814	0.08696	0.01005	0.01178	0.00647	0.00735	0.00555	0.00386	0.00310	0.00100	0.00506	0.00253	0.00207	0.00556

[dist]
# distance from previous block
# <min> <max>
0	1

[block]
# block no. 1 follows, 63 sequences, length 8
# corresponding to MSA columns:
# 46-53
name=unknown_B
#
# <colnr> <probs for GDERKNQSTAVLIFYWHMCP>
#	G	D	E	R	K	N	Q	S	T	A	V	L	I	F	Y	W	H	M	C	P
0	0.00865	0.05816	0.00966	0.00921	0.11574	0.07875	0.00613	0.03058	0.00915	0.01249	0.01281	0.29799	0.01361	0.00684	0.00409	0.00115	0.00364	0.00595	0.00290	0.31251
1	0.01015	0.05821	0.00939	0.00759	0.03307	0.06210	0.00581	0.03825	0.11786	0.11004	0.11903	0.08400	0.05853	0.00610	0.00427	0.00117	0.01916	0.02279	0.00351	0.22897
2	0.00965	0.00860	0.05159	0.06321	0.11564	0.00683	0.00710	0.03160	0.00929	0.06199	0.00813	0.00947	0.00647	0.00348	0.00345	0.00084	0.00373	0.00290	0.00257	0.59346
3	0.01127	0.00975	0.01634	0.08137	0.59744	0.00983	0.06323	0.06104	0.01033	0.08546	0.00880	0.01084	0.00692	0.00397	0.00422	0.00128	0.00503	0.00387	0.00247	0.00652
4	0.00972	0.00869	0.01251	0.05348	0.08292	0.01107	0.03402	0.01165	0.06122	0.06384	0.00803	0.01172	0.00724	0.07514	0.01156	0.00187	0.52401	0.00403	0.00231	0.00495
5	0.00627	0.00503	0.00769	0.00825	0.06070	0.00484	0.07514	0.00776	0.02925	0.01169	0.07315	0.52745	0.02378	0.07385	0.00643	0.00181	0.00323	0.06620	0.00358	0.00391
6	0.02826	0.01193	0.08949	0.01276	0.13711	0.17899	0.11426	0.02676	0.03329	0.05593	0.10731	0.01561	0.03214	0.00560	0.00524	0.00136	0.08053	0.05529	0.00279	0.00535
7	0.00898	0.07075	0.00941	0.00814	0.06141	0.00752	0.02859	0.04352	0.21245	0.07470	0.20413	0.09382	0.14473	0.00737	0.00452	0.00136	0.00313	0.00634	0.00394	0.00521

[dist]
# distance from previous block
# <min> <max>
1	6

[block]
# block no. 2 follows, 63 sequences, length 18
# corresponding to MSA columns:
# 61-78
name=unknown_C
#
# <colnr> <probs for GDERKNQSTAVLIFYWHMCP>
#	G	D	E	R	K	N	Q	S	T	A	V	L	I	F	Y	W	H	M	C	P
0	0.06501	0.04577	0.03861	0.01231	0.15624	0.32340	0.00855	0.12299	0.02895	0.09520	0.00916	0.04651	0.00746	0.00481	0.00407	0.00122	0.01753	0.00362	0.00284	0.00574
1	0.01080	0.01232	0.01952	0.01488	0.03123	0.17685	0.52108	0.02685	0.03197	0.01286	0.00990	0.03396	0.02496	0.02890	0.00519	0.00144	0.00663	0.02294	0.00236	0.00534
2	0.00879	0.05637	0.68871	0.01235	0.04059	0.01015	0.06149	0.01368	0.04477	0.01337	0.00796	0.00927	0.00576	0.00402	0.00401	0.00132	0.00603	0.00327	0.00192	0.00618
3	0.01015	0.00973	0.01660	0.11083	0.74302	0.00992	0.01277	0.01268	0.00945	0.01342	0.00786	0.01049	0.00655	0.00379	0.00417	0.00126	0.00506	0.00374	0.00206	0.00645
4	0.00814	0.00770	0.01288	0.75735	0.07506	0.00953	0.01164	0.01084	0.00839	0.01089	0.00741	0.01107	0.00566	0.00432	0.00462	0.00141	0.04269	0.00373	0.00188	0.00478
5	0.00512	0.00366	0.00488	0.00585	0.00610	0.00341	0.00390	0.00585	0.00805	0.01073	0.02317	0.84952	0.02780	0.01317	0.00537	0.00171	0.00244	0.01195	0.00390	0.00341
6	0.00503	0.00426	0.00435	0.00433	0.00572	0.00358	0.00324	0.00616	0.00973	0.01171	0.09312	0.03987	0.77358	0.01051	0.00497	0.00141	0.00212	0.00879	0.00395	0.00358
7	0.00557	0.00432	0.00509	0.00499	0.00617	0.00384	0.00381	0.00714	0.01073	0.01415	0.42650	0.03644	0.38565	0.00970	0.00502	0.00140	0.00217	0.05928	0.00426	0.00378
8	0.00526	0.00427	0.00467	0.00457	0.00586	0.00367	0.00343	0.00661	0.01028	0.01301	0.27800	0.03773	0.58789	0.01003	0.00497	0.00139	0.00209	0.00849	0.00412	0.00367
9	0.00512	0.00366	0.00488	0.00585	0.00610	0.00341	0.00390	0.00585	0.00805	0.01073	0.02317	0.84952	0.02780	0.01317	0.00537	0.00171	0.00244	0.01195	0.00390	0.00341
10	0.00905	0.06310	0.70306	0.01156	0.01718	0.01045	0.01437	0.06012	0.00939	0.01377	0.00751	0.00885	0.00545	0.00419	0.00440	0.00133	0.04503	0.00313	0.00192	0.00615
11	0.38664	0.05263	0.03215	0.02887	0.09141	0.24099	0.05470	0.03199	0.00931	0.01493	0.00665	0.00802	0.00534	0.00440	0.01525	0.00130	0.00519	0.00282	0.00236	0.00505
12	0.01876	0.00732	0.00986	0.00756	0.01081	0.00642	0.00624	0.04878	0.01231	0.80026	0.01635	0.01416	0.01029	0.00520	0.00423	0.00130	0.00361	0.00421	0.00517	0.00715
13	0.01013	0.01162	0.02399	0.01727	0.02133	0.04245	0.75829	0.01350	0.00990	0.01325	0.00835	0.01114	0.00632	0.00368	0.00515	0.00142	0.02966	0.00484	0.00212	0.00561
14	0.00512	0.00368	0.00486	0.00580	0.00608	0.00342	0.00388	0.00586	0.00810	0.01075	0.02387	0.82042	0.05645	0.01308	0.00535	0.00170	0.00243	0.01184	0.00390	0.00342
15	0.00843	0.02174	0.83048	0.01198	0.01819	0.00976	0.01553	0.01331	0.00888	0.01331	0.00754	0.00888	0.00533	0.00399	0.00399	0.00133	0.00621	0.00311	0.00178	0.00621
16	0.01303	0.01031	0.01096	0.00908	0.01191	0.01166	0.00728	0.39077	0.44582	0.02174	0.01384	0.01308	0.01018	0.00540	0.00424	0.00135	0.00393	0.00430	0.00424	0.00688
17	0.00653	0.00443	0.00577	0.00536	0.00647	0.00406	0.00405	0.00847	0.01183	0.05505	0.76067	0.03088	0.06340	0.00850	0.00492	0.00132	0.00206	0.00748	0.00463	0.00410

[dist]
# distance from previous block
# <min> <max>
0	1

[block]
# block no. 3 follows, 63 sequences, length 25
# corresponding to MSA columns:
# 83-107
name=unknown_D
#
# <colnr> <probs for GDERKNQSTAVLIFYWHMCP>
#	G	D	E	R	K	N	Q	S	T	A	V	L	I	F	Y	W	H	M	C	P
0	0.01097	0.00980	0.01657	0.02458	0.77148	0.00973	0.01245	0.01341	0.00974	0.06829	0.00849	0.01067	0.00691	0.00384	0.00417	0.00125	0.00490	0.00378	0.00229	0.00669
1	0.00745	0.00576	0.00656	0.00603	0.00736	0.04186	0.00458	0.02217	0.10757	0.04284	0.63194	0.02787	0.05561	0.00796	0.00479	0.00132	0.00249	0.00692	0.00447	0.00446
2	0.70032	0.00834	0.00739	0.01962	0.03457	0.02397	0.00536	0.01312	0.00778	0.09729	0.00699	0.00787	0.00527	0.00420	0.00338	0.00132	0.04293	0.00261	0.00278	0.00488
3	0.02981	0.01567	0.01318	0.08889	0.12168	0.49772	0.04578	0.03849	0.01087	0.01161	0.00690	0.00866	0.00570	0.00443	0.00467	0.00121	0.07039	0.00314	0.00217	0.01903
4	0.10626	0.01025	0.01169	0.01162	0.15861	0.04330	0.00797	0.35008	0.10388	0.08363	0.06236	0.01201	0.00968	0.00497	0.00407	0.00128	0.00427	0.00396	0.00368	0.00644
5	0.00611	0.00409	0.00465	0.00465	0.00468	0.00411	0.00263	0.00616	0.00613	0.00820	0.01318	0.02716	0.01513	0.82583	0.04762	0.00416	0.00431	0.00606	0.00254	0.00259
6	0.00864	0.05880	0.74964	0.01208	0.01807	0.01012	0.05890	0.01329	0.00892	0.01317	0.00752	0.00891	0.00539	0.00395	0.00399	0.00132	0.00618	0.00317	0.00180	0.00615
7	0.00512	0.00366	0.00488	0.00585	0.00610	0.00341	0.00390	0.00585	0.00805	0.01073	0.02317	0.84952	0.02780	0.01317	0.00537	0.00171	0.00244	0.01195	0.00390	0.00341
8	0.00511	0.00370	0.00484	0.00575	0.00607	0.00342	0.00385	0.00587	0.00815	0.01077	0.02447	0.79537	0.08111	0.01300	0.00534	0.00169	0.00242	0.01174	0.00390	0.00342
9	0.01507	0.01897	0.01201	0.01085	0.01280	0.75489	0.00823	0.01613	0.01138	0.01027	0.00640	0.00774	0.00543	0.00463	0.00477	0.00116	0.08949	0.00280	0.00213	0.00485
10	0.01039	0.00581	0.00624	0.00540	0.00713	0.00590	0.00425	0.16232	0.01117	0.09016	0.01307	0.01426	0.00990	0.00489	0.00330	0.00105	0.00265	0.00387	0.60381	0.03442
11	0.01116	0.77212	0.02154	0.00901	0.09057	0.01598	0.00775	0.01262	0.00864	0.01027	0.00605	0.00710	0.00552	0.00361	0.00284	0.00093	0.00454	0.00239	0.00183	0.00552
12	0.01090	0.73164	0.06034	0.00780	0.01117	0.01593	0.00779	0.01238	0.00835	0.01008	0.00589	0.00709	0.00540	0.00398	0.00385	0.00101	0.08679	0.00243	0.00180	0.00536
13	0.00912	0.01043	0.09289	0.01113	0.01174	0.01257	0.00982	0.01043	0.00668	0.01043	0.00572	0.00917	0.00550	0.00703	0.01284	0.00179	0.76252	0.00362	0.00183	0.00476
14	0.05998	0.00663	0.00831	0.00743	0.03537	0.00639	0.02510	0.04128	0.11506	0.28961	0.11643	0.09093	0.16537	0.00718	0.00448	0.00138	0.00314	0.00608	0.00431	0.00553
15	0.18588	0.01265	0.01147	0.00963	0.01188	0.24661	0.04122	0.21874	0.01181	0.02931	0.00752	0.00890	0.00599	0.00578	0.03150	0.00150	0.14822	0.00324	0.00277	0.00538
16	0.00512	0.00414	0.00453	0.00476	0.00586	0.00358	0.00347	0.00615	0.00927	0.01142	0.07157	0.22070	0.57185	0.02953	0.00544	0.00155	0.00228	0.03133	0.00390	0.00352
17	0.00530	0.00378	0.00508	0.00605	0.00637	0.00356	0.00420	0.00615	0.00822	0.01093	0.02307	0.76524	0.02742	0.01301	0.00541	0.00173	0.00259	0.09452	0.00390	0.00346
18	0.00945	0.00883	0.01471	0.29237	0.48595	0.00946	0.01176	0.03463	0.00963	0.01332	0.06243	0.01206	0.00853	0.00426	0.00423	0.00130	0.00498	0.00400	0.00224	0.00584
19	0.01061	0.01018	0.01644	0.08024	0.71635	0.03400	0.01249	0.04425	0.00996	0.01393	0.00792	0.01036	0.00657	0.00384	0.00416	0.00125	0.00510	0.00372	0.00215	0.00649
20	0.01284	0.04107	0.01134	0.00978	0.01150	0.47307	0.00757	0.07751	0.01068	0.01139	0.00763	0.01009	0.00672	0.03871	0.13830	0.00220	0.11919	0.00331	0.00230	0.00478
21	0.11494	0.14157	0.01374	0.01104	0.07092	0.50004	0.04557	0.03420	0.01078	0.01201	0.00661	0.00781	0.00549	0.00411	0.00358	0.00111	0.00634	0.00280	0.00220	0.00513
22	0.00802	0.00756	0.01276	0.81373	0.05671	0.00936	0.01172	0.01082	0.00845	0.01084	0.00749	0.01118	0.00564	0.00419	0.00420	0.00140	0.00558	0.00374	0.00188	0.00474
23	0.01072	0.47360	0.29726	0.00901	0.01344	0.04100	0.01002	0.03633	0.00920	0.03498	0.00691	0.00786	0.00558	0.00383	0.00327	0.00107	0.00513	0.00266	0.00199	0.02611
24	0.00860	0.00709	0.00918	0.08837	0.01168	0.00595	0.03900	0.01957	0.00927	0.04654	0.06949	0.03588	0.07355	0.00460	0.00369	0.00091	0.00338	0.00392	0.00285	0.55648

[dist]
# distance from previous block
# <min> <max>
0	2

[block]
# block no. 4 follows, 63 sequences, length 68
# corresponding to MSA columns:
# 110-124,129-133,136-148,151-184,186
name=unknown_E
#
# <colnr> <probs for GDERKNQSTAVLIFYWHMCP>
#	G	D	E	R	K	N	Q	S	T	A	V	L	I	F	Y	W	H	M	C	P
0	0.00854	0.00473	0.00500	0.00472	0.00596	0.00485	0.00361	0.04400	0.06618	0.04079	0.06682	0.01644	0.01264	0.00564	0.01651	0.00115	0.00236	0.00423	0.68148	0.00434
1	0.00811	0.00765	0.01292	0.78504	0.08473	0.00939	0.01176	0.01089	0.00849	0.01095	0.00750	0.01115	0.00568	0.00417	0.00420	0.00139	0.00556	0.00374	0.00188	0.00481
2	0.00872	0.00747	0.00872	0.00623	0.00996	0.00560	0.00498	0.01058	0.00872	0.01370	0.00747	0.00872	0.00623	0.00311	0.00311	0.00062	0.00311	0.00249	0.00249	0.87796
3	0.01104	0.79650	0.07860	0.00753	0.01131	0.01615	0.00778	0.01264	0.00856	0.01013	0.00596	0.00689	0.00539	0.00362	0.00279	0.00093	0.00462	0.00231	0.00180	0.00545
4	0.00497	0.00426	0.00426	0.00426	0.00568	0.00355	0.00319	0.00603	0.00958	0.01136	0.04259	0.04046	0.82433	0.01065	0.00497	0.00142	0.00213	0.00887	0.00390	0.00355
5	0.01020	0.00765	0.00856	0.00764	0.00974	0.00839	0.00593	0.03037	0.51868	0.09805	0.20359	0.04073	0.01910	0.00651	0.00446	0.00139	0.00304	0.00553	0.00444	0.00601
6	0.00920	0.00920	0.01288	0.01104	0.01104	0.01288	0.00920	0.01012	0.00644	0.01012	0.00552	0.00920	0.00552	0.00736	0.01380	0.00184	0.84457	0.00368	0.00184	0.00460
7	0.00992	0.01134	0.02481	0.01772	0.02197	0.01063	0.81077	0.01347	0.00992	0.01347	0.00850	0.01134	0.00638	0.00354	0.00496	0.00142	0.00709	0.00496	0.00213	0.00567
8	0.00984	0.00585	0.00606	0.00533	0.00690	0.00616	0.00418	0.20692	0.01151	0.01833	0.01282	0.01430	0.00988	0.00493	0.00325	0.00105	0.00261	0.00389	0.66148	0.00471
9	0.00517	0.00369	0.00494	0.00591	0.00618	0.00346	0.00399	0.00594	0.00810	0.01079	0.02314	0.82531	0.02769	0.01312	0.00538	0.00171	0.00248	0.03567	0.00390	0.00343
10	0.00516	0.00369	0.00492	0.00590	0.00616	0.00345	0.00397	0.00592	0.00809	0.01078	0.02315	0.82974	0.02771	0.01313	0.00538	0.00171	0.00247	0.03133	0.00390	0.00343
11	0.00677	0.00484	0.00677	0.00774	0.00871	0.00484	0.00677	0.00871	0.00968	0.01258	0.02226	0.04742	0.02419	0.01161	0.00581	0.00194	0.00387	0.79775	0.00387	0.00387
12	0.00512	0.00366	0.00488	0.00585	0.00610	0.00341	0.00390	0.00585	0.00805	0.01073	0.02317	0.84952	0.02780	0.01317	0.00537	0.00171	0.00244	0.01195	0.00390	0.00341
13	0.00622	0.00438	0.00584	0.00661	0.00720	0.00432	0.00518	0.00745	0.00853	0.01120	0.02063	0.24526	0.02326	0.18548	0.00891	0.00232	0.00355	0.43653	0.00361	0.00348
14	0.01124	0.85479	0.02203	0.00719	0.01079	0.01663	0.00719	0.01259	0.00854	0.00989	0.00584	0.00674	0.00539	0.00360	0.00270	0.00090	0.00450	0.00225	0.00180	0.00539
15	0.01598	0.01177	0.01262	0.00967	0.01304	0.01304	0.00799	0.81202	0.01976	0.02649	0.01009	0.01009	0.00715	0.00505	0.00421	0.00126	0.00463	0.00378	0.00421	0.00715
16	0.00872	0.00747	0.00872	0.00623	0.00996	0.00560	0.00498	0.01058	0.00872	0.01370	0.00747	0.00872	0.00623	0.00311	0.00311	0.00062	0.00311	0.00249	0.00249	0.87796
17	0.00512	0.00366	0.00488	0.00585	0.00610	0.00341	0.00390	0.00585	0.00805	0.01073	0.02317	0.84952	0.02780	0.01317	0.00537	0.00171	0.00244	0.01195	0.00390	0.00341
18	0.01570	0.02004	0.01191	0.01083	0.01300	0.83539	0.00812	0.01679	0.01191	0.01029	0.00650	0.00758	0.00541	0.00433	0.00379	0.00108	0.00758	0.00271	0.00217	0.00487
19	0.00794	0.00747	0.01261	0.84216	0.02895	0.00934	0.01167	0.01074	0.00841	0.01074	0.00747	0.01121	0.00560	0.00420	0.00420	0.00140	0.00560	0.00374	0.00187	0.00467
20	0.01811	0.02162	0.01101	0.00819	0.01152	0.00666	0.06249	0.01986	0.01183	0.75819	0.01584	0.01397	0.01004	0.00506	0.00425	0.00130	0.00384	0.00425	0.00493	0.00702
21	0.79776	0.00837	0.00658	0.00581	0.00844	0.03063	0.00476	0.01305	0.00763	0.07657	0.00664	0.00738	0.00499	0.00401	0.00275	0.00130	0.00339	0.00243	0.00278	0.00475
22	0.00522	0.00371	0.00489	0.00580	0.00604	0.00349	0.00386	0.00592	0.00794	0.01058	0.02246	0.77814	0.02687	0.07186	0.00649	0.00188	0.00258	0.02512	0.00381	0.00336
23	0.00512	0.00366	0.00488	0.00585	0.00610	0.00341	0.00390	0.00585	0.00805	0.01073	0.02317	0.84952	0.02780	0.01317	0.00537	0.00171	0.00244	0.01195	0.00390	0.00341
24	0.00992	0.01134	0.02481	0.01772	0.02197	0.01063	0.81077	0.01347	0.00992	0.01347	0.00850	0.01134	0.00638	0.00354	0.00496	0.00142	0.00709	0.00496	0.00213	0.00567
25	0.00595	0.00430	0.00562	0.00529	0.00628	0.00397	0.00397	0.00793	0.01190	0.01686	0.82382	0.03140	0.03966	0.00859	0.00496	0.00132	0.00198	0.00760	0.00463	0.00397
26	0.00601	0.00447	0.00657	0.00657	0.00726	0.00516	0.00503	0.00739	0.00670	0.00962	0.01143	0.01744	0.01091	0.10053	0.76715	0.00653	0.01066	0.00464	0.00228	0.00365
27	0.00527	0.00426	0.00469	0.00461	0.00587	0.00367	0.00345	0.00661	0.01026	0.01304	0.28293	0.05512	0.56533	0.01007	0.00497	0.00140	0.00209	0.00855	0.00413	0.00367
28	0.00906	0.00890	0.01303	0.14941	0.07781	0.01193	0.00980	0.01043	0.00704	0.01059	0.00615	0.00972	0.00570	0.00652	0.01129	0.00171	0.62754	0.00370	0.01491	0.00476
29	0.01046	0.00903	0.00951	0.00855	0.01093	0.01046	0.00665	0.02234	0.81845	0.01759	0.01711	0.01568	0.01283	0.00570	0.00428	0.00143	0.00333	0.00475	0.00428	0.00665
30	0.00963	0.07794	0.63568	0.01126	0.02805	0.02322	0.01352	0.04589	0.02026	0.06147	0.00858	0.03100	0.00641	0.00434	0.00396	0.00130	0.00574	0.00339	0.00218	0.00617
31	0.02405	0.01143	0.01552	0.05643	0.57960	0.14218	0.01162	0.02518	0.00979	0.01306	0.00749	0.00984	0.00631	0.00414	0.00477	0.00127	0.06552	0.00355	0.00211	0.00612
32	0.01556	0.01976	0.01205	0.01124	0.03525	0.81279	0.00825	0.01668	0.01185	0.01038	0.00654	0.00766	0.00545	0.00432	0.00380	0.00109	0.00751	0.00274	0.00216	0.00492
33	0.00610	0.00434	0.00558	0.00525	0.00631	0.00397	0.00394	0.00800	0.01172	0.03084	0.74704	0.03182	0.10187	0.00870	0.00495	0.00133	0.00202	0.00764	0.00458	0.00399
34	0.00512	0.00366	0.00488	0.00585	0.00610	0.00341	0.00390	0.00585	0.00805	0.01073	0.02317	0.84952	0.02780	0.01317	0.00537	0.00171	0.00244	0.01195	0.00390	0.00341
35	0.00497	0.00426	0.00426	0.00426	0.00568	0.00355	0.00319	0.00603	0.00958	0.01136	0.04259	0.04046	0.82433	0.01065	0.00497	0.00142	0.00213	0.00887	0.00390	0.00355
36	0.00846	0.02154	0.81436	0.01210	0.01827	0.00978	0.03144	0.01332	0.00890	0.01332	0.00756	0.00892	0.00535	0.00398	0.00401	0.00133	0.00623	0.00314	0.00178	0.00620
37	0.00532	0.00427	0.00475	0.00463	0.00589	0.00370	0.00347	0.00671	0.01041	0.01333	0.32265	0.03721	0.54303	0.00991	0.00496	0.00138	0.00208	0.00842	0.00416	0.00370
38	0.01560	0.03888	0.01214	0.01075	0.01295	0.81690	0.00810	0.01669	0.01184	0.01028	0.00648	0.00756	0.00541	0.00432	0.00377	0.00108	0.00751	0.00270	0.00216	0.00489
39	0.00872	0.00747	0.00872	0.00623	0.00996	0.00560	0.00498	0.01058	0.00872	0.01370	0.00747	0.00872	0.00623	0.00311	0.00311	0.00062	0.00311	0.00249	0.00249	0.87796
40	0.07094	0.01111	0.02350	0.01687	0.02100	0.01055	0.75436	0.01339	0.00973	0.01384	0.00832	0.01102	0.00625	0.00357	0.00480	0.00141	0.00682	0.00477	0.00216	0.00559
41	0.01039	0.00891	0.00937	0.00844	0.01079	0.01030	0.00657	0.02204	0.79920	0.01754	0.01703	0.01568	0.01278	0.00568	0.00425	0.00142	0.00329	0.00473	0.02499	0.00659
42	0.00794	0.00747	0.01261	0.84216	0.02895	0.00934	0.01167	0.01074	0.00841	0.01074	0.00747	0.01121	0.00560	0.00420	0.00420	0.00140	0.00560	0.00374	0.00187	0.00467
43	0.00497	0.00426	0.00426	0.00426	0.00568	0.00355	0.00319	0.00603	0.00958	0.01136	0.04259	0.04046	0.82433	0.01065	0.00497	0.00142	0.00213	0.00887	0.00390	0.00355
44	0.00872	0.00747	0.00872	0.00623	0.00996	0.00560	0.00498	0.01058	0.00872	0.01370	0.00747	0.00872	0.00623	0.00311	0.00311	0.00062	0.00311	0.00249	0.00249	0.87796
45	0.00794	0.00747	0.01261	0.84216	0.02895	0.00934	0.01167	0.01074	0.00841	0.01074	0.00747	0.01121	0.00560	0.00420	0.00420	0.00140	0.00560	0.00374	0.00187	0.00467
46	0.01046	0.00903	0.00951	0.00855	0.01093	0.01046	0.00665	0.02234	0.81845	0.01759	0.01711	0.01568	0.01283	0.00570	0.00428	0.00143	0.00333	0.00475	0.00428	0.00665
47	0.00611	0.00409	0.00465	0.00465	0.00467	0.00411	0.00263	0.00616	0.00613	0.00820	0.01319	0.02718	0.01514	0.82749	0.04597	0.00416	0.00429	0.00606	0.00254	0.00258
48	0.01031	0.00989	0.01689	0.05727	0.79531	0.00996	0.01285	0.01282	0.00953	0.01362	0.00789	0.01044	0.00662	0.00376	0.00416	0.00125	0.00502	0.00375	0.00207	0.00658
49	0.00794	0.00747	0.01261	0.84216	0.02895	0.00934	0.01167	0.01074	0.00841	0.01074	0.00747	0.01121	0.00560	0.00420	0.00420	0.00140	0.00560	0.00374	0.00187	0.00467
50	0.00611	0.00408	0.00458	0.00458	0.00458	0.00408	0.00255	0.00611	0.00611	0.00815	0.01325	0.02751	0.01528	0.85226	0.02140	0.00408	0.00408	0.00611	0.00255	0.00255
51	0.03603	0.00725	0.00973	0.00748	0.01072	0.00636	0.00618	0.03412	0.01207	0.79880	0.01626	0.01409	0.01023	0.00517	0.00419	0.00130	0.00359	0.00418	0.00513	0.00710
52	0.85825	0.00823	0.00635	0.00564	0.00826	0.00953	0.00465	0.03425	0.00750	0.01907	0.00597	0.00692	0.00462	0.00393	0.00265	0.00130	0.00329	0.00232	0.00265	0.00462
53	0.00518	0.00371	0.00492	0.00578	0.00610	0.00346	0.00389	0.00600	0.00835	0.01117	0.07956	0.77673	0.04394	0.01280	0.00533	0.00167	0.00240	0.01159	0.00395	0.00346
54	0.00665	0.00480	0.00661	0.00751	0.00851	0.00475	0.00653	0.00853	0.00967	0.01250	0.02362	0.04695	0.07767	0.01155	0.00575	0.00190	0.00375	0.74502	0.00387	0.00385
55	0.00685	0.00450	0.00591	0.00544	0.00659	0.00412	0.00412	0.00881	0.01191	0.07368	0.76734	0.03021	0.03762	0.00836	0.00491	0.00132	0.00209	0.00737	0.00467	0.00419
56	0.00992	0.01134	0.02481	0.01772	0.02197	0.01063	0.81077	0.01347	0.00992	0.01347	0.00850	0.01134	0.00638	0.00354	0.00496	0.00142	0.00709	0.00496	0.00213	0.00567
57	0.00512	0.00366	0.00488	0.00585	0.00610	0.00341	0.00390	0.00585	0.00805	0.01073	0.02317	0.84952	0.02780	0.01317	0.00537	0.00171	0.00244	0.01195	0.00390	0.00341
58	0.00512	0.00366	0.00488	0.00585	0.00610	0.00341	0.00390	0.00585	0.00805	0.01073	0.02317	0.84952	0.02780	0.01317	0.00537	0.00171	0.00244	0.01195	0.00390	0.00341
59	0.00920	0.00920	0.01288	0.01104	0.01104	0.01288	0.00920	0.01012	0.00644	0.01012	0.00552	0.00920	0.00552	0.00736	0.01380	0.00184	0.84457	0.00368	0.00184	0.00460
60	0.01062	0.00994	0.01645	0.08086	0.71429	0.01016	0.01247	0.06867	0.01020	0.01442	0.00803	0.01044	0.00662	0.00387	0.00417	0.00126	0.00501	0.00375	0.00221	0.00656
61	0.00678	0.00528	0.00548	0.00543	0.00572	0.06244	0.00345	0.00713	0.00670	0.00865	0.01269	0.02492	0.01408	0.64829	0.14346	0.00422	0.00541	0.02445	0.00251	0.00292
62	0.05023	0.01148	0.01264	0.01110	0.08959	0.09904	0.04192	0.44954	0.01547	0.12562	0.01011	0.01076	0.00739	0.02678	0.00473	0.00134	0.01829	0.00377	0.00368	0.00653
63	0.00562	0.00428	0.00516	0.00494	0.00608	0.00383	0.00371	0.00729	0.01112	0.01501	0.56130	0.03444	0.30334	0.00928	0.00496	0.00135	0.00203	0.00803	0.00438	0.00383
64	0.00821	0.00775	0.01310	0.75271	0.11629	0.00941	0.01181	0.01098	0.00853	0.01107	0.00752	0.01112	0.00572	0.00415	0.00420	0.00138	0.00554	0.00374	0.00189	0.00489
65	0.01840	0.00768	0.01005	0.00773	0.01098	0.00698	0.00638	0.10373	0.02800	0.72935	0.01591	0.01389	0.01011	0.00520	0.00423	0.00130	0.00368	0.00419	0.00508	0.00714
66	0.01512	0.02968	0.05893	0.00958	0.01280	0.14211	0.00809	0.45343	0.10351	0.10831	0.01075	0.01062	0.00770	0.00493	0.00411	0.00125	0.00493	0.00370	0.00381	0.00665
67	0.10149	0.56948	0.12508	0.00826	0.02699	0.05154	0.00819	0.04633	0.00908	0.01205	0.00631	0.00728	0.00540	0.00378	0.00300	0.00103	0.00474	0.00248	0.00200	0.00549

[dist]
# distance from previous block
# <min> <max>
0	1

[block]
# block no. 5 follows, 63 sequences, length 30
# corresponding to MSA columns:
# 188-217
name=unknown_F
#
# <colnr> <probs for GDERKNQSTAVLIFYWHMCP>
#	G	D	E	R	K	N	Q	S	T	A	V	L	I	F	Y	W	H	M	C	P
0	0.12767	0.03010	0.01037	0.00807	0.02754	0.06566	0.00639	0.26123	0.03450	0.01811	0.00822	0.00900	0.00640	0.00405	0.00361	0.00100	0.01438	0.00298	0.00303	0.35770
1	0.00773	0.00574	0.00801	0.05950	0.04031	0.00565	0.02479	0.01024	0.05432	0.05354	0.12624	0.04355	0.07615	0.00902	0.00511	0.00160	0.00361	0.39765	0.00374	0.06352
2	0.01017	0.06896	0.01677	0.08577	0.68442	0.01025	0.01223	0.01259	0.00941	0.01320	0.00815	0.01130	0.00701	0.00400	0.00411	0.00126	0.00497	0.02698	0.00210	0.00634
3	0.00512	0.00366	0.00488	0.00585	0.00610	0.00341	0.00390	0.00585	0.00805	0.01073	0.02317	0.84952	0.02780	0.01317	0.00537	0.00171	0.00244	0.01195	0.00390	0.00341
4	0.00549	0.00395	0.00529	0.00622	0.00668	0.00375	0.00453	0.00651	0.00848	0.01118	0.02371	0.63477	0.05781	0.01272	0.00545	0.00175	0.00275	0.19153	0.00390	0.00352
5	0.02715	0.00985	0.01626	0.07309	0.70179	0.01016	0.01234	0.04670	0.00979	0.01408	0.00786	0.01033	0.00654	0.00395	0.00445	0.00128	0.03205	0.00372	0.00216	0.00645
6	0.00589	0.00429	0.00554	0.00523	0.00625	0.00394	0.00392	0.00782	0.01176	0.01654	0.77840	0.03193	0.08528	0.00871	0.00496	0.00133	0.00199	0.00768	0.00459	0.00394
7	0.00497	0.00426	0.00426	0.00426	0.00568	0.00355	0.00319	0.00603	0.00958	0.01136	0.04259	0.04046	0.82433	0.01065	0.00497	0.00142	0.00213	0.00887	0.00390	0.00355
8	0.01037	0.00985	0.01663	0.08359	0.74823	0.01002	0.01269	0.03337	0.00975	0.01385	0.00793	0.01045	0.00660	0.00381	0.00417	0.00126	0.00503	0.00375	0.00212	0.00653
9	0.01570	0.02004	0.01191	0.01083	0.01300	0.83539	0.00812	0.01679	0.01191	0.01029	0.00650	0.00758	0.00541	0.00433	0.00379	0.00108	0.00758	0.00271	0.00217	0.00487
10	0.00872	0.00747	0.00872	0.00623	0.00996	0.00560	0.00498	0.01058	0.00872	0.01370	0.00747	0.00872	0.00623	0.00311	0.00311	0.00062	0.00311	0.00249	0.00249	0.87796
11	0.00550	0.00426	0.00493	0.00479	0.00596	0.00376	0.00358	0.00702	0.01066	0.01410	0.42092	0.05256	0.41114	0.00959	0.00493	0.00137	0.00206	0.00823	0.02089	0.00376
12	0.01069	0.00940	0.03089	0.00861	0.01111	0.01040	0.00689	0.08780	0.69853	0.01819	0.04820	0.01566	0.01322	0.00572	0.00429	0.00141	0.00346	0.00474	0.00422	0.00658
13	0.02417	0.57934	0.03114	0.00856	0.01196	0.14562	0.04672	0.08760	0.01017	0.01184	0.00650	0.00744	0.00560	0.00386	0.00314	0.00100	0.00513	0.00261	0.00211	0.00549
14	0.00897	0.00887	0.01245	0.01074	0.01079	0.01234	0.00892	0.00993	0.00646	0.01009	0.00592	0.00971	0.00587	0.00905	0.07150	0.00218	0.78606	0.00374	0.00187	0.00454
15	0.00519	0.00369	0.00488	0.00578	0.00603	0.00346	0.00384	0.00592	0.00806	0.01078	0.04414	0.79069	0.02756	0.05076	0.00608	0.00180	0.00250	0.01157	0.00386	0.00339
16	0.00872	0.00747	0.00872	0.00623	0.00996	0.00560	0.00498	0.01058	0.00872	0.01370	0.00747	0.00872	0.00623	0.00311	0.00311	0.00062	0.00311	0.00249	0.00249	0.87796
17	0.00763	0.00471	0.00618	0.00557	0.00690	0.00427	0.00425	0.00955	0.01182	0.12019	0.69444	0.02898	0.04800	0.00810	0.00483	0.00131	0.00221	0.00711	0.00465	0.01930
18	0.82113	0.00897	0.00658	0.00590	0.00847	0.06743	0.00480	0.01267	0.00749	0.01826	0.00590	0.00688	0.00461	0.00393	0.00268	0.00129	0.00356	0.00231	0.00257	0.00458
19	0.02068	0.00422	0.00449	0.00436	0.00542	0.00416	0.00329	0.02395	0.00968	0.01601	0.18951	0.01976	0.04713	0.00590	0.00347	0.00108	0.00204	0.00487	0.62600	0.00398
20	0.00933	0.00893	0.01525	0.33282	0.45651	0.00962	0.04045	0.01194	0.00913	0.01260	0.02290	0.01109	0.00684	0.00404	0.00433	0.00131	0.01664	0.00383	0.00205	0.02040
21	0.01031	0.00989	0.01689	0.05740	0.79518	0.00996	0.01285	0.01282	0.00953	0.01362	0.00789	0.01044	0.00662	0.00376	0.00416	0.00125	0.00502	0.00375	0.00207	0.00658
22	0.00522	0.00421	0.00480	0.00494	0.00603	0.00383	0.00364	0.00631	0.00891	0.01114	0.06259	0.15583	0.53026	0.03340	0.13715	0.00237	0.00366	0.00853	0.00364	0.00355
23	0.13160	0.00702	0.00833	0.00700	0.00953	0.00688	0.00558	0.03741	0.12342	0.42903	0.01653	0.12349	0.03462	0.00628	0.00414	0.00136	0.00328	0.00515	0.03330	0.00604
24	0.00757	0.00574	0.00732	0.00785	0.00910	0.00605	0.00665	0.01164	0.18670	0.01358	0.02093	0.04003	0.02151	0.02906	0.00582	0.00187	0.00376	0.60645	0.00393	0.00445
25	0.01598	0.01177	0.01262	0.00967	0.01304	0.01304	0.00799	0.81202	0.01976	0.02649	0.01009	0.01009	0.00715	0.00505	0.00421	0.00126	0.00463	0.00378	0.00421	0.00715
26	0.00623	0.00409	0.00465	0.00465	0.00475	0.00412	0.00271	0.00644	0.00634	0.00876	0.01318	0.02612	0.01473	0.75140	0.06113	0.00399	0.00429	0.00588	0.06383	0.00270
27	0.02994	0.01179	0.01231	0.06807	0.01396	0.06385	0.00813	0.65323	0.05799	0.02380	0.00996	0.01024	0.00717	0.00496	0.00416	0.00127	0.00479	0.00374	0.00389	0.00676
28	0.13817	0.00884	0.01018	0.00795	0.01113	0.00896	0.00655	0.27776	0.03147	0.43628	0.01298	0.01192	0.00858	0.00498	0.00399	0.00129	0.00387	0.00382	0.00449	0.00678
29	0.01239	0.05062	0.03114	0.01779	0.41991	0.19693	0.01046	0.13693	0.02505	0.01480	0.00796	0.00955	0.00646	0.00409	0.00398	0.00118	0.00542	0.00341	0.00246	0.03947

[dist]
# distance from previous block
# <min> <max>
0	2

[block]
# block no. 6 follows, 63 sequences, length 10
# corresponding to MSA columns:
# 220-229
name=unknown_G
#
# <colnr> <probs for GDERKNQSTAVLIFYWHMCP>
#	G	D	E	R	K	N	Q	S	T	A	V	L	I	F	Y	W	H	M	C	P
0	0.00610	0.00452	0.00566	0.00541	0.00644	0.00421	0.00397	0.00815	0.04390	0.01516	0.56709	0.12303	0.08373	0.06332	0.00597	0.00153	0.00228	0.00777	0.00427	0.03748
1	0.00928	0.00839	0.03510	0.01249	0.18433	0.02062	0.12780	0.03881	0.11119	0.05813	0.20756	0.04927	0.07722	0.00615	0.00470	0.00134	0.01591	0.00562	0.00340	0.02267
2	0.01266	0.06954	0.01281	0.01188	0.10835	0.43984	0.00845	0.01419	0.02709	0.01092	0.00704	0.00893	0.00610	0.00644	0.05904	0.00157	0.14560	0.00311	0.00214	0.04430
3	0.00864	0.00640	0.00727	0.00561	0.00845	0.00520	0.00443	0.01075	0.02978	0.03914	0.01148	0.01256	0.05059	0.00411	0.00323	0.00080	0.00278	0.00331	0.23221	0.55326
4	0.00933	0.00888	0.06563	0.60941	0.10476	0.00947	0.01150	0.06004	0.00945	0.05975	0.00821	0.01109	0.00606	0.00425	0.00419	0.00137	0.00541	0.00373	0.00222	0.00526
5	0.00954	0.22544	0.52664	0.01106	0.04709	0.01160	0.01262	0.03654	0.05818	0.01312	0.00779	0.00886	0.00590	0.00402	0.00370	0.00123	0.00552	0.00304	0.00201	0.00608
6	0.00520	0.00379	0.00487	0.00570	0.00610	0.00351	0.00389	0.00600	0.00823	0.01080	0.02512	0.69558	0.12169	0.03979	0.00585	0.00176	0.00251	0.04234	0.00386	0.00342
7	0.00595	0.00430	0.00562	0.00529	0.00628	0.00397	0.00397	0.00793	0.01190	0.01686	0.82382	0.03140	0.03966	0.00859	0.00496	0.00132	0.00198	0.00760	0.00463	0.00397
8	0.00847	0.00721	0.00845	0.00620	0.00970	0.00545	0.00491	0.01026	0.00867	0.01349	0.00855	0.06633	0.00770	0.00380	0.00327	0.00070	0.00307	0.00314	0.00259	0.81804
9	0.02480	0.06493	0.07876	0.05795	0.21912	0.01029	0.06707	0.12726	0.05339	0.14284	0.00969	0.01079	0.00724	0.00452	0.00477	0.00129	0.06621	0.00374	0.00294	0.04240

[dist]
# distance from previous block
# <min> <max>
0	13

[block]
# block no. 7 follows, 63 sequences, length 50
# corresponding to MSA columns:
# 243-258,267-300
name=unknown_H
#
# <colnr> <probs for GDERKNQSTAVLIFYWHMCP>
#	G	D	E	R	K	N	Q	S	T	A	V	L	I	F	Y	W	H	M	C	P
0	0.02368	0.37706	0.38613	0.00998	0.02852	0.08549	0.01110	0.01329	0.00899	0.01168	0.00671	0.00785	0.00537	0.00385	0.00340	0.00112	0.00553	0.00270	0.00184	0.00573
1	0.00924	0.18562	0.63165	0.01078	0.01629	0.01091	0.01340	0.01328	0.00896	0.03622	0.02271	0.00903	0.00613	0.00404	0.00376	0.00124	0.00572	0.00305	0.00193	0.00604
2	0.00919	0.00746	0.00877	0.00628	0.01000	0.00563	0.00504	0.01104	0.00887	0.05144	0.00789	0.00898	0.00642	0.00321	0.00316	0.00065	0.00313	0.00257	0.00262	0.83764
3	0.00525	0.00423	0.00467	0.00464	0.00587	0.00366	0.00345	0.00655	0.01013	0.01285	0.25879	0.08706	0.55764	0.01023	0.00499	0.00141	0.00211	0.00871	0.00411	0.00366
4	0.01309	0.00617	0.00810	0.00669	0.00898	0.00563	0.00534	0.01565	0.07395	0.44455	0.33676	0.02119	0.02220	0.00659	0.00452	0.00132	0.00293	0.00561	0.00490	0.00585
5	0.00539	0.00419	0.00483	0.00507	0.00607	0.00374	0.00374	0.00653	0.00940	0.01193	0.14579	0.19535	0.42966	0.06536	0.00619	0.00168	0.00246	0.08516	0.00392	0.00355
6	0.00615	0.00446	0.00562	0.00528	0.00640	0.00412	0.00398	0.00828	0.03325	0.02880	0.69343	0.03183	0.13515	0.00872	0.00493	0.00134	0.00206	0.00763	0.00454	0.00404
7	0.00565	0.00429	0.00521	0.00498	0.00610	0.00384	0.00373	0.00736	0.01120	0.01520	0.58818	0.03413	0.27634	0.00921	0.00496	0.00135	0.00203	0.00799	0.00441	0.00384
8	0.88196	0.00813	0.00618	0.00553	0.00813	0.00943	0.00455	0.01236	0.00715	0.01886	0.00585	0.00683	0.00455	0.00390	0.00260	0.00130	0.00325	0.00228	0.00260	0.00455
9	0.01886	0.00715	0.00976	0.00748	0.01073	0.00618	0.00618	0.02049	0.01203	0.82895	0.01658	0.01431	0.01041	0.00520	0.00423	0.00130	0.00358	0.00423	0.00520	0.00715
10	0.00645	0.00470	0.00618	0.00694	0.02312	0.00459	0.00551	0.00790	0.00900	0.01165	0.04059	0.04147	0.12900	0.17838	0.00874	0.00227	0.00366	0.50262	0.00359	0.00362
11	0.01801	0.10130	0.01112	0.00745	0.01074	0.00734	0.00629	0.01961	0.01164	0.73798	0.01539	0.01347	0.00985	0.00502	0.00406	0.00126	0.00368	0.00401	0.00482	0.00696
12	0.00919	0.00931	0.01418	0.07295	0.01357	0.01237	0.09841	0.01053	0.00697	0.01053	0.00599	0.00958	0.00562	0.00670	0.01211	0.00176	0.68980	0.00383	0.00187	0.00472
13	0.88196	0.00813	0.00618	0.00553	0.00813	0.00943	0.00455	0.01236	0.00715	0.01886	0.00585	0.00683	0.00455	0.00390	0.00260	0.00130	0.00325	0.00228	0.00260	0.00455
14	0.01061	0.01070	0.01852	0.01683	0.20676	0.06050	0.38091	0.07261	0.01078	0.03265	0.08943	0.01276	0.00980	0.00446	0.00502	0.00135	0.04330	0.00464	0.00258	0.00578
15	0.00671	0.00437	0.00564	0.00551	0.00654	0.00397	0.00406	0.00825	0.01070	0.08172	0.47760	0.23977	0.10978	0.00968	0.00500	0.00143	0.00225	0.00856	0.00442	0.00405
16	0.01164	0.08750	0.13742	0.01532	0.28634	0.20877	0.02804	0.05603	0.03258	0.03074	0.05950	0.01073	0.00840	0.00437	0.00399	0.00121	0.00552	0.00358	0.00243	0.00590
17	0.00967	0.00665	0.00787	0.00667	0.00894	0.00632	0.00519	0.04166	0.18541	0.12993	0.21380	0.09206	0.03896	0.00649	0.00426	0.00121	0.00289	0.00555	0.02045	0.20602
18	0.01142	0.77475	0.05482	0.00751	0.01118	0.03153	0.00755	0.02839	0.00889	0.02343	0.00618	0.00703	0.00551	0.00368	0.00283	0.00093	0.00461	0.00235	0.00191	0.00548
19	0.00601	0.00449	0.00670	0.00670	0.00743	0.00522	0.00518	0.00747	0.00674	0.00972	0.01131	0.01680	0.01064	0.05314	0.81416	0.00669	0.01107	0.00455	0.00226	0.00372
20	0.01169	0.00832	0.00918	0.00789	0.01036	0.00901	0.00624	0.12300	0.45387	0.14807	0.06276	0.01824	0.10020	0.00622	0.00437	0.00138	0.00334	0.00514	0.00440	0.00632
21	0.00881	0.13270	0.72280	0.01134	0.01721	0.01068	0.01442	0.01322	0.00883	0.01286	0.00732	0.00859	0.00533	0.00394	0.00382	0.00127	0.00598	0.00299	0.00178	0.00610
22	0.14535	0.39389	0.17535	0.00879	0.01272	0.02669	0.04948	0.11924	0.01001	0.01434	0.00689	0.00786	0.00554	0.00392	0.00327	0.00112	0.00484	0.00277	0.00226	0.00566
23	0.01026	0.01780	0.02198	0.00793	0.01003	0.06405	0.00622	0.07573	0.43312	0.05141	0.10332	0.09992	0.04776	0.00693	0.00468	0.01995	0.00351	0.00563	0.00404	0.00574
24	0.00550	0.00431	0.00484	0.00479	0.00584	0.00393	0.00346	0.00678	0.02329	0.01191	0.18552	0.06402	0.45452	0.14210	0.05880	0.00215	0.00300	0.00797	0.00374	0.00354
25	0.01647	0.01099	0.01213	0.00930	0.01264	0.01187	0.00768	0.67711	0.01845	0.16327	0.01120	0.01081	0.00770	0.00507	0.00421	0.00127	0.00445	0.00386	0.00438	0.00715
26	0.00506	0.00426	0.00436	0.00433	0.00569	0.00359	0.00323	0.00616	0.00965	0.01164	0.09304	0.03956	0.75430	0.02994	0.00535	0.00147	0.00216	0.00873	0.00392	0.00355
27	0.01595	0.01269	0.01254	0.00980	0.01303	0.10438	0.00800	0.72369	0.01889	0.02469	0.00969	0.00981	0.00696	0.00497	0.00416	0.00124	0.00495	0.00367	0.00398	0.00690
28	0.03346	0.11233	0.01300	0.01057	0.02663	0.71276	0.00803	0.01616	0.01140	0.01048	0.00644	0.00752	0.00542	0.00423	0.00365	0.00107	0.00710	0.00267	0.00213	0.00496
29	0.00601	0.00450	0.00671	0.00671	0.00745	0.00523	0.00520	0.00748	0.00674	0.00973	0.01130	0.01673	0.01060	0.04750	0.81976	0.00670	0.01112	0.00454	0.00226	0.00373
30	0.00952	0.00795	0.00915	0.00661	0.01030	0.00643	0.00532	0.09960	0.00994	0.01512	0.00776	0.00887	0.00633	0.00333	0.00323	0.00069	0.00328	0.00263	0.00268	0.78124
31	0.00633	0.00456	0.00574	0.00628	0.00687	0.00448	0.00436	0.09540	0.00935	0.01248	0.02172	0.75628	0.02551	0.01227	0.00524	0.00166	0.00268	0.01104	0.00394	0.00383
32	0.01598	0.01177	0.01262	0.00967	0.01304	0.01304	0.00799	0.81202	0.01976	0.02649	0.01009	0.01009	0.00715	0.00505	0.00421	0.00126	0.00463	0.00378	0.00421	0.00715
33	0.29228	0.00746	0.00862	0.00686	0.00991	0.00721	0.00566	0.01791	0.01049	0.57233	0.01319	0.01194	0.00855	0.00479	0.00371	0.00130	0.00347	0.00361	0.00438	0.00633
34	0.01886	0.00715	0.00976	0.00748	0.01073	0.00618	0.00618	0.02049	0.01203	0.82895	0.01658	0.01431	0.01041	0.00520	0.00423	0.00130	0.00358	0.00423	0.00520	0.00715
35	0.00522	0.00388	0.00500	0.00565	0.00618	0.00366	0.00393	0.00614	0.00831	0.01095	0.05312	0.58314	0.16951	0.01460	0.09750	0.00220	0.00335	0.01042	0.00374	0.00350
36	0.01145	0.00814	0.00897	0.00787	0.01031	0.00888	0.00618	0.02017	0.57519	0.17124	0.01984	0.01817	0.10251	0.00616	0.00434	0.00140	0.00324	0.00511	0.00441	0.00640
37	0.00776	0.00393	0.00399	0.00397	0.00495	0.00392	0.00298	0.00972	0.00894	0.01572	0.04583	0.01630	0.01192	0.00504	0.00302	0.00099	0.00196	0.00406	0.84107	0.00392
38	0.01468	0.00932	0.01052	0.00853	0.01146	0.00998	0.00689	0.29343	0.29593	0.25084	0.01447	0.01337	0.01014	0.00532	0.00421	0.00132	0.00381	0.00425	0.02462	0.00690
39	0.01102	0.01019	0.01657	0.02401	0.73574	0.01033	0.01236	0.10166	0.01070	0.01515	0.00815	0.01037	0.00671	0.00389	0.00417	0.00125	0.00495	0.00375	0.00232	0.00671
40	0.00515	0.00375	0.00483	0.00564	0.00603	0.00346	0.00380	0.00594	0.00829	0.01093	0.04853	0.72385	0.11328	0.02807	0.00560	0.00171	0.00242	0.01139	0.00390	0.00343
41	0.00784	0.00392	0.00392	0.00392	0.00490	0.00392	0.00294	0.00980	0.00882	0.01567	0.01371	0.01567	0.01077	0.00490	0.00294	0.00098	0.00196	0.00392	0.87560	0.00392
42	0.01498	0.01173	0.01202	0.00954	0.01266	0.05746	0.00776	0.62739	0.16217	0.02402	0.01115	0.01096	0.00807	0.00512	0.00420	0.00128	0.00455	0.00390	0.00411	0.00694
43	0.08257	0.00723	0.00949	0.00734	0.01054	0.00642	0.00606	0.01989	0.01167	0.76915	0.01579	0.01376	0.00997	0.00511	0.00411	0.00130	0.00355	0.00408	0.00501	0.00696
44	0.00611	0.00408	0.00458	0.00458	0.00458	0.00408	0.00255	0.00611	0.00611	0.00815	0.01325	0.02751	0.01528	0.85226	0.02140	0.00408	0.00408	0.00611	0.00255	0.00255
45	0.00959	0.02012	0.73932	0.01148	0.01737	0.00936	0.01449	0.01411	0.00923	0.10391	0.00855	0.00948	0.00589	0.00413	0.00402	0.00133	0.00592	0.00323	0.00216	0.00632
46	0.00846	0.04418	0.71632	0.10405	0.01918	0.00991	0.01486	0.01301	0.00881	0.01293	0.00749	0.00907	0.00536	0.00401	0.00398	0.00133	0.00610	0.00315	0.00179	0.00602
47	0.02324	0.00670	0.02133	0.01005	0.16407	0.00638	0.01727	0.03481	0.07213	0.11144	0.41939	0.02268	0.04919	0.00676	0.00457	0.00131	0.00308	0.00595	0.01445	0.00520
48	0.00723	0.00365	0.00546	0.00549	0.00550	0.00364	0.00366	0.00549	0.00556	0.00741	0.00779	0.03873	0.00794	0.01456	0.01609	0.85053	0.00361	0.00391	0.00189	0.00187
49	0.51970	0.02057	0.03618	0.00782	0.04327	0.15206	0.00620	0.02300	0.00875	0.01620	0.03335	0.01249	0.00813	0.00499	0.00337	0.00133	0.00424	0.09098	0.00269	0.00470

[dist]
# distance from previous block
# <min> <max>
0	398

# created by:
# /st0/software/busco_prod/Augustus/scripts/msa2prfl.pl ./align_prep/93746.fa
