[name]
unknown

[dist]
# distance from previous block
# <min> <max>
0	121

[block]
# block no. 0 follows, 60 sequences, length 36
# corresponding to MSA columns:
# 131-166
name=unknown_A
#
# <colnr> <probs for GDERKNQSTAVLIFYWHMCP>
#	G	D	E	R	K	N	Q	S	T	A	V	L	I	F	Y	W	H	M	C	P
0	0.01311	0.01767	0.00847	0.00678	0.00918	0.00608	0.00538	0.05081	0.01135	0.39005	0.11142	0.02201	0.13376	0.09675	0.00664	0.00164	0.02246	0.01639	0.00445	0.06559
1	0.02245	0.02165	0.10858	0.01734	0.01230	0.03283	0.05280	0.19320	0.04406	0.17999	0.05184	0.12637	0.03760	0.01813	0.01952	0.00151	0.00448	0.00545	0.00384	0.04605
2	0.00943	0.02739	0.06000	0.15549	0.03566	0.07022	0.03241	0.06847	0.09477	0.03984	0.04030	0.16660	0.04982	0.05540	0.01758	0.00173	0.02474	0.04187	0.00322	0.00506
3	0.00782	0.00489	0.00590	0.00601	0.00703	0.01929	0.00435	0.00920	0.02348	0.11283	0.11411	0.38017	0.11523	0.05821	0.00603	0.00171	0.00281	0.04061	0.07613	0.00420
4	0.01129	0.01080	0.02488	0.00851	0.03614	0.14177	0.00660	0.12153	0.03733	0.01567	0.03083	0.00999	0.00764	0.00399	0.00364	0.00090	0.00429	0.00308	0.00287	0.51822
5	0.01077	0.61753	0.08359	0.00801	0.01137	0.03779	0.00793	0.01242	0.00865	0.01051	0.00698	0.00887	0.00640	0.02573	0.09287	0.00174	0.03872	0.00282	0.00194	0.00537
6	0.01225	0.03757	0.01232	0.03011	0.01222	0.33544	0.00844	0.05322	0.00992	0.01166	0.00786	0.05668	0.00736	0.00679	0.02286	0.00158	0.33368	0.00389	0.03121	0.00493
7	0.00615	0.00447	0.00542	0.00522	0.00639	0.00400	0.00390	0.00783	0.01131	0.03366	0.49893	0.08429	0.27578	0.00970	0.00511	0.00142	0.00217	0.00841	0.02181	0.00402
8	0.00540	0.00383	0.00504	0.00597	0.00620	0.00360	0.00394	0.00609	0.00819	0.01092	0.02322	0.77891	0.02781	0.08004	0.00689	0.00197	0.00267	0.01192	0.00394	0.00347
9	0.00895	0.08103	0.76746	0.01208	0.01833	0.01063	0.01550	0.01376	0.00918	0.01356	0.00770	0.00905	0.00553	0.00411	0.00405	0.00135	0.00632	0.00316	0.00184	0.00639
10	0.00782	0.00620	0.00742	0.00696	0.00827	0.03778	0.02111	0.06300	0.05964	0.02736	0.39388	0.14585	0.07458	0.00925	0.00540	0.00151	0.02625	0.08890	0.00429	0.00452
11	0.00523	0.00438	0.00455	0.00459	0.00596	0.00370	0.00341	0.00638	0.01001	0.01214	0.09624	0.08892	0.71743	0.01105	0.00518	0.00148	0.00222	0.00930	0.00410	0.00370
12	0.00637	0.00426	0.00485	0.00489	0.00493	0.00426	0.00282	0.00645	0.00649	0.00864	0.01411	0.02936	0.01622	0.81354	0.02156	0.00414	0.00422	0.03750	0.00270	0.00270
13	0.01623	0.01196	0.01284	0.00991	0.01330	0.01322	0.00816	0.78048	0.02013	0.02699	0.01089	0.03603	0.00807	0.00549	0.00440	0.00132	0.00473	0.00419	0.00435	0.00730
14	0.00707	0.00595	0.00770	0.00749	0.00825	0.05284	0.00580	0.00848	0.00725	0.01010	0.01104	0.01659	0.01045	0.07051	0.67715	0.00613	0.07636	0.00458	0.00231	0.00397
15	0.00531	0.00380	0.00506	0.00607	0.00633	0.00354	0.00405	0.00607	0.00835	0.01113	0.02404	0.84388	0.02885	0.01366	0.00557	0.00177	0.00253	0.01240	0.00405	0.00354
16	0.01237	0.45778	0.09340	0.05016	0.05734	0.04048	0.00897	0.16709	0.03709	0.02690	0.00785	0.00875	0.00635	0.00422	0.00350	0.00112	0.00499	0.00301	0.00252	0.00612
17	0.00531	0.00380	0.00506	0.00607	0.00633	0.00354	0.00405	0.00607	0.00835	0.01113	0.02404	0.84388	0.02885	0.01366	0.00557	0.00177	0.00253	0.01240	0.00405	0.00354
18	0.01078	0.03824	0.01323	0.12704	0.05828	0.07534	0.05207	0.10412	0.02923	0.02954	0.00834	0.01097	0.00695	0.00766	0.07241	0.00190	0.26400	0.00383	0.03137	0.05470
19	0.01150	0.62546	0.04349	0.00793	0.01145	0.01546	0.00758	0.01546	0.18817	0.02360	0.00888	0.00924	0.00739	0.00426	0.00323	0.00107	0.00443	0.00297	0.00249	0.00594
20	0.00528	0.00392	0.00494	0.00575	0.00624	0.00357	0.00391	0.00611	0.00866	0.01126	0.02794	0.68861	0.18160	0.01316	0.00549	0.00171	0.00247	0.01178	0.00405	0.00357
21	0.11220	0.00819	0.01199	0.51041	0.08759	0.00961	0.01016	0.08483	0.00974	0.04075	0.00871	0.02291	0.00696	0.05240	0.00519	0.00157	0.00518	0.00397	0.00245	0.00518
22	0.01569	0.01860	0.01252	0.06176	0.01446	0.65289	0.00866	0.12154	0.01310	0.01293	0.00728	0.00848	0.00587	0.00465	0.00424	0.00119	0.02524	0.00304	0.00250	0.00535
23	0.00813	0.00407	0.00407	0.00407	0.00508	0.00407	0.00305	0.01016	0.00915	0.01626	0.01423	0.01626	0.01118	0.00508	0.00305	0.00102	0.00203	0.00407	0.87093	0.00407
24	0.01503	0.00956	0.01143	0.00925	0.01212	0.01013	0.02488	0.39133	0.05723	0.22349	0.01436	0.04550	0.01144	0.00652	0.00503	0.00146	0.03749	0.10262	0.00443	0.00669
25	0.00592	0.00471	0.00728	0.05782	0.00915	0.00455	0.07090	0.00708	0.00862	0.01150	0.03829	0.70707	0.02585	0.01217	0.00545	0.00172	0.00312	0.01118	0.00378	0.00383
26	0.00617	0.00446	0.00583	0.00549	0.00652	0.00412	0.00412	0.00823	0.01235	0.01749	0.81722	0.03258	0.04115	0.00892	0.00514	0.00137	0.00206	0.00789	0.00480	0.00412
27	0.00813	0.00407	0.00407	0.00407	0.00508	0.00407	0.00305	0.01016	0.00915	0.01626	0.01423	0.01626	0.01118	0.00508	0.00305	0.00102	0.00203	0.00407	0.87093	0.00407
28	0.01014	0.01016	0.04853	0.17281	0.61757	0.01002	0.01295	0.01274	0.00954	0.01345	0.00809	0.01096	0.00668	0.00435	0.00473	0.02967	0.00530	0.00385	0.00210	0.00635
29	0.01290	0.01207	0.01318	0.23285	0.13068	0.17350	0.00986	0.22516	0.10239	0.03062	0.00962	0.01103	0.00728	0.00474	0.00428	0.00133	0.00556	0.00381	0.00301	0.00613
30	0.00753	0.00381	0.00565	0.00565	0.00565	0.00381	0.00374	0.00571	0.00571	0.00761	0.00782	0.01386	0.00790	0.04782	0.01725	0.83897	0.00381	0.00389	0.00192	0.00192
31	0.00869	0.00797	0.02539	0.04134	0.03785	0.08882	0.00699	0.08120	0.00893	0.01199	0.01034	0.01469	0.00934	0.03843	0.52166	0.00496	0.07009	0.00430	0.00245	0.00456
32	0.01031	0.02662	0.01356	0.47245	0.05608	0.09499	0.03922	0.07769	0.02944	0.02363	0.01966	0.01133	0.00680	0.00483	0.00527	0.00143	0.08568	0.00387	0.01188	0.00527
33	0.00688	0.00449	0.00534	0.00531	0.00590	0.00438	0.00353	0.00749	0.00765	0.05594	0.01957	0.08103	0.14545	0.47167	0.11079	0.00365	0.00458	0.03087	0.02211	0.00336
34	0.00532	0.00386	0.00500	0.00590	0.00625	0.00357	0.00395	0.00610	0.00844	0.01112	0.02553	0.75476	0.09672	0.03367	0.00594	0.00181	0.00254	0.01198	0.00401	0.00353
35	0.01541	0.04559	0.02306	0.02204	0.01308	0.53453	0.00809	0.16005	0.03008	0.04123	0.00890	0.00968	0.01811	0.00478	0.00398	0.00117	0.00656	0.00327	0.04483	0.00557

[dist]
# distance from previous block
# <min> <max>
0	1

[block]
# block no. 1 follows, 60 sequences, length 139
# corresponding to MSA columns:
# 168-306
name=unknown_B
#
# <colnr> <probs for GDERKNQSTAVLIFYWHMCP>
#	G	D	E	R	K	N	Q	S	T	A	V	L	I	F	Y	W	H	M	C	P
0	0.01158	0.77572	0.02164	0.00756	0.01107	0.04817	0.00736	0.01295	0.00890	0.01025	0.00639	0.00769	0.00593	0.01664	0.03207	0.00120	0.00503	0.00249	0.00191	0.00547
1	0.00898	0.08884	0.75989	0.01203	0.01826	0.01070	0.01542	0.01375	0.00918	0.01353	0.00769	0.00903	0.00553	0.00411	0.00404	0.00135	0.00630	0.00315	0.00184	0.00638
2	0.01588	0.05794	0.01307	0.01163	0.04466	0.73596	0.00857	0.04064	0.01235	0.01130	0.00688	0.00802	0.00572	0.00446	0.00391	0.00113	0.00752	0.00286	0.00229	0.00522
3	0.01541	0.01739	0.01201	0.01052	0.01289	0.56961	0.00807	0.18745	0.01401	0.01487	0.07250	0.01045	0.00886	0.00507	0.00433	0.00120	0.02349	0.00348	0.00290	0.00549
4	0.01049	0.51297	0.33905	0.00947	0.01423	0.01440	0.01090	0.01333	0.00897	0.01167	0.00676	0.00790	0.00557	0.00394	0.00347	0.00112	0.01530	0.00270	0.00186	0.00592
5	0.00708	0.00460	0.00587	0.00559	0.00676	0.00418	0.00417	0.00883	0.01149	0.08147	0.54173	0.13395	0.12940	0.00940	0.00509	0.00142	0.00227	0.00824	0.02420	0.00426
6	0.00758	0.00379	0.00568	0.00568	0.00568	0.00379	0.00379	0.00568	0.00568	0.00758	0.00758	0.01326	0.00758	0.01515	0.01705	0.87311	0.00379	0.00379	0.00189	0.00189
7	0.00844	0.00796	0.01345	0.77135	0.09333	0.00974	0.01221	0.01132	0.00882	0.01139	0.00779	0.01156	0.00590	0.00432	0.00436	0.00144	0.00576	0.00388	0.00196	0.00501
8	0.00733	0.00498	0.00640	0.00668	0.00762	0.00494	0.00503	0.03674	0.05446	0.05439	0.07190	0.35048	0.07314	0.04471	0.06108	0.04122	0.00368	0.15719	0.00393	0.00412
9	0.00929	0.00952	0.01521	0.01231	0.01340	0.01193	0.18155	0.01086	0.00773	0.01135	0.00959	0.01277	0.07111	0.00752	0.02703	0.00187	0.57533	0.00455	0.00215	0.00491
10	0.00813	0.00407	0.00407	0.00407	0.00508	0.00407	0.00305	0.01016	0.00915	0.01626	0.01423	0.01626	0.01118	0.00508	0.00305	0.00102	0.00203	0.00407	0.87093	0.00407
11	0.00636	0.00525	0.00709	0.07359	0.05100	0.00515	0.02136	0.01779	0.00962	0.01247	0.10992	0.22356	0.30417	0.02677	0.03757	0.00183	0.02024	0.05848	0.00369	0.00408
12	0.00933	0.00934	0.01551	0.54095	0.16314	0.04697	0.11652	0.01217	0.00927	0.01202	0.00790	0.01130	0.00610	0.00424	0.00458	0.00142	0.01789	0.00400	0.00202	0.00534
13	0.01025	0.00973	0.01643	0.14322	0.66302	0.01003	0.01270	0.01291	0.01979	0.01362	0.00847	0.01167	0.00718	0.03668	0.00502	0.00143	0.00521	0.00399	0.00217	0.00644
14	0.00552	0.00400	0.00527	0.00618	0.00662	0.00374	0.00435	0.00648	0.00874	0.01153	0.04085	0.67897	0.08221	0.01320	0.00558	0.00177	0.00268	0.10462	0.00406	0.00362
15	0.01599	0.00893	0.01046	0.00812	0.01142	0.04526	0.00660	0.12520	0.06527	0.43527	0.01359	0.01268	0.00923	0.00497	0.00436	0.00121	0.02407	0.00390	0.00438	0.18910
16	0.00972	0.09468	0.48016	0.01375	0.06644	0.01079	0.17973	0.01395	0.02174	0.02949	0.00823	0.00985	0.00610	0.00401	0.00422	0.00133	0.00619	0.00361	0.00207	0.03396
17	0.00955	0.10459	0.61029	0.01302	0.05533	0.04271	0.07795	0.01387	0.00942	0.01336	0.00770	0.00921	0.00569	0.00407	0.00409	0.00133	0.00633	0.00330	0.00190	0.00628
18	0.01429	0.00654	0.00854	0.00711	0.00959	0.00593	0.00568	0.02776	0.05931	0.48594	0.15595	0.08704	0.07414	0.00724	0.00470	0.00142	0.00324	0.02440	0.00499	0.00618
19	0.00556	0.00404	0.00521	0.00606	0.00648	0.00381	0.00417	0.00658	0.02158	0.01129	0.02482	0.67584	0.08563	0.05615	0.00641	0.00189	0.00271	0.06420	0.00398	0.00359
20	0.01210	0.01082	0.01609	0.07551	0.54948	0.02751	0.01191	0.20024	0.02403	0.01715	0.00882	0.01079	0.00702	0.00428	0.00433	0.00131	0.00516	0.00389	0.00270	0.00686
21	0.01626	0.01220	0.01288	0.00998	0.01337	0.02932	0.00820	0.75530	0.04545	0.02667	0.01079	0.02030	0.00782	0.00534	0.00437	0.00132	0.00479	0.00404	0.00432	0.00731
22	0.01113	0.69979	0.16780	0.00836	0.01258	0.01597	0.00903	0.01320	0.00892	0.01090	0.00638	0.00740	0.00558	0.00381	0.00304	0.00101	0.00499	0.00249	0.00186	0.00575
23	0.00550	0.00409	0.00540	0.00622	0.00654	0.00400	0.00426	0.00629	0.00836	0.01114	0.02434	0.76053	0.07233	0.01324	0.00594	0.00176	0.04067	0.01183	0.00395	0.00361
24	0.00534	0.00382	0.00509	0.00611	0.00637	0.00357	0.00410	0.00612	0.00838	0.01117	0.02402	0.83074	0.02878	0.01364	0.00557	0.00178	0.00255	0.02526	0.00405	0.00355
25	0.01571	0.01147	0.01239	0.00968	0.01295	0.01266	0.00793	0.68297	0.08271	0.04931	0.02976	0.03140	0.00926	0.00558	0.00442	0.00134	0.00454	0.00431	0.00440	0.00721
26	0.01486	0.01147	0.01324	0.01022	0.01352	0.02514	0.07158	0.60807	0.06776	0.02457	0.05234	0.01215	0.00950	0.00529	0.00441	0.00132	0.00474	0.00425	0.02446	0.02110
27	0.00588	0.00427	0.00553	0.00558	0.00643	0.00393	0.00405	0.00752	0.01110	0.01540	0.55311	0.25579	0.08442	0.01035	0.00526	0.00149	0.00220	0.00920	0.00455	0.00393
28	0.01022	0.00864	0.01030	0.02743	0.02766	0.00805	0.00644	0.12665	0.04674	0.01583	0.00868	0.02379	0.00721	0.00429	0.00463	0.00096	0.08611	0.00323	0.00286	0.57028
29	0.01165	0.01046	0.01027	0.00914	0.01165	0.07662	0.00711	0.07216	0.69753	0.01822	0.01641	0.01523	0.01232	0.00576	0.00439	0.00144	0.00389	0.00470	0.00426	0.00679
30	0.00711	0.01883	0.00778	0.00713	0.00828	0.00620	0.00558	0.04452	0.00778	0.01118	0.01115	0.01631	0.01038	0.06391	0.65404	0.00588	0.03326	0.00448	0.00244	0.07375
31	0.01073	0.01030	0.01759	0.04574	0.80101	0.01035	0.01336	0.01333	0.00990	0.01418	0.00819	0.01081	0.00688	0.00390	0.00432	0.00130	0.00520	0.00389	0.00215	0.00686
32	0.01697	0.02144	0.03867	0.00906	0.03604	0.00863	0.00742	0.18144	0.08683	0.49335	0.01533	0.01487	0.01047	0.00554	0.00441	0.00137	0.00407	0.03214	0.00478	0.00718
33	0.01046	0.01001	0.01696	0.04999	0.75875	0.01004	0.01289	0.01299	0.00990	0.01404	0.00983	0.01224	0.04388	0.00423	0.00436	0.00131	0.00506	0.00413	0.00224	0.00670
34	0.00531	0.00380	0.00506	0.00607	0.00633	0.00354	0.00405	0.00607	0.00835	0.01113	0.02404	0.84388	0.02885	0.01366	0.00557	0.00177	0.00253	0.01240	0.00405	0.00354
35	0.00827	0.00779	0.01314	0.82555	0.04046	0.00970	0.01213	0.01117	0.00874	0.01118	0.00776	0.01162	0.00583	0.00435	0.00436	0.00145	0.00581	0.00388	0.00194	0.00487
36	0.03198	0.00751	0.01011	0.00776	0.01113	0.00657	0.00641	0.03297	0.01253	0.79887	0.01694	0.01467	0.01066	0.00538	0.00436	0.00135	0.00372	0.00435	0.00534	0.00738
37	0.00648	0.00474	0.00609	0.00602	0.00625	0.00524	0.00408	0.00704	0.00673	0.00931	0.01352	0.10130	0.01496	0.48583	0.23040	0.00453	0.07533	0.00627	0.00264	0.00323
38	0.00644	0.00469	0.00655	0.02186	0.00737	0.00532	0.00482	0.00761	0.00693	0.00993	0.01212	0.01989	0.01203	0.24870	0.54968	0.00583	0.02724	0.00506	0.03429	0.00360
39	0.00937	0.00930	0.01283	0.01109	0.01118	0.02419	0.00919	0.01037	0.00679	0.01047	0.00622	0.01013	0.00614	0.00963	0.08035	0.00231	0.75990	0.00387	0.00195	0.00470
40	0.01905	0.00826	0.01064	0.00816	0.01155	0.00765	0.00674	0.15810	0.01388	0.68371	0.01603	0.01408	0.01021	0.00537	0.00438	0.00134	0.00390	0.00431	0.00522	0.00742
41	0.00758	0.00379	0.00568	0.00568	0.00568	0.00379	0.00379	0.00568	0.00568	0.00758	0.00758	0.01326	0.00758	0.01515	0.01705	0.87311	0.00379	0.00379	0.00189	0.00189
42	0.01622	0.03594	0.01261	0.01109	0.01344	0.76130	0.00840	0.06805	0.01282	0.01175	0.00697	0.00802	0.00573	0.00453	0.00394	0.00113	0.00761	0.00287	0.00238	0.00522
43	0.00922	0.00787	0.00914	0.00658	0.01042	0.00606	0.00526	0.02603	0.02537	0.01454	0.00800	0.00922	0.00662	0.00332	0.00328	0.00068	0.00326	0.00266	0.00265	0.83984
44	0.02524	0.10585	0.01183	0.02601	0.01161	0.42453	0.00734	0.02668	0.01061	0.02933	0.04597	0.07797	0.01009	0.04042	0.07497	0.00185	0.05813	0.00418	0.00257	0.00482
45	0.01166	0.84935	0.02285	0.00746	0.01119	0.01726	0.00746	0.01306	0.00886	0.01026	0.00606	0.00700	0.00560	0.00373	0.00280	0.00093	0.00466	0.00233	0.00187	0.00560
46	0.00833	0.00426	0.00428	0.00421	0.00528	0.00429	0.00317	0.02909	0.00942	0.01653	0.01414	0.01612	0.01109	0.00508	0.00308	0.00102	0.00210	0.00406	0.85030	0.00414
47	0.01658	0.01222	0.01309	0.01003	0.01353	0.01353	0.00829	0.80497	0.02051	0.02749	0.01047	0.01047	0.00742	0.00524	0.00436	0.00131	0.00480	0.00393	0.00436	0.00742
48	0.00805	0.00748	0.01253	0.75445	0.04300	0.00921	0.01149	0.01078	0.00871	0.01120	0.00907	0.07833	0.00768	0.00510	0.00446	0.00148	0.00554	0.00456	0.00211	0.00478
49	0.01509	0.01878	0.01254	0.01127	0.01312	0.68395	0.00863	0.01618	0.01135	0.01064	0.00656	0.00816	0.00564	0.00505	0.00578	0.00126	0.15580	0.00299	0.00219	0.00501
50	0.00554	0.00443	0.00495	0.00482	0.00612	0.00384	0.00361	0.00700	0.01084	0.01391	0.33296	0.03846	0.52764	0.01025	0.00515	0.00144	0.00215	0.00871	0.00433	0.00384
51	0.00648	0.00481	0.00682	0.00673	0.00740	0.00552	0.00506	0.02035	0.00710	0.01010	0.01192	0.01897	0.01165	0.18132	0.65147	0.00630	0.02688	0.00495	0.00242	0.00374
52	0.00569	0.00473	0.00501	0.00489	0.00634	0.00420	0.00368	0.00765	0.05932	0.01322	0.18350	0.03869	0.62706	0.01034	0.00511	0.00145	0.00226	0.00870	0.00421	0.00396
53	0.01072	0.01029	0.01758	0.04885	0.79799	0.01034	0.01335	0.01332	0.00990	0.01416	0.00819	0.01082	0.00688	0.00390	0.00432	0.00130	0.00520	0.00389	0.00215	0.00685
54	0.01009	0.00846	0.01074	0.02358	0.01181	0.00735	0.06962	0.10836	0.04115	0.02641	0.00905	0.01103	0.00747	0.05516	0.00476	0.00107	0.00388	0.00332	0.00287	0.58382
55	0.01630	0.02052	0.01238	0.01120	0.01348	0.80419	0.00842	0.04158	0.01261	0.01119	0.00686	0.00795	0.00567	0.00452	0.00395	0.00113	0.00777	0.00284	0.00231	0.00513
56	0.72915	0.05992	0.00782	0.00607	0.00891	0.02523	0.00506	0.01323	0.00791	0.05582	0.00668	0.00754	0.00515	0.00406	0.00283	0.00129	0.00355	0.00247	0.00276	0.04455
57	0.00634	0.00423	0.00476	0.00476	0.00476	0.00423	0.00264	0.00634	0.00634	0.00846	0.01374	0.02854	0.01586	0.84672	0.02220	0.00423	0.00423	0.00634	0.00264	0.00264
58	0.01050	0.00904	0.00955	0.00865	0.01104	0.01038	0.00674	0.02206	0.75572	0.01782	0.01909	0.01824	0.05031	0.00630	0.00451	0.00149	0.00341	0.02407	0.00441	0.00669
59	0.00539	0.00386	0.00514	0.00614	0.00645	0.00361	0.00418	0.00622	0.00845	0.01123	0.02429	0.79453	0.04015	0.01355	0.00558	0.00178	0.00260	0.04923	0.00405	0.00357
60	0.00954	0.00954	0.01336	0.01145	0.01145	0.01336	0.00954	0.01050	0.00668	0.01050	0.00573	0.00954	0.00573	0.00763	0.01431	0.00191	0.83874	0.00382	0.00191	0.00477
61	0.00824	0.00775	0.01308	0.83624	0.03004	0.00969	0.01211	0.01114	0.00872	0.01114	0.00775	0.01163	0.00581	0.00436	0.00436	0.00145	0.00581	0.00388	0.00194	0.00484
62	0.01552	0.01949	0.01247	0.01126	0.01325	0.73548	0.00856	0.01662	0.01171	0.01065	0.00662	0.00806	0.00563	0.00486	0.00513	0.00121	0.10332	0.00292	0.00221	0.00502
63	0.00904	0.00775	0.00904	0.00646	0.01034	0.00581	0.00517	0.01098	0.00904	0.01421	0.00775	0.00904	0.00646	0.00323	0.00323	0.00065	0.00323	0.00258	0.00258	0.87339
64	0.00607	0.00445	0.00569	0.00538	0.00645	0.00407	0.00403	0.00803	0.01210	0.01691	0.73884	0.03353	0.11989	0.00913	0.00515	0.00138	0.00207	0.00802	0.00472	0.00407
65	0.01957	0.00742	0.01012	0.00776	0.01113	0.00641	0.00641	0.02126	0.01248	0.82254	0.01721	0.01484	0.01080	0.00540	0.00439	0.00135	0.00371	0.00439	0.00540	0.00742
66	0.01017	0.01263	0.08974	0.01791	0.02248	0.01096	0.74054	0.01396	0.01021	0.01396	0.00874	0.01156	0.00653	0.00371	0.00507	0.00146	0.00728	0.00499	0.00218	0.00593
67	0.01540	0.01124	0.01201	0.00934	0.01255	0.01238	0.00767	0.69841	0.03517	0.02587	0.01206	0.01212	0.03533	0.00543	0.00429	0.00129	0.00446	0.00414	0.07382	0.00701
68	0.01085	0.00937	0.00986	0.00888	0.01134	0.01085	0.00690	0.02318	0.81164	0.01824	0.01775	0.01627	0.01331	0.00592	0.00444	0.00148	0.00345	0.00493	0.00444	0.00690
69	0.01166	0.84935	0.02285	0.00746	0.01119	0.01726	0.00746	0.01306	0.00886	0.01026	0.00606	0.00700	0.00560	0.00373	0.00280	0.00093	0.00466	0.00233	0.00187	0.00560
70	0.16788	0.00731	0.00907	0.00727	0.01028	0.00677	0.00593	0.01857	0.01127	0.61762	0.01581	0.07995	0.01119	0.00583	0.00419	0.00138	0.00356	0.00468	0.00482	0.00664
71	0.01388	0.00705	0.00828	0.00677	0.00916	0.00697	0.00545	0.18090	0.02268	0.30448	0.06071	0.01548	0.01200	0.00546	0.00394	0.00122	0.00323	0.00438	0.32198	0.00600
72	0.00824	0.00775	0.01308	0.83624	0.03004	0.00969	0.01211	0.01114	0.00872	0.01114	0.00775	0.01163	0.00581	0.00436	0.00436	0.00145	0.00581	0.00388	0.00194	0.00484
73	0.64336	0.00856	0.00748	0.00650	0.00927	0.00966	0.00531	0.04115	0.10959	0.11026	0.00894	0.00923	0.00658	0.00447	0.00316	0.00136	0.00347	0.00296	0.00328	0.00539
74	0.01079	0.01036	0.01770	0.02677	0.81952	0.01036	0.01339	0.01339	0.00993	0.01425	0.00820	0.01079	0.00691	0.00389	0.00432	0.00130	0.00518	0.00389	0.00216	0.00691
75	0.00537	0.00456	0.00497	0.00488	0.00634	0.00388	0.01675	0.00661	0.01007	0.01219	0.08806	0.05396	0.71521	0.01088	0.00519	0.00149	0.00236	0.03941	0.00406	0.00375
76	0.87753	0.00843	0.00641	0.00574	0.00843	0.00978	0.00472	0.01282	0.00742	0.01957	0.00607	0.00709	0.00472	0.00405	0.00270	0.00135	0.00337	0.00236	0.00270	0.00472
77	0.00633	0.00428	0.00504	0.00504	0.00514	0.00438	0.00300	0.00652	0.00643	0.00867	0.01348	0.02711	0.01523	0.74432	0.12375	0.00458	0.00517	0.00613	0.00260	0.00280
78	0.02522	0.02900	0.03119	0.49107	0.05622	0.07503	0.04668	0.01136	0.00874	0.01127	0.00804	0.01168	0.00649	0.00804	0.09719	0.04181	0.03028	0.00385	0.00204	0.00480
79	0.01068	0.01111	0.02962	0.06254	0.01414	0.09639	0.08992	0.07643	0.00894	0.01234	0.00690	0.01005	0.00612	0.00730	0.03832	0.00187	0.50613	0.00388	0.00219	0.00514
80	0.87753	0.00843	0.00641	0.00574	0.00843	0.00978	0.00472	0.01282	0.00742	0.01957	0.00607	0.00709	0.00472	0.00405	0.00270	0.00135	0.00337	0.00236	0.00270	0.00472
81	0.00844	0.00796	0.01345	0.77135	0.09333	0.00974	0.01221	0.01132	0.00882	0.01139	0.00779	0.01156	0.00590	0.00432	0.00436	0.00144	0.00576	0.00388	0.00196	0.00501
82	0.00954	0.00954	0.01336	0.01145	0.01145	0.01336	0.00954	0.01050	0.00668	0.01050	0.00573	0.00954	0.00573	0.00763	0.01431	0.00191	0.83874	0.00382	0.00191	0.00477
83	0.01622	0.00715	0.00931	0.00742	0.01027	0.00655	0.00603	0.05689	0.06040	0.57092	0.15455	0.01782	0.01602	0.00602	0.00447	0.00135	0.00341	0.00499	0.03350	0.00671
84	0.00758	0.00379	0.00568	0.00568	0.00568	0.00379	0.00379	0.00568	0.00568	0.00758	0.00758	0.01326	0.00758	0.01515	0.01705	0.87311	0.00379	0.00379	0.00189	0.00189
85	0.00875	0.02256	0.82413	0.01243	0.01888	0.01013	0.01611	0.01381	0.00921	0.01381	0.00783	0.00921	0.00552	0.00414	0.00414	0.00138	0.00645	0.00322	0.00184	0.00645
86	0.00594	0.00445	0.00550	0.00524	0.00637	0.00402	0.00393	0.00778	0.01179	0.01618	0.63919	0.03474	0.21999	0.00941	0.00515	0.00140	0.00209	0.00819	0.00463	0.00402
87	0.00648	0.00537	0.00588	0.04813	0.00805	0.00513	0.00447	0.04449	0.07443	0.01287	0.03558	0.03659	0.57889	0.05814	0.00605	0.00166	0.00284	0.05690	0.00390	0.00413
88	0.00758	0.00379	0.00568	0.00568	0.00568	0.00379	0.00379	0.00568	0.00568	0.00758	0.00758	0.01326	0.00758	0.01515	0.01705	0.87311	0.00379	0.00379	0.00189	0.00189
89	0.00932	0.02100	0.69083	0.01232	0.01818	0.04760	0.04558	0.01473	0.07372	0.01403	0.00861	0.00981	0.00620	0.00428	0.00420	0.00138	0.00631	0.00342	0.00208	0.00640
90	0.80788	0.00957	0.07196	0.00627	0.00927	0.00981	0.00564	0.01290	0.00757	0.01911	0.00621	0.00726	0.00479	0.00406	0.00281	0.00135	0.00362	0.00243	0.00263	0.00486
91	0.00904	0.00775	0.00904	0.00646	0.01034	0.00581	0.00517	0.01098	0.00904	0.01421	0.00775	0.00904	0.00646	0.00323	0.00323	0.00065	0.00323	0.00258	0.00258	0.87339
92	0.00531	0.00380	0.00506	0.00607	0.00633	0.00354	0.00405	0.00607	0.00835	0.01113	0.02404	0.84388	0.02885	0.01366	0.00557	0.00177	0.00253	0.01240	0.00405	0.00354
93	0.87753	0.00843	0.00641	0.00574	0.00843	0.00978	0.00472	0.01282	0.00742	0.01957	0.00607	0.00709	0.00472	0.00405	0.00270	0.00135	0.00337	0.00236	0.00270	0.00472
94	0.01085	0.00937	0.00986	0.00888	0.01134	0.01085	0.00690	0.02318	0.81164	0.01824	0.01775	0.01627	0.01331	0.00592	0.00444	0.00148	0.00345	0.00493	0.00444	0.00690
95	0.00613	0.00446	0.00577	0.00544	0.00649	0.00410	0.00408	0.00814	0.01224	0.01723	0.78194	0.03301	0.07659	0.00901	0.00514	0.00138	0.00206	0.00795	0.00477	0.00410
96	0.01957	0.00742	0.01012	0.00776	0.01113	0.00641	0.00641	0.02126	0.01248	0.82254	0.01721	0.01484	0.01080	0.00540	0.00439	0.00135	0.00371	0.00439	0.00540	0.00742
97	0.00681	0.00464	0.00606	0.00575	0.00690	0.00427	0.00442	0.00880	0.01206	0.05361	0.68121	0.03354	0.07449	0.00911	0.00518	0.00143	0.00230	0.07050	0.00473	0.00424
98	0.00560	0.00444	0.00503	0.00488	0.00616	0.00387	0.00366	0.00712	0.01099	0.01427	0.38072	0.03788	0.47966	0.01012	0.00515	0.00143	0.00214	0.00863	0.00438	0.00387
99	0.87753	0.00843	0.00641	0.00574	0.00843	0.00978	0.00472	0.01282	0.00742	0.01957	0.00607	0.00709	0.00472	0.00405	0.00270	0.00135	0.00337	0.00236	0.00270	0.00472
100	0.00531	0.00441	0.00464	0.00460	0.00599	0.00374	0.00344	0.00655	0.01027	0.01262	0.15923	0.05317	0.68945	0.01077	0.00516	0.00146	0.00219	0.00906	0.00416	0.00374
101	0.01804	0.00960	0.01144	0.00880	0.01221	0.00968	0.00726	0.37093	0.03386	0.44994	0.01421	0.01293	0.00934	0.00534	0.00438	0.00133	0.00419	0.00419	0.00491	0.00741
102	0.01085	0.00937	0.00986	0.00888	0.01134	0.01085	0.00690	0.02318	0.81164	0.01824	0.01775	0.01627	0.01331	0.00592	0.00444	0.00148	0.00345	0.00493	0.00444	0.00690
103	0.01058	0.01032	0.03213	0.12210	0.69299	0.01035	0.01317	0.03076	0.01001	0.01417	0.00819	0.01086	0.00676	0.00398	0.00432	0.00132	0.00527	0.00387	0.00218	0.00667
104	0.00988	0.29194	0.54343	0.01078	0.01624	0.03221	0.01311	0.01365	0.00917	0.01258	0.00723	0.00845	0.00555	0.00402	0.00370	0.00123	0.00590	0.00292	0.00186	0.00614
105	0.01932	0.00737	0.01004	0.00772	0.01105	0.00637	0.00637	0.02101	0.01248	0.80738	0.03227	0.01518	0.01137	0.00546	0.00440	0.00135	0.00368	0.00445	0.00539	0.00736
106	0.01173	0.00784	0.00945	0.00723	0.01053	0.00678	0.01541	0.11311	0.02627	0.18229	0.02526	0.07171	0.04733	0.00517	0.00394	0.00103	0.00347	0.00428	0.00362	0.44353
107	0.00537	0.00388	0.00509	0.00594	0.00632	0.00360	0.00402	0.00626	0.00875	0.01168	0.08866	0.73753	0.07047	0.01315	0.00551	0.00172	0.00248	0.01187	0.00411	0.00360
108	0.00866	0.00924	0.02928	0.01392	0.01697	0.00865	0.50321	0.01145	0.00972	0.01325	0.06198	0.16430	0.03349	0.00838	0.07143	0.00197	0.01960	0.00664	0.00274	0.00513
109	0.00889	0.02179	0.00525	0.00468	0.00596	0.00515	0.00362	0.07730	0.01007	0.01700	0.01371	0.01560	0.01074	0.00547	0.01520	0.00113	0.00246	0.00403	0.76760	0.00438
110	0.07915	0.00963	0.01431	0.01173	0.01273	0.01231	0.12384	0.01114	0.00737	0.01187	0.00654	0.02179	0.00614	0.00670	0.01152	0.00175	0.60844	0.00397	0.00207	0.03698
111	0.87753	0.00843	0.00641	0.00574	0.00843	0.00978	0.00472	0.01282	0.00742	0.01957	0.00607	0.00709	0.00472	0.00405	0.00270	0.00135	0.00337	0.00236	0.00270	0.00472
112	0.00623	0.00467	0.00701	0.00701	0.00779	0.00545	0.00545	0.00779	0.00701	0.01012	0.01168	0.01713	0.01090	0.03271	0.82944	0.00701	0.01168	0.00467	0.00234	0.00389
113	0.00669	0.00453	0.00597	0.00574	0.00677	0.00423	0.00428	0.00849	0.01142	0.05334	0.60268	0.12787	0.05338	0.02397	0.04791	0.00177	0.00275	0.01950	0.00455	0.00415
114	0.12112	0.00759	0.00954	0.00735	0.01071	0.00674	0.00605	0.01894	0.01144	0.62397	0.01468	0.01318	0.00952	0.00496	0.00404	0.00126	0.00361	0.00392	0.00472	0.11667
115	0.00531	0.00380	0.00506	0.00607	0.00633	0.00354	0.00405	0.00607	0.00835	0.01113	0.02404	0.84388	0.02885	0.01366	0.00557	0.00177	0.00253	0.01240	0.00405	0.00354
116	0.00535	0.00385	0.00507	0.00598	0.00632	0.00358	0.00402	0.00618	0.00860	0.01146	0.06243	0.77429	0.06004	0.01334	0.00553	0.00174	0.00250	0.01206	0.00408	0.00358
117	0.87753	0.00843	0.00641	0.00574	0.00843	0.00978	0.00472	0.01282	0.00742	0.01957	0.00607	0.00709	0.00472	0.00405	0.00270	0.00135	0.00337	0.00236	0.00270	0.00472
118	0.01659	0.01114	0.01232	0.00951	0.01282	0.01206	0.00781	0.65639	0.01868	0.13970	0.01130	0.01122	0.00791	0.00572	0.00495	0.04173	0.00460	0.00399	0.00440	0.00716
119	0.01169	0.76532	0.02160	0.00765	0.01125	0.03310	0.00744	0.01396	0.07329	0.01091	0.00701	0.00776	0.00622	0.00392	0.00295	0.00098	0.00463	0.00255	0.00208	0.00569
120	0.01064	0.34760	0.36440	0.01183	0.09587	0.01305	0.02661	0.04431	0.00966	0.02831	0.00747	0.00870	0.00589	0.00401	0.00366	0.00119	0.00552	0.00302	0.00205	0.00620
121	0.00983	0.01115	0.05149	0.01521	0.01791	0.01171	0.45014	0.01245	0.00882	0.01257	0.00795	0.03032	0.00675	0.00544	0.00863	0.00164	0.32572	0.00473	0.00212	0.00542
122	0.01658	0.01222	0.01309	0.01003	0.01353	0.01353	0.00829	0.80497	0.02051	0.02749	0.01047	0.01047	0.00742	0.00524	0.00436	0.00131	0.00480	0.00393	0.00436	0.00742
123	0.00758	0.00379	0.00568	0.00568	0.00568	0.00379	0.00379	0.00568	0.00568	0.00758	0.00758	0.01326	0.00758	0.01515	0.01705	0.87311	0.00379	0.00379	0.00189	0.00189
124	0.87753	0.00843	0.00641	0.00574	0.00843	0.00978	0.00472	0.01282	0.00742	0.01957	0.00607	0.00709	0.00472	0.00405	0.00270	0.00135	0.00337	0.00236	0.00270	0.00472
125	0.00758	0.00379	0.00568	0.00568	0.00568	0.00379	0.00379	0.00568	0.00568	0.00758	0.00758	0.01326	0.00758	0.01515	0.01705	0.87311	0.00379	0.00379	0.00189	0.00189
126	0.01629	0.02079	0.01236	0.01124	0.01348	0.82921	0.00843	0.01742	0.01236	0.01067	0.00674	0.00787	0.00562	0.00449	0.00393	0.00112	0.00787	0.00281	0.00225	0.00506
127	0.00531	0.00382	0.00504	0.00601	0.00631	0.00355	0.00402	0.00608	0.00841	0.01116	0.02482	0.81276	0.05946	0.01356	0.00555	0.00176	0.00252	0.01227	0.00405	0.00355
128	0.00701	0.00508	0.00641	0.00585	0.00708	0.00487	0.00445	0.07210	0.01300	0.01829	0.75254	0.03081	0.03845	0.00862	0.00508	0.00137	0.00228	0.00757	0.00477	0.00438
129	0.01130	0.74613	0.12288	0.00808	0.01215	0.01637	0.00854	0.01315	0.00891	0.01070	0.00628	0.00727	0.00559	0.00378	0.00297	0.00099	0.00489	0.00244	0.00186	0.00570
130	0.01629	0.02079	0.01236	0.01124	0.01348	0.82921	0.00843	0.01742	0.01236	0.01067	0.00674	0.00787	0.00562	0.00449	0.00393	0.00112	0.00787	0.00281	0.00225	0.00506
131	0.00954	0.00970	0.01158	0.05541	0.01175	0.11340	0.00848	0.01076	0.00818	0.01122	0.07302	0.06798	0.01091	0.00886	0.04870	0.00197	0.50335	0.02817	0.00241	0.00461
132	0.00531	0.00382	0.00504	0.00601	0.00631	0.00355	0.00402	0.00608	0.00841	0.01116	0.02482	0.81276	0.05946	0.01356	0.00555	0.00176	0.00252	0.01227	0.00405	0.00355
133	0.00531	0.00380	0.00506	0.00607	0.00633	0.00354	0.00405	0.00607	0.00835	0.01113	0.02404	0.84388	0.02885	0.01366	0.00557	0.00177	0.00253	0.01240	0.00405	0.00354
134	0.00954	0.00954	0.01336	0.01145	0.01145	0.01336	0.00954	0.01050	0.00668	0.01050	0.00573	0.00954	0.00573	0.00763	0.01431	0.00191	0.83874	0.00382	0.00191	0.00477
135	0.01629	0.02079	0.01236	0.01124	0.01348	0.82921	0.00843	0.01742	0.01236	0.01067	0.00674	0.00787	0.00562	0.00449	0.00393	0.00112	0.00787	0.00281	0.00225	0.00506
136	0.80875	0.00835	0.00671	0.00590	0.00865	0.00951	0.00486	0.01350	0.00783	0.08394	0.00697	0.00771	0.00521	0.00416	0.00283	0.00135	0.00340	0.00252	0.00292	0.00494
137	0.02523	0.60574	0.16870	0.00885	0.01296	0.07629	0.02513	0.01354	0.00919	0.01117	0.00649	0.00756	0.00559	0.00387	0.00318	0.00105	0.00526	0.00259	0.00191	0.00570
138	0.01329	0.00782	0.00942	0.00774	0.01048	0.00761	0.00622	0.12864	0.14936	0.28640	0.12080	0.05540	0.01563	0.00632	0.00447	0.00132	0.00350	0.04023	0.00451	0.12085

[dist]
# distance from previous block
# <min> <max>
0	1

[block]
# block no. 2 follows, 60 sequences, length 14
# corresponding to MSA columns:
# 308-321
name=unknown_C
#
# <colnr> <probs for GDERKNQSTAVLIFYWHMCP>
#	G	D	E	R	K	N	Q	S	T	A	V	L	I	F	Y	W	H	M	C	P
0	0.87753	0.00843	0.00641	0.00574	0.00843	0.00978	0.00472	0.01282	0.00742	0.01957	0.00607	0.00709	0.00472	0.00405	0.00270	0.00135	0.00337	0.00236	0.00270	0.00472
1	0.03146	0.01670	0.04666	0.03573	0.01341	0.49136	0.00849	0.14666	0.01274	0.01386	0.01007	0.01107	0.06502	0.00532	0.00493	0.00127	0.07362	0.00358	0.00269	0.00537
2	0.00624	0.00464	0.00685	0.00685	0.00757	0.00536	0.00525	0.00768	0.00696	0.01001	0.01183	0.01795	0.01126	0.09081	0.77182	0.00681	0.01115	0.00479	0.00236	0.00380
3	0.00904	0.00775	0.00904	0.00646	0.01034	0.00581	0.00517	0.01098	0.00904	0.01421	0.00775	0.00904	0.00646	0.00323	0.00323	0.00065	0.00323	0.00258	0.00258	0.87339
4	0.00569	0.00426	0.00606	0.03891	0.00781	0.00409	0.02677	0.00669	0.00855	0.01140	0.04152	0.71273	0.02716	0.03076	0.00588	0.00181	0.00289	0.04945	0.00390	0.00368
5	0.00552	0.00401	0.00528	0.00609	0.00654	0.00367	0.00411	0.00634	0.00839	0.01130	0.02316	0.79865	0.02763	0.01310	0.00544	0.00171	0.00257	0.01187	0.00397	0.05066
6	0.01568	0.01910	0.01245	0.01167	0.04786	0.69512	0.00852	0.05686	0.06971	0.01220	0.00778	0.00872	0.00631	0.00461	0.00401	0.00117	0.00728	0.00306	0.00251	0.00538
7	0.01629	0.02079	0.01236	0.01124	0.01348	0.82921	0.00843	0.01742	0.01236	0.01067	0.00674	0.00787	0.00562	0.00449	0.00393	0.00112	0.00787	0.00281	0.00225	0.00506
8	0.01696	0.00689	0.00910	0.00711	0.01012	0.00598	0.00581	0.01872	0.01182	0.63914	0.04269	0.01528	0.01159	0.00534	0.00416	0.00126	0.00340	0.00435	0.12188	0.05838
9	0.00904	0.00775	0.00904	0.00646	0.01034	0.00581	0.00517	0.01098	0.00904	0.01421	0.00775	0.00904	0.00646	0.00323	0.00323	0.00065	0.00323	0.00258	0.00258	0.87339
10	0.01063	0.01015	0.01709	0.07916	0.73581	0.01034	0.01305	0.01362	0.04152	0.01420	0.00855	0.01107	0.00709	0.00400	0.00433	0.00131	0.00515	0.00393	0.00223	0.00677
11	0.00623	0.00467	0.00701	0.00701	0.00779	0.00545	0.00545	0.00779	0.00701	0.01012	0.01168	0.01713	0.01090	0.03271	0.82944	0.00701	0.01168	0.00467	0.00234	0.00389
12	0.01033	0.01166	0.02515	0.01899	0.08079	0.01098	0.74615	0.01393	0.01027	0.01399	0.00878	0.01169	0.00664	0.00369	0.00509	0.00146	0.00719	0.00506	0.00220	0.00596
13	0.00694	0.00465	0.00595	0.00552	0.00675	0.00422	0.00418	0.00886	0.01208	0.06965	0.67735	0.03248	0.12695	0.00893	0.00510	0.00138	0.00218	0.00781	0.00476	0.00428

[dist]
# distance from previous block
# <min> <max>
0	55

[block]
# block no. 3 follows, 60 sequences, length 34
# corresponding to MSA columns:
# 377-390,392-411
name=unknown_D
#
# <colnr> <probs for GDERKNQSTAVLIFYWHMCP>
#	G	D	E	R	K	N	Q	S	T	A	V	L	I	F	Y	W	H	M	C	P
0	0.85378	0.00842	0.00659	0.02843	0.00902	0.00978	0.00493	0.01277	0.00746	0.01934	0.00612	0.00721	0.00475	0.00406	0.00274	0.00135	0.00344	0.00240	0.00268	0.00473
1	0.00875	0.02256	0.82413	0.01243	0.01888	0.01013	0.01611	0.01381	0.00921	0.01381	0.00783	0.00921	0.00552	0.00414	0.00414	0.00138	0.00645	0.00322	0.00184	0.00645
2	0.00896	0.00849	0.01438	0.60874	0.25192	0.00988	0.01247	0.01177	0.00906	0.01202	0.00788	0.01139	0.00612	0.00423	0.00435	0.00141	0.00564	0.00388	0.00200	0.00542
3	0.00517	0.00435	0.00449	0.00459	0.00594	0.00367	0.00339	0.00624	0.00977	0.01171	0.04208	0.12585	0.73523	0.01132	0.00520	0.00150	0.00224	0.00954	0.00405	0.00367
4	0.00867	0.00840	0.01480	0.68125	0.09702	0.00989	0.09501	0.01163	0.00899	0.01171	0.00790	0.01157	0.00599	0.00425	0.00444	0.00144	0.00592	0.00401	0.00198	0.00513
5	0.00601	0.00439	0.00565	0.00547	0.00645	0.00402	0.00405	0.00786	0.01175	0.01640	0.67706	0.11813	0.09732	0.00957	0.00519	0.00142	0.00212	0.00846	0.00467	0.00402
6	0.00531	0.00442	0.00464	0.00458	0.00599	0.00375	0.00344	0.00656	0.01031	0.01266	0.16321	0.04053	0.69818	0.01072	0.00515	0.00146	0.00219	0.00900	0.00417	0.00375
7	0.00531	0.00380	0.00506	0.00607	0.00633	0.00354	0.00405	0.00607	0.00835	0.01113	0.02404	0.84388	0.02885	0.01366	0.00557	0.00177	0.00253	0.01240	0.00405	0.00354
8	0.01166	0.84935	0.02285	0.00746	0.01119	0.01726	0.00746	0.01306	0.00886	0.01026	0.00606	0.00700	0.00560	0.00373	0.00280	0.00093	0.00466	0.00233	0.00187	0.00560
9	0.00813	0.00407	0.00407	0.00407	0.00508	0.00407	0.00305	0.01016	0.00915	0.01626	0.01423	0.01626	0.01118	0.00508	0.00305	0.00102	0.00203	0.00407	0.87093	0.00407
10	0.01033	0.47199	0.38856	0.00973	0.01470	0.01400	0.01141	0.01340	0.00902	0.01188	0.00687	0.00801	0.00556	0.00392	0.00341	0.00114	0.00548	0.00274	0.00185	0.00598
11	0.03224	0.56715	0.04597	0.02207	0.01192	0.12494	0.00773	0.04214	0.02931	0.04119	0.00838	0.00909	0.03350	0.00428	0.00325	0.00105	0.00500	0.00288	0.00229	0.00562
12	0.13446	0.01725	0.01157	0.02958	0.02772	0.59266	0.00808	0.01580	0.01098	0.01208	0.00676	0.00822	0.00564	0.00471	0.00468	0.00123	0.08093	0.00291	0.01975	0.00499
13	0.01095	0.00960	0.00958	0.00866	0.01101	0.05444	0.00671	0.02193	0.71071	0.01769	0.01690	0.01582	0.01275	0.00578	0.00431	0.00143	0.00359	0.00475	0.06681	0.00660
14	0.00531	0.00380	0.00506	0.00607	0.00633	0.00354	0.00405	0.00607	0.00835	0.01113	0.02404	0.84388	0.02885	0.01366	0.00557	0.00177	0.00253	0.01240	0.00405	0.00354
15	0.01551	0.01116	0.01245	0.00973	0.01266	0.01249	0.00798	0.62234	0.01772	0.08203	0.01064	0.01166	0.00794	0.05082	0.00637	0.00153	0.09191	0.00408	0.00409	0.00688
16	0.00634	0.00423	0.00476	0.00476	0.00476	0.00423	0.00264	0.00634	0.00634	0.00846	0.01374	0.02854	0.01586	0.84672	0.02220	0.00423	0.00423	0.00634	0.00264	0.00264
17	0.00875	0.02256	0.82413	0.01243	0.01888	0.01013	0.01611	0.01381	0.00921	0.01381	0.00783	0.00921	0.00552	0.00414	0.00414	0.00138	0.00645	0.00322	0.00184	0.00645
18	0.01035	0.00991	0.01689	0.16832	0.68146	0.01025	0.01316	0.01299	0.00972	0.01371	0.00812	0.01094	0.00672	0.00397	0.00433	0.00132	0.00529	0.00388	0.00212	0.00655
19	0.01545	0.01875	0.01152	0.01045	0.01261	0.71531	0.00786	0.04330	0.01230	0.01183	0.00765	0.00883	0.00626	0.00458	0.00385	0.00112	0.00715	0.00298	0.09318	0.00503
20	0.00849	0.02267	0.00857	0.00796	0.00911	0.15166	0.00620	0.03333	0.00838	0.01075	0.01053	0.01494	0.00965	0.02579	0.62484	0.00557	0.03069	0.00426	0.00236	0.00426
21	0.00891	0.02143	0.74062	0.01305	0.01929	0.01022	0.09849	0.01383	0.00932	0.01383	0.00793	0.00948	0.00564	0.00409	0.00425	0.00139	0.00654	0.00342	0.00188	0.00639
22	0.00634	0.00423	0.00476	0.00476	0.00476	0.00423	0.00264	0.00634	0.00634	0.00846	0.01374	0.02854	0.01586	0.84672	0.02220	0.00423	0.00423	0.00634	0.00264	0.00264
23	0.00531	0.00380	0.00506	0.00607	0.00633	0.00354	0.00405	0.00607	0.00835	0.01113	0.02404	0.84388	0.02885	0.01366	0.00557	0.00177	0.00253	0.01240	0.00405	0.00354
24	0.87753	0.00843	0.00641	0.00574	0.00843	0.00978	0.00472	0.01282	0.00742	0.01957	0.00607	0.00709	0.00472	0.00405	0.00270	0.00135	0.00337	0.00236	0.00270	0.00472
25	0.00600	0.00442	0.00562	0.00539	0.00643	0.00403	0.00402	0.00788	0.01184	0.01646	0.68180	0.07740	0.13361	0.00943	0.00517	0.00141	0.00210	0.00829	0.00467	0.00403
26	0.01957	0.00742	0.01012	0.00776	0.01113	0.00641	0.00641	0.02126	0.01248	0.82254	0.01721	0.01484	0.01080	0.00540	0.00439	0.00135	0.00371	0.00439	0.00540	0.00742
27	0.00634	0.00423	0.00476	0.00476	0.00476	0.00423	0.00264	0.00634	0.00634	0.00846	0.01374	0.02854	0.01586	0.84672	0.02220	0.00423	0.00423	0.00634	0.00264	0.00264
28	0.00904	0.00848	0.01386	0.58319	0.20724	0.00994	0.01196	0.01267	0.07668	0.01245	0.00870	0.01183	0.00669	0.00438	0.00436	0.00142	0.00547	0.00397	0.00220	0.00549
29	0.61362	0.07388	0.00930	0.00797	0.05322	0.15518	0.00605	0.01368	0.00854	0.01701	0.00631	0.00742	0.00506	0.00409	0.00301	0.00128	0.00436	0.00252	0.00253	0.00497
30	0.00531	0.00380	0.00506	0.00607	0.00633	0.00354	0.00405	0.00607	0.00835	0.01113	0.02404	0.84388	0.02885	0.01366	0.00557	0.00177	0.00253	0.01240	0.00405	0.00354
31	0.00904	0.00775	0.00904	0.00646	0.01034	0.00581	0.00517	0.01098	0.00904	0.01421	0.00775	0.00904	0.00646	0.00323	0.00323	0.00065	0.00323	0.00258	0.00258	0.87339
32	0.02488	0.43590	0.03284	0.01088	0.13926	0.11330	0.00823	0.03487	0.01005	0.05187	0.02542	0.00994	0.02571	0.00430	0.00344	0.00108	0.00487	0.00314	0.03328	0.02674
33	0.01057	0.01006	0.01665	0.09441	0.65030	0.01037	0.02919	0.01423	0.09369	0.01439	0.00918	0.01146	0.00748	0.00413	0.00435	0.00133	0.00510	0.00402	0.00238	0.00671

[dist]
# distance from previous block
# <min> <max>
0	1

[block]
# block no. 4 follows, 60 sequences, length 21
# corresponding to MSA columns:
# 413-433
name=unknown_E
#
# <colnr> <probs for GDERKNQSTAVLIFYWHMCP>
#	G	D	E	R	K	N	Q	S	T	A	V	L	I	F	Y	W	H	M	C	P
0	0.00961	0.00919	0.01459	0.31831	0.41348	0.03357	0.01175	0.01241	0.02682	0.01321	0.05103	0.01299	0.02816	0.00454	0.00437	0.00135	0.00518	0.00418	0.00232	0.02294
1	0.00544	0.00385	0.00502	0.00591	0.00613	0.00363	0.00387	0.00611	0.00810	0.01079	0.02273	0.74033	0.02720	0.11946	0.00768	0.00208	0.00275	0.01163	0.00387	0.00343
2	0.00624	0.00464	0.00685	0.00685	0.00758	0.00537	0.00526	0.00769	0.00696	0.01001	0.01183	0.01793	0.01125	0.08917	0.77345	0.00682	0.01117	0.00479	0.00236	0.00381
3	0.00904	0.00775	0.00904	0.00646	0.01034	0.00581	0.00517	0.01098	0.00904	0.01421	0.00775	0.00904	0.00646	0.00323	0.00323	0.00065	0.00323	0.00258	0.00258	0.87339
4	0.01400	0.01048	0.01130	0.00930	0.01229	0.01170	0.00748	0.36643	0.40637	0.08046	0.01451	0.01362	0.01054	0.00558	0.00440	0.00140	0.00406	0.00445	0.00447	0.00717
5	0.00644	0.00453	0.00582	0.00546	0.00658	0.00414	0.00411	0.00841	0.01215	0.03801	0.73192	0.03290	0.10509	0.00900	0.00513	0.00138	0.00211	0.00791	0.00475	0.00417
6	0.01641	0.01162	0.01262	0.00977	0.01317	0.01276	0.00804	0.68529	0.07657	0.09139	0.01154	0.01124	0.00811	0.00530	0.00437	0.00132	0.00461	0.00404	0.00445	0.00738
7	0.01840	0.00716	0.00975	0.00756	0.01073	0.00621	0.00621	0.02012	0.01247	0.75214	0.08717	0.01640	0.01345	0.00571	0.00445	0.00135	0.00357	0.00469	0.00535	0.00713
8	0.00617	0.00446	0.00583	0.00549	0.00652	0.00412	0.00412	0.00823	0.01235	0.01749	0.81722	0.03258	0.04115	0.00892	0.00514	0.00137	0.00206	0.00789	0.00480	0.00412
9	0.00623	0.00467	0.00701	0.00701	0.00779	0.00545	0.00545	0.00779	0.00701	0.01012	0.01168	0.01713	0.01090	0.03271	0.82944	0.00701	0.01168	0.00467	0.00234	0.00389
10	0.87753	0.00843	0.00641	0.00574	0.00843	0.00978	0.00472	0.01282	0.00742	0.01957	0.00607	0.00709	0.00472	0.00405	0.00270	0.00135	0.00337	0.00236	0.00270	0.00472
11	0.01574	0.09297	0.01342	0.01131	0.03439	0.73676	0.00847	0.01693	0.01199	0.01073	0.00672	0.00787	0.00565	0.00441	0.00384	0.00111	0.00751	0.00280	0.00221	0.00515
12	0.01180	0.00929	0.00999	0.00882	0.01139	0.01055	0.00691	0.04872	0.71574	0.08888	0.01746	0.01596	0.01290	0.00585	0.00443	0.00146	0.00352	0.00485	0.00452	0.00697
13	0.00875	0.02256	0.82413	0.01243	0.01888	0.01013	0.01611	0.01381	0.00921	0.01381	0.00783	0.00921	0.00552	0.00414	0.00414	0.00138	0.00645	0.00322	0.00184	0.00645
