[name]
unknown

[dist]
# distance from previous block
# <min> <max>
5	551

[block]
# block no. 0 follows, 57 sequences, length 7
# corresponding to MSA columns:
# 627-633
name=unknown_A
#
# <colnr> <probs for GDERKNQSTAVLIFYWHMCP>
#	G	D	E	R	K	N	Q	S	T	A	V	L	I	F	Y	W	H	M	C	P
0	0.01136	0.11828	0.05622	0.11025	0.15985	0.03819	0.05076	0.08996	0.04776	0.05885	0.03149	0.02503	0.03187	0.00528	0.00446	0.00133	0.01914	0.02603	0.07764	0.03624
1	0.07172	0.07080	0.06696	0.11457	0.10362	0.00909	0.03045	0.05241	0.05135	0.07593	0.09021	0.05424	0.02388	0.05063	0.02840	0.00169	0.01742	0.00488	0.02799	0.05375
2	0.01060	0.07146	0.03682	0.17469	0.31277	0.06473	0.03904	0.05513	0.01054	0.01395	0.01099	0.06302	0.04316	0.00573	0.02035	0.00146	0.00547	0.00460	0.00253	0.05294
3	0.08445	0.04987	0.08359	0.04527	0.04813	0.06303	0.02646	0.10889	0.22732	0.11710	0.01223	0.01247	0.00905	0.00526	0.00476	0.00141	0.04599	0.00406	0.02173	0.02893
4	0.05569	0.00753	0.04458	0.00685	0.00883	0.04135	0.00554	0.06609	0.04530	0.06083	0.31392	0.06947	0.13163	0.02727	0.00582	0.03919	0.00329	0.00670	0.00413	0.05599
5	0.05745	0.02677	0.03253	0.08738	0.08794	0.00883	0.07332	0.11765	0.07772	0.03813	0.03047	0.03945	0.01016	0.05047	0.02742	0.11372	0.00474	0.00459	0.06864	0.04263
6	0.01199	0.32093	0.06652	0.17787	0.07216	0.03573	0.05222	0.04204	0.05514	0.09151	0.00950	0.02913	0.00760	0.00465	0.00398	0.00128	0.00527	0.00374	0.00266	0.00608

[dist]
# distance from previous block
# <min> <max>
5	18

[block]
# block no. 1 follows, 57 sequences, length 11
# corresponding to MSA columns:
# 653-663
name=unknown_B
#
# <colnr> <probs for GDERKNQSTAVLIFYWHMCP>
#	G	D	E	R	K	N	Q	S	T	A	V	L	I	F	Y	W	H	M	C	P
0	0.03092	0.00901	0.01181	0.18078	0.01622	0.00891	0.03227	0.15642	0.04020	0.20602	0.01125	0.01196	0.00803	0.00464	0.00419	0.00122	0.00447	0.00382	0.00363	0.25421
1	0.00585	0.00414	0.00538	0.00598	0.00646	0.00385	0.00408	0.00674	0.00932	0.01252	0.17175	0.54853	0.08501	0.05574	0.00717	0.04599	0.00267	0.01099	0.00416	0.00367
2	0.00884	0.00741	0.00877	0.00652	0.01000	0.00571	0.00516	0.01088	0.01004	0.01540	0.15795	0.01397	0.01345	0.00446	0.00373	0.00081	0.00313	0.00371	0.00312	0.70694
3	0.03830	0.00460	0.00540	0.00543	0.00625	0.00433	0.00376	0.00748	0.00995	0.01374	0.30900	0.17405	0.17810	0.20848	0.00955	0.00222	0.00284	0.00868	0.00409	0.00375
4	0.00570	0.00419	0.00518	0.00576	0.00632	0.00385	0.00390	0.00661	0.00918	0.01206	0.10783	0.51311	0.17970	0.10544	0.00759	0.00202	0.00271	0.01106	0.00412	0.00366
5	0.71286	0.00950	0.00796	0.00679	0.00975	0.01089	0.00560	0.15986	0.01025	0.02187	0.00716	0.00802	0.00543	0.00444	0.00313	0.00139	0.00378	0.00276	0.00313	0.00543
6	0.01276	0.01047	0.01109	0.00952	0.01235	0.01197	0.00753	0.21757	0.60838	0.02136	0.01655	0.01540	0.01230	0.00597	0.00459	0.00149	0.00394	0.00486	0.00459	0.00731
7	0.01068	0.01021	0.01678	0.31574	0.23082	0.03441	0.15835	0.07508	0.04034	0.01478	0.00924	0.01205	0.00714	0.00443	0.00461	0.00143	0.00590	0.00430	0.03767	0.00606
8	0.01020	0.00464	0.00677	0.00631	0.00696	0.00444	0.00444	0.00893	0.00722	0.15884	0.00974	0.01408	0.00850	0.01385	0.01525	0.70617	0.00392	0.00405	0.00265	0.00304
9	0.00618	0.00519	0.00638	0.02577	0.00804	0.00476	0.03686	0.00816	0.05069	0.01314	0.10347	0.15680	0.49348	0.01099	0.00541	0.00160	0.00281	0.05197	0.00416	0.00416
10	0.00727	0.00568	0.00690	0.00653	0.00710	0.03888	0.03360	0.00828	0.02988	0.00988	0.01330	0.02439	0.01414	0.52227	0.24816	0.00489	0.00685	0.00586	0.00267	0.00347

[dist]
# distance from previous block
# <min> <max>
4	10

[block]
# block no. 2 follows, 57 sequences, length 7
# corresponding to MSA columns:
# 676-682
name=unknown_C
#
# <colnr> <probs for GDERKNQSTAVLIFYWHMCP>
#	G	D	E	R	K	N	Q	S	T	A	V	L	I	F	Y	W	H	M	C	P
0	0.02990	0.01117	0.05010	0.08135	0.43271	0.05669	0.04311	0.01362	0.02623	0.03477	0.00924	0.05145	0.00807	0.00526	0.00603	0.00148	0.12565	0.00442	0.00243	0.00632
1	0.00794	0.00627	0.00786	0.00927	0.12431	0.03746	0.00592	0.00946	0.01048	0.05878	0.14756	0.17671	0.24825	0.05320	0.00621	0.00172	0.00337	0.07665	0.00397	0.00461
2	0.01000	0.01015	0.01551	0.01267	0.01355	0.01311	0.12389	0.01146	0.00762	0.01164	0.00653	0.01022	0.00612	0.00709	0.01287	0.00185	0.66821	0.00410	0.00207	0.05138
3	0.00928	0.10690	0.45898	0.01071	0.01529	0.00971	0.05626	0.01276	0.00934	0.04490	0.03539	0.06613	0.01029	0.12660	0.00707	0.00184	0.00570	0.00464	0.00245	0.00577
4	0.01298	0.00625	0.00819	0.00702	0.00906	0.00581	0.00544	0.01505	0.04950	0.37627	0.19441	0.04368	0.02024	0.14051	0.05432	0.00226	0.00400	0.03464	0.00470	0.00569
5	0.00718	0.00499	0.00714	0.00710	0.00786	0.00557	0.00535	0.00850	0.00770	0.05242	0.01431	0.13774	0.01437	0.10873	0.55599	0.00573	0.03622	0.00615	0.00287	0.00408
6	0.01075	0.01076	0.13595	0.13730	0.20755	0.00878	0.02767	0.01352	0.01019	0.11602	0.05142	0.03437	0.01045	0.00532	0.00490	0.00137	0.03755	0.04170	0.00292	0.13150

[dist]
# distance from previous block
# <min> <max>
0	9

[block]
# block no. 3 follows, 57 sequences, length 12
# corresponding to MSA columns:
# 692-703
name=unknown_D
#
# <colnr> <probs for GDERKNQSTAVLIFYWHMCP>
#	G	D	E	R	K	N	Q	S	T	A	V	L	I	F	Y	W	H	M	C	P
0	0.03346	0.65191	0.07019	0.00891	0.03497	0.05119	0.00847	0.01356	0.00936	0.01147	0.02692	0.00837	0.00677	0.00428	0.00372	0.00109	0.04475	0.00277	0.00206	0.00578
1	0.00650	0.00459	0.00622	0.00714	0.00779	0.00447	0.00557	0.00779	0.00935	0.01226	0.02391	0.36971	0.04710	0.06138	0.00737	0.02843	0.00350	0.37908	0.00404	0.00381
2	0.00994	0.00970	0.00980	0.03650	0.03538	0.17834	0.02576	0.03419	0.00893	0.01113	0.01100	0.05119	0.01129	0.29560	0.08867	0.00304	0.14385	0.00514	0.02627	0.00429
3	0.00980	0.00917	0.06482	0.46479	0.09578	0.02195	0.02300	0.03848	0.01015	0.07453	0.02620	0.06047	0.04596	0.00576	0.00469	0.00151	0.00539	0.02932	0.00274	0.00548
4	0.00940	0.01003	0.06948	0.47714	0.18477	0.01030	0.08370	0.01309	0.05413	0.01311	0.00963	0.01268	0.02367	0.00459	0.00460	0.00148	0.00588	0.00428	0.00227	0.00577
5	0.00662	0.00502	0.00737	0.00729	0.00800	0.00590	0.00561	0.00809	0.00721	0.01040	0.01205	0.01841	0.01151	0.09630	0.72723	0.00684	0.04478	0.00496	0.00243	0.00398
6	0.87276	0.00876	0.00666	0.00596	0.00876	0.01017	0.00491	0.01332	0.00771	0.02033	0.00631	0.00736	0.00491	0.00421	0.00280	0.00140	0.00351	0.00245	0.00280	0.00491
7	0.02292	0.14296	0.06389	0.03259	0.03379	0.04374	0.07700	0.03799	0.02961	0.04808	0.02354	0.02356	0.00788	0.00417	0.00380	0.00102	0.00456	0.00344	0.00273	0.39274
8	0.00588	0.00468	0.00529	0.00530	0.00655	0.00417	0.00391	0.00763	0.03599	0.01410	0.26652	0.15013	0.45157	0.01104	0.00539	0.00154	0.00234	0.00948	0.00445	0.00404
9	0.00790	0.00480	0.00591	0.00568	0.00681	0.00452	0.00429	0.00967	0.01100	0.07410	0.37086	0.03075	0.06960	0.11427	0.00719	0.00180	0.00275	0.08390	0.17992	0.00429
10	0.00967	0.00805	0.01307	0.13969	0.38871	0.00820	0.01024	0.01180	0.00991	0.06538	0.03108	0.23834	0.01467	0.00729	0.00491	0.00153	0.00453	0.02407	0.00306	0.00581
11	0.00937	0.05807	0.70786	0.01328	0.01965	0.01093	0.09016	0.01433	0.00966	0.01421	0.00815	0.00972	0.00585	0.00424	0.00434	0.00142	0.00671	0.00350	0.00195	0.00660

[dist]
# distance from previous block
# <min> <max>
1	10

[block]
# block no. 4 follows, 57 sequences, length 66
# corresponding to MSA columns:
# 714-733,736-781
name=unknown_E
#
# <colnr> <probs for GDERKNQSTAVLIFYWHMCP>
#	G	D	E	R	K	N	Q	S	T	A	V	L	I	F	Y	W	H	M	C	P
0	0.15791	0.07352	0.00847	0.00670	0.00800	0.04018	0.00504	0.08928	0.00850	0.01283	0.00840	0.01271	0.00777	0.05728	0.03550	0.43199	0.00443	0.00372	0.02411	0.00366
1	0.19960	0.01773	0.01167	0.02604	0.01323	0.57125	0.02012	0.01697	0.04272	0.01344	0.00734	0.00852	0.00598	0.00468	0.00409	0.00126	0.02462	0.00299	0.00251	0.00526
2	0.00817	0.00529	0.00683	0.02490	0.00789	0.00528	0.00482	0.00939	0.00991	0.10610	0.21720	0.06080	0.19202	0.11227	0.09435	0.05419	0.05353	0.00706	0.01574	0.00426
3	0.00973	0.00792	0.00960	0.00787	0.04972	0.00631	0.00582	0.01207	0.03962	0.04903	0.01020	0.07420	0.00900	0.00443	0.00370	0.00086	0.00343	0.00371	0.00298	0.68979
4	0.00602	0.00462	0.00551	0.00534	0.00657	0.00411	0.00401	0.00776	0.01178	0.01575	0.49544	0.05074	0.33209	0.01023	0.00537	0.00148	0.00224	0.02218	0.00467	0.00409
5	0.00592	0.00461	0.00537	0.00518	0.00647	0.00406	0.00389	0.00759	0.01166	0.01539	0.45190	0.03842	0.40268	0.01030	0.00535	0.00147	0.00221	0.00884	0.00462	0.00406
6	0.01617	0.01413	0.01348	0.01088	0.01375	0.17841	0.00882	0.53208	0.01763	0.02261	0.00942	0.01020	0.00709	0.00562	0.00585	0.00141	0.11806	0.00383	0.00374	0.00683
7	0.00574	0.00436	0.00528	0.00557	0.00649	0.00391	0.00398	0.00704	0.01045	0.01377	0.26724	0.34096	0.28512	0.01184	0.00551	0.00162	0.00237	0.01041	0.00444	0.00391
8	0.00865	0.00537	0.00713	0.03727	0.04823	0.00537	0.00487	0.00959	0.00850	0.11540	0.07821	0.05306	0.01728	0.43790	0.10907	0.00366	0.00508	0.03796	0.00332	0.00406
9	0.03951	0.19025	0.23806	0.01132	0.03845	0.19861	0.02227	0.17091	0.01260	0.02634	0.00814	0.00913	0.00627	0.00452	0.00399	0.00126	0.00615	0.00324	0.00263	0.00635
10	0.04681	0.00857	0.01398	0.66214	0.14295	0.01025	0.01236	0.02706	0.00942	0.01275	0.00810	0.01173	0.00619	0.00446	0.00445	0.00148	0.00581	0.00396	0.00213	0.00539
11	0.04149	0.07000	0.11152	0.11440	0.05831	0.05644	0.08691	0.13062	0.05746	0.16275	0.01144	0.04604	0.00871	0.00524	0.00461	0.00141	0.01845	0.00438	0.00335	0.00646
12	0.02951	0.63458	0.05363	0.00799	0.01182	0.01547	0.00783	0.03413	0.00999	0.12856	0.00834	0.00909	0.00684	0.02113	0.00365	0.00114	0.00475	0.00290	0.00257	0.00610
13	0.00551	0.00448	0.00491	0.00522	0.00642	0.00388	0.00386	0.00663	0.00995	0.01217	0.03971	0.22845	0.58163	0.01217	0.00551	0.00164	0.00249	0.05736	0.00421	0.00381
14	0.00923	0.03977	0.76520	0.01260	0.01902	0.02609	0.01609	0.01426	0.00970	0.01431	0.02819	0.01010	0.00667	0.00443	0.00430	0.00142	0.00657	0.00344	0.00200	0.00659
15	0.01298	0.00989	0.03417	0.03743	0.40315	0.00970	0.01059	0.01758	0.17470	0.19233	0.01300	0.02650	0.00983	0.00502	0.00452	0.00141	0.00461	0.00450	0.02097	0.00712
16	0.00624	0.00462	0.00581	0.00552	0.00666	0.00420	0.00414	0.00821	0.01241	0.01718	0.68263	0.03548	0.17083	0.00963	0.00535	0.00144	0.00216	0.00842	0.00486	0.00420
17	0.00561	0.00400	0.00534	0.00637	0.00666	0.00376	0.00431	0.00644	0.00871	0.01160	0.02473	0.78979	0.02955	0.03016	0.00614	0.00190	0.00273	0.04437	0.00418	0.00368
18	0.00986	0.00936	0.01580	0.39720	0.41422	0.01038	0.01304	0.01265	0.00967	0.01320	0.00863	0.01258	0.00709	0.00456	0.00478	0.00145	0.02396	0.02332	0.00218	0.00606
19	0.01091	0.00864	0.01219	0.18013	0.02849	0.02675	0.07943	0.14021	0.05618	0.07722	0.01166	0.03748	0.00981	0.07904	0.15564	0.00279	0.05522	0.00484	0.01786	0.00551
20	0.07992	0.01082	0.01151	0.02023	0.01259	0.09731	0.04644	0.18847	0.04827	0.04910	0.03452	0.01097	0.00831	0.00458	0.00422	0.00111	0.02505	0.00354	0.00329	0.33974
21	0.16932	0.01133	0.01166	0.00922	0.01256	0.02953	0.00756	0.49798	0.06279	0.09767	0.02711	0.01140	0.00853	0.00531	0.00422	0.00137	0.00453	0.00393	0.00426	0.01975
22	0.01041	0.00992	0.01676	0.27004	0.55841	0.01057	0.01336	0.01343	0.02751	0.01392	0.00860	0.01160	0.00698	0.00423	0.00450	0.00140	0.00554	0.00406	0.00223	0.00653
23	0.00724	0.00555	0.00836	0.08590	0.03863	0.00646	0.00651	0.00876	0.00753	0.02251	0.01150	0.01753	0.01078	0.09490	0.58090	0.03110	0.04442	0.00482	0.00242	0.00417
24	0.00940	0.00805	0.00940	0.00671	0.01074	0.00604	0.00537	0.01141	0.00940	0.01477	0.00805	0.00940	0.00671	0.00336	0.00336	0.00067	0.00336	0.00268	0.00268	0.86845
25	0.00609	0.00441	0.00563	0.00611	0.00665	0.00436	0.00430	0.00700	0.00832	0.01100	0.02289	0.32277	0.12683	0.21603	0.14930	0.00337	0.00478	0.08302	0.00355	0.00358
26	0.00856	0.00805	0.01359	0.82986	0.03121	0.01007	0.01258	0.01158	0.00906	0.01158	0.00805	0.01208	0.00604	0.00453	0.00453	0.00151	0.00604	0.00403	0.00201	0.00503
27	0.00940	0.00805	0.00940	0.00671	0.01074	0.00604	0.00537	0.01141	0.00940	0.01477	0.00805	0.00940	0.00671	0.00336	0.00336	0.00067	0.00336	0.00268	0.00268	0.86845
28	0.00981	0.00868	0.04302	0.00702	0.01114	0.00625	0.00589	0.01195	0.00954	0.04605	0.00844	0.00964	0.00685	0.00348	0.00344	0.00073	0.00351	0.00279	0.00277	0.79899
29	0.01134	0.01076	0.01421	0.01160	0.01461	0.04682	0.19425	0.03176	0.55076	0.01767	0.03549	0.01575	0.01247	0.00560	0.00478	0.00151	0.00473	0.00514	0.00397	0.00677
30	0.00959	0.06883	0.74937	0.01249	0.01893	0.01082	0.01595	0.01453	0.00965	0.03752	0.00831	0.00961	0.00590	0.00432	0.00423	0.00141	0.00651	0.00333	0.00202	0.00668
31	0.00787	0.00505	0.00595	0.00548	0.00713	0.00439	0.00419	0.00945	0.01158	0.12929	0.30941	0.03616	0.42742	0.00986	0.00524	0.00148	0.00246	0.00837	0.00468	0.00454
32	0.00649	0.00520	0.00588	0.00563	0.00707	0.00489	0.00424	0.00942	0.10486	0.01548	0.35976	0.05068	0.38375	0.00998	0.00527	0.00149	0.00239	0.00853	0.00458	0.00440
33	0.01490	0.01068	0.07734	0.01024	0.01378	0.00964	0.11039	0.27443	0.01506	0.25581	0.12624	0.01569	0.01355	0.00573	0.00471	0.00140	0.00466	0.00492	0.02396	0.00685
34	0.00861	0.00745	0.00999	0.00938	0.03309	0.03586	0.02661	0.01061	0.04995	0.02457	0.14709	0.02020	0.01597	0.06128	0.20023	0.03240	0.24398	0.05510	0.00300	0.00461
35	0.00645	0.00483	0.00712	0.00712	0.00791	0.00557	0.00549	0.00799	0.00733	0.01049	0.01307	0.01894	0.03140	0.06696	0.76924	0.00702	0.01157	0.00504	0.00248	0.00399
36	0.00856	0.00805	0.01359	0.82986	0.03121	0.01007	0.01258	0.01158	0.00906	0.01158	0.00805	0.01208	0.00604	0.00453	0.00453	0.00151	0.00604	0.00403	0.00201	0.00503
37	0.01057	0.00958	0.01601	0.38790	0.16280	0.02869	0.13809	0.04401	0.01025	0.06368	0.00964	0.04639	0.00775	0.00498	0.00513	0.00150	0.04010	0.00462	0.00252	0.00580
38	0.03734	0.01188	0.01257	0.00994	0.01328	0.02539	0.00814	0.60933	0.12319	0.04914	0.01294	0.01315	0.02707	0.00576	0.00454	0.00140	0.00471	0.01839	0.00448	0.00738
39	0.00864	0.00813	0.01347	0.70580	0.06109	0.01011	0.01211	0.01141	0.00895	0.01166	0.00860	0.04508	0.00704	0.00514	0.00531	0.00155	0.06434	0.00438	0.00211	0.00506
40	0.00943	0.00834	0.01095	0.13643	0.05620	0.00724	0.02296	0.01186	0.02445	0.01429	0.00827	0.01012	0.00676	0.00370	0.00383	0.00089	0.01620	0.00308	0.00258	0.64243
41	0.01163	0.71258	0.15041	0.00858	0.01290	0.01675	0.00919	0.01369	0.00926	0.01125	0.00659	0.00764	0.00580	0.00395	0.00313	0.00104	0.00514	0.00257	0.00193	0.00596
42	0.00862	0.00812	0.01370	0.81086	0.04972	0.01008	0.01262	0.01163	0.00909	0.01165	0.00807	0.01206	0.00607	0.00452	0.00453	0.00151	0.00602	0.00403	0.00202	0.00508
43	0.00648	0.00482	0.00710	0.00710	0.00784	0.00556	0.00543	0.00797	0.00723	0.01038	0.01231	0.01875	0.01174	0.09846	0.75889	0.00705	0.01152	0.00499	0.00245	0.00394
44	0.04978	0.00892	0.01046	0.00852	0.01169	0.00904	0.00686	0.08618	0.29965	0.38433	0.01648	0.01492	0.01136	0.00560	0.00444	0.00141	0.00381	0.00453	0.00488	0.05714
45	0.01634	0.01526	0.01284	0.01060	0.01361	0.29160	0.00840	0.45219	0.06467	0.02157	0.04151	0.01121	0.00881	0.00537	0.00442	0.00131	0.00589	0.00390	0.00380	0.00670
46	0.00922	0.00730	0.00829	0.00816	0.00965	0.00767	0.00599	0.03611	0.32293	0.01654	0.10400	0.34676	0.04396	0.01110	0.02416	0.00195	0.00359	0.02217	0.00470	0.00574
47	0.83901	0.00927	0.00690	0.00618	0.00897	0.04220	0.00506	0.01351	0.00791	0.01997	0.00634	0.00739	0.00494	0.00422	0.00285	0.00139	0.00369	0.00247	0.00279	0.00492
48	0.00555	0.00419	0.00514	0.00587	0.00655	0.00379	0.00410	0.00650	0.00925	0.01186	0.03131	0.56260	0.26777	0.01330	0.00567	0.00176	0.00259	0.04424	0.00421	0.00375
49	0.00655	0.00501	0.00607	0.00573	0.00690	0.01860	0.00430	0.00874	0.02685	0.01731	0.68498	0.03433	0.13884	0.00941	0.00531	0.00144	0.00229	0.00822	0.00484	0.00429
50	0.01693	0.02160	0.01284	0.01167	0.01401	0.82256	0.00876	0.01809	0.01284	0.01109	0.00700	0.00817	0.00584	0.00467	0.00409	0.00117	0.00817	0.00292	0.00233	0.00525
51	0.00955	0.02151	0.71912	0.01238	0.01855	0.01018	0.01556	0.01484	0.04190	0.04610	0.00959	0.01182	0.00713	0.00477	0.00441	0.00146	0.00635	0.03584	0.00226	0.00665
52	0.01070	0.01222	0.02674	0.01910	0.02368	0.01146	0.79603	0.01451	0.01070	0.01451	0.00917	0.01222	0.00688	0.00382	0.00535	0.00153	0.00764	0.00535	0.00229	0.00611
53	0.87276	0.00876	0.00666	0.00596	0.00876	0.01017	0.00491	0.01332	0.00771	0.02033	0.00631	0.00736	0.00491	0.00421	0.00280	0.00140	0.00351	0.00245	0.00280	0.00491
54	0.03541	0.06170	0.36812	0.01062	0.01515	0.00931	0.06848	0.01367	0.00998	0.10108	0.05770	0.05638	0.03287	0.00545	0.00479	0.00137	0.03961	0.00446	0.00282	0.10101
55	0.01098	0.01105	0.08624	0.04606	0.19467	0.02770	0.04159	0.04561	0.33998	0.03675	0.03129	0.01713	0.04226	0.00584	0.00469	0.00149	0.00464	0.04181	0.00358	0.00667
56	0.00787	0.00394	0.00590	0.00590	0.00590	0.00394	0.00394	0.00590	0.00590	0.00787	0.00787	0.01377	0.00787	0.01574	0.01771	0.86816	0.00394	0.00394	0.00197	0.00197
57	0.01060	0.00989	0.03762	0.01251	0.01419	0.01133	0.18939	0.01249	0.00868	0.09085	0.02631	0.04220	0.00874	0.00889	0.07205	0.00219	0.42928	0.00481	0.00259	0.00541
58	0.01047	0.09328	0.09144	0.10680	0.23934	0.05589	0.02322	0.02549	0.02318	0.01282	0.00864	0.02238	0.00771	0.04364	0.02772	0.00177	0.18015	0.01800	0.00227	0.00580
59	0.00552	0.00394	0.00526	0.00631	0.00657	0.00368	0.00421	0.00631	0.00868	0.01157	0.02498	0.83779	0.02997	0.01420	0.00578	0.00184	0.00263	0.01288	0.00421	0.00368
60	0.00856	0.00805	0.01359	0.82986	0.03121	0.01007	0.01258	0.01158	0.00906	0.01158	0.00805	0.01208	0.00604	0.00453	0.00453	0.00151	0.00604	0.00403	0.00201	0.00503
61	0.01467	0.01022	0.01159	0.12812	0.01494	0.06287	0.00812	0.24794	0.15717	0.20426	0.07047	0.02535	0.01205	0.00581	0.00460	0.00142	0.00460	0.00470	0.00432	0.00677
62	0.01368	0.01059	0.01242	0.01249	0.14307	0.09687	0.00861	0.16097	0.06363	0.16421	0.07048	0.07183	0.01233	0.00648	0.00619	0.00149	0.12953	0.00501	0.00375	0.00637
63	0.00552	0.00394	0.00526	0.00631	0.00657	0.00368	0.00421	0.00631	0.00868	0.01157	0.02498	0.83779	0.02997	0.01420	0.00578	0.00184	0.00263	0.01288	0.00421	0.00368
64	0.01165	0.00965	0.01026	0.00917	0.01177	0.01108	0.00715	0.02400	0.77140	0.05207	0.01842	0.01684	0.01372	0.00613	0.00461	0.00153	0.00360	0.00510	0.00465	0.00719
65	0.01315	0.00989	0.01125	0.00904	0.03514	0.00971	0.00707	0.28800	0.12511	0.07652	0.02767	0.01194	0.00913	0.00477	0.00410	0.00112	0.00403	0.00380	0.00384	0.34473

[dist]
# distance from previous block
# <min> <max>
0	1

[block]
# block no. 5 follows, 57 sequences, length 31
# corresponding to MSA columns:
# 783-813
name=unknown_F
#
# <colnr> <probs for GDERKNQSTAVLIFYWHMCP>
#	G	D	E	R	K	N	Q	S	T	A	V	L	I	F	Y	W	H	M	C	P
0	0.08871	0.06472	0.38122	0.01082	0.03208	0.01052	0.02193	0.04390	0.12619	0.05419	0.04969	0.01249	0.00942	0.01786	0.03444	0.00168	0.02701	0.00395	0.00286	0.00632
1	0.00547	0.00413	0.00507	0.00583	0.00645	0.00372	0.00399	0.00636	0.00914	0.01176	0.03087	0.61403	0.24993	0.01343	0.00566	0.00175	0.00253	0.01195	0.00421	0.00372
2	0.01066	0.01073	0.09412	0.00952	0.01237	0.01061	0.00818	0.02166	0.64542	0.01796	0.01790	0.01942	0.01416	0.00657	0.00474	0.00158	0.00397	0.07932	0.00429	0.00684
3	0.17160	0.01260	0.01229	0.00971	0.01309	0.06921	0.00795	0.60203	0.01827	0.02587	0.00979	0.01006	0.00707	0.00516	0.00419	0.00135	0.00494	0.00371	0.00407	0.00703
4	0.02887	0.00853	0.01069	0.13545	0.01443	0.00805	0.00722	0.09227	0.07170	0.20265	0.02169	0.01221	0.00873	0.00457	0.00404	0.00113	0.00405	0.00372	0.00362	0.35636
5	0.04589	0.01061	0.01521	0.25281	0.30716	0.07001	0.03281	0.06581	0.01034	0.01420	0.00840	0.02830	0.00702	0.00501	0.00572	0.00148	0.10677	0.00410	0.00237	0.00599
6	0.00998	0.00829	0.00885	0.00809	0.01025	0.00930	0.00624	0.01976	0.58660	0.01807	0.10736	0.04020	0.07429	0.00700	0.00467	0.00150	0.00321	0.00590	0.06412	0.00633
7	0.00595	0.00454	0.00554	0.00591	0.00693	0.00412	0.00448	0.00738	0.01045	0.01355	0.19830	0.24588	0.31433	0.01188	0.00562	0.00168	0.00267	0.14248	0.00437	0.00394
8	0.01210	0.01031	0.01426	0.03422	0.07996	0.05794	0.15976	0.22668	0.03908	0.05531	0.01317	0.15135	0.01210	0.03902	0.02466	0.00176	0.03943	0.01941	0.00349	0.00600
9	0.26300	0.02971	0.09358	0.14502	0.03609	0.10060	0.02276	0.08610	0.03408	0.09653	0.00945	0.01111	0.00711	0.00480	0.00394	0.00139	0.00507	0.01796	0.02587	0.00582
10	0.00732	0.00499	0.00564	0.00542	0.00570	0.00511	0.00327	0.06129	0.00764	0.01022	0.01395	0.02786	0.01565	0.74919	0.05534	0.00430	0.00476	0.00634	0.00286	0.00314
11	0.00645	0.00450	0.00538	0.00586	0.00638	0.00440	0.00393	0.00798	0.05653	0.01209	0.03425	0.43847	0.07291	0.20731	0.00949	0.00232	0.00304	0.02118	0.09376	0.00375
12	0.01016	0.00851	0.00981	0.00708	0.01106	0.00683	0.00569	0.08856	0.01057	0.01612	0.00833	0.00954	0.00681	0.00356	0.00347	0.00074	0.00352	0.00282	0.00287	0.78396
13	0.01317	0.10110	0.27926	0.01173	0.01642	0.01047	0.15427	0.06472	0.03037	0.22936	0.03727	0.01242	0.00894	0.00480	0.00447	0.00139	0.00559	0.00419	0.00330	0.00676
14	0.00659	0.00442	0.00598	0.00641	0.00707	0.00412	0.01805	0.00776	0.00959	0.04740	0.15551	0.57328	0.02958	0.04149	0.00616	0.00181	0.00276	0.02754	0.04047	0.00400
15	0.01481	0.05842	0.07481	0.01287	0.07405	0.51591	0.05173	0.06491	0.03302	0.01311	0.00850	0.02679	0.00718	0.00494	0.00426	0.00126	0.00716	0.01800	0.00254	0.00573
16	0.03401	0.08775	0.22695	0.03155	0.01427	0.04108	0.06964	0.08013	0.08058	0.08393	0.09931	0.03851	0.06118	0.00588	0.00447	0.00140	0.00492	0.00490	0.02348	0.00606
17	0.00632	0.00473	0.00572	0.00570	0.00696	0.00426	0.00442	0.00803	0.01142	0.02745	0.37285	0.06104	0.33479	0.01064	0.00548	0.00157	0.00252	0.11742	0.00456	0.00413
18	0.01319	0.00692	0.00806	0.00691	0.00919	0.00692	0.00546	0.05896	0.16807	0.28036	0.03430	0.04365	0.02670	0.00605	0.00415	0.00132	0.00315	0.00496	0.30556	0.00612
19	0.03410	0.62350	0.10968	0.00954	0.03650	0.01620	0.04201	0.03432	0.00955	0.01208	0.00680	0.00803	0.00592	0.00411	0.00364	0.00111	0.03210	0.00279	0.00205	0.00596
20	0.04321	0.67146	0.11736	0.00845	0.01261	0.01656	0.00877	0.05501	0.00983	0.01240	0.00676	0.00774	0.00587	0.00402	0.00316	0.00106	0.00503	0.00262	0.00210	0.00599
21	0.00677	0.00432	0.00517	0.00525	0.00529	0.00431	0.00312	0.00654	0.00667	0.00888	0.01396	0.06253	0.01592	0.64999	0.02101	0.14370	0.00424	0.02692	0.00272	0.00270
22	0.00763	0.00589	0.00575	0.00554	0.00697	0.05421	0.00416	0.02964	0.03189	0.02566	0.15693	0.08045	0.35064	0.00905	0.00474	0.00139	0.00273	0.00757	0.20483	0.00431
23	0.01326	0.21746	0.16421	0.06356	0.01519	0.17819	0.02289	0.08598	0.04650	0.08435	0.00904	0.01003	0.00694	0.00477	0.00449	0.00129	0.04489	0.00341	0.01741	0.00615
24	0.00604	0.06199	0.00659	0.00637	0.00693	0.00470	0.00446	0.00696	0.00899	0.01194	0.07539	0.72747	0.02914	0.01316	0.00556	0.00175	0.00275	0.01185	0.00410	0.00387
25	0.00561	0.00437	0.00513	0.00562	0.00657	0.00389	0.00407	0.00673	0.00978	0.01237	0.07621	0.37252	0.39244	0.01256	0.00559	0.00169	0.00255	0.06423	0.00425	0.00381
26	0.01051	0.03137	0.01492	0.37696	0.21670	0.06336	0.05727	0.03003	0.02430	0.04520	0.02173	0.02708	0.00847	0.02705	0.00507	0.00152	0.00572	0.02447	0.00251	0.00574
27	0.01188	0.01075	0.03906	0.13452	0.04588	0.06531	0.17877	0.10973	0.05843	0.09457	0.02805	0.05518	0.02255	0.04077	0.00650	0.00164	0.08228	0.00506	0.00315	0.00592
28	0.02222	0.01033	0.03494	0.20176	0.14017	0.03693	0.07438	0.20422	0.05478	0.01723	0.03217	0.07135	0.01019	0.03011	0.00532	0.00154	0.01692	0.00495	0.02444	0.00606
29	0.03291	0.00836	0.01391	0.72113	0.11415	0.01014	0.01251	0.01188	0.00916	0.01217	0.00806	0.01186	0.00613	0.00447	0.00448	0.00149	0.00590	0.00398	0.00206	0.00526
30	0.04082	0.28389	0.05020	0.06708	0.03259	0.16506	0.03025	0.04999	0.10684	0.06929	0.02209	0.01069	0.00800	0.00538	0.02169	0.00138	0.02245	0.00351	0.00281	0.00600

[dist]
# distance from previous block
# <min> <max>
1	3

[block]
# block no. 6 follows, 57 sequences, length 33
# corresponding to MSA columns:
# 817-849
name=unknown_G
#
# <colnr> <probs for GDERKNQSTAVLIFYWHMCP>
#	G	D	E	R	K	N	Q	S	T	A	V	L	I	F	Y	W	H	M	C	P
0	0.32729	0.11143	0.01027	0.00765	0.01003	0.18646	0.00612	0.05121	0.02585	0.02535	0.00910	0.04452	0.00805	0.05903	0.02716	0.00165	0.01486	0.00361	0.06532	0.00504
1	0.01925	0.01066	0.12903	0.04836	0.10859	0.06817	0.00855	0.04267	0.12182	0.04382	0.21579	0.05799	0.04173	0.00665	0.00466	0.00141	0.00424	0.00565	0.05526	0.00570
2	0.00605	0.00462	0.00556	0.00532	0.00655	0.00412	0.00399	0.00785	0.01198	0.01615	0.54998	0.03717	0.30413	0.01002	0.00535	0.00146	0.00219	0.00866	0.00472	0.00412
3	0.01063	0.02420	0.07490	0.06647	0.13361	0.02237	0.00907	0.08182	0.07918	0.03641	0.06458	0.04742	0.02876	0.04155	0.10808	0.00239	0.07067	0.02493	0.00331	0.06967
4	0.26316	0.16800	0.04497	0.01981	0.01255	0.23217	0.03071	0.07274	0.01087	0.06706	0.00774	0.00872	0.00608	0.00458	0.00398	0.00128	0.03417	0.00302	0.00274	0.00566
5	0.00640	0.00439	0.00518	0.00523	0.00551	0.00427	0.00322	0.00692	0.00811	0.01097	0.16589	0.12544	0.04618	0.56365	0.01720	0.00345	0.00370	0.00771	0.00338	0.00317
6	0.01013	0.16110	0.45355	0.01247	0.01732	0.03585	0.09391	0.01381	0.00931	0.01311	0.00756	0.00946	0.00590	0.00475	0.00578	0.00144	0.13291	0.00348	0.00198	0.00618
7	0.01018	0.25331	0.32192	0.01114	0.01570	0.02870	0.11133	0.02856	0.04007	0.01377	0.06640	0.03570	0.00978	0.00572	0.02779	0.00149	0.00588	0.00408	0.00243	0.00604
8	0.00688	0.00516	0.00611	0.00633	0.00733	0.00499	0.00454	0.09613	0.01055	0.01374	0.04683	0.47765	0.22921	0.02627	0.03430	0.00193	0.00316	0.01053	0.00418	0.00419
9	0.01494	0.00728	0.00912	0.00759	0.01034	0.00686	0.00612	0.01870	0.15788	0.45849	0.08452	0.02213	0.11523	0.00700	0.00477	0.00147	0.00345	0.03605	0.02141	0.00665
10	0.06512	0.03771	0.05569	0.03664	0.15548	0.30721	0.00895	0.03029	0.01066	0.01334	0.00916	0.01187	0.00776	0.00919	0.12980	0.00218	0.00708	0.01662	0.07984	0.00542
11	0.00902	0.00814	0.01235	0.45262	0.06668	0.00951	0.03119	0.03055	0.13791	0.01340	0.01208	0.11812	0.01069	0.02319	0.00534	0.00160	0.02622	0.00539	0.00282	0.02316
12	0.00646	0.00461	0.00616	0.00690	0.00758	0.00445	0.00532	0.00790	0.00979	0.01304	0.13244	0.32027	0.04129	0.08974	0.00752	0.00212	0.00335	0.32304	0.00416	0.00388
13	0.72880	0.00909	0.00762	0.00655	0.00949	0.01033	0.00540	0.09378	0.00945	0.07416	0.00755	0.00826	0.00561	0.00443	0.00310	0.00140	0.00368	0.00276	0.00317	0.00538
14	0.00561	0.00401	0.00534	0.00625	0.00659	0.00374	0.00421	0.00654	0.00910	0.01224	0.10496	0.75589	0.03127	0.01369	0.00574	0.00180	0.00258	0.01240	0.00429	0.00374
15	0.00940	0.10698	0.73643	0.01239	0.01880	0.01128	0.01583	0.01427	0.00953	0.01397	0.00795	0.00933	0.00575	0.00426	0.00416	0.00139	0.00651	0.00325	0.00192	0.00661
16	0.01608	0.00948	0.01094	0.00865	0.01179	0.00968	0.00705	0.37445	0.03754	0.29343	0.03995	0.04097	0.10601	0.00659	0.00470	0.00141	0.00410	0.00529	0.00487	0.00702
17	0.01017	0.00786	0.00876	0.00794	0.01009	0.00851	0.00623	0.05457	0.42238	0.06278	0.18697	0.02512	0.10222	0.00771	0.00494	0.00153	0.00327	0.05819	0.00467	0.00608
18	0.00826	0.00424	0.00430	0.00430	0.00524	0.00424	0.00312	0.01015	0.00921	0.01607	0.01473	0.01819	0.01211	0.09040	0.00519	0.00140	0.00234	0.00446	0.77797	0.00407
19	0.13529	0.00872	0.00941	0.00811	0.01076	0.00945	0.00651	0.12405	0.29815	0.17426	0.01563	0.02936	0.01192	0.00605	0.00430	0.00145	0.00368	0.04593	0.09047	0.00652
20	0.00557	0.00396	0.00524	0.00625	0.00650	0.00371	0.00414	0.00632	0.00858	0.01145	0.02451	0.80230	0.02938	0.05050	0.00654	0.00195	0.00271	0.01261	0.00414	0.00364
21	0.00622	0.00475	0.00579	0.00589	0.00713	0.00432	0.00466	0.00797	0.01133	0.01486	0.33878	0.04154	0.32929	0.01085	0.00556	0.00162	0.00267	0.18817	0.00450	0.00408
22	0.00552	0.00394	0.00526	0.00631	0.00657	0.00368	0.00421	0.00631	0.00868	0.01157	0.02498	0.83779	0.02997	0.01420	0.00578	0.00184	0.00263	0.01288	0.00421	0.00368
23	0.84055	0.00872	0.00681	0.00604	0.00887	0.01003	0.00497	0.01365	0.00791	0.05038	0.00675	0.00767	0.00515	0.00426	0.00287	0.00140	0.00352	0.00253	0.00291	0.00501
24	0.00951	0.00896	0.02695	0.60322	0.15652	0.01033	0.01232	0.05029	0.03851	0.01332	0.00875	0.01210	0.00667	0.00456	0.00450	0.00147	0.00574	0.00406	0.01662	0.00560
25	0.00885	0.00842	0.01382	0.68550	0.05917	0.01062	0.01227	0.01158	0.00882	0.01161	0.00778	0.01175	0.00607	0.00498	0.00596	0.00157	0.12009	0.00402	0.00202	0.00511
26	0.00648	0.00463	0.00636	0.00741	0.00809	0.00451	0.00587	0.00797	0.00962	0.01264	0.02445	0.41395	0.02787	0.01329	0.00604	0.00197	0.00346	0.42725	0.00419	0.00395
27	0.75478	0.02222	0.00824	0.00833	0.09079	0.02630	0.00594	0.01348	0.00810	0.01944	0.00655	0.00777	0.00517	0.00419	0.00300	0.00139	0.00381	0.00262	0.00272	0.00516
28	0.00691	0.00501	0.00615	0.00593	0.00606	0.00549	0.00385	0.00727	0.00697	0.00959	0.04757	0.02657	0.01599	0.63493	0.10578	0.00432	0.08948	0.00621	0.00273	0.00317
29	0.00574	0.00406	0.00531	0.00622	0.00649	0.00384	0.00416	0.00648	0.00849	0.01130	0.02357	0.70026	0.02808	0.11945	0.00801	0.00218	0.00292	0.04586	0.00402	0.00358
30	0.02511	0.08727	0.15409	0.02040	0.13298	0.02083	0.00975	0.13360	0.02903	0.04211	0.04290	0.12271	0.04420	0.00727	0.02251	0.00160	0.08921	0.00534	0.00311	0.00598
31	0.11321	0.03940	0.07330	0.10178	0.04348	0.09220	0.04192	0.06197	0.07167	0.05512	0.00964	0.01082	0.01628	0.00440	0.00393	0.00119	0.00486	0.00348	0.00289	0.24846
32	0.16275	0.21905	0.16734	0.02148	0.07803	0.09085	0.00944	0.08305	0.05007	0.01527	0.00802	0.00938	0.00645	0.00507	0.00452	0.05243	0.00524	0.00317	0.00251	0.00588

[dist]
# distance from previous block
# <min> <max>
2	6

[block]
# block no. 7 follows, 57 sequences, length 31
# corresponding to MSA columns:
# 936-966
name=unknown_H
#
# <colnr> <probs for GDERKNQSTAVLIFYWHMCP>
#	G	D	E	R	K	N	Q	S	T	A	V	L	I	F	Y	W	H	M	C	P
0	0.00907	0.00816	0.01097	0.09466	0.20715	0.04039	0.01977	0.03306	0.14393	0.01464	0.07917	0.21205	0.09222	0.00800	0.00496	0.00153	0.00409	0.00712	0.00354	0.00552
1	0.03171	0.00760	0.00897	0.00759	0.01004	0.00757	0.00593	0.08440	0.18385	0.31376	0.05171	0.06617	0.09873	0.09304	0.00662	0.00177	0.00364	0.00594	0.00469	0.00625
2	0.05187	0.01074	0.11285	0.07087	0.09793	0.03242	0.05887	0.05447	0.12225	0.16222	0.04405	0.05049	0.01248	0.00676	0.02200	0.00163	0.00498	0.07321	0.00363	0.00628
3	0.01035	0.01147	0.11412	0.27597	0.29196	0.01050	0.11330	0.01422	0.06033	0.04013	0.00935	0.01192	0.00716	0.00438	0.00460	0.00145	0.00587	0.00420	0.00240	0.00632
4	0.00558	0.00399	0.00533	0.00638	0.00667	0.00374	0.00432	0.00642	0.00874	0.01164	0.02494	0.80972	0.02983	0.01414	0.00580	0.00185	0.00268	0.04033	0.00421	0.00370
5	0.01889	0.00801	0.01125	0.06987	0.05768	0.00729	0.00754	0.03686	0.01271	0.69542	0.01649	0.01485	0.01054	0.00544	0.00455	0.00141	0.00413	0.00448	0.00513	0.00748
6	0.02165	0.07422	0.30171	0.02818	0.03998	0.03288	0.07772	0.04830	0.02029	0.15259	0.02539	0.05983	0.06832	0.00576	0.00473	0.00143	0.02283	0.00480	0.00311	0.00627
7	0.01916	0.00793	0.01037	0.00805	0.01140	0.00719	0.00662	0.07539	0.03886	0.69075	0.01724	0.01524	0.01108	0.00560	0.00448	0.00138	0.00383	0.00452	0.05342	0.00750
8	0.00661	0.00488	0.00621	0.00586	0.00700	0.00461	0.00440	0.00924	0.05333	0.01788	0.72851	0.04996	0.06576	0.00928	0.00532	0.00144	0.00223	0.00818	0.00493	0.00440
9	0.01094	0.01095	0.01673	0.19974	0.36958	0.06768	0.08051	0.03023	0.03543	0.01373	0.00840	0.01129	0.00687	0.00477	0.00590	0.00147	0.11319	0.00410	0.00229	0.00620
10	0.04398	0.07344	0.09411	0.01145	0.04258	0.12357	0.14026	0.06941	0.10948	0.05842	0.09990	0.01610	0.05466	0.00575	0.00480	0.00141	0.02385	0.01757	0.00329	0.00597
11	0.00941	0.00915	0.01217	0.01051	0.01152	0.04973	0.07426	0.03785	0.06390	0.01263	0.01487	0.15724	0.09695	0.00868	0.00990	0.00178	0.40531	0.00626	0.00292	0.00497
12	0.00659	0.00439	0.00494	0.00494	0.00494	0.00439	0.00275	0.00659	0.00659	0.00879	0.01428	0.02965	0.01647	0.84075	0.02306	0.00439	0.00439	0.00659	0.00275	0.00275
13	0.02580	0.00627	0.00827	0.17420	0.05709	0.00663	0.00672	0.01080	0.10524	0.01420	0.11753	0.12865	0.21468	0.00861	0.00496	0.00154	0.00351	0.04403	0.05653	0.00476
14	0.03517	0.00832	0.01038	0.00826	0.01136	0.00809	0.00675	0.16878	0.04527	0.49149	0.01716	0.01613	0.05160	0.00880	0.08893	0.00201	0.00483	0.00473	0.00490	0.00705
15	0.01158	0.00940	0.01299	0.01021	0.01297	0.00977	0.17667	0.27075	0.09886	0.01902	0.01603	0.01874	0.09276	0.09536	0.00666	0.00174	0.00472	0.02145	0.10442	0.00589
16	0.03850	0.00853	0.01378	0.71929	0.02902	0.01039	0.03710	0.06614	0.00992	0.01314	0.00823	0.01184	0.00614	0.00456	0.00450	0.00150	0.00593	0.00402	0.00222	0.00525
17	0.01175	0.73179	0.07580	0.03427	0.01323	0.01695	0.03839	0.01359	0.00928	0.01108	0.00658	0.00776	0.00586	0.00392	0.00314	0.00104	0.00511	0.00265	0.00195	0.00586
18	0.01584	0.01022	0.01151	0.00931	0.01250	0.01097	0.00753	0.31310	0.28713	0.23504	0.02811	0.01452	0.01130	0.00579	0.00458	0.00143	0.00416	0.00463	0.00485	0.00747
19	0.00764	0.00537	0.00699	0.00673	0.00755	0.00590	0.00488	0.04034	0.05217	0.03592	0.01336	0.02151	0.01310	0.31000	0.44225	0.00554	0.00844	0.00543	0.00284	0.00403
20	0.00650	0.00475	0.00673	0.00673	0.00735	0.00536	0.00498	0.00774	0.00712	0.01011	0.01264	0.02059	0.01254	0.22392	0.63452	0.00660	0.01031	0.00526	0.00250	0.00374
21	0.87276	0.00876	0.00666	0.00596	0.00876	0.01017	0.00491	0.01332	0.00771	0.02033	0.00631	0.00736	0.00491	0.00421	0.00280	0.00140	0.00351	0.00245	0.00280	0.00491
22	0.00760	0.00529	0.00614	0.00658	0.00724	0.04617	0.00453	0.00846	0.00917	0.08006	0.05173	0.56365	0.02567	0.12603	0.00796	0.00211	0.00328	0.03028	0.00406	0.00401
23	0.13271	0.00885	0.01107	0.00962	0.09399	0.00774	0.05035	0.04343	0.00980	0.01610	0.00803	0.00951	0.00655	0.00366	0.00355	0.00092	0.00389	0.00300	0.00271	0.57454
24	0.00632	0.00454	0.00559	0.00616	0.00657	0.00447	0.00412	0.00771	0.05770	0.01132	0.02171	0.46902	0.04277	0.26740	0.01104	0.00261	0.00332	0.06019	0.00378	0.00365
25	0.00787	0.00394	0.00590	0.00590	0.00590	0.00394	0.00394	0.00590	0.00590	0.00787	0.00787	0.01377	0.00787	0.01574	0.01771	0.86816	0.00394	0.00394	0.00197	0.00197
26	0.01122	0.01073	0.01809	0.02712	0.78244	0.01079	0.01365	0.01429	0.04011	0.01496	0.00890	0.01143	0.00743	0.00412	0.00449	0.00135	0.00532	0.00408	0.00233	0.00718
27	0.00674	0.00462	0.00625	0.00648	0.00725	0.00469	0.00472	0.00793	0.00857	0.05025	0.05841	0.30050	0.09345	0.09114	0.31079	0.00401	0.00634	0.02035	0.00353	0.00398
28	0.00747	0.00468	0.00585	0.00586	0.00649	0.00454	0.00396	0.00825	0.00850	0.07954	0.09343	0.20100	0.05634	0.38205	0.08845	0.00339	0.00437	0.02854	0.00359	0.00372
29	0.01054	0.00907	0.03600	0.03675	0.01204	0.02590	0.00638	0.04363	0.01011	0.06486	0.00871	0.00991	0.00694	0.00378	0.00383	0.00084	0.02236	0.00296	0.00287	0.68250
30	0.01174	0.01071	0.01046	0.00942	0.01197	0.07796	0.00730	0.02359	0.73924	0.01831	0.01750	0.01619	0.01318	0.00603	0.00457	0.00151	0.00396	0.00494	0.00442	0.00701

[dist]
# distance from previous block
# <min> <max>
0	2

[block]
# block no. 8 follows, 57 sequences, length 30
# corresponding to MSA columns:
# 969-998
name=unknown_I
#
# <colnr> <probs for GDERKNQSTAVLIFYWHMCP>
#	G	D	E	R	K	N	Q	S	T	A	V	L	I	F	Y	W	H	M	C	P
0	0.01206	0.01125	0.07391	0.07689	0.25389	0.02288	0.05754	0.13658	0.05029	0.06748	0.00981	0.01128	0.00751	0.00437	0.00430	0.00125	0.00504	0.00386	0.00298	0.18684
1	0.01418	0.00781	0.00919	0.00796	0.01032	0.03980	0.00619	0.08345	0.11885	0.35859	0.03340	0.23660	0.01669	0.00800	0.00485	0.00152	0.00368	0.00683	0.02579	0.00631
2	0.00647	0.00485	0.00728	0.00728	0.00809	0.00566	0.00566	0.00809	0.00728	0.01052	0.01214	0.01780	0.01133	0.03398	0.82279	0.00728	0.01214	0.00485	0.00243	0.00405
3	0.01162	0.01021	0.01648	0.22825	0.46693	0.01082	0.03187	0.10622	0.01142	0.04918	0.00909	0.01160	0.00711	0.00439	0.00453	0.00140	0.00549	0.00409	0.00260	0.00669
4	0.01078	0.09113	0.16493	0.03675	0.19526	0.06217	0.11480	0.02676	0.14084	0.01453	0.01104	0.07215	0.00938	0.00530	0.00475	0.00143	0.02426	0.00469	0.00272	0.00634
5	0.00613	0.00426	0.00533	0.00576	0.00596	0.00424	0.00367	0.00664	0.00753	0.01013	0.01847	0.36285	0.02150	0.41107	0.10272	0.00365	0.00450	0.00901	0.00332	0.00327
6	0.04666	0.00615	0.03881	0.00625	0.00811	0.00527	0.00512	0.01109	0.03479	0.13196	0.39004	0.03047	0.18905	0.00863	0.00500	0.00145	0.00277	0.03421	0.03926	0.00488
7	0.01022	0.02755	0.33404	0.16156	0.23229	0.01069	0.02533	0.04087	0.00998	0.03440	0.00844	0.01075	0.00645	0.00473	0.00518	0.01826	0.04688	0.00377	0.00221	0.00639
8	0.01691	0.01179	0.01213	0.00956	0.01282	0.08129	0.00779	0.50862	0.03400	0.16872	0.01229	0.01209	0.00863	0.00541	0.00439	0.00133	0.00479	0.00410	0.07615	0.00720
9	0.00915	0.02302	0.78779	0.01315	0.01976	0.01056	0.04580	0.01436	0.00961	0.01436	0.00817	0.00967	0.00578	0.00429	0.00434	0.00144	0.00673	0.00342	0.00193	0.00667
10	0.01103	0.33697	0.38043	0.04342	0.01616	0.05880	0.01201	0.01476	0.04462	0.03166	0.00804	0.00917	0.00627	0.00428	0.00378	0.00125	0.00584	0.00310	0.00216	0.00625
11	0.03008	0.02894	0.08296	0.04548	0.04569	0.04189	0.00785	0.03512	0.31342	0.07287	0.06941	0.06829	0.10622	0.00695	0.00490	0.00149	0.02267	0.00575	0.00392	0.00609
12	0.00555	0.00461	0.00490	0.00494	0.00636	0.00396	0.00374	0.00683	0.01044	0.01275	0.10938	0.06259	0.67541	0.01190	0.02380	0.00168	0.00259	0.04047	0.00423	0.00388
13	0.00696	0.00557	0.00821	0.00793	0.00863	0.00682	0.00626	0.00849	0.00723	0.01057	0.01126	0.01669	0.01057	0.03031	0.70885	0.00653	0.12783	0.00473	0.00236	0.00417
14	0.01254	0.28983	0.16053	0.01090	0.02809	0.20675	0.06143	0.02557	0.08143	0.02929	0.00925	0.01146	0.00772	0.00481	0.00399	0.00126	0.00600	0.04063	0.00251	0.00599
15	0.00606	0.00487	0.00539	0.00537	0.00666	0.00445	0.00394	0.00814	0.06619	0.01372	0.19827	0.13483	0.46994	0.04430	0.00606	0.00166	0.00248	0.00925	0.00434	0.00409
16	0.00855	0.00539	0.00623	0.00567	0.00749	0.00476	0.00437	0.01054	0.04627	0.15839	0.21062	0.03518	0.46001	0.00969	0.00518	0.00148	0.00260	0.00816	0.00465	0.00477
17	0.01535	0.01092	0.01202	0.00966	0.01273	0.01190	0.00786	0.58802	0.05714	0.07321	0.01385	0.10881	0.01156	0.00679	0.00476	0.00146	0.00454	0.03779	0.00455	0.00707
18	0.08200	0.10906	0.62404	0.01209	0.03566	0.03438	0.01450	0.01428	0.00948	0.01438	0.00776	0.00914	0.00571	0.00426	0.00403	0.00137	0.00624	0.00318	0.00201	0.00642
19	0.00573	0.00431	0.00531	0.00602	0.00676	0.00394	0.00434	0.00677	0.00934	0.01196	0.03082	0.48112	0.26154	0.03328	0.00614	0.00184	0.00277	0.11010	0.00417	0.00376
20	0.00617	0.00471	0.00573	0.00580	0.00702	0.00427	0.00454	0.00790	0.01135	0.01494	0.35802	0.05711	0.32721	0.01081	0.00553	0.00160	0.00259	0.15609	0.00452	0.00408
21	0.01096	0.18656	0.39151	0.04871	0.08252	0.07640	0.04203	0.03660	0.01020	0.03175	0.00822	0.00978	0.00632	0.00486	0.01978	0.00142	0.00625	0.00338	0.01644	0.00631
22	0.01209	0.01433	0.24359	0.01141	0.04460	0.06901	0.04456	0.08322	0.23004	0.10191	0.04016	0.03484	0.01102	0.00566	0.00477	0.00146	0.02042	0.01671	0.00353	0.00668
23	0.01657	0.00912	0.04645	0.00865	0.01195	0.00843	0.00727	0.04546	0.25893	0.48840	0.03738	0.01595	0.01247	0.00580	0.00458	0.00144	0.00389	0.00476	0.00509	0.00741
24	0.00807	0.17273	0.04851	0.05644	0.07586	0.02725	0.02174	0.00968	0.00951	0.01210	0.02926	0.31205	0.14331	0.00932	0.00487	0.00153	0.00392	0.04583	0.00329	0.00474
25	0.03265	0.07684	0.18313	0.06422	0.09765	0.05132	0.10555	0.06750	0.01054	0.05888	0.01137	0.06767	0.03618	0.00596	0.00544	0.03832	0.04011	0.00465	0.03617	0.00584
26	0.01165	0.07188	0.36284	0.09954	0.08141	0.01108	0.05104	0.12495	0.02424	0.09051	0.00981	0.02412	0.00725	0.00473	0.00438	0.00140	0.00582	0.00391	0.00276	0.00667
27	0.01193	0.03901	0.22625	0.01291	0.09911	0.07207	0.04818	0.08562	0.22045	0.05926	0.01175	0.02735	0.00901	0.00531	0.00504	0.00145	0.05115	0.00426	0.00318	0.00670
28	0.01099	0.05003	0.12313	0.09048	0.18606	0.12920	0.18586	0.01426	0.03639	0.01370	0.02879	0.01304	0.00847	0.00559	0.02877	0.00158	0.01821	0.03029	0.01915	0.00599
29	0.13254	0.23109	0.09481	0.03356	0.06809	0.09640	0.05506	0.02509	0.00999	0.06600	0.02708	0.05232	0.04399	0.04025	0.00473	0.00143	0.00507	0.00418	0.00273	0.00561

[dist]
# distance from previous block
# <min> <max>
1	15

[block]
# block no. 9 follows, 57 sequences, length 9
# corresponding to MSA columns:
# 1023-1031
name=unknown_J
#
# <colnr> <probs for GDERKNQSTAVLIFYWHMCP>
#	G	D	E	R	K	N	Q	S	T	A	V	L	I	F	Y	W	H	M	C	P
0	0.04696	0.01179	0.12951	0.00952	0.01328	0.01019	0.00871	0.27450	0.05899	0.28612	0.01400	0.01345	0.03610	0.00556	0.00481	0.00140	0.03410	0.00427	0.00429	0.03245
