[name]
unknown

[dist]
# distance from previous block
# <min> <max>
0	48

[block]
# block no. 0 follows, 49 sequences, length 26
# corresponding to MSA columns:
# 54-60,62-80
name=unknown_A
#
# <colnr> <probs for GDERKNQSTAVLIFYWHMCP>
#	G	D	E	R	K	N	Q	S	T	A	V	L	I	F	Y	W	H	M	C	P
0	0.06232	0.01024	0.06090	0.14705	0.02624	0.04635	0.00950	0.09338	0.07097	0.09227	0.03812	0.04963	0.04742	0.00920	0.02593	0.00196	0.00542	0.19287	0.00408	0.00616
1	0.01240	0.01354	0.07390	0.06491	0.50218	0.04680	0.12888	0.01645	0.06049	0.01637	0.01019	0.01286	0.00819	0.00470	0.00513	0.00155	0.00653	0.00469	0.00265	0.00758
2	0.00971	0.00910	0.01534	0.71507	0.09625	0.01111	0.01387	0.01299	0.01015	0.01317	0.00921	0.01365	0.00707	0.00627	0.03561	0.00192	0.00694	0.00453	0.00229	0.00577
3	0.00689	0.00536	0.00618	0.00620	0.00759	0.00485	0.00463	0.03539	0.01240	0.01603	0.24341	0.17754	0.39804	0.01247	0.00607	0.00176	0.00278	0.04291	0.00494	0.00455
4	0.01257	0.01374	0.13601	0.05979	0.31489	0.01227	0.01302	0.09698	0.22475	0.01908	0.01328	0.01540	0.01047	0.00569	0.00508	0.00161	0.00563	0.02847	0.00349	0.00776
5	0.00723	0.00552	0.01813	0.00695	0.02308	0.00494	0.00510	0.00899	0.01174	0.03005	0.27648	0.19712	0.22868	0.02759	0.06159	0.00223	0.00361	0.03201	0.04433	0.00463
6	0.01064	0.00975	0.01574	0.16469	0.42745	0.01013	0.01227	0.01406	0.05027	0.01665	0.15879	0.03900	0.03631	0.00632	0.00526	0.00158	0.00519	0.00585	0.00328	0.00677
7	0.00947	0.00745	0.01118	0.14220	0.01491	0.00771	0.06528	0.03318	0.01046	0.05746	0.02938	0.30383	0.03324	0.01166	0.05225	0.03473	0.06110	0.00825	0.00366	0.10259
8	0.01261	0.07548	0.03397	0.07133	0.40771	0.06415	0.03418	0.02909	0.06256	0.04500	0.06323	0.01520	0.02607	0.00642	0.03013	0.00171	0.00604	0.00487	0.00307	0.00719
9	0.01245	0.04508	0.07742	0.29626	0.10016	0.15634	0.05250	0.03504	0.09100	0.01516	0.01044	0.01292	0.00809	0.00525	0.00503	0.00155	0.01925	0.00436	0.04529	0.00642
10	0.01136	0.00896	0.01058	0.00760	0.01205	0.00679	0.00610	0.01359	0.01077	0.07223	0.00977	0.01097	0.00785	0.00393	0.00384	0.00081	0.00378	0.00315	0.00323	0.79266
11	0.01889	0.02410	0.01433	0.01303	0.01563	0.80199	0.00977	0.02019	0.01433	0.01238	0.00782	0.00912	0.00651	0.00521	0.00456	0.00130	0.00912	0.00326	0.00261	0.00586
12	0.01263	0.00888	0.01099	0.05645	0.01346	0.00725	0.00680	0.01485	0.01118	0.16119	0.01180	0.01266	0.02332	0.00456	0.00434	0.00100	0.01814	0.00365	0.00358	0.61327
13	0.00648	0.00490	0.00681	0.04484	0.00906	0.00468	0.02147	0.00761	0.00994	0.01309	0.02835	0.68782	0.08848	0.01482	0.00636	0.00201	0.00324	0.03125	0.00453	0.00426
14	0.00735	0.00490	0.00552	0.00552	0.00552	0.00490	0.00306	0.00735	0.00735	0.00980	0.01593	0.03309	0.01838	0.82229	0.02574	0.00490	0.00490	0.00735	0.00306	0.00306
15	0.01060	0.02104	0.52956	0.01587	0.08528	0.01159	0.10906	0.01655	0.07543	0.01674	0.05200	0.01333	0.00966	0.00518	0.00505	0.00161	0.00692	0.00453	0.00265	0.00734
16	0.06334	0.06385	0.06385	0.12332	0.26568	0.01200	0.07094	0.08498	0.07323	0.03764	0.02079	0.04511	0.02749	0.00567	0.00493	0.00157	0.00568	0.00504	0.01783	0.00706
17	0.00878	0.00439	0.00659	0.00659	0.00659	0.00439	0.00439	0.00659	0.00659	0.00878	0.00878	0.01537	0.00878	0.01757	0.01976	0.85288	0.00439	0.00439	0.00220	0.00220
18	0.00622	0.00454	0.00587	0.00690	0.00740	0.00420	0.00473	0.00720	0.00998	0.01309	0.03063	0.69614	0.12379	0.01540	0.00642	0.00202	0.00296	0.04367	0.00469	0.00415
19	0.01041	0.03771	0.31827	0.05584	0.08457	0.01062	0.08586	0.06729	0.04984	0.01648	0.01539	0.16211	0.04901	0.00732	0.00530	0.00168	0.00598	0.00647	0.00316	0.00667
20	0.01037	0.02208	0.58686	0.08897	0.06432	0.01204	0.05531	0.01543	0.01052	0.01549	0.00897	0.01121	0.00660	0.00508	0.00575	0.00165	0.06598	0.00401	0.00219	0.00716
21	0.00814	0.00442	0.00643	0.00668	0.00679	0.00434	0.00447	0.00679	0.00754	0.01009	0.03863	0.19812	0.01564	0.01694	0.01630	0.63229	0.00400	0.00681	0.00287	0.00271
22	0.00874	0.00782	0.01214	0.24101	0.09009	0.00875	0.04870	0.01088	0.01015	0.01370	0.01994	0.21100	0.12758	0.00983	0.02347	0.00193	0.09821	0.00785	0.04293	0.00527
23	0.01234	0.19469	0.30890	0.04919	0.06201	0.09045	0.06486	0.01585	0.01123	0.05100	0.03431	0.04048	0.00919	0.00545	0.00499	0.00150	0.02980	0.00433	0.00264	0.00680
24	0.01111	0.12617	0.47676	0.01488	0.08236	0.04433	0.05463	0.01549	0.01090	0.01528	0.02958	0.01296	0.00851	0.00537	0.00533	0.00157	0.04448	0.03086	0.00239	0.00703
25	0.02203	0.00983	0.02937	0.00943	0.01340	0.02769	0.00792	0.08574	0.01515	0.69545	0.01877	0.01645	0.01191	0.00619	0.00506	0.00156	0.00459	0.00497	0.00598	0.00851

[dist]
# distance from previous block
# <min> <max>
3	7

[block]
# block no. 1 follows, 49 sequences, length 52
# corresponding to MSA columns:
# 89-140
name=unknown_B
#
# <colnr> <probs for GDERKNQSTAVLIFYWHMCP>
#	G	D	E	R	K	N	Q	S	T	A	V	L	I	F	Y	W	H	M	C	P
0	0.01169	0.01517	0.21218	0.07373	0.06410	0.01171	0.31207	0.05997	0.01184	0.04386	0.02489	0.01369	0.00863	0.00708	0.05268	0.01214	0.03734	0.00505	0.01536	0.00682
1	0.03222	0.02247	0.03872	0.02922	0.08595	0.06179	0.00821	0.03894	0.04916	0.01442	0.01317	0.01723	0.04199	0.05419	0.28971	0.02579	0.06365	0.00492	0.01533	0.09290
2	0.01215	0.00974	0.01257	0.01320	0.13878	0.05601	0.04692	0.04805	0.08329	0.07322	0.01689	0.02235	0.05230	0.00751	0.00655	0.00167	0.10811	0.10850	0.17593	0.00625
3	0.00681	0.00477	0.00613	0.00664	0.00693	0.00480	0.00435	0.00751	0.00851	0.01151	0.02076	0.37629	0.02400	0.33092	0.15271	0.00421	0.00554	0.01010	0.00372	0.00378
4	0.03461	0.05130	0.03595	0.17888	0.09932	0.07038	0.05997	0.23613	0.03506	0.07408	0.01248	0.03141	0.02741	0.00578	0.00496	0.00155	0.00598	0.00481	0.02286	0.00710
5	0.01141	0.01537	0.21112	0.07970	0.33052	0.05848	0.07896	0.01516	0.02469	0.01565	0.02860	0.01559	0.03985	0.03302	0.00581	0.00169	0.00652	0.01816	0.00266	0.00702
6	0.02269	0.00861	0.01174	0.00900	0.01291	0.00743	0.00743	0.02464	0.01447	0.79425	0.01995	0.01721	0.01252	0.00626	0.00509	0.00156	0.00430	0.00509	0.00626	0.00861
7	0.00677	0.00458	0.00605	0.00702	0.00747	0.00425	0.00472	0.00767	0.00983	0.04034	0.02779	0.75094	0.04959	0.03818	0.00694	0.00211	0.00303	0.01377	0.00470	0.00424
8	0.01293	0.16226	0.28205	0.03190	0.12724	0.05576	0.07554	0.06095	0.03728	0.06317	0.02520	0.01256	0.02101	0.00512	0.00473	0.00149	0.00647	0.00424	0.00288	0.00724
9	0.01961	0.01323	0.01429	0.01109	0.01501	0.04053	0.00911	0.56374	0.05593	0.18411	0.01395	0.01336	0.00963	0.00611	0.00505	0.00153	0.00536	0.00467	0.00522	0.00848
10	0.00621	0.00445	0.00591	0.00705	0.00740	0.00415	0.00476	0.00713	0.00977	0.01298	0.02837	0.78270	0.05044	0.01573	0.00646	0.00205	0.00297	0.03265	0.00469	0.00412
11	0.01310	0.01264	0.06758	0.24444	0.36050	0.03544	0.01395	0.13109	0.01313	0.04508	0.01006	0.01268	0.00776	0.00500	0.00500	0.00156	0.00627	0.00444	0.00293	0.00735
12	0.01225	0.01132	0.01782	0.15732	0.50734	0.02564	0.01385	0.07496	0.02849	0.01699	0.01130	0.03330	0.00983	0.00562	0.00517	0.00160	0.00596	0.05101	0.00290	0.00733
13	0.00734	0.00531	0.00760	0.00760	0.00838	0.00604	0.00573	0.00892	0.00813	0.01180	0.01402	0.02170	0.01347	0.14775	0.65488	0.00735	0.01180	0.00566	0.04221	0.00432
14	0.01049	0.00899	0.01049	0.00749	0.01198	0.00674	0.00599	0.01273	0.01049	0.01648	0.00899	0.01049	0.00749	0.00374	0.00374	0.00075	0.00374	0.00300	0.00300	0.85320
15	0.00614	0.00447	0.00579	0.00685	0.00728	0.00412	0.00461	0.00706	0.00987	0.01298	0.03023	0.74131	0.10960	0.01554	0.00641	0.00202	0.00290	0.01400	0.00469	0.00412
16	0.01024	0.00874	0.01041	0.04571	0.01275	0.00711	0.00639	0.01321	0.05608	0.01665	0.04988	0.04096	0.01088	0.00475	0.00410	0.00094	0.00380	0.00394	0.00328	0.69018
17	0.00615	0.00443	0.00584	0.00697	0.00732	0.00411	0.00466	0.00705	0.00975	0.01293	0.02868	0.79217	0.05974	0.01574	0.00644	0.00204	0.00292	0.01425	0.00469	0.00411
18	0.01274	0.03892	0.19171	0.06373	0.20568	0.08302	0.11839	0.05406	0.01196	0.06442	0.01048	0.01295	0.00816	0.00843	0.09109	0.00225	0.00767	0.00451	0.00280	0.00704
19	0.01766	0.01373	0.01441	0.03098	0.01565	0.04263	0.00941	0.58117	0.17279	0.02860	0.01358	0.01340	0.00983	0.00617	0.00506	0.00155	0.00541	0.00474	0.00492	0.00831
20	0.79952	0.00970	0.00773	0.00681	0.01000	0.01107	0.00561	0.01555	0.00902	0.07671	0.00794	0.00884	0.00597	0.00480	0.00327	0.00156	0.00394	0.00290	0.00335	0.00570
21	0.01304	0.01048	0.01621	0.23576	0.33064	0.01126	0.01252	0.10178	0.01245	0.09679	0.01146	0.03331	0.00934	0.05177	0.00658	0.00179	0.02965	0.00496	0.00319	0.00704
22	0.01192	0.44575	0.39203	0.01139	0.01721	0.01608	0.01342	0.01556	0.01047	0.01385	0.00800	0.00933	0.00645	0.00455	0.00399	0.00133	0.00639	0.00319	0.00215	0.00696
23	0.00933	0.00470	0.00475	0.00478	0.00593	0.00470	0.00357	0.01165	0.01058	0.01869	0.01681	0.04122	0.01353	0.00617	0.00362	0.00120	0.00237	0.00498	0.82672	0.00470
24	0.03456	0.00780	0.01072	0.04516	0.11307	0.00726	0.02612	0.03030	0.01256	0.26613	0.04649	0.07290	0.26972	0.00887	0.00548	0.00166	0.00406	0.02598	0.00474	0.00640
25	0.00605	0.00511	0.00524	0.00524	0.00688	0.00429	0.00392	0.00738	0.01164	0.01402	0.09295	0.06711	0.72745	0.01274	0.00599	0.00171	0.00256	0.01068	0.00475	0.00429
26	0.00615	0.00443	0.00584	0.00698	0.00732	0.00411	0.00467	0.00705	0.00974	0.01293	0.02866	0.79288	0.05904	0.01574	0.00644	0.00204	0.00292	0.01425	0.00469	0.00411
27	0.01126	0.03132	0.19954	0.17815	0.25491	0.01216	0.20889	0.01528	0.01113	0.01552	0.00944	0.01248	0.00728	0.00462	0.00518	0.00160	0.00712	0.00466	0.00238	0.00708
28	0.50809	0.01116	0.01023	0.00904	0.01116	0.08107	0.00738	0.01436	0.00890	0.01850	0.00737	0.00962	0.00624	0.00672	0.02608	0.00187	0.23048	0.00337	0.02286	0.00548
29	0.00735	0.00490	0.00552	0.00552	0.00552	0.00490	0.00306	0.00735	0.00735	0.00980	0.01593	0.03309	0.01838	0.82229	0.02574	0.00490	0.00490	0.00735	0.00306	0.00306
30	0.62637	0.13276	0.02915	0.00793	0.01125	0.05811	0.01974	0.01518	0.00926	0.01993	0.00717	0.00848	0.00578	0.00478	0.00369	0.00150	0.02742	0.00289	0.00290	0.00572
31	0.05392	0.07679	0.04776	0.03636	0.22999	0.07677	0.01061	0.08824	0.14844	0.01804	0.01178	0.04208	0.00976	0.00556	0.00490	0.00145	0.02154	0.00454	0.00333	0.10813
32	0.03473	0.01270	0.01835	0.09134	0.43234	0.08544	0.07733	0.01771	0.12727	0.03645	0.01123	0.01334	0.00890	0.00500	0.00503	0.00155	0.00618	0.00466	0.00300	0.00745
33	0.00614	0.00449	0.00577	0.00680	0.00727	0.00413	0.00459	0.00707	0.00991	0.01300	0.03082	0.72162	0.12891	0.01546	0.00639	0.00201	0.00289	0.01391	0.00469	0.00413
34	0.00943	0.00471	0.00471	0.00471	0.00589	0.00471	0.00353	0.01178	0.01060	0.01885	0.01650	0.01885	0.01296	0.00589	0.00353	0.00118	0.00236	0.00471	0.85036	0.00471
35	0.01290	0.03767	0.10505	0.04203	0.07713	0.10359	0.14016	0.12772	0.03789	0.05400	0.03635	0.12725	0.04504	0.00726	0.00537	0.00164	0.00607	0.02263	0.00363	0.00663
36	0.00798	0.00604	0.00869	0.03848	0.08503	0.00610	0.00747	0.00973	0.01036	0.01378	0.02265	0.23156	0.02508	0.11829	0.05181	0.00280	0.00495	0.34046	0.00406	0.00467
37	0.00612	0.00457	0.00569	0.00659	0.00722	0.00415	0.00449	0.00709	0.01012	0.01309	0.03338	0.63736	0.21151	0.01513	0.00634	0.00197	0.00285	0.01350	0.00469	0.00415
38	0.01361	0.71514	0.07506	0.00924	0.01361	0.03602	0.00935	0.01550	0.01044	0.03349	0.00752	0.00862	0.00665	0.00454	0.00374	0.00116	0.02458	0.00289	0.00228	0.00657
39	0.03735	0.08890	0.14800	0.14650	0.29801	0.08688	0.02870	0.03482	0.01133	0.01538	0.00882	0.01145	0.00712	0.00497	0.00539	0.00154	0.05133	0.00407	0.00245	0.00698
40	0.01136	0.01379	0.16422	0.18499	0.46573	0.01155	0.01539	0.01495	0.01104	0.01578	0.00957	0.01259	0.00763	0.00472	0.00493	0.00155	0.00630	0.00437	0.03223	0.00731
41	0.00634	0.00454	0.00600	0.00708	0.00747	0.00425	0.00484	0.00733	0.00989	0.01316	0.04678	0.71436	0.04902	0.03828	0.00701	0.00213	0.00307	0.05964	0.00467	0.00413
42	0.01226	0.05581	0.17246	0.09326	0.13245	0.02946	0.20742	0.03775	0.05730	0.06560	0.03059	0.01472	0.03620	0.00539	0.00548	0.00161	0.02715	0.00504	0.00301	0.00703
43	0.01114	0.01560	0.28165	0.01697	0.19468	0.01070	0.09825	0.04163	0.03070	0.04902	0.06619	0.04198	0.07766	0.00636	0.00565	0.00163	0.03444	0.00560	0.00314	0.00700
44	0.00926	0.02264	0.03225	0.01066	0.01190	0.01000	0.06311	0.03658	0.00901	0.01305	0.02734	0.01727	0.01120	0.06561	0.40094	0.00515	0.24096	0.00523	0.00269	0.00515
45	0.02984	0.01413	0.07789	0.25018	0.17877	0.16359	0.09830	0.01548	0.02907	0.01455	0.01028	0.03702	0.00860	0.00636	0.02858	0.00178	0.00724	0.01933	0.00261	0.00638
46	0.04126	0.02502	0.08306	0.08522	0.08082	0.06057	0.02067	0.07431	0.11581	0.19895	0.05188	0.03588	0.03505	0.00657	0.00584	0.00163	0.06098	0.00523	0.00413	0.00714
47	0.05669	0.06207	0.08638	0.02302	0.13726	0.15440	0.08352	0.03358	0.06632	0.05250	0.03225	0.03208	0.04848	0.05817	0.00687	0.00177	0.04994	0.00506	0.00318	0.00646
48	0.05232	0.03379	0.08171	0.01345	0.06974	0.14350	0.12041	0.06810	0.02545	0.09147	0.03240	0.09468	0.05384	0.00720	0.00612	0.00165	0.06998	0.02422	0.00353	0.00644
49	0.06065	0.01165	0.09905	0.05413	0.08614	0.04508	0.07319	0.09361	0.03942	0.04936	0.07772	0.13179	0.06615	0.00747	0.00519	0.00158	0.00509	0.00650	0.00375	0.08246
50	0.07106	0.09268	0.10116	0.03399	0.08526	0.06561	0.04131	0.13195	0.04837	0.10359	0.02588	0.08329	0.04049	0.00651	0.00483	0.00152	0.00537	0.00534	0.02394	0.02785
51	0.01302	0.10897	0.06717	0.05792	0.10975	0.08606	0.04714	0.13091	0.05851	0.04501	0.03454	0.04755	0.06219	0.00741	0.02842	0.00170	0.00579	0.02300	0.04104	0.02390

[dist]
# distance from previous block
# <min> <max>
37	567

[block]
# block no. 2 follows, 49 sequences, length 33
# corresponding to MSA columns:
# 851-883
name=unknown_C
#
# <colnr> <probs for GDERKNQSTAVLIFYWHMCP>
#	G	D	E	R	K	N	Q	S	T	A	V	L	I	F	Y	W	H	M	C	P
0	0.05963	0.08710	0.04037	0.03135	0.08895	0.12268	0.06139	0.11068	0.01327	0.09705	0.04654	0.04014	0.05941	0.00626	0.00526	0.00148	0.03855	0.00500	0.02427	0.06064
1	0.03181	0.05319	0.09276	0.04308	0.11439	0.10607	0.06639	0.18476	0.02835	0.08509	0.01398	0.03607	0.05487	0.02588	0.00571	0.00162	0.02246	0.00504	0.02146	0.00702
2	0.02805	0.06464	0.12546	0.01352	0.11274	0.04869	0.05249	0.18664	0.06678	0.05265	0.03177	0.10738	0.05091	0.00697	0.00509	0.00157	0.00545	0.00589	0.00381	0.02949
3	0.08826	0.05223	0.12979	0.02779	0.03163	0.03820	0.08097	0.11329	0.09164	0.06843	0.05187	0.04593	0.05414	0.00653	0.00512	0.00156	0.01757	0.02516	0.00376	0.06613
4	0.02711	0.09751	0.10101	0.01198	0.06261	0.10598	0.04264	0.15665	0.05771	0.08587	0.03859	0.04690	0.01112	0.02205	0.01776	0.00160	0.00578	0.00476	0.02366	0.07870
5	0.04618	0.07360	0.09403	0.01108	0.06095	0.05392	0.05410	0.08554	0.09796	0.03983	0.08613	0.07768	0.09822	0.02467	0.00546	0.00160	0.00488	0.00617	0.02629	0.05172
6	0.01239	0.05396	0.14044	0.02381	0.07525	0.07936	0.06077	0.09187	0.10800	0.04593	0.02786	0.10040	0.01262	0.03153	0.04204	0.00202	0.05855	0.00572	0.02085	0.00663
7	0.01288	0.04662	0.20201	0.02688	0.01543	0.05667	0.04790	0.08873	0.10968	0.10167	0.03442	0.08391	0.01269	0.04061	0.00640	0.00174	0.04284	0.00552	0.03609	0.02733
8	0.01246	0.01293	0.13428	0.10950	0.01767	0.05292	0.08258	0.12149	0.08094	0.07668	0.07759	0.01842	0.04097	0.02433	0.06202	0.00214	0.02221	0.02327	0.00371	0.02390
9	0.03358	0.10281	0.12879	0.02790	0.08454	0.06601	0.10418	0.07197	0.09792	0.01702	0.05814	0.05337	0.04849	0.03785	0.00576	0.00165	0.00572	0.00543	0.00335	0.04553
10	0.03020	0.07706	0.19683	0.14100	0.09994	0.04801	0.02907	0.12313	0.01298	0.06796	0.02630	0.03078	0.04117	0.00567	0.00483	0.00151	0.00601	0.00464	0.00319	0.04971
11	0.03353	0.02866	0.07608	0.04447	0.08091	0.03698	0.11630	0.03290	0.07598	0.07177	0.09881	0.05931	0.04838	0.06404	0.02523	0.00200	0.02192	0.02604	0.03249	0.02422
12	0.00850	0.02992	0.00824	0.00821	0.05877	0.03931	0.00559	0.02140	0.01184	0.03185	0.27259	0.06158	0.20076	0.14182	0.02461	0.02262	0.00390	0.03939	0.00435	0.00473
13	0.01038	0.08311	0.13740	0.09241	0.04579	0.02889	0.00942	0.10524	0.03980	0.01633	0.04614	0.02294	0.19178	0.04097	0.09207	0.00239	0.00601	0.00604	0.01691	0.00597
14	0.00713	0.00517	0.00672	0.05898	0.00912	0.00515	0.00539	0.00827	0.00956	0.01263	0.02464	0.32203	0.09063	0.23214	0.02983	0.00293	0.00420	0.13718	0.02424	0.00406
15	0.03273	0.01568	0.20962	0.01366	0.09672	0.11739	0.04196	0.08456	0.05023	0.09139	0.03191	0.09016	0.01265	0.00679	0.00513	0.00160	0.00601	0.04784	0.00357	0.04040
16	0.04616	0.00928	0.01092	0.00850	0.02843	0.00797	0.00664	0.10249	0.01279	0.10769	0.08333	0.01395	0.01188	0.00497	0.00426	0.00106	0.00395	0.00401	0.00384	0.52787
17	0.29216	0.06277	0.01326	0.05788	0.03520	0.28962	0.04048	0.04278	0.03079	0.01692	0.00886	0.03299	0.00746	0.00606	0.02082	0.00162	0.02772	0.00377	0.00292	0.00592
18	0.02802	0.08977	0.02839	0.01172	0.04981	0.10479	0.02407	0.26939	0.18696	0.04636	0.02502	0.01649	0.02378	0.00642	0.00492	0.00154	0.00544	0.04436	0.02535	0.00740
19	0.00747	0.00496	0.00579	0.00578	0.00599	0.00505	0.00351	0.00789	0.00782	0.01086	0.03388	0.03075	0.01806	0.65965	0.11342	0.00495	0.00567	0.00700	0.05811	0.00338
20	0.01268	0.46531	0.17716	0.10048	0.01794	0.05972	0.04246	0.02936	0.01082	0.01341	0.00791	0.00964	0.00659	0.00468	0.00427	0.00132	0.02405	0.00334	0.00226	0.00658
21	0.00629	0.00507	0.00560	0.00560	0.00706	0.00438	0.00415	0.00782	0.01207	0.01527	0.23521	0.11107	0.53781	0.01244	0.00601	0.00171	0.00255	0.01060	0.00492	0.00438
22	0.00750	0.00674	0.00715	0.00775	0.05600	0.05675	0.00528	0.00901	0.01163	0.01438	0.13870	0.10044	0.46786	0.02901	0.05717	0.00215	0.00395	0.00950	0.00438	0.00465
23	0.00642	0.00581	0.05719	0.00752	0.00828	0.00460	0.00560	0.00762	0.00975	0.01311	0.02665	0.76649	0.03169	0.01513	0.00635	0.00202	0.00323	0.01368	0.00453	0.00433
24	0.00731	0.00478	0.00632	0.00708	0.00772	0.00448	0.00488	0.00832	0.00996	0.06355	0.02762	0.65894	0.07433	0.03532	0.05140	0.00241	0.00364	0.01289	0.00465	0.00441
25	0.00681	0.00516	0.00628	0.00600	0.00734	0.00462	0.00450	0.00887	0.01349	0.01832	0.57053	0.04099	0.26648	0.01107	0.00597	0.00163	0.00244	0.00960	0.00531	0.00462
26	0.01352	0.82533	0.02650	0.00865	0.01298	0.02001	0.00865	0.01514	0.01027	0.01190	0.00703	0.00811	0.00649	0.00433	0.00324	0.00108	0.00541	0.00270	0.00216	0.00649
27	0.01183	0.03080	0.03733	0.01304	0.13978	0.03218	0.00899	0.03754	0.43531	0.01938	0.08838	0.02054	0.06673	0.00696	0.00513	0.00162	0.00436	0.00590	0.02690	0.00729
28	0.06546	0.01312	0.02157	0.07570	0.08877	0.09673	0.39173	0.03470	0.01211	0.06563	0.01097	0.02529	0.00859	0.00509	0.00551	0.00162	0.01981	0.01719	0.03374	0.00664
29	0.01014	0.02616	0.79609	0.01441	0.02189	0.01174	0.01868	0.01601	0.01068	0.01601	0.00907	0.01068	0.00641	0.00480	0.00480	0.00160	0.00747	0.00374	0.00214	0.00747
30	0.01260	0.01065	0.01129	0.01008	0.01289	0.01218	0.00785	0.08049	0.66738	0.02152	0.04002	0.04078	0.03509	0.00727	0.00521	0.00171	0.00401	0.00607	0.00513	0.00777
31	0.07721	0.03268	0.03010	0.01187	0.10560	0.03250	0.00863	0.29347	0.06551	0.09057	0.01360	0.03522	0.01040	0.00598	0.00460	0.00147	0.00474	0.00473	0.16387	0.00726
32	0.79632	0.01018	0.00783	0.00695	0.01010	0.03626	0.00569	0.01544	0.00903	0.05475	0.00761	0.00862	0.00580	0.00478	0.00326	0.00156	0.00409	0.00285	0.00324	0.00562

[dist]
# distance from previous block
# <min> <max>
2	11

[block]
# block no. 3 follows, 49 sequences, length 9
# corresponding to MSA columns:
# 901-909
name=unknown_D
#
# <colnr> <probs for GDERKNQSTAVLIFYWHMCP>
#	G	D	E	R	K	N	Q	S	T	A	V	L	I	F	Y	W	H	M	C	P
0	0.03404	0.56346	0.05371	0.01200	0.08739	0.03480	0.05963	0.04964	0.01131	0.04128	0.00825	0.00951	0.00699	0.00453	0.00382	0.00123	0.00576	0.00331	0.00253	0.00682
1	0.01306	0.10991	0.09457	0.01144	0.05032	0.03290	0.10381	0.01579	0.01156	0.13699	0.03242	0.01318	0.02414	0.00481	0.00446	0.00121	0.00520	0.00412	0.00333	0.32677
2	0.01108	0.00800	0.00900	0.00837	0.01057	0.00839	0.00646	0.01813	0.34765	0.10944	0.04794	0.11791	0.17533	0.04141	0.00640	0.00190	0.00366	0.05694	0.00503	0.00639
3	0.00779	0.00642	0.00812	0.08980	0.01131	0.00674	0.00645	0.01097	0.10212	0.01532	0.14305	0.21280	0.23329	0.01150	0.00655	0.00184	0.04789	0.06856	0.00449	0.00499
4	0.08248	0.00977	0.01113	0.06857	0.02846	0.04604	0.00789	0.17481	0.06799	0.18988	0.06139	0.13229	0.03703	0.00868	0.02208	0.00180	0.00481	0.03344	0.00471	0.00675
5	0.06411	0.01553	0.30398	0.01520	0.11079	0.01021	0.13718	0.01444	0.01057	0.05099	0.01219	0.09398	0.01060	0.01041	0.11486	0.00255	0.00748	0.00549	0.00283	0.00661
6	0.00643	0.00455	0.00595	0.00697	0.00727	0.00431	0.00468	0.00728	0.00948	0.01262	0.02622	0.67060	0.03119	0.12292	0.00905	0.00245	0.00329	0.05624	0.00448	0.00400
7	0.01273	0.08541	0.13186	0.06772	0.15570	0.07427	0.06511	0.06933	0.21271	0.01787	0.04807	0.01453	0.01122	0.00559	0.00494	0.00155	0.00592	0.00477	0.00341	0.00728
8	0.05080	0.01409	0.12192	0.11988	0.20665	0.07820	0.10955	0.09273	0.01294	0.05361	0.06477	0.01414	0.01050	0.00533	0.00503	0.00155	0.00634	0.00476	0.02022	0.00698

[dist]
# distance from previous block
# <min> <max>
2	4

[block]
# block no. 4 follows, 49 sequences, length 21
# corresponding to MSA columns:
# 915-935
name=unknown_E
#
# <colnr> <probs for GDERKNQSTAVLIFYWHMCP>
#	G	D	E	R	K	N	Q	S	T	A	V	L	I	F	Y	W	H	M	C	P
0	0.00801	0.00611	0.02611	0.00780	0.04286	0.00530	0.00565	0.01018	0.01312	0.05220	0.51363	0.14981	0.09468	0.01057	0.00587	0.00164	0.00288	0.00934	0.00511	0.02914
1	0.01317	0.04917	0.05520	0.07479	0.16829	0.10896	0.04933	0.11815	0.03136	0.05735	0.01387	0.13478	0.02433	0.00682	0.00506	0.00153	0.00571	0.00588	0.02080	0.05545
2	0.00927	0.00725	0.00955	0.00871	0.00924	0.00874	0.00654	0.04354	0.00858	0.03264	0.01267	0.02215	0.01303	0.33171	0.22823	0.00478	0.23008	0.00585	0.00291	0.00452
3	0.01039	0.07837	0.72030	0.01400	0.02102	0.01241	0.01778	0.01583	0.01056	0.01562	0.00886	0.01052	0.00642	0.00490	0.00508	0.00159	0.03317	0.00369	0.00214	0.00735
4	0.00721	0.00535	0.00688	0.00656	0.00778	0.00514	0.00493	0.00969	0.03448	0.01834	0.58071	0.03584	0.10873	0.03608	0.10739	0.00252	0.00393	0.00867	0.00505	0.00474
5	0.00994	0.00950	0.01644	0.69962	0.09932	0.01139	0.05605	0.01332	0.01033	0.01341	0.00910	0.01341	0.00690	0.00496	0.00510	0.00167	0.00678	0.00458	0.00229	0.00589
6	0.03315	0.04046	0.01603	0.19644	0.11215	0.10174	0.01170	0.12889	0.01200	0.01610	0.00850	0.01157	0.00708	0.00638	0.00871	0.00175	0.27398	0.00424	0.00275	0.00638
7	0.00616	0.00440	0.00587	0.00704	0.00733	0.00411	0.00469	0.00704	0.00968	0.01291	0.02787	0.81899	0.03344	0.01584	0.00645	0.00205	0.00293	0.01438	0.00469	0.00411
8	0.01344	0.01324	0.03353	0.02281	0.46536	0.08326	0.01294	0.07754	0.12666	0.01785	0.01105	0.01294	0.00891	0.00521	0.00545	0.00152	0.04165	0.00450	0.00310	0.03903
9	0.00693	0.00514	0.00646	0.00617	0.00743	0.00467	0.00461	0.00908	0.01371	0.01895	0.64174	0.06165	0.17290	0.01091	0.00598	0.00162	0.00243	0.00955	0.00539	0.00467
10	0.81168	0.01002	0.00786	0.00693	0.01011	0.01158	0.00570	0.05678	0.00944	0.02319	0.00732	0.00843	0.00565	0.00477	0.00324	0.00156	0.00400	0.00284	0.00324	0.00565
11	0.01352	0.82533	0.02650	0.00865	0.01298	0.02001	0.00865	0.01514	0.01027	0.01190	0.00703	0.00811	0.00649	0.00433	0.00324	0.00108	0.00541	0.00270	0.00216	0.00649
12	0.00732	0.00502	0.00612	0.00612	0.00632	0.00523	0.00381	0.00774	0.00753	0.01025	0.01538	0.03005	0.01706	0.64193	0.20429	0.00564	0.00689	0.00691	0.00298	0.00340
13	0.01258	0.00756	0.00914	0.00829	0.01054	0.00755	0.00638	0.01785	0.23200	0.22564	0.13332	0.18995	0.08464	0.00966	0.00562	0.00174	0.00353	0.02211	0.00536	0.00654
14	0.00878	0.00439	0.00659	0.00659	0.00659	0.00439	0.00439	0.00659	0.00659	0.00878	0.00878	0.01537	0.00878	0.01757	0.01976	0.85288	0.00439	0.00439	0.00220	0.00220
15	0.00644	0.00529	0.00569	0.00564	0.00721	0.00464	0.00421	0.00835	0.03832	0.01514	0.18957	0.08552	0.58167	0.01229	0.00597	0.00170	0.00260	0.01040	0.00488	0.00448
16	0.01850	0.00754	0.00976	0.00789	0.01096	0.00677	0.00638	0.02085	0.03411	0.55117	0.01940	0.04735	0.01348	0.00654	0.00475	0.00149	0.00376	0.00535	0.21650	0.00745
17	0.01020	0.00984	0.01756	0.56059	0.11696	0.01124	0.13099	0.01361	0.01066	0.01416	0.02658	0.01408	0.00810	0.00501	0.00517	0.00165	0.00672	0.00483	0.02602	0.00603
18	0.01293	0.32575	0.03456	0.00945	0.01211	0.01477	0.00849	0.10547	0.01148	0.03521	0.00986	0.01179	0.00826	0.00600	0.00681	0.00145	0.19870	0.00383	0.17687	0.00622
19	0.04327	0.01104	0.03033	0.27151	0.28255	0.03208	0.08362	0.03322	0.02311	0.05336	0.02395	0.01410	0.00884	0.02786	0.00578	0.00168	0.01934	0.00474	0.02288	0.00671
20	0.01199	0.05295	0.10823	0.03253	0.07950	0.07827	0.04009	0.11207	0.13262	0.03158	0.09186	0.04268	0.12687	0.00816	0.02679	0.00176	0.00542	0.00611	0.00392	0.00661

[dist]
# distance from previous block
# <min> <max>
1	3

[block]
# block no. 5 follows, 49 sequences, length 38
# corresponding to MSA columns:
# 949-981,986-990
name=unknown_F
#
# <colnr> <probs for GDERKNQSTAVLIFYWHMCP>
#	G	D	E	R	K	N	Q	S	T	A	V	L	I	F	Y	W	H	M	C	P
0	0.01373	0.12883	0.08722	0.10666	0.11252	0.20730	0.06422	0.04657	0.01228	0.04950	0.03649	0.03238	0.02353	0.02872	0.00570	0.00158	0.02887	0.00458	0.00289	0.00643
1	0.01025	0.05277	0.77046	0.01422	0.02159	0.01202	0.01835	0.01599	0.01066	0.01588	0.00901	0.01059	0.00641	0.00479	0.00475	0.00158	0.00740	0.00370	0.00214	0.00744
2	0.00669	0.00460	0.00608	0.00707	0.00755	0.00426	0.00483	0.00769	0.01005	0.03478	0.05022	0.73151	0.05768	0.01528	0.00640	0.00202	0.00298	0.03128	0.00476	0.00427
3	0.00681	0.00512	0.00630	0.00607	0.00736	0.00461	0.00453	0.00884	0.01339	0.01824	0.56361	0.07524	0.23890	0.01122	0.00599	0.00164	0.00246	0.00977	0.00530	0.00461
4	0.00620	0.00450	0.00586	0.00694	0.00737	0.00416	0.00471	0.00715	0.00988	0.01303	0.02978	0.73562	0.09596	0.01554	0.00643	0.00203	0.00295	0.03306	0.00469	0.00413
5	0.01049	0.00899	0.01049	0.00749	0.01198	0.00674	0.00599	0.01273	0.01049	0.01648	0.00899	0.01049	0.00749	0.00374	0.00374	0.00075	0.00374	0.00300	0.00300	0.85320
6	0.00749	0.00575	0.00840	0.00825	0.00902	0.00682	0.00636	0.00910	0.00804	0.01160	0.01328	0.02039	0.01272	0.10231	0.68389	0.00746	0.06642	0.00552	0.00271	0.00446
7	0.00608	0.00513	0.00526	0.00523	0.00689	0.00431	0.00392	0.00745	0.01177	0.01423	0.11466	0.04773	0.72490	0.01259	0.00598	0.00170	0.00255	0.01054	0.00477	0.00431
8	0.00681	0.00516	0.00628	0.00600	0.00734	0.00463	0.00450	0.00888	0.01351	0.01836	0.57451	0.04093	0.26248	0.01105	0.00597	0.00162	0.00244	0.00959	0.00531	0.00463
9	0.01014	0.02616	0.79609	0.01441	0.02189	0.01174	0.01868	0.01601	0.01068	0.01601	0.00907	0.01068	0.00641	0.00480	0.00480	0.00160	0.00747	0.00374	0.00214	0.00747
10	0.00955	0.00899	0.01517	0.81013	0.03483	0.01123	0.01404	0.01292	0.01011	0.01292	0.00899	0.01348	0.00674	0.00506	0.00506	0.00169	0.00674	0.00449	0.00225	0.00562
11	0.01252	0.01201	0.02053	0.03104	0.79074	0.01201	0.01552	0.01552	0.01151	0.01652	0.00951	0.01252	0.00801	0.00451	0.00501	0.00150	0.00601	0.00451	0.00250	0.00801
12	0.00955	0.00899	0.01517	0.81013	0.03483	0.01123	0.01404	0.01292	0.01011	0.01292	0.00899	0.01348	0.00674	0.00506	0.00506	0.00169	0.00674	0.00449	0.00225	0.00562
13	0.00836	0.00585	0.00775	0.00857	0.02424	0.00570	0.00683	0.01055	0.03251	0.04914	0.04466	0.14720	0.13143	0.05953	0.02353	0.00239	0.00429	0.41810	0.00460	0.00477
14	0.01352	0.82533	0.02650	0.00865	0.01298	0.02001	0.00865	0.01514	0.01027	0.01190	0.00703	0.00811	0.00649	0.00433	0.00324	0.00108	0.00541	0.00270	0.00216	0.00649
15	0.01352	0.82533	0.02650	0.00865	0.01298	0.02001	0.00865	0.01514	0.01027	0.01190	0.00703	0.00811	0.00649	0.00433	0.00324	0.00108	0.00541	0.00270	0.00216	0.00649
16	0.00645	0.00452	0.00578	0.00667	0.00689	0.00430	0.00430	0.00712	0.00912	0.01216	0.02498	0.62900	0.02980	0.21079	0.01112	0.00274	0.00341	0.01268	0.00430	0.00386
17	0.26174	0.01081	0.01165	0.00921	0.01294	0.01133	0.00760	0.27344	0.01591	0.31634	0.01361	0.01292	0.00918	0.00575	0.00451	0.00155	0.00461	0.00423	0.00496	0.00770
18	0.05945	0.01162	0.01446	0.01326	0.11694	0.03460	0.03230	0.27777	0.01649	0.29055	0.01393	0.01384	0.00967	0.00590	0.00546	0.00156	0.04159	0.00465	0.02798	0.00799
19	0.01922	0.01416	0.01518	0.01163	0.01568	0.01568	0.00961	0.77388	0.02378	0.03187	0.01214	0.01214	0.00860	0.00607	0.00506	0.00152	0.00556	0.00455	0.00506	0.00860
20	0.00598	0.00512	0.00512	0.00512	0.00683	0.00427	0.00384	0.00726	0.01153	0.01366	0.05123	0.04866	0.78869	0.01281	0.00598	0.00171	0.00256	0.01067	0.00470	0.00427
21	0.01138	0.01065	0.01716	0.22493	0.45738	0.01137	0.01354	0.01568	0.09815	0.01623	0.04686	0.01546	0.02836	0.00537	0.00510	0.00158	0.00572	0.00499	0.00293	0.00717
22	0.01352	0.82533	0.02650	0.00865	0.01298	0.02001	0.00865	0.01514	0.01027	0.01190	0.00703	0.00811	0.00649	0.00433	0.00324	0.00108	0.00541	0.00270	0.00216	0.00649
23	0.80943	0.00988	0.00788	0.03097	0.01070	0.01146	0.00585	0.03565	0.00907	0.02265	0.00724	0.00848	0.00560	0.00474	0.00324	0.00157	0.00404	0.00284	0.00316	0.00557
24	0.00955	0.00899	0.01517	0.81013	0.03483	0.01123	0.01404	0.01292	0.01011	0.01292	0.00899	0.01348	0.00674	0.00506	0.00506	0.00169	0.00674	0.00449	0.00225	0.00562
25	0.00733	0.00500	0.00602	0.00602	0.00620	0.00518	0.00370	0.00768	0.00750	0.01018	0.01547	0.03052	0.01727	0.66980	0.17670	0.00553	0.00658	0.00698	0.00299	0.00335
26	0.01070	0.01055	0.01535	0.06228	0.03042	0.01430	0.03246	0.01213	0.00812	0.01238	0.00753	0.01206	0.00721	0.01087	0.08199	0.00265	0.65662	0.00456	0.00227	0.00554
27	0.01014	0.02616	0.79609	0.01441	0.02189	0.01174	0.01868	0.01601	0.01068	0.01601	0.00907	0.01068	0.00641	0.00480	0.00480	0.00160	0.00747	0.00374	0.00214	0.00747
28	0.01194	0.01364	0.02984	0.02131	0.02643	0.01279	0.77238	0.01620	0.01194	0.01620	0.01023	0.01364	0.00767	0.00426	0.00597	0.00171	0.00853	0.00597	0.00256	0.00682
29	0.01252	0.01201	0.02053	0.03104	0.79074	0.01201	0.01552	0.01552	0.01151	0.01652	0.00951	0.01252	0.00801	0.00451	0.00501	0.00150	0.00601	0.00451	0.00250	0.00801
30	0.00786	0.00582	0.00698	0.00665	0.00670	0.00645	0.00427	0.00806	0.00753	0.01027	0.01557	0.03027	0.03877	0.67844	0.02381	0.00441	0.12465	0.00701	0.00298	0.00346
31	0.00955	0.00899	0.01517	0.81013	0.03483	0.01123	0.01404	0.01292	0.01011	0.01292	0.00899	0.01348	0.00674	0.00506	0.00506	0.00169	0.00674	0.00449	0.00225	0.00562
32	0.00615	0.00442	0.00584	0.00698	0.00732	0.00411	0.00467	0.00705	0.00974	0.01293	0.02863	0.79399	0.05795	0.01574	0.00644	0.00204	0.00292	0.01426	0.00469	0.00411
33	0.01197	0.01160	0.01907	0.13884	0.58712	0.03113	0.03041	0.01488	0.01121	0.01563	0.01002	0.02900	0.00867	0.00518	0.00554	0.00158	0.03765	0.02058	0.00255	0.00735
34	0.01144	0.01217	0.02437	0.12494	0.17987	0.01213	0.45531	0.01505	0.01134	0.01552	0.01060	0.05081	0.00878	0.00514	0.00610	0.00170	0.03961	0.00581	0.00259	0.00673
35	0.01339	0.00866	0.00915	0.00772	0.01006	0.00928	0.00613	0.33107	0.01609	0.02405	0.01517	0.05153	0.01204	0.00641	0.00430	0.00136	0.00373	0.00507	0.45847	0.00632
36	0.75836	0.02984	0.00868	0.00793	0.04816	0.01138	0.00607	0.01481	0.00887	0.02185	0.00725	0.00852	0.00571	0.00463	0.00325	0.00151	0.00404	0.00284	0.00307	0.04323
37	0.00664	0.00504	0.00569	0.00587	0.00722	0.00438	0.00427	0.00796	0.01145	0.03690	0.12663	0.24613	0.48761	0.01313	0.00607	0.00178	0.00269	0.01130	0.00484	0.00441

[dist]
# distance from previous block
# <min> <max>
0	1

[block]
# block no. 6 follows, 49 sequences, length 12
# corresponding to MSA columns:
# 992-1003
name=unknown_G
#
# <colnr> <probs for GDERKNQSTAVLIFYWHMCP>
#	G	D	E	R	K	N	Q	S	T	A	V	L	I	F	Y	W	H	M	C	P
0	0.01705	0.02170	0.04915	0.05151	0.05818	0.61949	0.01078	0.01872	0.01325	0.01277	0.00792	0.00974	0.00661	0.00546	0.00566	0.00142	0.07854	0.00350	0.00253	0.00601
1	0.00769	0.00624	0.00897	0.06224	0.13147	0.00605	0.00691	0.00962	0.01179	0.01607	0.28477	0.28174	0.12471	0.01114	0.00591	0.00174	0.00343	0.00997	0.00449	0.00506
2	0.00679	0.00547	0.00609	0.00626	0.00778	0.00496	0.00486	0.00885	0.04560	0.01454	0.09320	0.07432	0.51629	0.04040	0.00681	0.00193	0.00308	0.14355	0.00471	0.00449
3	0.00723	0.00538	0.00795	0.00795	0.00880	0.00623	0.00610	0.00892	0.00808	0.01161	0.01370	0.02074	0.01302	0.09008	0.75061	0.00791	0.01297	0.00555	0.00273	0.00442
4	0.00642	0.00477	0.00606	0.00698	0.00770	0.00440	0.00504	0.00761	0.01037	0.01341	0.03268	0.53886	0.19384	0.01491	0.00643	0.00202	0.00312	0.12646	0.00469	0.00423
5	0.00671	0.00515	0.00614	0.00589	0.00728	0.00458	0.00442	0.00867	0.01325	0.01776	0.50800	0.04191	0.32936	0.01128	0.00597	0.00163	0.00245	0.00973	0.00524	0.00458
6	0.01014	0.02616	0.79609	0.01441	0.02189	0.01174	0.01868	0.01601	0.01068	0.01601	0.00907	0.01068	0.00641	0.00480	0.00480	0.00160	0.00747	0.00374	0.00214	0.00747
7	0.01508	0.17066	0.14531	0.03089	0.05823	0.25166	0.01122	0.16021	0.01422	0.01694	0.01061	0.01277	0.02887	0.00567	0.00483	0.00143	0.02233	0.02928	0.00301	0.00678
8	0.00829	0.00668	0.00914	0.00869	0.00952	0.00790	0.00675	0.04510	0.00933	0.01316	0.04085	0.10167	0.06791	0.07326	0.41853	0.00531	0.15329	0.00669	0.00318	0.00475
9	0.40320	0.23747	0.06846	0.00989	0.07769	0.01344	0.00816	0.03165	0.01000	0.01827	0.00949	0.01065	0.04002	0.00493	0.00363	0.00140	0.00472	0.00334	0.00284	0.04075
10	0.10080	0.07725	0.02970	0.04426	0.26909	0.12182	0.02403	0.12577	0.01277	0.01753	0.01030	0.01452	0.00906	0.09785	0.00703	0.00187	0.00605	0.02062	0.00302	0.00667
11	0.11136	0.08266	0.03282	0.04111	0.10148	0.39623	0.06063	0.04155	0.02999	0.01517	0.01001	0.01148	0.03407	0.00525	0.00454	0.00141	0.00728	0.00388	0.00280	0.00627

[dist]
# distance from previous block
# <min> <max>
0	4

[block]
# block no. 7 follows, 49 sequences, length 51
# corresponding to MSA columns:
# 1009-1047,1050-1061
name=unknown_H
#
# <colnr> <probs for GDERKNQSTAVLIFYWHMCP>
#	G	D	E	R	K	N	Q	S	T	A	V	L	I	F	Y	W	H	M	C	P
0	0.03204	0.00651	0.00780	0.00799	0.02190	0.02244	0.00569	0.02452	0.09499	0.01630	0.22639	0.32765	0.02983	0.05717	0.04467	0.00228	0.03667	0.00975	0.02046	0.00496
1	0.63937	0.00993	0.00846	0.00742	0.01050	0.01132	0.00604	0.08077	0.07817	0.04466	0.02311	0.02489	0.00821	0.00537	0.00364	0.00157	0.00399	0.00358	0.02299	0.00600
2	0.00640	0.00550	0.03797	0.00709	0.00799	0.00454	0.00527	0.00765	0.01023	0.01341	0.04469	0.59732	0.16891	0.01466	0.00632	0.00198	0.00312	0.04805	0.00460	0.00431
3	0.01098	0.00897	0.01054	0.00755	0.01202	0.00677	0.00605	0.01322	0.01065	0.04809	0.00943	0.01076	0.00769	0.00385	0.00380	0.00078	0.00377	0.00308	0.00313	0.81887
4	0.00756	0.00604	0.03005	0.01927	0.00898	0.00565	0.00589	0.00944	0.04146	0.03555	0.05452	0.41425	0.11072	0.06975	0.05773	0.00256	0.03127	0.08034	0.00436	0.00461
5	0.01350	0.08940	0.13997	0.01363	0.03579	0.03341	0.16925	0.15710	0.18065	0.03031	0.01230	0.01318	0.00925	0.00526	0.00494	0.00150	0.00606	0.00465	0.00356	0.07627
6	0.01599	0.01282	0.01318	0.01094	0.01427	0.05609	0.00875	0.36851	0.34321	0.04330	0.01572	0.01526	0.01164	0.00766	0.03747	0.00186	0.00539	0.00502	0.00490	0.00803
7	0.00619	0.00450	0.00584	0.00683	0.00730	0.00415	0.00462	0.00718	0.01007	0.01333	0.06596	0.71124	0.10354	0.01530	0.00639	0.00200	0.00287	0.01379	0.00474	0.00415
8	0.00877	0.00800	0.03435	0.04975	0.09718	0.00783	0.10052	0.01109	0.01049	0.01423	0.01919	0.19734	0.02036	0.02858	0.10448	0.00281	0.03946	0.23668	0.00363	0.00528
9	0.01194	0.01364	0.02984	0.02131	0.02643	0.01279	0.77238	0.01620	0.01194	0.01620	0.01023	0.01364	0.00767	0.00426	0.00597	0.00171	0.00853	0.00597	0.00256	0.00682
10	0.05226	0.00865	0.01158	0.00891	0.01280	0.00757	0.00736	0.02430	0.01427	0.76693	0.01949	0.01689	0.01227	0.00620	0.00502	0.00156	0.00429	0.00500	0.00615	0.00849
11	0.01428	0.00766	0.00952	0.00822	0.01064	0.00731	0.00639	0.14229	0.01433	0.28981	0.10572	0.22465	0.09780	0.01000	0.00595	0.02150	0.00379	0.00832	0.00534	0.00648
12	0.01275	0.00820	0.00953	0.00829	0.01084	0.00831	0.00654	0.07303	0.23453	0.18640	0.20176	0.02839	0.15531	0.00866	0.00550	0.00165	0.00358	0.02462	0.00539	0.00671
13	0.01889	0.02410	0.01433	0.01303	0.01563	0.80199	0.00977	0.02019	0.01433	0.01238	0.00782	0.00912	0.00651	0.00521	0.00456	0.00130	0.00912	0.00326	0.00261	0.00586
14	0.01340	0.01036	0.01109	0.00977	0.01264	0.01167	0.00766	0.07834	0.59911	0.07728	0.02034	0.01895	0.03215	0.00683	0.00504	0.00165	0.00398	0.00563	0.06635	0.00777
15	0.01046	0.00840	0.01316	0.16843	0.07456	0.02683	0.09897	0.02808	0.01116	0.08422	0.01808	0.24885	0.01833	0.01041	0.02940	0.00205	0.02821	0.11095	0.00377	0.00567
16	0.00663	0.00515	0.00603	0.00581	0.00723	0.00455	0.00436	0.00852	0.01307	0.01732	0.45835	0.04265	0.37928	0.01144	0.00597	0.00164	0.00246	0.00983	0.00518	0.00455
17	0.01110	0.01179	0.02266	0.04511	0.02116	0.02876	0.48674	0.01445	0.01144	0.01581	0.07053	0.01690	0.04603	0.00587	0.00719	0.00172	0.11617	0.00602	0.05435	0.00618
18	0.01439	0.58386	0.07618	0.00988	0.01414	0.11739	0.00954	0.07568	0.03308	0.01406	0.00804	0.00903	0.00690	0.00468	0.00371	0.00120	0.00599	0.00307	0.00253	0.00668
19	0.52543	0.02935	0.07222	0.02353	0.08571	0.10264	0.02178	0.01542	0.01000	0.01973	0.02485	0.01005	0.00712	0.00489	0.00376	0.00152	0.00507	0.00333	0.02766	0.00593
20	0.00721	0.00493	0.00558	0.00559	0.00578	0.00486	0.00327	0.00743	0.00794	0.01050	0.04018	0.05022	0.08098	0.70355	0.03832	0.00456	0.00477	0.00777	0.00329	0.00326
21	0.01289	0.01128	0.02968	0.03691	0.15735	0.02371	0.09293	0.12826	0.22866	0.04869	0.01791	0.03016	0.07733	0.00675	0.00549	0.00165	0.02089	0.02922	0.03301	0.00724
22	0.00707	0.00538	0.00653	0.00629	0.00763	0.00498	0.00469	0.00966	0.04942	0.01830	0.53103	0.08426	0.22383	0.01108	0.00596	0.00165	0.00254	0.00965	0.00529	0.00476
23	0.01184	0.01091	0.03257	0.09683	0.43564	0.01122	0.03596	0.01487	0.03291	0.05820	0.05095	0.01665	0.06491	0.00608	0.00647	0.00164	0.09700	0.00525	0.00302	0.00707
24	0.00825	0.00655	0.00902	0.13070	0.01226	0.00755	0.00682	0.02638	0.00902	0.01226	0.04103	0.02555	0.07629	0.26866	0.21449	0.02152	0.09240	0.02385	0.00303	0.00438
25	0.01306	0.01096	0.01155	0.01023	0.01314	0.01260	0.00800	0.09184	0.69106	0.02202	0.01971	0.01828	0.01476	0.00676	0.00509	0.00168	0.00409	0.00558	0.03161	0.00795
26	0.01415	0.24827	0.11368	0.08278	0.13668	0.15559	0.04085	0.08531	0.01266	0.03681	0.00971	0.01130	0.02131	0.00500	0.00446	0.00139	0.00658	0.00386	0.00274	0.00688
27	0.05446	0.10649	0.01557	0.01175	0.01505	0.40000	0.00937	0.27392	0.03429	0.01955	0.00945	0.01021	0.00737	0.00542	0.00454	0.00137	0.00718	0.00367	0.00347	0.00689
28	0.01014	0.00908	0.01191	0.01079	0.01153	0.04089	0.02974	0.03108	0.03491	0.03783	0.01586	0.27222	0.03161	0.01220	0.05221	0.00236	0.36909	0.00786	0.00341	0.00530
29	0.01193	0.01089	0.03579	0.16870	0.26742	0.02861	0.05191	0.08571	0.05484	0.04401	0.01290	0.05411	0.02719	0.03957	0.06367	0.00222	0.02523	0.00541	0.00315	0.00674
30	0.06873	0.24721	0.06813	0.14232	0.01744	0.02862	0.02772	0.03833	0.01018	0.05555	0.00830	0.01078	0.00692	0.00599	0.00777	0.00163	0.24172	0.00384	0.00258	0.00624
31	0.01723	0.01317	0.01405	0.01123	0.01492	0.01475	0.00913	0.54950	0.25140	0.02865	0.01468	0.01416	0.01065	0.00631	0.00508	0.00158	0.00510	0.00490	0.00508	0.00842
32	0.05922	0.00652	0.00834	0.00824	0.01013	0.00628	0.00687	0.01347	0.03029	0.17223	0.11775	0.06220	0.09562	0.01109	0.00605	0.00194	0.00398	0.35410	0.02014	0.00554
33	0.02531	0.00906	0.04224	0.24003	0.04874	0.00925	0.08873	0.06841	0.01115	0.04177	0.01536	0.19773	0.01524	0.08398	0.00775	0.00207	0.03076	0.03540	0.02143	0.00559
34	0.00741	0.00559	0.00795	0.00788	0.00853	0.00647	0.00590	0.00880	0.00803	0.01146	0.01428	0.05937	0.01435	0.18145	0.57614	0.00691	0.05621	0.00614	0.00284	0.00428
35	0.00625	0.00447	0.00597	0.00715	0.00748	0.00419	0.00486	0.00720	0.00977	0.01301	0.02782	0.78320	0.03324	0.01575	0.00648	0.00207	0.00301	0.04924	0.00469	0.00413
36	0.01889	0.01163	0.01469	0.01135	0.01519	0.05774	0.09817	0.22605	0.06806	0.36439	0.03418	0.01614	0.02691	0.00617	0.00519	0.00157	0.00533	0.00518	0.00516	0.00802
37	0.11471	0.03538	0.01079	0.04130	0.04366	0.06208	0.00757	0.16857	0.07527	0.01995	0.08229	0.06040	0.06049	0.03120	0.01597	0.00181	0.00471	0.09123	0.06656	0.00606
38	0.00736	0.00505	0.00669	0.00744	0.00819	0.00481	0.00555	0.00877	0.01073	0.03606	0.11188	0.41551	0.05648	0.08033	0.00807	0.00228	0.00352	0.21221	0.00469	0.00438
39	0.01346	0.01130	0.01193	0.01047	0.01349	0.01299	0.00822	0.12645	0.68058	0.02258	0.01946	0.01797	0.01452	0.00676	0.00513	0.00169	0.00421	0.00556	0.00513	0.00808
40	0.04615	0.06694	0.01808	0.13402	0.33769	0.06506	0.08425	0.04450	0.01183	0.03134	0.01261	0.04187	0.04585	0.00580	0.00505	0.00157	0.00608	0.03163	0.00291	0.00682
41	0.00889	0.00744	0.00940	0.10189	0.09104	0.01964	0.00715	0.01202	0.10560	0.03082	0.03776	0.07083	0.26773	0.14747	0.00929	0.00227	0.02306	0.03856	0.00392	0.00522
