[name]
unknown

[dist]
# distance from previous block
# <min> <max>
8	20

[block]
# block no. 0 follows, 53 sequences, length 16
# corresponding to MSA columns:
# 63-78
name=unknown_A
#
# <colnr> <probs for GDERKNQSTAVLIFYWHMCP>
#	G	D	E	R	K	N	Q	S	T	A	V	L	I	F	Y	W	H	M	C	P
0	0.06749	0.00952	0.01305	0.01030	0.01328	0.04753	0.14033	0.06373	0.03022	0.16355	0.10926	0.05526	0.01420	0.00802	0.05605	0.00182	0.05155	0.00529	0.00381	0.13573
1	0.01070	0.01125	0.01887	0.01420	0.01763	0.06046	0.36906	0.01341	0.01030	0.01426	0.01015	0.07195	0.00898	0.00651	0.03592	0.00169	0.11366	0.00521	0.00263	0.20318
2	0.00988	0.00789	0.01025	0.00894	0.01035	0.00884	0.00707	0.05454	0.00954	0.05847	0.01395	0.14681	0.03318	0.08179	0.06939	0.00236	0.26446	0.03578	0.00323	0.16328
3	0.18801	0.00932	0.01094	0.00813	0.01213	0.00830	0.06151	0.06901	0.01055	0.01783	0.00841	0.00979	0.00677	0.00392	0.00366	0.00099	0.00402	0.00309	0.00297	0.56064
4	0.12477	0.13770	0.03706	0.01011	0.01365	0.13354	0.06294	0.20312	0.01406	0.11972	0.05953	0.01212	0.00978	0.00524	0.00428	0.00134	0.00539	0.00399	0.00364	0.03802
5	0.02463	0.34106	0.27710	0.01084	0.01548	0.06445	0.03309	0.08268	0.01120	0.01461	0.00904	0.03514	0.00778	0.00516	0.00434	0.00135	0.02405	0.02910	0.00248	0.00643
6	0.00635	0.00446	0.00540	0.00585	0.00617	0.00426	0.00371	0.00695	0.00862	0.01144	0.07175	0.37323	0.08855	0.36536	0.01386	0.00304	0.00351	0.01014	0.00383	0.00351
7	0.00669	0.00472	0.00538	0.00537	0.00578	0.00462	0.00334	0.00713	0.00799	0.01046	0.04983	0.03322	0.16555	0.58437	0.08258	0.00419	0.00478	0.00746	0.00325	0.00328
8	0.01915	0.00775	0.01039	0.00808	0.01151	0.00667	0.00662	0.02100	0.01337	0.67899	0.07067	0.01896	0.05841	0.00642	0.00486	0.00146	0.00384	0.00528	0.00567	0.04091
9	0.00582	0.00416	0.00555	0.00666	0.00693	0.00388	0.00444	0.00666	0.00915	0.01220	0.02634	0.82891	0.03161	0.01497	0.00610	0.00194	0.00277	0.01359	0.00444	0.00388
10	0.86579	0.00924	0.00702	0.00629	0.00924	0.01072	0.00518	0.01405	0.00813	0.02144	0.00666	0.00776	0.00518	0.00444	0.00296	0.00148	0.00370	0.00259	0.00296	0.00518
11	0.03845	0.01174	0.01405	0.01313	0.13488	0.01250	0.00934	0.44491	0.08156	0.17076	0.01299	0.01284	0.00918	0.00557	0.00474	0.00146	0.00494	0.00444	0.00458	0.00792
12	0.01252	0.01234	0.01791	0.02553	0.64285	0.09550	0.01334	0.05215	0.01185	0.01608	0.04720	0.01263	0.00926	0.00467	0.00473	0.00140	0.00580	0.00435	0.00263	0.00724
13	0.14870	0.05131	0.01420	0.01039	0.01406	0.04188	0.11157	0.26516	0.02773	0.11402	0.04884	0.01245	0.00958	0.00517	0.00441	0.00136	0.00500	0.00420	0.00389	0.10607
14	0.07458	0.01116	0.05038	0.08821	0.01497	0.01144	0.00863	0.32315	0.13070	0.08126	0.02956	0.01355	0.00993	0.00728	0.05050	0.00179	0.00523	0.00439	0.02269	0.06060
15	0.07413	0.05011	0.01353	0.34577	0.05916	0.05910	0.01021	0.15178	0.04809	0.05531	0.07743	0.01398	0.01058	0.00543	0.00461	0.00149	0.00544	0.00444	0.00326	0.00614

[dist]
# distance from previous block
# <min> <max>
9	44

[block]
# block no. 1 follows, 53 sequences, length 10
# corresponding to MSA columns:
# 167-176
name=unknown_B
#
# <colnr> <probs for GDERKNQSTAVLIFYWHMCP>
#	G	D	E	R	K	N	Q	S	T	A	V	L	I	F	Y	W	H	M	C	P
0	0.08294	0.00875	0.01259	0.01008	0.01296	0.02281	0.15502	0.08611	0.01174	0.12015	0.07085	0.11849	0.03570	0.01006	0.09243	0.00215	0.00554	0.02182	0.00377	0.11604
1	0.01051	0.00969	0.00904	0.00803	0.01051	0.15041	0.00637	0.04762	0.03069	0.03723	0.08402	0.02782	0.18634	0.00810	0.00497	0.00140	0.00435	0.14098	0.00381	0.21808
2	0.01237	0.00866	0.01026	0.00773	0.01151	0.00731	0.00619	0.09178	0.03439	0.14508	0.03610	0.05130	0.01052	0.00497	0.00410	0.00102	0.00373	0.00407	0.00374	0.54519
3	0.01647	0.01224	0.01637	0.01239	0.01624	0.07064	0.19384	0.30964	0.01611	0.20098	0.01274	0.03775	0.00929	0.00549	0.00494	0.00145	0.00575	0.00486	0.00420	0.04863
4	0.11335	0.01111	0.01793	0.02660	0.70794	0.01128	0.01354	0.01460	0.01056	0.01631	0.00871	0.01135	0.00729	0.00428	0.00452	0.00143	0.00544	0.00406	0.00244	0.00729
5	0.01239	0.01038	0.01737	0.19038	0.54930	0.01069	0.01347	0.01519	0.01094	0.10882	0.01006	0.01255	0.00783	0.00456	0.00475	0.00146	0.00563	0.00432	0.00274	0.00717
6	0.01220	0.00836	0.01122	0.01071	0.10513	0.00773	0.03686	0.09359	0.02789	0.16101	0.03976	0.08175	0.05725	0.07020	0.00630	0.00162	0.00422	0.05017	0.00395	0.21008
7	0.01125	0.01077	0.01835	0.19286	0.64321	0.01120	0.01438	0.01416	0.01061	0.01491	0.00889	0.01202	0.00732	0.00437	0.00474	0.00146	0.00582	0.00426	0.00232	0.00710
8	0.08850	0.00587	0.00667	0.00678	0.00800	0.00602	0.00497	0.01050	0.11722	0.01551	0.16832	0.35373	0.14762	0.01126	0.00571	0.00173	0.02271	0.00975	0.00445	0.00468
9	0.14134	0.01072	0.01131	0.10593	0.03166	0.10644	0.00816	0.12964	0.05809	0.21158	0.05080	0.01655	0.01170	0.00609	0.00461	0.00150	0.00496	0.06106	0.00410	0.02375

[dist]
# distance from previous block
# <min> <max>
0	36

[block]
# block no. 2 follows, 53 sequences, length 9
# corresponding to MSA columns:
# 214-222
name=unknown_C
#
# <colnr> <probs for GDERKNQSTAVLIFYWHMCP>
#	G	D	E	R	K	N	Q	S	T	A	V	L	I	F	Y	W	H	M	C	P
0	0.03645	0.01155	0.01236	0.00984	0.01311	0.03664	0.00798	0.43946	0.09448	0.04772	0.03390	0.02912	0.01062	0.02600	0.00554	0.00148	0.03612	0.02081	0.00429	0.12252
1	0.14051	0.01110	0.06534	0.00914	0.01244	0.05732	0.04687	0.16953	0.03707	0.05687	0.08824	0.01661	0.08621	0.00673	0.02285	0.00151	0.02250	0.00479	0.00372	0.14067
2	0.01605	0.00982	0.01163	0.00996	0.03651	0.04377	0.00775	0.19600	0.06743	0.30623	0.05645	0.07124	0.01340	0.00762	0.02642	0.00170	0.07918	0.00539	0.02643	0.00703
3	0.07120	0.10726	0.58325	0.01203	0.01799	0.01190	0.01462	0.06737	0.01064	0.01597	0.00868	0.01058	0.00658	0.03630	0.00505	0.00157	0.00640	0.00355	0.00231	0.00674
4	0.01476	0.00876	0.01166	0.00930	0.01239	0.00852	0.06001	0.10995	0.09629	0.30743	0.05160	0.06205	0.03765	0.00842	0.05708	0.00186	0.02826	0.00547	0.00460	0.10393
5	0.00806	0.00427	0.00625	0.00619	0.00637	0.00421	0.00421	0.00667	0.00738	0.01001	0.13278	0.01786	0.01409	0.01553	0.01663	0.72576	0.00385	0.00486	0.00258	0.00246
6	0.06818	0.09353	0.61333	0.01236	0.01854	0.01196	0.01515	0.05006	0.04564	0.01611	0.00890	0.01013	0.00648	0.00464	0.00433	0.00147	0.00644	0.00350	0.00234	0.00693
7	0.18139	0.03027	0.06847	0.01122	0.01459	0.03197	0.19676	0.07425	0.05943	0.08981	0.08641	0.08919	0.01390	0.00639	0.00481	0.00156	0.00512	0.02473	0.00364	0.00609
8	0.00853	0.00588	0.00725	0.00724	0.00855	0.00591	0.00551	0.01195	0.13389	0.06925	0.17209	0.19810	0.07936	0.07465	0.04180	0.00223	0.00372	0.13223	0.02692	0.00492

[dist]
# distance from previous block
# <min> <max>
0	1

[block]
# block no. 3 follows, 53 sequences, length 6
# corresponding to MSA columns:
# 224-229
name=unknown_D
#
# <colnr> <probs for GDERKNQSTAVLIFYWHMCP>
#	G	D	E	R	K	N	Q	S	T	A	V	L	I	F	Y	W	H	M	C	P
0	0.01830	0.00926	0.01090	0.00869	0.01192	0.05083	0.00704	0.12878	0.05114	0.50298	0.09748	0.01733	0.01458	0.00625	0.00480	0.00145	0.00420	0.00505	0.04157	0.00744
1	0.00777	0.00598	0.00747	0.00698	0.00870	0.00564	0.04087	0.01079	0.10327	0.05387	0.17055	0.12906	0.35968	0.01076	0.00563	0.00166	0.00306	0.05880	0.00461	0.00485
2	0.01151	0.51186	0.33694	0.01035	0.01562	0.01580	0.01196	0.01464	0.00986	0.01280	0.00742	0.00863	0.00610	0.00427	0.00365	0.00122	0.00589	0.00294	0.00203	0.00650
3	0.00949	0.00601	0.00645	0.00594	0.00751	0.00619	0.00456	0.08764	0.08943	0.01919	0.16857	0.02239	0.06730	0.00689	0.00422	0.00130	0.00269	0.00569	0.47343	0.00511
4	0.01154	0.52014	0.32894	0.01029	0.01554	0.01588	0.01186	0.01463	0.00986	0.01276	0.00740	0.00861	0.00610	0.00426	0.00364	0.00121	0.00587	0.00293	0.00203	0.00650
5	0.01250	0.01043	0.01068	0.00850	0.01191	0.09050	0.00675	0.15327	0.06668	0.06125	0.04362	0.04674	0.03534	0.00563	0.00433	0.00115	0.00432	0.02530	0.00370	0.39738

[dist]
# distance from previous block
# <min> <max>
0	1

[block]
# block no. 4 follows, 53 sequences, length 15
# corresponding to MSA columns:
# 231-245
name=unknown_E
#
# <colnr> <probs for GDERKNQSTAVLIFYWHMCP>
#	G	D	E	R	K	N	Q	S	T	A	V	L	I	F	Y	W	H	M	C	P
0	0.05138	0.04416	0.02891	0.00798	0.01069	0.04654	0.00653	0.13001	0.08308	0.16852	0.15424	0.03664	0.04896	0.02206	0.00497	0.00146	0.00391	0.00546	0.09494	0.04955
1	0.01224	0.47554	0.24551	0.01049	0.01524	0.08607	0.03258	0.01547	0.04352	0.01287	0.00789	0.00902	0.00650	0.00439	0.00374	0.00122	0.00600	0.00309	0.00220	0.00642
2	0.00611	0.00445	0.00549	0.00615	0.00670	0.00414	0.00418	0.00699	0.00936	0.01222	0.06125	0.48339	0.16866	0.15285	0.00912	0.00233	0.00308	0.04553	0.00421	0.00379
3	0.00713	0.00509	0.00614	0.00594	0.00706	0.00474	0.00433	0.00903	0.03456	0.03748	0.39605	0.06076	0.20018	0.15658	0.00897	0.00213	0.00292	0.04202	0.00461	0.00429
4	0.01131	0.01684	0.36209	0.01169	0.03519	0.04398	0.03053	0.05273	0.07123	0.05404	0.00993	0.01106	0.00743	0.00469	0.00476	0.00132	0.03595	0.00367	0.00281	0.22873
5	0.03224	0.03131	0.03846	0.00956	0.01218	0.13841	0.00784	0.16730	0.13268	0.10267	0.04631	0.09801	0.05188	0.00783	0.00518	0.00158	0.01594	0.09010	0.00423	0.00629
6	0.00710	0.00507	0.00622	0.00590	0.00725	0.00460	0.00443	0.00922	0.02728	0.04752	0.52836	0.06966	0.23883	0.01038	0.00561	0.00155	0.00242	0.00901	0.00503	0.00456
7	0.04651	0.00735	0.04154	0.00816	0.00957	0.04389	0.02155	0.05577	0.02746	0.01462	0.05831	0.37556	0.04554	0.01386	0.07694	0.00235	0.00467	0.13764	0.00403	0.00469
8	0.04262	0.10602	0.23839	0.01207	0.04300	0.09620	0.07335	0.04054	0.09974	0.15012	0.01151	0.01220	0.00844	0.00624	0.03747	0.00169	0.00623	0.00406	0.00323	0.00686
9	0.01781	0.00948	0.01213	0.00951	0.01283	0.06552	0.07851	0.07984	0.01359	0.49304	0.01799	0.04293	0.04835	0.00622	0.00482	0.00146	0.00460	0.00523	0.06898	0.00719
10	0.02623	0.00828	0.00764	0.00717	0.00896	0.12369	0.00542	0.03874	0.04492	0.09239	0.07625	0.15200	0.27380	0.01051	0.03505	0.00177	0.00408	0.00783	0.07024	0.00502
11	0.01238	0.22199	0.28229	0.01336	0.04139	0.07692	0.14674	0.05006	0.01110	0.05186	0.00872	0.01028	0.00671	0.00465	0.00486	0.00140	0.04243	0.00376	0.00245	0.00664
12	0.04171	0.01494	0.01663	0.03273	0.01694	0.31252	0.24831	0.03687	0.04204	0.07096	0.01275	0.07603	0.04407	0.00587	0.00496	0.00148	0.00691	0.00525	0.00310	0.00594
13	0.17995	0.22944	0.06776	0.01066	0.01382	0.13514	0.11454	0.01423	0.00985	0.01411	0.00854	0.04847	0.00778	0.04025	0.00596	0.00156	0.08583	0.00399	0.00249	0.00563
14	0.01340	0.33741	0.19418	0.01207	0.04267	0.20518	0.06634	0.05225	0.01146	0.01354	0.00777	0.00912	0.00635	0.00447	0.00401	0.00126	0.00661	0.00326	0.00231	0.00636

[dist]
# distance from previous block
# <min> <max>
0	1

[block]
# block no. 5 follows, 53 sequences, length 15
# corresponding to MSA columns:
# 251-265
name=unknown_F
#
# <colnr> <probs for GDERKNQSTAVLIFYWHMCP>
#	G	D	E	R	K	N	Q	S	T	A	V	L	I	F	Y	W	H	M	C	P
0	0.01141	0.55915	0.22827	0.00949	0.01406	0.01571	0.01037	0.01394	0.00977	0.01234	0.00866	0.07128	0.00807	0.00504	0.00369	0.00122	0.00544	0.00366	0.00222	0.00620
1	0.01219	0.01171	0.01762	0.08060	0.52815	0.05689	0.04404	0.05886	0.09047	0.01628	0.01018	0.01251	0.00824	0.00542	0.02494	0.00161	0.00595	0.00439	0.00275	0.00720
2	0.01182	0.00642	0.02227	0.00716	0.00919	0.00561	0.00567	0.03046	0.01252	0.28023	0.26870	0.14674	0.08830	0.03296	0.00593	0.00168	0.00326	0.03830	0.01711	0.00567
3	0.06621	0.00517	0.00612	0.00593	0.00725	0.00482	0.00442	0.00898	0.01204	0.03796	0.46424	0.13575	0.20270	0.01046	0.00549	0.00158	0.00250	0.00906	0.00484	0.00447
4	0.53149	0.00954	0.00993	0.18222	0.04099	0.01100	0.00771	0.09477	0.01025	0.05176	0.00812	0.00970	0.00609	0.00470	0.00367	0.00150	0.00451	0.00327	0.00307	0.00571
5	0.00626	0.00476	0.00649	0.00685	0.00760	0.00459	0.02596	0.00744	0.00937	0.01244	0.06528	0.44792	0.14768	0.06196	0.14382	0.00298	0.00467	0.02588	0.00402	0.00403
6	0.00600	0.00466	0.00546	0.00567	0.00678	0.00412	0.00410	0.00740	0.01113	0.01443	0.24866	0.26249	0.37744	0.01227	0.00577	0.00168	0.00247	0.01067	0.00466	0.00412
7	0.00841	0.00482	0.00515	0.00528	0.00627	0.00488	0.00380	0.01100	0.06426	0.01630	0.01776	0.16501	0.01630	0.07071	0.00555	0.00157	0.00262	0.00636	0.57950	0.00445
8	0.76969	0.00951	0.00773	0.00672	0.00978	0.01089	0.00554	0.07234	0.00942	0.05228	0.00749	0.00837	0.00565	0.00459	0.00317	0.00148	0.00383	0.00280	0.00321	0.00551
9	0.03632	0.00789	0.00998	0.00804	0.01100	0.00738	0.00649	0.11572	0.01417	0.47860	0.13556	0.06201	0.01731	0.00690	0.00486	0.00148	0.00375	0.00572	0.05977	0.00706
10	0.00634	0.00488	0.00529	0.00523	0.00664	0.00422	0.00383	0.00759	0.01090	0.03553	0.14054	0.08982	0.57463	0.07469	0.00708	0.00185	0.00264	0.00972	0.00447	0.00411
11	0.01107	0.01058	0.01803	0.24352	0.59396	0.01116	0.01429	0.01400	0.01052	0.01469	0.00886	0.01208	0.00725	0.00440	0.00474	0.00147	0.00587	0.00426	0.00230	0.00696
12	0.01197	0.00997	0.01054	0.00934	0.01141	0.11270	0.03589	0.07686	0.16772	0.10492	0.04317	0.16349	0.11962	0.00870	0.00610	0.00164	0.07385	0.02199	0.00421	0.00591
13	0.00647	0.00482	0.00612	0.00695	0.00763	0.00465	0.00497	0.00841	0.06388	0.01323	0.04748	0.59558	0.09530	0.01380	0.00602	0.00191	0.00299	0.10108	0.00448	0.00423
14	0.01084	0.00984	0.01496	0.12323	0.38493	0.01056	0.01155	0.06873	0.06541	0.01581	0.01512	0.01915	0.09467	0.00643	0.00583	0.00159	0.06786	0.06394	0.00304	0.00651

[dist]
# distance from previous block
# <min> <max>
6	15

[block]
# block no. 6 follows, 53 sequences, length 35
# corresponding to MSA columns:
# 283-317
name=unknown_G
#
# <colnr> <probs for GDERKNQSTAVLIFYWHMCP>
#	G	D	E	R	K	N	Q	S	T	A	V	L	I	F	Y	W	H	M	C	P
0	0.00720	0.06291	0.00730	0.00607	0.00746	0.00541	0.00468	0.00897	0.01188	0.03242	0.40025	0.14054	0.21430	0.01051	0.00547	0.00156	0.00267	0.03484	0.03105	0.00450
1	0.03138	0.00582	0.00749	0.00725	0.00870	0.00552	0.02138	0.02557	0.05650	0.14354	0.12549	0.41090	0.10142	0.01137	0.00560	0.00173	0.00314	0.01741	0.00473	0.00505
2	0.00782	0.00559	0.00717	0.00705	0.00816	0.00608	0.00540	0.04571	0.04945	0.01377	0.03495	0.05913	0.07565	0.08002	0.41341	0.00484	0.00807	0.03771	0.12549	0.00452
3	0.00906	0.00766	0.02719	0.00858	0.01004	0.05106	0.02699	0.08254	0.07591	0.01491	0.03918	0.27276	0.03723	0.02564	0.05392	0.06231	0.00471	0.18148	0.00400	0.00483
4	0.26118	0.01157	0.01146	0.00918	0.01254	0.04144	0.00752	0.42059	0.01669	0.10006	0.05471	0.01212	0.00963	0.00558	0.00429	0.00145	0.00465	0.00406	0.00431	0.00698
5	0.00596	0.00432	0.00556	0.00648	0.00693	0.00402	0.00442	0.00685	0.00930	0.01221	0.02804	0.66287	0.11330	0.06026	0.00710	0.00207	0.00292	0.04917	0.00435	0.00387
6	0.00718	0.00502	0.00625	0.00672	0.00748	0.00480	0.00473	0.05217	0.01026	0.03424	0.05391	0.52431	0.10869	0.09602	0.00780	0.00214	0.00318	0.05652	0.00437	0.00421
7	0.00652	0.00486	0.00687	0.00713	0.00787	0.00529	0.00531	0.00791	0.00822	0.01140	0.01855	0.20985	0.07191	0.06548	0.53292	0.00578	0.00937	0.00752	0.00314	0.00410
8	0.00722	0.00477	0.00617	0.00666	0.00746	0.00444	0.00467	0.00873	0.03299	0.06901	0.14318	0.57750	0.08278	0.01312	0.00587	0.00181	0.00279	0.01176	0.00468	0.00439
9	0.10946	0.00792	0.00949	0.00770	0.01066	0.00765	0.00624	0.07850	0.05070	0.43275	0.09622	0.01724	0.01440	0.00611	0.00449	0.00143	0.00367	0.00490	0.12355	0.00690
10	0.01155	0.01085	0.01773	0.11971	0.50994	0.01144	0.05422	0.05330	0.07309	0.01595	0.00996	0.01266	0.00811	0.00586	0.03468	0.00172	0.03507	0.00445	0.00266	0.00706
11	0.00737	0.00576	0.00746	0.00696	0.00851	0.00546	0.05904	0.03739	0.03902	0.01497	0.09901	0.19157	0.31602	0.01154	0.03415	0.00184	0.00344	0.03488	0.11106	0.00456
12	0.01013	0.00972	0.01672	0.37132	0.28952	0.01084	0.08436	0.01292	0.00985	0.01340	0.00909	0.01360	0.00762	0.06262	0.00689	0.00178	0.05678	0.00457	0.00229	0.00601
13	0.01037	0.00870	0.01056	0.05824	0.03123	0.00701	0.00647	0.03482	0.01035	0.03149	0.00880	0.01030	0.00717	0.00374	0.00371	0.00082	0.00383	0.00303	0.00289	0.74646
14	0.01564	0.04849	0.03114	0.01162	0.01480	0.14752	0.05168	0.37773	0.13292	0.02178	0.01111	0.01174	0.00840	0.00579	0.00577	0.00149	0.08718	0.00424	0.00384	0.00713
15	0.00640	0.00464	0.00581	0.00637	0.00721	0.00429	0.00458	0.00757	0.00994	0.03007	0.07315	0.43285	0.23369	0.03511	0.05641	0.00226	0.00347	0.06774	0.00436	0.00409
16	0.00696	0.00470	0.00548	0.00551	0.00561	0.00476	0.00328	0.00716	0.00713	0.00956	0.01520	0.03102	0.01727	0.74574	0.08423	0.00479	0.00525	0.03036	0.00292	0.00305
17	0.05546	0.00926	0.01042	0.02838	0.01168	0.02793	0.00712	0.19583	0.13861	0.14284	0.09774	0.04571	0.01472	0.00749	0.02668	0.00167	0.06151	0.00527	0.10519	0.00649
18	0.03131	0.01856	0.01319	0.01212	0.03285	0.55455	0.00911	0.03637	0.04856	0.01300	0.02832	0.01127	0.03207	0.00586	0.00616	0.00141	0.13320	0.00376	0.00271	0.00562
19	0.01091	0.33784	0.46111	0.01138	0.01698	0.01424	0.01352	0.01499	0.03095	0.01366	0.00806	0.00937	0.00632	0.00452	0.00428	0.00134	0.02853	0.00322	0.00211	0.00667
20	0.00957	0.00912	0.06408	0.00831	0.03092	0.08012	0.00665	0.01246	0.07819	0.03309	0.05471	0.03986	0.15370	0.04843	0.06674	0.00207	0.07851	0.00584	0.18612	0.03151
21	0.00612	0.00483	0.00552	0.00542	0.00676	0.00423	0.00404	0.00775	0.01192	0.01550	0.36205	0.07771	0.44863	0.01126	0.00566	0.00158	0.00237	0.00964	0.00478	0.00423
22	0.00971	0.00716	0.00821	0.00756	0.00951	0.00732	0.00578	0.05406	0.24571	0.07345	0.19324	0.15529	0.14450	0.00937	0.00533	0.00161	0.00318	0.02207	0.00482	0.03212
23	0.01556	0.01295	0.01426	0.01156	0.01427	0.18043	0.09852	0.16258	0.04956	0.16667	0.01175	0.02119	0.00884	0.00596	0.00653	0.00152	0.14255	0.00444	0.06431	0.00657
24	0.11171	0.00868	0.01092	0.00847	0.01210	0.00806	0.00700	0.08482	0.01381	0.65791	0.01694	0.01496	0.01081	0.00574	0.00461	0.00148	0.00413	0.00453	0.00551	0.00782
25	0.00602	0.00435	0.00563	0.00657	0.00701	0.00407	0.00452	0.00694	0.00932	0.01225	0.02760	0.64925	0.10084	0.06438	0.00721	0.00210	0.00298	0.07076	0.00434	0.00388
26	0.01017	0.00668	0.00761	0.00710	0.00876	0.00679	0.00541	0.16791	0.04081	0.05955	0.05971	0.26339	0.09639	0.00956	0.00504	0.00157	0.00325	0.03394	0.20106	0.00529
27	0.01676	0.01224	0.01333	0.01058	0.01383	0.03645	0.00865	0.55020	0.06664	0.09227	0.01257	0.03222	0.00941	0.00755	0.04267	0.00178	0.05613	0.00463	0.00454	0.00756
28	0.00754	0.00559	0.00659	0.00663	0.00773	0.00542	0.00475	0.10474	0.01161	0.01530	0.12988	0.40153	0.19065	0.07045	0.00707	0.00194	0.00307	0.01057	0.00448	0.00446
29	0.00595	0.00426	0.00558	0.00658	0.00692	0.00399	0.00443	0.00680	0.00915	0.01213	0.02644	0.72561	0.05866	0.06312	0.00718	0.00210	0.00293	0.03998	0.00434	0.00385
30	0.01040	0.00984	0.01614	0.41680	0.34006	0.01115	0.01333	0.01410	0.06485	0.01410	0.00938	0.01265	0.00743	0.00482	0.00516	0.00154	0.03514	0.00433	0.00241	0.00637
31	0.00930	0.00845	0.01373	0.68295	0.06960	0.01029	0.01237	0.01291	0.04813	0.01316	0.00955	0.01330	0.00725	0.00489	0.00468	0.00155	0.00592	0.00432	0.06217	0.00548
32	0.01195	0.60886	0.18688	0.00962	0.01404	0.01699	0.01031	0.01429	0.00962	0.01207	0.00702	0.00837	0.00613	0.00448	0.00426	0.00120	0.06274	0.00287	0.00204	0.00626
33	0.02994	0.00862	0.01275	0.00997	0.01284	0.00826	0.17244	0.11256	0.04793	0.09022	0.18757	0.02341	0.12377	0.05812	0.00634	0.00166	0.00443	0.00640	0.00412	0.07865
34	0.14120	0.01371	0.01223	0.01032	0.01320	0.27359	0.07336	0.06764	0.10519	0.09094	0.08312	0.01469	0.04027	0.00576	0.00451	0.00140	0.00565	0.00449	0.00363	0.03511

[dist]
# distance from previous block
# <min> <max>
1	38

[block]
# block no. 7 follows, 53 sequences, length 71
# corresponding to MSA columns:
# 356-386,398-437
name=unknown_H
#
# <colnr> <probs for GDERKNQSTAVLIFYWHMCP>
#	G	D	E	R	K	N	Q	S	T	A	V	L	I	F	Y	W	H	M	C	P
0	0.04957	0.01179	0.01161	0.05302	0.03616	0.13921	0.00824	0.23874	0.10795	0.06229	0.03300	0.02021	0.07097	0.00696	0.00490	0.00152	0.00512	0.09850	0.00406	0.03619
1	0.01116	0.01079	0.01871	0.20869	0.58632	0.01123	0.05501	0.01414	0.01060	0.01483	0.00891	0.01209	0.00728	0.00436	0.00479	0.00147	0.00596	0.00433	0.00231	0.00700
2	0.28791	0.01113	0.01162	0.00988	0.01262	0.11526	0.09535	0.10578	0.08630	0.01855	0.03372	0.01535	0.01037	0.00927	0.09890	0.00225	0.00610	0.06051	0.00335	0.00576
3	0.01715	0.02025	0.01317	0.01176	0.01429	0.64532	0.00891	0.10429	0.05725	0.01406	0.00855	0.00970	0.00693	0.00560	0.00501	0.03796	0.00779	0.00339	0.00284	0.00579
4	0.01113	0.00854	0.00970	0.00753	0.01104	0.00752	0.00603	0.10732	0.07979	0.06718	0.01676	0.01752	0.12383	0.00570	0.00425	0.00110	0.00363	0.02059	0.02220	0.46863
5	0.00933	0.00808	0.00873	0.00824	0.00981	0.08038	0.02045	0.07095	0.11532	0.01537	0.08349	0.24366	0.07651	0.01377	0.12847	0.00255	0.02126	0.02259	0.02919	0.03185
6	0.00977	0.00740	0.00810	0.00732	0.00906	0.05258	0.00563	0.11536	0.04321	0.06032	0.40858	0.08169	0.11069	0.02426	0.00578	0.00160	0.00335	0.03523	0.00484	0.00524
7	0.01145	0.00950	0.01413	0.01101	0.01353	0.00996	0.14526	0.06910	0.01029	0.08588	0.01027	0.01429	0.00888	0.11107	0.03921	0.00210	0.21649	0.00457	0.00299	0.21004
8	0.00745	0.00532	0.00705	0.00660	0.00805	0.00485	0.03087	0.00934	0.01210	0.06077	0.40431	0.09428	0.23412	0.01149	0.03494	0.00183	0.00314	0.05411	0.00478	0.00460
9	0.00624	0.00466	0.00586	0.00666	0.00731	0.00443	0.00466	0.00790	0.05102	0.01302	0.05108	0.61810	0.13490	0.01390	0.00599	0.00188	0.00285	0.05092	0.00448	0.00414
10	0.01617	0.00782	0.00985	0.00801	0.01071	0.00744	0.00631	0.11783	0.03465	0.43616	0.07020	0.03782	0.03753	0.13507	0.04033	0.00223	0.00446	0.00570	0.00502	0.00670
11	0.01326	0.00687	0.00813	0.00691	0.00932	0.00646	0.00547	0.08082	0.04827	0.29310	0.06575	0.05131	0.19282	0.00776	0.00478	0.00145	0.00326	0.00641	0.18174	0.00608
12	0.03462	0.02165	0.01332	0.01204	0.01457	0.73482	0.00908	0.04594	0.04703	0.01289	0.00803	0.00909	0.00657	0.00501	0.00432	0.00126	0.00820	0.00321	0.00266	0.00571
13	0.00636	0.00466	0.00597	0.00674	0.00738	0.00442	0.00476	0.02203	0.02496	0.01341	0.08305	0.61114	0.10206	0.01387	0.00602	0.00188	0.00289	0.06976	0.00451	0.00413
14	0.00585	0.00423	0.00547	0.00645	0.00683	0.00392	0.00431	0.00668	0.00922	0.01216	0.02780	0.73375	0.09615	0.04433	0.00672	0.00201	0.00281	0.01305	0.00438	0.00386
15	0.01086	0.00734	0.00856	0.00818	0.01003	0.03705	0.00654	0.03844	0.14832	0.13782	0.03744	0.09498	0.10484	0.01203	0.06712	0.03887	0.00462	0.20121	0.02024	0.00551
16	0.01079	0.00923	0.01359	0.34167	0.15375	0.04021	0.01102	0.01368	0.03850	0.07347	0.05178	0.01439	0.00989	0.00742	0.05399	0.00194	0.10498	0.00457	0.03930	0.00585
17	0.45121	0.00908	0.00908	0.00749	0.01067	0.00962	0.00615	0.10260	0.01182	0.26966	0.06074	0.01261	0.01011	0.00538	0.00391	0.00148	0.00390	0.00386	0.00424	0.00640
18	0.00778	0.00618	0.00748	0.00713	0.00741	0.03169	0.00497	0.00839	0.00739	0.01012	0.01297	0.02441	0.01405	0.48835	0.21664	0.00490	0.12783	0.00597	0.00268	0.00366
19	0.03094	0.05457	0.01582	0.04867	0.06949	0.06625	0.14435	0.12640	0.04085	0.08303	0.01103	0.01414	0.00897	0.04844	0.02924	0.00188	0.13244	0.01888	0.04839	0.00622
20	0.01211	0.54763	0.22735	0.01085	0.05626	0.03343	0.01102	0.02973	0.01020	0.01286	0.00738	0.00861	0.00623	0.00427	0.00360	0.00118	0.00573	0.00294	0.00212	0.00648
21	0.01049	0.00932	0.01354	0.06433	0.32547	0.02528	0.03233	0.10361	0.02827	0.01704	0.13234	0.06395	0.13956	0.00713	0.00511	0.00151	0.00459	0.00636	0.00355	0.00623
22	0.02864	0.01142	0.03030	0.12731	0.35727	0.08421	0.04035	0.06085	0.04211	0.03037	0.02772	0.02947	0.00967	0.00523	0.00470	0.00145	0.00559	0.02705	0.04803	0.02824
23	0.01402	0.04038	0.05762	0.07282	0.09656	0.34587	0.16833	0.02322	0.03677	0.02360	0.00861	0.01071	0.00690	0.00496	0.00553	0.00144	0.07006	0.00400	0.00250	0.00610
24	0.00830	0.00415	0.00623	0.00623	0.00623	0.00415	0.00415	0.00623	0.00623	0.00830	0.00830	0.01453	0.00830	0.01660	0.01868	0.86094	0.00415	0.00415	0.00208	0.00208
25	0.00991	0.00850	0.00991	0.00708	0.01133	0.00637	0.00566	0.01203	0.00991	0.01557	0.00850	0.00991	0.00708	0.00354	0.00354	0.00071	0.00354	0.00283	0.00283	0.86124
26	0.01028	0.19713	0.55927	0.01247	0.04046	0.01253	0.01468	0.01498	0.03299	0.01463	0.04225	0.01094	0.00803	0.00472	0.00429	0.00141	0.00630	0.00362	0.00226	0.00678
27	0.01076	0.03178	0.00997	0.00822	0.01044	0.00879	0.02320	0.17755	0.10306	0.06014	0.14810	0.04357	0.23066	0.00952	0.02769	0.00175	0.05191	0.03261	0.00447	0.00580
28	0.00674	0.00454	0.00528	0.00549	0.00554	0.00449	0.00319	0.00689	0.00737	0.00983	0.01721	0.18337	0.02009	0.67623	0.02085	0.00412	0.00428	0.00822	0.00319	0.00308
29	0.00634	0.00482	0.00587	0.00601	0.00716	0.00435	0.00453	0.00801	0.01168	0.01545	0.34362	0.16998	0.29281	0.01175	0.00582	0.00168	0.00262	0.08851	0.00476	0.00424
30	0.01113	0.01066	0.01825	0.22572	0.60168	0.01118	0.02371	0.01407	0.01056	0.01477	0.00888	0.01207	0.00727	0.00438	0.00475	0.00146	0.00588	0.00427	0.00231	0.00700
31	0.00674	0.00521	0.00638	0.00662	0.00760	0.00513	0.00482	0.00912	0.07876	0.01443	0.19137	0.33599	0.19076	0.03043	0.04084	0.00207	0.02080	0.03403	0.00448	0.00441
32	0.00684	0.00508	0.00748	0.00748	0.00826	0.00587	0.00572	0.00841	0.00762	0.01095	0.01299	0.01980	0.01239	0.10070	0.74884	0.00743	0.01214	0.00527	0.00259	0.00416
33	0.00615	0.00487	0.00555	0.00557	0.00689	0.00430	0.00415	0.00782	0.02152	0.01490	0.27745	0.12760	0.45266	0.01165	0.00571	0.00163	0.00248	0.03019	0.00470	0.00422
34	0.01035	0.21962	0.61909	0.01231	0.01866	0.01298	0.01538	0.01494	0.01000	0.01420	0.00811	0.00951	0.00607	0.00443	0.00419	0.00140	0.00659	0.00330	0.00202	0.00684
35	0.01278	0.83490	0.02505	0.00818	0.01227	0.01891	0.00818	0.01431	0.00971	0.01125	0.00664	0.00767	0.00613	0.00409	0.00307	0.00102	0.00511	0.00256	0.00204	0.00613
36	0.02117	0.00858	0.01137	0.00872	0.01242	0.00769	0.00720	0.08795	0.01443	0.73981	0.01823	0.01586	0.01152	0.00590	0.00480	0.00148	0.00417	0.00476	0.00582	0.00813
37	0.09949	0.00518	0.00596	0.00620	0.00738	0.00497	0.00462	0.00843	0.01081	0.01549	0.24556	0.27803	0.20527	0.01158	0.00557	0.00172	0.00278	0.07218	0.00450	0.00428
38	0.44479	0.01468	0.01015	0.00901	0.01185	0.32165	0.00707	0.05532	0.02813	0.04726	0.00791	0.00882	0.00616	0.00479	0.00368	0.00138	0.00570	0.00301	0.00301	0.00563
39	0.01087	0.35157	0.49170	0.01143	0.01729	0.01425	0.01383	0.01480	0.00994	0.01357	0.00780	0.00911	0.00609	0.00436	0.00395	0.00132	0.00628	0.00314	0.00203	0.00669
40	0.00903	0.00850	0.01434	0.82054	0.03292	0.01062	0.01327	0.01221	0.00956	0.01221	0.00850	0.01274	0.00637	0.00478	0.00478	0.00159	0.00637	0.00425	0.00212	0.00531
41	0.00785	0.00632	0.00685	0.00665	0.00773	0.06320	0.00484	0.03693	0.01157	0.01529	0.35026	0.14230	0.12548	0.07559	0.04357	0.06704	0.00373	0.01628	0.00427	0.00425
42	0.00820	0.00419	0.00615	0.00615	0.00615	0.00419	0.00406	0.00628	0.00628	0.00837	0.00880	0.01576	0.00897	0.07644	0.01909	0.79811	0.00419	0.00436	0.00214	0.00214
43	0.00871	0.00582	0.00713	0.00643	0.00808	0.00546	0.00494	0.05492	0.03661	0.09040	0.52972	0.03381	0.17040	0.00950	0.00549	0.00152	0.00267	0.00820	0.00514	0.00505
44	0.01269	0.81333	0.04587	0.00832	0.01249	0.01870	0.00843	0.01433	0.00972	0.01135	0.00670	0.00773	0.00613	0.00410	0.00311	0.00104	0.00516	0.00258	0.00204	0.00616
45	0.01359	0.01470	0.01285	0.04577	0.01385	0.34187	0.03138	0.08354	0.01188	0.01396	0.01028	0.03806	0.02536	0.00775	0.04097	0.00179	0.19989	0.01962	0.06742	0.00547
46	0.01117	0.12330	0.42324	0.01104	0.01657	0.01135	0.01255	0.10330	0.01160	0.03043	0.03186	0.01076	0.00774	0.00460	0.00422	0.00128	0.00573	0.00353	0.00266	0.17306
47	0.00820	0.04021	0.37068	0.00975	0.01323	0.00799	0.01049	0.01096	0.00892	0.01269	0.01331	0.17482	0.01341	0.12388	0.09363	0.06761	0.00621	0.00616	0.00267	0.00517
48	0.00970	0.00490	0.00505	0.00483	0.00614	0.00491	0.00368	0.03855	0.01059	0.04776	0.01557	0.01754	0.01209	0.00559	0.00345	0.00114	0.00240	0.00446	0.79691	0.00472
49	0.04080	0.01020	0.01606	0.09815	0.47282	0.01030	0.01207	0.05541	0.01178	0.16939	0.01169	0.02970	0.00924	0.00516	0.00477	0.00148	0.00526	0.02518	0.00327	0.00726
50	0.19913	0.00972	0.00960	0.00770	0.01080	0.06659	0.00613	0.08305	0.01083	0.05747	0.00956	0.01152	0.00780	0.04660	0.00532	0.00132	0.04736	0.00343	0.06781	0.33826
51	0.00682	0.00459	0.00531	0.00544	0.00549	0.00458	0.00315	0.00696	0.00722	0.00965	0.01629	0.12220	0.01887	0.71840	0.04221	0.00440	0.00463	0.00766	0.00306	0.00304
52	0.00708	0.00534	0.00659	0.00620	0.00752	0.00509	0.00467	0.01018	0.08020	0.01853	0.64723	0.03534	0.12839	0.00975	0.00557	0.00153	0.00240	0.00853	0.00513	0.00472
53	0.01240	0.39561	0.25306	0.01298	0.12599	0.03803	0.01189	0.03979	0.01068	0.04751	0.00824	0.00948	0.00662	0.00440	0.00390	0.00126	0.00583	0.00325	0.00235	0.00674
54	0.01744	0.02212	0.01398	0.01253	0.01498	0.76605	0.03044	0.01875	0.01329	0.01179	0.00742	0.00879	0.00619	0.00501	0.00470	0.00127	0.03405	0.00318	0.00245	0.00556
55	0.00581	0.00481	0.00495	0.00496	0.00649	0.00407	0.00371	0.00711	0.01098	0.01342	0.09468	0.06958	0.70610	0.01187	0.00560	0.00160	0.00242	0.00995	0.02781	0.00407
56	0.00804	0.00546	0.00694	0.04967	0.02367	0.00530	0.00525	0.02510	0.03574	0.06088	0.22602	0.25813	0.13843	0.01036	0.00536	0.00161	0.00294	0.01876	0.10763	0.00473
57	0.01438	0.00913	0.01051	0.00900	0.01184	0.00977	0.00713	0.05233	0.44472	0.24883	0.05981	0.01811	0.01498	0.00754	0.03513	0.00178	0.00414	0.00532	0.02816	0.00738
58	0.16060	0.00883	0.01035	0.00819	0.01154	0.00864	0.00673	0.14342	0.01394	0.47124	0.03932	0.01552	0.03242	0.00591	0.00448	0.00146	0.00402	0.00460	0.04156	0.00726
59	0.00677	0.00457	0.00530	0.00546	0.00553	0.00452	0.00318	0.00697	0.00749	0.01003	0.04183	0.15199	0.02041	0.68226	0.02098	0.00413	0.00428	0.00801	0.00320	0.00310
60	0.20908	0.01750	0.01285	0.01338	0.13221	0.47845	0.00906	0.03760	0.01211	0.01507	0.00768	0.00910	0.00628	0.00474	0.00407	0.00132	0.00689	0.00320	0.01360	0.00582
61	0.01226	0.01045	0.01102	0.00980	0.01257	0.01206	0.00766	0.07047	0.74789	0.02059	0.01898	0.01746	0.01421	0.00644	0.00486	0.00161	0.00387	0.00534	0.00486	0.00760
62	0.01086	0.01088	0.03424	0.33798	0.45298	0.03472	0.02218	0.01385	0.01043	0.01415	0.00875	0.01207	0.00702	0.00449	0.00474	0.00149	0.00609	0.00422	0.00227	0.00660
63	0.00966	0.00879	0.03473	0.00991	0.01222	0.00880	0.11668	0.01284	0.09509	0.06491	0.05582	0.05514	0.23502	0.00823	0.00735	0.00163	0.17121	0.00665	0.00364	0.08168
64	0.01071	0.00889	0.01014	0.00744	0.01145	0.00733	0.00597	0.11459	0.01165	0.01732	0.01173	0.01268	0.06354	0.00444	0.00385	0.00087	0.00369	0.00354	0.00321	0.68696
65	0.01117	0.00946	0.01178	0.00875	0.01262	0.00841	0.05106	0.09161	0.05527	0.03028	0.00951	0.01083	0.00765	0.00431	0.00466	0.00099	0.05656	0.00341	0.00312	0.60856
66	0.03637	0.01023	0.01412	0.05962	0.31220	0.07187	0.04912	0.05340	0.01158	0.05686	0.08451	0.06314	0.04775	0.04961	0.00587	0.00160	0.00510	0.00546	0.00322	0.05836
67	0.01394	0.01202	0.01258	0.01106	0.05279	0.12073	0.03621	0.35046	0.03142	0.02044	0.01608	0.04753	0.11423	0.00788	0.02149	0.03754	0.05283	0.00533	0.02908	0.00636
68	0.00818	0.00647	0.04152	0.00754	0.00911	0.00556	0.02131	0.01058	0.06383	0.06872	0.11697	0.37356	0.06229	0.04310	0.02160	0.00194	0.00357	0.06316	0.00431	0.06669
69	0.00721	0.02188	0.00718	0.00744	0.02207	0.02857	0.00523	0.00889	0.04308	0.01309	0.02410	0.56198	0.07095	0.01241	0.00564	0.00174	0.00324	0.05393	0.00414	0.09724
70	0.01188	0.08544	0.11263	0.06744	0.07761	0.05326	0.32407	0.02974	0.01114	0.06042	0.00997	0.03544	0.00790	0.00462	0.00484	0.00143	0.00656	0.00469	0.00266	0.08826

[dist]
# distance from previous block
# <min> <max>
16	63

[block]
# block no. 8 follows, 53 sequences, length 12
# corresponding to MSA columns:
# 505-514,527,528
name=unknown_I
#
# <colnr> <probs for GDERKNQSTAVLIFYWHMCP>
#	G	D	E	R	K	N	Q	S	T	A	V	L	I	F	Y	W	H	M	C	P
0	0.03605	0.13489	0.12449	0.01608	0.25224	0.04148	0.03905	0.09787	0.10489	0.01700	0.04406	0.01404	0.04686	0.00531	0.00453	0.00141	0.00536	0.00446	0.00306	0.00687
1	0.01136	0.08248	0.10468	0.00872	0.01140	0.02500	0.00775	0.16555	0.06005	0.05860	0.05433	0.05917	0.11557	0.00979	0.02860	0.14531	0.02112	0.02133	0.00362	0.00558
2	0.01046	0.13200	0.23889	0.01017	0.01392	0.09446	0.02306	0.01399	0.06562	0.01374	0.01249	0.04580	0.03023	0.05467	0.05182	0.00195	0.02380	0.06566	0.00278	0.09448
3	0.02982	0.04527	0.03998	0.00661	0.00812	0.00643	0.00517	0.03961	0.03584	0.03685	0.13483	0.10720	0.06742	0.19872	0.08603	0.00276	0.00447	0.00682	0.11320	0.02485
4	0.01242	0.03428	0.05573	0.04100	0.09845	0.03009	0.07863	0.11727	0.10477	0.07413	0.01173	0.03753	0.00940	0.02669	0.00499	0.00136	0.00493	0.00440	0.00342	0.24878
5	0.00921	0.00668	0.00760	0.00684	0.00866	0.04328	0.00520	0.01193	0.06595	0.09666	0.43139	0.08613	0.10880	0.00898	0.00529	0.00147	0.00301	0.00776	0.00481	0.08037
6	0.02962	0.00886	0.01087	0.01141	0.12522	0.06496	0.03542	0.05508	0.08301	0.03991	0.09369	0.04272	0.08336	0.04162	0.10472	0.00237	0.02844	0.04161	0.05135	0.04577
7	0.01245	0.05419	0.01173	0.00839	0.01218	0.10312	0.00676	0.10531	0.01193	0.05375	0.00941	0.02607	0.00773	0.00443	0.00411	0.00096	0.02117	0.00335	0.00314	0.53981
8	0.00903	0.00850	0.01434	0.82054	0.03292	0.01062	0.01327	0.01221	0.00956	0.01221	0.00850	0.01274	0.00637	0.00478	0.00478	0.00159	0.00637	0.00425	0.00212	0.00531
9	0.00688	0.00491	0.00660	0.00660	0.00708	0.00539	0.00463	0.00784	0.00736	0.01030	0.01379	0.02424	0.01432	0.38402	0.46815	0.00635	0.00923	0.00592	0.00271	0.00367
10	0.04534	0.00966	0.01090	0.07389	0.01338	0.05443	0.00759	0.15758	0.14898	0.22480	0.08561	0.03701	0.01475	0.03946	0.03155	0.00185	0.00478	0.02718	0.00456	0.00670
11	0.04633	0.15754	0.04450	0.01156	0.01400	0.04436	0.13828	0.06610	0.01020	0.03479	0.04073	0.02311	0.00893	0.00807	0.03992	0.07062	0.22834	0.00437	0.00265	0.00561

[dist]
# distance from previous block
# <min> <max>
0	2

[block]
# block no. 9 follows, 53 sequences, length 10
# corresponding to MSA columns:
# 531-540
name=unknown_J
#
# <colnr> <probs for GDERKNQSTAVLIFYWHMCP>
#	G	D	E	R	K	N	Q	S	T	A	V	L	I	F	Y	W	H	M	C	P
0	0.01160	0.21448	0.41446	0.04568	0.01725	0.03481	0.01290	0.06585	0.01116	0.06269	0.01135	0.01227	0.05558	0.00508	0.00429	0.00139	0.00602	0.00385	0.00261	0.00667
1	0.01125	0.01039	0.01070	0.00963	0.02841	0.16017	0.06527	0.05893	0.12527	0.05648	0.16339	0.09137	0.13296	0.03587	0.00585	0.00164	0.00464	0.01811	0.00412	0.00558
2	0.00644	0.00483	0.00597	0.00577	0.00696	0.00436	0.00429	0.00836	0.01263	0.01724	0.57230	0.08597	0.22602	0.01065	0.00567	0.00156	0.00233	0.00929	0.00501	0.00436
3	0.00988	0.02281	0.68695	0.01519	0.06930	0.01121	0.08808	0.01512	0.01025	0.01518	0.00870	0.01046	0.00626	0.00448	0.00465	0.00152	0.00707	0.00377	0.00208	0.00704
4	0.05378	0.01145	0.01600	0.06670	0.30328	0.08731	0.09689	0.09068	0.02400	0.04785	0.01073	0.04901	0.00922	0.04173	0.04812	0.00195	0.02705	0.00483	0.00293	0.00648
5	0.00713	0.00580	0.00693	0.00691	0.00816	0.00596	0.00532	0.00982	0.09560	0.01379	0.08457	0.12901	0.32631	0.04165	0.09124	0.00248	0.05500	0.09565	0.00414	0.00454
6	0.00748	0.00503	0.00643	0.00599	0.00729	0.00459	0.00452	0.00962	0.01320	0.05794	0.67221	0.03501	0.10560	0.00964	0.00552	0.00150	0.00236	0.00844	0.03299	0.00465
7	0.00827	0.00623	0.00750	0.00754	0.00880	0.00637	0.00565	0.09256	0.11415	0.01656	0.15694	0.38441	0.06510	0.01168	0.00575	0.00178	0.00323	0.08783	0.00467	0.00498
8	0.01116	0.39247	0.40987	0.01094	0.01643	0.01469	0.01282	0.01530	0.05085	0.01362	0.00827	0.00939	0.00654	0.00444	0.00389	0.00130	0.00600	0.00319	0.00218	0.00667
9	0.01750	0.00789	0.01015	0.00818	0.01133	0.00728	0.00662	0.02104	0.12720	0.55800	0.09810	0.02049	0.07055	0.00681	0.00496	0.00151	0.00373	0.00564	0.00559	0.00741

[dist]
# distance from previous block
# <min> <max>
0	3

[block]
# block no. 10 follows, 53 sequences, length 6
# corresponding to MSA columns:
# 544-549
name=unknown_K
#
# <colnr> <probs for GDERKNQSTAVLIFYWHMCP>
#	G	D	E	R	K	N	Q	S	T	A	V	L	I	F	Y	W	H	M	C	P
0	0.01062	0.01162	0.02411	0.12436	0.02412	0.01162	0.58137	0.01419	0.01056	0.01437	0.00953	0.01314	0.00741	0.00663	0.06310	0.00207	0.05741	0.00533	0.00237	0.00607
1	0.00673	0.00451	0.00570	0.00635	0.00697	0.00414	0.00430	0.00759	0.00942	0.05374	0.02802	0.59344	0.14041	0.09542	0.00778	0.00214	0.00298	0.01196	0.00436	0.00403
2	0.01546	0.01465	0.01447	0.01190	0.01496	0.31662	0.14236	0.04608	0.10742	0.16311	0.01500	0.03902	0.06528	0.00598	0.00486	0.00145	0.00635	0.00498	0.00367	0.00637
3	0.00937	0.00884	0.01495	0.72450	0.12630	0.01071	0.01344	0.01251	0.00972	0.01263	0.00856	0.01263	0.00652	0.00472	0.00477	0.00157	0.00629	0.00425	0.00215	0.00558
4	0.01023	0.00914	0.01434	0.71378	0.03053	0.01117	0.01272	0.11429	0.01126	0.01457	0.00889	0.01258	0.00660	0.00491	0.00478	0.00157	0.00622	0.00425	0.00247	0.00568
5	0.01186	0.01174	0.02412	0.01751	0.02181	0.01106	0.61541	0.04949	0.01198	0.07503	0.05383	0.05063	0.01076	0.00504	0.00556	0.00160	0.00709	0.00603	0.00303	0.00643

[dist]
# distance from previous block
# <min> <max>
0	2

[block]
# block no. 11 follows, 53 sequences, length 35
# corresponding to MSA columns:
# 552-586
name=unknown_L
#
# <colnr> <probs for GDERKNQSTAVLIFYWHMCP>
#	G	D	E	R	K	N	Q	S	T	A	V	L	I	F	Y	W	H	M	C	P
0	0.01167	0.00948	0.01232	0.00918	0.01310	0.00842	0.09086	0.11239	0.07618	0.06153	0.03600	0.01348	0.03690	0.00473	0.00424	0.00107	0.00422	0.00407	0.00350	0.48664
1	0.01111	0.41032	0.43498	0.01103	0.01668	0.01482	0.01315	0.01474	0.00991	0.01328	0.00766	0.00894	0.00609	0.00433	0.00384	0.00128	0.00613	0.00307	0.00203	0.00662
2	0.04684	0.01026	0.00973	0.00858	0.01081	0.11919	0.00657	0.14846	0.18141	0.09343	0.01521	0.09122	0.01288	0.06410	0.00653	0.03822	0.00449	0.00541	0.12062	0.00602
3	0.00792	0.00610	0.00687	0.00644	0.00819	0.00593	0.00500	0.09917	0.03271	0.03201	0.08084	0.06055	0.45836	0.01465	0.12759	0.00253	0.00445	0.03164	0.00429	0.00476
4	0.06111	0.01180	0.01119	0.00996	0.01265	0.10162	0.00777	0.06825	0.59909	0.01955	0.01662	0.01569	0.01255	0.00619	0.00493	0.00157	0.02295	0.00489	0.00442	0.00718
5	0.01015	0.00964	0.01636	0.50473	0.33998	0.01091	0.01383	0.01319	0.01009	0.01357	0.00869	0.01238	0.00685	0.00457	0.00476	0.00152	0.00609	0.00425	0.00222	0.00621
6	0.08495	0.02095	0.01309	0.01173	0.01434	0.68492	0.00890	0.08067	0.01384	0.01396	0.00766	0.00878	0.00624	0.00495	0.00424	0.00127	0.00796	0.00314	0.00269	0.00572
7	0.00679	0.00460	0.00538	0.00551	0.00562	0.00457	0.00326	0.00706	0.00758	0.01019	0.05623	0.13257	0.02044	0.66386	0.04342	0.00422	0.00451	0.00783	0.00320	0.00314
8	0.00592	0.00428	0.00561	0.00649	0.00693	0.00396	0.00440	0.00693	0.00974	0.01303	0.11507	0.69861	0.07286	0.01424	0.00602	0.00187	0.00270	0.01285	0.00453	0.00396
9	0.01109	0.01060	0.01806	0.23864	0.59870	0.01116	0.01430	0.01402	0.01053	0.01471	0.00886	0.01207	0.00725	0.00440	0.00474	0.00147	0.00586	0.00426	0.00230	0.00697
10	0.00654	0.00453	0.00566	0.00629	0.00654	0.00440	0.00416	0.00717	0.00842	0.01118	0.02133	0.39038	0.02495	0.36899	0.01406	0.00314	0.00377	0.10121	0.00376	0.00352
11	0.00660	0.00450	0.00592	0.00682	0.00730	0.00425	0.00463	0.00787	0.03381	0.04245	0.02585	0.77285	0.03033	0.01437	0.00601	0.00191	0.00285	0.01300	0.00451	0.00416
12	0.01644	0.01133	0.01226	0.00969	0.01299	0.01236	0.00791	0.53783	0.09167	0.08877	0.01343	0.01341	0.00965	0.00580	0.00457	0.00141	0.00457	0.00447	0.13392	0.00752
13	0.01553	0.00988	0.01146	0.00986	0.04400	0.01026	0.00757	0.29126	0.14716	0.22646	0.01975	0.04901	0.10763	0.02114	0.00529	0.00157	0.00427	0.00572	0.00491	0.00727
14	0.01567	0.00834	0.01021	0.00860	0.01146	0.00832	0.00682	0.04333	0.26331	0.39534	0.08141	0.09381	0.01709	0.00724	0.00501	0.00157	0.00375	0.00610	0.00536	0.00727
15	0.01200	0.00651	0.00701	0.00611	0.00801	0.00665	0.00481	0.15558	0.01272	0.10692	0.01519	0.01648	0.01144	0.00564	0.00377	0.00121	0.00299	0.00447	0.60695	0.00554
16	0.86579	0.00924	0.00702	0.00629	0.00924	0.01072	0.00518	0.01405	0.00813	0.02144	0.00666	0.00776	0.00518	0.00444	0.00296	0.00148	0.00370	0.00259	0.00296	0.00518
17	0.00616	0.00452	0.00533	0.00574	0.00634	0.00417	0.00380	0.00695	0.00927	0.01202	0.07960	0.35147	0.22629	0.24328	0.01107	0.00258	0.00317	0.01050	0.00406	0.00369
18	0.05502	0.00724	0.00909	0.00758	0.00994	0.00682	0.03499	0.08695	0.03458	0.08515	0.38216	0.07300	0.02703	0.00772	0.00499	0.00139	0.00329	0.00669	0.00456	0.15181
19	0.00972	0.05828	0.77486	0.01340	0.02034	0.01142	0.01727	0.01510	0.01008	0.01498	0.00850	0.00999	0.00606	0.00452	0.00448	0.00149	0.00698	0.00349	0.00202	0.00703
20	0.00618	0.00486	0.00558	0.00540	0.00678	0.00426	0.00405	0.00789	0.01215	0.01590	0.40765	0.04108	0.43917	0.01099	0.00564	0.00156	0.00234	0.00940	0.00483	0.00426
