[name]
unknown

[dist]
# distance from previous block
# <min> <max>
0	105

[block]
# block no. 0 follows, 66 sequences, length 127
# corresponding to MSA columns:
# 113-142,144-184,187-216,230-248,253-259
name=unknown_A
#
# <colnr> <probs for GDERKNQSTAVLIFYWHMCP>
#	G	D	E	R	K	N	Q	S	T	A	V	L	I	F	Y	W	H	M	C	P
0	0.00650	0.00464	0.00649	0.00743	0.00834	0.00464	0.00647	0.00834	0.00930	0.01210	0.02150	0.06608	0.02344	0.01125	0.00559	0.00186	0.00370	0.78488	0.00374	0.00372
1	0.00590	0.00393	0.00442	0.00442	0.00442	0.00393	0.00246	0.00590	0.00590	0.00787	0.01278	0.02655	0.01475	0.85742	0.02065	0.00393	0.00393	0.00590	0.00246	0.00246
2	0.00494	0.00353	0.00471	0.00565	0.00588	0.00330	0.00377	0.00565	0.00777	0.01036	0.02236	0.85477	0.02683	0.01271	0.00518	0.00165	0.00235	0.01153	0.00377	0.00330
3	0.01020	0.00877	0.00924	0.00828	0.01059	0.01014	0.00645	0.03808	0.80808	0.01715	0.01637	0.01503	0.01227	0.00549	0.00413	0.00137	0.00324	0.00457	0.00413	0.00643
4	0.00766	0.00721	0.01217	0.84767	0.02794	0.00901	0.01127	0.01037	0.00811	0.01037	0.00721	0.01082	0.00541	0.00406	0.00406	0.00135	0.00541	0.00361	0.00180	0.00451
5	0.01558	0.01111	0.01202	0.00921	0.01246	0.01221	0.00761	0.77322	0.01865	0.07153	0.01010	0.00997	0.00708	0.00488	0.00406	0.00122	0.00441	0.00368	0.00411	0.00690
6	0.00814	0.02099	0.83640	0.01156	0.01756	0.00942	0.01499	0.01285	0.00857	0.01285	0.00728	0.00857	0.00514	0.00385	0.00385	0.00128	0.00600	0.00300	0.00171	0.00600
7	0.00580	0.00435	0.00652	0.00652	0.00724	0.00507	0.00507	0.00724	0.00652	0.00942	0.01087	0.01594	0.01014	0.03043	0.84134	0.00652	0.01087	0.00435	0.00217	0.00362
8	0.01085	0.85986	0.02126	0.00694	0.01041	0.01605	0.00694	0.01215	0.00824	0.00955	0.00564	0.00651	0.00521	0.00347	0.00260	0.00087	0.00434	0.00217	0.00174	0.00521
9	0.00775	0.00734	0.01219	0.78357	0.02662	0.00928	0.01108	0.01032	0.00797	0.01032	0.00707	0.01067	0.00540	0.00429	0.00477	0.00138	0.07008	0.00360	0.00180	0.00450
10	0.88607	0.00785	0.00596	0.00534	0.00785	0.00910	0.00439	0.01193	0.00690	0.01820	0.00565	0.00659	0.00439	0.00377	0.00251	0.00126	0.00314	0.00220	0.00251	0.00439
11	0.00574	0.00415	0.00542	0.00510	0.00606	0.00383	0.00383	0.00766	0.01148	0.01627	0.82997	0.03031	0.03828	0.00829	0.00479	0.00128	0.00191	0.00734	0.00447	0.00383
12	0.01516	0.01934	0.01150	0.01045	0.01254	0.84113	0.00784	0.01620	0.01150	0.00993	0.00627	0.00732	0.00523	0.00418	0.00366	0.00105	0.00732	0.00261	0.00209	0.00470
13	0.01009	0.00872	0.00917	0.00826	0.01055	0.01009	0.00642	0.02156	0.82478	0.01697	0.01651	0.01514	0.01238	0.00550	0.00413	0.00138	0.00321	0.00459	0.00413	0.00642
14	0.00590	0.00395	0.00452	0.00452	0.00455	0.00398	0.00257	0.00596	0.00593	0.00794	0.01270	0.02608	0.01455	0.82093	0.05686	0.00405	0.00424	0.00583	0.00245	0.00251
15	0.01542	0.01136	0.01218	0.00933	0.01258	0.01258	0.00771	0.81858	0.01908	0.02557	0.00974	0.00974	0.00690	0.00487	0.00406	0.00122	0.00446	0.00365	0.00406	0.00690
16	0.00841	0.00721	0.00841	0.00601	0.00961	0.00541	0.00481	0.01022	0.00841	0.01322	0.00721	0.00841	0.00601	0.00300	0.00300	0.00060	0.00300	0.00240	0.00240	0.88222
17	0.00814	0.02099	0.83640	0.01156	0.01756	0.00942	0.01499	0.01285	0.00857	0.01285	0.00728	0.00857	0.00514	0.00385	0.00385	0.00128	0.00600	0.00300	0.00171	0.00600
18	0.88607	0.00785	0.00596	0.00534	0.00785	0.00910	0.00439	0.01193	0.00690	0.01820	0.00565	0.00659	0.00439	0.00377	0.00251	0.00126	0.00314	0.00220	0.00251	0.00439
19	0.00766	0.00721	0.01217	0.84767	0.02794	0.00901	0.01127	0.01037	0.00811	0.01037	0.00721	0.01082	0.00541	0.00406	0.00406	0.00135	0.00541	0.00361	0.00180	0.00451
20	0.00494	0.00354	0.00470	0.00562	0.00588	0.00330	0.00375	0.00565	0.00780	0.01037	0.02275	0.83786	0.04349	0.01266	0.00517	0.00164	0.00235	0.01147	0.00377	0.00330
21	0.00583	0.00391	0.00449	0.00456	0.00459	0.00391	0.00261	0.00591	0.00605	0.00808	0.01347	0.08896	0.01558	0.77774	0.03518	0.00381	0.00395	0.00630	0.00255	0.00254
22	0.00958	0.01094	0.02394	0.01710	0.02120	0.01026	0.81737	0.01300	0.00958	0.01300	0.00821	0.01094	0.00616	0.00342	0.00479	0.00137	0.00684	0.00479	0.00205	0.00547
23	0.00572	0.00413	0.00540	0.00512	0.00606	0.00381	0.00383	0.00759	0.01137	0.01608	0.80454	0.05626	0.03792	0.00843	0.00480	0.00129	0.00193	0.00747	0.00444	0.00381
24	0.00814	0.02099	0.83640	0.01156	0.01756	0.00942	0.01499	0.01285	0.00857	0.01285	0.00728	0.00857	0.00514	0.00385	0.00385	0.00128	0.00600	0.00300	0.00171	0.00600
25	0.00580	0.00435	0.00652	0.00652	0.00724	0.00507	0.00507	0.00724	0.00652	0.00942	0.01087	0.01594	0.01014	0.03043	0.84134	0.00652	0.01087	0.00435	0.00217	0.00362
26	0.01820	0.00690	0.00942	0.00722	0.01036	0.00596	0.00596	0.01977	0.01161	0.83492	0.01601	0.01381	0.01004	0.00502	0.00408	0.00126	0.00345	0.00408	0.00502	0.00690
27	0.00512	0.00459	0.00434	0.00431	0.00570	0.02980	0.00323	0.00615	0.00932	0.01093	0.04000	0.03805	0.80448	0.01008	0.00476	0.00136	0.00222	0.00838	0.00371	0.00347
28	0.00818	0.02067	0.81082	0.01174	0.01767	0.00945	0.04025	0.01285	0.00860	0.01285	0.00731	0.00864	0.00517	0.00384	0.00388	0.00129	0.00602	0.00305	0.00172	0.00598
29	0.01820	0.00690	0.00942	0.00722	0.01036	0.00596	0.00596	0.01977	0.01161	0.83492	0.01601	0.01381	0.01004	0.00502	0.00408	0.00126	0.00345	0.00408	0.00502	0.00690
30	0.00486	0.00413	0.00419	0.00423	0.00558	0.00347	0.00320	0.00591	0.00925	0.01100	0.04042	0.03928	0.80264	0.01031	0.00482	0.00139	0.00211	0.03601	0.00377	0.00344
31	0.01004	0.00964	0.01647	0.02490	0.83211	0.00964	0.01245	0.01245	0.00924	0.01325	0.00763	0.01004	0.00643	0.00361	0.00402	0.00120	0.00482	0.00361	0.00201	0.00643
32	0.00497	0.00354	0.00470	0.00562	0.00585	0.00331	0.00373	0.00566	0.00772	0.01029	0.02212	0.83387	0.02653	0.03402	0.00557	0.00171	0.00239	0.01139	0.00373	0.00327
33	0.88607	0.00785	0.00596	0.00534	0.00785	0.00910	0.00439	0.01193	0.00690	0.01820	0.00565	0.00659	0.00439	0.00377	0.00251	0.00126	0.00314	0.00220	0.00251	0.00439
34	0.01479	0.01076	0.01159	0.00897	0.01200	0.01189	0.00736	0.75560	0.01811	0.02439	0.00973	0.01003	0.00702	0.00529	0.00456	0.04183	0.00434	0.00365	0.03153	0.00656
35	0.01009	0.00872	0.00917	0.00826	0.01055	0.01009	0.00642	0.02156	0.82478	0.01697	0.01651	0.01514	0.01238	0.00550	0.00413	0.00138	0.00321	0.00459	0.00413	0.00642
36	0.01782	0.00682	0.00929	0.00715	0.01022	0.00590	0.00590	0.01940	0.01161	0.80964	0.04114	0.01432	0.01092	0.00512	0.00410	0.00126	0.00340	0.00418	0.00500	0.00681
37	0.00480	0.00411	0.00411	0.00411	0.00548	0.00343	0.00308	0.00582	0.00925	0.01096	0.04110	0.03905	0.83046	0.01028	0.00480	0.00137	0.00206	0.00856	0.00377	0.00343
38	0.85616	0.00781	0.00608	0.00540	0.00793	0.00899	0.00445	0.01220	0.00707	0.04635	0.00601	0.00684	0.00459	0.00381	0.00256	0.00126	0.00315	0.00226	0.00260	0.00448
39	0.00487	0.00411	0.00421	0.00419	0.00553	0.00346	0.00314	0.00596	0.00942	0.01137	0.10236	0.03837	0.76894	0.01012	0.00479	0.00136	0.00204	0.00847	0.00382	0.00346
40	0.02291	0.00628	0.00733	0.01840	0.06127	0.00641	0.00507	0.17246	0.01113	0.14916	0.01244	0.01334	0.00924	0.00471	0.00337	0.00108	0.00291	0.00377	0.48365	0.00510
41	0.01009	0.00872	0.00917	0.00826	0.01055	0.01009	0.00642	0.02156	0.82478	0.01697	0.01651	0.01514	0.01238	0.00550	0.00413	0.00138	0.00321	0.00459	0.00413	0.00642
42	0.01384	0.01070	0.01194	0.00997	0.06305	0.04343	0.02743	0.53492	0.06642	0.05437	0.00979	0.01003	0.00714	0.00454	0.00393	0.00115	0.00436	0.00356	0.00364	0.11579
43	0.00854	0.04159	0.76868	0.01143	0.01721	0.00974	0.02570	0.04782	0.00903	0.01332	0.00736	0.00860	0.00523	0.00388	0.00384	0.00127	0.00590	0.00303	0.00182	0.00601
44	0.88607	0.00785	0.00596	0.00534	0.00785	0.00910	0.00439	0.01193	0.00690	0.01820	0.00565	0.00659	0.00439	0.00377	0.00251	0.00126	0.00314	0.00220	0.00251	0.00439
45	0.00566	0.00414	0.00532	0.00502	0.00601	0.00380	0.00377	0.00751	0.01130	0.01583	0.76537	0.03102	0.10315	0.00846	0.00479	0.00128	0.00193	0.00744	0.00441	0.00380
46	0.00569	0.00415	0.00535	0.00505	0.00603	0.00381	0.00379	0.00756	0.01136	0.01598	0.78734	0.03078	0.08109	0.00840	0.00479	0.00128	0.00192	0.00740	0.00443	0.00381
47	0.00515	0.00369	0.00493	0.00585	0.00620	0.00347	0.00411	0.00601	0.00800	0.01060	0.02261	0.73505	0.04176	0.01247	0.00523	0.00167	0.00253	0.11357	0.00376	0.00335
48	0.11132	0.00675	0.00866	0.00681	0.00968	0.00610	0.00559	0.01778	0.01109	0.66894	0.09168	0.01458	0.01209	0.00519	0.00398	0.00126	0.00327	0.00418	0.00470	0.00634
49	0.00773	0.00459	0.00606	0.00544	0.00675	0.00417	0.00417	0.00959	0.01150	0.14711	0.69988	0.02767	0.03377	0.00777	0.00467	0.00127	0.00216	0.00682	0.00455	0.00432
50	0.00814	0.02099	0.83640	0.01156	0.01756	0.00942	0.01499	0.01285	0.00857	0.01285	0.00728	0.00857	0.00514	0.00385	0.00385	0.00128	0.00600	0.00300	0.00171	0.00600
51	0.00997	0.00956	0.01634	0.05031	0.80727	0.00962	0.01241	0.01239	0.00920	0.01317	0.00762	0.01007	0.00640	0.00363	0.00402	0.00121	0.00484	0.00361	0.00200	0.00637
52	0.00766	0.00721	0.01217	0.84767	0.02794	0.00901	0.01127	0.01037	0.00811	0.01037	0.00721	0.01082	0.00541	0.00406	0.00406	0.00135	0.00541	0.00361	0.00180	0.00451
53	0.00553	0.00464	0.00474	0.00456	0.00604	0.00414	0.00346	0.04190	0.04736	0.01204	0.06344	0.03639	0.73203	0.00976	0.00473	0.00136	0.00221	0.00813	0.00382	0.00373
54	0.01009	0.00882	0.00998	0.01011	0.10179	0.01004	0.00709	0.02055	0.73421	0.01656	0.01553	0.01457	0.01172	0.00529	0.00412	0.00136	0.00339	0.00448	0.00389	0.00642
55	0.01542	0.01136	0.01218	0.00933	0.01258	0.01258	0.00771	0.81858	0.01908	0.02557	0.00974	0.00974	0.00690	0.00487	0.00406	0.00122	0.00446	0.00365	0.00406	0.00690
56	0.01004	0.00865	0.04492	0.00719	0.01028	0.01912	0.00595	0.19338	0.08660	0.02967	0.04209	0.05217	0.00938	0.03114	0.00414	0.00104	0.00350	0.00369	0.00309	0.43393
57	0.00535	0.00364	0.00485	0.00570	0.00602	0.00338	0.00383	0.00609	0.00789	0.03587	0.02216	0.82875	0.02631	0.01247	0.00514	0.00164	0.00239	0.01130	0.00380	0.00341
58	0.00649	0.00466	0.00648	0.00739	0.00833	0.00464	0.00645	0.00834	0.00934	0.01211	0.02198	0.04559	0.04371	0.01118	0.00558	0.00186	0.00369	0.78471	0.00374	0.00373
59	0.00770	0.01812	0.69482	0.01044	0.01558	0.00846	0.01307	0.01191	0.00900	0.01328	0.12529	0.01251	0.03300	0.00467	0.00401	0.00129	0.00530	0.00377	0.00216	0.00562
60	0.00903	0.00759	0.00871	0.00641	0.00986	0.00623	0.00512	0.07600	0.05742	0.01440	0.00817	0.02026	0.00674	0.00343	0.00319	0.00071	0.00313	0.00276	0.00266	0.74820
61	0.01189	0.01062	0.04863	0.00941	0.03951	0.04890	0.00749	0.26843	0.47161	0.01901	0.01321	0.01262	0.00981	0.00511	0.00407	0.00130	0.00397	0.00410	0.00383	0.00647
62	0.01096	0.00877	0.01024	0.01029	0.11087	0.00975	0.00726	0.09525	0.55824	0.07050	0.01498	0.01533	0.01149	0.00545	0.00417	0.00135	0.00357	0.04126	0.00390	0.00638
63	0.00530	0.00413	0.00482	0.00470	0.00584	0.00365	0.00354	0.00677	0.01031	0.01355	0.42194	0.04846	0.41358	0.00938	0.00482	0.00134	0.00203	0.02811	0.00410	0.00363
64	0.00821	0.02054	0.80411	0.01209	0.04964	0.00943	0.01489	0.01283	0.00859	0.01286	0.00729	0.00862	0.00519	0.00385	0.00386	0.00128	0.00595	0.00302	0.00172	0.00601
65	0.01004	0.00964	0.01647	0.02490	0.83211	0.00964	0.01245	0.01245	0.00924	0.01325	0.00763	0.01004	0.00643	0.00361	0.00402	0.00120	0.00482	0.00361	0.00201	0.00643
66	0.00480	0.00411	0.00411	0.00411	0.00548	0.00343	0.00308	0.00582	0.00925	0.01096	0.04110	0.03905	0.83046	0.01028	0.00480	0.00137	0.00206	0.00856	0.00377	0.00343
67	0.00566	0.00406	0.00527	0.00512	0.00592	0.00378	0.00372	0.00731	0.01067	0.01501	0.68131	0.12160	0.03531	0.07006	0.00597	0.00151	0.00211	0.00770	0.00424	0.00367
68	0.00827	0.02009	0.76363	0.01206	0.01789	0.00950	0.08685	0.01286	0.00866	0.01286	0.00736	0.00878	0.00523	0.00382	0.00394	0.00129	0.00607	0.00316	0.00174	0.00595
69	0.00540	0.00413	0.00494	0.00474	0.00585	0.00368	0.00356	0.00699	0.01067	0.01433	0.54201	0.03350	0.32745	0.00902	0.00479	0.00131	0.00197	0.00778	0.00421	0.00368
70	0.01085	0.85986	0.02126	0.00694	0.01041	0.01605	0.00694	0.01215	0.00824	0.00955	0.00564	0.00651	0.00521	0.00347	0.00260	0.00087	0.00434	0.00217	0.00174	0.00521
71	0.00950	0.04820	0.01500	0.23177	0.49293	0.01003	0.01137	0.02669	0.03700	0.01247	0.00763	0.01017	0.00625	0.00403	0.00457	0.00127	0.05975	0.00358	0.00204	0.00576
72	0.00890	0.00895	0.01282	0.01087	0.01102	0.01235	0.03674	0.00988	0.00633	0.00988	0.00543	0.00895	0.00535	0.00697	0.01302	0.00176	0.82093	0.00359	0.00178	0.00447
73	0.00483	0.00411	0.00416	0.00414	0.00550	0.00344	0.00311	0.00589	0.00932	0.01114	0.06814	0.03875	0.80330	0.01021	0.00479	0.00137	0.00205	0.00852	0.00379	0.00344
74	0.80564	0.00776	0.00628	0.00551	0.00808	0.00881	0.00454	0.01265	0.00734	0.09389	0.00661	0.00726	0.00492	0.00388	0.00266	0.00126	0.00317	0.00237	0.00274	0.00463
75	0.00756	0.00378	0.00378	0.00378	0.00473	0.00378	0.00284	0.00945	0.00851	0.01513	0.01324	0.01513	0.01040	0.00473	0.00284	0.00095	0.00189	0.00378	0.87994	0.00378
76	0.01709	0.00666	0.00906	0.00703	0.00997	0.00577	0.00577	0.01869	0.01160	0.76161	0.08889	0.01529	0.01257	0.00531	0.00414	0.00126	0.00331	0.00437	0.00497	0.00663
77	0.03696	0.00642	0.00758	0.00658	0.00847	0.00656	0.00515	0.07624	0.20804	0.16370	0.39909	0.02137	0.02350	0.00663	0.00437	0.00129	0.00274	0.00565	0.00439	0.00526
78	0.01542	0.01136	0.01218	0.00933	0.01258	0.01258	0.00771	0.81858	0.01908	0.02557	0.00974	0.00974	0.00690	0.00487	0.00406	0.00122	0.00446	0.00365	0.00406	0.00690
79	0.88607	0.00785	0.00596	0.00534	0.00785	0.00910	0.00439	0.01193	0.00690	0.01820	0.00565	0.00659	0.00439	0.00377	0.00251	0.00126	0.00314	0.00220	0.00251	0.00439
80	0.00497	0.00354	0.00470	0.00561	0.00584	0.00332	0.00372	0.00566	0.00771	0.01028	0.02206	0.82870	0.02645	0.03930	0.00567	0.00172	0.00240	0.01136	0.00372	0.00327
81	0.00632	0.00473	0.00614	0.00679	0.00788	0.00464	0.00580	0.00843	0.04473	0.01210	0.02543	0.04301	0.19414	0.01076	0.00537	0.00174	0.00336	0.60110	0.00376	0.00379
82	0.01820	0.00690	0.00942	0.00722	0.01036	0.00596	0.00596	0.01977	0.01161	0.83492	0.01601	0.01381	0.01004	0.00502	0.00408	0.00126	0.00345	0.00408	0.00502	0.00690
83	0.01085	0.85986	0.02126	0.00694	0.01041	0.01605	0.00694	0.01215	0.00824	0.00955	0.00564	0.00651	0.00521	0.00347	0.00260	0.00087	0.00434	0.00217	0.00174	0.00521
84	0.01559	0.01070	0.01172	0.00903	0.01223	0.01165	0.00744	0.68886	0.04589	0.12887	0.01078	0.01045	0.00749	0.00491	0.00406	0.00123	0.00429	0.00374	0.00418	0.00688
85	0.00766	0.00721	0.01217	0.84767	0.02794	0.00901	0.01127	0.01037	0.00811	0.01037	0.00721	0.01082	0.00541	0.00406	0.00406	0.00135	0.00541	0.00361	0.00180	0.00451
86	0.00979	0.00845	0.00888	0.00802	0.01026	0.00971	0.00623	0.02065	0.77785	0.01663	0.01793	0.01651	0.05946	0.00578	0.00417	0.00138	0.00314	0.00482	0.00411	0.00625
87	0.00563	0.00403	0.00549	0.00641	0.00697	0.00389	0.00495	0.00684	0.00847	0.01114	0.02229	0.49226	0.03860	0.01202	0.00536	0.00174	0.00295	0.35373	0.00375	0.00349
88	0.00527	0.00423	0.00473	0.00473	0.00588	0.00378	0.00350	0.00691	0.04178	0.01254	0.24831	0.13652	0.48762	0.00986	0.00481	0.00138	0.00210	0.00845	0.00397	0.00363
89	0.00990	0.56515	0.30763	0.00857	0.01292	0.01372	0.00977	0.01239	0.00836	0.01071	0.00622	0.00723	0.00518	0.00361	0.00304	0.00101	0.00492	0.00246	0.00173	0.00548
90	0.00770	0.00726	0.01201	0.75458	0.02592	0.00917	0.01088	0.01022	0.00791	0.01029	0.00717	0.01082	0.00555	0.00512	0.03071	0.00155	0.07324	0.00362	0.00181	0.00447
91	0.01793	0.00697	0.00941	0.00725	0.01036	0.00610	0.00598	0.01983	0.03924	0.80713	0.01602	0.01385	0.01012	0.00504	0.00408	0.00126	0.00344	0.00410	0.00499	0.00689
92	0.00766	0.00721	0.01217	0.84767	0.02794	0.00901	0.01127	0.01037	0.00811	0.01037	0.00721	0.01082	0.00541	0.00406	0.00406	0.00135	0.00541	0.00361	0.00180	0.00451
93	0.00681	0.00437	0.00567	0.00541	0.00653	0.00398	0.00411	0.00848	0.01078	0.09323	0.55478	0.12288	0.09841	0.00879	0.00481	0.00135	0.00222	0.04903	0.00435	0.00402
94	0.00820	0.02052	0.79891	0.01182	0.01773	0.00946	0.05201	0.01286	0.00861	0.01286	0.00732	0.00868	0.00519	0.00383	0.00390	0.00129	0.00603	0.00308	0.00173	0.00597
95	0.00864	0.00437	0.00457	0.00429	0.00549	0.00438	0.00329	0.05237	0.00925	0.06673	0.01323	0.01476	0.01019	0.00475	0.00298	0.00098	0.00212	0.00379	0.77969	0.00414
96	0.01066	0.01021	0.02147	0.01546	0.01933	0.00950	0.68539	0.01376	0.00982	0.12699	0.00963	0.03145	0.00719	0.00386	0.00470	0.00136	0.00626	0.00485	0.00250	0.00562
97	0.01472	0.01868	0.01247	0.01097	0.01322	0.77647	0.07084	0.01595	0.01135	0.01017	0.00642	0.00760	0.00530	0.00412	0.00375	0.00107	0.00728	0.00278	0.00209	0.00476
98	0.00854	0.00839	0.01179	0.01020	0.01028	0.01163	0.00846	0.00949	0.00625	0.00973	0.00593	0.00964	0.00585	0.00963	0.10302	0.00229	0.75908	0.00364	0.00182	0.00435
99	0.00714	0.00384	0.00563	0.03440	0.00622	0.00395	0.00386	0.00603	0.03324	0.00752	0.00755	0.01282	0.00741	0.03955	0.01520	0.79452	0.00359	0.00364	0.00187	0.00204
100	0.00590	0.00393	0.00442	0.00442	0.00442	0.00393	0.00246	0.00590	0.00590	0.00787	0.01278	0.02655	0.01475	0.85742	0.02065	0.00393	0.00393	0.00590	0.00246	0.00246
101	0.00632	0.00493	0.00579	0.00545	0.00672	0.00482	0.00412	0.02098	0.13749	0.01515	0.49189	0.05510	0.20898	0.00839	0.00469	0.00132	0.00220	0.00726	0.00423	0.00417
102	0.00580	0.00433	0.00644	0.00644	0.00714	0.00503	0.00498	0.00720	0.00650	0.00936	0.01094	0.01633	0.01031	0.06067	0.81133	0.00643	0.01061	0.00440	0.00218	0.00358
103	0.04396	0.17256	0.01309	0.00964	0.01199	0.66206	0.00756	0.01531	0.01075	0.01014	0.00613	0.00714	0.00519	0.00404	0.00343	0.00102	0.00663	0.00252	0.00204	0.00478
104	0.00814	0.02099	0.83640	0.01156	0.01756	0.00942	0.01499	0.01285	0.00857	0.01285	0.00728	0.00857	0.00514	0.00385	0.00385	0.00128	0.00600	0.00300	0.00171	0.00600
105	0.00944	0.00943	0.03215	0.31330	0.34999	0.05637	0.03348	0.03806	0.00920	0.01242	0.00744	0.00998	0.00593	0.00378	0.00393	0.00119	0.00506	0.00345	0.00204	0.09334
106	0.00654	0.00467	0.00654	0.00747	0.00841	0.00467	0.00654	0.00841	0.00934	0.01214	0.02148	0.04576	0.02335	0.01121	0.00560	0.00187	0.00374	0.80480	0.00374	0.00374
107	0.01318	0.04364	0.01146	0.00864	0.01165	0.01131	0.00709	0.52300	0.15867	0.02138	0.01044	0.01056	0.00775	0.00541	0.02510	0.00131	0.02031	0.00364	0.00371	0.10176
108	0.00567	0.00424	0.00528	0.00500	0.00606	0.00390	0.00376	0.00765	0.02917	0.01536	0.67440	0.03149	0.17577	0.00858	0.00477	0.00129	0.00197	0.00749	0.00434	0.00382
109	0.00814	0.02099	0.83640	0.01156	0.01756	0.00942	0.01499	0.01285	0.00857	0.01285	0.00728	0.00857	0.00514	0.00385	0.00385	0.00128	0.00600	0.00300	0.00171	0.00600
110	0.01542	0.01136	0.01218	0.00933	0.01258	0.01258	0.00771	0.81858	0.01908	0.02557	0.00974	0.00974	0.00690	0.00487	0.00406	0.00122	0.00446	0.00365	0.00406	0.00690
111	0.00888	0.00502	0.00581	0.00528	0.00672	0.00498	0.00407	0.01207	0.12372	0.13112	0.25212	0.01937	0.01875	0.00592	0.00376	0.00115	0.00230	0.00497	0.37940	0.00460
112	0.01783	0.00688	0.00933	0.00720	0.01028	0.00599	0.00593	0.01957	0.02546	0.80532	0.03159	0.01415	0.01062	0.00509	0.00409	0.00126	0.00342	0.00415	0.00500	0.00684
113	0.00933	0.01052	0.02276	0.05335	0.02097	0.00996	0.75377	0.01263	0.00945	0.01279	0.00865	0.04002	0.00684	0.00377	0.00477	0.00138	0.00662	0.00497	0.00210	0.00535
114	0.02899	0.00709	0.00948	0.00728	0.01041	0.00625	0.00601	0.05009	0.01184	0.79384	0.01564	0.01356	0.00985	0.00500	0.00406	0.00125	0.00349	0.00404	0.00495	0.00687
115	0.00637	0.00462	0.00586	0.00538	0.00648	0.00440	0.00408	0.06030	0.01198	0.01687	0.77672	0.02897	0.03624	0.00807	0.00474	0.00127	0.00208	0.00710	0.00444	0.00403
116	0.01542	0.01136	0.01218	0.00933	0.01258	0.01258	0.00771	0.81858	0.01908	0.02557	0.00974	0.00974	0.00690	0.00487	0.00406	0.00122	0.00446	0.00365	0.00406	0.00690
117	0.01516	0.01764	0.01124	0.01006	0.01227	0.71403	0.00762	0.03650	0.05131	0.07606	0.00763	0.00827	0.00600	0.00433	0.00372	0.00108	0.00674	0.00285	0.00247	0.00502
118	0.00506	0.00362	0.00483	0.00570	0.00600	0.00339	0.00389	0.00589	0.00806	0.01079	0.07054	0.77042	0.02737	0.01238	0.00517	0.00164	0.00239	0.04573	0.00381	0.00335
119	0.01820	0.00690	0.00942	0.00722	0.01036	0.00596	0.00596	0.01977	0.01161	0.83492	0.01601	0.01381	0.01004	0.00502	0.00408	0.00126	0.00345	0.00408	0.00502	0.00690
120	0.00481	0.00411	0.00413	0.00413	0.00549	0.00343	0.00310	0.00586	0.00929	0.01106	0.05543	0.03889	0.81608	0.01024	0.00479	0.00137	0.00205	0.00854	0.00378	0.00343
121	0.00937	0.01047	0.02232	0.11403	0.04954	0.01009	0.69621	0.01267	0.00939	0.01270	0.00807	0.01090	0.00608	0.00350	0.00468	0.00136	0.00660	0.00461	0.00202	0.00539
122	0.00590	0.00393	0.00442	0.00442	0.00442	0.00393	0.00246	0.00590	0.00590	0.00787	0.01278	0.02655	0.01475	0.85742	0.02065	0.00393	0.00393	0.00590	0.00246	0.00246
123	0.86166	0.00794	0.00614	0.00545	0.00798	0.00920	0.00449	0.03455	0.00725	0.01841	0.00576	0.00668	0.00446	0.00380	0.00255	0.00125	0.00318	0.00224	0.00255	0.00446
124	0.03539	0.83596	0.02083	0.00690	0.01034	0.01586	0.00687	0.01214	0.00821	0.00979	0.00564	0.00651	0.00518	0.00348	0.00260	0.00088	0.00431	0.00217	0.00176	0.00518
125	0.03680	0.03448	0.01179	0.01971	0.01216	0.01187	0.00735	0.67604	0.04246	0.06121	0.01009	0.01051	0.00735	0.03378	0.00455	0.00131	0.00434	0.00370	0.00392	0.00659
126	0.08120	0.66483	0.04665	0.00726	0.01062	0.01477	0.00711	0.07185	0.00894	0.02285	0.00613	0.00699	0.00533	0.00373	0.00307	0.00097	0.02801	0.00237	0.00201	0.00530

[dist]
# distance from previous block
# <min> <max>
1	5

[block]
# block no. 1 follows, 66 sequences, length 94
# corresponding to MSA columns:
# 265-282,284-334,356-380
name=unknown_B
#
# <colnr> <probs for GDERKNQSTAVLIFYWHMCP>
#	G	D	E	R	K	N	Q	S	T	A	V	L	I	F	Y	W	H	M	C	P
0	0.65972	0.05394	0.07621	0.01633	0.00932	0.00940	0.00578	0.01248	0.00744	0.07561	0.00653	0.00741	0.00495	0.00398	0.00318	0.00126	0.03670	0.00247	0.00255	0.00475
1	0.09039	0.00892	0.00976	0.00785	0.01065	0.00948	0.00635	0.34488	0.16426	0.14526	0.06465	0.03078	0.01057	0.00516	0.00393	0.00122	0.00364	0.00408	0.00397	0.07422
2	0.01789	0.00683	0.00931	0.00716	0.01025	0.00591	0.00591	0.01946	0.01161	0.81414	0.03666	0.01423	0.01076	0.00510	0.00410	0.00126	0.00341	0.00416	0.00501	0.00683
3	0.00654	0.00467	0.00654	0.00747	0.00841	0.00467	0.00654	0.00841	0.00934	0.01214	0.02148	0.04576	0.02335	0.01121	0.00560	0.00187	0.00374	0.80480	0.00374	0.00374
4	0.01542	0.01136	0.01218	0.00933	0.01258	0.01258	0.00771	0.81858	0.01908	0.02557	0.00974	0.00974	0.00690	0.00487	0.00406	0.00122	0.00446	0.00365	0.00406	0.00690
5	0.00766	0.00721	0.01217	0.84767	0.02794	0.00901	0.01127	0.01037	0.00811	0.01037	0.00721	0.01082	0.00541	0.00406	0.00406	0.00135	0.00541	0.00361	0.00180	0.00451
6	0.00841	0.00721	0.00841	0.00601	0.00961	0.00541	0.00481	0.01022	0.00841	0.01322	0.00721	0.00841	0.00601	0.00300	0.00300	0.00060	0.00300	0.00240	0.00240	0.88222
7	0.00590	0.00395	0.00451	0.00451	0.00454	0.00398	0.00256	0.00595	0.00592	0.00793	0.01271	0.02613	0.01457	0.82499	0.05283	0.00403	0.00421	0.00584	0.00245	0.00250
8	0.88607	0.00785	0.00596	0.00534	0.00785	0.00910	0.00439	0.01193	0.00690	0.01820	0.00565	0.00659	0.00439	0.00377	0.00251	0.00126	0.00314	0.00220	0.00251	0.00439
9	0.00577	0.00417	0.00547	0.00520	0.00615	0.00386	0.00393	0.00769	0.01140	0.01611	0.79870	0.03090	0.03770	0.00841	0.00482	0.00130	0.00198	0.03818	0.00444	0.00382
10	0.01820	0.00690	0.00942	0.00722	0.01036	0.00596	0.00596	0.01977	0.01161	0.83492	0.01601	0.01381	0.01004	0.00502	0.00408	0.00126	0.00345	0.00408	0.00502	0.00690
11	0.00533	0.00421	0.00488	0.00511	0.00625	0.00376	0.00402	0.00665	0.00948	0.01191	0.14165	0.08898	0.49021	0.01037	0.00500	0.00149	0.00244	0.19088	0.00385	0.00354
12	0.00530	0.00378	0.00511	0.00605	0.00644	0.00360	0.00438	0.00626	0.00812	0.01075	0.02217	0.67589	0.02606	0.01238	0.00527	0.00170	0.00266	0.18693	0.00376	0.00339
13	0.00588	0.00393	0.00443	0.00445	0.00445	0.00392	0.00248	0.00590	0.00593	0.00791	0.01294	0.04044	0.01495	0.84325	0.02039	0.00389	0.00391	0.00599	0.00248	0.00247
14	0.06585	0.00696	0.00923	0.00712	0.01022	0.00614	0.00588	0.01934	0.01135	0.79008	0.01544	0.01341	0.00973	0.00495	0.00399	0.00126	0.00344	0.00398	0.00488	0.00677
15	0.88607	0.00785	0.00596	0.00534	0.00785	0.00910	0.00439	0.01193	0.00690	0.01820	0.00565	0.00659	0.00439	0.00377	0.00251	0.00126	0.00314	0.00220	0.00251	0.00439
16	0.00525	0.00410	0.00458	0.00459	0.00576	0.00374	0.00346	0.00647	0.00887	0.01143	0.09224	0.06126	0.54746	0.01295	0.13697	0.00215	0.00344	0.00752	0.07425	0.00351
17	0.01047	0.64488	0.19281	0.00808	0.01202	0.05193	0.00868	0.01248	0.00846	0.01026	0.00602	0.00698	0.00519	0.00358	0.00291	0.00096	0.00482	0.00236	0.00175	0.00535
18	0.00981	0.10807	0.48988	0.01019	0.01466	0.11888	0.01155	0.04143	0.04078	0.03783	0.00796	0.00921	0.00604	0.00607	0.06909	0.00162	0.00613	0.00308	0.00208	0.00563
19	0.21754	0.00995	0.01310	0.06341	0.47938	0.07900	0.00985	0.04409	0.00915	0.01441	0.00707	0.00901	0.00579	0.00383	0.00379	0.00122	0.01833	0.00320	0.00220	0.00568
20	0.62209	0.02833	0.06074	0.00799	0.09392	0.00888	0.02256	0.01165	0.00770	0.01676	0.06357	0.00947	0.02424	0.00419	0.00301	0.00125	0.00349	0.00293	0.00254	0.00469
21	0.00879	0.00720	0.00845	0.00606	0.00964	0.00543	0.00485	0.01059	0.00854	0.04500	0.00755	0.00862	0.00617	0.00308	0.00305	0.00063	0.00302	0.00247	0.00250	0.84836
22	0.00956	0.01089	0.02367	0.01695	0.02095	0.01031	0.79817	0.01292	0.00950	0.01292	0.00814	0.01089	0.00614	0.00351	0.00499	0.00138	0.02686	0.00476	0.00205	0.00545
23	0.00494	0.00353	0.00471	0.00565	0.00588	0.00330	0.00377	0.00565	0.00777	0.01036	0.02236	0.85477	0.02683	0.01271	0.00518	0.00165	0.00235	0.01153	0.00377	0.00330
24	0.00615	0.00400	0.00549	0.00549	0.00579	0.00429	0.00379	0.00629	0.00599	0.00829	0.01054	0.01861	0.01091	0.30623	0.35201	0.22992	0.00664	0.00466	0.00216	0.00275
25	0.00876	0.00870	0.01220	0.01049	0.01052	0.01214	0.00873	0.00967	0.00623	0.00975	0.00554	0.00915	0.00551	0.00800	0.04534	0.00196	0.81754	0.00358	0.00179	0.00441
26	0.00632	0.00453	0.00628	0.00717	0.00804	0.00448	0.00613	0.00806	0.00922	0.01204	0.04234	0.13266	0.03408	0.01128	0.00553	0.00182	0.00352	0.68906	0.00376	0.00369
27	0.01085	0.85986	0.02126	0.00694	0.01041	0.01605	0.00694	0.01215	0.00824	0.00955	0.00564	0.00651	0.00521	0.00347	0.00260	0.00087	0.00434	0.00217	0.00174	0.00521
28	0.00841	0.00721	0.00841	0.00601	0.00961	0.00541	0.00481	0.01022	0.00841	0.01322	0.00721	0.00841	0.00601	0.00300	0.00300	0.00060	0.00300	0.00240	0.00240	0.88222
29	0.01542	0.01136	0.01218	0.00933	0.01258	0.01258	0.00771	0.81858	0.01908	0.02557	0.00974	0.00974	0.00690	0.00487	0.00406	0.00122	0.00446	0.00365	0.00406	0.00690
30	0.88607	0.00785	0.00596	0.00534	0.00785	0.00910	0.00439	0.01193	0.00690	0.01820	0.00565	0.00659	0.00439	0.00377	0.00251	0.00126	0.00314	0.00220	0.00251	0.00439
31	0.01009	0.00872	0.00917	0.00826	0.01055	0.01009	0.00642	0.02156	0.82478	0.01697	0.01651	0.01514	0.01238	0.00550	0.00413	0.00138	0.00321	0.00459	0.00413	0.00642
32	0.00583	0.00403	0.00501	0.00505	0.00526	0.00422	0.00323	0.00626	0.00615	0.00840	0.01269	0.06057	0.01403	0.59420	0.24381	0.00454	0.00575	0.00573	0.00244	0.00281
33	0.00557	0.00424	0.00515	0.00506	0.00609	0.00390	0.00376	0.00746	0.03882	0.01419	0.49365	0.12232	0.24255	0.00925	0.00482	0.00135	0.00208	0.02181	0.00418	0.00375
34	0.00869	0.01025	0.08376	0.24931	0.02163	0.00964	0.45072	0.01180	0.00878	0.01192	0.00789	0.01091	0.00605	0.00526	0.05077	0.00166	0.03965	0.00424	0.00195	0.00510
35	0.00608	0.00444	0.00575	0.00562	0.00588	0.00495	0.00385	0.00666	0.00614	0.00856	0.01156	0.02150	0.01243	0.50175	0.31240	0.00470	0.06724	0.00518	0.00231	0.00302
36	0.11417	0.60046	0.08371	0.00745	0.01092	0.06191	0.00738	0.05387	0.00886	0.01168	0.00602	0.00690	0.00519	0.00365	0.00283	0.00097	0.00451	0.00234	0.00196	0.00523
37	0.01820	0.00690	0.00942	0.00722	0.01036	0.00596	0.00596	0.01977	0.01161	0.83492	0.01601	0.01381	0.01004	0.00502	0.00408	0.00126	0.00345	0.00408	0.00502	0.00690
38	0.00998	0.00956	0.01631	0.02462	0.81878	0.00956	0.01236	0.01239	0.00924	0.01324	0.00786	0.01062	0.00670	0.00374	0.00404	0.00122	0.00480	0.01658	0.00204	0.00638
39	0.01820	0.00690	0.00942	0.00722	0.01036	0.00596	0.00596	0.01977	0.01161	0.83492	0.01601	0.01381	0.01004	0.00502	0.00408	0.00126	0.00345	0.00408	0.00502	0.00690
40	0.00480	0.00411	0.00411	0.00411	0.00548	0.00343	0.00308	0.00582	0.00925	0.01096	0.04110	0.03905	0.83046	0.01028	0.00480	0.00137	0.00206	0.00856	0.00377	0.00343
41	0.88607	0.00785	0.00596	0.00534	0.00785	0.00910	0.00439	0.01193	0.00690	0.01820	0.00565	0.00659	0.00439	0.00377	0.00251	0.00126	0.00314	0.00220	0.00251	0.00439
42	0.01553	0.01119	0.01207	0.00925	0.01249	0.01232	0.00764	0.78726	0.01878	0.05731	0.00999	0.00990	0.00702	0.00488	0.00406	0.00122	0.00442	0.00367	0.00410	0.00690
43	0.88607	0.00785	0.00596	0.00534	0.00785	0.00910	0.00439	0.01193	0.00690	0.01820	0.00565	0.00659	0.00439	0.00377	0.00251	0.00126	0.00314	0.00220	0.00251	0.00439
44	0.01518	0.01113	0.01192	0.00916	0.01234	0.01231	0.00756	0.79355	0.01875	0.02525	0.00985	0.00991	0.00701	0.00487	0.00402	0.00121	0.00438	0.00366	0.03115	0.00680
45	0.00814	0.02099	0.83640	0.01156	0.01756	0.00942	0.01499	0.01285	0.00857	0.01285	0.00728	0.00857	0.00514	0.00385	0.00385	0.00128	0.00600	0.00300	0.00171	0.00600
46	0.88607	0.00785	0.00596	0.00534	0.00785	0.00910	0.00439	0.01193	0.00690	0.01820	0.00565	0.00659	0.00439	0.00377	0.00251	0.00126	0.00314	0.00220	0.00251	0.00439
47	0.01820	0.00690	0.00942	0.00722	0.01036	0.00596	0.00596	0.01977	0.01161	0.83492	0.01601	0.01381	0.01004	0.00502	0.00408	0.00126	0.00345	0.00408	0.00502	0.00690
48	0.00958	0.01094	0.02394	0.01710	0.02120	0.01026	0.81737	0.01300	0.00958	0.01300	0.00821	0.01094	0.00616	0.00342	0.00479	0.00137	0.00684	0.00479	0.00205	0.00547
49	0.00943	0.01070	0.02323	0.01669	0.02062	0.01008	0.78348	0.01274	0.00948	0.01288	0.00858	0.03548	0.00675	0.00374	0.00491	0.00138	0.01735	0.00497	0.00210	0.00540
50	0.01403	0.01349	0.01168	0.05597	0.02992	0.29816	0.00792	0.37000	0.11017	0.01774	0.00907	0.00959	0.00684	0.00468	0.00412	0.00120	0.02297	0.00340	0.00317	0.00589
51	0.00511	0.00365	0.00482	0.00571	0.00599	0.00344	0.00383	0.01830	0.00794	0.01059	0.02216	0.84162	0.02652	0.01259	0.00516	0.00164	0.00239	0.01141	0.00377	0.00335
52	0.00949	0.01184	0.11188	0.01770	0.14654	0.01007	0.60457	0.01290	0.00941	0.01302	0.00802	0.01054	0.00609	0.00350	0.00457	0.00133	0.00643	0.00441	0.00201	0.00568
53	0.00878	0.17127	0.67214	0.01069	0.01617	0.01068	0.01339	0.03034	0.00874	0.01253	0.00704	0.00822	0.00519	0.00381	0.00363	0.00121	0.00567	0.00286	0.00177	0.00587
54	0.00738	0.02425	0.04526	0.00783	0.05229	0.05496	0.01475	0.00908	0.00970	0.03571	0.32996	0.10660	0.07602	0.00899	0.04071	0.00162	0.09052	0.07672	0.00345	0.00421
55	0.00581	0.00430	0.00630	0.00630	0.00694	0.00495	0.00479	0.00710	0.00645	0.00925	0.01107	0.01708	0.01064	0.11907	0.75337	0.00624	0.01012	0.00451	0.00220	0.00350
56	0.00955	0.00925	0.01141	0.02705	0.01094	0.05831	0.00812	0.05719	0.13738	0.01194	0.02061	0.04573	0.00793	0.00675	0.01013	0.00162	0.55476	0.00406	0.00242	0.00485
57	0.01003	0.02908	0.04338	0.09442	0.51200	0.00900	0.03317	0.02909	0.00930	0.05256	0.00794	0.00994	0.00638	0.00366	0.00386	0.00113	0.00462	0.00344	0.00222	0.13478
58	0.06152	0.06770	0.09731	0.00905	0.01239	0.03108	0.00805	0.53999	0.07847	0.02144	0.00971	0.02807	0.00729	0.00482	0.00388	0.00122	0.00446	0.00363	0.00353	0.00639
59	0.00626	0.00450	0.00620	0.00708	0.00796	0.00444	0.00603	0.00794	0.00914	0.01187	0.02256	0.14335	0.06373	0.01134	0.00551	0.00182	0.00349	0.66937	0.00374	0.00367
60	0.03108	0.00925	0.00973	0.00842	0.01092	0.01059	0.00665	0.18888	0.63687	0.01881	0.01484	0.01381	0.01105	0.00533	0.00408	0.00134	0.00347	0.00434	0.00408	0.00648
61	0.00493	0.00357	0.00467	0.00555	0.00586	0.00330	0.00372	0.00566	0.00786	0.01040	0.02358	0.80161	0.07920	0.01255	0.00515	0.00163	0.00233	0.01134	0.00377	0.00330
62	0.01099	0.03728	0.04309	0.01987	0.53646	0.11031	0.05691	0.07622	0.02385	0.01365	0.00768	0.00964	0.00630	0.00389	0.00421	0.00121	0.02665	0.00351	0.00219	0.00610
63	0.00848	0.12721	0.73317	0.01098	0.01665	0.01026	0.01397	0.01276	0.00852	0.01243	0.00707	0.00831	0.00515	0.00381	0.00370	0.00123	0.00579	0.00289	0.00172	0.00590
64	0.05177	0.00694	0.00928	0.00715	0.01026	0.00608	0.00590	0.01947	0.01143	0.80333	0.01561	0.01353	0.00982	0.00497	0.00402	0.00126	0.00344	0.00401	0.00492	0.00681
65	0.00591	0.00491	0.00529	0.00522	0.00660	0.00469	0.00395	0.00889	0.15612	0.01248	0.10113	0.11479	0.50527	0.00952	0.00474	0.00141	0.00235	0.03884	0.00389	0.00400
66	0.01123	0.08571	0.01427	0.01543	0.32816	0.21914	0.05354	0.03119	0.12673	0.01298	0.04627	0.01108	0.01790	0.00432	0.00391	0.00117	0.00511	0.00367	0.00249	0.00569
67	0.01120	0.00682	0.00869	0.00806	0.04587	0.00688	0.01571	0.15395	0.06618	0.23462	0.03600	0.23598	0.06358	0.00775	0.00484	0.00142	0.03285	0.05026	0.00402	0.00535
68	0.01373	0.00651	0.00826	0.00667	0.00914	0.00602	0.00538	0.08970	0.04184	0.47362	0.18311	0.01884	0.07925	0.00609	0.00424	0.00126	0.00307	0.00506	0.03232	0.00589
69	0.00501	0.00359	0.00478	0.00571	0.00599	0.00336	0.00388	0.00578	0.00786	0.01045	0.02259	0.80648	0.03824	0.01261	0.00519	0.00165	0.00241	0.04733	0.00376	0.00332
70	0.01039	0.03643	0.04675	0.02840	0.04304	0.10575	0.00709	0.08721	0.44442	0.01561	0.04746	0.06827	0.03001	0.00574	0.00411	0.00131	0.00393	0.00472	0.00355	0.00579
71	0.00615	0.00529	0.00540	0.00517	0.00678	0.00513	0.00394	0.00984	0.21767	0.01250	0.03482	0.03293	0.62139	0.00906	0.00462	0.00137	0.00235	0.00755	0.00386	0.00419
72	0.00494	0.00353	0.00471	0.00565	0.00588	0.00330	0.00377	0.00565	0.00777	0.01036	0.02236	0.85477	0.02683	0.01271	0.00518	0.00165	0.00235	0.01153	0.00377	0.00330
73	0.01004	0.00964	0.01647	0.02490	0.83211	0.00964	0.01245	0.01245	0.00924	0.01325	0.00763	0.01004	0.00643	0.00361	0.00402	0.00120	0.00482	0.00361	0.00201	0.00643
74	0.00950	0.01150	0.06855	0.01680	0.02100	0.01021	0.77332	0.01299	0.00952	0.01299	0.00816	0.01081	0.00610	0.00344	0.00474	0.00136	0.00679	0.00469	0.00203	0.00550
75	0.00574	0.00415	0.00542	0.00510	0.00606	0.00383	0.00383	0.00766	0.01148	0.01627	0.82997	0.03031	0.03828	0.00829	0.00479	0.00128	0.00191	0.00734	0.00447	0.00383
76	0.00654	0.00467	0.00654	0.00747	0.00841	0.00467	0.00654	0.00841	0.00934	0.01214	0.02148	0.04576	0.02335	0.01121	0.00560	0.00187	0.00374	0.80480	0.00374	0.00374
77	0.00814	0.02099	0.83640	0.01156	0.01756	0.00942	0.01499	0.01285	0.00857	0.01285	0.00728	0.00857	0.00514	0.00385	0.00385	0.00128	0.00600	0.00300	0.00171	0.00600
78	0.00833	0.08020	0.77886	0.01124	0.01706	0.00989	0.01442	0.01280	0.00854	0.01262	0.00717	0.00842	0.00514	0.00383	0.00377	0.00126	0.00588	0.00294	0.00171	0.00594
79	0.01004	0.00960	0.01618	0.02425	0.79989	0.00966	0.01221	0.01281	0.04122	0.01340	0.00798	0.01024	0.00666	0.00369	0.00402	0.00121	0.00476	0.00365	0.00209	0.00643
80	0.00494	0.00354	0.00469	0.00562	0.00588	0.00330	0.00375	0.00565	0.00780	0.01037	0.02277	0.83703	0.04431	0.01266	0.00517	0.00164	0.00235	0.01147	0.00377	0.00330
81	0.01444	0.01603	0.04904	0.01061	0.04481	0.47384	0.00823	0.25973	0.05823	0.01533	0.00799	0.00864	0.00617	0.00443	0.00383	0.00113	0.00607	0.00309	0.00278	0.00559
82	0.02243	0.16043	0.17497	0.00913	0.01295	0.01202	0.00881	0.45194	0.01437	0.06211	0.00877	0.00910	0.00638	0.00438	0.00373	0.00116	0.00464	0.00324	0.00319	0.02625
83	0.01152	0.08641	0.01135	0.00959	0.06117	0.14671	0.00716	0.10703	0.47063	0.01577	0.01254	0.01232	0.00964	0.01519	0.00410	0.00128	0.00423	0.00390	0.00343	0.00604
84	0.01516	0.01909	0.01152	0.01042	0.01254	0.81550	0.00784	0.04102	0.01173	0.01041	0.00638	0.00739	0.00528	0.00420	0.00367	0.00105	0.00723	0.00265	0.00215	0.00477
85	0.00550	0.00414	0.00509	0.00486	0.00592	0.00373	0.00364	0.00720	0.01092	0.01494	0.63241	0.03249	0.23667	0.00879	0.00479	0.00130	0.00195	0.00764	0.00429	0.00373
86	0.00818	0.03430	0.82346	0.01149	0.01745	0.00953	0.01486	0.01284	0.00856	0.01280	0.00725	0.00853	0.00514	0.00385	0.00383	0.00128	0.00597	0.00298	0.00171	0.00598
87	0.00553	0.00409	0.00516	0.00500	0.00596	0.00372	0.00371	0.00720	0.01081	0.01494	0.63827	0.10514	0.15746	0.00899	0.00482	0.00132	0.00197	0.00790	0.00430	0.00372
88	0.00839	0.00490	0.00670	0.00690	0.00818	0.00468	0.00582	0.01016	0.00992	0.15347	0.12995	0.07369	0.02280	0.00960	0.00512	0.00164	0.00331	0.49588	0.03462	0.00427
89	0.00966	0.00821	0.00875	0.00787	0.01003	0.00937	0.00611	0.03817	0.70593	0.01696	0.09834	0.01708	0.03379	0.00588	0.00421	0.00136	0.00308	0.00493	0.00415	0.00610
90	0.00624	0.00452	0.00612	0.00671	0.00768	0.00440	0.00570	0.00805	0.00979	0.01293	0.19482	0.04197	0.08815	0.01052	0.00537	0.00170	0.00322	0.57451	0.00389	0.00373
91	0.01009	0.00876	0.00950	0.00901	0.04767	0.01007	0.00669	0.02115	0.78793	0.01680	0.01611	0.01491	0.01212	0.00542	0.00412	0.00137	0.00328	0.00454	0.00403	0.00642
92	0.01060	0.00792	0.00974	0.00833	0.08021	0.00644	0.00597	0.03999	0.00966	0.11637	0.00934	0.02480	0.00755	0.00398	0.00359	0.00090	0.00348	0.00314	0.00300	0.64499
93	0.16009	0.14722	0.32266	0.01186	0.12667	0.08993	0.06279	0.01286	0.00867	0.01304	0.00676	0.00814	0.00527	0.00375	0.00349	0.00119	0.00527	0.00290	0.00195	0.00550

[dist]
# distance from previous block
# <min> <max>
0	1

[block]
# block no. 2 follows, 66 sequences, length 18
# corresponding to MSA columns:
# 382-399
name=unknown_C
#
# <colnr> <probs for GDERKNQSTAVLIFYWHMCP>
#	G	D	E	R	K	N	Q	S	T	A	V	L	I	F	Y	W	H	M	C	P
0	0.06555	0.08351	0.06914	0.04998	0.28612	0.11685	0.08759	0.07640	0.02376	0.09097	0.00828	0.00962	0.00637	0.00396	0.00383	0.00119	0.00511	0.00341	0.00248	0.00586
1	0.00676	0.03010	0.04927	0.00779	0.05339	0.03540	0.02746	0.00802	0.00834	0.03643	0.01848	0.49489	0.02094	0.05684	0.00579	0.00170	0.00336	0.12777	0.00336	0.00390
2	0.00588	0.00402	0.00484	0.00484	0.00498	0.00416	0.00297	0.00617	0.00602	0.00817	0.01240	0.02445	0.01384	0.69393	0.18289	0.00444	0.00530	0.00559	0.00240	0.00269
3	0.00851	0.00840	0.01290	0.15825	0.04223	0.01098	0.06921	0.01000	0.00692	0.01020	0.00639	0.00997	0.00582	0.00804	0.07682	0.00203	0.54323	0.00372	0.00184	0.00453
4	0.00638	0.00455	0.00635	0.00729	0.00815	0.00453	0.00626	0.00813	0.00918	0.01196	0.02157	0.12790	0.02370	0.01136	0.00556	0.00185	0.00360	0.72426	0.00374	0.00369
5	0.00601	0.00413	0.00504	0.00503	0.00522	0.00436	0.00322	0.00643	0.00623	0.00868	0.01261	0.05726	0.01387	0.59719	0.17746	0.00413	0.02931	0.00566	0.04533	0.00284
6	0.02346	0.04452	0.02392	0.00862	0.02389	0.05103	0.00687	0.19475	0.46383	0.06763	0.01352	0.01284	0.01002	0.00508	0.00396	0.00128	0.00378	0.00406	0.03065	0.00631
7	0.00996	0.00969	0.01589	0.10670	0.72667	0.03499	0.01219	0.01236	0.00919	0.01286	0.00755	0.01004	0.00629	0.00368	0.00401	0.00121	0.00495	0.00358	0.00199	0.00618
8	0.01030	0.14250	0.49745	0.01032	0.01525	0.00997	0.05633	0.04421	0.00939	0.12701	0.00839	0.00916	0.00598	0.00395	0.00373	0.00120	0.00529	0.00313	0.00231	0.03414
9	0.00867	0.06915	0.59201	0.01218	0.01748	0.01002	0.16687	0.01326	0.04863	0.01288	0.00781	0.00922	0.00569	0.00383	0.00397	0.00128	0.00592	0.00337	0.00190	0.00587
10	0.00538	0.00387	0.00510	0.00535	0.00598	0.00359	0.00380	0.00675	0.00980	0.01359	0.46356	0.40436	0.03309	0.01030	0.00496	0.00144	0.00211	0.00924	0.00415	0.00359
11	0.01041	0.04081	0.43098	0.01221	0.01706	0.00950	0.23258	0.05226	0.00977	0.13223	0.00886	0.00997	0.00621	0.00394	0.00411	0.00129	0.00574	0.00365	0.00240	0.00600
12	0.00964	0.01591	0.49690	0.05080	0.10386	0.03075	0.04669	0.01327	0.00910	0.10684	0.02040	0.01117	0.00703	0.00438	0.00426	0.00131	0.02695	0.03261	0.00227	0.00587
13	0.00792	0.00742	0.13087	0.00684	0.00881	0.00562	0.00622	0.01034	0.03978	0.11924	0.34841	0.07372	0.09528	0.00837	0.03366	0.00154	0.04630	0.04130	0.00376	0.00459
14	0.00536	0.00417	0.00454	0.02154	0.00611	0.00362	0.00341	0.00635	0.00896	0.03759	0.03579	0.15263	0.63992	0.04492	0.00546	0.00151	0.00229	0.00863	0.00371	0.00350
15	0.04901	0.05757	0.05364	0.01404	0.27000	0.09545	0.04649	0.17406	0.04372	0.06737	0.03743	0.03873	0.00873	0.00470	0.00398	0.00123	0.00471	0.02037	0.00287	0.00591
16	0.04881	0.26903	0.10816	0.01043	0.10887	0.11897	0.04290	0.02708	0.06575	0.08384	0.00939	0.04987	0.01908	0.00449	0.00356	0.00114	0.00471	0.00353	0.01495	0.00548
17	0.00577	0.00433	0.00504	0.00524	0.00630	0.00398	0.00387	0.00748	0.05770	0.03731	0.10534	0.29008	0.38093	0.01046	0.00490	0.00148	0.00235	0.05981	0.00389	0.00373

[dist]
# distance from previous block
# <min> <max>
0	33

# created by:
# /st0/software/busco_prod/Augustus/scripts/msa2prfl.pl ./align_prep/94422.fa
