[name]
unknown

[dist]
# distance from previous block
# <min> <max>
0	162

[block]
# block no. 0 follows, 59 sequences, length 60
# corresponding to MSA columns:
# 175-200,210-231,234-245
name=unknown_A
#
# <colnr> <probs for GDERKNQSTAVLIFYWHMCP>
#	G	D	E	R	K	N	Q	S	T	A	V	L	I	F	Y	W	H	M	C	P
0	0.00735	0.00531	0.00721	0.00810	0.00919	0.00539	0.00702	0.00996	0.05423	0.01358	0.02290	0.04727	0.02446	0.01171	0.00595	0.00198	0.00399	0.72770	0.02247	0.00423
1	0.00537	0.00389	0.00507	0.00602	0.00637	0.00360	0.00404	0.00616	0.00858	0.01133	0.02593	0.77951	0.09057	0.01363	0.00560	0.00177	0.00254	0.01230	0.00410	0.00360
2	0.01028	0.01160	0.02476	0.01788	0.02194	0.01121	0.72875	0.01375	0.01012	0.01384	0.00898	0.02667	0.00704	0.00420	0.00590	0.00153	0.06824	0.00525	0.00225	0.00583
3	0.00522	0.00447	0.00447	0.00447	0.00597	0.00373	0.00336	0.00634	0.01007	0.01193	0.04474	0.04250	0.81544	0.01119	0.00522	0.00149	0.00224	0.00932	0.00410	0.00373
4	0.01037	0.01232	0.05549	0.01839	0.02294	0.01114	0.77216	0.01414	0.01038	0.01414	0.00890	0.01182	0.00666	0.00374	0.00517	0.00149	0.00741	0.00514	0.00222	0.00598
5	0.01679	0.01237	0.01325	0.01016	0.01370	0.01370	0.00839	0.80251	0.02077	0.02783	0.01060	0.01060	0.00751	0.00530	0.00442	0.00133	0.00486	0.00398	0.00442	0.00751
6	0.01093	0.01049	0.01793	0.02711	0.81723	0.01049	0.01355	0.01355	0.01006	0.01443	0.00831	0.01093	0.00700	0.00394	0.00437	0.00131	0.00525	0.00394	0.00219	0.00700
7	0.00834	0.00785	0.01325	0.83417	0.03042	0.00981	0.01227	0.01128	0.00883	0.01128	0.00785	0.01178	0.00589	0.00442	0.00442	0.00147	0.00589	0.00393	0.00196	0.00491
8	0.00642	0.00431	0.00494	0.00494	0.00499	0.00435	0.00283	0.00650	0.00646	0.00866	0.01380	0.02827	0.01578	0.80001	0.06688	0.00444	0.00470	0.00633	0.00266	0.00275
9	0.00631	0.00473	0.00710	0.00710	0.00789	0.00552	0.00552	0.00789	0.00710	0.01025	0.01183	0.01735	0.01104	0.03312	0.82728	0.00710	0.01183	0.00473	0.00237	0.00394
10	0.00538	0.00386	0.00510	0.00610	0.00639	0.00359	0.00408	0.00616	0.00851	0.01129	0.02497	0.81741	0.05330	0.01376	0.00562	0.00178	0.00255	0.01246	0.00410	0.00359
11	0.01181	0.84744	0.02314	0.00756	0.01134	0.01748	0.00756	0.01323	0.00897	0.01039	0.00614	0.00708	0.00567	0.00378	0.00283	0.00094	0.00472	0.00236	0.00189	0.00567
12	0.00625	0.00451	0.00590	0.00556	0.00660	0.00417	0.00417	0.00833	0.01250	0.01771	0.81490	0.03299	0.04167	0.00903	0.00521	0.00139	0.00208	0.00799	0.00486	0.00417
13	0.01093	0.01049	0.01793	0.02711	0.81723	0.01049	0.01355	0.01355	0.01006	0.01443	0.00831	0.01093	0.00700	0.00394	0.00437	0.00131	0.00525	0.00394	0.00219	0.00700
14	0.01042	0.01191	0.02606	0.01862	0.02308	0.01117	0.80119	0.01415	0.01042	0.01415	0.00894	0.01191	0.00670	0.00372	0.00521	0.00149	0.00745	0.00521	0.00223	0.00596
15	0.01650	0.02105	0.01252	0.01138	0.01365	0.82705	0.00853	0.01764	0.01252	0.01081	0.00683	0.00796	0.00569	0.00455	0.00398	0.00114	0.00796	0.00284	0.00228	0.00512
16	0.00854	0.00799	0.01344	0.72070	0.10568	0.00968	0.01217	0.01141	0.00901	0.01167	0.00856	0.01332	0.00683	0.00470	0.00448	0.00148	0.00575	0.03745	0.00207	0.00507
17	0.00834	0.00785	0.01325	0.83417	0.03042	0.00981	0.01227	0.01128	0.00883	0.01128	0.00785	0.01178	0.00589	0.00442	0.00442	0.00147	0.00589	0.00393	0.00196	0.00491
18	0.87598	0.00854	0.00649	0.00581	0.00854	0.00991	0.00478	0.01298	0.00752	0.01982	0.00615	0.00717	0.00478	0.00410	0.00273	0.00137	0.00342	0.00239	0.00273	0.00478
19	0.00854	0.00805	0.01360	0.77266	0.09038	0.00986	0.01236	0.01146	0.00892	0.01152	0.00788	0.01171	0.00597	0.00438	0.00441	0.00146	0.00584	0.00393	0.00198	0.00507
20	0.00642	0.00428	0.00482	0.00482	0.00482	0.00428	0.00268	0.00642	0.00642	0.00856	0.01392	0.02890	0.01606	0.84478	0.02248	0.00428	0.00428	0.00642	0.00268	0.00268
21	0.00522	0.00447	0.00447	0.00447	0.00597	0.00373	0.00336	0.00634	0.01007	0.01193	0.04474	0.04250	0.81544	0.01119	0.00522	0.00149	0.00224	0.00932	0.00410	0.00373
22	0.01093	0.01049	0.01793	0.02711	0.81723	0.01049	0.01355	0.01355	0.01006	0.01443	0.00831	0.01093	0.00700	0.00394	0.00437	0.00131	0.00525	0.00394	0.00219	0.00700
23	0.00615	0.00451	0.00576	0.00545	0.00654	0.00412	0.00409	0.00814	0.01226	0.01714	0.73947	0.03392	0.11746	0.00924	0.00521	0.00140	0.00210	0.00812	0.00479	0.00412
24	0.01982	0.00752	0.01025	0.00786	0.01127	0.00649	0.00649	0.02152	0.01264	0.82029	0.01742	0.01503	0.01093	0.00547	0.00444	0.00137	0.00376	0.00444	0.00547	0.00752
25	0.00886	0.02285	0.82190	0.01259	0.01912	0.01026	0.01632	0.01399	0.00932	0.01399	0.00793	0.00932	0.00559	0.00420	0.00420	0.00140	0.00653	0.00326	0.00186	0.00653
26	0.00526	0.00448	0.00452	0.00451	0.00599	0.00374	0.00338	0.00641	0.01015	0.01213	0.07133	0.04218	0.78873	0.01111	0.00522	0.00149	0.00223	0.00928	0.00413	0.00374
27	0.73559	0.00855	0.00722	0.00623	0.00908	0.00961	0.00513	0.04327	0.00866	0.12166	0.00774	0.00830	0.00566	0.00432	0.00301	0.00137	0.00351	0.00271	0.00314	0.00523
28	0.01876	0.00774	0.01025	0.00787	0.01125	0.00684	0.00648	0.06879	0.01299	0.71240	0.04103	0.01506	0.01148	0.00547	0.00441	0.00133	0.00375	0.00444	0.00526	0.04439
29	0.01181	0.84744	0.02314	0.00756	0.01134	0.01748	0.00756	0.01323	0.00897	0.01039	0.00614	0.00708	0.00567	0.00378	0.00283	0.00094	0.00472	0.00236	0.00189	0.00567
30	0.87598	0.00854	0.00649	0.00581	0.00854	0.00991	0.00478	0.01298	0.00752	0.01982	0.00615	0.00717	0.00478	0.00410	0.00273	0.00137	0.00342	0.00239	0.00273	0.00478
31	0.00834	0.00785	0.01325	0.83417	0.03042	0.00981	0.01227	0.01128	0.00883	0.01128	0.00785	0.01178	0.00589	0.00442	0.00442	0.00147	0.00589	0.00393	0.00196	0.00491
32	0.00834	0.00785	0.01325	0.83417	0.03042	0.00981	0.01227	0.01128	0.00883	0.01128	0.00785	0.01178	0.00589	0.00442	0.00442	0.00147	0.00589	0.00393	0.00196	0.00491
33	0.01679	0.01237	0.01325	0.01016	0.01370	0.01370	0.00839	0.80251	0.02077	0.02783	0.01060	0.01060	0.00751	0.00530	0.00442	0.00133	0.00486	0.00398	0.00442	0.00751
34	0.01042	0.01191	0.02606	0.01862	0.02308	0.01117	0.80119	0.01415	0.01042	0.01415	0.00894	0.01191	0.00670	0.00372	0.00521	0.00149	0.00745	0.00521	0.00223	0.00596
35	0.00531	0.00448	0.00460	0.00457	0.00602	0.00377	0.00343	0.00651	0.01028	0.01243	0.11167	0.04168	0.74820	0.01100	0.00522	0.00148	0.00222	0.00921	0.00417	0.00377
36	0.00639	0.00440	0.00543	0.00543	0.00564	0.00461	0.00344	0.00682	0.00660	0.00902	0.01336	0.02580	0.01471	0.62673	0.23869	0.00504	0.00631	0.00597	0.00259	0.00302
37	0.00544	0.00387	0.00511	0.00608	0.00632	0.00363	0.00402	0.00616	0.00834	0.01112	0.02377	0.79705	0.02849	0.05968	0.00657	0.00193	0.00266	0.01222	0.00402	0.00354
38	0.01982	0.00752	0.01025	0.00786	0.01127	0.00649	0.00649	0.02152	0.01264	0.82029	0.01742	0.01503	0.01093	0.00547	0.00444	0.00137	0.00376	0.00444	0.00547	0.00752
39	0.00551	0.00393	0.00527	0.00630	0.00661	0.00370	0.00432	0.00637	0.00858	0.01142	0.02427	0.78380	0.02893	0.01372	0.00567	0.00181	0.00267	0.06940	0.00410	0.00362
40	0.01656	0.01226	0.01313	0.01012	0.01361	0.01359	0.00834	0.77235	0.05129	0.02747	0.01089	0.01083	0.00774	0.00533	0.00442	0.00133	0.00481	0.00402	0.00442	0.00749
41	0.01090	0.00926	0.00979	0.00874	0.01120	0.01059	0.00682	0.06519	0.70406	0.01869	0.04622	0.01784	0.04843	0.00628	0.00455	0.00148	0.00347	0.00523	0.00449	0.00678
42	0.01982	0.00752	0.01025	0.00786	0.01127	0.00649	0.00649	0.02152	0.01264	0.82029	0.01742	0.01503	0.01093	0.00547	0.00444	0.00137	0.00376	0.00444	0.00547	0.00752
43	0.03649	0.00953	0.03976	0.00913	0.01267	0.00881	0.05107	0.22546	0.01433	0.50960	0.01454	0.01355	0.00957	0.01867	0.00472	0.00141	0.00435	0.00431	0.00478	0.00726
44	0.00912	0.07954	0.73914	0.01245	0.01871	0.01079	0.04281	0.01394	0.00934	0.01374	0.00784	0.00926	0.00564	0.00415	0.00414	0.00137	0.00643	0.00327	0.00188	0.00645
45	0.00642	0.00430	0.00491	0.00497	0.00502	0.00429	0.00288	0.00652	0.00661	0.00880	0.01452	0.04970	0.01673	0.79353	0.02146	0.00414	0.00423	0.03546	0.00276	0.00275
46	0.00834	0.00785	0.01325	0.83417	0.03042	0.00981	0.01227	0.01128	0.00883	0.01128	0.00785	0.01178	0.00589	0.00442	0.00442	0.00147	0.00589	0.00393	0.00196	0.00491
47	0.07252	0.67811	0.02065	0.00821	0.02504	0.11163	0.00758	0.01373	0.00931	0.01116	0.00626	0.00726	0.00563	0.00389	0.00299	0.00100	0.00502	0.00245	0.00200	0.00556
48	0.00907	0.00879	0.01238	0.01079	0.01094	0.01210	0.00893	0.01014	0.00682	0.01056	0.00687	0.01103	0.00673	0.01225	0.15916	0.00285	0.68988	0.00402	0.00201	0.00467
49	0.00538	0.00384	0.00512	0.00615	0.00641	0.00359	0.00410	0.00615	0.00846	0.01127	0.02434	0.84190	0.02921	0.01384	0.00564	0.00179	0.00256	0.01256	0.00410	0.00359
50	0.04540	0.01275	0.01293	0.01008	0.01348	0.06596	0.00826	0.71239	0.03307	0.02631	0.01034	0.01042	0.00740	0.00522	0.00434	0.00132	0.00499	0.00387	0.00423	0.00726
51	0.01298	0.00904	0.01009	0.00869	0.01131	0.00988	0.00684	0.14725	0.45835	0.16533	0.01731	0.09611	0.01359	0.00655	0.00458	0.00148	0.00367	0.00547	0.00462	0.00684
52	0.00642	0.00428	0.00482	0.00482	0.00482	0.00428	0.00268	0.00642	0.00642	0.00856	0.01392	0.02890	0.01606	0.84478	0.02248	0.00428	0.00428	0.00642	0.00268	0.00268
53	0.01679	0.01237	0.01325	0.01016	0.01370	0.01370	0.00839	0.80251	0.02077	0.02783	0.01060	0.01060	0.00751	0.00530	0.00442	0.00133	0.00486	0.00398	0.00442	0.00751
54	0.01192	0.76158	0.06157	0.00801	0.01184	0.06178	0.00804	0.01351	0.00919	0.01059	0.00627	0.00724	0.00567	0.00384	0.00296	0.00098	0.00499	0.00243	0.00191	0.00568
55	0.00637	0.00451	0.00595	0.00595	0.00634	0.00490	0.00409	0.00715	0.00676	0.00940	0.01288	0.02316	0.01356	0.44127	0.42258	0.00568	0.00803	0.00558	0.00252	0.00331
56	0.00631	0.00473	0.00710	0.00710	0.00789	0.00552	0.00552	0.00789	0.00710	0.01025	0.01183	0.01735	0.01104	0.03312	0.82728	0.00710	0.01183	0.00473	0.00237	0.00394
57	0.01882	0.00872	0.01092	0.00839	0.01179	0.00832	0.00692	0.22417	0.01469	0.59980	0.01560	0.01391	0.01005	0.00542	0.00441	0.00135	0.00401	0.00431	0.02095	0.00745
58	0.01658	0.01236	0.01368	0.01044	0.01401	0.01361	0.03490	0.77615	0.02042	0.02738	0.01055	0.01065	0.00748	0.00525	0.00444	0.00133	0.00495	0.00402	0.00435	0.00746
59	0.00538	0.00384	0.00512	0.00615	0.00641	0.00359	0.00410	0.00615	0.00846	0.01127	0.02434	0.84190	0.02921	0.01384	0.00564	0.00179	0.00256	0.01256	0.00410	0.00359

[dist]
# distance from previous block
# <min> <max>
4	12

[block]
# block no. 1 follows, 59 sequences, length 35
# corresponding to MSA columns:
# 258-271,274-294
name=unknown_B
#
# <colnr> <probs for GDERKNQSTAVLIFYWHMCP>
#	G	D	E	R	K	N	Q	S	T	A	V	L	I	F	Y	W	H	M	C	P
0	0.01646	0.01810	0.01206	0.01071	0.01319	0.62720	0.00815	0.05095	0.07848	0.10992	0.00918	0.00963	0.00704	0.00481	0.00410	0.00120	0.00696	0.00326	0.00293	0.00566
1	0.00648	0.00482	0.00620	0.00584	0.00710	0.00430	0.00436	0.00833	0.01137	0.01613	0.56627	0.16504	0.03495	0.00921	0.00507	0.00138	0.00236	0.02749	0.00444	0.10887
2	0.00912	0.00966	0.10733	0.00727	0.01151	0.00642	0.00657	0.01147	0.00918	0.01434	0.00786	0.00918	0.00643	0.00338	0.00338	0.00074	0.00366	0.00269	0.00253	0.76726
3	0.00999	0.32688	0.42746	0.00999	0.01519	0.01241	0.01173	0.01336	0.00917	0.01270	0.00725	0.00847	0.00574	0.00393	0.00358	0.00114	0.00546	0.00285	0.00196	0.11073
4	0.01170	0.74634	0.02251	0.00992	0.10868	0.01663	0.00828	0.01326	0.00910	0.01088	0.00640	0.00755	0.00583	0.00380	0.00302	0.00099	0.00479	0.00255	0.00193	0.00583
5	0.77116	0.00801	0.00620	0.00560	0.00813	0.00921	0.00458	0.01266	0.00773	0.01941	0.00715	0.00830	0.00557	0.00423	0.00278	0.00133	0.00325	0.00260	0.10741	0.00470
6	0.01164	0.01072	0.01736	0.02506	0.72017	0.01088	0.01293	0.10886	0.01135	0.01605	0.00859	0.01089	0.00706	0.00410	0.00438	0.00131	0.00520	0.00394	0.00246	0.00706
7	0.00538	0.00384	0.00512	0.00615	0.00641	0.00359	0.00410	0.00615	0.00846	0.01127	0.02434	0.84190	0.02921	0.01384	0.00564	0.00179	0.00256	0.01256	0.00410	0.00359
8	0.01086	0.01042	0.01780	0.04887	0.79602	0.01048	0.01352	0.01349	0.01002	0.01434	0.00830	0.01095	0.00697	0.00395	0.00437	0.00132	0.00526	0.00393	0.00218	0.00694
9	0.01679	0.01237	0.01325	0.01016	0.01370	0.01370	0.00839	0.80251	0.02077	0.02783	0.01060	0.01060	0.00751	0.00530	0.00442	0.00133	0.00486	0.00398	0.00442	0.00751
10	0.00886	0.02285	0.82190	0.01259	0.01912	0.01026	0.01632	0.01399	0.00932	0.01399	0.00793	0.00932	0.00559	0.00420	0.00420	0.00140	0.00653	0.00326	0.00186	0.00653
11	0.00758	0.00561	0.00741	0.00814	0.02382	0.00575	0.00672	0.01090	0.10695	0.01454	0.11990	0.04191	0.02518	0.01068	0.00567	0.00184	0.00371	0.55672	0.03249	0.00449
12	0.00706	0.00506	0.00703	0.00801	0.00905	0.00504	0.00699	0.00906	0.01016	0.01318	0.02408	0.04958	0.05127	0.01217	0.00607	0.00202	0.00401	0.76204	0.00407	0.00406
13	0.00630	0.00503	0.00587	0.00583	0.00711	0.00489	0.00440	0.00896	0.10091	0.01367	0.19823	0.12264	0.35229	0.01311	0.10451	0.00220	0.00360	0.03214	0.00410	0.00421
14	0.01093	0.01049	0.01793	0.02711	0.81723	0.01049	0.01355	0.01355	0.01006	0.01443	0.00831	0.01093	0.00700	0.00394	0.00437	0.00131	0.00525	0.00394	0.00219	0.00700
15	0.01109	0.64630	0.21798	0.00878	0.01323	0.01572	0.00969	0.01341	0.00906	0.01127	0.00658	0.00763	0.00565	0.00388	0.00317	0.00106	0.00516	0.00258	0.00188	0.00588
16	0.01608	0.02039	0.01230	0.01120	0.01342	0.79368	0.00841	0.01724	0.01230	0.01079	0.00703	0.00835	0.00591	0.00571	0.03743	0.00138	0.00812	0.00292	0.00228	0.00507
17	0.00873	0.00825	0.01396	0.71190	0.14962	0.00992	0.01246	0.01163	0.00902	0.01176	0.00792	0.01165	0.00606	0.00434	0.00441	0.00145	0.00579	0.00393	0.00200	0.00522
18	0.00834	0.00785	0.01325	0.83417	0.03042	0.00981	0.01227	0.01128	0.00883	0.01128	0.00785	0.01178	0.00589	0.00442	0.00442	0.00147	0.00589	0.00393	0.00196	0.00491
19	0.00631	0.00473	0.00710	0.00710	0.00789	0.00552	0.00552	0.00789	0.00710	0.01025	0.01183	0.01735	0.01104	0.03312	0.82728	0.00710	0.01183	0.00473	0.00237	0.00394
20	0.00672	0.00531	0.00780	0.00757	0.00824	0.00645	0.00593	0.00817	0.00704	0.01025	0.01117	0.01678	0.01056	0.05498	0.70439	0.00639	0.11124	0.00468	0.00232	0.00401
21	0.00538	0.00384	0.00512	0.00615	0.00641	0.00359	0.00410	0.00615	0.00846	0.01127	0.02434	0.84190	0.02921	0.01384	0.00564	0.00179	0.00256	0.01256	0.00410	0.00359
22	0.01181	0.84744	0.02314	0.00756	0.01134	0.01748	0.00756	0.01323	0.00897	0.01039	0.00614	0.00708	0.00567	0.00378	0.00283	0.00094	0.00472	0.00236	0.00189	0.00567
23	0.00538	0.00384	0.00512	0.00615	0.00641	0.00359	0.00410	0.00615	0.00846	0.01127	0.02434	0.84190	0.02921	0.01384	0.00564	0.00179	0.00256	0.01256	0.00410	0.00359
24	0.01093	0.01049	0.01793	0.02711	0.81723	0.01049	0.01355	0.01355	0.01006	0.01443	0.00831	0.01093	0.00700	0.00394	0.00437	0.00131	0.00525	0.00394	0.00219	0.00700
25	0.00886	0.02285	0.82190	0.01259	0.01912	0.01026	0.01632	0.01399	0.00932	0.01399	0.00793	0.00932	0.00559	0.00420	0.00420	0.00140	0.00653	0.00326	0.00186	0.00653
26	0.01650	0.02105	0.01252	0.01138	0.01365	0.82705	0.00853	0.01764	0.01252	0.01081	0.00683	0.00796	0.00569	0.00455	0.00398	0.00114	0.00796	0.00284	0.00228	0.00512
27	0.01564	0.01020	0.01176	0.00933	0.01252	0.01087	0.02496	0.38794	0.19316	0.21772	0.04866	0.01398	0.01113	0.00562	0.00449	0.00138	0.00423	0.00452	0.00466	0.00722
28	0.00834	0.00785	0.01325	0.83417	0.03042	0.00981	0.01227	0.01128	0.00883	0.01128	0.00785	0.01178	0.00589	0.00442	0.00442	0.00147	0.00589	0.00393	0.00196	0.00491
29	0.87598	0.00854	0.00649	0.00581	0.00854	0.00991	0.00478	0.01298	0.00752	0.01982	0.00615	0.00717	0.00478	0.00410	0.00273	0.00137	0.00342	0.00239	0.00273	0.00478
30	0.00834	0.00785	0.01325	0.83417	0.03042	0.00981	0.01227	0.01128	0.00883	0.01128	0.00785	0.01178	0.00589	0.00442	0.00442	0.00147	0.00589	0.00393	0.00196	0.00491
31	0.00642	0.00428	0.00482	0.00482	0.00482	0.00428	0.00268	0.00642	0.00642	0.00856	0.01392	0.02890	0.01606	0.84478	0.02248	0.00428	0.00428	0.00642	0.00268	0.00268
32	0.00538	0.00384	0.00512	0.00615	0.00641	0.00359	0.00410	0.00615	0.00846	0.01127	0.02434	0.84190	0.02921	0.01384	0.00564	0.00179	0.00256	0.01256	0.00410	0.00359
33	0.00834	0.00785	0.01325	0.83417	0.03042	0.00981	0.01227	0.01128	0.00883	0.01128	0.00785	0.01178	0.00589	0.00442	0.00442	0.00147	0.00589	0.00393	0.00196	0.00491
34	0.00625	0.00451	0.00590	0.00556	0.00660	0.00417	0.00417	0.00833	0.01250	0.01771	0.81490	0.03299	0.04167	0.00903	0.00521	0.00139	0.00208	0.00799	0.00486	0.00417

[dist]
# distance from previous block
# <min> <max>
4	108

[block]
# block no. 2 follows, 59 sequences, length 33
# corresponding to MSA columns:
# 403-435
name=unknown_C
#
# <colnr> <probs for GDERKNQSTAVLIFYWHMCP>
#	G	D	E	R	K	N	Q	S	T	A	V	L	I	F	Y	W	H	M	C	P
0	0.01177	0.00958	0.01040	0.03618	0.01228	0.01086	0.00722	0.09831	0.64680	0.05273	0.01657	0.01545	0.01232	0.00576	0.00444	0.00145	0.00371	0.00476	0.00438	0.03501
1	0.03695	0.00787	0.01302	0.80686	0.02970	0.00982	0.01202	0.01134	0.00879	0.01157	0.00779	0.01162	0.00585	0.00441	0.00436	0.00147	0.00581	0.00387	0.00199	0.00490
2	0.87598	0.00854	0.00649	0.00581	0.00854	0.00991	0.00478	0.01298	0.00752	0.01982	0.00615	0.00717	0.00478	0.00410	0.00273	0.00137	0.00342	0.00239	0.00273	0.00478
3	0.87598	0.00854	0.00649	0.00581	0.00854	0.00991	0.00478	0.01298	0.00752	0.01982	0.00615	0.00717	0.00478	0.00410	0.00273	0.00137	0.00342	0.00239	0.00273	0.00478
4	0.00921	0.00801	0.00982	0.00701	0.01096	0.00609	0.03642	0.01124	0.00921	0.01438	0.00789	0.00927	0.00655	0.00329	0.00335	0.00069	0.00343	0.00272	0.00260	0.83786
5	0.00834	0.00785	0.01325	0.83417	0.03042	0.00981	0.01227	0.01128	0.00883	0.01128	0.00785	0.01178	0.00589	0.00442	0.00442	0.00147	0.00589	0.00393	0.00196	0.00491
6	0.01523	0.01142	0.01224	0.00976	0.01300	0.01272	0.00794	0.55978	0.24350	0.04794	0.01288	0.01239	0.00930	0.00550	0.00444	0.00138	0.00444	0.00428	0.00447	0.00736
7	0.01042	0.01191	0.02606	0.01862	0.02308	0.01117	0.80119	0.01415	0.01042	0.01415	0.00894	0.01191	0.00670	0.00372	0.00521	0.00149	0.00745	0.00521	0.00223	0.00596
8	0.00547	0.00448	0.00483	0.00474	0.00612	0.00384	0.00356	0.00683	0.01067	0.01336	0.23470	0.04016	0.62459	0.01065	0.00522	0.00147	0.00220	0.00899	0.00429	0.00384
9	0.01982	0.00752	0.01025	0.00786	0.01127	0.00649	0.00649	0.02152	0.01264	0.82029	0.01742	0.01503	0.01093	0.00547	0.00444	0.00137	0.00376	0.00444	0.00547	0.00752
10	0.00524	0.00438	0.00457	0.00472	0.00603	0.00371	0.00346	0.00631	0.00983	0.01184	0.04177	0.15904	0.70082	0.01157	0.00528	0.00154	0.00228	0.00979	0.00410	0.00371
11	0.00916	0.00785	0.00916	0.00654	0.01047	0.00589	0.00523	0.01112	0.00916	0.01439	0.00785	0.00916	0.00654	0.00327	0.00327	0.00065	0.00327	0.00262	0.00262	0.87178
12	0.01982	0.00752	0.01025	0.00786	0.01127	0.00649	0.00649	0.02152	0.01264	0.82029	0.01742	0.01503	0.01093	0.00547	0.00444	0.00137	0.00376	0.00444	0.00547	0.00752
13	0.01042	0.01191	0.02606	0.01862	0.02308	0.01117	0.80119	0.01415	0.01042	0.01415	0.00894	0.01191	0.00670	0.00372	0.00521	0.00149	0.00745	0.00521	0.00223	0.00596
14	0.87598	0.00854	0.00649	0.00581	0.00854	0.00991	0.00478	0.01298	0.00752	0.01982	0.00615	0.00717	0.00478	0.00410	0.00273	0.00137	0.00342	0.00239	0.00273	0.00478
15	0.00703	0.00502	0.00701	0.00803	0.00901	0.00501	0.00696	0.00900	0.01008	0.01312	0.02343	0.09051	0.02561	0.01228	0.00608	0.00202	0.00399	0.74770	0.00407	0.00404
16	0.00527	0.00448	0.00455	0.00453	0.00600	0.00375	0.00340	0.00644	0.01019	0.01223	0.08430	0.04202	0.77569	0.01107	0.00522	0.00149	0.00223	0.00925	0.00414	0.00375
17	0.00886	0.02285	0.82190	0.01259	0.01912	0.01026	0.01632	0.01399	0.00932	0.01399	0.00793	0.00932	0.00559	0.00420	0.00420	0.00140	0.00653	0.00326	0.00186	0.00653
18	0.00637	0.00429	0.00480	0.00480	0.00487	0.00426	0.00270	0.00642	0.00658	0.00871	0.01521	0.02947	0.04967	0.80973	0.02175	0.00416	0.00420	0.00654	0.00274	0.00272
19	0.00834	0.00785	0.01325	0.83417	0.03042	0.00981	0.01227	0.01128	0.00883	0.01128	0.00785	0.01178	0.00589	0.00442	0.00442	0.00147	0.00589	0.00393	0.00196	0.00491
20	0.01196	0.82073	0.02280	0.00768	0.01141	0.04365	0.00759	0.01337	0.00909	0.01040	0.00616	0.00711	0.00567	0.00380	0.00287	0.00095	0.00483	0.00238	0.00190	0.00565
21	0.01962	0.00802	0.01042	0.00803	0.01142	0.02572	0.00661	0.05203	0.01296	0.77055	0.01691	0.01470	0.01068	0.00544	0.00443	0.00136	0.00390	0.00439	0.00535	0.00746
22	0.00538	0.00384	0.00512	0.00615	0.00641	0.00359	0.00410	0.00615	0.00846	0.01127	0.02434	0.84190	0.02921	0.01384	0.00564	0.00179	0.00256	0.01256	0.00410	0.00359
23	0.01099	0.00949	0.00999	0.00899	0.01148	0.01099	0.00699	0.02347	0.80925	0.01848	0.01798	0.01648	0.01348	0.00599	0.00449	0.00150	0.00350	0.00499	0.00449	0.00699
24	0.01181	0.84744	0.02314	0.00756	0.01134	0.01748	0.00756	0.01323	0.00897	0.01039	0.00614	0.00708	0.00567	0.00378	0.00283	0.00094	0.00472	0.00236	0.00189	0.00567
25	0.00538	0.00384	0.00512	0.00615	0.00641	0.00359	0.00410	0.00615	0.00846	0.01127	0.02434	0.84190	0.02921	0.01384	0.00564	0.00179	0.00256	0.01256	0.00410	0.00359
26	0.00538	0.00384	0.00512	0.00615	0.00641	0.00359	0.00410	0.00615	0.00846	0.01127	0.02434	0.84190	0.02921	0.01384	0.00564	0.00179	0.00256	0.01256	0.00410	0.00359
27	0.00968	0.27318	0.49220	0.01122	0.04950	0.01209	0.01275	0.01338	0.00945	0.01314	0.05860	0.01021	0.00797	0.00436	0.00385	0.00126	0.00564	0.00332	0.00208	0.00613
28	0.00915	0.10559	0.74175	0.01208	0.01833	0.01098	0.01544	0.01391	0.00929	0.01363	0.00775	0.00910	0.00560	0.00415	0.00406	0.00135	0.00635	0.00317	0.00187	0.00644
29	0.00641	0.00435	0.00515	0.00515	0.00526	0.00446	0.00309	0.00663	0.00652	0.00881	0.01362	0.02724	0.01533	0.72781	0.13846	0.00469	0.00537	0.00618	0.00263	0.00286
30	0.76374	0.00927	0.00736	0.00641	0.00921	0.03178	0.00526	0.09549	0.00903	0.02042	0.00663	0.00755	0.00509	0.00424	0.00294	0.00136	0.00369	0.00257	0.00290	0.00508
31	0.01173	0.00981	0.05156	0.00882	0.01157	0.01020	0.00726	0.08872	0.56322	0.08567	0.05327	0.01667	0.02698	0.00600	0.00448	0.00145	0.00367	0.00496	0.02717	0.00680
32	0.02854	0.62301	0.07044	0.00842	0.01210	0.11440	0.00815	0.02780	0.05071	0.01156	0.00702	0.00788	0.00608	0.00404	0.00317	0.00104	0.00514	0.00264	0.00213	0.00574

[dist]
# distance from previous block
# <min> <max>
0	1

[block]
# block no. 3 follows, 59 sequences, length 38
# corresponding to MSA columns:
# 437,438,447-482
name=unknown_D
#
# <colnr> <probs for GDERKNQSTAVLIFYWHMCP>
#	G	D	E	R	K	N	Q	S	T	A	V	L	I	F	Y	W	H	M	C	P
0	0.01105	0.63461	0.22930	0.00886	0.01334	0.01561	0.00982	0.01342	0.00906	0.01132	0.00660	0.00766	0.00565	0.00389	0.00319	0.00106	0.00519	0.00259	0.00188	0.00589
1	0.61326	0.00967	0.00861	0.00742	0.00992	0.07579	0.02719	0.01388	0.00836	0.08798	0.00723	0.00833	0.00556	0.00465	0.00434	0.00141	0.09565	0.00285	0.00283	0.00509
2	0.61407	0.00858	0.00807	0.00681	0.00973	0.00943	0.02388	0.03654	0.05602	0.17677	0.00924	0.00946	0.00662	0.00450	0.00327	0.00138	0.00362	0.00305	0.00341	0.00555
3	0.00639	0.00441	0.00548	0.00548	0.00571	0.00464	0.00350	0.00685	0.00662	0.00905	0.01331	0.02555	0.01460	0.60948	0.25579	0.00510	0.00647	0.00593	0.00259	0.00304
4	0.01076	0.01032	0.01763	0.07896	0.76668	0.01045	0.01347	0.01341	0.00998	0.01423	0.00828	0.01099	0.00692	0.00397	0.00438	0.00132	0.00529	0.00393	0.00217	0.00686
5	0.60415	0.00895	0.00905	0.00736	0.01041	0.00968	0.07766	0.07619	0.00911	0.01909	0.00821	0.00925	0.03180	0.00430	0.00323	0.00130	0.00385	0.00303	0.00286	0.10051
6	0.01040	0.45287	0.40535	0.00996	0.01506	0.01402	0.01175	0.01359	0.00914	0.01211	0.00699	0.00816	0.00563	0.00398	0.00349	0.00116	0.00559	0.00279	0.00188	0.00608
7	0.00538	0.00384	0.00512	0.00615	0.00641	0.00359	0.00410	0.00615	0.00846	0.01127	0.02434	0.84190	0.02921	0.01384	0.00564	0.00179	0.00256	0.01256	0.00410	0.00359
8	0.00916	0.00785	0.00916	0.00654	0.01047	0.00589	0.00523	0.01112	0.00916	0.01439	0.00785	0.00916	0.00654	0.00327	0.00327	0.00065	0.00327	0.00262	0.00262	0.87178
9	0.00935	0.16132	0.68776	0.01174	0.01781	0.01147	0.01485	0.01386	0.00927	0.01338	0.00763	0.00895	0.00561	0.00413	0.00397	0.00132	0.00622	0.00311	0.00187	0.00638
10	0.72994	0.00973	0.07935	0.00658	0.00970	0.00966	0.00595	0.01376	0.00809	0.08370	0.00721	0.00800	0.00535	0.00422	0.00300	0.00137	0.00372	0.00263	0.00288	0.00516
11	0.00851	0.00803	0.01356	0.78026	0.08298	0.00986	0.01235	0.01144	0.00891	0.01149	0.00788	0.01172	0.00596	0.00438	0.00441	0.00146	0.00584	0.00393	0.00198	0.00505
12	0.00935	0.00930	0.01178	0.01041	0.01080	0.07691	0.00850	0.01048	0.00731	0.01055	0.00744	0.01152	0.00715	0.01404	0.22394	0.00321	0.55660	0.00401	0.00207	0.00462
13	0.00655	0.00474	0.00643	0.00736	0.00824	0.00462	0.00609	0.00821	0.00975	0.01265	0.02533	0.23891	0.08989	0.01251	0.00592	0.00193	0.00356	0.53932	0.00408	0.00392
14	0.00887	0.00848	0.01378	0.58623	0.10699	0.01063	0.01187	0.01138	0.00854	0.01147	0.00748	0.01126	0.00598	0.00503	0.00644	0.00155	0.17300	0.00391	0.00198	0.00510
15	0.00625	0.00451	0.00590	0.00556	0.00660	0.00417	0.00417	0.00833	0.01250	0.01771	0.81490	0.03299	0.04167	0.00903	0.00521	0.00139	0.00208	0.00799	0.00486	0.00417
16	0.01118	0.67151	0.19356	0.00863	0.01300	0.01594	0.00943	0.01339	0.00905	0.01116	0.00652	0.00756	0.00565	0.00387	0.00312	0.00104	0.00511	0.00255	0.00188	0.00585
17	0.03620	0.01932	0.01250	0.01105	0.01354	0.67307	0.00842	0.14808	0.01377	0.01385	0.00744	0.00839	0.00597	0.00467	0.00403	0.00117	0.00734	0.00302	0.00264	0.00551
18	0.01093	0.01049	0.01793	0.02711	0.81723	0.01049	0.01355	0.01355	0.01006	0.01443	0.00831	0.01093	0.00700	0.00394	0.00437	0.00131	0.00525	0.00394	0.00219	0.00700
19	0.01559	0.01972	0.01187	0.01082	0.01304	0.76081	0.00812	0.01673	0.01232	0.01090	0.00988	0.01074	0.07084	0.00509	0.00408	0.00117	0.00750	0.00337	0.00242	0.00501
20	0.00642	0.00428	0.00482	0.00482	0.00482	0.00428	0.00268	0.00642	0.00642	0.00856	0.01392	0.02890	0.01606	0.84478	0.02248	0.00428	0.00428	0.00642	0.00268	0.00268
21	0.00632	0.00470	0.00691	0.00691	0.00764	0.00542	0.00529	0.00777	0.00704	0.01012	0.01200	0.01828	0.01144	0.09843	0.76253	0.00687	0.01122	0.00487	0.00239	0.00384
22	0.00642	0.00428	0.00482	0.00482	0.00482	0.00428	0.00268	0.00642	0.00642	0.00856	0.01392	0.02890	0.01606	0.84478	0.02248	0.00428	0.00428	0.00642	0.00268	0.00268
23	0.01181	0.84744	0.02314	0.00756	0.01134	0.01748	0.00756	0.01323	0.00897	0.01039	0.00614	0.00708	0.00567	0.00378	0.00283	0.00094	0.00472	0.00236	0.00189	0.00567
24	0.00530	0.00448	0.00458	0.00456	0.00601	0.00376	0.00342	0.00649	0.01025	0.01237	0.10318	0.04178	0.75673	0.01102	0.00522	0.00148	0.00223	0.00922	0.00416	0.00376
25	0.87598	0.00854	0.00649	0.00581	0.00854	0.00991	0.00478	0.01298	0.00752	0.01982	0.00615	0.00717	0.00478	0.00410	0.00273	0.00137	0.00342	0.00239	0.00273	0.00478
26	0.01042	0.01191	0.02606	0.01862	0.02308	0.01117	0.80119	0.01415	0.01042	0.01415	0.00894	0.01191	0.00670	0.00372	0.00521	0.00149	0.00745	0.00521	0.00223	0.00596
27	0.01650	0.02105	0.01252	0.01138	0.01365	0.82705	0.00853	0.01764	0.01252	0.01081	0.00683	0.00796	0.00569	0.00455	0.00398	0.00114	0.00796	0.00284	0.00228	0.00512
28	0.01617	0.01873	0.01294	0.01266	0.09352	0.65605	0.00890	0.05316	0.01265	0.06395	0.00783	0.00883	0.00624	0.00458	0.00407	0.00118	0.00728	0.00311	0.00257	0.00557
29	0.00834	0.00785	0.01325	0.83417	0.03042	0.00981	0.01227	0.01128	0.00883	0.01128	0.00785	0.01178	0.00589	0.00442	0.00442	0.00147	0.00589	0.00393	0.00196	0.00491
30	0.87598	0.00854	0.00649	0.00581	0.00854	0.00991	0.00478	0.01298	0.00752	0.01982	0.00615	0.00717	0.00478	0.00410	0.00273	0.00137	0.00342	0.00239	0.00273	0.00478
31	0.00564	0.00449	0.00505	0.00491	0.00622	0.00391	0.00369	0.00715	0.01106	0.01428	0.35749	0.03864	0.50123	0.01031	0.00522	0.00145	0.00217	0.00878	0.00441	0.00391
32	0.00631	0.00473	0.00710	0.00710	0.00789	0.00552	0.00552	0.00789	0.00710	0.01025	0.01183	0.01735	0.01104	0.03312	0.82728	0.00710	0.01183	0.00473	0.00237	0.00394
33	0.00712	0.00508	0.00712	0.00813	0.00915	0.00508	0.00712	0.00915	0.01017	0.01322	0.02338	0.04982	0.02542	0.01220	0.00610	0.00203	0.00407	0.78750	0.00407	0.00407
34	0.00857	0.00808	0.01366	0.76340	0.09941	0.00987	0.01238	0.01148	0.00894	0.01156	0.00789	0.01170	0.00598	0.00437	0.00441	0.00146	0.00583	0.00393	0.00198	0.00509
35	0.00541	0.00449	0.00474	0.00471	0.00613	0.00382	0.00356	0.00669	0.01043	0.01281	0.15801	0.04126	0.68436	0.01089	0.00524	0.00149	0.00225	0.02570	0.00421	0.00380
36	0.01679	0.01237	0.01325	0.01016	0.01370	0.01370	0.00839	0.80251	0.02077	0.02783	0.01060	0.01060	0.00751	0.00530	0.00442	0.00133	0.00486	0.00398	0.00442	0.00751
37	0.00886	0.02285	0.82190	0.01259	0.01912	0.01026	0.01632	0.01399	0.00932	0.01399	0.00793	0.00932	0.00559	0.00420	0.00420	0.00140	0.00653	0.00326	0.00186	0.00653

[dist]
# distance from previous block
# <min> <max>
0	4

[block]
# block no. 4 follows, 59 sequences, length 39
# corresponding to MSA columns:
# 493-500,505-535
name=unknown_E
#
# <colnr> <probs for GDERKNQSTAVLIFYWHMCP>
#	G	D	E	R	K	N	Q	S	T	A	V	L	I	F	Y	W	H	M	C	P
0	0.00625	0.00451	0.00590	0.00556	0.00660	0.00417	0.00417	0.00833	0.01250	0.01771	0.81490	0.03299	0.04167	0.00903	0.00521	0.00139	0.00208	0.00799	0.00486	0.00417
1	0.01093	0.01049	0.01793	0.02711	0.81723	0.01049	0.01355	0.01355	0.01006	0.01443	0.00831	0.01093	0.00700	0.00394	0.00437	0.00131	0.00525	0.00394	0.00219	0.00700
2	0.09953	0.01075	0.01065	0.00909	0.01189	0.05578	0.00722	0.22935	0.46075	0.03606	0.01422	0.01349	0.01055	0.00553	0.00427	0.00142	0.00410	0.00434	0.00420	0.00682
3	0.07387	0.01910	0.01221	0.01102	0.01311	0.69318	0.00839	0.01664	0.01162	0.01140	0.00668	0.00808	0.00564	0.00483	0.00491	0.00123	0.08783	0.00291	0.00227	0.00507
4	0.00642	0.00428	0.00482	0.00482	0.00482	0.00428	0.00268	0.00642	0.00642	0.00856	0.01392	0.02890	0.01606	0.84478	0.02248	0.00428	0.00428	0.00642	0.00268	0.00268
5	0.00834	0.00785	0.01325	0.83417	0.03042	0.00981	0.01227	0.01128	0.00883	0.01128	0.00785	0.01178	0.00589	0.00442	0.00442	0.00147	0.00589	0.00393	0.00196	0.00491
6	0.01121	0.00995	0.01009	0.00908	0.01157	0.04374	0.00705	0.02323	0.77727	0.01817	0.01753	0.01614	0.01317	0.00593	0.00447	0.00148	0.00367	0.00491	0.00441	0.00692
7	0.01949	0.00804	0.01057	0.00811	0.01154	0.00727	0.00670	0.10575	0.01352	0.73482	0.01669	0.01456	0.01056	0.00545	0.00444	0.00136	0.00388	0.00439	0.00535	0.00752
8	0.00522	0.00447	0.00447	0.00447	0.00597	0.00373	0.00336	0.00634	0.01007	0.01193	0.04474	0.04250	0.81544	0.01119	0.00522	0.00149	0.00224	0.00932	0.00410	0.00373
9	0.01099	0.00949	0.00999	0.00899	0.01148	0.01099	0.00699	0.02347	0.80925	0.01848	0.01798	0.01648	0.01348	0.00599	0.00449	0.00150	0.00350	0.00499	0.00449	0.00699
10	0.00601	0.00449	0.00557	0.00533	0.00645	0.00406	0.00399	0.00785	0.01188	0.01630	0.62824	0.05282	0.21152	0.00961	0.00522	0.00142	0.00213	0.00838	0.00468	0.00406
11	0.00916	0.00785	0.00916	0.00654	0.01047	0.00589	0.00523	0.01112	0.00916	0.01439	0.00785	0.00916	0.00654	0.00327	0.00327	0.00065	0.00327	0.00262	0.00262	0.87178
12	0.00886	0.02285	0.82190	0.01259	0.01912	0.01026	0.01632	0.01399	0.00932	0.01399	0.00793	0.00932	0.00559	0.00420	0.00420	0.00140	0.00653	0.00326	0.00186	0.00653
13	0.01093	0.01049	0.01793	0.02711	0.81723	0.01049	0.01355	0.01355	0.01006	0.01443	0.00831	0.01093	0.00700	0.00394	0.00437	0.00131	0.00525	0.00394	0.00219	0.00700
14	0.01443	0.01010	0.01074	0.00850	0.01134	0.01106	0.00693	0.58440	0.01760	0.02470	0.01165	0.01222	0.00856	0.00526	0.00405	0.00124	0.00409	0.00401	0.24253	0.00658
15	0.00767	0.00384	0.00575	0.00575	0.00575	0.00384	0.00384	0.00575	0.00575	0.00767	0.00767	0.01343	0.00767	0.01534	0.01726	0.87150	0.00384	0.00384	0.00192	0.00192
16	0.06453	0.00927	0.03576	0.00920	0.01236	0.00891	0.08235	0.16183	0.08432	0.28267	0.04751	0.02663	0.04037	0.00619	0.02189	0.00149	0.03187	0.00463	0.00415	0.06408
17	0.00883	0.00951	0.06805	0.70599	0.06826	0.04209	0.01246	0.01183	0.00907	0.01161	0.00784	0.01142	0.00592	0.00438	0.00438	0.00145	0.00598	0.00384	0.00198	0.00513
18	0.00642	0.00428	0.00482	0.00482	0.00482	0.00428	0.00268	0.00642	0.00642	0.00856	0.01392	0.02890	0.01606	0.84478	0.02248	0.00428	0.00428	0.00642	0.00268	0.00268
19	0.00852	0.00796	0.01303	0.77845	0.02914	0.00989	0.01191	0.01211	0.06287	0.01177	0.00853	0.01209	0.00640	0.00452	0.00442	0.00147	0.00573	0.00400	0.00213	0.00505
20	0.01181	0.84744	0.02314	0.00756	0.01134	0.01748	0.00756	0.01323	0.00897	0.01039	0.00614	0.00708	0.00567	0.00378	0.00283	0.00094	0.00472	0.00236	0.00189	0.00567
21	0.00533	0.00449	0.00466	0.00463	0.00607	0.00382	0.00348	0.00653	0.01014	0.01228	0.09717	0.04103	0.73553	0.01175	0.03195	0.00167	0.00254	0.00908	0.00410	0.00377
22	0.00607	0.00413	0.00492	0.00527	0.00536	0.00404	0.00316	0.00633	0.00712	0.00949	0.01748	0.30700	0.02056	0.56055	0.01672	0.00343	0.00369	0.00852	0.00316	0.00299
23	0.01778	0.01015	0.01107	0.03560	0.01255	0.11214	0.00726	0.16281	0.04961	0.49340	0.03207	0.01368	0.01027	0.00539	0.00440	0.00134	0.00451	0.00424	0.00470	0.00703
24	0.01177	0.74892	0.08475	0.00811	0.01204	0.05068	0.00828	0.01347	0.00915	0.01069	0.00631	0.00730	0.00566	0.00384	0.00299	0.00099	0.00500	0.00245	0.00190	0.00571
25	0.00632	0.00470	0.00694	0.00694	0.00768	0.00544	0.00533	0.00779	0.00705	0.01014	0.01197	0.01813	0.01138	0.08793	0.77294	0.00691	0.01132	0.00485	0.00239	0.00386
26	0.00816	0.00413	0.00419	0.00417	0.00520	0.00412	0.00313	0.01022	0.00939	0.01651	0.04524	0.01710	0.01249	0.00530	0.00317	0.00104	0.00206	0.00427	0.83601	0.00412
27	0.01100	0.42782	0.35743	0.00992	0.01481	0.03106	0.01131	0.06693	0.00999	0.01309	0.00721	0.00828	0.00576	0.00407	0.00354	0.00116	0.00556	0.00286	0.00206	0.00614
28	0.01068	0.01024	0.01747	0.10519	0.74111	0.01043	0.01343	0.01333	0.00994	0.01412	0.00826	0.01101	0.00689	0.00398	0.00438	0.00133	0.00531	0.00393	0.00216	0.00679
29	0.00729	0.00508	0.00688	0.00763	0.00879	0.00495	0.00659	0.00921	0.01029	0.03983	0.04336	0.04743	0.11862	0.01179	0.00592	0.00193	0.00380	0.65233	0.00413	0.00414
30	0.02854	0.01005	0.01577	0.14352	0.51199	0.02812	0.03436	0.02898	0.08415	0.04085	0.00953	0.01169	0.00757	0.00431	0.00435	0.00135	0.00515	0.00403	0.01915	0.00654
31	0.00977	0.08117	0.40292	0.06528	0.14201	0.02648	0.12044	0.01356	0.00952	0.01351	0.00790	0.00987	0.00604	0.00412	0.00448	0.00134	0.02695	0.00358	0.00202	0.04905
32	0.26401	0.06593	0.03975	0.08555	0.02909	0.00998	0.03792	0.09404	0.10346	0.05961	0.01019	0.01103	0.02301	0.00457	0.00367	0.00126	0.00413	0.00350	0.03126	0.11803
33	0.28752	0.01044	0.02483	0.02967	0.01233	0.03756	0.05352	0.27203	0.03524	0.06931	0.01054	0.02920	0.03388	0.00536	0.00475	0.00142	0.06910	0.00391	0.00344	0.00596
34	0.14283	0.18526	0.14458	0.01088	0.08101	0.01147	0.06149	0.06639	0.04527	0.12148	0.04096	0.01094	0.00828	0.00473	0.00439	0.00132	0.04606	0.00362	0.00293	0.00613
35	0.22664	0.03772	0.01347	0.01333	0.20101	0.02443	0.08280	0.13154	0.05919	0.09250	0.01913	0.01075	0.00756	0.00454	0.00418	0.00133	0.02147	0.00371	0.00314	0.04157
36	0.08583	0.04491	0.01133	0.02943	0.01193	0.04150	0.04623	0.26805	0.09914	0.04866	0.10628	0.04496	0.05662	0.00622	0.00462	0.00137	0.02274	0.01980	0.00384	0.04654
37	0.08384	0.01011	0.01077	0.00880	0.01163	0.07750	0.03760	0.21867	0.13945	0.11867	0.05525	0.04724	0.04447	0.00584	0.00452	0.00133	0.02244	0.00465	0.00392	0.09331
38	0.21984	0.03986	0.00949	0.00754	0.01006	0.02481	0.03035	0.13092	0.07589	0.07938	0.14512	0.04948	0.06160	0.00626	0.00436	0.00135	0.02183	0.01413	0.00375	0.06397

[dist]
# distance from previous block
# <min> <max>
8	174

# created by:
# /st0/software/busco_prod/Augustus/scripts/msa2prfl.pl ./align_prep/94472.fa
