[name]
unknown

[dist]
# distance from previous block
# <min> <max>
7	104

[block]
# block no. 0 follows, 59 sequences, length 11
# corresponding to MSA columns:
# 109-119
name=unknown_A
#
# <colnr> <probs for GDERKNQSTAVLIFYWHMCP>
#	G	D	E	R	K	N	Q	S	T	A	V	L	I	F	Y	W	H	M	C	P
0	0.03558	0.14698	0.11047	0.01007	0.06806	0.16168	0.00838	0.07487	0.07353	0.07506	0.04879	0.01391	0.05804	0.00527	0.00402	0.00124	0.00493	0.01723	0.03869	0.04319
1	0.02554	0.08891	0.07120	0.00918	0.04619	0.08259	0.05343	0.04179	0.02430	0.07220	0.06039	0.08057	0.03450	0.00730	0.03731	0.00153	0.01540	0.05862	0.09776	0.09131
2	0.08318	0.10382	0.08258	0.01000	0.05474	0.09855	0.04116	0.13052	0.11473	0.06040	0.03909	0.01416	0.06202	0.03152	0.01617	0.02567	0.01840	0.00425	0.00321	0.00583
3	0.03154	0.09488	0.07515	0.00993	0.06268	0.11532	0.03516	0.08373	0.06463	0.06280	0.05118	0.14620	0.07332	0.00693	0.00474	0.00139	0.02766	0.01835	0.00331	0.03110
4	0.04240	0.12397	0.12604	0.03506	0.10927	0.04653	0.03837	0.06983	0.03586	0.01506	0.13327	0.04862	0.06866	0.00576	0.00424	0.00127	0.00446	0.00481	0.00301	0.08351
5	0.02962	0.16401	0.11032	0.02898	0.06751	0.10906	0.04260	0.04975	0.02169	0.07336	0.06957	0.06055	0.03413	0.00718	0.05329	0.00162	0.02340	0.00446	0.01439	0.03449
6	0.09461	0.13612	0.08376	0.00852	0.04167	0.09336	0.00708	0.08558	0.03533	0.07182	0.05559	0.01430	0.02736	0.09543	0.02148	0.04276	0.00468	0.00405	0.05113	0.02538
7	0.03118	0.10621	0.10519	0.03296	0.15784	0.16505	0.04263	0.01419	0.03965	0.05600	0.07398	0.01246	0.02863	0.00478	0.00420	0.00122	0.01544	0.00387	0.00270	0.10183
8	0.23458	0.10392	0.07516	0.00848	0.04112	0.03831	0.02641	0.07711	0.05349	0.03507	0.04180	0.12064	0.02494	0.03202	0.00448	0.00142	0.00410	0.00473	0.00309	0.06916
9	0.01014	0.09226	0.06269	0.01059	0.10629	0.05216	0.04529	0.11561	0.09515	0.01559	0.12376	0.07153	0.06373	0.07412	0.00592	0.00157	0.00434	0.00545	0.00334	0.04048
10	0.05112	0.05033	0.31538	0.01065	0.03770	0.05239	0.03795	0.04689	0.15764	0.03055	0.05145	0.05612	0.02906	0.03172	0.00508	0.00150	0.02095	0.00458	0.00295	0.00599

[dist]
# distance from previous block
# <min> <max>
0	1

[block]
# block no. 1 follows, 59 sequences, length 19
# corresponding to MSA columns:
# 121-139
name=unknown_B
#
# <colnr> <probs for GDERKNQSTAVLIFYWHMCP>
#	G	D	E	R	K	N	Q	S	T	A	V	L	I	F	Y	W	H	M	C	P
0	0.08457	0.02212	0.10024	0.00795	0.01109	0.05951	0.02020	0.06536	0.04067	0.05216	0.03862	0.06036	0.10640	0.00632	0.02052	0.00131	0.03164	0.00459	0.00313	0.26322
1	0.02779	0.04957	0.05458	0.13708	0.05819	0.06237	0.03060	0.15600	0.15244	0.01670	0.04660	0.01413	0.05853	0.00524	0.00425	0.00129	0.00465	0.00429	0.00323	0.11247
2	0.05177	0.01191	0.04822	0.01117	0.10940	0.17098	0.04115	0.08784	0.07493	0.01559	0.05540	0.02389	0.02428	0.00474	0.00403	0.00114	0.00484	0.00384	0.00295	0.25194
3	0.00614	0.00471	0.00611	0.00672	0.00724	0.02412	0.02397	0.00712	0.00860	0.01129	0.02224	0.57271	0.03790	0.09626	0.03771	0.00224	0.00352	0.11393	0.00380	0.00367
4	0.01565	0.01213	0.01259	0.00998	0.01326	0.04326	0.00813	0.62193	0.17384	0.02538	0.01190	0.01165	0.00861	0.00541	0.00442	0.00135	0.00471	0.00413	0.00435	0.00732
5	0.01093	0.01049	0.01793	0.02711	0.81723	0.01049	0.01355	0.01355	0.01006	0.01443	0.00831	0.01093	0.00700	0.00394	0.00437	0.00131	0.00525	0.00394	0.00219	0.00700
6	0.01092	0.01085	0.01331	0.51752	0.07115	0.15077	0.01108	0.10004	0.03285	0.01340	0.00825	0.01103	0.00631	0.00461	0.00452	0.00140	0.02046	0.00377	0.00237	0.00541
7	0.01102	0.01124	0.02346	0.01795	0.07798	0.01068	0.64345	0.01440	0.01045	0.07225	0.00982	0.01306	0.00753	0.00421	0.00538	0.00150	0.03017	0.02687	0.00251	0.00606
8	0.00653	0.00514	0.00754	0.16187	0.04433	0.00536	0.00657	0.00804	0.00894	0.01176	0.02076	0.44878	0.04540	0.03073	0.00584	0.00181	0.00363	0.16934	0.00358	0.00405
9	0.01047	0.01003	0.01710	0.16968	0.67824	0.01037	0.01333	0.01315	0.00984	0.01387	0.00823	0.01108	0.00680	0.00402	0.00438	0.00134	0.00536	0.00393	0.00215	0.00663
10	0.01058	0.01021	0.01761	0.12951	0.68978	0.01043	0.04050	0.01329	0.00991	0.01402	0.00827	0.01107	0.00684	0.00399	0.00441	0.00134	0.00540	0.00398	0.00216	0.00669
11	0.00695	0.00550	0.00879	0.00836	0.03511	0.00529	0.11061	0.00816	0.00885	0.02410	0.07415	0.26746	0.14009	0.01447	0.13526	0.10842	0.00487	0.02624	0.00332	0.00400
12	0.00889	0.00910	0.07069	0.10002	0.25641	0.02089	0.09861	0.01114	0.00946	0.03592	0.01469	0.25755	0.04649	0.00737	0.00518	0.00152	0.03100	0.00679	0.00288	0.00541
13	0.01057	0.01012	0.01727	0.14009	0.70708	0.01040	0.01337	0.01324	0.00989	0.01399	0.00824	0.01105	0.00684	0.00400	0.00438	0.00133	0.00534	0.00393	0.00215	0.00670
14	0.00859	0.00786	0.03366	0.16273	0.20316	0.00812	0.02706	0.04278	0.03136	0.01339	0.02909	0.18817	0.03588	0.01932	0.02188	0.00171	0.05452	0.07766	0.02790	0.00516
15	0.00890	0.01393	0.36770	0.01209	0.08178	0.00817	0.09253	0.01232	0.01004	0.06020	0.12574	0.13231	0.01525	0.00652	0.00474	0.00148	0.00508	0.03251	0.00295	0.00573
16	0.01039	0.01100	0.06424	0.07266	0.55710	0.02584	0.10448	0.01321	0.01000	0.01398	0.00941	0.03068	0.00820	0.00460	0.00457	0.00139	0.00555	0.04395	0.00230	0.00646
17	0.00789	0.00446	0.00655	0.00628	0.00658	0.00453	0.02342	0.03848	0.00667	0.00895	0.00889	0.03781	0.00893	0.06417	0.06218	0.69086	0.00441	0.00432	0.00216	0.00245
18	0.00838	0.01113	0.23647	0.01011	0.04488	0.04460	0.07127	0.01081	0.00952	0.05943	0.03314	0.36639	0.04016	0.00882	0.00499	0.00157	0.00450	0.02551	0.00326	0.00506

[dist]
# distance from previous block
# <min> <max>
0	1

[block]
# block no. 2 follows, 59 sequences, length 25
# corresponding to MSA columns:
# 141-165
name=unknown_C
#
# <colnr> <probs for GDERKNQSTAVLIFYWHMCP>
#	G	D	E	R	K	N	Q	S	T	A	V	L	I	F	Y	W	H	M	C	P
0	0.01137	0.02885	0.42848	0.01295	0.09493	0.07703	0.05489	0.02436	0.02085	0.13351	0.03726	0.03729	0.00868	0.00486	0.00435	0.00137	0.00580	0.00404	0.00272	0.00641
1	0.03802	0.00859	0.01131	0.21052	0.14064	0.08657	0.03883	0.03543	0.03501	0.02687	0.08938	0.09738	0.03217	0.02387	0.03885	0.06838	0.00509	0.00532	0.00285	0.00494
2	0.01028	0.00986	0.01694	0.18555	0.62220	0.01022	0.03470	0.01296	0.00979	0.01373	0.00859	0.02967	0.00727	0.00425	0.00443	0.00136	0.00537	0.00416	0.00219	0.00648
3	0.03883	0.04965	0.01342	0.01484	0.31076	0.02307	0.02795	0.04122	0.01083	0.17010	0.06323	0.02322	0.03838	0.00486	0.00419	0.00121	0.00429	0.00425	0.00323	0.15246
4	0.02913	0.02852	0.39261	0.01008	0.01410	0.00794	0.07987	0.01149	0.00963	0.03929	0.06505	0.15208	0.12767	0.00706	0.00468	0.00147	0.00488	0.00611	0.00290	0.00543
5	0.01008	0.00960	0.01628	0.22734	0.59175	0.01008	0.01288	0.01272	0.00972	0.01354	0.00914	0.02727	0.02140	0.00437	0.00442	0.00136	0.00530	0.00419	0.00220	0.00635
6	0.00834	0.00785	0.01325	0.83417	0.03042	0.00981	0.01227	0.01128	0.00883	0.01128	0.00785	0.01178	0.00589	0.00442	0.00442	0.00147	0.00589	0.00393	0.00196	0.00491
7	0.01192	0.00763	0.03456	0.03290	0.11038	0.00682	0.09014	0.02724	0.01101	0.28431	0.10702	0.20304	0.02735	0.00748	0.00490	0.00149	0.00401	0.01787	0.00410	0.00583
8	0.01035	0.01064	0.05273	0.19092	0.47825	0.03272	0.03724	0.01409	0.08838	0.01400	0.00939	0.02511	0.00766	0.00442	0.00442	0.00138	0.00537	0.00416	0.00239	0.00640
9	0.00944	0.02271	0.76063	0.01250	0.01870	0.07209	0.01573	0.01426	0.00957	0.01375	0.00784	0.00922	0.00560	0.00422	0.00418	0.00138	0.00664	0.00323	0.00190	0.00642
10	0.00938	0.00891	0.01513	0.50940	0.34704	0.01009	0.01278	0.01220	0.00932	0.01255	0.00803	0.01144	0.00633	0.00422	0.00440	0.00141	0.00563	0.00393	0.00205	0.00575
11	0.01124	0.01473	0.38990	0.01068	0.02750	0.03217	0.05525	0.01450	0.01023	0.21132	0.01439	0.12419	0.05201	0.00614	0.00456	0.00144	0.00517	0.00522	0.00320	0.00617
12	0.01013	0.00972	0.01660	0.19219	0.59522	0.01007	0.03599	0.01278	0.00982	0.01366	0.00987	0.01255	0.04311	0.00435	0.00444	0.00136	0.00531	0.00421	0.00223	0.00639
13	0.01242	0.00824	0.01283	0.05931	0.14316	0.00807	0.11414	0.05002	0.07207	0.25006	0.01641	0.10458	0.04651	0.00667	0.00484	0.00150	0.00448	0.07467	0.00386	0.00616
14	0.00999	0.00952	0.01598	0.18486	0.60036	0.00985	0.01253	0.01256	0.00982	0.01362	0.01098	0.01349	0.06798	0.00458	0.00445	0.00136	0.00515	0.00434	0.00229	0.00634
15	0.00964	0.01415	0.30192	0.06356	0.09364	0.02448	0.22426	0.01316	0.00982	0.05242	0.01120	0.10748	0.00984	0.00557	0.00475	0.00148	0.00595	0.03825	0.00253	0.00590
16	0.01040	0.01011	0.01646	0.24852	0.57436	0.03724	0.01303	0.01306	0.00980	0.01344	0.00813	0.01107	0.00665	0.00409	0.00437	0.00135	0.00551	0.00390	0.00213	0.00636
17	0.00902	0.00850	0.01436	0.55552	0.26988	0.00978	0.01234	0.01178	0.00919	0.01224	0.00863	0.04368	0.00713	0.00463	0.00445	0.00144	0.00556	0.00426	0.00211	0.00549
18	0.01111	0.00838	0.04380	0.09486	0.25134	0.00771	0.05684	0.01332	0.01039	0.19541	0.05257	0.10601	0.07511	0.02129	0.00505	0.00150	0.00443	0.03151	0.00344	0.00591
19	0.00816	0.02509	0.34121	0.00954	0.01272	0.02764	0.03126	0.01087	0.00870	0.03010	0.01364	0.13612	0.04797	0.12021	0.07805	0.00237	0.05732	0.03138	0.00262	0.00502
20	0.01857	0.00894	0.04238	0.00966	0.07270	0.04384	0.00750	0.02045	0.01231	0.69165	0.01589	0.01418	0.01019	0.00526	0.00441	0.00135	0.00417	0.00429	0.00494	0.00733
21	0.01023	0.00849	0.01410	0.36529	0.28863	0.00913	0.03846	0.01279	0.00984	0.09954	0.02765	0.03277	0.05389	0.00503	0.00452	0.00141	0.00514	0.00461	0.00265	0.00581
22	0.01196	0.06322	0.15075	0.01102	0.05772	0.00817	0.14188	0.01446	0.01055	0.25887	0.04857	0.15041	0.03966	0.00648	0.00468	0.00144	0.00468	0.00586	0.00361	0.00603
23	0.01414	0.01445	0.01273	0.01209	0.08094	0.39755	0.06026	0.04616	0.04269	0.10736	0.01115	0.06219	0.00974	0.00591	0.00493	0.00137	0.04432	0.06342	0.00303	0.00559
24	0.19317	0.05463	0.01181	0.07234	0.01376	0.56002	0.00800	0.01600	0.01105	0.01269	0.00673	0.00805	0.00552	0.00441	0.00371	0.00120	0.00672	0.00281	0.00233	0.00506

[dist]
# distance from previous block
# <min> <max>
1	6

[block]
# block no. 3 follows, 59 sequences, length 13
# corresponding to MSA columns:
# 172-184
name=unknown_D
#
# <colnr> <probs for GDERKNQSTAVLIFYWHMCP>
#	G	D	E	R	K	N	Q	S	T	A	V	L	I	F	Y	W	H	M	C	P
0	0.00865	0.00724	0.00850	0.00638	0.00966	0.00569	0.00501	0.01082	0.03088	0.01474	0.12930	0.01380	0.01241	0.04144	0.00444	0.00095	0.00314	0.00365	0.00301	0.68027
1	0.01530	0.01409	0.13422	0.01051	0.01440	0.04066	0.00952	0.61907	0.05789	0.02472	0.01044	0.01061	0.00746	0.00514	0.00437	0.00134	0.00515	0.00388	0.00397	0.00726
2	0.00787	0.00734	0.01193	0.70986	0.02676	0.00890	0.01093	0.01054	0.00902	0.01138	0.01338	0.01638	0.12718	0.00543	0.00454	0.00147	0.00534	0.00473	0.00228	0.00473
3	0.01047	0.01000	0.01580	0.04022	0.62631	0.02684	0.01172	0.01291	0.00995	0.01417	0.00981	0.01202	0.04264	0.00418	0.00424	0.00122	0.00489	0.00395	0.00233	0.13633
4	0.01138	0.03719	0.26152	0.01296	0.13481	0.00897	0.08745	0.03311	0.03458	0.17108	0.03989	0.03785	0.01024	0.04884	0.02542	0.00168	0.00535	0.01632	0.01513	0.00625
5	0.00551	0.00394	0.00524	0.00606	0.00643	0.00367	0.00411	0.00648	0.00906	0.01224	0.14279	0.72071	0.03108	0.01312	0.00557	0.00173	0.00249	0.01187	0.00421	0.00367
6	0.01093	0.01049	0.01793	0.02711	0.81723	0.01049	0.01355	0.01355	0.01006	0.01443	0.00831	0.01093	0.00700	0.00394	0.00437	0.00131	0.00525	0.00394	0.00219	0.00700
7	0.01069	0.01026	0.01487	0.22013	0.24494	0.06314	0.08828	0.06432	0.14099	0.01465	0.01049	0.02744	0.00852	0.00544	0.01910	0.00153	0.02554	0.02088	0.00273	0.00606
8	0.01137	0.00966	0.01139	0.16341	0.04921	0.08282	0.03513	0.17519	0.13184	0.03230	0.04735	0.01681	0.01141	0.02384	0.00543	0.02193	0.02579	0.07134	0.06812	0.00566
9	0.01094	0.01060	0.01482	0.04933	0.38056	0.06796	0.06638	0.01659	0.26344	0.01517	0.01206	0.05201	0.00995	0.00510	0.00450	0.00140	0.00494	0.00469	0.00301	0.00655
10	0.00740	0.00579	0.03115	0.00844	0.03077	0.00536	0.02034	0.00957	0.02349	0.02799	0.05751	0.11876	0.03850	0.02500	0.00603	0.00192	0.00390	0.54875	0.02504	0.00429
11	0.01571	0.05078	0.14610	0.01060	0.06892	0.00931	0.03018	0.14432	0.04205	0.40145	0.01386	0.01316	0.02271	0.00512	0.00435	0.00135	0.00460	0.00416	0.00416	0.00710
12	0.04102	0.12562	0.19360	0.03545	0.06169	0.15390	0.03295	0.03194	0.03923	0.10646	0.04841	0.04538	0.01986	0.00631	0.03814	0.00154	0.00570	0.00411	0.00285	0.00585

[dist]
# distance from previous block
# <min> <max>
0	8

[block]
# block no. 4 follows, 59 sequences, length 51
# corresponding to MSA columns:
# 193-211,231-262
name=unknown_E
#
# <colnr> <probs for GDERKNQSTAVLIFYWHMCP>
#	G	D	E	R	K	N	Q	S	T	A	V	L	I	F	Y	W	H	M	C	P
0	0.01308	0.02612	0.06368	0.04060	0.13920	0.07564	0.03260	0.25244	0.02367	0.08335	0.02622	0.03610	0.00858	0.00486	0.00422	0.00122	0.00488	0.00400	0.00332	0.15624
1	0.02644	0.00764	0.02395	0.00729	0.05575	0.08197	0.00535	0.07672	0.01087	0.09971	0.01339	0.01465	0.02263	0.00508	0.00355	0.00113	0.00334	0.00401	0.51032	0.02620
2	0.02966	0.03945	0.03040	0.04527	0.50227	0.04505	0.04058	0.03406	0.08164	0.03066	0.00919	0.01106	0.00741	0.00417	0.00423	0.00127	0.00508	0.00384	0.00254	0.07216
3	0.00655	0.00520	0.00652	0.00637	0.00753	0.00503	0.03134	0.02917	0.08320	0.01360	0.16526	0.29257	0.23665	0.04866	0.03985	0.00192	0.00316	0.00914	0.00408	0.00419
4	0.17704	0.01026	0.04017	0.26137	0.05083	0.04435	0.02846	0.14681	0.12829	0.03321	0.00979	0.01152	0.00740	0.00485	0.00429	0.00142	0.01951	0.01157	0.00301	0.00585
5	0.00598	0.00450	0.00553	0.00535	0.00649	0.00406	0.00403	0.00777	0.01169	0.01589	0.56882	0.05740	0.24649	0.00981	0.00525	0.00144	0.00219	0.02867	0.00462	0.00403
6	0.01126	0.00632	0.00757	0.00658	0.00868	0.00610	0.00516	0.01508	0.16549	0.25574	0.21557	0.02416	0.14540	0.00730	0.00461	0.00138	0.00288	0.00614	0.09898	0.00563
7	0.00536	0.00440	0.00472	0.00480	0.00609	0.00376	0.00354	0.00655	0.01016	0.01252	0.13125	0.13663	0.63243	0.01125	0.00527	0.00152	0.00226	0.00955	0.00419	0.00376
8	0.01181	0.84744	0.02314	0.00756	0.01134	0.01748	0.00756	0.01323	0.00897	0.01039	0.00614	0.00708	0.00567	0.00378	0.00283	0.00094	0.00472	0.00236	0.00189	0.00567
9	0.00578	0.00401	0.00519	0.00604	0.00636	0.00381	0.00411	0.00661	0.00837	0.01133	0.02251	0.64154	0.02645	0.11602	0.00763	0.00208	0.00287	0.07090	0.04486	0.00354
10	0.03103	0.15828	0.01481	0.00959	0.01315	0.01417	0.00815	0.63707	0.01833	0.03839	0.00986	0.01001	0.00720	0.00502	0.00411	0.00126	0.00479	0.00367	0.00396	0.00714
11	0.00647	0.00434	0.00513	0.00513	0.00529	0.00446	0.00312	0.00679	0.00663	0.00911	0.01362	0.02672	0.01513	0.69239	0.14189	0.00458	0.00533	0.00608	0.03487	0.00292
12	0.01189	0.80624	0.03880	0.00777	0.01156	0.04154	0.00776	0.01337	0.00909	0.01048	0.00620	0.00716	0.00567	0.00381	0.00290	0.00096	0.00486	0.00239	0.00190	0.00567
13	0.01121	0.45954	0.19127	0.00976	0.01351	0.07741	0.02988	0.01366	0.02785	0.01151	0.00688	0.00830	0.00588	0.00448	0.00481	0.00121	0.11220	0.00292	0.00199	0.00574
14	0.00572	0.00423	0.00591	0.00663	0.00702	0.00407	0.02375	0.00662	0.00849	0.01134	0.02311	0.72871	0.02741	0.03851	0.01754	0.00195	0.01741	0.05396	0.00395	0.00367
15	0.00712	0.00508	0.00712	0.00813	0.00915	0.00508	0.00712	0.00915	0.01017	0.01322	0.02338	0.04982	0.02542	0.01220	0.00610	0.00203	0.00407	0.78750	0.00407	0.00407
16	0.00911	0.00871	0.00884	0.00770	0.00975	0.11455	0.05761	0.10538	0.07710	0.01434	0.02927	0.02888	0.44876	0.00858	0.00527	0.00145	0.03563	0.02053	0.00373	0.00483
17	0.03348	0.44564	0.25740	0.00944	0.01392	0.02445	0.04040	0.04515	0.00963	0.01290	0.00728	0.00845	0.00594	0.00400	0.00343	0.00112	0.00524	0.00287	0.02770	0.04156
18	0.01042	0.00996	0.01695	0.15420	0.67818	0.01026	0.01318	0.01306	0.00983	0.01387	0.00853	0.02621	0.00723	0.00419	0.00440	0.00135	0.00530	0.00409	0.00219	0.00660
19	0.01180	0.78939	0.05787	0.00788	0.01174	0.03862	0.00797	0.01338	0.00908	0.01056	0.00624	0.00721	0.00567	0.00382	0.00292	0.00097	0.00489	0.00241	0.00190	0.00569
20	0.00610	0.00489	0.00632	0.10759	0.00968	0.00474	0.00533	0.00768	0.01000	0.01279	0.14424	0.17692	0.33463	0.01067	0.00534	0.00162	0.00303	0.14052	0.00394	0.00397
21	0.15777	0.00779	0.00936	0.00761	0.01020	0.02399	0.02840	0.06085	0.01103	0.39862	0.03046	0.01442	0.01025	0.05597	0.03684	0.00175	0.04291	0.00421	0.08150	0.00605
22	0.01134	0.01062	0.01760	0.02593	0.76141	0.01072	0.01320	0.06837	0.01080	0.01536	0.00847	0.01091	0.00703	0.00403	0.00438	0.00131	0.00522	0.00394	0.00234	0.00703
23	0.00750	0.00450	0.00503	0.00513	0.00609	0.00449	0.00375	0.01001	0.06596	0.01568	0.14286	0.19822	0.02013	0.00770	0.00407	0.00128	0.00227	0.00662	0.48448	0.00421
24	0.00740	0.00553	0.00634	0.00592	0.00746	0.00533	0.00450	0.03707	0.11956	0.04883	0.33677	0.07051	0.30929	0.00933	0.00508	0.00146	0.00251	0.00799	0.00452	0.00462
25	0.01173	0.01163	0.01719	0.02483	0.70331	0.09279	0.01284	0.04643	0.01074	0.01462	0.00825	0.01062	0.00689	0.00405	0.00434	0.00129	0.00550	0.00383	0.00229	0.00683
26	0.01042	0.01191	0.02606	0.01862	0.02308	0.01117	0.80119	0.01415	0.01042	0.01415	0.00894	0.01191	0.00670	0.00372	0.00521	0.00149	0.00745	0.00521	0.00223	0.00596
27	0.00598	0.00441	0.00485	0.00510	0.00617	0.00401	0.00373	0.00737	0.02363	0.01251	0.04306	0.19656	0.42332	0.06212	0.00611	0.00169	0.00254	0.05704	0.12603	0.00378
28	0.00758	0.00658	0.00680	0.00721	0.00793	0.09913	0.00511	0.06076	0.00972	0.01234	0.02084	0.65240	0.02430	0.01199	0.00564	0.00170	0.02830	0.02374	0.00385	0.00407
29	0.00839	0.00782	0.01287	0.71854	0.02746	0.00986	0.01157	0.01097	0.00851	0.01107	0.00784	0.01213	0.00622	0.02979	0.00612	0.01975	0.08036	0.00399	0.00198	0.00477
30	0.00724	0.00427	0.00446	0.00445	0.00560	0.00405	0.00336	0.00907	0.00981	0.01535	0.10047	0.02555	0.21924	0.00724	0.00391	0.00121	0.00216	0.02568	0.54286	0.00402
31	0.00631	0.00473	0.00710	0.00710	0.00789	0.00552	0.00552	0.00789	0.00710	0.01025	0.01183	0.01735	0.01104	0.03312	0.82728	0.00710	0.01183	0.00473	0.00237	0.00394
32	0.04241	0.00996	0.01054	0.00887	0.01165	0.01119	0.00708	0.28685	0.42531	0.04933	0.01478	0.01411	0.01090	0.00561	0.00430	0.00139	0.00386	0.00447	0.07050	0.00689
33	0.00696	0.01762	0.10312	0.00690	0.00858	0.00527	0.00595	0.04089	0.01008	0.03612	0.10203	0.35489	0.19540	0.01079	0.00525	0.00162	0.00320	0.07703	0.00393	0.00436
34	0.01650	0.02105	0.01252	0.01138	0.01365	0.82705	0.00853	0.01764	0.01252	0.01081	0.00683	0.00796	0.00569	0.00455	0.00398	0.00114	0.00796	0.00284	0.00228	0.00512
35	0.00834	0.00785	0.01325	0.83417	0.03042	0.00981	0.01227	0.01128	0.00883	0.01128	0.00785	0.01178	0.00589	0.00442	0.00442	0.00147	0.00589	0.00393	0.00196	0.00491
36	0.00834	0.00785	0.01325	0.83417	0.03042	0.00981	0.01227	0.01128	0.00883	0.01128	0.00785	0.01178	0.00589	0.00442	0.00442	0.00147	0.00589	0.00393	0.00196	0.00491
37	0.01680	0.00913	0.01089	0.00856	0.01169	0.00923	0.00705	0.34444	0.01561	0.37908	0.03708	0.01502	0.01089	0.00654	0.02905	0.00153	0.00434	0.03092	0.04512	0.00704
38	0.01114	0.05067	0.19934	0.01187	0.11827	0.00910	0.06117	0.08639	0.05818	0.12550	0.06286	0.05062	0.07396	0.00569	0.00444	0.00135	0.00466	0.00489	0.00331	0.05659
39	0.01447	0.04905	0.01257	0.06125	0.04392	0.17710	0.05982	0.05487	0.08165	0.25400	0.01245	0.01379	0.00929	0.00532	0.00469	0.00134	0.03705	0.03619	0.05186	0.01932
40	0.00916	0.00785	0.00916	0.00654	0.01047	0.00589	0.00523	0.01112	0.00916	0.01439	0.00785	0.00916	0.00654	0.00327	0.00327	0.00065	0.00327	0.00262	0.00262	0.87178
41	0.09653	0.00497	0.00607	0.00660	0.00765	0.00491	0.00525	0.00834	0.00978	0.01392	0.14192	0.25083	0.10973	0.01121	0.00540	0.00175	0.00312	0.30397	0.00406	0.00399
42	0.01048	0.01165	0.02268	0.05321	0.03900	0.04898	0.61744	0.01381	0.01029	0.01390	0.00865	0.01137	0.00661	0.00374	0.00487	0.00137	0.00686	0.00471	0.00227	0.10809
43	0.00592	0.00413	0.00506	0.00559	0.00582	0.00397	0.00359	0.00643	0.00771	0.01020	0.02053	0.41023	0.05556	0.38077	0.01308	0.00289	0.00338	0.04844	0.00347	0.00321
44	0.00987	0.02536	0.01099	0.00933	0.01049	0.01040	0.00760	0.17114	0.03058	0.01415	0.00952	0.01326	0.00852	0.03503	0.31438	0.00375	0.30362	0.00427	0.00268	0.00507
45	0.00585	0.00420	0.00519	0.00548	0.00603	0.00393	0.00370	0.00683	0.00927	0.01247	0.24081	0.33698	0.11911	0.20865	0.00945	0.00224	0.00280	0.00949	0.00397	0.00355
46	0.01120	0.00911	0.00965	0.00853	0.01094	0.01036	0.00667	0.11418	0.60533	0.01937	0.05542	0.01658	0.01395	0.00598	0.00439	0.00143	0.00346	0.00494	0.08184	0.00666
47	0.23915	0.03784	0.01164	0.00920	0.01228	0.17860	0.00746	0.41468	0.01530	0.02177	0.00855	0.00907	0.00638	0.00479	0.00385	0.00129	0.00511	0.00329	0.00347	0.00626
48	0.00608	0.00429	0.00486	0.00496	0.00531	0.00414	0.00305	0.00643	0.00738	0.00956	0.02106	0.11055	0.17781	0.56867	0.04468	0.00357	0.00396	0.00755	0.00309	0.00302
49	0.11905	0.04396	0.06323	0.09284	0.19102	0.27844	0.02386	0.05445	0.05126	0.01434	0.00814	0.00973	0.00648	0.00440	0.00398	0.00128	0.00591	0.00337	0.01849	0.00579
50	0.50155	0.05598	0.07098	0.04177	0.02502	0.03893	0.00686	0.08085	0.05392	0.01834	0.00757	0.00856	0.00585	0.00427	0.00327	0.00130	0.00413	0.00286	0.00280	0.06520

[dist]
# distance from previous block
# <min> <max>
0	2

[block]
# block no. 5 follows, 59 sequences, length 8
# corresponding to MSA columns:
# 265-272
name=unknown_F
#
# <colnr> <probs for GDERKNQSTAVLIFYWHMCP>
#	G	D	E	R	K	N	Q	S	T	A	V	L	I	F	Y	W	H	M	C	P
0	0.01098	0.00986	0.01523	0.18096	0.37903	0.04902	0.05690	0.01371	0.03584	0.07691	0.00979	0.04933	0.00815	0.00488	0.00501	0.00139	0.05183	0.00438	0.00257	0.03424
1	0.01210	0.00866	0.00938	0.00790	0.01036	0.02717	0.00637	0.33067	0.07020	0.08791	0.08120	0.04131	0.18464	0.00758	0.00475	0.00143	0.00377	0.06407	0.03465	0.00590
2	0.00949	0.01107	0.12378	0.11125	0.31203	0.01048	0.04548	0.01195	0.00888	0.01277	0.00917	0.09084	0.00852	0.00589	0.00697	0.00155	0.20712	0.00471	0.00224	0.00579
3	0.01082	0.05879	0.20095	0.07254	0.18949	0.04295	0.07354	0.03548	0.08088	0.07898	0.02788	0.04070	0.03169	0.00526	0.00446	0.00140	0.00529	0.02985	0.00284	0.00621
4	0.01008	0.13042	0.28984	0.01122	0.07353	0.02502	0.02299	0.07647	0.04883	0.01471	0.04976	0.02672	0.02829	0.00534	0.00522	0.00136	0.09760	0.00403	0.07266	0.00589
5	0.00643	0.00465	0.00616	0.00698	0.00777	0.00451	0.00560	0.00789	0.00941	0.01220	0.02499	0.24297	0.10643	0.08426	0.00731	0.00211	0.00353	0.44904	0.00396	0.00379
6	0.04679	0.01430	0.26816	0.01552	0.19644	0.01033	0.13360	0.11467	0.01151	0.13150	0.00979	0.01098	0.00705	0.00438	0.00440	0.00138	0.00565	0.00394	0.00287	0.00674
7	0.01009	0.07192	0.01667	0.30897	0.48099	0.01077	0.01266	0.01273	0.00955	0.01302	0.00799	0.01094	0.00651	0.00409	0.00427	0.00134	0.00543	0.00381	0.00209	0.00616

[dist]
# distance from previous block
# <min> <max>
0	1

[block]
# block no. 6 follows, 59 sequences, length 12
# corresponding to MSA columns:
# 274-285
name=unknown_G
#
# <colnr> <probs for GDERKNQSTAVLIFYWHMCP>
#	G	D	E	R	K	N	Q	S	T	A	V	L	I	F	Y	W	H	M	C	P
0	0.01178	0.01294	0.01256	0.01103	0.01196	0.27543	0.00885	0.03896	0.00912	0.01122	0.00689	0.00991	0.00634	0.00914	0.09118	0.00217	0.45982	0.00363	0.00217	0.00493
1	0.01354	0.24719	0.06708	0.00992	0.01274	0.38958	0.00850	0.01577	0.06442	0.03107	0.00900	0.00991	0.03535	0.00489	0.00450	0.00120	0.06420	0.00322	0.00241	0.00548
2	0.87598	0.00854	0.00649	0.00581	0.00854	0.00991	0.00478	0.01298	0.00752	0.01982	0.00615	0.00717	0.00478	0.00410	0.00273	0.00137	0.00342	0.00239	0.00273	0.00478
3	0.00751	0.00521	0.00715	0.00687	0.00768	0.00582	0.00515	0.07952	0.00802	0.01120	0.01123	0.01741	0.01072	0.12352	0.51452	0.15858	0.00889	0.00471	0.00251	0.00376
4	0.03252	0.01727	0.46725	0.08646	0.03342	0.02408	0.18293	0.02931	0.00980	0.01415	0.02569	0.04040	0.00751	0.00458	0.00447	0.00143	0.00632	0.00417	0.00218	0.00606
5	0.01366	0.01593	0.01244	0.01106	0.01259	0.47872	0.00864	0.05234	0.01075	0.01153	0.00708	0.00932	0.00622	0.00774	0.07023	0.00184	0.25921	0.00335	0.00228	0.00506
6	0.00767	0.00384	0.00575	0.00575	0.00575	0.00384	0.00384	0.00575	0.00575	0.00767	0.00767	0.01343	0.00767	0.01534	0.01726	0.87150	0.00384	0.00384	0.00192	0.00192
7	0.01172	0.70033	0.02210	0.00865	0.01209	0.04584	0.05133	0.01321	0.00899	0.01063	0.00629	0.00760	0.00574	0.00414	0.00400	0.00107	0.07610	0.00266	0.00193	0.00559
8	0.00600	0.00447	0.00560	0.00554	0.00659	0.00407	0.00415	0.00775	0.01146	0.01564	0.53550	0.12187	0.19389	0.01014	0.00530	0.00149	0.00227	0.04969	0.00459	0.00401
9	0.02438	0.01260	0.05559	0.02950	0.21949	0.18666	0.05793	0.08547	0.02460	0.03748	0.05668	0.02343	0.00932	0.00694	0.05612	0.00174	0.09936	0.00416	0.00270	0.00585
10	0.00672	0.00542	0.03371	0.00704	0.05823	0.00516	0.00454	0.00748	0.00706	0.00966	0.01411	0.02487	0.04643	0.53401	0.21294	0.00456	0.00615	0.00587	0.00260	0.00343
11	0.00981	0.00943	0.05395	0.02947	0.06827	0.02510	0.00878	0.09072	0.00898	0.01320	0.00888	0.05111	0.00819	0.00968	0.08807	0.03335	0.39991	0.00435	0.07371	0.00504

[dist]
# distance from previous block
# <min> <max>
0	17

[block]
# block no. 7 follows, 59 sequences, length 7
# corresponding to MSA columns:
# 303-309
name=unknown_H
#
# <colnr> <probs for GDERKNQSTAVLIFYWHMCP>
#	G	D	E	R	K	N	Q	S	T	A	V	L	I	F	Y	W	H	M	C	P
0	0.03656	0.13799	0.22400	0.00996	0.03393	0.02920	0.00965	0.15752	0.05978	0.06705	0.02963	0.01196	0.00856	0.00709	0.06642	0.00174	0.03952	0.01567	0.02574	0.02802
1	0.04740	0.08459	0.37381	0.05316	0.07456	0.06957	0.06702	0.05640	0.01011	0.01426	0.00933	0.07238	0.00785	0.00496	0.00418	0.00136	0.00574	0.00411	0.03325	0.00594
2	0.05762	0.08663	0.03239	0.00903	0.01222	0.05062	0.00760	0.29419	0.11458	0.06656	0.01023	0.01064	0.00773	0.00497	0.00473	0.00124	0.06697	0.00359	0.00351	0.15494
3	0.00693	0.00551	0.00769	0.00732	0.00782	0.00660	0.00557	0.00811	0.00731	0.01053	0.07165	0.01954	0.01345	0.19464	0.45330	0.00516	0.15732	0.00517	0.00254	0.00386
4	0.00773	0.05941	0.00742	0.00661	0.00783	0.00590	0.00494	0.04559	0.08469	0.05297	0.08013	0.44889	0.09792	0.01080	0.00513	0.00160	0.00294	0.04153	0.02347	0.00450
5	0.01199	0.37040	0.10094	0.01269	0.15002	0.12624	0.05954	0.06076	0.01062	0.01307	0.04031	0.00966	0.00754	0.00426	0.00373	0.00116	0.00552	0.00329	0.00228	0.00597
6	0.00710	0.00592	0.04422	0.00782	0.08192	0.00491	0.00548	0.00877	0.01049	0.06156	0.24839	0.21833	0.25852	0.00987	0.00514	0.00150	0.00283	0.00863	0.00411	0.00447

[dist]
# distance from previous block
# <min> <max>
3	7

[block]
# block no. 8 follows, 59 sequences, length 70
# corresponding to MSA columns:
# 321-362,368-395
name=unknown_I
#
# <colnr> <probs for GDERKNQSTAVLIFYWHMCP>
#	G	D	E	R	K	N	Q	S	T	A	V	L	I	F	Y	W	H	M	C	P
0	0.01089	0.24652	0.37237	0.01223	0.08185	0.04460	0.04868	0.08059	0.01043	0.01410	0.00769	0.00901	0.00598	0.00412	0.00386	0.00123	0.00578	0.00318	0.00217	0.03472
1	0.01122	0.10409	0.13281	0.05176	0.44639	0.10200	0.06239	0.01398	0.01008	0.01339	0.00788	0.01005	0.00645	0.00403	0.00419	0.00128	0.00584	0.00363	0.00211	0.00643
2	0.00540	0.00412	0.00498	0.00560	0.00633	0.00370	0.00392	0.00638	0.00922	0.01183	0.06585	0.51459	0.29889	0.01268	0.00549	0.00168	0.00246	0.02909	0.00413	0.00367
3	0.00595	0.00450	0.00543	0.00521	0.00637	0.00405	0.00390	0.00769	0.01149	0.01558	0.53078	0.03546	0.28841	0.02116	0.02078	0.00156	0.00234	0.00828	0.01706	0.00400
4	0.00631	0.00473	0.00710	0.00710	0.00789	0.00552	0.00552	0.00789	0.00710	0.01025	0.01183	0.01735	0.01104	0.03312	0.82728	0.00710	0.01183	0.00473	0.00237	0.00394
5	0.00538	0.00384	0.00512	0.00615	0.00641	0.00359	0.00410	0.00615	0.00846	0.01127	0.02434	0.84190	0.02921	0.01384	0.00564	0.00179	0.00256	0.01256	0.00410	0.00359
6	0.01184	0.00991	0.01047	0.00916	0.01181	0.01138	0.00720	0.13752	0.69382	0.01985	0.01690	0.01562	0.01261	0.00589	0.00448	0.00147	0.00370	0.00484	0.00448	0.00707
7	0.01583	0.01144	0.01223	0.00948	0.01273	0.01262	0.00780	0.71334	0.01947	0.02656	0.01103	0.01126	0.00794	0.00528	0.00427	0.00129	0.00454	0.00399	0.10176	0.00713
8	0.00956	0.21893	0.63196	0.01139	0.01727	0.01197	0.01423	0.01381	0.00924	0.01313	0.00750	0.00879	0.00561	0.00410	0.00387	0.00129	0.00610	0.00305	0.00187	0.00632
9	0.01690	0.01220	0.01315	0.01008	0.01361	0.01344	0.00833	0.77449	0.02047	0.05626	0.01085	0.01076	0.00763	0.00531	0.00442	0.00133	0.00482	0.00399	0.00446	0.00751
10	0.01092	0.44634	0.30585	0.00995	0.02936	0.04147	0.01080	0.03590	0.00954	0.01239	0.00702	0.00819	0.00575	0.00404	0.00363	0.00114	0.01849	0.00281	0.00200	0.03443
11	0.01518	0.01898	0.04160	0.03124	0.04796	0.64331	0.00900	0.02987	0.08227	0.01202	0.00797	0.00905	0.00646	0.00471	0.00428	0.00121	0.02381	0.00316	0.00247	0.00544
12	0.00615	0.00467	0.00569	0.00544	0.00662	0.00429	0.00407	0.00835	0.04040	0.01620	0.58311	0.05500	0.22454	0.00955	0.00520	0.00143	0.00218	0.00831	0.00465	0.00415
13	0.00534	0.00424	0.00481	0.00521	0.00620	0.00371	0.00372	0.00637	0.00952	0.01187	0.06024	0.35097	0.47631	0.01216	0.00539	0.00161	0.00239	0.02211	0.00412	0.00369
14	0.01099	0.23797	0.31294	0.01018	0.01443	0.06374	0.01080	0.07104	0.14672	0.01436	0.00935	0.01023	0.00729	0.00554	0.03119	0.00148	0.02957	0.00341	0.00254	0.00623
15	0.02855	0.05000	0.15738	0.06638	0.12493	0.05995	0.10005	0.13184	0.07605	0.03843	0.02463	0.01155	0.00798	0.00509	0.01334	0.00143	0.05145	0.00399	0.04076	0.00621
16	0.00550	0.00394	0.00510	0.00593	0.00625	0.00368	0.00394	0.00627	0.00851	0.01132	0.05534	0.69937	0.06628	0.08761	0.00710	0.00199	0.00268	0.01167	0.00400	0.00354
17	0.01046	0.28757	0.42438	0.01138	0.02789	0.07267	0.06431	0.01389	0.00949	0.01254	0.00742	0.00885	0.00583	0.00462	0.02006	0.00135	0.00620	0.00311	0.00194	0.00606
18	0.01059	0.14607	0.21228	0.01161	0.04479	0.03809	0.10517	0.02774	0.03803	0.04167	0.00826	0.01017	0.00666	0.01529	0.00609	0.00137	0.15535	0.00357	0.01497	0.10224
19	0.06834	0.45210	0.09887	0.00893	0.01269	0.07846	0.02401	0.12605	0.06763	0.01451	0.00790	0.00864	0.00644	0.00427	0.00344	0.00114	0.00506	0.00296	0.00252	0.00601
20	0.01044	0.00923	0.01255	0.01599	0.35503	0.05633	0.00924	0.04798	0.07000	0.01474	0.01097	0.01331	0.02555	0.01715	0.03657	0.01182	0.09642	0.00416	0.17673	0.00579
21	0.00691	0.00508	0.00619	0.00586	0.00716	0.00493	0.00447	0.00987	0.09345	0.03079	0.50449	0.03160	0.16166	0.01013	0.04524	0.00170	0.00281	0.02766	0.03557	0.00443
22	0.00631	0.00473	0.00710	0.00710	0.00789	0.00552	0.00552	0.00789	0.00710	0.01025	0.01183	0.01735	0.01104	0.03312	0.82728	0.00710	0.01183	0.00473	0.00237	0.00394
23	0.00583	0.00449	0.00521	0.00503	0.00627	0.00397	0.00377	0.00748	0.01132	0.01506	0.44548	0.03688	0.39150	0.00991	0.00516	0.00143	0.00215	0.00849	0.02660	0.00397
24	0.00522	0.00447	0.00447	0.00447	0.00597	0.00373	0.00336	0.00634	0.01007	0.01193	0.04474	0.04250	0.81544	0.01119	0.00522	0.00149	0.00224	0.00932	0.00410	0.00373
25	0.87598	0.00854	0.00649	0.00581	0.00854	0.00991	0.00478	0.01298	0.00752	0.01982	0.00615	0.00717	0.00478	0.00410	0.00273	0.00137	0.00342	0.00239	0.00273	0.00478
26	0.80700	0.00846	0.00679	0.00597	0.00876	0.00963	0.00492	0.01367	0.00793	0.08431	0.00706	0.00781	0.00528	0.00421	0.00287	0.00137	0.00344	0.00256	0.00295	0.00500
27	0.00540	0.00387	0.00511	0.00609	0.00636	0.00361	0.00405	0.00616	0.00844	0.01123	0.02449	0.80869	0.04362	0.03245	0.00601	0.00184	0.00259	0.01236	0.00407	0.00357
28	0.00625	0.00451	0.00590	0.00556	0.00660	0.00417	0.00417	0.00833	0.01250	0.01771	0.81490	0.03299	0.04167	0.00903	0.00521	0.00139	0.00208	0.00799	0.00486	0.00417
29	0.01181	0.84744	0.02314	0.00756	0.01134	0.01748	0.00756	0.01323	0.00897	0.01039	0.00614	0.00708	0.00567	0.00378	0.00283	0.00094	0.00472	0.00236	0.00189	0.00567
30	0.00966	0.00966	0.01353	0.01160	0.01160	0.01353	0.00966	0.01063	0.00676	0.01063	0.00580	0.00966	0.00580	0.00773	0.01449	0.00193	0.83670	0.00387	0.00193	0.00483
31	0.01650	0.02105	0.01252	0.01138	0.01365	0.82705	0.00853	0.01764	0.01252	0.01081	0.00683	0.00796	0.00569	0.00455	0.00398	0.00114	0.00796	0.00284	0.00228	0.00512
32	0.03811	0.01017	0.02601	0.04876	0.02820	0.01090	0.15856	0.26261	0.01283	0.10924	0.01034	0.01268	0.00804	0.06197	0.02075	0.00175	0.13648	0.00437	0.03218	0.00608
33	0.00914	0.00889	0.01352	0.02484	0.01226	0.01148	0.10411	0.01049	0.00732	0.01105	0.00762	0.01228	0.00731	0.06959	0.09178	0.00251	0.56017	0.00430	0.02663	0.00471
34	0.01093	0.01049	0.01793	0.02711	0.81723	0.01049	0.01355	0.01355	0.01006	0.01443	0.00831	0.01093	0.00700	0.00394	0.00437	0.00131	0.00525	0.00394	0.00219	0.00700
35	0.77358	0.00909	0.00680	0.00618	0.00875	0.06205	0.00499	0.01291	0.00789	0.01877	0.00718	0.05248	0.00617	0.00466	0.00297	0.00138	0.00366	0.00297	0.00278	0.00474
36	0.00628	0.00463	0.00609	0.02602	0.00757	0.00464	0.00480	0.00733	0.00879	0.03436	0.03731	0.49292	0.15066	0.03360	0.05389	0.00211	0.05122	0.06009	0.00384	0.00386
37	0.00875	0.00489	0.00496	0.00477	0.00602	0.00507	0.00363	0.03405	0.08959	0.01699	0.01466	0.01630	0.01143	0.00523	0.00327	0.00108	0.00228	0.00420	0.75832	0.00450
38	0.00792	0.00714	0.00997	0.00914	0.00936	0.00931	0.00725	0.00892	0.00712	0.01052	0.01107	0.16422	0.01193	0.07304	0.19221	0.00321	0.44512	0.00582	0.00247	0.00426
39	0.02792	0.05022	0.06511	0.14623	0.37097	0.11841	0.05663	0.07108	0.02574	0.01439	0.00826	0.01047	0.00661	0.00423	0.00427	0.00132	0.00579	0.00374	0.00235	0.00627
40	0.00764	0.00709	0.02302	0.14748	0.19265	0.03589	0.00783	0.00945	0.00969	0.01277	0.10123	0.27421	0.13623	0.00869	0.00496	0.00152	0.00388	0.00775	0.00329	0.00475
41	0.01982	0.00752	0.01025	0.00786	0.01127	0.00649	0.00649	0.02152	0.01264	0.82029	0.01742	0.01503	0.01093	0.00547	0.00444	0.00137	0.00376	0.00444	0.00547	0.00752
42	0.00921	0.02564	0.08889	0.03891	0.09697	0.06928	0.08391	0.02817	0.14353	0.01536	0.22316	0.03520	0.09745	0.00671	0.00475	0.00141	0.00431	0.01815	0.00352	0.00546
43	0.00983	0.09412	0.48368	0.03625	0.15867	0.01112	0.09851	0.03236	0.00980	0.01401	0.00800	0.00977	0.00602	0.00409	0.00422	0.00135	0.00618	0.00354	0.00203	0.00645
44	0.01240	0.01164	0.13401	0.02836	0.07999	0.03663	0.24536	0.03976	0.01089	0.21342	0.02532	0.07287	0.01010	0.00546	0.00513	0.00146	0.03792	0.01980	0.00324	0.00623
45	0.67677	0.03002	0.02788	0.00853	0.08850	0.05303	0.00630	0.03921	0.00854	0.01872	0.00658	0.00775	0.00518	0.00414	0.00305	0.00134	0.00399	0.00264	0.00267	0.00517
46	0.00539	0.00435	0.00480	0.00496	0.00614	0.00376	0.00362	0.00657	0.01006	0.01257	0.14344	0.20458	0.55144	0.01144	0.00530	0.00154	0.00228	0.00980	0.00420	0.00376
47	0.02537	0.02353	0.01355	0.33145	0.12391	0.03963	0.05620	0.08117	0.06038	0.14187	0.02469	0.02831	0.00860	0.00491	0.00441	0.00140	0.00516	0.00430	0.01519	0.00597
48	0.00992	0.00963	0.01284	0.01109	0.01157	0.01304	0.00915	0.01312	0.16215	0.01215	0.00816	0.01098	0.00729	0.00739	0.01256	0.00185	0.67537	0.00408	0.00243	0.00525
49	0.46036	0.00799	0.00821	0.00674	0.00976	0.00821	0.00555	0.01694	0.00995	0.39459	0.01157	0.01101	0.00777	0.00476	0.00354	0.00136	0.00355	0.00338	0.01870	0.00605
50	0.00928	0.00946	0.01799	0.48452	0.10166	0.01033	0.27748	0.01246	0.00948	0.01254	0.00826	0.01174	0.00626	0.00414	0.00468	0.00146	0.00635	0.00436	0.00207	0.00546
51	0.00538	0.00384	0.00512	0.00615	0.00641	0.00359	0.00410	0.00615	0.00846	0.01127	0.02434	0.84190	0.02921	0.01384	0.00564	0.00179	0.00256	0.01256	0.00410	0.00359
52	0.00936	0.00784	0.00918	0.00657	0.01048	0.00590	0.00526	0.01132	0.00922	0.02953	0.00803	0.00927	0.00662	0.00331	0.00329	0.00067	0.00328	0.00265	0.00267	0.85555
53	0.00532	0.00410	0.00486	0.00546	0.00623	0.00365	0.00380	0.00623	0.00912	0.01154	0.03269	0.51483	0.35090	0.01275	0.00547	0.00167	0.00243	0.01123	0.00410	0.00365
54	0.16482	0.27775	0.02903	0.02854	0.02491	0.13805	0.00777	0.16965	0.03789	0.04224	0.00797	0.00880	0.00634	0.00455	0.00391	0.00122	0.03485	0.00304	0.00280	0.00588
55	0.00984	0.01823	0.50672	0.01695	0.25913	0.02556	0.03257	0.02652	0.02690	0.01434	0.00827	0.01002	0.00624	0.00421	0.00441	0.00138	0.01644	0.00356	0.00207	0.00663
56	0.00757	0.00636	0.00790	0.00744	0.00779	0.03918	0.00552	0.00836	0.00706	0.00978	0.01144	0.02090	0.01209	0.35209	0.25365	0.00435	0.20157	0.03082	0.00244	0.00369
57	0.00579	0.00418	0.00527	0.00568	0.00625	0.00389	0.00391	0.00687	0.00945	0.01273	0.23941	0.41055	0.10522	0.13289	0.00794	0.00202	0.00268	0.02753	0.00410	0.00364
58	0.01128	0.12401	0.09101	0.03827	0.07054	0.18655	0.18153	0.03949	0.02261	0.01298	0.06587	0.03717	0.00961	0.00572	0.00549	0.06933	0.01642	0.00427	0.00247	0.00537
59	0.00680	0.00496	0.00668	0.00757	0.00856	0.00489	0.00639	0.00880	0.02571	0.01296	0.02532	0.14959	0.09655	0.01220	0.00593	0.00194	0.00370	0.60334	0.00408	0.00403
60	0.01149	0.01086	0.01747	0.02493	0.70458	0.03795	0.03522	0.04000	0.02951	0.03255	0.00878	0.01107	0.00720	0.00408	0.00439	0.00132	0.00531	0.00397	0.00239	0.00693
61	0.01317	0.00933	0.01084	0.00919	0.01177	0.01044	0.01896	0.09842	0.47454	0.18348	0.01588	0.01499	0.01159	0.00643	0.02053	0.00159	0.07287	0.00468	0.00440	0.00690
62	0.00834	0.00785	0.01325	0.83417	0.03042	0.00981	0.01227	0.01128	0.00883	0.01128	0.00785	0.01178	0.00589	0.00442	0.00442	0.00147	0.00589	0.00393	0.00196	0.00491
63	0.01193	0.01017	0.01668	0.03907	0.50346	0.01025	0.09418	0.03391	0.11660	0.10317	0.01069	0.01223	0.00824	0.00440	0.00449	0.00136	0.00509	0.00427	0.00290	0.00691
64	0.00627	0.00462	0.00587	0.00554	0.00665	0.00428	0.00416	0.00850	0.02981	0.01723	0.73131	0.03344	0.10743	0.00915	0.00519	0.00140	0.00213	0.00804	0.00479	0.00419
65	0.00545	0.00387	0.00510	0.00606	0.00630	0.00363	0.00400	0.00617	0.00832	0.01109	0.02364	0.78741	0.02833	0.06953	0.00677	0.00196	0.00268	0.01214	0.00400	0.00353
66	0.01225	0.00977	0.01044	0.00909	0.01177	0.01111	0.00715	0.12854	0.65961	0.06321	0.01695	0.01561	0.01254	0.00587	0.00448	0.00147	0.00369	0.00483	0.00454	0.00709
67	0.00631	0.00527	0.00560	0.00538	0.00695	0.00495	0.00408	0.00940	0.13659	0.01400	0.17903	0.03669	0.54977	0.00998	0.00510	0.00147	0.00241	0.00840	0.00430	0.00432
68	0.01268	0.40902	0.01655	0.00876	0.01146	0.31475	0.00742	0.01392	0.00995	0.01042	0.00742	0.00973	0.00683	0.05781	0.08463	0.00182	0.00659	0.00302	0.00213	0.00512
69	0.00986	0.01025	0.01680	0.01343	0.01459	0.01291	0.21623	0.01155	0.00772	0.01155	0.00662	0.01025	0.00603	0.00668	0.01207	0.00182	0.62028	0.00422	0.00201	0.00513

[dist]
# distance from previous block
# <min> <max>
5	67

[block]
# block no. 9 follows, 59 sequences, length 27
# corresponding to MSA columns:
# 465-475,480-495
name=unknown_J
#
# <colnr> <probs for GDERKNQSTAVLIFYWHMCP>
#	G	D	E	R	K	N	Q	S	T	A	V	L	I	F	Y	W	H	M	C	P
0	0.00765	0.00605	0.00697	0.00746	0.02891	0.05380	0.00525	0.05558	0.02887	0.03602	0.09150	0.52061	0.05578	0.01136	0.00554	0.00166	0.02231	0.04636	0.00402	0.00430
1	0.08578	0.00882	0.03556	0.41252	0.18070	0.03520	0.01054	0.01208	0.00950	0.04093	0.06175	0.02696	0.03188	0.00499	0.00430	0.00140	0.00506	0.00432	0.02239	0.00533
2	0.00764	0.00511	0.00653	0.00596	0.00729	0.00479	0.00457	0.04826	0.01280	0.06986	0.68480	0.03136	0.05948	0.00874	0.00514	0.00140	0.00238	0.02452	0.00484	0.00453
3	0.01409	0.00973	0.01123	0.00901	0.01180	0.01056	0.03353	0.39658	0.13276	0.11465	0.04141	0.03361	0.01092	0.00576	0.00467	0.00136	0.03068	0.00458	0.11643	0.00665
4	0.02869	0.04182	0.52895	0.02476	0.01638	0.05186	0.01298	0.04403	0.04780	0.05003	0.00994	0.03910	0.00785	0.00507	0.00447	0.00141	0.02487	0.02877	0.02504	0.00619
5	0.78220	0.02271	0.00785	0.00721	0.04560	0.03138	0.02202	0.01316	0.00785	0.01906	0.00632	0.00746	0.00496	0.00409	0.00289	0.00135	0.00372	0.00253	0.00267	0.00493
6	0.01019	0.03943	0.05344	0.03726	0.41315	0.04026	0.05631	0.05284	0.02199	0.01459	0.05682	0.08463	0.01249	0.00597	0.00467	0.00143	0.00497	0.08071	0.00280	0.00605
7	0.03416	0.05930	0.03800	0.00953	0.02751	0.01190	0.00780	0.33438	0.30679	0.03277	0.01267	0.01237	0.00942	0.00521	0.00421	0.00131	0.00423	0.00409	0.00400	0.08036
8	0.00744	0.00393	0.00567	0.00567	0.00569	0.00396	0.00373	0.00593	0.00590	0.00789	0.00872	0.01580	0.00900	0.13562	0.04682	0.71567	0.00418	0.00424	0.00204	0.00210
9	0.01069	0.01053	0.01898	0.08146	0.38813	0.01052	0.26285	0.01468	0.09317	0.02855	0.00963	0.01191	0.00755	0.00413	0.00463	0.00138	0.00574	0.00443	0.00249	0.02856
10	0.02906	0.24060	0.49281	0.01134	0.03286	0.01220	0.03812	0.03048	0.02836	0.03433	0.00799	0.00914	0.00602	0.00416	0.00386	0.00128	0.00581	0.00317	0.00212	0.00631
11	0.01817	0.00761	0.00997	0.00784	0.01107	0.00689	0.00641	0.02109	0.10434	0.69282	0.01867	0.01639	0.04612	0.00578	0.00448	0.00139	0.00366	0.00472	0.00530	0.00729
12	0.00591	0.00421	0.00483	0.00509	0.00546	0.00399	0.00318	0.00634	0.00770	0.00995	0.02294	0.24078	0.18402	0.45946	0.01459	0.00307	0.00342	0.00860	0.00334	0.00313
