[name]
unknown

[dist]
# distance from previous block
# <min> <max>
0	717

[block]
# block no. 0 follows, 56 sequences, length 96
# corresponding to MSA columns:
# 719-814
name=unknown_A
#
# <colnr> <probs for GDERKNQSTAVLIFYWHMCP>
#	G	D	E	R	K	N	Q	S	T	A	V	L	I	F	Y	W	H	M	C	P
0	0.19900	0.01050	0.04965	0.01153	0.12615	0.02486	0.00844	0.14620	0.16836	0.11168	0.01308	0.01581	0.01040	0.00581	0.00437	0.00150	0.00443	0.07783	0.00382	0.00658
1	0.01005	0.11769	0.58782	0.01169	0.01732	0.03170	0.01410	0.04865	0.03735	0.01445	0.00887	0.01098	0.00688	0.05695	0.00541	0.00158	0.00627	0.00357	0.00222	0.00645
2	0.00910	0.05238	0.51927	0.01213	0.01745	0.01004	0.10407	0.01387	0.04842	0.01478	0.07900	0.01509	0.07361	0.00538	0.00461	0.00146	0.00592	0.00459	0.00256	0.00626
3	0.00910	0.00870	0.01407	0.47745	0.12039	0.02984	0.07775	0.01222	0.03712	0.01311	0.06054	0.06613	0.02918	0.00559	0.00478	0.00151	0.00555	0.00514	0.00258	0.01926
4	0.00607	0.00450	0.00631	0.05822	0.00850	0.00461	0.00505	0.00720	0.00857	0.01160	0.04681	0.55037	0.02468	0.05125	0.18024	0.00311	0.00499	0.01034	0.00370	0.00388
5	0.00686	0.00472	0.00617	0.00591	0.00699	0.00434	0.00439	0.00884	0.01248	0.04492	0.67821	0.12426	0.05474	0.00986	0.00544	0.00149	0.00228	0.00874	0.00497	0.00438
6	0.01133	0.00987	0.01061	0.00951	0.01195	0.01159	0.00744	0.02356	0.75170	0.01869	0.01789	0.01668	0.01351	0.00634	0.00533	0.00159	0.05567	0.00512	0.00450	0.00713
7	0.00931	0.02303	0.76528	0.01348	0.02013	0.01072	0.06584	0.01455	0.00976	0.01455	0.00830	0.00986	0.00589	0.00433	0.00443	0.00146	0.00685	0.00352	0.00196	0.00675
8	0.00636	0.00467	0.00585	0.00557	0.00665	0.00427	0.00411	0.00824	0.01223	0.01695	0.64845	0.03545	0.15140	0.06191	0.00655	0.00165	0.00233	0.00840	0.00480	0.00417
9	0.00960	0.00843	0.01063	0.00759	0.01171	0.00647	0.05504	0.01176	0.00960	0.01494	0.00823	0.00970	0.00681	0.00343	0.00353	0.00073	0.00367	0.00289	0.00269	0.81255
10	0.01752	0.03267	0.01383	0.01035	0.01402	0.01386	0.00858	0.72712	0.02076	0.07786	0.01136	0.01122	0.00798	0.00548	0.00455	0.00137	0.00498	0.00412	0.00460	0.00776
11	0.04611	0.01216	0.01300	0.01014	0.01358	0.01344	0.00832	0.71817	0.02031	0.02756	0.01176	0.06281	0.00913	0.00603	0.00461	0.00141	0.00485	0.00464	0.00451	0.00745
12	0.00559	0.00400	0.00533	0.00639	0.00666	0.00373	0.00426	0.00639	0.00879	0.01172	0.02530	0.83566	0.03036	0.01438	0.00586	0.00186	0.00266	0.01305	0.00426	0.00373
13	0.01127	0.01081	0.01847	0.05572	0.78320	0.01088	0.01404	0.01401	0.01041	0.01489	0.00862	0.01139	0.00723	0.00411	0.00455	0.00137	0.00548	0.00409	0.00226	0.00720
14	0.01088	0.01225	0.02635	0.02012	0.09278	0.01155	0.72515	0.01465	0.01080	0.01473	0.00923	0.01229	0.00699	0.00389	0.00534	0.00153	0.00754	0.00530	0.00232	0.00629
15	0.00559	0.00400	0.00533	0.00639	0.00666	0.00373	0.00426	0.00639	0.00879	0.01172	0.02530	0.83566	0.03036	0.01438	0.00586	0.00186	0.00266	0.01305	0.00426	0.00373
16	0.02060	0.00781	0.01065	0.00817	0.01172	0.00675	0.00675	0.02237	0.01314	0.81320	0.01811	0.01563	0.01136	0.00568	0.00462	0.00142	0.00391	0.00462	0.00568	0.00781
17	0.00867	0.00816	0.01377	0.82762	0.03162	0.01020	0.01275	0.01173	0.00918	0.01173	0.00816	0.01224	0.00612	0.00459	0.00459	0.00153	0.00612	0.00408	0.00204	0.00510
18	0.00583	0.00421	0.00562	0.00679	0.02602	0.00397	0.00436	0.00661	0.00863	0.01154	0.02389	0.74092	0.02854	0.09058	0.00745	0.00209	0.00290	0.01224	0.00408	0.00373
19	0.00647	0.00469	0.00610	0.00575	0.00684	0.00432	0.00431	0.00861	0.01293	0.01826	0.78845	0.03454	0.06256	0.00944	0.00542	0.00145	0.00217	0.00834	0.00503	0.00432
20	0.00739	0.00489	0.00642	0.00593	0.00716	0.00448	0.00448	0.00953	0.01300	0.06844	0.75790	0.03312	0.04131	0.00915	0.00536	0.00144	0.00228	0.00807	0.00509	0.00455
21	0.00867	0.00816	0.01377	0.82762	0.03162	0.01020	0.01275	0.01173	0.00918	0.01173	0.00816	0.01224	0.00612	0.00459	0.00459	0.00153	0.00612	0.00408	0.00204	0.00510
22	0.87108	0.00888	0.00675	0.00604	0.00888	0.01030	0.00497	0.01350	0.00781	0.02060	0.00639	0.00746	0.00497	0.00426	0.00284	0.00142	0.00355	0.00249	0.00284	0.00497
23	0.00668	0.00445	0.00501	0.00501	0.00501	0.00445	0.00278	0.00668	0.00668	0.00890	0.01447	0.03004	0.01669	0.83866	0.02337	0.00445	0.00445	0.00668	0.00278	0.00278
24	0.00656	0.00492	0.00738	0.00738	0.00820	0.00574	0.00574	0.00820	0.00738	0.01066	0.01230	0.01804	0.01148	0.03443	0.82046	0.00738	0.01230	0.00492	0.00246	0.00410
25	0.01346	0.01103	0.01130	0.00959	0.01246	0.04250	0.00761	0.27373	0.48127	0.02197	0.01558	0.01481	0.01159	0.00590	0.00456	0.00146	0.00420	0.00472	0.04504	0.00723
26	0.00549	0.00462	0.00477	0.00480	0.00626	0.00389	0.00357	0.00669	0.01052	0.01270	0.08751	0.08478	0.72541	0.01165	0.00545	0.00156	0.00233	0.00979	0.00431	0.00389
27	0.00926	0.03870	0.80041	0.01299	0.01972	0.01080	0.01680	0.01452	0.00969	0.01447	0.00820	0.00965	0.00582	0.00435	0.00434	0.00145	0.00675	0.00338	0.00194	0.00677
28	0.01222	0.82712	0.03788	0.00795	0.01192	0.01803	0.00801	0.01376	0.00933	0.01087	0.00642	0.00741	0.00589	0.00394	0.00297	0.00099	0.00494	0.00247	0.00196	0.00591
29	0.01900	0.00841	0.01080	0.00844	0.01183	0.00785	0.00692	0.10505	0.07896	0.63497	0.04578	0.01593	0.01235	0.00584	0.00465	0.00143	0.00394	0.00474	0.00546	0.00764
30	0.00559	0.00400	0.00533	0.00639	0.00666	0.00373	0.00426	0.00639	0.00879	0.01172	0.02530	0.83566	0.03036	0.01438	0.00586	0.00186	0.00266	0.01305	0.00426	0.00373
31	0.00548	0.00464	0.00474	0.00475	0.00624	0.00389	0.00355	0.00669	0.01055	0.01268	0.08319	0.06175	0.75307	0.01158	0.00544	0.00155	0.00233	0.00970	0.00430	0.00389
32	0.00599	0.00467	0.00543	0.00524	0.00655	0.00412	0.00393	0.00768	0.01179	0.01555	0.44585	0.03899	0.40685	0.01045	0.00542	0.00149	0.00224	0.00896	0.00468	0.00412
33	0.01227	0.84142	0.02406	0.00786	0.01178	0.01817	0.00786	0.01375	0.00933	0.01080	0.00638	0.00736	0.00589	0.00393	0.00295	0.00098	0.00491	0.00245	0.00196	0.00589
34	0.00731	0.00524	0.00728	0.00832	0.00937	0.00521	0.00723	0.00937	0.01052	0.01366	0.02485	0.07065	0.04476	0.01270	0.00631	0.00209	0.00415	0.74255	0.00423	0.00421
35	0.00559	0.00400	0.00533	0.00639	0.00666	0.00373	0.00426	0.00639	0.00879	0.01172	0.02530	0.83566	0.03036	0.01438	0.00586	0.00186	0.00266	0.01305	0.00426	0.00373
36	0.00650	0.00469	0.00614	0.00578	0.00686	0.00433	0.00433	0.00866	0.01300	0.01841	0.80760	0.03429	0.04332	0.00939	0.00541	0.00144	0.00217	0.00830	0.00505	0.00433
37	0.00867	0.00816	0.01377	0.82762	0.03162	0.01020	0.01275	0.01173	0.00918	0.01173	0.00816	0.01224	0.00612	0.00459	0.00459	0.00153	0.00612	0.00408	0.00204	0.00510
38	0.01715	0.02188	0.01301	0.01183	0.01419	0.82022	0.00887	0.01833	0.01301	0.01124	0.00710	0.00828	0.00591	0.00473	0.00414	0.00118	0.00828	0.00296	0.00237	0.00532
39	0.00952	0.00816	0.00952	0.00680	0.01088	0.00612	0.00544	0.01156	0.00952	0.01496	0.00816	0.00952	0.00680	0.00340	0.00340	0.00068	0.00340	0.00272	0.00272	0.86672
40	0.00856	0.00428	0.00428	0.00428	0.00535	0.00428	0.00321	0.01070	0.00963	0.01712	0.01498	0.01712	0.01177	0.00535	0.00321	0.00107	0.00214	0.00428	0.86414	0.00428
41	0.00732	0.00523	0.00731	0.00836	0.00939	0.00522	0.00726	0.00937	0.01049	0.01365	0.02435	0.08621	0.02659	0.01276	0.00632	0.00210	0.00416	0.74548	0.00423	0.00421
42	0.01115	0.01069	0.01825	0.09083	0.74902	0.01085	0.01398	0.01390	0.01035	0.01474	0.00860	0.01143	0.00718	0.00413	0.00455	0.00138	0.00551	0.00409	0.00225	0.00710
43	0.00921	0.02375	0.81487	0.01309	0.01987	0.01066	0.01696	0.01454	0.00969	0.01454	0.00824	0.00969	0.00582	0.00436	0.00436	0.00145	0.00678	0.00339	0.00194	0.00678
44	0.01214	0.80551	0.05879	0.00809	0.01214	0.01784	0.00826	0.01378	0.00934	0.01097	0.00646	0.00747	0.00589	0.00395	0.00301	0.00100	0.00499	0.00250	0.00196	0.00593
45	0.01227	0.84142	0.02406	0.00786	0.01178	0.01817	0.00786	0.01375	0.00933	0.01080	0.00638	0.00736	0.00589	0.00393	0.00295	0.00098	0.00491	0.00245	0.00196	0.00589
46	0.00544	0.00461	0.00469	0.00475	0.00623	0.00387	0.00353	0.00658	0.01037	0.01236	0.04526	0.09067	0.76247	0.01179	0.00545	0.00157	0.00235	0.00989	0.00426	0.00387
47	0.09225	0.00501	0.00503	0.00476	0.00620	0.00506	0.00367	0.01191	0.00974	0.08208	0.01441	0.01607	0.01108	0.00527	0.00329	0.00113	0.00242	0.00413	0.71186	0.00463
48	0.00943	0.08181	0.75872	0.01271	0.01930	0.01119	0.01632	0.01448	0.00967	0.01427	0.00811	0.00953	0.00582	0.00433	0.00426	0.00142	0.00665	0.00333	0.00194	0.00672
49	0.00559	0.00400	0.00533	0.00639	0.00666	0.00373	0.00426	0.00639	0.00879	0.01172	0.02530	0.83566	0.03036	0.01438	0.00586	0.00186	0.00266	0.01305	0.00426	0.00373
50	0.00559	0.00400	0.00533	0.00639	0.00666	0.00373	0.00426	0.00639	0.00879	0.01172	0.02530	0.83566	0.03036	0.01438	0.00586	0.00186	0.00266	0.01305	0.00426	0.00373
51	0.01079	0.01032	0.01760	0.19821	0.64446	0.01076	0.01380	0.01359	0.01018	0.01430	0.00853	0.01155	0.00703	0.00420	0.00455	0.00140	0.00560	0.00409	0.00222	0.00681
52	0.00665	0.00444	0.00501	0.00504	0.00505	0.00443	0.00282	0.00667	0.00673	0.00897	0.01472	0.04885	0.01701	0.81942	0.02296	0.00439	0.00441	0.00683	0.00282	0.00280
53	0.00971	0.15643	0.68654	0.01224	0.01856	0.01188	0.01548	0.01441	0.00963	0.01393	0.00794	0.00931	0.00583	0.00429	0.00413	0.00138	0.00648	0.00324	0.00194	0.00664
54	0.00954	0.00905	0.01534	0.56905	0.28338	0.01043	0.01318	0.01249	0.00959	0.01279	0.00831	0.01196	0.00649	0.00443	0.00458	0.00148	0.00590	0.00408	0.00212	0.00580
55	0.01136	0.01091	0.01863	0.02818	0.81002	0.01091	0.01409	0.01409	0.01045	0.01500	0.00864	0.01136	0.00727	0.00409	0.00455	0.00136	0.00545	0.00409	0.00227	0.00727
56	0.00838	0.00732	0.01303	0.01157	0.01366	0.00709	0.23232	0.01100	0.01065	0.01402	0.02001	0.04051	0.02085	0.01016	0.00608	0.00195	0.00523	0.55770	0.00368	0.00479
57	0.00574	0.00410	0.00550	0.00656	0.00689	0.00386	0.00452	0.00665	0.00893	0.01188	0.02522	0.77202	0.03004	0.01425	0.00590	0.00188	0.00279	0.07524	0.00426	0.00377
58	0.00867	0.00816	0.01377	0.82762	0.03162	0.01020	0.01275	0.01173	0.00918	0.01173	0.00816	0.01224	0.00612	0.00459	0.00459	0.00153	0.00612	0.00408	0.00204	0.00510
59	0.02047	0.00802	0.01078	0.00827	0.01182	0.00706	0.00683	0.05427	0.01349	0.78080	0.01782	0.01544	0.01122	0.00568	0.00462	0.00142	0.00395	0.00460	0.00564	0.00781
60	0.00889	0.00839	0.01417	0.76128	0.09622	0.01026	0.01286	0.01193	0.00929	0.01200	0.00820	0.01217	0.00622	0.00455	0.00459	0.00152	0.00606	0.00408	0.00206	0.00528
61	0.00543	0.00462	0.00468	0.00473	0.00622	0.00387	0.00352	0.00658	0.01039	0.01237	0.04558	0.07894	0.77400	0.01175	0.00544	0.00156	0.00234	0.00984	0.00426	0.00387
62	0.01692	0.01058	0.01199	0.00953	0.01290	0.01126	0.00776	0.36935	0.21156	0.26540	0.01507	0.01393	0.01042	0.00574	0.00462	0.00144	0.00435	0.00454	0.00494	0.00768
63	0.00999	0.00917	0.04440	0.00838	0.01087	0.00949	0.00680	0.04299	0.53120	0.01798	0.08937	0.02303	0.16202	0.00738	0.00486	0.00154	0.00345	0.00617	0.00451	0.00639
64	0.00559	0.00400	0.00533	0.00639	0.00666	0.00373	0.00426	0.00639	0.00879	0.01172	0.02530	0.83566	0.03036	0.01438	0.00586	0.00186	0.00266	0.01305	0.00426	0.00373
65	0.01009	0.00961	0.01634	0.40563	0.44250	0.01057	0.01346	0.01298	0.00985	0.01346	0.00841	0.01178	0.00673	0.00433	0.00457	0.00144	0.00577	0.00409	0.00216	0.00625
66	0.01688	0.02053	0.01294	0.01160	0.01408	0.71292	0.00878	0.08151	0.05470	0.01308	0.00802	0.00896	0.00649	0.00487	0.00420	0.00122	0.00778	0.00317	0.00267	0.00562
67	0.01227	0.84142	0.02406	0.00786	0.01178	0.01817	0.00786	0.01375	0.00933	0.01080	0.00638	0.00736	0.00589	0.00393	0.00295	0.00098	0.00491	0.00245	0.00196	0.00589
68	0.01136	0.01091	0.01863	0.02818	0.81002	0.01091	0.01409	0.01409	0.01045	0.01500	0.00864	0.01136	0.00727	0.00409	0.00455	0.00136	0.00545	0.00409	0.00227	0.00727
69	0.00668	0.00445	0.00501	0.00501	0.00501	0.00445	0.00278	0.00668	0.00668	0.00890	0.01447	0.03004	0.01669	0.83866	0.02337	0.00445	0.00445	0.00668	0.00278	0.00278
70	0.00545	0.00454	0.00476	0.00494	0.00628	0.00385	0.00362	0.00656	0.01019	0.01229	0.04298	0.17593	0.67869	0.01209	0.00550	0.00160	0.00238	0.01025	0.00426	0.00385
71	0.01079	0.01224	0.02630	0.01891	0.02327	0.01176	0.74594	0.01448	0.01061	0.01448	0.00909	0.01224	0.00691	0.00412	0.00600	0.00158	0.05752	0.00533	0.00230	0.00612
72	0.06172	0.00569	0.00665	0.00609	0.00758	0.00556	0.00466	0.06772	0.03281	0.01855	0.57655	0.03175	0.13937	0.00899	0.00517	0.00145	0.00253	0.00773	0.00477	0.00464
73	0.00873	0.00822	0.01388	0.80999	0.04878	0.01022	0.01278	0.01178	0.00921	0.01180	0.00817	0.01222	0.00615	0.00458	0.00459	0.00153	0.00611	0.00408	0.00205	0.00515
74	0.00595	0.00454	0.00556	0.00656	0.00689	0.02877	0.00440	0.00676	0.00892	0.01170	0.02475	0.81028	0.02961	0.01409	0.00581	0.00184	0.00284	0.01274	0.00420	0.00378
75	0.01067	0.01020	0.01738	0.23465	0.60898	0.01073	0.01374	0.01348	0.01012	0.01415	0.00851	0.01159	0.00697	0.00422	0.00456	0.00141	0.00563	0.00409	0.00221	0.00671
76	0.00734	0.00524	0.00733	0.00839	0.00942	0.00524	0.00730	0.00942	0.01051	0.01368	0.02434	0.07583	0.02654	0.01273	0.00633	0.00211	0.00418	0.75562	0.00423	0.00421
77	0.00921	0.02375	0.81487	0.01309	0.01987	0.01066	0.01696	0.01454	0.00969	0.01454	0.00824	0.00969	0.00582	0.00436	0.00436	0.00145	0.00678	0.00339	0.00194	0.00678
78	0.01142	0.00986	0.01038	0.00934	0.01194	0.01142	0.00727	0.02440	0.80172	0.01920	0.01869	0.01713	0.01401	0.00623	0.00467	0.00156	0.00363	0.00519	0.00467	0.00727
79	0.87108	0.00888	0.00675	0.00604	0.00888	0.01030	0.00497	0.01350	0.00781	0.02060	0.00639	0.00746	0.00497	0.00426	0.00284	0.00142	0.00355	0.00249	0.00284	0.00497
80	0.01125	0.00987	0.07641	0.00835	0.01180	0.00820	0.02337	0.20391	0.01264	0.05534	0.04197	0.09488	0.03150	0.04486	0.00518	0.00131	0.00410	0.00486	0.00353	0.34667
81	0.01227	0.84142	0.02406	0.00786	0.01178	0.01817	0.00786	0.01375	0.00933	0.01080	0.00638	0.00736	0.00589	0.00393	0.00295	0.00098	0.00491	0.00245	0.00196	0.00589
82	0.83777	0.00885	0.00684	0.00613	0.00893	0.01023	0.00502	0.02731	0.00808	0.02056	0.00687	0.02481	0.00555	0.00450	0.00294	0.00143	0.00356	0.00274	0.00290	0.00500
83	0.01136	0.01091	0.01863	0.02818	0.81002	0.01091	0.01409	0.01409	0.01045	0.01500	0.00864	0.01136	0.00727	0.00409	0.00455	0.00136	0.00545	0.00409	0.00227	0.00727
84	0.02060	0.00781	0.01065	0.00817	0.01172	0.00675	0.00675	0.02237	0.01314	0.81320	0.01811	0.01563	0.01136	0.00568	0.00462	0.00142	0.00391	0.00462	0.00568	0.00781
85	0.01142	0.01199	0.02548	0.01833	0.02270	0.01141	0.70943	0.01503	0.01081	0.06481	0.00970	0.01249	0.00720	0.00417	0.00579	0.00156	0.04362	0.00531	0.00252	0.00624
86	0.01136	0.01091	0.01863	0.02818	0.81002	0.01091	0.01409	0.01409	0.01045	0.01500	0.00864	0.01136	0.00727	0.00409	0.00455	0.00136	0.00545	0.00409	0.00227	0.00727
87	0.00640	0.00469	0.00600	0.00567	0.00680	0.00429	0.00426	0.00848	0.01277	0.01787	0.73909	0.03518	0.11216	0.00959	0.00542	0.00145	0.00218	0.00843	0.00498	0.00429
88	0.01679	0.02112	0.01284	0.01167	0.01405	0.76931	0.00877	0.01871	0.06266	0.01174	0.00783	0.00884	0.00642	0.00483	0.00417	0.00121	0.00799	0.00310	0.00251	0.00544
89	0.00656	0.00492	0.00738	0.00738	0.00820	0.00574	0.00574	0.00820	0.00738	0.01066	0.01230	0.01804	0.01148	0.03443	0.82046	0.00738	0.01230	0.00492	0.00246	0.00410
90	0.00656	0.00492	0.00738	0.00738	0.00820	0.00574	0.00574	0.00820	0.00738	0.01066	0.01230	0.01804	0.01148	0.03443	0.82046	0.00738	0.01230	0.00492	0.00246	0.00410
91	0.00668	0.00445	0.00501	0.00501	0.00501	0.00445	0.00278	0.00668	0.00668	0.00890	0.01447	0.03004	0.01669	0.83866	0.02337	0.00445	0.00445	0.00668	0.00278	0.00278
92	0.00543	0.00465	0.00465	0.00465	0.00620	0.00388	0.00349	0.00659	0.01046	0.01240	0.04651	0.04418	0.80815	0.01163	0.00543	0.00155	0.00233	0.00969	0.00426	0.00388
93	0.01715	0.02188	0.01301	0.01183	0.01419	0.82022	0.00887	0.01833	0.01301	0.01124	0.00710	0.00828	0.00591	0.00473	0.00414	0.00118	0.00828	0.00296	0.00237	0.00532
94	0.00656	0.00492	0.00738	0.00738	0.00820	0.00574	0.00574	0.00820	0.00738	0.01066	0.01230	0.01804	0.01148	0.03443	0.82046	0.00738	0.01230	0.00492	0.00246	0.00410
95	0.01136	0.01091	0.01863	0.02818	0.81002	0.01091	0.01409	0.01409	0.01045	0.01500	0.00864	0.01136	0.00727	0.00409	0.00455	0.00136	0.00545	0.00409	0.00227	0.00727

[dist]
# distance from previous block
# <min> <max>
0	1

[block]
# block no. 1 follows, 56 sequences, length 121
# corresponding to MSA columns:
# 816-886,890-901,905-942
name=unknown_B
#
# <colnr> <probs for GDERKNQSTAVLIFYWHMCP>
#	G	D	E	R	K	N	Q	S	T	A	V	L	I	F	Y	W	H	M	C	P
0	0.01164	0.00992	0.01045	0.00931	0.01195	0.01142	0.00727	0.06849	0.73950	0.01962	0.01885	0.01736	0.03089	0.00630	0.00468	0.00155	0.00369	0.00523	0.00466	0.00722
1	0.00668	0.00445	0.00501	0.00501	0.00501	0.00445	0.00278	0.00668	0.00668	0.00890	0.01447	0.03004	0.01669	0.83866	0.02337	0.00445	0.00445	0.00668	0.00278	0.00278
2	0.00650	0.00469	0.00614	0.00578	0.00686	0.00433	0.00433	0.00866	0.01300	0.01841	0.80760	0.03429	0.04332	0.00939	0.00541	0.00144	0.00217	0.00830	0.00505	0.00433
3	0.01715	0.02188	0.01301	0.01183	0.01419	0.82022	0.00887	0.01833	0.01301	0.01124	0.00710	0.00828	0.00591	0.00473	0.00414	0.00118	0.00828	0.00296	0.00237	0.00532
4	0.00650	0.00469	0.00614	0.00578	0.00686	0.00433	0.00433	0.00866	0.01300	0.01841	0.80760	0.03429	0.04332	0.00939	0.00541	0.00144	0.00217	0.00830	0.00505	0.00433
5	0.00643	0.00469	0.00604	0.00570	0.00681	0.00430	0.00428	0.00853	0.01283	0.01801	0.75690	0.03495	0.09427	0.00953	0.00542	0.00145	0.00218	0.00840	0.00500	0.00430
6	0.01136	0.01091	0.01863	0.02818	0.81002	0.01091	0.01409	0.01409	0.01045	0.01500	0.00864	0.01136	0.00727	0.00409	0.00455	0.00136	0.00545	0.00409	0.00227	0.00727
7	0.00656	0.00492	0.00738	0.00738	0.00820	0.00574	0.00574	0.00820	0.00738	0.01066	0.01230	0.01804	0.01148	0.03443	0.82046	0.00738	0.01230	0.00492	0.00246	0.00410
8	0.01136	0.01091	0.01863	0.02818	0.81002	0.01091	0.01409	0.01409	0.01045	0.01500	0.00864	0.01136	0.00727	0.00409	0.00455	0.00136	0.00545	0.00409	0.00227	0.00727
9	0.00559	0.00400	0.00533	0.00639	0.00666	0.00373	0.00426	0.00639	0.00879	0.01172	0.02530	0.83566	0.03036	0.01438	0.00586	0.00186	0.00266	0.01305	0.00426	0.00373
10	0.01212	0.78255	0.02335	0.00815	0.01180	0.01788	0.00801	0.01356	0.00917	0.01082	0.00636	0.00755	0.00590	0.00422	0.00380	0.00105	0.06335	0.00257	0.00197	0.00583
11	0.00599	0.00451	0.00594	0.00670	0.00714	0.00447	0.00476	0.00695	0.00905	0.01203	0.04294	0.64516	0.09709	0.01354	0.00638	0.00185	0.05111	0.06637	0.00414	0.00387
12	0.00740	0.00528	0.00740	0.00845	0.00951	0.00528	0.00740	0.00951	0.01057	0.01374	0.02431	0.05179	0.02642	0.01268	0.00634	0.00211	0.00423	0.77912	0.00423	0.00423
13	0.00871	0.00820	0.01385	0.81499	0.04392	0.01021	0.01277	0.01177	0.00920	0.01178	0.00817	0.01223	0.00614	0.00458	0.00459	0.00153	0.00611	0.00408	0.00204	0.00513
14	0.01179	0.01105	0.01829	0.02693	0.75367	0.01114	0.01371	0.06936	0.01124	0.01599	0.00880	0.01134	0.00731	0.00419	0.00455	0.00136	0.00543	0.00409	0.00244	0.00731
15	0.00900	0.00849	0.01436	0.73057	0.12612	0.01029	0.01291	0.01202	0.00933	0.01213	0.00822	0.01213	0.00626	0.00453	0.00458	0.00151	0.00604	0.00408	0.00207	0.00536
16	0.00688	0.00491	0.00680	0.00786	0.00869	0.00483	0.00649	0.00861	0.01005	0.01316	0.02460	0.27840	0.02756	0.01317	0.00620	0.00204	0.00378	0.55765	0.00424	0.00408
17	0.00921	0.02375	0.81487	0.01309	0.01987	0.01066	0.01696	0.01454	0.00969	0.01454	0.00824	0.00969	0.00582	0.00436	0.00436	0.00145	0.00678	0.00339	0.00194	0.00678
18	0.01122	0.00974	0.01062	0.06728	0.01333	0.01133	0.00765	0.02350	0.74561	0.01868	0.01794	0.01678	0.01346	0.00611	0.00467	0.00156	0.00381	0.00511	0.00449	0.00711
19	0.00936	0.02276	0.75791	0.01282	0.01931	0.01072	0.01628	0.01524	0.06577	0.01487	0.00898	0.01022	0.00640	0.00449	0.00438	0.00146	0.00656	0.00352	0.00213	0.00682
20	0.01001	0.02262	0.75792	0.01274	0.01929	0.01038	0.01624	0.01509	0.00994	0.07109	0.00894	0.01011	0.00621	0.00446	0.00438	0.00145	0.00658	0.00348	0.00220	0.00686
21	0.00882	0.00846	0.01471	0.77039	0.03108	0.01030	0.06802	0.01194	0.00930	0.01194	0.00824	0.01225	0.00618	0.00454	0.00465	0.00153	0.00623	0.00417	0.00206	0.00518
22	0.01200	0.76896	0.09414	0.00832	0.01250	0.01750	0.00866	0.01382	0.00936	0.01113	0.00655	0.00757	0.00588	0.00397	0.00307	0.00102	0.00508	0.00254	0.00196	0.00597
23	0.01994	0.00803	0.01122	0.00959	0.06824	0.00704	0.00727	0.02179	0.01295	0.75668	0.01744	0.01532	0.01107	0.00557	0.00461	0.00142	0.00402	0.00458	0.00544	0.00777
24	0.01142	0.00986	0.01038	0.00934	0.01194	0.01142	0.00727	0.02440	0.80172	0.01920	0.01869	0.01713	0.01401	0.00623	0.00467	0.00156	0.00363	0.00519	0.00467	0.00727
25	0.01687	0.01363	0.07050	0.01074	0.01464	0.01398	0.00931	0.73947	0.02074	0.02791	0.01083	0.01093	0.00767	0.00543	0.00458	0.00138	0.00517	0.00408	0.00440	0.00774
26	0.00867	0.00816	0.01377	0.82762	0.03162	0.01020	0.01275	0.01173	0.00918	0.01173	0.00816	0.01224	0.00612	0.00459	0.00459	0.00153	0.00612	0.00408	0.00204	0.00510
27	0.02052	0.00793	0.01073	0.00823	0.01178	0.00693	0.00679	0.04084	0.01334	0.79445	0.01794	0.01552	0.01128	0.00568	0.00462	0.00142	0.00393	0.00461	0.00566	0.00781
28	0.01745	0.01286	0.01378	0.01056	0.01424	0.01424	0.00873	0.79471	0.02159	0.02893	0.01102	0.01102	0.00781	0.00551	0.00459	0.00138	0.00505	0.00413	0.00459	0.00781
29	0.00668	0.00445	0.00501	0.00501	0.00501	0.00445	0.00278	0.00668	0.00668	0.00890	0.01447	0.03004	0.01669	0.83866	0.02337	0.00445	0.00445	0.00668	0.00278	0.00278
30	0.01130	0.01085	0.01853	0.04611	0.79256	0.01089	0.01406	0.01404	0.01043	0.01493	0.00862	0.01138	0.00725	0.00410	0.00455	0.00137	0.00547	0.00409	0.00227	0.00722
31	0.00856	0.00428	0.00428	0.00428	0.00535	0.00428	0.00321	0.01070	0.00963	0.01712	0.01498	0.01712	0.01177	0.00535	0.00321	0.00107	0.00214	0.00428	0.86414	0.00428
32	0.01044	0.00872	0.00978	0.00785	0.01109	0.00830	0.00619	0.07749	0.27006	0.01761	0.06893	0.03754	0.01250	0.00523	0.00412	0.00111	0.00350	0.00433	0.00372	0.43149
33	0.10375	0.01526	0.01287	0.01181	0.07297	0.33089	0.02027	0.25465	0.02482	0.06868	0.00977	0.01131	0.00762	0.00520	0.00430	0.00134	0.00613	0.02862	0.00339	0.00635
34	0.00856	0.00428	0.00428	0.00428	0.00535	0.00428	0.00321	0.01070	0.00963	0.01712	0.01498	0.01712	0.01177	0.00535	0.00321	0.00107	0.00214	0.00428	0.86414	0.00428
35	0.05537	0.03077	0.00897	0.00848	0.03366	0.07739	0.00622	0.13455	0.01127	0.02978	0.01695	0.37622	0.01806	0.00951	0.00562	0.00160	0.06232	0.02259	0.08570	0.00497
36	0.01136	0.01091	0.01863	0.02818	0.81002	0.01091	0.01409	0.01409	0.01045	0.01500	0.00864	0.01136	0.00727	0.00409	0.00455	0.00136	0.00545	0.00409	0.00227	0.00727
37	0.01170	0.00980	0.01039	0.00931	0.01193	0.01127	0.00725	0.02433	0.77739	0.04370	0.01867	0.01708	0.01393	0.00621	0.00467	0.00155	0.00364	0.00517	0.00470	0.00728
38	0.00668	0.00445	0.00501	0.00501	0.00501	0.00445	0.00278	0.00668	0.00668	0.00890	0.01447	0.03004	0.01669	0.83866	0.02337	0.00445	0.00445	0.00668	0.00278	0.00278
39	0.01142	0.00986	0.01038	0.00934	0.01194	0.01142	0.00727	0.02440	0.80172	0.01920	0.01869	0.01713	0.01401	0.00623	0.00467	0.00156	0.00363	0.00519	0.00467	0.00727
40	0.01227	0.84142	0.02406	0.00786	0.01178	0.01817	0.00786	0.01375	0.00933	0.01080	0.00638	0.00736	0.00589	0.00393	0.00295	0.00098	0.00491	0.00245	0.00196	0.00589
41	0.00559	0.00400	0.00533	0.00639	0.00666	0.00373	0.00426	0.00639	0.00879	0.01172	0.02530	0.83566	0.03036	0.01438	0.00586	0.00186	0.00266	0.01305	0.00426	0.00373
42	0.00921	0.02375	0.81487	0.01309	0.01987	0.01066	0.01696	0.01454	0.00969	0.01454	0.00824	0.00969	0.00582	0.00436	0.00436	0.00145	0.00678	0.00339	0.00194	0.00678
43	0.01991	0.00766	0.01043	0.00805	0.01148	0.00663	0.00663	0.02170	0.01313	0.77427	0.05677	0.01654	0.01293	0.00586	0.00466	0.00142	0.00382	0.00480	0.00565	0.00764
44	0.01236	0.82657	0.02386	0.00793	0.01183	0.03270	0.00787	0.01383	0.00940	0.01081	0.00640	0.00738	0.00589	0.00394	0.00297	0.00099	0.00497	0.00246	0.00197	0.00588
45	0.01064	0.01206	0.02621	0.03434	0.02364	0.01135	0.75565	0.01441	0.01075	0.01456	0.00973	0.03623	0.00763	0.00419	0.00542	0.00156	0.00756	0.00561	0.00237	0.00610
46	0.00559	0.00400	0.00533	0.00639	0.00666	0.00373	0.00426	0.00639	0.00879	0.01172	0.02530	0.83566	0.03036	0.01438	0.00586	0.00186	0.00266	0.01305	0.00426	0.00373
47	0.00671	0.00457	0.00550	0.00557	0.00576	0.00468	0.00351	0.00708	0.00705	0.00948	0.01487	0.02996	0.01667	0.67145	0.12992	0.00468	0.00550	0.06113	0.00284	0.00306
48	0.01227	0.84142	0.02406	0.00786	0.01178	0.01817	0.00786	0.01375	0.00933	0.01080	0.00638	0.00736	0.00589	0.00393	0.00295	0.00098	0.00491	0.00245	0.00196	0.00589
49	0.02797	0.00545	0.00706	0.06492	0.00942	0.00548	0.00579	0.00881	0.00894	0.01215	0.03451	0.03626	0.03138	0.30708	0.02324	0.00284	0.00441	0.33700	0.00341	0.06388
50	0.01191	0.03974	0.02195	0.04496	0.01182	0.08326	0.00743	0.04043	0.16178	0.15830	0.05425	0.03843	0.04722	0.02969	0.00578	0.00170	0.02295	0.20846	0.00415	0.00577
51	0.01185	0.01008	0.01063	0.00943	0.01210	0.01162	0.00737	0.07978	0.74563	0.01990	0.01813	0.01669	0.01357	0.00618	0.00467	0.00154	0.00374	0.00511	0.00467	0.00731
52	0.43046	0.03239	0.06038	0.00959	0.01287	0.01037	0.15748	0.07326	0.00996	0.05002	0.00942	0.04950	0.00777	0.00507	0.00404	0.00146	0.01729	0.01867	0.03442	0.00557
53	0.00934	0.04714	0.77143	0.01310	0.01974	0.01090	0.03694	0.01452	0.00971	0.01444	0.00821	0.00970	0.00585	0.00434	0.00435	0.00144	0.00676	0.00342	0.00195	0.00674
54	0.00677	0.00442	0.00508	0.00508	0.00508	0.00442	0.00287	0.00663	0.00663	0.00884	0.01401	0.02890	0.01607	0.78040	0.02298	0.06548	0.00442	0.00649	0.00273	0.00273
55	0.00895	0.00835	0.01381	0.73503	0.02955	0.01033	0.02689	0.03578	0.00950	0.01229	0.00864	0.03359	0.00682	0.00499	0.00504	0.00155	0.03721	0.00434	0.00218	0.00517
56	0.00856	0.00428	0.00428	0.00428	0.00535	0.00428	0.00321	0.01070	0.00963	0.01712	0.01498	0.01712	0.01177	0.00535	0.00321	0.00107	0.00214	0.00428	0.86414	0.00428
57	0.01124	0.00968	0.01023	0.00925	0.01178	0.01118	0.00717	0.02384	0.77726	0.01897	0.01889	0.04238	0.01452	0.00648	0.00471	0.00157	0.00360	0.00543	0.00466	0.00716
58	0.00670	0.00486	0.00657	0.00651	0.00697	0.00542	0.00462	0.00764	0.00708	0.00994	0.01304	0.02283	0.01351	0.36865	0.46753	0.00602	0.03035	0.00563	0.00258	0.00357
59	0.00856	0.00428	0.00428	0.00428	0.00535	0.00428	0.00321	0.01070	0.00963	0.01712	0.01498	0.01712	0.01177	0.00535	0.00321	0.00107	0.00214	0.00428	0.86414	0.00428
60	0.29143	0.00997	0.01173	0.37144	0.08761	0.07642	0.00970	0.04228	0.03257	0.01571	0.00795	0.01038	0.00612	0.00453	0.00398	0.00145	0.00529	0.00350	0.00252	0.00542
61	0.01261	0.01949	0.42684	0.01252	0.01762	0.13492	0.07120	0.17740	0.01287	0.04311	0.00916	0.01028	0.00662	0.00468	0.00444	0.00140	0.00655	0.00369	0.01790	0.00672
62	0.00833	0.00626	0.02802	0.00660	0.00832	0.00565	0.00520	0.05994	0.06288	0.07093	0.36609	0.12853	0.17212	0.00945	0.00525	0.00150	0.00283	0.01905	0.00465	0.02838
63	0.00650	0.00469	0.00614	0.00578	0.00686	0.00433	0.00433	0.00866	0.01300	0.01841	0.80760	0.03429	0.04332	0.00939	0.00541	0.00144	0.00217	0.00830	0.00505	0.00433
64	0.00923	0.05099	0.76300	0.01268	0.01919	0.01072	0.01626	0.01433	0.00978	0.01453	0.03284	0.01037	0.00698	0.00450	0.00435	0.00144	0.00658	0.00351	0.00204	0.00668
65	0.00921	0.02375	0.81487	0.01309	0.01987	0.01066	0.01696	0.01454	0.00969	0.01454	0.00824	0.00969	0.00582	0.00436	0.00436	0.00145	0.00678	0.00339	0.00194	0.00678
66	0.01227	0.84142	0.02406	0.00786	0.01178	0.01817	0.00786	0.01375	0.00933	0.01080	0.00638	0.00736	0.00589	0.00393	0.00295	0.00098	0.00491	0.00245	0.00196	0.00589
67	0.01133	0.01163	0.07509	0.01453	0.04076	0.01066	0.36589	0.19223	0.02685	0.01758	0.01287	0.12706	0.01161	0.00631	0.00523	0.00158	0.00601	0.05336	0.00324	0.00620
68	0.01760	0.01262	0.01363	0.01045	0.01412	0.01388	0.00863	0.75765	0.02118	0.06657	0.01136	0.01124	0.00798	0.00552	0.00459	0.00138	0.00500	0.00416	0.00464	0.00781
69	0.02060	0.00781	0.01065	0.00817	0.01172	0.00675	0.00675	0.02237	0.01314	0.81320	0.01811	0.01563	0.01136	0.00568	0.00462	0.00142	0.00391	0.00462	0.00568	0.00781
70	0.00596	0.00427	0.00574	0.00679	0.00723	0.00405	0.00489	0.00703	0.00918	0.01214	0.02544	0.66292	0.04196	0.01399	0.00595	0.00191	0.00298	0.16948	0.00425	0.00383
71	0.00952	0.00816	0.00952	0.00680	0.01088	0.00612	0.00544	0.01156	0.00952	0.01496	0.00816	0.00952	0.00680	0.00340	0.00340	0.00068	0.00340	0.00272	0.00272	0.86672
72	0.01124	0.01091	0.01894	0.05154	0.71662	0.01095	0.06911	0.01424	0.02439	0.01495	0.00884	0.01156	0.00733	0.00413	0.00461	0.00139	0.00560	0.00420	0.00231	0.00713
73	0.01129	0.01110	0.01974	0.02703	0.70769	0.01100	0.11554	0.01417	0.01050	0.01496	0.00872	0.01150	0.00723	0.00406	0.00466	0.00139	0.00575	0.00426	0.00228	0.00713
74	0.01227	0.84142	0.02406	0.00786	0.01178	0.01817	0.00786	0.01375	0.00933	0.01080	0.00638	0.00736	0.00589	0.00393	0.00295	0.00098	0.00491	0.00245	0.00196	0.00589
75	0.01729	0.01270	0.01361	0.01045	0.01408	0.01406	0.00863	0.78046	0.02137	0.02872	0.01109	0.01113	0.00788	0.00551	0.00457	0.00137	0.00500	0.00414	0.02022	0.00774
76	0.00867	0.00816	0.01377	0.82762	0.03162	0.01020	0.01275	0.01173	0.00918	0.01173	0.00816	0.01224	0.00612	0.00459	0.00459	0.00153	0.00612	0.00408	0.00204	0.00510
77	0.00589	0.00435	0.00614	0.00694	0.00740	0.00408	0.02849	0.00688	0.00898	0.01196	0.02474	0.75202	0.02936	0.01394	0.00588	0.00187	0.00293	0.07009	0.00420	0.00384
78	0.00653	0.00501	0.00758	0.00798	0.00881	0.00479	0.06420	0.00795	0.00948	0.01255	0.02381	0.53832	0.02743	0.01309	0.00597	0.00192	0.00351	0.24291	0.00411	0.00406
79	0.00581	0.00415	0.00556	0.00652	0.00691	0.00390	0.00453	0.00681	0.00923	0.01236	0.08061	0.71418	0.03096	0.01389	0.00587	0.00186	0.00276	0.07598	0.00431	0.00381
80	0.02017	0.00772	0.01052	0.00810	0.01157	0.00667	0.00667	0.02196	0.01314	0.78903	0.04212	0.01619	0.01234	0.00579	0.00464	0.00142	0.00385	0.00473	0.00566	0.00771
81	0.01077	0.01032	0.01745	0.18521	0.61807	0.01092	0.01363	0.01348	0.01004	0.01416	0.00842	0.01147	0.00698	0.00438	0.00506	0.00143	0.04516	0.00408	0.00221	0.00674
82	0.00667	0.00446	0.00506	0.00506	0.00507	0.00448	0.00284	0.00671	0.00669	0.00894	0.01442	0.02979	0.01658	0.82178	0.04010	0.00451	0.00462	0.00664	0.00278	0.00281
83	0.01715	0.02188	0.01301	0.01183	0.01419	0.82022	0.00887	0.01833	0.01301	0.01124	0.00710	0.00828	0.00591	0.00473	0.00414	0.00118	0.00828	0.00296	0.00237	0.00532
84	0.01008	0.02260	0.73061	0.01282	0.01928	0.01104	0.01610	0.09660	0.01094	0.01605	0.00853	0.00983	0.00603	0.00448	0.00439	0.00145	0.00660	0.00347	0.00222	0.00689
85	0.01084	0.01238	0.02709	0.01935	0.02399	0.01161	0.79334	0.01471	0.01084	0.01471	0.00929	0.01238	0.00697	0.00387	0.00542	0.00155	0.00774	0.00542	0.00232	0.00619
86	0.00568	0.00406	0.00542	0.00646	0.00677	0.00380	0.00438	0.00657	0.00896	0.01196	0.04397	0.78677	0.03052	0.01420	0.00587	0.00186	0.00271	0.04199	0.00428	0.00376
87	0.00972	0.04791	0.59065	0.01449	0.02064	0.01115	0.21189	0.01455	0.00997	0.01446	0.00844	0.01029	0.00611	0.00422	0.00458	0.00146	0.00696	0.00387	0.00204	0.00661
88	0.00961	0.00824	0.00956	0.00692	0.01093	0.00638	0.00553	0.01219	0.04821	0.01517	0.00867	0.00989	0.00715	0.00354	0.00346	0.00072	0.00341	0.00284	0.00282	0.82474
89	0.00559	0.00403	0.00529	0.00631	0.00664	0.00374	0.00422	0.00640	0.00887	0.01175	0.02635	0.79662	0.06873	0.01425	0.00584	0.00185	0.00265	0.01289	0.00426	0.00374
90	0.00657	0.00485	0.00705	0.00705	0.00775	0.00556	0.00533	0.00799	0.00728	0.01041	0.01260	0.01971	0.01220	0.14640	0.70949	0.00697	0.01120	0.00516	0.00250	0.00392
91	0.00789	0.22534	0.09668	0.00663	0.00935	0.00860	0.00626	0.01002	0.03325	0.01299	0.10412	0.02915	0.41652	0.00847	0.00464	0.00138	0.00350	0.00686	0.00350	0.00486
92	0.00559	0.00401	0.00531	0.00636	0.00665	0.00373	0.00425	0.00640	0.00882	0.01173	0.02574	0.81923	0.04651	0.01433	0.00585	0.00186	0.00266	0.01298	0.00426	0.00373
93	0.00559	0.00400	0.00533	0.00639	0.00666	0.00373	0.00426	0.00639	0.00879	0.01172	0.02530	0.83566	0.03036	0.01438	0.00586	0.00186	0.00266	0.01305	0.00426	0.00373
94	0.00877	0.00833	0.01416	0.78471	0.03093	0.01033	0.03530	0.01180	0.00918	0.01180	0.00814	0.01219	0.00614	0.00465	0.00486	0.00154	0.02587	0.00412	0.00205	0.00513
95	0.01066	0.03868	0.59024	0.01350	0.01955	0.01060	0.14162	0.01532	0.01021	0.09311	0.00934	0.01066	0.00655	0.00440	0.00453	0.00146	0.00661	0.00382	0.00237	0.00677
96	0.00650	0.00469	0.00614	0.00578	0.00686	0.00433	0.00433	0.00866	0.01300	0.01841	0.80760	0.03429	0.04332	0.00939	0.00541	0.00144	0.00217	0.00830	0.00505	0.00433
97	0.00921	0.02375	0.81487	0.01309	0.01987	0.01066	0.01696	0.01454	0.00969	0.01454	0.00824	0.00969	0.00582	0.00436	0.00436	0.00145	0.00678	0.00339	0.00194	0.00678
98	0.76590	0.03487	0.00785	0.00663	0.00946	0.08605	0.00542	0.01395	0.00834	0.01943	0.00646	0.00753	0.00509	0.00430	0.00297	0.00139	0.00403	0.00253	0.00277	0.00503
99	0.00543	0.00465	0.00465	0.00465	0.00620	0.00388	0.00349	0.00659	0.01046	0.01240	0.04651	0.04418	0.80815	0.01163	0.00543	0.00155	0.00233	0.00969	0.00426	0.00388
100	0.01107	0.01061	0.01811	0.11517	0.72531	0.01083	0.01394	0.01383	0.01031	0.01464	0.00858	0.01146	0.00715	0.00414	0.00455	0.00138	0.00553	0.00409	0.00225	0.00704
101	0.00559	0.00400	0.00533	0.00639	0.00666	0.00373	0.00426	0.00639	0.00879	0.01172	0.02530	0.83566	0.03036	0.01438	0.00586	0.00186	0.00266	0.01305	0.00426	0.00373
102	0.02042	0.00809	0.01083	0.00830	0.01186	0.00717	0.00686	0.06544	0.01361	0.76946	0.01772	0.01537	0.01117	0.00567	0.00462	0.00142	0.00397	0.00459	0.00562	0.00781
103	0.00952	0.00816	0.00952	0.00680	0.01088	0.00612	0.00544	0.01156	0.00952	0.01496	0.00816	0.00952	0.00680	0.00340	0.00340	0.00068	0.00340	0.00272	0.00272	0.86672
104	0.00931	0.02311	0.77560	0.01383	0.05884	0.01067	0.01682	0.01452	0.00973	0.01456	0.00826	0.00978	0.00589	0.00435	0.00437	0.00145	0.00672	0.00343	0.00196	0.00681
105	0.00610	0.00461	0.00515	0.00505	0.00636	0.00407	0.00378	0.00769	0.01122	0.01492	0.30795	0.05885	0.44738	0.01033	0.00523	0.00148	0.00226	0.00879	0.08471	0.00407
106	0.00559	0.00400	0.00533	0.00639	0.00666	0.00373	0.00426	0.00639	0.00879	0.01172	0.02530	0.83566	0.03036	0.01438	0.00586	0.00186	0.00266	0.01305	0.00426	0.00373
107	0.00921	0.02375	0.81487	0.01309	0.01987	0.01066	0.01696	0.01454	0.00969	0.01454	0.00824	0.00969	0.00582	0.00436	0.00436	0.00145	0.00678	0.00339	0.00194	0.00678
108	0.00952	0.00816	0.00952	0.00680	0.01088	0.00612	0.00544	0.01156	0.00952	0.01496	0.00816	0.00952	0.00680	0.00340	0.00340	0.00068	0.00340	0.00272	0.00272	0.86672
109	0.00921	0.02375	0.81487	0.01309	0.01987	0.01066	0.01696	0.01454	0.00969	0.01454	0.00824	0.00969	0.00582	0.00436	0.00436	0.00145	0.00678	0.00339	0.00194	0.00678
110	0.00952	0.00816	0.00952	0.00680	0.01088	0.00612	0.00544	0.01156	0.00952	0.01496	0.00816	0.00952	0.00680	0.00340	0.00340	0.00068	0.00340	0.00272	0.00272	0.86672
111	0.00693	0.00518	0.00650	0.00608	0.00732	0.00499	0.00459	0.01010	0.08817	0.01830	0.70870	0.03296	0.06427	0.00915	0.00534	0.00146	0.00231	0.00805	0.00499	0.00460
112	0.01227	0.84142	0.02406	0.00786	0.01178	0.01817	0.00786	0.01375	0.00933	0.01080	0.00638	0.00736	0.00589	0.00393	0.00295	0.00098	0.00491	0.00245	0.00196	0.00589
113	0.00543	0.00464	0.00467	0.00469	0.00621	0.00387	0.00351	0.00658	0.01042	0.01239	0.04600	0.06298	0.78968	0.01169	0.00544	0.00156	0.00233	0.00977	0.00426	0.00387
114	0.02907	0.27269	0.01644	0.01031	0.01337	0.43383	0.00847	0.13885	0.01314	0.01403	0.00748	0.00842	0.00619	0.00460	0.00382	0.00116	0.00666	0.00298	0.00260	0.00588
115	0.01177	0.00950	0.01015	0.00902	0.01157	0.01076	0.00701	0.06131	0.66257	0.05929	0.01910	0.02958	0.03854	0.03213	0.00528	0.00163	0.00369	0.00541	0.00464	0.00703
116	0.00543	0.00462	0.00468	0.00472	0.00622	0.00387	0.00352	0.00658	0.01040	0.01237	0.04564	0.07641	0.77649	0.01174	0.00544	0.00156	0.00234	0.00983	0.00426	0.00387
117	0.00912	0.00862	0.01459	0.69320	0.16250	0.01032	0.01298	0.01213	0.00939	0.01228	0.00824	0.01209	0.00631	0.00451	0.00458	0.00150	0.00601	0.00408	0.00208	0.00547
118	0.85081	0.00897	0.00691	0.00614	0.00901	0.01039	0.00506	0.03205	0.00814	0.02080	0.00650	0.00754	0.00504	0.00429	0.00288	0.00142	0.00359	0.00253	0.00288	0.00504
119	0.00665	0.00522	0.00594	0.00608	0.00729	0.00497	0.00442	0.05128	0.06654	0.01381	0.07237	0.34516	0.35717	0.01219	0.01749	0.00174	0.00284	0.01022	0.00432	0.00430
120	0.01301	0.47484	0.03424	0.00857	0.01195	0.12243	0.00775	0.02785	0.10991	0.07440	0.02263	0.02852	0.03645	0.00506	0.00369	0.00118	0.00498	0.00364	0.00286	0.00605

[dist]
# distance from previous block
# <min> <max>
4	36

[block]
# block no. 2 follows, 56 sequences, length 30
# corresponding to MSA columns:
# 979-990,992-1009
name=unknown_C
#
# <colnr> <probs for GDERKNQSTAVLIFYWHMCP>
#	G	D	E	R	K	N	Q	S	T	A	V	L	I	F	Y	W	H	M	C	P
0	0.12164	0.07837	0.03609	0.02507	0.02692	0.04598	0.02099	0.12940	0.01139	0.04589	0.00905	0.03331	0.00741	0.00440	0.00373	0.00106	0.00428	0.00338	0.00303	0.38861
1	0.39145	0.06656	0.01131	0.00869	0.01171	0.11340	0.03844	0.19135	0.06900	0.02005	0.00910	0.03409	0.00729	0.00501	0.00373	0.00138	0.00472	0.00355	0.00327	0.00590
2	0.08851	0.06325	0.54321	0.01267	0.01829	0.01079	0.11991	0.01403	0.00966	0.01481	0.00911	0.03402	0.00725	0.00481	0.00440	0.00147	0.00632	0.02894	0.00221	0.00632
3	0.01028	0.01133	0.06845	0.01406	0.01782	0.03864	0.41908	0.01415	0.06930	0.03776	0.05051	0.03262	0.08181	0.00562	0.00525	0.00149	0.01762	0.03174	0.00299	0.06947
4	0.00797	0.00399	0.00598	0.00598	0.00598	0.00399	0.00399	0.00598	0.00598	0.00797	0.00797	0.01396	0.00797	0.01595	0.01794	0.86643	0.00399	0.00399	0.00199	0.00199
5	0.01745	0.01286	0.01378	0.01056	0.01424	0.01424	0.00873	0.79471	0.02159	0.02893	0.01102	0.01102	0.00781	0.00551	0.00459	0.00138	0.00505	0.00413	0.00459	0.00781
6	0.87108	0.00888	0.00675	0.00604	0.00888	0.01030	0.00497	0.01350	0.00781	0.02060	0.00639	0.00746	0.00497	0.00426	0.00284	0.00142	0.00355	0.00249	0.00284	0.00497
7	0.00950	0.10132	0.73985	0.01259	0.01910	0.01137	0.01610	0.01446	0.00966	0.01418	0.00806	0.00947	0.00582	0.00432	0.00423	0.00141	0.00661	0.00330	0.00194	0.00670
8	0.01901	0.00741	0.01009	0.00798	0.01118	0.00643	0.00648	0.02068	0.01268	0.72847	0.01887	0.10231	0.01337	0.00660	0.00475	0.00147	0.00378	0.00551	0.00553	0.00738
9	0.01210	0.01020	0.01076	0.00948	0.01220	0.01174	0.00743	0.11140	0.71361	0.02030	0.01782	0.01644	0.01331	0.00615	0.00466	0.00154	0.00379	0.00507	0.00466	0.00733
10	0.00867	0.00816	0.01377	0.82762	0.03162	0.01020	0.01275	0.01173	0.00918	0.01173	0.00816	0.01224	0.00612	0.00459	0.00459	0.00153	0.00612	0.00408	0.00204	0.00510
11	0.11785	0.01452	0.01208	0.04722	0.03910	0.29885	0.00840	0.24745	0.06857	0.03455	0.01069	0.01268	0.01931	0.00549	0.00432	0.00137	0.00588	0.04207	0.00341	0.00618
12	0.14152	0.01146	0.01777	0.01329	0.01701	0.01191	0.32542	0.24156	0.04125	0.08064	0.01022	0.01156	0.00745	0.00481	0.00514	0.00149	0.04305	0.00448	0.00338	0.00659
13	0.87108	0.00888	0.00675	0.00604	0.00888	0.01030	0.00497	0.01350	0.00781	0.02060	0.00639	0.00746	0.00497	0.00426	0.00284	0.00142	0.00355	0.00249	0.00284	0.00497
14	0.00660	0.00444	0.00513	0.00527	0.00533	0.00441	0.00310	0.00675	0.00702	0.00935	0.01588	0.10853	0.01837	0.72848	0.02105	0.00411	0.00427	0.03600	0.00298	0.00293
15	0.01446	0.00684	0.00971	0.00872	0.03995	0.00615	0.02905	0.01631	0.01206	0.44777	0.11582	0.11344	0.03407	0.00808	0.00513	0.00157	0.00374	0.11583	0.00499	0.00629
16	0.00672	0.00492	0.00633	0.00594	0.00709	0.00465	0.00446	0.00937	0.04824	0.01845	0.77234	0.03353	0.04201	0.00924	0.00538	0.00145	0.00223	0.00816	0.00504	0.00446
17	0.00921	0.02375	0.81487	0.01309	0.01987	0.01066	0.01696	0.01454	0.00969	0.01454	0.00824	0.00969	0.00582	0.00436	0.00436	0.00145	0.00678	0.00339	0.00194	0.00678
18	0.01002	0.24073	0.60501	0.01170	0.01772	0.01265	0.01455	0.01433	0.00960	0.01355	0.00775	0.00907	0.00584	0.00425	0.00399	0.00133	0.00629	0.00314	0.00195	0.00655
19	0.01333	0.00943	0.01044	0.00910	0.01189	0.01044	0.00716	0.02397	0.63717	0.18489	0.01857	0.01682	0.01346	0.00611	0.00466	0.00153	0.00369	0.00507	0.00488	0.00738
20	0.00884	0.00831	0.01363	0.76057	0.03001	0.01040	0.01240	0.01228	0.04491	0.01204	0.00856	0.01238	0.00647	0.00479	0.00498	0.00155	0.03640	0.00413	0.00216	0.00519
21	0.00650	0.00469	0.00614	0.00578	0.00686	0.00433	0.00433	0.00866	0.01300	0.01841	0.80760	0.03429	0.04332	0.00939	0.00541	0.00144	0.00217	0.00830	0.00505	0.00433
22	0.05152	0.72940	0.02227	0.00813	0.01187	0.09063	0.00782	0.01415	0.00959	0.01128	0.00645	0.00745	0.00585	0.00402	0.00305	0.00102	0.00515	0.00250	0.00204	0.00580
