[name]
unknown

[dist]
# distance from previous block
# <min> <max>
9	40

[block]
# block no. 0 follows, 54 sequences, length 29
# corresponding to MSA columns:
# 146-174
name=unknown_A
#
# <colnr> <probs for GDERKNQSTAVLIFYWHMCP>
#	G	D	E	R	K	N	Q	S	T	A	V	L	I	F	Y	W	H	M	C	P
0	0.02818	0.01196	0.01370	0.02716	0.13482	0.15406	0.07453	0.10807	0.10283	0.10049	0.05264	0.05148	0.02329	0.00657	0.02531	0.00157	0.01495	0.00493	0.00360	0.05987
1	0.08207	0.00960	0.01125	0.00994	0.04671	0.05489	0.06838	0.14222	0.11834	0.07561	0.04905	0.08482	0.06595	0.04629	0.01537	0.00168	0.01537	0.00570	0.04189	0.05486
2	0.07846	0.01136	0.07898	0.01080	0.08593	0.10813	0.03374	0.04203	0.07647	0.11748	0.02594	0.05504	0.08300	0.04603	0.00563	0.00155	0.01791	0.00510	0.03019	0.08625
3	0.06640	0.11500	0.07296	0.02000	0.01271	0.22156	0.01785	0.06010	0.06583	0.04892	0.02430	0.08930	0.02395	0.00601	0.00450	0.00133	0.02384	0.00458	0.04376	0.07709
4	0.00833	0.00609	0.00737	0.02275	0.00875	0.00617	0.00531	0.07450	0.07793	0.03271	0.18102	0.25968	0.09513	0.05091	0.03798	0.00198	0.01759	0.01993	0.05043	0.03545
5	0.06753	0.00615	0.00679	0.00703	0.00808	0.04064	0.00500	0.05527	0.01015	0.02990	0.04619	0.54921	0.02486	0.04735	0.00624	0.00185	0.00334	0.02446	0.01492	0.04504
6	0.01242	0.07856	0.02396	0.01065	0.04597	0.06514	0.08952	0.08502	0.05150	0.14312	0.08881	0.08004	0.07504	0.00807	0.03206	0.00171	0.06348	0.02001	0.00383	0.02108
7	0.01053	0.03573	0.12431	0.05525	0.02207	0.02325	0.53443	0.01420	0.01062	0.01445	0.02968	0.02513	0.00868	0.04613	0.00643	0.00172	0.02355	0.00534	0.00243	0.00608
8	0.01129	0.01182	0.02303	0.01681	0.02102	0.01143	0.57981	0.08587	0.07739	0.01661	0.01401	0.01599	0.08083	0.00506	0.00542	0.00157	0.00684	0.00583	0.00298	0.00638
9	0.01095	0.00954	0.01252	0.03163	0.05299	0.02371	0.10679	0.11582	0.30866	0.01872	0.12537	0.10345	0.04434	0.00732	0.00512	0.00157	0.00434	0.00653	0.00424	0.00639
10	0.00848	0.00785	0.01298	0.71631	0.02911	0.00962	0.01192	0.01134	0.00946	0.01208	0.01171	0.08219	0.04611	0.00589	0.00486	0.00160	0.00581	0.00523	0.00239	0.00506
11	0.01418	0.01589	0.01135	0.01035	0.01253	0.43406	0.00772	0.01935	0.27868	0.01400	0.01234	0.01457	0.01038	0.11597	0.00707	0.00179	0.00636	0.00433	0.00329	0.00580
12	0.01143	0.00940	0.01017	0.00937	0.02692	0.01057	0.00713	0.02259	0.64959	0.05398	0.05286	0.02043	0.08092	0.00692	0.00489	0.00158	0.00361	0.00580	0.00478	0.00708
13	0.00702	0.00503	0.00619	0.00594	0.00662	0.00502	0.00396	0.00778	0.00780	0.01082	0.06252	0.02677	0.04251	0.48867	0.21827	0.00471	0.00628	0.00627	0.00296	0.07486
14	0.00595	0.00478	0.00532	0.00528	0.00667	0.00415	0.00397	0.00745	0.01142	0.01450	0.26099	0.07432	0.53505	0.01143	0.00561	0.00159	0.00241	0.03039	0.00461	0.00412
15	0.00587	0.00419	0.00555	0.00646	0.00681	0.00392	0.00434	0.00682	0.00942	0.01268	0.10772	0.72533	0.03221	0.03653	0.00646	0.00194	0.00273	0.01271	0.00442	0.00387
16	0.01114	0.01070	0.01800	0.14718	0.62263	0.01136	0.01392	0.01385	0.01025	0.01456	0.00857	0.01169	0.00718	0.00462	0.00557	0.00148	0.07389	0.00419	0.00228	0.00694
17	0.00890	0.00838	0.01414	0.82296	0.03247	0.01048	0.01309	0.01205	0.00943	0.01205	0.00838	0.01257	0.00629	0.00471	0.00471	0.00157	0.00629	0.00419	0.00210	0.00524
18	0.00945	0.00877	0.01461	0.45057	0.27717	0.00985	0.01240	0.01226	0.01006	0.01348	0.04086	0.05176	0.02691	0.00567	0.00488	0.00155	0.00559	0.03583	0.00253	0.00580
19	0.00913	0.00766	0.00902	0.00876	0.03086	0.06819	0.00646	0.04523	0.07888	0.01230	0.01304	0.01803	0.04216	0.09518	0.33714	0.11959	0.08602	0.00501	0.00281	0.00452
20	0.01169	0.05547	0.13787	0.00987	0.05853	0.02519	0.00857	0.08701	0.01141	0.07321	0.01979	0.01070	0.00771	0.00420	0.00394	0.00102	0.00453	0.00333	0.00302	0.46295
21	0.00871	0.00664	0.00806	0.00657	0.00925	0.00541	0.00514	0.01074	0.01128	0.05129	0.29383	0.04766	0.07538	0.00699	0.00459	0.00115	0.00300	0.03027	0.00398	0.41008
22	0.07185	0.00878	0.01082	0.08950	0.07134	0.02083	0.02167	0.05298	0.04965	0.01576	0.01040	0.05807	0.00923	0.05134	0.01795	0.00139	0.00436	0.00413	0.00298	0.42697
23	0.00593	0.00433	0.00590	0.04749	0.00808	0.00418	0.00477	0.00685	0.00899	0.01196	0.02480	0.76848	0.02956	0.03644	0.00644	0.00197	0.00296	0.01276	0.00422	0.00387
24	0.01102	0.01033	0.01228	0.07823	0.01335	0.10232	0.00900	0.04677	0.02612	0.05024	0.01156	0.07075	0.04139	0.01043	0.08278	0.00233	0.39379	0.01924	0.00280	0.00527
25	0.06132	0.01064	0.01729	0.05857	0.58960	0.01051	0.04206	0.01401	0.01041	0.01558	0.00867	0.01126	0.00720	0.00413	0.00444	0.00132	0.00532	0.00397	0.00242	0.12127
26	0.01073	0.01083	0.05383	0.02236	0.54423	0.02274	0.03660	0.01387	0.04909	0.02521	0.01520	0.05256	0.11046	0.00580	0.00486	0.00147	0.00514	0.00540	0.00284	0.00678
27	0.36659	0.06407	0.01117	0.00957	0.03303	0.33049	0.00734	0.01546	0.01029	0.01564	0.00733	0.00888	0.00609	0.00622	0.04362	0.00165	0.03840	0.00300	0.01584	0.00532
28	0.25090	0.01071	0.09421	0.02686	0.04730	0.00977	0.11851	0.05364	0.04779	0.13293	0.01126	0.02575	0.00852	0.00660	0.04514	0.00178	0.02257	0.00420	0.07540	0.00613

[dist]
# distance from previous block
# <min> <max>
0	1

[block]
# block no. 1 follows, 54 sequences, length 18
# corresponding to MSA columns:
# 176,180-196
name=unknown_B
#
# <colnr> <probs for GDERKNQSTAVLIFYWHMCP>
#	G	D	E	R	K	N	Q	S	T	A	V	L	I	F	Y	W	H	M	C	P
0	0.06433	0.00841	0.02477	0.03940	0.04735	0.00703	0.02692	0.02294	0.01012	0.06470	0.03503	0.04359	0.04141	0.02585	0.02713	0.00130	0.00411	0.00413	0.00313	0.49835
1	0.02179	0.01999	0.02599	0.23997	0.28652	0.02308	0.01139	0.03902	0.01059	0.07532	0.00968	0.01209	0.01636	0.00476	0.00513	0.00138	0.05507	0.00402	0.00269	0.13517
2	0.01057	0.00956	0.01419	0.23980	0.32255	0.04260	0.01110	0.01340	0.03335	0.04627	0.04246	0.03945	0.06722	0.00551	0.00470	0.00142	0.00516	0.00493	0.00284	0.08293
3	0.00620	0.00435	0.00575	0.00669	0.00704	0.00415	0.00465	0.00704	0.00896	0.01189	0.02406	0.60560	0.02835	0.10923	0.00851	0.02614	0.00321	0.12030	0.00413	0.00374
4	0.01019	0.01128	0.10325	0.33065	0.34476	0.01071	0.01350	0.01405	0.06221	0.01425	0.00984	0.03703	0.00803	0.00489	0.00471	0.00151	0.00580	0.00447	0.00243	0.00645
5	0.20407	0.01113	0.04908	0.01052	0.06244	0.03859	0.00834	0.16116	0.03296	0.16474	0.01037	0.01112	0.00766	0.00544	0.00577	0.00147	0.12540	0.00376	0.00361	0.08237
6	0.01065	0.00969	0.01636	0.42098	0.39351	0.01069	0.01351	0.01359	0.01019	0.04301	0.00899	0.01228	0.00704	0.00452	0.00469	0.00149	0.00588	0.00422	0.00235	0.00639
7	0.01162	0.09799	0.01533	0.01179	0.01294	0.14359	0.04274	0.02753	0.00894	0.01183	0.00718	0.01054	0.00670	0.00927	0.07790	0.00224	0.49041	0.00392	0.00222	0.00533
8	0.00692	0.00493	0.00625	0.00621	0.00646	0.00533	0.00411	0.00747	0.00718	0.00989	0.01442	0.06705	0.01588	0.53289	0.24475	0.00517	0.04233	0.00656	0.00281	0.00339
9	0.00621	0.00511	0.00553	0.00548	0.00681	0.02162	0.00406	0.00772	0.01151	0.01469	0.29517	0.11257	0.46418	0.01128	0.00558	0.00158	0.00250	0.00964	0.00461	0.00415
10	0.00674	0.00505	0.00758	0.00758	0.00842	0.00589	0.00589	0.00842	0.00758	0.01095	0.01263	0.01852	0.01179	0.03536	0.81561	0.00758	0.01263	0.00505	0.00253	0.00421
11	0.01125	0.39218	0.38172	0.01195	0.06606	0.03669	0.01276	0.01464	0.00993	0.01313	0.00759	0.00894	0.00611	0.00427	0.00383	0.00126	0.00605	0.00308	0.00204	0.00654
12	0.00657	0.00579	0.04712	0.05856	0.00939	0.00512	0.00571	0.00847	0.04625	0.01303	0.09358	0.57514	0.02772	0.04645	0.02616	0.00206	0.00349	0.01103	0.00410	0.00427
13	0.00651	0.00569	0.04191	0.00596	0.00746	0.00462	0.00480	0.00860	0.01250	0.01709	0.56610	0.03679	0.24451	0.01002	0.00552	0.00151	0.00248	0.00868	0.00483	0.00444
14	0.01030	0.10380	0.49974	0.03930	0.12079	0.01142	0.06030	0.01462	0.01032	0.03404	0.04581	0.01150	0.00820	0.00465	0.00448	0.00144	0.00634	0.00389	0.00231	0.00676
15	0.06670	0.38509	0.01779	0.01010	0.04916	0.16657	0.00832	0.01411	0.00988	0.01228	0.00768	0.01041	0.00709	0.02885	0.02490	0.00149	0.10632	0.02188	0.00230	0.04907
16	0.01156	0.06211	0.01214	0.01039	0.05317	0.01137	0.02624	0.06963	0.52760	0.01887	0.05199	0.05351	0.01467	0.00641	0.00472	0.00150	0.00398	0.00541	0.00433	0.05042
17	0.03012	0.13564	0.10768	0.01299	0.10428	0.30185	0.02745	0.05970	0.05536	0.03867	0.03388	0.02381	0.00862	0.00515	0.00455	0.00133	0.02637	0.00382	0.01251	0.00622

[dist]
# distance from previous block
# <min> <max>
2	3

[block]
# block no. 2 follows, 54 sequences, length 31
# corresponding to MSA columns:
# 200,203-232
name=unknown_C
#
# <colnr> <probs for GDERKNQSTAVLIFYWHMCP>
#	G	D	E	R	K	N	Q	S	T	A	V	L	I	F	Y	W	H	M	C	P
0	0.01109	0.01135	0.03816	0.08972	0.34863	0.01130	0.23112	0.03888	0.01076	0.01510	0.00947	0.01341	0.00790	0.00488	0.00583	0.00153	0.07356	0.03420	0.00247	0.04064
1	0.01041	0.01051	0.08289	0.05747	0.15603	0.02401	0.02260	0.02655	0.01031	0.03343	0.00973	0.05549	0.00838	0.00452	0.00410	0.00107	0.00451	0.00389	0.00278	0.47133
2	0.01253	0.31533	0.06216	0.01099	0.07930	0.16887	0.03075	0.03530	0.01088	0.01333	0.02686	0.02468	0.00798	0.01944	0.00418	0.00117	0.00555	0.00341	0.00248	0.16479
3	0.00601	0.00468	0.00549	0.00579	0.00692	0.00417	0.00431	0.00740	0.01084	0.01388	0.18520	0.23527	0.39923	0.01229	0.00576	0.00170	0.00262	0.07986	0.00453	0.00407
4	0.01186	0.31097	0.27961	0.03121	0.10331	0.08676	0.06775	0.03276	0.01057	0.01360	0.00786	0.00945	0.00631	0.00432	0.00405	0.00129	0.00629	0.00336	0.00217	0.00650
5	0.00618	0.00461	0.00576	0.00600	0.00695	0.00419	0.00437	0.00772	0.01129	0.01516	0.35612	0.29106	0.20684	0.01192	0.00575	0.00167	0.00251	0.04305	0.00472	0.00414
6	0.00589	0.00477	0.00523	0.00516	0.00658	0.00411	0.00385	0.00737	0.01144	0.01448	0.26317	0.06558	0.56312	0.01137	0.00558	0.00157	0.00235	0.00964	0.00461	0.00411
7	0.00574	0.00410	0.00547	0.00657	0.00684	0.00383	0.00438	0.00657	0.00903	0.01204	0.02599	0.83122	0.03119	0.01477	0.00602	0.00191	0.00274	0.01340	0.00438	0.00383
8	0.01109	0.01040	0.01133	0.01265	0.16333	0.10241	0.00817	0.03039	0.34584	0.01672	0.06148	0.09910	0.07757	0.00722	0.00491	0.00153	0.00435	0.00616	0.01898	0.00639
9	0.01306	0.07551	0.09605	0.02615	0.09873	0.03533	0.23148	0.17411	0.14326	0.04207	0.01129	0.01246	0.00846	0.00489	0.00480	0.00147	0.00601	0.00457	0.00329	0.00704
10	0.00921	0.07298	0.00901	0.00741	0.00854	0.10407	0.00548	0.02761	0.00867	0.03336	0.01243	0.02056	0.01244	0.30900	0.33383	0.00492	0.00828	0.00522	0.00273	0.00422
11	0.00662	0.00482	0.00623	0.00588	0.00701	0.00443	0.00441	0.00880	0.01323	0.01863	0.76816	0.03568	0.07890	0.00974	0.00556	0.00149	0.00223	0.00859	0.00515	0.00443
12	0.01148	0.13033	0.38726	0.03694	0.13548	0.01167	0.01332	0.06279	0.02504	0.06230	0.00922	0.01052	0.00691	0.00449	0.00427	0.00135	0.00586	0.00358	0.00256	0.07463
13	0.72965	0.07134	0.00881	0.00686	0.00982	0.08210	0.00568	0.01432	0.00861	0.01957	0.00663	0.00773	0.00526	0.00439	0.00304	0.00140	0.00418	0.00259	0.00281	0.00521
14	0.00646	0.00494	0.00638	0.00677	0.03774	0.00457	0.00471	0.00820	0.01161	0.01579	0.42815	0.18001	0.20326	0.01214	0.04603	0.00189	0.00300	0.00938	0.00462	0.00434
15	0.86760	0.00912	0.00693	0.00620	0.00912	0.01058	0.00511	0.01386	0.00802	0.02115	0.00657	0.00766	0.00511	0.00438	0.00292	0.00146	0.00365	0.00255	0.00292	0.00511
16	0.02367	0.10725	0.15310	0.07479	0.03817	0.26307	0.02303	0.04254	0.04175	0.02366	0.08856	0.01421	0.01127	0.00569	0.00492	0.00141	0.03914	0.03505	0.00283	0.00588
17	0.01117	0.00938	0.01476	0.03360	0.44549	0.00943	0.02638	0.03193	0.07660	0.06846	0.08813	0.06451	0.02673	0.00644	0.00502	0.00153	0.00476	0.06562	0.00339	0.00667
18	0.86760	0.00912	0.00693	0.00620	0.00912	0.01058	0.00511	0.01386	0.00802	0.02115	0.00657	0.00766	0.00511	0.00438	0.00292	0.00146	0.00365	0.00255	0.00292	0.00511
19	0.01193	0.41834	0.14004	0.01165	0.03347	0.02677	0.14113	0.03215	0.11550	0.01399	0.00920	0.01032	0.00741	0.00446	0.00400	0.00128	0.00571	0.00364	0.00252	0.00649
20	0.00897	0.00820	0.01222	0.16151	0.23099	0.04037	0.04392	0.01133	0.01110	0.01502	0.21190	0.09305	0.09232	0.00735	0.00508	0.00151	0.00446	0.00664	0.02862	0.00545
21	0.00617	0.00465	0.00571	0.00575	0.00682	0.00419	0.00420	0.00781	0.01170	0.01573	0.42794	0.21082	0.24854	0.01138	0.00566	0.00161	0.00238	0.00997	0.00479	0.00419
22	0.01519	0.01223	0.01338	0.01236	0.09869	0.04865	0.00900	0.39190	0.28580	0.04203	0.01375	0.01349	0.01014	0.00572	0.00472	0.00147	0.00485	0.00457	0.00441	0.00766
23	0.00640	0.00465	0.00609	0.00656	0.00739	0.00435	0.00490	0.00800	0.01106	0.01497	0.31183	0.34165	0.09625	0.01236	0.00590	0.00178	0.00280	0.14423	0.00467	0.00416
24	0.01103	0.01037	0.01489	0.19298	0.22739	0.04293	0.04847	0.06159	0.04874	0.01530	0.03050	0.01219	0.00829	0.00491	0.00551	0.00138	0.08144	0.00411	0.00270	0.17527
25	0.04460	0.00911	0.01065	0.08019	0.01338	0.00838	0.00683	0.16808	0.01224	0.03693	0.00981	0.02868	0.00790	0.00445	0.00390	0.00101	0.00403	0.00354	0.03786	0.50841
26	0.01352	0.07973	0.05021	0.01156	0.02749	0.27110	0.08164	0.04306	0.08518	0.07240	0.03366	0.04957	0.01061	0.00778	0.05263	0.00181	0.07182	0.02716	0.00312	0.00593
27	0.00897	0.00823	0.02270	0.05350	0.27066	0.04013	0.02616	0.01089	0.00992	0.01349	0.09763	0.02212	0.09926	0.15613	0.11921	0.00283	0.00583	0.00583	0.02128	0.00523
28	0.08314	0.00797	0.01045	0.00812	0.01161	0.00709	0.00669	0.02170	0.01308	0.71610	0.05132	0.01625	0.01259	0.00589	0.00464	0.00146	0.00391	0.00474	0.00559	0.00766
29	0.00674	0.00505	0.00758	0.00758	0.00842	0.00589	0.00589	0.00842	0.00758	0.01095	0.01263	0.01852	0.01179	0.03536	0.81561	0.00758	0.01263	0.00505	0.00253	0.00421
30	0.01384	0.01693	0.10902	0.06651	0.13296	0.36701	0.02118	0.01680	0.05966	0.04403	0.00929	0.01095	0.00740	0.00649	0.05049	0.00167	0.00724	0.00368	0.00264	0.05222

[dist]
# distance from previous block
# <min> <max>
0	1

[block]
# block no. 3 follows, 54 sequences, length 21
# corresponding to MSA columns:
# 234-254
name=unknown_D
#
# <colnr> <probs for GDERKNQSTAVLIFYWHMCP>
#	G	D	E	R	K	N	Q	S	T	A	V	L	I	F	Y	W	H	M	C	P
0	0.00612	0.00433	0.00553	0.00619	0.00649	0.00418	0.00406	0.00684	0.00856	0.01146	0.04878	0.52401	0.04762	0.22851	0.06212	0.00294	0.00381	0.01092	0.00389	0.00363
1	0.00572	0.00419	0.00538	0.00632	0.00678	0.00385	0.00427	0.00659	0.00926	0.01213	0.02892	0.72534	0.13517	0.01439	0.00596	0.00187	0.00269	0.01294	0.00438	0.00385
2	0.00602	0.00438	0.00573	0.00666	0.00721	0.00409	0.00475	0.00712	0.00961	0.01265	0.05767	0.61779	0.10552	0.01406	0.00603	0.00190	0.00290	0.11759	0.00440	0.00394
3	0.01036	0.00876	0.01008	0.00736	0.01143	0.00708	0.00589	0.05698	0.05617	0.01644	0.00918	0.01032	0.00747	0.00378	0.00364	0.00079	0.00360	0.00302	0.00302	0.76464
4	0.54215	0.03282	0.01143	0.06200	0.16691	0.05688	0.03851	0.01421	0.00911	0.01841	0.00728	0.00899	0.00580	0.00437	0.00355	0.00143	0.00468	0.00312	0.00268	0.00567
5	0.00597	0.00446	0.00620	0.00688	0.00739	0.00419	0.02863	0.00692	0.00909	0.01206	0.02595	0.71149	0.07340	0.03308	0.03821	0.00217	0.00331	0.01249	0.00421	0.00391
6	0.09666	0.00812	0.01058	0.00819	0.01178	0.00726	0.00677	0.02217	0.01301	0.73795	0.01753	0.01530	0.01109	0.00571	0.00458	0.00146	0.00398	0.00455	0.00558	0.00776
7	0.00899	0.10296	0.02760	0.00669	0.00865	0.00686	0.00550	0.01170	0.05621	0.09259	0.50746	0.02948	0.10012	0.00852	0.00512	0.00144	0.00293	0.00729	0.00472	0.00516
8	0.00674	0.00505	0.00758	0.00758	0.00842	0.00589	0.00589	0.00842	0.00758	0.01095	0.01263	0.01852	0.01179	0.03536	0.81561	0.00758	0.01263	0.00505	0.00253	0.00421
9	0.01797	0.04146	0.01259	0.01147	0.13057	0.01924	0.00807	0.05213	0.03252	0.53729	0.06099	0.01579	0.01246	0.00569	0.00468	0.00142	0.00428	0.00473	0.00496	0.02169
10	0.01365	0.07254	0.01267	0.01000	0.01296	0.09463	0.00798	0.17855	0.50209	0.02028	0.01546	0.01466	0.01164	0.00592	0.00460	0.00148	0.00461	0.00467	0.00434	0.00727
11	0.01086	0.03833	0.06853	0.00788	0.01222	0.00785	0.00687	0.08606	0.01104	0.03325	0.00882	0.00999	0.00708	0.00384	0.00369	0.00085	0.00397	0.00301	0.00296	0.67289
12	0.00969	0.04321	0.67146	0.01332	0.01984	0.01088	0.07509	0.01470	0.01002	0.01488	0.00849	0.01009	0.00614	0.00436	0.00445	0.00143	0.00674	0.00357	0.00208	0.06957
13	0.01727	0.02030	0.07135	0.01170	0.01466	0.61320	0.00942	0.04909	0.03393	0.10256	0.00912	0.00981	0.00699	0.00501	0.00436	0.00128	0.00763	0.00337	0.00293	0.00602
14	0.00777	0.00634	0.04542	0.02582	0.00876	0.00530	0.00537	0.03013	0.03495	0.07274	0.17374	0.17505	0.35160	0.01073	0.00549	0.00162	0.00301	0.02695	0.00448	0.00473
15	0.01154	0.03894	0.36542	0.01276	0.10522	0.00935	0.02432	0.02776	0.02633	0.15889	0.04604	0.03793	0.07585	0.00611	0.00478	0.00151	0.00538	0.03187	0.00330	0.00669
16	0.01175	0.01198	0.03440	0.04340	0.66382	0.06976	0.03181	0.01444	0.01082	0.01490	0.00944	0.04460	0.00826	0.00469	0.00471	0.00142	0.00580	0.00451	0.00241	0.00709
17	0.00796	0.00539	0.00759	0.00735	0.00848	0.00593	0.00567	0.00985	0.03078	0.07516	0.01600	0.02099	0.07008	0.07742	0.62158	0.00630	0.01046	0.00550	0.00301	0.00451
18	0.02593	0.02962	0.03429	0.01678	0.31960	0.02989	0.04024	0.03825	0.05250	0.20078	0.03549	0.06029	0.04749	0.00673	0.02371	0.00162	0.00503	0.02122	0.00367	0.00686
19	0.01108	0.06557	0.01242	0.09775	0.14842	0.07902	0.01642	0.07280	0.07327	0.05887	0.17131	0.06609	0.06919	0.03073	0.00542	0.00155	0.00457	0.00596	0.00369	0.00585
20	0.03546	0.08119	0.10884	0.04059	0.15702	0.03742	0.06335	0.03033	0.10306	0.05576	0.02360	0.11623	0.02816	0.03248	0.04213	0.00188	0.02762	0.00558	0.00315	0.00613

[dist]
# distance from previous block
# <min> <max>
1	6

[block]
# block no. 4 follows, 54 sequences, length 50
# corresponding to MSA columns:
# 261-279,281-289,346-367
name=unknown_E
#
# <colnr> <probs for GDERKNQSTAVLIFYWHMCP>
#	G	D	E	R	K	N	Q	S	T	A	V	L	I	F	Y	W	H	M	C	P
0	0.01160	0.19334	0.21048	0.02488	0.12874	0.05019	0.05983	0.08016	0.02974	0.02988	0.05906	0.04755	0.01030	0.00523	0.00438	0.00135	0.00558	0.00435	0.00279	0.04057
1	0.01066	0.10088	0.26957	0.01406	0.13298	0.04311	0.07949	0.01570	0.13732	0.02325	0.04777	0.05897	0.01121	0.02840	0.00517	0.00155	0.00564	0.00484	0.00289	0.00652
2	0.01200	0.05492	0.17659	0.06003	0.08791	0.07588	0.04116	0.11625	0.06739	0.06648	0.10607	0.03124	0.03305	0.00584	0.00467	0.00142	0.00527	0.00486	0.02537	0.02360
3	0.01063	0.03034	0.06699	0.07885	0.09980	0.02909	0.09395	0.03333	0.15320	0.05773	0.05744	0.06923	0.09188	0.00659	0.00526	0.00149	0.03405	0.00574	0.00349	0.07091
4	0.00920	0.00785	0.01062	0.04558	0.06347	0.03762	0.02852	0.03171	0.00844	0.03089	0.01110	0.01837	0.01093	0.23399	0.23516	0.00410	0.20006	0.00513	0.00261	0.00464
5	0.04576	0.01269	0.01410	0.01085	0.01454	0.01394	0.04251	0.68254	0.04220	0.02796	0.01249	0.01255	0.03411	0.00577	0.00472	0.00144	0.00512	0.00446	0.00455	0.00770
6	0.01700	0.01262	0.01357	0.01053	0.01415	0.01387	0.00864	0.70682	0.05214	0.02825	0.01203	0.03922	0.00902	0.00593	0.00472	0.00142	0.00499	0.00455	0.00465	0.03588
7	0.04041	0.00828	0.01138	0.03039	0.05783	0.00722	0.07190	0.03684	0.01090	0.14922	0.03112	0.11606	0.03968	0.00594	0.00443	0.00121	0.00404	0.00521	0.00360	0.36434
8	0.00888	0.00727	0.00783	0.02250	0.00888	0.06183	0.00541	0.06439	0.10710	0.01291	0.01695	0.03468	0.08838	0.26943	0.22494	0.03829	0.00668	0.00598	0.00323	0.00445
9	0.01364	0.00655	0.00853	0.00717	0.00953	0.00594	0.00567	0.02810	0.03884	0.37968	0.31877	0.05221	0.05934	0.00786	0.00508	0.00148	0.00316	0.00670	0.03555	0.00620
10	0.01037	0.01394	0.21618	0.04112	0.07886	0.03181	0.23766	0.01436	0.04956	0.03166	0.02448	0.08177	0.00992	0.00534	0.00502	0.00145	0.01880	0.00512	0.00273	0.11985
11	0.02082	0.00912	0.01337	0.44391	0.10734	0.04351	0.02525	0.06496	0.01064	0.01389	0.01257	0.05773	0.05057	0.00673	0.01762	0.00169	0.03751	0.05457	0.00271	0.00548
12	0.01188	0.00957	0.01031	0.00922	0.01182	0.01082	0.00720	0.03865	0.66203	0.06367	0.06205	0.01962	0.03613	0.00678	0.00488	0.00159	0.00367	0.01804	0.00486	0.00720
13	0.00825	0.00664	0.03628	0.00811	0.03611	0.00578	0.03831	0.04086	0.01186	0.06492	0.20498	0.08698	0.26692	0.01032	0.00562	0.00167	0.00346	0.15364	0.00442	0.00488
14	0.04223	0.05419	0.01570	0.06088	0.25865	0.25495	0.03613	0.10437	0.02254	0.01558	0.00912	0.01174	0.00759	0.00505	0.00489	0.00139	0.03896	0.02500	0.02469	0.00636
15	0.00775	0.00588	0.02911	0.00751	0.04067	0.00547	0.00558	0.00992	0.03646	0.04137	0.19571	0.08696	0.11552	0.08707	0.14242	0.00285	0.00481	0.08038	0.08998	0.00457
16	0.00581	0.00421	0.00542	0.00636	0.00677	0.00390	0.00428	0.00665	0.00914	0.01202	0.02770	0.70364	0.10884	0.05013	0.00676	0.00200	0.00281	0.02544	0.00431	0.00381
17	0.01568	0.01403	0.11950	0.01225	0.03268	0.03225	0.09246	0.42727	0.07524	0.09935	0.01181	0.01213	0.00839	0.00539	0.00495	0.00147	0.01915	0.00438	0.00408	0.00754
18	0.01084	0.03482	0.02742	0.32769	0.07301	0.09492	0.17008	0.03843	0.05821	0.01393	0.01109	0.04204	0.03405	0.00530	0.00507	0.00151	0.02362	0.00485	0.00261	0.02049
19	0.00761	0.00590	0.00798	0.07101	0.07452	0.00617	0.00631	0.00959	0.04085	0.01348	0.05936	0.25005	0.10148	0.09874	0.00788	0.00202	0.04592	0.09436	0.09225	0.00450
20	0.00847	0.00703	0.00902	0.06857	0.03042	0.03622	0.03430	0.03432	0.08999	0.01521	0.16803	0.12872	0.06235	0.01342	0.14874	0.00262	0.00536	0.05133	0.05066	0.03521
21	0.00585	0.00426	0.00546	0.00627	0.00675	0.00393	0.00425	0.00680	0.00952	0.01262	0.09690	0.64840	0.11555	0.04162	0.00654	0.00193	0.00271	0.01238	0.00440	0.00387
22	0.01394	0.01083	0.04515	0.08898	0.03723	0.02988	0.08594	0.26050	0.03969	0.14139	0.02540	0.01623	0.03942	0.04003	0.04089	0.00185	0.00555	0.02671	0.00391	0.04648
23	0.00639	0.00480	0.00587	0.00570	0.00687	0.00434	0.00426	0.00821	0.01219	0.01651	0.52038	0.05880	0.24802	0.04334	0.00634	0.00167	0.00245	0.03481	0.00483	0.00424
24	0.00944	0.03177	0.01007	0.03000	0.04925	0.05064	0.03294	0.05266	0.17097	0.01673	0.25623	0.05815	0.09095	0.04211	0.03833	0.00190	0.02064	0.02762	0.00415	0.00544
25	0.00738	0.00529	0.00733	0.00839	0.00942	0.00525	0.00721	0.00941	0.01069	0.01389	0.02568	0.12142	0.04861	0.01315	0.00644	0.00213	0.00415	0.68553	0.00435	0.00429
26	0.01762	0.01766	0.01368	0.01145	0.01454	0.40600	0.00900	0.39396	0.03673	0.02059	0.00954	0.01010	0.00722	0.00529	0.00449	0.00132	0.00677	0.00368	0.00360	0.00676
27	0.01095	0.00998	0.01525	0.02019	0.44907	0.05255	0.05160	0.01337	0.01097	0.04633	0.04312	0.07643	0.03757	0.00661	0.00506	0.00153	0.00516	0.10670	0.00307	0.03448
28	0.03592	0.41950	0.18939	0.01120	0.07326	0.01497	0.01056	0.02737	0.05658	0.01343	0.00882	0.01047	0.01935	0.00492	0.00475	0.00131	0.07619	0.01335	0.00234	0.00631
29	0.01163	0.01392	0.08995	0.01095	0.01349	0.23743	0.07953	0.02952	0.10799	0.01482	0.13781	0.01874	0.08818	0.00690	0.00620	0.00152	0.10556	0.01693	0.00332	0.00563
30	0.01056	0.00986	0.04411	0.00769	0.01190	0.03553	0.00643	0.06173	0.01070	0.01612	0.00853	0.00984	0.00697	0.00372	0.00364	0.00080	0.00392	0.00292	0.00287	0.74215
31	0.00819	0.00410	0.00614	0.00614	0.00614	0.00410	0.00410	0.00614	0.00614	0.00819	0.00819	0.01433	0.00819	0.01638	0.01843	0.86282	0.00410	0.00410	0.00205	0.00205
32	0.01075	0.00902	0.00976	0.00880	0.01115	0.01017	0.00682	0.04099	0.60212	0.01971	0.18300	0.02150	0.03141	0.00713	0.00497	0.00157	0.00344	0.00603	0.00487	0.00680
33	0.00571	0.00436	0.00526	0.00593	0.00668	0.00390	0.00411	0.00670	0.00975	0.01248	0.05641	0.53759	0.29686	0.01365	0.00585	0.00179	0.00260	0.01207	0.00440	0.00390
34	0.00989	0.02170	0.64538	0.01531	0.10199	0.01107	0.06639	0.01530	0.04137	0.01518	0.00900	0.01061	0.00654	0.00449	0.00458	0.00149	0.00676	0.00377	0.00216	0.00700
35	0.01054	0.00956	0.01383	0.03972	0.34434	0.00847	0.00953	0.01297	0.01017	0.01529	0.00859	0.01065	0.00717	0.00382	0.00402	0.00102	0.00446	0.00342	0.00258	0.47987
36	0.00818	0.00493	0.03807	0.00640	0.00670	0.00439	0.00460	0.00656	0.00643	0.00866	0.02188	0.01492	0.00894	0.03572	0.01779	0.79301	0.00419	0.00421	0.00212	0.00230
37	0.01032	0.01032	0.01444	0.01238	0.01238	0.01444	0.01032	0.01135	0.00722	0.01135	0.00619	0.01032	0.00619	0.00825	0.01547	0.00206	0.82567	0.00413	0.00206	0.00516
38	0.00657	0.00488	0.00557	0.00542	0.00685	0.00424	0.00406	0.00810	0.01160	0.04640	0.29509	0.09303	0.46901	0.01112	0.00557	0.00157	0.00242	0.00950	0.00471	0.00429
39	0.02356	0.00979	0.01590	0.42799	0.33231	0.01105	0.01313	0.04690	0.03057	0.01444	0.00890	0.01217	0.00701	0.00466	0.00489	0.00151	0.02236	0.00420	0.00238	0.00628
40	0.01339	0.00783	0.00940	0.00797	0.01051	0.00781	0.00633	0.09869	0.17969	0.26686	0.22314	0.03393	0.08324	0.00766	0.00508	0.00152	0.00348	0.02178	0.00517	0.00654
41	0.01761	0.01217	0.01236	0.00985	0.01307	0.11084	0.00798	0.41527	0.01740	0.21501	0.01276	0.01265	0.00896	0.00582	0.00501	0.01542	0.02290	0.00422	0.07344	0.00725
42	0.00665	0.00451	0.00532	0.00560	0.00570	0.00445	0.00339	0.00692	0.00749	0.00997	0.01765	0.20140	0.02055	0.62491	0.01943	0.00390	0.00417	0.04160	0.00324	0.00313
43	0.00881	0.00826	0.01389	0.79966	0.03174	0.01029	0.01285	0.01189	0.00942	0.01205	0.00888	0.03593	0.00700	0.00500	0.00475	0.00158	0.00618	0.00445	0.00216	0.00520
44	0.01118	0.01155	0.04991	0.07161	0.57611	0.03496	0.08251	0.01404	0.01062	0.01479	0.00985	0.03574	0.00863	0.02231	0.00522	0.00153	0.00586	0.02427	0.00243	0.00688
45	0.04957	0.00869	0.03532	0.00900	0.01218	0.00792	0.08515	0.08917	0.03609	0.37598	0.04463	0.01729	0.03362	0.00594	0.00458	0.00143	0.00417	0.02022	0.15228	0.00675
46	0.66883	0.01007	0.00863	0.04849	0.04259	0.05754	0.00635	0.04687	0.00934	0.05453	0.00751	0.00863	0.00572	0.00453	0.00331	0.00145	0.00422	0.00289	0.00303	0.00548
47	0.00641	0.00473	0.00572	0.00576	0.00657	0.00464	0.00404	0.00747	0.00900	0.01196	0.10184	0.08762	0.24528	0.25494	0.19878	0.00384	0.00540	0.00788	0.02435	0.00375
48	0.00820	0.00701	0.00877	0.00802	0.00900	0.02144	0.00638	0.02623	0.00977	0.02905	0.11411	0.02800	0.26482	0.04032	0.10826	0.01617	0.24653	0.03988	0.00348	0.00455
49	0.00772	0.00496	0.00640	0.00620	0.00740	0.00460	0.00472	0.00973	0.01232	0.06783	0.51624	0.11833	0.06240	0.00993	0.00544	0.00155	0.00256	0.06893	0.07816	0.00458

[dist]
# distance from previous block
# <min> <max>
0	1

[block]
# block no. 5 follows, 54 sequences, length 49
# corresponding to MSA columns:
# 369,371-418
name=unknown_F
#
# <colnr> <probs for GDERKNQSTAVLIFYWHMCP>
#	G	D	E	R	K	N	Q	S	T	A	V	L	I	F	Y	W	H	M	C	P
0	0.01151	0.08144	0.01321	0.02185	0.05957	0.09653	0.04125	0.05188	0.03859	0.01529	0.00866	0.01010	0.00712	0.00410	0.00412	0.00098	0.02509	0.00322	0.00278	0.50273
1	0.01031	0.18941	0.54945	0.01300	0.04972	0.02444	0.04803	0.01464	0.01011	0.01423	0.03021	0.01033	0.00717	0.00450	0.00426	0.00139	0.00645	0.00354	0.00212	0.00668
2	0.01221	0.24512	0.28434	0.01150	0.03902	0.10710	0.01161	0.05999	0.01075	0.04437	0.00841	0.01001	0.00674	0.00659	0.05105	0.00171	0.07731	0.00342	0.00240	0.00634
3	0.01516	0.00785	0.00978	0.00795	0.01069	0.00773	0.03612	0.10877	0.10300	0.33261	0.02787	0.01631	0.01199	0.00575	0.00433	0.00136	0.00367	0.00473	0.27764	0.00669
4	0.00562	0.00478	0.00484	0.00482	0.00640	0.00400	0.00362	0.00685	0.01085	0.01298	0.07787	0.04497	0.77271	0.01185	0.00557	0.00159	0.00238	0.00989	0.00441	0.00400
5	0.01114	0.01191	0.13025	0.04195	0.04389	0.01103	0.00922	0.03239	0.54619	0.03057	0.03223	0.01749	0.04832	0.00625	0.00479	0.00157	0.00432	0.00521	0.00418	0.00711
6	0.00644	0.00465	0.00624	0.00727	0.00793	0.00445	0.00556	0.00780	0.00983	0.01287	0.02691	0.48644	0.07603	0.01393	0.00618	0.00199	0.00333	0.30374	0.00436	0.00403
7	0.00978	0.00838	0.00978	0.00698	0.01117	0.00629	0.00559	0.01187	0.00978	0.01536	0.00838	0.00978	0.00698	0.00349	0.00349	0.00070	0.00349	0.00279	0.00279	0.86312
8	0.01127	0.08384	0.37841	0.03950	0.17029	0.05944	0.02483	0.02760	0.02494	0.04397	0.00894	0.01050	0.00679	0.00442	0.00433	0.00135	0.00611	0.00360	0.00241	0.08747
9	0.01087	0.01289	0.17293	0.11846	0.37083	0.02507	0.02441	0.01435	0.03278	0.04814	0.06273	0.01349	0.00995	0.00589	0.02948	0.00166	0.03229	0.00442	0.00264	0.00669
10	0.01095	0.01058	0.08142	0.06938	0.07974	0.00869	0.06712	0.05052	0.08548	0.05371	0.03571	0.01230	0.00908	0.00444	0.00422	0.00113	0.00459	0.00386	0.00311	0.40398
11	0.00557	0.00478	0.00478	0.00478	0.00637	0.00398	0.00358	0.00677	0.01075	0.01274	0.04776	0.04538	0.80297	0.01194	0.00557	0.00159	0.00239	0.00995	0.00438	0.00398
12	0.01441	0.01396	0.11817	0.01503	0.18692	0.04464	0.02455	0.34928	0.12190	0.03433	0.01146	0.01214	0.00852	0.00523	0.00466	0.00144	0.00543	0.00427	0.01616	0.00750
13	0.86760	0.00912	0.00693	0.00620	0.00912	0.01058	0.00511	0.01386	0.00802	0.02115	0.00657	0.00766	0.00511	0.00438	0.00292	0.00146	0.00365	0.00255	0.00292	0.00511
14	0.00978	0.00838	0.00978	0.00698	0.01117	0.00629	0.00559	0.01187	0.00978	0.01536	0.00838	0.00978	0.00698	0.00349	0.00349	0.00070	0.00349	0.00279	0.00279	0.86312
15	0.01455	0.52093	0.02030	0.00965	0.01306	0.32789	0.00847	0.01595	0.01105	0.01127	0.00684	0.00793	0.00606	0.00435	0.00350	0.00109	0.00639	0.00272	0.00218	0.00582
16	0.00686	0.00524	0.00677	0.00703	0.00810	0.00483	0.00517	0.00813	0.00952	0.01308	0.05205	0.50186	0.04508	0.02393	0.00621	0.00177	0.02956	0.11602	0.00405	0.14475
17	0.01424	0.29268	0.10330	0.01096	0.04893	0.11874	0.02454	0.17757	0.04463	0.07067	0.01017	0.03348	0.00828	0.00519	0.00414	0.00130	0.00562	0.01578	0.00313	0.00666
18	0.00741	0.00629	0.00901	0.01200	0.21570	0.00597	0.00700	0.00896	0.01008	0.01322	0.02791	0.28265	0.26970	0.02447	0.02278	0.00186	0.00372	0.06263	0.00378	0.00486
19	0.00986	0.04855	0.59118	0.01456	0.02080	0.01128	0.18986	0.01477	0.01019	0.01478	0.00900	0.02760	0.00677	0.00457	0.00471	0.00151	0.00704	0.00413	0.00213	0.00674
20	0.26923	0.10053	0.05002	0.01030	0.02905	0.39382	0.00831	0.02990	0.01116	0.02554	0.00728	0.00849	0.00592	0.00472	0.00408	0.00131	0.02919	0.00296	0.00259	0.00560
21	0.01151	0.01104	0.01886	0.07396	0.76109	0.01116	0.01439	0.01433	0.01066	0.01521	0.00884	0.01172	0.00740	0.00423	0.00467	0.00141	0.00564	0.00420	0.00232	0.00734
22	0.03125	0.11184	0.54050	0.01255	0.01809	0.01161	0.06366	0.02665	0.01003	0.01462	0.00953	0.03487	0.00785	0.00530	0.00500	0.00151	0.04376	0.04261	0.00227	0.00650
23	0.00686	0.00457	0.00514	0.00514	0.00514	0.00457	0.00286	0.00686	0.00686	0.00914	0.01486	0.03086	0.01714	0.83430	0.02400	0.00457	0.00457	0.00686	0.00286	0.00286
24	0.00738	0.00537	0.00752	0.00729	0.00827	0.00588	0.01755	0.02827	0.02384	0.02456	0.06137	0.06252	0.04508	0.11863	0.52413	0.00573	0.00937	0.00603	0.02690	0.00430
25	0.00753	0.00489	0.00602	0.00565	0.00694	0.00449	0.00427	0.00960	0.01247	0.05387	0.54552	0.03286	0.13500	0.00910	0.00517	0.00144	0.00232	0.00788	0.14044	0.00454
26	0.01070	0.00922	0.01031	0.00991	0.05117	0.01047	0.00727	0.02088	0.58527	0.01828	0.08226	0.02066	0.06520	0.03885	0.00604	0.00171	0.03472	0.00583	0.00450	0.00674
27	0.00636	0.00474	0.00592	0.00577	0.00689	0.00429	0.00427	0.00824	0.01240	0.01700	0.57558	0.11645	0.19348	0.01061	0.00561	0.00155	0.00231	0.00929	0.00495	0.00429
28	0.01128	0.00992	0.01198	0.01323	0.17119	0.01103	0.00870	0.02151	0.57242	0.01832	0.01864	0.01904	0.04943	0.00646	0.00487	0.00158	0.00407	0.03489	0.00427	0.00719
29	0.00579	0.00478	0.00509	0.00512	0.00659	0.00409	0.00386	0.00713	0.01100	0.01350	0.13590	0.06975	0.65865	0.01180	0.00562	0.00161	0.00245	0.03874	0.00447	0.00404
30	0.01761	0.02247	0.01336	0.01215	0.01458	0.81537	0.00911	0.01883	0.01336	0.01154	0.00729	0.00850	0.00607	0.00486	0.00425	0.00121	0.00850	0.00304	0.00243	0.00547
31	0.12719	0.08090	0.01544	0.01553	0.21031	0.39302	0.04093	0.01637	0.01145	0.01387	0.00759	0.00932	0.00634	0.00463	0.00445	0.00132	0.02959	0.00335	0.00243	0.00599
32	0.01025	0.00972	0.04441	0.12045	0.16861	0.00990	0.08177	0.08414	0.12368	0.01598	0.02696	0.15765	0.02761	0.00743	0.00569	0.00164	0.04686	0.04775	0.00339	0.00608
33	0.00998	0.04221	0.76126	0.01312	0.01990	0.01097	0.01680	0.01522	0.01008	0.04540	0.00881	0.01014	0.00619	0.00452	0.00446	0.00148	0.00681	0.00351	0.00214	0.00699
34	0.01136	0.02751	0.11154	0.07132	0.32403	0.03565	0.20447	0.03784	0.08203	0.01562	0.01066	0.01283	0.02387	0.00462	0.00486	0.00148	0.00621	0.00461	0.00262	0.00686
35	0.01137	0.00609	0.00787	0.00682	0.00877	0.00560	0.00529	0.01397	0.05603	0.26094	0.46441	0.02852	0.05619	0.03954	0.00596	0.00160	0.00295	0.00717	0.00525	0.00564
36	0.01198	0.05055	0.03591	0.11085	0.35975	0.13849	0.02656	0.01502	0.06070	0.01416	0.00900	0.01132	0.00740	0.00489	0.00509	0.02729	0.02292	0.00389	0.00248	0.08176
37	0.00655	0.00473	0.00619	0.00602	0.00702	0.00437	0.00444	0.00859	0.01278	0.01801	0.70047	0.13972	0.04274	0.01031	0.00562	0.00154	0.00229	0.00917	0.00508	0.00437
38	0.00916	0.00858	0.01443	0.68385	0.13043	0.01029	0.01288	0.01221	0.00977	0.01279	0.04462	0.01349	0.00818	0.00487	0.00475	0.00155	0.00601	0.00439	0.00227	0.00549
39	0.00879	0.00439	0.00439	0.00439	0.00549	0.00439	0.00330	0.01099	0.00989	0.01758	0.01538	0.01758	0.01209	0.00549	0.00330	0.00110	0.00220	0.00439	0.86047	0.00439
40	0.00964	0.00864	0.01417	0.52837	0.16788	0.00996	0.02478	0.01298	0.04491	0.03487	0.02277	0.05320	0.02517	0.00543	0.00480	0.00155	0.00565	0.00491	0.01462	0.00572
41	0.00569	0.00461	0.00505	0.00530	0.00653	0.00397	0.00384	0.00685	0.01047	0.01295	0.08960	0.24399	0.55969	0.01251	0.00568	0.00167	0.00247	0.01074	0.00443	0.00397
42	0.01000	0.02428	0.01428	0.05764	0.01352	0.02645	0.04521	0.01132	0.00769	0.01145	0.00735	0.01185	0.00708	0.03494	0.08872	0.00257	0.61410	0.00432	0.00215	0.00508
43	0.01022	0.01024	0.01490	0.01260	0.01289	0.01396	0.05244	0.01143	0.00745	0.01154	0.00663	0.01077	0.00647	0.00910	0.04685	0.00226	0.74874	0.00424	0.00210	0.00519
44	0.00802	0.04749	0.00800	0.10333	0.00982	0.00582	0.00547	0.00774	0.00743	0.00987	0.01247	0.04689	0.06342	0.05316	0.10661	0.46482	0.00519	0.00501	0.02627	0.00318
45	0.04163	0.06738	0.01304	0.00969	0.01307	0.03292	0.00796	0.39508	0.18881	0.12192	0.01505	0.01440	0.04583	0.00596	0.00460	0.00144	0.00462	0.00461	0.00456	0.00743
46	0.01398	0.01200	0.01160	0.03051	0.03674	0.14699	0.00790	0.10459	0.37084	0.09954	0.01475	0.01484	0.01118	0.03619	0.00530	0.00154	0.00486	0.00458	0.00414	0.06795
47	0.10752	0.36043	0.10886	0.01005	0.03691	0.16265	0.00915	0.07298	0.03486	0.01459	0.00887	0.01024	0.02339	0.00478	0.00374	0.00124	0.00567	0.01539	0.00257	0.00611
48	0.00919	0.00893	0.05851	0.00838	0.03273	0.03088	0.02283	0.03591	0.05030	0.01544	0.07959	0.09027	0.10142	0.00735	0.02150	0.00135	0.00401	0.04053	0.00344	0.37743

[dist]
# distance from previous block
# <min> <max>
9	15

[block]
# block no. 6 follows, 54 sequences, length 14
# corresponding to MSA columns:
# 434-447
name=unknown_G
#
# <colnr> <probs for GDERKNQSTAVLIFYWHMCP>
#	G	D	E	R	K	N	Q	S	T	A	V	L	I	F	Y	W	H	M	C	P
0	0.01032	0.05616	0.07726	0.01063	0.06827	0.00845	0.09215	0.01301	0.01969	0.03083	0.01920	0.02246	0.00812	0.00421	0.00419	0.00102	0.01839	0.01295	0.00275	0.51993
1	0.04168	0.02454	0.01219	0.02838	0.03915	0.04073	0.01878	0.27227	0.13345	0.14524	0.05011	0.04389	0.02629	0.00629	0.00501	0.00145	0.02844	0.01800	0.00435	0.05979
2	0.01025	0.11730	0.56076	0.02895	0.03856	0.01181	0.03932	0.04960	0.03867	0.01527	0.02038	0.01145	0.02776	0.00479	0.00442	0.00144	0.00635	0.00380	0.00234	0.00677
3	0.01167	0.00776	0.00942	0.00712	0.01072	0.00612	0.00567	0.01363	0.01064	0.17710	0.04470	0.06775	0.01127	0.00504	0.00400	0.00098	0.00346	0.00419	0.02860	0.57016
4	0.00576	0.00447	0.00527	0.00583	0.00674	0.00397	0.00414	0.00684	0.00999	0.01265	0.06274	0.43404	0.36823	0.01330	0.00582	0.00177	0.00262	0.03746	0.00440	0.00393
5	0.00685	0.00491	0.00579	0.00576	0.00609	0.00492	0.00362	0.00722	0.00760	0.01020	0.01814	0.15308	0.07143	0.56820	0.03705	0.00378	0.03825	0.00776	0.00315	0.03619
6	0.22897	0.05626	0.08098	0.00787	0.01190	0.00927	0.00705	0.08391	0.01074	0.07777	0.00886	0.00975	0.00681	0.00421	0.00361	0.00110	0.00412	0.00306	0.00312	0.38064
7	0.02847	0.12407	0.44921	0.04784	0.01732	0.02838	0.04079	0.03558	0.03281	0.01537	0.10844	0.01391	0.02747	0.00530	0.00448	0.00143	0.00586	0.00427	0.00265	0.00635
8	0.04511	0.40129	0.08059	0.00973	0.01354	0.03899	0.09302	0.05253	0.05433	0.04575	0.00932	0.01128	0.00783	0.05784	0.00507	0.00142	0.00529	0.00362	0.02660	0.03685
9	0.01407	0.01297	0.13186	0.05648	0.13008	0.05035	0.12237	0.11856	0.05769	0.18963	0.01235	0.03814	0.00918	0.00525	0.00479	0.00146	0.00566	0.00467	0.00358	0.03085
10	0.01331	0.06809	0.19951	0.00957	0.01401	0.04567	0.00935	0.12017	0.01231	0.16441	0.01123	0.04361	0.00862	0.00500	0.00423	0.00122	0.00493	0.00393	0.00343	0.25741
11	0.05174	0.00956	0.10226	0.01123	0.13527	0.00782	0.02973	0.03693	0.07619	0.06323	0.14423	0.02516	0.21486	0.00755	0.00496	0.00149	0.00400	0.02540	0.00384	0.04455
12	0.00872	0.00997	0.12375	0.01056	0.10131	0.06575	0.00798	0.06773	0.01101	0.01438	0.04086	0.36126	0.13767	0.01013	0.00534	0.00165	0.00421	0.00885	0.00370	0.00517
13	0.03624	0.17966	0.12429	0.01167	0.07113	0.13722	0.06043	0.03667	0.05523	0.06791	0.04223	0.04478	0.01059	0.00554	0.00436	0.00135	0.00557	0.03868	0.00301	0.06346

[dist]
# distance from previous block
# <min> <max>
0	24

# created by:
# /st0/software/busco_prod/Augustus/scripts/msa2prfl.pl ./align_prep/94759.fa
