[name]
unknown

[dist]
# distance from previous block
# <min> <max>
16	75

[block]
# block no. 0 follows, 60 sequences, length 25
# corresponding to MSA columns:
# 112-125,129-139
name=unknown_A
#
# <colnr> <probs for GDERKNQSTAVLIFYWHMCP>
#	G	D	E	R	K	N	Q	S	T	A	V	L	I	F	Y	W	H	M	C	P
0	0.03142	0.00982	0.08095	0.02198	0.16129	0.00862	0.04760	0.08884	0.09601	0.11780	0.07421	0.01535	0.04276	0.00528	0.00444	0.00128	0.01557	0.02630	0.00340	0.14710
1	0.02613	0.00984	0.03111	0.06019	0.25407	0.05362	0.00884	0.10402	0.10366	0.04668	0.05670	0.01477	0.07470	0.00515	0.00424	0.00125	0.00437	0.00438	0.00315	0.13311
2	0.02349	0.05209	0.06115	0.02695	0.09720	0.05312	0.00793	0.22967	0.06417	0.05147	0.04016	0.06841	0.07772	0.01562	0.00466	0.00132	0.01896	0.00481	0.00343	0.09768
3	0.09064	0.00934	0.01066	0.00991	0.09547	0.04317	0.00713	0.20301	0.08093	0.20073	0.06157	0.02646	0.04804	0.00547	0.00420	0.00128	0.00401	0.00440	0.00397	0.08962
4	0.07415	0.01058	0.01246	0.04593	0.03235	0.07490	0.08701	0.25802	0.09979	0.07283	0.02158	0.02364	0.02603	0.00648	0.04285	0.00160	0.03991	0.00421	0.00347	0.06223
5	0.01194	0.01104	0.01376	0.05933	0.30775	0.11686	0.04045	0.16271	0.06055	0.03779	0.01344	0.01458	0.09978	0.00589	0.02371	0.00146	0.00525	0.00450	0.00302	0.00619
6	0.23577	0.00850	0.00886	0.00749	0.00987	0.00930	0.00594	0.17469	0.13169	0.05009	0.04068	0.06001	0.02891	0.06808	0.00588	0.00157	0.05467	0.00447	0.00352	0.09001
7	0.04590	0.01388	0.01153	0.01034	0.02462	0.36326	0.00797	0.10747	0.01154	0.01379	0.09707	0.04549	0.01071	0.00619	0.00669	0.00140	0.21011	0.00414	0.00279	0.00512
8	0.02869	0.00811	0.00939	0.00846	0.05938	0.03543	0.00626	0.10411	0.11813	0.23095	0.02518	0.01380	0.01020	0.00607	0.03595	0.00142	0.00392	0.00406	0.17324	0.11726
9	0.00678	0.00475	0.00612	0.00654	0.04656	0.00432	0.00445	0.00821	0.01045	0.06327	0.32120	0.23334	0.21414	0.04262	0.00583	0.00160	0.00255	0.00884	0.00426	0.00416
10	0.00730	0.00565	0.00778	0.00757	0.00857	0.00566	0.06044	0.11633	0.01014	0.01357	0.02107	0.63815	0.03814	0.01163	0.00556	0.00168	0.02210	0.01048	0.00391	0.00427
11	0.05984	0.00508	0.00610	0.00563	0.00692	0.00489	0.00429	0.04756	0.01223	0.01760	0.65927	0.03077	0.10624	0.00863	0.00496	0.00138	0.00229	0.00747	0.00458	0.00428
12	0.01587	0.01774	0.01262	0.01094	0.01334	0.55776	0.00847	0.22077	0.01405	0.01501	0.00763	0.00866	0.00609	0.00492	0.00481	0.00123	0.06850	0.00317	0.00277	0.00565
13	0.01041	0.00856	0.01105	0.00864	0.03541	0.02201	0.08003	0.08324	0.02364	0.06456	0.01031	0.06122	0.01899	0.00441	0.00381	0.00095	0.00387	0.00382	0.00300	0.54206
14	0.00979	0.00920	0.01471	0.12689	0.56278	0.02559	0.01139	0.01220	0.00978	0.01363	0.01245	0.01461	0.09647	0.00482	0.00433	0.00132	0.00480	0.00446	0.05472	0.00608
15	0.00974	0.01089	0.02345	0.01702	0.02098	0.01020	0.71544	0.01310	0.01008	0.01366	0.01050	0.10358	0.00907	0.00478	0.00519	0.00150	0.00682	0.00595	0.00241	0.00562
16	0.04280	0.00864	0.01434	0.53745	0.28919	0.00992	0.01224	0.01195	0.00907	0.01249	0.00784	0.01118	0.00613	0.00419	0.00428	0.00140	0.00551	0.00382	0.00204	0.00552
17	0.83738	0.00849	0.00673	0.00600	0.00857	0.00995	0.00495	0.01271	0.00739	0.01915	0.00606	0.00720	0.00477	0.00421	0.00324	0.00138	0.04202	0.00243	0.00266	0.00473
18	0.01629	0.02079	0.01236	0.01124	0.01348	0.82921	0.00843	0.01742	0.01236	0.01067	0.00674	0.00787	0.00562	0.00449	0.00393	0.00112	0.00787	0.00281	0.00225	0.00506
19	0.00912	0.00787	0.00944	0.00739	0.04745	0.00602	0.00554	0.01109	0.00908	0.01421	0.00777	0.00912	0.00648	0.00326	0.00328	0.00068	0.00332	0.00264	0.00256	0.83364
20	0.00573	0.00404	0.00515	0.00582	0.00640	0.00368	0.00400	0.00666	0.00899	0.03359	0.08287	0.64149	0.15002	0.01271	0.00544	0.00169	0.00248	0.01138	0.00414	0.00371
21	0.00530	0.00384	0.00501	0.00595	0.00629	0.00355	0.00399	0.00609	0.00847	0.01118	0.02553	0.78470	0.08707	0.01347	0.00554	0.00175	0.00251	0.01216	0.00405	0.00355
22	0.01078	0.01042	0.01801	0.02645	0.78910	0.01039	0.04356	0.01341	0.00994	0.01424	0.00823	0.01083	0.00690	0.00388	0.00435	0.00130	0.00526	0.00393	0.00216	0.00687
23	0.01197	0.00840	0.01007	0.00842	0.01015	0.00949	0.00664	0.29795	0.01232	0.10217	0.01152	0.01639	0.01016	0.20214	0.11013	0.00278	0.14253	0.01795	0.00342	0.00540
24	0.00530	0.00444	0.00462	0.00461	0.00603	0.00376	0.00349	0.00651	0.01016	0.01233	0.11360	0.04132	0.72569	0.01088	0.00518	0.00148	0.00224	0.03051	0.00412	0.00373

[dist]
# distance from previous block
# <min> <max>
0	1

[block]
# block no. 1 follows, 60 sequences, length 8
# corresponding to MSA columns:
# 141-148
name=unknown_B
#
# <colnr> <probs for GDERKNQSTAVLIFYWHMCP>
#	G	D	E	R	K	N	Q	S	T	A	V	L	I	F	Y	W	H	M	C	P
0	0.04042	0.01612	0.01202	0.06775	0.02905	0.49527	0.00835	0.12859	0.03581	0.06815	0.03559	0.01010	0.00765	0.00488	0.00428	0.00123	0.02287	0.00341	0.00289	0.00558
1	0.00705	0.00460	0.00583	0.00552	0.00671	0.00418	0.00414	0.00883	0.01154	0.07724	0.55050	0.10904	0.13798	0.00924	0.00505	0.00141	0.00225	0.00808	0.03656	0.00425
2	0.01017	0.00777	0.00915	0.00675	0.01040	0.00617	0.00539	0.03588	0.03351	0.08959	0.00957	0.03893	0.00787	0.00393	0.00349	0.00080	0.00330	0.00320	0.00300	0.71113
3	0.00713	0.00388	0.00567	0.00578	0.00592	0.00388	0.00392	0.00591	0.00624	0.00832	0.01110	0.10600	0.04124	0.01617	0.07710	0.67800	0.00419	0.00501	0.00225	0.00230
4	0.00990	0.02026	0.68283	0.01246	0.01845	0.00985	0.07818	0.01453	0.00961	0.09076	0.00880	0.00995	0.00611	0.00423	0.00425	0.00139	0.00626	0.00349	0.00221	0.00649
5	0.00619	0.00451	0.00612	0.00612	0.00670	0.00495	0.00442	0.00723	0.00699	0.00971	0.01451	0.02242	0.06643	0.28962	0.51812	0.00576	0.00868	0.00551	0.00255	0.00348
6	0.04179	0.22322	0.11705	0.13202	0.01562	0.08658	0.00936	0.25028	0.01282	0.03372	0.03291	0.01003	0.00733	0.00460	0.00387	0.00123	0.00525	0.00341	0.00285	0.00605
7	0.01115	0.50613	0.22911	0.00991	0.01435	0.03945	0.08544	0.01372	0.00930	0.03548	0.00713	0.00828	0.00583	0.00391	0.00345	0.00112	0.00545	0.00290	0.00201	0.00588

[dist]
# distance from previous block
# <min> <max>
0	1

[block]
# block no. 2 follows, 60 sequences, length 170
# corresponding to MSA columns:
# 150-319
name=unknown_C
#
# <colnr> <probs for GDERKNQSTAVLIFYWHMCP>
#	G	D	E	R	K	N	Q	S	T	A	V	L	I	F	Y	W	H	M	C	P
0	0.00531	0.00442	0.00465	0.00472	0.00610	0.00377	0.00357	0.00650	0.01002	0.01216	0.08875	0.07604	0.69979	0.01108	0.00521	0.00150	0.00230	0.04628	0.00409	0.00372
1	0.00600	0.00461	0.00568	0.00575	0.02155	0.00423	0.00414	0.00794	0.03289	0.01513	0.47454	0.13121	0.25044	0.00989	0.00516	0.00145	0.00225	0.00863	0.00445	0.00406
2	0.00985	0.00773	0.00913	0.00656	0.01040	0.00586	0.00526	0.01177	0.00931	0.07647	0.00848	0.00949	0.00679	0.00340	0.00332	0.00070	0.00327	0.00272	0.00280	0.80669
3	0.01166	0.84935	0.02285	0.00746	0.01119	0.01726	0.00746	0.01306	0.00886	0.01026	0.00606	0.00700	0.00560	0.00373	0.00280	0.00093	0.00466	0.00233	0.00187	0.00560
4	0.00623	0.00467	0.00701	0.00701	0.00779	0.00545	0.00545	0.00779	0.00701	0.01012	0.01168	0.01713	0.01090	0.03271	0.82944	0.00701	0.01168	0.00467	0.00234	0.00389
5	0.00684	0.00712	0.09211	0.00756	0.00954	0.00547	0.09286	0.00933	0.01168	0.01644	0.60602	0.02837	0.07331	0.00796	0.00504	0.00139	0.00310	0.00717	0.00417	0.00453
6	0.00672	0.00493	0.00657	0.00695	0.00811	0.00468	0.00579	0.00866	0.01061	0.01427	0.25323	0.06072	0.07850	0.01068	0.00557	0.00172	0.00326	0.45755	0.00417	0.04731
7	0.83465	0.00862	0.00674	0.00595	0.00869	0.00997	0.00490	0.05228	0.00807	0.01996	0.00629	0.00725	0.00486	0.00411	0.00278	0.00135	0.00344	0.00244	0.00278	0.00486
8	0.01067	0.00917	0.01536	0.28938	0.28952	0.00962	0.10151	0.04185	0.02945	0.08508	0.00955	0.02947	0.00748	0.00443	0.00441	0.00135	0.00530	0.00421	0.00257	0.04962
9	0.03642	0.00962	0.01062	0.04437	0.01255	0.01101	0.02458	0.11219	0.63337	0.03137	0.01595	0.01502	0.01188	0.00566	0.00439	0.00145	0.00379	0.00469	0.00424	0.00680
10	0.01151	0.00882	0.00936	0.00816	0.01059	0.02907	0.00645	0.15576	0.39735	0.08624	0.04364	0.03289	0.12883	0.00686	0.00458	0.00144	0.00358	0.03216	0.01645	0.00626
11	0.04475	0.00438	0.00431	0.00423	0.00536	0.00446	0.00320	0.02301	0.00926	0.01658	0.01383	0.01578	0.01085	0.00504	0.00306	0.00103	0.00213	0.00399	0.82062	0.00415
12	0.01376	0.00623	0.00802	0.00663	0.00913	0.00544	0.00530	0.01550	0.02598	0.48333	0.12060	0.05693	0.20923	0.00752	0.00471	0.00140	0.00310	0.00630	0.00493	0.00596
13	0.00531	0.00380	0.00506	0.00607	0.00633	0.00354	0.00405	0.00607	0.00835	0.01113	0.02404	0.84388	0.02885	0.01366	0.00557	0.00177	0.00253	0.01240	0.00405	0.00354
14	0.00632	0.00430	0.00511	0.00511	0.00523	0.00442	0.00308	0.00657	0.00645	0.00872	0.01342	0.02675	0.01508	0.71871	0.14914	0.00467	0.00540	0.00608	0.00259	0.00284
15	0.00531	0.00383	0.00503	0.00598	0.00630	0.00355	0.00401	0.00608	0.00844	0.01117	0.02512	0.80085	0.07118	0.01352	0.00554	0.00176	0.00251	0.01223	0.00405	0.00355
16	0.01658	0.01222	0.01309	0.01003	0.01353	0.01353	0.00829	0.80497	0.02051	0.02749	0.01047	0.01047	0.00742	0.00524	0.00436	0.00131	0.00480	0.00393	0.00436	0.00742
17	0.00548	0.00412	0.00510	0.00572	0.00638	0.00378	0.00399	0.00666	0.02320	0.01200	0.09832	0.55644	0.21293	0.01247	0.00542	0.00167	0.00246	0.02603	0.00412	0.00369
18	0.00891	0.00823	0.01389	0.67087	0.17681	0.00976	0.01225	0.01174	0.00901	0.02596	0.00800	0.01153	0.00611	0.00429	0.00435	0.00142	0.00566	0.00389	0.00204	0.00527
19	0.00623	0.00467	0.00701	0.00701	0.00779	0.00545	0.00545	0.00779	0.00701	0.01012	0.01168	0.01713	0.01090	0.03271	0.82944	0.00701	0.01168	0.00467	0.00234	0.00389
20	0.00947	0.00942	0.01316	0.01129	0.01129	0.01314	0.00938	0.01040	0.00667	0.01045	0.00591	0.00999	0.00596	0.02746	0.01450	0.00196	0.81902	0.00388	0.00193	0.00472
21	0.01361	0.01571	0.01612	0.01300	0.01597	0.42126	0.26161	0.05073	0.06207	0.03096	0.00977	0.01186	0.02430	0.00474	0.00447	0.00130	0.00697	0.02740	0.00262	0.00553
22	0.00534	0.00381	0.00509	0.00610	0.00637	0.00357	0.00409	0.00612	0.00838	0.01116	0.02402	0.83159	0.02879	0.01364	0.00557	0.00177	0.00255	0.02442	0.00405	0.00355
23	0.01518	0.01867	0.01344	0.01438	0.17680	0.66330	0.00943	0.01660	0.01187	0.01140	0.00704	0.00846	0.00588	0.00437	0.00401	0.00116	0.00732	0.00303	0.00223	0.00543
24	0.00904	0.00775	0.00904	0.00646	0.01034	0.00581	0.00517	0.01098	0.00904	0.01421	0.00775	0.00904	0.00646	0.00323	0.00323	0.00065	0.00323	0.00258	0.00258	0.87339
25	0.01161	0.83641	0.03539	0.00754	0.01131	0.01715	0.00760	0.01307	0.00887	0.01032	0.00609	0.00703	0.00560	0.00374	0.00282	0.00094	0.00469	0.00235	0.00187	0.00561
26	0.00623	0.00467	0.00701	0.00701	0.00779	0.00545	0.00545	0.00779	0.00701	0.01012	0.01168	0.01713	0.01090	0.03271	0.82944	0.00701	0.01168	0.00467	0.00234	0.00389
27	0.00516	0.00441	0.00443	0.00445	0.00590	0.00368	0.00333	0.00626	0.00991	0.01177	0.04383	0.05605	0.80390	0.01109	0.00516	0.00148	0.00221	0.00926	0.00405	0.00368
28	0.01100	0.01088	0.01197	0.01042	0.01111	0.16347	0.00846	0.01214	0.00823	0.04662	0.00739	0.01032	0.00659	0.00746	0.03522	0.00181	0.54447	0.00370	0.08389	0.00485
29	0.04109	0.27759	0.28599	0.01098	0.01537	0.16597	0.09926	0.01442	0.00983	0.03166	0.00735	0.00862	0.00579	0.00406	0.00375	0.00120	0.00609	0.00308	0.00208	0.00582
30	0.00824	0.00775	0.01308	0.83624	0.03004	0.00969	0.01211	0.01114	0.00872	0.01114	0.00775	0.01163	0.00581	0.00436	0.00436	0.00145	0.00581	0.00388	0.00194	0.00484
31	0.00533	0.00387	0.00503	0.00592	0.00630	0.00357	0.00399	0.00615	0.00860	0.01138	0.04940	0.75230	0.09549	0.01330	0.00552	0.00173	0.00249	0.01200	0.00407	0.00357
32	0.01079	0.01036	0.01770	0.02677	0.81952	0.01036	0.01339	0.01339	0.00993	0.01425	0.00820	0.01079	0.00691	0.00389	0.00432	0.00130	0.00518	0.00389	0.00216	0.00691
33	0.01004	0.01026	0.16905	0.00998	0.04144	0.00783	0.07602	0.10153	0.03252	0.11447	0.03001	0.24901	0.05780	0.00779	0.00516	0.00151	0.03493	0.01823	0.00352	0.01891
34	0.00531	0.00381	0.00504	0.00603	0.00631	0.00355	0.00403	0.00608	0.00839	0.01115	0.02461	0.82131	0.05105	0.01359	0.00556	0.00176	0.00252	0.01231	0.00405	0.00355
35	0.82184	0.00848	0.00693	0.00656	0.03803	0.00971	0.00509	0.01308	0.00766	0.04197	0.00646	0.00744	0.00497	0.00408	0.00281	0.00135	0.00345	0.00247	0.00276	0.00488
36	0.01229	0.03109	0.01642	0.02146	0.54421	0.19513	0.02677	0.05282	0.01089	0.01390	0.00788	0.01002	0.00658	0.00418	0.00449	0.00127	0.02829	0.00363	0.00227	0.00641
37	0.01118	0.03943	0.01240	0.03154	0.10897	0.05464	0.10335	0.09554	0.02517	0.12948	0.02512	0.14414	0.01508	0.00758	0.00492	0.00154	0.00463	0.17616	0.00360	0.00554
38	0.00624	0.00463	0.00678	0.00678	0.00748	0.00533	0.00517	0.00764	0.00694	0.00996	0.01189	0.01828	0.01140	0.11423	0.74860	0.00673	0.01094	0.00484	0.00237	0.00377
39	0.01078	0.18182	0.36629	0.02941	0.01630	0.15688	0.08832	0.01442	0.04478	0.01262	0.00833	0.03582	0.00675	0.00447	0.00400	0.00127	0.00617	0.00354	0.00214	0.00587
40	0.00531	0.00380	0.00506	0.00607	0.00633	0.00354	0.00405	0.00607	0.00835	0.01113	0.02404	0.84388	0.02885	0.01366	0.00557	0.00177	0.00253	0.01240	0.00405	0.00354
41	0.00824	0.00775	0.01308	0.83624	0.03004	0.00969	0.01211	0.01114	0.00872	0.01114	0.00775	0.01163	0.00581	0.00436	0.00436	0.00145	0.00581	0.00388	0.00194	0.00484
42	0.00607	0.00445	0.00568	0.00537	0.00645	0.00407	0.00403	0.00802	0.01209	0.01689	0.73614	0.03356	0.12260	0.00914	0.00515	0.00138	0.00207	0.00803	0.00472	0.00407
43	0.00531	0.00380	0.00506	0.00607	0.00633	0.00354	0.00405	0.00607	0.00835	0.01113	0.02404	0.84388	0.02885	0.01366	0.00557	0.00177	0.00253	0.01240	0.00405	0.00354
44	0.00533	0.00381	0.00508	0.00606	0.00633	0.00356	0.00405	0.00612	0.00844	0.01127	0.04146	0.82605	0.02912	0.01356	0.00556	0.00176	0.00252	0.01230	0.00407	0.00356
45	0.00657	0.00453	0.00590	0.00556	0.00665	0.00416	0.00417	0.00853	0.01209	0.04527	0.72948	0.06945	0.06292	0.00907	0.00514	0.00139	0.00214	0.00801	0.00476	0.00419
46	0.01000	0.01114	0.02337	0.01704	0.02079	0.01092	0.67626	0.01327	0.00986	0.01351	0.00929	0.03110	0.00760	0.00458	0.00616	0.00154	0.09538	0.03026	0.00227	0.00565
47	0.00595	0.00445	0.00553	0.00526	0.00638	0.00402	0.00394	0.00781	0.01183	0.01627	0.65182	0.03459	0.20731	0.00937	0.00515	0.00139	0.00209	0.00817	0.00464	0.00402
48	0.01166	0.84935	0.02285	0.00746	0.01119	0.01726	0.00746	0.01306	0.00886	0.01026	0.00606	0.00700	0.00560	0.00373	0.00280	0.00093	0.00466	0.00233	0.00187	0.00560
49	0.00758	0.00568	0.00691	0.00655	0.00805	0.00561	0.02218	0.02439	0.15038	0.04621	0.25304	0.11506	0.21063	0.00927	0.00505	0.00151	0.00280	0.08569	0.02874	0.00465
50	0.01275	0.00980	0.01441	0.01680	0.37052	0.03890	0.05514	0.05853	0.01097	0.18158	0.01008	0.01121	0.00758	0.00415	0.00415	0.00118	0.00469	0.00376	0.00304	0.18077
51	0.01066	0.56476	0.29866	0.00917	0.01384	0.01480	0.01044	0.01332	0.00898	0.01148	0.00667	0.00776	0.00557	0.00387	0.00326	0.00109	0.00528	0.00264	0.00186	0.00589
52	0.00912	0.00777	0.00908	0.00654	0.01034	0.00595	0.00523	0.02566	0.00921	0.01437	0.00789	0.00924	0.00657	0.00390	0.02100	0.00080	0.00344	0.00265	0.00261	0.83862
53	0.00994	0.02819	0.01368	0.01140	0.01189	0.06442	0.04292	0.01132	0.02670	0.01084	0.00661	0.02143	0.00638	0.00782	0.03192	0.00193	0.68175	0.00394	0.00204	0.00487
54	0.02203	0.01135	0.01190	0.01038	0.01135	0.18103	0.00835	0.05302	0.05948	0.02344	0.03194	0.01170	0.02020	0.02617	0.05513	0.00198	0.44909	0.00398	0.00248	0.00501
55	0.01672	0.00799	0.01026	0.00800	0.01109	0.00753	0.02063	0.16335	0.02474	0.52157	0.07741	0.02959	0.01269	0.00569	0.00439	0.00132	0.00375	0.00467	0.03905	0.02955
56	0.00531	0.00382	0.00504	0.00602	0.00631	0.00355	0.00403	0.00608	0.00840	0.01115	0.02468	0.81824	0.05406	0.01358	0.00555	0.00176	0.00252	0.01230	0.00405	0.00355
57	0.01075	0.01032	0.01763	0.03940	0.80720	0.01035	0.01337	0.01335	0.00991	0.01420	0.00820	0.01081	0.00689	0.00389	0.00432	0.00130	0.00519	0.00389	0.00216	0.00688
58	0.01220	0.01306	0.01292	0.01112	0.01243	0.26130	0.03245	0.08663	0.05807	0.01267	0.00754	0.00991	0.00655	0.00732	0.04454	0.00180	0.39818	0.00366	0.00242	0.00523
59	0.00531	0.00381	0.00505	0.00604	0.00632	0.00354	0.00404	0.00608	0.00838	0.01114	0.02439	0.82981	0.04268	0.01362	0.00556	0.00177	0.00252	0.01234	0.00405	0.00354
60	0.01085	0.00937	0.00986	0.00888	0.01134	0.01085	0.00690	0.02318	0.81164	0.01824	0.01775	0.01627	0.01331	0.00592	0.00444	0.00148	0.00345	0.00493	0.00444	0.00690
61	0.00829	0.00785	0.01339	0.81650	0.02986	0.00972	0.03122	0.01121	0.00876	0.01121	0.00778	0.01163	0.00583	0.00434	0.00438	0.00145	0.00585	0.00391	0.00194	0.00487
62	0.00544	0.00448	0.00481	0.00488	0.00627	0.00386	0.00376	0.00672	0.01018	0.01245	0.11524	0.04181	0.66459	0.01094	0.00524	0.00152	0.00238	0.08756	0.00412	0.00376
63	0.00968	0.00561	0.00577	0.00521	0.00669	0.00587	0.00405	0.15190	0.02512	0.01829	0.01362	0.01523	0.01055	0.00512	0.00331	0.00108	0.00255	0.00406	0.70158	0.00471
64	0.00524	0.00407	0.00477	0.00534	0.00613	0.00360	0.00372	0.00616	0.00906	0.01142	0.03301	0.48682	0.38012	0.01250	0.00538	0.00164	0.00239	0.01098	0.00405	0.00360
65	0.00536	0.00383	0.00510	0.00604	0.00634	0.00357	0.00405	0.00618	0.00856	0.01146	0.06523	0.80175	0.02949	0.01342	0.00554	0.00175	0.00251	0.01216	0.00409	0.00357
66	0.01742	0.00777	0.00993	0.00792	0.01105	0.00733	0.00644	0.02143	0.18646	0.62955	0.01726	0.01519	0.01135	0.00550	0.00437	0.00137	0.00362	0.00450	0.02431	0.00724
67	0.01218	0.71668	0.04540	0.00810	0.01172	0.12287	0.00785	0.01365	0.00933	0.01042	0.00620	0.00718	0.00560	0.00384	0.00299	0.00097	0.00513	0.00242	0.00191	0.00555
68	0.00571	0.00409	0.00551	0.00647	0.00693	0.00389	0.00470	0.00679	0.00884	0.01172	0.04306	0.63620	0.03926	0.01315	0.00565	0.00181	0.00285	0.18563	0.00406	0.00366
69	0.01085	0.00937	0.00986	0.00888	0.01134	0.01085	0.00690	0.02318	0.81164	0.01824	0.01775	0.01627	0.01331	0.00592	0.00444	0.00148	0.00345	0.00493	0.00444	0.00690
70	0.00540	0.00392	0.00512	0.00604	0.00644	0.00364	0.00415	0.00626	0.00859	0.01130	0.02579	0.72667	0.09923	0.01334	0.00556	0.00176	0.00259	0.05659	0.00405	0.00358
71	0.00679	0.00494	0.00669	0.00755	0.00861	0.00484	0.00653	0.00869	0.01007	0.01297	0.03908	0.04804	0.12146	0.01187	0.00590	0.00193	0.00376	0.68226	0.00403	0.00398
72	0.00531	0.00380	0.00506	0.00607	0.00633	0.00354	0.00405	0.00607	0.00835	0.01113	0.02404	0.84388	0.02885	0.01366	0.00557	0.00177	0.00253	0.01240	0.00405	0.00354
73	0.01920	0.00732	0.00993	0.00764	0.01094	0.00634	0.00630	0.02090	0.01238	0.79676	0.01711	0.01489	0.01081	0.00539	0.00434	0.00134	0.00366	0.00438	0.03306	0.00732
74	0.00760	0.00391	0.00592	0.03223	0.00646	0.00398	0.00405	0.00586	0.00578	0.00769	0.00758	0.01321	0.00752	0.01481	0.01664	0.84524	0.00385	0.00379	0.00190	0.00199
75	0.01592	0.03374	0.01277	0.01036	0.01329	0.33180	0.00822	0.42085	0.07709	0.01984	0.00947	0.00982	0.00712	0.00496	0.00417	0.00124	0.00589	0.00353	0.00349	0.00642
76	0.01520	0.00781	0.00987	0.00757	0.01087	0.00695	0.00618	0.10697	0.01208	0.44102	0.02802	0.01326	0.00979	0.00677	0.06198	0.00155	0.00423	0.00393	0.00429	0.24163
77	0.00896	0.08170	0.76681	0.01208	0.01833	0.01064	0.01550	0.01376	0.00918	0.01356	0.00770	0.00905	0.00553	0.00411	0.00405	0.00135	0.00632	0.00316	0.00184	0.00638
78	0.00951	0.20148	0.63694	0.01134	0.01712	0.02555	0.01411	0.01371	0.00919	0.01299	0.00743	0.00871	0.00554	0.00406	0.00385	0.00128	0.00608	0.00302	0.00185	0.00624
79	0.01948	0.00757	0.01021	0.00783	0.01120	0.00662	0.00647	0.04464	0.01272	0.79882	0.01701	0.01471	0.01070	0.00539	0.00439	0.00135	0.00374	0.00437	0.00537	0.00742
80	0.76056	0.00830	0.00692	0.00601	0.00880	0.00932	0.00495	0.01397	0.00811	0.12904	0.00759	0.00814	0.00555	0.00423	0.00293	0.00135	0.00342	0.00264	0.00307	0.00509
81	0.01033	0.00994	0.01703	0.16363	0.65619	0.01031	0.03057	0.01298	0.00969	0.01366	0.00810	0.01094	0.00670	0.00402	0.00449	0.00134	0.01756	0.00391	0.00212	0.00650
82	0.00533	0.00444	0.00467	0.00475	0.00614	0.00378	0.00361	0.00652	0.01001	0.01210	0.07653	0.06595	0.70837	0.01109	0.00522	0.00151	0.00233	0.05985	0.00408	0.00372
83	0.00530	0.00439	0.00464	0.00464	0.00600	0.00373	0.00346	0.00652	0.01019	0.01252	0.14750	0.08005	0.67426	0.01089	0.00517	0.00147	0.00220	0.00918	0.00415	0.00373
84	0.00875	0.02256	0.82413	0.01243	0.01888	0.01013	0.01611	0.01381	0.00921	0.01381	0.00783	0.00921	0.00552	0.00414	0.00414	0.00138	0.00645	0.00322	0.00184	0.00645
85	0.01126	0.01052	0.01034	0.03600	0.03142	0.10755	0.00741	0.02132	0.64066	0.01682	0.01611	0.01629	0.01247	0.00589	0.00443	0.00145	0.00411	0.03540	0.00403	0.00651
86	0.00623	0.00467	0.00701	0.00701	0.00779	0.00545	0.00545	0.00779	0.00701	0.01012	0.01168	0.01713	0.01090	0.03271	0.82944	0.00701	0.01168	0.00467	0.00234	0.00389
87	0.01079	0.01036	0.01770	0.02677	0.81952	0.01036	0.01339	0.01339	0.00993	0.01425	0.00820	0.01079	0.00691	0.00389	0.00432	0.00130	0.00518	0.00389	0.00216	0.00691
88	0.00676	0.00547	0.00676	0.04513	0.00865	0.01871	0.04865	0.02223	0.01009	0.04696	0.05101	0.13491	0.51128	0.01009	0.00510	0.00151	0.00298	0.04242	0.01717	0.00412
89	0.00628	0.00444	0.00587	0.00591	0.00631	0.00481	0.00408	0.00707	0.00677	0.00939	0.01318	0.04365	0.01399	0.42572	0.40441	0.00545	0.00772	0.01911	0.00256	0.00328
90	0.00880	0.02221	0.79860	0.01262	0.01900	0.01016	0.04129	0.01382	0.00924	0.01382	0.00786	0.00929	0.00556	0.00413	0.00418	0.00138	0.00647	0.00328	0.00185	0.00643
91	0.01421	0.01671	0.01286	0.01273	0.10373	0.52852	0.00897	0.04741	0.05005	0.01216	0.01679	0.00936	0.00670	0.00542	0.01721	0.00136	0.12470	0.00330	0.00241	0.00538
92	0.01066	0.00993	0.01688	0.13683	0.69172	0.01017	0.01304	0.01327	0.00983	0.03382	0.00836	0.01101	0.00686	0.00399	0.00433	0.00132	0.00523	0.00390	0.00221	0.00664
93	0.05755	0.00797	0.00907	0.00657	0.01036	0.00635	0.00527	0.04400	0.00943	0.01506	0.00777	0.00899	0.00640	0.00336	0.00325	0.00071	0.00330	0.00263	0.00266	0.78928
94	0.01046	0.00771	0.00919	0.00663	0.01044	0.00589	0.00533	0.01236	0.00951	0.12265	0.00902	0.00982	0.00704	0.00352	0.00339	0.00074	0.00329	0.00283	0.00296	0.75721
95	0.01150	0.80439	0.06642	0.00773	0.01161	0.01687	0.00793	0.01310	0.00888	0.01045	0.00616	0.00712	0.00559	0.00375	0.00287	0.00096	0.00476	0.00238	0.00186	0.00564
96	0.02384	0.04645	0.00884	0.10028	0.03574	0.06267	0.00651	0.02299	0.03940	0.09025	0.01740	0.25075	0.04899	0.02548	0.02376	0.06028	0.00416	0.12421	0.00344	0.00453
97	0.00519	0.00438	0.00449	0.00455	0.00593	0.00368	0.00338	0.00629	0.00989	0.01186	0.05970	0.09450	0.74895	0.01117	0.00518	0.00149	0.00223	0.00939	0.00407	0.00368
98	0.00728	0.00545	0.00802	0.02180	0.04247	0.00546	0.02707	0.00937	0.01002	0.01309	0.02190	0.04614	0.02361	0.01139	0.00591	0.00196	0.00417	0.72683	0.00386	0.00419
99	0.02806	0.04782	0.72554	0.01220	0.03562	0.01017	0.01505	0.01385	0.00924	0.03139	0.00794	0.00924	0.00568	0.00413	0.00406	0.00135	0.00616	0.00320	0.00196	0.02734
100	0.00949	0.00907	0.01553	0.43733	0.40180	0.01004	0.02972	0.01226	0.00932	0.01267	0.00799	0.01124	0.00635	0.00412	0.00436	0.00138	0.00555	0.00391	0.00205	0.00584
101	0.05106	0.00918	0.01090	0.00969	0.07146	0.03419	0.04553	0.27572	0.05041	0.09284	0.14361	0.01818	0.10911	0.00620	0.00447	0.00132	0.00399	0.00515	0.00399	0.05301
102	0.02551	0.20227	0.58226	0.01132	0.01689	0.04500	0.03272	0.01378	0.00925	0.01302	0.00739	0.00869	0.00556	0.00405	0.00384	0.00127	0.00608	0.00304	0.00189	0.00616
103	0.01435	0.02955	0.01278	0.01097	0.06370	0.12279	0.04243	0.31897	0.20893	0.08726	0.02302	0.02495	0.00956	0.00531	0.00435	0.00133	0.00486	0.00426	0.00390	0.00673
104	0.03286	0.35890	0.01570	0.00819	0.01137	0.10256	0.00717	0.14679	0.01177	0.17522	0.01033	0.01086	0.02519	0.02038	0.04360	0.00147	0.00510	0.00339	0.00313	0.00601
105	0.00937	0.04859	0.00976	0.00660	0.01039	0.00661	0.00535	0.04127	0.00949	0.01447	0.00863	0.00978	0.02563	0.00352	0.00330	0.00070	0.00334	0.00278	0.00265	0.77777
106	0.00819	0.00761	0.01138	0.04050	0.01118	0.00986	0.05056	0.00955	0.00710	0.01054	0.00867	0.03093	0.00835	0.03408	0.30543	0.00374	0.43130	0.00444	0.00214	0.00445
107	0.01031	0.01149	0.07956	0.01434	0.01807	0.02936	0.47405	0.11491	0.02383	0.01544	0.03891	0.09022	0.04733	0.00540	0.00497	0.00146	0.00605	0.00573	0.00283	0.00574
108	0.01058	0.01038	0.01696	0.13713	0.63578	0.04308	0.04147	0.01319	0.00988	0.01365	0.00836	0.01148	0.00700	0.00411	0.00437	0.00133	0.00544	0.01721	0.00217	0.00646
109	0.00542	0.00406	0.00504	0.00569	0.00634	0.00369	0.00399	0.00642	0.00916	0.01191	0.09569	0.54083	0.22899	0.01254	0.00545	0.00167	0.00247	0.04290	0.00411	0.00365
110	0.00686	0.00485	0.00592	0.00567	0.00698	0.00445	0.00437	0.02576	0.02213	0.05418	0.44031	0.06003	0.25697	0.00964	0.00517	0.00147	0.00244	0.07406	0.00451	0.00423
111	0.04062	0.01508	0.01373	0.03121	0.03200	0.36297	0.09534	0.23297	0.02472	0.09612	0.00921	0.00994	0.00684	0.00469	0.00422	0.00126	0.00626	0.00359	0.00317	0.00608
112	0.03538	0.00758	0.01004	0.00778	0.01107	0.00678	0.00640	0.04103	0.04173	0.74355	0.03065	0.01494	0.01121	0.00545	0.00437	0.00135	0.00369	0.00442	0.00527	0.00729
113	0.00533	0.00380	0.00506	0.00605	0.00630	0.00355	0.00402	0.00608	0.00831	0.01108	0.02385	0.82907	0.02861	0.02879	0.00587	0.00182	0.00256	0.01229	0.00402	0.00353
114	0.01124	0.00950	0.01001	0.00885	0.01139	0.01089	0.00693	0.10135	0.70636	0.01897	0.01786	0.01651	0.03843	0.00601	0.00445	0.00146	0.00355	0.00497	0.00442	0.00685
115	0.01437	0.01226	0.01156	0.00967	0.01255	0.14309	0.00768	0.33434	0.33473	0.05365	0.01306	0.01255	0.00962	0.00540	0.00432	0.00135	0.00471	0.00417	0.00410	0.00683
116	0.00544	0.00442	0.00483	0.00480	0.00612	0.00381	0.00361	0.00678	0.01047	0.01314	0.22596	0.06248	0.59448	0.01064	0.00518	0.00147	0.00222	0.02614	0.00423	0.00379
117	0.00941	0.00895	0.01515	0.45749	0.38157	0.01007	0.01262	0.01213	0.00922	0.01251	0.00791	0.01121	0.00630	0.00422	0.00456	0.00139	0.02361	0.00388	0.00204	0.00576
118	0.01328	0.00992	0.01107	0.00831	0.01194	0.00968	0.00678	0.39368	0.03460	0.06392	0.00981	0.01022	0.00732	0.00438	0.00387	0.00102	0.00402	0.00338	0.00364	0.38918
119	0.00592	0.00443	0.00549	0.00525	0.00637	0.00400	0.00393	0.00773	0.01170	0.01603	0.62138	0.05218	0.22051	0.00951	0.00516	0.00140	0.00210	0.00829	0.00461	0.00400
120	0.01629	0.02079	0.01236	0.01124	0.01348	0.82921	0.00843	0.01742	0.01236	0.01067	0.00674	0.00787	0.00562	0.00449	0.00393	0.00112	0.00787	0.00281	0.00225	0.00506
121	0.01064	0.01025	0.01764	0.07083	0.75730	0.01034	0.03221	0.01328	0.00987	0.01407	0.00819	0.01086	0.00684	0.00391	0.00434	0.00131	0.00527	0.00392	0.00215	0.00677
122	0.01119	0.00954	0.01006	0.00895	0.01147	0.01101	0.00699	0.07036	0.76389	0.01880	0.01731	0.01592	0.01296	0.00588	0.00443	0.00147	0.00353	0.00487	0.00443	0.00693
123	0.01166	0.84935	0.02285	0.00746	0.01119	0.01726	0.00746	0.01306	0.00886	0.01026	0.00606	0.00700	0.00560	0.00373	0.00280	0.00093	0.00466	0.00233	0.00187	0.00560
124	0.01957	0.00742	0.01012	0.00776	0.01113	0.00641	0.00641	0.02126	0.01248	0.82254	0.01721	0.01484	0.01080	0.00540	0.00439	0.00135	0.00371	0.00439	0.00540	0.00742
125	0.00987	0.00723	0.00868	0.00828	0.01015	0.02458	0.02066	0.06252	0.22688	0.08769	0.07468	0.03195	0.05382	0.00883	0.00519	0.00167	0.00381	0.34390	0.00426	0.00535
126	0.01109	0.00992	0.00958	0.00867	0.01100	0.09242	0.00669	0.02077	0.62209	0.04287	0.01876	0.04197	0.07224	0.00637	0.00447	0.00145	0.00379	0.00524	0.00421	0.00640
127	0.00534	0.00380	0.00505	0.00604	0.00629	0.00356	0.00402	0.00608	0.00831	0.01108	0.02382	0.82621	0.02856	0.03171	0.00593	0.00182	0.00257	0.01227	0.00402	0.00352
128	0.00538	0.00396	0.00503	0.00584	0.00632	0.00364	0.00400	0.00625	0.00868	0.01134	0.03909	0.65648	0.15609	0.03119	0.00587	0.00178	0.00256	0.03890	0.00403	0.00357
129	0.01369	0.03845	0.01476	0.03804	0.03833	0.05019	0.13935	0.34790	0.19209	0.05325	0.01155	0.01195	0.00850	0.00502	0.00457	0.00137	0.01629	0.00426	0.00371	0.00675
130	0.01204	0.01233	0.01135	0.05606	0.08145	0.22873	0.00814	0.01965	0.45908	0.01525	0.01364	0.01358	0.02260	0.00539	0.00449	0.00138	0.02088	0.00426	0.00347	0.00621
131	0.00634	0.00429	0.00505	0.00507	0.00518	0.00438	0.00304	0.00656	0.00649	0.00874	0.01371	0.02772	0.01551	0.73984	0.11042	0.00449	0.00504	0.02267	0.00264	0.00281
132	0.72434	0.02883	0.00853	0.00899	0.13249	0.01005	0.00611	0.01291	0.00784	0.01853	0.00640	0.00765	0.00508	0.00402	0.00295	0.00133	0.00368	0.00259	0.00260	0.00508
133	0.01301	0.01100	0.01118	0.00965	0.02621	0.06402	0.00752	0.27655	0.46659	0.02058	0.01423	0.01355	0.01060	0.00549	0.00435	0.00137	0.00420	0.00438	0.00418	0.03134
134	0.00541	0.00389	0.00508	0.00597	0.00630	0.00363	0.00402	0.00621	0.00847	0.01126	0.04632	0.73373	0.06230	0.05085	0.00630	0.00186	0.00261	0.02824	0.00401	0.00353
135	0.05424	0.04948	0.42975	0.03917	0.11779	0.01031	0.01261	0.09641	0.02032	0.11578	0.00927	0.01021	0.00661	0.00439	0.00410	0.00134	0.00550	0.00349	0.00266	0.00656
136	0.18497	0.11427	0.04583	0.04792	0.16937	0.31581	0.00894	0.01492	0.01021	0.04028	0.00725	0.00862	0.00587	0.00421	0.00367	0.00121	0.00579	0.00299	0.00235	0.00554
137	0.00540	0.00430	0.00486	0.00515	0.00625	0.00376	0.00379	0.00655	0.00975	0.01218	0.10447	0.24759	0.50059	0.01159	0.00531	0.00157	0.00239	0.05669	0.00411	0.00370
138	0.00571	0.00437	0.00488	0.00492	0.00614	0.00380	0.00363	0.00699	0.01019	0.02664	0.19110	0.16080	0.50808	0.01075	0.00514	0.00148	0.00225	0.00920	0.03009	0.00382
139	0.01175	0.02883	0.02604	0.10639	0.42237	0.20060	0.08997	0.01443	0.03361	0.01310	0.00811	0.01037	0.00661	0.00412	0.00429	0.00129	0.00604	0.00375	0.00222	0.00613
140	0.01843	0.00810	0.01042	0.00807	0.01136	0.00754	0.00664	0.13349	0.04461	0.65482	0.03850	0.01477	0.01125	0.00549	0.00441	0.00135	0.00381	0.00444	0.00520	0.00731
141	0.01426	0.03283	0.03884	0.01100	0.04574	0.04629	0.07118	0.48732	0.10043	0.02229	0.01045	0.01085	0.00770	0.00486	0.00428	0.00127	0.00492	0.00391	0.00374	0.07784
142	0.00954	0.01532	0.37560	0.01195	0.06398	0.03471	0.09177	0.05514	0.04358	0.01464	0.02705	0.06508	0.00861	0.00479	0.00423	0.00127	0.00537	0.00414	0.00249	0.16075
143	0.03067	0.13101	0.18507	0.02256	0.01347	0.18460	0.02036	0.09508	0.06132	0.04069	0.00906	0.02518	0.00749	0.03686	0.04797	0.00171	0.07500	0.00365	0.00259	0.00567
144	0.01196	0.01038	0.07894	0.17113	0.10649	0.00999	0.09665	0.12757	0.14054	0.13532	0.01219	0.03841	0.01783	0.00515	0.00463	0.00142	0.01721	0.00454	0.00333	0.00634
145	0.00531	0.00382	0.00504	0.00601	0.00631	0.00355	0.00402	0.00608	0.00841	0.01116	0.02478	0.81434	0.05790	0.01357	0.00555	0.00176	0.00252	0.01228	0.00405	0.00355
146	0.05118	0.01022	0.04638	0.02692	0.01252	0.02494	0.00755	0.34499	0.02353	0.34451	0.01302	0.01236	0.00876	0.00517	0.00422	0.00132	0.00431	0.00401	0.04708	0.00700
147	0.00786	0.03524	0.13943	0.00915	0.01133	0.02605	0.11090	0.04159	0.00953	0.03272	0.01774	0.46407	0.01946	0.00969	0.00510	0.00161	0.00417	0.04628	0.00339	0.00469
148	0.00788	0.00413	0.00429	0.00428	0.00530	0.00408	0.00323	0.00990	0.00948	0.01625	0.09039	0.01881	0.02652	0.00566	0.00333	0.00108	0.00208	0.01940	0.75986	0.00406
149	0.00921	0.00782	0.00917	0.00686	0.01031	0.00648	0.00553	0.04898	0.01967	0.01458	0.01008	0.01218	0.04252	0.00424	0.00400	0.00083	0.04206	0.03297	0.00278	0.70971
150	0.87753	0.00843	0.00641	0.00574	0.00843	0.00978	0.00472	0.01282	0.00742	0.01957	0.00607	0.00709	0.00472	0.00405	0.00270	0.00135	0.00337	0.00236	0.00270	0.00472
151	0.00579	0.00408	0.00490	0.00531	0.00560	0.00389	0.00336	0.00632	0.00781	0.01033	0.06077	0.36929	0.09805	0.37977	0.01283	0.00280	0.00322	0.00921	0.00347	0.00319
152	0.83629	0.00847	0.00664	0.00587	0.00861	0.00975	0.00484	0.02746	0.00781	0.04367	0.00649	0.00738	0.00495	0.00411	0.00278	0.00135	0.00341	0.00245	0.00281	0.00485
153	0.00982	0.02098	0.01013	0.00783	0.01073	0.00681	0.07184	0.04092	0.06394	0.09403	0.04886	0.09214	0.05773	0.02114	0.00472	0.00119	0.02169	0.03436	0.00336	0.37778
154	0.00942	0.00943	0.01639	0.29146	0.02117	0.02019	0.27320	0.03051	0.09193	0.01320	0.02385	0.05997	0.00881	0.00532	0.00589	0.00153	0.10492	0.00495	0.00251	0.00536
155	0.01079	0.01036	0.01770	0.02677	0.81952	0.01036	0.01339	0.01339	0.00993	0.01425	0.00820	0.01079	0.00691	0.00389	0.00432	0.00130	0.00518	0.00389	0.00216	0.00691
156	0.01892	0.00728	0.00991	0.00765	0.01091	0.00630	0.00630	0.02062	0.01248	0.78338	0.05612	0.01571	0.01227	0.00557	0.00442	0.00135	0.00363	0.00456	0.00537	0.00726
157	0.01157	0.02171	0.09582	0.03208	0.33271	0.03427	0.14779	0.08238	0.06108	0.07929	0.02746	0.02495	0.01934	0.00461	0.00448	0.00136	0.00536	0.00438	0.00283	0.00651
158	0.00963	0.00932	0.01544	0.40037	0.39346	0.02931	0.03609	0.01234	0.00937	0.01263	0.00806	0.01128	0.00645	0.00475	0.02248	0.00150	0.00575	0.00391	0.00206	0.00581
159	0.00530	0.00387	0.00499	0.00588	0.00628	0.00356	0.00396	0.00609	0.00854	0.01121	0.02640	0.75006	0.12115	0.01336	0.00552	0.00174	0.00249	0.01203	0.00405	0.00356
160	0.00835	0.00723	0.00962	0.00876	0.00939	0.03756	0.00702	0.02424	0.00746	0.03022	0.00952	0.01423	0.00892	0.05140	0.42308	0.00449	0.31761	0.00432	0.01220	0.00437
161	0.01196	0.01140	0.01637	0.03167	0.57796	0.09422	0.03733	0.08948	0.02146	0.03460	0.00896	0.02857	0.00745	0.00435	0.00434	0.00130	0.00538	0.00403	0.00253	0.00665
162	0.01038	0.00705	0.00826	0.00730	0.00933	0.00735	0.00570	0.03845	0.32090	0.14555	0.32874	0.02333	0.04275	0.00720	0.00474	0.00142	0.00297	0.01809	0.00471	0.00580
163	0.00544	0.00386	0.00501	0.00587	0.00612	0.00363	0.00385	0.00611	0.00813	0.01081	0.02316	0.72242	0.04431	0.11993	0.00768	0.00208	0.00274	0.01156	0.00387	0.00343
164	0.01026	0.01057	0.01412	0.05850	0.01358	0.07784	0.07040	0.03065	0.02729	0.01141	0.00656	0.00988	0.00601	0.00680	0.01175	0.00176	0.62168	0.00387	0.00208	0.00500
165	0.00916	0.01926	0.60496	0.01336	0.04256	0.01021	0.12980	0.01443	0.07017	0.01417	0.00906	0.01100	0.00673	0.00437	0.00436	0.00141	0.00626	0.02022	0.00215	0.00636
166	0.01079	0.00950	0.01089	0.00920	0.07310	0.05342	0.02457	0.12561	0.05781	0.01614	0.00873	0.00980	0.00699	0.00380	0.00363	0.00088	0.00397	0.00308	0.00289	0.56522
167	0.00634	0.00423	0.00476	0.00476	0.00476	0.00423	0.00264	0.00634	0.00634	0.00846	0.01374	0.02854	0.01586	0.84672	0.02220	0.00423	0.00423	0.00634	0.00264	0.00264
168	0.00579	0.00404	0.00534	0.04404	0.00732	0.00391	0.00435	0.00681	0.00852	0.01175	0.02262	0.68286	0.04239	0.01221	0.00524	0.00167	0.00265	0.02593	0.09888	0.00367
169	0.02135	0.00915	0.01478	0.22465	0.47018	0.00974	0.01162	0.04286	0.02388	0.03495	0.00964	0.01217	0.02499	0.00490	0.01914	0.00144	0.01465	0.00404	0.03975	0.00613

[dist]
# distance from previous block
# <min> <max>
0	87

# created by:
# /st0/software/busco_prod/Augustus/scripts/msa2prfl.pl ./align_prep/95131.fa
