[name]
unknown

[dist]
# distance from previous block
# <min> <max>
3	66

[block]
# block no. 0 follows, 54 sequences, length 8
# corresponding to MSA columns:
# 199-206
name=unknown_A
#
# <colnr> <probs for GDERKNQSTAVLIFYWHMCP>
#	G	D	E	R	K	N	Q	S	T	A	V	L	I	F	Y	W	H	M	C	P
0	0.01323	0.11429	0.06498	0.01274	0.03778	0.22739	0.17375	0.07469	0.06592	0.04330	0.02523	0.08876	0.01067	0.00590	0.00473	0.00143	0.00633	0.01973	0.00307	0.00610
1	0.00690	0.00511	0.00671	0.00662	0.00745	0.00560	0.00497	0.00825	0.00823	0.01163	0.01924	0.02479	0.15440	0.15085	0.43506	0.00518	0.04583	0.00611	0.08305	0.00402
2	0.01617	0.00779	0.01036	0.08351	0.01303	0.00745	0.00712	0.09014	0.03156	0.46980	0.05897	0.12715	0.04094	0.00733	0.00498	0.00154	0.00401	0.00619	0.00508	0.00687
3	0.01541	0.04248	0.06440	0.05018	0.01418	0.08459	0.04400	0.19220	0.07658	0.23061	0.04790	0.01435	0.01096	0.00559	0.00455	0.00140	0.00495	0.00450	0.08427	0.00689
4	0.09148	0.01230	0.08082	0.04357	0.49220	0.01163	0.03475	0.12600	0.03141	0.01796	0.00924	0.01131	0.00734	0.00451	0.00453	0.00143	0.00551	0.00406	0.00276	0.00720
5	0.05603	0.01392	0.08722	0.09915	0.04500	0.17234	0.01045	0.10349	0.01140	0.08898	0.00872	0.01073	0.00687	0.00598	0.00781	0.00160	0.25755	0.00385	0.00284	0.00607
6	0.15374	0.01038	0.03097	0.02608	0.01270	0.01061	0.00760	0.20686	0.08761	0.13027	0.01106	0.01154	0.00818	0.00526	0.00516	0.00136	0.08023	0.00379	0.00380	0.19280
7	0.15247	0.32879	0.10823	0.00965	0.01375	0.06210	0.07589	0.01577	0.01033	0.13292	0.00896	0.00972	0.00687	0.00443	0.00375	0.00125	0.00528	0.00327	0.00282	0.04376

[dist]
# distance from previous block
# <min> <max>
2	5

[block]
# block no. 1 follows, 54 sequences, length 13
# corresponding to MSA columns:
# 214-226
name=unknown_B
#
# <colnr> <probs for GDERKNQSTAVLIFYWHMCP>
#	G	D	E	R	K	N	Q	S	T	A	V	L	I	F	Y	W	H	M	C	P
0	0.00718	0.00578	0.00777	0.00778	0.00844	0.00621	0.02333	0.04374	0.00980	0.01329	0.07107	0.53520	0.08913	0.01255	0.00735	0.00185	0.13037	0.01079	0.00404	0.00434
1	0.00752	0.00556	0.00667	0.02370	0.00825	0.00520	0.00477	0.00994	0.06869	0.01490	0.14387	0.27262	0.08521	0.05143	0.00596	0.00163	0.00295	0.02410	0.11966	0.13737
2	0.01159	0.16566	0.30177	0.13734	0.03444	0.05342	0.01246	0.13324	0.01185	0.01583	0.02746	0.01143	0.00768	0.00546	0.01749	0.00151	0.02822	0.01413	0.00258	0.00644
3	0.01425	0.03123	0.01776	0.01354	0.03537	0.10922	0.29478	0.18167	0.01382	0.10848	0.01138	0.01280	0.00837	0.00487	0.00474	0.00141	0.00608	0.00462	0.11904	0.00655
4	0.00880	0.00654	0.00794	0.00754	0.00921	0.00631	0.00592	0.11416	0.01152	0.01565	0.07301	0.15733	0.05053	0.12847	0.00814	0.00208	0.00389	0.24141	0.00400	0.13755
5	0.01608	0.05191	0.05227	0.01254	0.01579	0.45347	0.12964	0.01889	0.06956	0.12030	0.01005	0.01086	0.00759	0.00491	0.00452	0.00134	0.00725	0.00382	0.00302	0.00619
6	0.01358	0.01352	0.01467	0.01271	0.06418	0.21248	0.12906	0.13068	0.13986	0.02962	0.03274	0.01430	0.01017	0.00538	0.00468	0.00136	0.00587	0.03965	0.00340	0.12210
7	0.01266	0.01080	0.01901	0.08394	0.51950	0.01068	0.13312	0.01554	0.01107	0.12206	0.01025	0.01249	0.00790	0.00442	0.00482	0.00145	0.00580	0.00448	0.00280	0.00721
8	0.00636	0.00477	0.00652	0.00675	0.00752	0.00506	0.00499	0.00766	0.00832	0.01131	0.02104	0.19383	0.13880	0.08803	0.46053	0.00524	0.00836	0.00770	0.00323	0.00399
9	0.00638	0.00468	0.00639	0.00670	0.00731	0.00495	0.00482	0.00752	0.00812	0.01112	0.01946	0.25793	0.07719	0.14966	0.39972	0.00503	0.00777	0.00811	0.00325	0.00388
10	0.00646	0.00472	0.00666	0.00698	0.00755	0.00513	0.00508	0.00769	0.00791	0.01104	0.01678	0.25558	0.01807	0.12874	0.48255	0.00556	0.00876	0.00770	0.00310	0.00393
11	0.00646	0.00474	0.00679	0.00711	0.00772	0.00520	0.00523	0.00777	0.00794	0.01113	0.01666	0.25495	0.01780	0.08793	0.52299	0.00572	0.00917	0.00760	0.00309	0.00400
12	0.01104	0.00932	0.01037	0.00923	0.01133	0.01096	0.00727	0.02054	0.53860	0.01797	0.01626	0.01617	0.01253	0.00645	0.00620	0.00157	0.13082	0.00492	0.11974	0.03870

[dist]
# distance from previous block
# <min> <max>
0	2

[block]
# block no. 2 follows, 54 sequences, length 12
# corresponding to MSA columns:
# 229-231,235,242-249
name=unknown_C
#
# <colnr> <probs for GDERKNQSTAVLIFYWHMCP>
#	G	D	E	R	K	N	Q	S	T	A	V	L	I	F	Y	W	H	M	C	P
0	0.01457	0.00945	0.01324	0.39496	0.02235	0.01048	0.01034	0.20371	0.01367	0.24205	0.01199	0.01325	0.00823	0.00526	0.00472	0.00150	0.00537	0.00436	0.00379	0.00670
1	0.01435	0.24414	0.01486	0.00890	0.01220	0.01254	0.00756	0.04077	0.32923	0.20857	0.01475	0.01389	0.01087	0.00554	0.00447	0.00138	0.02115	0.00428	0.00416	0.02639
2	0.01326	0.00920	0.01441	0.17534	0.12849	0.00880	0.09592	0.01577	0.01099	0.23936	0.01143	0.01272	0.00824	0.00466	0.00475	0.00132	0.02317	0.00416	0.00339	0.21462
3	0.41875	0.00864	0.00995	0.23830	0.01645	0.00966	0.00781	0.01556	0.00975	0.20953	0.01000	0.01109	0.00703	0.00483	0.00387	0.00149	0.00448	0.00355	0.00339	0.00585
4	0.00601	0.00431	0.00571	0.00639	0.00690	0.00401	0.00440	0.00723	0.01025	0.01398	0.24612	0.60553	0.03496	0.01332	0.00589	0.00179	0.00259	0.01202	0.00461	0.00401
5	0.00653	0.00453	0.00555	0.00571	0.00609	0.00436	0.00368	0.00736	0.00922	0.01261	0.24084	0.22630	0.02830	0.40163	0.01441	0.00305	0.00346	0.00892	0.00389	0.00354
6	0.00839	0.00734	0.01080	0.39352	0.02021	0.00767	0.00885	0.01067	0.00943	0.01298	0.01265	0.21042	0.01253	0.00681	0.00468	0.00141	0.00463	0.00603	0.00285	0.24813
7	0.00788	0.00756	0.01216	0.01007	0.01225	0.02682	0.22656	0.01040	0.04601	0.01384	0.07491	0.22296	0.25705	0.01070	0.03677	0.00188	0.00465	0.00889	0.00376	0.00485
8	0.00793	0.00431	0.00470	0.00501	0.00587	0.00423	0.00360	0.00973	0.00964	0.01601	0.01839	0.24827	0.01750	0.00812	0.00407	0.00133	0.00235	0.00695	0.61775	0.00423
9	0.00918	0.00671	0.00834	0.00785	0.00916	0.00730	0.00591	0.19718	0.01146	0.01563	0.01632	0.24840	0.01690	0.10049	0.31185	0.00418	0.00723	0.00740	0.00361	0.00489
10	0.01254	0.00829	0.01006	0.00732	0.01138	0.00644	0.00591	0.01457	0.01068	0.20773	0.01086	0.01130	0.00812	0.00406	0.00380	0.00088	0.00362	0.00327	0.00353	0.65564
11	0.01008	0.00991	0.01828	0.02094	0.39003	0.00962	0.23127	0.01273	0.01043	0.01450	0.01321	0.21083	0.01313	0.00670	0.00525	0.00158	0.00557	0.00682	0.00284	0.00627

[dist]
# distance from previous block
# <min> <max>
2	13

[block]
# block no. 3 follows, 54 sequences, length 21
# corresponding to MSA columns:
# 265-285
name=unknown_D
#
# <colnr> <probs for GDERKNQSTAVLIFYWHMCP>
#	G	D	E	R	K	N	Q	S	T	A	V	L	I	F	Y	W	H	M	C	P
0	0.00689	0.00541	0.02309	0.00617	0.00753	0.00467	0.00475	0.00905	0.01267	0.01802	0.67734	0.07180	0.03995	0.03013	0.00589	0.00153	0.00249	0.00825	0.00487	0.05951
1	0.01038	0.06973	0.36105	0.01582	0.14440	0.01096	0.16238	0.01437	0.01025	0.01486	0.00860	0.01058	0.00660	0.00416	0.00447	0.00134	0.00628	0.00383	0.00225	0.13769
2	0.00949	0.00809	0.00858	0.00795	0.01011	0.00884	0.00610	0.01831	0.50124	0.01746	0.07720	0.06804	0.22213	0.00848	0.00511	0.00161	0.00323	0.00715	0.00469	0.00618
3	0.00674	0.00505	0.00758	0.00758	0.00842	0.00589	0.00589	0.00842	0.00758	0.01095	0.01263	0.01852	0.01179	0.03536	0.81561	0.00758	0.01263	0.00505	0.00253	0.00421
4	0.00574	0.00410	0.00547	0.00657	0.00684	0.00383	0.00438	0.00657	0.00903	0.01204	0.02599	0.83122	0.03119	0.01477	0.00602	0.00191	0.00274	0.01340	0.00438	0.00383
5	0.01792	0.01321	0.01415	0.01085	0.01462	0.01462	0.00896	0.78916	0.02217	0.02972	0.01132	0.01132	0.00802	0.00566	0.00472	0.00142	0.00519	0.00425	0.00472	0.00802
6	0.00967	0.00823	0.00967	0.00707	0.01110	0.00624	0.00569	0.01176	0.00983	0.01530	0.00923	0.01200	0.00801	0.00398	0.00365	0.00077	0.00354	0.04216	0.00287	0.81924
7	0.00638	0.00475	0.00594	0.00576	0.00690	0.00430	0.00428	0.00828	0.01247	0.01712	0.58907	0.10643	0.18985	0.01053	0.00560	0.00154	0.00230	0.00923	0.00496	0.00430
8	0.00957	0.05328	0.78196	0.01325	0.02011	0.01122	0.01709	0.01490	0.00994	0.01480	0.00839	0.00987	0.00598	0.00446	0.00443	0.00148	0.00690	0.00345	0.00199	0.00694
9	0.01173	0.01013	0.01066	0.00960	0.01226	0.01173	0.00746	0.02505	0.79636	0.01972	0.01919	0.01759	0.01439	0.00640	0.00480	0.00160	0.00373	0.00533	0.00480	0.00746
10	0.01055	0.01075	0.01392	0.01205	0.01226	0.06525	0.00995	0.01163	0.00764	0.01133	0.00668	0.01074	0.00655	0.00982	0.06731	0.00237	0.71984	0.00412	0.00212	0.00512
11	0.00879	0.00439	0.00439	0.00439	0.00549	0.00439	0.00330	0.01099	0.00989	0.01758	0.01538	0.01758	0.01209	0.00549	0.00330	0.00110	0.00220	0.00439	0.86047	0.00439
12	0.01323	0.01075	0.01149	0.01021	0.01253	0.08216	0.00851	0.34734	0.03274	0.02054	0.01605	0.02733	0.01525	0.00864	0.00614	0.00174	0.06334	0.30168	0.00418	0.00615
13	0.01761	0.02247	0.01336	0.01215	0.01458	0.81537	0.00911	0.01883	0.01336	0.01154	0.00729	0.00850	0.00607	0.00486	0.00425	0.00121	0.00850	0.00304	0.00243	0.00547
14	0.00578	0.00476	0.00508	0.00505	0.00651	0.00406	0.00377	0.00716	0.01118	0.01386	0.18679	0.06774	0.63875	0.01160	0.00558	0.00158	0.00237	0.00979	0.00453	0.00406
15	0.01374	0.57908	0.06572	0.00943	0.01321	0.22607	0.00886	0.01539	0.01059	0.01142	0.00685	0.00794	0.00605	0.00427	0.00343	0.00109	0.00605	0.00271	0.00212	0.00595
16	0.00674	0.00505	0.00758	0.00758	0.00842	0.00589	0.00589	0.00842	0.00758	0.01095	0.01263	0.01852	0.01179	0.03536	0.81561	0.00758	0.01263	0.00505	0.00253	0.00421
17	0.00694	0.00486	0.00595	0.00589	0.00606	0.00517	0.00374	0.00733	0.00702	0.00959	0.01411	0.02760	0.01566	0.63958	0.19041	0.00512	0.03259	0.00639	0.00276	0.00322
18	0.00682	0.00570	0.00634	0.00568	0.00780	0.00463	0.00429	0.00827	0.01039	0.01369	0.07159	0.13525	0.44479	0.00983	0.00505	0.00138	0.00273	0.00833	0.00398	0.24349
19	0.01100	0.02627	0.03070	0.00978	0.01402	0.00843	0.14104	0.06903	0.04276	0.03613	0.00945	0.01083	0.00746	0.00394	0.00403	0.00098	0.00451	0.00354	0.00298	0.56312
20	0.01215	0.56381	0.01949	0.00808	0.01151	0.03504	0.00756	0.05351	0.04295	0.03980	0.02858	0.01557	0.08269	0.00574	0.00379	0.00121	0.00470	0.05504	0.00284	0.00592

[dist]
# distance from previous block
# <min> <max>
2	7

[block]
# block no. 4 follows, 54 sequences, length 91
# corresponding to MSA columns:
# 297-307,330-382,400-426
name=unknown_E
#
# <colnr> <probs for GDERKNQSTAVLIFYWHMCP>
#	G	D	E	R	K	N	Q	S	T	A	V	L	I	F	Y	W	H	M	C	P
0	0.41732	0.12009	0.04307	0.00765	0.01067	0.05722	0.00663	0.07131	0.02539	0.05850	0.01240	0.03322	0.08484	0.00569	0.00403	0.00143	0.02778	0.00395	0.00321	0.00560
1	0.06461	0.00591	0.00661	0.00622	0.00709	0.00604	0.00413	0.08753	0.00913	0.03936	0.01546	0.14221	0.01687	0.50676	0.03520	0.00352	0.00444	0.00703	0.00336	0.02852
2	0.03554	0.01475	0.06498	0.01084	0.01429	0.15668	0.00909	0.39743	0.20741	0.02288	0.01221	0.01216	0.00902	0.00559	0.00460	0.00143	0.00551	0.00420	0.00411	0.00729
3	0.01119	0.43290	0.36211	0.01048	0.01569	0.01488	0.01206	0.01518	0.06114	0.01331	0.00820	0.00925	0.00656	0.00438	0.00377	0.00126	0.00579	0.00312	0.00219	0.00654
4	0.01240	0.78404	0.07600	0.00842	0.01264	0.01815	0.00868	0.01417	0.00960	0.01134	0.00668	0.00772	0.00605	0.00406	0.00312	0.00104	0.00517	0.00258	0.00202	0.00611
5	0.01893	0.00913	0.06333	0.00890	0.01265	0.00733	0.03176	0.03891	0.01325	0.65794	0.03458	0.01729	0.05139	0.00607	0.00481	0.00147	0.00424	0.00501	0.00537	0.00763
6	0.00943	0.00725	0.00847	0.00855	0.01001	0.03712	0.00695	0.06332	0.16689	0.01516	0.02071	0.05299	0.05173	0.01142	0.00771	0.13113	0.00428	0.37799	0.00404	0.00487
7	0.01483	0.01155	0.01147	0.00984	0.01279	0.10177	0.00775	0.12335	0.47157	0.15703	0.01672	0.01548	0.01215	0.00603	0.00472	0.00151	0.00451	0.00483	0.00470	0.00741
8	0.00903	0.00851	0.01438	0.78572	0.06870	0.01051	0.01316	0.01216	0.00949	0.01220	0.00840	0.01253	0.00634	0.00469	0.00471	0.00156	0.00625	0.00419	0.00211	0.00534
9	0.00577	0.00412	0.00549	0.00655	0.00684	0.00385	0.00438	0.00663	0.00915	0.01223	0.04796	0.80870	0.03156	0.01463	0.00601	0.00190	0.00272	0.01327	0.00440	0.00385
10	0.01092	0.01132	0.01435	0.01236	0.01256	0.08031	0.01022	0.01196	0.00773	0.01136	0.00628	0.01017	0.00618	0.00797	0.01455	0.00199	0.75846	0.00404	0.00209	0.00518
11	0.00694	0.00496	0.00685	0.00793	0.00873	0.00486	0.00646	0.00864	0.01021	0.01338	0.02533	0.32823	0.02857	0.01364	0.00634	0.00208	0.00377	0.50456	0.00435	0.00416
12	0.51630	0.00866	0.00860	0.00711	0.01033	0.00906	0.00586	0.01764	0.01029	0.34778	0.01156	0.01114	0.00783	0.00498	0.00367	0.00146	0.00380	0.00346	0.00413	0.00632
13	0.00890	0.00838	0.01414	0.82296	0.03247	0.01048	0.01309	0.01205	0.00943	0.01205	0.00838	0.01257	0.00629	0.00471	0.00471	0.00157	0.00629	0.00419	0.00210	0.00524
14	0.08874	0.01287	0.01355	0.01046	0.01416	0.01428	0.00864	0.72454	0.02099	0.02900	0.01092	0.01102	0.00778	0.00555	0.00457	0.00142	0.00506	0.00410	0.00457	0.00778
15	0.00874	0.00588	0.00711	0.00688	0.00837	0.00594	0.00545	0.01274	0.14137	0.05452	0.32178	0.03185	0.04360	0.00886	0.00516	0.00157	0.00297	0.15727	0.16488	0.00507
16	0.00578	0.00475	0.00509	0.00508	0.00651	0.00406	0.00378	0.00714	0.01113	0.01381	0.18234	0.08371	0.62715	0.01167	0.00559	0.00159	0.00238	0.00987	0.00452	0.00406
17	0.03265	0.00770	0.01032	0.00804	0.01143	0.00670	0.00660	0.02126	0.01326	0.71311	0.06186	0.01844	0.05376	0.00633	0.00480	0.00147	0.00383	0.00518	0.00568	0.00758
18	0.00665	0.00441	0.00588	0.00677	0.00730	0.00410	0.00472	0.00762	0.00942	0.05211	0.02603	0.71717	0.04720	0.01414	0.00598	0.00190	0.00291	0.06718	0.00445	0.00408
19	0.00686	0.00457	0.00514	0.00514	0.00514	0.00457	0.00286	0.00686	0.00686	0.00914	0.01486	0.03086	0.01714	0.83430	0.02400	0.00457	0.00457	0.00686	0.00286	0.00286
20	0.03315	0.00517	0.00571	0.00572	0.00723	0.00468	0.00448	0.02249	0.01135	0.01461	0.17560	0.04293	0.51431	0.01134	0.00561	0.00165	0.00274	0.12252	0.00448	0.00423
21	0.00623	0.00454	0.00560	0.00583	0.00675	0.00413	0.00418	0.00775	0.01112	0.01516	0.33405	0.31377	0.19663	0.01170	0.00561	0.00164	0.00244	0.01031	0.04844	0.00413
22	0.19751	0.01060	0.01155	0.00904	0.01259	0.01117	0.00746	0.36724	0.01626	0.29111	0.01278	0.01215	0.00864	0.00545	0.00435	0.00144	0.00447	0.00406	0.00472	0.00741
23	0.00685	0.00459	0.00523	0.00523	0.00525	0.00462	0.00296	0.00691	0.00688	0.00920	0.01478	0.03043	0.01696	0.80699	0.05106	0.00467	0.00485	0.00680	0.00285	0.00290
24	0.00720	0.00469	0.00592	0.00612	0.00692	0.00433	0.00424	0.00832	0.01016	0.06884	0.20429	0.37670	0.11286	0.14677	0.00872	0.00218	0.00297	0.01024	0.00442	0.00412
25	0.01608	0.00888	0.01060	0.00868	0.01166	0.00900	0.00699	0.15919	0.19062	0.35540	0.08171	0.01854	0.01488	0.03065	0.00538	0.00158	0.00398	0.02453	0.03444	0.00724
26	0.00631	0.00509	0.00566	0.00561	0.00701	0.00464	0.00417	0.00859	0.06735	0.01471	0.23370	0.12932	0.46831	0.01128	0.00556	0.00160	0.00248	0.00965	0.00461	0.00433
27	0.00682	0.00458	0.00523	0.00522	0.00530	0.00455	0.00299	0.00698	0.00733	0.00984	0.06654	0.04815	0.01923	0.76300	0.02241	0.00431	0.00438	0.00711	0.00304	0.00298
28	0.01093	0.00672	0.00746	0.00655	0.00853	0.00673	0.00509	0.11952	0.08576	0.11641	0.11966	0.02431	0.16162	0.03568	0.00522	0.00149	0.00310	0.00613	0.26359	0.00551
29	0.04524	0.00832	0.01099	0.00845	0.01208	0.00743	0.00698	0.06187	0.01378	0.74583	0.01788	0.01557	0.01130	0.00579	0.00469	0.00146	0.00406	0.00465	0.00570	0.00794
30	0.00680	0.00455	0.00516	0.00522	0.00523	0.00453	0.00293	0.00684	0.00697	0.00929	0.01543	0.07175	0.01786	0.79242	0.02308	0.00444	0.00448	0.00719	0.00293	0.00291
31	0.00817	0.00418	0.00578	0.00578	0.00595	0.00418	0.00386	0.00697	0.00679	0.00975	0.00990	0.01627	0.00958	0.08548	0.01653	0.65279	0.00384	0.00438	0.13731	0.00249
32	0.01173	0.01013	0.01066	0.00960	0.01226	0.01173	0.00746	0.02505	0.79636	0.01972	0.01919	0.01759	0.01439	0.00640	0.00480	0.00160	0.00373	0.00533	0.00480	0.00746
33	0.86760	0.00912	0.00693	0.00620	0.00912	0.01058	0.00511	0.01386	0.00802	0.02115	0.00657	0.00766	0.00511	0.00438	0.00292	0.00146	0.00365	0.00255	0.00292	0.00511
34	0.00633	0.00461	0.00588	0.00596	0.00683	0.00424	0.00427	0.00796	0.01159	0.01596	0.48070	0.25412	0.10841	0.05339	0.00663	0.00177	0.00250	0.00991	0.00477	0.00416
35	0.01280	0.00850	0.00980	0.00817	0.01064	0.00881	0.00647	0.24883	0.11698	0.13695	0.28184	0.02328	0.06259	0.03577	0.00572	0.00159	0.00367	0.00628	0.00497	0.00636
36	0.86760	0.00912	0.00693	0.00620	0.00912	0.01058	0.00511	0.01386	0.00802	0.02115	0.00657	0.00766	0.00511	0.00438	0.00292	0.00146	0.00365	0.00255	0.00292	0.00511
37	0.00879	0.00439	0.00439	0.00439	0.00549	0.00439	0.00330	0.01099	0.00989	0.01758	0.01538	0.01758	0.01209	0.00549	0.00330	0.00110	0.00220	0.00439	0.86047	0.00439
38	0.00819	0.00410	0.00614	0.00614	0.00614	0.00410	0.00410	0.00614	0.00614	0.00819	0.00819	0.01433	0.00819	0.01638	0.01843	0.86282	0.00410	0.00410	0.00205	0.00205
39	0.01022	0.00972	0.01651	0.44624	0.39895	0.01082	0.01375	0.01320	0.01005	0.01364	0.00861	0.01214	0.00685	0.00447	0.00469	0.00149	0.00596	0.00420	0.00221	0.00630
40	0.00890	0.00838	0.01414	0.82296	0.03247	0.01048	0.01309	0.01205	0.00943	0.01205	0.00838	0.01257	0.00629	0.00471	0.00471	0.00157	0.00629	0.00419	0.00210	0.00524
41	0.01792	0.01321	0.01415	0.01085	0.01462	0.01462	0.00896	0.78916	0.02217	0.02972	0.01132	0.01132	0.00802	0.00566	0.00472	0.00142	0.00519	0.00425	0.00472	0.00802
42	0.01270	0.00896	0.01063	0.00795	0.01174	0.00785	0.00644	0.13648	0.01216	0.14100	0.01061	0.01146	0.00811	0.00592	0.04562	0.00131	0.02064	0.00347	0.00354	0.53342
43	0.83359	0.00928	0.00722	0.00639	0.00934	0.01074	0.00526	0.04489	0.00859	0.02150	0.00676	0.00781	0.00522	0.00443	0.00299	0.00146	0.00371	0.00262	0.00299	0.00522
44	0.01868	0.01810	0.01263	0.01101	0.01381	0.57088	0.00845	0.02008	0.01340	0.25245	0.01071	0.01078	0.00777	0.00515	0.00440	0.00129	0.00714	0.00355	0.00346	0.00624
45	0.00565	0.00478	0.00488	0.00486	0.00642	0.00401	0.00364	0.00691	0.01093	0.01316	0.09976	0.04468	0.75071	0.01178	0.00557	0.00158	0.00238	0.00985	0.00443	0.00401
46	0.01173	0.01013	0.01066	0.00960	0.01226	0.01173	0.00746	0.02505	0.79636	0.01972	0.01919	0.01759	0.01439	0.00640	0.00480	0.00160	0.00373	0.00533	0.00480	0.00746
47	0.03599	0.00826	0.01101	0.00845	0.01209	0.00732	0.00698	0.05526	0.01377	0.76127	0.01808	0.01570	0.01140	0.00580	0.00471	0.00146	0.00406	0.00468	0.00574	0.00797
48	0.01173	0.01013	0.01066	0.00960	0.01226	0.01173	0.00746	0.02505	0.79636	0.01972	0.01919	0.01759	0.01439	0.00640	0.00480	0.00160	0.00373	0.00533	0.00480	0.00746
49	0.02064	0.00884	0.01145	0.00878	0.01245	0.00815	0.00725	0.14428	0.01487	0.68491	0.01745	0.01530	0.01109	0.00581	0.00474	0.00145	0.00420	0.00466	0.00566	0.00802
50	0.00557	0.00478	0.00478	0.00478	0.00637	0.00398	0.00358	0.00677	0.01075	0.01274	0.04776	0.04538	0.80297	0.01194	0.00557	0.00159	0.00239	0.00995	0.00438	0.00398
51	0.00583	0.00415	0.00548	0.00648	0.00676	0.00388	0.00430	0.00664	0.00903	0.01207	0.04586	0.76936	0.03082	0.05651	0.00692	0.00204	0.00282	0.01294	0.00432	0.00380
52	0.00719	0.00518	0.00710	0.00813	0.00911	0.00509	0.00686	0.00909	0.01056	0.01370	0.02641	0.17592	0.07151	0.01324	0.00638	0.00210	0.00398	0.60985	0.00435	0.00424
53	0.00574	0.00410	0.00547	0.00657	0.00684	0.00383	0.00438	0.00657	0.00903	0.01204	0.02599	0.83122	0.03119	0.01477	0.00602	0.00191	0.00274	0.01340	0.00438	0.00383
54	0.00844	0.00544	0.00675	0.00675	0.00781	0.00530	0.00478	0.01095	0.10091	0.10026	0.16291	0.37230	0.04279	0.13222	0.00829	0.00213	0.00316	0.00962	0.00451	0.00468
55	0.01856	0.00877	0.01099	0.00880	0.01219	0.00847	0.00715	0.05203	0.21922	0.57233	0.01849	0.01628	0.01225	0.00598	0.00476	0.00149	0.00398	0.00488	0.00552	0.00788
56	0.00879	0.00439	0.00439	0.00439	0.00549	0.00439	0.00330	0.01099	0.00989	0.01758	0.01538	0.01758	0.01209	0.00549	0.00330	0.00110	0.00220	0.00439	0.86047	0.00439
57	0.00574	0.00410	0.00547	0.00657	0.00684	0.00383	0.00438	0.00657	0.00903	0.01204	0.02599	0.83122	0.03119	0.01477	0.00602	0.00191	0.00274	0.01340	0.00438	0.00383
58	0.00577	0.00413	0.00545	0.00650	0.00679	0.00385	0.00432	0.00658	0.00900	0.01197	0.02608	0.79637	0.04434	0.03630	0.00648	0.00198	0.00278	0.01317	0.00434	0.00381
59	0.01840	0.01127	0.01276	0.00986	0.01347	0.01190	0.00812	0.51240	0.04107	0.26121	0.01385	0.01312	0.00943	0.00573	0.00468	0.00142	0.00469	0.00443	0.03430	0.00788
60	0.02094	0.00836	0.01115	0.00855	0.01221	0.00743	0.00706	0.07303	0.01406	0.75730	0.01813	0.01574	0.01143	0.00582	0.00474	0.00146	0.00409	0.00471	0.00576	0.00802
61	0.80924	0.00926	0.00727	0.00642	0.00935	0.01069	0.00528	0.05451	0.00880	0.02155	0.00696	0.00801	0.00537	0.00446	0.00302	0.00145	0.00371	0.00267	0.01675	0.00525
62	0.18986	0.00838	0.01023	0.00802	0.01152	0.00786	0.00662	0.04134	0.01263	0.63072	0.01601	0.01425	0.01027	0.00554	0.00438	0.00146	0.00397	0.00429	0.00522	0.00744
63	0.00760	0.00543	0.00760	0.00868	0.00977	0.00543	0.00760	0.00977	0.01085	0.01411	0.02496	0.05319	0.02714	0.01303	0.00651	0.00217	0.00434	0.77315	0.00434	0.00434
64	0.77228	0.00900	0.00738	0.00645	0.00945	0.01017	0.00531	0.01489	0.00864	0.10978	0.00792	0.00860	0.00585	0.00454	0.00312	0.00146	0.00369	0.00280	0.00325	0.00543
65	0.00585	0.00416	0.00550	0.00646	0.00676	0.00390	0.00430	0.00670	0.00913	0.01223	0.06506	0.74770	0.03111	0.05838	0.00696	0.00203	0.00281	0.01280	0.00434	0.00381
66	0.00819	0.00410	0.00614	0.00614	0.00614	0.00410	0.00410	0.00614	0.00614	0.00819	0.00819	0.01433	0.00819	0.01638	0.01843	0.86282	0.00410	0.00410	0.00205	0.00205
67	0.01032	0.01032	0.01444	0.01238	0.01238	0.01444	0.01032	0.01135	0.00722	0.01135	0.00619	0.01032	0.00619	0.00825	0.01547	0.00206	0.82567	0.00413	0.00206	0.00516
68	0.56361	0.00937	0.00827	0.00734	0.01022	0.01073	0.00592	0.01773	0.24673	0.06271	0.01103	0.01111	0.00827	0.00507	0.00358	0.00150	0.00369	0.00351	0.00364	0.00597
69	0.00667	0.00482	0.00630	0.00593	0.00704	0.00445	0.00445	0.00890	0.01335	0.01891	0.80239	0.03522	0.04449	0.00964	0.00556	0.00148	0.00222	0.00853	0.00519	0.00445
70	0.00954	0.04566	0.78932	0.01330	0.02019	0.01115	0.01718	0.01491	0.00994	0.01483	0.00841	0.00989	0.00597	0.00447	0.00444	0.00148	0.00692	0.00346	0.00199	0.00694
71	0.00679	0.00484	0.00652	0.00652	0.00699	0.00532	0.00457	0.00774	0.00726	0.01016	0.01360	0.02390	0.01412	0.38393	0.47024	0.00627	0.00911	0.00584	0.00267	0.00362
72	0.00678	0.00487	0.00664	0.00664	0.00716	0.00539	0.00473	0.00782	0.00730	0.01025	0.01348	0.02325	0.01384	0.34189	0.51189	0.00642	0.00954	0.00574	0.00265	0.00369
73	0.00946	0.02439	0.80987	0.01344	0.02041	0.01095	0.01742	0.01493	0.00995	0.01493	0.00846	0.00995	0.00597	0.00448	0.00448	0.00149	0.00697	0.00348	0.00199	0.00697
74	0.01131	0.01080	0.01839	0.07976	0.72991	0.01093	0.01407	0.01407	0.01060	0.01508	0.00937	0.03725	0.00813	0.00456	0.00471	0.00143	0.00556	0.00449	0.00238	0.00721
75	0.00946	0.02439	0.80987	0.01344	0.02041	0.01095	0.01742	0.01493	0.00995	0.01493	0.00846	0.00995	0.00597	0.00448	0.00448	0.00149	0.00697	0.00348	0.00199	0.00697
76	0.01139	0.01092	0.01864	0.10846	0.72753	0.01113	0.01433	0.01423	0.01061	0.01507	0.00882	0.01176	0.00735	0.00425	0.00467	0.00142	0.00567	0.00420	0.00231	0.00725
77	0.00664	0.00522	0.00703	0.00645	0.00785	0.00473	0.04388	0.00867	0.01243	0.01689	0.53353	0.04866	0.23395	0.01013	0.00560	0.00155	0.00263	0.03494	0.00480	0.00441
78	0.00664	0.00482	0.00626	0.00590	0.00702	0.00444	0.00442	0.00884	0.01327	0.01873	0.78078	0.03551	0.06622	0.00971	0.00556	0.00149	0.00223	0.00857	0.00517	0.00444
79	0.86760	0.00912	0.00693	0.00620	0.00912	0.01058	0.00511	0.01386	0.00802	0.02115	0.00657	0.00766	0.00511	0.00438	0.00292	0.00146	0.00365	0.00255	0.00292	0.00511
80	0.00973	0.09127	0.71828	0.01278	0.01941	0.01144	0.01625	0.01476	0.00992	0.01463	0.00830	0.00975	0.00601	0.00441	0.00433	0.00143	0.00669	0.00338	0.00202	0.03521
81	0.01001	0.16684	0.67225	0.01250	0.01895	0.01230	0.01578	0.01479	0.00989	0.01426	0.00813	0.00954	0.00599	0.00440	0.00422	0.00141	0.00663	0.00332	0.00200	0.00681
82	0.00677	0.00491	0.00688	0.00688	0.00748	0.00551	0.00502	0.00797	0.00737	0.01043	0.01327	0.02206	0.01332	0.26477	0.58830	0.00671	0.01032	0.00557	0.00262	0.00382
83	0.00683	0.00506	0.00724	0.00717	0.00796	0.00569	0.00540	0.00826	0.00752	0.01077	0.01288	0.02028	0.01252	0.16305	0.66702	0.00691	0.01109	0.00528	0.00259	0.02647
84	0.01094	0.01242	0.02706	0.01942	0.02403	0.01165	0.76098	0.01481	0.01106	0.01500	0.01010	0.04070	0.00798	0.00434	0.00558	0.00160	0.00777	0.00583	0.00245	0.00627
85	0.04063	0.01259	0.04173	0.01827	0.02281	0.01177	0.67028	0.06397	0.01163	0.01614	0.01006	0.03880	0.00789	0.00445	0.00541	0.00158	0.00744	0.00559	0.00261	0.00635
86	0.00819	0.00410	0.00614	0.00614	0.00614	0.00410	0.00410	0.00614	0.00614	0.00819	0.00819	0.01433	0.00819	0.01638	0.01843	0.86282	0.00410	0.00410	0.00205	0.00205
87	0.01573	0.04881	0.01333	0.01034	0.01373	0.24975	0.00826	0.33757	0.07125	0.02032	0.00996	0.01050	0.00763	0.00502	0.00430	0.00122	0.00576	0.00363	0.00359	0.15930
88	0.01529	0.01747	0.02598	0.01138	0.01421	0.46088	0.03436	0.07374	0.22499	0.01539	0.01093	0.01138	0.00854	0.00522	0.00444	0.00132	0.00668	0.00382	0.00324	0.05073
89	0.00701	0.00569	0.03167	0.00636	0.00789	0.00480	0.02450	0.00914	0.01259	0.03811	0.57110	0.04792	0.19581	0.00979	0.00552	0.00151	0.00261	0.00856	0.00486	0.00456
90	0.00592	0.02512	0.00596	0.00660	0.00697	0.00420	0.00447	0.00676	0.00904	0.01201	0.02550	0.81044	0.03055	0.01450	0.00594	0.00189	0.00279	0.01313	0.00432	0.00389

[dist]
# distance from previous block
# <min> <max>
14	63

[block]
# block no. 5 follows, 54 sequences, length 29
# corresponding to MSA columns:
# 524-552
name=unknown_F
#
# <colnr> <probs for GDERKNQSTAVLIFYWHMCP>
#	G	D	E	R	K	N	Q	S	T	A	V	L	I	F	Y	W	H	M	C	P
0	0.18912	0.00800	0.00958	0.00763	0.01087	0.00758	0.00627	0.03866	0.01233	0.54863	0.03705	0.01489	0.01119	0.00562	0.00429	0.00143	0.00378	0.00437	0.07165	0.00706
1	0.00819	0.00410	0.00614	0.00614	0.00614	0.00410	0.00410	0.00614	0.00614	0.00819	0.00819	0.01433	0.00819	0.01638	0.01843	0.86282	0.00410	0.00410	0.00205	0.00205
2	0.01030	0.00592	0.00741	0.00708	0.00867	0.00570	0.00540	0.02577	0.08786	0.17843	0.15217	0.26902	0.04962	0.00993	0.00528	0.00164	0.00311	0.06796	0.09340	0.00532
3	0.63083	0.00973	0.00862	0.00725	0.01039	0.01092	0.00598	0.15240	0.01109	0.10259	0.00863	0.00916	0.00629	0.00475	0.00342	0.00145	0.00396	0.00308	0.00353	0.00592
4	0.00656	0.00480	0.00598	0.00569	0.00688	0.00437	0.00427	0.00862	0.01280	0.01784	0.65040	0.03629	0.16867	0.00988	0.00548	0.00149	0.00225	0.00862	0.03475	0.00437
5	0.39968	0.00772	0.00782	0.00667	0.00918	0.00802	0.00521	0.01519	0.00969	0.26811	0.03734	0.01584	0.01085	0.17110	0.00780	0.00208	0.00390	0.00430	0.00390	0.00556
6	0.01116	0.00794	0.00903	0.00798	0.00986	0.00859	0.00608	0.17414	0.23538	0.04000	0.12941	0.06243	0.01727	0.05758	0.00824	0.14339	0.00378	0.00582	0.05633	0.00561
7	0.01460	0.00995	0.03034	0.00880	0.01168	0.01026	0.00739	0.42003	0.01676	0.09554	0.01436	0.01761	0.01130	0.00636	0.00453	0.00142	0.00427	0.08298	0.22516	0.00668
8	0.00625	0.00424	0.00531	0.00605	0.00633	0.00405	0.00393	0.00698	0.00857	0.01177	0.02248	0.57539	0.02632	0.21117	0.01013	0.00249	0.00314	0.01113	0.07063	0.00364
9	0.20964	0.00627	0.00670	0.00633	0.00797	0.00638	0.00477	0.03741	0.02367	0.06781	0.23218	0.16235	0.11699	0.07333	0.00637	0.00181	0.00312	0.01794	0.00425	0.00472
10	0.07017	0.01126	0.01251	0.00978	0.01336	0.01201	0.00803	0.46130	0.09235	0.23958	0.01375	0.01297	0.00944	0.00570	0.00462	0.00145	0.00464	0.00438	0.00492	0.00779
11	0.01732	0.00944	0.01134	0.00911	0.01224	0.00951	0.00746	0.31212	0.01599	0.36210	0.01624	0.01949	0.01241	0.07103	0.00643	0.00176	0.00454	0.08926	0.00501	0.00721
12	0.00705	0.00538	0.00581	0.00565	0.00695	0.00507	0.00403	0.00937	0.09644	0.03464	0.08365	0.07452	0.42833	0.20095	0.00974	0.00229	0.00309	0.00866	0.00417	0.00424
13	0.00577	0.00415	0.00548	0.00649	0.00683	0.00386	0.00436	0.00665	0.00923	0.01230	0.05349	0.77995	0.05497	0.01451	0.00599	0.00189	0.00271	0.01313	0.00441	0.00386
14	0.00664	0.00448	0.00521	0.00542	0.00547	0.00443	0.00315	0.00680	0.00728	0.00970	0.01701	0.18577	0.01986	0.67567	0.02052	0.00406	0.00422	0.00812	0.00315	0.00305
15	0.01168	0.00845	0.00937	0.00807	0.00992	0.00902	0.00603	0.36612	0.01458	0.01951	0.03687	0.18751	0.03010	0.24862	0.01063	0.00244	0.00438	0.00711	0.00411	0.00549
16	0.26008	0.00793	0.00801	0.00685	0.00919	0.00829	0.00531	0.14626	0.01156	0.13653	0.01858	0.02127	0.15881	0.17233	0.00822	0.00210	0.00392	0.00542	0.00393	0.00538
17	0.12629	0.00910	0.01102	0.00856	0.01214	0.00878	0.00707	0.16068	0.01438	0.56879	0.01578	0.01414	0.01019	0.00562	0.00451	0.00145	0.00418	0.00438	0.00527	0.00766
18	0.02061	0.00890	0.01149	0.00881	0.01248	0.00824	0.00728	0.15317	0.01497	0.67588	0.01736	0.01525	0.01105	0.00581	0.00474	0.00145	0.00421	0.00466	0.00565	0.00802
19	0.00800	0.00555	0.00608	0.00573	0.00726	0.00536	0.00441	0.07449	0.03282	0.01723	0.21703	0.03189	0.28373	0.00896	0.00488	0.00144	0.00264	0.03534	0.24251	0.00465
20	0.00879	0.00439	0.00439	0.00439	0.00549	0.00439	0.00330	0.01099	0.00989	0.01758	0.01538	0.01758	0.01209	0.00549	0.00330	0.00110	0.00220	0.00439	0.86047	0.00439
21	0.00582	0.00416	0.00554	0.00652	0.00685	0.00388	0.00438	0.00675	0.00936	0.01257	0.08635	0.76933	0.03222	0.01437	0.00598	0.00188	0.00270	0.01302	0.00444	0.00388
22	0.04152	0.01039	0.01406	0.45964	0.05161	0.07347	0.04764	0.12447	0.03685	0.05138	0.00977	0.01237	0.00726	0.00493	0.00461	0.00149	0.00594	0.00418	0.03248	0.00594
23	0.26130	0.01197	0.01258	0.06506	0.15718	0.09885	0.00897	0.22096	0.04868	0.05774	0.00957	0.01061	0.00721	0.00492	0.00414	0.00142	0.00513	0.00369	0.00341	0.00660
24	0.00970	0.08758	0.74882	0.01302	0.01976	0.01155	0.01669	0.01487	0.00993	0.01463	0.00831	0.00977	0.00598	0.00444	0.00437	0.00146	0.00682	0.00341	0.00199	0.00690
25	0.00950	0.00891	0.01499	0.51688	0.26649	0.01018	0.01284	0.01236	0.00980	0.01307	0.00990	0.07594	0.00858	0.00534	0.00480	0.00155	0.00580	0.00491	0.00235	0.00581
26	0.01079	0.10046	0.29608	0.15898	0.01926	0.01058	0.07269	0.01426	0.01032	0.10100	0.01233	0.02622	0.03087	0.00590	0.00509	0.00156	0.03198	0.08265	0.00280	0.00618
27	0.01004	0.00970	0.01694	0.48498	0.29986	0.01084	0.07385	0.01313	0.01001	0.01345	0.00864	0.01227	0.00676	0.00448	0.00476	0.00151	0.00618	0.00430	0.00220	0.00610
28	0.00965	0.07459	0.76137	0.01311	0.01989	0.01143	0.01684	0.01488	0.00993	0.01469	0.00834	0.00981	0.00598	0.00445	0.00439	0.00146	0.00685	0.00342	0.00199	0.00691

[dist]
# distance from previous block
# <min> <max>
1	4

[block]
# block no. 6 follows, 54 sequences, length 9
# corresponding to MSA columns:
# 558-566
name=unknown_G
#
# <colnr> <probs for GDERKNQSTAVLIFYWHMCP>
#	G	D	E	R	K	N	Q	S	T	A	V	L	I	F	Y	W	H	M	C	P
0	0.01401	0.00896	0.01391	0.01106	0.01401	0.04526	0.20512	0.01658	0.04548	0.32720	0.01772	0.22788	0.01548	0.00768	0.00526	0.00161	0.00488	0.00716	0.00437	0.00636
1	0.04976	0.07866	0.01130	0.00889	0.01117	0.10378	0.08015	0.01166	0.01056	0.03909	0.05172	0.20869	0.06791	0.00868	0.00500	0.00152	0.00449	0.12054	0.00355	0.12289
2	0.13447	0.02064	0.01248	0.01133	0.01383	0.70472	0.00856	0.01814	0.01263	0.01286	0.00719	0.00839	0.00594	0.00479	0.00407	0.00125	0.00784	0.00297	0.00250	0.00542
3	0.00686	0.00498	0.00664	0.00724	0.00823	0.00476	0.00584	0.00873	0.01123	0.01499	0.24478	0.18327	0.09309	0.01230	0.00609	0.00189	0.00332	0.36694	0.00459	0.00425
4	0.01113	0.01272	0.02782	0.01987	0.02464	0.01192	0.78776	0.01510	0.01113	0.01510	0.00954	0.01272	0.00715	0.00397	0.00556	0.00159	0.00795	0.00556	0.00238	0.00636
5	0.00674	0.00505	0.00758	0.00758	0.00842	0.00589	0.00589	0.00842	0.00758	0.01095	0.01263	0.01852	0.01179	0.03536	0.81561	0.00758	0.01263	0.00505	0.00253	0.00421
6	0.00566	0.00445	0.00511	0.00564	0.00660	0.00391	0.00397	0.00667	0.00991	0.01240	0.03719	0.42691	0.42826	0.01332	0.00579	0.00175	0.00256	0.01163	0.00438	0.00391
7	0.00752	0.00538	0.00749	0.00845	0.00954	0.00534	0.00733	0.00970	0.01106	0.01452	0.09060	0.05167	0.02860	0.01274	0.00643	0.00211	0.00416	0.70859	0.00441	0.00435
8	0.12771	0.00848	0.00939	0.00688	0.01089	0.00688	0.00552	0.01215	0.00954	0.01616	0.00813	0.00949	0.00673	0.00361	0.00341	0.00080	0.00351	0.00276	0.00281	0.74516

[dist]
# distance from previous block
# <min> <max>
1	39

[block]
# block no. 7 follows, 54 sequences, length 6
# corresponding to MSA columns:
# 606-611
name=unknown_H
#
# <colnr> <probs for GDERKNQSTAVLIFYWHMCP>
#	G	D	E	R	K	N	Q	S	T	A	V	L	I	F	Y	W	H	M	C	P
0	0.00827	0.00696	0.01117	0.01421	0.25568	0.00754	0.00856	0.01030	0.00856	0.01233	0.01146	0.01640	0.01045	0.02569	0.56385	0.00566	0.01045	0.00479	0.00247	0.00522
1	0.01122	0.00924	0.01055	0.00767	0.01179	0.00777	0.00619	0.14985	0.01198	0.01791	0.00890	0.01005	0.00717	0.00388	0.00371	0.00083	0.00379	0.00305	0.00313	0.71133
2	0.01130	0.01225	0.02513	0.02269	0.26687	0.01170	0.54769	0.01491	0.01101	0.01520	0.00933	0.01239	0.00725	0.00404	0.00529	0.00153	0.00722	0.00514	0.00237	0.00670
3	0.01167	0.01120	0.01914	0.02894	0.80488	0.01120	0.01447	0.01447	0.01074	0.01540	0.00887	0.01167	0.00747	0.00420	0.00467	0.00140	0.00560	0.00420	0.00233	0.00747
4	0.00975	0.01027	0.02114	0.01554	0.01918	0.00960	0.54458	0.01318	0.01182	0.01628	0.25568	0.01970	0.01874	0.00573	0.00556	0.00156	0.00617	0.00648	0.00326	0.00577
5	0.00940	0.00914	0.01647	0.01221	0.01569	0.00814	0.34199	0.01234	0.01147	0.01635	0.25538	0.01894	0.01870	0.00561	0.00503	0.00133	0.00502	0.00577	0.00336	0.22767

[dist]
# distance from previous block
# <min> <max>
4	17

[block]
# block no. 8 follows, 54 sequences, length 6
# corresponding to MSA columns:
# 630-635
name=unknown_I
#
# <colnr> <probs for GDERKNQSTAVLIFYWHMCP>
#	G	D	E	R	K	N	Q	S	T	A	V	L	I	F	Y	W	H	M	C	P
0	0.47280	0.00859	0.00890	0.00757	0.01007	0.00956	0.04324	0.01276	0.00894	0.06162	0.01465	0.01544	0.14568	0.00622	0.00527	0.00153	0.11038	0.00433	0.00319	0.04925
1	0.01178	0.00950	0.00958	0.00752	0.01067	0.11113	0.00574	0.01336	0.01022	0.11804	0.01072	0.01413	0.00926	0.14962	0.00735	0.00154	0.00440	0.00379	0.00316	0.48849
2	0.00688	0.00495	0.00683	0.00697	0.00759	0.00543	0.00518	0.00812	0.00778	0.01080	0.01491	0.02681	0.01542	0.27759	0.46767	0.00595	0.00908	0.10534	0.00286	0.00381
3	0.00674	0.00505	0.00758	0.00758	0.00842	0.00589	0.00589	0.00842	0.00758	0.01095	0.01263	0.01852	0.01179	0.03536	0.81561	0.00758	0.01263	0.00505	0.00253	0.00421
4	0.12500	0.01092	0.01313	0.01116	0.01262	0.01378	0.00914	0.15027	0.12167	0.01744	0.00940	0.01174	0.00792	0.00728	0.01054	0.00188	0.45251	0.00424	0.00317	0.00619
5	0.43487	0.15502	0.01185	0.00781	0.01105	0.01264	0.00663	0.13905	0.11569	0.05200	0.00948	0.00988	0.00723	0.00485	0.00355	0.00139	0.00416	0.00327	0.00341	0.00617

[dist]
# distance from previous block
# <min> <max>
6	40

# created by:
# /st0/software/busco_prod/Augustus/scripts/msa2prfl.pl ./align_prep/95142.fa
