[name]
unknown

[dist]
# distance from previous block
# <min> <max>
0	30

[block]
# block no. 0 follows, 64 sequences, length 65
# corresponding to MSA columns:
# 31-50,52-96
name=unknown_A
#
# <colnr> <probs for GDERKNQSTAVLIFYWHMCP>
#	G	D	E	R	K	N	Q	S	T	A	V	L	I	F	Y	W	H	M	C	P
0	0.00578	0.00425	0.00542	0.00521	0.00622	0.00389	0.00393	0.00761	0.01133	0.01575	0.68894	0.04873	0.13052	0.00893	0.00494	0.00135	0.00205	0.03685	0.00445	0.00386
1	0.01010	0.54476	0.31033	0.00882	0.01327	0.01391	0.01003	0.01286	0.02229	0.01111	0.00656	0.00756	0.00543	0.00373	0.00315	0.00105	0.00503	0.00257	0.00181	0.00564
2	0.01478	0.15949	0.01344	0.01010	0.01248	0.70029	0.00787	0.01589	0.01121	0.01010	0.00631	0.00735	0.00535	0.00416	0.00356	0.00104	0.00698	0.00260	0.00208	0.00490
3	0.01864	0.00707	0.00964	0.00739	0.01060	0.00611	0.00611	0.02024	0.01189	0.83099	0.01639	0.01414	0.01028	0.00514	0.00418	0.00129	0.00353	0.00418	0.00514	0.00707
4	0.00722	0.00361	0.00541	0.00541	0.00541	0.00361	0.00361	0.00541	0.00541	0.00722	0.00722	0.01263	0.00722	0.01443	0.01623	0.87915	0.00361	0.00361	0.00180	0.00180
5	0.01466	0.02212	0.07095	0.01011	0.05827	0.01078	0.01942	0.48997	0.03837	0.16585	0.01152	0.04946	0.00854	0.00521	0.00419	0.00128	0.00442	0.00416	0.00397	0.00674
6	0.00565	0.00407	0.00548	0.00640	0.00695	0.00390	0.00487	0.00683	0.00861	0.01130	0.02336	0.52278	0.05922	0.01235	0.00545	0.00176	0.00292	0.30075	0.00384	0.00354
7	0.00998	0.01010	0.05382	0.04755	0.69583	0.00967	0.01221	0.01305	0.05344	0.01377	0.03481	0.01119	0.00788	0.00399	0.00414	0.00125	0.00482	0.00385	0.00224	0.00641
8	0.00511	0.00428	0.00448	0.00443	0.00581	0.00360	0.00331	0.00624	0.00952	0.01166	0.09775	0.08352	0.69716	0.01027	0.00487	0.00139	0.00214	0.00864	0.00386	0.03194
9	0.00861	0.00738	0.00861	0.00615	0.00984	0.00554	0.00492	0.01046	0.00861	0.01354	0.00738	0.00861	0.00615	0.00308	0.00308	0.00062	0.00308	0.00246	0.00246	0.87941
10	0.02746	0.02805	0.44238	0.01273	0.14845	0.00901	0.02300	0.04366	0.00976	0.12371	0.03302	0.01040	0.00728	0.00417	0.00395	0.00125	0.00515	0.00344	0.00250	0.06063
11	0.00604	0.00403	0.00453	0.00453	0.00453	0.00403	0.00252	0.00604	0.00604	0.00805	0.01309	0.02718	0.01510	0.85402	0.02114	0.00403	0.00403	0.00604	0.00252	0.00252
12	0.00999	0.00947	0.01542	0.12040	0.59512	0.00987	0.02997	0.01387	0.12771	0.01377	0.00910	0.01116	0.00734	0.00403	0.00415	0.00128	0.00481	0.00387	0.00235	0.00632
13	0.00966	0.00960	0.08083	0.01212	0.17643	0.00753	0.11472	0.02242	0.00925	0.05319	0.00808	0.00959	0.00640	0.00345	0.00367	0.00094	0.00427	0.00318	0.00242	0.46225
14	0.08474	0.04679	0.60219	0.01158	0.03989	0.00985	0.05999	0.01365	0.04819	0.03410	0.00800	0.00917	0.00578	0.00400	0.00386	0.00130	0.00564	0.00320	0.00206	0.00599
15	0.01079	0.72441	0.02036	0.00770	0.01070	0.01586	0.00742	0.01206	0.00812	0.00981	0.00572	0.00704	0.00535	0.00413	0.00437	0.00103	0.13570	0.00244	0.00178	0.00521
16	0.01410	0.01741	0.01085	0.01006	0.01203	0.70683	0.00765	0.01528	0.01141	0.01054	0.00927	0.01290	0.03063	0.00526	0.00398	0.00117	0.00683	0.09100	0.01814	0.00465
17	0.00882	0.00770	0.00965	0.00875	0.11849	0.00622	0.00598	0.01102	0.03282	0.01361	0.00838	0.00963	0.02190	0.00338	0.00328	0.00074	0.00331	0.00281	0.00249	0.72104
18	0.01017	0.01170	0.05793	0.01144	0.01246	0.14885	0.07229	0.01152	0.00766	0.01046	0.00595	0.00897	0.00549	0.00630	0.01079	0.00163	0.59621	0.00354	0.00189	0.00476
19	0.40010	0.00821	0.00935	0.31845	0.01639	0.00971	0.00762	0.08783	0.07919	0.01625	0.00774	0.00942	0.00584	0.00423	0.00345	0.00133	0.00421	0.00314	0.00259	0.00496
20	0.00521	0.00372	0.00499	0.00595	0.00626	0.00350	0.00411	0.00604	0.00810	0.01077	0.02281	0.77853	0.02715	0.01287	0.00534	0.00171	0.00254	0.08313	0.00385	0.00341
21	0.00560	0.00382	0.00501	0.00562	0.00610	0.00353	0.00385	0.00637	0.00846	0.03159	0.11570	0.63165	0.08534	0.01219	0.00579	0.04918	0.00243	0.01046	0.00386	0.00345
22	0.00857	0.09337	0.73497	0.01158	0.03195	0.01015	0.01441	0.01301	0.00880	0.01292	0.01958	0.00895	0.00580	0.00398	0.00385	0.00128	0.00591	0.00307	0.00180	0.00604
23	0.00844	0.02074	0.77429	0.01225	0.01825	0.00971	0.07282	0.01317	0.00884	0.01317	0.00752	0.00895	0.00534	0.00391	0.00402	0.00132	0.00620	0.00320	0.00178	0.00610
24	0.01579	0.01163	0.01247	0.00956	0.01288	0.01288	0.00789	0.81426	0.01953	0.02618	0.00997	0.00997	0.00706	0.00499	0.00416	0.00125	0.00457	0.00374	0.00416	0.00706
25	0.01447	0.01064	0.01197	0.01040	0.08230	0.01163	0.00782	0.62108	0.06104	0.04539	0.01059	0.01102	0.00776	0.01934	0.00437	0.00129	0.00434	0.00385	0.05396	0.00674
26	0.00604	0.00403	0.00453	0.00453	0.00453	0.00403	0.00252	0.00604	0.00604	0.00805	0.01309	0.02718	0.01510	0.85402	0.02114	0.00403	0.00403	0.00604	0.00252	0.00252
27	0.01777	0.00830	0.00998	0.00777	0.01088	0.05204	0.00637	0.12932	0.01285	0.65246	0.01488	0.01324	0.00958	0.00506	0.00411	0.00126	0.00385	0.00403	0.02941	0.00686
28	0.00975	0.00826	0.00866	0.00783	0.01003	0.00938	0.00608	0.03296	0.68768	0.01681	0.01919	0.01789	0.09511	0.00608	0.00423	0.00139	0.00313	0.00506	0.04433	0.00615
29	0.00519	0.00371	0.00495	0.00584	0.00616	0.00347	0.00399	0.00604	0.00826	0.01106	0.07216	0.76349	0.02803	0.01266	0.00530	0.00167	0.00245	0.04825	0.00390	0.00343
30	0.00604	0.00403	0.00453	0.00453	0.00453	0.00403	0.00252	0.00604	0.00604	0.00805	0.01309	0.02718	0.01510	0.85402	0.02114	0.00403	0.00403	0.00604	0.00252	0.00252
31	0.00861	0.00738	0.00861	0.00615	0.00984	0.00554	0.00492	0.01046	0.00861	0.01354	0.00738	0.00861	0.00615	0.00308	0.00308	0.00062	0.00308	0.00246	0.00246	0.87941
32	0.01069	0.00989	0.01742	0.03934	0.64031	0.00979	0.12764	0.02442	0.00976	0.05796	0.00838	0.01063	0.00673	0.00378	0.00423	0.00126	0.00516	0.00390	0.00226	0.00643
33	0.00593	0.00445	0.00668	0.00668	0.00742	0.00519	0.00519	0.00742	0.00668	0.00964	0.01113	0.01632	0.01038	0.03115	0.83756	0.00668	0.01113	0.00445	0.00223	0.00371
34	0.00788	0.00745	0.01268	0.82860	0.02848	0.00925	0.02651	0.01066	0.00833	0.01066	0.00740	0.01108	0.00555	0.00414	0.00417	0.00138	0.00556	0.00371	0.00185	0.00463
35	0.00833	0.02149	0.83250	0.01184	0.01798	0.00965	0.01535	0.01315	0.00877	0.01315	0.00745	0.00877	0.00526	0.00395	0.00395	0.00132	0.00614	0.00307	0.00175	0.00614
36	0.01002	0.01157	0.10350	0.04983	0.26542	0.02634	0.36308	0.01307	0.00947	0.03613	0.00813	0.01052	0.00631	0.00382	0.00475	0.00132	0.03613	0.00411	0.00213	0.03437
37	0.00593	0.00445	0.00668	0.00668	0.00742	0.00519	0.00519	0.00742	0.00668	0.00964	0.01113	0.01632	0.01038	0.03115	0.83756	0.00668	0.01113	0.00445	0.00223	0.00371
38	0.00508	0.00370	0.00480	0.00567	0.00604	0.00342	0.00385	0.00586	0.00813	0.01070	0.02476	0.75520	0.10572	0.01274	0.00527	0.00166	0.00241	0.02776	0.00386	0.00340
39	0.01012	0.00982	0.01555	0.20420	0.59551	0.04811	0.01215	0.03140	0.00955	0.01306	0.00771	0.01032	0.00631	0.00386	0.00411	0.00126	0.00518	0.00365	0.00206	0.00608
40	0.02257	0.01842	0.60939	0.01356	0.07768	0.00971	0.14407	0.01330	0.00904	0.03262	0.00782	0.00937	0.00563	0.00388	0.00410	0.00132	0.00608	0.00343	0.00193	0.00608
41	0.00784	0.00516	0.00606	0.00557	0.00654	0.00569	0.00436	0.05276	0.00950	0.01510	0.16760	0.01829	0.05032	0.00705	0.03381	0.00139	0.12567	0.00475	0.46842	0.00413
42	0.00722	0.00361	0.00541	0.00541	0.00541	0.00361	0.00361	0.00541	0.00541	0.00722	0.00722	0.01263	0.00722	0.01443	0.01623	0.87915	0.00361	0.00361	0.00180	0.00180
43	0.00881	0.00751	0.00881	0.02537	0.01036	0.00584	0.00516	0.03397	0.00893	0.01384	0.00746	0.00871	0.00616	0.00316	0.00313	0.00065	0.00318	0.00253	0.00250	0.83393
44	0.00522	0.00386	0.00534	0.00610	0.00642	0.00367	0.01982	0.00600	0.00796	0.01065	0.02231	0.82051	0.02668	0.01273	0.00544	0.00168	0.01685	0.01153	0.00379	0.00344
45	0.00578	0.00424	0.00542	0.00512	0.00615	0.00388	0.00384	0.00765	0.01153	0.01611	0.74777	0.03192	0.11768	0.00869	0.00490	0.00132	0.00197	0.00764	0.00450	0.00388
46	0.00953	0.01160	0.09878	0.03025	0.12124	0.01002	0.57385	0.01309	0.02453	0.01351	0.04513	0.01183	0.00782	0.00384	0.00469	0.00137	0.00635	0.00467	0.00221	0.00570
47	0.01054	0.01074	0.04382	0.02321	0.66465	0.04031	0.09782	0.02368	0.00972	0.02401	0.00795	0.01027	0.00652	0.00374	0.00418	0.00125	0.00527	0.00378	0.00212	0.00641
48	0.01357	0.00746	0.00894	0.00773	0.03620	0.01882	0.00595	0.11165	0.14920	0.35831	0.08714	0.01668	0.05713	0.00570	0.00414	0.00127	0.00333	0.00469	0.09596	0.00613
49	0.00519	0.00370	0.00491	0.00578	0.00607	0.00347	0.00391	0.00599	0.00813	0.01089	0.06306	0.75700	0.02755	0.04012	0.00581	0.00175	0.00249	0.03698	0.00385	0.00339
50	0.07371	0.16949	0.20175	0.01069	0.08443	0.08671	0.04552	0.06692	0.04560	0.13212	0.02270	0.02638	0.00756	0.00442	0.00375	0.00121	0.00493	0.00348	0.00274	0.00589
51	0.05269	0.13268	0.49169	0.01094	0.05403	0.01034	0.02223	0.05134	0.02657	0.08226	0.00851	0.02416	0.00637	0.00422	0.00378	0.00126	0.00530	0.00328	0.00230	0.00604
52	0.00840	0.00798	0.01142	0.00990	0.01023	0.01067	0.03200	0.02136	0.00671	0.01017	0.00716	0.01152	0.00698	0.05038	0.18856	0.00293	0.59337	0.00396	0.00198	0.00434
53	0.16354	0.00843	0.01009	0.02831	0.01019	0.05235	0.02640	0.02724	0.00781	0.11462	0.00836	0.01209	0.00743	0.12627	0.03184	0.00203	0.35203	0.00381	0.00255	0.00464
54	0.00506	0.00409	0.00450	0.00466	0.00577	0.00353	0.00340	0.00617	0.00946	0.01180	0.13914	0.20240	0.56398	0.01076	0.00499	0.00145	0.00215	0.00922	0.00395	0.00353
55	0.00949	0.00893	0.01442	0.06276	0.61335	0.01805	0.01095	0.01225	0.04693	0.01377	0.09699	0.02494	0.03954	0.00470	0.00424	0.00127	0.00447	0.00443	0.00250	0.00603
56	0.05492	0.00705	0.00936	0.00722	0.01037	0.00619	0.00595	0.01951	0.01156	0.76472	0.01570	0.01374	0.00996	0.00504	0.00406	0.00127	0.00348	0.00406	0.02167	0.02417
57	0.00865	0.07295	0.71773	0.01149	0.01722	0.01013	0.03339	0.01360	0.05278	0.01317	0.00788	0.00906	0.00569	0.00400	0.00390	0.00130	0.00590	0.00315	0.00190	0.00610
58	0.00514	0.00367	0.00491	0.00587	0.00614	0.00344	0.00399	0.00591	0.00803	0.01069	0.02285	0.81456	0.02731	0.01294	0.00532	0.00170	0.00247	0.04782	0.00385	0.00339
59	0.01133	0.81447	0.02126	0.00729	0.01077	0.05769	0.00715	0.01265	0.00861	0.00979	0.00581	0.00670	0.00533	0.00359	0.00272	0.00090	0.00460	0.00224	0.00180	0.00530
60	0.00554	0.00402	0.00518	0.00580	0.00629	0.00386	0.00400	0.00710	0.05269	0.01211	0.16240	0.64793	0.02841	0.01168	0.00513	0.00159	0.00237	0.01053	0.01973	0.00365
61	0.00541	0.00427	0.00505	0.02495	0.00657	0.00384	0.00389	0.00681	0.01000	0.01292	0.28466	0.12452	0.42356	0.01006	0.00498	0.00143	0.00228	0.05710	0.00403	0.00367
62	0.05578	0.01985	0.73085	0.01183	0.03642	0.00952	0.03432	0.01294	0.00870	0.01341	0.00772	0.02653	0.00575	0.00412	0.00393	0.00132	0.00589	0.00327	0.00186	0.00599
63	0.88336	0.00803	0.00611	0.00546	0.00803	0.00932	0.00450	0.01221	0.00707	0.01864	0.00578	0.00675	0.00450	0.00386	0.00257	0.00129	0.00321	0.00225	0.00257	0.00450
64	0.01522	0.01163	0.01201	0.00938	0.01253	0.05039	0.00768	0.70683	0.06748	0.02461	0.01033	0.01035	0.00743	0.00499	0.00411	0.00124	0.00455	0.00375	0.02866	0.00684

[dist]
# distance from previous block
# <min> <max>
0	4

[block]
# block no. 1 follows, 64 sequences, length 155
# corresponding to MSA columns:
# 101-255
name=unknown_B
#
# <colnr> <probs for GDERKNQSTAVLIFYWHMCP>
#	G	D	E	R	K	N	Q	S	T	A	V	L	I	F	Y	W	H	M	C	P
0	0.00648	0.00465	0.00643	0.00735	0.00826	0.00460	0.00630	0.00825	0.00941	0.01222	0.02280	0.12152	0.05298	0.01158	0.00567	0.00187	0.00363	0.69840	0.00383	0.00377
1	0.00965	0.00866	0.03532	0.02472	0.02980	0.00936	0.00672	0.03715	0.62079	0.01691	0.10987	0.03532	0.02537	0.00604	0.00432	0.00139	0.00330	0.00511	0.00408	0.00612
2	0.00588	0.00425	0.00555	0.00523	0.00621	0.00392	0.00392	0.00784	0.01176	0.01666	0.82592	0.03103	0.03919	0.00849	0.00490	0.00131	0.00196	0.00751	0.00457	0.00392
3	0.00992	0.00912	0.01530	0.17902	0.60771	0.00947	0.01196	0.02494	0.00941	0.03175	0.00849	0.01191	0.00714	0.01579	0.00441	0.00132	0.00496	0.02912	0.00218	0.00608
4	0.01047	0.00899	0.00947	0.00848	0.01086	0.01040	0.00661	0.04285	0.79959	0.01761	0.01672	0.01535	0.01253	0.00562	0.00422	0.00140	0.00332	0.00467	0.00422	0.00659
5	0.01041	0.00896	0.00943	0.00847	0.01083	0.01037	0.00659	0.03301	0.80954	0.01750	0.01681	0.01542	0.01260	0.00563	0.00423	0.00141	0.00331	0.00468	0.00423	0.00658
6	0.00794	0.00748	0.01263	0.81142	0.06046	0.00925	0.01158	0.01070	0.00835	0.01073	0.00740	0.01104	0.00558	0.00413	0.00415	0.00138	0.00551	0.00369	0.00185	0.00469
7	0.01044	0.01007	0.01636	0.04766	0.74635	0.03170	0.01237	0.02824	0.01999	0.01364	0.00789	0.01027	0.00659	0.00383	0.00424	0.00124	0.01686	0.00369	0.00212	0.00646
8	0.01033	0.00892	0.00939	0.00845	0.01080	0.01033	0.00657	0.02207	0.82061	0.01738	0.01691	0.01550	0.01268	0.00564	0.00423	0.00141	0.00329	0.00470	0.00423	0.00657
9	0.00719	0.00363	0.00544	0.00544	0.00546	0.00364	0.00364	0.00546	0.00544	0.00727	0.00730	0.01271	0.00728	0.01480	0.03419	0.86007	0.00377	0.00363	0.00181	0.00185
10	0.01111	0.85652	0.02177	0.00711	0.01066	0.01644	0.00711	0.01244	0.00844	0.00977	0.00577	0.00666	0.00533	0.00355	0.00267	0.00089	0.00444	0.00222	0.00178	0.00533
11	0.00861	0.00738	0.00861	0.00615	0.00984	0.00554	0.00492	0.01046	0.00861	0.01354	0.00738	0.00861	0.00615	0.00308	0.00308	0.00062	0.00308	0.00246	0.00246	0.87941
12	0.00637	0.00478	0.00684	0.00673	0.00756	0.00552	0.00520	0.03345	0.02845	0.01031	0.01132	0.01654	0.01053	0.06342	0.75560	0.00626	0.01042	0.00450	0.00235	0.00384
13	0.00504	0.00424	0.00438	0.00443	0.00579	0.00359	0.00337	0.00616	0.00955	0.01146	0.06604	0.04006	0.75809	0.01051	0.00495	0.00143	0.00219	0.05132	0.00388	0.00354
14	0.00494	0.00421	0.00425	0.00424	0.00563	0.00352	0.00318	0.00603	0.00955	0.01141	0.06945	0.03966	0.79893	0.01045	0.00491	0.00140	0.00210	0.00872	0.00388	0.00352
15	0.00515	0.00414	0.00459	0.00468	0.00583	0.00359	0.00346	0.00634	0.00969	0.01219	0.18764	0.15176	0.55148	0.01050	0.00498	0.00143	0.00215	0.02283	0.00399	0.00357
16	0.01028	0.00987	0.01686	0.02550	0.82811	0.00987	0.01275	0.01275	0.00946	0.01357	0.00781	0.01028	0.00658	0.00370	0.00411	0.00123	0.00493	0.00370	0.00206	0.00658
17	0.01846	0.00735	0.00981	0.00752	0.01074	0.00652	0.00621	0.06859	0.01235	0.78198	0.01600	0.01388	0.01009	0.00513	0.00418	0.00128	0.00360	0.00415	0.00508	0.00707
18	0.00789	0.00743	0.01254	0.82815	0.04413	0.00924	0.01156	0.01065	0.00833	0.01067	0.00739	0.01106	0.00556	0.00414	0.00415	0.00138	0.00553	0.00369	0.00185	0.00465
19	0.01108	0.84011	0.02182	0.00731	0.01088	0.01632	0.02275	0.01245	0.00847	0.00984	0.00583	0.00675	0.00535	0.00355	0.00271	0.00090	0.00449	0.00227	0.00178	0.00534
20	0.00633	0.00450	0.00614	0.00691	0.00768	0.00444	0.00569	0.00790	0.00918	0.01210	0.08232	0.16777	0.02487	0.08294	0.00691	0.00201	0.00348	0.55141	0.00378	0.00365
21	0.00516	0.00426	0.00456	0.00468	0.00599	0.00367	0.00361	0.00634	0.00955	0.01159	0.07451	0.05859	0.68213	0.01059	0.00501	0.00146	0.00230	0.09856	0.00389	0.00356
22	0.01007	0.00966	0.01648	0.09598	0.75926	0.00981	0.01264	0.01256	0.00936	0.01332	0.00778	0.01035	0.00649	0.00374	0.00412	0.00125	0.00499	0.00370	0.00204	0.00641
23	0.00506	0.00361	0.00482	0.00578	0.00602	0.00337	0.00386	0.00578	0.00795	0.01060	0.02289	0.85131	0.02747	0.01301	0.00530	0.00169	0.00241	0.01181	0.00386	0.00337
24	0.00573	0.00409	0.00558	0.00655	0.00708	0.00395	0.00501	0.00694	0.00861	0.01135	0.02253	0.52286	0.02602	0.01239	0.00548	0.00178	0.00299	0.33369	0.00384	0.00356
25	0.01665	0.01026	0.01162	0.00891	0.01220	0.01084	0.00736	0.57535	0.01723	0.26833	0.01190	0.01123	0.00803	0.00503	0.00416	0.00126	0.00426	0.00387	0.00445	0.00707
26	0.00784	0.00738	0.01246	0.84404	0.02861	0.00923	0.01154	0.01061	0.00831	0.01061	0.00738	0.01107	0.00554	0.00415	0.00415	0.00138	0.00554	0.00369	0.00185	0.00461
27	0.01541	0.01133	0.01224	0.00964	0.02676	0.01252	0.00781	0.77236	0.01898	0.02559	0.01006	0.01017	0.00718	0.00496	0.00411	0.00124	0.00449	0.00374	0.03448	0.00694
28	0.00588	0.00425	0.00555	0.00523	0.00621	0.00392	0.00392	0.00784	0.01176	0.01666	0.82592	0.03103	0.03919	0.00849	0.00490	0.00131	0.00196	0.00751	0.00457	0.00392
29	0.00861	0.00738	0.00861	0.00615	0.00984	0.00554	0.00492	0.01046	0.00861	0.01354	0.00738	0.00861	0.00615	0.00308	0.00308	0.00062	0.00308	0.00246	0.00246	0.87941
30	0.00599	0.00412	0.00504	0.00506	0.00525	0.00427	0.00318	0.00638	0.00635	0.00866	0.03073	0.04383	0.01485	0.63023	0.20478	0.00451	0.00555	0.00585	0.00253	0.00284
31	0.00833	0.02149	0.83250	0.01184	0.01798	0.00965	0.01535	0.01315	0.00877	0.01315	0.00745	0.00877	0.00526	0.00395	0.00395	0.00132	0.00614	0.00307	0.00175	0.00614
32	0.00978	0.01100	0.02329	0.01680	0.02069	0.01063	0.73745	0.01341	0.03780	0.01325	0.00852	0.01123	0.00647	0.00380	0.00539	0.00143	0.05650	0.00482	0.00216	0.00557
33	0.01859	0.00715	0.00969	0.00743	0.01064	0.00622	0.00614	0.03365	0.01202	0.81740	0.01628	0.01407	0.01023	0.00514	0.00418	0.00128	0.00355	0.00417	0.00512	0.00707
34	0.00818	0.00651	0.01003	0.03278	0.21426	0.00629	0.05496	0.03129	0.01079	0.06103	0.35682	0.04288	0.09614	0.00702	0.00467	0.00134	0.00337	0.04309	0.00363	0.00491
35	0.00844	0.00800	0.01354	0.64219	0.22576	0.00939	0.01183	0.01114	0.00859	0.01134	0.00749	0.01088	0.00579	0.00404	0.00414	0.00135	0.00539	0.00369	0.00190	0.00510
36	0.00586	0.00425	0.00553	0.00521	0.00620	0.00391	0.00391	0.00781	0.01172	0.01657	0.81378	0.03117	0.05139	0.00852	0.00490	0.00131	0.00196	0.00753	0.00456	0.00391
37	0.00510	0.00365	0.00487	0.00583	0.00609	0.00341	0.00393	0.00586	0.00799	0.01065	0.02287	0.83017	0.02738	0.01297	0.00531	0.00169	0.00245	0.03253	0.00385	0.00339
38	0.00955	0.07469	0.28940	0.01489	0.03350	0.02969	0.46131	0.01326	0.00941	0.01294	0.00785	0.00998	0.00587	0.00367	0.00439	0.00133	0.00651	0.00404	0.00196	0.00576
39	0.01111	0.85652	0.02177	0.00711	0.01066	0.01644	0.00711	0.01244	0.00844	0.00977	0.00577	0.00666	0.00533	0.00355	0.00267	0.00089	0.00444	0.00222	0.00178	0.00533
40	0.03950	0.35459	0.45085	0.00969	0.01453	0.04218	0.01142	0.01296	0.00869	0.01188	0.00669	0.00781	0.00527	0.00380	0.00338	0.00113	0.00541	0.00269	0.00180	0.00571
41	0.00554	0.00470	0.00483	0.00476	0.00606	0.02564	0.00359	0.00691	0.02012	0.01232	0.19471	0.03700	0.59298	0.02846	0.00525	0.00145	0.00233	0.03577	0.00393	0.00365
42	0.61268	0.02527	0.00796	0.00653	0.00922	0.01019	0.00536	0.19637	0.04192	0.01990	0.00735	0.00831	0.00567	0.02403	0.00343	0.00134	0.00357	0.00278	0.00298	0.00514
43	0.01224	0.00633	0.00716	0.00597	0.00801	0.00634	0.00478	0.18178	0.01181	0.22745	0.01353	0.01398	0.00980	0.00495	0.00349	0.00111	0.00290	0.00392	0.46908	0.00537
44	0.01111	0.85652	0.02177	0.00711	0.01066	0.01644	0.00711	0.01244	0.00844	0.00977	0.00577	0.00666	0.00533	0.00355	0.00267	0.00089	0.00444	0.00222	0.00178	0.00533
45	0.00502	0.00421	0.00436	0.00433	0.00568	0.00355	0.00324	0.00618	0.00973	0.01185	0.13243	0.03894	0.73568	0.01029	0.00491	0.00139	0.00209	0.00862	0.00394	0.00355
46	0.00493	0.00421	0.00423	0.00423	0.00562	0.00351	0.00317	0.00600	0.00951	0.01133	0.05729	0.03980	0.81115	0.01048	0.00491	0.00140	0.00210	0.00874	0.00387	0.00351
47	0.01027	0.00990	0.01701	0.02534	0.81241	0.00988	0.02833	0.01276	0.00946	0.01357	0.00782	0.01030	0.00657	0.00370	0.00413	0.00124	0.00497	0.00372	0.00206	0.00656
48	0.00493	0.00421	0.00424	0.00423	0.00562	0.00351	0.00317	0.00600	0.00951	0.01133	0.05807	0.03979	0.81037	0.01048	0.00491	0.00140	0.00210	0.00874	0.00387	0.00351
49	0.44130	0.01092	0.00958	0.00894	0.07321	0.13070	0.00662	0.24289	0.01151	0.01918	0.00723	0.00805	0.00552	0.00423	0.00331	0.00124	0.00436	0.00285	0.00292	0.00544
50	0.01488	0.01274	0.01252	0.01110	0.08518	0.15891	0.00826	0.54753	0.07166	0.02162	0.00962	0.00993	0.00710	0.00479	0.00408	0.00123	0.00503	0.00361	0.00362	0.00659
51	0.00547	0.00392	0.00494	0.00554	0.00594	0.00375	0.00380	0.00621	0.00778	0.01022	0.02208	0.46121	0.10643	0.21363	0.03560	0.00240	0.00319	0.09119	0.00348	0.00324
52	0.00654	0.00493	0.00604	0.00567	0.00685	0.00487	0.00428	0.00993	0.13449	0.01643	0.64297	0.04758	0.06007	0.00816	0.00477	0.00133	0.00218	0.00715	0.02147	0.00430
53	0.00885	0.00806	0.01272	0.65952	0.02510	0.01927	0.03066	0.06462	0.00902	0.02839	0.00756	0.01083	0.00574	0.00452	0.00510	0.00141	0.08798	0.00372	0.00207	0.00485
54	0.01404	0.03069	0.01329	0.01460	0.23079	0.60281	0.00927	0.01549	0.01110	0.01107	0.00678	0.00822	0.00568	0.00411	0.00383	0.00111	0.00676	0.00294	0.00211	0.00530
55	0.00973	0.00940	0.01558	0.24497	0.59712	0.02627	0.01233	0.01225	0.00919	0.01271	0.00767	0.01044	0.00627	0.00383	0.00412	0.00127	0.00515	0.00368	0.00200	0.00602
56	0.02188	0.15169	0.65614	0.01107	0.01664	0.01066	0.03474	0.01317	0.00878	0.02839	0.00736	0.00858	0.00538	0.00389	0.00375	0.00125	0.00580	0.00299	0.00184	0.00599
57	0.01016	0.00964	0.01579	0.06434	0.69556	0.00989	0.01199	0.01370	0.10142	0.01385	0.00882	0.01091	0.00722	0.00394	0.00413	0.00126	0.00478	0.00381	0.00229	0.00648
58	0.00604	0.00403	0.00457	0.00457	0.00458	0.00405	0.00256	0.00606	0.00605	0.00808	0.01306	0.02700	0.01502	0.84045	0.03461	0.00407	0.00414	0.00601	0.00251	0.00254
59	0.00576	0.00428	0.00530	0.00520	0.00619	0.00394	0.00385	0.00727	0.01047	0.02667	0.47169	0.16259	0.23520	0.00965	0.00513	0.00140	0.01901	0.00838	0.00423	0.00379
60	0.01023	0.00982	0.01677	0.04189	0.81210	0.00986	0.01272	0.01270	0.00943	0.01351	0.00780	0.01030	0.00656	0.00371	0.00411	0.00124	0.00495	0.00370	0.00205	0.00654
61	0.00784	0.00738	0.01246	0.84404	0.02861	0.00923	0.01154	0.01061	0.00831	0.01061	0.00738	0.01107	0.00554	0.00415	0.00415	0.00138	0.00554	0.00369	0.00185	0.00461
62	0.00784	0.00738	0.01246	0.84404	0.02861	0.00923	0.01154	0.01061	0.00831	0.01061	0.00738	0.01107	0.00554	0.00415	0.00415	0.00138	0.00554	0.00369	0.00185	0.00461
63	0.01036	0.01124	0.02261	0.01679	0.04854	0.04418	0.69382	0.02983	0.01010	0.03945	0.00888	0.02792	0.00684	0.00381	0.00480	0.00138	0.00670	0.00486	0.00227	0.00564
64	0.00784	0.00738	0.01246	0.84404	0.02861	0.00923	0.01154	0.01061	0.00831	0.01061	0.00738	0.01107	0.00554	0.00415	0.00415	0.00138	0.00554	0.00369	0.00185	0.00461
65	0.00505	0.00366	0.00477	0.00565	0.00599	0.00338	0.00380	0.00580	0.00808	0.01065	0.02446	0.78496	0.09281	0.01281	0.00527	0.00166	0.00238	0.01156	0.00386	0.00338
66	0.00493	0.00421	0.00424	0.00423	0.00562	0.00352	0.00317	0.00600	0.00952	0.01135	0.05996	0.03977	0.80846	0.01047	0.00491	0.00140	0.00210	0.00874	0.00387	0.00352
67	0.88336	0.00803	0.00611	0.00546	0.00803	0.00932	0.00450	0.01221	0.00707	0.01864	0.00578	0.00675	0.00450	0.00386	0.00257	0.00129	0.00321	0.00225	0.00257	0.00450
68	0.00874	0.00746	0.00868	0.00621	0.00990	0.00567	0.00497	0.02455	0.00880	0.01376	0.00743	0.00864	0.00617	0.00311	0.00310	0.00063	0.00310	0.00248	0.00249	0.86412
69	0.11232	0.02897	0.01162	0.01077	0.05548	0.63081	0.01813	0.02606	0.01115	0.04850	0.00693	0.00792	0.00558	0.00423	0.00366	0.00112	0.00661	0.00279	0.00234	0.00502
70	0.88336	0.00803	0.00611	0.00546	0.00803	0.00932	0.00450	0.01221	0.00707	0.01864	0.00578	0.00675	0.00450	0.00386	0.00257	0.00129	0.00321	0.00225	0.00257	0.00450
71	0.00936	0.00454	0.00510	0.00466	0.00602	0.00437	0.00360	0.02414	0.00973	0.14262	0.10609	0.01695	0.01377	0.00530	0.00335	0.00106	0.00223	0.00433	0.62836	0.00443
72	0.01064	0.00956	0.00953	0.00859	0.01092	0.05890	0.00666	0.02175	0.77311	0.01695	0.01629	0.01503	0.01225	0.00556	0.00420	0.00139	0.00353	0.00458	0.00410	0.00647
73	0.00524	0.00389	0.00552	0.00618	0.00657	0.00363	0.03200	0.00609	0.00810	0.01083	0.04003	0.80407	0.02699	0.01258	0.00528	0.00167	0.00256	0.01147	0.00381	0.00346
74	0.01028	0.00987	0.01686	0.02550	0.82811	0.00987	0.01275	0.01275	0.00946	0.01357	0.00781	0.01028	0.00658	0.00370	0.00411	0.00123	0.00493	0.00370	0.00206	0.00658
75	0.01594	0.01139	0.01232	0.00944	0.01276	0.01252	0.00780	0.77208	0.01912	0.06893	0.01031	0.01019	0.00723	0.00499	0.00416	0.00125	0.00452	0.00376	0.00421	0.00706
76	0.00512	0.00427	0.00449	0.00461	0.00589	0.00369	0.00344	0.00641	0.02801	0.01134	0.03855	0.13354	0.68627	0.01073	0.00497	0.00145	0.00223	0.03755	0.00386	0.00357
77	0.00833	0.02149	0.83250	0.01184	0.01798	0.00965	0.01535	0.01315	0.00877	0.01315	0.00745	0.00877	0.00526	0.00395	0.00395	0.00132	0.00614	0.00307	0.00175	0.00614
78	0.00506	0.00362	0.00481	0.00576	0.00602	0.00338	0.00384	0.00579	0.00798	0.01061	0.02321	0.83802	0.04056	0.01297	0.00530	0.00168	0.00240	0.01176	0.00386	0.00338
79	0.00506	0.00364	0.00480	0.00573	0.00601	0.00338	0.00383	0.00579	0.00801	0.01063	0.02359	0.82206	0.05627	0.01292	0.00529	0.00168	0.00240	0.01170	0.00386	0.00338
80	0.01053	0.00902	0.00950	0.00849	0.01088	0.01042	0.00662	0.05063	0.79173	0.01769	0.01666	0.01530	0.01248	0.00561	0.00422	0.00140	0.00333	0.00466	0.00422	0.00659
81	0.06338	0.16570	0.08486	0.01002	0.02304	0.53482	0.00836	0.04300	0.01090	0.01144	0.00650	0.00754	0.00537	0.00412	0.00353	0.00108	0.00646	0.00266	0.00214	0.00510
82	0.00774	0.00387	0.00387	0.00387	0.00484	0.00387	0.00290	0.00968	0.00871	0.01549	0.01355	0.01549	0.01065	0.00484	0.00290	0.00097	0.00194	0.00387	0.87708	0.00387
83	0.00609	0.00461	0.00677	0.00674	0.00753	0.00537	0.00524	0.00793	0.03498	0.00991	0.01133	0.01629	0.01046	0.03027	0.80858	0.00649	0.01085	0.00446	0.00229	0.00381
84	0.00581	0.00423	0.00547	0.00526	0.00623	0.00389	0.00395	0.00766	0.01140	0.01597	0.72511	0.06888	0.08191	0.00889	0.00494	0.00134	0.00204	0.02866	0.00448	0.00387
85	0.00558	0.00429	0.00636	0.00693	0.02511	0.00403	0.05098	0.00665	0.00846	0.01138	0.08603	0.68619	0.02658	0.01183	0.00524	0.00164	0.00275	0.04257	0.00377	0.00363
86	0.00586	0.00425	0.00552	0.00520	0.00619	0.00391	0.00390	0.00780	0.01171	0.01653	0.80803	0.03123	0.05716	0.00854	0.00490	0.00131	0.00196	0.00754	0.00456	0.00391
87	0.00978	0.01114	0.02413	0.01730	0.02136	0.01057	0.78741	0.01320	0.00969	0.01320	0.00831	0.01114	0.00628	0.00362	0.00518	0.00141	0.03375	0.00486	0.00209	0.00557
88	0.88336	0.00803	0.00611	0.00546	0.00803	0.00932	0.00450	0.01221	0.00707	0.01864	0.00578	0.00675	0.00450	0.00386	0.00257	0.00129	0.00321	0.00225	0.00257	0.00450
89	0.01223	0.01359	0.01867	0.01446	0.03610	0.26476	0.44544	0.05364	0.04197	0.04548	0.00850	0.01026	0.00645	0.00396	0.00444	0.00128	0.00671	0.00410	0.00241	0.00555
90	0.01033	0.00892	0.00939	0.00845	0.01080	0.01033	0.00657	0.02207	0.82061	0.01738	0.01691	0.01550	0.01268	0.00564	0.00423	0.00141	0.00329	0.00470	0.00423	0.00657
91	0.00588	0.00425	0.00555	0.00523	0.00621	0.00392	0.00392	0.00784	0.01176	0.01666	0.82592	0.03103	0.03919	0.00849	0.00490	0.00131	0.00196	0.00751	0.00457	0.00392
92	0.01733	0.00916	0.01093	0.00838	0.01165	0.00921	0.00692	0.38356	0.01538	0.46274	0.01345	0.01223	0.00881	0.00507	0.00417	0.00127	0.00401	0.00398	0.00469	0.00707
93	0.04521	0.00699	0.00928	0.00723	0.01027	0.00620	0.00594	0.01932	0.03506	0.73452	0.06290	0.01492	0.01184	0.00531	0.00417	0.00129	0.00343	0.00432	0.00500	0.00679
94	0.00528	0.00383	0.00499	0.00553	0.00605	0.00353	0.00383	0.00637	0.00911	0.01233	0.24844	0.57132	0.08079	0.01159	0.00516	0.00156	0.00226	0.01042	0.00406	0.00353
95	0.88336	0.00803	0.00611	0.00546	0.00803	0.00932	0.00450	0.01221	0.00707	0.01864	0.00578	0.00675	0.00450	0.00386	0.00257	0.00129	0.00321	0.00225	0.00257	0.00450
96	0.00861	0.00738	0.00861	0.00615	0.00984	0.00554	0.00492	0.01046	0.00861	0.01354	0.00738	0.00861	0.00615	0.00308	0.00308	0.00062	0.00308	0.00246	0.00246	0.87941
97	0.00628	0.00496	0.00734	0.00714	0.00780	0.00602	0.00562	0.00770	0.00664	0.00968	0.01051	0.01553	0.00985	0.02854	0.74753	0.00614	0.10240	0.00436	0.00218	0.00380
98	0.00992	0.00950	0.01621	0.14710	0.70933	0.00977	0.01257	0.01243	0.00929	0.01313	0.00775	0.01040	0.00642	0.00377	0.00412	0.00126	0.00502	0.00370	0.00202	0.00629
99	0.88336	0.00803	0.00611	0.00546	0.00803	0.00932	0.00450	0.01221	0.00707	0.01864	0.00578	0.00675	0.00450	0.00386	0.00257	0.00129	0.00321	0.00225	0.00257	0.00450
100	0.00512	0.00367	0.00486	0.00575	0.00606	0.00342	0.00389	0.00591	0.00816	0.01088	0.05490	0.78764	0.04631	0.01275	0.00528	0.00167	0.00241	0.02401	0.00388	0.00341
101	0.00844	0.00880	0.01789	0.02300	0.01663	0.00823	0.53312	0.01118	0.00974	0.02163	0.08854	0.11180	0.09072	0.00592	0.00495	0.00144	0.00542	0.02484	0.00276	0.00496
102	0.00944	0.01098	0.06248	0.01588	0.01978	0.00988	0.68160	0.01279	0.00954	0.01326	0.00890	0.02467	0.00692	0.00436	0.02110	0.00148	0.02083	0.00483	0.05586	0.00543
103	0.00585	0.00423	0.00553	0.00524	0.00620	0.00390	0.00392	0.00777	0.01164	0.01646	0.80033	0.05716	0.03882	0.00864	0.00491	0.00132	0.00197	0.00765	0.00455	0.00390
104	0.00784	0.00738	0.01246	0.84404	0.02861	0.00923	0.01154	0.01061	0.00831	0.01061	0.00738	0.01107	0.00554	0.00415	0.00415	0.00138	0.00554	0.00369	0.00185	0.00461
105	0.00929	0.09397	0.04411	0.43944	0.26308	0.01036	0.01139	0.04785	0.00916	0.01219	0.00745	0.01024	0.00588	0.00403	0.00410	0.00129	0.01521	0.00353	0.00200	0.00543
106	0.00504	0.00417	0.00441	0.00444	0.00571	0.00355	0.00330	0.00618	0.00965	0.01185	0.13691	0.09220	0.67741	0.01043	0.00493	0.00141	0.00211	0.00881	0.00394	0.00355
107	0.00717	0.00452	0.00592	0.00541	0.00662	0.00413	0.00412	0.00908	0.01170	0.09814	0.72448	0.02925	0.04596	0.00814	0.00480	0.00130	0.00212	0.00715	0.01576	0.00423
108	0.00792	0.01878	0.69523	0.01108	0.01644	0.00883	0.03799	0.01217	0.00880	0.01286	0.01094	0.06629	0.06468	0.00499	0.00413	0.00135	0.00564	0.00410	0.00205	0.00576
109	0.01081	0.75357	0.10241	0.00801	0.03047	0.01561	0.00806	0.01252	0.00850	0.01020	0.00599	0.00696	0.00535	0.00360	0.00283	0.00094	0.00462	0.00234	0.00178	0.00544
110	0.01033	0.00892	0.00939	0.00845	0.01080	0.01033	0.00657	0.02207	0.82061	0.01738	0.01691	0.01550	0.01268	0.00564	0.00423	0.00141	0.00329	0.00470	0.00423	0.00657
111	0.00665	0.00477	0.00663	0.00756	0.00853	0.00475	0.00660	0.00854	0.00956	0.01240	0.02253	0.04667	0.04519	0.01145	0.00572	0.00190	0.00378	0.77916	0.00383	0.00382
112	0.01116	0.01218	0.03688	0.08355	0.52427	0.20398	0.01133	0.01331	0.00978	0.01236	0.00754	0.01003	0.00636	0.02377	0.00454	0.00128	0.01625	0.00350	0.00206	0.00588
113	0.01552	0.01980	0.01177	0.01070	0.01284	0.83735	0.00803	0.01659	0.01177	0.01017	0.00642	0.00749	0.00535	0.00428	0.00375	0.00107	0.00749	0.00268	0.00214	0.00482
114	0.00521	0.00424	0.00463	0.00458	0.00586	0.00365	0.00347	0.00652	0.01004	0.01262	0.23692	0.03798	0.60179	0.01005	0.00494	0.00140	0.00213	0.03631	0.00403	0.00362
115	0.00909	0.00909	0.01272	0.01091	0.01091	0.01272	0.00909	0.01000	0.00636	0.01000	0.00545	0.00909	0.00545	0.00727	0.01363	0.00182	0.84642	0.00364	0.00182	0.00454
116	0.00861	0.00738	0.00861	0.00615	0.00984	0.00554	0.00492	0.01046	0.00861	0.01354	0.00738	0.00861	0.00615	0.00308	0.00308	0.00062	0.00308	0.00246	0.00246	0.87941
117	0.00526	0.00430	0.00469	0.00481	0.00611	0.00373	0.00375	0.00652	0.00968	0.01186	0.10564	0.04024	0.63960	0.01049	0.00503	0.00147	0.00235	0.12697	0.00391	0.00359
118	0.00593	0.00445	0.00668	0.00668	0.00742	0.00519	0.00519	0.00742	0.00668	0.00964	0.01113	0.01632	0.01038	0.03115	0.83756	0.00668	0.01113	0.00445	0.00223	0.00371
119	0.01522	0.01869	0.01184	0.01090	0.03180	0.73980	0.00808	0.06354	0.04133	0.01145	0.00704	0.00799	0.00574	0.00436	0.00380	0.00110	0.00711	0.00283	0.00233	0.00505
120	0.00496	0.00415	0.00431	0.00439	0.00567	0.00351	0.00325	0.00601	0.00940	0.01134	0.06642	0.11657	0.72443	0.01069	0.00495	0.00143	0.00213	0.00901	0.00388	0.00351
121	0.01028	0.00987	0.01686	0.02550	0.82811	0.00987	0.01275	0.01275	0.00946	0.01357	0.00781	0.01028	0.00658	0.00370	0.00411	0.00123	0.00493	0.00370	0.00206	0.00658
122	0.01761	0.00817	0.02918	0.00783	0.01107	0.01802	0.00657	0.10755	0.05435	0.67060	0.01537	0.01354	0.00987	0.00511	0.00417	0.00129	0.00375	0.00411	0.00487	0.00699
123	0.00510	0.00365	0.00487	0.00583	0.00609	0.00341	0.00393	0.00586	0.00799	0.01065	0.02287	0.83017	0.02738	0.01297	0.00531	0.00169	0.00245	0.03253	0.00385	0.00339
124	0.00663	0.00474	0.00663	0.00758	0.00851	0.00473	0.00659	0.00850	0.00950	0.01236	0.02203	0.07585	0.02403	0.01153	0.00572	0.00190	0.00377	0.77174	0.00383	0.00381
125	0.00495	0.00419	0.00428	0.00431	0.00565	0.00352	0.00321	0.00602	0.00949	0.01139	0.06958	0.07156	0.76663	0.01054	0.00492	0.00141	0.00211	0.00884	0.00388	0.00352
126	0.01028	0.00987	0.01686	0.02550	0.82811	0.00987	0.01275	0.01275	0.00946	0.01357	0.00781	0.01028	0.00658	0.00370	0.00411	0.00123	0.00493	0.00370	0.00206	0.00658
127	0.00815	0.00776	0.01283	0.76271	0.09711	0.02020	0.01159	0.01087	0.00845	0.01086	0.00741	0.01096	0.00562	0.00412	0.00414	0.00137	0.00551	0.00368	0.00187	0.00479
128	0.00838	0.02111	0.80337	0.01204	0.01811	0.00968	0.04410	0.01316	0.00881	0.01316	0.00749	0.00886	0.00530	0.00393	0.00398	0.00132	0.00617	0.00314	0.00177	0.00612
129	0.00506	0.00361	0.00482	0.00578	0.00602	0.00337	0.00386	0.00578	0.00795	0.01060	0.02289	0.85131	0.02747	0.01301	0.00530	0.00169	0.00241	0.01181	0.00386	0.00337
130	0.01386	0.00636	0.00870	0.00789	0.03124	0.00582	0.00634	0.03917	0.01108	0.48715	0.01808	0.08523	0.01532	0.00752	0.00471	0.00149	0.00360	0.23605	0.00455	0.00584
131	0.01011	0.00976	0.01634	0.10769	0.73610	0.02150	0.01256	0.01259	0.00937	0.01322	0.00775	0.01032	0.00646	0.00375	0.00411	0.00125	0.00503	0.00369	0.00204	0.00636
132	0.01168	0.74812	0.02047	0.00757	0.01094	0.12278	0.00723	0.01298	0.00887	0.00982	0.00586	0.00677	0.00533	0.00365	0.00281	0.00091	0.00484	0.00228	0.00182	0.00526
133	0.00893	0.02398	0.02570	0.00640	0.01004	0.00602	0.00526	0.02834	0.01918	0.02752	0.00801	0.02630	0.00673	0.00342	0.00319	0.00069	0.00319	0.00275	0.00257	0.78178
134	0.01013	0.01108	0.07357	0.07454	0.57643	0.07663	0.04306	0.01266	0.00961	0.01311	0.03454	0.01139	0.02649	0.00410	0.00415	0.00125	0.00519	0.00386	0.00215	0.00608
135	0.00508	0.00363	0.00484	0.00581	0.00606	0.00339	0.00389	0.00582	0.00797	0.01063	0.02288	0.84082	0.02743	0.01299	0.00531	0.00169	0.00243	0.02209	0.00386	0.00338
136	0.01118	0.00929	0.01538	0.10624	0.60675	0.00939	0.02019	0.02769	0.02296	0.11698	0.00905	0.01094	0.00705	0.00398	0.00414	0.00126	0.00481	0.00379	0.00250	0.00644
137	0.02989	0.06601	0.04516	0.01058	0.01304	0.64474	0.03618	0.04214	0.01141	0.02977	0.00680	0.00789	0.00554	0.00432	0.00402	0.00112	0.03130	0.00283	0.00224	0.00504
138	0.00836	0.02131	0.81847	0.01194	0.01804	0.00966	0.02920	0.01316	0.00879	0.01316	0.00747	0.00881	0.00528	0.00394	0.00396	0.00132	0.00615	0.00310	0.00176	0.00613
139	0.01471	0.18057	0.01383	0.00981	0.01243	0.53680	0.00783	0.15262	0.01246	0.01284	0.00690	0.00776	0.00564	0.00426	0.00361	0.00107	0.00640	0.00277	0.00242	0.00530
140	0.00722	0.00361	0.00541	0.00541	0.00541	0.00361	0.00361	0.00541	0.00541	0.00722	0.00722	0.01263	0.00722	0.01443	0.01623	0.87915	0.00361	0.00361	0.00180	0.00180
141	0.01099	0.21949	0.41891	0.00992	0.01463	0.02509	0.01121	0.13004	0.03890	0.07135	0.00835	0.00903	0.00615	0.00415	0.00369	0.00120	0.00524	0.00309	0.00244	0.00614
142	0.00792	0.00746	0.01260	0.81796	0.05408	0.00925	0.01157	0.01068	0.00834	0.01071	0.00740	0.01105	0.00557	0.00414	0.00415	0.00138	0.00552	0.00369	0.00185	0.00468
143	0.00603	0.00405	0.00466	0.00466	0.00470	0.00410	0.00267	0.00612	0.00608	0.00815	0.01297	0.02654	0.01482	0.80570	0.06909	0.00418	0.00444	0.00595	0.00250	0.00259
144	0.00506	0.00361	0.00482	0.00578	0.00602	0.00337	0.00386	0.00578	0.00795	0.01060	0.02289	0.85131	0.02747	0.01301	0.00530	0.00169	0.00241	0.01181	0.00386	0.00337
145	0.00861	0.00738	0.00861	0.00615	0.00984	0.00554	0.00492	0.01046	0.00861	0.01354	0.00738	0.00861	0.00615	0.00308	0.00308	0.00062	0.00308	0.00246	0.00246	0.87941
146	0.01044	0.01034	0.01650	0.05769	0.67883	0.05496	0.05230	0.01325	0.04053	0.01339	0.00810	0.01041	0.00669	0.00382	0.00414	0.00125	0.00514	0.00374	0.00214	0.00635
147	0.00600	0.00408	0.00485	0.00487	0.00499	0.00418	0.00294	0.00626	0.00626	0.00846	0.02546	0.04223	0.01506	0.70918	0.13472	0.00431	0.00496	0.00596	0.00253	0.00272
148	0.01174	0.01127	0.03158	0.03208	0.32740	0.15793	0.05382	0.05404	0.09629	0.08312	0.05729	0.01218	0.01832	0.00466	0.00444	0.00127	0.02979	0.00399	0.00282	0.00598
149	0.05349	0.01367	0.01194	0.00999	0.03038	0.25493	0.00782	0.48874	0.03963	0.03604	0.00902	0.00935	0.00666	0.00472	0.00397	0.00120	0.00532	0.00340	0.00347	0.00627
150	0.01058	0.01013	0.01661	0.02464	0.78343	0.02655	0.01248	0.04070	0.00985	0.01394	0.00786	0.01021	0.00657	0.00376	0.00411	0.00123	0.00497	0.00368	0.00213	0.00656
151	0.01495	0.01872	0.01194	0.01129	0.04944	0.75219	0.00821	0.01645	0.03955	0.01056	0.00682	0.00793	0.00566	0.00437	0.00401	0.00111	0.02681	0.00281	0.00220	0.00495
152	0.00619	0.00492	0.00590	0.00605	0.03515	0.00464	0.00428	0.02109	0.08079	0.01396	0.31336	0.15961	0.29087	0.00928	0.00483	0.00139	0.00236	0.00805	0.00406	0.02321
153	0.01427	0.01118	0.01211	0.01007	0.05908	0.06173	0.01950	0.53894	0.04827	0.05020	0.00975	0.01003	0.00713	0.00462	0.00399	0.00116	0.00451	0.00357	0.00369	0.12619
154	0.00996	0.00944	0.01575	0.14564	0.62955	0.00974	0.02172	0.03006	0.02137	0.01341	0.00789	0.01040	0.00649	0.00385	0.00423	0.00125	0.01682	0.00369	0.00211	0.03661

[dist]
# distance from previous block
# <min> <max>
6	12

[block]
# block no. 2 follows, 64 sequences, length 70
# corresponding to MSA columns:
# 270-320,334-352
name=unknown_C
#
# <colnr> <probs for GDERKNQSTAVLIFYWHMCP>
#	G	D	E	R	K	N	Q	S	T	A	V	L	I	F	Y	W	H	M	C	P
0	0.05182	0.05740	0.21984	0.01291	0.19510	0.03383	0.06963	0.01282	0.07604	0.02488	0.05446	0.01337	0.07487	0.00470	0.00399	0.00122	0.00465	0.00404	0.00253	0.08188
1	0.01028	0.00987	0.01686	0.02550	0.82811	0.00987	0.01275	0.01275	0.00946	0.01357	0.00781	0.01028	0.00658	0.00370	0.00411	0.00123	0.00493	0.00370	0.00206	0.00658
2	0.01047	0.05119	0.01698	0.02416	0.76596	0.01027	0.01234	0.03466	0.00968	0.01373	0.00777	0.01010	0.00653	0.00373	0.00404	0.00122	0.00490	0.00363	0.00210	0.00653
3	0.00909	0.08222	0.33539	0.00879	0.01344	0.00819	0.02877	0.01210	0.00880	0.04182	0.00762	0.00877	0.00588	0.00354	0.00347	0.00096	0.00451	0.00280	0.00221	0.41163
4	0.00593	0.00445	0.00668	0.00668	0.00742	0.00519	0.00519	0.00742	0.00668	0.00964	0.01113	0.01632	0.01038	0.03115	0.83756	0.00668	0.01113	0.00445	0.00223	0.00371
5	0.01060	0.00905	0.00954	0.00851	0.01090	0.01046	0.00664	0.06069	0.78156	0.01780	0.01657	0.01523	0.01241	0.00560	0.00422	0.00140	0.00335	0.00465	0.00422	0.00660
6	0.00886	0.00740	0.00865	0.00622	0.00988	0.00563	0.00498	0.01087	0.02323	0.03082	0.00774	0.00885	0.00636	0.00317	0.00312	0.00064	0.00309	0.00254	0.00255	0.84540
7	0.00602	0.00402	0.00454	0.00455	0.00456	0.00401	0.00254	0.00604	0.00608	0.00810	0.01327	0.04246	0.01533	0.83844	0.02085	0.00398	0.00400	0.00615	0.00254	0.00253
8	0.00861	0.00738	0.00861	0.00615	0.00984	0.00554	0.00492	0.01046	0.00861	0.01354	0.00738	0.00861	0.00615	0.00308	0.00308	0.00062	0.00308	0.00246	0.00246	0.87941
9	0.00861	0.00738	0.00861	0.00615	0.00984	0.00554	0.00492	0.01046	0.00861	0.01354	0.00738	0.00861	0.00615	0.00308	0.00308	0.00062	0.00308	0.00246	0.00246	0.87941
10	0.01084	0.00761	0.00991	0.00724	0.01080	0.00612	0.05948	0.03184	0.00961	0.17997	0.00962	0.02504	0.00741	0.00375	0.00349	0.00084	0.00346	0.00317	0.00305	0.60676
11	0.00935	0.01032	0.02178	0.05644	0.02040	0.00972	0.67638	0.01256	0.00958	0.01304	0.00930	0.05217	0.00767	0.00415	0.00481	0.00139	0.00644	0.02299	0.00223	0.04929
12	0.00925	0.00854	0.01416	0.01077	0.02726	0.00765	0.29463	0.01254	0.08842	0.04499	0.01064	0.09802	0.00923	0.00460	0.00413	0.00112	0.00448	0.00461	0.00275	0.34219
13	0.00843	0.06407	0.75468	0.01158	0.01741	0.00987	0.03165	0.01295	0.00876	0.01293	0.00774	0.02771	0.00579	0.00412	0.00393	0.00130	0.00599	0.00326	0.00181	0.00602
14	0.01470	0.01106	0.01238	0.10759	0.01467	0.01238	0.00828	0.69688	0.04141	0.02409	0.00987	0.01026	0.00705	0.00491	0.00416	0.00127	0.00465	0.00376	0.00389	0.00676
15	0.01058	0.03167	0.01671	0.02424	0.76387	0.05439	0.01235	0.01295	0.00956	0.01329	0.00769	0.01004	0.00648	0.00373	0.00406	0.00122	0.00506	0.00361	0.00205	0.00645
16	0.00542	0.00433	0.00496	0.00505	0.01515	0.00385	0.00369	0.00696	0.02728	0.01297	0.27579	0.12130	0.46776	0.01000	0.00493	0.00141	0.00217	0.01918	0.00406	0.00372
17	0.01111	0.85652	0.02177	0.00711	0.01066	0.01644	0.00711	0.01244	0.00844	0.00977	0.00577	0.00666	0.00533	0.00355	0.00267	0.00089	0.00444	0.00222	0.00178	0.00533
18	0.01010	0.00978	0.01701	0.04587	0.73588	0.00978	0.06484	0.01263	0.00945	0.01345	0.00817	0.01120	0.00693	0.00388	0.00420	0.00126	0.00506	0.02201	0.00209	0.00640
19	0.00878	0.01168	0.21284	0.01344	0.05607	0.00848	0.34497	0.01196	0.00938	0.03969	0.01205	0.10154	0.01116	0.00591	0.00478	0.00148	0.00561	0.13229	0.00257	0.00532
