[name]
unknown

[dist]
# distance from previous block
# <min> <max>
3	76

[block]
# block no. 0 follows, 54 sequences, length 11
# corresponding to MSA columns:
# 81-91
name=unknown_A
#
# <colnr> <probs for GDERKNQSTAVLIFYWHMCP>
#	G	D	E	R	K	N	Q	S	T	A	V	L	I	F	Y	W	H	M	C	P
0	0.01042	0.00980	0.01652	0.24922	0.51246	0.01036	0.01313	0.01326	0.01062	0.01480	0.08433	0.01417	0.01066	0.00486	0.00477	0.00146	0.00547	0.00461	0.00254	0.00656
1	0.00572	0.00478	0.00498	0.00493	0.00646	0.00404	0.00370	0.00705	0.01109	0.01356	0.14811	0.04403	0.70211	0.01164	0.00557	0.00158	0.00237	0.00976	0.00449	0.00404
2	0.00585	0.00435	0.00518	0.00584	0.00661	0.00391	0.00405	0.00687	0.00965	0.01257	0.03277	0.52222	0.29073	0.01332	0.00572	0.00176	0.00259	0.01175	0.05034	0.00391
3	0.03677	0.01077	0.01273	0.11006	0.17255	0.10169	0.00926	0.13567	0.05299	0.12499	0.01386	0.05782	0.04686	0.03971	0.00578	0.00160	0.02900	0.00502	0.02650	0.00638
4	0.01294	0.52327	0.17926	0.00935	0.01385	0.01550	0.00983	0.04358	0.05115	0.08891	0.00891	0.00950	0.00707	0.00448	0.00363	0.00119	0.00527	0.00313	0.00262	0.00657
5	0.00578	0.00455	0.00523	0.00564	0.00670	0.00400	0.00407	0.00694	0.01029	0.01294	0.09007	0.33405	0.44202	0.01286	0.00577	0.00172	0.00257	0.03639	0.00443	0.00397
6	0.01099	0.11747	0.30544	0.05507	0.01631	0.05413	0.03969	0.06466	0.01011	0.02830	0.00835	0.01081	0.00674	0.00738	0.03697	0.08378	0.13182	0.00374	0.00232	0.00590
7	0.04496	0.01585	0.13231	0.01285	0.07685	0.24756	0.06202	0.09339	0.08482	0.09087	0.01191	0.04536	0.02651	0.00564	0.00491	0.00144	0.02861	0.00444	0.00325	0.00646
8	0.08974	0.00586	0.00654	0.00609	0.00781	0.00561	0.00470	0.03320	0.04099	0.06624	0.32861	0.05254	0.29491	0.00966	0.00525	0.00155	0.00274	0.02855	0.00467	0.00477
9	0.00670	0.00514	0.00630	0.00633	0.00692	0.00526	0.00448	0.00762	0.00921	0.01223	0.12618	0.19669	0.19037	0.26397	0.01230	0.00263	0.08164	0.04842	0.00379	0.00380
10	0.01157	0.01116	0.06381	0.10351	0.17375	0.06943	0.02726	0.10496	0.15330	0.04402	0.01499	0.14391	0.02910	0.00694	0.00495	0.00156	0.00505	0.02080	0.00354	0.00639

[dist]
# distance from previous block
# <min> <max>
2	9

[block]
# block no. 1 follows, 54 sequences, length 12
# corresponding to MSA columns:
# 102-113
name=unknown_B
#
# <colnr> <probs for GDERKNQSTAVLIFYWHMCP>
#	G	D	E	R	K	N	Q	S	T	A	V	L	I	F	Y	W	H	M	C	P
0	0.01300	0.10734	0.16267	0.03531	0.13335	0.16385	0.02843	0.12650	0.04636	0.03481	0.01066	0.07780	0.00914	0.00556	0.00449	0.00139	0.00595	0.00448	0.00296	0.02594
1	0.00613	0.00455	0.00574	0.00636	0.00704	0.00422	0.00438	0.00752	0.03205	0.01309	0.11111	0.59369	0.11561	0.03430	0.00628	0.00186	0.00274	0.01182	0.00440	0.02712
2	0.01186	0.01171	0.06545	0.06390	0.25118	0.06376	0.11170	0.11137	0.02993	0.04219	0.04265	0.01461	0.03723	0.00765	0.07039	0.00194	0.01869	0.00475	0.03255	0.00647
3	0.04542	0.09061	0.18853	0.01054	0.01484	0.01278	0.01016	0.32848	0.12287	0.11144	0.01199	0.01194	0.00857	0.00533	0.00446	0.00143	0.00518	0.00406	0.00394	0.00743
4	0.00686	0.00457	0.00514	0.00514	0.00514	0.00457	0.00286	0.00686	0.00686	0.00914	0.01486	0.03086	0.01714	0.83430	0.02400	0.00457	0.00457	0.00686	0.00286	0.00286
5	0.01092	0.22506	0.39285	0.01048	0.01540	0.01176	0.01196	0.04646	0.01088	0.06761	0.07797	0.01429	0.03283	0.00617	0.02513	0.00154	0.00576	0.02373	0.00278	0.00641
6	0.00577	0.00475	0.00508	0.00508	0.00651	0.00405	0.00378	0.00712	0.01110	0.01376	0.17672	0.08727	0.62928	0.01170	0.00560	0.00159	0.00238	0.00990	0.00452	0.00405
7	0.00605	0.00473	0.00548	0.00543	0.00670	0.00416	0.00402	0.00764	0.01167	0.01525	0.36161	0.11619	0.41170	0.01125	0.00561	0.00158	0.00235	0.00968	0.00472	0.00416
8	0.00981	0.00844	0.01021	0.00754	0.01143	0.00677	0.03420	0.03512	0.04299	0.01573	0.01161	0.03382	0.05218	0.00446	0.00384	0.00087	0.00363	0.00372	0.00305	0.70056
9	0.01017	0.00816	0.06416	0.00937	0.03681	0.00714	0.06062	0.02807	0.10469	0.11560	0.30242	0.02864	0.02563	0.00821	0.00532	0.00160	0.00386	0.13570	0.03814	0.00569
10	0.00981	0.14226	0.27005	0.01006	0.02755	0.02423	0.02674	0.01373	0.07201	0.01476	0.06693	0.06646	0.03529	0.00580	0.00436	0.00131	0.00494	0.02382	0.00290	0.17699
11	0.01162	0.24692	0.12563	0.05608	0.01402	0.04944	0.03434	0.10454	0.07507	0.03982	0.05650	0.06992	0.02896	0.06073	0.00565	0.00158	0.00511	0.00490	0.00315	0.00602

[dist]
# distance from previous block
# <min> <max>
1	3

[block]
# block no. 2 follows, 54 sequences, length 10
# corresponding to MSA columns:
# 117-125,128
name=unknown_C
#
# <colnr> <probs for GDERKNQSTAVLIFYWHMCP>
#	G	D	E	R	K	N	Q	S	T	A	V	L	I	F	Y	W	H	M	C	P
0	0.03338	0.01414	0.24356	0.13685	0.16037	0.01059	0.19823	0.01387	0.01011	0.01479	0.00931	0.01207	0.00717	0.00545	0.03015	0.00168	0.02374	0.00431	0.06393	0.00630
1	0.01761	0.02247	0.01336	0.01215	0.01458	0.81537	0.00911	0.01883	0.01336	0.01154	0.00729	0.00850	0.00607	0.00486	0.00425	0.00121	0.00850	0.00304	0.00243	0.00547
2	0.01180	0.01097	0.01768	0.10365	0.61861	0.01139	0.01345	0.06414	0.07175	0.01632	0.00977	0.01219	0.00792	0.00451	0.00469	0.00143	0.00550	0.00429	0.00265	0.00729
3	0.01737	0.01293	0.01384	0.01074	0.01441	0.01436	0.00883	0.72065	0.09158	0.02882	0.01203	0.01188	0.00859	0.00573	0.00472	0.00143	0.00506	0.00434	0.00472	0.00797
4	0.00978	0.00838	0.00978	0.00698	0.01117	0.00629	0.00559	0.01187	0.00978	0.01536	0.00838	0.00978	0.00698	0.00349	0.00349	0.00070	0.00349	0.00279	0.00279	0.86312
5	0.00633	0.00475	0.00586	0.00569	0.00686	0.00428	0.00423	0.00818	0.01236	0.01683	0.55371	0.09898	0.23341	0.01061	0.00560	0.00154	0.00230	0.00926	0.00492	0.00428
6	0.00682	0.00538	0.00722	0.06116	0.00902	0.00583	0.00546	0.00798	0.00915	0.01245	0.12777	0.33737	0.08628	0.13559	0.06557	0.00261	0.09733	0.00925	0.00372	0.00405
7	0.00911	0.00825	0.01169	0.01121	0.06076	0.01058	0.00847	0.02998	0.00825	0.01221	0.04460	0.05085	0.01115	0.05908	0.22340	0.00355	0.42427	0.00512	0.00255	0.00492
8	0.06439	0.06288	0.21312	0.01022	0.01384	0.00860	0.11871	0.01316	0.01107	0.10390	0.18878	0.09953	0.05794	0.00706	0.00492	0.00152	0.00475	0.00622	0.00360	0.00581
9	0.01069	0.05027	0.54542	0.03451	0.03876	0.09934	0.05080	0.03099	0.01048	0.01444	0.00875	0.03179	0.00681	0.00494	0.00499	0.00148	0.04290	0.00384	0.00219	0.00657

[dist]
# distance from previous block
# <min> <max>
0	5

[block]
# block no. 3 follows, 54 sequences, length 29
# corresponding to MSA columns:
# 134-162
name=unknown_D
#
# <colnr> <probs for GDERKNQSTAVLIFYWHMCP>
#	G	D	E	R	K	N	Q	S	T	A	V	L	I	F	Y	W	H	M	C	P
0	0.01370	0.11752	0.01509	0.03188	0.01360	0.28906	0.00944	0.04053	0.01043	0.04419	0.00744	0.00980	0.00650	0.00670	0.02098	0.00166	0.34987	0.00360	0.00243	0.00557
1	0.01362	0.01148	0.01091	0.00931	0.01141	0.15316	0.00741	0.23709	0.06789	0.03634	0.01170	0.01311	0.00914	0.00666	0.02658	0.00156	0.12444	0.00416	0.23801	0.00602
2	0.00580	0.00421	0.00548	0.00638	0.00682	0.00389	0.00432	0.00676	0.00948	0.01261	0.08693	0.71211	0.08944	0.01417	0.00595	0.00186	0.00267	0.01278	0.00444	0.00389
3	0.79537	0.00903	0.00727	0.00639	0.00937	0.01027	0.00526	0.01464	0.00849	0.08831	0.00759	0.00838	0.00567	0.00450	0.00307	0.00146	0.00368	0.00274	0.00317	0.00536
4	0.00574	0.00414	0.00543	0.00647	0.00681	0.00384	0.00433	0.00658	0.00912	0.01207	0.02715	0.78923	0.07242	0.01462	0.00599	0.00190	0.00272	0.01322	0.00438	0.00384
5	0.04131	0.02054	0.60732	0.01275	0.01892	0.01035	0.06069	0.01620	0.01053	0.14277	0.01009	0.01102	0.00693	0.00466	0.00453	0.00149	0.00643	0.00378	0.00266	0.00704
6	0.04320	0.01274	0.03847	0.01108	0.03670	0.01348	0.00911	0.64583	0.02006	0.05918	0.01205	0.01364	0.00903	0.00595	0.00475	0.00146	0.00511	0.04594	0.00453	0.00768
7	0.00819	0.00410	0.00614	0.00614	0.00614	0.00410	0.00410	0.00614	0.00614	0.00819	0.00819	0.01433	0.00819	0.01638	0.01843	0.86282	0.00410	0.00410	0.00205	0.00205
8	0.01031	0.00555	0.00581	0.00531	0.00686	0.00561	0.00411	0.09456	0.01143	0.06162	0.01634	0.01787	0.04143	0.00577	0.00361	0.00117	0.00262	0.00461	0.69044	0.00496
9	0.00736	0.00500	0.00640	0.00607	0.00736	0.00455	0.00462	0.00938	0.01275	0.06249	0.59520	0.06061	0.14360	0.01005	0.00558	0.00154	0.00247	0.04535	0.00505	0.00456
10	0.01089	0.04458	0.05303	0.11543	0.38834	0.01099	0.15705	0.01389	0.01037	0.01472	0.00896	0.01177	0.00725	0.00433	0.00493	0.00140	0.02915	0.00425	0.03466	0.07403
11	0.00968	0.00913	0.01169	0.00992	0.01117	0.03530	0.00809	0.01107	0.00831	0.01249	0.00986	0.03330	0.03995	0.01020	0.09756	0.00226	0.44468	0.00436	0.02617	0.20484
12	0.00614	0.00462	0.00568	0.00579	0.00681	0.00416	0.00420	0.00772	0.01152	0.01546	0.39746	0.24824	0.24178	0.01160	0.00568	0.00163	0.00240	0.01019	0.00476	0.00416
13	0.00686	0.00516	0.00735	0.00727	0.00805	0.00592	0.00556	0.00834	0.00772	0.01104	0.01460	0.02089	0.05509	0.11138	0.64575	0.00661	0.03932	0.00545	0.02355	0.00410
14	0.01016	0.09439	0.02987	0.03587	0.02696	0.07252	0.07987	0.02251	0.02165	0.03664	0.06122	0.04885	0.05674	0.01794	0.03063	0.00164	0.02994	0.08134	0.20376	0.03749
15	0.00753	0.00620	0.00903	0.00857	0.00920	0.00775	0.00679	0.00902	0.00748	0.01098	0.01127	0.01705	0.01070	0.05152	0.61693	0.00628	0.19199	0.00490	0.00243	0.00438
16	0.01479	0.00734	0.00900	0.00751	0.01012	0.00708	0.00599	0.04051	0.14558	0.37838	0.12957	0.01997	0.03868	0.00657	0.00463	0.00142	0.00338	0.00545	0.15736	0.00667
17	0.00850	0.00699	0.00997	0.00985	0.05272	0.00855	0.00741	0.04442	0.00846	0.01253	0.01097	0.01578	0.01004	0.02392	0.49109	0.00523	0.20858	0.00470	0.05548	0.00480
18	0.04020	0.01130	0.01486	0.25945	0.07236	0.10444	0.10481	0.13021	0.04695	0.01620	0.05305	0.04988	0.01021	0.00576	0.00551	0.00154	0.05943	0.00487	0.00299	0.00595
19	0.01004	0.03883	0.12354	0.23432	0.08482	0.06332	0.04006	0.04313	0.03071	0.02613	0.06732	0.05727	0.02879	0.00866	0.07386	0.00205	0.02954	0.02908	0.00285	0.00569
20	0.00577	0.00439	0.00531	0.00592	0.00670	0.00393	0.00412	0.00683	0.00996	0.01284	0.09829	0.50443	0.28769	0.01340	0.00583	0.00177	0.00258	0.01185	0.00445	0.00393
21	0.00696	0.00541	0.00631	0.00688	0.00778	0.03014	0.00528	0.00827	0.00996	0.01262	0.04567	0.19764	0.19682	0.14739	0.00898	0.00234	0.00372	0.28979	0.00407	0.00396
22	0.05251	0.23885	0.22835	0.02825	0.08284	0.07600	0.06195	0.09731	0.01146	0.01557	0.00833	0.00978	0.00657	0.00444	0.00404	0.00129	0.00591	0.00343	0.02201	0.04112
23	0.00907	0.03496	0.01107	0.02231	0.10816	0.00844	0.03160	0.06775	0.02600	0.02394	0.05995	0.18077	0.06425	0.02605	0.13106	0.00266	0.11187	0.07146	0.00344	0.00518
24	0.00949	0.00882	0.01347	0.54277	0.11546	0.04020	0.01162	0.03637	0.00978	0.01268	0.00931	0.01396	0.00768	0.05598	0.09120	0.00234	0.00682	0.00439	0.00231	0.00534
25	0.02122	0.01187	0.06188	0.19446	0.19040	0.11609	0.11682	0.04606	0.01095	0.01429	0.01167	0.07616	0.03370	0.03403	0.00546	0.00159	0.00601	0.00515	0.03635	0.00586
26	0.01182	0.01252	0.06387	0.03117	0.06159	0.16168	0.14411	0.06951	0.06843	0.04414	0.02413	0.12429	0.03436	0.01837	0.03638	0.00182	0.05048	0.02221	0.01328	0.00584
27	0.02258	0.01009	0.02439	0.16127	0.22563	0.08745	0.03434	0.02558	0.05180	0.01375	0.01468	0.14437	0.07170	0.00737	0.00602	0.02538	0.05896	0.00605	0.00293	0.00566
28	0.06334	0.00926	0.01252	0.13590	0.09132	0.02081	0.03407	0.09846	0.06003	0.06373	0.04756	0.08924	0.01175	0.01777	0.03233	0.00181	0.14507	0.00525	0.00328	0.05651

[dist]
# distance from previous block
# <min> <max>
1	44

[block]
# block no. 4 follows, 54 sequences, length 71
# corresponding to MSA columns:
# 209-279
name=unknown_E
#
# <colnr> <probs for GDERKNQSTAVLIFYWHMCP>
#	G	D	E	R	K	N	Q	S	T	A	V	L	I	F	Y	W	H	M	C	P
0	0.01114	0.00849	0.01012	0.03304	0.01170	0.02198	0.02253	0.14189	0.02822	0.06177	0.08047	0.06590	0.01386	0.02142	0.02942	0.00145	0.00421	0.04680	0.03842	0.34719
1	0.04639	0.17948	0.17579	0.07569	0.05780	0.06424	0.03841	0.15503	0.02796	0.04444	0.02405	0.03965	0.00864	0.00518	0.00427	0.00137	0.00556	0.00408	0.03551	0.00647
2	0.01156	0.02523	0.04591	0.15937	0.13559	0.06169	0.02157	0.06962	0.22621	0.04578	0.10560	0.01674	0.01386	0.00589	0.00479	0.00149	0.00494	0.01882	0.00362	0.02173
3	0.00648	0.00478	0.00587	0.00615	0.00711	0.00444	0.00443	0.00835	0.03952	0.01481	0.25237	0.36388	0.16232	0.01178	0.00559	0.00167	0.00259	0.02923	0.04746	0.02118
4	0.02633	0.01062	0.01018	0.00925	0.03957	0.16982	0.00696	0.12139	0.01346	0.23019	0.04517	0.08710	0.15024	0.00766	0.00490	0.00148	0.00465	0.02936	0.02560	0.00609
5	0.01016	0.00941	0.01425	0.44050	0.20277	0.02990	0.01184	0.03274	0.07512	0.01415	0.01014	0.03754	0.00822	0.00511	0.00484	0.00149	0.01992	0.00449	0.02890	0.03850
6	0.00718	0.00461	0.00632	0.00670	0.00715	0.00469	0.00469	0.03508	0.00844	0.01157	0.01750	0.38768	0.01947	0.01828	0.15573	0.25196	0.00498	0.00853	0.03588	0.00355
7	0.00578	0.00414	0.00550	0.00657	0.00688	0.00386	0.00442	0.00663	0.00909	0.01209	0.02633	0.80409	0.04388	0.01469	0.00602	0.00191	0.00276	0.02714	0.00438	0.00384
8	0.01054	0.01069	0.00894	0.02632	0.01068	0.23704	0.00660	0.04718	0.09075	0.01383	0.03831	0.24816	0.12424	0.02636	0.00564	0.00168	0.00480	0.07949	0.00381	0.00494
9	0.53030	0.00798	0.00711	0.00637	0.00885	0.00878	0.00509	0.02789	0.04427	0.04421	0.13941	0.03942	0.03458	0.00594	0.00372	0.00144	0.00332	0.00437	0.04571	0.03122
10	0.05115	0.00798	0.01013	0.00817	0.01130	0.00752	0.00662	0.02110	0.13852	0.54737	0.12108	0.01848	0.01615	0.00637	0.00479	0.00148	0.00372	0.00525	0.00547	0.00735
11	0.00602	0.00448	0.00564	0.00639	0.00700	0.00420	0.00439	0.00747	0.03947	0.01294	0.08718	0.63581	0.13417	0.01369	0.00588	0.00183	0.00269	0.01227	0.00445	0.00403
12	0.00578	0.00415	0.00550	0.00657	0.00689	0.00387	0.00443	0.00664	0.00911	0.01210	0.02650	0.79415	0.05025	0.01466	0.00602	0.00191	0.00276	0.03047	0.00438	0.00385
13	0.00578	0.00444	0.00521	0.00573	0.00657	0.00396	0.00398	0.00678	0.00984	0.01253	0.07345	0.43141	0.34586	0.05357	0.00670	0.00189	0.00266	0.01143	0.00434	0.00387
14	0.01724	0.02184	0.01382	0.01237	0.01488	0.76785	0.03707	0.01884	0.03143	0.01186	0.00765	0.00887	0.00631	0.00486	0.00431	0.00124	0.00837	0.00318	0.00248	0.00554
15	0.00981	0.00841	0.00979	0.00703	0.01119	0.00639	0.00562	0.01212	0.02433	0.01544	0.00858	0.00992	0.00712	0.00355	0.00352	0.00072	0.00350	0.00284	0.00283	0.84729
16	0.03287	0.47844	0.25167	0.01030	0.01506	0.07028	0.03476	0.03476	0.01028	0.01309	0.00737	0.00858	0.00609	0.00427	0.00365	0.00120	0.00590	0.00298	0.00214	0.00632
17	0.00652	0.00476	0.00594	0.00582	0.00695	0.00435	0.00436	0.00845	0.01231	0.01703	0.54566	0.09846	0.17848	0.01042	0.00555	0.00155	0.00237	0.03802	0.03870	0.00431
18	0.02776	0.01129	0.01135	0.00966	0.01257	0.07896	0.00764	0.20767	0.39132	0.10766	0.03588	0.03152	0.03268	0.00637	0.00476	0.00151	0.00443	0.00511	0.00465	0.00722
19	0.02430	0.01015	0.01084	0.00958	0.01230	0.01156	0.00757	0.12652	0.61379	0.03272	0.03372	0.01876	0.01461	0.00666	0.00486	0.00160	0.00393	0.04447	0.00476	0.00729
20	0.00713	0.00461	0.00553	0.00569	0.00592	0.00453	0.00348	0.00746	0.00765	0.04022	0.01754	0.21860	0.02005	0.58085	0.04749	0.00393	0.00441	0.00826	0.00332	0.00333
21	0.00819	0.00410	0.00614	0.00614	0.00614	0.00410	0.00410	0.00614	0.00614	0.00819	0.00819	0.01433	0.00819	0.01638	0.01843	0.86282	0.00410	0.00410	0.00205	0.00205
22	0.01693	0.02134	0.01346	0.01217	0.01437	0.74054	0.00922	0.01813	0.01279	0.01152	0.00719	0.00867	0.00608	0.00518	0.00530	0.00129	0.08484	0.00314	0.00240	0.00544
23	0.00807	0.00650	0.00955	0.02583	0.17135	0.00641	0.00836	0.01019	0.01071	0.01405	0.02481	0.07561	0.13707	0.01100	0.00595	0.00191	0.00428	0.45953	0.00390	0.00492
24	0.00907	0.00855	0.01444	0.77552	0.07862	0.01052	0.01318	0.01219	0.00951	0.01225	0.00841	0.01252	0.00636	0.00468	0.00471	0.00156	0.00624	0.00419	0.00211	0.00537
25	0.00939	0.00888	0.01503	0.68262	0.16900	0.01060	0.01334	0.01248	0.00966	0.01264	0.00847	0.01241	0.00649	0.00462	0.00471	0.00154	0.00616	0.00419	0.00214	0.00563
26	0.02779	0.10446	0.51217	0.01316	0.01883	0.06392	0.11688	0.01474	0.01025	0.01435	0.00939	0.01170	0.01922	0.00523	0.01804	0.00156	0.00689	0.02275	0.00220	0.00650
27	0.00609	0.00430	0.00573	0.00674	0.00709	0.00408	0.00469	0.00698	0.00908	0.01206	0.02488	0.67124	0.02944	0.06346	0.00737	0.01716	0.00307	0.10851	0.00424	0.00381
28	0.00728	0.00496	0.00633	0.00615	0.00737	0.00455	0.00465	0.00912	0.01210	0.06074	0.47642	0.11502	0.16214	0.02577	0.02407	0.00178	0.00282	0.05942	0.00486	0.00447
29	0.00947	0.01206	0.18923	0.20871	0.04803	0.02734	0.11470	0.05313	0.01082	0.02860	0.04571	0.15560	0.06236	0.00700	0.00508	0.00159	0.00557	0.00632	0.00299	0.00570
30	0.02824	0.04149	0.01520	0.08084	0.19979	0.05873	0.07936	0.16413	0.03905	0.13603	0.01248	0.07743	0.01015	0.00573	0.00473	0.00146	0.00528	0.00503	0.02807	0.00679
31	0.32232	0.07351	0.01137	0.06688	0.04264	0.12891	0.00751	0.09254	0.02805	0.04205	0.03371	0.02455	0.00831	0.00600	0.02488	0.00157	0.04481	0.00367	0.03104	0.00568
32	0.00968	0.00849	0.01357	0.25009	0.22038	0.00946	0.03487	0.02541	0.00990	0.03780	0.04115	0.06658	0.04225	0.04870	0.06071	0.00215	0.08603	0.02438	0.00279	0.00560
33	0.00584	0.00426	0.00551	0.00636	0.00682	0.00397	0.00432	0.00678	0.00930	0.01233	0.06502	0.66016	0.11003	0.03521	0.03834	0.00215	0.00311	0.01232	0.00431	0.00387
34	0.03080	0.44228	0.07982	0.01175	0.11064	0.04263	0.02638	0.08786	0.01118	0.05255	0.00830	0.00951	0.00683	0.00456	0.00415	0.00122	0.03645	0.00326	0.02336	0.00647
35	0.01080	0.00766	0.00958	0.00940	0.09302	0.02651	0.00646	0.02852	0.04363	0.12935	0.13639	0.04701	0.07885	0.05114	0.00631	0.03754	0.00377	0.04173	0.00388	0.22846
36	0.05278	0.09211	0.04092	0.06517	0.02191	0.12568	0.02175	0.10889	0.08201	0.03219	0.04561	0.06290	0.05159	0.05899	0.04659	0.00192	0.02390	0.00510	0.04578	0.01420
37	0.05413	0.12222	0.14121	0.04779	0.08360	0.09186	0.04759	0.07347	0.04228	0.05669	0.06232	0.01471	0.01089	0.09596	0.00648	0.00172	0.00545	0.00439	0.03123	0.00599
38	0.00961	0.06275	0.77281	0.01319	0.02002	0.01131	0.01698	0.01489	0.00994	0.01475	0.00837	0.00984	0.00598	0.00446	0.00441	0.00147	0.00688	0.00344	0.00199	0.00692
39	0.00604	0.00426	0.00553	0.00643	0.00670	0.00404	0.00428	0.00679	0.00874	0.01164	0.02398	0.65006	0.02851	0.15814	0.00919	0.00239	0.00314	0.05234	0.00411	0.00369
40	0.01090	0.01037	0.03937	0.12312	0.09416	0.03115	0.10604	0.06634	0.03404	0.04742	0.01074	0.08590	0.00970	0.01660	0.05159	0.00206	0.24665	0.00525	0.00281	0.00580
41	0.00662	0.00451	0.00521	0.00538	0.00551	0.00442	0.00317	0.00685	0.00750	0.00995	0.03358	0.16328	0.05100	0.65061	0.01995	0.00396	0.00414	0.00809	0.00321	0.00309
42	0.01358	0.01097	0.01130	0.00954	0.01245	0.04339	0.00758	0.28874	0.38088	0.03850	0.04419	0.01818	0.08618	0.00669	0.00484	0.00151	0.00426	0.00538	0.00467	0.00717
43	0.03089	0.02604	0.01398	0.33244	0.13469	0.01017	0.01829	0.10346	0.02401	0.22098	0.01196	0.03294	0.00875	0.00528	0.00469	0.00150	0.00529	0.00453	0.00351	0.00662
44	0.00648	0.00478	0.00599	0.00625	0.00728	0.00427	0.00450	0.00783	0.01049	0.02430	0.20667	0.41876	0.16280	0.01216	0.00567	0.00168	0.00269	0.03970	0.00447	0.06324
45	0.00737	0.00516	0.00639	0.00601	0.00737	0.00475	0.00453	0.00976	0.04358	0.05810	0.55644	0.06767	0.18511	0.00996	0.00551	0.00152	0.00243	0.00867	0.00502	0.00464
46	0.00574	0.00412	0.00545	0.00652	0.00683	0.00383	0.00436	0.00657	0.00907	0.01205	0.02653	0.81181	0.05025	0.01470	0.00601	0.00191	0.00273	0.01332	0.00438	0.00383
47	0.01376	0.01046	0.01169	0.00970	0.01247	0.01175	0.00781	0.43021	0.17748	0.02278	0.01332	0.01469	0.01040	0.02765	0.20041	0.00299	0.00667	0.00471	0.00417	0.00690
48	0.00919	0.00853	0.01284	0.32511	0.13222	0.02857	0.01040	0.01128	0.00886	0.01205	0.02286	0.01544	0.01823	0.09987	0.11159	0.00272	0.15805	0.00469	0.00235	0.00513
49	0.01175	0.01136	0.01818	0.05842	0.69555	0.03591	0.01377	0.01524	0.06487	0.01545	0.00951	0.01202	0.00786	0.00439	0.00467	0.00142	0.00559	0.00424	0.00250	0.00732
50	0.01172	0.00929	0.01050	0.00785	0.01166	0.03648	0.00631	0.08891	0.01128	0.08217	0.00954	0.01069	0.00756	0.00507	0.02905	0.00110	0.02915	0.00322	0.00319	0.62527
51	0.01182	0.01149	0.01899	0.02852	0.78492	0.03152	0.01434	0.01458	0.01080	0.01531	0.00883	0.01159	0.00743	0.00422	0.00466	0.00140	0.00567	0.00417	0.00234	0.00742
52	0.01241	0.00815	0.00833	0.00706	0.00921	0.02440	0.00560	0.29936	0.03273	0.02200	0.01381	0.01508	0.01052	0.00556	0.00388	0.00123	0.00346	0.00433	0.50706	0.00583
53	0.03564	0.03463	0.01123	0.00952	0.01172	0.34841	0.00716	0.12907	0.02695	0.09878	0.01116	0.01531	0.00981	0.19939	0.02943	0.00222	0.00644	0.00435	0.00327	0.00551
54	0.01044	0.27939	0.56352	0.01175	0.01780	0.01337	0.01449	0.01468	0.00984	0.01373	0.00786	0.00920	0.00600	0.00434	0.00402	0.00134	0.00636	0.00318	0.00200	0.00668
55	0.01860	0.00754	0.01014	0.00801	0.01123	0.00661	0.00652	0.02068	0.03021	0.66546	0.10475	0.03964	0.03527	0.00664	0.00488	0.00148	0.00374	0.00551	0.00567	0.00742
56	0.00680	0.00457	0.00525	0.00531	0.00535	0.00458	0.00305	0.00690	0.00699	0.00936	0.01533	0.07065	0.01764	0.76243	0.05344	0.00455	0.00479	0.00712	0.00292	0.00296
57	0.05900	0.01044	0.01128	0.00912	0.01228	0.06666	0.00733	0.23246	0.10209	0.33698	0.04625	0.03359	0.01216	0.03204	0.00528	0.00155	0.00452	0.00485	0.00488	0.00724
58	0.00743	0.00608	0.00919	0.00860	0.00942	0.00730	0.03450	0.00901	0.00762	0.01106	0.01168	0.01773	0.01107	0.07025	0.62940	0.00640	0.13140	0.00502	0.00247	0.00436
59	0.00890	0.00838	0.01414	0.82296	0.03247	0.01048	0.01309	0.01205	0.00943	0.01205	0.00838	0.01257	0.00629	0.00471	0.00471	0.00157	0.00629	0.00419	0.00210	0.00524
60	0.02693	0.00917	0.01484	0.63189	0.13721	0.01088	0.02168	0.06627	0.01048	0.01395	0.00863	0.01226	0.00656	0.00469	0.00468	0.00153	0.00608	0.00418	0.00233	0.00575
61	0.00835	0.00429	0.00627	0.00621	0.00628	0.00432	0.00416	0.02205	0.00649	0.00866	0.00846	0.01477	0.00846	0.04102	0.01832	0.81926	0.00413	0.00418	0.00213	0.00219
62	0.00585	0.00440	0.00542	0.00598	0.00675	0.00397	0.00417	0.00700	0.01019	0.01334	0.15767	0.49064	0.24114	0.01318	0.00582	0.00176	0.00256	0.01168	0.00451	0.00397
63	0.00616	0.00452	0.00591	0.00658	0.00720	0.00439	0.00473	0.00729	0.00922	0.01220	0.05012	0.44819	0.12975	0.07343	0.12475	0.00289	0.00440	0.09034	0.00403	0.00391
64	0.03002	0.03322	0.11768	0.03905	0.22919	0.02745	0.08203	0.20290	0.01323	0.01843	0.01072	0.05208	0.00908	0.00538	0.00469	0.00142	0.00554	0.03365	0.00309	0.08113
65	0.00896	0.01831	0.04146	0.20179	0.08073	0.02386	0.02823	0.02444	0.02218	0.02329	0.01254	0.05850	0.03078	0.19761	0.10965	0.00301	0.08607	0.00549	0.01824	0.00487
66	0.00858	0.00676	0.02530	0.00834	0.01042	0.00600	0.11416	0.01088	0.03740	0.09399	0.12455	0.12514	0.28514	0.02842	0.02409	0.00185	0.00393	0.07587	0.00424	0.00495
67	0.00824	0.00596	0.00718	0.00728	0.00828	0.00607	0.00525	0.13208	0.04216	0.01508	0.04201	0.47172	0.04385	0.10228	0.00802	0.02136	0.00348	0.06090	0.00425	0.00455
68	0.03960	0.10386	0.06252	0.05326	0.09843	0.09170	0.08658	0.07166	0.03779	0.11575	0.03158	0.09897	0.02717	0.00630	0.00530	0.00149	0.05326	0.00523	0.00331	0.00623
69	0.07633	0.36030	0.16369	0.02667	0.05645	0.04716	0.00976	0.03197	0.01749	0.10658	0.02888	0.01030	0.00782	0.00459	0.00379	0.00124	0.00524	0.00333	0.00275	0.03565
70	0.03883	0.06293	0.14423	0.01158	0.10646	0.05239	0.02775	0.05960	0.05228	0.12402	0.06272	0.10420	0.05003	0.04297	0.00559	0.00161	0.00483	0.01907	0.00358	0.02534

[dist]
# distance from previous block
# <min> <max>
0	34

[block]
# block no. 5 follows, 54 sequences, length 35
# corresponding to MSA columns:
# 314-348
name=unknown_F
#
# <colnr> <probs for GDERKNQSTAVLIFYWHMCP>
#	G	D	E	R	K	N	Q	S	T	A	V	L	I	F	Y	W	H	M	C	P
0	0.02892	0.07233	0.03094	0.02352	0.01224	0.07289	0.02056	0.22030	0.10419	0.09322	0.02824	0.08007	0.12485	0.00703	0.00469	0.00143	0.00448	0.00568	0.02063	0.04377
1	0.00763	0.12442	0.00891	0.00675	0.00828	0.00679	0.00514	0.02061	0.04799	0.01313	0.04254	0.42312	0.13050	0.02691	0.00555	0.00165	0.00322	0.02659	0.01617	0.07409
2	0.00754	0.00466	0.00608	0.00634	0.00708	0.00434	0.00442	0.00830	0.00960	0.07718	0.13268	0.39766	0.08672	0.09545	0.02037	0.09828	0.00324	0.02189	0.00417	0.00399
3	0.01194	0.03339	0.13919	0.08147	0.02987	0.16050	0.07726	0.04841	0.03268	0.06606	0.01179	0.05889	0.02274	0.00726	0.05162	0.00173	0.01741	0.00459	0.07244	0.07075
4	0.08306	0.09743	0.13449	0.02109	0.04550	0.23075	0.00930	0.03793	0.12825	0.04147	0.05283	0.02263	0.02463	0.03372	0.00513	0.00149	0.01696	0.00418	0.00309	0.00606
5	0.00946	0.02439	0.80987	0.01344	0.02041	0.01095	0.01742	0.01493	0.00995	0.01493	0.00846	0.00995	0.00597	0.00448	0.00448	0.00149	0.00697	0.00348	0.00199	0.00697
6	0.00614	0.00449	0.00553	0.00613	0.00674	0.00418	0.00427	0.00710	0.00938	0.01222	0.06926	0.41287	0.18056	0.16225	0.00921	0.00234	0.00313	0.08628	0.00414	0.00377
7	0.07635	0.09465	0.07453	0.02389	0.05812	0.08491	0.13691	0.09387	0.06057	0.07508	0.03792	0.01476	0.04116	0.02968	0.02768	0.00172	0.04327	0.01553	0.00320	0.00621
8	0.00619	0.00480	0.00565	0.00572	0.00689	0.00435	0.00418	0.00803	0.03439	0.01503	0.31583	0.20943	0.33931	0.01155	0.00564	0.00162	0.00244	0.01004	0.00468	0.00422
9	0.04443	0.00674	0.00743	0.00648	0.00850	0.00690	0.00510	0.10838	0.08070	0.13894	0.10802	0.01829	0.01528	0.00609	0.00407	0.00129	0.00303	0.00493	0.41971	0.00568
10	0.06451	0.13718	0.30060	0.02230	0.01541	0.03487	0.04160	0.06283	0.11932	0.02586	0.02439	0.07983	0.01010	0.00584	0.00481	0.00148	0.03511	0.00462	0.00294	0.00640
11	0.02788	0.00738	0.00997	0.13756	0.07320	0.00795	0.01906	0.02741	0.17068	0.03769	0.03466	0.16134	0.07361	0.02787	0.01717	0.00188	0.00434	0.15105	0.00389	0.00543
12	0.03286	0.00733	0.00872	0.00720	0.00980	0.00711	0.00578	0.10134	0.05874	0.34806	0.06290	0.01794	0.03789	0.00612	0.00433	0.00136	0.00341	0.00495	0.26767	0.00648
13	0.01973	0.00865	0.01115	0.00869	0.01216	0.00801	0.00712	0.14759	0.01466	0.63447	0.01784	0.06248	0.01220	0.00632	0.00481	0.00148	0.00413	0.00516	0.00557	0.00778
14	0.01227	0.43212	0.24490	0.01047	0.01508	0.09590	0.04403	0.01497	0.01027	0.04273	0.00835	0.03423	0.00707	0.00464	0.00383	0.00124	0.00595	0.00340	0.00228	0.00627
15	0.04250	0.00952	0.01435	0.50179	0.20280	0.04876	0.01223	0.01307	0.03406	0.01336	0.00972	0.05955	0.00819	0.00523	0.00469	0.00153	0.00585	0.00464	0.00241	0.00573
16	0.01149	0.00836	0.01013	0.00930	0.03513	0.03899	0.00714	0.19693	0.03624	0.08021	0.01263	0.01569	0.01045	0.02048	0.40865	0.00449	0.03420	0.00468	0.04910	0.00571
17	0.01585	0.01023	0.02984	0.01053	0.08171	0.04755	0.00792	0.12036	0.01306	0.32583	0.01268	0.01255	0.00890	0.00499	0.00468	0.00124	0.02995	0.00394	0.00414	0.25407
18	0.04313	0.06637	0.01357	0.01113	0.01389	0.53171	0.00864	0.16459	0.04914	0.01581	0.00877	0.00964	0.00697	0.00504	0.00422	0.00126	0.00712	0.00336	0.02962	0.00603
19	0.01761	0.02247	0.01336	0.01215	0.01458	0.81537	0.00911	0.01883	0.01336	0.01154	0.00729	0.00850	0.00607	0.00486	0.00425	0.00121	0.00850	0.00304	0.00243	0.00547
20	0.00717	0.00523	0.00755	0.00746	0.00840	0.00603	0.00581	0.02982	0.00812	0.01189	0.01277	0.01827	0.01170	0.03262	0.74093	0.00699	0.01175	0.00499	0.05817	0.00433
21	0.01078	0.02387	0.01415	0.01202	0.01231	0.07935	0.00992	0.01183	0.00776	0.01131	0.00663	0.01072	0.00653	0.02241	0.03935	0.00219	0.70753	0.00409	0.00212	0.00513
22	0.01988	0.00872	0.01112	0.00859	0.01211	0.00812	0.00707	0.15557	0.01480	0.62695	0.01715	0.01531	0.01106	0.00579	0.00465	0.00143	0.00411	0.00464	0.05514	0.00781
23	0.00819	0.00410	0.00614	0.00614	0.00614	0.00410	0.00410	0.00614	0.00614	0.00819	0.00819	0.01433	0.00819	0.01638	0.01843	0.86282	0.00410	0.00410	0.00205	0.00205
24	0.01602	0.03737	0.01281	0.01037	0.01339	0.25777	0.00824	0.34667	0.10973	0.04504	0.01336	0.01343	0.05442	0.00582	0.00454	0.00137	0.00572	0.00431	0.03284	0.00676
25	0.00987	0.00966	0.01359	0.01179	0.01189	0.01339	0.00977	0.01099	0.00727	0.01130	0.00699	0.01133	0.00688	0.01160	0.11438	0.00274	0.72516	0.00424	0.00212	0.00504
26	0.00890	0.00811	0.01347	0.76641	0.03061	0.01006	0.01242	0.01197	0.00946	0.01243	0.00886	0.01292	0.00669	0.00477	0.00462	0.00154	0.00600	0.00420	0.06140	0.00518
27	0.00885	0.00954	0.09636	0.14779	0.03794	0.00824	0.15401	0.03411	0.01069	0.02870	0.03667	0.06501	0.16536	0.03942	0.00626	0.00179	0.01736	0.12337	0.00327	0.00527
28	0.00860	0.00559	0.00821	0.00762	0.00790	0.00642	0.02425	0.00793	0.00690	0.00996	0.00879	0.01413	0.00839	0.01507	0.07759	0.53954	0.16098	0.00424	0.07478	0.00311
29	0.00815	0.00557	0.00640	0.00615	0.00738	0.00555	0.00455	0.07407	0.05212	0.01693	0.23986	0.14649	0.10007	0.08447	0.00671	0.00177	0.00290	0.02621	0.20003	0.00460
30	0.00659	0.00488	0.00617	0.00670	0.00763	0.00460	0.00506	0.02917	0.01079	0.01418	0.15092	0.36665	0.17802	0.01280	0.00593	0.00183	0.00301	0.17639	0.00451	0.00418
31	0.02550	0.02638	0.09580	0.04697	0.03394	0.08808	0.20389	0.05173	0.16238	0.05052	0.05917	0.03615	0.03320	0.00603	0.00532	0.00155	0.03092	0.03277	0.00338	0.00630
32	0.01063	0.01103	0.03568	0.02609	0.11709	0.15089	0.08335	0.04361	0.09281	0.01420	0.01732	0.15516	0.08522	0.05708	0.03154	0.00194	0.01738	0.04012	0.00334	0.00551
33	0.04768	0.00686	0.02150	0.07369	0.03180	0.00678	0.00619	0.09334	0.01101	0.09573	0.04495	0.17505	0.12043	0.13748	0.04102	0.00232	0.00428	0.04255	0.03236	0.00497
34	0.03806	0.06066	0.22857	0.01282	0.15441	0.00932	0.01050	0.02693	0.04618	0.06921	0.02398	0.09811	0.01065	0.00596	0.00479	0.02503	0.00487	0.00476	0.02362	0.14158

[dist]
# distance from previous block
# <min> <max>
1	48

[block]
# block no. 6 follows, 54 sequences, length 33
# corresponding to MSA columns:
# 397-419,421-430
name=unknown_G
#
# <colnr> <probs for GDERKNQSTAVLIFYWHMCP>
#	G	D	E	R	K	N	Q	S	T	A	V	L	I	F	Y	W	H	M	C	P
0	0.00833	0.00736	0.04399	0.00778	0.00942	0.01638	0.03051	0.08813	0.10318	0.01537	0.08169	0.31537	0.14052	0.07777	0.00702	0.00193	0.00363	0.03250	0.00420	0.00492
1	0.00617	0.00459	0.00594	0.00644	0.00705	0.00453	0.00455	0.00723	0.00907	0.01207	0.06592	0.41569	0.14596	0.09871	0.14751	0.00309	0.01837	0.02932	0.00391	0.00389
2	0.00941	0.03081	0.12323	0.12770	0.05785	0.00882	0.08290	0.04951	0.02210	0.03960	0.01692	0.07083	0.11237	0.05520	0.06374	0.00218	0.03596	0.05717	0.00308	0.03062
3	0.03029	0.03921	0.11846	0.03867	0.14671	0.05348	0.03822	0.23327	0.02751	0.07075	0.01173	0.01348	0.03247	0.02809	0.07503	0.00205	0.02613	0.00439	0.00332	0.00673
4	0.00943	0.02252	0.70974	0.01365	0.02014	0.01071	0.07976	0.01457	0.01001	0.01482	0.00934	0.04718	0.00721	0.00490	0.00464	0.00152	0.00686	0.00410	0.00213	0.00678
5	0.00688	0.00439	0.00600	0.00627	0.00670	0.00436	0.00435	0.00684	0.00793	0.01058	0.04405	0.23710	0.10357	0.07114	0.14707	0.31378	0.00495	0.00769	0.00315	0.00322
6	0.02800	0.05093	0.10963	0.03645	0.16049	0.08112	0.04240	0.03345	0.08133	0.07170	0.02382	0.03932	0.05387	0.00819	0.05115	0.00189	0.03357	0.08331	0.00322	0.00616
7	0.01136	0.03969	0.02395	0.09729	0.07518	0.09909	0.05577	0.10476	0.03288	0.05681	0.02800	0.03836	0.02495	0.20946	0.05338	0.01811	0.00585	0.01663	0.00315	0.00533
8	0.01440	0.01133	0.01180	0.00976	0.01280	0.03667	0.00781	0.40861	0.27123	0.03449	0.01747	0.05304	0.07565	0.00680	0.00486	0.00151	0.00446	0.00544	0.00465	0.00724
9	0.05507	0.11714	0.34969	0.02438	0.03425	0.01003	0.05430	0.01262	0.02128	0.01398	0.02546	0.16119	0.01237	0.04408	0.03164	0.00186	0.00571	0.01648	0.00269	0.00579
10	0.04803	0.03679	0.04590	0.06378	0.34753	0.01828	0.04951	0.01520	0.04629	0.14042	0.02445	0.06799	0.03919	0.00591	0.00478	0.00149	0.00502	0.02944	0.00330	0.00669
11	0.00792	0.00419	0.00594	0.00594	0.00594	0.00419	0.00385	0.00629	0.00629	0.00838	0.00952	0.01763	0.00998	0.17956	0.01954	0.69159	0.00419	0.00465	0.00221	0.00221
12	0.00790	0.00562	0.00624	0.00609	0.00754	0.00559	0.00467	0.02309	0.12694	0.01664	0.18616	0.06864	0.21575	0.00906	0.00493	0.00150	0.00271	0.06459	0.23155	0.00478
13	0.01370	0.01179	0.01609	0.20022	0.04311	0.08268	0.16454	0.24629	0.03383	0.07114	0.01068	0.01289	0.00802	0.03189	0.00563	0.01296	0.00610	0.00453	0.01743	0.00649
14	0.06622	0.01106	0.03466	0.20820	0.28435	0.06228	0.06579	0.06054	0.06540	0.01578	0.01037	0.04781	0.00859	0.00511	0.00462	0.00148	0.00563	0.00459	0.03117	0.00635
15	0.01135	0.01204	0.01429	0.01235	0.01269	0.12810	0.01014	0.01241	0.00809	0.01137	0.00635	0.01006	0.00617	0.00777	0.01388	0.00194	0.70970	0.00397	0.00212	0.00520
16	0.00671	0.00515	0.00618	0.00586	0.00720	0.00479	0.00441	0.00937	0.06312	0.01732	0.55111	0.03679	0.24438	0.01004	0.00551	0.00152	0.00237	0.00870	0.00495	0.00452
17	0.01745	0.01271	0.01431	0.01193	0.06534	0.01398	0.00925	0.67302	0.02048	0.06996	0.01139	0.01156	0.00812	0.00566	0.00506	0.00144	0.03164	0.00427	0.00454	0.00789
18	0.01174	0.66683	0.11618	0.00879	0.01303	0.01663	0.02848	0.01377	0.00974	0.01175	0.00951	0.01041	0.05743	0.00459	0.00343	0.00112	0.00517	0.00319	0.00218	0.00603
19	0.00885	0.00760	0.01022	0.00930	0.01001	0.02271	0.00741	0.05978	0.00844	0.01217	0.01046	0.01604	0.00996	0.08208	0.42363	0.00500	0.28432	0.00479	0.00253	0.00470
20	0.01778	0.01358	0.01391	0.01083	0.01448	0.06595	0.00887	0.69670	0.04607	0.04697	0.01149	0.01145	0.00818	0.00564	0.00469	0.00141	0.00533	0.00421	0.00460	0.00784
21	0.45255	0.00789	0.00728	0.00634	0.00889	0.00856	0.00513	0.06280	0.01034	0.12740	0.04649	0.01267	0.00965	0.00516	0.00349	0.00137	0.00338	0.00367	0.21146	0.00548
22	0.00673	0.00496	0.00673	0.00697	0.00742	0.00541	0.00501	0.00775	0.00791	0.01094	0.01696	0.22944	0.01867	0.23731	0.32108	0.00480	0.04631	0.04863	0.00316	0.00381
23	0.01280	0.01139	0.01554	0.01257	0.01422	0.03947	0.10090	0.18132	0.01148	0.05521	0.00852	0.01118	0.00708	0.00691	0.01085	0.00179	0.46870	0.00432	0.01969	0.00606
24	0.00714	0.00559	0.00811	0.00788	0.00855	0.00671	0.00610	0.00860	0.00747	0.01082	0.01212	0.01875	0.01166	0.10591	0.65448	0.00669	0.10157	0.00512	0.00251	0.00419
25	0.00928	0.00887	0.01446	0.73311	0.08134	0.02480	0.01303	0.01230	0.00952	0.01223	0.00833	0.01237	0.00636	0.00479	0.00503	0.00157	0.03095	0.00417	0.00212	0.00538
26	0.01106	0.01269	0.05044	0.01845	0.02286	0.01189	0.66480	0.02904	0.03510	0.01539	0.02898	0.01317	0.00821	0.00446	0.00602	0.00161	0.05147	0.00546	0.00254	0.00633
27	0.00969	0.00713	0.00899	0.04429	0.04651	0.00722	0.01869	0.04483	0.00981	0.02656	0.06914	0.04147	0.04077	0.45247	0.11821	0.00422	0.03464	0.00689	0.00363	0.00485
28	0.00690	0.00479	0.00576	0.00635	0.00699	0.02430	0.00441	0.00816	0.01001	0.02969	0.14457	0.56089	0.02966	0.01230	0.00551	0.00171	0.00275	0.01100	0.12013	0.00413
29	0.00585	0.00446	0.00535	0.00600	0.00682	0.00402	0.00426	0.00688	0.00973	0.01235	0.03373	0.45597	0.31995	0.03971	0.00646	0.00190	0.00278	0.06556	0.00433	0.00389
30	0.02505	0.05129	0.04404	0.12391	0.27881	0.13177	0.02823	0.04397	0.08309	0.06568	0.01145	0.01418	0.02408	0.02584	0.00509	0.00151	0.00576	0.02679	0.00295	0.00651
31	0.01068	0.01100	0.05749	0.16576	0.23583	0.10456	0.03527	0.03589	0.03545	0.01394	0.01121	0.05974	0.01015	0.10974	0.02275	0.00195	0.00576	0.00497	0.06212	0.00572
32	0.00805	0.00506	0.00652	0.00654	0.00762	0.00482	0.00485	0.00943	0.01034	0.10024	0.15931	0.27572	0.13182	0.07102	0.07537	0.00240	0.01737	0.05933	0.03973	0.00446

[dist]
# distance from previous block
# <min> <max>
10	29

[block]
# block no. 7 follows, 54 sequences, length 7
# corresponding to MSA columns:
# 460-466
name=unknown_H
#
# <colnr> <probs for GDERKNQSTAVLIFYWHMCP>
#	G	D	E	R	K	N	Q	S	T	A	V	L	I	F	Y	W	H	M	C	P
0	0.01232	0.10348	0.24238	0.01460	0.17263	0.11158	0.01199	0.09491	0.01188	0.04444	0.03885	0.01283	0.04605	0.00537	0.00514	0.00142	0.05666	0.00412	0.00277	0.00659
1	0.05084	0.03881	0.07419	0.02989	0.02932	0.05015	0.04475	0.26674	0.09552	0.05580	0.03806	0.04318	0.06289	0.04447	0.00564	0.00163	0.00491	0.03622	0.02052	0.00645
2	0.03476	0.00629	0.00698	0.00683	0.00806	0.03125	0.00494	0.06764	0.04429	0.01411	0.06964	0.28339	0.13214	0.12734	0.10036	0.00271	0.00451	0.00859	0.00387	0.04232
3	0.00919	0.00866	0.08544	0.00863	0.02674	0.04251	0.06114	0.05104	0.01081	0.05047	0.14627	0.06269	0.07651	0.18118	0.06097	0.00253	0.00494	0.03751	0.06791	0.00486
4	0.06394	0.07185	0.08078	0.08408	0.06500	0.12747	0.08047	0.09839	0.01188	0.04473	0.04225	0.06634	0.02601	0.00604	0.00495	0.00145	0.03539	0.02287	0.06022	0.00589
5	0.00784	0.00688	0.04356	0.00690	0.00792	0.04420	0.00515	0.04884	0.00914	0.01216	0.07001	0.10468	0.05977	0.34376	0.20454	0.00419	0.00635	0.00688	0.00321	0.00402
6	0.00804	0.00603	0.00733	0.00722	0.00855	0.00611	0.00555	0.08714	0.07582	0.01632	0.21237	0.20117	0.11896	0.04031	0.05532	0.00217	0.00381	0.12854	0.00447	0.00478

[dist]
# distance from previous block
# <min> <max>
7	74

[block]
# block no. 8 follows, 54 sequences, length 9
# corresponding to MSA columns:
# 549-557
name=unknown_I
#
# <colnr> <probs for GDERKNQSTAVLIFYWHMCP>
#	G	D	E	R	K	N	Q	S	T	A	V	L	I	F	Y	W	H	M	C	P
0	0.00970	0.04580	0.08553	0.03038	0.07979	0.04696	0.04556	0.03264	0.09416	0.03735	0.07446	0.11393	0.13016	0.06043	0.00641	0.00169	0.02671	0.00652	0.02592	0.04589
1	0.01183	0.13871	0.13996	0.07428	0.10838	0.09840	0.02918	0.07245	0.06079	0.03456	0.06194	0.04361	0.01076	0.00554	0.00482	0.00139	0.03666	0.00442	0.03198	0.03033
2	0.06531	0.02395	0.03341	0.00890	0.01081	0.04557	0.07347	0.09757	0.04179	0.03213	0.02654	0.14172	0.03441	0.09452	0.14964	0.02713	0.02734	0.02498	0.03579	0.00504
3	0.04505	0.08078	0.10075	0.06720	0.10516	0.06549	0.10265	0.06234	0.05498	0.01567	0.09413	0.04606	0.03982	0.02449	0.02070	0.00165	0.03709	0.00513	0.02495	0.00592
4	0.01225	0.04133	0.08975	0.07103	0.02799	0.08086	0.07304	0.14368	0.07903	0.07970	0.01507	0.05034	0.05396	0.02393	0.05089	0.00190	0.00572	0.05133	0.04207	0.00614
5	0.00762	0.00550	0.00657	0.00639	0.00742	0.00558	0.00458	0.04312	0.05785	0.01358	0.08506	0.13560	0.09344	0.23606	0.14963	0.00339	0.00504	0.02374	0.07317	0.03666
6	0.05092	0.02537	0.03877	0.00779	0.03734	0.03409	0.00581	0.08376	0.02887	0.01547	0.05844	0.23548	0.08936	0.08331	0.03898	0.00202	0.00402	0.00746	0.10848	0.04427
7	0.00905	0.00904	0.03354	0.19003	0.03532	0.10424	0.03933	0.01147	0.04060	0.01297	0.03846	0.13317	0.11638	0.01082	0.07902	0.01940	0.02557	0.05270	0.03400	0.00488
8	0.05877	0.00857	0.01146	0.04417	0.14256	0.03333	0.04487	0.06423	0.03375	0.16023	0.04302	0.05443	0.04227	0.02838	0.05152	0.03101	0.00486	0.00513	0.08235	0.05509

[dist]
# distance from previous block
# <min> <max>
0	2

[block]
# block no. 9 follows, 54 sequences, length 7
# corresponding to MSA columns:
# 560-566
name=unknown_J
#
# <colnr> <probs for GDERKNQSTAVLIFYWHMCP>
#	G	D	E	R	K	N	Q	S	T	A	V	L	I	F	Y	W	H	M	C	P
0	0.00612	0.00462	0.00585	0.00614	0.00699	0.00446	0.00442	0.00737	0.00960	0.01273	0.13355	0.28196	0.23148	0.07011	0.18897	0.00321	0.00492	0.00954	0.00398	0.00398
1	0.00955	0.00523	0.00684	0.00663	0.00775	0.00492	0.00478	0.03299	0.00986	0.15412	0.05688	0.28812	0.10126	0.05000	0.03577	0.18279	0.00366	0.00825	0.02623	0.00436
2	0.01083	0.00598	0.00741	0.00674	0.00840	0.00564	0.00499	0.01299	0.07911	0.22971	0.10002	0.14531	0.14891	0.14878	0.03011	0.03410	0.00368	0.00763	0.00450	0.00516
3	0.02991	0.03674	0.19108	0.03264	0.01357	0.06987	0.01018	0.03070	0.00904	0.03442	0.00929	0.01304	0.00813	0.04209	0.21896	0.00330	0.23503	0.00417	0.00241	0.00544
4	0.01107	0.30621	0.45533	0.01095	0.01644	0.01312	0.01299	0.01482	0.01017	0.05751	0.04442	0.01060	0.00806	0.00463	0.00404	0.00132	0.00592	0.00345	0.00236	0.00659
5	0.00650	0.00433	0.00546	0.00624	0.00683	0.00411	0.00443	0.00777	0.00959	0.01355	0.05454	0.54461	0.06291	0.01256	0.00552	0.00175	0.00274	0.07837	0.16417	0.00401
6	0.00920	0.00713	0.00983	0.15614	0.05485	0.02334	0.03034	0.05809	0.03725	0.05750	0.17887	0.14331	0.07353	0.03832	0.04778	0.01678	0.00455	0.02802	0.02007	0.00510

[dist]
# distance from previous block
# <min> <max>
0	1

[block]
# block no. 10 follows, 54 sequences, length 33
# corresponding to MSA columns:
# 568-600
name=unknown_K
#
# <colnr> <probs for GDERKNQSTAVLIFYWHMCP>
#	G	D	E	R	K	N	Q	S	T	A	V	L	I	F	Y	W	H	M	C	P
0	0.00972	0.00697	0.00826	0.00810	0.00934	0.03884	0.01821	0.05861	0.04671	0.08155	0.08168	0.37221	0.03482	0.08623	0.02766	0.00227	0.01660	0.08267	0.00447	0.00509
1	0.01343	0.02760	0.04263	0.00951	0.01174	0.44470	0.00747	0.03539	0.03147	0.01395	0.06737	0.03781	0.08721	0.00626	0.00438	0.00129	0.00600	0.00467	0.14190	0.00522
2	0.05368	0.18235	0.25422	0.01235	0.08928	0.07232	0.02654	0.08507	0.07392	0.03556	0.01131	0.01296	0.03861	0.00520	0.00429	0.00139	0.00568	0.02584	0.00284	0.00658
3	0.03244	0.19710	0.36040	0.03774	0.04430	0.01285	0.06724	0.09723	0.04425	0.01573	0.00910	0.01102	0.00714	0.03801	0.00504	0.00151	0.00604	0.00374	0.00251	0.00661
