[name]
unknown

[dist]
# distance from previous block
# <min> <max>
0	16

[block]
# block no. 0 follows, 51 sequences, length 8
# corresponding to MSA columns:
# 39-46
name=unknown_A
#
# <colnr> <probs for GDERKNQSTAVLIFYWHMCP>
#	G	D	E	R	K	N	Q	S	T	A	V	L	I	F	Y	W	H	M	C	P
0	0.03347	0.00763	0.00982	0.11873	0.09484	0.03933	0.00805	0.01216	0.08545	0.01463	0.04800	0.13848	0.05689	0.07643	0.03297	0.00224	0.00485	0.18269	0.02819	0.00516
1	0.08937	0.00764	0.03247	0.05747	0.05063	0.02378	0.00656	0.04098	0.07765	0.03059	0.08323	0.11261	0.11213	0.03702	0.02993	0.16016	0.00428	0.00659	0.03206	0.00484
2	0.04364	0.00906	0.01219	0.13671	0.18036	0.03811	0.00919	0.07056	0.01127	0.05430	0.03590	0.06750	0.07419	0.04329	0.08160	0.00225	0.03811	0.00561	0.03095	0.05520
3	0.03401	0.01108	0.01174	0.20979	0.04233	0.14547	0.00909	0.11626	0.05446	0.01609	0.01631	0.08885	0.08673	0.02044	0.00564	0.00164	0.02689	0.05042	0.02482	0.02793
4	0.04002	0.00810	0.00930	0.03774	0.01077	0.03768	0.03434	0.14995	0.05538	0.03543	0.07951	0.12034	0.13127	0.11114	0.03915	0.03939	0.00457	0.00717	0.04347	0.00526
5	0.01190	0.03693	0.01349	0.19530	0.12483	0.03522	0.00992	0.12384	0.18959	0.01820	0.04302	0.01709	0.03143	0.00603	0.00485	0.00151	0.00503	0.03505	0.03139	0.06538
6	0.03855	0.00669	0.00783	0.00722	0.00874	0.00691	0.00537	0.09717	0.06207	0.04461	0.10851	0.08184	0.11520	0.19429	0.15392	0.00343	0.00551	0.02091	0.00399	0.02725
7	0.04377	0.01217	0.04053	0.10225	0.26419	0.11642	0.01089	0.06313	0.10820	0.04283	0.11226	0.01679	0.01389	0.00594	0.00493	0.00152	0.00548	0.02463	0.00346	0.00671

[dist]
# distance from previous block
# <min> <max>
2	3

[block]
# block no. 1 follows, 51 sequences, length 11
# corresponding to MSA columns:
# 50-60
name=unknown_B
#
# <colnr> <probs for GDERKNQSTAVLIFYWHMCP>
#	G	D	E	R	K	N	Q	S	T	A	V	L	I	F	Y	W	H	M	C	P
0	0.10284	0.00633	0.00703	0.00680	0.00818	0.00644	0.00493	0.05913	0.06751	0.03962	0.16570	0.24006	0.11505	0.13832	0.00849	0.00218	0.00339	0.00881	0.00440	0.00480
1	0.04328	0.00597	0.00698	0.00653	0.00826	0.00564	0.00501	0.02982	0.04077	0.12661	0.21318	0.11472	0.21196	0.02720	0.00576	0.00167	0.00301	0.04123	0.09723	0.00516
2	0.16539	0.00578	0.00569	0.00563	0.00714	0.00590	0.00424	0.03213	0.01046	0.01766	0.05615	0.15562	0.14170	0.00840	0.00436	0.00147	0.00278	0.00691	0.35793	0.00466
3	0.00606	0.00476	0.00541	0.00571	0.00683	0.00419	0.00407	0.00728	0.01086	0.01374	0.13634	0.27961	0.44158	0.04253	0.00664	0.00186	0.00266	0.01115	0.00461	0.00412
4	0.05048	0.00749	0.00857	0.00785	0.00953	0.00776	0.00581	0.18349	0.05221	0.08476	0.05013	0.27207	0.03485	0.17323	0.00936	0.00233	0.00403	0.02618	0.00444	0.00544
5	0.00907	0.00579	0.00684	0.00650	0.00787	0.00552	0.00470	0.01142	0.08164	0.11263	0.14970	0.12642	0.19601	0.20683	0.01027	0.00242	0.00344	0.02702	0.02111	0.00480
6	0.01175	0.00830	0.00922	0.00843	0.01064	0.00897	0.00657	0.07213	0.35439	0.09003	0.02105	0.08888	0.05224	0.04455	0.00595	0.00178	0.00374	0.06963	0.12530	0.00646
7	0.00683	0.00465	0.00553	0.00580	0.00595	0.00455	0.00350	0.00720	0.00816	0.01096	0.06628	0.24325	0.02351	0.56109	0.01885	0.00383	0.00411	0.00907	0.00355	0.00335
8	0.21694	0.00602	0.00621	0.00617	0.00772	0.00604	0.00461	0.00988	0.01045	0.03678	0.16138	0.21142	0.19662	0.04359	0.00593	0.00180	0.00304	0.02506	0.03576	0.00457
9	0.13540	0.00666	0.00717	0.00681	0.00856	0.00677	0.00524	0.03997	0.08683	0.04511	0.18531	0.06700	0.20678	0.09148	0.00728	0.00199	0.00339	0.07880	0.00446	0.00499
10	0.18588	0.00973	0.00956	0.00825	0.01098	0.03395	0.00656	0.17504	0.20085	0.04933	0.08492	0.02050	0.13296	0.00714	0.00469	0.00155	0.00393	0.00561	0.04219	0.00639

[dist]
# distance from previous block
# <min> <max>
14	53

[block]
# block no. 2 follows, 51 sequences, length 34
# corresponding to MSA columns:
# 133-166
name=unknown_C
#
# <colnr> <probs for GDERKNQSTAVLIFYWHMCP>
#	G	D	E	R	K	N	Q	S	T	A	V	L	I	F	Y	W	H	M	C	P
0	0.02866	0.06921	0.04633	0.12012	0.12948	0.04695	0.05178	0.10589	0.07738	0.04766	0.04188	0.07270	0.04872	0.00661	0.00582	0.00158	0.07050	0.00544	0.00338	0.01989
1	0.03049	0.02615	0.07284	0.03541	0.08251	0.06528	0.03280	0.12178	0.12660	0.01773	0.07573	0.10125	0.04852	0.00817	0.02740	0.00177	0.07736	0.00597	0.00369	0.03856
2	0.04034	0.04500	0.08242	0.06494	0.15883	0.04821	0.00935	0.05647	0.06172	0.02979	0.06257	0.12317	0.06972	0.02434	0.05873	0.00201	0.00540	0.00620	0.00342	0.04734
3	0.02530	0.10256	0.03935	0.03994	0.12566	0.07536	0.03269	0.12124	0.03698	0.08022	0.03415	0.07215	0.01078	0.00625	0.00596	0.00148	0.09780	0.00487	0.00337	0.08388
4	0.04615	0.10881	0.01526	0.01128	0.04713	0.05917	0.03463	0.35744	0.03859	0.10095	0.03541	0.04200	0.01033	0.00599	0.00504	0.00145	0.03208	0.00463	0.00415	0.03953
5	0.03185	0.01366	0.16774	0.03588	0.28082	0.03426	0.11671	0.04937	0.01181	0.06470	0.05198	0.06080	0.03088	0.00572	0.00504	0.00154	0.00590	0.00529	0.00306	0.02298
6	0.01090	0.01083	0.01503	0.01410	0.08652	0.03073	0.01076	0.01222	0.00814	0.01240	0.00706	0.01110	0.00681	0.00885	0.04062	0.00219	0.66161	0.00425	0.00223	0.04364
7	0.01109	0.01162	0.06996	0.21731	0.45105	0.01137	0.03620	0.01492	0.06000	0.01527	0.01027	0.03635	0.00853	0.00506	0.00514	0.00156	0.02003	0.00472	0.00257	0.00700
8	0.00611	0.00437	0.00585	0.00699	0.00733	0.00410	0.00478	0.00706	0.00953	0.01269	0.02702	0.77331	0.03222	0.01528	0.00631	0.00201	0.00296	0.06349	0.00456	0.00403
9	0.10410	0.00822	0.01054	0.00824	0.01179	0.00742	0.00678	0.02218	0.01325	0.67118	0.01793	0.01597	0.01152	0.00591	0.00465	0.00150	0.00402	0.00469	0.06230	0.00781
10	0.00636	0.00490	0.00581	0.00579	0.00703	0.00435	0.00426	0.00803	0.01218	0.01610	0.38506	0.15420	0.34466	0.01178	0.00587	0.00166	0.00246	0.01021	0.00495	0.00435
11	0.00603	0.00447	0.00562	0.00642	0.00705	0.00407	0.00440	0.00707	0.01011	0.01324	0.08990	0.60895	0.18593	0.01440	0.00614	0.00189	0.00274	0.01286	0.00463	0.00407
12	0.00688	0.00502	0.00646	0.00610	0.00729	0.00460	0.00458	0.00913	0.01373	0.01928	0.74447	0.03741	0.09621	0.01021	0.00580	0.00155	0.00233	0.00899	0.00535	0.00460
13	0.01019	0.00873	0.01019	0.00728	0.01165	0.00655	0.00582	0.01237	0.01019	0.01601	0.00873	0.01019	0.00728	0.00364	0.00364	0.00073	0.00364	0.00291	0.00291	0.85734
14	0.00712	0.00486	0.00582	0.00582	0.00598	0.00502	0.00356	0.00744	0.00728	0.00987	0.01506	0.02981	0.01685	0.68288	0.16803	0.00534	0.00630	0.00680	0.00291	0.00324
15	0.00928	0.00873	0.01474	0.81548	0.03385	0.01092	0.01365	0.01256	0.00983	0.01256	0.00873	0.01310	0.00655	0.00491	0.00491	0.00164	0.00655	0.00437	0.00218	0.00546
16	0.01307	0.63341	0.14697	0.00966	0.01420	0.08662	0.01004	0.01527	0.01039	0.01223	0.00721	0.00836	0.00630	0.00435	0.00350	0.00115	0.00588	0.00283	0.00214	0.00640
17	0.00928	0.00873	0.01474	0.81548	0.03385	0.01092	0.01365	0.01256	0.00983	0.01256	0.00873	0.01310	0.00655	0.00491	0.00491	0.00164	0.00655	0.00437	0.00218	0.00546
18	0.00707	0.00473	0.00538	0.00546	0.00548	0.00471	0.00309	0.00713	0.00730	0.00974	0.01628	0.08656	0.01887	0.77152	0.02373	0.00457	0.00463	0.00762	0.00309	0.00305
19	0.01082	0.26106	0.57461	0.01237	0.01874	0.01376	0.01530	0.01531	0.01026	0.01439	0.00824	0.00965	0.00625	0.00453	0.00423	0.00141	0.00668	0.00334	0.00208	0.00698
20	0.00986	0.02542	0.80183	0.01401	0.02127	0.01141	0.01816	0.01556	0.01038	0.01556	0.00882	0.01038	0.00623	0.00467	0.00467	0.00156	0.00726	0.00363	0.00208	0.00726
21	0.00599	0.00428	0.00570	0.00684	0.00713	0.00399	0.00456	0.00684	0.00941	0.01254	0.02709	0.82409	0.03250	0.01540	0.00627	0.00200	0.00285	0.01397	0.00456	0.00399
22	0.00625	0.00452	0.00595	0.00702	0.00741	0.00430	0.00478	0.00754	0.03273	0.01287	0.02683	0.77092	0.03182	0.01507	0.00625	0.00200	0.00295	0.04210	0.00457	0.00412
23	0.00945	0.02807	0.26609	0.04007	0.03637	0.00924	0.13535	0.01372	0.06531	0.03298	0.07929	0.03628	0.17925	0.00737	0.00531	0.00163	0.00545	0.03927	0.00338	0.00612
24	0.00715	0.00476	0.00536	0.00536	0.00536	0.00476	0.00298	0.00715	0.00715	0.00953	0.01548	0.03216	0.01787	0.82729	0.02501	0.00476	0.00476	0.00715	0.00298	0.00298
25	0.01316	0.00637	0.00847	0.00725	0.00947	0.00566	0.00568	0.01516	0.01356	0.34553	0.38655	0.08125	0.06351	0.00885	0.00547	0.00157	0.00314	0.00764	0.00560	0.00613
26	0.01011	0.00859	0.01007	0.00749	0.01159	0.00668	0.00603	0.01269	0.03615	0.01608	0.01026	0.01348	0.00893	0.00440	0.00389	0.00086	0.00371	0.05367	0.00309	0.77225
27	0.00981	0.00937	0.01325	0.01164	0.01186	0.01280	0.00959	0.01106	0.00762	0.01172	0.00815	0.01291	0.00792	0.01573	0.21596	0.00360	0.61507	0.00454	0.00227	0.00513
28	0.00706	0.00531	0.00677	0.00753	0.00876	0.00502	0.00626	0.00887	0.01110	0.01405	0.03382	0.12241	0.27698	0.01337	0.00642	0.00204	0.00371	0.45163	0.00454	0.00435
29	0.01190	0.03532	0.01708	0.04076	0.15420	0.04299	0.12811	0.06974	0.11721	0.01567	0.01047	0.01347	0.00878	0.02887	0.05620	0.00216	0.23294	0.00476	0.00290	0.00646
30	0.01332	0.10914	0.11070	0.07255	0.24899	0.11297	0.02795	0.09457	0.01275	0.06083	0.06220	0.03142	0.01059	0.00539	0.00471	0.00144	0.00598	0.00452	0.00306	0.00690
31	0.00715	0.00476	0.00536	0.00536	0.00536	0.00476	0.00298	0.00715	0.00715	0.00953	0.01548	0.03216	0.01787	0.82729	0.02501	0.00476	0.00476	0.00715	0.00298	0.00298
32	0.00599	0.00428	0.00570	0.00684	0.00713	0.00399	0.00456	0.00684	0.00941	0.01254	0.02709	0.82409	0.03250	0.01540	0.00627	0.00200	0.00285	0.01397	0.00456	0.00399
33	0.01394	0.20602	0.06986	0.04413	0.14546	0.26266	0.02989	0.04330	0.03177	0.02478	0.01032	0.02830	0.03069	0.00627	0.03114	0.00156	0.00683	0.00402	0.00267	0.00637

[dist]
# distance from previous block
# <min> <max>
0	2

[block]
# block no. 3 follows, 51 sequences, length 30
# corresponding to MSA columns:
# 169-198
name=unknown_D
#
# <colnr> <probs for GDERKNQSTAVLIFYWHMCP>
#	G	D	E	R	K	N	Q	S	T	A	V	L	I	F	Y	W	H	M	C	P
0	0.13459	0.11912	0.03313	0.04424	0.12766	0.29275	0.06821	0.05366	0.02486	0.01539	0.00824	0.00998	0.00673	0.00491	0.00474	0.00140	0.03785	0.00360	0.00265	0.00627
1	0.00617	0.00492	0.00553	0.00553	0.00690	0.00428	0.00409	0.00770	0.01183	0.01512	0.26998	0.12458	0.49196	0.01203	0.00585	0.00166	0.00248	0.01030	0.00482	0.00428
2	0.01403	0.23456	0.03108	0.02507	0.04286	0.22924	0.00836	0.05052	0.01218	0.05846	0.06787	0.01190	0.01005	0.00533	0.00452	0.02355	0.00574	0.00367	0.00298	0.15804
3	0.00883	0.00780	0.01087	0.00983	0.01013	0.01016	0.00778	0.00994	0.00758	0.01127	0.01037	0.01755	0.01051	0.16731	0.28570	0.00457	0.39759	0.00515	0.00246	0.00460
4	0.01196	0.09080	0.01752	0.05566	0.10479	0.06642	0.06970	0.01368	0.00922	0.03537	0.00764	0.01100	0.00683	0.00686	0.01114	0.00183	0.46710	0.00421	0.00234	0.00595
5	0.00590	0.00498	0.00511	0.00508	0.00670	0.00419	0.00381	0.00723	0.01142	0.01380	0.11047	0.04643	0.73363	0.01225	0.00581	0.00165	0.00248	0.01025	0.00463	0.00419
6	0.00712	0.00487	0.00589	0.00589	0.00608	0.00505	0.00364	0.00749	0.00730	0.00992	0.01500	0.02945	0.01669	0.66096	0.18974	0.00542	0.00653	0.00675	0.00291	0.00327
7	0.00631	0.00496	0.00570	0.00560	0.00697	0.00435	0.00417	0.00799	0.01226	0.01598	0.36669	0.08813	0.43019	0.01159	0.00583	0.00163	0.00244	0.00995	0.00493	0.00435
8	0.00616	0.00450	0.00579	0.00650	0.00711	0.00414	0.00448	0.00734	0.01050	0.01403	0.18019	0.57990	0.12323	0.01401	0.00613	0.00187	0.00270	0.01256	0.00473	0.00414
9	0.01699	0.02128	0.01583	0.01365	0.01630	0.65407	0.10276	0.01859	0.01318	0.01246	0.00780	0.00953	0.00648	0.00521	0.00544	0.00138	0.06721	0.00357	0.00250	0.00579
10	0.01160	0.01326	0.02900	0.02071	0.02568	0.01243	0.77879	0.01574	0.01160	0.01574	0.00994	0.01326	0.00746	0.00414	0.00580	0.00166	0.00829	0.00580	0.00249	0.00663
11	0.00801	0.00626	0.00812	0.00875	0.08488	0.02255	0.00587	0.01015	0.01298	0.03608	0.53950	0.03435	0.13623	0.02545	0.00627	0.00163	0.02030	0.02282	0.00483	0.00497
12	0.01314	0.83025	0.02575	0.00841	0.01261	0.01945	0.00841	0.01472	0.00999	0.01156	0.00683	0.00788	0.00631	0.00420	0.00315	0.00105	0.00526	0.00263	0.00210	0.00631
13	0.03082	0.03376	0.01661	0.33164	0.09291	0.12037	0.09385	0.11636	0.02816	0.03530	0.00945	0.01212	0.00724	0.00515	0.00540	0.00156	0.04582	0.00432	0.00281	0.00634
14	0.00843	0.00733	0.00793	0.00778	0.00862	0.10283	0.00568	0.00964	0.00842	0.01097	0.01312	0.02156	0.01309	0.24957	0.49604	0.00624	0.01034	0.00553	0.00271	0.00416
15	0.00928	0.00873	0.01474	0.81548	0.03385	0.01092	0.01365	0.01256	0.00983	0.01256	0.00873	0.01310	0.00655	0.00491	0.00491	0.00164	0.00655	0.00437	0.00218	0.00546
16	0.00715	0.00476	0.00536	0.00536	0.00536	0.00476	0.00298	0.00715	0.00715	0.00953	0.01548	0.03216	0.01787	0.82729	0.02501	0.00476	0.00476	0.00715	0.00298	0.00298
17	0.01836	0.02342	0.01393	0.01266	0.01519	0.80756	0.00950	0.01962	0.01393	0.01203	0.00760	0.00886	0.00633	0.00506	0.00443	0.00127	0.00886	0.00317	0.00253	0.00570
18	0.00928	0.00873	0.01474	0.81548	0.03385	0.01092	0.01365	0.01256	0.00983	0.01256	0.00873	0.01310	0.00655	0.00491	0.00491	0.00164	0.00655	0.00437	0.00218	0.00546
19	0.05640	0.00841	0.01123	0.00865	0.01242	0.00738	0.00715	0.02356	0.01383	0.76822	0.01887	0.01637	0.01188	0.00602	0.00486	0.00152	0.00417	0.00485	0.00596	0.00824
20	0.01879	0.01359	0.01464	0.01123	0.01515	0.01498	0.00927	0.75613	0.02282	0.05550	0.01204	0.01196	0.00848	0.00591	0.00492	0.00148	0.00537	0.00444	0.00495	0.00836
21	0.00599	0.00428	0.00570	0.00684	0.00713	0.00399	0.00456	0.00684	0.00941	0.01254	0.02709	0.82409	0.03250	0.01540	0.00627	0.00200	0.00285	0.01397	0.00456	0.00399
22	0.00585	0.00498	0.00504	0.00502	0.00666	0.00417	0.00377	0.00713	0.01130	0.01351	0.07647	0.04691	0.76781	0.01236	0.00581	0.00166	0.00248	0.01032	0.00459	0.00417
23	0.01836	0.02342	0.01393	0.01266	0.01519	0.80756	0.00950	0.01962	0.01393	0.01203	0.00760	0.00886	0.00633	0.00506	0.00443	0.00127	0.00886	0.00317	0.00253	0.00570
24	0.00880	0.00561	0.00723	0.00654	0.00807	0.00517	0.00500	0.03169	0.01407	0.10077	0.66218	0.03438	0.07209	0.00962	0.00568	0.00155	0.00260	0.00842	0.00543	0.00511
25	0.86201	0.00950	0.00722	0.00646	0.00950	0.01102	0.00532	0.01445	0.00836	0.02205	0.00684	0.00798	0.00532	0.00456	0.00304	0.00152	0.00380	0.00266	0.00304	0.00532
26	0.00714	0.00481	0.00557	0.00557	0.00564	0.00488	0.00324	0.00728	0.00721	0.00968	0.01529	0.03111	0.01741	0.76255	0.08913	0.00502	0.00545	0.00699	0.00295	0.00309
27	0.00775	0.00653	0.00898	0.11491	0.02915	0.02430	0.03732	0.03021	0.03254	0.01344	0.02333	0.50190	0.08226	0.02776	0.00659	0.00192	0.03175	0.01069	0.00398	0.00468
28	0.00844	0.01242	0.26288	0.01041	0.02946	0.00826	0.03912	0.01138	0.02390	0.01343	0.04291	0.07097	0.06455	0.16279	0.14365	0.00330	0.05599	0.02790	0.00292	0.00530
29	0.01248	0.00857	0.00972	0.00844	0.01097	0.00902	0.00663	0.09361	0.31928	0.14226	0.20665	0.02442	0.09095	0.00780	0.00521	0.00158	0.00355	0.00655	0.02553	0.00678

[dist]
# distance from previous block
# <min> <max>
0	3

[block]
# block no. 4 follows, 51 sequences, length 27
# corresponding to MSA columns:
# 202-228
name=unknown_E
#
# <colnr> <probs for GDERKNQSTAVLIFYWHMCP>
#	G	D	E	R	K	N	Q	S	T	A	V	L	I	F	Y	W	H	M	C	P
0	0.01337	0.04186	0.08715	0.14772	0.27549	0.10098	0.05545	0.13227	0.01300	0.03869	0.00965	0.01187	0.00750	0.00494	0.00500	0.00148	0.02212	0.00422	0.02025	0.00701
1	0.06838	0.11080	0.14194	0.01561	0.21816	0.08682	0.01143	0.09438	0.06325	0.07156	0.01141	0.01247	0.03146	0.00520	0.00468	0.00143	0.01930	0.00410	0.00313	0.02448
2	0.08706	0.20429	0.16082	0.01046	0.01414	0.07804	0.04141	0.03668	0.04347	0.08039	0.10619	0.01376	0.01211	0.00584	0.00550	0.00147	0.08456	0.00429	0.00317	0.00635
3	0.00772	0.00508	0.00641	0.00635	0.00698	0.00553	0.00453	0.00901	0.00826	0.01258	0.01448	0.02304	0.01404	0.28749	0.32213	0.00497	0.02971	0.00568	0.22201	0.00400
4	0.01310	0.74834	0.05365	0.00885	0.01302	0.01887	0.00888	0.03760	0.01031	0.01230	0.00704	0.00819	0.00637	0.00442	0.00370	0.00112	0.03289	0.00278	0.00219	0.00637
5	0.00703	0.00523	0.00773	0.00773	0.00855	0.00605	0.00594	0.00867	0.00785	0.01128	0.01332	0.02015	0.01265	0.08869	0.75649	0.00769	0.01261	0.00539	0.00266	0.00430
6	0.00597	0.00499	0.00521	0.00525	0.00682	0.00423	0.00396	0.00732	0.01137	0.01379	0.10478	0.06400	0.69516	0.01237	0.00585	0.00168	0.00255	0.03587	0.00463	0.00419
7	0.04446	0.00828	0.01113	0.00859	0.01228	0.00724	0.00708	0.02319	0.01390	0.75214	0.04552	0.01717	0.01315	0.00618	0.00492	0.00152	0.00411	0.00501	0.00598	0.00815
8	0.00780	0.00562	0.00775	0.00882	0.00998	0.00557	0.00768	0.01000	0.01131	0.01462	0.02739	0.05497	0.07235	0.01351	0.00673	0.00223	0.00441	0.72025	0.00453	0.00450
9	0.01075	0.01075	0.01505	0.01290	0.01290	0.01505	0.01075	0.01183	0.00753	0.01183	0.00645	0.01075	0.00645	0.00860	0.01613	0.00215	0.81830	0.00430	0.00215	0.00538
10	0.01314	0.83025	0.02575	0.00841	0.01261	0.01945	0.00841	0.01472	0.00999	0.01156	0.00683	0.00788	0.00631	0.00420	0.00315	0.00105	0.00526	0.00263	0.00210	0.00631
11	0.00691	0.00502	0.00651	0.00614	0.00732	0.00462	0.00460	0.00919	0.01381	0.01948	0.76742	0.03709	0.07314	0.01013	0.00580	0.00155	0.00232	0.00894	0.00538	0.00462
12	0.01314	0.83025	0.02575	0.00841	0.01261	0.01945	0.00841	0.01472	0.00999	0.01156	0.00683	0.00788	0.00631	0.00420	0.00315	0.00105	0.00526	0.00263	0.00210	0.00631
13	0.00599	0.00428	0.00570	0.00684	0.00713	0.00399	0.00456	0.00684	0.00941	0.01254	0.02709	0.82409	0.03250	0.01540	0.00627	0.00200	0.00285	0.01397	0.00456	0.00399
14	0.00598	0.00432	0.00565	0.00672	0.00710	0.00400	0.00451	0.00686	0.00953	0.01259	0.02857	0.77315	0.08248	0.01520	0.00624	0.00197	0.00283	0.01373	0.00456	0.00400
15	0.01019	0.00873	0.01019	0.00728	0.01165	0.00655	0.00582	0.01237	0.01019	0.01601	0.00873	0.01019	0.00728	0.00364	0.00364	0.00073	0.00364	0.00291	0.00291	0.85734
16	0.00662	0.00488	0.00655	0.03657	0.00882	0.00470	0.00565	0.00802	0.01030	0.01352	0.06835	0.49034	0.10336	0.01401	0.00628	0.00199	0.00334	0.19796	0.00451	0.00423
17	0.01836	0.02342	0.01393	0.01266	0.01519	0.80756	0.00950	0.01962	0.01393	0.01203	0.00760	0.00886	0.00633	0.00506	0.00443	0.00127	0.00886	0.00317	0.00253	0.00570
18	0.01296	0.42140	0.02015	0.01059	0.05589	0.07843	0.04793	0.05514	0.01112	0.01412	0.00788	0.00930	0.00679	0.00437	0.00408	0.00110	0.02974	0.00314	0.00251	0.20336
19	0.02862	0.11671	0.15671	0.06703	0.05821	0.21687	0.17129	0.01681	0.01175	0.07900	0.00973	0.02797	0.00764	0.00494	0.00471	0.00145	0.00712	0.00423	0.00271	0.00651
20	0.00599	0.00428	0.00570	0.00684	0.00713	0.00399	0.00456	0.00684	0.00941	0.01254	0.02709	0.82409	0.03250	0.01540	0.00627	0.00200	0.00285	0.01397	0.00456	0.00399
21	0.01332	0.01118	0.01315	0.08607	0.11143	0.06353	0.00935	0.30430	0.03096	0.02031	0.02784	0.15210	0.01330	0.02149	0.00614	0.00165	0.05494	0.01935	0.00388	0.03569
22	0.00702	0.00527	0.00790	0.00790	0.00878	0.00614	0.00614	0.00878	0.00790	0.01141	0.01316	0.01931	0.01229	0.03686	0.80782	0.00790	0.01316	0.00527	0.00263	0.00439
23	0.06996	0.09022	0.12645	0.04679	0.05358	0.03817	0.00996	0.21330	0.05329	0.15127	0.03840	0.01348	0.00999	0.01913	0.02967	0.00173	0.01925	0.00434	0.00387	0.00716
24	0.00704	0.00519	0.00751	0.00751	0.00825	0.00593	0.00565	0.00852	0.00778	0.01112	0.01352	0.02129	0.01315	0.15885	0.68700	0.00741	0.01187	0.00556	0.00269	0.00417
25	0.01019	0.00873	0.01019	0.00728	0.01165	0.00655	0.00582	0.01237	0.01019	0.01601	0.00873	0.01019	0.00728	0.00364	0.00364	0.00073	0.00364	0.00291	0.00291	0.85734
26	0.09288	0.06656	0.15418	0.03850	0.13008	0.08507	0.02671	0.18858	0.03512	0.06065	0.02914	0.03411	0.00914	0.00553	0.00485	0.00149	0.02272	0.00434	0.00336	0.00702

[dist]
# distance from previous block
# <min> <max>
0	2

[block]
# block no. 5 follows, 51 sequences, length 82
# corresponding to MSA columns:
# 231-271,281-321
name=unknown_F
#
# <colnr> <probs for GDERKNQSTAVLIFYWHMCP>
#	G	D	E	R	K	N	Q	S	T	A	V	L	I	F	Y	W	H	M	C	P
0	0.65211	0.00986	0.02111	0.00813	0.01137	0.01069	0.07033	0.02650	0.02236	0.08221	0.00919	0.02503	0.00725	0.00510	0.00364	0.00156	0.00428	0.02019	0.00334	0.00574
1	0.00959	0.00815	0.00952	0.00711	0.01098	0.00620	0.00560	0.01161	0.01019	0.01557	0.01267	0.07726	0.05680	0.00511	0.00398	0.00089	0.00351	0.00424	0.00314	0.73788
2	0.00763	0.00573	0.00726	0.00727	0.00765	0.00632	0.00518	0.00876	0.02577	0.01215	0.04230	0.21900	0.03458	0.31816	0.04853	0.00325	0.12124	0.06678	0.04844	0.00401
3	0.01075	0.01075	0.01505	0.01290	0.01290	0.01505	0.01075	0.01183	0.00753	0.01183	0.00645	0.01075	0.00645	0.00860	0.01613	0.00215	0.81830	0.00430	0.00215	0.00538
4	0.00616	0.00491	0.00552	0.00554	0.00690	0.00427	0.00409	0.00766	0.01177	0.01503	0.25961	0.13432	0.49269	0.01210	0.00586	0.00167	0.00248	0.01037	0.00480	0.00427
5	0.02009	0.01051	0.01266	0.00968	0.01356	0.01035	0.00798	0.32152	0.01743	0.45544	0.01583	0.01444	0.01041	0.00588	0.00486	0.00146	0.00464	0.00463	0.00546	0.05318
6	0.10105	0.01133	0.01277	0.00988	0.01368	0.01184	0.00816	0.42374	0.01831	0.31775	0.01416	0.01327	0.00949	0.00584	0.00475	0.00150	0.00479	0.00445	0.00517	0.00807
7	0.01019	0.00873	0.01019	0.00728	0.01165	0.00655	0.00582	0.01237	0.01019	0.01601	0.00873	0.01019	0.00728	0.00364	0.00364	0.00073	0.00364	0.00291	0.00291	0.85734
8	0.01175	0.20838	0.30120	0.01420	0.08995	0.06086	0.07960	0.03402	0.03705	0.01460	0.00886	0.01078	0.00709	0.00609	0.03519	0.00170	0.06575	0.00382	0.00237	0.00674
9	0.00696	0.00525	0.00651	0.00722	0.00790	0.00527	0.00498	0.00970	0.12247	0.01358	0.02579	0.63957	0.04602	0.04806	0.02403	0.00218	0.00329	0.01220	0.00452	0.00451
10	0.01075	0.01075	0.01505	0.01290	0.01290	0.01505	0.01075	0.01183	0.00753	0.01183	0.00645	0.01075	0.00645	0.00860	0.01613	0.00215	0.81830	0.00430	0.00215	0.00538
11	0.01019	0.00873	0.01019	0.00728	0.01165	0.00655	0.00582	0.01237	0.01019	0.01601	0.00873	0.01019	0.00728	0.00364	0.00364	0.00073	0.00364	0.00291	0.00291	0.85734
12	0.01072	0.01020	0.01734	0.42334	0.41474	0.01130	0.01436	0.01382	0.01051	0.01430	0.00899	0.01263	0.00717	0.00465	0.00489	0.00155	0.00620	0.00437	0.00231	0.00662
13	0.00702	0.00527	0.00790	0.00790	0.00878	0.00614	0.00614	0.00878	0.00790	0.01141	0.01316	0.01931	0.01229	0.03686	0.80782	0.00790	0.01316	0.00527	0.00263	0.00439
14	0.01170	0.01179	0.01496	0.01280	0.01318	0.06985	0.01059	0.05293	0.00879	0.01285	0.00681	0.01068	0.00654	0.00821	0.01473	0.00205	0.71943	0.00423	0.00232	0.00556
15	0.00702	0.00527	0.00790	0.00790	0.00878	0.00614	0.00614	0.00878	0.00790	0.01141	0.01316	0.01931	0.01229	0.03686	0.80782	0.00790	0.01316	0.00527	0.00263	0.00439
16	0.01290	0.13058	0.11835	0.01254	0.11837	0.02701	0.03333	0.09042	0.06543	0.08590	0.01088	0.01245	0.00859	0.03592	0.01596	0.00148	0.00529	0.00395	0.00322	0.20743
17	0.01285	0.04233	0.01290	0.01259	0.10955	0.09999	0.00880	0.02265	0.52086	0.03369	0.01644	0.01616	0.01263	0.00770	0.04723	0.00190	0.00523	0.00501	0.00420	0.00733
18	0.00714	0.00479	0.00549	0.00549	0.00554	0.00484	0.00314	0.00723	0.00719	0.00963	0.01536	0.03148	0.01757	0.78557	0.06633	0.00493	0.00521	0.00705	0.00296	0.00305
19	0.00723	0.00514	0.00613	0.00587	0.00732	0.00454	0.00440	0.00901	0.01255	0.05787	0.40670	0.08744	0.34551	0.01113	0.00578	0.00162	0.00252	0.00958	0.00505	0.00460
20	0.86201	0.00950	0.00722	0.00646	0.00950	0.01102	0.00532	0.01445	0.00836	0.02205	0.00684	0.00798	0.00532	0.00456	0.00304	0.00152	0.00380	0.00266	0.00304	0.00532
21	0.86201	0.00950	0.00722	0.00646	0.00950	0.01102	0.00532	0.01445	0.00836	0.02205	0.00684	0.00798	0.00532	0.00456	0.00304	0.00152	0.00380	0.00266	0.00304	0.00532
22	0.00581	0.00498	0.00498	0.00498	0.00664	0.00415	0.00373	0.00705	0.01120	0.01328	0.04978	0.04729	0.79464	0.01245	0.00581	0.00166	0.00249	0.01037	0.00456	0.00415
23	0.00604	0.00432	0.00575	0.00681	0.00714	0.00403	0.00457	0.00697	0.00965	0.01292	0.06757	0.78252	0.03323	0.01511	0.00625	0.00197	0.00282	0.01370	0.00461	0.00403
24	0.00610	0.00439	0.00580	0.00689	0.00729	0.00410	0.00473	0.00705	0.00960	0.01271	0.02802	0.74363	0.06568	0.01516	0.00628	0.00200	0.00294	0.05905	0.00456	0.00403
25	0.00639	0.00496	0.00583	0.00588	0.00717	0.00441	0.00442	0.00805	0.01203	0.01569	0.32508	0.12944	0.38365	0.01194	0.00591	0.00169	0.00259	0.05566	0.00488	0.00434
26	0.01284	0.01293	0.01654	0.14417	0.40809	0.14506	0.01258	0.04785	0.09505	0.01583	0.01069	0.03731	0.00891	0.00522	0.00486	0.00149	0.00614	0.00460	0.00285	0.00698
27	0.01052	0.01022	0.01437	0.59806	0.08619	0.08845	0.01253	0.03236	0.01084	0.01371	0.04142	0.01374	0.00851	0.00515	0.00485	0.00156	0.00638	0.00445	0.03103	0.00566
28	0.02332	0.08860	0.66459	0.01452	0.06424	0.01209	0.03552	0.01546	0.01039	0.01537	0.00868	0.01031	0.00634	0.00460	0.00456	0.00151	0.00699	0.00363	0.00212	0.00717
29	0.01123	0.14602	0.01821	0.01294	0.01413	0.01551	0.08710	0.01269	0.00834	0.01217	0.00686	0.01053	0.00653	0.00743	0.01296	0.00192	0.60342	0.00417	0.00218	0.00565
30	0.00710	0.00484	0.00579	0.00582	0.00598	0.00498	0.00355	0.00741	0.00733	0.00992	0.01538	0.04971	0.01729	0.67455	0.15581	0.00522	0.00613	0.00700	0.00296	0.00324
31	0.02519	0.01528	0.32658	0.02418	0.07146	0.00953	0.12926	0.01416	0.04175	0.04970	0.05214	0.07983	0.10878	0.00692	0.00521	0.00163	0.00577	0.02304	0.00317	0.00640
32	0.00979	0.00880	0.02773	0.02548	0.09789	0.00832	0.22027	0.02908	0.05781	0.05244	0.01910	0.34267	0.03215	0.00950	0.00579	0.00178	0.00503	0.03683	0.00379	0.00575
33	0.00701	0.00505	0.00666	0.00648	0.00760	0.00471	0.00494	0.00926	0.01348	0.01894	0.68997	0.07100	0.04409	0.01060	0.00591	0.00163	0.00255	0.08024	0.00529	0.00460
34	0.01802	0.05768	0.01454	0.01280	0.02960	0.75910	0.00955	0.01933	0.01371	0.01208	0.00759	0.00888	0.00636	0.00501	0.00438	0.00126	0.00865	0.00316	0.00251	0.00576
35	0.86201	0.00950	0.00722	0.00646	0.00950	0.01102	0.00532	0.01445	0.00836	0.02205	0.00684	0.00798	0.00532	0.00456	0.00304	0.00152	0.00380	0.00266	0.00304	0.00532
36	0.00760	0.00543	0.00756	0.00869	0.00968	0.00538	0.00737	0.00964	0.01100	0.01435	0.02619	0.18094	0.02897	0.01387	0.00670	0.00222	0.00425	0.64116	0.00453	0.00444
37	0.01868	0.01376	0.01475	0.01131	0.01524	0.01524	0.00934	0.78025	0.02311	0.03097	0.01180	0.01180	0.00836	0.00590	0.00492	0.00147	0.00541	0.00442	0.00492	0.00836
38	0.01836	0.02342	0.01393	0.01266	0.01519	0.80756	0.00950	0.01962	0.01393	0.01203	0.00760	0.00886	0.00633	0.00506	0.00443	0.00127	0.00886	0.00317	0.00253	0.00570
39	0.01208	0.01221	0.01966	0.15388	0.53547	0.06847	0.09667	0.01507	0.01121	0.01517	0.00912	0.01220	0.00745	0.00449	0.00494	0.00150	0.00643	0.00444	0.00241	0.00714
40	0.00702	0.00527	0.00790	0.00790	0.00878	0.00614	0.00614	0.00878	0.00790	0.01141	0.01316	0.01931	0.01229	0.03686	0.80782	0.00790	0.01316	0.00527	0.00263	0.00439
41	0.00854	0.00427	0.00640	0.00640	0.00640	0.00427	0.00427	0.00640	0.00640	0.00854	0.00854	0.01494	0.00854	0.01707	0.01921	0.85702	0.00427	0.00427	0.00213	0.00213
42	0.86201	0.00950	0.00722	0.00646	0.00950	0.01102	0.00532	0.01445	0.00836	0.02205	0.00684	0.00798	0.00532	0.00456	0.00304	0.00152	0.00380	0.00266	0.00304	0.00532
43	0.00854	0.00427	0.00640	0.00640	0.00640	0.00427	0.00427	0.00640	0.00640	0.00854	0.00854	0.01494	0.00854	0.01707	0.01921	0.85702	0.00427	0.00427	0.00213	0.00213
44	0.86201	0.00950	0.00722	0.00646	0.00950	0.01102	0.00532	0.01445	0.00836	0.02205	0.00684	0.00798	0.00532	0.00456	0.00304	0.00152	0.00380	0.00266	0.00304	0.00532
45	0.00609	0.00435	0.00582	0.00696	0.00729	0.00408	0.00474	0.00702	0.00951	0.01266	0.02703	0.78351	0.03228	0.01530	0.00630	0.00201	0.00294	0.05354	0.00456	0.00402
46	0.00986	0.02542	0.80183	0.01401	0.02127	0.01141	0.01816	0.01556	0.01038	0.01556	0.00882	0.01038	0.00623	0.00467	0.00467	0.00156	0.00726	0.00363	0.00208	0.00726
47	0.01314	0.83025	0.02575	0.00841	0.01261	0.01945	0.00841	0.01472	0.00999	0.01156	0.00683	0.00788	0.00631	0.00420	0.00315	0.00105	0.00526	0.00263	0.00210	0.00631
48	0.01314	0.83025	0.02575	0.00841	0.01261	0.01945	0.00841	0.01472	0.00999	0.01156	0.00683	0.00788	0.00631	0.00420	0.00315	0.00105	0.00526	0.00263	0.00210	0.00631
49	0.00986	0.02542	0.80183	0.01401	0.02127	0.01141	0.01816	0.01556	0.01038	0.01556	0.00882	0.01038	0.00623	0.00467	0.00467	0.00156	0.00726	0.00363	0.00208	0.00726
50	0.00708	0.00473	0.00538	0.00545	0.00547	0.00472	0.00307	0.00713	0.00728	0.00971	0.01618	0.07995	0.01875	0.77830	0.02388	0.00460	0.00465	0.00756	0.00307	0.00304
51	0.00704	0.00519	0.00751	0.00751	0.00825	0.00593	0.00566	0.00853	0.00778	0.01112	0.01352	0.02127	0.01314	0.15744	0.68840	0.00742	0.01188	0.00555	0.00269	0.00417
52	0.00689	0.00499	0.00650	0.00619	0.00732	0.00460	0.00462	0.00913	0.01367	0.01929	0.74843	0.07017	0.05906	0.01032	0.00582	0.00157	0.00234	0.00913	0.00536	0.00460
53	0.00928	0.00873	0.01474	0.81548	0.03385	0.01092	0.01365	0.01256	0.00983	0.01256	0.00873	0.01310	0.00655	0.00491	0.00491	0.00164	0.00655	0.00437	0.00218	0.00546
54	0.00594	0.00445	0.00553	0.00639	0.00701	0.00403	0.00436	0.00689	0.00985	0.01272	0.03263	0.63417	0.21884	0.01467	0.00616	0.00191	0.00276	0.01309	0.00456	0.00403
55	0.01169	0.01119	0.01909	0.15943	0.67108	0.01155	0.01485	0.01467	0.01097	0.01548	0.00916	0.01232	0.00758	0.00447	0.00487	0.00149	0.00596	0.00438	0.00239	0.00740
56	0.01132	0.32769	0.47041	0.01208	0.01803	0.03047	0.03765	0.01533	0.01034	0.01399	0.00808	0.00950	0.00630	0.00449	0.00413	0.00136	0.00657	0.00331	0.00211	0.00685
57	0.04726	0.00827	0.01110	0.00858	0.01226	0.00724	0.00707	0.02311	0.01388	0.74710	0.04786	0.01720	0.01323	0.00618	0.00492	0.00152	0.00410	0.00502	0.00596	0.00813
58	0.55658	0.01133	0.01051	0.07825	0.05505	0.09761	0.02739	0.03115	0.00959	0.01919	0.00737	0.00914	0.00586	0.00492	0.00442	0.00154	0.05846	0.00318	0.00285	0.00561
59	0.00597	0.00433	0.00565	0.00670	0.00709	0.00400	0.00450	0.00686	0.00955	0.01260	0.02884	0.76394	0.09152	0.01517	0.00624	0.00197	0.00282	0.01369	0.00456	0.00400
60	0.01420	0.01572	0.04750	0.10173	0.10248	0.27980	0.06506	0.08397	0.18201	0.01655	0.02482	0.01335	0.01999	0.00549	0.00484	0.00148	0.00660	0.00446	0.00328	0.00667
61	0.00678	0.00507	0.00624	0.00590	0.00717	0.00458	0.00438	0.00875	0.01290	0.01772	0.57781	0.03821	0.20452	0.05357	0.00677	0.00172	0.00251	0.00900	0.00505	0.02134
62	0.02584	0.01264	0.06000	0.02437	0.02961	0.06874	0.00905	0.23015	0.29007	0.02086	0.03189	0.01645	0.02335	0.03889	0.02004	0.00184	0.06706	0.01791	0.00416	0.00708
63	0.00923	0.00866	0.01457	0.79835	0.03329	0.01079	0.01346	0.01249	0.00991	0.01271	0.02536	0.01360	0.00739	0.00502	0.00493	0.00164	0.00646	0.00446	0.00225	0.00544
64	0.01019	0.00873	0.01019	0.00728	0.01165	0.00655	0.00582	0.01237	0.01019	0.01601	0.00873	0.01019	0.00728	0.00364	0.00364	0.00073	0.00364	0.00291	0.00291	0.85734
65	0.05374	0.04307	0.20075	0.04757	0.06500	0.01123	0.21585	0.08579	0.04118	0.05289	0.02589	0.04228	0.04383	0.00551	0.00499	0.00154	0.00613	0.00512	0.00310	0.04454
66	0.04945	0.04071	0.01394	0.01234	0.01492	0.76071	0.00932	0.01932	0.01363	0.01239	0.00755	0.00881	0.00629	0.00503	0.00435	0.00127	0.00860	0.00313	0.00254	0.00570
67	0.00603	0.00487	0.00536	0.00548	0.00683	0.00420	0.00402	0.00739	0.01136	0.01423	0.17060	0.17135	0.54603	0.01252	0.00588	0.00169	0.00252	0.01071	0.00470	0.00420
68	0.06508	0.01134	0.01286	0.01228	0.09530	0.02594	0.02320	0.25898	0.32367	0.02251	0.01572	0.08489	0.01281	0.00674	0.00496	0.00160	0.00464	0.00560	0.00446	0.00743
69	0.01319	0.01104	0.01166	0.01020	0.01315	0.01267	0.00801	0.13874	0.67357	0.02211	0.01878	0.01736	0.01401	0.00655	0.00499	0.00164	0.00412	0.00539	0.00499	0.00786
70	0.80863	0.04044	0.00809	0.00669	0.00977	0.03188	0.00554	0.01459	0.00857	0.02140	0.00686	0.00800	0.00538	0.00456	0.00308	0.00150	0.00399	0.00267	0.00299	0.00537
71	0.00941	0.00801	0.00958	0.10182	0.03808	0.00822	0.00703	0.04042	0.23010	0.01713	0.12366	0.02676	0.22050	0.00802	0.00515	0.00152	0.00372	0.01887	0.00424	0.11775
72	0.01324	0.13054	0.17166	0.01487	0.10785	0.22365	0.07107	0.01660	0.06005	0.01392	0.00872	0.01062	0.00713	0.00533	0.00618	0.00150	0.12427	0.00384	0.00247	0.00649
73	0.03238	0.23328	0.01715	0.01200	0.04099	0.51756	0.00935	0.03949	0.01280	0.01276	0.00753	0.00883	0.00642	0.00492	0.00438	0.00125	0.02732	0.00312	0.00248	0.00599
74	0.01246	0.01068	0.01125	0.01005	0.01287	0.01234	0.00784	0.05421	0.75927	0.02095	0.01970	0.01809	0.01475	0.00664	0.00500	0.00166	0.00395	0.00551	0.00500	0.00780
75	0.00715	0.00476	0.00536	0.00536	0.00536	0.00476	0.00298	0.00715	0.00715	0.00953	0.01548	0.03216	0.01787	0.82729	0.02501	0.00476	0.00476	0.00715	0.00298	0.00298
76	0.02726	0.01031	0.01568	0.35009	0.30690	0.03821	0.01272	0.06702	0.01141	0.03111	0.01073	0.07691	0.00927	0.00564	0.00495	0.00157	0.00590	0.00508	0.00276	0.00646
77	0.01123	0.01093	0.01503	0.01281	0.01304	0.01506	0.01067	0.05820	0.00847	0.01298	0.00677	0.01081	0.00657	0.00844	0.01545	0.00211	0.76924	0.00431	0.00232	0.00556
78	0.00771	0.00705	0.00649	0.00628	0.00806	0.07290	0.00480	0.04444	0.02283	0.01436	0.06692	0.05611	0.60234	0.01147	0.00570	0.00165	0.00329	0.04861	0.00444	0.00456
79	0.01053	0.01042	0.01462	0.01260	0.01265	0.01451	0.01047	0.01164	0.00755	0.01180	0.00686	0.01127	0.00680	0.01031	0.06390	0.00250	0.76971	0.00436	0.00218	0.00532
80	0.13480	0.51233	0.03926	0.00908	0.01286	0.16537	0.00837	0.01596	0.01066	0.04261	0.00749	0.00847	0.00639	0.00450	0.00348	0.00119	0.00573	0.00284	0.00246	0.00615
81	0.01050	0.05292	0.01640	0.46282	0.26031	0.01135	0.01313	0.03679	0.01090	0.01455	0.05627	0.01393	0.00937	0.00505	0.00486	0.00154	0.00598	0.00455	0.00253	0.00624

[dist]
# distance from previous block
# <min> <max>
2	35

[block]
# block no. 6 follows, 51 sequences, length 17
# corresponding to MSA columns:
# 357-373
name=unknown_G
#
# <colnr> <probs for GDERKNQSTAVLIFYWHMCP>
#	G	D	E	R	K	N	Q	S	T	A	V	L	I	F	Y	W	H	M	C	P
0	0.01158	0.01099	0.01863	0.09583	0.68009	0.01115	0.01428	0.01449	0.01125	0.01599	0.06016	0.01384	0.01018	0.00479	0.00493	0.00148	0.00567	0.00467	0.00260	0.00738
1	0.00928	0.00873	0.01474	0.81548	0.03385	0.01092	0.01365	0.01256	0.00983	0.01256	0.00873	0.01310	0.00655	0.00491	0.00491	0.00164	0.00655	0.00437	0.00218	0.00546
2	0.01450	0.62960	0.02305	0.00912	0.01326	0.01841	0.00864	0.20285	0.01321	0.01633	0.00805	0.00885	0.00681	0.00462	0.00359	0.00116	0.00529	0.00307	0.00279	0.00681
3	0.03003	0.00893	0.01069	0.01103	0.06273	0.00999	0.00840	0.03279	0.39772	0.01806	0.02045	0.03048	0.01857	0.00899	0.00603	0.00188	0.03706	0.27519	0.00450	0.00648
4	0.01101	0.00892	0.02474	0.12244	0.01538	0.00850	0.06772	0.01589	0.17245	0.09573	0.11661	0.01965	0.07912	0.00630	0.00487	0.00140	0.00431	0.00549	0.00397	0.21549
5	0.01358	0.01200	0.01833	0.07653	0.55507	0.01250	0.01358	0.20296	0.01403	0.01949	0.00984	0.01213	0.00784	0.00479	0.00488	0.00147	0.00578	0.00439	0.00303	0.00777
6	0.00863	0.00475	0.00540	0.00540	0.00647	0.00496	0.00410	0.01079	0.00971	0.01662	0.01533	0.01856	0.01252	0.01338	0.20111	0.00280	0.00496	0.00475	0.64521	0.00453
7	0.00868	0.03986	0.00862	0.00760	0.00872	0.00787	0.00555	0.01273	0.19934	0.01296	0.01530	0.02326	0.01468	0.32619	0.26295	0.00477	0.02689	0.00592	0.00331	0.00479
8	0.01774	0.02236	0.01420	0.04581	0.04708	0.74365	0.00989	0.01916	0.01365	0.01221	0.00771	0.00917	0.00640	0.00503	0.00447	0.00129	0.00865	0.00326	0.00251	0.00577
9	0.01175	0.01259	0.02460	0.01808	0.02251	0.01238	0.58931	0.01829	0.20234	0.01692	0.01241	0.01450	0.00931	0.00476	0.00560	0.00166	0.00720	0.00574	0.00310	0.00691
10	0.01009	0.00950	0.01612	0.33765	0.34240	0.01032	0.04336	0.01293	0.01039	0.01410	0.01203	0.07787	0.03654	0.00703	0.03739	0.00185	0.00616	0.00543	0.00258	0.00626
11	0.01070	0.06374	0.52551	0.01308	0.01896	0.01209	0.05535	0.01812	0.20146	0.01659	0.01152	0.01235	0.00845	0.00511	0.00473	0.00156	0.00638	0.00417	0.00282	0.00731
12	0.00868	0.00746	0.01014	0.01251	0.20185	0.03875	0.00765	0.01099	0.01271	0.01736	0.41794	0.03251	0.10635	0.00905	0.00562	0.00160	0.00369	0.08535	0.00439	0.00539
13	0.01065	0.00919	0.00960	0.00877	0.01127	0.01024	0.00678	0.02143	0.59692	0.01877	0.02732	0.02545	0.20660	0.00809	0.00520	0.00166	0.00355	0.00674	0.00489	0.00689
14	0.00999	0.00946	0.01602	0.62249	0.22130	0.01110	0.01400	0.01318	0.01016	0.01342	0.00886	0.01287	0.00685	0.00478	0.00490	0.00159	0.00638	0.00437	0.00224	0.00603
15	0.01037	0.00987	0.01657	0.49585	0.29801	0.01142	0.01398	0.01339	0.01017	0.01373	0.00878	0.01264	0.00697	0.00494	0.00555	0.00161	0.05325	0.00437	0.00227	0.00626
16	0.00876	0.00776	0.01243	0.61639	0.02685	0.00941	0.01103	0.01123	0.00917	0.01181	0.01039	0.01779	0.00933	0.20702	0.00985	0.00241	0.00611	0.00505	0.00238	0.00485

[dist]
# distance from previous block
# <min> <max>
0	3

[block]
# block no. 7 follows, 51 sequences, length 21
# corresponding to MSA columns:
# 377-397
name=unknown_H
#
# <colnr> <probs for GDERKNQSTAVLIFYWHMCP>
#	G	D	E	R	K	N	Q	S	T	A	V	L	I	F	Y	W	H	M	C	P
0	0.01222	0.01056	0.01111	0.01000	0.01278	0.01222	0.00778	0.02611	0.78776	0.02056	0.02000	0.01833	0.01500	0.00667	0.00500	0.00167	0.00389	0.00556	0.00500	0.00778
1	0.76519	0.10311	0.00934	0.00668	0.00986	0.01198	0.00567	0.01448	0.00855	0.02085	0.00684	0.00797	0.00543	0.00452	0.00305	0.00147	0.00397	0.00266	0.00293	0.00543
2	0.00652	0.00678	0.09658	0.00764	0.00882	0.00492	0.00618	0.00804	0.00983	0.01330	0.06192	0.65507	0.04858	0.01380	0.00607	0.00192	0.00336	0.03193	0.00432	0.00441
3	0.01484	0.07092	0.01490	0.04957	0.05556	0.30349	0.00987	0.03668	0.10015	0.06795	0.00972	0.01135	0.00789	0.00616	0.00755	0.00158	0.21863	0.00397	0.00297	0.00624
4	0.01399	0.32303	0.01706	0.00979	0.01289	0.25015	0.00821	0.04103	0.15315	0.01485	0.09938	0.01348	0.01252	0.00562	0.00422	0.00130	0.00575	0.00409	0.00322	0.00627
5	0.00736	0.00568	0.00790	0.00895	0.09730	0.00533	0.00577	0.00950	0.01286	0.01801	0.56505	0.14114	0.07582	0.01024	0.00576	0.00160	0.00280	0.00913	0.00491	0.00489
6	0.01499	0.02622	0.01705	0.07750	0.33635	0.03875	0.04164	0.24713	0.01514	0.09925	0.03067	0.01306	0.00919	0.00520	0.00491	0.00148	0.00569	0.00455	0.00361	0.00763
7	0.00745	0.00770	0.09857	0.00866	0.01022	0.00695	0.00755	0.00959	0.00815	0.01184	0.01255	0.01842	0.01159	0.05493	0.67233	0.00693	0.03421	0.00511	0.00257	0.00470
8	0.01366	0.03711	0.04995	0.07755	0.35357	0.15283	0.02619	0.08839	0.04142	0.04779	0.02503	0.01313	0.02407	0.00576	0.02120	0.00158	0.00636	0.00440	0.00298	0.00704
9	0.00621	0.00498	0.00558	0.00584	0.00712	0.00442	0.00429	0.00782	0.03056	0.01395	0.11323	0.23582	0.48694	0.01284	0.00594	0.00176	0.00268	0.04112	0.00465	0.00426
10	0.00975	0.02447	0.10177	0.01206	0.09371	0.00944	0.05139	0.04680	0.14488	0.01630	0.09123	0.21801	0.04638	0.00880	0.00641	0.00171	0.08200	0.00753	0.00381	0.02354
11	0.12080	0.17356	0.06072	0.01364	0.14713	0.07344	0.02151	0.25316	0.04557	0.03196	0.00971	0.01068	0.00752	0.00502	0.00430	0.00140	0.00558	0.00378	0.00336	0.00717
12	0.01071	0.01042	0.03660	0.13719	0.06194	0.09999	0.03453	0.03885	0.14758	0.03051	0.18704	0.04391	0.07672	0.00829	0.02865	0.00177	0.01991	0.01559	0.00388	0.00591
13	0.01000	0.00967	0.01316	0.13105	0.11257	0.04458	0.03711	0.01253	0.04633	0.01375	0.01658	0.01875	0.15487	0.00842	0.04017	0.00189	0.21751	0.00540	0.00291	0.10276
14	0.02624	0.06484	0.24801	0.03121	0.13865	0.18008	0.04655	0.07653	0.06092	0.01604	0.01015	0.04350	0.00832	0.00539	0.00493	0.00149	0.02327	0.00430	0.00277	0.00681
15	0.00797	0.09910	0.00880	0.00743	0.00869	0.00637	0.00587	0.00950	0.01079	0.04280	0.12304	0.36661	0.07718	0.01247	0.00590	0.00186	0.00349	0.19306	0.00444	0.00464
16	0.01222	0.01056	0.04613	0.01022	0.02748	0.01097	0.02368	0.10612	0.47397	0.05098	0.06548	0.07423	0.03601	0.02241	0.00551	0.00170	0.00416	0.00623	0.00475	0.00719
17	0.00751	0.00601	0.00642	0.00603	0.00786	0.00554	0.00466	0.09565	0.01291	0.01618	0.14072	0.04221	0.57635	0.01144	0.00575	0.00165	0.00288	0.04080	0.00471	0.00471
18	0.03491	0.43357	0.14899	0.01113	0.01576	0.05833	0.09783	0.07329	0.01163	0.06056	0.00866	0.00977	0.00690	0.00456	0.00400	0.00128	0.00603	0.00345	0.00263	0.00672
19	0.46926	0.12606	0.03627	0.00864	0.01195	0.09004	0.02021	0.08944	0.05568	0.01982	0.00825	0.00925	0.00650	0.00491	0.00392	0.00145	0.02606	0.00317	0.00309	0.00601
20	0.01219	0.00740	0.00893	0.00795	0.01012	0.00740	0.00617	0.05073	0.15514	0.22314	0.09510	0.17351	0.16975	0.00958	0.00589	0.00169	0.03601	0.00807	0.00504	0.00618

[dist]
# distance from previous block
# <min> <max>
1	2

[block]
# block no. 8 follows, 51 sequences, length 23
# corresponding to MSA columns:
# 400-422
name=unknown_I
#
# <colnr> <probs for GDERKNQSTAVLIFYWHMCP>
#	G	D	E	R	K	N	Q	S	T	A	V	L	I	F	Y	W	H	M	C	P
0	0.00853	0.00644	0.01009	0.00876	0.01059	0.00590	0.13239	0.01049	0.01156	0.07618	0.20739	0.23911	0.16880	0.02581	0.00618	0.00177	0.00373	0.03241	0.02892	0.00496
