[name]
unknown

[dist]
# distance from previous block
# <min> <max>
0	25

[block]
# block no. 0 follows, 63 sequences, length 10
# corresponding to MSA columns:
# 32-41
name=unknown_A
#
# <colnr> <probs for GDERKNQSTAVLIFYWHMCP>
#	G	D	E	R	K	N	Q	S	T	A	V	L	I	F	Y	W	H	M	C	P
0	0.04588	0.04358	0.10049	0.01055	0.09910	0.04283	0.10391	0.04660	0.08485	0.05131	0.03546	0.01669	0.02517	0.21261	0.02015	0.00205	0.00480	0.01981	0.00278	0.03138
1	0.03615	0.09875	0.19842	0.00967	0.05588	0.12819	0.03697	0.04370	0.01946	0.02745	0.05399	0.01375	0.00963	0.17219	0.00750	0.00176	0.02237	0.00392	0.00243	0.05782
2	0.02894	0.08184	0.04229	0.00889	0.03555	0.13079	0.03958	0.09537	0.14041	0.05434	0.01669	0.01668	0.17776	0.00594	0.00463	0.00127	0.05045	0.00463	0.00319	0.06077
3	0.10847	0.14210	0.09375	0.01281	0.17387	0.09906	0.10298	0.06267	0.03128	0.04394	0.00965	0.02217	0.04087	0.00487	0.01798	0.00131	0.00516	0.00368	0.00250	0.02087
4	0.04150	0.00787	0.05036	0.00751	0.03360	0.03191	0.00597	0.16922	0.04666	0.09075	0.26193	0.07959	0.14112	0.00740	0.00455	0.00134	0.00328	0.00622	0.00405	0.00514
5	0.01308	0.01560	0.04181	0.00963	0.01172	0.52064	0.00757	0.07145	0.03733	0.01308	0.16882	0.01284	0.01255	0.00538	0.00449	0.00119	0.04115	0.00387	0.00284	0.00495
6	0.01088	0.01092	0.02060	0.10495	0.02052	0.01106	0.53374	0.17106	0.01157	0.01562	0.00859	0.01099	0.00641	0.00406	0.00508	0.00140	0.03969	0.00454	0.00250	0.00581
7	0.01020	0.68653	0.01901	0.00711	0.01014	0.01438	0.00681	0.01158	0.00819	0.00986	0.00692	0.00868	0.00641	0.00912	0.16752	0.00206	0.00583	0.00269	0.00189	0.00507
8	0.01000	0.06672	0.59308	0.01101	0.01633	0.01060	0.01315	0.17113	0.01112	0.01585	0.03704	0.00980	0.00691	0.00434	0.00400	0.00129	0.00565	0.00335	0.00236	0.00627
9	0.00532	0.00374	0.00482	0.00560	0.00580	0.00355	0.00363	0.00590	0.00767	0.01022	0.02121	0.68686	0.02533	0.17921	0.00854	0.00218	0.00276	0.01080	0.00363	0.00324

[dist]
# distance from previous block
# <min> <max>
0	3

[block]
# block no. 1 follows, 63 sequences, length 25
# corresponding to MSA columns:
# 45-69
name=unknown_B
#
# <colnr> <probs for GDERKNQSTAVLIFYWHMCP>
#	G	D	E	R	K	N	Q	S	T	A	V	L	I	F	Y	W	H	M	C	P
0	0.00562	0.00467	0.00478	0.00469	0.00601	0.00425	0.00342	0.00753	0.08284	0.01149	0.03626	0.03643	0.63986	0.12514	0.00715	0.00178	0.00250	0.00812	0.00375	0.00370
1	0.00628	0.00501	0.00693	0.00873	0.11873	0.00475	0.00578	0.00768	0.00909	0.01182	0.02552	0.30986	0.21646	0.01083	0.00523	0.00164	0.00312	0.23487	0.00364	0.00402
2	0.01044	0.01049	0.04334	0.13102	0.19047	0.00993	0.44632	0.01354	0.00978	0.07933	0.00887	0.01130	0.00663	0.00382	0.00460	0.00137	0.00614	0.00443	0.00232	0.00588
3	0.00944	0.01035	0.02201	0.03873	0.02035	0.00980	0.67928	0.01274	0.00985	0.01327	0.01035	0.01626	0.00879	0.00466	0.00506	0.00149	0.00661	0.11320	0.00236	0.00540
4	0.00936	0.01017	0.02106	0.01564	0.03631	0.00988	0.62806	0.01222	0.00916	0.01252	0.00893	0.01338	0.00754	0.11972	0.00779	0.00181	0.06409	0.00500	0.00216	0.00519
5	0.00809	0.00762	0.01287	0.79351	0.07645	0.00938	0.01175	0.01087	0.00848	0.01092	0.00750	0.01116	0.00567	0.00418	0.00420	0.00139	0.00557	0.00374	0.00188	0.00479
6	0.00874	0.05126	0.32989	0.13307	0.05308	0.00967	0.19149	0.02995	0.00901	0.01265	0.00825	0.01081	0.00641	0.00768	0.11777	0.00208	0.00685	0.00381	0.00200	0.00554
7	0.00521	0.00434	0.00460	0.00473	0.00609	0.00372	0.00368	0.00640	0.00959	0.01152	0.03981	0.04141	0.71505	0.01078	0.00508	0.00149	0.00237	0.11661	0.00390	0.00359
8	0.00862	0.01947	0.67562	0.01216	0.01742	0.01023	0.05730	0.01288	0.00860	0.01288	0.00732	0.00905	0.00541	0.00443	0.00538	0.00141	0.12076	0.00328	0.00180	0.00596
9	0.01071	0.01043	0.04036	0.08899	0.46072	0.01029	0.14990	0.12184	0.01091	0.01513	0.00872	0.01173	0.00711	0.00418	0.00436	0.00132	0.00536	0.02925	0.00241	0.00629
10	0.00986	0.01975	0.71839	0.01137	0.01718	0.00927	0.01425	0.01429	0.00931	0.12471	0.00878	0.00962	0.00602	0.00416	0.00403	0.00133	0.00585	0.00326	0.00224	0.00634
11	0.00497	0.00426	0.00426	0.00426	0.00568	0.00355	0.00319	0.00603	0.00958	0.01136	0.04259	0.04046	0.82433	0.01065	0.00497	0.00142	0.00213	0.00887	0.00390	0.00355
12	0.01563	0.01203	0.01235	0.00966	0.01280	0.10929	0.03520	0.59167	0.01740	0.08939	0.01030	0.01042	0.00734	0.00492	0.00413	0.00124	0.00486	0.00374	0.04095	0.00669
13	0.00962	0.39067	0.40380	0.00946	0.01405	0.01261	0.01102	0.01265	0.00860	0.01168	0.00701	0.00834	0.00566	0.00468	0.02625	0.00129	0.02738	0.00280	0.02677	0.00567
14	0.01349	0.01038	0.01308	0.03353	0.13769	0.01122	0.05623	0.37797	0.20314	0.08149	0.01172	0.01186	0.00856	0.00490	0.00426	0.00131	0.00447	0.00411	0.00379	0.00681
15	0.00695	0.00643	0.00589	0.00562	0.00720	0.07300	0.00421	0.00998	0.16132	0.01225	0.03310	0.03234	0.55681	0.05936	0.00572	0.00155	0.00292	0.00743	0.00375	0.00418
16	0.01153	0.00801	0.03553	0.00760	0.02775	0.00633	0.02659	0.04570	0.01008	0.22263	0.01070	0.02996	0.00828	0.00423	0.00366	0.00094	0.00354	0.02489	0.00328	0.50876
17	0.00515	0.00369	0.00485	0.00575	0.00603	0.00344	0.00383	0.00587	0.00804	0.01066	0.02352	0.79202	0.05598	0.04211	0.00591	0.00178	0.00248	0.01164	0.00386	0.00339
18	0.00580	0.00429	0.00542	0.00514	0.00619	0.00390	0.00385	0.00765	0.01156	0.01605	0.70851	0.03274	0.15549	0.00890	0.00496	0.00134	0.00200	0.00779	0.00452	0.00390
19	0.62580	0.00921	0.00808	0.00675	0.00958	0.01050	0.00557	0.24890	0.01088	0.02112	0.00711	0.00779	0.00532	0.00424	0.00308	0.00129	0.00366	0.00272	0.00308	0.00532
20	0.01068	0.20268	0.42351	0.01037	0.01522	0.03751	0.03978	0.12243	0.01050	0.03762	0.00777	0.00877	0.00582	0.00404	0.00373	0.00119	0.00547	0.00307	0.00227	0.04758
21	0.00881	0.00780	0.01239	0.02717	0.37731	0.00775	0.05679	0.07573	0.00991	0.01365	0.01440	0.28376	0.03725	0.00728	0.00465	0.00142	0.00413	0.02691	0.00295	0.01993
22	0.00810	0.06256	0.52796	0.01079	0.01524	0.00909	0.06384	0.01170	0.00865	0.01254	0.01038	0.16325	0.00962	0.00581	0.00471	0.00140	0.04764	0.00484	0.01638	0.00550
23	0.04898	0.08579	0.06803	0.00856	0.01196	0.12229	0.03185	0.18530	0.04502	0.06811	0.01764	0.02253	0.00734	0.00430	0.00367	0.00105	0.00453	0.00329	0.00299	0.25678
24	0.00519	0.00394	0.00473	0.00521	0.00592	0.00354	0.00362	0.00614	0.00891	0.01149	0.11121	0.46080	0.30316	0.03877	0.00570	0.00164	0.00234	0.01026	0.00393	0.00349

[dist]
# distance from previous block
# <min> <max>
0	1

[block]
# block no. 2 follows, 63 sequences, length 98
# corresponding to MSA columns:
# 71-127,178-218
name=unknown_C
#
# <colnr> <probs for GDERKNQSTAVLIFYWHMCP>
#	G	D	E	R	K	N	Q	S	T	A	V	L	I	F	Y	W	H	M	C	P
0	0.06809	0.01064	0.06141	0.01223	0.16480	0.03626	0.03985	0.24143	0.13771	0.10893	0.01167	0.04171	0.01781	0.00502	0.00414	0.00130	0.00444	0.00418	0.00348	0.02490
1	0.02358	0.00963	0.00999	0.00816	0.01075	0.04530	0.00656	0.41482	0.14643	0.06473	0.06994	0.01347	0.01103	0.00535	0.00404	0.00124	0.00386	0.00419	0.14071	0.00621
2	0.00512	0.00366	0.00488	0.00585	0.00610	0.00341	0.00390	0.00585	0.00805	0.01073	0.02317	0.84952	0.02780	0.01317	0.00537	0.00171	0.00244	0.01195	0.00390	0.00341
3	0.01094	0.09949	0.41367	0.01130	0.04960	0.22561	0.01161	0.02927	0.00982	0.02948	0.00808	0.00936	0.02200	0.00488	0.01671	0.01783	0.01950	0.00314	0.00206	0.00564
4	0.01256	0.03258	0.02964	0.09985	0.19041	0.05694	0.07821	0.14108	0.08690	0.15784	0.02027	0.02113	0.00839	0.00471	0.00439	0.00130	0.02154	0.00406	0.02196	0.00622
5	0.00843	0.02174	0.83048	0.01198	0.01819	0.00976	0.01553	0.01331	0.00888	0.01331	0.00754	0.00888	0.00533	0.00399	0.00399	0.00133	0.00621	0.00311	0.00178	0.00621
6	0.00601	0.00450	0.00676	0.00676	0.00751	0.00525	0.00525	0.00751	0.00676	0.00976	0.01126	0.01651	0.01051	0.03153	0.83560	0.00676	0.01126	0.00450	0.00225	0.00375
7	0.01135	0.01025	0.08553	0.02662	0.05080	0.11394	0.00740	0.13178	0.09437	0.13120	0.03169	0.13829	0.07911	0.01764	0.00466	0.00141	0.00427	0.03939	0.00360	0.01671
8	0.16367	0.13613	0.21910	0.00943	0.03554	0.11787	0.00903	0.07233	0.08206	0.04416	0.00897	0.01089	0.00719	0.00459	0.00366	0.00125	0.00494	0.04258	0.00263	0.02399
9	0.01124	0.85479	0.02203	0.00719	0.01079	0.01663	0.00719	0.01259	0.00854	0.00989	0.00584	0.00674	0.00539	0.00360	0.00270	0.00090	0.00450	0.00225	0.00180	0.00539
10	0.01903	0.16079	0.32763	0.00924	0.02676	0.02540	0.01932	0.01309	0.02201	0.07929	0.00885	0.00970	0.02373	0.00396	0.00358	0.00106	0.00473	0.00305	0.00236	0.23641
11	0.00556	0.00428	0.00508	0.00488	0.00604	0.00380	0.00366	0.00718	0.01098	0.01468	0.51415	0.03499	0.35069	0.00941	0.00496	0.00136	0.00204	0.00811	0.00434	0.00380
12	0.00602	0.00445	0.00648	0.00648	0.00714	0.00511	0.00491	0.00733	0.00667	0.00955	0.01151	0.01791	0.01111	0.13558	0.73238	0.00642	0.01035	0.00471	0.00229	0.00360
13	0.00758	0.00605	0.00853	0.06689	0.07558	0.00620	0.04878	0.04384	0.11182	0.03013	0.01938	0.40544	0.06392	0.00936	0.00489	0.00155	0.00340	0.05525	0.02684	0.00458
14	0.02570	0.04394	0.07561	0.02730	0.08135	0.02654	0.05285	0.31188	0.06233	0.10953	0.01226	0.10828	0.01030	0.00584	0.00432	0.00134	0.00450	0.02634	0.00359	0.00620
15	0.01040	0.00999	0.01706	0.02580	0.82604	0.00999	0.01290	0.01290	0.00957	0.01373	0.00791	0.01040	0.00666	0.00375	0.00416	0.00125	0.00499	0.00375	0.00208	0.00666
16	0.00866	0.00499	0.00619	0.00561	0.00721	0.00444	0.00430	0.01039	0.02793	0.20162	0.32340	0.10324	0.25800	0.00876	0.00482	0.00138	0.00246	0.00752	0.00448	0.00459
17	0.01025	0.01086	0.06443	0.06710	0.53864	0.02599	0.13817	0.03939	0.00983	0.01375	0.00827	0.02678	0.00687	0.00404	0.00444	0.00130	0.01743	0.00404	0.00216	0.00626
18	0.01244	0.57366	0.01800	0.00755	0.01079	0.08303	0.00697	0.05353	0.02049	0.11185	0.05960	0.00959	0.00837	0.00427	0.00322	0.00102	0.00447	0.00298	0.00258	0.00558
19	0.00512	0.00368	0.00485	0.00579	0.00608	0.00342	0.00387	0.00586	0.00811	0.01076	0.02400	0.81492	0.06187	0.01306	0.00535	0.00169	0.00243	0.01182	0.00390	0.00342
20	0.11523	0.00921	0.01844	0.04982	0.02485	0.03340	0.00697	0.27172	0.04108	0.31596	0.01209	0.01178	0.00829	0.00542	0.02053	0.00139	0.00422	0.00378	0.03939	0.00643
21	0.08168	0.01158	0.04173	0.01226	0.08363	0.06942	0.17216	0.31942	0.08219	0.05071	0.01004	0.02858	0.00761	0.00469	0.00423	0.00131	0.00512	0.00408	0.00329	0.00629
22	0.01016	0.00981	0.01683	0.05557	0.71966	0.00986	0.05222	0.01289	0.02692	0.01364	0.00890	0.01127	0.02522	0.00395	0.00422	0.00127	0.00502	0.00394	0.00216	0.00646
23	0.00601	0.00448	0.00665	0.00665	0.00736	0.00520	0.00512	0.00744	0.00672	0.00968	0.01136	0.01706	0.01075	0.07238	0.79508	0.00662	0.01090	0.00458	0.00227	0.00369
24	0.02258	0.04493	0.05188	0.14828	0.39851	0.02494	0.01115	0.21747	0.01194	0.01637	0.00825	0.01014	0.00646	0.00417	0.00409	0.00126	0.00505	0.00363	0.00257	0.00634
25	0.02587	0.00713	0.00823	0.00726	0.00851	0.03902	0.00555	0.16795	0.00977	0.06420	0.01111	0.01658	0.01024	0.22912	0.23130	0.00349	0.09561	0.00453	0.05007	0.00448
26	0.00534	0.00428	0.00474	0.00496	0.00611	0.00377	0.00377	0.00647	0.00933	0.01146	0.06089	0.11113	0.56485	0.06098	0.00610	0.00167	0.00252	0.12423	0.00384	0.00354
27	0.00794	0.00747	0.01261	0.84216	0.02895	0.00934	0.01167	0.01074	0.00841	0.01074	0.00747	0.01121	0.00560	0.00420	0.00420	0.00140	0.00560	0.00374	0.00187	0.00467
28	0.00823	0.00778	0.01309	0.73395	0.11373	0.00950	0.01174	0.01096	0.00848	0.01104	0.00747	0.01107	0.00571	0.00423	0.00444	0.00140	0.02666	0.00374	0.00189	0.00488
29	0.01062	0.00883	0.00941	0.00841	0.01077	0.01011	0.00655	0.03768	0.74406	0.04157	0.05145	0.01620	0.01379	0.00580	0.00430	0.00141	0.00330	0.00484	0.00432	0.00656
30	0.00794	0.00747	0.01261	0.84216	0.02895	0.00934	0.01167	0.01074	0.00841	0.01074	0.00747	0.01121	0.00560	0.00420	0.00420	0.00140	0.00560	0.00374	0.00187	0.00467
31	0.00872	0.00747	0.00872	0.00623	0.00996	0.00560	0.00498	0.01058	0.00872	0.01370	0.00747	0.00872	0.00623	0.00311	0.00311	0.00062	0.00311	0.00249	0.00249	0.87796
32	0.01124	0.85479	0.02203	0.00719	0.01079	0.01663	0.00719	0.01259	0.00854	0.00989	0.00584	0.00674	0.00539	0.00360	0.00270	0.00090	0.00450	0.00225	0.00180	0.00539
33	0.88196	0.00813	0.00618	0.00553	0.00813	0.00943	0.00455	0.01236	0.00715	0.01886	0.00585	0.00683	0.00455	0.00390	0.00260	0.00130	0.00325	0.00228	0.00260	0.00455
34	0.01570	0.02004	0.01191	0.01083	0.01300	0.83539	0.00812	0.01679	0.01191	0.01029	0.00650	0.00758	0.00541	0.00433	0.00379	0.00108	0.00758	0.00271	0.00217	0.00487
35	0.00784	0.00392	0.00392	0.00392	0.00490	0.00392	0.00294	0.00980	0.00882	0.01567	0.01371	0.01567	0.01077	0.00490	0.00294	0.00098	0.00196	0.00392	0.87560	0.00392
36	0.00611	0.00408	0.00458	0.00458	0.00458	0.00408	0.00255	0.00611	0.00611	0.00815	0.01325	0.02751	0.01528	0.85226	0.02140	0.00408	0.00408	0.00611	0.00255	0.00255
37	0.00611	0.00409	0.00468	0.00468	0.00471	0.00413	0.00266	0.00617	0.00614	0.00822	0.01316	0.02704	0.01508	0.81716	0.05622	0.00419	0.00438	0.00604	0.00253	0.00260
38	0.00794	0.00747	0.01261	0.84216	0.02895	0.00934	0.01167	0.01074	0.00841	0.01074	0.00747	0.01121	0.00560	0.00420	0.00420	0.00140	0.00560	0.00374	0.00187	0.00467
39	0.06965	0.00745	0.00969	0.00748	0.01069	0.00672	0.00617	0.06002	0.01214	0.74058	0.01562	0.01365	0.00990	0.00512	0.00413	0.00130	0.00361	0.00409	0.00500	0.00700
40	0.00611	0.00409	0.00464	0.00464	0.00465	0.00410	0.00261	0.00615	0.00613	0.00819	0.01320	0.02725	0.01517	0.83259	0.04091	0.00414	0.00425	0.00607	0.00254	0.00258
41	0.10230	0.00940	0.01051	0.00821	0.01132	0.00985	0.00675	0.40724	0.03341	0.29639	0.01221	0.01160	0.00830	0.00499	0.00399	0.00127	0.00397	0.00381	0.04776	0.00672
42	0.00602	0.00444	0.00642	0.00642	0.00706	0.00507	0.00484	0.00729	0.00666	0.00951	0.01157	0.01821	0.01124	0.15796	0.71018	0.00634	0.01015	0.00475	0.00230	0.00357
43	0.06870	0.00767	0.00977	0.00759	0.01077	0.00711	0.00625	0.08434	0.04686	0.68178	0.01545	0.01359	0.00990	0.00514	0.00413	0.00130	0.00363	0.00410	0.00493	0.00698
44	0.02772	0.00583	0.00695	0.00684	0.00783	0.06924	0.00529	0.00842	0.01959	0.01028	0.01375	0.01780	0.08532	0.02645	0.66222	0.00561	0.00982	0.00472	0.00244	0.00388
45	0.00523	0.00378	0.00482	0.00561	0.00597	0.00351	0.00376	0.00595	0.00807	0.01060	0.02428	0.67702	0.10939	0.08772	0.00676	0.00189	0.00258	0.02592	0.00378	0.00336
46	0.00843	0.02174	0.83048	0.01198	0.01819	0.00976	0.01553	0.01331	0.00888	0.01331	0.00754	0.00888	0.00533	0.00399	0.00399	0.00133	0.00621	0.00311	0.00178	0.00621
47	0.00859	0.00803	0.01291	0.19889	0.20771	0.01960	0.06560	0.02799	0.00831	0.01160	0.00845	0.01213	0.00730	0.01222	0.23870	0.00293	0.13794	0.00402	0.00209	0.00500
48	0.00512	0.00366	0.00488	0.00585	0.00610	0.00341	0.00390	0.00585	0.00805	0.01073	0.02317	0.84952	0.02780	0.01317	0.00537	0.00171	0.00244	0.01195	0.00390	0.00341
49	0.00533	0.00421	0.00484	0.00517	0.00611	0.00381	0.00369	0.00678	0.04266	0.01178	0.09381	0.37084	0.40321	0.01132	0.00510	0.00153	0.00229	0.00987	0.00397	0.00365
50	0.12091	0.17917	0.08473	0.04068	0.07280	0.13863	0.01575	0.11262	0.09430	0.01468	0.00882	0.02543	0.00727	0.02530	0.02164	0.00138	0.00500	0.00340	0.02196	0.00553
51	0.01347	0.17292	0.01427	0.01182	0.11297	0.49603	0.00847	0.01478	0.01051	0.01073	0.00707	0.00845	0.01625	0.00443	0.00436	0.00113	0.06735	0.00292	0.01692	0.00514
52	0.01034	0.00993	0.01583	0.12362	0.63624	0.03421	0.01212	0.03070	0.03705	0.01363	0.00814	0.01055	0.00669	0.00395	0.00426	0.00127	0.01541	0.00373	0.00218	0.02016
53	0.01050	0.30210	0.34529	0.01084	0.03267	0.03370	0.08434	0.06285	0.01996	0.03152	0.00748	0.00867	0.00581	0.00401	0.00388	0.00119	0.02409	0.00309	0.00209	0.00591
54	0.00964	0.18848	0.59215	0.01097	0.01642	0.01098	0.04234	0.01357	0.00902	0.05830	0.00774	0.00884	0.00566	0.00397	0.00378	0.00125	0.00575	0.00306	0.00198	0.00608
55	0.00604	0.00436	0.00605	0.00605	0.00655	0.00487	0.00437	0.00705	0.00655	0.00923	0.01191	0.02010	0.01207	0.29917	0.57009	0.00588	0.00892	0.00503	0.00235	0.00336
56	0.01042	0.17441	0.24913	0.01233	0.11883	0.12806	0.08338	0.04088	0.04174	0.01274	0.01054	0.02188	0.06865	0.00462	0.00394	0.00122	0.00548	0.00378	0.00228	0.00569
57	0.02546	0.01113	0.10596	0.13236	0.38326	0.02761	0.03157	0.10228	0.05378	0.03429	0.00887	0.02393	0.00707	0.00439	0.00445	0.00132	0.02975	0.00386	0.00248	0.00619
58	0.00611	0.00408	0.00458	0.00458	0.00458	0.00408	0.00255	0.00611	0.00611	0.00815	0.01325	0.02751	0.01528	0.85226	0.02140	0.00408	0.00408	0.00611	0.00255	0.00255
59	0.00735	0.00646	0.01040	0.31898	0.09287	0.00761	0.02358	0.00932	0.00774	0.01060	0.01006	0.07374	0.00936	0.04508	0.29386	0.00339	0.05832	0.00470	0.00220	0.00439
60	0.00989	0.21493	0.34761	0.03158	0.15607	0.04536	0.04872	0.01362	0.05704	0.01264	0.00800	0.00976	0.00637	0.00408	0.00380	0.00123	0.00547	0.01579	0.00205	0.00597
61	0.00607	0.00473	0.00630	0.03109	0.02813	0.00460	0.02383	0.04670	0.00899	0.01179	0.04128	0.47321	0.19237	0.02902	0.06947	0.00202	0.00345	0.00950	0.00363	0.00382
62	0.02975	0.00683	0.00914	0.00716	0.01007	0.00603	0.00586	0.03450	0.01210	0.67827	0.13789	0.01669	0.01466	0.00569	0.00431	0.00130	0.00335	0.00470	0.00506	0.00663
63	0.00946	0.02258	0.29538	0.07935	0.11780	0.00829	0.01037	0.07889	0.02159	0.08359	0.03009	0.17170	0.01949	0.01440	0.00455	0.00142	0.00468	0.01787	0.00288	0.00562
64	0.03088	0.12054	0.08285	0.03381	0.39475	0.16067	0.01870	0.03421	0.04319	0.03038	0.00793	0.00954	0.00644	0.00401	0.00387	0.00120	0.00539	0.00334	0.00225	0.00606
65	0.01531	0.01125	0.01214	0.00941	0.01259	0.01246	0.00775	0.75511	0.01889	0.02543	0.01023	0.01053	0.00739	0.00636	0.04556	0.00153	0.00490	0.00382	0.02243	0.00691
66	0.01027	0.00985	0.01682	0.07121	0.78170	0.00995	0.01283	0.01278	0.00951	0.01357	0.00788	0.01045	0.00660	0.00377	0.00416	0.00126	0.00503	0.00375	0.00207	0.00655
67	0.01129	0.57703	0.18255	0.00880	0.03019	0.05644	0.00900	0.02628	0.00913	0.04598	0.00679	0.00767	0.00565	0.00381	0.00313	0.00103	0.00497	0.00259	0.00200	0.00566
68	0.02967	0.04436	0.03662	0.09838	0.22915	0.15538	0.02538	0.09452	0.03663	0.04989	0.03686	0.01387	0.06942	0.04707	0.00496	0.00139	0.00500	0.00416	0.01176	0.00553
69	0.00512	0.00366	0.00488	0.00585	0.00610	0.00341	0.00390	0.00585	0.00805	0.01073	0.02317	0.84952	0.02780	0.01317	0.00537	0.00171	0.00244	0.01195	0.00390	0.00341
70	0.00593	0.00448	0.00551	0.00535	0.00641	0.00419	0.00397	0.00816	0.05592	0.01523	0.55024	0.12541	0.17484	0.00932	0.00497	0.00139	0.00214	0.00816	0.00440	0.00398
71	0.01409	0.01211	0.19655	0.01183	0.08038	0.02622	0.12886	0.11392	0.01176	0.34383	0.01165	0.01168	0.00786	0.00453	0.00427	0.00131	0.00502	0.00396	0.00354	0.00663
72	0.00597	0.00386	0.00512	0.00589	0.00632	0.00358	0.00400	0.00678	0.00829	0.05639	0.02253	0.77857	0.02634	0.01248	0.00523	0.00166	0.00249	0.01129	0.02958	0.00364
73	0.79244	0.00877	0.00681	0.02311	0.00896	0.04489	0.00499	0.04438	0.00789	0.01863	0.00608	0.00708	0.00471	0.00397	0.00275	0.00129	0.00354	0.00238	0.00263	0.00467
74	0.00609	0.00406	0.00459	0.00462	0.00462	0.00406	0.00258	0.00611	0.00616	0.00822	0.01350	0.04820	0.01560	0.83114	0.02099	0.00402	0.00403	0.00626	0.00258	0.00257
75	0.00929	0.00817	0.01073	0.00775	0.01148	0.00670	0.09438	0.05396	0.03323	0.01447	0.00801	0.00929	0.00649	0.00334	0.00341	0.00077	0.00364	0.00290	0.00259	0.70940
76	0.01089	0.01102	0.04159	0.06194	0.09683	0.01041	0.52837	0.09923	0.01092	0.05533	0.00892	0.01114	0.00662	0.00385	0.00466	0.00136	0.00627	0.00452	0.00248	0.02365
77	0.00609	0.00407	0.00459	0.00461	0.00461	0.00406	0.00257	0.00611	0.00615	0.00820	0.01344	0.04353	0.01553	0.83591	0.02108	0.00403	0.00404	0.00623	0.00257	0.00256
78	0.01046	0.00903	0.00951	0.00855	0.01093	0.01046	0.00665	0.02234	0.81845	0.01759	0.01711	0.01568	0.01283	0.00570	0.00428	0.00143	0.00333	0.00475	0.00428	0.00665
79	0.00581	0.00434	0.00542	0.00550	0.00638	0.00407	0.00399	0.00779	0.05060	0.01438	0.44732	0.27881	0.12969	0.01008	0.00505	0.00146	0.00221	0.00893	0.00430	0.00388
80	0.01969	0.03947	0.80254	0.01180	0.01791	0.00991	0.01521	0.01329	0.00885	0.01331	0.00749	0.00880	0.00532	0.00398	0.00395	0.00132	0.00614	0.00308	0.00179	0.00617
81	0.01118	0.83596	0.04031	0.00730	0.01096	0.01648	0.00738	0.01260	0.00855	0.00997	0.00588	0.00679	0.00539	0.00361	0.00273	0.00091	0.00453	0.00227	0.00180	0.00541
82	0.00611	0.00408	0.00458	0.00458	0.00458	0.00408	0.00255	0.00611	0.00611	0.00815	0.01325	0.02751	0.01528	0.85226	0.02140	0.00408	0.00408	0.00611	0.00255	0.00255
83	0.00779	0.00711	0.01013	0.00910	0.00942	0.00948	0.00740	0.00893	0.00657	0.00993	0.00810	0.01265	0.00782	0.03466	0.36052	0.00396	0.47613	0.00408	0.00203	0.00420
84	0.01033	0.55568	0.27083	0.00874	0.01308	0.01421	0.00974	0.01330	0.04896	0.01133	0.00693	0.00785	0.00574	0.00382	0.00318	0.00106	0.00497	0.00264	0.00191	0.00571
85	0.01005	0.00863	0.00914	0.00825	0.01052	0.00990	0.00641	0.02108	0.75034	0.01739	0.06645	0.01723	0.03390	0.00600	0.00434	0.00142	0.00322	0.00502	0.00429	0.00642
86	0.00603	0.00411	0.00478	0.00481	0.00494	0.00415	0.00286	0.00624	0.00637	0.00850	0.01454	0.04561	0.04971	0.71947	0.09755	0.00416	0.00464	0.00621	0.00261	0.00272
87	0.00666	0.00480	0.00662	0.00752	0.00852	0.00476	0.00655	0.00854	0.00967	0.01250	0.02353	0.04698	0.07412	0.01155	0.00575	0.00190	0.00376	0.74853	0.00387	0.00385
88	0.00859	0.05533	0.77997	0.01171	0.01774	0.01006	0.01500	0.01348	0.02627	0.01327	0.00768	0.00894	0.00549	0.00401	0.00395	0.00132	0.00608	0.00311	0.00183	0.00619
89	0.00590	0.00430	0.00555	0.00524	0.00625	0.00395	0.00393	0.00784	0.01178	0.01658	0.78494	0.03185	0.07872	0.00870	0.00496	0.00133	0.00199	0.00767	0.00459	0.00395
90	0.00538	0.00415	0.00491	0.00498	0.00600	0.00368	0.00364	0.00673	0.01017	0.01336	0.34153	0.20013	0.35949	0.01036	0.00504	0.00144	0.00214	0.00900	0.00418	0.00368
91	0.04283	0.19692	0.11415	0.04600	0.19069	0.16150	0.12958	0.01392	0.02578	0.03010	0.00753	0.00914	0.00605	0.00391	0.00382	0.00119	0.00571	0.00331	0.00213	0.00572
92	0.00917	0.00863	0.01425	0.39352	0.32020	0.02659	0.05136	0.01169	0.00912	0.02891	0.02531	0.03654	0.02531	0.00456	0.00442	0.00135	0.01722	0.00422	0.00219	0.00543
93	0.00599	0.00432	0.00539	0.00515	0.00624	0.00390	0.00385	0.00771	0.01123	0.03312	0.60426	0.07507	0.19980	0.00918	0.00497	0.00136	0.00207	0.00801	0.00445	0.00392
94	0.51260	0.06912	0.04482	0.02289	0.12806	0.02305	0.00683	0.05303	0.00874	0.06724	0.00731	0.00833	0.00561	0.00403	0.00313	0.00126	0.00389	0.00279	0.02199	0.00527
95	0.15819	0.09714	0.17048	0.02596	0.06362	0.00915	0.04229	0.03966	0.02660	0.08218	0.00817	0.00915	0.00622	0.00384	0.00347	0.00109	0.00431	0.00299	0.00257	0.24292
96	0.16984	0.14633	0.06948	0.01022	0.11057	0.02598	0.07030	0.08438	0.02270	0.03229	0.02266	0.03375	0.10718	0.00520	0.00390	0.00124	0.01289	0.01700	0.00276	0.05134
97	0.12543	0.10580	0.18690	0.00967	0.04292	0.03799	0.04817	0.07411	0.12106	0.13850	0.01955	0.01060	0.00772	0.00442	0.00377	0.00124	0.00456	0.00347	0.00304	0.05110

[dist]
# distance from previous block
# <min> <max>
1	11

[block]
# block no. 3 follows, 63 sequences, length 44
# corresponding to MSA columns:
# 230-273
name=unknown_D
#
# <colnr> <probs for GDERKNQSTAVLIFYWHMCP>
#	G	D	E	R	K	N	Q	S	T	A	V	L	I	F	Y	W	H	M	C	P
0	0.03806	0.13244	0.06587	0.03130	0.08972	0.07672	0.01934	0.06809	0.05152	0.17009	0.02803	0.07698	0.06672	0.00590	0.00411	0.00128	0.00429	0.04269	0.00329	0.02356
1	0.00890	0.10960	0.66472	0.01206	0.03600	0.01056	0.06048	0.01339	0.02288	0.01304	0.00759	0.00894	0.00555	0.00395	0.00392	0.00129	0.00600	0.00317	0.00185	0.00611
2	0.00512	0.00366	0.00488	0.00585	0.00610	0.00341	0.00390	0.00585	0.00805	0.01073	0.02317	0.84952	0.02780	0.01317	0.00537	0.00171	0.00244	0.01195	0.00390	0.00341
3	0.00882	0.00865	0.01230	0.01059	0.01075	0.01185	0.02482	0.00983	0.00653	0.01010	0.00634	0.01040	0.00626	0.02855	0.09807	0.00238	0.72352	0.00384	0.00190	0.00449
4	0.01021	0.09525	0.04763	0.15189	0.41020	0.04182	0.02208	0.02900	0.04391	0.03281	0.02852	0.01132	0.00770	0.01957	0.02947	0.00146	0.00521	0.00376	0.00230	0.00591
5	0.00656	0.00496	0.00682	0.02112	0.09363	0.00484	0.00534	0.00835	0.05555	0.03185	0.07223	0.50253	0.06916	0.02914	0.00546	0.00166	0.00294	0.07001	0.00375	0.00411
6	0.00607	0.00406	0.00460	0.00464	0.00465	0.00405	0.00261	0.00610	0.00620	0.00827	0.01370	0.06535	0.01586	0.81364	0.02066	0.00397	0.00400	0.00638	0.00261	0.00259
7	0.01570	0.02004	0.01191	0.01083	0.01300	0.83539	0.00812	0.01679	0.01191	0.01029	0.00650	0.00758	0.00541	0.00433	0.00379	0.00108	0.00758	0.00271	0.00217	0.00487
8	0.00931	0.12588	0.55599	0.01278	0.11447	0.05265	0.01339	0.01314	0.00910	0.01273	0.00817	0.01007	0.01792	0.00420	0.00389	0.00127	0.00580	0.02134	0.00191	0.00600
9	0.00985	0.01155	0.04875	0.01725	0.02155	0.01048	0.76598	0.01339	0.00986	0.01347	0.00845	0.01120	0.00634	0.00355	0.00488	0.00139	0.00696	0.00484	0.00212	0.02816
10	0.81930	0.00825	0.00653	0.00576	0.00840	0.00950	0.00474	0.04058	0.02005	0.03712	0.00641	0.00724	0.00490	0.00400	0.00272	0.00130	0.00331	0.00241	0.00274	0.00473
11	0.00638	0.00486	0.00715	0.00688	0.00758	0.00559	0.02658	0.00772	0.00690	0.01003	0.01161	0.04622	0.01127	0.12318	0.59698	0.00553	0.06013	0.00488	0.04681	0.00371
12	0.01598	0.01177	0.01262	0.00967	0.01304	0.01304	0.00799	0.81202	0.01976	0.02649	0.01009	0.01009	0.00715	0.00505	0.00421	0.00126	0.00463	0.00378	0.00421	0.00715
13	0.01147	0.81214	0.02151	0.00738	0.01090	0.05847	0.00724	0.01280	0.00871	0.00991	0.00588	0.00679	0.00540	0.00363	0.00275	0.00091	0.00465	0.00227	0.00182	0.00537
14	0.00601	0.00450	0.00676	0.00676	0.00751	0.00525	0.00525	0.00751	0.00676	0.00976	0.01126	0.01651	0.01051	0.03153	0.83560	0.00676	0.01126	0.00450	0.00225	0.00375
15	0.00584	0.00438	0.00547	0.00545	0.00655	0.00401	0.00426	0.00758	0.01091	0.01469	0.48233	0.03654	0.23898	0.00965	0.00511	0.00145	0.00235	0.14629	0.00431	0.00384
16	0.00595	0.00430	0.00562	0.00529	0.00628	0.00397	0.00397	0.00793	0.01190	0.01686	0.82382	0.03140	0.03966	0.00859	0.00496	0.00132	0.00198	0.00760	0.00463	0.00397
17	0.00595	0.00430	0.00562	0.00529	0.00628	0.00397	0.00397	0.00793	0.01190	0.01686	0.82382	0.03140	0.03966	0.00859	0.00496	0.00132	0.00198	0.00760	0.00463	0.00397
18	0.00601	0.00448	0.00662	0.00662	0.00733	0.00518	0.00509	0.00742	0.00672	0.00966	0.01138	0.01718	0.01080	0.08129	0.78624	0.00659	0.01082	0.00460	0.00227	0.00368
19	0.00512	0.00366	0.00488	0.00585	0.00610	0.00341	0.00390	0.00585	0.00805	0.01073	0.02317	0.84952	0.02780	0.01317	0.00537	0.00171	0.00244	0.01195	0.00390	0.00341
20	0.00794	0.00747	0.01261	0.84216	0.02895	0.00934	0.01167	0.01074	0.00841	0.01074	0.00747	0.01121	0.00560	0.00420	0.00420	0.00140	0.00560	0.00374	0.00187	0.00467
21	0.00512	0.00366	0.00488	0.00585	0.00610	0.00341	0.00390	0.00585	0.00805	0.01073	0.02317	0.84952	0.02780	0.01317	0.00537	0.00171	0.00244	0.01195	0.00390	0.00341
22	0.00508	0.00412	0.00451	0.00472	0.00582	0.00355	0.00342	0.00613	0.00938	0.01161	0.09518	0.23517	0.57445	0.01111	0.00506	0.00148	0.00219	0.00952	0.00396	0.00355
23	0.01120	0.00886	0.00953	0.00846	0.01091	0.01008	0.00661	0.02217	0.74727	0.08919	0.01706	0.01556	0.01262	0.00566	0.00427	0.00141	0.00335	0.00471	0.00436	0.00670
24	0.01598	0.01177	0.01262	0.00967	0.01304	0.01304	0.00799	0.81202	0.01976	0.02649	0.01009	0.01009	0.00715	0.00505	0.00421	0.00126	0.00463	0.00378	0.00421	0.00715
25	0.76645	0.00827	0.00714	0.00613	0.00884	0.00935	0.02535	0.04088	0.00802	0.07817	0.00685	0.00760	0.00512	0.00403	0.00284	0.00130	0.00342	0.00254	0.00284	0.00486
26	0.01004	0.01077	0.02155	0.01754	0.12900	0.01074	0.56481	0.04075	0.00982	0.01356	0.00847	0.01178	0.00677	0.00425	0.00585	0.00145	0.10150	0.02346	0.00220	0.00569
27	0.00511	0.00369	0.00485	0.00577	0.00608	0.00342	0.00387	0.00586	0.00813	0.01076	0.02414	0.80904	0.06766	0.01304	0.00535	0.00169	0.00242	0.01180	0.00390	0.00342
28	0.00966	0.01172	0.07761	0.08426	0.02228	0.01047	0.69280	0.01323	0.00973	0.01323	0.00836	0.01116	0.00625	0.00363	0.00483	0.00141	0.00691	0.00474	0.00208	0.00562
29	0.00903	0.01267	0.26364	0.23493	0.21008	0.00961	0.04822	0.02432	0.08275	0.01325	0.00922	0.02355	0.00735	0.00450	0.00423	0.00137	0.00540	0.02781	0.00224	0.00583
30	0.02792	0.28558	0.35430	0.04726	0.07304	0.05333	0.07833	0.01311	0.00900	0.01211	0.00702	0.00850	0.00553	0.00384	0.00364	0.00118	0.00563	0.00302	0.00187	0.00577
31	0.02491	0.00932	0.05633	0.01036	0.03399	0.02022	0.14860	0.06359	0.02598	0.46489	0.02967	0.01299	0.00931	0.00500	0.00501	0.00136	0.06369	0.00426	0.00400	0.00651
32	0.01092	0.63497	0.16188	0.00818	0.01212	0.05056	0.00862	0.03177	0.00904	0.01093	0.00706	0.00796	0.02314	0.00388	0.00306	0.00100	0.00488	0.00260	0.00191	0.00552
33	0.00611	0.00408	0.00458	0.00458	0.00458	0.00408	0.00255	0.00611	0.00611	0.00815	0.01325	0.02751	0.01528	0.85226	0.02140	0.00408	0.00408	0.00611	0.00255	0.00255
34	0.00601	0.00449	0.00670	0.00670	0.00743	0.00523	0.00519	0.00747	0.00674	0.00972	0.01131	0.01679	0.01063	0.05176	0.81554	0.00669	0.01108	0.00454	0.00226	0.00372
35	0.02698	0.01102	0.03959	0.04405	0.03773	0.01054	0.52811	0.15391	0.01157	0.05649	0.00946	0.03354	0.00721	0.00419	0.00469	0.00138	0.00616	0.00474	0.00268	0.00592
36	0.01215	0.05585	0.01150	0.00966	0.01100	0.40348	0.00761	0.01329	0.00946	0.01088	0.00726	0.00956	0.00637	0.02368	0.00719	0.00137	0.27341	0.00323	0.11841	0.00463
37	0.00611	0.00408	0.00458	0.00458	0.00458	0.00408	0.00255	0.00611	0.00611	0.00815	0.01325	0.02751	0.01528	0.85226	0.02140	0.00408	0.00408	0.00611	0.00255	0.00255
38	0.00497	0.00426	0.00426	0.00426	0.00568	0.00355	0.00319	0.00603	0.00958	0.01136	0.04259	0.04046	0.82433	0.01065	0.00497	0.00142	0.00213	0.00887	0.00390	0.00355
39	0.05243	0.10761	0.70525	0.01116	0.01692	0.01046	0.01412	0.01319	0.00875	0.01323	0.00728	0.00855	0.00529	0.00395	0.00379	0.00128	0.00589	0.00298	0.00182	0.00604
40	0.88196	0.00813	0.00618	0.00553	0.00813	0.00943	0.00455	0.01236	0.00715	0.01886	0.00585	0.00683	0.00455	0.00390	0.00260	0.00130	0.00325	0.00228	0.00260	0.00455
41	0.05391	0.22898	0.13914	0.00912	0.01240	0.27424	0.00843	0.05873	0.01020	0.03168	0.00720	0.00840	0.00589	0.00545	0.04527	0.00136	0.02108	0.00282	0.00224	0.07345
42	0.00811	0.00680	0.01100	0.63074	0.02338	0.00819	0.00981	0.01048	0.00832	0.05153	0.00959	0.02453	0.02170	0.06584	0.07341	0.00202	0.00568	0.00419	0.02017	0.00452
43	0.01137	0.00949	0.01002	0.00874	0.01128	0.01089	0.00688	0.15364	0.68565	0.01907	0.01594	0.01475	0.01189	0.00559	0.00427	0.00140	0.00354	0.00459	0.00427	0.00674

[dist]
# distance from previous block
# <min> <max>
0	1

[block]
# block no. 4 follows, 63 sequences, length 41
# corresponding to MSA columns:
# 275-315
name=unknown_E
#
# <colnr> <probs for GDERKNQSTAVLIFYWHMCP>
#	G	D	E	R	K	N	Q	S	T	A	V	L	I	F	Y	W	H	M	C	P
0	0.00560	0.00428	0.00515	0.00504	0.00615	0.00383	0.00379	0.00721	0.01086	0.01455	0.49226	0.06839	0.31173	0.00960	0.00501	0.00139	0.00212	0.03494	0.00432	0.00380
1	0.01145	0.01041	0.14934	0.00946	0.05190	0.00865	0.02146	0.14683	0.19332	0.15510	0.12209	0.04758	0.04182	0.00592	0.00437	0.00135	0.00397	0.00497	0.00387	0.00614
2	0.00995	0.32780	0.49484	0.01001	0.01512	0.01213	0.01203	0.01338	0.00890	0.04979	0.00734	0.00834	0.00559	0.00390	0.00353	0.00117	0.00546	0.00284	0.00194	0.00596
3	0.00611	0.00408	0.00458	0.00458	0.00458	0.00408	0.00255	0.00611	0.00611	0.00815	0.01325	0.02751	0.01528	0.85226	0.02140	0.00408	0.00408	0.00611	0.00255	0.00255
4	0.00785	0.00449	0.00532	0.13928	0.00878	0.00479	0.00435	0.00995	0.00875	0.01488	0.01271	0.01495	0.00994	0.00479	0.00314	0.00105	0.00255	0.00389	0.73451	0.00404
5	0.00901	0.00891	0.01300	0.16679	0.04755	0.01210	0.00981	0.01035	0.00693	0.01038	0.00598	0.00962	0.00558	0.00662	0.01161	0.00173	0.65379	0.00369	0.00185	0.00470
6	0.00981	0.01108	0.02395	0.01772	0.05426	0.01041	0.75638	0.01324	0.00986	0.01340	0.00888	0.03408	0.00697	0.00381	0.00494	0.00142	0.00688	0.00510	0.00217	0.00565
7	0.00837	0.02130	0.80937	0.01181	0.01789	0.00961	0.01524	0.01318	0.00895	0.01340	0.02843	0.00945	0.00620	0.00411	0.00402	0.00133	0.00610	0.00322	0.00185	0.00616
8	0.00610	0.00446	0.00575	0.00540	0.00644	0.00419	0.00406	0.00842	0.03937	0.01688	0.79635	0.03087	0.03875	0.00850	0.00493	0.00133	0.00203	0.00751	0.00462	0.00406
9	0.00843	0.02174	0.83048	0.01198	0.01819	0.00976	0.01553	0.01331	0.00888	0.01331	0.00754	0.00888	0.00533	0.00399	0.00399	0.00133	0.00621	0.00311	0.00178	0.00621
10	0.00872	0.00747	0.00872	0.00623	0.00996	0.00560	0.00498	0.01058	0.00872	0.01370	0.00747	0.00872	0.00623	0.00311	0.00311	0.00062	0.00311	0.00249	0.00249	0.87796
11	0.00677	0.00484	0.00677	0.00774	0.00871	0.00484	0.00677	0.00871	0.00968	0.01258	0.02226	0.04742	0.02419	0.01161	0.00581	0.00194	0.00387	0.79775	0.00387	0.00387
12	0.00602	0.00444	0.00646	0.00646	0.00710	0.00509	0.00488	0.00731	0.00667	0.00954	0.01153	0.01803	0.01117	0.14468	0.72335	0.00639	0.01027	0.00473	0.00229	0.00359
13	0.01026	0.00984	0.01680	0.07347	0.77949	0.00995	0.01283	0.01278	0.00950	0.01356	0.00788	0.01045	0.00660	0.00377	0.00416	0.00126	0.00503	0.00374	0.00207	0.00654
14	0.00852	0.04778	0.80521	0.01183	0.01796	0.00998	0.01527	0.01329	0.00886	0.01321	0.00749	0.00881	0.00533	0.00398	0.00395	0.00132	0.00616	0.00308	0.00178	0.00619
15	0.01598	0.01177	0.01262	0.00967	0.01304	0.01304	0.00799	0.81202	0.01976	0.02649	0.01009	0.01009	0.00715	0.00505	0.00421	0.00126	0.00463	0.00378	0.00421	0.00715
16	0.01124	0.85479	0.02203	0.00719	0.01079	0.01663	0.00719	0.01259	0.00854	0.00989	0.00584	0.00674	0.00539	0.00360	0.00270	0.00090	0.00450	0.00225	0.00180	0.00539
17	0.00920	0.00920	0.01288	0.01104	0.01104	0.01288	0.00920	0.01012	0.00644	0.01012	0.00552	0.00920	0.00552	0.00736	0.01380	0.00184	0.84457	0.00368	0.00184	0.00460
18	0.00497	0.00426	0.00426	0.00426	0.00568	0.00355	0.00319	0.00603	0.00958	0.01136	0.04259	0.04046	0.82433	0.01065	0.00497	0.00142	0.00213	0.00887	0.00390	0.00355
19	0.00920	0.00920	0.01288	0.01104	0.01104	0.01288	0.00920	0.01012	0.00644	0.01012	0.00552	0.00920	0.00552	0.00736	0.01380	0.00184	0.84457	0.00368	0.00184	0.00460
20	0.00497	0.00426	0.00426	0.00426	0.00568	0.00355	0.00319	0.00603	0.00958	0.01136	0.04259	0.04046	0.82433	0.01065	0.00497	0.00142	0.00213	0.00887	0.00390	0.00355
21	0.00526	0.00435	0.00467	0.00483	0.00617	0.00376	0.00378	0.00647	0.00960	0.01156	0.03928	0.04159	0.69420	0.01080	0.00510	0.00150	0.00241	0.13717	0.00390	0.00360
22	0.05473	0.00719	0.00961	0.00740	0.01062	0.00631	0.00611	0.02015	0.01183	0.79529	0.01614	0.01400	0.01016	0.00515	0.00416	0.00130	0.00356	0.00415	0.00509	0.00705
23	0.00847	0.00480	0.00632	0.00645	0.00770	0.00439	0.00502	0.00975	0.00955	0.18687	0.02442	0.34436	0.14201	0.01069	0.00517	0.00164	0.00300	0.21087	0.00417	0.00435
24	0.01222	0.00815	0.00860	0.00701	0.00928	0.00883	0.00566	0.44155	0.01471	0.02150	0.01176	0.01267	0.00882	0.00498	0.00362	0.00113	0.00339	0.00385	0.40662	0.00566
25	0.01450	0.01064	0.01109	0.00957	0.04266	0.09040	0.00737	0.27908	0.28282	0.18646	0.01333	0.01259	0.00952	0.00518	0.00419	0.00131	0.00428	0.00409	0.00416	0.00675
26	0.01832	0.00704	0.00958	0.00739	0.01055	0.00609	0.00609	0.01997	0.01203	0.79520	0.05013	0.01502	0.01162	0.00534	0.00426	0.00130	0.00351	0.00437	0.00518	0.00702
27	0.00520	0.00375	0.00495	0.00584	0.00618	0.00349	0.00398	0.00603	0.00830	0.01103	0.05165	0.76182	0.05827	0.01286	0.00535	0.00169	0.00246	0.03976	0.00393	0.00346
28	0.35430	0.03880	0.03555	0.02349	0.03450	0.34968	0.02052	0.03834	0.00977	0.01441	0.00715	0.04257	0.00611	0.00449	0.00341	0.00122	0.00533	0.00304	0.00244	0.00487
29	0.00962	0.00677	0.00790	0.00705	0.00894	0.00713	0.00548	0.03108	0.34754	0.11731	0.35892	0.02263	0.02400	0.00696	0.00459	0.00137	0.00282	0.01982	0.00453	0.00554
30	0.77048	0.00854	0.00654	0.00582	0.00835	0.04290	0.00475	0.04271	0.00791	0.01864	0.00643	0.00742	0.00500	0.00401	0.00273	0.00127	0.00342	0.00243	0.04600	0.00463
31	0.00595	0.00428	0.00547	0.00518	0.00619	0.00394	0.00388	0.00788	0.01165	0.01647	0.74608	0.03143	0.08851	0.00860	0.00489	0.00132	0.00199	0.00756	0.03480	0.00394
32	0.00798	0.00756	0.01289	0.82334	0.02879	0.00937	0.02992	0.01080	0.00844	0.01080	0.00750	0.01121	0.00562	0.00419	0.00422	0.00140	0.00564	0.00376	0.00187	0.00469
33	0.00595	0.00430	0.00562	0.00529	0.00628	0.00397	0.00397	0.00793	0.01190	0.01686	0.82382	0.03140	0.03966	0.00859	0.00496	0.00132	0.00198	0.00760	0.00463	0.00397
34	0.00779	0.01048	0.21350	0.32864	0.11522	0.00813	0.01080	0.01079	0.00934	0.01290	0.16177	0.04152	0.04086	0.00542	0.00435	0.00136	0.00479	0.00474	0.00252	0.00508
35	0.00601	0.00450	0.00676	0.00676	0.00751	0.00525	0.00525	0.00751	0.00676	0.00976	0.01126	0.01651	0.01051	0.03153	0.83560	0.00676	0.01126	0.00450	0.00225	0.00375
36	0.00664	0.00474	0.00662	0.00759	0.00850	0.00472	0.00654	0.00848	0.00955	0.01243	0.02233	0.11254	0.02449	0.01174	0.00577	0.00192	0.00375	0.73395	0.00387	0.00383
37	0.01124	0.85479	0.02203	0.00719	0.01079	0.01663	0.00719	0.01259	0.00854	0.00989	0.00584	0.00674	0.00539	0.00360	0.00270	0.00090	0.00450	0.00225	0.00180	0.00539
38	0.00794	0.00747	0.01261	0.84216	0.02895	0.00934	0.01167	0.01074	0.00841	0.01074	0.00747	0.01121	0.00560	0.00420	0.00420	0.00140	0.00560	0.00374	0.00187	0.00467
39	0.82204	0.00819	0.00641	0.00574	0.00832	0.00950	0.00470	0.01304	0.06293	0.01877	0.00663	0.00744	0.00512	0.00403	0.00272	0.00131	0.00326	0.00245	0.00272	0.00470
40	0.09263	0.12349	0.25290	0.00907	0.01295	0.09397	0.00917	0.01645	0.11157	0.22228	0.01058	0.01052	0.00752	0.00449	0.00377	0.00125	0.00482	0.00337	0.00309	0.00611

[dist]
# distance from previous block
# <min> <max>
2	6

[block]
# block no. 5 follows, 63 sequences, length 9
# corresponding to MSA columns:
# 323-331
name=unknown_F
#
# <colnr> <probs for GDERKNQSTAVLIFYWHMCP>
#	G	D	E	R	K	N	Q	S	T	A	V	L	I	F	Y	W	H	M	C	P
0	0.00662	0.00440	0.00552	0.00516	0.00632	0.00402	0.00390	0.00847	0.01137	0.05661	0.62107	0.03044	0.13442	0.00839	0.00476	0.00131	0.00208	0.00730	0.07378	0.00407
1	0.00936	0.00723	0.00868	0.00914	0.10641	0.00752	0.00629	0.01523	0.34623	0.09292	0.06030	0.02398	0.23665	0.00720	0.00455	0.00141	0.00319	0.04411	0.00400	0.00559
2	0.01456	0.01027	0.18500	0.00872	0.01246	0.00707	0.05200	0.01724	0.03575	0.50711	0.01672	0.01554	0.08721	0.00539	0.00429	0.00133	0.00418	0.00449	0.00415	0.00651
3	0.00920	0.00920	0.01288	0.01104	0.01104	0.01288	0.00920	0.01012	0.00644	0.01012	0.00552	0.00920	0.00552	0.00736	0.01380	0.00184	0.84457	0.00368	0.00184	0.00460
4	0.01201	0.63901	0.06279	0.00819	0.01164	0.18462	0.00783	0.01349	0.00925	0.01015	0.00607	0.00703	0.00540	0.00377	0.00299	0.00096	0.00522	0.00239	0.00187	0.00533
5	0.00584	0.00403	0.00459	0.00474	0.00493	0.00392	0.00282	0.00607	0.00678	0.00888	0.01793	0.15039	0.10592	0.63591	0.01722	0.00343	0.00362	0.00728	0.00290	0.00279
6	0.00872	0.00747	0.00872	0.00623	0.00996	0.00560	0.00498	0.01058	0.00872	0.01370	0.00747	0.00872	0.00623	0.00311	0.00311	0.00062	0.00311	0.00249	0.00249	0.87796
7	0.00959	0.17246	0.58924	0.01203	0.01755	0.01136	0.10142	0.01352	0.00924	0.01315	0.00782	0.00942	0.00591	0.00419	0.00407	0.00135	0.00614	0.00331	0.00199	0.00624
8	0.63025	0.21569	0.01035	0.00612	0.00900	0.01135	0.00535	0.04789	0.00805	0.01700	0.00604	0.00695	0.00487	0.00388	0.00270	0.00120	0.00362	0.00234	0.00248	0.00487

[dist]
# distance from previous block
# <min> <max>
2	7

[block]
# block no. 6 follows, 63 sequences, length 17
# corresponding to MSA columns:
# 340-356
name=unknown_G
#
# <colnr> <probs for GDERKNQSTAVLIFYWHMCP>
#	G	D	E	R	K	N	Q	S	T	A	V	L	I	F	Y	W	H	M	C	P
0	0.00856	0.00731	0.00850	0.00620	0.00973	0.00562	0.00494	0.01067	0.03052	0.01385	0.03877	0.01063	0.03052	0.00360	0.00326	0.00069	0.00305	0.00292	0.00266	0.79801
1	0.01180	0.04854	0.01087	0.06527	0.11924	0.04487	0.00734	0.11811	0.12667	0.16939	0.01379	0.12153	0.02418	0.00663	0.02667	0.00145	0.00418	0.00500	0.03569	0.03880
2	0.00578	0.00429	0.00539	0.00511	0.00618	0.00389	0.00383	0.00761	0.01150	0.01591	0.68952	0.03296	0.17456	0.00895	0.00496	0.00134	0.00201	0.00782	0.00450	0.00389
3	0.00828	0.00774	0.01068	0.00938	0.00946	0.01042	0.00754	0.00909	0.00641	0.00972	0.00757	0.01337	0.00786	0.16552	0.10569	0.00279	0.59812	0.00422	0.00202	0.00413
4	0.00512	0.00366	0.00488	0.00585	0.00610	0.00341	0.00390	0.00585	0.00805	0.01073	0.02317	0.84952	0.02780	0.01317	0.00537	0.00171	0.00244	0.01195	0.00390	0.00341
5	0.00510	0.00374	0.00479	0.00563	0.00604	0.00343	0.00380	0.00588	0.00827	0.01082	0.02594	0.73390	0.14163	0.01281	0.00531	0.00167	0.00239	0.01151	0.00390	0.00343
6	0.00601	0.00450	0.00676	0.00676	0.00751	0.00525	0.00525	0.00751	0.00676	0.00976	0.01126	0.01651	0.01051	0.03153	0.83560	0.00676	0.01126	0.00450	0.00225	0.00375
