[name]
unknown

[dist]
# distance from previous block
# <min> <max>
16	76

[block]
# block no. 0 follows, 53 sequences, length 14
# corresponding to MSA columns:
# 129-142
name=unknown_A
#
# <colnr> <probs for GDERKNQSTAVLIFYWHMCP>
#	G	D	E	R	K	N	Q	S	T	A	V	L	I	F	Y	W	H	M	C	P
0	0.06198	0.01018	0.02797	0.06549	0.09081	0.08731	0.03496	0.09659	0.08843	0.02686	0.05818	0.07045	0.08353	0.06962	0.04090	0.00204	0.05031	0.00580	0.02292	0.00569
1	0.04288	0.01032	0.01223	0.10146	0.12446	0.11328	0.02694	0.09065	0.02232	0.15495	0.02410	0.12575	0.01261	0.00861	0.05618	0.00190	0.00564	0.02091	0.02278	0.02203
2	0.04760	0.00895	0.01059	0.05162	0.06321	0.03428	0.01937	0.22528	0.01372	0.04175	0.07830	0.22548	0.03371	0.00812	0.00496	0.00150	0.00418	0.00696	0.03374	0.08670
3	0.01166	0.03929	0.01190	0.00976	0.02662	0.15187	0.04539	0.06055	0.06512	0.03241	0.03243	0.06098	0.04353	0.02448	0.06274	0.00182	0.07071	0.00481	0.03290	0.21101
4	0.03072	0.05872	0.13677	0.01256	0.05459	0.00993	0.19952	0.04770	0.04756	0.04392	0.05919	0.02515	0.01056	0.00560	0.02263	0.00147	0.00553	0.00459	0.05304	0.17027
5	0.06908	0.12166	0.07581	0.02773	0.01376	0.14349	0.05750	0.10338	0.05398	0.01608	0.02903	0.01358	0.04760	0.03288	0.04312	0.00168	0.00582	0.00412	0.00303	0.13668
6	0.04675	0.03812	0.01291	0.03439	0.01372	0.06784	0.00831	0.38868	0.10161	0.04909	0.03949	0.05287	0.01086	0.00627	0.00534	0.00146	0.05638	0.00475	0.00415	0.05700
7	0.01031	0.05740	0.01129	0.00932	0.04966	0.00884	0.02920	0.08941	0.08021	0.04536	0.21312	0.03525	0.08206	0.00858	0.04413	0.00171	0.07272	0.00587	0.00393	0.14165
8	0.00798	0.00665	0.01056	0.00970	0.01135	0.00658	0.12281	0.01033	0.01146	0.01537	0.20957	0.04065	0.08929	0.01068	0.00660	0.00189	0.04462	0.37496	0.00420	0.00474
9	0.01498	0.04604	0.01310	0.01197	0.04882	0.53221	0.00879	0.03195	0.03473	0.01239	0.00991	0.03015	0.02771	0.02564	0.07918	0.00199	0.05836	0.00395	0.00265	0.00550
10	0.00616	0.00486	0.00556	0.00538	0.00677	0.00425	0.00404	0.00786	0.01211	0.01580	0.39540	0.04124	0.45149	0.01103	0.00564	0.00156	0.00234	0.00942	0.00482	0.00425
11	0.00695	0.00463	0.00521	0.00521	0.00521	0.00463	0.00290	0.00695	0.00695	0.00927	0.01506	0.03128	0.01738	0.83203	0.02433	0.00463	0.00463	0.00695	0.00290	0.00290
12	0.01310	0.78342	0.02432	0.00844	0.01243	0.06924	0.00825	0.01461	0.00995	0.01127	0.00669	0.00773	0.00614	0.00414	0.00315	0.00104	0.00533	0.00259	0.00207	0.00610
13	0.00884	0.00824	0.01381	0.77200	0.03137	0.01022	0.01275	0.01188	0.00953	0.01221	0.00956	0.06142	0.00788	0.00539	0.00486	0.00161	0.00616	0.00480	0.00226	0.00522

[dist]
# distance from previous block
# <min> <max>
0	1

[block]
# block no. 1 follows, 53 sequences, length 84
# corresponding to MSA columns:
# 144-161,163-179,207-217,220-254,258-260
name=unknown_B
#
# <colnr> <probs for GDERKNQSTAVLIFYWHMCP>
#	G	D	E	R	K	N	Q	S	T	A	V	L	I	F	Y	W	H	M	C	P
0	0.01415	0.05392	0.04634	0.05250	0.23142	0.32548	0.12846	0.04080	0.03555	0.01426	0.00871	0.01069	0.00702	0.00462	0.00463	0.00137	0.00717	0.00394	0.00252	0.00644
1	0.01743	0.00872	0.01078	0.00873	0.01189	0.00861	0.00706	0.07898	0.19548	0.47437	0.06588	0.01743	0.01416	0.00630	0.00499	0.00151	0.01706	0.00512	0.03792	0.00759
2	0.01183	0.01136	0.01940	0.02934	0.80221	0.01136	0.01467	0.01467	0.01088	0.01562	0.00899	0.01183	0.00757	0.00426	0.00473	0.00142	0.00568	0.00426	0.00237	0.00757
3	0.00904	0.00664	0.00899	0.16202	0.03271	0.00702	0.00705	0.08125	0.05256	0.06156	0.07325	0.39370	0.03918	0.03490	0.00606	0.00182	0.00390	0.00918	0.00410	0.00509
4	0.00615	0.00455	0.00618	0.02142	0.02791	0.00436	0.00492	0.00719	0.00934	0.01246	0.04907	0.66899	0.06517	0.02863	0.04524	0.00222	0.00342	0.02450	0.00425	0.00404
5	0.01126	0.01284	0.02793	0.01999	0.02473	0.01214	0.76915	0.01523	0.01120	0.01523	0.00960	0.01284	0.00723	0.00412	0.00584	0.00162	0.02459	0.00561	0.00241	0.00642
6	0.01011	0.00960	0.01629	0.51466	0.33032	0.01090	0.01381	0.01316	0.01007	0.01353	0.00869	0.01239	0.00684	0.00458	0.00476	0.00153	0.00610	0.00425	0.00222	0.00618
7	0.01019	0.02221	0.64852	0.01415	0.04501	0.02941	0.06806	0.03420	0.03012	0.01537	0.00897	0.01066	0.00652	0.00494	0.00505	0.02683	0.00691	0.00377	0.00221	0.00690
8	0.00913	0.00853	0.01436	0.77618	0.06170	0.01054	0.01315	0.01229	0.00962	0.01244	0.00864	0.01280	0.00652	0.00477	0.00475	0.00158	0.00627	0.00425	0.01710	0.00538
9	0.02097	0.00859	0.01134	0.00872	0.01241	0.00774	0.00720	0.08231	0.03219	0.72763	0.01830	0.01593	0.01161	0.00591	0.00481	0.00148	0.00415	0.00478	0.00580	0.00812
10	0.04289	0.00858	0.01124	0.00864	0.01233	0.00774	0.00714	0.08345	0.01423	0.72398	0.01796	0.01567	0.01137	0.00586	0.00476	0.00148	0.00415	0.00471	0.00575	0.00806
11	0.03238	0.01041	0.03261	0.20480	0.14702	0.07461	0.11464	0.05957	0.02521	0.01500	0.04171	0.12494	0.06694	0.00689	0.00510	0.00158	0.00557	0.02215	0.00308	0.00577
12	0.01565	0.08340	0.01345	0.12605	0.03261	0.04315	0.02620	0.17563	0.01398	0.29107	0.01587	0.06026	0.04914	0.00642	0.00480	0.00149	0.00491	0.02477	0.00430	0.00686
13	0.01250	0.08471	0.30659	0.01223	0.05851	0.03008	0.05331	0.08207	0.02351	0.11177	0.02176	0.01144	0.00796	0.00475	0.00459	0.00134	0.01997	0.00381	0.00300	0.14611
14	0.01322	0.65587	0.05628	0.00934	0.01326	0.12209	0.02739	0.01493	0.01021	0.01157	0.00689	0.00808	0.00616	0.00432	0.00365	0.00111	0.02468	0.00278	0.00211	0.00608
15	0.00806	0.00552	0.00705	0.00640	0.00787	0.00516	0.00485	0.03318	0.01270	0.06220	0.55123	0.03144	0.07392	0.05036	0.07150	0.00211	0.00349	0.00769	0.00478	0.05048
16	0.03276	0.06172	0.23624	0.01523	0.13413	0.13010	0.08427	0.03855	0.01098	0.05336	0.02813	0.01124	0.00773	0.00529	0.00624	0.00152	0.12945	0.00400	0.00256	0.00651
17	0.00623	0.00461	0.00585	0.00640	0.00711	0.00431	0.00447	0.00786	0.03494	0.01429	0.22550	0.51841	0.11609	0.01308	0.00590	0.00178	0.00264	0.01170	0.00466	0.00417
18	0.00747	0.00524	0.00774	0.00761	0.00858	0.00594	0.00591	0.00917	0.00815	0.04640	0.04190	0.01953	0.01326	0.04894	0.73266	0.00712	0.01187	0.00527	0.00281	0.00442
19	0.01238	0.72088	0.11185	0.00913	0.01358	0.01785	0.03211	0.01443	0.00980	0.01180	0.00695	0.00809	0.00616	0.00414	0.00331	0.00109	0.00541	0.00275	0.00205	0.00625
20	0.00696	0.00532	0.00794	0.00786	0.00868	0.00629	0.00614	0.00864	0.00767	0.01111	0.01256	0.01847	0.01174	0.03484	0.78392	0.00748	0.04245	0.00509	0.00254	0.00430
21	0.00579	0.00444	0.00531	0.00595	0.00676	0.00396	0.00413	0.00682	0.00997	0.01272	0.06205	0.50414	0.32341	0.01370	0.00591	0.00180	0.00262	0.01209	0.00447	0.00396
22	0.01173	0.01125	0.01922	0.05828	0.77407	0.01133	0.01462	0.01458	0.01083	0.01549	0.00897	0.01186	0.00753	0.00428	0.00473	0.00143	0.00570	0.00426	0.00236	0.00749
23	0.01141	0.43152	0.39383	0.01082	0.01631	0.01512	0.01267	0.03455	0.01022	0.01357	0.00768	0.00891	0.00615	0.00434	0.00381	0.00126	0.00604	0.00306	0.00210	0.00662
24	0.00959	0.02472	0.80726	0.01362	0.02069	0.01110	0.01766	0.01514	0.01009	0.01514	0.00858	0.01009	0.00605	0.00454	0.00454	0.00151	0.00706	0.00353	0.00202	0.00706
25	0.00636	0.00487	0.00582	0.00559	0.00689	0.00434	0.00419	0.00823	0.01257	0.01688	0.52513	0.03947	0.32108	0.01062	0.00564	0.00154	0.00232	0.00917	0.00496	0.00434
26	0.86579	0.00924	0.00702	0.00629	0.00924	0.01072	0.00518	0.01405	0.00813	0.02144	0.00666	0.00776	0.00518	0.00444	0.00296	0.00148	0.00370	0.00259	0.00296	0.00518
27	0.00758	0.05405	0.00819	0.00713	0.00797	0.00645	0.00536	0.02366	0.00779	0.01082	0.01239	0.02002	0.01223	0.19011	0.50840	0.09641	0.00966	0.00522	0.00259	0.00395
28	0.00903	0.00850	0.01434	0.82054	0.03292	0.01062	0.01327	0.01221	0.00956	0.01221	0.00850	0.01274	0.00637	0.00478	0.00478	0.00159	0.00637	0.00425	0.00212	0.00531
29	0.00638	0.00472	0.00602	0.00681	0.00738	0.00458	0.00468	0.00835	0.07282	0.01337	0.08480	0.68531	0.04907	0.01383	0.00596	0.00187	0.00281	0.01247	0.00453	0.00423
30	0.02000	0.00941	0.01171	0.00905	0.01268	0.00905	0.00745	0.21713	0.03538	0.56501	0.01690	0.01513	0.01097	0.00587	0.00476	0.00146	0.00431	0.00468	0.03103	0.00801
31	0.01278	0.83490	0.02505	0.00818	0.01227	0.01891	0.00818	0.01431	0.00971	0.01125	0.00664	0.00767	0.00613	0.00409	0.00307	0.00102	0.00511	0.00256	0.00204	0.00613
32	0.00903	0.00850	0.01434	0.82054	0.03292	0.01062	0.01327	0.01221	0.00956	0.01221	0.00850	0.01274	0.00637	0.00478	0.00478	0.00159	0.00637	0.00425	0.00212	0.00531
33	0.00610	0.00482	0.00550	0.00542	0.00676	0.00422	0.00403	0.00771	0.01184	0.01536	0.34677	0.08994	0.45183	0.01135	0.00567	0.00159	0.00238	0.00973	0.00477	0.00422
34	0.00693	0.00476	0.00561	0.00590	0.02218	0.00475	0.00338	0.00714	0.00733	0.00978	0.01661	0.08890	0.03984	0.70580	0.04842	0.00439	0.00473	0.00740	0.00303	0.00314
35	0.01297	0.80401	0.02461	0.00834	0.01236	0.04911	0.00822	0.01449	0.00986	0.01126	0.00667	0.00770	0.00613	0.00412	0.00311	0.00103	0.00524	0.00258	0.00206	0.00611
36	0.00576	0.00485	0.00500	0.00496	0.00653	0.00408	0.00372	0.00708	0.01117	0.01356	0.12609	0.04493	0.72220	0.01186	0.00565	0.00160	0.00240	0.00994	0.00452	0.00408
37	0.01210	0.01192	0.01898	0.04402	0.74416	0.05497	0.01435	0.01486	0.01100	0.01533	0.00889	0.01167	0.00747	0.00431	0.00471	0.00141	0.00585	0.00419	0.00237	0.00742
38	0.00926	0.00873	0.01475	0.75506	0.09658	0.01068	0.01339	0.01242	0.00967	0.01249	0.00854	0.01267	0.00647	0.00474	0.00477	0.00158	0.00631	0.00425	0.00214	0.00550
39	0.01117	0.01327	0.14847	0.04889	0.35666	0.03249	0.06812	0.01664	0.16948	0.01640	0.06128	0.01430	0.01102	0.00513	0.00484	0.00150	0.00558	0.00472	0.00300	0.00707
40	0.00692	0.00462	0.00522	0.00526	0.00527	0.00461	0.00294	0.00694	0.00702	0.00936	0.01541	0.05618	0.01782	0.80652	0.02376	0.00455	0.00458	0.00716	0.00294	0.00293
41	0.07956	0.07373	0.04098	0.03607	0.45324	0.09940	0.03421	0.02978	0.04931	0.02656	0.02722	0.01174	0.00831	0.00463	0.00447	0.00140	0.00572	0.00405	0.00267	0.00691
42	0.01231	0.01237	0.01253	0.09128	0.19019	0.24281	0.00934	0.01509	0.07350	0.04260	0.03007	0.15547	0.01304	0.00688	0.00498	0.00148	0.01902	0.00576	0.05543	0.00584
43	0.01772	0.00731	0.00990	0.00787	0.01092	0.00639	0.00639	0.01967	0.01364	0.60611	0.21687	0.02120	0.02027	0.00689	0.00502	0.00149	0.00361	0.00578	0.00575	0.00722
44	0.00967	0.00540	0.00703	0.00663	0.00814	0.00484	0.00496	0.01131	0.01200	0.19357	0.31480	0.26251	0.11886	0.01067	0.00559	0.00164	0.00283	0.00938	0.00508	0.00509
45	0.01246	0.75473	0.10245	0.00872	0.01310	0.01814	0.00912	0.01439	0.00975	0.01163	0.00684	0.00791	0.00613	0.00413	0.00321	0.00107	0.00530	0.00265	0.00204	0.00623
46	0.00581	0.00428	0.00542	0.00633	0.00682	0.00392	0.00428	0.00669	0.00940	0.01227	0.02982	0.68541	0.15903	0.02830	0.00633	0.00193	0.00275	0.01289	0.00441	0.00389
47	0.86579	0.00924	0.00702	0.00629	0.00924	0.01072	0.00518	0.01405	0.00813	0.02144	0.00666	0.00776	0.00518	0.00444	0.00296	0.00148	0.00370	0.00259	0.00296	0.00518
48	0.03785	0.00559	0.00599	0.00545	0.00712	0.00557	0.00423	0.04274	0.02781	0.13019	0.01570	0.01704	0.01186	0.00561	0.00362	0.00120	0.00268	0.00446	0.66006	0.00521
49	0.53945	0.01115	0.00942	0.00800	0.01098	0.07357	0.00652	0.20198	0.01208	0.02240	0.00820	0.00917	0.00626	0.00494	0.00387	0.00145	0.02686	0.00315	0.03464	0.00590
50	0.00896	0.00839	0.01414	0.79602	0.03218	0.01048	0.01305	0.01210	0.00950	0.01218	0.00863	0.01292	0.00654	0.00572	0.02916	0.00178	0.00657	0.00427	0.00214	0.00528
51	0.86579	0.00924	0.00702	0.00629	0.00924	0.01072	0.00518	0.01405	0.00813	0.02144	0.00666	0.00776	0.00518	0.00444	0.00296	0.00148	0.00370	0.00259	0.00296	0.00518
52	0.00883	0.00783	0.01019	0.00935	0.01001	0.04392	0.00740	0.03273	0.00819	0.01166	0.01059	0.01648	0.01020	0.09289	0.42677	0.00514	0.27581	0.00486	0.00250	0.00463
53	0.00695	0.00487	0.00631	0.00610	0.00720	0.00446	0.00451	0.00894	0.01280	0.03762	0.63496	0.14173	0.08452	0.01050	0.00568	0.00157	0.00238	0.00929	0.00512	0.00449
54	0.01767	0.01280	0.01381	0.01074	0.01444	0.01412	0.00882	0.66768	0.10384	0.06754	0.01269	0.01239	0.00900	0.00583	0.00479	0.00146	0.00504	0.00444	0.00485	0.00807
55	0.01162	0.01147	0.01801	0.19014	0.59668	0.06022	0.01405	0.01444	0.01077	0.01468	0.00879	0.01182	0.00724	0.00441	0.00472	0.00144	0.00600	0.00418	0.00232	0.00698
56	0.01182	0.01278	0.01456	0.06856	0.01459	0.17589	0.02561	0.01312	0.00882	0.01166	0.00682	0.01042	0.00636	0.00776	0.02473	0.00196	0.57304	0.00401	0.00218	0.00531
57	0.00598	0.00483	0.00523	0.00525	0.00662	0.00418	0.00389	0.00730	0.01102	0.01373	0.16741	0.07638	0.57635	0.05964	0.00678	0.00180	0.00260	0.03248	0.00448	0.00405
58	0.00874	0.06084	0.03956	0.00816	0.00975	0.00735	0.03059	0.12578	0.03021	0.01533	0.03274	0.47324	0.04343	0.04600	0.00637	0.00188	0.00379	0.04712	0.00413	0.00495
59	0.10026	0.00984	0.01131	0.00946	0.05175	0.03674	0.00725	0.15480	0.01358	0.31223	0.01389	0.01348	0.03276	0.00525	0.00433	0.00128	0.00431	0.00410	0.00435	0.20904
60	0.01136	0.38900	0.41087	0.01146	0.03433	0.02631	0.01304	0.02929	0.01022	0.01363	0.00775	0.00904	0.00616	0.00436	0.00388	0.00128	0.00614	0.00312	0.00210	0.00665
61	0.01567	0.01148	0.01178	0.00957	0.01262	0.06017	0.00770	0.42692	0.13608	0.08097	0.01367	0.01398	0.01008	0.01783	0.01996	0.00157	0.00483	0.00451	0.13343	0.00719
62	0.00665	0.00488	0.00623	0.00589	0.00707	0.00446	0.00442	0.00879	0.01325	0.01851	0.72069	0.03679	0.12451	0.01002	0.00564	0.00151	0.00227	0.00880	0.00517	0.00446
63	0.01024	0.03410	0.59873	0.02810	0.16446	0.02553	0.04258	0.01507	0.01032	0.01507	0.00864	0.01048	0.00638	0.00448	0.00459	0.00149	0.00683	0.00372	0.00211	0.00707
64	0.01154	0.01922	0.38166	0.03123	0.16789	0.13993	0.03768	0.01553	0.03360	0.01437	0.00857	0.01059	0.00668	0.00501	0.00581	0.00152	0.09643	0.00380	0.00226	0.00668
65	0.00593	0.00424	0.00564	0.00658	0.00696	0.00395	0.00444	0.00692	0.00963	0.01297	0.11181	0.74124	0.03310	0.01440	0.00605	0.00189	0.00272	0.01304	0.00453	0.00395
66	0.00798	0.00671	0.00741	0.00739	0.03329	0.00677	0.00541	0.01309	0.24773	0.01582	0.12475	0.03509	0.39438	0.03438	0.00598	0.00171	0.00306	0.03925	0.00455	0.00525
67	0.00733	0.00480	0.00638	0.00709	0.00791	0.00451	0.00530	0.00867	0.01021	0.06175	0.06834	0.49417	0.07219	0.01337	0.00603	0.00191	0.00318	0.19010	0.02245	0.00432
68	0.01122	0.00601	0.00681	0.00615	0.00794	0.00602	0.00477	0.03022	0.10385	0.15045	0.09074	0.01971	0.03124	0.00721	0.02934	0.00149	0.00312	0.00515	0.47305	0.00551
69	0.01250	0.76457	0.09295	0.00865	0.01300	0.01823	0.00900	0.01438	0.00974	0.01158	0.00681	0.00788	0.00613	0.00413	0.00319	0.00106	0.00528	0.00264	0.00204	0.00621
70	0.00909	0.00745	0.00847	0.03230	0.01067	0.03785	0.00693	0.05465	0.18231	0.01583	0.03964	0.12647	0.12426	0.02308	0.00605	0.00190	0.00405	0.29938	0.00438	0.00524
71	0.01667	0.01216	0.01273	0.00997	0.01333	0.03115	0.00816	0.64371	0.02026	0.02772	0.01205	0.01244	0.00875	0.00569	0.00454	0.00138	0.00485	0.00430	0.14269	0.00748
72	0.03067	0.01205	0.11306	0.02951	0.01624	0.02869	0.18193	0.04207	0.02246	0.04452	0.00934	0.01099	0.00723	0.00406	0.00428	0.00113	0.00526	0.00374	0.00283	0.42994
73	0.02325	0.02624	0.05079	0.05282	0.02920	0.02632	0.00853	0.16732	0.38635	0.06612	0.01564	0.04611	0.01216	0.02487	0.00535	0.00161	0.01557	0.00511	0.00430	0.03234
74	0.00921	0.00757	0.00864	0.00844	0.00950	0.08853	0.02497	0.01049	0.02890	0.03936	0.01924	0.11510	0.08200	0.09020	0.05613	0.11889	0.07110	0.20396	0.00348	0.00429
75	0.00588	0.00421	0.00560	0.00661	0.00695	0.00392	0.00444	0.00681	0.00943	0.01265	0.07625	0.77772	0.03248	0.01464	0.00607	0.00191	0.00274	0.01327	0.00449	0.00392
76	0.03210	0.23813	0.19640	0.03774	0.03933	0.08916	0.04702	0.13712	0.01245	0.07835	0.00913	0.01024	0.00697	0.00489	0.00470	0.00137	0.04173	0.00360	0.00287	0.00673
77	0.01165	0.01277	0.04778	0.01984	0.12878	0.01210	0.54674	0.06571	0.02570	0.01632	0.02453	0.01299	0.00812	0.00452	0.00582	0.00159	0.04047	0.00530	0.00264	0.00666
78	0.01827	0.00767	0.01019	0.00804	0.01124	0.00679	0.00655	0.04931	0.01388	0.61474	0.14995	0.02046	0.04720	0.00679	0.00498	0.00149	0.00375	0.00563	0.00571	0.00737
79	0.01178	0.01190	0.13217	0.03206	0.11579	0.00983	0.11730	0.12341	0.07230	0.08334	0.07725	0.01834	0.08792	0.03744	0.00570	0.00160	0.00517	0.00542	0.00361	0.04768
80	0.17466	0.00793	0.00798	0.00723	0.00936	0.03216	0.00560	0.07254	0.14305	0.03201	0.16503	0.10340	0.08919	0.00838	0.02158	0.00163	0.00359	0.00637	0.06513	0.04321
81	0.11017	0.01069	0.01066	0.00902	0.01214	0.09362	0.02449	0.03353	0.28988	0.04028	0.01364	0.01573	0.01104	0.00564	0.00435	0.00134	0.00439	0.05784	0.00376	0.24780
82	0.03108	0.15913	0.43900	0.01114	0.01683	0.01158	0.02722	0.04312	0.01043	0.01528	0.00831	0.00969	0.00637	0.00428	0.00407	0.00125	0.00584	0.00326	0.00233	0.18981
83	0.55059	0.08505	0.07403	0.02326	0.04202	0.01136	0.00720	0.02910	0.05171	0.01931	0.00785	0.00896	0.00615	0.00449	0.00337	0.00139	0.00424	0.00296	0.00289	0.06407

[dist]
# distance from previous block
# <min> <max>
1	2

[block]
# block no. 2 follows, 53 sequences, length 8
# corresponding to MSA columns:
# 264-271
name=unknown_C
#
# <colnr> <probs for GDERKNQSTAVLIFYWHMCP>
#	G	D	E	R	K	N	Q	S	T	A	V	L	I	F	Y	W	H	M	C	P
0	0.01242	0.10348	0.03519	0.06608	0.42650	0.14189	0.03646	0.01486	0.01100	0.01429	0.02681	0.01161	0.00806	0.00471	0.00489	0.00138	0.03691	0.00401	0.03282	0.00664
1	0.00723	0.00501	0.00626	0.00610	0.00725	0.00464	0.00456	0.00892	0.01168	0.04849	0.40973	0.06756	0.18368	0.11031	0.03120	0.00215	0.00315	0.07308	0.00466	0.00433
2	0.01294	0.07134	0.14400	0.09189	0.12786	0.03770	0.02499	0.17790	0.10863	0.05985	0.05757	0.01351	0.01042	0.00550	0.00506	0.00148	0.03452	0.00444	0.00343	0.00697
3	0.01050	0.00988	0.01666	0.27683	0.48948	0.01052	0.01333	0.01340	0.01070	0.01485	0.07854	0.01422	0.01050	0.00491	0.00483	0.00148	0.00560	0.00464	0.00254	0.00659
4	0.00892	0.00941	0.06331	0.12637	0.12816	0.00856	0.17585	0.01212	0.04145	0.01488	0.11470	0.09490	0.13704	0.00756	0.00537	0.00161	0.00507	0.03574	0.00335	0.00561
5	0.00760	0.00977	0.17933	0.00786	0.01033	0.02989	0.00745	0.01058	0.03500	0.01651	0.39860	0.11602	0.13389	0.00928	0.00539	0.00156	0.00360	0.00801	0.00427	0.00505
6	0.00730	0.00547	0.00725	0.00823	0.05600	0.00524	0.00589	0.03103	0.01141	0.01537	0.21138	0.24188	0.13667	0.01172	0.00586	0.00179	0.00324	0.20094	0.02880	0.00454
7	0.01298	0.73482	0.02345	0.00850	0.01241	0.05950	0.00819	0.01534	0.06510	0.01188	0.00759	0.00843	0.00673	0.00430	0.00326	0.00108	0.00520	0.00278	0.00226	0.00620

[dist]
# distance from previous block
# <min> <max>
4	6

[block]
# block no. 3 follows, 53 sequences, length 147
# corresponding to MSA columns:
# 279-371,378-396,400-413,425-432,434-441,570-574
name=unknown_D
#
# <colnr> <probs for GDERKNQSTAVLIFYWHMCP>
#	G	D	E	R	K	N	Q	S	T	A	V	L	I	F	Y	W	H	M	C	P
0	0.01209	0.22229	0.12737	0.00915	0.02424	0.02347	0.00858	0.11331	0.01204	0.05597	0.06707	0.01230	0.02147	0.00483	0.00400	0.00112	0.00469	0.00370	0.00311	0.26919
1	0.00685	0.00461	0.00538	0.00549	0.00561	0.00457	0.00326	0.00704	0.00751	0.01003	0.04377	0.10885	0.03229	0.66873	0.03280	0.02377	0.00444	0.01877	0.00315	0.00309
2	0.02466	0.11403	0.44867	0.01242	0.05031	0.01101	0.04901	0.01516	0.01035	0.07593	0.00917	0.01042	0.00677	0.00440	0.00427	0.00133	0.00599	0.00352	0.00250	0.14007
3	0.01227	0.13668	0.19383	0.00956	0.01421	0.04213	0.00946	0.11561	0.01194	0.06090	0.00944	0.01085	0.00741	0.00448	0.00401	0.00112	0.00504	0.01582	0.00297	0.33226
4	0.04573	0.28672	0.05626	0.01070	0.01401	0.44318	0.00912	0.04497	0.01226	0.02650	0.00753	0.00859	0.00628	0.00466	0.00389	0.00120	0.00702	0.00299	0.00247	0.00594
5	0.01785	0.01323	0.01416	0.01093	0.01470	0.01467	0.00901	0.74736	0.06191	0.02960	0.01188	0.01180	0.00846	0.00578	0.00479	0.00144	0.00518	0.00436	0.00479	0.00810
6	0.00638	0.00483	0.00655	0.00666	0.00748	0.00449	0.03439	0.00767	0.01029	0.01381	0.21693	0.40130	0.13448	0.09484	0.02534	0.00217	0.00321	0.01075	0.00437	0.00407
7	0.01280	0.79517	0.04604	0.00842	0.01255	0.03603	0.00846	0.01444	0.00981	0.01136	0.00671	0.00775	0.00613	0.00412	0.00313	0.00104	0.00524	0.00259	0.00205	0.00615
8	0.00619	0.00441	0.00590	0.00692	0.00734	0.00419	0.00490	0.00724	0.00947	0.01259	0.04484	0.65382	0.03072	0.04734	0.00690	0.00208	0.00309	0.13373	0.00439	0.00394
9	0.00677	0.00487	0.00618	0.00594	0.00707	0.00444	0.00440	0.00874	0.01275	0.02879	0.62350	0.09529	0.13567	0.02697	0.00604	0.00161	0.00239	0.00910	0.00506	0.00442
10	0.00635	0.00505	0.00575	0.00577	0.00716	0.00454	0.00440	0.00831	0.03667	0.01498	0.25617	0.08665	0.45288	0.01152	0.00573	0.00165	0.00261	0.07483	0.00468	0.00431
11	0.01817	0.01339	0.01434	0.01100	0.01482	0.01482	0.00908	0.78627	0.02247	0.03012	0.01148	0.01148	0.00813	0.00574	0.00478	0.00143	0.00526	0.00430	0.00478	0.00813
12	0.01528	0.01224	0.01118	0.00921	0.01198	0.14678	0.00735	0.41872	0.01714	0.02323	0.01205	0.01294	0.00906	0.00555	0.00426	0.00130	0.00490	0.00414	0.26613	0.00656
13	0.00582	0.00416	0.00555	0.00666	0.00693	0.00388	0.00444	0.00666	0.00915	0.01220	0.02634	0.82891	0.03161	0.01497	0.00610	0.00194	0.00277	0.01359	0.00444	0.00388
14	0.01820	0.01312	0.01362	0.01067	0.01431	0.06812	0.00872	0.58193	0.06944	0.13370	0.01270	0.01233	0.00891	0.00575	0.00476	0.00144	0.00523	0.00436	0.00478	0.00792
15	0.00593	0.00423	0.00567	0.00677	0.00710	0.00397	0.00462	0.00684	0.00925	0.01232	0.02629	0.78584	0.03138	0.01488	0.00613	0.00196	0.00286	0.05563	0.00443	0.00391
16	0.01063	0.01052	0.01463	0.01251	0.01260	0.01464	0.01043	0.02839	0.00765	0.01191	0.00639	0.01048	0.00631	0.00831	0.01545	0.00208	0.80545	0.00419	0.00215	0.00529
17	0.00830	0.00415	0.00623	0.00623	0.00623	0.00415	0.00415	0.00623	0.00623	0.00830	0.00830	0.01453	0.00830	0.01660	0.01868	0.86094	0.00415	0.00415	0.00208	0.00208
18	0.00664	0.00488	0.00622	0.00588	0.00706	0.00446	0.00441	0.00878	0.01324	0.01847	0.71596	0.03685	0.12927	0.01003	0.00564	0.00152	0.00227	0.00880	0.00517	0.00446
19	0.01785	0.02278	0.01354	0.01231	0.01478	0.81284	0.00924	0.01909	0.01354	0.01170	0.00739	0.00862	0.00616	0.00493	0.00431	0.00123	0.00862	0.00308	0.00246	0.00554
20	0.01355	0.71176	0.02330	0.00881	0.01265	0.13930	0.00834	0.01504	0.01029	0.01131	0.00676	0.00781	0.00614	0.00422	0.00326	0.00105	0.00564	0.00263	0.00211	0.00604
21	0.00582	0.00416	0.00555	0.00666	0.00693	0.00388	0.00444	0.00666	0.00915	0.01220	0.02634	0.82891	0.03161	0.01497	0.00610	0.00194	0.00277	0.01359	0.00444	0.00388
22	0.00991	0.00850	0.00991	0.00708	0.01133	0.00637	0.00566	0.01203	0.00991	0.01557	0.00850	0.00991	0.00708	0.00354	0.00354	0.00071	0.00354	0.00283	0.00283	0.86124
23	0.64126	0.03733	0.00954	0.02431	0.04595	0.03344	0.01869	0.06396	0.00978	0.06746	0.00790	0.00889	0.00598	0.00460	0.00338	0.00146	0.00421	0.00300	0.00315	0.00571
24	0.01131	0.00630	0.00699	0.00638	0.00820	0.00645	0.00496	0.03501	0.15259	0.13225	0.04327	0.04095	0.01450	0.00637	0.00410	0.00133	0.00292	0.02398	0.48651	0.00563
25	0.00688	0.00460	0.00523	0.00530	0.00532	0.00459	0.00299	0.00693	0.00709	0.00945	0.01576	0.08099	0.01826	0.78110	0.02319	0.00447	0.00452	0.00736	0.00299	0.00296
26	0.02364	0.11332	0.01610	0.18794	0.19226	0.02540	0.03279	0.19486	0.01312	0.03571	0.03203	0.04460	0.00950	0.01763	0.00510	0.00149	0.02160	0.00460	0.02176	0.00654
27	0.01236	0.01207	0.01899	0.20466	0.17234	0.09816	0.24589	0.04547	0.01144	0.06172	0.00965	0.01236	0.00738	0.00474	0.00540	0.00152	0.04044	0.00458	0.02446	0.00637
28	0.00601	0.00486	0.00534	0.00522	0.00668	0.00419	0.00392	0.00756	0.01175	0.01494	0.29251	0.04265	0.55491	0.01135	0.00565	0.00158	0.00237	0.00962	0.00471	0.00419
29	0.01030	0.01073	0.00964	0.01076	0.09468	0.23793	0.00742	0.01185	0.01142	0.01311	0.03365	0.16475	0.18580	0.00988	0.00544	0.00166	0.00503	0.16741	0.00365	0.00490
30	0.02471	0.05669	0.05838	0.23075	0.21010	0.16198	0.04214	0.09429	0.03381	0.01533	0.00891	0.01125	0.00702	0.00481	0.00478	0.00144	0.02061	0.00397	0.00261	0.00643
31	0.02559	0.00852	0.00920	0.00759	0.01011	0.00897	0.00610	0.31669	0.02723	0.10321	0.02956	0.01678	0.05140	0.00608	0.00423	0.00132	0.00366	0.00478	0.35266	0.00631
32	0.00582	0.00416	0.00555	0.00666	0.00693	0.00388	0.00444	0.00666	0.00915	0.01220	0.02634	0.82891	0.03161	0.01497	0.00610	0.00194	0.00277	0.01359	0.00444	0.00388
33	0.01154	0.01088	0.01809	0.10020	0.66006	0.01116	0.01383	0.03147	0.03866	0.01589	0.03567	0.01291	0.00897	0.00460	0.00477	0.00145	0.00555	0.00444	0.00258	0.00727
34	0.01363	0.01619	0.07438	0.01219	0.07618	0.34405	0.04216	0.04588	0.01219	0.01461	0.03448	0.01058	0.00796	0.00457	0.00424	0.00114	0.00632	0.00347	0.00272	0.27307
35	0.01278	0.83490	0.02505	0.00818	0.01227	0.01891	0.00818	0.01431	0.00971	0.01125	0.00664	0.00767	0.00613	0.00409	0.00307	0.00102	0.00511	0.00256	0.00204	0.00613
36	0.86579	0.00924	0.00702	0.00629	0.00924	0.01072	0.00518	0.01405	0.00813	0.02144	0.00666	0.00776	0.00518	0.00444	0.00296	0.00148	0.00370	0.00259	0.00296	0.00518
37	0.00810	0.00518	0.00682	0.00624	0.00760	0.00474	0.00474	0.01032	0.01354	0.09078	0.72857	0.03393	0.04207	0.00942	0.00556	0.00150	0.00242	0.00829	0.00532	0.00484
38	0.00680	0.00457	0.00526	0.00540	0.00544	0.00454	0.00310	0.00691	0.00724	0.00965	0.01652	0.13450	0.01922	0.72629	0.02197	0.00429	0.00439	0.00781	0.00310	0.00302
39	0.00652	0.00486	0.00622	0.00705	0.00798	0.00456	0.00552	0.00798	0.01032	0.01321	0.03147	0.32779	0.22272	0.01356	0.00618	0.00196	0.00333	0.31024	0.00442	0.00412
40	0.25201	0.00831	0.00979	0.00784	0.01122	0.00793	0.00643	0.02021	0.01201	0.56454	0.01577	0.04097	0.01067	0.00581	0.00434	0.00149	0.00392	0.00449	0.00506	0.00718
41	0.01931	0.00992	0.01193	0.00925	0.01283	0.00988	0.00760	0.29736	0.04412	0.46017	0.01606	0.01467	0.01062	0.00585	0.00473	0.00145	0.00440	0.00463	0.04729	0.00793
42	0.00661	0.00488	0.00623	0.00653	0.00756	0.00454	0.00502	0.00837	0.01158	0.01552	0.33990	0.18284	0.17102	0.02980	0.00634	0.00182	0.00291	0.17955	0.00473	0.00426
43	0.00695	0.00461	0.00521	0.00525	0.00529	0.00460	0.00297	0.00702	0.00710	0.00956	0.01551	0.06234	0.01783	0.78301	0.02318	0.00446	0.00451	0.00716	0.02047	0.00297
44	0.83261	0.00920	0.00718	0.00637	0.00936	0.01058	0.00525	0.01441	0.00835	0.05225	0.00713	0.00810	0.00544	0.00449	0.00303	0.00148	0.00371	0.00268	0.00307	0.00529
45	0.82094	0.00908	0.00703	0.00628	0.00921	0.01043	0.00516	0.01399	0.00833	0.03632	0.00828	0.00920	0.03167	0.00472	0.00308	0.00148	0.00366	0.00288	0.00306	0.00520
46	0.06182	0.64092	0.14691	0.00920	0.01370	0.01705	0.02722	0.01445	0.00972	0.01254	0.00702	0.00817	0.00609	0.00418	0.00335	0.00114	0.00540	0.00278	0.00210	0.00623
47	0.01231	0.01047	0.01104	0.00981	0.01259	0.01208	0.00767	0.07600	0.74230	0.02067	0.01892	0.01741	0.01416	0.00643	0.00486	0.00161	0.00388	0.00533	0.00486	0.00760
48	0.00582	0.00416	0.00555	0.00666	0.00693	0.00388	0.00444	0.00666	0.00915	0.01220	0.02634	0.82891	0.03161	0.01497	0.00610	0.00194	0.00277	0.01359	0.00444	0.00388
49	0.00705	0.00523	0.00735	0.00733	0.00813	0.00590	0.00553	0.00894	0.03556	0.01152	0.04428	0.02240	0.01464	0.15958	0.60476	0.00659	0.01054	0.02766	0.00285	0.00418
50	0.00959	0.02472	0.80726	0.01362	0.02069	0.01110	0.01766	0.01514	0.01009	0.01514	0.00858	0.01009	0.00605	0.00454	0.00454	0.00151	0.00706	0.00353	0.00202	0.00706
51	0.00582	0.00416	0.00555	0.00666	0.00693	0.00388	0.00444	0.00666	0.00915	0.01220	0.02634	0.82891	0.03161	0.01497	0.00610	0.00194	0.00277	0.01359	0.00444	0.00388
52	0.00903	0.00850	0.01434	0.82054	0.03292	0.01062	0.01327	0.01221	0.00956	0.01221	0.00850	0.01274	0.00637	0.00478	0.00478	0.00159	0.00637	0.00425	0.00212	0.00531
53	0.09373	0.01226	0.01439	0.01103	0.01470	0.01332	0.08812	0.56944	0.01902	0.04466	0.01129	0.01180	0.00812	0.00544	0.00461	0.00144	0.00518	0.00431	0.05969	0.00745
54	0.01872	0.01251	0.01380	0.01058	0.01438	0.01352	0.00874	0.65862	0.02100	0.15986	0.01271	0.01228	0.00875	0.00577	0.00479	0.00144	0.00506	0.00439	0.00497	0.00813
55	0.00587	0.00419	0.00560	0.00671	0.00701	0.00392	0.00452	0.00674	0.00920	0.01225	0.02632	0.80915	0.03151	0.01493	0.00611	0.00195	0.00281	0.03287	0.00444	0.00390
56	0.01125	0.01279	0.02762	0.01982	0.02445	0.01220	0.75164	0.01515	0.01111	0.01515	0.00952	0.01279	0.00721	0.00422	0.00607	0.00163	0.04302	0.00558	0.00240	0.00639
57	0.00582	0.00416	0.00555	0.00666	0.00693	0.00388	0.00444	0.00666	0.00915	0.01220	0.02634	0.82891	0.03161	0.01497	0.00610	0.00194	0.00277	0.01359	0.00444	0.00388
58	0.06590	0.00819	0.01088	0.00839	0.01205	0.00722	0.00693	0.02281	0.01339	0.76423	0.01821	0.01582	0.01148	0.00584	0.00471	0.00148	0.00405	0.00469	0.00576	0.00798
59	0.04359	0.11748	0.68568	0.01271	0.01927	0.01199	0.01608	0.01500	0.00997	0.01494	0.00828	0.00972	0.00603	0.00448	0.00431	0.00146	0.00671	0.00338	0.00206	0.00688
60	0.00796	0.00590	0.00812	0.00788	0.00910	0.00573	0.05678	0.05085	0.05615	0.04525	0.09498	0.48420	0.07960	0.03373	0.00630	0.00187	0.00339	0.03305	0.00444	0.00471
61	0.00969	0.05159	0.78132	0.01344	0.02041	0.01136	0.01735	0.01511	0.01008	0.01501	0.00851	0.01001	0.00606	0.00453	0.00449	0.00150	0.00700	0.00350	0.00202	0.00703
62	0.00891	0.00834	0.01403	0.79189	0.03200	0.01038	0.01296	0.01202	0.00954	0.01221	0.00912	0.04148	0.00726	0.00514	0.00483	0.00161	0.00624	0.00458	0.00221	0.00526
63	0.01024	0.16358	0.04082	0.19117	0.15574	0.04215	0.01042	0.01267	0.02764	0.01301	0.02515	0.11334	0.01171	0.00753	0.02599	0.00172	0.09255	0.04617	0.00269	0.00571
64	0.86579	0.00924	0.00702	0.00629	0.00924	0.01072	0.00518	0.01405	0.00813	0.02144	0.00666	0.00776	0.00518	0.00444	0.00296	0.00148	0.00370	0.00259	0.00296	0.00518
65	0.86579	0.00924	0.00702	0.00629	0.00924	0.01072	0.00518	0.01405	0.00813	0.02144	0.00666	0.00776	0.00518	0.00444	0.00296	0.00148	0.00370	0.00259	0.00296	0.00518
66	0.00591	0.00471	0.00531	0.00557	0.00678	0.00411	0.00408	0.00720	0.01083	0.01362	0.14162	0.23144	0.49015	0.01252	0.00579	0.00170	0.00255	0.03748	0.00455	0.00407
67	0.01943	0.01137	0.01310	0.01004	0.01382	0.01183	0.00829	0.49366	0.01910	0.32750	0.01431	0.01331	0.00955	0.00581	0.00479	0.00145	0.00480	0.00450	0.00522	0.00813
68	0.01145	0.00849	0.01008	0.00733	0.01142	0.00662	0.00589	0.03225	0.01076	0.11275	0.02790	0.01132	0.00855	0.00403	0.00377	0.00084	0.00362	0.00324	0.00331	0.71639
69	0.01040	0.01038	0.01463	0.04429	0.01335	0.01448	0.01057	0.01153	0.00741	0.01153	0.00636	0.01055	0.00628	0.00822	0.01526	0.00207	0.79118	0.00419	0.00209	0.00523
70	0.00583	0.00482	0.00511	0.00509	0.00658	0.00410	0.00380	0.00719	0.01124	0.01386	0.16400	0.07255	0.65565	0.01185	0.00566	0.00161	0.00241	0.00999	0.00457	0.00410
71	0.01817	0.01339	0.01434	0.01100	0.01482	0.01482	0.00908	0.78627	0.02247	0.03012	0.01148	0.01148	0.00813	0.00574	0.00478	0.00143	0.00526	0.00430	0.00478	0.00813
72	0.00991	0.00850	0.00991	0.00708	0.01133	0.00637	0.00566	0.01203	0.00991	0.01557	0.00850	0.00991	0.00708	0.00354	0.00354	0.00071	0.00354	0.00283	0.00283	0.86124
73	0.00695	0.00463	0.00521	0.00521	0.00521	0.00463	0.00290	0.00695	0.00695	0.00927	0.01506	0.03128	0.01738	0.83203	0.02433	0.00463	0.00463	0.00695	0.00290	0.00290
74	0.01180	0.00910	0.01000	0.00892	0.01143	0.01010	0.00694	0.02219	0.58171	0.09047	0.14459	0.02116	0.03636	0.00708	0.00500	0.00159	0.00353	0.00597	0.00501	0.00705
75	0.01050	0.08288	0.30287	0.09900	0.08985	0.02402	0.19065	0.02760	0.01041	0.01446	0.00952	0.05322	0.00787	0.00516	0.00541	0.00154	0.05162	0.00464	0.00234	0.00644
76	0.00631	0.00507	0.00572	0.00545	0.00702	0.00434	0.00409	0.00791	0.01163	0.01513	0.29291	0.07096	0.46809	0.01088	0.00552	0.00153	0.00245	0.00927	0.00460	0.06112
77	0.00984	0.00952	0.01574	0.66290	0.03042	0.03053	0.09870	0.03418	0.03619	0.01329	0.00904	0.01279	0.00678	0.00478	0.00487	0.00158	0.00650	0.00441	0.00233	0.00559
78	0.01278	0.83490	0.02505	0.00818	0.01227	0.01891	0.00818	0.01431	0.00971	0.01125	0.00664	0.00767	0.00613	0.00409	0.00307	0.00102	0.00511	0.00256	0.00204	0.00613
79	0.00597	0.00482	0.00531	0.00527	0.00667	0.00416	0.00392	0.00745	0.01153	0.01462	0.25703	0.08625	0.54701	0.01161	0.00567	0.00160	0.00239	0.00988	0.00467	0.00416
80	0.80960	0.00934	0.00740	0.00652	0.00953	0.01074	0.00537	0.03996	0.00879	0.04781	0.00722	0.00817	0.00550	0.00453	0.00308	0.00148	0.00376	0.00272	0.00312	0.00537
81	0.25109	0.01192	0.01149	0.00940	0.01269	0.07278	0.00771	0.37991	0.03394	0.09844	0.01154	0.01336	0.00882	0.00580	0.00436	0.00149	0.00489	0.04933	0.00419	0.00689
82	0.00582	0.00416	0.00555	0.00666	0.00693	0.00388	0.00444	0.00666	0.00915	0.01220	0.02634	0.82891	0.03161	0.01497	0.00610	0.00194	0.00277	0.01359	0.00444	0.00388
83	0.00607	0.00433	0.00583	0.00693	0.00732	0.00409	0.00486	0.00708	0.00939	0.01248	0.02621	0.72798	0.03108	0.01474	0.00617	0.00197	0.00299	0.11210	0.00443	0.00395
84	0.01495	0.01565	0.01363	0.01168	0.01450	0.31739	0.06016	0.12879	0.31005	0.01766	0.01265	0.01286	0.00971	0.00569	0.00505	0.00146	0.03337	0.00434	0.00368	0.00672
85	0.01198	0.00967	0.01545	0.52959	0.02719	0.02656	0.09938	0.08477	0.01157	0.12210	0.01029	0.01304	0.00737	0.00494	0.00487	0.00156	0.00619	0.00446	0.00292	0.00608
86	0.04062	0.00841	0.01101	0.00849	0.01210	0.00758	0.00701	0.07684	0.01405	0.70585	0.01794	0.01578	0.01143	0.00586	0.00471	0.00146	0.00408	0.00471	0.03413	0.00794
87	0.67716	0.01203	0.00859	0.00795	0.02570	0.17355	0.00618	0.01508	0.00929	0.01935	0.00685	0.00802	0.00542	0.00453	0.00327	0.00143	0.00473	0.00272	0.00285	0.00530
88	0.00695	0.00465	0.00529	0.00529	0.00532	0.00468	0.00300	0.00700	0.00697	0.00933	0.01499	0.03086	0.01720	0.80566	0.05045	0.00473	0.00490	0.00689	0.00289	0.00294
89	0.01304	0.01162	0.01122	0.00996	0.01270	0.09372	0.00775	0.08013	0.62998	0.03133	0.01755	0.01640	0.01317	0.00624	0.00477	0.00156	0.00436	0.00506	0.02210	0.00734
90	0.00741	0.00529	0.00737	0.00847	0.00944	0.00525	0.00720	0.00940	0.01072	0.01398	0.02547	0.17362	0.02814	0.01348	0.00652	0.00216	0.00415	0.65320	0.00441	0.00432
91	0.00669	0.00553	0.00899	0.00868	0.00971	0.00516	0.12206	0.00805	0.00958	0.01275	0.02454	0.66017	0.05341	0.01318	0.00603	0.00189	0.00360	0.03156	0.00413	0.00429
92	0.01189	0.01027	0.01081	0.00973	0.01243	0.01189	0.00757	0.02540	0.79357	0.01999	0.01945	0.01783	0.01459	0.00648	0.00486	0.00162	0.00378	0.00540	0.00486	0.00757
93	0.00594	0.00484	0.00527	0.00526	0.00670	0.00417	0.00395	0.00739	0.01139	0.01425	0.20703	0.07476	0.59033	0.01175	0.00569	0.00162	0.00245	0.02847	0.00461	0.00414
94	0.01278	0.83490	0.02505	0.00818	0.01227	0.01891	0.00818	0.01431	0.00971	0.01125	0.00664	0.00767	0.00613	0.00409	0.00307	0.00102	0.00511	0.00256	0.00204	0.00613
95	0.01128	0.00895	0.00976	0.00878	0.01118	0.01001	0.00681	0.02173	0.58249	0.05693	0.16324	0.02106	0.02000	0.00703	0.00494	0.00157	0.00345	0.00594	0.03794	0.00691
96	0.01278	0.83490	0.02505	0.00818	0.01227	0.01891	0.00818	0.01431	0.00971	0.01125	0.00664	0.00767	0.00613	0.00409	0.00307	0.00102	0.00511	0.00256	0.00204	0.00613
97	0.01060	0.02335	0.72556	0.01326	0.01998	0.01118	0.01670	0.06488	0.01102	0.04675	0.00916	0.01042	0.00641	0.00467	0.00457	0.00151	0.00683	0.00363	0.00235	0.00717
98	0.00599	0.00476	0.00542	0.00580	0.00702	0.00420	0.00436	0.00727	0.01059	0.01315	0.06789	0.23110	0.49530	0.01283	0.00587	0.00176	0.00274	0.10541	0.00446	0.00406
99	0.00721	0.00600	0.03610	0.00723	0.03856	0.00522	0.00540	0.00989	0.04032	0.01823	0.61228	0.06515	0.08291	0.00945	0.00548	0.00152	0.00265	0.00832	0.03332	0.00477
100	0.00619	0.00486	0.00560	0.00541	0.00679	0.00427	0.00406	0.00792	0.01218	0.01597	0.41579	0.04096	0.43099	0.01096	0.00564	0.00156	0.00234	0.00938	0.00484	0.00427
101	0.53446	0.01048	0.00952	0.06738	0.04291	0.09788	0.02779	0.04268	0.00936	0.01829	0.00739	0.00935	0.00595	0.00580	0.00507	0.08988	0.00473	0.00314	0.00278	0.00515
102	0.00684	0.00505	0.00734	0.00734	0.00808	0.00579	0.00555	0.00832	0.00758	0.01084	0.01311	0.02050	0.01270	0.14538	0.70457	0.00726	0.01168	0.00537	0.00261	0.00408
103	0.00991	0.00850	0.00991	0.00708	0.01133	0.00637	0.00566	0.01203	0.00991	0.01557	0.00850	0.00991	0.00708	0.00354	0.00354	0.00071	0.00354	0.00283	0.00283	0.86124
104	0.01704	0.01304	0.01369	0.01080	0.01439	0.03251	0.00882	0.63253	0.16033	0.02789	0.01281	0.01255	0.00924	0.00585	0.00479	0.00146	0.00507	0.00447	0.00474	0.00797
105	0.00853	0.00562	0.00770	0.00841	0.00973	0.00547	0.00725	0.01062	0.01123	0.07283	0.04406	0.06082	0.08037	0.01253	0.00637	0.00209	0.00417	0.63302	0.00454	0.00465
106	0.00708	0.00460	0.00542	0.00542	0.00545	0.00464	0.00315	0.00694	0.00691	0.00924	0.01427	0.02904	0.01622	0.71562	0.05596	0.09285	0.00492	0.00659	0.00280	0.00287
107	0.00971	0.03772	0.73505	0.01345	0.01994	0.01150	0.01696	0.01485	0.00988	0.01480	0.00837	0.01008	0.00607	0.00482	0.00534	0.00155	0.06742	0.00356	0.00202	0.00691
108	0.00594	0.00425	0.00565	0.00658	0.00696	0.00396	0.00445	0.00695	0.00969	0.01306	0.12173	0.73107	0.03328	0.01433	0.00604	0.00189	0.00271	0.01298	0.00454	0.00396
109	0.00740	0.00534	0.00732	0.00835	0.00941	0.00526	0.00715	0.00942	0.01084	0.01403	0.02697	0.11967	0.08045	0.01328	0.00649	0.00214	0.00413	0.65361	0.00441	0.00433
110	0.02501	0.00731	0.03660	0.06276	0.01015	0.05973	0.02307	0.02417	0.01954	0.01022	0.00855	0.01387	0.00807	0.03246	0.01521	0.58594	0.04772	0.00416	0.00224	0.00324
111	0.01278	0.83490	0.02505	0.00818	0.01227	0.01891	0.00818	0.01431	0.00971	0.01125	0.00664	0.00767	0.00613	0.00409	0.00307	0.00102	0.00511	0.00256	0.00204	0.00613
112	0.00601	0.00425	0.00556	0.00646	0.00689	0.00396	0.00438	0.00702	0.00961	0.01302	0.09294	0.70637	0.05765	0.01410	0.00595	0.00186	0.00270	0.01273	0.03458	0.00396
113	0.01153	0.01110	0.01909	0.11052	0.70481	0.01130	0.03261	0.01443	0.01076	0.01526	0.00896	0.01195	0.00744	0.00431	0.00476	0.00144	0.00581	0.00429	0.00234	0.00731
114	0.77892	0.00913	0.00744	0.00651	0.00955	0.01034	0.00537	0.01500	0.00870	0.10211	0.00791	0.00864	0.00586	0.00459	0.00315	0.00148	0.00374	0.00282	0.00326	0.00548
115	0.00757	0.00543	0.00754	0.00860	0.00969	0.00540	0.00746	0.00969	0.01093	0.01418	0.02601	0.08374	0.04999	0.01324	0.00655	0.00217	0.00428	0.71875	0.00440	0.00437
116	0.47635	0.00873	0.00890	0.00731	0.01061	0.00902	0.00603	0.01831	0.01069	0.38309	0.01228	0.01169	0.00825	0.00512	0.00381	0.00148	0.00387	0.00361	0.00432	0.00654
117	0.00959	0.02472	0.80726	0.01362	0.02069	0.01110	0.01766	0.01514	0.01009	0.01514	0.00858	0.01009	0.00605	0.00454	0.00454	0.00151	0.00706	0.00353	0.00202	0.00706
118	0.07537	0.01776	0.01345	0.01133	0.01442	0.40954	0.00889	0.35427	0.01708	0.02042	0.00913	0.00981	0.00695	0.00525	0.00442	0.00134	0.00682	0.00358	0.00351	0.00665
119	0.01785	0.02278	0.01354	0.01231	0.01478	0.81284	0.00924	0.01909	0.01354	0.01170	0.00739	0.00862	0.00616	0.00493	0.00431	0.00123	0.00862	0.00308	0.00246	0.00554
120	0.02026	0.00779	0.01046	0.00812	0.01157	0.00678	0.00668	0.02214	0.01333	0.73109	0.01855	0.01641	0.01187	0.00588	0.00467	0.00144	0.00389	0.00477	0.08649	0.00779
121	0.01839	0.00829	0.01065	0.00842	0.01172	0.00769	0.00686	0.08670	0.07229	0.57202	0.10008	0.01901	0.04240	0.00656	0.00492	0.00149	0.00390	0.00539	0.00562	0.00757
122	0.00835	0.00647	0.00947	0.18274	0.09309	0.00703	0.00736	0.03481	0.00889	0.01188	0.01464	0.16351	0.03635	0.19467	0.02600	0.14028	0.02845	0.01882	0.00292	0.00425
123	0.01687	0.02056	0.01431	0.03085	0.05408	0.65909	0.03995	0.06357	0.01376	0.01330	0.02585	0.00982	0.00728	0.00501	0.00445	0.00128	0.00806	0.00346	0.00265	0.00580
124	0.00903	0.00850	0.01434	0.82054	0.03292	0.01062	0.01327	0.01221	0.00956	0.01221	0.00850	0.01274	0.00637	0.00478	0.00478	0.00159	0.00637	0.00425	0.00212	0.00531
125	0.01319	0.01138	0.01321	0.01355	0.19429	0.07981	0.00881	0.19454	0.03823	0.03294	0.01011	0.01138	0.00795	0.00458	0.00423	0.00115	0.00483	0.00373	0.04740	0.30471
126	0.00769	0.00535	0.00727	0.00773	0.02754	0.00506	0.02085	0.00920	0.03115	0.07144	0.06049	0.58558	0.06505	0.01262	0.00600	0.00180	0.02173	0.01130	0.00439	0.03776
127	0.01049	0.01052	0.01445	0.15518	0.01622	0.04064	0.01084	0.01223	0.02736	0.01184	0.00703	0.01098	0.00649	0.00757	0.01311	0.00196	0.63141	0.00419	0.00218	0.00531
128	0.00596	0.00436	0.00564	0.00657	0.00710	0.00403	0.00458	0.00697	0.00960	0.01261	0.04715	0.65698	0.12649	0.01437	0.00607	0.00191	0.00284	0.06836	0.00445	0.00395
129	0.05387	0.05370	0.01486	0.08426	0.07848	0.24575	0.02511	0.25664	0.01465	0.01840	0.00880	0.01033	0.00692	0.00530	0.00542	0.00141	0.07869	0.00375	0.00313	0.03054
130	0.00956	0.00904	0.01530	0.67048	0.17882	0.01076	0.01354	0.01268	0.00981	0.01286	0.00859	0.01257	0.00660	0.00468	0.00477	0.00156	0.00624	0.00425	0.00217	0.00574
131	0.01247	0.57558	0.20653	0.00981	0.01445	0.08583	0.01048	0.01492	0.01013	0.01219	0.00716	0.00832	0.00612	0.00427	0.00352	0.00116	0.00587	0.00283	0.00207	0.00630
