[name]
unknown

[dist]
# distance from previous block
# <min> <max>
0	421

[block]
# block no. 0 follows, 62 sequences, length 14
# corresponding to MSA columns:
# 461-470,473-476
name=unknown_A
#
# <colnr> <probs for GDERKNQSTAVLIFYWHMCP>
#	G	D	E	R	K	N	Q	S	T	A	V	L	I	F	Y	W	H	M	C	P
0	0.00802	0.00619	0.00748	0.00790	0.00917	0.04277	0.00673	0.08591	0.01092	0.01405	0.05065	0.06159	0.05102	0.01068	0.00556	0.00181	0.00399	0.60740	0.00390	0.00426
1	0.00730	0.00521	0.00600	0.00578	0.00655	0.00527	0.00394	0.12357	0.00939	0.01251	0.07468	0.22047	0.08565	0.37729	0.03528	0.00280	0.00370	0.00754	0.00340	0.00369
2	0.00916	0.01017	0.10637	0.09343	0.46783	0.00886	0.03142	0.02756	0.00972	0.01348	0.03206	0.04561	0.11541	0.00527	0.00439	0.00133	0.00475	0.00483	0.00247	0.00589
3	0.00899	0.00863	0.01135	0.48234	0.04039	0.11162	0.02588	0.02724	0.00940	0.02878	0.01187	0.11750	0.03927	0.00609	0.00449	0.00144	0.00525	0.05229	0.00251	0.00468
4	0.00960	0.00901	0.01520	0.08862	0.63915	0.00919	0.01170	0.01193	0.00928	0.01315	0.00950	0.08266	0.00873	0.00640	0.05603	0.00166	0.00528	0.00455	0.00226	0.00611
5	0.00525	0.00375	0.00499	0.00588	0.00619	0.00350	0.00395	0.00608	0.00844	0.01133	0.08360	0.78621	0.02905	0.01298	0.00540	0.00170	0.00243	0.01176	0.00401	0.00350
6	0.01054	0.01123	0.13575	0.02547	0.25957	0.02408	0.08737	0.06627	0.14955	0.06349	0.03201	0.01447	0.07249	0.00503	0.00434	0.00134	0.00474	0.00450	0.02155	0.00621
7	0.01737	0.00722	0.00951	0.00744	0.01047	0.00652	0.00609	0.05305	0.04847	0.67683	0.06461	0.01545	0.01229	0.00548	0.00427	0.00131	0.00349	0.00448	0.03874	0.00690
8	0.00524	0.00378	0.00496	0.00580	0.00616	0.00351	0.00392	0.00609	0.00852	0.01136	0.08465	0.74307	0.07151	0.01285	0.00538	0.00168	0.00242	0.01160	0.00401	0.00351
9	0.44755	0.10952	0.18332	0.03239	0.04044	0.05014	0.05668	0.01299	0.00829	0.01570	0.00660	0.00790	0.00513	0.00394	0.00324	0.00127	0.00464	0.00276	0.00227	0.00522
10	0.00704	0.00597	0.00881	0.05786	0.00983	0.00757	0.00675	0.00848	0.00685	0.01003	0.00966	0.01447	0.00903	0.02389	0.57065	0.00522	0.22738	0.00430	0.00215	0.00408
11	0.00871	0.00802	0.06320	0.00717	0.01009	0.00641	0.00612	0.01057	0.00887	0.04970	0.04905	0.06909	0.03231	0.01956	0.00511	0.00108	0.09133	0.03778	0.00282	0.51299
12	0.04344	0.10728	0.13052	0.03009	0.03608	0.16572	0.05648	0.12201	0.08134	0.06560	0.01043	0.07362	0.00881	0.02754	0.02143	0.00146	0.00537	0.00418	0.00290	0.00569
13	0.01030	0.00656	0.02387	0.01989	0.00941	0.00553	0.02060	0.01188	0.03841	0.18590	0.07973	0.04478	0.02801	0.00737	0.01951	0.16069	0.00349	0.00427	0.03106	0.28876

[dist]
# distance from previous block
# <min> <max>
7	13

[block]
# block no. 1 follows, 62 sequences, length 27
# corresponding to MSA columns:
# 501-527
name=unknown_B
#
# <colnr> <probs for GDERKNQSTAVLIFYWHMCP>
#	G	D	E	R	K	N	Q	S	T	A	V	L	I	F	Y	W	H	M	C	P
0	0.00992	0.12856	0.16068	0.01014	0.01279	0.01138	0.06533	0.05796	0.12628	0.03045	0.09618	0.01258	0.01058	0.00575	0.00689	0.00145	0.24067	0.00411	0.00273	0.00557
1	0.00610	0.00419	0.00500	0.00499	0.00523	0.00421	0.00310	0.00654	0.00705	0.00956	0.10280	0.05071	0.03874	0.62146	0.10955	0.00399	0.00461	0.00641	0.00285	0.00292
2	0.00972	0.00791	0.01289	0.53480	0.16554	0.00916	0.01095	0.01226	0.00904	0.09980	0.00881	0.01164	0.00660	0.00445	0.00463	0.00138	0.04277	0.00384	0.03849	0.00532
3	0.01265	0.04987	0.01390	0.01593	0.33233	0.19494	0.00966	0.14280	0.05164	0.04097	0.00972	0.01236	0.00806	0.00476	0.00412	0.00125	0.00525	0.04790	0.03577	0.00611
4	0.00590	0.00460	0.00536	0.00552	0.00653	0.00436	0.00399	0.00810	0.08769	0.01300	0.20019	0.28727	0.28707	0.04244	0.00573	0.00162	0.00244	0.02021	0.00409	0.00391
5	0.00598	0.00448	0.00536	0.00515	0.00638	0.00404	0.00391	0.00780	0.02408	0.02856	0.47673	0.03524	0.32799	0.00948	0.00503	0.00140	0.00218	0.03787	0.00439	0.00395
6	0.00713	0.00519	0.00619	0.00620	0.00724	0.02483	0.00456	0.05941	0.01971	0.04728	0.23940	0.37722	0.09795	0.01091	0.02380	0.00164	0.00291	0.03881	0.00413	0.01551
7	0.00739	0.00370	0.00554	0.00554	0.00554	0.00370	0.00370	0.00554	0.00554	0.00739	0.00739	0.01293	0.00739	0.01478	0.01663	0.87620	0.00370	0.00370	0.00185	0.00185
8	0.00518	0.00370	0.00494	0.00592	0.00617	0.00346	0.00395	0.00592	0.00815	0.01086	0.02345	0.84768	0.02814	0.01333	0.00543	0.00173	0.00247	0.01210	0.00395	0.00346
9	0.00853	0.02201	0.82841	0.01213	0.01842	0.00988	0.01572	0.01348	0.00898	0.01348	0.00764	0.00898	0.00539	0.00404	0.00404	0.00135	0.00629	0.00314	0.00180	0.00629
10	0.05948	0.50367	0.11544	0.04253	0.01224	0.05711	0.00811	0.01329	0.06956	0.01182	0.03119	0.04324	0.00791	0.00447	0.00330	0.00110	0.00465	0.00322	0.00224	0.00543
11	0.01197	0.01430	0.02059	0.01594	0.04637	0.27867	0.52094	0.01471	0.01069	0.01259	0.00793	0.01021	0.00615	0.00385	0.00461	0.00132	0.00726	0.00424	0.00216	0.00551
12	0.00979	0.00933	0.01505	0.12729	0.60388	0.02937	0.01161	0.01218	0.00961	0.01336	0.03537	0.01326	0.05349	0.01542	0.00448	0.00132	0.00487	0.00421	0.02007	0.00607
13	0.00509	0.00428	0.00442	0.00446	0.00581	0.00361	0.00332	0.00620	0.00974	0.01177	0.08573	0.08562	0.73379	0.01080	0.00505	0.00145	0.00216	0.00908	0.00399	0.00361
14	0.00901	0.00878	0.01380	0.56944	0.21338	0.04363	0.01182	0.01160	0.00882	0.01153	0.00751	0.01089	0.00591	0.00433	0.00477	0.00139	0.05249	0.00374	0.00195	0.00520
15	0.00979	0.00919	0.01234	0.07214	0.09855	0.05981	0.06789	0.09906	0.02743	0.01291	0.01094	0.06115	0.04264	0.09077	0.00931	0.00182	0.27523	0.03149	0.00259	0.00497
16	0.00846	0.00506	0.00726	0.00686	0.00803	0.00550	0.00538	0.00998	0.00792	0.15080	0.01280	0.04758	0.01119	0.02459	0.59558	0.00526	0.02680	0.00475	0.05181	0.00441
17	0.01120	0.15335	0.06137	0.03666	0.32978	0.01117	0.02803	0.11404	0.08725	0.03026	0.00891	0.01023	0.00710	0.00411	0.00389	0.00117	0.00468	0.00351	0.00262	0.09066
18	0.00735	0.00670	0.00803	0.00667	0.00890	0.03974	0.08544	0.06288	0.01049	0.01326	0.05846	0.02939	0.50091	0.00819	0.00465	0.00129	0.00321	0.00696	0.00353	0.13396
19	0.01026	0.07926	0.52350	0.01187	0.01688	0.09320	0.07353	0.07997	0.01015	0.01390	0.00760	0.00900	0.00565	0.00426	0.00447	0.00131	0.04379	0.00327	0.00207	0.00606
20	0.00970	0.44467	0.11830	0.00902	0.06372	0.03986	0.02602	0.01164	0.00929	0.01173	0.10284	0.08177	0.04488	0.00540	0.00366	0.00114	0.00440	0.00427	0.00245	0.00523
21	0.00879	0.00748	0.01192	0.61633	0.05762	0.00891	0.01042	0.05578	0.00941	0.04561	0.05389	0.01326	0.00845	0.03142	0.04206	0.00172	0.00551	0.00413	0.00237	0.00491
22	0.08295	0.11271	0.13935	0.01228	0.16452	0.17018	0.02927	0.03067	0.02992	0.10352	0.01966	0.01161	0.05265	0.00464	0.00388	0.00123	0.00515	0.00363	0.01638	0.00578
23	0.17292	0.07464	0.13620	0.02106	0.04700	0.10458	0.06403	0.04337	0.00971	0.10005	0.00948	0.03194	0.02224	0.02874	0.00432	0.00129	0.01296	0.00356	0.01077	0.10116
24	0.00518	0.00373	0.00491	0.00586	0.00615	0.00346	0.00392	0.00593	0.00821	0.01089	0.02429	0.81349	0.06180	0.01322	0.00541	0.00172	0.00246	0.01196	0.00395	0.00346
25	0.05804	0.04373	0.01516	0.45086	0.12561	0.01011	0.14025	0.03862	0.00917	0.01265	0.00810	0.03349	0.00653	0.00440	0.00449	0.00139	0.02597	0.00406	0.00213	0.00522
26	0.02544	0.27034	0.02504	0.03045	0.13783	0.36997	0.00872	0.02980	0.02327	0.03241	0.00712	0.00829	0.00594	0.00411	0.00358	0.00109	0.00597	0.00288	0.00221	0.00551

[dist]
# distance from previous block
# <min> <max>
2	4

[block]
# block no. 2 follows, 62 sequences, length 18
# corresponding to MSA columns:
# 532-549
name=unknown_C
#
# <colnr> <probs for GDERKNQSTAVLIFYWHMCP>
#	G	D	E	R	K	N	Q	S	T	A	V	L	I	F	Y	W	H	M	C	P
0	0.03046	0.20393	0.09158	0.03528	0.03300	0.08470	0.06057	0.09300	0.04176	0.07514	0.02203	0.01033	0.02181	0.00434	0.00393	0.00111	0.02433	0.00335	0.00271	0.15665
1	0.02819	0.19307	0.16170	0.01008	0.03512	0.13080	0.06388	0.11326	0.02120	0.04494	0.02934	0.03727	0.05278	0.01700	0.01732	0.00137	0.03047	0.00396	0.00265	0.00559
2	0.00739	0.00370	0.00554	0.00554	0.00554	0.00370	0.00370	0.00554	0.00554	0.00739	0.00739	0.01293	0.00739	0.01478	0.01663	0.87620	0.00370	0.00370	0.00185	0.00185
3	0.04040	0.14067	0.11339	0.01039	0.09053	0.14373	0.03175	0.04885	0.00994	0.01317	0.00954	0.02841	0.03701	0.00467	0.00393	0.00111	0.01981	0.03834	0.00243	0.21192
4	0.03141	0.05401	0.15736	0.05228	0.21632	0.09817	0.05787	0.04321	0.08363	0.07055	0.00973	0.01094	0.02111	0.00438	0.00420	0.00126	0.01846	0.00367	0.00261	0.05885
5	0.05370	0.00752	0.00887	0.00738	0.00972	0.02208	0.00588	0.10026	0.11727	0.32589	0.15586	0.01837	0.05190	0.04299	0.02137	0.00158	0.03399	0.00505	0.00440	0.00593
6	0.00614	0.00432	0.00564	0.00564	0.00599	0.00467	0.00383	0.00683	0.00648	0.00899	0.01249	0.02276	0.01326	0.47667	0.39243	0.00536	0.00745	0.00544	0.00244	0.00314
7	0.01035	0.14350	0.24424	0.03053	0.05971	0.06015	0.09751	0.01368	0.05501	0.08358	0.05216	0.04153	0.03586	0.00520	0.00445	0.00132	0.03030	0.02254	0.00267	0.00571
8	0.01076	0.03056	0.04270	0.03281	0.44540	0.05428	0.17290	0.02784	0.07182	0.02972	0.02098	0.02411	0.00790	0.00421	0.00436	0.00131	0.00541	0.00420	0.00243	0.00629
9	0.00608	0.00454	0.00674	0.00674	0.00747	0.00527	0.00520	0.00754	0.00681	0.00981	0.01148	0.01720	0.01085	0.06758	0.79821	0.00672	0.01108	0.00463	0.00229	0.00375
10	0.02946	0.00721	0.01150	0.01377	0.29746	0.00710	0.10381	0.01140	0.00933	0.03344	0.01250	0.07567	0.03070	0.00513	0.00392	0.00122	0.00381	0.00473	0.33263	0.00521
11	0.02732	0.09478	0.12063	0.08709	0.22643	0.09577	0.05789	0.03631	0.03422	0.07000	0.04086	0.03601	0.00860	0.00512	0.01758	0.00138	0.02766	0.00397	0.00254	0.00583
12	0.03069	0.70073	0.03557	0.00792	0.01155	0.03486	0.03236	0.06489	0.00956	0.02950	0.00657	0.00742	0.00570	0.00380	0.00298	0.00098	0.00470	0.00253	0.00209	0.00561
13	0.00576	0.00449	0.00578	0.00604	0.00676	0.02089	0.02512	0.00698	0.00953	0.01277	0.25483	0.50577	0.09661	0.01134	0.00523	0.00157	0.00254	0.01019	0.00408	0.00372
14	0.24813	0.03679	0.07981	0.01079	0.13373	0.11749	0.02027	0.09723	0.01079	0.08972	0.09484	0.02350	0.01009	0.00485	0.00380	0.00128	0.00451	0.00375	0.00304	0.00559
15	0.00895	0.00553	0.00609	0.00568	0.00702	0.00573	0.00445	0.15229	0.01104	0.01690	0.06938	0.04565	0.01472	0.05756	0.00491	0.00140	0.00285	0.10326	0.47213	0.00445
16	0.00876	0.00758	0.00927	0.00669	0.01039	0.00578	0.03250	0.01067	0.00885	0.01377	0.00806	0.03344	0.00695	0.00346	0.00328	0.00069	0.00327	0.00289	0.00255	0.82116
17	0.00843	0.00724	0.03641	0.01797	0.03703	0.03911	0.04608	0.03706	0.08407	0.07163	0.20124	0.05898	0.24063	0.02109	0.00496	0.00140	0.00332	0.02501	0.00382	0.05453

[dist]
# distance from previous block
# <min> <max>
2	6

[block]
# block no. 3 follows, 62 sequences, length 27
# corresponding to MSA columns:
# 556-576,590-592,595-597
name=unknown_D
#
# <colnr> <probs for GDERKNQSTAVLIFYWHMCP>
#	G	D	E	R	K	N	Q	S	T	A	V	L	I	F	Y	W	H	M	C	P
0	0.01315	0.06885	0.03706	0.01031	0.05430	0.20924	0.02330	0.22433	0.20535	0.02964	0.01180	0.01195	0.03780	0.00502	0.00406	0.00124	0.00501	0.00386	0.01400	0.02973
1	0.01058	0.03829	0.05679	0.03809	0.17323	0.04947	0.07761	0.02681	0.06959	0.07649	0.00975	0.03637	0.00798	0.00437	0.00415	0.00112	0.02208	0.01363	0.00273	0.28087
2	0.00870	0.03915	0.07986	0.00804	0.01006	0.06254	0.06263	0.06994	0.01839	0.05590	0.07313	0.29869	0.09060	0.00862	0.00488	0.00146	0.01553	0.04171	0.02417	0.02601
3	0.02511	0.28426	0.46341	0.01005	0.01506	0.03658	0.01181	0.01396	0.00922	0.08273	0.00782	0.00870	0.00585	0.00403	0.00362	0.00120	0.00550	0.00294	0.00213	0.00604
4	0.00972	0.05422	0.17800	0.02876	0.08187	0.01023	0.44408	0.03251	0.00984	0.01383	0.00895	0.02749	0.00699	0.00404	0.00448	0.00135	0.00614	0.00444	0.06732	0.00575
5	0.00520	0.00381	0.00489	0.00569	0.00613	0.00350	0.00386	0.00604	0.00852	0.01122	0.06206	0.70678	0.13108	0.01279	0.00536	0.00167	0.00241	0.01150	0.00398	0.00350
6	0.01055	0.12045	0.42079	0.01151	0.02745	0.07699	0.08414	0.03392	0.09293	0.05201	0.00889	0.00987	0.00660	0.00430	0.00420	0.00130	0.02220	0.00344	0.00235	0.00612
7	0.00739	0.00370	0.00554	0.00554	0.00554	0.00370	0.00370	0.00554	0.00554	0.00739	0.00739	0.01293	0.00739	0.01478	0.01663	0.87620	0.00370	0.00370	0.00185	0.00185
8	0.00532	0.00391	0.00489	0.00554	0.00602	0.00363	0.00376	0.00611	0.00830	0.01083	0.03965	0.56576	0.17417	0.09745	0.02942	0.00205	0.00283	0.02315	0.00378	0.00342
9	0.00640	0.00424	0.00528	0.00558	0.00646	0.00382	0.00397	0.00745	0.00930	0.07605	0.12587	0.44515	0.22603	0.03432	0.00564	0.00164	0.00249	0.02235	0.00411	0.00384
10	0.62707	0.00849	0.00758	0.03129	0.00965	0.00962	0.00541	0.13701	0.00959	0.06246	0.00804	0.04318	0.00642	0.00461	0.00314	0.00133	0.00355	0.00312	0.01334	0.00511
11	0.00679	0.00557	0.00797	0.02268	0.02517	0.00671	0.00600	0.00805	0.00723	0.01046	0.03662	0.14956	0.01336	0.06583	0.40772	0.00431	0.18680	0.00573	0.01949	0.00395
12	0.01859	0.00735	0.00986	0.00764	0.01087	0.00651	0.00628	0.02085	0.05995	0.77880	0.01682	0.01457	0.01068	0.00530	0.00428	0.00132	0.00361	0.00431	0.00521	0.00721
13	0.00564	0.00443	0.00507	0.00495	0.00619	0.00393	0.00373	0.01890	0.01074	0.01396	0.35272	0.06645	0.44944	0.00998	0.00505	0.00142	0.00219	0.02716	0.00425	0.00382
14	0.00913	0.00835	0.01379	0.38009	0.19391	0.03344	0.09821	0.03246	0.00882	0.01163	0.00778	0.01133	0.00633	0.00597	0.00651	0.15613	0.00539	0.00388	0.00203	0.00483
15	0.00616	0.00464	0.00604	0.00643	0.00714	0.00450	0.02393	0.05454	0.03859	0.01231	0.04157	0.67385	0.07992	0.01205	0.00527	0.00166	0.00272	0.01085	0.00395	0.00388
16	0.00947	0.06301	0.69271	0.01152	0.01730	0.01036	0.01432	0.06121	0.03413	0.03545	0.00823	0.00930	0.00587	0.00417	0.00400	0.00132	0.00595	0.00322	0.00211	0.00634
17	0.00789	0.00540	0.00700	0.00665	0.00767	0.00592	0.00496	0.03412	0.10159	0.07035	0.01316	0.01969	0.01229	0.23559	0.42853	0.00486	0.00769	0.01954	0.00290	0.00418
18	0.07371	0.02747	0.15762	0.02592	0.03337	0.04807	0.05575	0.14667	0.04682	0.09708	0.01342	0.16034	0.03335	0.01981	0.00484	0.00146	0.02212	0.02331	0.00328	0.00559
19	0.01208	0.51122	0.04876	0.01111	0.14182	0.11591	0.00867	0.04964	0.00982	0.03290	0.00687	0.00800	0.00588	0.00394	0.00344	0.00105	0.01830	0.00275	0.00211	0.00574
20	0.03526	0.20179	0.06302	0.02138	0.02674	0.42751	0.03256	0.05505	0.03548	0.05296	0.00759	0.00847	0.00607	0.00428	0.00368	0.00112	0.00623	0.00295	0.00241	0.00546
21	0.00986	0.00745	0.01066	0.07249	0.22784	0.00746	0.00775	0.05064	0.03735	0.09629	0.12343	0.03740	0.04197	0.01578	0.03928	0.00151	0.03310	0.00473	0.06775	0.10726
22	0.03200	0.23992	0.26626	0.01195	0.09386	0.17284	0.05087	0.04090	0.03119	0.01270	0.00736	0.00860	0.00586	0.00403	0.00370	0.00118	0.00582	0.00304	0.00210	0.00582
23	0.01019	0.03583	0.06847	0.05989	0.41701	0.04198	0.10056	0.03160	0.02237	0.03749	0.06537	0.05446	0.01041	0.00490	0.00439	0.00133	0.00506	0.02014	0.00256	0.00601
24	0.00604	0.00447	0.00641	0.00644	0.00710	0.00505	0.00484	0.00731	0.00686	0.00972	0.01285	0.04372	0.03269	0.14493	0.67437	0.00617	0.00988	0.00512	0.00241	0.00361
25	0.04255	0.08077	0.06575	0.10353	0.23149	0.05917	0.10713	0.12020	0.01083	0.02889	0.01024	0.08535	0.02541	0.00506	0.00423	0.00132	0.00514	0.00452	0.00262	0.00580
26	0.07814	0.07391	0.08191	0.02604	0.20569	0.06341	0.11322	0.14932	0.03356	0.05582	0.00990	0.01108	0.03487	0.00440	0.00405	0.00125	0.00508	0.00379	0.00277	0.04177

[dist]
# distance from previous block
# <min> <max>
8	17

[block]
# block no. 4 follows, 62 sequences, length 16
# corresponding to MSA columns:
# 615-630
name=unknown_E
#
# <colnr> <probs for GDERKNQSTAVLIFYWHMCP>
#	G	D	E	R	K	N	Q	S	T	A	V	L	I	F	Y	W	H	M	C	P
0	0.01084	0.04495	0.00955	0.00784	0.04144	0.00696	0.02726	0.07546	0.07901	0.18947	0.26498	0.03189	0.04988	0.00640	0.00440	0.00125	0.00325	0.02454	0.00412	0.11651
1	0.00896	0.00821	0.01209	0.00881	0.01253	0.00668	0.17214	0.01120	0.00914	0.01375	0.00871	0.01180	0.00746	0.00377	0.00371	0.00088	0.00403	0.05207	0.00253	0.64153
2	0.01131	0.02927	0.06606	0.02291	0.07265	0.11110	0.19911	0.17261	0.08271	0.01626	0.06232	0.01407	0.05971	0.00511	0.00453	0.00131	0.01774	0.00455	0.04088	0.00578
3	0.00680	0.00592	0.00700	0.07215	0.06198	0.05787	0.00528	0.00847	0.01060	0.01390	0.38051	0.10809	0.21423	0.02215	0.00514	0.00143	0.00297	0.00752	0.00386	0.00413
4	0.00849	0.00802	0.02386	0.02732	0.27127	0.04412	0.06611	0.01090	0.02211	0.01499	0.35403	0.02033	0.04474	0.00609	0.00455	0.00127	0.00384	0.00557	0.00331	0.05908
5	0.01425	0.01103	0.01433	0.01086	0.01425	0.05045	0.17383	0.41221	0.03556	0.11766	0.01081	0.02603	0.00801	0.02197	0.00471	0.00134	0.00504	0.00422	0.00370	0.05976
6	0.01192	0.10610	0.14210	0.01092	0.11362	0.01027	0.00888	0.13697	0.18576	0.12903	0.07973	0.01370	0.02202	0.00515	0.00414	0.00129	0.00428	0.00421	0.00351	0.00640
7	0.01364	0.01696	0.01045	0.00958	0.01161	0.66091	0.00718	0.01473	0.01157	0.01064	0.01417	0.01459	0.17523	0.00571	0.00408	0.00117	0.00653	0.00404	0.00256	0.00465
8	0.00829	0.00672	0.00775	0.00593	0.00863	0.00545	0.00443	0.03230	0.00840	0.01265	0.00929	0.01424	0.00892	0.24262	0.00841	0.00164	0.00347	0.00359	0.00259	0.60468
9	0.00667	0.18036	0.00844	0.00584	0.00681	0.00639	0.00431	0.00741	0.00794	0.01018	0.01892	0.45120	0.06988	0.18661	0.00825	0.00204	0.00323	0.00862	0.00322	0.00370
10	0.19203	0.67743	0.01896	0.00693	0.01036	0.01532	0.00673	0.01269	0.00835	0.01190	0.00592	0.00684	0.00528	0.00370	0.00271	0.00099	0.00429	0.00228	0.00199	0.00528
11	0.01473	0.01636	0.01317	0.01423	0.20345	0.52854	0.00923	0.04786	0.01170	0.07157	0.00778	0.00898	0.00622	0.00441	0.00420	0.00118	0.02514	0.00317	0.00247	0.00561
12	0.00554	0.00405	0.00521	0.00600	0.00657	0.00379	0.00437	0.00654	0.00864	0.01123	0.02594	0.52871	0.15096	0.04605	0.00611	0.00182	0.00278	0.16826	0.00389	0.00353
13	0.01276	0.59875	0.01917	0.00840	0.01160	0.26616	0.00757	0.01404	0.00969	0.01013	0.00612	0.00708	0.00547	0.00387	0.00307	0.00097	0.00550	0.00242	0.00193	0.00530
14	0.00657	0.00459	0.00531	0.00522	0.00567	0.00464	0.00338	0.00803	0.07087	0.01107	0.16892	0.02828	0.02030	0.56496	0.01595	0.00321	0.00360	0.04180	0.02435	0.00327
15	0.02153	0.14401	0.10925	0.03010	0.03237	0.12126	0.20320	0.12423	0.07964	0.01453	0.00867	0.01018	0.00679	0.00532	0.03323	0.00148	0.04212	0.00374	0.00253	0.00581

[dist]
# distance from previous block
# <min> <max>
0	13

[block]
# block no. 5 follows, 62 sequences, length 25
# corresponding to MSA columns:
# 644-665,667-669
name=unknown_F
#
# <colnr> <probs for GDERKNQSTAVLIFYWHMCP>
#	G	D	E	R	K	N	Q	S	T	A	V	L	I	F	Y	W	H	M	C	P
0	0.03900	0.03079	0.03234	0.00940	0.01241	0.05399	0.00787	0.59414	0.02986	0.02317	0.00984	0.01031	0.00723	0.00512	0.00464	0.00128	0.05465	0.00370	0.06365	0.00660
1	0.01147	0.07790	0.09963	0.03112	0.21723	0.11081	0.04955	0.05413	0.07033	0.06789	0.02043	0.01045	0.00745	0.00415	0.00392	0.00115	0.00499	0.00349	0.00265	0.15124
2	0.01159	0.21395	0.38237	0.01054	0.03324	0.01084	0.05217	0.01510	0.03455	0.18254	0.00950	0.01000	0.00680	0.00423	0.00385	0.00124	0.00525	0.00334	0.00263	0.00629
3	0.00619	0.00413	0.00464	0.00464	0.00464	0.00413	0.00258	0.00619	0.00619	0.00825	0.01341	0.02785	0.01547	0.85046	0.02166	0.00413	0.00413	0.00619	0.00258	0.00258
4	0.00950	0.01031	0.11929	0.03298	0.40059	0.00874	0.04541	0.04727	0.03792	0.03302	0.07184	0.04658	0.08640	0.00603	0.02428	0.00147	0.00477	0.00491	0.00274	0.00595
5	0.01355	0.12747	0.11157	0.01164	0.11949	0.15213	0.03303	0.07395	0.09225	0.19403	0.02357	0.01111	0.00822	0.00460	0.00399	0.00123	0.00509	0.00364	0.00317	0.00627
6	0.82742	0.00819	0.00665	0.05639	0.00951	0.00954	0.00505	0.01241	0.00732	0.01859	0.00602	0.00718	0.00467	0.00397	0.00273	0.00132	0.00344	0.00239	0.00259	0.00462
7	0.00633	0.00475	0.00577	0.00538	0.00661	0.00444	0.00407	0.04224	0.02653	0.01631	0.60609	0.03253	0.20515	0.00894	0.00498	0.00136	0.00218	0.00775	0.00450	0.00411
8	0.02485	0.06320	0.12390	0.18960	0.05223	0.22778	0.03376	0.04757	0.06086	0.01237	0.00873	0.01080	0.01541	0.00733	0.08714	0.01690	0.00651	0.00354	0.00230	0.00523
9	0.03092	0.01932	0.07794	0.16169	0.10641	0.02949	0.03911	0.17281	0.12256	0.10993	0.02031	0.05149	0.00920	0.00514	0.00425	0.00135	0.00467	0.00435	0.02296	0.00611
10	0.00537	0.00397	0.00503	0.00561	0.00623	0.00364	0.00395	0.00644	0.00917	0.01213	0.16636	0.52717	0.17349	0.01200	0.00530	0.00162	0.00239	0.04244	0.00408	0.00360
11	0.01738	0.00700	0.00932	0.02739	0.01067	0.00627	0.00605	0.04353	0.01194	0.68424	0.01601	0.01444	0.01036	0.00520	0.00412	0.00128	0.00350	0.00422	0.11030	0.00678
12	0.03091	0.03833	0.08053	0.04043	0.38991	0.04950	0.08531	0.04311	0.10805	0.06333	0.00982	0.01169	0.00773	0.00434	0.00422	0.00131	0.00511	0.01733	0.00265	0.00638
13	0.00641	0.00532	0.00774	0.05900	0.12824	0.00514	0.02402	0.00788	0.00927	0.01227	0.10644	0.34930	0.19287	0.01004	0.00507	0.00155	0.00313	0.05855	0.00359	0.00418
14	0.00710	0.00448	0.00580	0.00625	0.00697	0.00426	0.00435	0.02376	0.04302	0.09594	0.03434	0.67781	0.02516	0.03197	0.00562	0.00172	0.00270	0.01061	0.00409	0.00405
15	0.17960	0.03555	0.01362	0.11025	0.21906	0.20905	0.08267	0.04476	0.02128	0.01418	0.00756	0.00941	0.00605	0.00410	0.00383	0.00125	0.00549	0.00334	0.02345	0.00548
16	0.00552	0.00431	0.00479	0.00467	0.00593	0.00376	0.00350	0.00697	0.01051	0.01370	0.32293	0.03654	0.50410	0.00977	0.00493	0.00138	0.00209	0.00830	0.04254	0.00376
17	0.12742	0.00795	0.00897	0.01816	0.03303	0.00740	0.00574	0.04872	0.13068	0.09822	0.03814	0.01173	0.02428	0.00432	0.00356	0.00101	0.00335	0.00342	0.00324	0.42067
18	0.00918	0.00872	0.04451	0.05908	0.06010	0.00819	0.12478	0.02070	0.00881	0.04329	0.00978	0.01194	0.04269	0.00695	0.07657	0.00166	0.13642	0.00380	0.01222	0.31061
19	0.00920	0.00903	0.01259	0.01085	0.01095	0.01250	0.00900	0.02375	0.00680	0.01053	0.00633	0.03077	0.00637	0.00847	0.04431	0.00204	0.77591	0.00397	0.00197	0.00464
20	0.00986	0.00813	0.00933	0.00683	0.01046	0.00678	0.00548	0.13454	0.01054	0.01579	0.00841	0.03229	0.00705	0.00374	0.00339	0.00076	0.00337	0.00299	0.00283	0.71743
21	0.01290	0.57286	0.01888	0.00848	0.01167	0.26207	0.00759	0.04238	0.01008	0.01073	0.00627	0.00720	0.00553	0.00392	0.00312	0.00098	0.00549	0.00247	0.00202	0.00537
22	0.00950	0.00890	0.01168	0.00960	0.01093	0.01079	0.00792	0.04593	0.02979	0.01225	0.00670	0.00938	0.00607	0.00602	0.01007	0.00146	0.53380	0.00340	0.00223	0.26358
23	0.00629	0.00500	0.00741	0.02906	0.15253	0.00488	0.00584	0.00744	0.00840	0.01137	0.01979	0.61929	0.02301	0.03022	0.02539	0.00182	0.00329	0.03139	0.00350	0.00407
24	0.00618	0.00492	0.00620	0.00620	0.02972	0.00460	0.02347	0.00830	0.05534	0.01395	0.33558	0.07563	0.29626	0.06115	0.00606	0.00161	0.00261	0.05413	0.00407	0.00402

[dist]
# distance from previous block
# <min> <max>
0	1

[block]
# block no. 6 follows, 62 sequences, length 18
# corresponding to MSA columns:
# 671-688
name=unknown_G
#
# <colnr> <probs for GDERKNQSTAVLIFYWHMCP>
#	G	D	E	R	K	N	Q	S	T	A	V	L	I	F	Y	W	H	M	C	P
0	0.00518	0.00373	0.00491	0.00585	0.00615	0.00346	0.00392	0.00593	0.00821	0.01089	0.02432	0.81213	0.06314	0.01322	0.00541	0.00172	0.00245	0.01196	0.00395	0.00346
1	0.01119	0.01357	0.29739	0.14770	0.13363	0.00946	0.10827	0.05337	0.01025	0.15976	0.00956	0.01093	0.00677	0.00426	0.00427	0.00135	0.00556	0.00380	0.00264	0.00625
2	0.01909	0.00724	0.00987	0.00757	0.01086	0.00625	0.00625	0.02074	0.01218	0.82687	0.01679	0.01448	0.01053	0.00527	0.00428	0.00132	0.00362	0.00428	0.00527	0.00724
3	0.00755	0.00459	0.00530	0.00510	0.00635	0.00426	0.00382	0.03265	0.01023	0.08083	0.18653	0.15326	0.22379	0.00850	0.00443	0.00132	0.00232	0.00726	0.24774	0.00417
4	0.06107	0.00861	0.01027	0.09087	0.01261	0.00911	0.00701	0.29324	0.02821	0.28227	0.01235	0.01236	0.00856	0.00506	0.00424	0.00129	0.02389	0.00392	0.11871	0.00635
5	0.01032	0.00994	0.01549	0.18444	0.50341	0.04264	0.03223	0.04451	0.04389	0.01366	0.00888	0.01130	0.02091	0.00429	0.00460	0.00133	0.03584	0.00391	0.00227	0.00613
6	0.00559	0.00416	0.00515	0.00531	0.00614	0.00382	0.00381	0.00689	0.00988	0.01325	0.33502	0.25908	0.21494	0.06243	0.02990	0.00181	0.00260	0.02245	0.00410	0.00367
7	0.00552	0.00421	0.00507	0.00511	0.00611	0.00376	0.00374	0.00697	0.01050	0.01397	0.40298	0.19123	0.30480	0.01030	0.00510	0.00145	0.00215	0.00898	0.00429	0.00376
8	0.01065	0.00982	0.07745	0.03573	0.20885	0.02246	0.09222	0.10447	0.07252	0.05993	0.04084	0.01342	0.02854	0.00494	0.00466	0.00130	0.04977	0.00425	0.15235	0.00584
9	0.03594	0.03458	0.11012	0.11497	0.08331	0.11264	0.07701	0.06867	0.25294	0.03785	0.01107	0.01223	0.00845	0.00478	0.00420	0.00135	0.00513	0.01574	0.00299	0.00604
10	0.04287	0.00915	0.01274	0.40675	0.08108	0.04043	0.03376	0.15134	0.03808	0.07840	0.00932	0.01198	0.00707	0.00476	0.00459	0.00139	0.03546	0.02248	0.00276	0.00559
11	0.00609	0.00460	0.00578	0.00593	0.00693	0.00408	0.00419	0.00708	0.00819	0.01127	0.01978	0.50643	0.05343	0.09599	0.03018	0.00191	0.00308	0.05090	0.00349	0.17067
12	0.03958	0.04778	0.01215	0.03126	0.01251	0.36294	0.00802	0.14682	0.03631	0.05695	0.00916	0.01026	0.03579	0.00537	0.00586	0.00131	0.16630	0.00348	0.00275	0.00540
13	0.01119	0.00965	0.05097	0.04401	0.14470	0.03771	0.02061	0.09443	0.03091	0.09939	0.00909	0.01012	0.00698	0.00388	0.00373	0.00099	0.00415	0.00323	0.00288	0.41138
14	0.01139	0.20672	0.35220	0.01057	0.04011	0.06890	0.02700	0.06852	0.04216	0.08985	0.00862	0.00937	0.00642	0.00418	0.00377	0.00120	0.00538	0.00317	0.00247	0.03801
15	0.01375	0.04106	0.01000	0.02457	0.03987	0.02611	0.00636	0.04636	0.08167	0.36962	0.04790	0.01392	0.01073	0.00627	0.04088	0.00146	0.03219	0.00408	0.07790	0.10531
16	0.00782	0.00772	0.03233	0.03491	0.05844	0.10067	0.02195	0.00975	0.03918	0.01275	0.13291	0.26266	0.12833	0.00830	0.00463	0.00135	0.00355	0.00723	0.00339	0.12213
17	0.02443	0.05911	0.10212	0.06704	0.23701	0.10987	0.08175	0.05577	0.03426	0.06066	0.00911	0.04158	0.00744	0.00441	0.00407	0.00122	0.00525	0.00385	0.00254	0.08852

[dist]
# distance from previous block
# <min> <max>
2	25

[block]
# block no. 7 follows, 62 sequences, length 37
# corresponding to MSA columns:
# 717-753
name=unknown_H
#
# <colnr> <probs for GDERKNQSTAVLIFYWHMCP>
#	G	D	E	R	K	N	Q	S	T	A	V	L	I	F	Y	W	H	M	C	P
0	0.02570	0.53729	0.07397	0.00887	0.06592	0.04460	0.00782	0.03358	0.00948	0.04058	0.06405	0.05390	0.00936	0.00467	0.00336	0.00108	0.00449	0.00346	0.00236	0.00547
1	0.01982	0.04225	0.06215	0.02919	0.10281	0.08144	0.00760	0.11206	0.02930	0.05460	0.06315	0.01204	0.02431	0.00595	0.04756	0.00137	0.02024	0.00363	0.00290	0.27763
2	0.02703	0.12348	0.05757	0.00693	0.00931	0.00734	0.00605	0.03047	0.05361	0.21349	0.24639	0.04931	0.07582	0.01891	0.00467	0.00138	0.00334	0.05558	0.00404	0.00529
3	0.00554	0.00409	0.00520	0.00565	0.00631	0.00379	0.00399	0.00692	0.02452	0.01290	0.25647	0.48166	0.12959	0.01151	0.00525	0.00158	0.00234	0.02482	0.00417	0.00370
4	0.01198	0.21199	0.18970	0.01137	0.04708	0.31076	0.08385	0.01439	0.02191	0.01154	0.00778	0.04434	0.00668	0.00444	0.00382	0.00118	0.00621	0.00340	0.00212	0.00546
5	0.01072	0.02272	0.10126	0.05157	0.06934	0.18716	0.30347	0.03180	0.01856	0.01259	0.00878	0.04534	0.00737	0.00657	0.06621	0.00176	0.04278	0.00434	0.00225	0.00540
6	0.01522	0.00731	0.00934	0.00712	0.01043	0.00621	0.00580	0.01746	0.05011	0.51669	0.01396	0.01291	0.00941	0.00465	0.00390	0.00111	0.00341	0.00377	0.03527	0.26592
7	0.01571	0.00769	0.00975	0.00822	0.03196	0.02131	0.00652	0.10771	0.05540	0.50980	0.09929	0.01829	0.01427	0.00609	0.00447	0.00137	0.00369	0.06710	0.00480	0.00656
8	0.01007	0.17872	0.01688	0.22655	0.43225	0.01131	0.01136	0.01278	0.03743	0.01249	0.00780	0.01018	0.00643	0.00395	0.00393	0.00124	0.00505	0.00352	0.00207	0.00598
9	0.04894	0.00461	0.00522	0.00503	0.00637	0.00419	0.00383	0.00767	0.01049	0.03657	0.34558	0.04640	0.40461	0.00997	0.02226	0.00152	0.00243	0.02620	0.00418	0.00392
10	0.00524	0.00375	0.00501	0.00599	0.00627	0.00351	0.00405	0.00603	0.00821	0.01093	0.02342	0.81927	0.02801	0.01327	0.00545	0.00174	0.00252	0.03992	0.00395	0.00347
11	0.01031	0.00914	0.03459	0.48820	0.16368	0.03973	0.01105	0.07338	0.02694	0.07651	0.00882	0.01133	0.00657	0.00436	0.00421	0.00135	0.00532	0.00380	0.01518	0.00554
12	0.00529	0.00379	0.00505	0.00602	0.00634	0.00355	0.00413	0.00612	0.00828	0.01100	0.02374	0.78089	0.04189	0.01318	0.00545	0.00174	0.00256	0.06354	0.00395	0.00349
13	0.00577	0.00389	0.00511	0.00589	0.00635	0.00358	0.00400	0.00657	0.00842	0.04587	0.02442	0.76050	0.07805	0.01282	0.00536	0.00169	0.00250	0.01156	0.00401	0.00363
14	0.00734	0.00663	0.01206	0.00982	0.01152	0.00675	0.25611	0.00917	0.00770	0.01069	0.01097	0.01757	0.01041	0.20637	0.39239	0.00454	0.00845	0.00507	0.00231	0.00413
15	0.00516	0.00427	0.00451	0.00454	0.00585	0.00363	0.00337	0.00632	0.00987	0.01211	0.13389	0.09314	0.67726	0.01070	0.00505	0.00144	0.00216	0.00903	0.00404	0.00363
16	0.00976	0.01103	0.04224	0.01551	0.01843	0.01150	0.51963	0.01249	0.00883	0.01249	0.00757	0.01068	0.00614	0.00489	0.00799	0.00158	0.28727	0.00454	0.00205	0.00539
17	0.01274	0.54742	0.01875	0.04392	0.01244	0.10904	0.00775	0.17825	0.01138	0.01358	0.00695	0.00782	0.00584	0.00406	0.00324	0.00103	0.00498	0.00272	0.00237	0.00574
18	0.00549	0.00416	0.00551	0.00603	0.00664	0.00388	0.02254	0.00675	0.03089	0.01167	0.08669	0.63936	0.13006	0.01221	0.00531	0.00165	0.00253	0.01099	0.00398	0.00366
19	0.00804	0.00756	0.01276	0.84023	0.02931	0.00945	0.01182	0.01087	0.00851	0.01087	0.00756	0.01134	0.00567	0.00425	0.00425	0.00142	0.00567	0.00378	0.00189	0.00473
20	0.01157	0.29660	0.22266	0.01045	0.03864	0.20640	0.03880	0.04034	0.03868	0.01211	0.00823	0.00926	0.02829	0.00430	0.00378	0.00115	0.01785	0.00310	0.00215	0.00564
21	0.00529	0.00380	0.00505	0.00601	0.00633	0.00355	0.00412	0.00612	0.00830	0.01100	0.02392	0.77345	0.04936	0.01316	0.00545	0.00174	0.00256	0.06336	0.00395	0.00349
22	0.01004	0.01148	0.02511	0.01793	0.02224	0.01076	0.80846	0.01363	0.01004	0.01363	0.00861	0.01148	0.00646	0.00359	0.00502	0.00143	0.00717	0.00502	0.00215	0.00574
23	0.01044	0.00887	0.00932	0.00841	0.01074	0.01023	0.00654	0.02194	0.77345	0.01770	0.01714	0.01587	0.01288	0.00573	0.00426	0.00142	0.00329	0.00477	0.05042	0.00659
24	0.02358	0.00962	0.01395	0.09101	0.44565	0.05304	0.02096	0.05131	0.05049	0.06141	0.01140	0.01306	0.06034	0.00474	0.00453	0.00130	0.03340	0.00415	0.03998	0.00608
25	0.02290	0.00474	0.00497	0.00471	0.00634	0.00408	0.00360	0.01976	0.01007	0.07928	0.05773	0.03744	0.70927	0.01006	0.00491	0.00142	0.00233	0.00836	0.00406	0.00398
26	0.01589	0.02028	0.01206	0.01096	0.01315	0.83338	0.00822	0.01699	0.01206	0.01041	0.00658	0.00767	0.00548	0.00438	0.00384	0.00110	0.00767	0.00274	0.00219	0.00493
27	0.00892	0.02192	0.78516	0.01207	0.01814	0.05352	0.01532	0.01366	0.00915	0.01331	0.00758	0.00891	0.00539	0.00406	0.00403	0.00133	0.00636	0.00312	0.00182	0.00622
28	0.01153	0.00729	0.00839	0.00738	0.00952	0.00766	0.00575	0.07085	0.33014	0.19799	0.09050	0.11539	0.01611	0.00669	0.00437	0.00138	0.00314	0.00567	0.09428	0.00596
29	0.00506	0.00419	0.00444	0.00463	0.00583	0.00356	0.00338	0.00607	0.00939	0.01137	0.03916	0.20297	0.66272	0.01129	0.00511	0.00150	0.00222	0.00961	0.00395	0.00356
30	0.00602	0.00435	0.00569	0.00535	0.00636	0.00401	0.00401	0.00803	0.01204	0.01706	0.82167	0.03178	0.04015	0.00870	0.00502	0.00134	0.00201	0.00770	0.00468	0.00401
31	0.02925	0.00921	0.06379	0.05640	0.01276	0.00823	0.00750	0.19706	0.01337	0.51504	0.01395	0.01291	0.00910	0.00507	0.00420	0.00131	0.00411	0.00404	0.02580	0.00691
32	0.00654	0.00464	0.00590	0.00562	0.00674	0.00439	0.00430	0.00896	0.04838	0.03008	0.65927	0.03158	0.06412	0.00865	0.00496	0.00137	0.00223	0.06040	0.03771	0.00417
33	0.01004	0.01148	0.02511	0.01793	0.02224	0.01076	0.80846	0.01363	0.01004	0.01363	0.00861	0.01148	0.00646	0.00359	0.00502	0.00143	0.00717	0.00502	0.00215	0.00574
34	0.03481	0.06496	0.04760	0.01083	0.05573	0.33898	0.03020	0.16587	0.15137	0.01547	0.00963	0.02272	0.00762	0.00478	0.00397	0.00122	0.00568	0.00356	0.01916	0.00584
35	0.00549	0.00422	0.00499	0.00506	0.00608	0.00376	0.00370	0.00684	0.01021	0.01341	0.32975	0.18212	0.35384	0.03098	0.00552	0.00153	0.00223	0.02239	0.00419	0.00371
36	0.01037	0.00896	0.00942	0.00849	0.01086	0.01032	0.00660	0.02198	0.78552	0.01756	0.01830	0.01683	0.04381	0.00596	0.00436	0.00144	0.00332	0.00497	0.00432	0.00662

[dist]
# distance from previous block
# <min> <max>
0	1

[block]
# block no. 8 follows, 62 sequences, length 14
# corresponding to MSA columns:
# 755-768
name=unknown_I
#
# <colnr> <probs for GDERKNQSTAVLIFYWHMCP>
#	G	D	E	R	K	N	Q	S	T	A	V	L	I	F	Y	W	H	M	C	P
0	0.01821	0.05219	0.01061	0.00767	0.01095	0.00722	0.00639	0.04496	0.04789	0.72289	0.01603	0.01401	0.01027	0.00520	0.00420	0.00130	0.00369	0.00418	0.00501	0.00712
1	0.01397	0.26314	0.05112	0.00982	0.01262	0.51472	0.00820	0.01589	0.05345	0.01082	0.00700	0.00792	0.00587	0.00423	0.00355	0.00107	0.00647	0.00273	0.00218	0.00524
2	0.00882	0.00756	0.00882	0.00630	0.01008	0.00567	0.00504	0.01071	0.00882	0.01387	0.00756	0.00882	0.00630	0.00315	0.00315	0.00063	0.00315	0.00252	0.00252	0.87647
3	0.00990	0.00947	0.01613	0.23222	0.62275	0.00994	0.01274	0.01250	0.00939	0.01313	0.00789	0.01074	0.00647	0.00391	0.00422	0.00130	0.00521	0.00379	0.00205	0.00623
4	0.01058	0.00914	0.00962	0.00866	0.01106	0.01058	0.00673	0.02261	0.81623	0.01780	0.01732	0.01588	0.01299	0.00577	0.00433	0.00144	0.00337	0.00481	0.00433	0.00673
5	0.01166	0.80156	0.02166	0.00751	0.01106	0.06730	0.00734	0.01300	0.00886	0.01004	0.00596	0.00688	0.00546	0.00369	0.00280	0.00092	0.00474	0.00230	0.00184	0.00543
6	0.01099	0.00905	0.00963	0.00861	0.01105	0.01038	0.00671	0.02252	0.77755	0.05672	0.01729	0.01581	0.01287	0.00575	0.00433	0.00144	0.00338	0.00479	0.00437	0.00676
7	0.01080	0.00978	0.01593	0.11176	0.63123	0.01009	0.01214	0.05109	0.05289	0.03998	0.00883	0.01101	0.00710	0.00405	0.00423	0.00129	0.00497	0.00386	0.00240	0.00656
8	0.00603	0.00392	0.00524	0.00602	0.00646	0.00363	0.00409	0.00682	0.00839	0.06035	0.02305	0.79715	0.02707	0.01284	0.00536	0.00170	0.00254	0.01162	0.00403	0.00369
9	0.88052	0.00823	0.00625	0.00560	0.00823	0.00955	0.00461	0.01251	0.00724	0.01909	0.00592	0.00691	0.00461	0.00395	0.00263	0.00132	0.00329	0.00230	0.00263	0.00461
10	0.01048	0.01059	0.01739	0.12854	0.56818	0.06074	0.11576	0.01309	0.00973	0.01326	0.00794	0.01058	0.00649	0.00386	0.00430	0.00130	0.00557	0.00388	0.00209	0.00624
11	0.00596	0.00435	0.00560	0.00529	0.00632	0.00399	0.00397	0.00791	0.01190	0.01672	0.77379	0.03235	0.08824	0.00883	0.00502	0.00134	0.00202	0.00777	0.00464	0.00399
12	0.83997	0.04764	0.00700	0.00567	0.00835	0.00989	0.00473	0.01252	0.00731	0.01867	0.00592	0.00691	0.00465	0.00394	0.00264	0.00130	0.00335	0.00230	0.00260	0.00465
13	0.00767	0.00675	0.01051	0.38903	0.13756	0.00760	0.00885	0.00988	0.02308	0.01131	0.03847	0.01936	0.08234	0.14514	0.04388	0.00210	0.00502	0.04446	0.00247	0.00450

[dist]
# distance from previous block
# <min> <max>
0	298

# created by:
# /st0/software/busco_prod/Augustus/scripts/msa2prfl.pl ./align_prep/96054.fa
