[name]
unknown

[dist]
# distance from previous block
# <min> <max>
6	222

[block]
# block no. 0 follows, 53 sequences, length 23
# corresponding to MSA columns:
# 610-632
name=unknown_A
#
# <colnr> <probs for GDERKNQSTAVLIFYWHMCP>
#	G	D	E	R	K	N	Q	S	T	A	V	L	I	F	Y	W	H	M	C	P
0	0.03951	0.06278	0.17189	0.00926	0.01220	0.07488	0.00855	0.14713	0.03385	0.01597	0.03300	0.07073	0.02203	0.13457	0.02553	0.06518	0.02076	0.00511	0.02003	0.02706
1	0.07439	0.27216	0.09921	0.04631	0.05801	0.06308	0.03977	0.13850	0.03366	0.04716	0.00922	0.01039	0.00725	0.00523	0.01850	0.00140	0.00558	0.00353	0.02296	0.04368
2	0.04567	0.06183	0.14191	0.02817	0.02925	0.02912	0.03943	0.08206	0.20544	0.08690	0.10501	0.01884	0.03698	0.00645	0.00481	0.00152	0.00473	0.04526	0.00395	0.02269
3	0.07730	0.15998	0.14386	0.01058	0.04727	0.07274	0.00946	0.10514	0.09334	0.07239	0.03287	0.02357	0.00928	0.00571	0.01719	0.00144	0.02700	0.00393	0.00324	0.08372
4	0.00855	0.00468	0.00667	0.00650	0.00678	0.00483	0.00448	0.00747	0.00692	0.04370	0.01082	0.01772	0.02503	0.12391	0.10265	0.58091	0.02835	0.00476	0.00245	0.00281
5	0.00767	0.00600	0.00805	0.00749	0.02432	0.00571	0.04852	0.01083	0.08756	0.03489	0.46063	0.07704	0.18332	0.00967	0.00555	0.00156	0.00289	0.00854	0.00482	0.00493
6	0.00809	0.00592	0.00730	0.00687	0.00848	0.00522	0.00497	0.02937	0.00960	0.03792	0.01862	0.36346	0.02064	0.13974	0.02345	0.00211	0.00368	0.05619	0.00376	0.24461
7	0.00679	0.00509	0.00745	0.00745	0.00830	0.00584	0.00574	0.00839	0.00777	0.01108	0.01430	0.02043	0.04302	0.07268	0.74411	0.00730	0.01201	0.00540	0.00265	0.00419
8	0.01390	0.01129	0.01647	0.17653	0.33318	0.01208	0.02908	0.26269	0.01453	0.06820	0.01031	0.01219	0.00777	0.00493	0.00478	0.00147	0.00563	0.00433	0.00331	0.00732
9	0.01186	0.32816	0.28510	0.02999	0.03508	0.10084	0.06465	0.01518	0.02591	0.01318	0.00803	0.00962	0.00650	0.00506	0.01834	0.00143	0.02913	0.00337	0.00218	0.00639
10	0.00905	0.00845	0.01419	0.76269	0.05370	0.01042	0.01307	0.01218	0.00966	0.01240	0.00924	0.01451	0.00733	0.00513	0.00486	0.00161	0.00627	0.03768	0.00223	0.00533
11	0.01175	0.11316	0.14882	0.04352	0.05824	0.06811	0.00927	0.05602	0.01121	0.06501	0.03279	0.04819	0.00929	0.00494	0.00415	0.00116	0.00499	0.00393	0.00296	0.30246
12	0.01101	0.15700	0.57615	0.01255	0.01865	0.01249	0.03448	0.04891	0.01068	0.04597	0.00877	0.01007	0.00642	0.00464	0.00458	0.00144	0.02344	0.00352	0.00231	0.00694
13	0.00830	0.00415	0.00623	0.00623	0.00623	0.00415	0.00415	0.00623	0.00623	0.00830	0.00830	0.01453	0.00830	0.01660	0.01868	0.86094	0.00415	0.00415	0.00208	0.00208
14	0.01398	0.01340	0.05879	0.14863	0.29311	0.13934	0.01195	0.14997	0.01326	0.08030	0.01019	0.02756	0.00797	0.00506	0.00470	0.00144	0.00608	0.00426	0.00307	0.00692
15	0.01278	0.83490	0.02505	0.00818	0.01227	0.01891	0.00818	0.01431	0.00971	0.01125	0.00664	0.00767	0.00613	0.00409	0.00307	0.00102	0.00511	0.00256	0.00204	0.00613
16	0.00656	0.00485	0.00612	0.00587	0.00703	0.00441	0.00438	0.00859	0.01293	0.01791	0.65199	0.07430	0.15661	0.01036	0.00566	0.00154	0.00230	0.00909	0.00510	0.00441
17	0.01031	0.01139	0.12805	0.03314	0.08286	0.01021	0.03339	0.01841	0.37920	0.01797	0.16042	0.01970	0.03798	0.00669	0.00529	0.00158	0.02699	0.00569	0.00406	0.00668
18	0.00991	0.00850	0.00991	0.00708	0.01133	0.00637	0.00566	0.01203	0.00991	0.01557	0.00850	0.00991	0.00708	0.00354	0.00354	0.00071	0.00354	0.00283	0.00283	0.86124
19	0.00612	0.00465	0.00564	0.00585	0.00686	0.00417	0.00421	0.00760	0.01134	0.01503	0.32296	0.28645	0.27752	0.01213	0.00579	0.00167	0.00247	0.01064	0.00475	0.00417
20	0.01172	0.01164	0.13350	0.02714	0.13372	0.00844	0.02274	0.04533	0.01101	0.09980	0.00982	0.01107	0.00753	0.00417	0.00412	0.00108	0.00466	0.00350	0.00302	0.44598
21	0.01104	0.01456	0.13802	0.01923	0.02437	0.01195	0.67671	0.01529	0.01111	0.01529	0.00952	0.01250	0.00708	0.00410	0.00549	0.00160	0.00792	0.00534	0.00236	0.00653
22	0.01317	0.69192	0.04176	0.00881	0.01268	0.11705	0.00847	0.01477	0.01014	0.01139	0.00695	0.00815	0.00629	0.00507	0.02547	0.00124	0.00580	0.00271	0.00211	0.00603

[dist]
# distance from previous block
# <min> <max>
2	4

[block]
# block no. 1 follows, 53 sequences, length 12
# corresponding to MSA columns:
# 638-649
name=unknown_B
#
# <colnr> <probs for GDERKNQSTAVLIFYWHMCP>
#	G	D	E	R	K	N	Q	S	T	A	V	L	I	F	Y	W	H	M	C	P
0	0.01350	0.11381	0.06003	0.02585	0.03052	0.31938	0.03266	0.01562	0.03751	0.03191	0.03314	0.01129	0.00828	0.00785	0.06216	0.00190	0.18249	0.00384	0.00256	0.00571
1	0.00978	0.00833	0.01035	0.00755	0.01152	0.00646	0.04349	0.01196	0.00996	0.01557	0.00956	0.03830	0.00821	0.00407	0.00372	0.00082	0.00366	0.00343	0.05147	0.74179
2	0.00641	0.00492	0.00589	0.00580	0.00712	0.00441	0.00445	0.00824	0.01225	0.01622	0.42861	0.04149	0.34487	0.01102	0.00573	0.00161	0.00252	0.07928	0.00485	0.00431
3	0.00666	0.00488	0.00625	0.00591	0.00708	0.00447	0.00443	0.00882	0.01329	0.01859	0.73056	0.03665	0.11458	0.00999	0.00564	0.00151	0.00227	0.00878	0.00519	0.00447
4	0.01678	0.00933	0.03588	0.00894	0.01216	0.00871	0.00754	0.22365	0.01570	0.38626	0.14720	0.02070	0.01732	0.00698	0.00506	0.00152	0.00420	0.05956	0.00527	0.00723
5	0.00565	0.00484	0.00484	0.00484	0.00646	0.00403	0.00363	0.00686	0.01089	0.01291	0.04842	0.04600	0.80027	0.01210	0.00565	0.00161	0.00242	0.01009	0.00444	0.00403
6	0.01843	0.15633	0.01448	0.00917	0.01275	0.01011	0.03681	0.06554	0.01309	0.53038	0.03408	0.01451	0.01095	0.00572	0.00508	0.00143	0.04438	0.00447	0.00482	0.00748
7	0.00739	0.00594	0.00875	0.00843	0.00915	0.00731	0.00666	0.00899	0.00763	0.01116	0.01180	0.01750	0.01108	0.03162	0.69045	0.00682	0.13745	0.00498	0.00249	0.00442
8	0.01601	0.01232	0.01313	0.01056	0.01400	0.01381	0.00856	0.52470	0.28756	0.02664	0.01422	0.01366	0.01035	0.00599	0.00481	0.00150	0.00475	0.00468	0.00481	0.00793
9	0.02901	0.07781	0.51864	0.01225	0.03339	0.01066	0.04133	0.01484	0.01028	0.05161	0.02345	0.01073	0.00725	0.00449	0.00433	0.00136	0.00610	0.00358	0.00242	0.13648
10	0.01139	0.01197	0.10329	0.11888	0.48449	0.01064	0.05042	0.01469	0.02659	0.05773	0.01190	0.01410	0.05265	0.00492	0.00482	0.00148	0.00571	0.00463	0.00266	0.00702
11	0.00703	0.00465	0.00531	0.00531	0.00541	0.00470	0.00308	0.00722	0.00712	0.00974	0.01496	0.03001	0.01686	0.75279	0.06600	0.00464	0.00497	0.00674	0.04040	0.00304

[dist]
# distance from previous block
# <min> <max>
1	29

[block]
# block no. 2 follows, 53 sequences, length 35
# corresponding to MSA columns:
# 679-713
name=unknown_C
#
# <colnr> <probs for GDERKNQSTAVLIFYWHMCP>
#	G	D	E	R	K	N	Q	S	T	A	V	L	I	F	Y	W	H	M	C	P
0	0.01213	0.66971	0.18454	0.00929	0.01398	0.01732	0.01011	0.01448	0.00979	0.01204	0.00704	0.00816	0.00612	0.00418	0.00337	0.00112	0.00551	0.00275	0.00204	0.00632
1	0.01102	0.00624	0.00776	0.00678	0.00872	0.00591	0.00528	0.04557	0.05929	0.19715	0.42328	0.02800	0.07263	0.00824	0.00514	0.00147	0.00289	0.00706	0.09195	0.00563
2	0.00728	0.00561	0.00784	0.00760	0.00813	0.00662	0.00568	0.00846	0.00745	0.01066	0.01264	0.02110	0.01272	0.24172	0.51389	0.00624	0.10426	0.00549	0.00259	0.00402
3	0.06383	0.59043	0.02126	0.00900	0.01270	0.17351	0.00825	0.05041	0.01095	0.01279	0.00701	0.00803	0.00617	0.00435	0.00338	0.00111	0.00572	0.00274	0.00230	0.00605
4	0.00683	0.00512	0.00768	0.00768	0.00853	0.00597	0.00597	0.00853	0.00768	0.01110	0.01280	0.01878	0.01195	0.03585	0.81308	0.00768	0.01280	0.00512	0.00256	0.00427
5	0.00691	0.00473	0.00545	0.00561	0.00578	0.00471	0.00337	0.00741	0.02441	0.01012	0.01760	0.13649	0.03405	0.66430	0.02057	0.00408	0.00432	0.03367	0.00322	0.00320
6	0.00903	0.00850	0.01434	0.82054	0.03292	0.01062	0.01327	0.01221	0.00956	0.01221	0.00850	0.01274	0.00637	0.00478	0.00478	0.00159	0.00637	0.00425	0.00212	0.00531
7	0.05961	0.00832	0.01099	0.00847	0.01214	0.00740	0.00700	0.04322	0.01366	0.74931	0.01811	0.01576	0.01143	0.00584	0.00472	0.00148	0.00408	0.00469	0.00575	0.00800
8	0.00614	0.00485	0.00555	0.00550	0.00686	0.00426	0.00414	0.00776	0.01179	0.01524	0.32370	0.07904	0.45764	0.01142	0.00570	0.00161	0.00245	0.03740	0.00474	0.00422
9	0.00594	0.00436	0.00560	0.00645	0.00700	0.00401	0.00447	0.00698	0.00976	0.01285	0.08106	0.63718	0.13694	0.01416	0.00603	0.00188	0.00276	0.04413	0.00449	0.00397
10	0.01377	0.02942	0.01870	0.04062	0.40566	0.01086	0.14995	0.06564	0.01206	0.16484	0.01123	0.01330	0.00856	0.02754	0.00542	0.00155	0.00575	0.00465	0.00320	0.00730
11	0.01430	0.01192	0.01388	0.10152	0.10101	0.07951	0.02877	0.30491	0.10360	0.05704	0.01382	0.01592	0.04532	0.00622	0.00540	0.00154	0.04341	0.04108	0.00388	0.00694
12	0.35020	0.01290	0.04568	0.04944	0.17506	0.13026	0.11864	0.03761	0.01050	0.01755	0.00796	0.00986	0.00627	0.00447	0.00409	0.00145	0.00574	0.00359	0.00267	0.00606
13	0.00959	0.02472	0.80726	0.01362	0.02069	0.01110	0.01766	0.01514	0.01009	0.01514	0.00858	0.01009	0.00605	0.00454	0.00454	0.00151	0.00706	0.00353	0.00202	0.00706
14	0.01131	0.01083	0.01842	0.02704	0.71337	0.01079	0.03276	0.01405	0.01080	0.01532	0.01147	0.01409	0.05508	0.00560	0.02732	0.00161	0.00574	0.00467	0.00250	0.00724
15	0.01817	0.01339	0.01434	0.01100	0.01482	0.01482	0.00908	0.78627	0.02247	0.03012	0.01148	0.01148	0.00813	0.00574	0.00478	0.00143	0.00526	0.00430	0.00478	0.00813
16	0.01021	0.07036	0.53161	0.03108	0.04042	0.01102	0.10639	0.01476	0.01042	0.03910	0.03749	0.03132	0.00847	0.00490	0.00464	0.00148	0.00653	0.00420	0.00240	0.03320
17	0.00903	0.00850	0.01434	0.82054	0.03292	0.01062	0.01327	0.01221	0.00956	0.01221	0.00850	0.01274	0.00637	0.00478	0.00478	0.00159	0.00637	0.00425	0.00212	0.00531
18	0.05135	0.00799	0.01067	0.00828	0.01180	0.00701	0.00681	0.02213	0.01347	0.73155	0.06351	0.01708	0.01351	0.00608	0.00479	0.00148	0.00395	0.00495	0.00577	0.00782
19	0.00582	0.00416	0.00555	0.00666	0.00693	0.00388	0.00444	0.00666	0.00915	0.01220	0.02634	0.82891	0.03161	0.01497	0.00610	0.00194	0.00277	0.01359	0.00444	0.00388
20	0.06281	0.11084	0.27870	0.02872	0.03798	0.07429	0.06134	0.01614	0.02272	0.14659	0.02112	0.03417	0.00850	0.00540	0.00532	0.00149	0.07019	0.00414	0.00296	0.00658
21	0.00582	0.00419	0.00552	0.00658	0.00691	0.00389	0.00440	0.00666	0.00922	0.01223	0.02723	0.79763	0.06231	0.01486	0.00608	0.00193	0.00276	0.01345	0.00444	0.00389
22	0.01189	0.01027	0.01081	0.00973	0.01243	0.01189	0.00757	0.02540	0.79357	0.01999	0.01945	0.01783	0.01459	0.00648	0.00486	0.00162	0.00378	0.00540	0.00486	0.00757
23	0.02983	0.01408	0.20803	0.03308	0.21260	0.03004	0.06266	0.01853	0.16331	0.16057	0.01267	0.01332	0.00922	0.00508	0.00474	0.00151	0.00556	0.00443	0.00343	0.00733
24	0.01282	0.58392	0.07568	0.00877	0.01272	0.03410	0.00858	0.02821	0.09008	0.05249	0.04581	0.01069	0.00912	0.00477	0.00361	0.00117	0.00501	0.00335	0.00272	0.00639
25	0.01679	0.00682	0.00877	0.00711	0.00987	0.00609	0.00574	0.01878	0.01252	0.51967	0.05428	0.01767	0.01352	0.00599	0.00438	0.00136	0.00340	0.00487	0.27556	0.00680
26	0.02602	0.00590	0.00717	0.00673	0.00843	0.00548	0.00506	0.04229	0.03797	0.16979	0.17052	0.25962	0.21483	0.01070	0.00550	0.00165	0.00300	0.00926	0.00488	0.00518
27	0.02236	0.03483	0.12112	0.16591	0.09118	0.04628	0.04138	0.01251	0.02476	0.06268	0.02666	0.01490	0.00929	0.04179	0.03204	0.20101	0.02199	0.02156	0.00261	0.00515
28	0.00610	0.00516	0.04295	0.00685	0.00742	0.00429	0.00492	0.00708	0.00900	0.01208	0.02452	0.72010	0.02916	0.08678	0.00764	0.00216	0.00314	0.01253	0.00419	0.00394
29	0.01785	0.02278	0.01354	0.01231	0.01478	0.81284	0.00924	0.01909	0.01354	0.01170	0.00739	0.00862	0.00616	0.00493	0.00431	0.00123	0.00862	0.00308	0.00246	0.00554
30	0.01317	0.00868	0.01044	0.00764	0.01173	0.00699	0.00618	0.05714	0.01151	0.20832	0.01118	0.01154	0.00829	0.00424	0.00392	0.00094	0.00376	0.00339	0.00369	0.60726
31	0.04201	0.00819	0.01091	0.00843	0.01202	0.00724	0.00694	0.04365	0.01378	0.73575	0.04679	0.01663	0.01277	0.00601	0.00479	0.00148	0.00402	0.00488	0.00579	0.00793
32	0.01785	0.02278	0.01354	0.01231	0.01478	0.81284	0.00924	0.01909	0.01354	0.01170	0.00739	0.00862	0.00616	0.00493	0.00431	0.00123	0.00862	0.00308	0.00246	0.00554
33	0.00683	0.00512	0.00768	0.00768	0.00853	0.00597	0.00597	0.00853	0.00768	0.01110	0.01280	0.01878	0.01195	0.03585	0.81308	0.00768	0.01280	0.00512	0.00256	0.00427
34	0.01189	0.01027	0.01081	0.00973	0.01243	0.01189	0.00757	0.02540	0.79357	0.01999	0.01945	0.01783	0.01459	0.00648	0.00486	0.00162	0.00378	0.00540	0.00486	0.00757

[dist]
# distance from previous block
# <min> <max>
0	3

[block]
# block no. 3 follows, 53 sequences, length 10
# corresponding to MSA columns:
# 717-726
name=unknown_D
#
# <colnr> <probs for GDERKNQSTAVLIFYWHMCP>
#	G	D	E	R	K	N	Q	S	T	A	V	L	I	F	Y	W	H	M	C	P
0	0.00684	0.00508	0.00749	0.00749	0.00827	0.00587	0.00573	0.00841	0.00762	0.01095	0.01298	0.01977	0.01238	0.09889	0.75063	0.00744	0.01216	0.00527	0.00259	0.00416
1	0.00903	0.00850	0.01434	0.82054	0.03292	0.01062	0.01327	0.01221	0.00956	0.01221	0.00850	0.01274	0.00637	0.00478	0.00478	0.00159	0.00637	0.00425	0.00212	0.00531
2	0.00903	0.00850	0.01434	0.82054	0.03292	0.01062	0.01327	0.01221	0.00956	0.01221	0.00850	0.01274	0.00637	0.00478	0.00478	0.00159	0.00637	0.00425	0.00212	0.00531
3	0.03387	0.40736	0.32395	0.01092	0.01602	0.04576	0.05073	0.01472	0.01015	0.01344	0.02876	0.00965	0.00718	0.00445	0.00388	0.00127	0.00603	0.00327	0.00218	0.00641
4	0.00579	0.00475	0.00510	0.00521	0.00659	0.00407	0.00384	0.00707	0.01094	0.01349	0.12669	0.15054	0.61486	0.01224	0.00571	0.00165	0.00245	0.01040	0.00453	0.00407
5	0.00582	0.00416	0.00555	0.00666	0.00693	0.00388	0.00444	0.00666	0.00915	0.01220	0.02634	0.82891	0.03161	0.01497	0.00610	0.00194	0.00277	0.01359	0.00444	0.00388
6	0.01120	0.01146	0.05708	0.22404	0.46886	0.01144	0.06322	0.04528	0.01091	0.01520	0.00892	0.01199	0.00716	0.00456	0.00510	0.00150	0.02854	0.00431	0.00238	0.00687
7	0.04421	0.01163	0.15062	0.00996	0.01355	0.00951	0.00929	0.04924	0.09344	0.39516	0.03204	0.01467	0.01081	0.00684	0.02709	0.00173	0.10396	0.00457	0.00442	0.00726
8	0.00610	0.00449	0.00609	0.04667	0.00835	0.00432	0.00501	0.00719	0.00950	0.01260	0.05578	0.68915	0.06054	0.01407	0.00603	0.00191	0.00300	0.05084	0.00435	0.00401
9	0.31047	0.05999	0.05884	0.01416	0.21318	0.19037	0.00950	0.01597	0.01058	0.06475	0.00827	0.00964	0.00652	0.00458	0.00392	0.00138	0.00560	0.00331	0.00277	0.00621

[dist]
# distance from previous block
# <min> <max>
0	3

[block]
# block no. 4 follows, 53 sequences, length 15
# corresponding to MSA columns:
# 730,731,733-745
name=unknown_E
#
# <colnr> <probs for GDERKNQSTAVLIFYWHMCP>
#	G	D	E	R	K	N	Q	S	T	A	V	L	I	F	Y	W	H	M	C	P
0	0.01317	0.01055	0.01532	0.01964	0.42725	0.01082	0.01108	0.13573	0.10868	0.09082	0.03696	0.01541	0.04082	0.02064	0.00516	0.00152	0.00492	0.00486	0.01931	0.00734
1	0.01338	0.59656	0.08993	0.01001	0.03702	0.15904	0.00937	0.01524	0.01046	0.01179	0.00701	0.00817	0.00617	0.00428	0.00346	0.00111	0.00592	0.00278	0.00213	0.00615
2	0.00585	0.00420	0.00551	0.00655	0.00686	0.00391	0.00436	0.00667	0.00914	0.01213	0.02674	0.77661	0.05759	0.04087	0.00666	0.00202	0.00282	0.01326	0.00439	0.00386
3	0.03327	0.00980	0.01378	0.18033	0.12041	0.07225	0.07367	0.04795	0.01008	0.02915	0.01102	0.05314	0.02692	0.01139	0.13680	0.04292	0.11403	0.00495	0.00265	0.00547
4	0.02630	0.20372	0.34732	0.01227	0.05292	0.04650	0.04611	0.09060	0.02267	0.03325	0.03365	0.02707	0.00838	0.00494	0.00430	0.00137	0.00601	0.00387	0.00266	0.02610
5	0.00959	0.02472	0.80726	0.01362	0.02069	0.01110	0.01766	0.01514	0.01009	0.01514	0.00858	0.01009	0.00605	0.00454	0.00454	0.00151	0.00706	0.00353	0.00202	0.00706
6	0.00595	0.00428	0.00562	0.00665	0.00702	0.00400	0.00453	0.00685	0.00926	0.01226	0.02690	0.72760	0.06435	0.03998	0.00667	0.00202	0.00290	0.05487	0.00439	0.00389
7	0.03113	0.26717	0.06395	0.02833	0.29055	0.08979	0.03898	0.03729	0.01108	0.05195	0.00955	0.01119	0.02477	0.00516	0.01881	0.00142	0.00588	0.00377	0.00256	0.00669
8	0.00761	0.00559	0.00769	0.00749	0.00840	0.00632	0.00566	0.06281	0.00865	0.01218	0.01348	0.04487	0.01314	0.15877	0.60732	0.00659	0.01068	0.00561	0.00283	0.00431
9	0.00775	0.02068	0.00696	0.00641	0.00814	0.00602	0.00490	0.01155	0.16221	0.04007	0.18177	0.09431	0.39145	0.01048	0.00548	0.00162	0.00283	0.02772	0.00468	0.00497
10	0.09150	0.08505	0.40366	0.01307	0.07027	0.10755	0.03663	0.04067	0.02824	0.05295	0.02264	0.01065	0.00733	0.00474	0.00434	0.00143	0.00636	0.00364	0.00259	0.00670
11	0.03529	0.07580	0.14056	0.10249	0.21830	0.02516	0.01098	0.06183	0.03792	0.04180	0.04354	0.04788	0.06567	0.00697	0.02650	0.02420	0.00539	0.00498	0.01846	0.00628
12	0.00693	0.00513	0.00656	0.00680	0.00793	0.00487	0.00536	0.00913	0.03236	0.01602	0.35681	0.11840	0.14396	0.02809	0.00632	0.00183	0.00304	0.23130	0.00476	0.00440
13	0.00644	0.00553	0.00560	0.00546	0.00721	0.00503	0.00413	0.00920	0.10978	0.01381	0.04476	0.04244	0.70100	0.01139	0.00555	0.00161	0.00259	0.00950	0.00449	0.00448
14	0.07883	0.02427	0.18035	0.07056	0.23015	0.05936	0.02694	0.05504	0.04433	0.02918	0.03026	0.10963	0.01102	0.00610	0.00495	0.00153	0.02295	0.00519	0.00293	0.00643

[dist]
# distance from previous block
# <min> <max>
1	68

[block]
# block no. 5 follows, 53 sequences, length 34
# corresponding to MSA columns:
# 815-848
name=unknown_F
#
# <colnr> <probs for GDERKNQSTAVLIFYWHMCP>
#	G	D	E	R	K	N	Q	S	T	A	V	L	I	F	Y	W	H	M	C	P
0	0.01580	0.01838	0.02937	0.01272	0.03702	0.49679	0.05574	0.11424	0.03555	0.01454	0.00876	0.01071	0.00726	0.02869	0.03343	0.00168	0.06685	0.00375	0.00280	0.00593
1	0.02691	0.01024	0.03268	0.00889	0.01259	0.00948	0.02062	0.25757	0.04767	0.09224	0.01194	0.01410	0.00944	0.03459	0.00502	0.00131	0.00436	0.03529	0.02487	0.34020
2	0.01183	0.01136	0.01940	0.02934	0.80221	0.01136	0.01467	0.01467	0.01088	0.01562	0.00899	0.01183	0.00757	0.00426	0.00473	0.00142	0.00568	0.00426	0.00237	0.00757
3	0.01766	0.02213	0.01347	0.01219	0.01470	0.76640	0.00917	0.03768	0.04037	0.01242	0.00790	0.00900	0.00649	0.00500	0.00434	0.00125	0.00837	0.00319	0.00260	0.00567
4	0.00683	0.00512	0.00768	0.00768	0.00853	0.00597	0.00597	0.00853	0.00768	0.01110	0.01280	0.01878	0.01195	0.03585	0.81308	0.00768	0.01280	0.00512	0.00256	0.00427
5	0.01128	0.01289	0.02820	0.02015	0.02498	0.01209	0.78485	0.01531	0.01128	0.01531	0.00967	0.01289	0.00725	0.00403	0.00564	0.00161	0.00806	0.00564	0.00242	0.00645
6	0.00670	0.00490	0.00630	0.00600	0.00716	0.00450	0.00453	0.00887	0.01325	0.01854	0.71897	0.03701	0.10468	0.01005	0.00566	0.00153	0.00233	0.02938	0.00517	0.00447
7	0.00830	0.00415	0.00623	0.00623	0.00623	0.00415	0.00415	0.00623	0.00623	0.00830	0.00830	0.01453	0.00830	0.01660	0.01868	0.86094	0.00415	0.00415	0.00208	0.00208
8	0.01028	0.01020	0.01430	0.01231	0.01235	0.01422	0.01024	0.01136	0.00734	0.01148	0.00659	0.01086	0.00655	0.00969	0.05422	0.00236	0.78411	0.00423	0.00211	0.00518
9	0.01046	0.01046	0.01464	0.01255	0.01255	0.01464	0.01046	0.01150	0.00732	0.01150	0.00627	0.01046	0.00627	0.00837	0.01569	0.00209	0.82328	0.00418	0.00209	0.00523
10	0.00903	0.00850	0.01434	0.82054	0.03292	0.01062	0.01327	0.01221	0.00956	0.01221	0.00850	0.01274	0.00637	0.00478	0.00478	0.00159	0.00637	0.00425	0.00212	0.00531
11	0.01023	0.00978	0.01678	0.47589	0.34697	0.01096	0.03450	0.01330	0.01015	0.01369	0.00873	0.01237	0.00689	0.00455	0.00478	0.00152	0.00613	0.00429	0.00223	0.00626
12	0.00725	0.00499	0.00643	0.00611	0.00733	0.00456	0.00459	0.00932	0.01302	0.05104	0.64739	0.08140	0.10475	0.01016	0.00565	0.00155	0.00241	0.02230	0.00516	0.00458
13	0.00570	0.00465	0.00504	0.00536	0.00659	0.00399	0.00386	0.00680	0.01040	0.01271	0.04213	0.26913	0.58120	0.01292	0.00578	0.00171	0.00252	0.01108	0.00444	0.00399
14	0.00667	0.00488	0.00626	0.00591	0.00708	0.00447	0.00443	0.00883	0.01330	0.01863	0.73467	0.03659	0.11045	0.00997	0.00564	0.00151	0.00227	0.00877	0.00519	0.00447
15	0.00959	0.02472	0.80726	0.01362	0.02069	0.01110	0.01766	0.01514	0.01009	0.01514	0.00858	0.01009	0.00605	0.00454	0.00454	0.00151	0.00706	0.00353	0.00202	0.00706
16	0.00825	0.00491	0.02871	0.00680	0.00715	0.00454	0.00503	0.00699	0.00701	0.00934	0.01071	0.01997	0.01095	0.01579	0.01658	0.71567	0.00427	0.11238	0.00240	0.00254
17	0.00614	0.00447	0.00610	0.00741	0.02915	0.00421	0.00494	0.00715	0.00943	0.01261	0.04426	0.73453	0.03099	0.01443	0.00609	0.00193	0.00295	0.06478	0.00440	0.00403
18	0.01329	0.03005	0.02264	0.03797	0.08486	0.25551	0.45411	0.01631	0.01187	0.01409	0.00884	0.01141	0.00690	0.00434	0.00510	0.00147	0.00794	0.00466	0.00241	0.00623
19	0.01294	0.78333	0.02434	0.00844	0.01238	0.05223	0.00827	0.01445	0.00982	0.01127	0.00667	0.00777	0.00614	0.00421	0.00339	0.00105	0.02253	0.00261	0.00206	0.00609
20	0.07667	0.00884	0.01018	0.00757	0.01156	0.00749	0.00612	0.05991	0.03786	0.14656	0.01060	0.01115	0.00803	0.00423	0.00382	0.00097	0.00375	0.00331	0.00353	0.57785
21	0.04194	0.01309	0.01363	0.01067	0.01432	0.04606	0.00874	0.62784	0.08233	0.07442	0.01225	0.01204	0.00870	0.00574	0.00472	0.00144	0.00516	0.00432	0.00471	0.00790
22	0.08792	0.03563	0.12827	0.02764	0.27442	0.04243	0.07053	0.04000	0.01056	0.02924	0.01158	0.11963	0.01082	0.01816	0.03773	0.00183	0.02771	0.01681	0.00282	0.00628
23	0.00968	0.04756	0.78521	0.01347	0.02045	0.01132	0.01739	0.01511	0.01008	0.01503	0.00852	0.01002	0.00606	0.00453	0.00450	0.00150	0.00701	0.00350	0.00202	0.00704
24	0.00673	0.00532	0.00697	0.00871	0.07007	0.02737	0.00554	0.00779	0.00950	0.01256	0.02439	0.70427	0.02880	0.01376	0.00597	0.00189	0.00324	0.04868	0.00422	0.00424
25	0.01229	0.10502	0.31429	0.01204	0.07219	0.02972	0.02369	0.04863	0.01110	0.15524	0.03009	0.03003	0.00967	0.02508	0.09803	0.00222	0.00660	0.00434	0.00308	0.00666
26	0.00631	0.00437	0.00540	0.00603	0.00619	0.00421	0.00377	0.00678	0.00819	0.01093	0.02144	0.48225	0.02543	0.37007	0.01402	0.00311	0.00358	0.01070	0.00377	0.00345
27	0.01142	0.00983	0.01037	0.00937	0.01197	0.01127	0.00727	0.02396	0.73054	0.01960	0.04314	0.01981	0.05648	0.00687	0.00493	0.00162	0.00367	0.00574	0.00485	0.00729
28	0.09180	0.01968	0.52231	0.01316	0.05788	0.02692	0.03334	0.04253	0.01083	0.10764	0.00967	0.01077	0.00683	0.00479	0.00468	0.00151	0.02227	0.00371	0.00269	0.00699
29	0.03377	0.11523	0.03519	0.05412	0.06957	0.11225	0.00851	0.09896	0.16825	0.06858	0.05585	0.01822	0.05539	0.02706	0.01596	0.00162	0.00512	0.04628	0.00371	0.00635
30	0.00995	0.00578	0.00695	0.00624	0.00824	0.00508	0.00487	0.01186	0.02803	0.20675	0.23326	0.03580	0.37767	0.00992	0.00545	0.00157	0.00286	0.02947	0.00502	0.00523
31	0.00582	0.00416	0.00555	0.00666	0.00693	0.00388	0.00444	0.00666	0.00915	0.01220	0.02634	0.82891	0.03161	0.01497	0.00610	0.00194	0.00277	0.01359	0.00444	0.00388
32	0.04730	0.07788	0.12872	0.03736	0.13361	0.03717	0.00943	0.08114	0.01192	0.13838	0.04418	0.08248	0.04819	0.00642	0.00459	0.00145	0.00474	0.01688	0.08179	0.00636
33	0.02436	0.01104	0.03649	0.04570	0.34689	0.04247	0.16372	0.02944	0.03427	0.01534	0.03657	0.04929	0.03286	0.02627	0.00586	0.00165	0.02519	0.06330	0.00288	0.00641

[dist]
# distance from previous block
# <min> <max>
0	2

[block]
# block no. 6 follows, 53 sequences, length 50
# corresponding to MSA columns:
# 851-860,870-878,880,881,884-912
name=unknown_G
#
# <colnr> <probs for GDERKNQSTAVLIFYWHMCP>
#	G	D	E	R	K	N	Q	S	T	A	V	L	I	F	Y	W	H	M	C	P
0	0.01278	0.83490	0.02505	0.00818	0.01227	0.01891	0.00818	0.01431	0.00971	0.01125	0.00664	0.00767	0.00613	0.00409	0.00307	0.00102	0.00511	0.00256	0.00204	0.00613
1	0.01847	0.03744	0.06196	0.00894	0.01291	0.03502	0.00778	0.07962	0.01348	0.53600	0.01545	0.01411	0.01016	0.00540	0.00454	0.00135	0.00446	0.00429	0.00492	0.12370
2	0.01183	0.01136	0.01940	0.02934	0.80221	0.01136	0.01467	0.01467	0.01088	0.01562	0.00899	0.01183	0.00757	0.00426	0.00473	0.00142	0.00568	0.00426	0.00237	0.00757
3	0.01785	0.02278	0.01354	0.01231	0.01478	0.81284	0.00924	0.01909	0.01354	0.01170	0.00739	0.00862	0.00616	0.00493	0.00431	0.00123	0.00862	0.00308	0.00246	0.00554
4	0.00683	0.00512	0.00768	0.00768	0.00853	0.00597	0.00597	0.00853	0.00768	0.01110	0.01280	0.01878	0.01195	0.03585	0.81308	0.00768	0.01280	0.00512	0.00256	0.00427
5	0.01046	0.01046	0.01464	0.01255	0.01255	0.01464	0.01046	0.01150	0.00732	0.01150	0.00627	0.01046	0.00627	0.00837	0.01569	0.00209	0.82328	0.00418	0.00209	0.00523
6	0.02025	0.00827	0.01098	0.00855	0.01210	0.00741	0.00702	0.03788	0.06545	0.71170	0.04524	0.01694	0.01307	0.00608	0.00484	0.00149	0.00401	0.00497	0.00580	0.00797
7	0.00830	0.00415	0.00623	0.00623	0.00623	0.00415	0.00415	0.00623	0.00623	0.00830	0.00830	0.01453	0.00830	0.01660	0.01868	0.86094	0.00415	0.00415	0.00208	0.00208
8	0.01128	0.01289	0.02820	0.02015	0.02498	0.01209	0.78485	0.01531	0.01128	0.01531	0.00967	0.01289	0.00725	0.00403	0.00564	0.00161	0.00806	0.00564	0.00242	0.00645
9	0.01012	0.00995	0.01398	0.01209	0.01217	0.01382	0.01003	0.01122	0.00735	0.01146	0.00689	0.01124	0.00681	0.01095	0.09077	0.00262	0.74696	0.00427	0.00214	0.00514
10	0.00903	0.00850	0.01434	0.82054	0.03292	0.01062	0.01327	0.01221	0.00956	0.01221	0.00850	0.01274	0.00637	0.00478	0.00478	0.00159	0.00637	0.00425	0.00212	0.00531
11	0.01128	0.01289	0.02820	0.02015	0.02498	0.01209	0.78485	0.01531	0.01128	0.01531	0.00967	0.01289	0.00725	0.00403	0.00564	0.00161	0.00806	0.00564	0.00242	0.00645
12	0.00830	0.00415	0.00623	0.00623	0.00623	0.00415	0.00415	0.00623	0.00623	0.00830	0.00830	0.01453	0.00830	0.01660	0.01868	0.86094	0.00415	0.00415	0.00208	0.00208
13	0.01366	0.00642	0.00807	0.00682	0.00912	0.00591	0.00541	0.03026	0.03050	0.34599	0.19692	0.02274	0.06440	0.00763	0.01966	0.00152	0.00330	0.00591	0.20966	0.00611
14	0.00580	0.00486	0.00506	0.00514	0.00667	0.00412	0.00390	0.00709	0.01094	0.01318	0.07178	0.06605	0.71444	0.01216	0.00571	0.00165	0.00253	0.05039	0.00446	0.00407
15	0.01219	0.01155	0.03346	0.10484	0.44926	0.01154	0.14566	0.07105	0.05542	0.04294	0.01014	0.01253	0.00794	0.00456	0.00490	0.00149	0.00599	0.00457	0.00278	0.00720
16	0.01259	0.01071	0.03057	0.00981	0.01253	0.02925	0.00783	0.05290	0.62323	0.06878	0.01794	0.01727	0.01356	0.03368	0.00588	0.00171	0.03459	0.00523	0.00464	0.00732
17	0.00693	0.00470	0.00553	0.00553	0.00564	0.00481	0.00329	0.00715	0.00704	0.00950	0.01477	0.02967	0.01668	0.72959	0.12581	0.00503	0.00568	0.00672	0.00285	0.00307
18	0.16138	0.08996	0.02978	0.03356	0.10644	0.47588	0.00935	0.01704	0.01180	0.01387	0.00744	0.00890	0.00616	0.00468	0.00404	0.00129	0.00704	0.00313	0.00248	0.00579
19	0.00589	0.00421	0.00563	0.00673	0.00704	0.00394	0.00456	0.00677	0.00922	0.01228	0.02631	0.80042	0.03146	0.01491	0.00612	0.00195	0.00283	0.04139	0.00444	0.00390
20	0.00692	0.00486	0.00645	0.00645	0.00687	0.00528	0.00444	0.00771	0.00729	0.01014	0.01378	0.02471	0.01448	0.42004	0.41246	0.02719	0.00864	0.00598	0.00271	0.00355
21	0.01191	0.55674	0.25727	0.01014	0.01513	0.01634	0.02958	0.03133	0.01014	0.01291	0.00740	0.00859	0.00618	0.00426	0.00360	0.00119	0.00577	0.00296	0.00211	0.00646
22	0.10962	0.13292	0.01625	0.03026	0.21738	0.27996	0.04032	0.03719	0.01144	0.01441	0.00853	0.03718	0.00745	0.00543	0.01657	0.00144	0.02115	0.00381	0.00255	0.00613
23	0.00959	0.02472	0.80726	0.01362	0.02069	0.01110	0.01766	0.01514	0.01009	0.01514	0.00858	0.01009	0.00605	0.00454	0.00454	0.00151	0.00706	0.00353	0.00202	0.00706
24	0.00603	0.00430	0.00578	0.00689	0.00725	0.00406	0.00479	0.00700	0.00935	0.01243	0.02623	0.74556	0.03117	0.01478	0.00615	0.00197	0.00295	0.09494	0.00443	0.00394
25	0.01184	0.08336	0.43264	0.03874	0.03647	0.03733	0.04739	0.06206	0.02509	0.09389	0.02735	0.03023	0.00845	0.00525	0.00504	0.00150	0.03961	0.00415	0.00280	0.00685
26	0.00687	0.00495	0.00680	0.00680	0.00734	0.00549	0.00487	0.00797	0.00742	0.01044	0.01361	0.02326	0.01390	0.32149	0.53010	0.00659	0.00987	0.00578	0.00268	0.00378
27	0.00782	0.00541	0.00679	0.00628	0.00770	0.00509	0.00477	0.01068	0.06389	0.06306	0.63328	0.03443	0.11329	0.00956	0.00554	0.00152	0.00247	0.00835	0.00519	0.00487
28	0.01189	0.48911	0.31325	0.01043	0.01552	0.06158	0.01174	0.01489	0.01007	0.01271	0.00740	0.00862	0.00611	0.00430	0.00368	0.00122	0.00603	0.00295	0.00206	0.00644
29	0.03332	0.04049	0.08579	0.24859	0.06188	0.10677	0.13607	0.07364	0.03314	0.01483	0.01014	0.02721	0.02463	0.00591	0.02143	0.00166	0.06134	0.00452	0.00261	0.00602
30	0.00588	0.00420	0.00561	0.00672	0.00702	0.00393	0.00453	0.00675	0.00920	0.01226	0.02631	0.80721	0.03150	0.01492	0.00611	0.00195	0.00282	0.03476	0.00444	0.00390
31	0.00575	0.00446	0.00523	0.00585	0.00672	0.00395	0.00408	0.00675	0.00992	0.01252	0.03614	0.48131	0.37288	0.01370	0.00590	0.00180	0.00262	0.01203	0.00444	0.00395
32	0.03796	0.09517	0.08737	0.03560	0.06641	0.10155	0.02704	0.19768	0.09725	0.09038	0.02757	0.04145	0.03773	0.00597	0.00460	0.00144	0.00531	0.01531	0.01744	0.00678
33	0.01131	0.17711	0.42712	0.01417	0.10847	0.04349	0.04502	0.01571	0.04517	0.04083	0.00938	0.01123	0.00726	0.00471	0.00438	0.00142	0.00633	0.01764	0.00240	0.00687
34	0.01297	0.80505	0.02462	0.00833	0.01236	0.04810	0.00822	0.01449	0.00985	0.01126	0.00667	0.00770	0.00613	0.00412	0.00311	0.00103	0.00524	0.00257	0.00206	0.00611
35	0.00672	0.00540	0.00727	0.00665	0.00817	0.00487	0.05171	0.00873	0.01234	0.01651	0.44809	0.03897	0.29736	0.01043	0.00570	0.00159	0.00280	0.05749	0.00476	0.00446
36	0.00911	0.00850	0.01423	0.76838	0.04949	0.01057	0.01302	0.01223	0.00956	0.01241	0.00863	0.01280	0.00654	0.00485	0.00495	0.00159	0.02133	0.00425	0.02223	0.00534
37	0.01785	0.02278	0.01354	0.01231	0.01478	0.81284	0.00924	0.01909	0.01354	0.01170	0.00739	0.00862	0.00616	0.00493	0.00431	0.00123	0.00862	0.00308	0.00246	0.00554
38	0.01785	0.02278	0.01354	0.01231	0.01478	0.81284	0.00924	0.01909	0.01354	0.01170	0.00739	0.00862	0.00616	0.00493	0.00431	0.00123	0.00862	0.00308	0.00246	0.00554
39	0.01817	0.01339	0.01434	0.01100	0.01482	0.01482	0.00908	0.78627	0.02247	0.03012	0.01148	0.01148	0.00813	0.00574	0.00478	0.00143	0.00526	0.00430	0.00478	0.00813
40	0.02144	0.00813	0.01109	0.00850	0.01220	0.00702	0.00702	0.02329	0.01368	0.80552	0.01886	0.01627	0.01183	0.00592	0.00481	0.00148	0.00407	0.00481	0.00592	0.00813
41	0.00830	0.00415	0.00623	0.00623	0.00623	0.00415	0.00415	0.00623	0.00623	0.00830	0.00830	0.01453	0.00830	0.01660	0.01868	0.86094	0.00415	0.00415	0.00208	0.00208
42	0.01785	0.02278	0.01354	0.01231	0.01478	0.81284	0.00924	0.01909	0.01354	0.01170	0.00739	0.00862	0.00616	0.00493	0.00431	0.00123	0.00862	0.00308	0.00246	0.00554
43	0.01117	0.01365	0.07787	0.01973	0.02471	0.01202	0.73594	0.01530	0.01121	0.01530	0.00960	0.01271	0.00718	0.00406	0.00557	0.00161	0.00799	0.00551	0.00239	0.00649
44	0.00903	0.00850	0.01434	0.82054	0.03292	0.01062	0.01327	0.01221	0.00956	0.01221	0.00850	0.01274	0.00637	0.00478	0.00478	0.00159	0.00637	0.00425	0.00212	0.00531
45	0.00694	0.00511	0.00717	0.00712	0.00772	0.00581	0.00524	0.00817	0.00747	0.01061	0.01327	0.02198	0.01329	0.25135	0.58093	0.00673	0.02893	0.00560	0.00264	0.00392
46	0.00695	0.00465	0.00529	0.00529	0.00532	0.00468	0.00300	0.00700	0.00697	0.00933	0.01499	0.03087	0.01720	0.80572	0.05039	0.00473	0.00490	0.00689	0.00289	0.00294
47	0.00674	0.00488	0.00635	0.00598	0.00712	0.00450	0.00449	0.00896	0.01346	0.01900	0.77990	0.03597	0.06499	0.00983	0.00564	0.00151	0.00226	0.00868	0.00524	0.00450
48	0.00604	0.00464	0.00555	0.00592	0.00693	0.00415	0.00430	0.00737	0.01081	0.01400	0.19257	0.32489	0.33316	0.01271	0.00585	0.00174	0.00261	0.04805	0.00460	0.00409
49	0.01554	0.01668	0.01503	0.01676	0.24646	0.38052	0.01059	0.16538	0.01435	0.01650	0.01035	0.01221	0.03393	0.00528	0.00461	0.00136	0.00682	0.01809	0.00298	0.00657

[dist]
# distance from previous block
# <min> <max>
0	1

[block]
# block no. 7 follows, 53 sequences, length 35
# corresponding to MSA columns:
# 914-919,921-949
name=unknown_H
#
# <colnr> <probs for GDERKNQSTAVLIFYWHMCP>
#	G	D	E	R	K	N	Q	S	T	A	V	L	I	F	Y	W	H	M	C	P
0	0.01140	0.01061	0.01235	0.01091	0.01249	0.03662	0.00877	0.01931	0.43890	0.01623	0.01397	0.01543	0.01131	0.00734	0.00921	0.00181	0.33106	0.02210	0.00368	0.00650
1	0.04126	0.00844	0.00926	0.00856	0.01059	0.00939	0.01864	0.04075	0.47303	0.01746	0.02089	0.16496	0.05745	0.08890	0.00697	0.00196	0.00372	0.00713	0.00446	0.00618
2	0.58019	0.01058	0.03204	0.01225	0.17758	0.02811	0.03957	0.01428	0.00898	0.01924	0.00732	0.00900	0.00585	0.00453	0.00396	0.00149	0.03334	0.00316	0.00275	0.00579
3	0.00704	0.00453	0.00538	0.00547	0.00549	0.00451	0.00319	0.00683	0.00703	0.00937	0.01505	0.09370	0.01729	0.65443	0.02208	0.12130	0.00442	0.00711	0.00291	0.00286
4	0.01225	0.04791	0.22958	0.01178	0.05248	0.01224	0.01086	0.15384	0.35517	0.01985	0.03550	0.01441	0.01130	0.00571	0.00470	0.00152	0.00504	0.00462	0.00385	0.00739
5	0.01172	0.18042	0.09059	0.03950	0.03263	0.02249	0.14797	0.03125	0.02583	0.06040	0.00920	0.01068	0.00724	0.00415	0.00412	0.00114	0.00529	0.00362	0.00274	0.30902
6	0.01113	0.18163	0.37455	0.01148	0.01610	0.10733	0.02944	0.04460	0.01076	0.01408	0.01052	0.10569	0.00960	0.00604	0.00483	0.00146	0.03195	0.02001	0.00253	0.00624
7	0.00801	0.00668	0.00709	0.02184	0.00841	0.07553	0.00507	0.01022	0.03019	0.03510	0.53136	0.06281	0.16024	0.00966	0.00549	0.00152	0.00301	0.00833	0.00480	0.00467
8	0.00616	0.00466	0.00553	0.00570	0.00678	0.00416	0.00413	0.00764	0.01127	0.01492	0.28806	0.25095	0.32372	0.01191	0.00570	0.00165	0.00245	0.01038	0.03007	0.00416
9	0.01209	0.30103	0.14813	0.01494	0.07137	0.05384	0.28253	0.03624	0.01094	0.01412	0.00834	0.01031	0.00667	0.00424	0.00442	0.00135	0.00667	0.00398	0.00229	0.00651
10	0.01021	0.00981	0.01599	0.55888	0.16025	0.03411	0.06779	0.04070	0.01051	0.01368	0.00914	0.01341	0.00719	0.00488	0.00486	0.00156	0.00635	0.02247	0.00234	0.00586
11	0.00959	0.02472	0.80726	0.01362	0.02069	0.01110	0.01766	0.01514	0.01009	0.01514	0.00858	0.01009	0.00605	0.00454	0.00454	0.00151	0.00706	0.00353	0.00202	0.00706
12	0.00614	0.00482	0.00557	0.00568	0.00688	0.00431	0.00414	0.00783	0.02794	0.01470	0.25863	0.21292	0.39942	0.01194	0.00573	0.00165	0.00248	0.01034	0.00468	0.00421
13	0.01219	0.29733	0.09895	0.01023	0.02672	0.09876	0.07488	0.02738	0.02501	0.04979	0.02354	0.03024	0.02508	0.00545	0.00459	0.00132	0.04288	0.02021	0.11951	0.00594
14	0.00686	0.00499	0.00699	0.00699	0.00761	0.00560	0.00512	0.00809	0.00748	0.01059	0.01343	0.02226	0.01346	0.25796	0.59304	0.00683	0.01052	0.00563	0.00265	0.00388
15	0.01426	0.00924	0.01058	0.00903	0.01189	0.00987	0.00715	0.06993	0.44130	0.23381	0.11166	0.01914	0.01707	0.00668	0.00494	0.00156	0.00377	0.00556	0.00519	0.00739
16	0.00672	0.00466	0.00621	0.00706	0.00775	0.00442	0.00521	0.00797	0.00985	0.03578	0.04203	0.53487	0.08747	0.01475	0.03454	0.00215	0.00348	0.17650	0.00442	0.00415
17	0.05707	0.09512	0.27268	0.03791	0.11364	0.22925	0.01214	0.03025	0.03967	0.02684	0.00886	0.01077	0.00707	0.03311	0.00499	0.00149	0.00665	0.00360	0.00248	0.00639
18	0.01111	0.01081	0.01722	0.27232	0.48229	0.03970	0.01370	0.01414	0.02703	0.01432	0.00887	0.01206	0.00724	0.00468	0.00525	0.00150	0.04449	0.00423	0.00233	0.00669
19	0.00570	0.00481	0.00494	0.00498	0.00651	0.00404	0.00371	0.00693	0.01089	0.01310	0.07455	0.08898	0.73021	0.01218	0.00567	0.00163	0.00243	0.01023	0.00447	0.00404
20	0.04215	0.05615	0.14562	0.26891	0.21197	0.03485	0.02359	0.05243	0.01086	0.03853	0.01007	0.04558	0.00839	0.00527	0.00467	0.00151	0.00592	0.02459	0.00261	0.00635
21	0.00772	0.04735	0.06204	0.00743	0.00907	0.02404	0.03298	0.00994	0.06142	0.02679	0.07782	0.30130	0.17745	0.12302	0.00806	0.00208	0.00373	0.00923	0.00394	0.00459
22	0.00821	0.00603	0.03043	0.00642	0.00812	0.00520	0.00510	0.02320	0.03628	0.08596	0.49696	0.05260	0.19768	0.00973	0.00551	0.00154	0.00270	0.00841	0.00501	0.00494
23	0.01145	0.01065	0.01598	0.02185	0.51997	0.02844	0.01174	0.03150	0.10441	0.01639	0.04716	0.04211	0.01090	0.00512	0.00469	0.00138	0.00501	0.00474	0.00298	0.10353
24	0.19907	0.05136	0.09683	0.01110	0.04125	0.38387	0.00910	0.03327	0.01157	0.04238	0.00854	0.03177	0.00706	0.00517	0.00440	0.00137	0.03099	0.00348	0.02166	0.00579
25	0.01785	0.02278	0.01354	0.01231	0.01478	0.81284	0.00924	0.01909	0.01354	0.01170	0.00739	0.00862	0.00616	0.00493	0.00431	0.00123	0.00862	0.00308	0.00246	0.00554
26	0.00959	0.02472	0.80726	0.01362	0.02069	0.01110	0.01766	0.01514	0.01009	0.01514	0.00858	0.01009	0.00605	0.00454	0.00454	0.00151	0.00706	0.00353	0.00202	0.00706
27	0.01817	0.01339	0.01434	0.01100	0.01482	0.01482	0.00908	0.78627	0.02247	0.03012	0.01148	0.01148	0.00813	0.00574	0.00478	0.00143	0.00526	0.00430	0.00478	0.00813
28	0.02021	0.00880	0.01140	0.00870	0.01245	0.00792	0.00718	0.11473	0.01447	0.65459	0.01721	0.01523	0.01104	0.00572	0.00471	0.00142	0.00417	0.00460	0.00556	0.06988
29	0.00830	0.00415	0.00623	0.00623	0.00623	0.00415	0.00415	0.00623	0.00623	0.00830	0.00830	0.01453	0.00830	0.01660	0.01868	0.86094	0.00415	0.00415	0.00208	0.00208
30	0.01787	0.02235	0.01358	0.01225	0.01478	0.77641	0.00923	0.05410	0.01395	0.01254	0.00757	0.00875	0.00625	0.00496	0.00433	0.00124	0.00847	0.00313	0.00257	0.00566
31	0.00685	0.00504	0.00725	0.00725	0.00796	0.00574	0.00544	0.00826	0.00755	0.01078	0.01320	0.02096	0.01290	0.17477	0.67546	0.00715	0.01138	0.00544	0.00262	0.00403
32	0.00582	0.00416	0.00555	0.00666	0.00693	0.00388	0.00444	0.00666	0.00915	0.01220	0.02634	0.82891	0.03161	0.01497	0.00610	0.00194	0.00277	0.01359	0.00444	0.00388
33	0.03524	0.00891	0.01484	0.60119	0.16352	0.01046	0.02766	0.01258	0.00999	0.01350	0.05013	0.01364	0.00860	0.00493	0.00478	0.00156	0.00599	0.00446	0.00236	0.00568
34	0.86579	0.00924	0.00702	0.00629	0.00924	0.01072	0.00518	0.01405	0.00813	0.02144	0.00666	0.00776	0.00518	0.00444	0.00296	0.00148	0.00370	0.00259	0.00296	0.00518

[dist]
# distance from previous block
# <min> <max>
7	11

[block]
# block no. 8 follows, 53 sequences, length 19
# corresponding to MSA columns:
# 964-982
name=unknown_I
#
# <colnr> <probs for GDERKNQSTAVLIFYWHMCP>
#	G	D	E	R	K	N	Q	S	T	A	V	L	I	F	Y	W	H	M	C	P
0	0.53283	0.05615	0.01029	0.00890	0.05383	0.06837	0.02306	0.05946	0.04449	0.05028	0.00916	0.04841	0.00758	0.00516	0.00363	0.00146	0.00439	0.00361	0.00320	0.00574
1	0.00672	0.00500	0.00632	0.02837	0.00815	0.00481	0.00498	0.05034	0.01052	0.01383	0.07564	0.55952	0.14320	0.01336	0.00592	0.00184	0.00300	0.04979	0.00444	0.00424
2	0.18991	0.11260	0.01316	0.00928	0.01262	0.11716	0.00767	0.29369	0.05044	0.07422	0.03191	0.01123	0.00863	0.00526	0.00411	0.00136	0.00503	0.00375	0.01850	0.02947
3	0.14296	0.01008	0.03105	0.09094	0.08407	0.04130	0.12222	0.10174	0.01108	0.01674	0.05355	0.01425	0.01012	0.02301	0.15809	0.00273	0.05005	0.00459	0.02570	0.00572
4	0.01379	0.04193	0.04816	0.01071	0.01264	0.46606	0.00840	0.01507	0.01104	0.01138	0.00903	0.01336	0.00848	0.13657	0.08859	0.00249	0.09076	0.00400	0.00247	0.00506
5	0.03121	0.03613	0.19336	0.03434	0.10937	0.04033	0.06755	0.03297	0.03165	0.12881	0.03404	0.01224	0.00883	0.00466	0.00441	0.00128	0.00532	0.00396	0.00312	0.21642
6	0.03421	0.08999	0.18237	0.01605	0.27081	0.03521	0.01144	0.03467	0.03917	0.03665	0.13503	0.01583	0.01377	0.04301	0.00572	0.00158	0.02027	0.00474	0.00301	0.00649
7	0.00659	0.00488	0.00615	0.00583	0.00703	0.00444	0.00437	0.00868	0.01311	0.01818	0.68138	0.03732	0.16402	0.01014	0.00564	0.00152	0.00228	0.00887	0.00513	0.00444
8	0.00873	0.00755	0.04852	0.16887	0.01401	0.00736	0.00756	0.03687	0.12170	0.03830	0.13466	0.21308	0.07378	0.00912	0.00528	0.00166	0.00390	0.04239	0.05141	0.00526
9	0.01300	0.08192	0.13318	0.04362	0.17044	0.02445	0.09559	0.19954	0.05083	0.04505	0.01142	0.03183	0.02722	0.00544	0.00526	0.00149	0.04494	0.00458	0.00319	0.00701
10	0.00815	0.00629	0.00854	0.01064	0.17624	0.00626	0.00581	0.02552	0.00872	0.01180	0.04016	0.05117	0.05998	0.52123	0.01711	0.00347	0.00462	0.02705	0.00307	0.00419
11	0.00991	0.00520	0.00547	0.00515	0.00656	0.00523	0.00394	0.04554	0.03134	0.05788	0.05387	0.01834	0.01371	0.00582	0.00363	0.00118	0.00249	0.00469	0.71515	0.00488
12	0.01000	0.05765	0.59654	0.01536	0.11409	0.01141	0.05718	0.01474	0.01019	0.01489	0.00964	0.01134	0.02816	0.00475	0.00483	0.00150	0.02475	0.00388	0.00215	0.00693
13	0.01154	0.25457	0.45246	0.01276	0.05750	0.05654	0.03231	0.01540	0.01037	0.04330	0.00839	0.00970	0.00640	0.00446	0.00415	0.00135	0.00643	0.00336	0.00222	0.00677
14	0.00614	0.00432	0.00573	0.00673	0.00705	0.00410	0.00461	0.00696	0.00908	0.01207	0.02493	0.67609	0.02956	0.07851	0.00787	0.02322	0.00310	0.08186	0.00426	0.00381
15	0.00683	0.00510	0.00757	0.00757	0.00839	0.00592	0.00584	0.00847	0.00765	0.01102	0.01290	0.01933	0.01219	0.07080	0.77846	0.00755	0.01244	0.00520	0.00258	0.00421
16	0.05308	0.06309	0.09990	0.04372	0.16045	0.21083	0.04769	0.05731	0.06571	0.10732	0.01090	0.01292	0.00852	0.00520	0.00456	0.00143	0.00619	0.03137	0.00314	0.00666
