[name]
unknown

[dist]
# distance from previous block
# <min> <max>
0	503

[block]
# block no. 0 follows, 63 sequences, length 29
# corresponding to MSA columns:
# 506-524,526-535
name=unknown_A
#
# <colnr> <probs for GDERKNQSTAVLIFYWHMCP>
#	G	D	E	R	K	N	Q	S	T	A	V	L	I	F	Y	W	H	M	C	P
0	0.01207	0.31858	0.02664	0.00886	0.01144	0.25086	0.00760	0.07602	0.01021	0.01178	0.00773	0.03641	0.00714	0.00498	0.00467	0.00115	0.10120	0.03773	0.00230	0.06261
1	0.01026	0.00979	0.01666	0.02510	0.79406	0.00979	0.01266	0.01274	0.00958	0.01369	0.00847	0.01185	0.00734	0.00405	0.00423	0.00128	0.00495	0.03481	0.00215	0.00655
2	0.00598	0.00449	0.00665	0.00665	0.00740	0.00519	0.00515	0.00744	0.00681	0.00976	0.01205	0.01732	0.03007	0.04855	0.79836	0.00657	0.01089	0.00464	0.00230	0.00372
3	0.01539	0.01148	0.01229	0.00955	0.01281	0.01276	0.00785	0.72813	0.10461	0.02555	0.01084	0.01069	0.00775	0.00512	0.00421	0.00128	0.00449	0.00389	0.00421	0.00710
4	0.00500	0.00426	0.00430	0.00429	0.00570	0.00356	0.00322	0.00610	0.00966	0.01154	0.06814	0.04016	0.79866	0.01058	0.00497	0.00142	0.00212	0.00883	0.00393	0.00356
5	0.00511	0.00369	0.00484	0.00576	0.00607	0.00342	0.00386	0.00586	0.00814	0.01077	0.02433	0.80135	0.07523	0.01302	0.00534	0.00169	0.00242	0.01177	0.00390	0.00342
6	0.00517	0.00369	0.00493	0.00591	0.00617	0.00346	0.00398	0.00594	0.00809	0.01078	0.02314	0.82659	0.02770	0.01313	0.00538	0.00171	0.00248	0.03441	0.00390	0.00343
7	0.00872	0.00747	0.00872	0.00623	0.00996	0.00560	0.00498	0.01058	0.00872	0.01370	0.00747	0.00872	0.00623	0.00311	0.00311	0.00062	0.00311	0.00249	0.00249	0.87796
8	0.01046	0.00903	0.00951	0.00855	0.01093	0.01046	0.00665	0.02234	0.81845	0.01759	0.01711	0.01568	0.01283	0.00570	0.00428	0.00143	0.00333	0.00475	0.00428	0.00665
9	0.00601	0.00450	0.00676	0.00676	0.00751	0.00525	0.00525	0.00751	0.00676	0.00976	0.01126	0.01651	0.01051	0.03153	0.83560	0.00676	0.01126	0.00450	0.00225	0.00375
10	0.01570	0.02004	0.01191	0.01083	0.01300	0.83539	0.00812	0.01679	0.01191	0.01029	0.00650	0.00758	0.00541	0.00433	0.00379	0.00108	0.00758	0.00271	0.00217	0.00487
11	0.00843	0.02174	0.83048	0.01198	0.01819	0.00976	0.01553	0.01331	0.00888	0.01331	0.00754	0.00888	0.00533	0.00399	0.00399	0.00133	0.00621	0.00311	0.00178	0.00621
12	0.00796	0.00703	0.01118	0.26897	0.25138	0.00755	0.00910	0.01029	0.00981	0.01355	0.24170	0.01936	0.04448	0.00593	0.00464	0.00136	0.01867	0.03968	0.02243	0.00496
13	0.00910	0.20800	0.62795	0.01106	0.01664	0.01132	0.03489	0.01315	0.00883	0.01255	0.00719	0.00846	0.00537	0.00389	0.00373	0.00124	0.00585	0.00296	0.00179	0.00602
14	0.01570	0.02004	0.01191	0.01083	0.01300	0.83539	0.00812	0.01679	0.01191	0.01029	0.00650	0.00758	0.00541	0.00433	0.00379	0.00108	0.00758	0.00271	0.00217	0.00487
15	0.00512	0.00368	0.00485	0.00578	0.00608	0.00342	0.00387	0.00586	0.00812	0.01076	0.02402	0.81420	0.06257	0.01306	0.00535	0.00169	0.00243	0.01182	0.00390	0.00342
16	0.00872	0.00747	0.00872	0.00623	0.00996	0.00560	0.00498	0.01058	0.00872	0.01370	0.00747	0.00872	0.00623	0.00311	0.00311	0.00062	0.00311	0.00249	0.00249	0.87796
17	0.00506	0.00426	0.00439	0.00444	0.00580	0.00360	0.00334	0.00617	0.00962	0.01155	0.06644	0.06278	0.75397	0.01068	0.00500	0.00144	0.00218	0.03179	0.00393	0.00357
18	0.00516	0.00430	0.00453	0.00456	0.00592	0.00366	0.00348	0.00635	0.00977	0.01187	0.10362	0.04017	0.71106	0.01054	0.00502	0.00144	0.00223	0.05873	0.00396	0.00360
19	0.00544	0.00438	0.00486	0.00472	0.00601	0.00385	0.00354	0.00706	0.02820	0.01344	0.31885	0.03670	0.52844	0.00981	0.00495	0.00139	0.00210	0.00833	0.00417	0.00377
20	0.00765	0.00389	0.00574	0.00565	0.00588	0.00393	0.00390	0.00642	0.00597	0.04120	0.00828	0.01331	0.00786	0.01569	0.10047	0.72635	0.00439	0.00377	0.02735	0.00230
21	0.00517	0.00369	0.00493	0.00591	0.00617	0.00345	0.00398	0.00593	0.00809	0.01078	0.02314	0.82743	0.02770	0.01313	0.00538	0.00171	0.00248	0.03359	0.00390	0.00343
22	0.00500	0.00415	0.00437	0.00454	0.00575	0.00353	0.00332	0.00600	0.00931	0.01125	0.03917	0.18263	0.68436	0.01109	0.00504	0.00147	0.00218	0.00941	0.00390	0.00353
23	0.00712	0.00635	0.03865	0.00622	0.00766	0.03901	0.00501	0.02263	0.08905	0.01559	0.48685	0.02791	0.13165	0.00805	0.00502	0.00135	0.02956	0.02742	0.04053	0.00436
24	0.01047	0.01069	0.03961	0.03875	0.70433	0.04002	0.05446	0.01320	0.02295	0.01359	0.00802	0.01041	0.00664	0.00380	0.00419	0.00126	0.00521	0.00377	0.00211	0.00649
25	0.00673	0.00544	0.00782	0.00746	0.00809	0.00671	0.00588	0.00832	0.02489	0.01006	0.01045	0.01547	0.00980	0.05089	0.62583	0.00554	0.16345	0.00440	0.01884	0.00394
26	0.00631	0.00451	0.00624	0.00721	0.00797	0.00444	0.00597	0.00790	0.00922	0.01206	0.02251	0.27337	0.02521	0.01205	0.00568	0.00187	0.00347	0.57639	0.00388	0.00374
27	0.04511	0.32009	0.16262	0.01072	0.07881	0.14526	0.03730	0.07001	0.06957	0.01307	0.00764	0.00861	0.00616	0.00406	0.00352	0.00113	0.00530	0.00298	0.00227	0.00575
28	0.02215	0.01653	0.41286	0.01362	0.15570	0.10229	0.04501	0.03822	0.04557	0.06754	0.00972	0.01077	0.03251	0.00437	0.00409	0.00130	0.00567	0.00359	0.00237	0.00612

[dist]
# distance from previous block
# <min> <max>
0	2

[block]
# block no. 1 follows, 63 sequences, length 30
# corresponding to MSA columns:
# 538-567
name=unknown_B
#
# <colnr> <probs for GDERKNQSTAVLIFYWHMCP>
#	G	D	E	R	K	N	Q	S	T	A	V	L	I	F	Y	W	H	M	C	P
0	0.38581	0.04219	0.11925	0.02587	0.20721	0.08089	0.04054	0.01294	0.00864	0.01545	0.02243	0.00874	0.00603	0.00398	0.00343	0.00127	0.00464	0.00301	0.00231	0.00537
1	0.00664	0.00506	0.00643	0.00632	0.00721	0.01955	0.00477	0.03124	0.00844	0.03061	0.08125	0.16442	0.15268	0.05457	0.34021	0.00372	0.04857	0.00672	0.01774	0.00387
2	0.02503	0.35483	0.06025	0.00904	0.04651	0.15703	0.00773	0.07601	0.02552	0.06164	0.02209	0.02808	0.00720	0.00435	0.00363	0.00106	0.02227	0.00309	0.00248	0.08216
3	0.00602	0.00445	0.00647	0.00647	0.00712	0.00510	0.00489	0.00732	0.00667	0.00954	0.01152	0.01798	0.01114	0.14062	0.72738	0.00640	0.01031	0.00472	0.00229	0.00359
4	0.00843	0.02174	0.83048	0.01198	0.01819	0.00976	0.01553	0.01331	0.00888	0.01331	0.00754	0.00888	0.00533	0.00399	0.00399	0.00133	0.00621	0.00311	0.00178	0.00621
5	0.00527	0.00427	0.00468	0.00457	0.00586	0.00368	0.00343	0.00662	0.01029	0.01305	0.28252	0.03768	0.58334	0.01002	0.00497	0.00139	0.00208	0.00848	0.00413	0.00368
6	0.00500	0.00426	0.00430	0.00429	0.00570	0.00356	0.00322	0.00610	0.00966	0.01154	0.06821	0.04016	0.79860	0.01058	0.00497	0.00142	0.00212	0.00883	0.00393	0.00356
7	0.00541	0.00428	0.00487	0.00472	0.00595	0.00374	0.00354	0.00689	0.01063	0.01385	0.39617	0.03636	0.46920	0.00972	0.00496	0.00138	0.00206	0.00830	0.00423	0.00374
8	0.00497	0.00426	0.00426	0.00426	0.00568	0.00355	0.00319	0.00603	0.00958	0.01136	0.04259	0.04046	0.82433	0.01065	0.00497	0.00142	0.00213	0.00887	0.00390	0.00355
9	0.01124	0.85479	0.02203	0.00719	0.01079	0.01663	0.00719	0.01259	0.00854	0.00989	0.00584	0.00674	0.00539	0.00360	0.00270	0.00090	0.00450	0.00225	0.00180	0.00539
10	0.01124	0.85479	0.02203	0.00719	0.01079	0.01663	0.00719	0.01259	0.00854	0.00989	0.00584	0.00674	0.00539	0.00360	0.00270	0.00090	0.00450	0.00225	0.00180	0.00539
11	0.81037	0.00880	0.00668	0.00592	0.00853	0.04617	0.00484	0.04321	0.00785	0.01877	0.00604	0.00699	0.00469	0.00397	0.00272	0.00129	0.00350	0.00235	0.00264	0.00467
12	0.01598	0.01177	0.01262	0.00967	0.01304	0.01304	0.00799	0.81202	0.01976	0.02649	0.01009	0.01009	0.00715	0.00505	0.00421	0.00126	0.00463	0.00378	0.00421	0.00715
13	0.00872	0.00747	0.00872	0.00623	0.00996	0.00560	0.00498	0.01058	0.00872	0.01370	0.00747	0.00872	0.00623	0.00311	0.00311	0.00062	0.00311	0.00249	0.00249	0.87796
14	0.01124	0.85479	0.02203	0.00719	0.01079	0.01663	0.00719	0.01259	0.00854	0.00989	0.00584	0.00674	0.00539	0.00360	0.00270	0.00090	0.00450	0.00225	0.00180	0.00539
15	0.88196	0.00813	0.00618	0.00553	0.00813	0.00943	0.00455	0.01236	0.00715	0.01886	0.00585	0.00683	0.00455	0.00390	0.00260	0.00130	0.00325	0.00228	0.00260	0.00455
16	0.01046	0.00903	0.00951	0.00855	0.01093	0.01046	0.00665	0.02234	0.81845	0.01759	0.01711	0.01568	0.01283	0.00570	0.00428	0.00143	0.00333	0.00475	0.00428	0.00665
17	0.00640	0.00545	0.00919	0.00843	0.00959	0.00515	0.16894	0.02453	0.00874	0.01170	0.01986	0.62818	0.02285	0.01097	0.00528	0.00165	0.00349	0.04209	0.00354	0.00397
18	0.00997	0.40773	0.38952	0.01024	0.04546	0.02882	0.01127	0.01295	0.00875	0.01161	0.00670	0.00793	0.00541	0.00388	0.00362	0.00113	0.02467	0.00274	0.00181	0.00579
19	0.00847	0.00491	0.00654	0.00614	0.00755	0.00451	0.00488	0.01031	0.01131	0.16842	0.47039	0.05897	0.05612	0.00874	0.00499	0.00145	0.00266	0.15458	0.00455	0.00452
20	0.08321	0.00723	0.00949	0.00733	0.01054	0.00642	0.00606	0.01988	0.01167	0.76856	0.01578	0.01375	0.00997	0.00511	0.00411	0.00130	0.00355	0.00408	0.00501	0.00696
21	0.01012	0.01046	0.07014	0.08862	0.61258	0.00974	0.07134	0.01285	0.00957	0.03154	0.02764	0.01103	0.00734	0.00393	0.00423	0.00128	0.00517	0.00390	0.00218	0.00634
22	0.00986	0.09790	0.11166	0.04840	0.09783	0.01103	0.53474	0.01320	0.00958	0.01301	0.00803	0.01051	0.00616	0.00364	0.00452	0.00134	0.00647	0.00432	0.00204	0.00576
23	0.00512	0.00366	0.00488	0.00585	0.00610	0.00341	0.00390	0.00585	0.00805	0.01073	0.02317	0.84952	0.02780	0.01317	0.00537	0.00171	0.00244	0.01195	0.00390	0.00341
24	0.00965	0.01161	0.06692	0.01688	0.02112	0.01030	0.73631	0.01316	0.00985	0.01337	0.00981	0.01237	0.03882	0.00385	0.00491	0.00141	0.00684	0.00502	0.00218	0.00561
25	0.02422	0.03942	0.08179	0.10126	0.45527	0.11463	0.01149	0.05055	0.03677	0.03317	0.00817	0.01008	0.00653	0.00404	0.00404	0.00125	0.00533	0.00354	0.00229	0.00616
26	0.00515	0.00414	0.00459	0.00475	0.00586	0.00358	0.00346	0.00628	0.00961	0.01205	0.15560	0.20795	0.54052	0.01087	0.00505	0.00146	0.00217	0.00932	0.00401	0.00358
27	0.00601	0.00449	0.00670	0.00670	0.00743	0.00522	0.00518	0.00747	0.00674	0.00972	0.01131	0.01681	0.01064	0.05376	0.81355	0.00668	0.01107	0.00455	0.00226	0.00372
28	0.85376	0.00852	0.00637	0.00570	0.00829	0.03631	0.00467	0.01250	0.00731	0.01858	0.00587	0.00685	0.00458	0.00392	0.00264	0.00129	0.00339	0.00229	0.00259	0.00456
29	0.02929	0.09385	0.37397	0.01192	0.08193	0.02418	0.05061	0.16798	0.04281	0.07111	0.00889	0.00973	0.00647	0.00427	0.00397	0.00127	0.00536	0.00342	0.00264	0.00635

[dist]
# distance from previous block
# <min> <max>
0	3

[block]
# block no. 2 follows, 63 sequences, length 68
# corresponding to MSA columns:
# 571-638
name=unknown_C
#
# <colnr> <probs for GDERKNQSTAVLIFYWHMCP>
#	G	D	E	R	K	N	Q	S	T	A	V	L	I	F	Y	W	H	M	C	P
0	0.01158	0.45338	0.14511	0.01007	0.07693	0.10578	0.00908	0.08849	0.02754	0.01250	0.00708	0.00813	0.00590	0.00439	0.01698	0.00116	0.00525	0.00279	0.00215	0.00573
1	0.00988	0.00938	0.01563	0.11144	0.66320	0.00961	0.01201	0.01275	0.04355	0.01358	0.02783	0.01209	0.03196	0.00419	0.00421	0.00128	0.00484	0.00403	0.00226	0.00629
2	0.00501	0.00425	0.00433	0.00434	0.00571	0.00356	0.00324	0.00611	0.00965	0.01158	0.07646	0.05809	0.77212	0.01061	0.00498	0.00142	0.00213	0.00888	0.00394	0.00356
3	0.00570	0.00434	0.00571	0.03042	0.00706	0.00402	0.01683	0.00726	0.01041	0.01416	0.45383	0.23448	0.17038	0.00987	0.00504	0.00144	0.00231	0.00874	0.00420	0.00381
4	0.00512	0.00366	0.00488	0.00585	0.00610	0.00341	0.00390	0.00585	0.00805	0.01073	0.02317	0.84952	0.02780	0.01317	0.00537	0.00171	0.00244	0.01195	0.00390	0.00341
5	0.00871	0.00876	0.03809	0.60122	0.22377	0.02540	0.01202	0.01146	0.00877	0.01154	0.00756	0.01087	0.00585	0.00409	0.00418	0.00136	0.00551	0.00370	0.00192	0.00521
6	0.00872	0.00747	0.00872	0.00623	0.00996	0.00560	0.00498	0.01058	0.00872	0.01370	0.00747	0.00872	0.00623	0.00311	0.00311	0.00062	0.00311	0.00249	0.00249	0.87796
7	0.00794	0.00747	0.01261	0.84216	0.02895	0.00934	0.01167	0.01074	0.00841	0.01074	0.00747	0.01121	0.00560	0.00420	0.00420	0.00140	0.00560	0.00374	0.00187	0.00467
8	0.04982	0.01799	0.58629	0.01164	0.05906	0.03303	0.01309	0.01460	0.02196	0.14038	0.00901	0.00978	0.00627	0.00420	0.00397	0.00132	0.00560	0.00329	0.00241	0.00628
9	0.02406	0.00966	0.01562	0.05390	0.64336	0.00975	0.01171	0.06916	0.01041	0.08251	0.00901	0.01138	0.00726	0.00413	0.00418	0.00127	0.00483	0.01871	0.00252	0.00657
10	0.01040	0.00999	0.01706	0.02580	0.82604	0.00999	0.01290	0.01290	0.00957	0.01373	0.00791	0.01040	0.00666	0.00375	0.00416	0.00125	0.00499	0.00375	0.00208	0.00666
11	0.00515	0.00368	0.00491	0.00589	0.00614	0.00344	0.00395	0.00590	0.00808	0.01076	0.02315	0.83533	0.02774	0.01314	0.00537	0.00171	0.00246	0.02585	0.00390	0.00342
12	0.88196	0.00813	0.00618	0.00553	0.00813	0.00943	0.00455	0.01236	0.00715	0.01886	0.00585	0.00683	0.00455	0.00390	0.00260	0.00130	0.00325	0.00228	0.00260	0.00455
13	0.00512	0.00366	0.00488	0.00585	0.00610	0.00341	0.00390	0.00585	0.00805	0.01073	0.02317	0.84952	0.02780	0.01317	0.00537	0.00171	0.00244	0.01195	0.00390	0.00341
14	0.88196	0.00813	0.00618	0.00553	0.00813	0.00943	0.00455	0.01236	0.00715	0.01886	0.00585	0.00683	0.00455	0.00390	0.00260	0.00130	0.00325	0.00228	0.00260	0.00455
15	0.01046	0.00903	0.00951	0.00855	0.01093	0.01046	0.00665	0.02234	0.81845	0.01759	0.01711	0.01568	0.01283	0.00570	0.00428	0.00143	0.00333	0.00475	0.00428	0.00665
16	0.01886	0.00715	0.00976	0.00748	0.01073	0.00618	0.00618	0.02049	0.01203	0.82895	0.01658	0.01431	0.01041	0.00520	0.00423	0.00130	0.00358	0.00423	0.00520	0.00715
17	0.00601	0.00450	0.00676	0.00676	0.00751	0.00525	0.00525	0.00751	0.00676	0.00976	0.01126	0.01651	0.01051	0.03153	0.83560	0.00676	0.01126	0.00450	0.00225	0.00375
18	0.00555	0.00454	0.00522	0.00564	0.02999	0.00402	0.00424	0.00688	0.00975	0.01201	0.08644	0.04041	0.59178	0.01051	0.00511	0.00151	0.00255	0.16623	0.00389	0.00373
19	0.00905	0.00898	0.01260	0.01084	0.01087	0.01253	0.00902	0.01000	0.00645	0.01010	0.00578	0.00953	0.00575	0.00846	0.05143	0.00206	0.80641	0.00372	0.00186	0.00456
20	0.88196	0.00813	0.00618	0.00553	0.00813	0.00943	0.00455	0.01236	0.00715	0.01886	0.00585	0.00683	0.00455	0.00390	0.00260	0.00130	0.00325	0.00228	0.00260	0.00455
21	0.00531	0.00430	0.00477	0.00502	0.00625	0.00376	0.00389	0.00651	0.00950	0.01161	0.05121	0.11642	0.59947	0.01101	0.00515	0.00153	0.00245	0.14433	0.00391	0.00360
22	0.01018	0.01128	0.09848	0.02243	0.61609	0.02387	0.08115	0.02423	0.02084	0.01376	0.00850	0.03456	0.00718	0.00408	0.00424	0.00128	0.00524	0.00402	0.00217	0.00641
23	0.00877	0.00847	0.01210	0.03525	0.01124	0.01150	0.02371	0.02257	0.00683	0.01040	0.00663	0.01049	0.00637	0.01105	0.14573	0.00260	0.65597	0.00384	0.00195	0.00453
24	0.01867	0.00747	0.00995	0.00763	0.01089	0.00664	0.00630	0.07410	0.01256	0.77459	0.01614	0.01402	0.01019	0.00519	0.00423	0.00130	0.00365	0.00420	0.00514	0.00715
25	0.01183	0.01006	0.01054	0.00902	0.01164	0.04228	0.02275	0.20252	0.57787	0.01918	0.01529	0.01435	0.02239	0.00553	0.00427	0.00137	0.00384	0.00451	0.00413	0.00664
26	0.88196	0.00813	0.00618	0.00553	0.00813	0.00943	0.00455	0.01236	0.00715	0.01886	0.00585	0.00683	0.00455	0.00390	0.00260	0.00130	0.00325	0.00228	0.00260	0.00455
27	0.01468	0.17168	0.03737	0.01020	0.01275	0.66288	0.00817	0.01592	0.01121	0.01030	0.00641	0.00747	0.00541	0.00419	0.00360	0.00106	0.00698	0.00264	0.00209	0.00501
28	0.00608	0.00411	0.00481	0.00484	0.00492	0.00418	0.00286	0.00625	0.00623	0.00838	0.01330	0.04760	0.01512	0.74678	0.10415	0.00429	0.00477	0.00610	0.00255	0.00269
29	0.00503	0.00426	0.00435	0.00433	0.00572	0.00358	0.00325	0.00616	0.00974	0.01172	0.09458	0.03985	0.77211	0.01051	0.00497	0.00141	0.00212	0.00879	0.00395	0.00358
30	0.00527	0.00421	0.00467	0.00467	0.00584	0.00366	0.00344	0.00651	0.00996	0.01265	0.24315	0.10724	0.53116	0.03207	0.00542	0.00149	0.00217	0.00874	0.00406	0.00362
31	0.00498	0.00422	0.00429	0.00435	0.00570	0.00354	0.00323	0.00602	0.00949	0.01132	0.04148	0.08636	0.77914	0.01079	0.00499	0.00144	0.00215	0.00905	0.00390	0.00354
32	0.00667	0.00480	0.00662	0.00754	0.00853	0.00476	0.00656	0.00855	0.00967	0.01251	0.02346	0.04701	0.07164	0.01156	0.00576	0.00190	0.00377	0.75097	0.00387	0.00385
33	0.01124	0.85479	0.02203	0.00719	0.01079	0.01663	0.00719	0.01259	0.00854	0.00989	0.00584	0.00674	0.00539	0.00360	0.00270	0.00090	0.00450	0.00225	0.00180	0.00539
34	0.01871	0.00739	0.00990	0.00759	0.01085	0.00653	0.00627	0.06152	0.01243	0.78735	0.01625	0.01409	0.01024	0.00519	0.00423	0.00130	0.00363	0.00420	0.00515	0.00715
35	0.01124	0.85479	0.02203	0.00719	0.01079	0.01663	0.00719	0.01259	0.00854	0.00989	0.00584	0.00674	0.00539	0.00360	0.00270	0.00090	0.00450	0.00225	0.00180	0.00539
36	0.00512	0.00366	0.00488	0.00585	0.00610	0.00341	0.00390	0.00585	0.00805	0.01073	0.02317	0.84952	0.02780	0.01317	0.00537	0.00171	0.00244	0.01195	0.00390	0.00341
37	0.01598	0.01177	0.01262	0.00967	0.01304	0.01304	0.00799	0.81202	0.01976	0.02649	0.01009	0.01009	0.00715	0.00505	0.00421	0.00126	0.00463	0.00378	0.00421	0.00715
38	0.00920	0.00920	0.01288	0.01104	0.01104	0.01288	0.00920	0.01012	0.00644	0.01012	0.00552	0.00920	0.00552	0.00736	0.01380	0.00184	0.84457	0.00368	0.00184	0.00460
39	0.00920	0.00920	0.01288	0.01104	0.01104	0.01288	0.00920	0.01012	0.00644	0.01012	0.00552	0.00920	0.00552	0.00736	0.01380	0.00184	0.84457	0.00368	0.00184	0.00460
40	0.00872	0.00747	0.00872	0.00623	0.00996	0.00560	0.00498	0.01058	0.00872	0.01370	0.00747	0.00872	0.00623	0.00311	0.00311	0.00062	0.00311	0.00249	0.00249	0.87796
41	0.01039	0.01004	0.01734	0.02551	0.79690	0.01001	0.04181	0.01292	0.00958	0.01372	0.00793	0.01044	0.00665	0.00374	0.00419	0.00125	0.00507	0.00379	0.00208	0.00662
42	0.00611	0.00408	0.00463	0.00463	0.00464	0.00410	0.00260	0.00614	0.00613	0.00818	0.01320	0.02729	0.01519	0.83555	0.03798	0.00413	0.00422	0.00608	0.00254	0.00257
43	0.00501	0.00427	0.00432	0.00435	0.00576	0.00358	0.00329	0.00610	0.00958	0.01139	0.04206	0.04064	0.80367	0.01067	0.00499	0.00143	0.00217	0.02925	0.00390	0.00356
44	0.00897	0.00763	0.00916	0.02381	0.04089	0.00610	0.00551	0.04577	0.00921	0.01411	0.00811	0.03580	0.00696	0.00357	0.00329	0.00072	0.00328	0.00292	0.00258	0.76162
45	0.00974	0.02999	0.30198	0.01807	0.31234	0.02030	0.19430	0.02418	0.00954	0.01359	0.00788	0.00995	0.00609	0.00380	0.00424	0.00130	0.00588	0.00374	0.00202	0.02107
46	0.00639	0.00440	0.00555	0.00600	0.00643	0.00440	0.00443	0.00725	0.00772	0.01015	0.01740	0.05209	0.01945	0.46611	0.01423	0.00309	0.00395	0.35465	0.00316	0.00315
47	0.00567	0.00439	0.00461	0.00448	0.00595	0.00370	0.00339	0.00683	0.00987	0.04880	0.10173	0.03857	0.72690	0.01024	0.00493	0.00141	0.00218	0.00856	0.00402	0.00374
48	0.00954	0.03189	0.55128	0.03867	0.19570	0.01002	0.01408	0.05755	0.00968	0.03159	0.00793	0.00943	0.00584	0.00402	0.00403	0.00130	0.00575	0.00331	0.00205	0.00632
49	0.00740	0.00674	0.02616	0.03775	0.25325	0.00648	0.05805	0.00924	0.02432	0.01218	0.04761	0.41366	0.01852	0.02756	0.00538	0.00157	0.01754	0.01877	0.00312	0.00471
50	0.00992	0.01134	0.02481	0.01772	0.02197	0.01063	0.81077	0.01347	0.00992	0.01347	0.00850	0.01134	0.00638	0.00354	0.00496	0.00142	0.00709	0.00496	0.00213	0.00567
51	0.00997	0.01026	0.07014	0.22986	0.35610	0.04716	0.08404	0.02718	0.00967	0.04689	0.02504	0.02760	0.02853	0.00442	0.00428	0.00132	0.00530	0.00414	0.00231	0.00578
52	0.00965	0.01169	0.21429	0.01366	0.20438	0.00907	0.05730	0.12886	0.03869	0.02604	0.01005	0.03558	0.00842	0.01051	0.18442	0.00251	0.00655	0.01997	0.00256	0.00579
53	0.20845	0.01031	0.08093	0.00939	0.03487	0.12076	0.08640	0.01194	0.05360	0.01355	0.01103	0.18872	0.01080	0.00692	0.02071	0.00153	0.09231	0.00515	0.02788	0.00476
54	0.02808	0.46921	0.01737	0.00910	0.02925	0.36241	0.00766	0.01436	0.00996	0.01030	0.00617	0.00718	0.00542	0.00392	0.00319	0.00099	0.00579	0.00247	0.00197	0.00519
55	0.00587	0.00412	0.00556	0.00585	0.00630	0.00437	0.00413	0.00683	0.00712	0.01002	0.01540	0.26816	0.01675	0.20522	0.36160	0.00433	0.00652	0.00705	0.05141	0.00340
56	0.01124	0.85479	0.02203	0.00719	0.01079	0.01663	0.00719	0.01259	0.00854	0.00989	0.00584	0.00674	0.00539	0.00360	0.00270	0.00090	0.00450	0.00225	0.00180	0.00539
57	0.00537	0.00422	0.00485	0.00481	0.00595	0.00370	0.00356	0.00677	0.01036	0.01347	0.34919	0.11056	0.44207	0.01007	0.00500	0.00141	0.00210	0.00865	0.00419	0.00370
58	0.00591	0.00430	0.00557	0.00525	0.00626	0.00395	0.00394	0.00786	0.01181	0.01665	0.79371	0.03175	0.06991	0.00867	0.00496	0.00133	0.00199	0.00765	0.00460	0.00395
59	0.01474	0.01116	0.01192	0.00942	0.01257	0.01246	0.00769	0.63529	0.19851	0.02450	0.01166	0.01134	0.00842	0.00519	0.00422	0.00130	0.00434	0.00400	0.00422	0.00704
60	0.88196	0.00813	0.00618	0.00553	0.00813	0.00943	0.00455	0.01236	0.00715	0.01886	0.00585	0.00683	0.00455	0.00390	0.00260	0.00130	0.00325	0.00228	0.00260	0.00455
61	0.01118	0.00939	0.00991	0.00870	0.01121	0.01079	0.00683	0.12560	0.71401	0.01875	0.01619	0.01495	0.01209	0.00562	0.00427	0.00140	0.00350	0.00463	0.00427	0.00672
62	0.00794	0.00747	0.01261	0.84216	0.02895	0.00934	0.01167	0.01074	0.00841	0.01074	0.00747	0.01121	0.00560	0.00420	0.00420	0.00140	0.00560	0.00374	0.00187	0.00467
63	0.00601	0.00450	0.00676	0.00676	0.00751	0.00525	0.00525	0.00751	0.00676	0.00976	0.01126	0.01651	0.01051	0.03153	0.83560	0.00676	0.01126	0.00450	0.00225	0.00375
64	0.01056	0.00703	0.01948	0.00941	0.11757	0.00650	0.04257	0.09567	0.01149	0.20676	0.12465	0.04755	0.24860	0.00729	0.00463	0.00136	0.00342	0.02609	0.00398	0.00538
65	0.57425	0.06696	0.03623	0.00852	0.03551	0.03737	0.11611	0.03106	0.02411	0.01695	0.00666	0.00791	0.00521	0.00395	0.00327	0.00129	0.01434	0.00283	0.00249	0.00499
66	0.28856	0.17265	0.02582	0.00828	0.02481	0.17380	0.00683	0.13159	0.09044	0.02991	0.00796	0.00853	0.00623	0.00429	0.00333	0.00119	0.00463	0.00289	0.00278	0.00547
67	0.86508	0.00811	0.00625	0.00557	0.00818	0.00937	0.00458	0.01252	0.00725	0.03470	0.00606	0.00698	0.00467	0.00393	0.00263	0.00130	0.00326	0.00231	0.00265	0.00460

[dist]
# distance from previous block
# <min> <max>
0	1

[block]
# block no. 3 follows, 63 sequences, length 36
# corresponding to MSA columns:
# 640-675
name=unknown_D
#
# <colnr> <probs for GDERKNQSTAVLIFYWHMCP>
#	G	D	E	R	K	N	Q	S	T	A	V	L	I	F	Y	W	H	M	C	P
0	0.88196	0.00813	0.00618	0.00553	0.00813	0.00943	0.00455	0.01236	0.00715	0.01886	0.00585	0.00683	0.00455	0.00390	0.00260	0.00130	0.00325	0.00228	0.00260	0.00455
1	0.00595	0.00430	0.00562	0.00529	0.00628	0.00397	0.00397	0.00793	0.01190	0.01686	0.82382	0.03140	0.03966	0.00859	0.00496	0.00132	0.00198	0.00760	0.00463	0.00397
2	0.00727	0.00571	0.00757	0.00715	0.00797	0.02046	0.00551	0.07289	0.00778	0.01094	0.01085	0.01666	0.01035	0.13533	0.57472	0.00543	0.08249	0.00456	0.00241	0.00396
3	0.88196	0.00813	0.00618	0.00553	0.00813	0.00943	0.00455	0.01236	0.00715	0.01886	0.00585	0.00683	0.00455	0.00390	0.00260	0.00130	0.00325	0.00228	0.00260	0.00455
4	0.00730	0.00365	0.00548	0.00548	0.00548	0.00365	0.00365	0.00548	0.00548	0.00730	0.00730	0.01278	0.00730	0.01460	0.01643	0.87769	0.00365	0.00365	0.00183	0.00183
5	0.01124	0.85479	0.02203	0.00719	0.01079	0.01663	0.00719	0.01259	0.00854	0.00989	0.00584	0.00674	0.00539	0.00360	0.00270	0.00090	0.00450	0.00225	0.00180	0.00539
6	0.00602	0.00404	0.00461	0.00470	0.00472	0.00401	0.00267	0.00609	0.00629	0.00839	0.01416	0.10319	0.01644	0.77501	0.01992	0.00386	0.00392	0.00665	0.00267	0.00263
7	0.01019	0.00977	0.01667	0.09750	0.75603	0.00993	0.01279	0.01271	0.00947	0.01347	0.00787	0.01047	0.00657	0.00379	0.00417	0.00126	0.00505	0.00374	0.00206	0.00648
8	0.00794	0.00747	0.01261	0.84216	0.02895	0.00934	0.01167	0.01074	0.00841	0.01074	0.00747	0.01121	0.00560	0.00420	0.00420	0.00140	0.00560	0.00374	0.00187	0.00467
9	0.01040	0.00999	0.01706	0.02580	0.82604	0.00999	0.01290	0.01290	0.00957	0.01373	0.00791	0.01040	0.00666	0.00375	0.00416	0.00125	0.00499	0.00375	0.00208	0.00666
10	0.00525	0.00372	0.00489	0.00578	0.00601	0.00351	0.00384	0.00594	0.00790	0.01053	0.02224	0.75705	0.02658	0.09024	0.00685	0.00193	0.00262	0.02801	0.00378	0.00334
11	0.00522	0.00427	0.00461	0.00453	0.00584	0.00366	0.00340	0.00653	0.01019	0.01279	0.24644	0.03809	0.61959	0.01011	0.00497	0.00139	0.00209	0.00854	0.00409	0.00366
12	0.01598	0.01177	0.01262	0.00967	0.01304	0.01304	0.00799	0.81202	0.01976	0.02649	0.01009	0.01009	0.00715	0.00505	0.00421	0.00126	0.00463	0.00378	0.00421	0.00715
13	0.00794	0.00747	0.01261	0.84216	0.02895	0.00934	0.01167	0.01074	0.00841	0.01074	0.00747	0.01121	0.00560	0.00420	0.00420	0.00140	0.00560	0.00374	0.00187	0.00467
14	0.75340	0.00819	0.00675	0.00593	0.00857	0.00934	0.00486	0.02856	0.05803	0.07358	0.00736	0.00794	0.00551	0.00412	0.00285	0.00131	0.00330	0.00259	0.00291	0.00491
15	0.01886	0.00715	0.00976	0.00748	0.01073	0.00618	0.00618	0.02049	0.01203	0.82895	0.01658	0.01431	0.01041	0.00520	0.00423	0.00130	0.00358	0.00423	0.00520	0.00715
16	0.01570	0.02004	0.01191	0.01083	0.01300	0.83539	0.00812	0.01679	0.01191	0.01029	0.00650	0.00758	0.00541	0.00433	0.00379	0.00108	0.00758	0.00271	0.00217	0.00487
17	0.00606	0.00411	0.00487	0.00491	0.00502	0.00420	0.00295	0.00628	0.00628	0.00846	0.01341	0.06033	0.01520	0.71295	0.12428	0.00432	0.00492	0.00615	0.00257	0.00274
18	0.00523	0.00383	0.00491	0.00556	0.00607	0.00351	0.00382	0.00619	0.00882	0.01173	0.14547	0.62319	0.13188	0.01216	0.00525	0.00161	0.00233	0.01090	0.00401	0.00351
19	0.01159	0.00959	0.01014	0.00878	0.01136	0.01099	0.00693	0.18437	0.65457	0.01941	0.01567	0.01454	0.01167	0.00557	0.00426	0.00139	0.00359	0.00455	0.00426	0.00676
20	0.00985	0.01188	0.06636	0.01742	0.02178	0.01059	0.76975	0.01346	0.00987	0.01346	0.00846	0.01121	0.00632	0.00357	0.00491	0.00141	0.00704	0.00487	0.00211	0.00570
21	0.00526	0.00394	0.00479	0.00531	0.00594	0.00358	0.00367	0.00617	0.00872	0.01131	0.10038	0.47691	0.24813	0.07159	0.00637	0.00177	0.00246	0.02638	0.00387	0.00345
22	0.00520	0.00372	0.00497	0.00595	0.00623	0.00349	0.00405	0.00600	0.00813	0.01082	0.02312	0.80940	0.02762	0.01309	0.00539	0.00172	0.00251	0.05125	0.00390	0.00344
23	0.00512	0.00366	0.00488	0.00585	0.00610	0.00341	0.00390	0.00585	0.00805	0.01073	0.02317	0.84952	0.02780	0.01317	0.00537	0.00171	0.00244	0.01195	0.00390	0.00341
24	0.00872	0.00768	0.01251	0.77158	0.02753	0.00943	0.01130	0.05239	0.00911	0.03865	0.00791	0.01125	0.00584	0.00428	0.00420	0.00139	0.00549	0.00375	0.00210	0.00488
25	0.00872	0.00747	0.00872	0.00623	0.00996	0.00560	0.00498	0.01058	0.00872	0.01370	0.00747	0.00872	0.00623	0.00311	0.00311	0.00062	0.00311	0.00249	0.00249	0.87796
26	0.57759	0.01092	0.00830	0.04629	0.02683	0.19588	0.00601	0.04097	0.00889	0.03635	0.00652	0.00757	0.00507	0.00408	0.00307	0.00125	0.00443	0.00257	0.00258	0.00483
27	0.01434	0.00616	0.00828	0.00669	0.00916	0.00540	0.00539	0.01606	0.01193	0.54566	0.27946	0.02048	0.03929	0.00643	0.00448	0.00131	0.00302	0.00543	0.00499	0.00603
28	0.01566	0.01161	0.01243	0.00961	0.01291	0.01288	0.00791	0.76561	0.06670	0.02597	0.01051	0.01042	0.00748	0.00508	0.00421	0.00127	0.00455	0.00384	0.00421	0.00712
29	0.01124	0.85479	0.02203	0.00719	0.01079	0.01663	0.00719	0.01259	0.00854	0.00989	0.00584	0.00674	0.00539	0.00360	0.00270	0.00090	0.00450	0.00225	0.00180	0.00539
30	0.00521	0.00372	0.00498	0.00595	0.00623	0.00349	0.00405	0.00600	0.00813	0.01083	0.02312	0.80815	0.02762	0.01309	0.00539	0.00172	0.00251	0.05248	0.00390	0.00344
31	0.01046	0.00903	0.00951	0.00855	0.01093	0.01046	0.00665	0.02234	0.81845	0.01759	0.01711	0.01568	0.01283	0.00570	0.00428	0.00143	0.00333	0.00475	0.00428	0.00665
32	0.88196	0.00813	0.00618	0.00553	0.00813	0.00943	0.00455	0.01236	0.00715	0.01886	0.00585	0.00683	0.00455	0.00390	0.00260	0.00130	0.00325	0.00228	0.00260	0.00455
33	0.01598	0.01177	0.01262	0.00967	0.01304	0.01304	0.00799	0.81202	0.01976	0.02649	0.01009	0.01009	0.00715	0.00505	0.00421	0.00126	0.00463	0.00378	0.00421	0.00715
34	0.00611	0.00408	0.00458	0.00458	0.00458	0.00408	0.00255	0.00611	0.00611	0.00815	0.01325	0.02751	0.01528	0.85226	0.02140	0.00408	0.00408	0.00611	0.00255	0.00255
35	0.00814	0.00758	0.01261	0.82081	0.02854	0.00943	0.01158	0.03129	0.00870	0.01114	0.00754	0.01118	0.00564	0.00422	0.00420	0.00140	0.00558	0.00374	0.00193	0.00473

[dist]
# distance from previous block
# <min> <max>
0	2

[block]
# block no. 4 follows, 63 sequences, length 10
# corresponding to MSA columns:
# 678-687
name=unknown_E
#
# <colnr> <probs for GDERKNQSTAVLIFYWHMCP>
#	G	D	E	R	K	N	Q	S	T	A	V	L	I	F	Y	W	H	M	C	P
0	0.00615	0.00473	0.00599	0.00604	0.00725	0.00406	0.00432	0.00724	0.00830	0.01161	0.01896	0.58885	0.02191	0.01043	0.00479	0.00143	0.00268	0.04615	0.00353	0.23560
1	0.00685	0.00575	0.00838	0.00789	0.00844	0.00728	0.00630	0.00820	0.00667	0.00985	0.00974	0.01457	0.00918	0.02511	0.61744	0.00545	0.23247	0.00428	0.00214	0.00398
2	0.01164	0.01021	0.01544	0.10233	0.53132	0.01073	0.01148	0.22483	0.01216	0.01682	0.00844	0.01040	0.00668	0.00414	0.00418	0.00127	0.00496	0.00376	0.00262	0.00659
3	0.00916	0.00828	0.01331	0.05546	0.54669	0.00841	0.00990	0.01131	0.03468	0.01224	0.00960	0.01515	0.00910	0.22908	0.00874	0.00201	0.00472	0.00441	0.00227	0.00548
4	0.01028	0.30967	0.07768	0.04668	0.02459	0.04212	0.01971	0.02482	0.05801	0.02703	0.00757	0.00874	0.00626	0.00391	0.00383	0.00098	0.04883	0.00283	0.00229	0.27415
5	0.00650	0.00448	0.00602	0.00571	0.00677	0.00438	0.00436	0.00827	0.01039	0.05207	0.51941	0.02726	0.08228	0.01466	0.22543	0.00277	0.00453	0.00671	0.00398	0.00403
6	0.00508	0.00382	0.00471	0.00543	0.00599	0.00345	0.00371	0.00590	0.00846	0.01090	0.02832	0.63474	0.23925	0.01250	0.00526	0.00163	0.00236	0.01113	0.00390	0.00345
7	0.00830	0.03770	0.37632	0.01163	0.06258	0.04471	0.11053	0.01156	0.02274	0.01246	0.01187	0.23244	0.01164	0.00645	0.00462	0.00142	0.01953	0.00572	0.00246	0.00533
8	0.00899	0.00972	0.07905	0.02761	0.29612	0.07214	0.04624	0.02292	0.03337	0.01259	0.01285	0.23514	0.01320	0.00707	0.00516	0.00146	0.05551	0.05287	0.00273	0.00526
9	0.00819	0.00805	0.00663	0.00692	0.00779	0.22433	0.00490	0.00915	0.00921	0.01113	0.01853	0.51322	0.04979	0.00991	0.00469	0.00146	0.00374	0.00859	0.08990	0.00386

[dist]
# distance from previous block
# <min> <max>
0	10

[block]
# block no. 5 follows, 63 sequences, length 14
# corresponding to MSA columns:
# 698-711
name=unknown_F
#
# <colnr> <probs for GDERKNQSTAVLIFYWHMCP>
#	G	D	E	R	K	N	Q	S	T	A	V	L	I	F	Y	W	H	M	C	P
0	0.00656	0.00616	0.00960	0.00782	0.00988	0.00561	0.19446	0.00887	0.04666	0.01313	0.17399	0.03082	0.45298	0.00837	0.00493	0.00140	0.00333	0.00753	0.00363	0.00427
1	0.01103	0.05588	0.09535	0.01037	0.06156	0.03429	0.10242	0.18461	0.05020	0.08565	0.20291	0.02799	0.01563	0.00578	0.00455	0.00132	0.01588	0.02530	0.00354	0.00574
2	0.01326	0.00963	0.01012	0.08647	0.01229	0.07079	0.00693	0.40479	0.03080	0.07783	0.01109	0.01182	0.00813	0.00490	0.00386	0.00120	0.00417	0.00378	0.22222	0.00593
3	0.00740	0.00406	0.00459	0.00459	0.00551	0.00423	0.00349	0.00925	0.00833	0.01427	0.01313	0.01587	0.01071	0.01119	0.19984	0.00235	0.00416	0.00406	0.66908	0.00388
4	0.00605	0.00520	0.02459	0.00627	0.03132	0.00452	0.03335	0.00804	0.02686	0.01451	0.43688	0.03292	0.31234	0.00892	0.00493	0.00138	0.00248	0.03126	0.00411	0.00406
5	0.01338	0.01000	0.01064	0.00839	0.01130	0.01079	0.00686	0.62143	0.01736	0.02291	0.01778	0.01727	0.20039	0.00637	0.00439	0.00130	0.00404	0.00499	0.00413	0.00630
6	0.01040	0.00999	0.01706	0.02580	0.82604	0.00999	0.01290	0.01290	0.00957	0.01373	0.00791	0.01040	0.00666	0.00375	0.00416	0.00125	0.00499	0.00375	0.00208	0.00666
7	0.67786	0.00790	0.00702	0.00599	0.00874	0.00866	0.00494	0.01428	0.00831	0.21042	0.00839	0.00860	0.00594	0.00421	0.00299	0.00130	0.00333	0.00274	0.00322	0.00517
8	0.00647	0.00519	0.00807	0.20423	0.01248	0.00618	0.00668	0.00823	0.00713	0.00994	0.01043	0.01562	0.00950	0.05173	0.61255	0.00540	0.00969	0.00437	0.00217	0.00393
9	0.00654	0.00447	0.00554	0.00517	0.00642	0.00400	0.00391	0.00827	0.01131	0.06885	0.56801	0.03263	0.24134	0.00890	0.00491	0.00135	0.00213	0.00771	0.00448	0.00407
10	0.00611	0.00408	0.00458	0.00458	0.00458	0.00408	0.00255	0.00611	0.00611	0.00815	0.01325	0.02751	0.01528	0.85226	0.02140	0.00408	0.00408	0.00611	0.00255	0.00255
11	0.00992	0.01134	0.02481	0.01772	0.02197	0.01063	0.81077	0.01347	0.00992	0.01347	0.00850	0.01134	0.00638	0.00354	0.00496	0.00142	0.00709	0.00496	0.00213	0.00567
12	0.00659	0.00464	0.00622	0.00691	0.00765	0.00463	0.00568	0.00807	0.00891	0.01168	0.04764	0.04216	0.02262	0.21030	0.00946	0.00242	0.00385	0.58342	0.00358	0.00356
13	0.00878	0.01928	0.63996	0.01334	0.01909	0.00997	0.20358	0.01335	0.00912	0.01335	0.00777	0.00946	0.00557	0.00389	0.00422	0.00135	0.00642	0.00354	0.00186	0.00608

[dist]
# distance from previous block
# <min> <max>
0	24

[block]
# block no. 6 follows, 63 sequences, length 48
# corresponding to MSA columns:
# 736-783
name=unknown_G
#
# <colnr> <probs for GDERKNQSTAVLIFYWHMCP>
#	G	D	E	R	K	N	Q	S	T	A	V	L	I	F	Y	W	H	M	C	P
0	0.00715	0.00566	0.00688	0.00766	0.00873	0.05188	0.00659	0.00897	0.00980	0.01236	0.02286	0.04464	0.08207	0.01113	0.00563	0.00185	0.00395	0.69451	0.00378	0.00390
1	0.00538	0.05249	0.00538	0.00464	0.00606	0.00430	0.00355	0.00645	0.00942	0.01131	0.05010	0.11344	0.68129	0.01046	0.00489	0.00142	0.00231	0.01966	0.00379	0.00365
2	0.00580	0.00434	0.00523	0.00502	0.00620	0.00392	0.00378	0.00740	0.01072	0.02817	0.46546	0.03373	0.33734	0.01062	0.05210	0.00167	0.00259	0.00785	0.00423	0.00385
3	0.00834	0.00794	0.01361	0.70514	0.13606	0.00947	0.03809	0.01112	0.00861	0.01123	0.00756	0.01110	0.00577	0.00412	0.00422	0.00138	0.00557	0.00378	0.00191	0.00497
4	0.01870	0.00742	0.00992	0.00760	0.01086	0.00657	0.00628	0.06541	0.01247	0.78340	0.01622	0.01407	0.01022	0.00519	0.00423	0.00130	0.00364	0.00420	0.00515	0.00715
5	0.00822	0.00776	0.01311	0.74979	0.11915	0.00941	0.01181	0.01099	0.00854	0.01108	0.00752	0.01112	0.00572	0.00415	0.00420	0.00138	0.00553	0.00374	0.00189	0.00489
6	0.01028	0.01124	0.05720	0.04394	0.06625	0.01049	0.59923	0.02462	0.00980	0.05229	0.00860	0.01115	0.00647	0.00396	0.00542	0.00143	0.06501	0.00463	0.00226	0.00573
7	0.00645	0.00507	0.00625	0.01927	0.02947	0.02743	0.00446	0.00708	0.00734	0.00985	0.01621	0.35061	0.01872	0.32924	0.03301	0.00270	0.08246	0.02726	0.01374	0.00337
8	0.31669	0.08943	0.05185	0.01035	0.10454	0.29505	0.01688	0.02388	0.00950	0.01404	0.00695	0.03050	0.00589	0.00427	0.00339	0.00120	0.00524	0.00294	0.00233	0.00508
9	0.00600	0.00437	0.00624	0.00629	0.00689	0.00493	0.00468	0.00721	0.00675	0.00963	0.01231	0.06566	0.01231	0.17009	0.63742	0.00593	0.00940	0.00519	0.01517	0.00353
10	0.01180	0.00982	0.01111	0.01022	0.06872	0.01106	0.02352	0.21620	0.54873	0.01943	0.01456	0.01385	0.01087	0.00536	0.00427	0.00137	0.00384	0.00445	0.00406	0.00676
11	0.00510	0.00423	0.00446	0.00448	0.00578	0.00359	0.00333	0.00626	0.00978	0.01200	0.13772	0.08526	0.68246	0.01054	0.00499	0.00142	0.00213	0.00889	0.00399	0.00359
12	0.71482	0.00887	0.05888	0.00619	0.00910	0.00903	0.00546	0.01347	0.00789	0.12342	0.00735	0.00793	0.00536	0.00408	0.00290	0.00130	0.00348	0.00258	0.00289	0.00499
13	0.00843	0.02174	0.83048	0.01198	0.01819	0.00976	0.01553	0.01331	0.00888	0.01331	0.00754	0.00888	0.00533	0.00399	0.00399	0.00133	0.00621	0.00311	0.00178	0.00621
14	0.00593	0.00430	0.00559	0.00527	0.00627	0.00396	0.00395	0.00790	0.01185	0.01675	0.80877	0.03158	0.05478	0.00863	0.00496	0.00132	0.00199	0.00763	0.00461	0.00396
15	0.00872	0.00747	0.00872	0.00623	0.00996	0.00560	0.00498	0.01058	0.00872	0.01370	0.00747	0.00872	0.00623	0.00311	0.00311	0.00062	0.00311	0.00249	0.00249	0.87796
16	0.00497	0.00426	0.00426	0.00426	0.00568	0.00355	0.00319	0.00603	0.00958	0.01136	0.04259	0.04046	0.82433	0.01065	0.00497	0.00142	0.00213	0.00887	0.00390	0.00355
17	0.01242	0.00988	0.01052	0.00889	0.01161	0.01120	0.00708	0.27808	0.54269	0.03764	0.01483	0.01384	0.01094	0.00548	0.00425	0.00137	0.00375	0.00443	0.00427	0.00682
18	0.00611	0.00408	0.00458	0.00458	0.00458	0.00408	0.00255	0.00611	0.00611	0.00815	0.01325	0.02751	0.01528	0.85226	0.02140	0.00408	0.00408	0.00611	0.00255	0.00255
19	0.00590	0.00430	0.00555	0.00524	0.00625	0.00394	0.00393	0.00783	0.01178	0.01657	0.78344	0.03187	0.08023	0.00870	0.00496	0.00133	0.00199	0.00767	0.00459	0.00394
20	0.01124	0.85479	0.02203	0.00719	0.01079	0.01663	0.00719	0.01259	0.00854	0.00989	0.00584	0.00674	0.00539	0.00360	0.00270	0.00090	0.00450	0.00225	0.00180	0.00539
21	0.00794	0.00747	0.01261	0.84216	0.02895	0.00934	0.01167	0.01074	0.00841	0.01074	0.00747	0.01121	0.00560	0.00420	0.00420	0.00140	0.00560	0.00374	0.00187	0.00467
22	0.00579	0.00421	0.00545	0.00530	0.00622	0.00387	0.00391	0.00756	0.01128	0.01577	0.67858	0.13476	0.08297	0.00929	0.00501	0.00138	0.00205	0.00822	0.00450	0.00387
23	0.00601	0.00450	0.00676	0.00676	0.00751	0.00525	0.00525	0.00751	0.00676	0.00976	0.01126	0.01651	0.01051	0.03153	0.83560	0.00676	0.01126	0.00450	0.00225	0.00375
24	0.88196	0.00813	0.00618	0.00553	0.00813	0.00943	0.00455	0.01236	0.00715	0.01886	0.00585	0.00683	0.00455	0.00390	0.00260	0.00130	0.00325	0.00228	0.00260	0.00455
25	0.00937	0.01845	0.58771	0.01232	0.01772	0.01013	0.12793	0.08232	0.05517	0.01475	0.01988	0.01003	0.00653	0.00418	0.00418	0.00134	0.00598	0.00358	0.00221	0.00621
26	0.01598	0.01177	0.01262	0.00967	0.01304	0.01304	0.00799	0.81202	0.01976	0.02649	0.01009	0.01009	0.00715	0.00505	0.00421	0.00126	0.00463	0.00378	0.00421	0.00715
27	0.01040	0.00999	0.01706	0.02580	0.82604	0.00999	0.01290	0.01290	0.00957	0.01373	0.00791	0.01040	0.00666	0.00375	0.00416	0.00125	0.00499	0.00375	0.00208	0.00666
28	0.00522	0.00372	0.00496	0.00592	0.00619	0.00349	0.00401	0.00599	0.00809	0.01077	0.02295	0.79636	0.02741	0.02824	0.00568	0.00176	0.00254	0.04939	0.00388	0.00342
29	0.85636	0.00810	0.00628	0.00559	0.00821	0.00933	0.00460	0.01260	0.00730	0.04289	0.00617	0.00705	0.00473	0.00394	0.00265	0.00130	0.00326	0.00233	0.00268	0.00463
30	0.75996	0.00874	0.00725	0.00627	0.00895	0.04271	0.02669	0.03348	0.00798	0.05727	0.00657	0.00742	0.00498	0.00400	0.00283	0.00129	0.00358	0.00250	0.00274	0.00479
31	0.01489	0.01169	0.01197	0.00952	0.01262	0.05755	0.00774	0.61473	0.17484	0.02387	0.01126	0.01104	0.00816	0.00514	0.00420	0.00128	0.00453	0.00391	0.00411	0.00693
32	0.00843	0.02174	0.83048	0.01198	0.01819	0.00976	0.01553	0.01331	0.00888	0.01331	0.00754	0.00888	0.00533	0.00399	0.00399	0.00133	0.00621	0.00311	0.00178	0.00621
33	0.00497	0.00426	0.00426	0.00426	0.00568	0.00355	0.00319	0.00603	0.00958	0.01136	0.04259	0.04046	0.82433	0.01065	0.00497	0.00142	0.00213	0.00887	0.00390	0.00355
34	0.00581	0.00417	0.00488	0.00486	0.00545	0.00393	0.00324	0.00665	0.00857	0.01142	0.24151	0.07615	0.18176	0.38916	0.01240	0.00262	0.00303	0.02769	0.00349	0.00321
35	0.00992	0.01134	0.02481	0.01772	0.02197	0.01063	0.81077	0.01347	0.00992	0.01347	0.00850	0.01134	0.00638	0.00354	0.00496	0.00142	0.00709	0.00496	0.00213	0.00567
36	0.00611	0.00408	0.00458	0.00458	0.00458	0.00408	0.00255	0.00611	0.00611	0.00815	0.01325	0.02751	0.01528	0.85226	0.02140	0.00408	0.00408	0.00611	0.00255	0.00255
37	0.01400	0.00623	0.00816	0.00661	0.00910	0.00549	0.00533	0.03503	0.01188	0.51508	0.21112	0.02151	0.11848	0.00668	0.00449	0.00132	0.00304	0.00559	0.00488	0.00595
38	0.01012	0.00990	0.01751	0.05564	0.68088	0.00988	0.10651	0.01271	0.00953	0.01351	0.00833	0.03103	0.00710	0.00397	0.00429	0.00129	0.00520	0.00409	0.00212	0.00639
39	0.37015	0.01088	0.00922	0.00772	0.01052	0.16976	0.00622	0.15777	0.01140	0.19593	0.00908	0.00920	0.00647	0.00447	0.00347	0.00125	0.00441	0.00306	0.00337	0.00565
40	0.00518	0.00370	0.00495	0.00592	0.00619	0.00347	0.00401	0.00596	0.00811	0.01080	0.02314	0.82037	0.02767	0.01311	0.00538	0.00172	0.00249	0.04051	0.00390	0.00343
41	0.00528	0.00377	0.00503	0.00585	0.00621	0.00353	0.00400	0.00620	0.00857	0.01154	0.12032	0.72387	0.02912	0.01256	0.00533	0.00167	0.00243	0.03723	0.00399	0.00350
42	0.00623	0.00488	0.00749	0.00721	0.00805	0.00567	0.02996	0.00776	0.00689	0.00991	0.01145	0.01646	0.02288	0.02946	0.76719	0.00633	0.04153	0.00456	0.00226	0.00384
43	0.00517	0.00368	0.00486	0.00579	0.00603	0.00345	0.00384	0.00587	0.00796	0.01061	0.02270	0.81025	0.02721	0.05326	0.00613	0.00182	0.00252	0.01167	0.00384	0.00337
44	0.00609	0.00407	0.00459	0.00461	0.00462	0.00406	0.00257	0.00611	0.00615	0.00820	0.01345	0.04418	0.01554	0.83524	0.02107	0.00403	0.00404	0.00623	0.00257	0.00256
45	0.03900	0.00673	0.00903	0.00715	0.00995	0.00601	0.00580	0.01817	0.01119	0.67974	0.03942	0.01553	0.01140	0.05590	0.06338	0.00184	0.00409	0.00440	0.00476	0.00649
46	0.01079	0.00895	0.00952	0.00851	0.01092	0.01028	0.00663	0.02226	0.78592	0.05031	0.01709	0.01563	0.01273	0.00568	0.00428	0.00142	0.00334	0.00473	0.00431	0.00667
