[name]
unknown

[dist]
# distance from previous block
# <min> <max>
23	115

[block]
# block no. 0 follows, 51 sequences, length 20
# corresponding to MSA columns:
# 149-168
name=unknown_A
#
# <colnr> <probs for GDERKNQSTAVLIFYWHMCP>
#	G	D	E	R	K	N	Q	S	T	A	V	L	I	F	Y	W	H	M	C	P
0	0.03762	0.04490	0.12376	0.03810	0.16372	0.11151	0.02245	0.05061	0.03913	0.06995	0.07548	0.03933	0.06874	0.00677	0.02187	0.00157	0.00558	0.00508	0.00334	0.07048
1	0.04192	0.08398	0.07506	0.03264	0.09236	0.14010	0.08809	0.03296	0.05141	0.07636	0.10784	0.07930	0.03711	0.01845	0.00520	0.00154	0.00554	0.00564	0.00349	0.02104
2	0.04679	0.11431	0.07635	0.01244	0.12493	0.09693	0.03189	0.05019	0.07860	0.07132	0.09589	0.07564	0.03856	0.00649	0.00471	0.00144	0.00504	0.00539	0.01523	0.04787
3	0.05319	0.06623	0.08452	0.01252	0.09921	0.14693	0.04195	0.10249	0.06435	0.06662	0.05152	0.06950	0.05122	0.02153	0.00560	0.01262	0.02286	0.00528	0.00351	0.01837
4	0.15361	0.06064	0.07538	0.02821	0.17394	0.10586	0.02230	0.14446	0.03542	0.04169	0.04793	0.03369	0.02231	0.00568	0.00484	0.00149	0.02813	0.00443	0.00332	0.00669
5	0.04015	0.11306	0.21499	0.04440	0.05458	0.04306	0.06117	0.04305	0.03517	0.03096	0.05786	0.07474	0.07603	0.00666	0.00479	0.00150	0.00536	0.02696	0.02847	0.03701
6	0.11219	0.03563	0.02844	0.16205	0.18968	0.06006	0.01009	0.09063	0.07737	0.01751	0.05849	0.04888	0.05002	0.00605	0.00471	0.00151	0.00515	0.00505	0.00329	0.03319
7	0.00635	0.00462	0.00602	0.00673	0.00740	0.00429	0.00480	0.00768	0.01071	0.01435	0.19566	0.51931	0.10007	0.01382	0.00617	0.00189	0.00285	0.07832	0.00474	0.00419
8	0.00707	0.00481	0.00572	0.00576	0.00593	0.00487	0.00349	0.00742	0.00768	0.01040	0.05492	0.06951	0.01939	0.65886	0.11012	0.00482	0.00548	0.00736	0.00314	0.00327
9	0.01380	0.06037	0.01278	0.01014	0.01323	0.01317	0.00812	0.22929	0.50481	0.02255	0.01725	0.04581	0.01333	0.00663	0.00491	0.00159	0.00434	0.00539	0.00479	0.00771
10	0.01272	0.03591	0.10357	0.04599	0.18606	0.01009	0.05697	0.08379	0.05831	0.12017	0.03855	0.05049	0.02745	0.00613	0.01687	0.00152	0.00526	0.00498	0.00354	0.13164
11	0.01344	0.15986	0.29477	0.03605	0.04506	0.08285	0.03514	0.11898	0.08741	0.06530	0.01054	0.01138	0.00784	0.00505	0.00451	0.00144	0.00625	0.00390	0.00305	0.00717
12	0.01086	0.08245	0.51678	0.03755	0.03599	0.01132	0.08783	0.01539	0.01068	0.06651	0.01084	0.05306	0.00867	0.00545	0.00482	0.00157	0.00666	0.02407	0.00258	0.00692
13	0.00598	0.00432	0.00566	0.00674	0.00710	0.00400	0.00452	0.00685	0.00951	0.01259	0.02834	0.78122	0.07456	0.01523	0.00625	0.00198	0.00283	0.01377	0.00456	0.00400
14	0.03014	0.01119	0.05168	0.08269	0.19099	0.01060	0.08788	0.13923	0.03536	0.25838	0.01369	0.04382	0.01009	0.00565	0.00501	0.00155	0.00543	0.00503	0.00407	0.00754
15	0.01127	0.02893	0.07966	0.15168	0.33307	0.01100	0.14815	0.01474	0.03505	0.04399	0.01121	0.06379	0.00960	0.02963	0.00568	0.00166	0.00615	0.00527	0.00273	0.00677
16	0.00770	0.00553	0.00742	0.00725	0.00804	0.00616	0.00532	0.04716	0.00852	0.01205	0.01384	0.02257	0.01369	0.26026	0.52094	0.00649	0.01006	0.00574	0.02706	0.00419
17	0.01566	0.09108	0.01421	0.01174	0.04286	0.40002	0.00887	0.11606	0.14808	0.01667	0.07746	0.01328	0.01156	0.00577	0.00461	0.00137	0.00657	0.00422	0.00346	0.00644
18	0.57028	0.03334	0.04748	0.00841	0.01156	0.18434	0.00706	0.01627	0.05272	0.01922	0.00783	0.00886	0.00614	0.00478	0.00353	0.00146	0.00511	0.00298	0.00297	0.00566
19	0.00869	0.02731	0.23665	0.03359	0.03331	0.00803	0.00950	0.03100	0.04777	0.02696	0.14401	0.18862	0.12447	0.00901	0.00564	0.00165	0.02707	0.00767	0.00376	0.02531

[dist]
# distance from previous block
# <min> <max>
0	4

[block]
# block no. 1 follows, 51 sequences, length 30
# corresponding to MSA columns:
# 173-202
name=unknown_B
#
# <colnr> <probs for GDERKNQSTAVLIFYWHMCP>
#	G	D	E	R	K	N	Q	S	T	A	V	L	I	F	Y	W	H	M	C	P
0	0.31671	0.03512	0.08383	0.03134	0.14008	0.04737	0.03529	0.01470	0.02315	0.04593	0.00937	0.03540	0.00784	0.02811	0.00480	0.00151	0.01838	0.00386	0.00292	0.11429
1	0.00595	0.00441	0.00556	0.00648	0.00703	0.00402	0.00440	0.00688	0.00976	0.01269	0.03151	0.67254	0.18120	0.01482	0.00618	0.00193	0.00278	0.01327	0.00456	0.00402
2	0.00702	0.00527	0.00790	0.00790	0.00878	0.00614	0.00614	0.00878	0.00790	0.01141	0.01316	0.01931	0.01229	0.03686	0.80782	0.00790	0.01316	0.00527	0.00263	0.00439
3	0.00602	0.00439	0.00568	0.00661	0.00709	0.00404	0.00448	0.00700	0.00985	0.01303	0.07293	0.69848	0.11273	0.01479	0.00620	0.00194	0.00278	0.01331	0.00461	0.00404
4	0.02001	0.00981	0.01211	0.00936	0.01303	0.00952	0.00770	0.25605	0.01684	0.51118	0.06853	0.01654	0.01326	0.00629	0.00499	0.00151	0.00444	0.00504	0.00568	0.00811
5	0.00598	0.00488	0.00529	0.00542	0.00680	0.00419	0.00398	0.00731	0.01128	0.01400	0.14275	0.16399	0.58187	0.01258	0.00588	0.00170	0.00252	0.01073	0.00467	0.00419
6	0.00609	0.00437	0.00580	0.00692	0.00728	0.00408	0.00472	0.00702	0.00955	0.01268	0.02753	0.76632	0.04906	0.01523	0.00629	0.00200	0.00293	0.05355	0.00456	0.00402
7	0.86201	0.00950	0.00722	0.00646	0.00950	0.01102	0.00532	0.01445	0.00836	0.02205	0.00684	0.00798	0.00532	0.00456	0.00304	0.00152	0.00380	0.00266	0.00304	0.00532
8	0.01232	0.05578	0.06434	0.07380	0.10578	0.09721	0.17539	0.07846	0.12379	0.01656	0.04025	0.03414	0.02232	0.00641	0.02204	0.00170	0.05485	0.00509	0.00315	0.00661
9	0.00676	0.00502	0.00630	0.00598	0.00722	0.00455	0.00449	0.00890	0.01346	0.01863	0.66922	0.03848	0.17187	0.01045	0.00580	0.00156	0.00235	0.00914	0.00527	0.00455
10	0.00711	0.00490	0.00606	0.00606	0.00631	0.00515	0.00386	0.00760	0.00736	0.01005	0.01484	0.02859	0.01632	0.60783	0.24235	0.00563	0.00710	0.00662	0.00288	0.00337
11	0.01356	0.76567	0.02480	0.00875	0.01282	0.08253	0.00850	0.01511	0.01030	0.01160	0.00689	0.00796	0.00631	0.00427	0.00326	0.00107	0.00554	0.00267	0.00214	0.00626
12	0.00696	0.00502	0.00657	0.00618	0.00734	0.00464	0.00464	0.00927	0.01391	0.01971	0.79405	0.03671	0.04637	0.01005	0.00580	0.00155	0.00232	0.00889	0.00541	0.00464
13	0.03416	0.01225	0.05808	0.01089	0.01429	0.01287	0.03986	0.20311	0.51200	0.02257	0.01669	0.01588	0.01239	0.00622	0.00495	0.00161	0.00462	0.00512	0.00466	0.00778
14	0.01220	0.03202	0.08214	0.13957	0.49725	0.01179	0.03484	0.05165	0.03544	0.04158	0.00988	0.01240	0.00783	0.00467	0.00485	0.00150	0.00597	0.00437	0.00268	0.00738
15	0.80598	0.00962	0.00762	0.00671	0.00980	0.01106	0.00553	0.04254	0.00907	0.04590	0.00740	0.00839	0.00564	0.00466	0.00317	0.00152	0.00387	0.00279	0.00320	0.00552
16	0.01481	0.01263	0.15074	0.10366	0.08745	0.03252	0.06481	0.09399	0.01326	0.26908	0.05373	0.01646	0.05265	0.00590	0.00502	0.00154	0.00550	0.00504	0.00403	0.00718
17	0.01195	0.01190	0.03801	0.15135	0.56851	0.03223	0.06996	0.01502	0.01111	0.02937	0.00934	0.01234	0.00757	0.00450	0.00493	0.00150	0.00621	0.00444	0.00246	0.00728
18	0.00999	0.00959	0.01339	0.01168	0.01179	0.01312	0.00956	0.01108	0.00755	0.01160	0.00801	0.01349	0.00807	0.07438	0.11952	0.00309	0.65211	0.00464	0.00228	0.00507
19	0.00702	0.00527	0.00790	0.00790	0.00878	0.00614	0.00614	0.00878	0.00790	0.01141	0.01316	0.01931	0.01229	0.03686	0.80782	0.00790	0.01316	0.00527	0.00263	0.00439
20	0.63527	0.03009	0.04579	0.00857	0.05363	0.01103	0.00687	0.04337	0.00980	0.10482	0.00859	0.00939	0.00636	0.00476	0.00349	0.00151	0.00421	0.00311	0.00333	0.00601
21	0.01111	0.00981	0.01361	0.03503	0.17874	0.00878	0.05181	0.06176	0.03846	0.01695	0.02532	0.01205	0.00865	0.00524	0.02854	0.00127	0.00483	0.00380	0.00301	0.48124
22	0.79147	0.03347	0.00814	0.00683	0.00991	0.03908	0.00564	0.03005	0.00890	0.02158	0.00697	0.00809	0.00545	0.00460	0.00313	0.00150	0.00405	0.00271	0.00303	0.00542
23	0.18576	0.01205	0.13096	0.02742	0.08828	0.02335	0.05019	0.09974	0.01232	0.18151	0.01226	0.01360	0.00896	0.00534	0.00439	0.00149	0.00497	0.01879	0.11184	0.00678
24	0.06142	0.01217	0.03142	0.01049	0.01417	0.05451	0.04484	0.26418	0.20362	0.13766	0.01392	0.01360	0.01005	0.00563	0.00471	0.00145	0.00494	0.00449	0.00447	0.10226
25	0.00702	0.00527	0.00790	0.00790	0.00878	0.00614	0.00614	0.00878	0.00790	0.01141	0.01316	0.01931	0.01229	0.03686	0.80782	0.00790	0.01316	0.00527	0.00263	0.00439
26	0.01295	0.01349	0.01512	0.01288	0.01384	0.16550	0.02728	0.08512	0.01029	0.01374	0.00724	0.01055	0.00663	0.00758	0.01263	0.00191	0.57089	0.00413	0.00249	0.00574
27	0.10886	0.03516	0.00853	0.00727	0.00894	0.00721	0.00563	0.02917	0.01027	0.14856	0.10495	0.02373	0.02816	0.18162	0.16872	0.00348	0.02779	0.04680	0.04003	0.00511
28	0.00714	0.00478	0.00545	0.00545	0.00548	0.00481	0.00309	0.00720	0.00717	0.00959	0.01540	0.03171	0.01767	0.79981	0.05223	0.00487	0.00506	0.00708	0.00297	0.00303
29	0.01049	0.00713	0.00845	0.00751	0.00955	0.00717	0.00582	0.04901	0.19652	0.11732	0.40486	0.02984	0.10859	0.00881	0.00546	0.00158	0.00308	0.00756	0.00529	0.00596

[dist]
# distance from previous block
# <min> <max>
0	2

[block]
# block no. 2 follows, 51 sequences, length 16
# corresponding to MSA columns:
# 205-220
name=unknown_C
#
# <colnr> <probs for GDERKNQSTAVLIFYWHMCP>
#	G	D	E	R	K	N	Q	S	T	A	V	L	I	F	Y	W	H	M	C	P
0	0.79668	0.00942	0.00755	0.00664	0.00974	0.01073	0.00547	0.01518	0.00881	0.08256	0.00782	0.00866	0.00585	0.00468	0.00319	0.00152	0.00383	0.00284	0.00328	0.00556
1	0.01033	0.00980	0.01668	0.44709	0.29069	0.01109	0.04566	0.01335	0.01028	0.01397	0.00948	0.03290	0.00778	0.00512	0.00536	0.00160	0.03721	0.00467	0.02070	0.00624
2	0.01314	0.83025	0.02575	0.00841	0.01261	0.01945	0.00841	0.01472	0.00999	0.01156	0.00683	0.00788	0.00631	0.00420	0.00315	0.00105	0.00526	0.00263	0.00210	0.00631
3	0.23345	0.00965	0.01026	0.00830	0.01172	0.06856	0.00676	0.02050	0.01249	0.51011	0.01662	0.01523	0.04346	0.00589	0.00446	0.00151	0.00437	0.00446	0.00498	0.00721
4	0.01817	0.01351	0.01446	0.01120	0.01505	0.01500	0.00922	0.72091	0.08328	0.03015	0.01244	0.01231	0.00888	0.00596	0.00492	0.00149	0.00529	0.00451	0.00492	0.00831
5	0.00960	0.00801	0.01277	0.38504	0.12213	0.00891	0.02434	0.01266	0.03968	0.05417	0.13086	0.13965	0.01725	0.00731	0.00527	0.00165	0.00507	0.00660	0.00337	0.00567
6	0.10844	0.01121	0.01229	0.00963	0.01333	0.05308	0.00790	0.29261	0.01669	0.40234	0.01474	0.01364	0.00978	0.00580	0.00471	0.00149	0.00483	0.00442	0.00516	0.00790
7	0.00703	0.00471	0.00540	0.00551	0.00554	0.00468	0.00314	0.00712	0.00738	0.00984	0.01668	0.11356	0.01937	0.74384	0.02309	0.00448	0.00457	0.00785	0.00314	0.00308
8	0.00670	0.00561	0.00738	0.00661	0.00830	0.00497	0.06264	0.00852	0.01211	0.01569	0.31578	0.04048	0.44291	0.03281	0.00632	0.00170	0.00293	0.00940	0.00467	0.00448
9	0.01358	0.03983	0.01234	0.01026	0.01328	0.04046	0.00813	0.15569	0.60220	0.02175	0.01770	0.01652	0.01325	0.00639	0.00490	0.00160	0.00437	0.00518	0.00480	0.00776
10	0.81915	0.00972	0.00761	0.00671	0.00980	0.01124	0.00553	0.05336	0.00911	0.02250	0.00709	0.00818	0.00548	0.00463	0.00314	0.00152	0.00388	0.00275	0.00314	0.00548
11	0.01218	0.24322	0.29637	0.01535	0.14852	0.10585	0.06658	0.01556	0.01088	0.01409	0.00863	0.02570	0.00711	0.00471	0.00437	0.00138	0.00664	0.00378	0.00227	0.00680
12	0.00717	0.00482	0.00556	0.00569	0.00578	0.00481	0.00340	0.00737	0.00754	0.01002	0.01667	0.06041	0.01914	0.73861	0.02301	0.00448	0.00468	0.06456	0.00315	0.00313
13	0.01332	0.13315	0.17539	0.03626	0.07930	0.12789	0.01139	0.09084	0.16606	0.03028	0.01087	0.01188	0.00846	0.00553	0.00555	0.00150	0.07824	0.00404	0.00311	0.00695
14	0.01352	0.24765	0.24641	0.01374	0.10993	0.05381	0.05618	0.03592	0.04531	0.11790	0.01026	0.01119	0.00773	0.00480	0.00437	0.00139	0.00607	0.00381	0.00290	0.00713
15	0.04104	0.12256	0.26437	0.01263	0.09608	0.05884	0.01147	0.07568	0.04780	0.01585	0.03931	0.01385	0.00987	0.05044	0.11718	0.00250	0.00703	0.00427	0.00279	0.00643

[dist]
# distance from previous block
# <min> <max>
0	6

[block]
# block no. 3 follows, 51 sequences, length 61
# corresponding to MSA columns:
# 227-255,263-294
name=unknown_D
#
# <colnr> <probs for GDERKNQSTAVLIFYWHMCP>
#	G	D	E	R	K	N	Q	S	T	A	V	L	I	F	Y	W	H	M	C	P
0	0.01289	0.05253	0.01228	0.04526	0.08247	0.04335	0.00830	0.11070	0.27304	0.09728	0.04231	0.09149	0.06122	0.00755	0.00511	0.00161	0.00447	0.03685	0.00443	0.00687
1	0.01308	0.72787	0.09207	0.00901	0.01346	0.01858	0.00929	0.04586	0.01055	0.01269	0.00720	0.00826	0.00638	0.00431	0.00336	0.00111	0.00543	0.00279	0.00221	0.00647
2	0.01273	0.62436	0.02278	0.02502	0.01306	0.05340	0.00885	0.01423	0.00974	0.01167	0.00733	0.02827	0.00697	0.00525	0.00544	0.00127	0.13816	0.00323	0.00219	0.00605
3	0.00715	0.00572	0.00652	0.00622	0.00755	0.03068	0.00465	0.00942	0.03102	0.01780	0.55808	0.05751	0.21843	0.01050	0.00575	0.00158	0.00262	0.00910	0.00509	0.00461
4	0.03428	0.06017	0.02592	0.00882	0.01132	0.01006	0.00709	0.31437	0.03303	0.05270	0.04256	0.28599	0.07419	0.00952	0.00530	0.00165	0.00415	0.00804	0.00456	0.00625
5	0.12693	0.30119	0.03521	0.00990	0.01382	0.01574	0.03287	0.30587	0.07907	0.02127	0.00995	0.01047	0.00771	0.00511	0.00408	0.00135	0.00515	0.00368	0.00354	0.00711
6	0.00612	0.00437	0.00570	0.00670	0.00703	0.00410	0.00448	0.00695	0.00934	0.01238	0.02699	0.71416	0.06004	0.08069	0.00778	0.00221	0.00303	0.02960	0.00443	0.00393
7	0.05226	0.04476	0.03996	0.03676	0.12242	0.01333	0.00982	0.35431	0.19218	0.04832	0.01324	0.02870	0.01003	0.00586	0.00480	0.00152	0.00505	0.00470	0.00426	0.00773
8	0.04240	0.05765	0.00943	0.00741	0.00979	0.08915	0.00574	0.02393	0.01060	0.02986	0.04516	0.11590	0.06040	0.05469	0.04027	0.00174	0.01716	0.01688	0.11501	0.24684
9	0.03155	0.12087	0.06682	0.05389	0.09626	0.14549	0.11672	0.15292	0.04302	0.08940	0.01038	0.01161	0.00784	0.00511	0.00497	0.00145	0.02730	0.00417	0.00326	0.00698
10	0.01166	0.34949	0.28798	0.01387	0.05367	0.01490	0.17449	0.01523	0.01051	0.01400	0.00827	0.01005	0.00659	0.00436	0.00430	0.00137	0.00660	0.00371	0.00219	0.00676
11	0.00744	0.00491	0.00615	0.00662	0.00755	0.00448	0.00464	0.00875	0.02506	0.07711	0.06420	0.53559	0.18704	0.02810	0.00636	0.00191	0.00292	0.01200	0.00470	0.00446
12	0.04464	0.00860	0.01326	0.08401	0.30091	0.00868	0.05003	0.04117	0.01105	0.01539	0.06088	0.13872	0.12840	0.06474	0.00664	0.00183	0.00474	0.00710	0.00336	0.00586
13	0.08517	0.04773	0.04331	0.01030	0.01407	0.03123	0.00874	0.43110	0.09582	0.14747	0.02810	0.01311	0.00990	0.00584	0.00470	0.00149	0.00502	0.00443	0.00468	0.00780
14	0.00599	0.00439	0.00564	0.00658	0.00707	0.00403	0.00446	0.00695	0.00978	0.01287	0.05428	0.69828	0.13195	0.01484	0.00620	0.00194	0.00279	0.01334	0.00459	0.00403
15	0.01299	0.12744	0.03790	0.02454	0.07736	0.14588	0.05560	0.06464	0.03432	0.08668	0.08028	0.10181	0.02912	0.00776	0.02073	0.00165	0.04814	0.03346	0.00354	0.00614
16	0.04421	0.25592	0.07583	0.01265	0.07643	0.20148	0.04654	0.01620	0.06644	0.01357	0.00872	0.01054	0.00738	0.00677	0.04580	0.00173	0.09739	0.00365	0.00252	0.00624
17	0.00854	0.00427	0.00640	0.00640	0.00640	0.00427	0.00427	0.00640	0.00640	0.00854	0.00854	0.01494	0.00854	0.01707	0.01921	0.85702	0.00427	0.00427	0.00213	0.00213
18	0.00918	0.00727	0.01107	0.13107	0.12246	0.00733	0.05036	0.02496	0.02747	0.05732	0.18940	0.17803	0.09861	0.00913	0.00555	0.00167	0.00416	0.03925	0.02025	0.00546
19	0.03014	0.14599	0.09520	0.03388	0.20032	0.09044	0.23824	0.06421	0.01195	0.01575	0.00928	0.02545	0.00756	0.00468	0.00480	0.00146	0.00679	0.00446	0.00257	0.00683
20	0.00833	0.00605	0.00688	0.00687	0.02573	0.00636	0.00423	0.02958	0.12702	0.01195	0.01588	0.02877	0.01682	0.64363	0.03881	0.00420	0.00486	0.00673	0.00331	0.00399
21	0.00700	0.00519	0.00762	0.00765	0.00843	0.00596	0.00582	0.00858	0.00788	0.01128	0.01376	0.04324	0.01334	0.10441	0.71758	0.00746	0.01215	0.00567	0.00272	0.00425
22	0.01265	0.11397	0.05570	0.16072	0.21628	0.13423	0.05095	0.01530	0.02355	0.04366	0.00971	0.01212	0.02374	0.00533	0.00598	0.00152	0.10145	0.00417	0.00254	0.00645
23	0.01185	0.07062	0.20452	0.05465	0.44017	0.01211	0.04637	0.02577	0.04045	0.03320	0.00965	0.01186	0.00763	0.00459	0.00475	0.00148	0.00615	0.00420	0.00253	0.00744
24	0.01315	0.17285	0.19350	0.01581	0.18274	0.18322	0.03711	0.01751	0.11020	0.01479	0.00973	0.01107	0.00775	0.00484	0.00445	0.00139	0.00652	0.00382	0.00264	0.00690
25	0.00702	0.00527	0.00790	0.00790	0.00878	0.00614	0.00614	0.00878	0.00790	0.01141	0.01316	0.01931	0.01229	0.03686	0.80782	0.00790	0.01316	0.00527	0.00263	0.00439
26	0.00917	0.03688	0.07580	0.01263	0.16101	0.00842	0.04739	0.01327	0.12164	0.01637	0.17069	0.07787	0.17723	0.00832	0.00533	0.00159	0.00416	0.02371	0.00395	0.02456
27	0.00835	0.00782	0.06201	0.06055	0.04485	0.00747	0.05163	0.03502	0.00902	0.01281	0.01245	0.01897	0.01158	0.13788	0.45363	0.00550	0.00990	0.00525	0.01627	0.02904
28	0.01017	0.00987	0.04469	0.02110	0.48981	0.00918	0.01154	0.01288	0.01178	0.01656	0.19135	0.02231	0.09066	0.00672	0.00522	0.00153	0.00474	0.02993	0.00336	0.00661
29	0.86201	0.00950	0.00722	0.00646	0.00950	0.01102	0.00532	0.01445	0.00836	0.02205	0.00684	0.00798	0.00532	0.00456	0.00304	0.00152	0.00380	0.00266	0.00304	0.00532
30	0.01126	0.01072	0.01720	0.06952	0.58280	0.03106	0.01306	0.01389	0.01114	0.01566	0.08144	0.05204	0.01245	0.01922	0.00577	0.00158	0.03619	0.00524	0.00279	0.00697
31	0.00604	0.00432	0.00575	0.00680	0.00714	0.00403	0.00457	0.00699	0.00967	0.01297	0.07240	0.77756	0.03332	0.01508	0.00624	0.00197	0.00282	0.01367	0.00461	0.00403
32	0.00894	0.00790	0.00742	0.00715	0.02587	0.10208	0.00526	0.04478	0.01274	0.04748	0.19366	0.03685	0.46095	0.01033	0.00554	0.00157	0.00350	0.00857	0.00452	0.00488
33	0.86201	0.00950	0.00722	0.00646	0.00950	0.01102	0.00532	0.01445	0.00836	0.02205	0.00684	0.00798	0.00532	0.00456	0.00304	0.00152	0.00380	0.00266	0.00304	0.00532
34	0.00963	0.00910	0.01538	0.71903	0.12753	0.01101	0.01382	0.01287	0.00999	0.01299	0.00880	0.01299	0.00670	0.00485	0.00491	0.00162	0.00646	0.00437	0.00221	0.00574
35	0.00715	0.00520	0.00712	0.00707	0.00760	0.00583	0.00507	0.00824	0.00761	0.01072	0.01387	0.02389	0.01423	0.33044	0.49822	0.00660	0.02854	0.00594	0.00275	0.00389
36	0.00704	0.00519	0.00752	0.00752	0.00827	0.00594	0.00568	0.00853	0.00779	0.01113	0.01351	0.02120	0.01311	0.15352	0.69228	0.00744	0.01192	0.00554	0.00268	0.00418
37	0.03023	0.59070	0.05281	0.00987	0.02614	0.16313	0.00910	0.02743	0.01086	0.01238	0.00716	0.00836	0.00635	0.00452	0.00380	0.00116	0.02467	0.00286	0.00225	0.00625
38	0.02505	0.06226	0.32282	0.01481	0.14076	0.04708	0.03224	0.08877	0.06350	0.07762	0.01159	0.01273	0.02514	0.00615	0.03069	0.00169	0.00635	0.00420	0.00304	0.02351
39	0.03198	0.17654	0.05858	0.05703	0.07146	0.21217	0.06976	0.05109	0.05355	0.02932	0.00953	0.01188	0.00795	0.02861	0.06349	0.01841	0.03583	0.00397	0.00271	0.00614
40	0.86201	0.00950	0.00722	0.00646	0.00950	0.01102	0.00532	0.01445	0.00836	0.02205	0.00684	0.00798	0.00532	0.00456	0.00304	0.00152	0.00380	0.00266	0.00304	0.00532
41	0.03996	0.03039	0.16638	0.06840	0.17875	0.09944	0.08177	0.11254	0.07818	0.04382	0.03082	0.01331	0.02375	0.00526	0.00484	0.00151	0.00621	0.00449	0.00314	0.00704
42	0.01068	0.01134	0.14232	0.00909	0.03097	0.02114	0.00813	0.01351	0.02531	0.06985	0.01226	0.09340	0.02393	0.00542	0.00427	0.00111	0.00433	0.00450	0.00321	0.50522
43	0.01222	0.01056	0.01111	0.01000	0.01278	0.01222	0.00778	0.02611	0.78776	0.02056	0.02000	0.01833	0.01500	0.00667	0.00500	0.00167	0.00389	0.00556	0.00500	0.00778
44	0.02662	0.05884	0.13727	0.04335	0.11058	0.05027	0.05103	0.07639	0.05637	0.14267	0.06882	0.03524	0.01219	0.00577	0.00478	0.00145	0.00533	0.01926	0.00365	0.09013
45	0.00797	0.01071	0.20833	0.00989	0.01242	0.00793	0.02512	0.01074	0.00858	0.01256	0.01175	0.01661	0.01044	0.02702	0.55947	0.00596	0.04202	0.00483	0.00247	0.00519
46	0.07482	0.00892	0.00924	0.05313	0.01106	0.10663	0.00675	0.08986	0.01055	0.01429	0.01408	0.12740	0.01443	0.14674	0.15136	0.05190	0.04622	0.05464	0.00325	0.00474
47	0.01061	0.05060	0.07716	0.10156	0.13779	0.03953	0.05247	0.02590	0.00946	0.01322	0.00938	0.04613	0.00863	0.02371	0.08487	0.03554	0.26049	0.00477	0.00243	0.00577
48	0.01173	0.06603	0.16327	0.03202	0.19449	0.09952	0.14564	0.03081	0.01156	0.03395	0.04386	0.05224	0.03936	0.00679	0.03040	0.00173	0.00659	0.02063	0.00285	0.00653
49	0.00667	0.00494	0.00607	0.00605	0.00701	0.00467	0.00435	0.00812	0.01094	0.01470	0.30812	0.10586	0.21028	0.16710	0.09139	0.00288	0.00403	0.02833	0.00438	0.00413
50	0.01069	0.04373	0.07889	0.03050	0.20908	0.04858	0.23234	0.01354	0.01085	0.01464	0.03024	0.12530	0.03060	0.02460	0.00635	0.00171	0.04786	0.03139	0.00288	0.00621
51	0.04166	0.02834	0.14671	0.09504	0.17097	0.04739	0.05746	0.07819	0.05006	0.08350	0.01253	0.08583	0.01072	0.00632	0.00546	0.00161	0.04082	0.02739	0.00325	0.00675
52	0.00952	0.00865	0.01435	0.11632	0.35933	0.00876	0.04822	0.01186	0.01057	0.01444	0.01700	0.23910	0.04787	0.00846	0.00548	0.00171	0.00499	0.06412	0.00323	0.00602
53	0.00660	0.00501	0.00638	0.00654	0.00765	0.00450	0.02633	0.00793	0.01082	0.02902	0.14010	0.36049	0.30539	0.03246	0.00646	0.00187	0.00292	0.03064	0.00461	0.00429
54	0.01227	0.01500	0.21704	0.01742	0.21532	0.04166	0.12518	0.07094	0.03064	0.07658	0.01401	0.03070	0.07346	0.00575	0.00541	0.00157	0.03182	0.00510	0.00308	0.00704
55	0.01084	0.05243	0.19403	0.07184	0.12363	0.06177	0.19339	0.03064	0.01105	0.01479	0.02606	0.06627	0.05107	0.03775	0.00623	0.00171	0.03200	0.00550	0.00270	0.00629
56	0.08195	0.00817	0.01014	0.00812	0.01132	0.00766	0.00663	0.08474	0.01376	0.51815	0.04273	0.03638	0.01322	0.00637	0.00469	0.00149	0.00392	0.01630	0.11695	0.00736
57	0.01093	0.03168	0.30200	0.05875	0.29241	0.04765	0.08053	0.01466	0.01077	0.01504	0.01031	0.07112	0.00886	0.00551	0.00514	0.01397	0.00649	0.00484	0.00245	0.00690
58	0.01256	0.07034	0.20196	0.06475	0.18878	0.04515	0.06277	0.01587	0.02278	0.13710	0.04277	0.05571	0.03324	0.00586	0.00507	0.00153	0.01860	0.00506	0.00320	0.00688
59	0.01290	0.07644	0.31279	0.02635	0.07907	0.02500	0.10375	0.04270	0.05461	0.14917	0.02747	0.03217	0.02453	0.00545	0.00486	0.00153	0.00608	0.00470	0.00327	0.00717
60	0.01204	0.07150	0.14232	0.04421	0.37701	0.04370	0.12690	0.05733	0.01173	0.01605	0.01045	0.02947	0.02526	0.00491	0.00489	0.00149	0.00636	0.00464	0.00259	0.00715

[dist]
# distance from previous block
# <min> <max>
0	3

[block]
# block no. 4 follows, 51 sequences, length 17
# corresponding to MSA columns:
# 298-314
name=unknown_E
#
# <colnr> <probs for GDERKNQSTAVLIFYWHMCP>
#	G	D	E	R	K	N	Q	S	T	A	V	L	I	F	Y	W	H	M	C	P
0	0.02654	0.11319	0.29891	0.03446	0.09534	0.09327	0.06934	0.01661	0.02726	0.11661	0.02265	0.04465	0.00910	0.00533	0.00467	0.00148	0.00633	0.00441	0.00294	0.00690
1	0.01107	0.03119	0.21349	0.08011	0.14012	0.10338	0.10808	0.01450	0.02908	0.01455	0.04428	0.05994	0.02869	0.02526	0.00641	0.00167	0.07403	0.00515	0.00268	0.00631
2	0.00889	0.03157	0.23892	0.08311	0.13191	0.00870	0.02197	0.01195	0.02150	0.01399	0.01742	0.15312	0.09827	0.08229	0.02108	0.00201	0.00540	0.01711	0.00302	0.02777
3	0.04728	0.03311	0.08173	0.15873	0.40521	0.04884	0.04767	0.01434	0.01077	0.01510	0.01017	0.03284	0.00882	0.00595	0.02374	0.00169	0.00627	0.03847	0.00253	0.00674
4	0.00974	0.01119	0.13226	0.14851	0.09680	0.00937	0.13504	0.03737	0.03739	0.03105	0.02733	0.18402	0.06374	0.00788	0.00562	0.00171	0.01911	0.03265	0.00327	0.00595
5	0.01070	0.03385	0.14475	0.06966	0.25363	0.04192	0.07025	0.03121	0.05347	0.01559	0.02912	0.06462	0.04809	0.00690	0.00524	0.00164	0.00574	0.10400	0.00309	0.00649
6	0.00707	0.00499	0.00655	0.00664	0.00706	0.00536	0.00457	0.00793	0.00770	0.01063	0.01530	0.06083	0.01639	0.42545	0.36258	0.00593	0.00831	0.03009	0.00294	0.00368
7	0.01019	0.00873	0.01019	0.00728	0.01165	0.00655	0.00582	0.01237	0.01019	0.01601	0.00873	0.01019	0.00728	0.00364	0.00364	0.00073	0.00364	0.00291	0.00291	0.85734
8	0.06544	0.06923	0.01152	0.00776	0.01190	0.00874	0.00635	0.06778	0.05871	0.01741	0.00938	0.01049	0.00763	0.00409	0.00374	0.00091	0.00391	0.00314	0.00313	0.62873
9	0.00916	0.00458	0.00458	0.00458	0.00573	0.00458	0.00344	0.01145	0.01031	0.01832	0.01603	0.01832	0.01260	0.00573	0.00344	0.00115	0.00229	0.00458	0.85457	0.00458
10	0.01836	0.02342	0.01393	0.01266	0.01519	0.80756	0.00950	0.01962	0.01393	0.01203	0.00760	0.00886	0.00633	0.00506	0.00443	0.00127	0.00886	0.00317	0.00253	0.00570
11	0.00788	0.00546	0.00659	0.00636	0.00794	0.00494	0.00497	0.01000	0.02981	0.07530	0.33066	0.04131	0.33220	0.01106	0.00585	0.00168	0.00284	0.10535	0.00501	0.00478
12	0.01062	0.05108	0.70687	0.01329	0.02008	0.01125	0.01681	0.01587	0.01068	0.06271	0.03030	0.01137	0.00765	0.00488	0.00466	0.00154	0.00688	0.00382	0.00241	0.00723
13	0.00837	0.00436	0.00646	0.00646	0.00651	0.00442	0.00434	0.00659	0.00654	0.00877	0.00916	0.01600	0.00921	0.05468	0.07230	0.76197	0.00489	0.00446	0.00221	0.00232
14	0.01524	0.10448	0.01656	0.01586	0.22165	0.13747	0.01045	0.27818	0.07881	0.02056	0.04564	0.01265	0.00991	0.00543	0.00468	0.00141	0.00578	0.00431	0.00360	0.00735
15	0.01320	0.01128	0.11463	0.04773	0.03648	0.00865	0.15201	0.02888	0.01204	0.22032	0.08249	0.03364	0.02424	0.00557	0.00490	0.00140	0.00517	0.00508	0.00382	0.18845
16	0.01294	0.32182	0.32947	0.01180	0.03666	0.07141	0.01257	0.07248	0.01155	0.04887	0.00864	0.00978	0.00672	0.00475	0.00435	0.00135	0.02206	0.00337	0.00251	0.00690

[dist]
# distance from previous block
# <min> <max>
1	2

[block]
# block no. 5 follows, 51 sequences, length 11
# corresponding to MSA columns:
# 317-327
name=unknown_F
#
# <colnr> <probs for GDERKNQSTAVLIFYWHMCP>
#	G	D	E	R	K	N	Q	S	T	A	V	L	I	F	Y	W	H	M	C	P
0	0.74251	0.00952	0.00806	0.00781	0.04588	0.01095	0.00595	0.01496	0.05456	0.02131	0.00795	0.00919	0.00625	0.00582	0.03164	0.00175	0.00423	0.00300	0.00311	0.00555
1	0.01454	0.01171	0.01242	0.01047	0.01366	0.01330	0.00834	0.29655	0.51356	0.02429	0.01706	0.01599	0.01262	0.00639	0.00497	0.00160	0.00443	0.00515	0.00497	0.00799
2	0.00972	0.00903	0.01444	0.50054	0.14044	0.01077	0.01233	0.01319	0.05262	0.01401	0.07159	0.03712	0.01103	0.00594	0.00599	0.00166	0.07602	0.00505	0.00269	0.00582
3	0.00692	0.00498	0.00650	0.00625	0.00725	0.00470	0.00459	0.00894	0.01276	0.01800	0.64229	0.07928	0.04128	0.07781	0.05479	0.00221	0.00319	0.00882	0.00500	0.00445
4	0.00854	0.00427	0.00640	0.00640	0.00640	0.00427	0.00427	0.00640	0.00640	0.00854	0.00854	0.01494	0.00854	0.01707	0.01921	0.85702	0.00427	0.00427	0.00213	0.00213
5	0.00916	0.00458	0.00458	0.00458	0.00573	0.00458	0.00344	0.01145	0.01031	0.01832	0.01603	0.01832	0.01260	0.00573	0.00344	0.00115	0.00229	0.00458	0.85457	0.00458
6	0.01458	0.01173	0.01244	0.01048	0.01368	0.01333	0.00835	0.30183	0.50820	0.02436	0.01700	0.01595	0.01257	0.00639	0.00497	0.00160	0.00444	0.00514	0.00497	0.00799
7	0.01310	0.02922	0.03306	0.03914	0.33386	0.08075	0.05502	0.04227	0.15139	0.06932	0.01239	0.04556	0.01009	0.00554	0.00519	0.00151	0.02726	0.00488	0.00331	0.03714
8	0.01216	0.01241	0.01622	0.19707	0.17804	0.14605	0.11374	0.04776	0.10258	0.01538	0.01224	0.07329	0.01065	0.00606	0.00512	0.00159	0.00633	0.03390	0.00304	0.00638
9	0.01868	0.01376	0.01475	0.01131	0.01524	0.01524	0.00934	0.78025	0.02311	0.03097	0.01180	0.01180	0.00836	0.00590	0.00492	0.00147	0.00541	0.00442	0.00492	0.00836
10	0.86201	0.00950	0.00722	0.00646	0.00950	0.01102	0.00532	0.01445	0.00836	0.02205	0.00684	0.00798	0.00532	0.00456	0.00304	0.00152	0.00380	0.00266	0.00304	0.00532

[dist]
# distance from previous block
# <min> <max>
0	1

[block]
# block no. 6 follows, 51 sequences, length 14
# corresponding to MSA columns:
# 329-342
name=unknown_G
#
# <colnr> <probs for GDERKNQSTAVLIFYWHMCP>
#	G	D	E	R	K	N	Q	S	T	A	V	L	I	F	Y	W	H	M	C	P
0	0.86201	0.00950	0.00722	0.00646	0.00950	0.01102	0.00532	0.01445	0.00836	0.02205	0.00684	0.00798	0.00532	0.00456	0.00304	0.00152	0.00380	0.00266	0.00304	0.00532
1	0.00689	0.00588	0.00729	0.00857	0.11150	0.00525	0.00543	0.00858	0.01176	0.01498	0.19914	0.04044	0.53477	0.01088	0.00568	0.00161	0.00290	0.00927	0.00446	0.00473
2	0.01207	0.04485	0.43474	0.01546	0.11777	0.02802	0.08304	0.04240	0.03610	0.09131	0.01068	0.02623	0.00795	0.00499	0.00479	0.00152	0.00653	0.00426	0.00280	0.02448
3	0.00928	0.00873	0.01474	0.81548	0.03385	0.01092	0.01365	0.01256	0.00983	0.01256	0.00873	0.01310	0.00655	0.00491	0.00491	0.00164	0.00655	0.00437	0.00218	0.00546
4	0.09812	0.32225	0.14245	0.01083	0.03400	0.18020	0.01008	0.08530	0.03020	0.03341	0.00841	0.00940	0.00676	0.00475	0.00393	0.00130	0.00615	0.00323	0.00270	0.00654
5	0.00834	0.00429	0.00632	0.00639	0.00640	0.00427	0.00424	0.00645	0.00660	0.00880	0.00984	0.06096	0.01023	0.04753	0.01870	0.77695	0.00421	0.00492	0.00230	0.00227
6	0.01031	0.00760	0.05488	0.00727	0.00964	0.00639	0.00608	0.02842	0.09590	0.15878	0.23336	0.03282	0.27702	0.02628	0.00589	0.00167	0.00333	0.02373	0.00493	0.00568
7	0.86201	0.00950	0.00722	0.00646	0.00950	0.01102	0.00532	0.01445	0.00836	0.02205	0.00684	0.00798	0.00532	0.00456	0.00304	0.00152	0.00380	0.00266	0.00304	0.00532
8	0.00780	0.00620	0.00778	0.04065	0.04264	0.03895	0.00566	0.00950	0.01135	0.01550	0.39732	0.02957	0.07520	0.09791	0.14211	0.05089	0.00509	0.00732	0.00408	0.00447
9	0.01019	0.00873	0.01019	0.00728	0.01165	0.00655	0.00582	0.01237	0.01019	0.01601	0.00873	0.01019	0.00728	0.00364	0.00364	0.00073	0.00364	0.00291	0.00291	0.85734
10	0.00911	0.00867	0.01473	0.69707	0.03097	0.01041	0.05828	0.01226	0.01005	0.01281	0.01241	0.01611	0.07578	0.00553	0.00504	0.00164	0.00630	0.00498	0.00241	0.00541
11	0.01049	0.01038	0.01960	0.10236	0.25021	0.01029	0.28849	0.01361	0.01108	0.01509	0.01357	0.08410	0.01281	0.00671	0.00563	0.00172	0.00635	0.12829	0.00293	0.00630
12	0.00645	0.00459	0.00611	0.00684	0.00720	0.00458	0.00467	0.00736	0.00878	0.01185	0.02238	0.50870	0.02599	0.16658	0.15744	0.00359	0.00515	0.03392	0.00392	0.00390
13	0.00789	0.00550	0.00759	0.00722	0.00793	0.00592	0.02297	0.00897	0.00816	0.04325	0.04676	0.02499	0.01580	0.36716	0.37098	0.00575	0.02989	0.00619	0.00302	0.00404

[dist]
# distance from previous block
# <min> <max>
3	6

[block]
# block no. 7 follows, 51 sequences, length 12
# corresponding to MSA columns:
# 357,358,360-369
name=unknown_H
#
# <colnr> <probs for GDERKNQSTAVLIFYWHMCP>
#	G	D	E	R	K	N	Q	S	T	A	V	L	I	F	Y	W	H	M	C	P
0	0.01586	0.05893	0.09715	0.04239	0.09085	0.06972	0.01040	0.34645	0.05668	0.10183	0.05218	0.01343	0.01045	0.00571	0.00481	0.00147	0.00556	0.00449	0.00410	0.00756
1	0.03916	0.11140	0.14309	0.01728	0.24463	0.05282	0.07053	0.07505	0.06733	0.03168	0.01027	0.03366	0.00842	0.00525	0.00525	0.00149	0.04962	0.00437	0.00286	0.02583
2	0.01382	0.04447	0.04060	0.05399	0.11275	0.17620	0.11412	0.12908	0.16927	0.01787	0.03676	0.01415	0.02702	0.00563	0.00515	0.00151	0.02257	0.00475	0.00343	0.00687
3	0.00904	0.00805	0.03273	0.00788	0.00962	0.04020	0.00609	0.02499	0.03333	0.01298	0.03337	0.01990	0.01281	0.25691	0.20404	0.00388	0.07449	0.00515	0.00293	0.20163
4	0.01026	0.00959	0.01510	0.62554	0.02963	0.03397	0.06080	0.07396	0.01104	0.01417	0.00976	0.03930	0.00777	0.00633	0.03124	0.00183	0.00673	0.00477	0.00252	0.00569
5	0.00916	0.00458	0.00458	0.00458	0.00573	0.00458	0.00344	0.01145	0.01031	0.01832	0.01603	0.01832	0.01260	0.00573	0.00344	0.00115	0.00229	0.00458	0.85457	0.00458
6	0.01722	0.00731	0.00976	0.00785	0.01086	0.00637	0.00634	0.01917	0.01380	0.55467	0.20425	0.02382	0.08143	0.00751	0.00521	0.00154	0.00361	0.00630	0.00581	0.00716
7	0.00916	0.00458	0.00458	0.00458	0.00573	0.00458	0.00344	0.01145	0.01031	0.01832	0.01603	0.01832	0.01260	0.00573	0.00344	0.00115	0.00229	0.00458	0.85457	0.00458
8	0.00734	0.00534	0.00642	0.00611	0.00747	0.00494	0.00454	0.00975	0.05065	0.04073	0.46511	0.06955	0.23926	0.05285	0.00675	0.00177	0.00264	0.00911	0.00503	0.00466
9	0.03925	0.06176	0.05644	0.10302	0.15474	0.25359	0.06284	0.04136	0.01178	0.01458	0.00837	0.01056	0.00683	0.00485	0.00516	0.00138	0.05425	0.00375	0.00254	0.10296
10	0.02702	0.11773	0.18391	0.01141	0.09201	0.02845	0.00965	0.03948	0.06618	0.01496	0.01703	0.23532	0.06201	0.00918	0.03115	0.00178	0.00509	0.00697	0.00333	0.03735
11	0.08274	0.18321	0.21769	0.03037	0.08806	0.07479	0.02530	0.10337	0.01224	0.04549	0.05005	0.01305	0.00962	0.02061	0.00478	0.00149	0.00587	0.02167	0.00296	0.00667

[dist]
# distance from previous block
# <min> <max>
3	16

[block]
# block no. 8 follows, 51 sequences, length 18
# corresponding to MSA columns:
# 386-403
name=unknown_I
#
# <colnr> <probs for GDERKNQSTAVLIFYWHMCP>
#	G	D	E	R	K	N	Q	S	T	A	V	L	I	F	Y	W	H	M	C	P
0	0.44004	0.01139	0.08415	0.00967	0.07365	0.05161	0.00771	0.01524	0.01022	0.09702	0.06542	0.01175	0.00949	0.00504	0.00386	0.00143	0.00447	0.00362	0.00334	0.09090
1	0.03834	0.01204	0.03372	0.01099	0.02816	0.19748	0.05217	0.08621	0.02457	0.01566	0.03480	0.12139	0.05450	0.00925	0.00620	0.00177	0.05619	0.20738	0.00370	0.00548
2	0.00628	0.00462	0.00557	0.00607	0.00668	0.00431	0.00407	0.00714	0.00948	0.01232	0.06338	0.39678	0.21156	0.19782	0.03860	0.00273	0.00353	0.01104	0.00418	0.00384
3	0.01115	0.01343	0.15802	0.19212	0.34489	0.02923	0.08096	0.01465	0.01108	0.03365	0.05585	0.01363	0.00957	0.00492	0.00497	0.00153	0.00628	0.00462	0.00258	0.00687
4	0.01072	0.01777	0.42154	0.03605	0.09629	0.01035	0.04227	0.04199	0.04909	0.04084	0.04143	0.04314	0.00983	0.00530	0.00475	0.00147	0.00600	0.00448	0.00283	0.11388
5	0.00703	0.00521	0.00763	0.00763	0.00841	0.00600	0.00581	0.00860	0.00782	0.01121	0.01341	0.02067	0.01288	0.12094	0.72454	0.00756	0.01227	0.00547	0.00267	0.00424
6	0.04149	0.18191	0.31332	0.01196	0.06914	0.01238	0.01193	0.09080	0.03255	0.03568	0.02603	0.01277	0.04776	0.00516	0.00434	0.00137	0.00560	0.00398	0.00287	0.08899
7	0.29229	0.10272	0.05411	0.01094	0.01420	0.29359	0.07693	0.04024	0.01131	0.01635	0.00762	0.00911	0.00616	0.00489	0.00450	0.00142	0.04177	0.00329	0.00268	0.00587
8	0.00916	0.00458	0.00458	0.00458	0.00573	0.00458	0.00344	0.01145	0.01031	0.01832	0.01603	0.01832	0.01260	0.00573	0.00344	0.00115	0.00229	0.00458	0.85457	0.00458
9	0.01382	0.26619	0.11169	0.01043	0.03542	0.04787	0.02765	0.07657	0.01196	0.13654	0.03096	0.01270	0.03613	0.00538	0.00497	0.00132	0.05785	0.00397	0.00324	0.10534
10	0.01276	0.14750	0.05897	0.04163	0.15837	0.04344	0.00948	0.07733	0.05066	0.06975	0.03231	0.01258	0.02244	0.00486	0.00428	0.00122	0.00497	0.00392	0.00318	0.24038
11	0.05164	0.13737	0.01542	0.03024	0.10913	0.10063	0.04095	0.10916	0.16032	0.07134	0.01348	0.05936	0.02533	0.02444	0.00542	0.00156	0.02887	0.00494	0.00362	0.00677
12	0.01812	0.01141	0.03404	0.01017	0.01374	0.01157	0.00851	0.40267	0.03790	0.28204	0.01607	0.04993	0.03522	0.00667	0.00545	0.00155	0.03677	0.00520	0.00509	0.00788
13	0.01123	0.08557	0.06807	0.06882	0.06531	0.04287	0.00912	0.04376	0.28579	0.01644	0.01804	0.01867	0.11437	0.02478	0.00621	0.00164	0.07381	0.00533	0.00365	0.03652
14	0.01411	0.01454	0.16640	0.01290	0.08775	0.02866	0.01089	0.36316	0.07902	0.02288	0.06550	0.01562	0.01182	0.03840	0.00603	0.00167	0.02518	0.02414	0.00397	0.00735
15	0.00916	0.00458	0.00458	0.00458	0.00573	0.00458	0.00344	0.01145	0.01031	0.01832	0.01603	0.01832	0.01260	0.00573	0.00344	0.00115	0.00229	0.00458	0.85457	0.00458
16	0.00980	0.00762	0.00909	0.02070	0.06373	0.05685	0.00655	0.03568	0.06205	0.06037	0.03311	0.03507	0.07516	0.18989	0.23165	0.02960	0.01947	0.04524	0.00342	0.00495
17	0.00740	0.00540	0.00675	0.00650	0.00774	0.00527	0.00484	0.00989	0.05841	0.03484	0.38222	0.07937	0.16647	0.07139	0.12867	0.00278	0.00433	0.00847	0.00461	0.00464

[dist]
# distance from previous block
# <min> <max>
0	9

# created by:
# /st0/software/busco_prod/Augustus/scripts/msa2prfl.pl ./align_prep/96194.fa
