[name]
unknown

[dist]
# distance from previous block
# <min> <max>
0	557

[block]
# block no. 0 follows, 65 sequences, length 24
# corresponding to MSA columns:
# 557-580
name=unknown_A
#
# <colnr> <probs for GDERKNQSTAVLIFYWHMCP>
#	G	D	E	R	K	N	Q	S	T	A	V	L	I	F	Y	W	H	M	C	P
0	0.00661	0.00472	0.00661	0.00756	0.00850	0.00472	0.00661	0.00850	0.00945	0.01228	0.02173	0.04630	0.02362	0.01134	0.00567	0.00189	0.00378	0.80250	0.00378	0.00378
1	0.01687	0.00814	0.01008	0.00787	0.01097	0.00792	0.00646	0.18696	0.10752	0.56925	0.01493	0.01327	0.00977	0.00511	0.00413	0.00128	0.00368	0.00410	0.00477	0.00693
2	0.01081	0.00903	0.00982	0.00908	0.04290	0.01031	0.00683	0.08494	0.70957	0.03490	0.01580	0.01465	0.01180	0.00543	0.00417	0.00137	0.00342	0.00452	0.00411	0.00655
3	0.00503	0.00359	0.00475	0.00567	0.00590	0.00336	0.00377	0.00572	0.00780	0.01039	0.02230	0.82539	0.02674	0.04109	0.00576	0.00174	0.00244	0.01148	0.00377	0.00331
4	0.00860	0.13271	0.72619	0.01108	0.01680	0.01043	0.01408	0.01291	0.00862	0.01255	0.00715	0.00839	0.00521	0.00385	0.00373	0.00124	0.00584	0.00292	0.00174	0.00596
5	0.01083	0.81308	0.06534	0.00728	0.01093	0.01588	0.00746	0.01233	0.00836	0.00984	0.00580	0.00670	0.00526	0.00353	0.00270	0.00090	0.00448	0.00224	0.00175	0.00531
6	0.01016	0.00975	0.01666	0.02520	0.83013	0.00975	0.01260	0.01260	0.00935	0.01341	0.00772	0.01016	0.00650	0.00366	0.00406	0.00122	0.00488	0.00366	0.00203	0.00650
7	0.00489	0.00401	0.00431	0.00454	0.00565	0.00343	0.00329	0.00585	0.00898	0.01094	0.03688	0.24138	0.62963	0.01101	0.00495	0.00146	0.00215	0.00941	0.00381	0.00343
8	0.00516	0.00369	0.00495	0.00590	0.00621	0.00347	0.00409	0.00600	0.00802	0.01066	0.02254	0.77215	0.02680	0.01271	0.00528	0.00169	0.00252	0.09098	0.00381	0.00338
9	0.85807	0.00829	0.00620	0.00556	0.00808	0.03467	0.00455	0.01220	0.00713	0.01816	0.00573	0.00669	0.00447	0.00382	0.00258	0.00126	0.00331	0.00224	0.00253	0.00446
10	0.00849	0.04908	0.74745	0.01125	0.01692	0.04207	0.01421	0.01288	0.00879	0.01271	0.00839	0.00955	0.03210	0.00411	0.00388	0.00128	0.00593	0.00317	0.00182	0.00590
11	0.01003	0.00956	0.01597	0.06841	0.73669	0.00975	0.01216	0.01305	0.05912	0.01348	0.00825	0.01052	0.00682	0.00380	0.00407	0.00124	0.00481	0.00372	0.00215	0.00640
12	0.00812	0.00608	0.00835	0.05414	0.10206	0.02597	0.03343	0.04661	0.05033	0.08684	0.03266	0.47414	0.03600	0.00925	0.00477	0.00149	0.00334	0.00833	0.00356	0.00454
13	0.00893	0.04023	0.23581	0.01192	0.01452	0.01110	0.16943	0.01143	0.00776	0.01157	0.00682	0.00948	0.00570	0.00535	0.00843	0.00152	0.39510	0.00365	0.03614	0.00512
14	0.00969	0.01013	0.00821	0.00780	0.00909	0.32409	0.00594	0.01105	0.00875	0.01038	0.00949	0.01270	0.00839	0.01767	0.42453	0.00384	0.00859	0.00366	0.10189	0.00410
15	0.00586	0.00440	0.00660	0.00660	0.00733	0.00513	0.00513	0.00733	0.00660	0.00953	0.01100	0.01613	0.01026	0.03079	0.83947	0.00660	0.01100	0.00440	0.00220	0.00367
16	0.00765	0.00383	0.00383	0.00383	0.00478	0.00383	0.00287	0.00956	0.00861	0.01530	0.01339	0.01530	0.01052	0.00478	0.00287	0.00096	0.00191	0.00383	0.87853	0.00383
17	0.01539	0.05128	0.01275	0.00933	0.01263	0.01289	0.00777	0.77867	0.01879	0.02511	0.00966	0.00970	0.00690	0.00486	0.00404	0.00122	0.00451	0.00363	0.00400	0.00690
18	0.01560	0.01150	0.01232	0.00944	0.01273	0.01273	0.00780	0.81645	0.01930	0.02587	0.00986	0.00986	0.00698	0.00493	0.00411	0.00123	0.00452	0.00370	0.00411	0.00698
19	0.01543	0.04275	0.01266	0.00936	0.01265	0.01286	0.00777	0.78676	0.01890	0.02527	0.00970	0.00973	0.00692	0.00488	0.00405	0.00122	0.00451	0.00364	0.00402	0.00692
20	0.01007	0.01881	0.63001	0.01114	0.01651	0.01033	0.01333	0.21281	0.01131	0.01620	0.00799	0.00896	0.00564	0.00416	0.00395	0.00128	0.00568	0.00320	0.00232	0.00629
21	0.17222	0.21810	0.28613	0.00886	0.01299	0.01187	0.00944	0.20788	0.01086	0.01632	0.00727	0.00809	0.00551	0.00404	0.00339	0.00118	0.00475	0.00284	0.00246	0.00580
22	0.03963	0.23454	0.49951	0.01002	0.01497	0.01163	0.01183	0.10858	0.00979	0.01386	0.00718	0.00821	0.00540	0.00392	0.00355	0.00118	0.00535	0.00287	0.00205	0.00592
23	0.19811	0.18143	0.30763	0.00888	0.02719	0.04871	0.00935	0.03116	0.00859	0.03054	0.00695	0.00813	0.00543	0.00459	0.02655	0.00130	0.01863	0.00273	0.00213	0.07198

[dist]
# distance from previous block
# <min> <max>
15	36

[block]
# block no. 1 follows, 65 sequences, length 60
# corresponding to MSA columns:
# 617-676
name=unknown_B
#
# <colnr> <probs for GDERKNQSTAVLIFYWHMCP>
#	G	D	E	R	K	N	Q	S	T	A	V	L	I	F	Y	W	H	M	C	P
0	0.03862	0.07208	0.14475	0.00883	0.02007	0.04478	0.06335	0.15622	0.05204	0.09560	0.02544	0.01075	0.00778	0.00479	0.02049	0.00122	0.00447	0.00345	0.07676	0.14851
1	0.09998	0.04529	0.04517	0.05007	0.01192	0.03455	0.08073	0.11884	0.04394	0.11480	0.04630	0.02423	0.06268	0.00568	0.02909	0.00133	0.00423	0.01127	0.01465	0.15525
2	0.00939	0.03784	0.11962	0.04486	0.03320	0.04587	0.06133	0.04283	0.05216	0.06982	0.01167	0.06761	0.05381	0.00668	0.06297	0.00148	0.00467	0.00414	0.00273	0.26732
3	0.03711	0.00781	0.05391	0.00741	0.03329	0.00656	0.01611	0.07786	0.07146	0.10940	0.05826	0.09194	0.06687	0.00553	0.00387	0.00109	0.00330	0.01213	0.01985	0.31625
4	0.02131	0.00768	0.03282	0.00734	0.02570	0.00628	0.03638	0.03214	0.05897	0.05819	0.03819	0.02783	0.00893	0.00541	0.04540	0.00116	0.00375	0.02528	0.00281	0.55443
5	0.05907	0.12800	0.19286	0.00853	0.01229	0.04405	0.02997	0.11364	0.05104	0.09216	0.00924	0.04298	0.00732	0.00435	0.00360	0.00110	0.00440	0.00339	0.00277	0.18923
6	0.09367	0.00689	0.03250	0.02283	0.02734	0.03907	0.01954	0.04227	0.00932	0.06377	0.14066	0.07044	0.09251	0.09236	0.06307	0.00184	0.00388	0.01734	0.02413	0.13657
7	0.11085	0.02233	0.03331	0.01011	0.07707	0.21290	0.00760	0.27487	0.07032	0.02844	0.00880	0.00971	0.00682	0.00640	0.06641	0.00158	0.00546	0.00331	0.00299	0.04071
8	0.01036	0.03223	0.16561	0.01536	0.31886	0.06547	0.02008	0.08708	0.00984	0.04298	0.00830	0.01057	0.00679	0.02999	0.07536	0.00176	0.05270	0.00355	0.00231	0.04081
9	0.00736	0.03819	0.00687	0.11133	0.00844	0.00477	0.00469	0.00627	0.00583	0.00765	0.00709	0.01205	0.00685	0.01255	0.01400	0.73463	0.00384	0.00352	0.00179	0.00227
10	0.02845	0.19827	0.21156	0.01017	0.01395	0.14072	0.09559	0.13339	0.04718	0.04679	0.01756	0.00930	0.00658	0.00459	0.01767	0.00126	0.00552	0.00326	0.00249	0.00573
11	0.77442	0.00822	0.00802	0.00673	0.00941	0.00926	0.09242	0.01212	0.00732	0.01774	0.00628	0.00784	0.00498	0.00390	0.00285	0.00129	0.00359	0.01655	0.00251	0.00455
12	0.08213	0.00833	0.00882	0.00761	0.00987	0.02169	0.01560	0.17858	0.36452	0.02996	0.13114	0.01663	0.05193	0.00610	0.01288	0.00137	0.00340	0.00476	0.03894	0.00574
13	0.01606	0.01021	0.01143	0.00880	0.01200	0.01089	0.00726	0.59273	0.03155	0.22375	0.01160	0.01106	0.00792	0.00497	0.00409	0.00124	0.00420	0.00382	0.01950	0.00692
14	0.03240	0.01001	0.01109	0.02516	0.05121	0.02178	0.02093	0.33095	0.39991	0.03257	0.01289	0.01246	0.00952	0.00510	0.00411	0.00131	0.00398	0.00412	0.00392	0.00657
15	0.01533	0.01956	0.01163	0.01058	0.01269	0.83926	0.00793	0.01639	0.01163	0.01005	0.00635	0.00740	0.00529	0.00423	0.00370	0.00106	0.00740	0.00264	0.00212	0.00476
16	0.01021	0.00882	0.00928	0.00835	0.01067	0.01021	0.00650	0.02181	0.82272	0.01717	0.01671	0.01532	0.01253	0.00557	0.00418	0.00139	0.00325	0.00464	0.00418	0.00650
17	0.88473	0.00794	0.00603	0.00540	0.00794	0.00921	0.00445	0.01207	0.00699	0.01842	0.00572	0.00667	0.00445	0.00381	0.00254	0.00127	0.00318	0.00222	0.00254	0.00445
18	0.00851	0.00730	0.00851	0.00608	0.00973	0.00547	0.00486	0.01034	0.00851	0.01338	0.00730	0.00851	0.00608	0.00304	0.00304	0.00061	0.00304	0.00243	0.00243	0.88083
19	0.01016	0.00975	0.01666	0.02520	0.83013	0.00975	0.01260	0.01260	0.00935	0.01341	0.00772	0.01016	0.00650	0.00366	0.00406	0.00122	0.00488	0.00366	0.00203	0.00650
20	0.88473	0.00794	0.00603	0.00540	0.00794	0.00921	0.00445	0.01207	0.00699	0.01842	0.00572	0.00667	0.00445	0.00381	0.00254	0.00127	0.00318	0.00222	0.00254	0.00445
21	0.00581	0.00420	0.00549	0.00516	0.00613	0.00387	0.00387	0.00775	0.01162	0.01646	0.82797	0.03066	0.03873	0.00839	0.00484	0.00129	0.00194	0.00742	0.00452	0.00387
22	0.00510	0.00402	0.00462	0.00490	0.00587	0.00354	0.00357	0.00620	0.00923	0.01169	0.14254	0.27727	0.45185	0.01088	0.00500	0.00148	0.00222	0.04263	0.00391	0.00350
23	0.02219	0.01219	0.18695	0.07879	0.44379	0.01000	0.06352	0.09362	0.02377	0.01448	0.00799	0.00997	0.00626	0.00389	0.00407	0.00126	0.00521	0.00360	0.00221	0.00623
24	0.01097	0.85821	0.02151	0.00702	0.01054	0.01624	0.00702	0.01229	0.00834	0.00966	0.00571	0.00658	0.00527	0.00351	0.00263	0.00088	0.00439	0.00219	0.00176	0.00527
25	0.00716	0.00358	0.00527	0.00527	0.00532	0.00358	0.00353	0.00556	0.00551	0.00754	0.00744	0.01262	0.00730	0.01379	0.01538	0.83648	0.00348	0.00358	0.04573	0.00188
26	0.00925	0.01049	0.04541	0.18582	0.05549	0.01014	0.56960	0.01248	0.00924	0.01251	0.00796	0.01087	0.00603	0.00373	0.00490	0.00138	0.03287	0.00446	0.00200	0.00536
27	0.00818	0.05031	0.01376	0.65182	0.09460	0.00945	0.06729	0.01081	0.00841	0.01088	0.00776	0.03485	0.00622	0.00424	0.00411	0.00134	0.00538	0.00389	0.00191	0.00479
28	0.00594	0.00411	0.00511	0.00511	0.00534	0.00433	0.00328	0.00638	0.00616	0.00843	0.01235	0.02363	0.01352	0.60756	0.26715	0.00477	0.00609	0.00550	0.00240	0.00284
29	0.01005	0.01037	0.05790	0.02426	0.76260	0.00976	0.03934	0.01264	0.00932	0.01338	0.00772	0.01011	0.00643	0.00366	0.00408	0.00123	0.00500	0.00367	0.00202	0.00645
30	0.00960	0.01186	0.09532	0.01749	0.09103	0.01025	0.67500	0.01309	0.00957	0.01316	0.00817	0.01078	0.00616	0.00352	0.00469	0.00136	0.00667	0.00458	0.00204	0.00567
31	0.00525	0.00462	0.04642	0.00594	0.00667	0.00379	0.00448	0.00630	0.00814	0.01075	0.02389	0.63960	0.12785	0.01255	0.03015	0.00177	0.00286	0.05179	0.00366	0.00352
32	0.00854	0.01909	0.66332	0.01288	0.01855	0.00971	0.18416	0.01303	0.00888	0.01303	0.00756	0.00917	0.00542	0.00381	0.00410	0.00132	0.00625	0.00342	0.00181	0.00595
33	0.01409	0.00942	0.00998	0.03635	0.03692	0.11319	0.00675	0.12509	0.19305	0.31148	0.04547	0.01393	0.02897	0.00522	0.00409	0.00126	0.00404	0.00419	0.03030	0.00620
34	0.00903	0.01921	0.69491	0.01223	0.03688	0.00939	0.08284	0.01344	0.00896	0.06372	0.00800	0.00924	0.00563	0.00393	0.00400	0.00130	0.00595	0.00327	0.00198	0.00609
35	0.01026	0.00990	0.01468	0.11942	0.47480	0.09416	0.06361	0.02455	0.00960	0.03982	0.00934	0.07004	0.00832	0.00470	0.00422	0.00128	0.00508	0.02815	0.00233	0.00575
36	0.00785	0.00726	0.01208	0.71144	0.05312	0.00879	0.02689	0.03095	0.00853	0.01104	0.00864	0.07948	0.00733	0.00481	0.00421	0.00138	0.00520	0.00433	0.00206	0.00461
37	0.01842	0.07440	0.24666	0.07316	0.10011	0.03511	0.04460	0.01388	0.04459	0.17801	0.06369	0.03741	0.01026	0.00501	0.00409	0.00129	0.00472	0.03592	0.00291	0.00575
38	0.00915	0.15698	0.55547	0.05249	0.01642	0.01050	0.03099	0.03713	0.02350	0.03383	0.00801	0.01761	0.00614	0.00416	0.00379	0.00125	0.00554	0.01920	0.00201	0.00583
39	0.00950	0.09963	0.07232	0.04575	0.08723	0.02340	0.25742	0.10061	0.04402	0.01373	0.01132	0.17002	0.01062	0.00570	0.00437	0.00134	0.00496	0.01536	0.01738	0.00531
40	0.02665	0.10439	0.61246	0.01100	0.04143	0.00981	0.01297	0.01372	0.00899	0.10962	0.00822	0.00909	0.00582	0.00399	0.00378	0.00125	0.00550	0.00308	0.00216	0.00608
41	0.00861	0.00790	0.01304	0.28382	0.37815	0.00851	0.02103	0.01843	0.00887	0.02124	0.01114	0.10466	0.04636	0.00540	0.00453	0.00136	0.02633	0.02300	0.00233	0.00528
42	0.00883	0.06104	0.62849	0.01242	0.01795	0.00996	0.16235	0.01312	0.00890	0.02835	0.00762	0.00911	0.00549	0.00382	0.00402	0.00129	0.00609	0.00335	0.00186	0.00595
43	0.00859	0.00804	0.01339	0.58532	0.20424	0.00940	0.02625	0.03768	0.00883	0.01171	0.00773	0.01137	0.00611	0.00423	0.00436	0.00135	0.02527	0.01906	0.00199	0.00507
44	0.00521	0.00406	0.00513	0.00535	0.00620	0.00363	0.02536	0.00615	0.00875	0.01121	0.10028	0.40898	0.34310	0.01129	0.00540	0.03066	0.00238	0.00966	0.00376	0.00344
45	0.01189	0.05387	0.36332	0.02929	0.02410	0.03886	0.07007	0.01494	0.00981	0.27867	0.01104	0.04748	0.00810	0.00473	0.00406	0.00129	0.00505	0.01438	0.00298	0.00606
46	0.00519	0.00384	0.00540	0.00608	0.00647	0.00359	0.02819	0.00605	0.00804	0.01075	0.04288	0.79083	0.02675	0.01243	0.00523	0.00165	0.00253	0.02689	0.00378	0.00342
47	0.01010	0.00531	0.00665	0.00607	0.00791	0.00473	0.00489	0.02125	0.01012	0.29706	0.02642	0.06925	0.30506	0.04255	0.00541	0.00156	0.00303	0.16367	0.00420	0.00475
48	0.01033	0.01080	0.04951	0.02344	0.70866	0.05343	0.05810	0.01284	0.00946	0.01320	0.00767	0.01001	0.00637	0.00369	0.00408	0.00122	0.00517	0.00365	0.00203	0.00634
49	0.01006	0.00963	0.01626	0.05747	0.77241	0.00974	0.01236	0.01280	0.03478	0.01341	0.00799	0.01035	0.00665	0.00374	0.00407	0.00123	0.00485	0.00369	0.00209	0.00642
50	0.00507	0.00363	0.00487	0.00573	0.00601	0.00344	0.00386	0.00584	0.00784	0.01052	0.03810	0.78288	0.02636	0.02561	0.04727	0.00194	0.00283	0.01114	0.00373	0.00335
51	0.01334	0.00976	0.01056	0.00862	0.01143	0.01082	0.00695	0.40204	0.33805	0.09049	0.01378	0.01303	0.02471	0.00529	0.00413	0.00130	0.00383	0.00420	0.02100	0.00666
52	0.00529	0.00388	0.00492	0.00563	0.00617	0.00362	0.00402	0.00619	0.00824	0.01069	0.02523	0.52295	0.17078	0.07251	0.00636	0.00182	0.00266	0.13199	0.00371	0.00337
53	0.01116	0.00901	0.00961	0.00842	0.01088	0.01027	0.00661	0.10427	0.70088	0.05668	0.01597	0.01468	0.01184	0.00548	0.00417	0.00137	0.00339	0.00452	0.00421	0.00657
54	0.00893	0.00536	0.00567	0.00524	0.00663	0.02894	0.00401	0.01217	0.12541	0.09335	0.16088	0.01772	0.01571	0.00556	0.00355	0.00111	0.00242	0.00459	0.48822	0.00454
55	0.01047	0.02798	0.01525	0.30356	0.20649	0.00946	0.16141	0.05678	0.03237	0.10931	0.00921	0.01164	0.00695	0.00418	0.00423	0.00132	0.00521	0.01600	0.00252	0.00566
56	0.01293	0.01034	0.01124	0.00908	0.01197	0.02991	0.03032	0.43209	0.30976	0.02105	0.01213	0.01191	0.00897	0.00563	0.02389	0.00139	0.00428	0.00401	0.00391	0.04517
57	0.01326	0.12206	0.04748	0.02777	0.05350	0.00934	0.01651	0.12744	0.12515	0.29400	0.08834	0.01350	0.01139	0.00512	0.00423	0.00125	0.02556	0.00410	0.00383	0.00620
58	0.00767	0.00642	0.05177	0.08395	0.03555	0.01801	0.05908	0.02452	0.00877	0.08752	0.01716	0.50105	0.01865	0.00919	0.00474	0.00148	0.00348	0.00833	0.00338	0.04927
59	0.00984	0.44124	0.37577	0.00973	0.03335	0.01288	0.02894	0.01274	0.00859	0.02363	0.00669	0.00779	0.00536	0.00371	0.00329	0.00109	0.00518	0.00268	0.00181	0.00568

[dist]
# distance from previous block
# <min> <max>
2	14

[block]
# block no. 2 follows, 65 sequences, length 9
# corresponding to MSA columns:
# 691-699
name=unknown_C
#
# <colnr> <probs for GDERKNQSTAVLIFYWHMCP>
#	G	D	E	R	K	N	Q	S	T	A	V	L	I	F	Y	W	H	M	C	P
0	0.06394	0.60206	0.16798	0.00799	0.01185	0.01404	0.03295	0.01235	0.00837	0.01108	0.00632	0.00737	0.00539	0.00364	0.00293	0.00100	0.00462	0.00248	0.02831	0.00533
1	0.01034	0.19448	0.05258	0.00757	0.04167	0.02415	0.00633	0.02772	0.00914	0.11447	0.00924	0.07123	0.00794	0.00425	0.00336	0.00091	0.00368	0.00338	0.00269	0.40487
2	0.00928	0.21031	0.60086	0.01057	0.01582	0.06132	0.01289	0.01305	0.00877	0.01207	0.00693	0.00812	0.00522	0.00383	0.00360	0.00119	0.00577	0.00282	0.00176	0.00581
3	0.00535	0.00368	0.00482	0.00554	0.00579	0.00348	0.00369	0.00581	0.00751	0.00996	0.02070	0.62783	0.05006	0.11661	0.00809	0.07687	0.00271	0.03492	0.00347	0.00312
4	0.01445	0.06359	0.12405	0.01023	0.08692	0.06544	0.02555	0.13034	0.01178	0.36992	0.01209	0.03356	0.00866	0.00489	0.00404	0.00125	0.00449	0.01871	0.00368	0.00637
5	0.00898	0.14199	0.64184	0.01127	0.01671	0.04294	0.05581	0.01304	0.00879	0.01241	0.00714	0.00844	0.00527	0.00383	0.00376	0.00123	0.00592	0.00299	0.00177	0.00587
6	0.00514	0.00363	0.00472	0.00554	0.00575	0.00342	0.00362	0.00575	0.00759	0.01013	0.02126	0.73715	0.02543	0.13111	0.00744	0.00199	0.00261	0.01087	0.00362	0.00322
7	0.00546	0.00438	0.02840	0.00614	0.00678	0.00387	0.00466	0.00656	0.00824	0.01088	0.02284	0.56183	0.08249	0.03530	0.02492	0.00186	0.00300	0.17525	0.00367	0.00350
8	0.03174	0.26161	0.03863	0.00953	0.06186	0.14201	0.00775	0.24653	0.03612	0.09849	0.02328	0.00937	0.00713	0.00437	0.00359	0.00111	0.00478	0.00317	0.00298	0.00595

[dist]
# distance from previous block
# <min> <max>
1	3

[block]
# block no. 3 follows, 65 sequences, length 15
# corresponding to MSA columns:
# 703-717
name=unknown_D
#
# <colnr> <probs for GDERKNQSTAVLIFYWHMCP>
#	G	D	E	R	K	N	Q	S	T	A	V	L	I	F	Y	W	H	M	C	P
0	0.00616	0.00420	0.00487	0.00480	0.00498	0.00429	0.00289	0.02541	0.00644	0.00862	0.01340	0.02572	0.03492	0.73242	0.10105	0.00411	0.00464	0.00583	0.00253	0.00274
1	0.00505	0.00364	0.00478	0.00561	0.00595	0.00337	0.00378	0.00585	0.00817	0.01089	0.07501	0.76324	0.06454	0.01246	0.00520	0.00163	0.00234	0.01126	0.00386	0.00337
2	0.00633	0.00548	0.04009	0.00751	0.00873	0.00472	0.09846	0.00779	0.00868	0.03515	0.04407	0.49000	0.07744	0.01066	0.00514	0.00161	0.00328	0.13740	0.00358	0.00390
3	0.01020	0.06999	0.28810	0.01407	0.09878	0.08961	0.25624	0.02741	0.03063	0.03487	0.00794	0.00964	0.00602	0.00395	0.00445	0.00128	0.03529	0.00366	0.00210	0.00577
4	0.00598	0.00454	0.00670	0.00664	0.00731	0.00534	0.00513	0.00735	0.00655	0.00946	0.01090	0.01642	0.01033	0.07192	0.76859	0.00629	0.04027	0.00445	0.00220	0.00363
5	0.00974	0.01076	0.04261	0.07261	0.02043	0.01021	0.63246	0.06406	0.01009	0.01367	0.00888	0.01253	0.00699	0.00406	0.00495	0.00140	0.02486	0.04198	0.00225	0.00547
6	0.00969	0.00978	0.03078	0.09458	0.55915	0.03222	0.09993	0.01220	0.00940	0.01313	0.06011	0.01151	0.00836	0.00409	0.00444	0.00127	0.02728	0.00399	0.00217	0.00595
7	0.00958	0.01146	0.08412	0.04569	0.15730	0.01021	0.57650	0.01289	0.00944	0.01303	0.00804	0.01069	0.00615	0.00362	0.00479	0.00136	0.02298	0.00444	0.00203	0.00569
8	0.00813	0.00759	0.01277	0.69465	0.15332	0.00908	0.01136	0.01079	0.00840	0.01108	0.00753	0.01094	0.00577	0.00405	0.00406	0.00133	0.00528	0.00365	0.02538	0.00484
9	0.00664	0.00485	0.00684	0.00799	0.03703	0.00482	0.00661	0.00850	0.00946	0.01234	0.03929	0.06176	0.04463	0.01101	0.00556	0.00184	0.00370	0.71952	0.00374	0.00386
10	0.01028	0.01090	0.10870	0.03098	0.21921	0.02625	0.29690	0.01333	0.03095	0.09559	0.02163	0.04183	0.00834	0.00457	0.00481	0.00135	0.04068	0.02540	0.00251	0.00578
11	0.00834	0.02046	0.77268	0.01213	0.01805	0.00960	0.07618	0.01301	0.00874	0.01301	0.00744	0.00885	0.00528	0.00387	0.00397	0.00131	0.00613	0.00317	0.00176	0.00603
12	0.00625	0.00446	0.00619	0.00714	0.00793	0.00441	0.00598	0.00787	0.00909	0.01187	0.02194	0.22926	0.02442	0.01168	0.00557	0.00184	0.00346	0.62316	0.00379	0.00368
13	0.00555	0.00404	0.00542	0.00621	0.00680	0.00391	0.00471	0.00671	0.00838	0.01101	0.02310	0.47301	0.09373	0.01355	0.06896	0.00209	0.00344	0.25222	0.00368	0.00351
14	0.01343	0.09629	0.04905	0.05661	0.03199	0.00938	0.10089	0.17786	0.05475	0.28656	0.01277	0.05367	0.02777	0.00509	0.00411	0.00127	0.00434	0.00434	0.00365	0.00617

[dist]
# distance from previous block
# <min> <max>
3	10

[block]
# block no. 4 follows, 65 sequences, length 23
# corresponding to MSA columns:
# 728-750
name=unknown_E
#
# <colnr> <probs for GDERKNQSTAVLIFYWHMCP>
#	G	D	E	R	K	N	Q	S	T	A	V	L	I	F	Y	W	H	M	C	P
0	0.02352	0.00649	0.00947	0.02324	0.09591	0.00571	0.08929	0.00910	0.00866	0.01250	0.04967	0.27680	0.05832	0.00689	0.00421	0.00118	0.00337	0.00628	0.00294	0.30644
1	0.00962	0.00930	0.01450	0.17306	0.30640	0.05970	0.13287	0.03006	0.05604	0.02280	0.03907	0.02510	0.02119	0.00498	0.01708	0.00138	0.02352	0.01920	0.02864	0.00549
2	0.00597	0.00398	0.00448	0.00448	0.00448	0.00398	0.00249	0.00597	0.00597	0.00796	0.01293	0.02686	0.01492	0.85574	0.02089	0.00398	0.00398	0.00597	0.00249	0.00249
3	0.88473	0.00794	0.00603	0.00540	0.00794	0.00921	0.00445	0.01207	0.00699	0.01842	0.00572	0.00667	0.00445	0.00381	0.00254	0.00127	0.00318	0.00222	0.00254	0.00445
4	0.02108	0.04834	0.08248	0.08325	0.33006	0.04609	0.07490	0.11226	0.08419	0.03877	0.02086	0.02302	0.00764	0.00429	0.00407	0.00126	0.00494	0.00385	0.00259	0.00607
5	0.00546	0.00393	0.00518	0.00540	0.00606	0.00364	0.00385	0.00687	0.01000	0.01389	0.48197	0.38398	0.03376	0.01031	0.00501	0.00145	0.00213	0.00925	0.00421	0.00364
6	0.00611	0.00511	0.00669	0.00634	0.01858	0.00491	0.05508	0.02200	0.03034	0.01195	0.11235	0.08337	0.39980	0.07963	0.03555	0.00184	0.03431	0.07871	0.00353	0.00381
7	0.01085	0.10952	0.03835	0.00939	0.03273	0.23104	0.05129	0.06534	0.14348	0.01257	0.03296	0.06121	0.01011	0.07576	0.04274	0.00171	0.04849	0.01474	0.00273	0.00501
8	0.00499	0.00363	0.00471	0.00558	0.00592	0.00335	0.00375	0.00573	0.00799	0.01053	0.02433	0.77983	0.09928	0.01264	0.00520	0.00164	0.00235	0.01140	0.00381	0.00335
9	0.01115	0.01306	0.19206	0.02917	0.19489	0.09938	0.06010	0.08713	0.18028	0.06393	0.02201	0.01118	0.00804	0.00443	0.00408	0.00127	0.00505	0.00378	0.00283	0.00616
10	0.03270	0.11039	0.02686	0.00929	0.01202	0.29619	0.00757	0.26754	0.15038	0.01645	0.00944	0.01022	0.00740	0.00472	0.00381	0.00117	0.00526	0.01969	0.00308	0.00580
11	0.30962	0.00897	0.01021	0.02999	0.04786	0.02236	0.03645	0.16057	0.05217	0.15483	0.00899	0.00968	0.00661	0.00477	0.00487	0.00134	0.11862	0.00333	0.00317	0.00559
12	0.10768	0.30140	0.25962	0.01041	0.04338	0.05406	0.11726	0.01288	0.00878	0.02693	0.01912	0.00847	0.00592	0.00380	0.00346	0.00115	0.00521	0.00299	0.00201	0.00548
13	0.00902	0.12904	0.47860	0.01257	0.01758	0.01075	0.23178	0.01284	0.00882	0.01249	0.00734	0.00906	0.00550	0.00384	0.00431	0.00128	0.03415	0.00343	0.00183	0.00576
14	0.00593	0.00400	0.00466	0.00469	0.00475	0.00406	0.00274	0.00607	0.00607	0.00816	0.01304	0.04885	0.01488	0.76441	0.08792	0.00413	0.00451	0.00600	0.00250	0.00261
15	0.00505	0.00360	0.00477	0.00566	0.00591	0.00337	0.00377	0.00578	0.00790	0.01055	0.04358	0.80378	0.02705	0.04084	0.00575	0.00173	0.00242	0.01137	0.00379	0.00332
16	0.01118	0.32569	0.17357	0.01166	0.12040	0.10138	0.06737	0.05242	0.02151	0.04532	0.00732	0.00851	0.00588	0.00394	0.00378	0.00112	0.02811	0.00301	0.00213	0.00570
17	0.01551	0.00751	0.06076	0.00707	0.01002	0.00611	0.00610	0.04940	0.01123	0.59948	0.01615	0.01524	0.04764	0.03532	0.00461	0.00134	0.00349	0.00429	0.09242	0.00629
18	0.00509	0.00417	0.00449	0.00441	0.00569	0.00357	0.00331	0.00636	0.00993	0.01244	0.23948	0.03728	0.62973	0.00989	0.00485	0.00136	0.00204	0.00835	0.00399	0.00357
19	0.01051	0.71775	0.15794	0.00781	0.01175	0.01512	0.00839	0.01241	0.00840	0.01022	0.00599	0.00693	0.00526	0.00358	0.00285	0.00095	0.00467	0.00234	0.00175	0.00540
20	0.05949	0.08503	0.08591	0.01662	0.36267	0.19843	0.06298	0.04241	0.00996	0.01303	0.00731	0.00905	0.00597	0.00386	0.00379	0.00117	0.00548	0.00325	0.01782	0.00576
21	0.00825	0.02059	0.79640	0.01144	0.01740	0.00935	0.01469	0.01288	0.00866	0.01302	0.00736	0.00866	0.00524	0.00386	0.00386	0.00127	0.00593	0.00301	0.00177	0.04639
22	0.01188	0.32165	0.03168	0.00962	0.01221	0.26097	0.06668	0.04337	0.00950	0.01087	0.00628	0.00780	0.00546	0.00440	0.00506	0.00114	0.14992	0.00284	0.00201	0.03666

[dist]
# distance from previous block
# <min> <max>
0	1

[block]
# block no. 5 follows, 65 sequences, length 41
# corresponding to MSA columns:
# 752-792
name=unknown_F
#
# <colnr> <probs for GDERKNQSTAVLIFYWHMCP>
#	G	D	E	R	K	N	Q	S	T	A	V	L	I	F	Y	W	H	M	C	P
0	0.01042	0.00953	0.03230	0.07741	0.56912	0.00931	0.02498	0.06133	0.02153	0.04905	0.02288	0.01065	0.00721	0.00389	0.00402	0.00119	0.00468	0.00367	0.00237	0.07446
1	0.01349	0.01165	0.02788	0.01155	0.11466	0.14234	0.00846	0.29526	0.08228	0.09978	0.00949	0.01022	0.00716	0.00507	0.00555	0.00131	0.14089	0.00362	0.00322	0.00611
2	0.00655	0.00477	0.00588	0.00547	0.00669	0.00458	0.00414	0.00943	0.09834	0.03974	0.64014	0.02940	0.11271	0.00819	0.00475	0.00131	0.00214	0.00715	0.00443	0.00420
3	0.00993	0.00856	0.00944	0.00914	0.06095	0.00970	0.00669	0.03821	0.68629	0.01673	0.02963	0.01686	0.05558	0.00582	0.00424	0.00138	0.00331	0.01726	0.00402	0.00627
4	0.00541	0.00418	0.00493	0.00474	0.00588	0.00370	0.00356	0.00696	0.01067	0.01420	0.49657	0.03439	0.37154	0.00924	0.00485	0.00133	0.00200	0.00795	0.00422	0.00370
5	0.00517	0.00417	0.00460	0.00449	0.00574	0.00360	0.00337	0.00651	0.01011	0.01288	0.30384	0.03656	0.56510	0.00973	0.00485	0.00135	0.00203	0.00825	0.00405	0.00360
6	0.00591	0.00432	0.00490	0.00467	0.00601	0.00374	0.00353	0.00728	0.01025	0.05734	0.30648	0.03513	0.51682	0.00943	0.00481	0.00135	0.00211	0.00800	0.00412	0.00379
7	0.00898	0.00898	0.01257	0.01078	0.01078	0.01257	0.00898	0.00988	0.00629	0.00988	0.00539	0.00898	0.00539	0.00718	0.01347	0.00180	0.84823	0.00359	0.00180	0.00449
8	0.00489	0.00410	0.00426	0.00435	0.00560	0.00346	0.00321	0.00593	0.00927	0.01118	0.06241	0.12323	0.72287	0.01059	0.00489	0.00141	0.00211	0.00894	0.00383	0.00346
9	0.00648	0.00488	0.00696	0.00676	0.00757	0.00568	0.00525	0.05108	0.00724	0.01035	0.01088	0.01612	0.01018	0.06896	0.73247	0.00605	0.03255	0.00442	0.00231	0.00381
10	0.02566	0.09034	0.51967	0.04561	0.01637	0.12626	0.02778	0.07820	0.00988	0.01334	0.00727	0.00851	0.00538	0.00399	0.00378	0.00123	0.00593	0.00301	0.00200	0.00579
11	0.01031	0.12267	0.20621	0.08737	0.15566	0.12534	0.01019	0.02822	0.02083	0.03983	0.00847	0.00996	0.02951	0.00458	0.01471	0.00124	0.04787	0.00327	0.00216	0.07161
12	0.06245	0.04994	0.01248	0.10253	0.12977	0.32550	0.02071	0.13870	0.02284	0.01370	0.01911	0.02424	0.00685	0.02133	0.00447	0.00125	0.03298	0.00340	0.00248	0.00528
13	0.00741	0.02270	0.02206	0.00663	0.03425	0.04063	0.00491	0.03070	0.05125	0.05696	0.34806	0.16829	0.12371	0.02154	0.02919	0.00155	0.00302	0.01896	0.00391	0.00427
14	0.01060	0.07109	0.06073	0.06097	0.12584	0.03060	0.00776	0.11942	0.07167	0.06842	0.03475	0.01114	0.01938	0.01534	0.00408	0.00109	0.01841	0.00345	0.00284	0.26243
15	0.24690	0.02869	0.00868	0.00668	0.00957	0.00730	0.00551	0.05645	0.01042	0.46854	0.01250	0.03348	0.00863	0.00480	0.00360	0.00123	0.00338	0.00366	0.03367	0.04631
16	0.00765	0.00383	0.00383	0.00383	0.00478	0.00383	0.00287	0.00956	0.00861	0.01530	0.01339	0.01530	0.01052	0.00478	0.00287	0.00096	0.00191	0.00383	0.87853	0.00383
17	0.03015	0.06272	0.28310	0.17215	0.15577	0.01000	0.06606	0.07974	0.03829	0.02611	0.00900	0.01066	0.02993	0.00419	0.00398	0.00128	0.00526	0.00360	0.00224	0.00576
18	0.01303	0.00829	0.01986	0.00807	0.03388	0.05731	0.00625	0.06420	0.25188	0.31679	0.06603	0.04658	0.05291	0.00585	0.00419	0.00130	0.00354	0.00483	0.02912	0.00609
19	0.00630	0.00450	0.00625	0.00720	0.00801	0.00445	0.00607	0.00796	0.00914	0.01193	0.02191	0.20369	0.02431	0.01164	0.00559	0.00185	0.00351	0.64822	0.00379	0.00369
20	0.01469	0.14411	0.01310	0.01005	0.01237	0.71703	0.00780	0.01578	0.01114	0.00999	0.00625	0.00728	0.00528	0.00412	0.00354	0.00103	0.00696	0.00258	0.00206	0.00483
21	0.40821	0.03880	0.09765	0.03290	0.12831	0.02262	0.03283	0.07661	0.02149	0.03942	0.02803	0.00948	0.00660	0.00425	0.00361	0.00128	0.02536	0.01471	0.00259	0.00526
22	0.03247	0.00529	0.00549	0.00492	0.00639	0.00547	0.00384	0.13668	0.01040	0.05683	0.01277	0.01416	0.00979	0.00479	0.00312	0.00102	0.00243	0.00378	0.67587	0.00449
23	0.00505	0.00361	0.00473	0.00560	0.00586	0.00337	0.00372	0.00573	0.00780	0.01036	0.02269	0.78371	0.05131	0.05783	0.00606	0.00178	0.00246	0.01127	0.00374	0.00329
24	0.04139	0.15087	0.06349	0.00920	0.09308	0.08742	0.01385	0.09454	0.06150	0.09834	0.04196	0.03682	0.17925	0.00587	0.00397	0.00122	0.00405	0.00470	0.00315	0.00533
25	0.01006	0.01029	0.14429	0.00957	0.05980	0.01867	0.05988	0.18350	0.12389	0.05110	0.07619	0.01716	0.13381	0.01648	0.00460	0.00133	0.01885	0.00485	0.05010	0.00559
26	0.00503	0.00361	0.00478	0.00565	0.00595	0.00336	0.00380	0.00581	0.00806	0.01075	0.05777	0.79719	0.04780	0.01261	0.00521	0.00164	0.00235	0.01141	0.00384	0.00336
27	0.01640	0.00808	0.00981	0.00762	0.01060	0.00792	0.00626	0.27094	0.01381	0.49224	0.01390	0.01281	0.00919	0.00500	0.00399	0.00123	0.00365	0.00396	0.09593	0.00665
28	0.03218	0.02409	0.14622	0.06045	0.23692	0.00976	0.18300	0.09330	0.06933	0.04013	0.04067	0.02793	0.00836	0.00435	0.00421	0.00130	0.00513	0.00415	0.00258	0.00595
29	0.00948	0.24588	0.36806	0.00994	0.02825	0.04406	0.04815	0.05576	0.02064	0.01264	0.03173	0.01164	0.06229	0.00459	0.00387	0.00120	0.01745	0.01665	0.00219	0.00554
30	0.00609	0.00472	0.00698	0.00685	0.00751	0.00564	0.00535	0.00748	0.00656	0.00952	0.01063	0.01585	0.01002	0.04800	0.76079	0.00619	0.07155	0.00438	0.00218	0.00370
31	0.00922	0.02238	0.08545	0.03064	0.04915	0.03379	0.03072	0.04513	0.08877	0.02717	0.03660	0.02284	0.00826	0.00485	0.03183	0.00112	0.00405	0.00332	0.00267	0.46205
32	0.01209	0.05509	0.03986	0.01002	0.05188	0.18808	0.06419	0.12421	0.11642	0.09537	0.01048	0.01310	0.00862	0.07431	0.02271	0.03134	0.04340	0.03048	0.00297	0.00537
33	0.00575	0.00429	0.00536	0.00512	0.00618	0.00395	0.00387	0.00772	0.02672	0.01544	0.65562	0.03231	0.17378	0.00876	0.00485	0.00133	0.00204	0.02871	0.00437	0.00385
34	0.01016	0.00975	0.01666	0.02520	0.83013	0.00975	0.01260	0.01260	0.00935	0.01341	0.00772	0.01016	0.00650	0.00366	0.00406	0.00122	0.00488	0.00366	0.00203	0.00650
35	0.00597	0.00399	0.00453	0.00453	0.00455	0.00401	0.00256	0.00601	0.00599	0.00800	0.01288	0.02658	0.01480	0.83370	0.04276	0.00405	0.00417	0.00593	0.00248	0.00252
36	0.03471	0.00427	0.00452	0.00427	0.00549	0.00420	0.00327	0.01053	0.00902	0.09263	0.05747	0.01575	0.01183	0.00498	0.00309	0.00101	0.00210	0.00400	0.72273	0.00415
37	0.01096	0.00898	0.01436	0.23087	0.46002	0.00945	0.01113	0.08658	0.01024	0.10467	0.00875	0.01075	0.00669	0.00405	0.00409	0.00126	0.00484	0.00371	0.00251	0.00610
38	0.00520	0.00415	0.00455	0.00463	0.00575	0.00364	0.00344	0.00629	0.00923	0.01148	0.12717	0.08610	0.56011	0.08629	0.00637	0.00166	0.00237	0.06437	0.00377	0.00344
39	0.00862	0.00605	0.02083	0.00678	0.02246	0.01907	0.02949	0.06661	0.00998	0.11632	0.10894	0.21864	0.12813	0.02747	0.00512	0.00140	0.03223	0.02252	0.09751	0.05184
40	0.34833	0.00808	0.00832	0.00685	0.00950	0.00860	0.00558	0.21066	0.01150	0.22472	0.04880	0.05633	0.00945	0.00513	0.00358	0.00128	0.00346	0.00385	0.02038	0.00561

[dist]
# distance from previous block
# <min> <max>
1	3

[block]
# block no. 6 follows, 65 sequences, length 57
# corresponding to MSA columns:
# 797-853
name=unknown_G
#
# <colnr> <probs for GDERKNQSTAVLIFYWHMCP>
#	G	D	E	R	K	N	Q	S	T	A	V	L	I	F	Y	W	H	M	C	P
0	0.06155	0.01981	0.00781	0.04307	0.06691	0.00634	0.00555	0.04841	0.07267	0.08843	0.28020	0.07087	0.13171	0.00727	0.00469	0.00133	0.03040	0.01758	0.03070	0.00470
1	0.01647	0.05870	0.01000	0.00727	0.01028	0.00697	0.00602	0.01908	0.09637	0.65759	0.03646	0.01469	0.03040	0.00525	0.00408	0.00126	0.00345	0.00426	0.00474	0.00667
2	0.77685	0.00833	0.00675	0.00596	0.00837	0.02927	0.00490	0.02745	0.00738	0.03426	0.00600	0.00703	0.00469	0.00407	0.00329	0.00130	0.05460	0.00238	0.00257	0.00455
3	0.00559	0.00401	0.00531	0.00598	0.00654	0.00382	0.00445	0.00676	0.00876	0.01168	0.13740	0.44000	0.06024	0.06288	0.00623	0.00180	0.00277	0.21846	0.00382	0.00348
4	0.01560	0.01150	0.01232	0.00944	0.01273	0.01273	0.00780	0.81645	0.01930	0.02587	0.00986	0.00986	0.00698	0.00493	0.00411	0.00123	0.00452	0.00370	0.00411	0.00698
5	0.01011	0.00935	0.01390	0.31257	0.28248	0.07726	0.06175	0.03362	0.02582	0.06202	0.00868	0.02419	0.00698	0.00478	0.01802	0.00139	0.02380	0.01550	0.00230	0.00547
6	0.00923	0.13195	0.04073	0.10835	0.06590	0.02054	0.12159	0.02556	0.05770	0.01178	0.04309	0.03473	0.00829	0.01771	0.00721	0.00145	0.26923	0.00404	0.01592	0.00500
7	0.00597	0.00398	0.00448	0.00448	0.00448	0.00398	0.00249	0.00597	0.00597	0.00796	0.01293	0.02686	0.01492	0.85574	0.02089	0.00398	0.00398	0.00597	0.00249	0.00249
8	0.00966	0.00920	0.01563	0.22434	0.61060	0.00966	0.02266	0.02593	0.00925	0.01291	0.00766	0.01036	0.00626	0.00379	0.00408	0.00126	0.00504	0.00367	0.00202	0.00603
9	0.00924	0.02201	0.04636	0.02913	0.18221	0.03100	0.01599	0.04359	0.15652	0.07330	0.15408	0.05533	0.10699	0.00655	0.00442	0.00134	0.00364	0.04946	0.00349	0.00534
10	0.04370	0.18937	0.18386	0.04466	0.13614	0.07481	0.00951	0.16465	0.01081	0.01452	0.03409	0.01021	0.00731	0.04170	0.01681	0.00137	0.00506	0.00333	0.00243	0.00566
11	0.85687	0.00791	0.00615	0.00546	0.00802	0.00911	0.00450	0.01232	0.00714	0.04462	0.00605	0.00690	0.00463	0.00385	0.00259	0.00127	0.00319	0.00228	0.00262	0.00453
12	0.00568	0.00415	0.00535	0.00530	0.00616	0.00387	0.00388	0.00751	0.02706	0.01496	0.60505	0.20719	0.06963	0.00938	0.00491	0.00138	0.00206	0.00833	0.00433	0.00379
13	0.00851	0.00730	0.00851	0.00608	0.00973	0.00547	0.00486	0.01034	0.00851	0.01338	0.00730	0.00851	0.00608	0.00304	0.00304	0.00061	0.00304	0.00243	0.00243	0.88083
14	0.01793	0.00710	0.00951	0.00737	0.01049	0.00628	0.00606	0.02011	0.06021	0.78422	0.01622	0.01405	0.01030	0.00511	0.00413	0.00128	0.00348	0.00416	0.00503	0.00696
15	0.00508	0.00370	0.00481	0.00567	0.00607	0.00343	0.00391	0.00590	0.00811	0.01065	0.02452	0.72045	0.10932	0.01251	0.00523	0.00165	0.00244	0.05936	0.00381	0.00337
16	0.00500	0.00357	0.00476	0.00572	0.00595	0.00333	0.00381	0.00572	0.00786	0.01048	0.02262	0.85306	0.02715	0.01286	0.00524	0.00167	0.00238	0.01167	0.00381	0.00333
17	0.00733	0.00463	0.00588	0.00534	0.00667	0.00420	0.00408	0.02010	0.01142	0.11448	0.60731	0.02961	0.14664	0.00823	0.00475	0.00130	0.00218	0.00715	0.00448	0.00423
18	0.00586	0.00440	0.00660	0.00660	0.00733	0.00513	0.00513	0.00733	0.00660	0.00953	0.01100	0.01613	0.01026	0.03079	0.83947	0.00660	0.01100	0.00440	0.00220	0.00367
19	0.01001	0.00960	0.01640	0.07501	0.78147	0.00971	0.01253	0.01247	0.00928	0.01323	0.00770	0.01021	0.00644	0.00368	0.00407	0.00123	0.00491	0.00366	0.00202	0.00638
20	0.33308	0.02227	0.06709	0.00846	0.03043	0.13715	0.03142	0.13262	0.01854	0.16973	0.00873	0.00905	0.00626	0.00428	0.00346	0.00123	0.00445	0.00305	0.00310	0.00557
21	0.78144	0.00818	0.00769	0.00667	0.02149	0.00923	0.06750	0.01236	0.00735	0.03879	0.00622	0.00725	0.00476	0.00381	0.00278	0.00128	0.00350	0.00250	0.00256	0.00463
22	0.01076	0.03194	0.07043	0.01490	0.01884	0.06413	0.58143	0.03598	0.02425	0.07683	0.00945	0.01135	0.02102	0.00386	0.00457	0.00133	0.00636	0.00450	0.00241	0.00564
23	0.00540	0.00404	0.00504	0.00529	0.00613	0.00368	0.00390	0.00675	0.00976	0.01303	0.33130	0.28827	0.21792	0.01048	0.00503	0.00148	0.00225	0.07258	0.00408	0.00360
24	0.00516	0.00417	0.00459	0.00449	0.00574	0.00360	0.00336	0.00649	0.01009	0.01284	0.29733	0.03663	0.57163	0.00974	0.00485	0.00136	0.00203	0.00826	0.00404	0.00360
25	0.86191	0.00791	0.00613	0.00545	0.00801	0.00912	0.00449	0.01228	0.00711	0.03987	0.00599	0.00686	0.00460	0.00384	0.00258	0.00127	0.00318	0.00227	0.00261	0.00451
26	0.01533	0.01956	0.01163	0.01058	0.01269	0.83926	0.00793	0.01639	0.01163	0.01005	0.00635	0.00740	0.00529	0.00423	0.00370	0.00106	0.00740	0.00264	0.00212	0.00476
27	0.00597	0.00398	0.00448	0.00448	0.00448	0.00398	0.00249	0.00597	0.00597	0.00796	0.01293	0.02686	0.01492	0.85574	0.02089	0.00398	0.00398	0.00597	0.00249	0.00249
28	0.00567	0.00419	0.00529	0.00502	0.00605	0.00381	0.00376	0.00748	0.01129	0.01568	0.71349	0.03195	0.15369	0.00868	0.00484	0.00130	0.00196	0.00760	0.00442	0.00381
29	0.03884	0.00851	0.01401	0.48563	0.08329	0.02119	0.11580	0.02711	0.00840	0.01153	0.00714	0.01037	0.00563	0.00449	0.00564	0.00142	0.14046	0.00373	0.00194	0.00487
30	0.00535	0.00393	0.00504	0.00542	0.00610	0.00361	0.00389	0.00660	0.00945	0.01273	0.30465	0.41712	0.13589	0.01090	0.00507	0.00151	0.00226	0.05286	0.00405	0.00356
31	0.10318	0.00901	0.00949	0.00809	0.01065	0.01011	0.00644	0.19664	0.46712	0.07998	0.04552	0.01370	0.01129	0.00532	0.00401	0.00133	0.00349	0.00425	0.00407	0.00632
32	0.01079	0.50631	0.17639	0.00879	0.03160	0.09176	0.00873	0.01356	0.06988	0.02234	0.00720	0.00808	0.00599	0.00432	0.01791	0.00113	0.00503	0.00268	0.00203	0.00549
33	0.00958	0.26488	0.37209	0.00969	0.01371	0.03105	0.01070	0.04314	0.05938	0.01222	0.00748	0.00884	0.00598	0.00544	0.04059	0.00145	0.09316	0.00302	0.00202	0.00559
34	0.00508	0.00360	0.00474	0.00562	0.00584	0.00339	0.00371	0.00574	0.00771	0.01028	0.02186	0.78786	0.02618	0.07937	0.00647	0.00185	0.00251	0.01122	0.00371	0.00327
35	0.75354	0.00877	0.03199	0.00608	0.00881	0.00964	0.00518	0.10884	0.00852	0.01915	0.00626	0.00711	0.00477	0.00395	0.00277	0.00127	0.00342	0.00242	0.00270	0.00480
36	0.01045	0.30673	0.14594	0.00838	0.01141	0.16467	0.00798	0.03747	0.07423	0.01233	0.12033	0.02444	0.02737	0.00495	0.00387	0.00113	0.02695	0.00367	0.00253	0.00518
37	0.06369	0.59554	0.13432	0.00859	0.04668	0.03002	0.00834	0.02658	0.00854	0.01112	0.00610	0.00718	0.00530	0.00374	0.00324	0.00101	0.03030	0.00246	0.00186	0.00538
38	0.00596	0.00400	0.00461	0.00461	0.00465	0.00405	0.00265	0.00605	0.00601	0.00805	0.01282	0.02621	0.01464	0.80567	0.07058	0.00414	0.00441	0.00587	0.00247	0.00256
39	0.00675	0.08116	0.02953	0.00624	0.00727	0.00600	0.03292	0.02168	0.00711	0.00973	0.01238	0.03279	0.03659	0.33428	0.31575	0.00421	0.00660	0.01679	0.02868	0.00355
40	0.01389	0.02105	0.03794	0.00740	0.01036	0.00725	0.00623	0.16285	0.03173	0.38288	0.11018	0.01492	0.01253	0.01941	0.01883	0.00132	0.00368	0.01496	0.00420	0.11839
41	0.07225	0.06204	0.21738	0.00925	0.01299	0.03276	0.00901	0.33902	0.09872	0.07042	0.01993	0.01025	0.00744	0.00461	0.00385	0.00124	0.00462	0.00349	0.01444	0.00629
42	0.01087	0.76588	0.03563	0.03274	0.01125	0.02981	0.00730	0.01273	0.04337	0.01007	0.00627	0.00714	0.00558	0.00364	0.00279	0.00093	0.00446	0.00237	0.00187	0.00531
43	0.00573	0.00418	0.00539	0.00511	0.00609	0.00384	0.00382	0.00759	0.01141	0.01601	0.76324	0.04516	0.08985	0.00860	0.00485	0.00130	0.00195	0.00758	0.00446	0.00384
44	0.00844	0.01907	0.67455	0.04838	0.01878	0.00965	0.13805	0.01291	0.00880	0.01291	0.00751	0.00913	0.00537	0.00384	0.00405	0.00132	0.00617	0.00334	0.00179	0.00592
45	0.14821	0.04713	0.01123	0.05769	0.05382	0.12985	0.00735	0.26216	0.03744	0.17885	0.00967	0.00992	0.00693	0.00457	0.00389	0.00123	0.01732	0.00336	0.00340	0.00598
46	0.00598	0.00410	0.00486	0.00485	0.00494	0.00423	0.00293	0.00618	0.00610	0.00823	0.01285	0.04712	0.01456	0.72637	0.11312	0.00418	0.01835	0.00590	0.00248	0.00268
47	0.00500	0.00357	0.00476	0.00572	0.00595	0.00333	0.00381	0.00572	0.00786	0.01048	0.02262	0.85306	0.02715	0.01286	0.00524	0.00167	0.00238	0.01167	0.00381	0.00333
48	0.00519	0.00420	0.00462	0.00461	0.00581	0.00367	0.00342	0.00660	0.02484	0.01239	0.22110	0.11243	0.55653	0.01007	0.00487	0.00139	0.00210	0.00858	0.00398	0.00360
49	0.00845	0.02070	0.79073	0.01181	0.01776	0.00963	0.03886	0.03213	0.00895	0.01331	0.00745	0.00877	0.00527	0.00391	0.00393	0.00130	0.00606	0.00310	0.00180	0.00607
50	0.01042	0.01015	0.01154	0.01001	0.01078	0.15922	0.01895	0.01151	0.00774	0.07175	0.00715	0.01005	0.00639	0.00958	0.12040	0.00226	0.51171	0.00359	0.00216	0.00463
51	0.79842	0.00782	0.00620	0.00549	0.00800	0.00896	0.00451	0.03146	0.00750	0.04466	0.00648	0.00735	0.00495	0.00392	0.00264	0.00126	0.00316	0.00239	0.04027	0.00456
52	0.00557	0.00424	0.00524	0.00576	0.00672	0.00391	0.00456	0.00690	0.00921	0.01171	0.07883	0.21575	0.32187	0.01114	0.00523	0.00162	0.00274	0.29159	0.00384	0.00357
53	0.00499	0.00369	0.00466	0.00541	0.00588	0.00337	0.00368	0.00578	0.00821	0.01069	0.03947	0.68356	0.18101	0.01231	0.00516	0.00161	0.00232	0.01102	0.00382	0.00337
54	0.00955	0.02378	0.11449	0.08806	0.01255	0.12024	0.00735	0.04051	0.07780	0.03611	0.09989	0.04625	0.02135	0.00483	0.00381	0.00107	0.00419	0.00393	0.00281	0.28143
55	0.01113	0.63139	0.12786	0.00792	0.01157	0.02515	0.00815	0.02884	0.00876	0.06041	0.00664	0.00749	0.00560	0.00385	0.00340	0.00101	0.04083	0.00252	0.00201	0.00547
56	0.06342	0.00991	0.01470	0.10987	0.57964	0.06063	0.01119	0.04696	0.00968	0.01379	0.02391	0.01023	0.00685	0.00389	0.00395	0.00122	0.00489	0.00356	0.00219	0.01950

[dist]
# distance from previous block
# <min> <max>
0	26

# created by:
# /st0/software/busco_prod/Augustus/scripts/msa2prfl.pl ./align_prep/96211.fa
