[name]
unknown

[dist]
# distance from previous block
# <min> <max>
0	16

[block]
# block no. 0 follows, 59 sequences, length 11
# corresponding to MSA columns:
# 46-56
name=unknown_A
#
# <colnr> <probs for GDERKNQSTAVLIFYWHMCP>
#	G	D	E	R	K	N	Q	S	T	A	V	L	I	F	Y	W	H	M	C	P
0	0.04167	0.00591	0.00739	0.00840	0.05709	0.04985	0.02561	0.00872	0.00921	0.03927	0.02091	0.53157	0.02380	0.01153	0.00538	0.00173	0.00347	0.14049	0.00382	0.00420
1	0.00632	0.00564	0.05120	0.00725	0.02767	0.00477	0.02287	0.00827	0.04922	0.01306	0.13836	0.55320	0.04351	0.01139	0.00530	0.00165	0.00291	0.01027	0.03299	0.00416
2	0.00847	0.00832	0.01311	0.07070	0.01379	0.03981	0.19855	0.01058	0.03278	0.01222	0.03231	0.26043	0.04079	0.02589	0.00753	0.00169	0.18416	0.00707	0.00291	0.02890
3	0.00823	0.00412	0.00412	0.00412	0.00515	0.00412	0.00309	0.01029	0.00926	0.01647	0.01441	0.01647	0.01132	0.00515	0.00309	0.00103	0.00206	0.00412	0.86930	0.00412
4	0.00631	0.00473	0.00710	0.00710	0.00789	0.00552	0.00552	0.00789	0.00710	0.01025	0.01183	0.01735	0.01104	0.03312	0.82728	0.00710	0.01183	0.00473	0.00237	0.00394
5	0.01564	0.01964	0.01262	0.05837	0.01449	0.73317	0.00881	0.01687	0.01197	0.01083	0.00683	0.00828	0.00571	0.00473	0.00462	0.00120	0.05595	0.00297	0.00224	0.00509
6	0.00892	0.00812	0.01318	0.62643	0.12324	0.00964	0.01154	0.05446	0.00955	0.01250	0.00906	0.05431	0.00757	0.02759	0.00496	0.00154	0.00554	0.00444	0.00225	0.00518
7	0.87598	0.00854	0.00649	0.00581	0.00854	0.00991	0.00478	0.01298	0.00752	0.01982	0.00615	0.00717	0.00478	0.00410	0.00273	0.00137	0.00342	0.00239	0.00273	0.00478
8	0.00823	0.00412	0.00412	0.00412	0.00515	0.00412	0.00309	0.01029	0.00926	0.01647	0.01441	0.01647	0.01132	0.00515	0.00309	0.00103	0.00206	0.00412	0.86930	0.00412
9	0.77546	0.00828	0.00673	0.00598	0.00867	0.00939	0.00489	0.01337	0.00795	0.08118	0.00774	0.04088	0.00623	0.00459	0.00298	0.00138	0.00341	0.00295	0.00300	0.00495
10	0.01033	0.01188	0.08084	0.01948	0.28546	0.04247	0.36490	0.01351	0.01039	0.01422	0.04959	0.01436	0.00945	0.00459	0.00486	0.00143	0.00621	0.04748	0.00242	0.00612

[dist]
# distance from previous block
# <min> <max>
0	2

[block]
# block no. 1 follows, 59 sequences, length 8
# corresponding to MSA columns:
# 59-66
name=unknown_B
#
# <colnr> <probs for GDERKNQSTAVLIFYWHMCP>
#	G	D	E	R	K	N	Q	S	T	A	V	L	I	F	Y	W	H	M	C	P
0	0.01020	0.03052	0.07333	0.06449	0.38292	0.02443	0.06532	0.03044	0.05005	0.03564	0.01157	0.11247	0.01071	0.00587	0.00497	0.00145	0.03359	0.04321	0.00271	0.00611
1	0.00638	0.00444	0.00564	0.00564	0.00592	0.00473	0.00370	0.00695	0.00667	0.00917	0.01316	0.02474	0.01425	0.55228	0.31251	0.00530	0.00700	0.00581	0.00256	0.00313
2	0.03248	0.65097	0.06628	0.00937	0.04771	0.05488	0.03871	0.01345	0.00917	0.01117	0.00647	0.00768	0.00574	0.00396	0.00343	0.00105	0.02717	0.00265	0.00195	0.00572
3	0.00885	0.00870	0.06637	0.00743	0.01122	0.00622	0.04057	0.01105	0.00933	0.01432	0.04399	0.05784	0.00931	0.00421	0.00364	0.00084	0.00359	0.00358	0.00273	0.68623
4	0.01374	0.06224	0.15989	0.01169	0.06934	0.19505	0.04103	0.17385	0.07820	0.10210	0.01103	0.02990	0.02209	0.00506	0.00427	0.00131	0.00566	0.00397	0.00320	0.00640
5	0.01303	0.17123	0.12824	0.01330	0.13864	0.26524	0.05538	0.03435	0.07973	0.04782	0.00871	0.00977	0.00687	0.00440	0.00400	0.00123	0.00607	0.00340	0.00251	0.00608
6	0.01652	0.02046	0.01257	0.01130	0.01366	0.77198	0.00852	0.07078	0.01307	0.01196	0.00708	0.00814	0.00581	0.00460	0.00401	0.00115	0.00775	0.00292	0.00242	0.00528
7	0.04191	0.08460	0.03647	0.01552	0.28511	0.15020	0.03849	0.03124	0.15174	0.04990	0.01007	0.01144	0.00805	0.02351	0.00453	0.00134	0.00523	0.00380	0.00281	0.04404

[dist]
# distance from previous block
# <min> <max>
0	10

[block]
# block no. 2 follows, 59 sequences, length 48
# corresponding to MSA columns:
# 77-124
name=unknown_C
#
# <colnr> <probs for GDERKNQSTAVLIFYWHMCP>
#	G	D	E	R	K	N	Q	S	T	A	V	L	I	F	Y	W	H	M	C	P
0	0.09168	0.59287	0.17777	0.00873	0.02717	0.01523	0.00912	0.01336	0.00893	0.01205	0.00653	0.00760	0.00560	0.00389	0.00312	0.00108	0.00496	0.00257	0.00197	0.00578
1	0.01479	0.20614	0.07752	0.00972	0.03185	0.01311	0.00857	0.42726	0.01572	0.10469	0.04160	0.01104	0.00862	0.00499	0.00407	0.00125	0.00474	0.00375	0.00371	0.00686
2	0.00823	0.00412	0.00412	0.00412	0.00515	0.00412	0.00309	0.01029	0.00926	0.01647	0.01441	0.01647	0.01132	0.00515	0.00309	0.00103	0.00206	0.00412	0.86930	0.00412
3	0.00804	0.00684	0.01050	0.26191	0.01604	0.00733	0.09974	0.02434	0.07032	0.01445	0.17483	0.03253	0.11580	0.01774	0.00485	0.00144	0.00408	0.00581	0.11861	0.00478
4	0.00887	0.00843	0.01171	0.01024	0.01033	0.01146	0.00832	0.00979	0.00676	0.01033	0.00750	0.01293	0.00767	0.11386	0.11014	0.00282	0.63803	0.00428	0.00207	0.00446
5	0.00966	0.00966	0.01353	0.01160	0.01160	0.01353	0.00966	0.01063	0.00676	0.01063	0.00580	0.00966	0.00580	0.00773	0.01449	0.00193	0.83670	0.00387	0.00193	0.00483
6	0.01022	0.00828	0.00952	0.00698	0.01075	0.00683	0.00560	0.08816	0.04246	0.03605	0.00888	0.00987	0.00711	0.00366	0.00346	0.00078	0.00342	0.00292	0.01825	0.71681
7	0.87598	0.00854	0.00649	0.00581	0.00854	0.00991	0.00478	0.01298	0.00752	0.01982	0.00615	0.00717	0.00478	0.00410	0.00273	0.00137	0.00342	0.00239	0.00273	0.00478
8	0.01232	0.04206	0.12487	0.00980	0.01276	0.02431	0.06457	0.12993	0.02689	0.18796	0.10469	0.02868	0.01256	0.00775	0.05816	0.00180	0.10925	0.01846	0.00357	0.01961
9	0.00916	0.00785	0.00916	0.00654	0.01047	0.00589	0.00523	0.01112	0.00916	0.01439	0.00785	0.00916	0.00654	0.00327	0.00327	0.00065	0.00327	0.00262	0.00262	0.87178
10	0.00623	0.00446	0.00557	0.00537	0.00612	0.00426	0.00377	0.00762	0.01023	0.01419	0.47848	0.03144	0.08478	0.25282	0.06358	0.00260	0.00336	0.00741	0.00402	0.00369
11	0.00642	0.00428	0.00482	0.00482	0.00482	0.00428	0.00268	0.00642	0.00642	0.00856	0.01392	0.02890	0.01606	0.84478	0.02248	0.00428	0.00428	0.00642	0.00268	0.00268
12	0.00955	0.00950	0.01332	0.01145	0.01147	0.01326	0.00953	0.01054	0.00677	0.01062	0.00600	0.00992	0.00597	0.00856	0.04119	0.00210	0.80960	0.00389	0.00195	0.00480
13	0.01181	0.84744	0.02314	0.00756	0.01134	0.01748	0.00756	0.01323	0.00897	0.01039	0.00614	0.00708	0.00567	0.00378	0.00283	0.00094	0.00472	0.00236	0.00189	0.00567
14	0.01944	0.00743	0.01013	0.00779	0.01115	0.00643	0.00643	0.02116	0.01264	0.79817	0.03941	0.01553	0.01178	0.00556	0.00446	0.00137	0.00371	0.00454	0.00545	0.00742
15	0.00627	0.00470	0.00702	0.00706	0.00783	0.00544	0.00546	0.00782	0.00715	0.01029	0.01233	0.05042	0.01177	0.03235	0.79432	0.00689	0.01146	0.00505	0.00244	0.00393
16	0.01093	0.01049	0.01793	0.02711	0.81723	0.01049	0.01355	0.01355	0.01006	0.01443	0.00831	0.01093	0.00700	0.00394	0.00437	0.00131	0.00525	0.00394	0.00219	0.00700
17	0.83170	0.00874	0.00684	0.00603	0.00881	0.01010	0.00497	0.05367	0.00820	0.02023	0.00638	0.00735	0.00492	0.00416	0.00282	0.00136	0.00349	0.00247	0.00282	0.00492
18	0.00767	0.00384	0.00575	0.00575	0.00575	0.00384	0.00384	0.00575	0.00575	0.00767	0.00767	0.01343	0.00767	0.01534	0.01726	0.87150	0.00384	0.00384	0.00192	0.00192
19	0.01663	0.01229	0.01317	0.01013	0.01364	0.01362	0.00836	0.78151	0.04202	0.02758	0.01080	0.01076	0.00767	0.00532	0.00442	0.00133	0.00482	0.00400	0.00442	0.00750
20	0.00823	0.00412	0.00412	0.00412	0.00515	0.00412	0.00309	0.01029	0.00926	0.01647	0.01441	0.01647	0.01132	0.00515	0.00309	0.00103	0.00206	0.00412	0.86930	0.00412
21	0.00823	0.00412	0.00412	0.00412	0.00515	0.00412	0.00309	0.01029	0.00926	0.01647	0.01441	0.01647	0.01132	0.00515	0.00309	0.00103	0.00206	0.00412	0.86930	0.00412
22	0.01497	0.01718	0.01411	0.01567	0.23929	0.51285	0.00993	0.09844	0.01269	0.01360	0.00764	0.00907	0.00625	0.00446	0.00414	0.00121	0.00688	0.00327	0.00247	0.00590
23	0.01084	0.01040	0.01777	0.05497	0.79007	0.01047	0.01351	0.01348	0.01001	0.01432	0.00829	0.01096	0.00696	0.00395	0.00437	0.00132	0.00527	0.00393	0.00218	0.00692
24	0.01074	0.01030	0.01759	0.08599	0.75983	0.01044	0.01346	0.01339	0.00997	0.01420	0.00827	0.01099	0.00692	0.00397	0.00438	0.00132	0.00529	0.00393	0.00217	0.00684
25	0.01127	0.00716	0.00748	0.00638	0.00833	0.00767	0.00506	0.28222	0.04529	0.02044	0.01325	0.01446	0.01010	0.00523	0.00360	0.00115	0.00308	0.00410	0.53831	0.00539
26	0.00942	0.00789	0.00861	0.00783	0.00988	0.00877	0.00605	0.01851	0.55297	0.01796	0.23874	0.02223	0.05818	0.00707	0.00472	0.00147	0.00305	0.00602	0.00458	0.00606
27	0.01181	0.84744	0.02314	0.00756	0.01134	0.01748	0.00756	0.01323	0.00897	0.01039	0.00614	0.00708	0.00567	0.00378	0.00283	0.00094	0.00472	0.00236	0.00189	0.00567
28	0.00642	0.00428	0.00482	0.00482	0.00482	0.00428	0.00268	0.00642	0.00642	0.00856	0.01392	0.02890	0.01606	0.84478	0.02248	0.00428	0.00428	0.00642	0.00268	0.00268
29	0.01099	0.00949	0.00999	0.00899	0.01148	0.01099	0.00699	0.02347	0.80925	0.01848	0.01798	0.01648	0.01348	0.00599	0.00449	0.00150	0.00350	0.00499	0.00449	0.00699
30	0.00886	0.02285	0.82190	0.01259	0.01912	0.01026	0.01632	0.01399	0.00932	0.01399	0.00793	0.00932	0.00559	0.00420	0.00420	0.00140	0.00653	0.00326	0.00186	0.00653
31	0.00642	0.00428	0.00482	0.00482	0.00482	0.00428	0.00268	0.00642	0.00642	0.00856	0.01392	0.02890	0.01606	0.84478	0.02248	0.00428	0.00428	0.00642	0.00268	0.00268
32	0.00538	0.00384	0.00512	0.00615	0.00641	0.00359	0.00410	0.00615	0.00846	0.01127	0.02434	0.84190	0.02921	0.01384	0.00564	0.00179	0.00256	0.01256	0.00410	0.00359
33	0.01653	0.02017	0.01259	0.01125	0.01366	0.74416	0.00852	0.09762	0.01336	0.01254	0.00721	0.00823	0.00587	0.00463	0.00403	0.00116	0.00765	0.00296	0.00249	0.00536
34	0.00549	0.00464	0.00474	0.00474	0.00621	0.00401	0.00358	0.00695	0.03390	0.01209	0.04248	0.04166	0.74545	0.03058	0.00563	0.00158	0.00239	0.03599	0.00408	0.00381
35	0.01083	0.01049	0.01714	0.06128	0.72697	0.03274	0.01299	0.01341	0.01011	0.01426	0.02566	0.01133	0.00765	0.00407	0.00436	0.00130	0.00524	0.00397	0.00225	0.02395
36	0.87598	0.00854	0.00649	0.00581	0.00854	0.00991	0.00478	0.01298	0.00752	0.01982	0.00615	0.00717	0.00478	0.00410	0.00273	0.00137	0.00342	0.00239	0.00273	0.00478
37	0.00823	0.00412	0.00412	0.00412	0.00515	0.00412	0.00309	0.01029	0.00926	0.01647	0.01441	0.01647	0.01132	0.00515	0.00309	0.00103	0.00206	0.00412	0.86930	0.00412
38	0.01082	0.00960	0.02507	0.00964	0.02388	0.01060	0.04961	0.04120	0.66664	0.01816	0.03054	0.01680	0.01338	0.00594	0.00452	0.00148	0.00376	0.02008	0.03153	0.00675
39	0.00835	0.00737	0.01199	0.09490	0.29761	0.00743	0.05599	0.02992	0.00984	0.01357	0.09809	0.28552	0.01806	0.03440	0.00550	0.00160	0.00419	0.00733	0.00314	0.00520
40	0.13272	0.01116	0.01192	0.00925	0.01266	0.01216	0.00764	0.58503	0.01783	0.13973	0.01098	0.01077	0.00763	0.00516	0.00420	0.00134	0.00451	0.00383	0.00434	0.00715
41	0.02125	0.00819	0.01302	0.06375	0.42153	0.00850	0.02158	0.01164	0.03394	0.01314	0.01041	0.03667	0.00949	0.10011	0.13043	0.00252	0.02099	0.00457	0.04856	0.01970
42	0.00966	0.00966	0.01353	0.01160	0.01160	0.01353	0.00966	0.01063	0.00676	0.01063	0.00580	0.00966	0.00580	0.00773	0.01449	0.00193	0.83670	0.00387	0.00193	0.00483
43	0.01640	0.01318	0.01288	0.01016	0.01345	0.11253	0.00826	0.66619	0.04521	0.02524	0.01046	0.01059	0.00756	0.00523	0.00434	0.00130	0.00514	0.00387	0.02088	0.00714
44	0.03653	0.05134	0.01256	0.01079	0.01324	0.72366	0.00819	0.01694	0.01204	0.01124	0.00685	0.00799	0.00572	0.00443	0.00386	0.00110	0.00743	0.00280	0.00229	0.06099
45	0.00705	0.02562	0.21911	0.00813	0.02985	0.00629	0.03362	0.00977	0.01094	0.01512	0.37256	0.02724	0.20167	0.00786	0.00488	0.00141	0.00358	0.00676	0.00371	0.00484
46	0.01093	0.01049	0.01793	0.02711	0.81723	0.01049	0.01355	0.01355	0.01006	0.01443	0.00831	0.01093	0.00700	0.00394	0.00437	0.00131	0.00525	0.00394	0.00219	0.00700
47	0.00916	0.00785	0.00916	0.00654	0.01047	0.00589	0.00523	0.01112	0.00916	0.01439	0.00785	0.00916	0.00654	0.00327	0.00327	0.00065	0.00327	0.00262	0.00262	0.87178

[dist]
# distance from previous block
# <min> <max>
0	1

[block]
# block no. 3 follows, 59 sequences, length 8
# corresponding to MSA columns:
# 127-134
name=unknown_D
#
# <colnr> <probs for GDERKNQSTAVLIFYWHMCP>
#	G	D	E	R	K	N	Q	S	T	A	V	L	I	F	Y	W	H	M	C	P
0	0.00972	0.04061	0.64655	0.01212	0.01793	0.01026	0.05489	0.05994	0.01031	0.04225	0.04815	0.01084	0.00772	0.00451	0.00429	0.00139	0.00612	0.00366	0.00230	0.00645
1	0.00887	0.00856	0.05703	0.00742	0.01119	0.00620	0.04496	0.01105	0.00937	0.01437	0.05004	0.05159	0.00941	0.00416	0.00364	0.00083	0.00357	0.00355	0.00274	0.69146
2	0.00886	0.01963	0.64876	0.01215	0.03726	0.00965	0.03534	0.01379	0.04100	0.01447	0.06785	0.01145	0.00868	0.00456	0.00427	0.00137	0.00591	0.00372	0.00224	0.04903
3	0.01072	0.01028	0.01755	0.09294	0.75305	0.01044	0.01345	0.01337	0.00996	0.01417	0.00827	0.01100	0.00691	0.00397	0.00438	0.00132	0.00530	0.00393	0.00217	0.00683
4	0.00952	0.00839	0.01138	0.06313	0.09520	0.00734	0.05613	0.04037	0.03828	0.01460	0.00898	0.03167	0.00756	0.00482	0.02969	0.00111	0.00422	0.00345	0.00267	0.56149
5	0.06099	0.00826	0.04005	0.01039	0.11875	0.02928	0.05560	0.04551	0.03403	0.18299	0.20815	0.05267	0.09825	0.00671	0.00464	0.00138	0.00380	0.00582	0.00397	0.02876
6	0.00824	0.00841	0.08855	0.01001	0.10675	0.03838	0.05132	0.01094	0.04298	0.04013	0.34728	0.10747	0.07893	0.00770	0.00489	0.00141	0.00363	0.00684	0.00380	0.03234
7	0.01147	0.54965	0.04589	0.02812	0.04006	0.06506	0.02922	0.02587	0.00985	0.03249	0.06575	0.01071	0.02988	0.00448	0.00342	0.00106	0.00478	0.00326	0.00236	0.03662

[dist]
# distance from previous block
# <min> <max>
13	19

[block]
# block no. 4 follows, 59 sequences, length 33
# corresponding to MSA columns:
# 159-191
name=unknown_E
#
# <colnr> <probs for GDERKNQSTAVLIFYWHMCP>
#	G	D	E	R	K	N	Q	S	T	A	V	L	I	F	Y	W	H	M	C	P
0	0.01081	0.01102	0.12511	0.01024	0.06018	0.02181	0.06579	0.13695	0.07546	0.04845	0.08556	0.02572	0.02150	0.00491	0.00418	0.00116	0.00437	0.00419	0.00325	0.27934
1	0.03214	0.00958	0.02743	0.04686	0.12121	0.00949	0.11763	0.17477	0.08966	0.13725	0.07345	0.02605	0.01162	0.00535	0.00450	0.00136	0.00458	0.02232	0.02979	0.05497
2	0.00630	0.00438	0.00587	0.00684	0.02754	0.00409	0.00475	0.00738	0.00915	0.04196	0.05578	0.59539	0.09120	0.01267	0.00557	0.00176	0.00282	0.10851	0.00413	0.00391
3	0.01035	0.02889	0.25667	0.03682	0.20957	0.01933	0.11429	0.01391	0.03084	0.05372	0.00882	0.01049	0.00674	0.00400	0.00418	0.00123	0.00544	0.00365	0.00239	0.17866
4	0.00834	0.00785	0.01325	0.83417	0.03042	0.00981	0.01227	0.01128	0.00883	0.01128	0.00785	0.01178	0.00589	0.00442	0.00442	0.00147	0.00589	0.00393	0.00196	0.00491
5	0.00922	0.00795	0.00948	0.00731	0.04045	0.00606	0.00554	0.01121	0.00919	0.01439	0.00787	0.00922	0.00656	0.00330	0.00331	0.00068	0.00334	0.00267	0.00260	0.83965
6	0.03312	0.00895	0.01022	0.00755	0.01130	0.00798	0.00613	0.20803	0.01235	0.10050	0.00947	0.01007	0.00719	0.00402	0.00366	0.00091	0.00372	0.00313	0.00336	0.54833
7	0.00666	0.02944	0.00571	0.00532	0.00580	0.00461	0.00345	0.00714	0.00773	0.03091	0.07205	0.16043	0.08912	0.48691	0.04925	0.01754	0.00398	0.00749	0.00320	0.00327
8	0.01139	0.39439	0.26360	0.02931	0.03373	0.10539	0.01068	0.03778	0.02308	0.01232	0.00717	0.00842	0.00588	0.00424	0.00396	0.00118	0.03658	0.00291	0.00206	0.00593
9	0.01330	0.01022	0.01101	0.00922	0.01205	0.01145	0.00735	0.32241	0.42863	0.05484	0.03900	0.03589	0.01232	0.00600	0.00451	0.00143	0.00397	0.00486	0.00451	0.00704
10	0.00999	0.00938	0.06238	0.00806	0.02959	0.03722	0.02087	0.01235	0.03078	0.05808	0.00906	0.02994	0.00755	0.01686	0.00422	0.00094	0.03053	0.00324	0.00276	0.61621
11	0.00713	0.00614	0.01067	0.03406	0.01154	0.00590	0.19174	0.00895	0.00927	0.01244	0.01948	0.40788	0.02158	0.03243	0.00597	0.00181	0.00416	0.17675	0.02784	0.00428
12	0.00785	0.00635	0.00781	0.02954	0.06081	0.00651	0.00566	0.03731	0.19552	0.01670	0.38559	0.06969	0.13647	0.00831	0.00497	0.00144	0.00285	0.00722	0.00437	0.00504
13	0.01002	0.08378	0.04083	0.03493	0.07086	0.07409	0.05246	0.03012	0.25913	0.02566	0.15103	0.08241	0.05286	0.00663	0.00457	0.00140	0.00415	0.00570	0.00364	0.00571
14	0.00557	0.00418	0.00521	0.00592	0.00662	0.00382	0.00426	0.00662	0.00921	0.01188	0.05499	0.51114	0.23777	0.01279	0.00557	0.00173	0.00264	0.10227	0.00412	0.00370
15	0.01044	0.05105	0.17074	0.03021	0.32642	0.01992	0.12380	0.06149	0.05317	0.01523	0.06539	0.01323	0.02175	0.00470	0.00448	0.00136	0.00543	0.01219	0.00261	0.00640
16	0.01046	0.00757	0.00897	0.00664	0.01020	0.00601	0.00530	0.01273	0.03775	0.11879	0.02377	0.01129	0.00835	0.02007	0.00386	0.00088	0.00329	0.00317	0.04100	0.65992
17	0.01007	0.03543	0.23286	0.05578	0.05759	0.00999	0.02101	0.04919	0.27440	0.03769	0.05741	0.01500	0.02312	0.04855	0.00593	0.01802	0.03410	0.00452	0.00321	0.00614
18	0.00573	0.00448	0.00520	0.00506	0.00629	0.00394	0.00378	0.00732	0.01122	0.01477	0.42517	0.06190	0.40891	0.01020	0.00523	0.00145	0.00217	0.00876	0.00448	0.00394
19	0.01765	0.01007	0.01153	0.00897	0.01235	0.03282	0.00735	0.34961	0.06679	0.39502	0.01408	0.01293	0.00941	0.00536	0.00440	0.00134	0.00431	0.00419	0.00481	0.02700
20	0.01119	0.10628	0.08946	0.00803	0.01200	0.00847	0.02953	0.08146	0.01056	0.10315	0.00947	0.03484	0.00760	0.00417	0.00366	0.00095	0.00404	0.00334	0.00296	0.46884
21	0.04291	0.00986	0.01142	0.00924	0.03136	0.02199	0.00736	0.32761	0.08168	0.35333	0.02520	0.01307	0.00976	0.00534	0.00436	0.00134	0.00422	0.00421	0.00468	0.03108
22	0.00621	0.00427	0.00548	0.00609	0.00658	0.00405	0.00413	0.02864	0.00902	0.03251	0.07519	0.64638	0.04837	0.09223	0.00714	0.00197	0.00278	0.01114	0.00406	0.00375
23	0.00909	0.00847	0.03185	0.06536	0.40292	0.00819	0.05365	0.01156	0.03365	0.02892	0.01465	0.24129	0.03823	0.00719	0.00484	0.00149	0.00450	0.02553	0.00293	0.00571
24	0.01029	0.08122	0.31584	0.05183	0.13318	0.04723	0.25856	0.02495	0.01002	0.01375	0.00814	0.01025	0.00619	0.00402	0.00443	0.00137	0.00650	0.00391	0.00209	0.00623
25	0.01072	0.03219	0.01985	0.02734	0.02984	0.00998	0.49342	0.03795	0.07138	0.07373	0.02555	0.06053	0.02411	0.00540	0.00507	0.00151	0.00601	0.05658	0.00299	0.00587
26	0.00667	0.00495	0.00602	0.00589	0.00712	0.00455	0.01896	0.04308	0.01055	0.03784	0.17819	0.21488	0.33805	0.05202	0.00615	0.00170	0.00274	0.05237	0.00419	0.00407
27	0.03496	0.21049	0.09661	0.01399	0.20797	0.04889	0.08255	0.05302	0.03073	0.03808	0.00950	0.04566	0.00824	0.01589	0.01935	0.00142	0.01925	0.01907	0.02226	0.02205
28	0.18775	0.01253	0.05854	0.01038	0.06005	0.17337	0.04124	0.14048	0.11066	0.10327	0.01158	0.02734	0.03384	0.00515	0.00407	0.00135	0.00500	0.00395	0.00338	0.00607
29	0.00774	0.01909	0.00721	0.00731	0.02645	0.03183	0.00522	0.02930	0.10623	0.04164	0.08973	0.46008	0.05540	0.01066	0.00517	0.00160	0.00309	0.04592	0.00407	0.04228
30	0.04577	0.03369	0.09084	0.01292	0.19500	0.00950	0.03729	0.05545	0.21875	0.05315	0.07949	0.01598	0.04975	0.02553	0.02597	0.00158	0.00449	0.00473	0.00338	0.03673
31	0.03831	0.00894	0.05688	0.00992	0.05433	0.02873	0.09876	0.11405	0.07346	0.09808	0.13861	0.12839	0.05581	0.02166	0.00507	0.00149	0.00412	0.02401	0.02022	0.01915
32	0.04726	0.03169	0.06059	0.01421	0.23526	0.12754	0.02812	0.11970	0.05848	0.07238	0.03005	0.10531	0.01984	0.00575	0.00439	0.00135	0.00497	0.00487	0.00317	0.02507

[dist]
# distance from previous block
# <min> <max>
1	10

[block]
# block no. 5 follows, 59 sequences, length 24
# corresponding to MSA columns:
# 202-225
name=unknown_F
#
# <colnr> <probs for GDERKNQSTAVLIFYWHMCP>
#	G	D	E	R	K	N	Q	S	T	A	V	L	I	F	Y	W	H	M	C	P
0	0.08628	0.04762	0.05068	0.01125	0.11719	0.06400	0.03030	0.13196	0.11393	0.08834	0.08434	0.01422	0.04069	0.00550	0.00480	0.00134	0.05093	0.00435	0.00345	0.04883
1	0.01074	0.03880	0.14541	0.00979	0.03588	0.06573	0.06599	0.08434	0.10062	0.07451	0.12429	0.04118	0.04699	0.03365	0.00502	0.00140	0.00455	0.00493	0.00340	0.10277
2	0.07873	0.25010	0.08212	0.00979	0.06557	0.08420	0.00822	0.13227	0.06909	0.05937	0.02416	0.01197	0.05539	0.00500	0.00399	0.00123	0.01964	0.00369	0.01484	0.02063
3	0.01243	0.14815	0.17281	0.01022	0.02883	0.03052	0.04329	0.26092	0.04063	0.04924	0.03566	0.03221	0.00880	0.02107	0.00471	0.00133	0.02519	0.00395	0.00315	0.06690
4	0.22947	0.11569	0.08458	0.01001	0.06786	0.11284	0.02102	0.07202	0.12853	0.10342	0.00987	0.01026	0.00740	0.00462	0.00375	0.00130	0.00477	0.00339	0.00312	0.00608
5	0.05929	0.04126	0.23406	0.03270	0.13509	0.06827	0.05412	0.03580	0.08702	0.09171	0.09099	0.01375	0.02661	0.00508	0.00432	0.00136	0.00512	0.00427	0.00302	0.00617
6	0.00563	0.00451	0.00505	0.00497	0.00628	0.00390	0.00370	0.00703	0.01067	0.01370	0.27845	0.09919	0.50290	0.01057	0.00521	0.00147	0.00224	0.00902	0.00430	0.02121
7	0.01245	0.01019	0.07242	0.01216	0.10369	0.00866	0.15331	0.09183	0.04314	0.18662	0.04443	0.02846	0.00974	0.00471	0.00435	0.00124	0.00470	0.00431	0.00342	0.20018
8	0.00609	0.00463	0.00513	0.00498	0.00642	0.00396	0.00373	0.00743	0.01054	0.04470	0.19897	0.08923	0.55927	0.01052	0.00517	0.00147	0.00231	0.00892	0.00428	0.02223
9	0.87598	0.00854	0.00649	0.00581	0.00854	0.00991	0.00478	0.01298	0.00752	0.01982	0.00615	0.00717	0.00478	0.00410	0.00273	0.00137	0.00342	0.00239	0.00273	0.00478
10	0.01049	0.01157	0.11142	0.01175	0.01518	0.01079	0.20233	0.01968	0.49695	0.01674	0.01470	0.01537	0.01119	0.00538	0.00468	0.00150	0.00484	0.02523	0.00361	0.00661
11	0.01380	0.01085	0.01136	0.02871	0.01261	0.09567	0.02428	0.31604	0.14171	0.09767	0.06952	0.01558	0.02420	0.00582	0.00446	0.00133	0.00454	0.04193	0.00407	0.07586
12	0.00823	0.00412	0.00412	0.00412	0.00515	0.00412	0.00309	0.01029	0.00926	0.01647	0.01441	0.01647	0.01132	0.00515	0.00309	0.00103	0.00206	0.00412	0.86930	0.00412
13	0.01079	0.01036	0.01748	0.05911	0.71278	0.01057	0.03172	0.01385	0.04543	0.01439	0.00868	0.01121	0.00721	0.00412	0.00462	0.00134	0.02323	0.00401	0.00228	0.00684
14	0.01597	0.01974	0.01262	0.03893	0.01414	0.72813	0.00870	0.05547	0.01257	0.01165	0.00701	0.00829	0.00579	0.00471	0.00443	0.00119	0.04012	0.00298	0.00236	0.00522
15	0.26736	0.01430	0.01130	0.07818	0.08025	0.35947	0.00813	0.07824	0.01110	0.02812	0.00729	0.00865	0.00578	0.00449	0.00392	0.00128	0.02113	0.00303	0.00259	0.00538
16	0.50781	0.00916	0.00860	0.00713	0.01009	0.01013	0.00586	0.19467	0.03175	0.13753	0.00935	0.00961	0.00671	0.00465	0.00342	0.00135	0.00376	0.00317	0.02941	0.00584
17	0.00823	0.00412	0.00412	0.00412	0.00515	0.00412	0.00309	0.01029	0.00926	0.01647	0.01441	0.01647	0.01132	0.00515	0.00309	0.00103	0.00206	0.00412	0.86930	0.00412
18	0.07053	0.01185	0.03251	0.01900	0.44542	0.09968	0.01091	0.10594	0.13056	0.01653	0.00970	0.01111	0.00770	0.00448	0.00424	0.00133	0.00514	0.00386	0.00283	0.00669
19	0.08490	0.00808	0.03546	0.03074	0.07381	0.00777	0.06848	0.03418	0.07813	0.24247	0.08714	0.01661	0.04136	0.01935	0.10310	0.00211	0.01800	0.00481	0.03761	0.00588
20	0.01219	0.00960	0.02485	0.02546	0.04389	0.01032	0.00745	0.23797	0.35045	0.06269	0.10491	0.01765	0.02900	0.01747	0.00483	0.00147	0.00390	0.02494	0.00434	0.00661
21	0.00655	0.00496	0.00736	0.00781	0.04705	0.00562	0.00558	0.00799	0.00716	0.01026	0.01190	0.01838	0.01143	0.12629	0.69330	0.00649	0.01063	0.00489	0.00239	0.00394
22	0.01162	0.01577	0.28679	0.03204	0.04989	0.14256	0.08954	0.06940	0.10250	0.07276	0.01217	0.03727	0.04745	0.00520	0.00444	0.00138	0.00579	0.00434	0.00289	0.00619
23	0.67947	0.09433	0.00921	0.00717	0.03633	0.01104	0.00575	0.04701	0.00829	0.01857	0.00640	0.00756	0.00511	0.00429	0.00345	0.00135	0.04436	0.00258	0.00266	0.00507

[dist]
# distance from previous block
# <min> <max>
0	29

[block]
# block no. 6 follows, 59 sequences, length 29
# corresponding to MSA columns:
# 255-277,280-285
name=unknown_G
#
# <colnr> <probs for GDERKNQSTAVLIFYWHMCP>
#	G	D	E	R	K	N	Q	S	T	A	V	L	I	F	Y	W	H	M	C	P
0	0.01079	0.00957	0.06301	0.00803	0.01155	0.04255	0.03858	0.05705	0.09734	0.09714	0.04273	0.01418	0.07203	0.00486	0.00398	0.00105	0.00389	0.00401	0.00333	0.41433
1	0.04904	0.11787	0.17956	0.02938	0.06650	0.01068	0.11627	0.08150	0.03837	0.15488	0.02453	0.05163	0.00895	0.00516	0.00478	0.00138	0.04584	0.00432	0.00307	0.00627
2	0.01465	0.03348	0.01255	0.01026	0.03702	0.04200	0.00808	0.44616	0.25354	0.05234	0.01258	0.01231	0.00923	0.00548	0.00468	0.00138	0.02874	0.00421	0.00420	0.00713
3	0.03902	0.38573	0.01647	0.00922	0.02942	0.29402	0.00763	0.04557	0.02818	0.01219	0.04921	0.04796	0.00886	0.00490	0.00361	0.00112	0.00555	0.00345	0.00247	0.00541
4	0.01275	0.19925	0.18540	0.01142	0.05349	0.23769	0.04353	0.10559	0.01140	0.02561	0.00794	0.00950	0.00643	0.01950	0.03392	0.00148	0.02353	0.00328	0.00240	0.00589
5	0.09705	0.04412	0.27085	0.01080	0.05883	0.02988	0.02365	0.08912	0.20889	0.03333	0.01174	0.05785	0.00935	0.00530	0.00417	0.00140	0.00481	0.00427	0.02831	0.00630
6	0.00915	0.07170	0.10468	0.02768	0.02799	0.00801	0.03633	0.04314	0.12118	0.04722	0.18468	0.04519	0.08274	0.00686	0.00458	0.00136	0.00383	0.06581	0.00363	0.10425
7	0.00823	0.00412	0.00412	0.00412	0.00515	0.00412	0.00309	0.01029	0.00926	0.01647	0.01441	0.01647	0.01132	0.00515	0.00309	0.00103	0.00206	0.00412	0.86930	0.00412
8	0.00955	0.00894	0.03086	0.02613	0.04050	0.10089	0.04720	0.01400	0.20280	0.05109	0.23184	0.06602	0.12071	0.00745	0.00499	0.00143	0.02000	0.00635	0.00394	0.00530
9	0.00786	0.00678	0.00956	0.00874	0.00924	0.00870	0.00698	0.02875	0.00727	0.01072	0.00963	0.01502	0.00929	0.07708	0.44227	0.00479	0.32626	0.00450	0.00227	0.00429
10	0.00966	0.00966	0.01353	0.01160	0.01160	0.01353	0.00966	0.01063	0.00676	0.01063	0.00580	0.00966	0.00580	0.00773	0.01449	0.00193	0.83670	0.00387	0.00193	0.00483
11	0.00991	0.00880	0.03680	0.00711	0.01108	0.00681	0.00592	0.09034	0.01032	0.01572	0.00813	0.00931	0.00661	0.00350	0.00342	0.00075	0.00354	0.00277	0.00277	0.75639
12	0.87598	0.00854	0.00649	0.00581	0.00854	0.00991	0.00478	0.01298	0.00752	0.01982	0.00615	0.00717	0.00478	0.00410	0.00273	0.00137	0.00342	0.00239	0.00273	0.00478
13	0.00723	0.00546	0.02279	0.00645	0.00782	0.00508	0.04128	0.00965	0.04230	0.03700	0.45513	0.02748	0.06336	0.05083	0.09269	0.00212	0.00369	0.01838	0.09688	0.00437
14	0.00963	0.00784	0.00921	0.00660	0.01050	0.00591	0.00529	0.01158	0.00931	0.05022	0.00828	0.00942	0.00674	0.00337	0.00332	0.00069	0.00329	0.00270	0.00274	0.83336
15	0.00554	0.00449	0.00491	0.00481	0.00616	0.00386	0.00361	0.00695	0.01082	0.01371	0.28146	0.03958	0.57762	0.01052	0.00522	0.00146	0.00219	0.00891	0.00434	0.00386
16	0.00642	0.00428	0.00482	0.00482	0.00482	0.00428	0.00268	0.00642	0.00642	0.00856	0.01392	0.02890	0.01606	0.84478	0.02248	0.00428	0.00428	0.00642	0.00268	0.00268
17	0.00966	0.00966	0.01353	0.01160	0.01160	0.01353	0.00966	0.01063	0.00676	0.01063	0.00580	0.00966	0.00580	0.00773	0.01449	0.00193	0.83670	0.00387	0.00193	0.00483
18	0.00886	0.02285	0.82190	0.01259	0.01912	0.01026	0.01632	0.01399	0.00932	0.01399	0.00793	0.00932	0.00559	0.00420	0.00420	0.00140	0.00653	0.00326	0.00186	0.00653
19	0.87598	0.00854	0.00649	0.00581	0.00854	0.00991	0.00478	0.01298	0.00752	0.01982	0.00615	0.00717	0.00478	0.00410	0.00273	0.00137	0.00342	0.00239	0.00273	0.00478
20	0.00643	0.00447	0.00608	0.00696	0.00765	0.00431	0.00539	0.00777	0.00926	0.03056	0.02416	0.45405	0.05313	0.01339	0.02693	0.00201	0.00343	0.32606	0.00407	0.00389
21	0.01093	0.01049	0.01793	0.02711	0.81723	0.01049	0.01355	0.01355	0.01006	0.01443	0.00831	0.01093	0.00700	0.00394	0.00437	0.00131	0.00525	0.00394	0.00219	0.00700
22	0.00635	0.00455	0.00618	0.00618	0.00666	0.00502	0.00438	0.00730	0.00683	0.00958	0.01267	0.02198	0.01305	0.35818	0.50497	0.00597	0.00881	0.00541	0.00249	0.00344
23	0.00767	0.00384	0.00575	0.00575	0.00575	0.00384	0.00384	0.00575	0.00575	0.00767	0.00767	0.01343	0.00767	0.01534	0.01726	0.87150	0.00384	0.00384	0.00192	0.00192
24	0.01614	0.01205	0.01289	0.01003	0.01345	0.01339	0.00824	0.71538	0.10895	0.02679	0.01143	0.01126	0.00818	0.00538	0.00443	0.00134	0.00471	0.00409	0.00443	0.00745
25	0.00823	0.00412	0.00412	0.00412	0.00515	0.00412	0.00309	0.01029	0.00926	0.01647	0.01441	0.01647	0.01132	0.00515	0.00309	0.00103	0.00206	0.00412	0.86930	0.00412
26	0.00823	0.00412	0.00412	0.00412	0.00515	0.00412	0.00309	0.01029	0.00926	0.01647	0.01441	0.01647	0.01132	0.00515	0.00309	0.00103	0.00206	0.00412	0.86930	0.00412
27	0.01032	0.01095	0.02050	0.01629	0.08399	0.03481	0.50884	0.01467	0.10485	0.01472	0.04856	0.01470	0.00993	0.00462	0.00496	0.00144	0.00621	0.03775	0.00272	0.04917
28	0.01010	0.00965	0.01643	0.28510	0.56572	0.01028	0.01314	0.01283	0.00966	0.01342	0.00816	0.01120	0.00664	0.00409	0.00439	0.00136	0.00545	0.00393	0.00211	0.00633

[dist]
# distance from previous block
# <min> <max>
0	1

[block]
# block no. 7 follows, 59 sequences, length 19
# corresponding to MSA columns:
# 287-305
name=unknown_H
#
# <colnr> <probs for GDERKNQSTAVLIFYWHMCP>
#	G	D	E	R	K	N	Q	S	T	A	V	L	I	F	Y	W	H	M	C	P
0	0.00955	0.00899	0.01521	0.32984	0.44910	0.00980	0.01236	0.01220	0.00933	0.01287	0.00845	0.01181	0.00693	0.00669	0.07686	0.00188	0.00607	0.00400	0.00212	0.00594
1	0.01035	0.00881	0.00957	0.00877	0.01103	0.01016	0.00687	0.02127	0.69242	0.01745	0.01775	0.01848	0.01396	0.00874	0.07705	0.00202	0.00426	0.05020	0.00428	0.00655
2	0.01258	0.01007	0.01070	0.00908	0.01175	0.01141	0.00715	0.28010	0.49165	0.02087	0.01525	0.01541	0.01169	0.06494	0.00574	0.00164	0.00400	0.00476	0.00434	0.00686
3	0.01149	0.75902	0.10879	0.00810	0.01217	0.01670	0.00850	0.01331	0.00901	0.01078	0.00633	0.00733	0.00566	0.00382	0.00298	0.00099	0.00492	0.00246	0.00189	0.00576
4	0.00642	0.00428	0.00482	0.00482	0.00482	0.00428	0.00268	0.00642	0.00642	0.00856	0.01392	0.02890	0.01606	0.84478	0.02248	0.00428	0.00428	0.00642	0.00268	0.00268
5	0.01503	0.10857	0.11831	0.01081	0.03698	0.25761	0.02154	0.20166	0.04629	0.12706	0.00977	0.01013	0.00720	0.00475	0.00410	0.00125	0.00584	0.00349	0.00321	0.00640
6	0.01225	0.00762	0.01034	0.00852	0.01099	0.02184	0.08659	0.01664	0.19185	0.27636	0.23253	0.05869	0.03241	0.00683	0.00480	0.00143	0.00362	0.00603	0.00461	0.00605
7	0.00648	0.00435	0.00502	0.00511	0.00520	0.00435	0.00307	0.00666	0.00675	0.00897	0.01475	0.03074	0.01688	0.77145	0.02104	0.00408	0.00426	0.07521	0.00280	0.00280
8	0.00583	0.00514	0.05261	0.00677	0.00753	0.00419	0.00523	0.00704	0.00880	0.01173	0.02377	0.65795	0.04736	0.01297	0.00561	0.00180	0.00300	0.12486	0.00397	0.00383
9	0.02858	0.06283	0.21799	0.01334	0.13993	0.17340	0.03454	0.12430	0.01213	0.13747	0.00947	0.01026	0.00693	0.00453	0.00418	0.00129	0.00584	0.00355	0.00292	0.00651
10	0.01031	0.01159	0.02423	0.01759	0.02141	0.01151	0.68573	0.01363	0.00989	0.01363	0.00848	0.01159	0.00657	0.00431	0.00657	0.00155	0.12841	0.00502	0.00219	0.00579
11	0.01090	0.00863	0.05367	0.05222	0.15911	0.00720	0.03690	0.01332	0.02183	0.16164	0.10608	0.04737	0.02363	0.00516	0.00423	0.00117	0.00399	0.00454	0.00334	0.27508
12	0.84142	0.00851	0.00660	0.00584	0.00862	0.00975	0.00480	0.01291	0.00758	0.01960	0.00622	0.00725	0.00485	0.00407	0.00275	0.00134	0.00341	0.00240	0.00273	0.03935
13	0.00823	0.00412	0.00412	0.00412	0.00515	0.00412	0.00309	0.01029	0.00926	0.01647	0.01441	0.01647	0.01132	0.00515	0.00309	0.00103	0.00206	0.00412	0.86930	0.00412
14	0.01300	0.01162	0.16583	0.03515	0.06641	0.02618	0.00916	0.07683	0.23753	0.22753	0.06172	0.02593	0.01194	0.00554	0.00446	0.00141	0.00443	0.00458	0.00398	0.00676
15	0.01068	0.07033	0.08782	0.04020	0.10760	0.03729	0.19269	0.08181	0.16202	0.01550	0.02764	0.02786	0.00943	0.00668	0.05713	0.00175	0.01658	0.00453	0.03638	0.00608
16	0.76684	0.00835	0.00676	0.00591	0.00869	0.00937	0.00484	0.01295	0.00791	0.04082	0.02986	0.00827	0.00613	0.00422	0.00289	0.00132	0.00338	0.00262	0.00286	0.06601
17	0.01169	0.02652	0.14483	0.08703	0.18156	0.06271	0.10186	0.13340	0.14584	0.03367	0.01036	0.01167	0.00784	0.00500	0.01541	0.00145	0.00563	0.00408	0.00292	0.00652
18	0.00936	0.00925	0.01294	0.01121	0.01123	0.01283	0.00927	0.01031	0.00688	0.01067	0.00711	0.06838	0.00745	0.00816	0.01387	0.00192	0.77785	0.00448	0.00209	0.00474

[dist]
# distance from previous block
# <min> <max>
1	18

[block]
# block no. 8 follows, 59 sequences, length 48
# corresponding to MSA columns:
# 324-371
name=unknown_I
#
# <colnr> <probs for GDERKNQSTAVLIFYWHMCP>
#	G	D	E	R	K	N	Q	S	T	A	V	L	I	F	Y	W	H	M	C	P
0	0.19518	0.01008	0.01383	0.05167	0.39672	0.03331	0.03305	0.06548	0.07632	0.05085	0.00949	0.02860	0.00765	0.00454	0.00408	0.00136	0.00473	0.00391	0.00281	0.00634
1	0.02949	0.06724	0.06428	0.02328	0.24307	0.10927	0.05616	0.02699	0.11739	0.04133	0.10517	0.02634	0.01205	0.00529	0.00476	0.00135	0.03883	0.00447	0.01723	0.00602
2	0.00790	0.00560	0.00731	0.00765	0.07432	0.00529	0.00524	0.02711	0.04817	0.07668	0.45976	0.06741	0.16269	0.00874	0.00507	0.00143	0.00267	0.01772	0.00449	0.00475
3	0.01139	0.07657	0.07682	0.03080	0.27995	0.14304	0.25088	0.01416	0.01040	0.01332	0.00880	0.01142	0.01739	0.00421	0.00446	0.00132	0.00633	0.01774	0.00223	0.01875
4	0.00799	0.00413	0.00431	0.00436	0.00534	0.00415	0.00325	0.00996	0.00912	0.01591	0.01481	0.06006	0.01225	0.00688	0.04095	0.00135	0.00253	0.00459	0.78397	0.00408
5	0.00834	0.00785	0.01325	0.83417	0.03042	0.00981	0.01227	0.01128	0.00883	0.01128	0.00785	0.01178	0.00589	0.00442	0.00442	0.00147	0.00589	0.00393	0.00196	0.00491
6	0.00698	0.00470	0.00650	0.00679	0.00744	0.00490	0.00518	0.00804	0.04626	0.01101	0.03937	0.13314	0.05911	0.01710	0.17629	0.25781	0.01563	0.18715	0.00311	0.00348
7	0.01181	0.84744	0.02314	0.00756	0.01134	0.01748	0.00756	0.01323	0.00897	0.01039	0.00614	0.00708	0.00567	0.00378	0.00283	0.00094	0.00472	0.00236	0.00189	0.00567
8	0.00750	0.00406	0.00599	0.00595	0.00604	0.00421	0.00406	0.00610	0.00594	0.00804	0.00837	0.01452	0.00840	0.05735	0.10175	0.72383	0.01964	0.00406	0.00200	0.00222
9	0.00950	0.00939	0.01309	0.01125	0.01125	0.01306	0.00931	0.01042	0.00675	0.01052	0.00621	0.01064	0.00632	0.05019	0.01490	0.00205	0.79448	0.00399	0.00197	0.00472
10	0.01042	0.01191	0.02606	0.01862	0.02308	0.01117	0.80119	0.01415	0.01042	0.01415	0.00894	0.01191	0.00670	0.00372	0.00521	0.00149	0.00745	0.00521	0.00223	0.00596
11	0.01099	0.00949	0.00999	0.00899	0.01148	0.01099	0.00699	0.02347	0.80925	0.01848	0.01798	0.01648	0.01348	0.00599	0.00449	0.00150	0.00350	0.00499	0.00449	0.00699
12	0.44046	0.00894	0.04704	0.00685	0.01015	0.00844	0.00590	0.03959	0.00952	0.19102	0.01990	0.00981	0.00707	0.00434	0.00336	0.00123	0.00364	0.00304	0.00334	0.17635
13	0.03787	0.03057	0.06833	0.01055	0.06468	0.03760	0.00836	0.26989	0.31865	0.03025	0.01301	0.03137	0.00994	0.00541	0.00431	0.00136	0.00440	0.00433	0.00388	0.04524
14	0.00931	0.02287	0.01010	0.00883	0.00961	0.10302	0.02045	0.02469	0.06270	0.01102	0.01013	0.02689	0.00999	0.20552	0.14198	0.02301	0.27703	0.00467	0.01381	0.00436
15	0.00624	0.00453	0.00589	0.00558	0.00663	0.00417	0.00421	0.00829	0.01238	0.01744	0.77414	0.03365	0.06521	0.00916	0.00523	0.00141	0.00213	0.02476	0.00482	0.00415
16	0.00622	0.00477	0.00574	0.00552	0.00667	0.00454	0.00410	0.00837	0.05286	0.01467	0.41138	0.03309	0.26161	0.07287	0.08604	0.00219	0.00331	0.00779	0.00422	0.00406
17	0.00618	0.00451	0.00575	0.00558	0.00660	0.00416	0.00419	0.00801	0.01168	0.01618	0.62138	0.05958	0.12154	0.04958	0.00610	0.00159	0.00234	0.05639	0.00460	0.00403
18	0.01658	0.01113	0.01230	0.00960	0.01298	0.01206	0.00787	0.56241	0.12080	0.16851	0.01277	0.01215	0.00889	0.00542	0.00443	0.00136	0.00449	0.00419	0.00462	0.00744
19	0.00558	0.00449	0.00498	0.00485	0.00619	0.00388	0.00364	0.00704	0.01092	0.01396	0.31569	0.03916	0.54322	0.01043	0.00522	0.00146	0.00218	0.00885	0.00437	0.00388
20	0.00634	0.00459	0.00639	0.00639	0.00694	0.00514	0.00464	0.00743	0.00689	0.00973	0.01248	0.02093	0.01259	0.28433	0.57820	0.00623	0.00949	0.00526	0.00246	0.00355
21	0.10495	0.00752	0.00964	0.00753	0.01078	0.00681	0.00620	0.02028	0.02328	0.69914	0.01619	0.01432	0.01037	0.00533	0.00422	0.00136	0.00366	0.00423	0.03708	0.00711
22	0.01087	0.01043	0.01782	0.04542	0.79938	0.01048	0.01353	0.01350	0.01003	0.01436	0.00830	0.01095	0.00697	0.00395	0.00437	0.00132	0.00526	0.00393	0.00218	0.00695
23	0.01205	0.02652	0.03419	0.02135	0.50810	0.16429	0.06538	0.05030	0.01095	0.01417	0.00855	0.01149	0.00724	0.00441	0.00454	0.00132	0.01878	0.02758	0.00235	0.00644
24	0.00709	0.00482	0.00705	0.00693	0.00786	0.00547	0.00540	0.00870	0.00751	0.04942	0.01227	0.01718	0.01106	0.02990	0.73197	0.00641	0.01078	0.00468	0.06137	0.00413
25	0.01141	0.39039	0.01736	0.00906	0.01180	0.05197	0.07302	0.10740	0.01045	0.01355	0.02301	0.06567	0.00868	0.00538	0.00500	0.00124	0.10976	0.00394	0.07542	0.00549
26	0.00873	0.00736	0.00881	0.00674	0.01003	0.00606	0.00535	0.01117	0.04946	0.01397	0.02265	0.01128	0.00823	0.00843	0.13920	0.00177	0.00467	0.00318	0.00271	0.67020
27	0.01256	0.21005	0.04710	0.02408	0.06591	0.11372	0.00785	0.13431	0.10055	0.08420	0.07263	0.02481	0.03423	0.04346	0.00490	0.00139	0.00474	0.00425	0.00329	0.00596
28	0.01026	0.01054	0.06263	0.10875	0.17904	0.06388	0.13993	0.07127	0.07063	0.02500	0.05379	0.10449	0.01190	0.04558	0.00573	0.00158	0.02101	0.00540	0.00291	0.00571
29	0.01622	0.01209	0.01293	0.01005	0.01348	0.01343	0.00826	0.72574	0.09846	0.02691	0.01133	0.01118	0.00810	0.00537	0.00443	0.00134	0.00473	0.00408	0.00443	0.00746
30	0.00954	0.00792	0.03484	0.00946	0.10013	0.02037	0.00654	0.10180	0.16776	0.03112	0.09952	0.05485	0.05611	0.14121	0.05609	0.01741	0.01385	0.00564	0.06058	0.00524
31	0.00587	0.00449	0.00531	0.00511	0.00627	0.00401	0.00379	0.00749	0.01129	0.01509	0.48629	0.03638	0.33211	0.04982	0.00604	0.00157	0.00225	0.00842	0.00447	0.00393
32	0.01008	0.01267	0.17598	0.06177	0.44638	0.01026	0.12959	0.01350	0.02490	0.01400	0.00867	0.01125	0.00696	0.00556	0.04789	0.00167	0.00617	0.00405	0.00217	0.00649
33	0.00560	0.00404	0.00532	0.00608	0.00655	0.00376	0.00423	0.00665	0.00926	0.01243	0.15294	0.64150	0.06223	0.01288	0.00557	0.00173	0.00254	0.04876	0.00422	0.00371
34	0.01642	0.01850	0.01237	0.01090	0.01342	0.62494	0.00833	0.13146	0.05575	0.05473	0.00850	0.00915	0.00663	0.00478	0.00410	0.00120	0.00707	0.00320	0.00286	0.00569
35	0.00916	0.00785	0.00916	0.00654	0.01047	0.00589	0.00523	0.01112	0.00916	0.01439	0.00785	0.00916	0.00654	0.00327	0.00327	0.00065	0.00327	0.00262	0.00262	0.87178
36	0.00555	0.00445	0.00496	0.00490	0.00619	0.00386	0.00365	0.00696	0.01075	0.01371	0.28552	0.08007	0.53261	0.01064	0.00524	0.00147	0.00221	0.00907	0.00434	0.00386
37	0.00865	0.00832	0.01403	0.68425	0.04598	0.01030	0.05203	0.01141	0.00871	0.01143	0.00769	0.01153	0.00594	0.00473	0.00556	0.00152	0.09695	0.00398	0.00198	0.00500
38	0.00549	0.00397	0.00521	0.00613	0.00653	0.00369	0.00421	0.00638	0.00877	0.01160	0.04777	0.72494	0.08101	0.01344	0.00562	0.00178	0.00261	0.05311	0.00412	0.00364
39	0.01128	0.05457	0.01217	0.02243	0.12196	0.12614	0.02111	0.07775	0.16584	0.04116	0.03003	0.02481	0.05664	0.00904	0.10091	0.00206	0.09314	0.00454	0.01866	0.00575
40	0.00814	0.00546	0.00660	0.00628	0.00772	0.00528	0.00480	0.01119	0.11887	0.09800	0.29520	0.10581	0.16926	0.04926	0.00594	0.00164	0.00279	0.07400	0.01908	0.00468
41	0.01257	0.22130	0.08053	0.02720	0.14717	0.11923	0.02104	0.18222	0.03652	0.01573	0.02467	0.01095	0.03047	0.00481	0.00432	0.00124	0.03388	0.00364	0.01633	0.00617
42	0.00568	0.00412	0.00531	0.00607	0.00654	0.00385	0.00414	0.02322	0.00913	0.01215	0.08422	0.70757	0.08536	0.01311	0.00555	0.00173	0.00255	0.01181	0.00416	0.00372
43	0.00702	0.00528	0.00703	0.00639	0.00744	0.00527	0.04064	0.05387	0.01004	0.01378	0.29966	0.02771	0.09537	0.24424	0.15393	0.00320	0.00482	0.00674	0.00361	0.00395
44	0.00662	0.04285	0.00567	0.00500	0.00519	0.00485	0.00297	0.00672	0.00663	0.00877	0.01405	0.06585	0.01620	0.76751	0.02079	0.00401	0.00422	0.00652	0.00271	0.00286
45	0.00925	0.00848	0.05082	0.03521	0.02029	0.00683	0.02767	0.02668	0.04630	0.03872	0.06064	0.03073	0.05696	0.00481	0.00423	0.00099	0.03423	0.00394	0.00298	0.53025
46	0.01077	0.05824	0.52416	0.01280	0.01836	0.02276	0.14849	0.04578	0.01032	0.09379	0.00904	0.01025	0.00639	0.00427	0.00433	0.00138	0.00628	0.00369	0.00239	0.00650
47	0.05409	0.13432	0.27264	0.01361	0.01834	0.01161	0.33146	0.03089	0.04647	0.01428	0.00885	0.02778	0.00691	0.00425	0.00439	0.00138	0.00623	0.00417	0.00228	0.00607

[dist]
# distance from previous block
# <min> <max>
0	1

[block]
# block no. 9 follows, 59 sequences, length 52
# corresponding to MSA columns:
# 373-424
name=unknown_J
#
# <colnr> <probs for GDERKNQSTAVLIFYWHMCP>
#	G	D	E	R	K	N	Q	S	T	A	V	L	I	F	Y	W	H	M	C	P
0	0.07940	0.20658	0.01457	0.00997	0.02232	0.42614	0.00799	0.12575	0.01246	0.04591	0.00758	0.00839	0.00609	0.00448	0.00371	0.00115	0.00626	0.00293	0.00265	0.00567
1	0.14403	0.01046	0.01116	0.00958	0.05392	0.07090	0.00733	0.29611	0.01429	0.27364	0.01176	0.01203	0.00834	0.03854	0.00501	0.00146	0.01676	0.00390	0.00412	0.00667
