[name]
unknown

[dist]
# distance from previous block
# <min> <max>
5	299

[block]
# block no. 0 follows, 55 sequences, length 10
# corresponding to MSA columns:
# 315-324
name=unknown_A
#
# <colnr> <probs for GDERKNQSTAVLIFYWHMCP>
#	G	D	E	R	K	N	Q	S	T	A	V	L	I	F	Y	W	H	M	C	P
0	0.08613	0.04534	0.09118	0.06667	0.01485	0.10172	0.09572	0.06195	0.06643	0.06598	0.04842	0.09263	0.02111	0.00647	0.00563	0.00153	0.08195	0.01935	0.00321	0.02373
1	0.00940	0.00908	0.06459	0.03855	0.01248	0.04565	0.13221	0.05374	0.03457	0.02732	0.04286	0.07894	0.07030	0.11724	0.07208	0.08158	0.05716	0.00594	0.04150	0.00480
2	0.00766	0.00530	0.00667	0.00640	0.00763	0.00508	0.00469	0.00926	0.04177	0.04696	0.10562	0.15592	0.11397	0.11794	0.15041	0.06372	0.00482	0.02643	0.02871	0.09105
3	0.06190	0.05858	0.06994	0.01260	0.11322	0.19428	0.05971	0.08555	0.03837	0.03450	0.07153	0.06061	0.04606	0.00634	0.00501	0.00145	0.03461	0.03668	0.00318	0.00589
4	0.03070	0.08962	0.17282	0.01206	0.09200	0.06077	0.06778	0.06001	0.05198	0.08431	0.08304	0.07020	0.04099	0.00702	0.02587	0.00162	0.01929	0.02050	0.00329	0.00615
5	0.00777	0.00533	0.00635	0.00617	0.00741	0.00512	0.00449	0.04234	0.03221	0.07196	0.09305	0.18313	0.27040	0.13707	0.10326	0.00273	0.00418	0.00858	0.00408	0.00436
6	0.04116	0.00535	0.00690	0.00700	0.02878	0.00532	0.02444	0.00859	0.03312	0.01341	0.15749	0.14822	0.21062	0.10537	0.18000	0.00316	0.00507	0.00804	0.00376	0.00421
7	0.04906	0.04450	0.09610	0.07466	0.08095	0.00859	0.02186	0.08299	0.05649	0.08009	0.06847	0.08411	0.05353	0.00769	0.03445	0.01420	0.00452	0.00545	0.12654	0.00575
8	0.03494	0.01123	0.17841	0.17170	0.06026	0.00920	0.02864	0.09809	0.04265	0.01438	0.01093	0.01384	0.04320	0.00921	0.05130	0.18797	0.02186	0.00431	0.00260	0.00527
9	0.00905	0.00596	0.00703	0.00662	0.00777	0.00611	0.00476	0.06778	0.12369	0.04999	0.10051	0.12026	0.07252	0.15338	0.01073	0.16663	0.00352	0.00671	0.07258	0.00440

[dist]
# distance from previous block
# <min> <max>
7	30

[block]
# block no. 1 follows, 55 sequences, length 23
# corresponding to MSA columns:
# 357-379
name=unknown_B
#
# <colnr> <probs for GDERKNQSTAVLIFYWHMCP>
#	G	D	E	R	K	N	Q	S	T	A	V	L	I	F	Y	W	H	M	C	P
0	0.06013	0.00560	0.00627	0.00607	0.00757	0.00532	0.00453	0.06769	0.01130	0.06206	0.13426	0.24773	0.31065	0.01071	0.00526	0.00159	0.00280	0.00917	0.03670	0.00457
1	0.00691	0.00508	0.00609	0.00616	0.00718	0.00493	0.00442	0.03886	0.03190	0.02932	0.08733	0.26263	0.24773	0.12098	0.11609	0.00281	0.00424	0.00920	0.00400	0.00414
2	0.11252	0.00747	0.00907	0.00753	0.00998	0.00736	0.00593	0.09067	0.03836	0.35546	0.08771	0.01736	0.01359	0.07636	0.04155	0.09954	0.00427	0.00486	0.00443	0.00600
3	0.02203	0.00543	0.00616	0.00599	0.00728	0.00530	0.00437	0.02556	0.08905	0.02997	0.18627	0.17975	0.16699	0.08554	0.00670	0.00177	0.00282	0.00809	0.13425	0.02665
4	0.03973	0.00551	0.00650	0.00655	0.00777	0.00539	0.00476	0.03533	0.08248	0.05920	0.14638	0.38261	0.16004	0.02833	0.00582	0.00174	0.00287	0.00988	0.00449	0.00462
5	0.06512	0.00638	0.00767	0.00672	0.00870	0.00607	0.00518	0.07007	0.01206	0.23913	0.19967	0.11594	0.10573	0.05763	0.00625	0.01646	0.00323	0.00697	0.05558	0.00542
6	0.00681	0.00517	0.00757	0.00748	0.00821	0.00607	0.00576	0.00830	0.00740	0.01067	0.01237	0.01893	0.01183	0.09994	0.71773	0.00700	0.04709	0.00509	0.00250	0.00408
7	0.00720	0.00497	0.00598	0.00612	0.00713	0.00464	0.00437	0.02636	0.02820	0.05675	0.12853	0.31984	0.22024	0.11968	0.00798	0.00206	0.00299	0.03847	0.00432	0.00419
8	0.02034	0.00487	0.00569	0.00591	0.00692	0.00467	0.00423	0.00917	0.05873	0.03538	0.13351	0.33793	0.16780	0.04535	0.00597	0.00172	0.00267	0.00944	0.13542	0.00428
9	0.00660	0.00489	0.00605	0.00608	0.00700	0.00468	0.00434	0.00887	0.06307	0.01553	0.41334	0.23902	0.10026	0.09017	0.00730	0.00188	0.00266	0.00940	0.00460	0.00424
10	0.01024	0.00663	0.00598	0.00557	0.00701	0.07248	0.00425	0.08534	0.01118	0.01798	0.01414	0.01602	0.01105	0.00538	0.00346	0.00112	0.00296	0.00421	0.71021	0.00476
11	0.05163	0.00490	0.00573	0.00574	0.00680	0.00466	0.00412	0.00850	0.01006	0.04704	0.19963	0.20425	0.19635	0.11895	0.05287	0.00228	0.00335	0.00862	0.06038	0.00412
12	0.08151	0.00546	0.00620	0.00601	0.00721	0.00534	0.00429	0.02845	0.02803	0.08044	0.14905	0.20616	0.12069	0.18341	0.00893	0.00218	0.00318	0.00805	0.06105	0.00436
13	0.00654	0.00447	0.00570	0.00621	0.00690	0.00413	0.00434	0.00762	0.00979	0.04431	0.13595	0.49344	0.12669	0.08037	0.00724	0.00200	0.00285	0.04308	0.00436	0.00399
14	0.00666	0.00492	0.00717	0.00717	0.00790	0.00565	0.00544	0.00811	0.00739	0.01058	0.01274	0.01980	0.01229	0.13559	0.71827	0.00710	0.01146	0.00521	0.00253	0.00399
15	0.00935	0.00674	0.00963	0.15882	0.04693	0.00729	0.01778	0.05986	0.04148	0.08198	0.09159	0.10753	0.03431	0.04626	0.20321	0.00312	0.00626	0.03482	0.02792	0.00512
16	0.03908	0.00538	0.00679	0.09873	0.00979	0.00553	0.00524	0.02452	0.04365	0.01369	0.12920	0.32102	0.10310	0.11062	0.00779	0.02030	0.00334	0.00893	0.03911	0.00419
17	0.00797	0.00608	0.00767	0.00725	0.00888	0.00597	0.03912	0.04284	0.09220	0.05133	0.02956	0.16463	0.31277	0.02635	0.09767	0.00238	0.00434	0.08410	0.00413	0.00476
18	0.01102	0.04393	0.01145	0.05295	0.14654	0.00888	0.00781	0.04500	0.11073	0.12008	0.11475	0.03438	0.05615	0.12459	0.00837	0.00195	0.07221	0.01969	0.00372	0.00579
19	0.01064	0.01008	0.01381	0.35453	0.08714	0.10170	0.05969	0.04607	0.01003	0.03375	0.00909	0.01305	0.00752	0.04095	0.07894	0.03857	0.07242	0.00428	0.00241	0.00532
20	0.00867	0.00688	0.00876	0.09023	0.07877	0.04141	0.00645	0.02606	0.07468	0.01373	0.17215	0.06971	0.01830	0.11378	0.06625	0.13557	0.00468	0.00594	0.03528	0.02271
21	0.05776	0.07933	0.01437	0.13008	0.16414	0.05818	0.06010	0.14281	0.02559	0.03441	0.01204	0.15401	0.01125	0.00668	0.00502	0.02446	0.00513	0.00555	0.00314	0.00596
22	0.06260	0.01019	0.01135	0.01104	0.08852	0.10982	0.01995	0.03722	0.07434	0.01471	0.05066	0.10320	0.02795	0.00747	0.02525	0.00161	0.17674	0.00513	0.02263	0.13962

[dist]
# distance from previous block
# <min> <max>
7	59

[block]
# block no. 2 follows, 55 sequences, length 28
# corresponding to MSA columns:
# 451-478
name=unknown_C
#
# <colnr> <probs for GDERKNQSTAVLIFYWHMCP>
#	G	D	E	R	K	N	Q	S	T	A	V	L	I	F	Y	W	H	M	C	P
0	0.08446	0.05248	0.01210	0.04519	0.06512	0.18340	0.03028	0.03116	0.05761	0.02752	0.00935	0.01152	0.00776	0.00559	0.02705	0.01792	0.00531	0.02227	0.01761	0.28631
1	0.01276	0.00780	0.00962	0.00803	0.03002	0.00706	0.00625	0.07731	0.03413	0.22172	0.04387	0.06091	0.01255	0.00593	0.00456	0.00122	0.02478	0.04030	0.09773	0.29344
2	0.07988	0.03979	0.06220	0.12840	0.27716	0.04657	0.01115	0.13583	0.01223	0.12138	0.00989	0.01143	0.00742	0.00483	0.00475	0.00142	0.03181	0.00394	0.00310	0.00680
3	0.00919	0.00884	0.01417	0.76102	0.06932	0.03561	0.01286	0.01221	0.00949	0.01203	0.00826	0.01223	0.00625	0.00463	0.00463	0.00153	0.00624	0.00410	0.00209	0.00528
4	0.00663	0.00487	0.00591	0.00576	0.00699	0.00444	0.00427	0.00865	0.03376	0.03429	0.45037	0.13596	0.25967	0.01062	0.00551	0.00155	0.00239	0.00924	0.00479	0.00434
5	0.00577	0.00412	0.00552	0.00659	0.00691	0.00387	0.00450	0.00665	0.00901	0.01199	0.02558	0.78983	0.03055	0.01448	0.00597	0.00190	0.00279	0.05586	0.00432	0.00381
6	0.00603	0.00430	0.00534	0.00588	0.00630	0.00404	0.00387	0.00681	0.00897	0.01193	0.10644	0.46940	0.10374	0.22265	0.01036	0.00248	0.00307	0.01075	0.00402	0.00361
7	0.00684	0.00481	0.00616	0.00583	0.00701	0.00439	0.00437	0.00887	0.01274	0.04028	0.67375	0.06537	0.12243	0.00983	0.00548	0.00149	0.00228	0.00864	0.00502	0.00442
8	0.00967	0.00827	0.00875	0.00804	0.01026	0.00912	0.00619	0.01899	0.54332	0.01758	0.07458	0.04591	0.20382	0.00802	0.00499	0.00158	0.00325	0.00674	0.00465	0.00627
9	0.02041	0.00866	0.01126	0.00863	0.01225	0.00795	0.00713	0.13513	0.01457	0.69648	0.01730	0.01515	0.01099	0.00573	0.00467	0.00143	0.00413	0.00461	0.00560	0.00792
10	0.01018	0.01018	0.01425	0.01221	0.01221	0.01425	0.01018	0.01120	0.00712	0.01120	0.00611	0.01018	0.00611	0.00814	0.01527	0.00204	0.82799	0.00407	0.00204	0.00509
11	0.00965	0.00827	0.00965	0.00689	0.01102	0.00620	0.00551	0.01171	0.00965	0.01516	0.00827	0.00965	0.00689	0.00345	0.00345	0.00069	0.00345	0.00276	0.00276	0.86494
12	0.01244	0.83930	0.02438	0.00796	0.01194	0.01841	0.00796	0.01393	0.00945	0.01095	0.00647	0.00746	0.00597	0.00398	0.00299	0.00100	0.00498	0.00249	0.00199	0.00597
13	0.01244	0.83930	0.02438	0.00796	0.01194	0.01841	0.00796	0.01393	0.00945	0.01095	0.00647	0.00746	0.00597	0.00398	0.00299	0.00100	0.00498	0.00249	0.00199	0.00597
14	0.00933	0.02406	0.81240	0.01326	0.02014	0.01080	0.01719	0.01473	0.00982	0.01473	0.00835	0.00982	0.00589	0.00442	0.00442	0.00147	0.00688	0.00344	0.00196	0.00688
15	0.00820	0.00482	0.00536	0.00511	0.00631	0.00472	0.00386	0.03944	0.01142	0.01810	0.28872	0.02395	0.04665	0.00703	0.00414	0.00124	0.00229	0.00590	0.50825	0.00448
16	0.00750	0.00535	0.00750	0.00857	0.00964	0.00535	0.00750	0.00964	0.01071	0.01392	0.02463	0.05248	0.02677	0.01285	0.00643	0.00214	0.00428	0.77617	0.00428	0.00428
17	0.00677	0.00451	0.00507	0.00507	0.00507	0.00451	0.00282	0.00677	0.00677	0.00902	0.01466	0.03044	0.01691	0.83650	0.02368	0.00451	0.00451	0.00677	0.00282	0.00282
18	0.00677	0.00451	0.00507	0.00507	0.00507	0.00451	0.00282	0.00677	0.00677	0.00902	0.01466	0.03044	0.01691	0.83650	0.02368	0.00451	0.00451	0.00677	0.00282	0.00282
19	0.86937	0.00900	0.00684	0.00612	0.00900	0.01044	0.00504	0.01368	0.00792	0.02087	0.00648	0.00756	0.00504	0.00432	0.00288	0.00144	0.00360	0.00252	0.00288	0.00504
20	0.00965	0.00827	0.00965	0.00689	0.01102	0.00620	0.00551	0.01171	0.00965	0.01516	0.00827	0.00965	0.00689	0.00345	0.00345	0.00069	0.00345	0.00276	0.00276	0.86494
21	0.00852	0.00686	0.00789	0.00790	0.00939	0.00740	0.00598	0.01490	0.35040	0.01575	0.06561	0.28659	0.05774	0.02682	0.00579	0.00180	0.00332	0.10744	0.00451	0.00541
22	0.00572	0.00464	0.00508	0.00521	0.00652	0.00400	0.00385	0.00701	0.01072	0.01336	0.15121	0.15783	0.56882	0.01189	0.00558	0.00161	0.00242	0.02612	0.00443	0.00398
23	0.00668	0.00516	0.00736	0.00732	0.00805	0.00560	0.02379	0.00801	0.00840	0.01164	0.06460	0.21070	0.06275	0.10615	0.37173	0.00462	0.05122	0.02896	0.00323	0.00404
24	0.01190	0.00993	0.03000	0.13927	0.05095	0.08030	0.02521	0.12100	0.10786	0.05911	0.01046	0.01296	0.00836	0.00812	0.00873	0.21235	0.06915	0.00420	0.02478	0.00536
25	0.00590	0.00425	0.00553	0.00630	0.00675	0.00400	0.00430	0.00687	0.00927	0.01239	0.10066	0.61147	0.07500	0.07102	0.03178	0.00219	0.00309	0.03120	0.00424	0.00380
26	0.01073	0.00775	0.00889	0.07198	0.01155	0.00843	0.00650	0.04074	0.35063	0.08831	0.08437	0.03707	0.09064	0.00704	0.00468	0.00149	0.00346	0.02144	0.13823	0.00609
27	0.01080	0.01350	0.16397	0.22913	0.21851	0.05527	0.16294	0.01419	0.01027	0.03332	0.00873	0.01152	0.00671	0.00451	0.00513	0.00149	0.03720	0.00422	0.00227	0.00632

[dist]
# distance from previous block
# <min> <max>
1	3

[block]
# block no. 3 follows, 55 sequences, length 13
# corresponding to MSA columns:
# 482-494
name=unknown_D
#
# <colnr> <probs for GDERKNQSTAVLIFYWHMCP>
#	G	D	E	R	K	N	Q	S	T	A	V	L	I	F	Y	W	H	M	C	P
0	0.01236	0.00750	0.00810	0.00689	0.00904	0.00790	0.00547	0.22538	0.07869	0.09045	0.04207	0.01614	0.01209	0.00571	0.00396	0.00125	0.00325	0.00454	0.45334	0.00587
1	0.01099	0.09120	0.19940	0.10569	0.04878	0.09250	0.19406	0.04818	0.03675	0.01449	0.01120	0.03111	0.03694	0.00516	0.00465	0.00145	0.00629	0.02412	0.03098	0.00606
2	0.00616	0.00464	0.00569	0.00564	0.00674	0.00418	0.00415	0.00787	0.01185	0.01602	0.48641	0.15474	0.24716	0.01087	0.00556	0.00155	0.00231	0.00950	0.00479	0.00418
3	0.00704	0.00543	0.00765	0.00744	0.00800	0.00641	0.00561	0.00827	0.00728	0.01044	0.01228	0.02014	0.01223	0.21083	0.55631	0.00624	0.09664	0.00529	0.00252	0.00395
4	0.00578	0.00428	0.00540	0.00606	0.00669	0.00390	0.00419	0.00686	0.00986	0.01302	0.14693	0.56978	0.17362	0.01330	0.00579	0.00177	0.00256	0.01188	0.00444	0.00390
5	0.00594	0.00432	0.00567	0.00665	0.00716	0.00404	0.00475	0.00700	0.00935	0.01226	0.02743	0.63775	0.10059	0.01405	0.00598	0.00190	0.00292	0.13405	0.00431	0.00387
6	0.00867	0.00434	0.00434	0.00434	0.00542	0.00434	0.00325	0.01084	0.00976	0.01734	0.01518	0.01734	0.01192	0.00542	0.00325	0.00108	0.00217	0.00434	0.86233	0.00434
7	0.00591	0.00419	0.00555	0.00655	0.00687	0.00397	0.00448	0.00677	0.00890	0.01183	0.02473	0.70689	0.02939	0.07617	0.00731	0.00211	0.00297	0.07746	0.00420	0.00375
8	0.01646	0.01242	0.01327	0.01046	0.01396	0.01385	0.00855	0.63777	0.17807	0.02734	0.01273	0.01241	0.00918	0.00573	0.00467	0.00143	0.00483	0.00440	0.00467	0.00780
9	0.01246	0.01301	0.03051	0.04352	0.04919	0.23695	0.04043	0.06646	0.25139	0.01589	0.01612	0.01933	0.06724	0.00660	0.00479	0.00149	0.00546	0.08785	0.02527	0.00605
10	0.86937	0.00900	0.00684	0.00612	0.00900	0.01044	0.00504	0.01368	0.00792	0.02087	0.00648	0.00756	0.00504	0.00432	0.00288	0.00144	0.00360	0.00252	0.00288	0.00504
11	0.28349	0.07565	0.01317	0.01222	0.12163	0.33014	0.04459	0.01568	0.01068	0.01522	0.00749	0.00898	0.00612	0.00448	0.00378	0.00130	0.00601	0.00313	0.03064	0.00560
12	0.04049	0.14022	0.01250	0.00946	0.02896	0.21030	0.00737	0.01298	0.00948	0.04605	0.00962	0.01359	0.00880	0.09361	0.19955	0.00311	0.11880	0.00402	0.02608	0.00501

[dist]
# distance from previous block
# <min> <max>
0	4

[block]
# block no. 4 follows, 55 sequences, length 57
# corresponding to MSA columns:
# 499-555
name=unknown_E
#
# <colnr> <probs for GDERKNQSTAVLIFYWHMCP>
#	G	D	E	R	K	N	Q	S	T	A	V	L	I	F	Y	W	H	M	C	P
0	0.02409	0.01143	0.01564	0.15506	0.29459	0.08743	0.05348	0.11263	0.05182	0.07435	0.01026	0.01265	0.00804	0.00551	0.01906	0.00156	0.03641	0.01638	0.00298	0.00664
1	0.00821	0.00791	0.04132	0.14565	0.10169	0.00759	0.09164	0.01148	0.07430	0.01482	0.18100	0.13614	0.12516	0.00815	0.00524	0.00158	0.00426	0.02500	0.00363	0.00523
2	0.00879	0.00827	0.01395	0.82532	0.03204	0.01034	0.01292	0.01189	0.00930	0.01189	0.00827	0.01240	0.00620	0.00465	0.00465	0.00155	0.00620	0.00413	0.00207	0.00517
3	0.01038	0.01023	0.03324	0.23547	0.48826	0.01048	0.03676	0.01359	0.03784	0.01430	0.01125	0.01391	0.05426	0.00480	0.00470	0.00145	0.00555	0.00454	0.00244	0.00654
4	0.02178	0.11566	0.24163	0.08993	0.18500	0.05074	0.10529	0.06106	0.03317	0.01495	0.00865	0.01066	0.00674	0.00452	0.00476	0.00142	0.03127	0.00386	0.00237	0.00657
5	0.00933	0.02406	0.81240	0.01326	0.02014	0.01080	0.01719	0.01473	0.00982	0.01473	0.00835	0.00982	0.00589	0.00442	0.00442	0.00147	0.00688	0.00344	0.00196	0.00688
6	0.00567	0.00405	0.00540	0.00648	0.00675	0.00378	0.00432	0.00648	0.00891	0.01188	0.02564	0.83347	0.03077	0.01457	0.00594	0.00189	0.00270	0.01323	0.00432	0.00378
7	0.00768	0.00428	0.00630	0.00630	0.00649	0.00446	0.00435	0.00660	0.00642	0.00873	0.00947	0.01611	0.00943	0.07387	0.19292	0.62156	0.00591	0.00442	0.00218	0.00254
8	0.01345	0.19615	0.14296	0.12200	0.09925	0.12902	0.02940	0.05919	0.01137	0.12408	0.00932	0.01060	0.00704	0.00470	0.00442	0.00133	0.02292	0.00361	0.00277	0.00643
9	0.01721	0.00919	0.01074	0.00844	0.01158	0.00929	0.00690	0.31919	0.01593	0.34923	0.01493	0.01432	0.01020	0.00562	0.00438	0.00135	0.00405	0.00442	0.17582	0.00720
10	0.01105	0.00535	0.00590	0.00538	0.00701	0.00526	0.00416	0.01387	0.06212	0.15950	0.01599	0.01707	0.01200	0.00554	0.00360	0.00118	0.00259	0.00446	0.65279	0.00518
11	0.01093	0.01268	0.11438	0.12984	0.36748	0.06541	0.06851	0.02550	0.03677	0.01437	0.00990	0.02942	0.01776	0.00551	0.01882	0.00158	0.04825	0.01399	0.00244	0.00648
12	0.00807	0.00759	0.06191	0.04361	0.04141	0.02043	0.00654	0.03424	0.08117	0.02885	0.22351	0.08743	0.24033	0.00923	0.00545	0.00157	0.02041	0.04787	0.02539	0.00499
13	0.00583	0.00415	0.00551	0.00654	0.00684	0.00390	0.00444	0.00668	0.00892	0.01187	0.02508	0.75115	0.02991	0.05175	0.00677	0.00202	0.00287	0.05777	0.00425	0.00376
14	0.76268	0.03011	0.00853	0.00766	0.04354	0.03530	0.02678	0.01389	0.00831	0.01994	0.00667	0.00788	0.00524	0.00431	0.00307	0.00142	0.00397	0.00268	0.00280	0.00520
15	0.00575	0.00471	0.00507	0.00501	0.00644	0.00403	0.00374	0.00715	0.01115	0.01393	0.21758	0.05880	0.61784	0.01133	0.00550	0.00155	0.00233	0.00957	0.00450	0.00403
16	0.01045	0.04090	0.01197	0.05407	0.06954	0.06666	0.03436	0.01260	0.00999	0.01454	0.00820	0.00986	0.00679	0.00370	0.00370	0.00086	0.00432	0.00303	0.00262	0.63184
17	0.01152	0.15773	0.41333	0.01141	0.01672	0.01160	0.05585	0.08276	0.01121	0.07771	0.02258	0.01150	0.00774	0.00472	0.00427	0.00135	0.00584	0.02055	0.00268	0.06893
18	0.16440	0.05409	0.22625	0.02408	0.01536	0.01093	0.07893	0.15853	0.01249	0.18134	0.01070	0.01120	0.00748	0.00484	0.00425	0.00143	0.00528	0.00383	0.01779	0.00679
19	0.01603	0.09737	0.01393	0.04335	0.01441	0.63502	0.00882	0.03723	0.01261	0.01208	0.00759	0.00897	0.00631	0.00484	0.00434	0.00121	0.02738	0.00311	0.03996	0.00545
20	0.00590	0.00473	0.00527	0.00514	0.00653	0.00410	0.00385	0.00746	0.01156	0.01483	0.32937	0.04104	0.52194	0.01094	0.00549	0.00153	0.00230	0.00930	0.00462	0.00410
21	0.00944	0.00764	0.00854	0.00779	0.00973	0.00834	0.02681	0.01701	0.42208	0.01665	0.05278	0.02410	0.12710	0.09670	0.02372	0.00197	0.00366	0.02589	0.10430	0.00575
22	0.00574	0.00445	0.00524	0.00569	0.00664	0.00395	0.00406	0.00689	0.01015	0.01296	0.11846	0.38196	0.37230	0.01276	0.00571	0.00171	0.00253	0.03048	0.00440	0.00392
23	0.00727	0.00559	0.00731	0.00727	0.03044	0.00566	0.02529	0.00925	0.02682	0.01488	0.23272	0.08728	0.19852	0.03595	0.04283	0.00193	0.06647	0.07006	0.12003	0.00442
24	0.01347	0.03024	0.01214	0.03590	0.03754	0.33228	0.02650	0.11970	0.05823	0.01528	0.01336	0.02048	0.02435	0.00696	0.00508	0.00150	0.02644	0.17774	0.03720	0.00561
25	0.01508	0.14130	0.01390	0.00967	0.01225	0.15635	0.00800	0.18209	0.01309	0.15619	0.01083	0.02924	0.00846	0.00582	0.00596	0.00139	0.14017	0.00399	0.07994	0.00629
26	0.02521	0.02602	0.01162	0.00962	0.01264	0.01223	0.00766	0.23217	0.52858	0.02182	0.01597	0.01503	0.01190	0.00592	0.00460	0.00148	0.00408	0.00477	0.00455	0.04413
27	0.01015	0.05852	0.19977	0.12250	0.01616	0.17458	0.04416	0.01263	0.01000	0.01239	0.01224	0.19796	0.01219	0.02832	0.04183	0.00186	0.03090	0.00587	0.00267	0.00529
28	0.00595	0.00433	0.00592	0.03899	0.00800	0.00418	0.00494	0.00697	0.00908	0.01206	0.02486	0.73112	0.02944	0.01403	0.00593	0.00190	0.00298	0.08119	0.00423	0.00388
29	0.01006	0.00908	0.01295	0.03192	0.04346	0.00759	0.12953	0.03603	0.01030	0.01542	0.00920	0.01198	0.00773	0.00402	0.00400	0.00096	0.00437	0.03385	0.00278	0.61479
30	0.01244	0.83930	0.02438	0.00796	0.01194	0.01841	0.00796	0.01393	0.00945	0.01095	0.00647	0.00746	0.00597	0.00398	0.00299	0.00100	0.00498	0.00249	0.00199	0.00597
31	0.04751	0.48031	0.01942	0.00952	0.03218	0.10852	0.02223	0.09183	0.02852	0.05726	0.00821	0.00920	0.00683	0.00541	0.02701	0.00135	0.03279	0.00311	0.00263	0.00615
32	0.00943	0.00834	0.01143	0.00883	0.01216	0.00724	0.09419	0.02604	0.01001	0.01478	0.01247	0.04007	0.04485	0.00566	0.00499	0.00114	0.05774	0.09680	0.00300	0.53085
33	0.06033	0.11313	0.01577	0.01526	0.22734	0.20872	0.04053	0.08883	0.11120	0.03754	0.00989	0.01124	0.00793	0.01520	0.01641	0.00146	0.00592	0.00383	0.00295	0.00651
34	0.02528	0.02689	0.00753	0.00653	0.00808	0.00551	0.00509	0.01094	0.01215	0.13934	0.47725	0.06711	0.09443	0.01017	0.03762	0.00175	0.02352	0.03108	0.00479	0.00493
35	0.01117	0.05346	0.13323	0.12590	0.11658	0.08739	0.24368	0.04841	0.03508	0.01466	0.02915	0.02792	0.02313	0.00493	0.00505	0.00147	0.02540	0.00467	0.00255	0.00619
36	0.00808	0.00404	0.00606	0.00606	0.00606	0.00404	0.00404	0.00606	0.00606	0.00808	0.00808	0.01414	0.00808	0.01616	0.01818	0.86465	0.00404	0.00404	0.00202	0.00202
37	0.01060	0.00942	0.01268	0.11392	0.21234	0.02995	0.00880	0.02741	0.01024	0.03135	0.00862	0.01058	0.00701	0.00389	0.00395	0.00101	0.00448	0.00335	0.00265	0.48775
38	0.03592	0.01026	0.11469	0.00994	0.05538	0.00868	0.02911	0.07035	0.19693	0.11725	0.18126	0.04818	0.05468	0.00680	0.00482	0.00147	0.00403	0.00579	0.00421	0.04023
39	0.01090	0.20214	0.34993	0.01100	0.02482	0.03497	0.05154	0.03807	0.02516	0.03283	0.03235	0.01045	0.00764	0.00440	0.00404	0.00123	0.00565	0.00345	0.00245	0.14697
40	0.00819	0.03941	0.05115	0.00679	0.00861	0.00604	0.00555	0.01125	0.09400	0.07377	0.33250	0.15822	0.16728	0.00962	0.00527	0.00154	0.00295	0.00832	0.00456	0.00498
41	0.00646	0.00471	0.00573	0.00566	0.00683	0.00421	0.00417	0.00809	0.01166	0.03597	0.41712	0.16841	0.28201	0.01096	0.00554	0.00157	0.00237	0.00955	0.00475	0.00423
42	0.06385	0.00960	0.03403	0.00886	0.01254	0.00887	0.00750	0.19752	0.01489	0.56885	0.01581	0.01417	0.01020	0.00561	0.00457	0.00143	0.00429	0.00442	0.00525	0.00774
43	0.02810	0.05662	0.19795	0.03502	0.24861	0.09583	0.08744	0.09070	0.01145	0.01562	0.00845	0.01047	0.00668	0.00462	0.00512	0.00141	0.05672	0.00384	0.00246	0.03286
44	0.00813	0.00685	0.00825	0.00781	0.00908	0.04759	0.05262	0.07324	0.03345	0.01417	0.04320	0.39921	0.15855	0.02524	0.00621	0.00173	0.04304	0.00955	0.04753	0.00457
45	0.00572	0.00471	0.00504	0.00508	0.00651	0.00403	0.00382	0.00704	0.01086	0.01336	0.14186	0.08004	0.64500	0.01166	0.00555	0.00159	0.00242	0.03731	0.00442	0.00399
46	0.00704	0.00606	0.02581	0.04037	0.00994	0.00590	0.06041	0.04045	0.00957	0.01285	0.02228	0.60838	0.05210	0.01231	0.00638	0.00182	0.05909	0.01100	0.00390	0.00434
47	0.01126	0.04495	0.03689	0.09551	0.04185	0.11081	0.21218	0.03706	0.00981	0.01297	0.00798	0.01121	0.00675	0.00736	0.05465	0.00198	0.28458	0.00429	0.00228	0.00562
48	0.00978	0.01003	0.03841	0.01275	0.01475	0.01110	0.22979	0.01342	0.11699	0.01332	0.01084	0.04286	0.00967	0.06154	0.10673	0.00262	0.28202	0.00521	0.00268	0.00549
49	0.00617	0.00465	0.00571	0.00570	0.00680	0.00419	0.00421	0.00787	0.01175	0.01583	0.45841	0.16029	0.25180	0.01099	0.00558	0.00157	0.00236	0.02720	0.00476	0.00417
50	0.01001	0.05383	0.72104	0.01280	0.01920	0.01101	0.01615	0.01496	0.00989	0.05136	0.00867	0.01002	0.00616	0.00458	0.00471	0.00147	0.03169	0.00348	0.00214	0.00683
51	0.01373	0.00930	0.01089	0.00920	0.01199	0.00985	0.02662	0.22642	0.24227	0.16360	0.03926	0.04230	0.06506	0.00730	0.00499	0.00156	0.00412	0.08948	0.01522	0.00682
52	0.00626	0.00450	0.00614	0.00664	0.00714	0.00468	0.00472	0.00733	0.00818	0.01125	0.01952	0.38220	0.03575	0.12854	0.31061	0.00430	0.00659	0.02487	0.01698	0.00382
53	0.03863	0.39365	0.03635	0.03366	0.18809	0.09153	0.03352	0.07569	0.01119	0.02722	0.02615	0.00983	0.00741	0.00441	0.00382	0.00120	0.00547	0.00336	0.00248	0.00635
54	0.00618	0.00482	0.00506	0.00499	0.00657	0.00410	0.00380	0.00749	0.01080	0.03702	0.08532	0.04278	0.69136	0.01132	0.00543	0.00156	0.00245	0.03426	0.03058	0.00410
55	0.01303	0.47406	0.06225	0.01050	0.01429	0.17731	0.09886	0.01584	0.07087	0.01234	0.00800	0.00912	0.00673	0.00434	0.00373	0.00117	0.00599	0.00320	0.00232	0.00604
56	0.01476	0.00905	0.01023	0.00879	0.01156	0.03721	0.00692	0.02195	0.39265	0.32060	0.03827	0.07839	0.01487	0.00675	0.00480	0.00153	0.00384	0.00564	0.00502	0.00716

[dist]
# distance from previous block
# <min> <max>
0	1

[block]
# block no. 5 follows, 55 sequences, length 120
# corresponding to MSA columns:
# 557-618,620,623-679
name=unknown_F
#
# <colnr> <probs for GDERKNQSTAVLIFYWHMCP>
#	G	D	E	R	K	N	Q	S	T	A	V	L	I	F	Y	W	H	M	C	P
0	0.00608	0.00449	0.00568	0.00591	0.00677	0.00409	0.00423	0.00761	0.01120	0.01522	0.40102	0.33043	0.15664	0.01173	0.00565	0.00164	0.00241	0.01040	0.00470	0.00409
1	0.00611	0.00466	0.00535	0.00528	0.00645	0.00415	0.00385	0.00759	0.01115	0.01470	0.33040	0.08943	0.38289	0.07431	0.00685	0.00176	0.00248	0.00911	0.02947	0.00402
2	0.01157	0.00999	0.01052	0.00947	0.01210	0.01157	0.00736	0.02472	0.79908	0.01946	0.01893	0.01736	0.01420	0.00631	0.00473	0.00158	0.00368	0.00526	0.00473	0.00736
3	0.00677	0.00451	0.00507	0.00507	0.00507	0.00451	0.00282	0.00677	0.00677	0.00902	0.01466	0.03044	0.01691	0.83650	0.02368	0.00451	0.00451	0.00677	0.00282	0.00282
4	0.01244	0.83930	0.02438	0.00796	0.01194	0.01841	0.00796	0.01393	0.00945	0.01095	0.00647	0.00746	0.00597	0.00398	0.00299	0.00100	0.00498	0.00249	0.00199	0.00597
5	0.01028	0.01052	0.05122	0.35439	0.42670	0.01077	0.04252	0.01334	0.01004	0.01381	0.00856	0.01184	0.00682	0.00436	0.00465	0.00146	0.00595	0.00416	0.00219	0.00640
6	0.11314	0.20021	0.05936	0.03390	0.01168	0.02927	0.00808	0.04037	0.00885	0.01314	0.00952	0.07901	0.00921	0.02871	0.14626	0.00261	0.19455	0.00444	0.00251	0.00519
7	0.86937	0.00900	0.00684	0.00612	0.00900	0.01044	0.00504	0.01368	0.00792	0.02087	0.00648	0.00756	0.00504	0.00432	0.00288	0.00144	0.00360	0.00252	0.00288	0.00504
8	0.00637	0.00475	0.00592	0.00563	0.00682	0.00430	0.00422	0.00837	0.01267	0.01747	0.65710	0.03671	0.19257	0.00995	0.00549	0.00148	0.00223	0.00869	0.00496	0.00430
9	0.01768	0.01303	0.01396	0.01070	0.01443	0.01443	0.00884	0.79197	0.02187	0.02932	0.01117	0.01117	0.00791	0.00558	0.00465	0.00140	0.00512	0.00419	0.00465	0.00791
10	0.23544	0.01078	0.01404	0.19821	0.06455	0.05573	0.12179	0.14964	0.01160	0.02928	0.00866	0.01085	0.00663	0.00573	0.03169	0.00168	0.03102	0.00389	0.00287	0.00592
11	0.01018	0.01018	0.01425	0.01221	0.01221	0.01425	0.01018	0.01120	0.00712	0.01120	0.00611	0.01018	0.00611	0.00814	0.01527	0.00204	0.82799	0.00407	0.00204	0.00509
12	0.01093	0.00980	0.06019	0.03443	0.23149	0.02272	0.02582	0.02716	0.01049	0.08767	0.01253	0.04547	0.05283	0.00630	0.03920	0.00145	0.00483	0.00441	0.02014	0.29215
13	0.01738	0.02217	0.01318	0.01199	0.01438	0.81783	0.00899	0.01858	0.01318	0.01139	0.00719	0.00839	0.00599	0.00479	0.00419	0.00120	0.00839	0.00300	0.00240	0.00539
14	0.01018	0.01018	0.01425	0.01221	0.01221	0.01425	0.01018	0.01120	0.00712	0.01120	0.00611	0.01018	0.00611	0.00814	0.01527	0.00204	0.82799	0.00407	0.00204	0.00509
15	0.00989	0.00703	0.00815	0.03703	0.00974	0.00713	0.03902	0.17121	0.04171	0.03348	0.02504	0.02509	0.28385	0.00759	0.00454	0.00138	0.00332	0.00628	0.27328	0.00523
16	0.01865	0.01074	0.01242	0.00957	0.01317	0.01111	0.00789	0.45017	0.03589	0.34246	0.01431	0.01331	0.00958	0.00567	0.00464	0.00141	0.00456	0.00441	0.02221	0.00783
17	0.00580	0.00449	0.00529	0.00559	0.00660	0.00398	0.00400	0.00708	0.01059	0.01370	0.21097	0.31817	0.36257	0.01224	0.00565	0.00166	0.00244	0.01069	0.00450	0.00398
18	0.00671	0.00475	0.00627	0.00627	0.00668	0.00516	0.00431	0.00753	0.00712	0.00990	0.01357	0.02441	0.01429	0.43874	0.41786	0.00598	0.00846	0.00588	0.00266	0.00348
19	0.00726	0.00581	0.00757	0.05593	0.00926	0.04063	0.00571	0.00862	0.00767	0.01049	0.01248	0.02022	0.01225	0.21098	0.55706	0.00619	0.01014	0.00525	0.00254	0.00397
20	0.08383	0.00857	0.01085	0.00839	0.01194	0.00795	0.00693	0.10747	0.01386	0.66496	0.01667	0.01470	0.01063	0.00563	0.00454	0.00143	0.00406	0.00446	0.00542	0.00770
21	0.00930	0.00599	0.00725	0.00675	0.00851	0.00570	0.00531	0.03573	0.08224	0.13325	0.25764	0.05186	0.23156	0.02704	0.00580	0.00166	0.00306	0.11148	0.00478	0.00510
22	0.01955	0.00832	0.01076	0.00832	0.01178	0.00760	0.00685	0.11742	0.01417	0.65976	0.01822	0.01620	0.03542	0.00591	0.00465	0.00143	0.00399	0.00476	0.03722	0.00766
23	0.01373	0.05916	0.01191	0.00926	0.01161	0.07728	0.00743	0.29452	0.02324	0.10507	0.01199	0.03468	0.01007	0.09105	0.15330	0.00282	0.06845	0.00466	0.00366	0.00610
24	0.00596	0.00432	0.00570	0.00668	0.00720	0.00406	0.00479	0.00703	0.00935	0.01228	0.02725	0.63641	0.09411	0.01405	0.00598	0.00191	0.00294	0.14180	0.00431	0.00388
25	0.00927	0.00581	0.00621	0.00574	0.00713	0.00597	0.00430	0.13432	0.01128	0.01712	0.01857	0.05624	0.10681	0.10789	0.04836	0.00197	0.00350	0.00567	0.43918	0.00464
26	0.00661	0.03571	0.00663	0.00640	0.00750	0.00514	0.00479	0.00873	0.06302	0.01390	0.16627	0.34266	0.21675	0.01190	0.00561	0.00171	0.00283	0.08514	0.00440	0.00429
27	0.01231	0.08175	0.41547	0.06078	0.05173	0.01111	0.02231	0.07984	0.06291	0.14169	0.01073	0.01145	0.00759	0.00481	0.00442	0.00143	0.00583	0.00384	0.00299	0.00700
28	0.08854	0.01425	0.03416	0.06592	0.42995	0.24351	0.02898	0.01535	0.01102	0.01440	0.00808	0.01030	0.00666	0.00438	0.00435	0.00135	0.00630	0.00368	0.00236	0.00644
29	0.00939	0.00895	0.02960	0.04804	0.32078	0.05707	0.02793	0.02506	0.01027	0.01363	0.03492	0.21990	0.08891	0.00857	0.00589	0.05305	0.00461	0.02484	0.00312	0.00546
30	0.00615	0.00445	0.00588	0.00661	0.00726	0.00418	0.00483	0.00749	0.01016	0.01360	0.17994	0.49351	0.07970	0.01311	0.00591	0.00183	0.00285	0.14407	0.00447	0.00400
31	0.00969	0.00840	0.01019	0.00728	0.01143	0.00637	0.02958	0.01181	0.00969	0.01515	0.00830	0.00974	0.00690	0.00346	0.00351	0.00072	0.00358	0.00284	0.00274	0.83863
32	0.01325	0.01237	0.04001	0.01770	0.32562	0.10086	0.05246	0.13658	0.04567	0.06443	0.00997	0.01154	0.00780	0.00530	0.02338	0.00145	0.01537	0.00401	0.00304	0.10921
33	0.08801	0.15589	0.03692	0.07891	0.07979	0.04917	0.02260	0.04862	0.06103	0.03122	0.01030	0.01305	0.00869	0.01425	0.26290	0.00328	0.00750	0.00401	0.01830	0.00555
34	0.00888	0.00453	0.00456	0.00448	0.00563	0.00457	0.00338	0.02867	0.01003	0.01762	0.01508	0.01720	0.01183	0.00542	0.00328	0.00109	0.00224	0.00433	0.84275	0.00442
35	0.06294	0.01044	0.01539	0.14039	0.43900	0.03007	0.01177	0.04442	0.11751	0.04602	0.01043	0.01244	0.00823	0.00541	0.02463	0.00159	0.00543	0.00421	0.00286	0.00682
36	0.00746	0.00479	0.00616	0.00609	0.00704	0.00444	0.00436	0.00891	0.01102	0.07691	0.38399	0.23854	0.06763	0.12730	0.00812	0.00202	0.00283	0.02351	0.00459	0.00426
37	0.00660	0.00484	0.00692	0.00700	0.00765	0.00545	0.00520	0.00792	0.00745	0.01056	0.01371	0.07439	0.01381	0.17202	0.62703	0.00659	0.01044	0.00584	0.00267	0.00390
38	0.01023	0.00710	0.00820	0.00734	0.00936	0.00732	0.00565	0.01621	0.30280	0.12513	0.28400	0.02686	0.12305	0.03865	0.00577	0.00163	0.00309	0.00686	0.00488	0.00585
39	0.00570	0.00407	0.00543	0.00651	0.00680	0.00381	0.00437	0.00653	0.00894	0.01191	0.02562	0.81998	0.03070	0.01455	0.00595	0.00189	0.00273	0.02640	0.00432	0.00379
40	0.01052	0.31609	0.49597	0.01163	0.01737	0.01357	0.04705	0.01445	0.00974	0.01338	0.00772	0.00909	0.00597	0.00424	0.00395	0.00131	0.00624	0.00318	0.00199	0.00652
41	0.01633	0.01236	0.01320	0.01043	0.01391	0.01379	0.00851	0.62193	0.19412	0.02713	0.01289	0.01254	0.00931	0.00575	0.00467	0.00144	0.00480	0.00443	0.00467	0.00779
42	0.00662	0.00504	0.00613	0.00588	0.00713	0.00472	0.00440	0.00923	0.06322	0.01702	0.54754	0.08339	0.20213	0.01009	0.00547	0.00152	0.00236	0.00879	0.00488	0.00445
43	0.06812	0.03883	0.01309	0.01148	0.01401	0.70784	0.00872	0.06079	0.01327	0.01293	0.00735	0.00847	0.00604	0.00479	0.00411	0.00122	0.00785	0.00302	0.00254	0.00552
44	0.00605	0.00495	0.00581	0.02382	0.03151	0.00447	0.00446	0.00759	0.02618	0.01326	0.11787	0.22191	0.48125	0.01171	0.00555	0.00163	0.00265	0.02086	0.00430	0.00415
45	0.00606	0.00438	0.00537	0.00580	0.00654	0.00401	0.00404	0.00728	0.01011	0.01365	0.20148	0.41310	0.18408	0.05793	0.00659	0.00183	0.00259	0.01065	0.05058	0.00392
46	0.00879	0.00827	0.01395	0.82532	0.03204	0.01034	0.01292	0.01189	0.00930	0.01189	0.00827	0.01240	0.00620	0.00465	0.00465	0.00155	0.00620	0.00413	0.00207	0.00517
47	0.01151	0.01105	0.01888	0.02855	0.80748	0.01105	0.01428	0.01428	0.01059	0.01520	0.00875	0.01151	0.00737	0.00415	0.00461	0.00138	0.00553	0.00415	0.00230	0.00737
48	0.00665	0.00498	0.00748	0.00748	0.00831	0.00582	0.00582	0.00831	0.00748	0.01080	0.01246	0.01828	0.01163	0.03489	0.81807	0.00748	0.01246	0.00498	0.00249	0.00415
49	0.00907	0.00651	0.00772	0.00731	0.00870	0.00671	0.00551	0.15545	0.08300	0.01612	0.10822	0.22584	0.11691	0.01141	0.00768	0.15409	0.00348	0.05748	0.00410	0.00468
50	0.12954	0.00971	0.01315	0.01051	0.01328	0.01019	0.16858	0.28845	0.01370	0.01989	0.01358	0.18882	0.01290	0.05795	0.00599	0.00173	0.00484	0.00633	0.02495	0.00589
51	0.00607	0.00446	0.00546	0.00584	0.00648	0.00420	0.00401	0.00705	0.00930	0.01226	0.12649	0.33554	0.18816	0.18619	0.06025	0.00267	0.00358	0.02427	0.00399	0.00372
52	0.00680	0.00450	0.00578	0.00640	0.00681	0.00432	0.00438	0.00758	0.00866	0.04079	0.02191	0.45646	0.02533	0.26273	0.01132	0.00270	0.00350	0.11238	0.00391	0.00371
53	0.01244	0.83930	0.02438	0.00796	0.01194	0.01841	0.00796	0.01393	0.00945	0.01095	0.00647	0.00746	0.00597	0.00398	0.00299	0.00100	0.00498	0.00249	0.00199	0.00597
54	0.00649	0.00460	0.00562	0.00614	0.00697	0.00428	0.00435	0.00807	0.03896	0.03141	0.08632	0.49386	0.19069	0.01253	0.00559	0.00173	0.00266	0.03000	0.05561	0.00413
55	0.00934	0.00720	0.00862	0.00689	0.00997	0.00579	0.00536	0.01149	0.03395	0.06225	0.05538	0.15909	0.03836	0.00639	0.00423	0.00107	0.00327	0.02051	0.00347	0.54736
56	0.00654	0.00454	0.00532	0.00568	0.00667	0.00413	0.00412	0.00782	0.01003	0.03180	0.08526	0.31876	0.29189	0.03679	0.00596	0.00173	0.00266	0.05412	0.11214	0.00404
57	0.01569	0.01204	0.01284	0.01030	0.01367	0.01350	0.00836	0.54224	0.27484	0.02611	0.01370	0.01318	0.00996	0.00582	0.00468	0.00146	0.00465	0.00454	0.00468	0.00773
58	0.00671	0.00464	0.00592	0.00632	0.00672	0.00480	0.00439	0.00767	0.00831	0.01178	0.01909	0.36046	0.02136	0.21963	0.11093	0.00315	0.03976	0.04323	0.11140	0.00374
59	0.00589	0.00429	0.00523	0.00585	0.00643	0.00394	0.00396	0.00680	0.00928	0.01222	0.06918	0.51024	0.19462	0.10534	0.00773	0.00207	0.00279	0.01127	0.02915	0.00375
60	0.00858	0.00648	0.00762	0.00765	0.00896	0.00677	0.00578	0.10838	0.14696	0.01564	0.02302	0.35681	0.06964	0.06045	0.00665	0.00194	0.00351	0.13577	0.01443	0.00495
61	0.03625	0.01180	0.01310	0.01006	0.01374	0.01264	0.00831	0.60267	0.01966	0.20485	0.01269	0.01214	0.00866	0.00560	0.00462	0.00141	0.00483	0.00426	0.00486	0.00785
62	0.01387	0.01173	0.01473	0.18798	0.04705	0.04700	0.08022	0.36787	0.11578	0.02124	0.01101	0.01219	0.00813	0.00517	0.00468	0.00143	0.00551	0.00433	0.00365	0.03643
63	0.00909	0.00849	0.01021	0.01125	0.12927	0.09693	0.00752	0.01091	0.02692	0.01209	0.01449	0.01856	0.09251	0.06726	0.32321	0.00401	0.11288	0.00511	0.03442	0.00487
64	0.00843	0.00604	0.00894	0.25249	0.03846	0.02627	0.00714	0.00856	0.00797	0.01034	0.05736	0.01594	0.04379	0.01148	0.01206	0.46975	0.00466	0.00455	0.00234	0.00343
65	0.00749	0.00522	0.00691	0.00676	0.00766	0.00581	0.00509	0.03800	0.02545	0.01259	0.03165	0.02006	0.01313	0.14835	0.50773	0.00556	0.00899	0.00521	0.13415	0.00420
66	0.00674	0.00514	0.00629	0.00686	0.04118	0.00483	0.00464	0.03647	0.01036	0.01355	0.14754	0.23759	0.25476	0.14673	0.00857	0.00214	0.00312	0.05527	0.00412	0.00409
67	0.00685	0.00524	0.02365	0.00655	0.00755	0.00472	0.00494	0.02231	0.01118	0.03425	0.35158	0.35343	0.08555	0.01150	0.00584	0.00167	0.01914	0.03514	0.00460	0.00433
68	0.07204	0.07247	0.01334	0.14130	0.06701	0.08818	0.00897	0.18863	0.22230	0.01864	0.01142	0.01217	0.00870	0.00514	0.00432	0.00139	0.00504	0.00403	0.00348	0.05144
69	0.00885	0.00657	0.00792	0.01649	0.00857	0.05985	0.01936	0.05254	0.00854	0.01139	0.01155	0.07343	0.01154	0.09368	0.17040	0.31745	0.01692	0.02846	0.02154	0.05494
70	0.01193	0.14959	0.13859	0.01421	0.13267	0.04367	0.12284	0.06716	0.12444	0.04703	0.01046	0.01195	0.00820	0.00663	0.05344	0.00178	0.04181	0.00414	0.00285	0.00660
71	0.02645	0.13997	0.40623	0.01447	0.04351	0.01216	0.23296	0.01476	0.01012	0.03273	0.00855	0.01040	0.00640	0.00429	0.00465	0.00143	0.01828	0.00392	0.00219	0.00655
72	0.01197	0.00901	0.01318	0.42335	0.06609	0.01038	0.01064	0.14682	0.01184	0.12192	0.01096	0.04824	0.00865	0.03106	0.00592	0.00163	0.05450	0.00468	0.00314	0.00599
73	0.04518	0.02598	0.06210	0.22519	0.16082	0.04460	0.05805	0.10864	0.02616	0.09102	0.01018	0.01229	0.00770	0.00640	0.04983	0.00175	0.00598	0.00413	0.02345	0.03055
74	0.00819	0.00692	0.00912	0.16128	0.04210	0.01773	0.02957	0.02876	0.10579	0.03279	0.11019	0.10064	0.27624	0.00986	0.03854	0.00181	0.00412	0.00749	0.00384	0.00501
75	0.00584	0.00466	0.00523	0.00523	0.00653	0.00405	0.00387	0.00728	0.01120	0.01432	0.27131	0.12130	0.49999	0.01139	0.00554	0.00157	0.00234	0.00974	0.00456	0.00405
76	0.01040	0.00984	0.01576	0.24207	0.26487	0.02532	0.07523	0.01353	0.05196	0.02963	0.07228	0.01382	0.01014	0.00550	0.00648	0.00156	0.13832	0.00463	0.00262	0.00604
77	0.03875	0.04998	0.09410	0.20630	0.23191	0.12557	0.02619	0.09737	0.01171	0.03249	0.00908	0.01174	0.00720	0.00475	0.00445	0.00140	0.00603	0.01823	0.01642	0.00633
78	0.02087	0.00792	0.01080	0.00828	0.01188	0.00684	0.00684	0.02267	0.01332	0.81071	0.01835	0.01583	0.01152	0.00576	0.00468	0.00144	0.00396	0.00468	0.00576	0.00792
79	0.00739	0.00528	0.00737	0.00844	0.00947	0.00526	0.00731	0.00945	0.01060	0.01380	0.02469	0.09907	0.02701	0.01295	0.00640	0.00213	0.00419	0.73065	0.00429	0.00425
80	0.03799	0.00974	0.04878	0.14224	0.28105	0.00948	0.06544	0.01483	0.05413	0.13349	0.02112	0.05796	0.01042	0.00587	0.00527	0.02047	0.02286	0.03080	0.02168	0.00638
81	0.01432	0.01131	0.11007	0.06962	0.12933	0.00927	0.20828	0.01726	0.01150	0.32010	0.01315	0.04358	0.00949	0.00516	0.00489	0.00149	0.00561	0.00494	0.00366	0.00696
82	0.01018	0.01018	0.01425	0.01221	0.01221	0.01425	0.01018	0.01120	0.00712	0.01120	0.00611	0.01018	0.00611	0.00814	0.01527	0.00204	0.82799	0.00407	0.00204	0.00509
83	0.01149	0.01150	0.04289	0.07696	0.50417	0.02958	0.14043	0.03488	0.01096	0.03479	0.02108	0.01274	0.02497	0.00455	0.00494	0.00144	0.01875	0.00451	0.00251	0.00686
84	0.01694	0.01266	0.01354	0.01055	0.01414	0.01408	0.00866	0.69820	0.11686	0.02811	0.01212	0.01193	0.00868	0.00567	0.00466	0.00142	0.00494	0.00432	0.00466	0.00784
85	0.01093	0.01246	0.02716	0.03718	0.02448	0.01173	0.77362	0.01484	0.01094	0.01484	0.00939	0.01255	0.00704	0.00394	0.00547	0.00157	0.00781	0.00546	0.00235	0.00625
86	0.00668	0.00489	0.00681	0.00740	0.00821	0.00509	0.00585	0.00825	0.00904	0.01213	0.02145	0.19551	0.06825	0.05145	0.29776	0.00406	0.00679	0.27273	0.00360	0.00406
87	0.00805	0.00661	0.00821	0.02114	0.09651	0.05380	0.00602	0.01018	0.01251	0.03263	0.55864	0.05525	0.06410	0.00886	0.00534	0.00148	0.00313	0.03820	0.00453	0.00482
88	0.00808	0.00404	0.00606	0.00606	0.00606	0.00404	0.00404	0.00606	0.00606	0.00808	0.00808	0.01414	0.00808	0.01616	0.01818	0.86465	0.00404	0.00404	0.00202	0.00202
89	0.00675	0.00458	0.00545	0.00545	0.00557	0.00471	0.00328	0.00700	0.00688	0.00930	0.01432	0.02856	0.01610	0.71238	0.14668	0.00497	0.00574	0.00649	0.00277	0.00303
90	0.00879	0.00827	0.01395	0.82532	0.03204	0.01034	0.01292	0.01189	0.00930	0.01189	0.00827	0.01240	0.00620	0.00465	0.00465	0.00155	0.00620	0.00413	0.00207	0.00517
91	0.01015	0.00895	0.01479	0.15130	0.43532	0.00943	0.02135	0.03126	0.00971	0.01362	0.00943	0.03073	0.00823	0.00876	0.07635	0.11308	0.01798	0.00442	0.01925	0.00588
92	0.00566	0.00410	0.00535	0.00635	0.00671	0.00379	0.00426	0.00649	0.00903	0.01193	0.02722	0.77568	0.08754	0.01437	0.00591	0.00187	0.00267	0.01298	0.00432	0.00379
93	0.00665	0.00496	0.00736	0.00736	0.00816	0.00575	0.00568	0.00824	0.00744	0.01072	0.01256	0.01884	0.01188	0.07232	0.78097	0.00734	0.01209	0.00507	0.00251	0.00409
94	0.00649	0.00492	0.00614	0.00667	0.00783	0.00457	0.00540	0.00816	0.01077	0.01378	0.12335	0.12849	0.30599	0.01226	0.00594	0.00183	0.00319	0.33570	0.00440	0.00412
95	0.00688	0.00529	0.00688	0.07633	0.00951	0.00544	0.00549	0.00857	0.02731	0.02780	0.03521	0.15914	0.26247	0.07417	0.17465	0.00309	0.02166	0.06969	0.01621	0.00420
96	0.00687	0.00465	0.00525	0.00530	0.00542	0.00468	0.00308	0.00739	0.03178	0.00972	0.01559	0.08741	0.01772	0.73518	0.02141	0.00416	0.00431	0.00713	0.01988	0.00306
97	0.01768	0.01303	0.01396	0.01070	0.01443	0.01443	0.00884	0.79197	0.02187	0.02932	0.01117	0.01117	0.00791	0.00558	0.00465	0.00140	0.00512	0.00419	0.00465	0.00791
98	0.00879	0.00827	0.01395	0.82532	0.03204	0.01034	0.01292	0.01189	0.00930	0.01189	0.00827	0.01240	0.00620	0.00465	0.00465	0.00155	0.00620	0.00413	0.00207	0.00517
99	0.00665	0.00498	0.00748	0.00748	0.00831	0.00582	0.00582	0.00831	0.00748	0.01080	0.01246	0.01828	0.01163	0.03489	0.81807	0.00748	0.01246	0.00498	0.00249	0.00415
100	0.00948	0.00740	0.00916	0.00889	0.01072	0.00787	0.02584	0.09361	0.21405	0.01716	0.07491	0.05608	0.05453	0.00999	0.00567	0.00183	0.00404	0.37885	0.00445	0.00547
101	0.00635	0.00451	0.00545	0.00567	0.00614	0.00436	0.00374	0.00711	0.00869	0.01157	0.12314	0.21137	0.12257	0.37577	0.06208	0.00328	0.00401	0.02706	0.00365	0.00349
102	0.00569	0.00473	0.00499	0.00505	0.00652	0.00403	0.00383	0.00697	0.01074	0.01305	0.09893	0.07030	0.68562	0.01177	0.00556	0.00160	0.00246	0.04983	0.00437	0.00397
103	0.01738	0.02217	0.01318	0.01199	0.01438	0.81783	0.00899	0.01858	0.01318	0.01139	0.00719	0.00839	0.00599	0.00479	0.00419	0.00120	0.00839	0.00300	0.00240	0.00539
104	0.01407	0.01123	0.01193	0.00997	0.01305	0.01274	0.00797	0.33809	0.48164	0.02349	0.01576	0.01483	0.01163	0.00601	0.00470	0.00150	0.00427	0.00482	0.00470	0.00759
