[name]
unknown

[dist]
# distance from previous block
# <min> <max>
0	104

[block]
# block no. 0 follows, 66 sequences, length 8
# corresponding to MSA columns:
# 138-145
name=unknown_A
#
# <colnr> <probs for GDERKNQSTAVLIFYWHMCP>
#	G	D	E	R	K	N	Q	S	T	A	V	L	I	F	Y	W	H	M	C	P
0	0.00843	0.00773	0.01283	0.17089	0.47570	0.00802	0.01023	0.01054	0.00877	0.01212	0.01122	0.16701	0.01116	0.00589	0.00435	0.00136	0.00440	0.06162	0.00241	0.00531
1	0.01062	0.00960	0.01381	0.07835	0.48083	0.04382	0.01027	0.15953	0.04818	0.01508	0.00963	0.08409	0.00845	0.00478	0.00412	0.00126	0.00461	0.00432	0.00262	0.00603
2	0.00588	0.00402	0.00488	0.00488	0.00504	0.00418	0.00303	0.00619	0.00604	0.00820	0.01237	0.02424	0.01375	0.67721	0.19948	0.00450	0.00544	0.00556	0.00240	0.00271
3	0.00683	0.00589	0.00638	0.00671	0.04700	0.07826	0.00459	0.02905	0.03078	0.01328	0.33662	0.23088	0.12748	0.05103	0.00550	0.00149	0.00286	0.00769	0.00376	0.00393
4	0.16668	0.00465	0.00471	0.00459	0.00505	0.00488	0.00281	0.00700	0.00608	0.00975	0.01148	0.02290	0.01286	0.70148	0.01734	0.00344	0.00379	0.00522	0.00247	0.00281
5	0.06184	0.00789	0.00993	0.13601	0.07019	0.02584	0.02353	0.09314	0.22186	0.01512	0.08498	0.01946	0.01357	0.00628	0.00478	0.00143	0.04520	0.15047	0.00329	0.00519
6	0.09258	0.16572	0.02864	0.03313	0.04539	0.05418	0.00729	0.37421	0.05313	0.03243	0.01088	0.01116	0.06464	0.00480	0.00368	0.00117	0.00429	0.00358	0.00320	0.00587
7	0.03258	0.04583	0.07374	0.18282	0.23464	0.03853	0.03436	0.08181	0.01019	0.01411	0.15836	0.01396	0.02476	0.00481	0.00404	0.00123	0.00443	0.00421	0.01674	0.01882

[dist]
# distance from previous block
# <min> <max>
0	51

[block]
# block no. 1 follows, 66 sequences, length 10
# corresponding to MSA columns:
# 201-210
name=unknown_B
#
# <colnr> <probs for GDERKNQSTAVLIFYWHMCP>
#	G	D	E	R	K	N	Q	S	T	A	V	L	I	F	Y	W	H	M	C	P
0	0.07639	0.05315	0.08796	0.00956	0.08785	0.04406	0.02567	0.07633	0.01894	0.07980	0.02769	0.08657	0.13406	0.00631	0.00553	0.00134	0.14028	0.00486	0.00288	0.03077
1	0.03103	0.07051	0.54876	0.00981	0.01467	0.00882	0.01165	0.01356	0.00890	0.15720	0.00895	0.01022	0.00651	0.04728	0.00460	0.00136	0.00517	0.00324	0.00238	0.03538
2	0.01072	0.03904	0.05386	0.02742	0.08462	0.14295	0.02206	0.21108	0.07652	0.01502	0.02989	0.11388	0.02066	0.04542	0.07246	0.00180	0.00510	0.00474	0.01755	0.00522
3	0.00716	0.00536	0.00648	0.00620	0.00747	0.00518	0.00456	0.13752	0.01005	0.01372	0.09777	0.46097	0.05903	0.01051	0.04130	0.00162	0.00309	0.00830	0.00365	0.11008
4	0.00914	0.05077	0.68202	0.01167	0.04182	0.11010	0.01376	0.01322	0.00893	0.01239	0.00711	0.00839	0.00519	0.00387	0.00379	0.00124	0.00606	0.00294	0.00177	0.00582
5	0.00649	0.00568	0.00790	0.01020	0.23868	0.00527	0.00590	0.00812	0.00976	0.01284	0.21500	0.02884	0.41402	0.00794	0.00457	0.00130	0.00280	0.00688	0.00343	0.00436
6	0.00662	0.00553	0.00759	0.01998	0.05760	0.01719	0.03646	0.00798	0.03175	0.01082	0.11012	0.20803	0.06411	0.20422	0.08974	0.00253	0.10628	0.00675	0.00294	0.00375
7	0.00565	0.00485	0.00493	0.00478	0.00630	0.00450	0.00362	0.00836	0.14071	0.01193	0.03714	0.03519	0.69859	0.00951	0.00469	0.00137	0.00224	0.00792	0.00383	0.00391
8	0.00936	0.00721	0.00841	0.00650	0.00944	0.00622	0.00513	0.14019	0.01034	0.05096	0.05178	0.12501	0.01080	0.00498	0.00361	0.00091	0.00312	0.00417	0.00307	0.53879
9	0.00940	0.01797	0.60404	0.01109	0.01592	0.01029	0.01308	0.14236	0.00998	0.01453	0.00744	0.00879	0.00545	0.00441	0.00503	0.00133	0.10766	0.00317	0.00210	0.00595

[dist]
# distance from previous block
# <min> <max>
0	17

[block]
# block no. 2 follows, 66 sequences, length 80
# corresponding to MSA columns:
# 228-307
name=unknown_C
#
# <colnr> <probs for GDERKNQSTAVLIFYWHMCP>
#	G	D	E	R	K	N	Q	S	T	A	V	L	I	F	Y	W	H	M	C	P
0	0.00595	0.00500	0.00811	0.00833	0.05669	0.00467	0.11652	0.00716	0.00816	0.01096	0.01976	0.64996	0.04425	0.01064	0.00500	0.00156	0.00312	0.00988	0.00340	0.02089
1	0.00523	0.00383	0.00513	0.02729	0.00669	0.00360	0.00412	0.00613	0.00804	0.01077	0.05332	0.72352	0.03618	0.01191	0.00508	0.00160	0.00250	0.05101	0.00370	0.03034
2	0.00956	0.01071	0.05744	0.01490	0.01865	0.00980	0.61857	0.06301	0.05476	0.01407	0.05078	0.03973	0.00880	0.00420	0.00468	0.00136	0.00606	0.00498	0.00245	0.00548
3	0.11535	0.00753	0.00925	0.00718	0.01024	0.00708	0.00591	0.11789	0.01186	0.58901	0.02819	0.01253	0.00933	0.00483	0.00386	0.00122	0.00349	0.00379	0.00449	0.04696
4	0.24006	0.01063	0.01007	0.00814	0.01099	0.09817	0.00662	0.39253	0.03842	0.12283	0.00926	0.00933	0.00662	0.00458	0.00373	0.00123	0.01401	0.00325	0.00355	0.00598
5	0.00580	0.00435	0.00652	0.00652	0.00724	0.00507	0.00507	0.00724	0.00652	0.00942	0.01087	0.01594	0.01014	0.03043	0.84134	0.00652	0.01087	0.00435	0.00217	0.00362
6	0.01552	0.01181	0.01200	0.00933	0.01248	0.07794	0.00765	0.72101	0.01816	0.05878	0.00973	0.00972	0.00690	0.00482	0.00403	0.00121	0.00465	0.00359	0.00394	0.00673
7	0.00644	0.00437	0.00492	0.00476	0.00496	0.00445	0.00282	0.05197	0.00666	0.00891	0.01256	0.02532	0.01418	0.78742	0.04125	0.00385	0.00415	0.00573	0.00254	0.00274
8	0.00611	0.00480	0.00685	0.00676	0.00750	0.01624	0.00527	0.00771	0.02253	0.00961	0.01091	0.03200	0.01025	0.02826	0.76254	0.00605	0.04622	0.00444	0.00222	0.00372
9	0.00967	0.00830	0.00880	0.00794	0.01013	0.00952	0.00617	0.02026	0.75181	0.01675	0.06631	0.01675	0.03792	0.00581	0.00419	0.00137	0.00310	0.00487	0.00414	0.00618
10	0.00705	0.00352	0.00529	0.00529	0.00529	0.00352	0.00352	0.00529	0.00529	0.00705	0.00705	0.01233	0.00705	0.01409	0.01586	0.88196	0.00352	0.00352	0.00176	0.00176
11	0.00853	0.00722	0.00840	0.00603	0.00958	0.00552	0.00483	0.02594	0.00862	0.01350	0.00738	0.00857	0.00611	0.00307	0.00302	0.00062	0.00301	0.00246	0.01968	0.84791
12	0.01349	0.00873	0.00950	0.00753	0.01012	0.00937	0.00614	0.50322	0.01528	0.10977	0.01141	0.01171	0.00823	0.00485	0.00371	0.00114	0.00363	0.00374	0.25242	0.00602
13	0.01805	0.00714	0.00956	0.00733	0.01048	0.00632	0.00606	0.06236	0.01201	0.79177	0.01567	0.01359	0.00988	0.00501	0.00408	0.00125	0.00351	0.00406	0.00497	0.00690
14	0.00889	0.00762	0.00933	0.01874	0.05185	0.00615	0.01832	0.05512	0.00906	0.01386	0.00739	0.00864	0.00607	0.00316	0.00316	0.00069	0.00327	0.00259	0.00246	0.76364
15	0.00539	0.00407	0.00501	0.00494	0.00592	0.00369	0.00365	0.00691	0.01029	0.01392	0.49576	0.12861	0.25231	0.01001	0.02988	0.00150	0.00227	0.00807	0.00413	0.00365
16	0.00494	0.00353	0.00471	0.00565	0.00588	0.00330	0.00377	0.00565	0.00777	0.01036	0.02236	0.85477	0.02683	0.01271	0.00518	0.00165	0.00235	0.01153	0.00377	0.00330
17	0.01813	0.00702	0.00949	0.00727	0.01041	0.00613	0.00601	0.04024	0.01180	0.81418	0.01585	0.01370	0.00996	0.00502	0.00408	0.00125	0.00348	0.00407	0.00500	0.00690
18	0.00721	0.00422	0.00657	0.00618	0.00647	0.00433	0.04503	0.01872	0.00593	0.00799	0.00807	0.05851	0.00814	0.01367	0.04262	0.71769	0.03041	0.00406	0.00194	0.00226
19	0.00587	0.00404	0.00497	0.00497	0.00515	0.00423	0.00313	0.00625	0.00606	0.00827	0.01229	0.02380	0.01356	0.64343	0.23301	0.00460	0.00573	0.00550	0.00238	0.00276
20	0.00494	0.00356	0.00468	0.00557	0.00586	0.00330	0.00373	0.00566	0.00784	0.01039	0.02331	0.81347	0.06752	0.01259	0.00516	0.00163	0.00234	0.01138	0.00377	0.00330
21	0.00695	0.00356	0.00522	0.00522	0.00522	0.00356	0.00344	0.00533	0.00533	0.00711	0.00751	0.01348	0.00767	0.08203	0.01624	0.81122	0.00356	0.00372	0.00182	0.00182
22	0.00818	0.01736	0.61365	0.01084	0.01577	0.00911	0.04909	0.01325	0.10388	0.01304	0.00999	0.01112	0.04142	0.00569	0.04650	0.00158	0.01806	0.00358	0.00212	0.00577
23	0.00937	0.00990	0.01415	0.19879	0.03270	0.10703	0.15754	0.01122	0.00809	0.01070	0.00725	0.01140	0.00642	0.00555	0.00799	0.00151	0.34950	0.04425	0.00197	0.00468
24	0.00782	0.00738	0.01246	0.79189	0.08246	0.00906	0.01135	0.01051	0.00819	0.01056	0.00724	0.01076	0.00548	0.00403	0.00405	0.00134	0.00537	0.00361	0.00182	0.00464
25	0.02819	0.03660	0.20366	0.16786	0.07567	0.03039	0.13003	0.06086	0.05302	0.02295	0.00943	0.04878	0.02538	0.00478	0.00482	0.00134	0.07259	0.00407	0.01426	0.00534
26	0.01022	0.09568	0.37653	0.01013	0.01403	0.09801	0.03375	0.10426	0.04974	0.02433	0.00809	0.00933	0.00618	0.00487	0.02022	0.00134	0.07783	0.00321	0.04667	0.00561
27	0.00497	0.00359	0.00466	0.00550	0.00580	0.00333	0.00367	0.00567	0.00778	0.01029	0.02316	0.76696	0.07809	0.04851	0.00581	0.00173	0.00240	0.01110	0.00371	0.00327
28	0.00824	0.00633	0.03247	0.10448	0.01060	0.00564	0.01735	0.02039	0.05911	0.10493	0.23721	0.06720	0.11460	0.00643	0.00420	0.00119	0.00305	0.00554	0.01628	0.17477
29	0.75459	0.00937	0.00682	0.00608	0.00856	0.11238	0.00491	0.03420	0.00780	0.01738	0.00584	0.00677	0.00456	0.00385	0.00269	0.00123	0.00369	0.00229	0.00250	0.00450
30	0.00932	0.00879	0.01492	0.02199	0.69742	0.00875	0.02534	0.01152	0.00906	0.01286	0.00977	0.11910	0.00934	0.00491	0.00421	0.00128	0.00452	0.01869	0.00226	0.00596
31	0.00848	0.00843	0.01218	0.54597	0.03645	0.06349	0.01034	0.01057	0.00783	0.01022	0.00672	0.01015	0.00547	0.00527	0.01949	0.00152	0.22754	0.00354	0.00182	0.00452
32	0.00535	0.00419	0.00484	0.00467	0.00584	0.00372	0.00351	0.00697	0.02193	0.01372	0.43815	0.03430	0.41980	0.00921	0.00478	0.00132	0.00200	0.00789	0.00412	0.00367
33	0.00502	0.00360	0.00477	0.00556	0.00589	0.00335	0.00376	0.00585	0.00817	0.01096	0.10328	0.75664	0.04364	0.01222	0.00513	0.00161	0.00230	0.01106	0.00384	0.00335
34	0.00814	0.02099	0.83640	0.01156	0.01756	0.00942	0.01499	0.01285	0.00857	0.01285	0.00728	0.00857	0.00514	0.00385	0.00385	0.00128	0.00600	0.00300	0.00171	0.00600
35	0.00492	0.00368	0.00458	0.00528	0.00579	0.00333	0.00361	0.00572	0.00817	0.01059	0.03892	0.64917	0.21737	0.01207	0.00508	0.00158	0.00228	0.01077	0.00378	0.00333
36	0.88607	0.00785	0.00596	0.00534	0.00785	0.00910	0.00439	0.01193	0.00690	0.01820	0.00565	0.00659	0.00439	0.00377	0.00251	0.00126	0.00314	0.00220	0.00251	0.00439
37	0.01538	0.00794	0.00942	0.00737	0.01017	0.00793	0.00604	0.30065	0.01372	0.40649	0.01331	0.01260	0.00899	0.00492	0.00386	0.00119	0.00354	0.00388	0.15626	0.00636
38	0.88607	0.00785	0.00596	0.00534	0.00785	0.00910	0.00439	0.01193	0.00690	0.01820	0.00565	0.00659	0.00439	0.00377	0.00251	0.00126	0.00314	0.00220	0.00251	0.00439
39	0.01009	0.00872	0.00917	0.00826	0.01055	0.01009	0.00642	0.02156	0.82478	0.01697	0.01651	0.01514	0.01238	0.00550	0.00413	0.00138	0.00321	0.00459	0.00413	0.00642
40	0.11466	0.00803	0.00966	0.00749	0.01058	0.00782	0.00619	0.20118	0.01279	0.55886	0.01342	0.01207	0.00869	0.00485	0.00390	0.00125	0.00365	0.00377	0.00452	0.00662
41	0.00494	0.00353	0.00471	0.00565	0.00588	0.00330	0.00377	0.00565	0.00777	0.01036	0.02236	0.85477	0.02683	0.01271	0.00518	0.00165	0.00235	0.01153	0.00377	0.00330
42	0.00841	0.00721	0.00841	0.00601	0.00961	0.00541	0.00481	0.01022	0.00841	0.01322	0.00721	0.00841	0.00601	0.00300	0.00300	0.00060	0.00300	0.00240	0.00240	0.88222
43	0.84066	0.00803	0.00629	0.00554	0.00809	0.00928	0.00457	0.05400	0.00754	0.01859	0.00586	0.00676	0.00452	0.00382	0.00259	0.00125	0.00321	0.00227	0.00259	0.00452
44	0.00480	0.00409	0.00413	0.00417	0.00550	0.00342	0.00311	0.00582	0.00919	0.01094	0.04036	0.07110	0.79888	0.01037	0.00481	0.00138	0.00207	0.00868	0.00377	0.00342
45	0.00522	0.00374	0.00495	0.00546	0.00594	0.00348	0.00379	0.00634	0.00904	0.01238	0.29858	0.57279	0.03075	0.01120	0.00504	0.00152	0.00220	0.01010	0.00401	0.00348
46	0.01820	0.00690	0.00942	0.00722	0.01036	0.00596	0.00596	0.01977	0.01161	0.83492	0.01601	0.01381	0.01004	0.00502	0.00408	0.00126	0.00345	0.00408	0.00502	0.00690
47	0.01749	0.00805	0.01013	0.00776	0.01093	0.00767	0.00641	0.22523	0.01353	0.62675	0.01439	0.01276	0.00923	0.00498	0.00407	0.00125	0.00371	0.00397	0.00477	0.00690
48	0.00999	0.00959	0.01637	0.04321	0.81422	0.00963	0.01242	0.01240	0.00921	0.01319	0.00762	0.01006	0.00640	0.00362	0.00402	0.00121	0.00483	0.00361	0.00200	0.00638
49	0.00735	0.00380	0.00383	0.00383	0.00475	0.00377	0.00283	0.00912	0.00843	0.01461	0.01463	0.01682	0.05210	0.04130	0.00369	0.00109	0.00199	0.00411	0.79823	0.00371
50	0.84340	0.00820	0.00624	0.01961	0.00833	0.03582	0.00462	0.01204	0.00707	0.01781	0.00570	0.00668	0.00444	0.00378	0.00257	0.00125	0.00331	0.00223	0.00249	0.00441
51	0.01806	0.00713	0.00956	0.00733	0.01047	0.00630	0.00605	0.06021	0.01199	0.79394	0.01569	0.01360	0.00988	0.00501	0.00408	0.00125	0.00350	0.00406	0.00497	0.00690
52	0.00955	0.00913	0.02104	0.07131	0.08707	0.09314	0.10144	0.06543	0.09088	0.04435	0.05120	0.05309	0.14148	0.00623	0.00573	0.00138	0.13460	0.00506	0.00290	0.00500
53	0.00574	0.00415	0.00542	0.00510	0.00606	0.00383	0.00383	0.00766	0.01148	0.01627	0.82997	0.03031	0.03828	0.00829	0.00479	0.00128	0.00191	0.00734	0.00447	0.00383
54	0.00899	0.00769	0.00816	0.00744	0.00948	0.00865	0.00575	0.01822	0.64487	0.01603	0.08009	0.03385	0.12041	0.00645	0.00428	0.00137	0.00295	0.00543	0.00410	0.00579
55	0.00496	0.00356	0.00471	0.00559	0.00588	0.00331	0.00375	0.00570	0.00789	0.01051	0.04087	0.81203	0.05115	0.01254	0.00516	0.00163	0.00234	0.01135	0.00378	0.00331
56	0.01351	0.01041	0.01110	0.00895	0.01185	0.01169	0.00725	0.53192	0.30886	0.02248	0.01218	0.01168	0.00887	0.00510	0.00408	0.00127	0.00401	0.00399	0.00408	0.00673
57	0.01028	0.68295	0.19317	0.00792	0.01192	0.01465	0.00864	0.01230	0.00831	0.01024	0.00599	0.00694	0.00519	0.00355	0.00287	0.00096	0.00469	0.00234	0.00173	0.00537
58	0.01457	0.01126	0.01132	0.00893	0.01178	0.08668	0.00728	0.63820	0.01698	0.03718	0.00974	0.01006	0.00708	0.00485	0.00415	0.00119	0.02614	0.00358	0.08267	0.00636
59	0.01412	0.00640	0.00810	0.00654	0.00900	0.00591	0.00528	0.08560	0.02618	0.49360	0.10811	0.02837	0.05114	0.00569	0.00403	0.00122	0.00306	0.00469	0.12705	0.00590
60	0.01067	0.00821	0.00847	0.00742	0.00951	0.05851	0.00578	0.19486	0.25961	0.08561	0.04343	0.12947	0.12424	0.00692	0.00430	0.00133	0.00341	0.00575	0.02702	0.00549
61	0.00571	0.00457	0.00605	0.00631	0.00692	0.02835	0.04644	0.00656	0.00785	0.01041	0.01974	0.68365	0.02327	0.07894	0.00626	0.00175	0.00289	0.01008	0.00346	0.04080
62	0.00849	0.00728	0.00845	0.00612	0.00966	0.00563	0.00488	0.01076	0.04762	0.01340	0.00766	0.00874	0.00632	0.00312	0.00306	0.00064	0.00301	0.00251	0.00249	0.84016
63	0.02489	0.00929	0.01473	0.26523	0.53131	0.04489	0.01170	0.01194	0.00891	0.01229	0.00737	0.01007	0.00602	0.00384	0.00416	0.00125	0.02089	0.00354	0.00196	0.00572
64	0.01439	0.01061	0.01132	0.00892	0.01191	0.02625	0.00728	0.61858	0.13172	0.06318	0.04585	0.01153	0.00913	0.00510	0.00409	0.00124	0.00418	0.00394	0.00410	0.00666
65	0.00493	0.00358	0.00466	0.00553	0.00585	0.00331	0.00371	0.00566	0.00788	0.01040	0.02383	0.79100	0.08966	0.01252	0.00515	0.00163	0.00233	0.01130	0.00377	0.00331
66	0.01134	0.02437	0.06635	0.10327	0.01799	0.03345	0.40751	0.05025	0.01019	0.18214	0.01037	0.02302	0.01951	0.00418	0.00438	0.00131	0.00560	0.00438	0.01472	0.00565
67	0.00888	0.00888	0.01243	0.01065	0.01065	0.01243	0.00888	0.00976	0.00621	0.00976	0.00533	0.00888	0.00533	0.00710	0.01331	0.00178	0.84999	0.00355	0.00178	0.00444
68	0.00540	0.00430	0.00474	0.00484	0.00598	0.00391	0.00357	0.00719	0.06205	0.01203	0.13063	0.19501	0.48518	0.01004	0.00478	0.00141	0.00219	0.02113	0.03197	0.00366
69	0.00975	0.05238	0.02666	0.30664	0.22788	0.03158	0.08248	0.07813	0.03065	0.02299	0.00769	0.01017	0.00607	0.00426	0.00490	0.00131	0.08526	0.00364	0.00216	0.00542
70	0.00878	0.01959	0.03109	0.56641	0.08237	0.00949	0.03480	0.02319	0.03411	0.05196	0.00782	0.01072	0.00596	0.00441	0.00501	0.00137	0.09224	0.00366	0.00209	0.00493
71	0.02086	0.00707	0.00743	0.00621	0.00819	0.00753	0.00497	0.35101	0.01311	0.01928	0.04010	0.01516	0.07581	0.00534	0.00357	0.00111	0.00301	0.00421	0.40095	0.00508
72	0.00764	0.00393	0.00394	0.00391	0.00490	0.00397	0.00294	0.00981	0.03243	0.01518	0.01333	0.01513	0.01046	0.00475	0.00287	0.00096	0.00193	0.00381	0.85428	0.00386
73	0.00890	0.01530	0.43564	0.05292	0.01656	0.05099	0.15717	0.01310	0.06998	0.04036	0.00986	0.09297	0.00818	0.00484	0.00418	0.00133	0.00553	0.00433	0.00229	0.00556
74	0.00811	0.00466	0.00609	0.00601	0.00710	0.00437	0.00439	0.00970	0.04513	0.18301	0.16593	0.45769	0.05086	0.00985	0.00493	0.00148	0.01353	0.00873	0.00414	0.00430
75	0.01516	0.01934	0.01150	0.01045	0.01254	0.84113	0.00784	0.01620	0.01150	0.00993	0.00627	0.00732	0.00523	0.00418	0.00366	0.00105	0.00732	0.00261	0.00209	0.00470
76	0.46090	0.04751	0.01001	0.00883	0.06129	0.22893	0.04587	0.03385	0.00881	0.02687	0.00631	0.00746	0.00503	0.00398	0.00341	0.00120	0.02997	0.00263	0.00237	0.00479
77	0.00505	0.00369	0.00475	0.00539	0.00586	0.00339	0.00370	0.00597	0.00849	0.01131	0.14500	0.63873	0.12018	0.01177	0.00508	0.00156	0.00225	0.01057	0.00387	0.00339
78	0.02809	0.03307	0.02469	0.02408	0.06477	0.03358	0.14456	0.05123	0.09358	0.05015	0.18557	0.17156	0.05418	0.00692	0.00459	0.00135	0.01353	0.00628	0.00338	0.00485
79	0.02284	0.06853	0.02380	0.01939	0.01053	0.08746	0.01849	0.14073	0.01056	0.02404	0.04252	0.05373	0.03252	0.00445	0.00351	0.00092	0.00379	0.00354	0.00279	0.42586

[dist]
# distance from previous block
# <min> <max>
2	6

[block]
# block no. 3 follows, 66 sequences, length 18
# corresponding to MSA columns:
# 314-331
name=unknown_D
#
# <colnr> <probs for GDERKNQSTAVLIFYWHMCP>
#	G	D	E	R	K	N	Q	S	T	A	V	L	I	F	Y	W	H	M	C	P
0	0.00944	0.11488	0.09175	0.23004	0.17776	0.03402	0.18349	0.01206	0.00876	0.02620	0.00744	0.00987	0.00587	0.00395	0.00451	0.00127	0.05384	0.00361	0.01592	0.00534
1	0.00540	0.00405	0.00500	0.00493	0.00589	0.00366	0.00364	0.00693	0.01043	0.01416	0.52640	0.14343	0.23243	0.00938	0.00484	0.00135	0.00201	0.00820	0.00420	0.00366
2	0.00653	0.00468	0.00583	0.00584	0.02102	0.00449	0.00424	0.00830	0.04764	0.06732	0.28267	0.22951	0.24187	0.00941	0.00515	0.00141	0.03801	0.00811	0.00397	0.00399
3	0.88607	0.00785	0.00596	0.00534	0.00785	0.00910	0.00439	0.01193	0.00690	0.01820	0.00565	0.00659	0.00439	0.00377	0.00251	0.00126	0.00314	0.00220	0.00251	0.00439
4	0.00494	0.00372	0.00458	0.00521	0.00578	0.00336	0.00359	0.00579	0.00834	0.01080	0.06605	0.59585	0.24360	0.01184	0.00506	0.00156	0.00225	0.01053	0.00380	0.00336
5	0.01239	0.00929	0.00986	0.00839	0.01097	0.03483	0.00665	0.17473	0.53281	0.13150	0.01483	0.01368	0.01079	0.00528	0.00409	0.00132	0.00361	0.00428	0.00418	0.00653
6	0.00705	0.00352	0.00529	0.00529	0.00529	0.00352	0.00352	0.00529	0.00529	0.00705	0.00705	0.01233	0.00705	0.01409	0.01586	0.88196	0.00352	0.00352	0.00176	0.00176
7	0.88607	0.00785	0.00596	0.00534	0.00785	0.00910	0.00439	0.01193	0.00690	0.01820	0.00565	0.00659	0.00439	0.00377	0.00251	0.00126	0.00314	0.00220	0.00251	0.00439
8	0.00513	0.00366	0.00488	0.00570	0.00600	0.00349	0.00390	0.00592	0.00782	0.01047	0.04665	0.71494	0.02572	0.05258	0.04316	0.00197	0.00286	0.04819	0.00365	0.00331
9	0.00565	0.00385	0.00459	0.00483	0.00492	0.00382	0.00291	0.00589	0.00641	0.00858	0.01518	0.24065	0.01769	0.60375	0.05123	0.00345	0.00382	0.00729	0.00279	0.00272
10	0.04650	0.00375	0.00475	0.00558	0.00591	0.00360	0.00374	0.00596	0.00764	0.01062	0.02115	0.77791	0.02524	0.04992	0.00574	0.00173	0.00246	0.01084	0.00365	0.00331
11	0.05068	0.05423	0.01161	0.00941	0.03604	0.21617	0.00737	0.25688	0.07245	0.14522	0.00952	0.00979	0.00703	0.00475	0.00454	0.00121	0.07167	0.00336	0.00327	0.02480
12	0.05514	0.17097	0.06395	0.00973	0.01290	0.23774	0.06969	0.30284	0.01307	0.01628	0.00758	0.00835	0.00585	0.00420	0.00365	0.00112	0.00543	0.00307	0.00273	0.00571
13	0.00626	0.00465	0.00559	0.00570	0.00657	0.00462	0.00406	0.00895	0.13845	0.02685	0.22145	0.35233	0.09959	0.08812	0.00629	0.00169	0.00252	0.00847	0.00390	0.00392
14	0.00690	0.03989	0.05967	0.00649	0.00725	0.00636	0.02378	0.02462	0.00679	0.00931	0.01191	0.07412	0.02985	0.48012	0.05431	0.01641	0.13101	0.00545	0.00239	0.00337
15	0.01301	0.11966	0.04980	0.05241	0.04056	0.15421	0.03373	0.27303	0.09850	0.07558	0.00955	0.02505	0.00733	0.00467	0.00407	0.00120	0.02508	0.00356	0.00309	0.00591
16	0.00517	0.00398	0.00497	0.00547	0.00597	0.00384	0.00381	0.00596	0.00804	0.01049	0.04278	0.55842	0.22023	0.04972	0.00619	0.00168	0.04624	0.01006	0.00362	0.00336
17	0.67209	0.02492	0.00742	0.13158	0.01107	0.00898	0.00555	0.01196	0.00735	0.04964	0.00635	0.00757	0.00484	0.00383	0.00282	0.00124	0.00351	0.00249	0.00249	0.03428

[dist]
# distance from previous block
# <min> <max>
0	1

[block]
# block no. 4 follows, 66 sequences, length 32
# corresponding to MSA columns:
# 333-364
name=unknown_E
#
# <colnr> <probs for GDERKNQSTAVLIFYWHMCP>
#	G	D	E	R	K	N	Q	S	T	A	V	L	I	F	Y	W	H	M	C	P
0	0.00896	0.07695	0.02704	0.00717	0.01062	0.00706	0.06206	0.02542	0.00864	0.02556	0.00742	0.00874	0.00610	0.00336	0.00354	0.00076	0.03595	0.00269	0.02525	0.64671
1	0.00511	0.00381	0.00470	0.00512	0.00576	0.00346	0.00356	0.00610	0.00878	0.01157	0.18809	0.46094	0.21790	0.04854	0.00569	0.00161	0.00227	0.00974	0.00385	0.00340
2	0.01085	0.85986	0.02126	0.00694	0.01041	0.01605	0.00694	0.01215	0.00824	0.00955	0.00564	0.00651	0.00521	0.00347	0.00260	0.00087	0.00434	0.00217	0.00174	0.00521
3	0.00502	0.00360	0.00474	0.00557	0.00585	0.00340	0.00373	0.00572	0.00767	0.01021	0.02198	0.75921	0.04810	0.05659	0.03614	0.00193	0.00273	0.01090	0.00364	0.00327
4	0.00483	0.00406	0.00419	0.00427	0.00553	0.00342	0.00316	0.00584	0.00915	0.01100	0.05373	0.11581	0.74022	0.01047	0.00483	0.00139	0.00208	0.00882	0.00378	0.00342
5	0.00487	0.00382	0.00441	0.00489	0.00568	0.00336	0.00343	0.00574	0.00850	0.01066	0.03166	0.44990	0.42570	0.01150	0.00499	0.00151	0.00221	0.01006	0.00377	0.00336
6	0.57496	0.00771	0.00732	0.00610	0.00884	0.00827	0.00503	0.05000	0.00892	0.27514	0.00908	0.00900	0.00628	0.00421	0.00307	0.00125	0.00330	0.00285	0.00337	0.00529
7	0.01582	0.01073	0.01178	0.00903	0.01227	0.01164	0.00746	0.70538	0.01802	0.14027	0.01063	0.01032	0.00735	0.00489	0.00406	0.00122	0.00432	0.00371	0.00420	0.00690
8	0.01085	0.85986	0.02126	0.00694	0.01041	0.01605	0.00694	0.01215	0.00824	0.00955	0.00564	0.00651	0.00521	0.00347	0.00260	0.00087	0.00434	0.00217	0.00174	0.00521
9	0.00746	0.00380	0.00383	0.00382	0.00477	0.00377	0.00286	0.00933	0.00859	0.01506	0.03216	0.01602	0.02991	0.00493	0.00292	0.00096	0.00190	0.00397	0.84016	0.00377
10	0.00585	0.00391	0.00444	0.00449	0.00450	0.00390	0.00253	0.00589	0.00600	0.00800	0.01330	0.07158	0.01541	0.81149	0.01981	0.00381	0.00385	0.00621	0.00253	0.00250
11	0.00580	0.00432	0.00641	0.00641	0.00709	0.00501	0.00493	0.00717	0.00649	0.00933	0.01097	0.01652	0.01039	0.07536	0.79675	0.00638	0.01049	0.00443	0.00219	0.00356
12	0.00919	0.34756	0.51907	0.00976	0.01478	0.01200	0.01186	0.01258	0.00844	0.01156	0.00664	0.00776	0.00517	0.00371	0.00337	0.00112	0.00535	0.00268	0.00172	0.00569
13	0.00822	0.00704	0.00818	0.00591	0.00939	0.00530	0.00471	0.00998	0.00846	0.01310	0.00905	0.01008	0.05084	0.00340	0.00310	0.00064	0.00295	0.00274	0.00248	0.83444
14	0.06156	0.00980	0.01046	0.00840	0.01125	0.02561	0.00682	0.45625	0.17326	0.12935	0.01236	0.03414	0.01853	0.00521	0.00400	0.00126	0.00394	0.00406	0.01728	0.00645
15	0.00673	0.03639	0.00849	0.00688	0.00845	0.01768	0.10820	0.02975	0.03367	0.01455	0.46141	0.09235	0.14358	0.00790	0.00469	0.00131	0.00287	0.00709	0.00385	0.00415
16	0.00590	0.00393	0.00442	0.00442	0.00442	0.00393	0.00246	0.00590	0.00590	0.00787	0.01278	0.02655	0.01475	0.85742	0.02065	0.00393	0.00393	0.00590	0.00246	0.00246
17	0.00814	0.02099	0.83640	0.01156	0.01756	0.00942	0.01499	0.01285	0.00857	0.01285	0.00728	0.00857	0.00514	0.00385	0.00385	0.00128	0.00600	0.00300	0.00171	0.00600
18	0.01019	0.65572	0.21962	0.00807	0.01215	0.01444	0.00890	0.01232	0.00832	0.01035	0.00604	0.00701	0.00519	0.00356	0.00291	0.00097	0.00474	0.00237	0.00173	0.00540
19	0.00499	0.00412	0.00438	0.00431	0.00560	0.00351	0.00324	0.00620	0.00971	0.01205	0.20276	0.03725	0.66812	0.00987	0.00479	0.00135	0.00203	0.00831	0.00391	0.00351
20	0.00508	0.00386	0.00468	0.00503	0.00580	0.00346	0.00356	0.00617	0.00910	0.01192	0.21515	0.40320	0.28650	0.01091	0.00496	0.00147	0.00216	0.00961	0.00393	0.00346
21	0.00824	0.00563	0.00686	0.00598	0.00750	0.00554	0.00465	0.15624	0.01282	0.06761	0.61013	0.02578	0.05168	0.00752	0.00461	0.00127	0.00248	0.00650	0.00441	0.00456
22	0.01023	0.00864	0.00913	0.00810	0.01040	0.00987	0.00633	0.09071	0.69950	0.01744	0.03494	0.01606	0.04901	0.00572	0.00417	0.00136	0.00324	0.00474	0.00411	0.00627
23	0.00587	0.00420	0.00535	0.00503	0.00608	0.00382	0.00378	0.00768	0.01123	0.03149	0.72214	0.03101	0.13021	0.00846	0.00477	0.00129	0.00196	0.00742	0.00440	0.00384
24	0.01685	0.00887	0.01061	0.00815	0.01132	0.00891	0.00673	0.36591	0.02996	0.46905	0.01330	0.01207	0.00872	0.00496	0.00407	0.00124	0.00389	0.00390	0.00459	0.00689
25	0.00586	0.00408	0.00516	0.00516	0.00542	0.00433	0.00338	0.00637	0.00612	0.00841	0.01211	0.02282	0.01313	0.56646	0.30939	0.00484	0.00637	0.00535	0.00236	0.00287
26	0.00506	0.00362	0.00461	0.00537	0.00572	0.00336	0.00359	0.00578	0.00782	0.01039	0.02341	0.69860	0.10655	0.06524	0.00605	0.00174	0.00241	0.01068	0.02674	0.00327
27	0.00496	0.00355	0.00469	0.00559	0.00584	0.00331	0.00372	0.00566	0.00776	0.01032	0.02260	0.81795	0.04551	0.03061	0.00550	0.00169	0.00238	0.01134	0.00374	0.00328
28	0.00939	0.24896	0.53185	0.01057	0.03331	0.03360	0.02450	0.04182	0.00897	0.01234	0.00692	0.00808	0.00527	0.00378	0.00353	0.00116	0.00551	0.00283	0.00183	0.00578
29	0.12191	0.00878	0.03251	0.25843	0.11732	0.06804	0.01930	0.02067	0.05542	0.07210	0.00913	0.05781	0.00755	0.00485	0.00456	0.00130	0.07162	0.00386	0.03504	0.02979
30	0.05289	0.01674	0.01091	0.00983	0.01195	0.64572	0.00747	0.01665	0.11526	0.04097	0.00788	0.00856	0.00628	0.00444	0.00394	0.00112	0.02900	0.00293	0.00247	0.00498
31	0.00932	0.11666	0.01029	0.00683	0.02128	0.04381	0.02137	0.03339	0.00909	0.04555	0.04483	0.05563	0.00875	0.00408	0.00330	0.00082	0.00341	0.00330	0.02815	0.53014

[dist]
# distance from previous block
# <min> <max>
0	5

[block]
# block no. 5 follows, 66 sequences, length 30
# corresponding to MSA columns:
# 370-399
name=unknown_F
#
# <colnr> <probs for GDERKNQSTAVLIFYWHMCP>
#	G	D	E	R	K	N	Q	S	T	A	V	L	I	F	Y	W	H	M	C	P
0	0.04294	0.00717	0.00933	0.00723	0.01028	0.00648	0.00595	0.07120	0.02613	0.71898	0.01606	0.01412	0.03452	0.00514	0.00405	0.00126	0.00346	0.00414	0.00483	0.00672
1	0.00885	0.00837	0.01399	0.39669	0.42000	0.00923	0.01150	0.01167	0.03716	0.01201	0.00809	0.03004	0.00664	0.00409	0.00407	0.00129	0.00497	0.00383	0.00203	0.00548
2	0.00590	0.00393	0.00442	0.00442	0.00442	0.00393	0.00246	0.00590	0.00590	0.00787	0.01278	0.02655	0.01475	0.85742	0.02065	0.00393	0.00393	0.00590	0.00246	0.00246
3	0.00497	0.00368	0.00462	0.00531	0.00579	0.00338	0.00361	0.00575	0.00804	0.01048	0.03929	0.63768	0.18571	0.03925	0.02060	0.00175	0.00249	0.01057	0.00371	0.00331
4	0.00796	0.00453	0.00471	0.00445	0.00548	0.00465	0.00328	0.07358	0.02782	0.01502	0.03590	0.01672	0.01156	0.12413	0.00551	0.00140	0.00241	0.00419	0.64279	0.00391
5	0.01095	0.00819	0.00901	0.00784	0.01014	0.00907	0.00616	0.10224	0.54524	0.10638	0.12361	0.01644	0.01500	0.00576	0.00420	0.00133	0.00320	0.00480	0.00426	0.00618
6	0.00580	0.00435	0.00652	0.00652	0.00724	0.00507	0.00507	0.00724	0.00652	0.00942	0.01087	0.01594	0.01014	0.03043	0.84134	0.00652	0.01087	0.00435	0.00217	0.00362
7	0.00953	0.01114	0.04247	0.01685	0.02092	0.01028	0.78335	0.01293	0.00949	0.01293	0.00813	0.01085	0.00612	0.00350	0.00493	0.00137	0.02298	0.00472	0.00204	0.00546
8	0.00848	0.04724	0.78179	0.01134	0.01716	0.00974	0.01448	0.04095	0.00892	0.01319	0.00731	0.00854	0.00520	0.00388	0.00382	0.00127	0.00589	0.00299	0.00180	0.00600
9	0.00766	0.00721	0.01217	0.84767	0.02794	0.00901	0.01127	0.01037	0.00811	0.01037	0.00721	0.01082	0.00541	0.00406	0.00406	0.00135	0.00541	0.00361	0.00180	0.00451
10	0.01542	0.01136	0.01218	0.00933	0.01258	0.01258	0.00771	0.81858	0.01908	0.02557	0.00974	0.00974	0.00690	0.00487	0.00406	0.00122	0.00446	0.00365	0.00406	0.00690
11	0.01693	0.00869	0.01049	0.00807	0.01123	0.00865	0.00666	0.33233	0.03280	0.49990	0.01357	0.01225	0.00887	0.00497	0.00407	0.00124	0.00384	0.00392	0.00462	0.00689
12	0.01085	0.85986	0.02126	0.00694	0.01041	0.01605	0.00694	0.01215	0.00824	0.00955	0.00564	0.00651	0.00521	0.00347	0.00260	0.00087	0.00434	0.00217	0.00174	0.00521
13	0.00693	0.00352	0.00525	0.00530	0.00532	0.00351	0.00354	0.00530	0.00542	0.00722	0.00786	0.05730	0.00810	0.01402	0.01529	0.83497	0.00346	0.00395	0.00187	0.00184
14	0.01445	0.01065	0.01138	0.00889	0.01191	0.01181	0.00729	0.69573	0.09174	0.02414	0.01057	0.01057	0.00762	0.00492	0.00399	0.00122	0.00419	0.00375	0.05854	0.00666
15	0.00542	0.00423	0.00437	0.00429	0.00571	0.00354	0.00323	0.00647	0.00933	0.04911	0.03956	0.05434	0.77624	0.01008	0.00477	0.00137	0.00213	0.00841	0.00383	0.00358
16	0.00814	0.02099	0.83640	0.01156	0.01756	0.00942	0.01499	0.01285	0.00857	0.01285	0.00728	0.00857	0.00514	0.00385	0.00385	0.00128	0.00600	0.00300	0.00171	0.00600
17	0.01167	0.00891	0.01139	0.00959	0.01065	0.05511	0.00791	0.03509	0.03118	0.21549	0.00859	0.01038	0.00684	0.00686	0.02901	0.00169	0.52805	0.00368	0.00274	0.00517
18	0.00505	0.00366	0.00487	0.00574	0.00596	0.00351	0.00385	0.00575	0.00770	0.01029	0.02179	0.81939	0.02611	0.02939	0.00567	0.00170	0.02133	0.01124	0.00370	0.00330
19	0.00499	0.00355	0.00469	0.00559	0.00582	0.00332	0.00371	0.00566	0.00768	0.01024	0.02192	0.81641	0.02627	0.05184	0.00590	0.00175	0.00243	0.01127	0.00371	0.00326
20	0.01221	0.01175	0.01297	0.06692	0.30833	0.25193	0.00945	0.02659	0.02063	0.11225	0.03309	0.01031	0.00739	0.00453	0.00492	0.00124	0.09391	0.00350	0.00250	0.00558
21	0.00988	0.00948	0.01618	0.07930	0.77894	0.00960	0.01237	0.01231	0.00916	0.01306	0.00760	0.01009	0.00636	0.00364	0.00402	0.00121	0.00486	0.00361	0.00199	0.00630
22	0.00705	0.00352	0.00529	0.00529	0.00529	0.00352	0.00352	0.00529	0.00529	0.00705	0.00705	0.01233	0.00705	0.01409	0.01586	0.88196	0.00352	0.00352	0.00176	0.00176
23	0.29846	0.07428	0.01176	0.07622	0.11065	0.24146	0.05005	0.05689	0.00945	0.01405	0.00653	0.00797	0.00525	0.00396	0.00351	0.00118	0.01825	0.00283	0.00227	0.00499
24	0.00494	0.00353	0.00471	0.00565	0.00588	0.00330	0.00377	0.00565	0.00777	0.01036	0.02236	0.85477	0.02683	0.01271	0.00518	0.00165	0.00235	0.01153	0.00377	0.00330
25	0.01009	0.02066	0.03983	0.22798	0.17616	0.02701	0.11578	0.07926	0.11676	0.05908	0.02524	0.01185	0.01668	0.00444	0.00438	0.00130	0.02966	0.00399	0.02426	0.00560
26	0.10488	0.00465	0.00469	0.00437	0.00573	0.00472	0.00338	0.02525	0.00881	0.09067	0.01259	0.01397	0.00965	0.00465	0.00294	0.00101	0.00222	0.00363	0.68801	0.00419
27	0.00995	0.01098	0.19417	0.05799	0.02441	0.05009	0.06759	0.08557	0.10996	0.10183	0.07973	0.06490	0.03195	0.02590	0.02069	0.00150	0.01942	0.03486	0.00313	0.00540
28	0.00815	0.00817	0.02178	0.00952	0.03515	0.06634	0.09412	0.00963	0.00842	0.01170	0.13550	0.13406	0.05239	0.00713	0.00758	0.00144	0.30167	0.00546	0.00267	0.07913
29	0.00554	0.00471	0.00556	0.00536	0.00634	0.00473	0.00409	0.00668	0.00906	0.01167	0.17439	0.12201	0.48792	0.00975	0.00601	0.00144	0.11951	0.00797	0.00362	0.00362

[dist]
# distance from previous block
# <min> <max>
0	2

[block]
# block no. 6 follows, 66 sequences, length 17
# corresponding to MSA columns:
# 402-418
name=unknown_G
#
# <colnr> <probs for GDERKNQSTAVLIFYWHMCP>
#	G	D	E	R	K	N	Q	S	T	A	V	L	I	F	Y	W	H	M	C	P
0	0.01263	0.26031	0.04001	0.00831	0.01148	0.18551	0.00719	0.22565	0.02575	0.03744	0.00808	0.00865	0.01702	0.00410	0.00340	0.00100	0.00478	0.00289	0.00268	0.13313
1	0.00605	0.00458	0.00549	0.00588	0.00671	0.00447	0.00423	0.06239	0.06216	0.01204	0.02466	0.54215	0.17816	0.01116	0.00498	0.00156	0.00257	0.05316	0.00381	0.00379
2	0.01208	0.39638	0.13069	0.00846	0.01193	0.11119	0.00817	0.11086	0.06754	0.08325	0.00808	0.00854	0.00632	0.00410	0.00346	0.00107	0.01682	0.00287	0.00250	0.00568
3	0.10754	0.13536	0.04595	0.00877	0.02128	0.21931	0.00730	0.24681	0.06497	0.01620	0.00821	0.00891	0.00639	0.00442	0.00380	0.00114	0.03164	0.00306	0.05343	0.00550
4	0.00500	0.00368	0.00468	0.00535	0.00584	0.00337	0.00366	0.00587	0.00836	0.01102	0.10268	0.64388	0.15797	0.01189	0.00508	0.00157	0.00226	0.01065	0.00383	0.00337
5	0.60973	0.00967	0.05539	0.00673	0.00957	0.03485	0.00583	0.17061	0.03637	0.01905	0.00692	0.00762	0.00522	0.00406	0.00298	0.00125	0.00369	0.00262	0.00281	0.00505
6	0.01226	0.01163	0.18198	0.06033	0.16045	0.04506	0.00963	0.12061	0.11969	0.20637	0.01113	0.02499	0.00808	0.00461	0.00402	0.00127	0.00458	0.00382	0.00322	0.00627
7	0.06094	0.11151	0.15880	0.01007	0.06390	0.09121	0.02850	0.27648	0.01238	0.07270	0.00930	0.05792	0.00745	0.00475	0.00379	0.00120	0.00478	0.00369	0.01473	0.00588
8	0.02606	0.00927	0.01022	0.00813	0.01085	0.00994	0.00660	0.53542	0.03470	0.10836	0.05713	0.07668	0.01078	0.00564	0.00408	0.00124	0.00383	0.00449	0.05467	0.02191
9	0.64855	0.10329	0.02011	0.00576	0.00834	0.03417	0.00487	0.01165	0.00727	0.01607	0.00632	0.01923	0.00537	0.04080	0.00343	0.00129	0.00346	0.00252	0.00241	0.05509
10	0.00527	0.00415	0.00481	0.00476	0.00590	0.00361	0.00351	0.00657	0.00970	0.01269	0.29446	0.16970	0.40615	0.00974	0.00478	0.00135	0.00210	0.00841	0.00394	0.03840
11	0.01218	0.49053	0.03856	0.00864	0.04366	0.18313	0.00746	0.06336	0.03007	0.05723	0.02693	0.00826	0.00661	0.00397	0.00317	0.00099	0.00488	0.00272	0.00227	0.00537
12	0.00599	0.00462	0.00541	0.00546	0.00644	0.00449	0.00396	0.03327	0.07659	0.01208	0.12629	0.26613	0.24761	0.09424	0.05503	0.00198	0.00305	0.02664	0.00365	0.01706
13	0.00928	0.07766	0.05781	0.09835	0.06142	0.07629	0.07966	0.06033	0.02785	0.02287	0.04290	0.09552	0.03682	0.00648	0.02035	0.00147	0.17677	0.02501	0.00251	0.02066
14	0.02309	0.19035	0.42565	0.04601	0.02661	0.02295	0.01120	0.07943	0.00957	0.04840	0.00862	0.01151	0.00699	0.00451	0.00375	0.00124	0.00517	0.06706	0.00224	0.00566
15	0.02453	0.00418	0.00522	0.00560	0.00623	0.00396	0.00384	0.02768	0.00820	0.07656	0.02120	0.58357	0.07782	0.12295	0.00702	0.00188	0.00270	0.00960	0.00368	0.00360
16	0.00660	0.00615	0.07293	0.00789	0.04423	0.00511	0.00673	0.02210	0.00944	0.01237	0.05405	0.07300	0.14825	0.00999	0.00519	0.00167	0.00358	0.50315	0.00354	0.00402

[dist]
# distance from previous block
# <min> <max>
12	294

# created by:
# /st0/software/busco_prod/Augustus/scripts/msa2prfl.pl ./align_prep/96662.fa
