[name]
unknown

[dist]
# distance from previous block
# <min> <max>
6	238

[block]
# block no. 0 follows, 47 sequences, length 31
# corresponding to MSA columns:
# 408-438
name=unknown_A
#
# <colnr> <probs for GDERKNQSTAVLIFYWHMCP>
#	G	D	E	R	K	N	Q	S	T	A	V	L	I	F	Y	W	H	M	C	P
0	0.01329	0.45378	0.29571	0.01149	0.01691	0.10125	0.01269	0.01647	0.01118	0.01381	0.00807	0.00940	0.00666	0.00473	0.00406	0.00133	0.00673	0.00322	0.00227	0.00697
1	0.01768	0.01171	0.06894	0.08389	0.20249	0.01059	0.02127	0.08729	0.06086	0.35798	0.01540	0.01535	0.01058	0.00579	0.00521	0.00162	0.00545	0.00495	0.00463	0.00831
2	0.00971	0.00853	0.01393	0.31209	0.21292	0.00959	0.01148	0.01216	0.00998	0.01360	0.01191	0.05801	0.01091	0.06763	0.18211	0.03354	0.00789	0.00556	0.00267	0.00577
3	0.01056	0.06704	0.70502	0.01431	0.02140	0.01248	0.01809	0.01609	0.01084	0.01606	0.00961	0.03007	0.00728	0.00534	0.00532	0.00165	0.03500	0.00408	0.00227	0.00749
4	0.01059	0.01277	0.14792	0.13471	0.14935	0.01052	0.14423	0.04514	0.04926	0.01628	0.01511	0.21093	0.01458	0.00780	0.00568	0.00178	0.00611	0.00734	0.00328	0.00660
5	0.01495	0.00975	0.07601	0.00908	0.01230	0.00818	0.00787	0.09114	0.06657	0.30324	0.12550	0.06340	0.11875	0.00989	0.04079	0.00199	0.00468	0.02351	0.00530	0.00711
6	0.01048	0.01006	0.01744	0.59867	0.16809	0.01169	0.06583	0.01391	0.01083	0.01421	0.01024	0.01439	0.02156	0.00520	0.00528	0.00170	0.00685	0.00485	0.00243	0.00628
7	0.01067	0.00889	0.01450	0.01204	0.01441	0.00883	0.20418	0.10272	0.01289	0.05175	0.06073	0.32151	0.05601	0.01068	0.00675	0.00191	0.04270	0.04866	0.00430	0.00586
8	0.01503	0.20452	0.05532	0.01133	0.03971	0.01222	0.08865	0.08737	0.05326	0.20740	0.01883	0.05436	0.09771	0.00702	0.00508	0.00157	0.00523	0.02394	0.00423	0.00723
9	0.01131	0.00959	0.01316	0.01477	0.19892	0.00981	0.04819	0.09590	0.15491	0.02898	0.07214	0.06226	0.17609	0.03501	0.00638	0.00183	0.00464	0.04509	0.00432	0.00672
10	0.01122	0.01113	0.01561	0.01344	0.01348	0.01553	0.01118	0.01239	0.00799	0.01251	0.00715	0.01180	0.00711	0.01045	0.05187	0.00255	0.77204	0.00460	0.00230	0.00565
11	0.05563	0.00924	0.01246	0.14728	0.04893	0.02794	0.00913	0.03812	0.01358	0.45342	0.03045	0.04340	0.01371	0.00705	0.00534	0.00170	0.00503	0.06492	0.00511	0.00756
12	0.01758	0.01487	0.17791	0.01261	0.04300	0.04389	0.05021	0.18294	0.04700	0.29640	0.01542	0.04997	0.01109	0.00634	0.00526	0.00163	0.00582	0.00523	0.00467	0.00815
13	0.00633	0.00459	0.00599	0.00710	0.00751	0.00424	0.00477	0.00727	0.01011	0.01335	0.03050	0.75660	0.09027	0.01608	0.00661	0.00209	0.00299	0.01452	0.00483	0.00424
14	0.03716	0.00928	0.01536	0.77864	0.03503	0.01157	0.01418	0.01337	0.01036	0.01363	0.00919	0.01371	0.00690	0.00519	0.00514	0.00173	0.00685	0.00457	0.00234	0.00578
15	0.02615	0.14694	0.28713	0.01185	0.01668	0.06435	0.03185	0.03572	0.02459	0.17625	0.02997	0.04121	0.02737	0.00619	0.00554	0.00159	0.05111	0.00473	0.00350	0.00729
16	0.04000	0.00865	0.01148	0.00905	0.01277	0.00767	0.00739	0.02383	0.04182	0.68314	0.02154	0.05974	0.03408	0.00712	0.00529	0.00165	0.00429	0.00585	0.00621	0.00841
17	0.00860	0.00505	0.00563	0.00549	0.00675	0.00484	0.00411	0.01095	0.01234	0.01951	0.28943	0.02874	0.08739	0.00825	0.00472	0.00141	0.00245	0.00695	0.48256	0.00484
18	0.01178	0.00825	0.00926	0.00824	0.01058	0.00840	0.00646	0.17322	0.11433	0.08330	0.11091	0.11731	0.22035	0.01012	0.00574	0.00173	0.00374	0.04115	0.04886	0.00629
19	0.01553	0.01394	0.03333	0.08615	0.04330	0.06463	0.35030	0.18424	0.02648	0.11130	0.01200	0.01382	0.00865	0.00524	0.00560	0.00166	0.00731	0.00532	0.00366	0.00754
20	0.63136	0.01137	0.00961	0.00896	0.04562	0.06588	0.00685	0.05788	0.02562	0.08301	0.00902	0.00988	0.00678	0.00511	0.00372	0.00159	0.00462	0.00329	0.00356	0.00626
21	0.01371	0.71311	0.10793	0.00967	0.01442	0.04190	0.01004	0.01584	0.01074	0.01272	0.00749	0.00866	0.00667	0.00453	0.00355	0.00118	0.00590	0.00291	0.00224	0.00677
22	0.01144	0.03932	0.17254	0.00958	0.01307	0.00924	0.00913	0.03096	0.14542	0.10225	0.12411	0.05771	0.10130	0.00882	0.02909	0.00183	0.02773	0.00646	0.05208	0.04794
23	0.04650	0.06967	0.01277	0.09832	0.01491	0.06918	0.00834	0.09864	0.09157	0.12527	0.13613	0.02051	0.06221	0.00721	0.00565	0.00158	0.04065	0.02007	0.00435	0.06647
24	0.01637	0.01103	0.04727	0.01125	0.04802	0.01068	0.02011	0.18534	0.18546	0.24665	0.06052	0.10183	0.01639	0.00764	0.00544	0.00169	0.00468	0.00643	0.00529	0.00791
25	0.01203	0.00653	0.00851	0.00753	0.00957	0.00599	0.00581	0.01478	0.05019	0.23696	0.44530	0.09787	0.05786	0.00984	0.00589	0.00168	0.00315	0.00857	0.00581	0.00611
26	0.01105	0.01075	0.01899	0.38674	0.21628	0.01178	0.14805	0.02654	0.01135	0.01526	0.01187	0.01545	0.04559	0.00545	0.00570	0.00170	0.02838	0.00522	0.01727	0.00658
27	0.02754	0.01220	0.01446	0.05055	0.01580	0.12734	0.11390	0.13417	0.06203	0.14267	0.12073	0.06781	0.05087	0.00747	0.00582	0.00166	0.02731	0.00637	0.00446	0.00684
28	0.04823	0.00551	0.00679	0.07168	0.00990	0.00533	0.00546	0.00848	0.01096	0.01469	0.09504	0.40023	0.25936	0.01340	0.00618	0.00192	0.00326	0.02443	0.00462	0.00454
29	0.00644	0.00490	0.00595	0.00665	0.00755	0.00441	0.00472	0.00766	0.01101	0.01413	0.08305	0.46985	0.28902	0.01481	0.00648	0.00198	0.00294	0.04919	0.00489	0.00436
30	0.03802	0.06833	0.12223	0.01584	0.05382	0.04077	0.27564	0.12540	0.07060	0.06728	0.04970	0.02572	0.01099	0.00559	0.00538	0.00163	0.00675	0.00536	0.00355	0.00739

[dist]
# distance from previous block
# <min> <max>
2	10

[block]
# block no. 1 follows, 47 sequences, length 115
# corresponding to MSA columns:
# 456-570
name=unknown_B
#
# <colnr> <probs for GDERKNQSTAVLIFYWHMCP>
#	G	D	E	R	K	N	Q	S	T	A	V	L	I	F	Y	W	H	M	C	P
0	0.41416	0.04808	0.01272	0.02469	0.01368	0.01260	0.06999	0.16925	0.06006	0.06037	0.02745	0.02866	0.00913	0.00564	0.00429	0.00160	0.00486	0.00422	0.00388	0.02468
1	0.05067	0.06016	0.06169	0.01344	0.11544	0.08231	0.01000	0.20774	0.14384	0.07057	0.01464	0.05078	0.03159	0.00637	0.00497	0.00154	0.00548	0.00509	0.00414	0.05954
2	0.01276	0.42165	0.29829	0.01186	0.04516	0.01585	0.01267	0.01609	0.01090	0.04930	0.00899	0.01040	0.00725	0.00600	0.03358	0.00161	0.00658	0.00346	0.00246	0.02516
3	0.05082	0.00849	0.03998	0.24204	0.01828	0.00837	0.00910	0.02657	0.03467	0.21136	0.04922	0.23059	0.01797	0.02168	0.00588	0.00184	0.00483	0.00768	0.00436	0.00626
4	0.04943	0.02229	0.54223	0.01591	0.05680	0.01209	0.13202	0.03594	0.01148	0.01731	0.00953	0.01146	0.00695	0.00482	0.00501	0.00161	0.00738	0.00417	0.00245	0.05111
5	0.00910	0.00735	0.04305	0.02231	0.00964	0.00663	0.00595	0.06211	0.06898	0.03992	0.06507	0.15587	0.25916	0.04240	0.05561	0.00224	0.00414	0.00875	0.12639	0.00533
6	0.00650	0.00526	0.00578	0.00572	0.00727	0.00453	0.00426	0.00812	0.01258	0.01593	0.25447	0.08150	0.54460	0.01262	0.00617	0.00174	0.00260	0.01073	0.00509	0.00453
7	0.00834	0.00594	0.00730	0.00690	0.00842	0.00563	0.00519	0.01159	0.08183	0.05425	0.51493	0.09540	0.15249	0.01093	0.00607	0.00170	0.00276	0.00955	0.00553	0.00526
8	0.01945	0.02482	0.01476	0.01342	0.01610	0.79608	0.01006	0.02079	0.01476	0.01275	0.00805	0.00939	0.00671	0.00537	0.00470	0.00134	0.00939	0.00335	0.00268	0.00604
9	0.00805	0.00580	0.00787	0.00892	0.01005	0.00571	0.00758	0.01016	0.01165	0.01507	0.02910	0.10552	0.08843	0.05108	0.00796	0.00245	0.00452	0.61069	0.00473	0.00465
10	0.02203	0.00937	0.01353	0.01032	0.01439	0.00832	0.06678	0.02481	0.04925	0.69312	0.01979	0.01752	0.01264	0.00631	0.00531	0.00163	0.00476	0.00534	0.00610	0.00869
11	0.01080	0.00926	0.01080	0.00771	0.01234	0.00694	0.00617	0.01311	0.01080	0.01697	0.00926	0.01080	0.00771	0.00386	0.00386	0.00077	0.00386	0.00309	0.00309	0.84882
12	0.13224	0.01799	0.01360	0.01164	0.01482	0.38825	0.00911	0.17675	0.03510	0.11657	0.01076	0.01127	0.00803	0.00575	0.00500	0.00149	0.02695	0.00389	0.00382	0.00698
13	0.85377	0.01007	0.00765	0.00685	0.01007	0.01168	0.00564	0.01531	0.00886	0.02336	0.00725	0.00846	0.00564	0.00483	0.00322	0.00161	0.00403	0.00282	0.00322	0.00564
14	0.02050	0.00989	0.01309	0.01022	0.01402	0.00940	0.04212	0.14653	0.06117	0.52951	0.03140	0.05945	0.01390	0.00695	0.00537	0.00165	0.00472	0.00580	0.00590	0.00843
15	0.01905	0.02357	0.01471	0.01325	0.01595	0.71544	0.01002	0.05367	0.04332	0.01396	0.00871	0.00995	0.00715	0.00555	0.00501	0.00139	0.02665	0.00353	0.00288	0.00624
16	0.01295	0.01119	0.01178	0.01060	0.01354	0.01295	0.00824	0.02767	0.77509	0.02178	0.02120	0.01943	0.01590	0.00707	0.00530	0.00177	0.00412	0.00589	0.00530	0.00824
17	0.00634	0.00453	0.00604	0.00725	0.00755	0.00423	0.00483	0.00725	0.00997	0.01329	0.02870	0.81358	0.03444	0.01632	0.00665	0.00211	0.00302	0.01480	0.00483	0.00423
18	0.00634	0.00455	0.00602	0.00720	0.00754	0.00423	0.00481	0.00726	0.01002	0.01331	0.02931	0.79446	0.05318	0.01624	0.00663	0.00211	0.00301	0.01471	0.00483	0.00423
19	0.00755	0.00514	0.00615	0.00615	0.00631	0.00530	0.00374	0.00787	0.00771	0.01045	0.01598	0.03170	0.01790	0.68112	0.16095	0.00563	0.00660	0.00722	0.00309	0.00342
20	0.00797	0.00616	0.00702	0.00704	0.00850	0.00599	0.00520	0.04602	0.09805	0.01680	0.14347	0.26946	0.28657	0.01250	0.00609	0.00183	0.00308	0.02684	0.03633	0.00509
21	0.02246	0.00914	0.01204	0.00928	0.01319	0.00820	0.00765	0.08399	0.01549	0.69270	0.01974	0.01739	0.01259	0.00641	0.00516	0.00159	0.00444	0.00518	0.04469	0.00868
22	0.01393	0.00821	0.00883	0.00750	0.00988	0.00861	0.00596	0.22302	0.04996	0.09559	0.01627	0.01734	0.01218	0.00620	0.00430	0.00137	0.00361	0.00489	0.49583	0.00649
23	0.01142	0.02144	0.47581	0.01701	0.02354	0.01248	0.27636	0.05028	0.01203	0.01723	0.01032	0.02940	0.00775	0.00506	0.00541	0.00169	0.00788	0.00492	0.00254	0.00744
24	0.03598	0.00930	0.01038	0.00937	0.01175	0.04087	0.00753	0.18852	0.07673	0.11019	0.12572	0.12110	0.03833	0.00985	0.00583	0.00182	0.00445	0.15978	0.02600	0.00650
25	0.81565	0.01074	0.00798	0.00715	0.01035	0.04751	0.00584	0.01556	0.00913	0.02288	0.00729	0.00850	0.00569	0.00486	0.00329	0.00160	0.00427	0.00284	0.00320	0.00566
26	0.01338	0.01271	0.01584	0.07095	0.09746	0.13099	0.07304	0.08230	0.01184	0.05052	0.01032	0.01395	0.00876	0.03004	0.11589	0.00275	0.22906	0.00478	0.01908	0.00634
27	0.01179	0.03364	0.24861	0.12611	0.40883	0.01239	0.01625	0.01631	0.04607	0.01649	0.01005	0.01266	0.00790	0.00491	0.00507	0.00160	0.00663	0.00442	0.00255	0.00773
28	0.03184	0.35128	0.16358	0.06399	0.08214	0.03280	0.02844	0.13672	0.01319	0.01738	0.02831	0.01116	0.00823	0.00508	0.00437	0.00140	0.00617	0.00382	0.00287	0.00722
29	0.00743	0.00589	0.00610	0.00613	0.00785	0.02313	0.00467	0.00883	0.01193	0.04926	0.04638	0.11162	0.61117	0.01305	0.00620	0.00182	0.00307	0.06597	0.00486	0.00465
30	0.00911	0.00643	0.00791	0.00733	0.00898	0.00630	0.00556	0.01337	0.13508	0.06637	0.54807	0.07006	0.07452	0.01020	0.00598	0.00168	0.00287	0.00892	0.00562	0.00562
31	0.01300	0.01332	0.05422	0.19391	0.32980	0.07709	0.10308	0.01671	0.04663	0.05086	0.01048	0.01332	0.00822	0.00520	0.00577	0.00165	0.04191	0.00475	0.00281	0.00728
32	0.00842	0.00599	0.00836	0.09826	0.01182	0.00604	0.02193	0.01024	0.02430	0.06200	0.05851	0.45437	0.09425	0.01280	0.00643	0.00195	0.02263	0.04417	0.04259	0.00495
33	0.00634	0.00453	0.00604	0.00725	0.00755	0.00423	0.00483	0.00725	0.00997	0.01329	0.02870	0.81358	0.03444	0.01632	0.00665	0.00211	0.00302	0.01480	0.00483	0.00423
34	0.00641	0.00460	0.00608	0.00715	0.00756	0.00428	0.00482	0.00743	0.01034	0.01382	0.07976	0.74236	0.05436	0.01586	0.00660	0.00207	0.00297	0.01435	0.00489	0.00428
35	0.01359	0.53068	0.23531	0.01082	0.01615	0.01723	0.02694	0.01653	0.01103	0.06687	0.00880	0.00984	0.00711	0.00473	0.00397	0.00131	0.00614	0.00331	0.00252	0.00712
36	0.01657	0.01167	0.01343	0.01127	0.01334	0.10786	0.00912	0.06875	0.01231	0.27872	0.01301	0.01503	0.01001	0.04200	0.07486	0.00250	0.28381	0.00485	0.00403	0.00685
37	0.75167	0.03501	0.02708	0.00811	0.03931	0.02456	0.00648	0.01541	0.00920	0.02240	0.00755	0.00886	0.00592	0.00484	0.00337	0.00158	0.00430	0.00295	0.01557	0.00581
38	0.02299	0.00903	0.01214	0.00933	0.01332	0.00793	0.00770	0.05311	0.01526	0.74824	0.03154	0.01784	0.01328	0.00650	0.00525	0.00161	0.00445	0.00528	0.00639	0.00880
39	0.01404	0.80334	0.02702	0.00901	0.01342	0.03697	0.00893	0.01570	0.01067	0.01226	0.00726	0.00838	0.00668	0.00447	0.00337	0.00112	0.00565	0.00280	0.00224	0.00667
40	0.60902	0.00856	0.00684	0.00627	0.00891	0.00970	0.00506	0.01439	0.00946	0.02222	0.01007	0.01164	0.00787	0.00519	0.00334	0.00150	0.00356	0.00341	0.24757	0.00541
41	0.01009	0.00944	0.01551	0.74081	0.05047	0.01167	0.01413	0.01422	0.05592	0.01389	0.00998	0.01419	0.00750	0.00531	0.00521	0.00173	0.00676	0.00470	0.00250	0.00598
42	0.01287	0.00813	0.00943	0.00816	0.01070	0.00810	0.00653	0.17896	0.03164	0.15806	0.04549	0.04400	0.26770	0.01284	0.09286	0.00242	0.00501	0.04092	0.04982	0.00635
43	0.01139	0.01139	0.01595	0.01367	0.01367	0.01595	0.01139	0.01253	0.00798	0.01253	0.00684	0.01139	0.00684	0.00911	0.01709	0.00228	0.80745	0.00456	0.00228	0.00570
44	0.01390	0.00987	0.01245	0.00919	0.01361	0.00833	0.04717	0.06159	0.05927	0.16237	0.01236	0.01290	0.00926	0.00471	0.00441	0.00109	0.00435	0.00392	0.00395	0.54531
45	0.00728	0.00533	0.00684	0.00650	0.00778	0.00489	0.00490	0.00964	0.01442	0.02015	0.69972	0.04034	0.11499	0.01096	0.00617	0.00167	0.00252	0.02541	0.00563	0.00486
46	0.01295	0.01119	0.01178	0.01060	0.01354	0.01295	0.00824	0.02767	0.77509	0.02178	0.02120	0.01943	0.01590	0.00707	0.00530	0.00177	0.00412	0.00589	0.00530	0.00824
47	0.01259	0.01233	0.01977	0.18157	0.60398	0.04763	0.01542	0.01568	0.01171	0.01610	0.00961	0.01292	0.00792	0.00478	0.00514	0.00157	0.00648	0.00458	0.00253	0.00767
48	0.00765	0.00589	0.00877	0.00865	0.00953	0.00701	0.00677	0.00947	0.00835	0.01211	0.01357	0.01998	0.01269	0.03747	0.75492	0.00805	0.05614	0.00553	0.00276	0.00471
49	0.05516	0.01200	0.01263	0.01003	0.01343	0.01320	0.00819	0.53815	0.03663	0.02898	0.01351	0.01411	0.00993	0.00616	0.00475	0.00149	0.00484	0.00467	0.20441	0.00775
50	0.01080	0.00926	0.01080	0.00771	0.01234	0.00694	0.00617	0.01311	0.01080	0.01697	0.00926	0.01080	0.00771	0.00386	0.00386	0.00077	0.00386	0.00309	0.00309	0.84882
51	0.00634	0.00453	0.00604	0.00725	0.00755	0.00423	0.00483	0.00725	0.00997	0.01329	0.02870	0.81358	0.03444	0.01632	0.00665	0.00211	0.00302	0.01480	0.00483	0.00423
52	0.00765	0.00589	0.00877	0.00865	0.00953	0.00701	0.00677	0.00947	0.00835	0.01211	0.01357	0.01998	0.01269	0.03747	0.75492	0.00805	0.05614	0.00553	0.00276	0.00471
53	0.00915	0.00630	0.00683	0.00633	0.00849	0.00562	0.00487	0.01179	0.08065	0.12111	0.06118	0.04269	0.59244	0.01166	0.00595	0.00174	0.00301	0.00971	0.00512	0.00536
54	0.02261	0.00899	0.01205	0.00929	0.01322	0.00794	0.00765	0.05832	0.01533	0.72543	0.04850	0.01828	0.01406	0.00659	0.00527	0.00161	0.00442	0.00537	0.00636	0.00872
55	0.01003	0.00567	0.00625	0.00590	0.00738	0.00565	0.00449	0.02950	0.05294	0.04880	0.20706	0.02404	0.02225	0.00727	0.00444	0.00137	0.00267	0.00605	0.54293	0.00529
56	0.00858	0.00723	0.01055	0.00973	0.01048	0.00890	0.02419	0.01023	0.00880	0.01286	0.07205	0.02030	0.01450	0.08053	0.46194	0.00588	0.21967	0.00576	0.00291	0.00490
57	0.01544	0.01737	0.01625	0.01635	0.13807	0.35420	0.02786	0.05730	0.01255	0.01451	0.00853	0.01126	0.00740	0.00778	0.04201	0.00196	0.23794	0.00413	0.00269	0.00641
58	0.82853	0.01019	0.00835	0.00730	0.01059	0.01173	0.02843	0.01535	0.00897	0.02316	0.00735	0.00863	0.00571	0.00482	0.00331	0.00162	0.00417	0.00292	0.00321	0.00568
59	0.01144	0.01101	0.01744	0.10884	0.27190	0.01318	0.04595	0.01372	0.00984	0.01447	0.00904	0.01314	0.00797	0.00890	0.06325	0.00233	0.33859	0.00474	0.02774	0.00652
60	0.00942	0.00787	0.01146	0.07232	0.18627	0.00825	0.00874	0.03889	0.06467	0.01636	0.13335	0.23912	0.03786	0.03345	0.08946	0.00257	0.02155	0.00853	0.00401	0.00585
61	0.06005	0.25605	0.34351	0.01310	0.04887	0.12941	0.03148	0.01668	0.01137	0.01518	0.00863	0.01018	0.00683	0.00486	0.00435	0.00143	0.00697	0.00352	0.02053	0.00699
62	0.00661	0.00527	0.00566	0.00556	0.00717	0.00454	0.00417	0.00825	0.01251	0.01594	0.22510	0.04604	0.57226	0.01226	0.00604	0.00170	0.00258	0.01034	0.04347	0.00454
63	0.01255	0.00689	0.00885	0.00769	0.00985	0.00647	0.00596	0.01594	0.08583	0.24362	0.46064	0.03074	0.03436	0.03909	0.00656	0.00177	0.00328	0.00780	0.00580	0.00631
64	0.01210	0.11580	0.43813	0.06628	0.18371	0.01302	0.01633	0.03154	0.01154	0.05047	0.00975	0.01159	0.00730	0.00493	0.00484	0.00157	0.00689	0.00402	0.00254	0.00765
65	0.00710	0.00534	0.00690	0.00798	0.02305	0.00509	0.00571	0.00897	0.04077	0.01441	0.04909	0.49772	0.14207	0.01478	0.00658	0.00208	0.00338	0.14953	0.00482	0.00461
66	0.00662	0.00473	0.00636	0.00757	0.00800	0.00447	0.00532	0.00773	0.01025	0.01361	0.02855	0.71045	0.03383	0.01605	0.00672	0.00215	0.00326	0.11518	0.00483	0.00431
67	0.00634	0.00453	0.00604	0.00725	0.00755	0.00423	0.00483	0.00725	0.00997	0.01329	0.02870	0.81358	0.03444	0.01632	0.00665	0.00211	0.00302	0.01480	0.00483	0.00423
68	0.03241	0.05871	0.13099	0.20960	0.25577	0.03161	0.06329	0.02874	0.01140	0.01569	0.01216	0.08815	0.02698	0.00613	0.00520	0.00165	0.00637	0.00553	0.00277	0.00683
69	0.01188	0.01189	0.01798	0.24918	0.27652	0.05843	0.04424	0.01450	0.01054	0.01442	0.00885	0.01275	0.00747	0.00657	0.02101	0.00190	0.21818	0.00462	0.00243	0.00663
70	0.00766	0.00519	0.00590	0.00585	0.00585	0.00529	0.00333	0.00768	0.00758	0.01015	0.01620	0.03359	0.01867	0.79943	0.02630	0.00499	0.02248	0.00751	0.00314	0.00321
71	0.01080	0.00926	0.01080	0.00771	0.01234	0.00694	0.00617	0.01311	0.01080	0.01697	0.00926	0.01080	0.00771	0.00386	0.00386	0.00077	0.00386	0.00309	0.00309	0.84882
72	0.02585	0.11769	0.44139	0.01809	0.21502	0.02555	0.01627	0.01671	0.01137	0.05141	0.00966	0.01140	0.00730	0.00488	0.00479	0.00155	0.00687	0.00396	0.00252	0.00771
73	0.00884	0.00749	0.01348	0.01160	0.01352	0.00698	0.22555	0.01081	0.01087	0.04949	0.02306	0.54558	0.02577	0.01241	0.00644	0.00199	0.00476	0.01186	0.00427	0.00525
74	0.00820	0.00557	0.00684	0.00637	0.00797	0.00496	0.00483	0.01028	0.01389	0.07603	0.50550	0.04070	0.26722	0.01110	0.00608	0.00167	0.00266	0.00958	0.00552	0.00505
75	0.01275	0.01446	0.02798	0.05016	0.04241	0.06828	0.63404	0.01733	0.04686	0.01652	0.01078	0.01393	0.00815	0.00462	0.00595	0.00172	0.00849	0.00585	0.00274	0.00699
76	0.01355	0.01378	0.04431	0.01841	0.02302	0.01331	0.51210	0.15401	0.02642	0.03435	0.01206	0.02680	0.02023	0.01838	0.00675	0.00180	0.04428	0.00595	0.00327	0.00723
77	0.01002	0.00887	0.04565	0.00941	0.01128	0.00873	0.02499	0.06883	0.07410	0.01653	0.05710	0.25496	0.01915	0.03254	0.00858	0.04053	0.13013	0.00790	0.05124	0.11947
78	0.01295	0.01119	0.01178	0.01060	0.01354	0.01295	0.00824	0.02767	0.77509	0.02178	0.02120	0.01943	0.01590	0.00707	0.00530	0.00177	0.00412	0.00589	0.00530	0.00824
79	0.00737	0.00532	0.00696	0.00655	0.00778	0.00491	0.00491	0.00983	0.01474	0.02088	0.78175	0.03890	0.04914	0.01065	0.00614	0.00164	0.00246	0.00942	0.00573	0.00491
80	0.01045	0.02694	0.79000	0.01484	0.02254	0.01209	0.01924	0.01649	0.01099	0.01649	0.00935	0.01099	0.00660	0.00495	0.00495	0.00165	0.00770	0.00385	0.00220	0.00770
81	0.01132	0.01078	0.01831	0.42792	0.40078	0.01196	0.01520	0.01461	0.01112	0.01511	0.00952	0.01340	0.00758	0.00493	0.00518	0.00164	0.00657	0.00463	0.00244	0.00699
82	0.00905	0.00452	0.00678	0.00678	0.00678	0.00452	0.00452	0.00678	0.00678	0.00905	0.00905	0.01583	0.00905	0.01809	0.02035	0.84848	0.00452	0.00452	0.00226	0.00226
83	0.00634	0.00453	0.00604	0.00725	0.00755	0.00423	0.00483	0.00725	0.00997	0.01329	0.02870	0.81358	0.03444	0.01632	0.00665	0.00211	0.00302	0.01480	0.00483	0.00423
84	0.01080	0.00926	0.01080	0.00771	0.01234	0.00694	0.00617	0.01311	0.01080	0.01697	0.00926	0.01080	0.00771	0.00386	0.00386	0.00077	0.00386	0.00309	0.00309	0.84882
85	0.00633	0.00510	0.00553	0.00578	0.00709	0.00442	0.00413	0.00752	0.01129	0.01390	0.07314	0.21537	0.54172	0.06557	0.00757	0.00204	0.00287	0.01154	0.00476	0.00430
86	0.01139	0.01139	0.01595	0.01367	0.01367	0.01595	0.01139	0.01253	0.00798	0.01253	0.00684	0.01139	0.00684	0.00911	0.01709	0.00228	0.80745	0.00456	0.00228	0.00570
87	0.02309	0.00880	0.01200	0.00922	0.01320	0.00761	0.00761	0.02511	0.01490	0.77485	0.03369	0.01809	0.01352	0.00652	0.00525	0.00161	0.00440	0.00531	0.00643	0.00879
88	0.02140	0.00841	0.01115	0.00870	0.01234	0.00743	0.00714	0.03773	0.01453	0.66666	0.01990	0.01786	0.01288	0.00639	0.00501	0.00156	0.00418	0.00517	0.12326	0.00830
89	0.01310	0.00658	0.00743	0.00660	0.00866	0.00651	0.00515	0.03545	0.08429	0.18522	0.05259	0.01976	0.01499	0.00645	0.00429	0.00138	0.00310	0.00524	0.52707	0.00614
90	0.00615	0.00528	0.00528	0.00528	0.00703	0.00440	0.00396	0.00747	0.01187	0.01407	0.05276	0.05012	0.78238	0.01319	0.00615	0.00176	0.00264	0.01099	0.00484	0.00440
91	0.09548	0.02348	0.01411	0.01282	0.01555	0.72459	0.00966	0.02029	0.01422	0.01371	0.00798	0.00931	0.00661	0.00532	0.00456	0.00137	0.00890	0.00331	0.00273	0.00600
92	0.79412	0.01101	0.02780	0.00733	0.01066	0.03529	0.00618	0.02746	0.00934	0.02302	0.00741	0.00862	0.00575	0.00488	0.00334	0.00160	0.00431	0.00289	0.00321	0.00575
93	0.01231	0.01260	0.01584	0.01360	0.01395	0.08024	0.01124	0.03585	0.00903	0.01316	0.00711	0.01126	0.00689	0.00872	0.01571	0.00218	0.71765	0.00446	0.00240	0.00582
94	0.00894	0.00722	0.00861	0.00793	0.00935	0.02693	0.00621	0.04563	0.01216	0.01691	0.22928	0.04769	0.17368	0.02516	0.09850	0.00253	0.11161	0.04111	0.07713	0.04340
95	0.04694	0.04745	0.02912	0.01268	0.09088	0.08143	0.05961	0.11082	0.01407	0.24114	0.01519	0.11201	0.01248	0.00677	0.00510	0.00154	0.00537	0.00573	0.00437	0.09730
96	0.00710	0.00529	0.00651	0.00650	0.00769	0.00487	0.00476	0.00932	0.03236	0.01795	0.44578	0.19844	0.19296	0.01214	0.00618	0.00175	0.00265	0.01065	0.02233	0.00475
97	0.00730	0.00521	0.00664	0.00707	0.00812	0.00479	0.00528	0.00896	0.01209	0.03402	0.24707	0.32254	0.17703	0.01361	0.00646	0.00194	0.00308	0.11903	0.00512	0.00465
98	0.01142	0.22340	0.56503	0.01318	0.01985	0.01425	0.01617	0.01678	0.04562	0.01568	0.00936	0.01072	0.00704	0.00492	0.00456	0.00152	0.00701	0.00368	0.00235	0.00747
99	0.00882	0.00599	0.00786	0.00812	0.00924	0.00583	0.02324	0.02267	0.08996	0.08027	0.03677	0.60157	0.05128	0.01393	0.00633	0.00200	0.00341	0.01254	0.00498	0.00519
100	0.00634	0.00457	0.00601	0.00716	0.00753	0.00424	0.00479	0.00726	0.01006	0.01333	0.02979	0.77908	0.06824	0.01617	0.00662	0.00210	0.00300	0.01463	0.00483	0.00424
101	0.00651	0.00476	0.00592	0.00677	0.00731	0.00440	0.00456	0.00741	0.01007	0.01310	0.03148	0.56708	0.16527	0.11143	0.00895	0.00241	0.00324	0.03056	0.00463	0.00414
102	0.04513	0.01524	0.05331	0.09134	0.40249	0.18143	0.03144	0.02896	0.01215	0.01590	0.00926	0.01208	0.00766	0.00588	0.02304	0.00172	0.04884	0.00431	0.00262	0.00720
103	0.00804	0.00598	0.00711	0.00693	0.00717	0.02196	0.00454	0.00853	0.00791	0.01072	0.01509	0.02927	0.01666	0.58720	0.18240	0.00546	0.06145	0.00688	0.00301	0.00369
104	0.01251	0.07530	0.25695	0.01363	0.07753	0.02668	0.06538	0.11354	0.03212	0.01865	0.02579	0.01206	0.00853	0.00490	0.00470	0.00136	0.00603	0.00405	0.00305	0.23724
105	0.00744	0.00558	0.00837	0.00837	0.00930	0.00651	0.00651	0.00930	0.00837	0.01209	0.01395	0.02046	0.01302	0.03906	0.79635	0.00837	0.01395	0.00558	0.00279	0.00465
106	0.01072	0.00916	0.01071	0.00769	0.01223	0.00689	0.00614	0.01303	0.01089	0.01706	0.02772	0.01147	0.00870	0.00402	0.00391	0.00079	0.00382	0.00324	0.00315	0.82865
107	0.01243	0.11328	0.15661	0.01591	0.04350	0.01309	0.30872	0.06776	0.06395	0.01753	0.01099	0.02966	0.00868	0.00500	0.00517	0.00153	0.00687	0.00498	0.00297	0.11136
108	0.01245	0.05724	0.13610	0.03083	0.03148	0.14537	0.04079	0.03348	0.02373	0.01404	0.00908	0.01245	0.00791	0.01128	0.11908	0.00273	0.29883	0.00439	0.00255	0.00620
109	0.00713	0.00533	0.00661	0.00707	0.00798	0.00509	0.00504	0.00936	0.06013	0.01568	0.20785	0.40949	0.13575	0.05046	0.00731	0.00208	0.00308	0.04493	0.00500	0.00464
110	0.00747	0.00561	0.00837	0.00865	0.00959	0.00586	0.03572	0.00920	0.00975	0.01344	0.02130	0.29852	0.02310	0.02494	0.34134	0.00478	0.00817	0.13767	0.02189	0.00463
111	0.03252	0.01145	0.01853	0.12584	0.02086	0.01195	0.27092	0.14429	0.12428	0.01976	0.05116	0.03692	0.06051	0.00676	0.00572	0.00175	0.00624	0.03979	0.00385	0.00688
112	0.01249	0.01142	0.01550	0.22960	0.24144	0.04745	0.01207	0.06527	0.21609	0.01832	0.04956	0.01609	0.01196	0.00589	0.00520	0.00164	0.00570	0.00515	0.02187	0.00729
113	0.00775	0.00545	0.00755	0.00754	0.00823	0.00601	0.00547	0.00902	0.00832	0.02664	0.01536	0.05397	0.01558	0.26932	0.52223	0.00702	0.01071	0.00651	0.00305	0.00427
114	0.01060	0.00949	0.01504	0.44826	0.19504	0.01082	0.01272	0.03274	0.04615	0.01582	0.05134	0.01715	0.04528	0.00588	0.00518	0.00165	0.00589	0.00523	0.05936	0.00635

[dist]
# distance from previous block
# <min> <max>
0	3

[block]
# block no. 2 follows, 47 sequences, length 51
# corresponding to MSA columns:
# 574-624
name=unknown_C
#
# <colnr> <probs for GDERKNQSTAVLIFYWHMCP>
#	G	D	E	R	K	N	Q	S	T	A	V	L	I	F	Y	W	H	M	C	P
0	0.70123	0.05064	0.09627	0.00795	0.01176	0.01225	0.00741	0.03187	0.00952	0.02227	0.00760	0.00883	0.00587	0.00486	0.00346	0.00159	0.00455	0.00297	0.00310	0.00599
1	0.01146	0.05612	0.44432	0.01642	0.06164	0.05972	0.18652	0.01623	0.01174	0.01631	0.04712	0.01369	0.02454	0.00525	0.00523	0.00163	0.00752	0.00474	0.00257	0.00723
2	0.00836	0.00486	0.00659	0.00668	0.00687	0.00489	0.00438	0.00761	0.02461	0.01027	0.01444	0.10243	0.03526	0.20652	0.05278	0.48620	0.00484	0.00654	0.00289	0.00297
3	0.01060	0.02586	0.72665	0.01544	0.02293	0.01218	0.08151	0.01651	0.01110	0.01651	0.00944	0.01125	0.00671	0.00490	0.00505	0.00166	0.00779	0.00404	0.00224	0.00764
4	0.00791	0.00524	0.00770	0.00770	0.00829	0.00582	0.00567	0.00844	0.00785	0.01106	0.01276	0.02027	0.01238	0.09728	0.51231	0.24683	0.01054	0.00544	0.00267	0.00385
5	0.01033	0.08227	0.32227	0.22432	0.04606	0.01160	0.01401	0.02935	0.02735	0.01483	0.01077	0.02892	0.00898	0.06769	0.07762	0.00249	0.00744	0.00468	0.00254	0.00649
6	0.00738	0.00526	0.00713	0.00823	0.00895	0.00511	0.00639	0.00897	0.01091	0.01440	0.04903	0.40266	0.03199	0.05713	0.00792	0.00239	0.00393	0.35300	0.00475	0.00445
7	0.01173	0.00914	0.01081	0.00781	0.01231	0.00695	0.00626	0.01402	0.01122	0.07874	0.02767	0.01199	0.00907	0.00422	0.00402	0.00086	0.00387	0.00340	0.00341	0.76251
8	0.00757	0.00505	0.00568	0.00568	0.00568	0.00505	0.00316	0.00757	0.00757	0.01010	0.01641	0.03408	0.01893	0.81698	0.02651	0.00505	0.00505	0.00757	0.00316	0.00316
9	0.01392	0.82012	0.02729	0.00891	0.01337	0.02061	0.00891	0.01559	0.01058	0.01225	0.00724	0.00835	0.00668	0.00446	0.00334	0.00111	0.00557	0.00278	0.00223	0.00668
10	0.00850	0.00637	0.00728	0.00638	0.00877	0.00526	0.00490	0.01029	0.01233	0.06367	0.18559	0.06166	0.39242	0.01029	0.00560	0.00152	0.00300	0.00869	0.00472	0.19278
11	0.01945	0.02482	0.01476	0.01342	0.01610	0.79608	0.01006	0.02079	0.01476	0.01275	0.00805	0.00939	0.00671	0.00537	0.00470	0.00134	0.00939	0.00335	0.00268	0.00604
12	0.04541	0.01184	0.11336	0.01037	0.01403	0.01021	0.00931	0.06890	0.21503	0.28357	0.01823	0.02048	0.01383	0.04373	0.02283	0.00202	0.02113	0.06305	0.00496	0.00771
13	0.01178	0.01247	0.02466	0.20969	0.17361	0.01276	0.41071	0.01556	0.01157	0.01576	0.00993	0.01367	0.00769	0.00484	0.00621	0.00173	0.04248	0.00543	0.00253	0.00691
14	0.01392	0.82012	0.02729	0.00891	0.01337	0.02061	0.00891	0.01559	0.01058	0.01225	0.00724	0.00835	0.00668	0.00446	0.00334	0.00111	0.00557	0.00278	0.00223	0.00668
15	0.01144	0.00622	0.00823	0.00722	0.00913	0.00561	0.00556	0.01372	0.01460	0.21569	0.56815	0.03339	0.03913	0.03069	0.00645	0.00172	0.00303	0.00831	0.00585	0.00587
16	0.01416	0.01212	0.01227	0.01082	0.01389	0.05397	0.00846	0.08967	0.65078	0.04365	0.01976	0.01827	0.01474	0.00689	0.00526	0.00172	0.00454	0.00564	0.00519	0.00820
17	0.74370	0.05129	0.03019	0.00736	0.01081	0.01212	0.00633	0.03291	0.00955	0.04665	0.00784	0.00890	0.00602	0.00490	0.00338	0.00159	0.00426	0.00296	0.00329	0.00592
18	0.01229	0.01405	0.03073	0.02195	0.02722	0.01317	0.76558	0.01668	0.01229	0.01668	0.01054	0.01405	0.00790	0.00439	0.00615	0.00176	0.00878	0.00615	0.00263	0.00702
19	0.01606	0.01707	0.01359	0.01207	0.01481	0.33487	0.00933	0.08298	0.35164	0.01834	0.01414	0.01422	0.01096	0.00644	0.00583	0.00161	0.06014	0.00466	0.00402	0.00722
20	0.02500	0.00789	0.00934	0.00783	0.01048	0.00744	0.00619	0.13718	0.01530	0.18274	0.25761	0.04826	0.19040	0.00920	0.00562	0.00160	0.00358	0.00772	0.00537	0.06124
21	0.00637	0.00461	0.00602	0.00710	0.00753	0.00426	0.00478	0.00735	0.01025	0.01359	0.05446	0.73897	0.08363	0.01593	0.00660	0.00208	0.00298	0.01438	0.00486	0.00426
22	0.00744	0.00558	0.00837	0.00837	0.00930	0.00651	0.00651	0.00930	0.00837	0.01209	0.01395	0.02046	0.01302	0.03906	0.79635	0.00837	0.01395	0.00558	0.00279	0.00465
23	0.00674	0.00538	0.00650	0.00642	0.00785	0.00475	0.01972	0.00844	0.01248	0.01613	0.27059	0.15950	0.40950	0.01273	0.00625	0.00179	0.00283	0.03272	0.00506	0.00459
24	0.04518	0.01048	0.01288	0.00993	0.01391	0.01017	0.00819	0.24013	0.01751	0.53069	0.03446	0.01641	0.01231	0.00644	0.00519	0.00160	0.00475	0.00510	0.00598	0.00868
25	0.01658	0.01108	0.01187	0.00948	0.01265	0.01200	0.00771	0.48223	0.01953	0.06133	0.01435	0.01504	0.01053	0.00620	0.00469	0.00145	0.00457	0.00477	0.28642	0.00752
26	0.00806	0.00603	0.00720	0.00763	0.00877	0.01771	0.00568	0.01064	0.07972	0.03590	0.08144	0.33750	0.16348	0.05752	0.02327	0.00229	0.00377	0.13369	0.00481	0.00486
27	0.00637	0.00456	0.00607	0.00723	0.00756	0.00425	0.00484	0.00733	0.01011	0.01352	0.05087	0.79078	0.03488	0.01615	0.00663	0.00210	0.00300	0.01465	0.00486	0.00425
28	0.82686	0.03602	0.00828	0.00691	0.01018	0.01197	0.00574	0.01532	0.00892	0.02301	0.00725	0.00846	0.00567	0.00482	0.00323	0.00160	0.00408	0.00282	0.00319	0.00567
29	0.01923	0.02434	0.01465	0.01332	0.01601	0.76858	0.01000	0.02104	0.04145	0.01306	0.00851	0.00974	0.00703	0.00543	0.00472	0.00136	0.00921	0.00344	0.00278	0.00611
30	0.01191	0.00970	0.01494	0.04829	0.29744	0.00965	0.05247	0.05227	0.02710	0.08575	0.09601	0.03420	0.13476	0.00905	0.04989	0.00200	0.02391	0.00644	0.00382	0.03039
31	0.01371	0.01194	0.01999	0.07166	0.46378	0.01187	0.10999	0.07473	0.01309	0.07763	0.03492	0.01415	0.00978	0.00506	0.00527	0.00156	0.00617	0.00496	0.00319	0.04656
32	0.00688	0.00503	0.00615	0.00682	0.00779	0.00462	0.00502	0.00833	0.01120	0.01479	0.08817	0.38135	0.24518	0.01407	0.00635	0.00196	0.00309	0.11763	0.06114	0.00445
33	0.00714	0.00524	0.00669	0.00649	0.00768	0.00479	0.00480	0.00931	0.01394	0.01938	0.62707	0.12049	0.12458	0.01150	0.00620	0.00170	0.00253	0.01014	0.00555	0.00479
34	0.04917	0.29735	0.39006	0.01224	0.01791	0.07791	0.01391	0.03340	0.01127	0.01528	0.00842	0.00990	0.00665	0.00497	0.00470	0.00146	0.03252	0.00344	0.00236	0.00709
35	0.00935	0.00602	0.00758	0.00763	0.00901	0.00576	0.00564	0.01220	0.08855	0.10922	0.17847	0.37343	0.10254	0.01268	0.00622	0.00191	0.00325	0.04992	0.00525	0.00537
36	0.00647	0.00476	0.00606	0.00705	0.00764	0.00439	0.00489	0.00752	0.01037	0.01351	0.03232	0.62527	0.15575	0.03080	0.00698	0.00213	0.00311	0.06189	0.00480	0.00427
37	0.00637	0.00455	0.00607	0.00723	0.00756	0.00425	0.00484	0.00732	0.01009	0.01348	0.04746	0.79428	0.03481	0.01617	0.00663	0.00210	0.00301	0.01467	0.00486	0.00425
38	0.14674	0.01429	0.05720	0.05471	0.39700	0.12120	0.01281	0.06521	0.01240	0.01824	0.00941	0.01176	0.00762	0.00505	0.00500	0.00155	0.02347	0.00414	0.02491	0.00729
39	0.00805	0.00525	0.00720	0.00714	0.00746	0.00569	0.00493	0.00808	0.00764	0.01056	0.01321	0.02356	0.01375	0.29793	0.29258	0.24581	0.02901	0.00593	0.00275	0.00349
40	0.01182	0.01143	0.01968	0.28644	0.42741	0.01221	0.08259	0.01577	0.05133	0.01600	0.01028	0.01367	0.00818	0.00493	0.00527	0.00164	0.00656	0.00484	0.00264	0.00732
41	0.00725	0.00527	0.00683	0.00654	0.00773	0.00485	0.00486	0.00956	0.01431	0.02010	0.70161	0.08708	0.08225	0.01111	0.00617	0.00167	0.00250	0.00982	0.00564	0.00485
42	0.01275	0.01248	0.02021	0.06913	0.61941	0.03848	0.04131	0.01573	0.01167	0.01647	0.00958	0.01269	0.00803	0.00484	0.00563	0.00155	0.04105	0.00456	0.00258	0.05185
43	0.01908	0.00821	0.01045	0.00836	0.01161	0.00754	0.00679	0.06493	0.03522	0.51677	0.05913	0.01894	0.01473	0.00659	0.00494	0.00153	0.00396	0.00536	0.18808	0.00777
44	0.01035	0.00902	0.01280	0.29019	0.05776	0.01019	0.03628	0.03984	0.19217	0.01715	0.13092	0.02231	0.05595	0.06627	0.02495	0.00211	0.00540	0.00626	0.00385	0.00621
45	0.01201	0.01140	0.01701	0.38432	0.28779	0.04532	0.01390	0.04271	0.10271	0.01625	0.01093	0.01397	0.00851	0.00528	0.00518	0.00165	0.00641	0.00473	0.00288	0.00704
46	0.00853	0.00727	0.00846	0.00864	0.04972	0.00741	0.00623	0.01307	0.17792	0.01689	0.15217	0.03767	0.38371	0.01134	0.02088	0.00190	0.04230	0.03552	0.00479	0.00560
47	0.05663	0.01214	0.02919	0.07000	0.33015	0.09182	0.04740	0.05969	0.03382	0.01768	0.02620	0.06472	0.02799	0.00628	0.00509	0.00159	0.00579	0.02267	0.08423	0.00690
48	0.11753	0.05099	0.25734	0.01257	0.05861	0.02158	0.04320	0.03009	0.06792	0.08804	0.05993	0.08541	0.01306	0.00677	0.00564	0.00168	0.04921	0.00544	0.00352	0.02147
49	0.03219	0.32108	0.21009	0.01198	0.03453	0.05644	0.06238	0.06267	0.01235	0.05959	0.05223	0.02916	0.02323	0.00558	0.00453	0.00144	0.00617	0.00435	0.00301	0.00701
50	0.03207	0.33870	0.15737	0.01236	0.06711	0.05181	0.01129	0.15387	0.01333	0.01746	0.01037	0.03603	0.02385	0.00573	0.00503	0.00145	0.04795	0.00411	0.00297	0.00714

[dist]
# distance from previous block
# <min> <max>
3	28

[block]
# block no. 3 follows, 47 sequences, length 6
# corresponding to MSA columns:
# 666-671
name=unknown_D
#
# <colnr> <probs for GDERKNQSTAVLIFYWHMCP>
#	G	D	E	R	K	N	Q	S	T	A	V	L	I	F	Y	W	H	M	C	P
0	0.01421	0.03759	0.11826	0.01471	0.07264	0.14855	0.14610	0.09131	0.09577	0.06254	0.04548	0.05818	0.01196	0.00614	0.00525	0.00157	0.00656	0.00538	0.00361	0.05419
1	0.01262	0.01110	0.01317	0.01177	0.06075	0.12757	0.09717	0.05039	0.01302	0.09081	0.09897	0.16354	0.06016	0.00807	0.00541	0.00153	0.00520	0.00712	0.00406	0.15755
2	0.01100	0.07490	0.05925	0.00883	0.01145	0.06522	0.00731	0.10089	0.04803	0.03687	0.10253	0.24922	0.09870	0.00983	0.00548	0.00163	0.00436	0.00835	0.00433	0.09181
3	0.01280	0.00998	0.01113	0.00926	0.01237	0.01005	0.00734	0.24839	0.12402	0.02153	0.01869	0.09014	0.06972	0.05763	0.00655	0.00174	0.00447	0.06558	0.00448	0.21416
4	0.15210	0.00932	0.01017	0.00826	0.01171	0.00886	0.00662	0.11654	0.04968	0.07399	0.05780	0.06726	0.05390	0.00678	0.00467	0.00138	0.00404	0.03763	0.00416	0.31513
5	0.06158	0.01210	0.01319	0.01231	0.07541	0.06121	0.03071	0.17459	0.33762	0.05057	0.05826	0.01711	0.01405	0.00652	0.00510	0.00163	0.00490	0.00534	0.05011	0.00771

[dist]
# distance from previous block
# <min> <max>
0	1

[block]
# block no. 4 follows, 47 sequences, length 20
# corresponding to MSA columns:
# 673-692
name=unknown_E
#
# <colnr> <probs for GDERKNQSTAVLIFYWHMCP>
#	G	D	E	R	K	N	Q	S	T	A	V	L	I	F	Y	W	H	M	C	P
0	0.01217	0.01091	0.01703	0.46872	0.22223	0.01258	0.01408	0.12923	0.01287	0.01721	0.00983	0.01336	0.00756	0.00531	0.00547	0.00167	0.02541	0.00464	0.00282	0.00688
1	0.08516	0.00978	0.01571	0.62158	0.14223	0.01170	0.01390	0.01387	0.01049	0.01474	0.00916	0.01326	0.00702	0.00509	0.00502	0.00170	0.00657	0.00447	0.00243	0.00613
2	0.00622	0.00528	0.00536	0.00534	0.00707	0.00442	0.00400	0.00759	0.01201	0.01441	0.08914	0.04956	0.74578	0.01306	0.00615	0.00175	0.00263	0.01091	0.00488	0.00442
3	0.01995	0.01434	0.01547	0.01186	0.01602	0.01578	0.00980	0.73455	0.02406	0.06600	0.01286	0.01273	0.00903	0.00626	0.00521	0.00156	0.00567	0.00471	0.00526	0.00886
4	0.05015	0.23222	0.06468	0.00910	0.01217	0.03238	0.00794	0.18042	0.03472	0.01765	0.01496	0.08832	0.05095	0.15814	0.02296	0.00228	0.00541	0.00580	0.00358	0.00619
5	0.85377	0.01007	0.00765	0.00685	0.01007	0.01168	0.00564	0.01531	0.00886	0.02336	0.00725	0.00846	0.00564	0.00483	0.00322	0.00161	0.00403	0.00282	0.00322	0.00564
6	0.00615	0.00528	0.00528	0.00528	0.00703	0.00440	0.00396	0.00747	0.01187	0.01407	0.05276	0.05012	0.78238	0.01319	0.00615	0.00176	0.00264	0.01099	0.00484	0.00440
7	0.01161	0.01276	0.02644	0.01944	0.02375	0.01243	0.60277	0.01540	0.01186	0.01610	0.01362	0.01903	0.04830	0.00601	0.00720	0.00185	0.07903	0.06292	0.00288	0.00660
8	0.01710	0.01173	0.01413	0.20958	0.01983	0.04700	0.01018	0.31110	0.03574	0.19497	0.06455	0.01580	0.01203	0.00630	0.00526	0.00162	0.00565	0.00508	0.00469	0.00769
9	0.00622	0.00502	0.00554	0.00595	0.00721	0.00434	0.00426	0.00740	0.01122	0.01380	0.04456	0.31036	0.52743	0.01425	0.00632	0.00188	0.00277	0.01229	0.00484	0.00434
10	0.00814	0.00583	0.00807	0.00902	0.01018	0.00575	0.00770	0.01048	0.01232	0.01629	0.14294	0.08957	0.03310	0.01390	0.00701	0.00227	0.00436	0.60334	0.00494	0.00479
11	0.01765	0.01319	0.01426	0.01132	0.01496	0.01465	0.00919	0.59799	0.11456	0.02929	0.01421	0.03713	0.01094	0.03313	0.04114	0.00201	0.00580	0.00525	0.00504	0.00829
12	0.01333	0.01171	0.01766	0.30646	0.32104	0.01294	0.01386	0.18326	0.03473	0.01933	0.01051	0.01334	0.00812	0.00527	0.00519	0.00162	0.00630	0.00468	0.00314	0.00749
13	0.00634	0.00453	0.00604	0.00725	0.00755	0.00423	0.00483	0.00725	0.00997	0.01329	0.02870	0.81358	0.03444	0.01632	0.00665	0.00211	0.00302	0.01480	0.00483	0.00423
14	0.01777	0.01873	0.01488	0.06354	0.01698	0.39833	0.01023	0.23168	0.08420	0.01925	0.01047	0.01160	0.00816	0.00603	0.00583	0.00154	0.06608	0.00413	0.00358	0.00699
15	0.06222	0.00606	0.00675	0.00684	0.00787	0.00602	0.00472	0.07532	0.01091	0.01496	0.02721	0.33458	0.16992	0.22929	0.01154	0.00275	0.00380	0.01046	0.00431	0.00447
16	0.17404	0.01162	0.01384	0.17619	0.01893	0.01315	0.04333	0.27854	0.12843	0.03842	0.01282	0.01517	0.00982	0.00615	0.00497	0.00168	0.00549	0.03600	0.00413	0.00726
17	0.18859	0.01238	0.01317	0.17451	0.04936	0.08219	0.00986	0.25827	0.04514	0.02246	0.01169	0.01515	0.00936	0.00615	0.00483	0.00164	0.00574	0.05202	0.03063	0.00687
18	0.04286	0.12637	0.18242	0.12491	0.28955	0.01298	0.01397	0.01658	0.06024	0.04092	0.01048	0.01261	0.00821	0.00502	0.00476	0.00154	0.00614	0.00425	0.02877	0.00740
19	0.09921	0.03640	0.01478	0.02802	0.06443	0.15887	0.07429	0.11819	0.05361	0.13601	0.01217	0.01371	0.00933	0.04161	0.00594	0.00164	0.01957	0.00445	0.02600	0.08177

[dist]
# distance from previous block
# <min> <max>
1	20

[block]
# block no. 5 follows, 47 sequences, length 12
# corresponding to MSA columns:
# 713-724
name=unknown_F
#
# <colnr> <probs for GDERKNQSTAVLIFYWHMCP>
#	G	D	E	R	K	N	Q	S	T	A	V	L	I	F	Y	W	H	M	C	P
0	0.04021	0.01381	0.12720	0.01751	0.21617	0.01166	0.09551	0.12718	0.07317	0.07439	0.01267	0.05336	0.01017	0.00572	0.00513	0.00155	0.00585	0.00512	0.00359	0.10001
1	0.07837	0.23571	0.03266	0.01195	0.04437	0.27559	0.03621	0.04654	0.10674	0.01569	0.01108	0.06274	0.00973	0.00596	0.00451	0.00144	0.00657	0.00442	0.00314	0.00660
2	0.04245	0.17343	0.33571	0.01222	0.03837	0.05945	0.01282	0.05103	0.07734	0.03873	0.09832	0.01451	0.01255	0.00580	0.00475	0.00153	0.00613	0.00449	0.00320	0.00716
3	0.01378	0.01439	0.07215	0.12173	0.17538	0.15102	0.06823	0.13633	0.01402	0.01834	0.01248	0.03600	0.03127	0.00584	0.00504	0.00154	0.00645	0.00496	0.10419	0.00687
4	0.00980	0.03024	0.07018	0.01019	0.01220	0.04733	0.05698	0.03259	0.02308	0.02831	0.01970	0.22939	0.02089	0.03771	0.05382	0.03420	0.04180	0.19142	0.01828	0.03188
5	0.00773	0.00654	0.00877	0.15580	0.06322	0.00658	0.00702	0.00999	0.03491	0.01489	0.12585	0.14973	0.32602	0.05145	0.00698	0.00194	0.00387	0.00943	0.00426	0.00500
6	0.01267	0.00946	0.00968	0.10769	0.01313	0.08476	0.00714	0.17385	0.01395	0.02039	0.01400	0.01635	0.01092	0.00806	0.05534	0.00183	0.00511	0.00469	0.42504	0.00592
7	0.01080	0.00926	0.01080	0.00771	0.01234	0.00694	0.00617	0.01311	0.01080	0.01697	0.00926	0.01080	0.00771	0.00386	0.00386	0.00077	0.00386	0.00309	0.00309	0.84882
8	0.00677	0.00483	0.00615	0.00669	0.00740	0.00444	0.00463	0.00779	0.01097	0.01458	0.18697	0.44087	0.16150	0.03535	0.00805	0.06893	0.00301	0.01204	0.00477	0.00422
9	0.01444	0.07558	0.07817	0.16936	0.06517	0.28020	0.06137	0.03179	0.01235	0.03592	0.01027	0.01259	0.03084	0.00583	0.00626	0.00159	0.09485	0.00430	0.00271	0.00641
10	0.00661	0.00490	0.00618	0.00669	0.00753	0.00446	0.00470	0.00805	0.01172	0.01568	0.25606	0.44694	0.17320	0.01407	0.00641	0.00191	0.00279	0.01252	0.00510	0.00446
11	0.01553	0.49188	0.08041	0.01088	0.01498	0.28186	0.01008	0.01742	0.01202	0.01274	0.00767	0.00890	0.00668	0.00480	0.00392	0.00123	0.00702	0.00306	0.00238	0.00654

[dist]
# distance from previous block
# <min> <max>
3	6

[block]
# block no. 6 follows, 47 sequences, length 27
# corresponding to MSA columns:
# 731-757
name=unknown_G
#
