[name]
unknown

[dist]
# distance from previous block
# <min> <max>
0	61

[block]
# block no. 0 follows, 41 sequences, length 14
# corresponding to MSA columns:
# 95-108
name=unknown_A
#
# <colnr> <probs for GDERKNQSTAVLIFYWHMCP>
#	G	D	E	R	K	N	Q	S	T	A	V	L	I	F	Y	W	H	M	C	P
0	0.01099	0.00937	0.01207	0.13941	0.01596	0.05930	0.00929	0.01275	0.01044	0.04646	0.01552	0.11141	0.01558	0.12830	0.20024	0.00435	0.16188	0.02770	0.00341	0.00556
1	0.01322	0.01461	0.11681	0.02064	0.28593	0.01281	0.02940	0.03483	0.15026	0.01943	0.01343	0.04012	0.01110	0.00633	0.00654	0.00171	0.06803	0.00535	0.00354	0.14592
2	0.00873	0.00708	0.00975	0.01155	0.13399	0.00659	0.00717	0.01116	0.01465	0.02002	0.43125	0.07878	0.21438	0.01157	0.00660	0.00184	0.00346	0.01018	0.00543	0.00583
3	0.01477	0.01308	0.01639	0.01471	0.06026	0.01517	0.06627	0.10996	0.44386	0.02293	0.01790	0.01810	0.01373	0.00765	0.00803	0.00199	0.13577	0.00601	0.00486	0.00857
4	0.02168	0.01789	0.01701	0.01342	0.01773	0.14397	0.01090	0.62413	0.02511	0.03238	0.01292	0.01316	0.00933	0.00670	0.00563	0.00168	0.00696	0.00491	0.00526	0.00921
5	0.01318	0.02733	0.64412	0.01578	0.02359	0.01403	0.01943	0.13900	0.01454	0.02110	0.01084	0.01235	0.00766	0.00567	0.00548	0.00180	0.00809	0.00438	0.00297	0.00867
6	0.00949	0.00735	0.00811	0.00763	0.00962	0.00703	0.00577	0.13106	0.01541	0.01980	0.14670	0.18583	0.39793	0.01346	0.00669	0.00195	0.00351	0.01146	0.00552	0.00569
7	0.00896	0.00713	0.01000	0.00967	0.01028	0.00857	0.00739	0.01043	0.00919	0.01316	0.01586	0.06965	0.01629	0.17821	0.42511	0.00666	0.15364	0.03157	0.00324	0.00498
8	0.04367	0.03645	0.05827	0.03682	0.16805	0.01244	0.07410	0.11138	0.11975	0.09197	0.03833	0.05045	0.05459	0.00724	0.00576	0.00177	0.00583	0.01871	0.00442	0.06000
9	0.01363	0.02572	0.50711	0.01633	0.05445	0.13966	0.04670	0.01862	0.01278	0.04372	0.01103	0.01386	0.00850	0.05530	0.00695	0.00199	0.00843	0.00459	0.00277	0.00788
10	0.01498	0.05693	0.01559	0.18291	0.06379	0.21179	0.01111	0.05837	0.13109	0.03309	0.01567	0.06766	0.03887	0.04509	0.00707	0.00195	0.02728	0.00598	0.00377	0.00701
11	0.07084	0.20815	0.12321	0.02687	0.04988	0.17441	0.01165	0.03945	0.06522	0.14205	0.01226	0.01290	0.00924	0.00596	0.00524	0.00161	0.02516	0.00426	0.00373	0.00788
12	0.01204	0.03065	0.05046	0.07485	0.08407	0.10653	0.01990	0.01419	0.01230	0.06171	0.05210	0.02729	0.16089	0.11627	0.10944	0.00323	0.03005	0.00703	0.02090	0.00610
13	0.04692	0.08604	0.09503	0.01122	0.04622	0.03082	0.04462	0.11006	0.05064	0.04832	0.04587	0.05357	0.04710	0.04481	0.00628	0.00182	0.00522	0.00608	0.21238	0.00698

[dist]
# distance from previous block
# <min> <max>
3	11

[block]
# block no. 1 follows, 41 sequences, length 16
# corresponding to MSA columns:
# 120-135
name=unknown_B
#
# <colnr> <probs for GDERKNQSTAVLIFYWHMCP>
#	G	D	E	R	K	N	Q	S	T	A	V	L	I	F	Y	W	H	M	C	P
0	0.06174	0.20682	0.07170	0.05360	0.07469	0.07987	0.01137	0.22501	0.03012	0.06103	0.01245	0.04896	0.01019	0.00716	0.01990	0.00177	0.00667	0.00493	0.00396	0.00805
1	0.08508	0.05803	0.06667	0.01401	0.04632	0.32274	0.05529	0.10857	0.01566	0.05070	0.01398	0.05450	0.04831	0.00686	0.00535	0.00164	0.00769	0.00523	0.00370	0.02968
2	0.34357	0.08721	0.06063	0.05167	0.04982	0.10023	0.03695	0.03250	0.11453	0.02107	0.01212	0.01334	0.02845	0.00604	0.00490	0.00174	0.02023	0.00433	0.00358	0.00711
3	0.01600	0.03780	0.01493	0.04286	0.10299	0.30827	0.01032	0.10393	0.04626	0.01812	0.04062	0.04157	0.09400	0.01050	0.06921	0.00228	0.00799	0.00590	0.01952	0.00695
4	0.01345	0.00787	0.01006	0.00918	0.03420	0.00751	0.00673	0.06662	0.04088	0.19210	0.39152	0.03351	0.05385	0.09641	0.00884	0.00220	0.00395	0.00846	0.00597	0.00670
5	0.00855	0.00697	0.00794	0.04717	0.01024	0.02969	0.00579	0.01123	0.05224	0.01845	0.34326	0.08150	0.24259	0.09849	0.00908	0.00228	0.00368	0.01024	0.00534	0.00526
6	0.01861	0.01406	0.01516	0.01228	0.01613	0.01560	0.00990	0.51979	0.17127	0.03126	0.01761	0.10100	0.01437	0.00826	0.00591	0.00183	0.00561	0.00663	0.00570	0.00903
7	0.01435	0.03585	0.05629	0.10693	0.38005	0.03708	0.13522	0.04831	0.06147	0.03679	0.01202	0.01483	0.00945	0.00547	0.00575	0.00176	0.00723	0.00534	0.01740	0.00838
8	0.00831	0.00559	0.00648	0.00648	0.00656	0.00568	0.00377	0.00847	0.00839	0.01127	0.01780	0.03621	0.02026	0.73711	0.09025	0.00584	0.00635	0.00814	0.00343	0.00360
9	0.01279	0.01111	0.05018	0.09164	0.09583	0.03258	0.02310	0.08961	0.06292	0.06705	0.03385	0.04366	0.09054	0.19173	0.03146	0.00291	0.05135	0.00702	0.00407	0.00661
10	0.00889	0.00663	0.00926	0.00820	0.00883	0.00652	0.08455	0.00942	0.00889	0.01188	0.01731	0.03502	0.01947	0.71186	0.02666	0.00515	0.00599	0.00815	0.00340	0.00393
11	0.01214	0.01414	0.11678	0.13483	0.28998	0.05158	0.01403	0.01627	0.05550	0.01777	0.07380	0.02208	0.11793	0.00739	0.00626	0.00181	0.03032	0.00635	0.00351	0.00750
12	0.00886	0.00572	0.00753	0.00776	0.00870	0.00613	0.00582	0.01071	0.01028	0.01566	0.01894	0.11359	0.01840	0.08237	0.35106	0.03092	0.00879	0.04475	0.23909	0.00493
13	0.01230	0.01280	0.09630	0.01032	0.01579	0.00900	0.04632	0.04418	0.01257	0.01926	0.01039	0.01214	0.00840	0.00450	0.00456	0.00104	0.00506	0.00372	0.00335	0.66799
14	0.01724	0.06221	0.08285	0.03279	0.04741	0.12740	0.02480	0.23204	0.06938	0.06283	0.01298	0.02983	0.01006	0.00617	0.00528	0.00154	0.00655	0.00479	0.00422	0.15963
15	0.05627	0.12512	0.05605	0.02649	0.05181	0.06467	0.00929	0.03332	0.04501	0.01626	0.01665	0.10325	0.05272	0.01776	0.21462	0.00377	0.05372	0.00645	0.02433	0.02244

[dist]
# distance from previous block
# <min> <max>
0	93

[block]
# block no. 2 follows, 41 sequences, length 14
# corresponding to MSA columns:
# 229-242
name=unknown_C
#
# <colnr> <probs for GDERKNQSTAVLIFYWHMCP>
#	G	D	E	R	K	N	Q	S	T	A	V	L	I	F	Y	W	H	M	C	P
0	0.00966	0.00751	0.00894	0.05755	0.01198	0.02676	0.00675	0.01237	0.06285	0.05076	0.06174	0.32593	0.16986	0.01298	0.00652	0.00197	0.00405	0.05411	0.00500	0.10271
1	0.01275	0.01492	0.15085	0.08496	0.11191	0.05318	0.06284	0.06380	0.12983	0.03530	0.04231	0.11821	0.07759	0.00842	0.00604	0.00188	0.00624	0.00736	0.00411	0.00752
2	0.00958	0.00774	0.01025	0.03834	0.04277	0.00861	0.00762	0.01337	0.10480	0.01742	0.17643	0.08593	0.08058	0.06101	0.20003	0.00395	0.08140	0.00816	0.03614	0.00585
3	0.01529	0.80242	0.02997	0.00979	0.01468	0.02263	0.00979	0.01713	0.01162	0.01346	0.00795	0.00918	0.00734	0.00489	0.00367	0.00122	0.00612	0.00306	0.00245	0.00734
4	0.01593	0.08618	0.17080	0.01993	0.22875	0.12934	0.03353	0.10969	0.01486	0.05530	0.01184	0.04556	0.00976	0.00631	0.00599	0.00172	0.03785	0.00508	0.00339	0.00821
5	0.01485	0.71321	0.11532	0.01054	0.01584	0.02155	0.01110	0.01724	0.01167	0.01399	0.00822	0.00951	0.00733	0.00496	0.00387	0.00129	0.00639	0.00319	0.00244	0.00747
6	0.57411	0.17995	0.04541	0.00887	0.01286	0.06779	0.00792	0.01735	0.01068	0.02196	0.00812	0.00945	0.00656	0.00527	0.00376	0.00164	0.00536	0.00318	0.00322	0.00656
7	0.01529	0.80242	0.02997	0.00979	0.01468	0.02263	0.00979	0.01713	0.01162	0.01346	0.00795	0.00918	0.00734	0.00489	0.00367	0.00122	0.00612	0.00306	0.00245	0.00734
8	0.00728	0.00545	0.00697	0.00767	0.00856	0.00505	0.00537	0.00862	0.01155	0.01536	0.08653	0.52221	0.15731	0.01868	0.07568	0.00278	0.00430	0.01381	0.00512	0.03171
9	0.01006	0.21935	0.03559	0.00804	0.01070	0.03805	0.00688	0.01204	0.01336	0.01676	0.21664	0.10198	0.26832	0.01095	0.00588	0.00172	0.00417	0.00907	0.00463	0.00580
10	0.00756	0.00567	0.00701	0.00700	0.00830	0.00512	0.00513	0.00963	0.01443	0.01954	0.45166	0.18908	0.22180	0.01355	0.00686	0.00193	0.00286	0.01189	0.00587	0.00512
11	0.01479	0.27167	0.06207	0.06303	0.04760	0.04982	0.07104	0.05253	0.03057	0.07587	0.04811	0.03774	0.01202	0.00608	0.00495	0.00150	0.00612	0.00494	0.04012	0.09942
12	0.01080	0.01017	0.01716	0.78523	0.03940	0.01271	0.01589	0.01461	0.01144	0.01461	0.01017	0.01525	0.00762	0.00572	0.00572	0.00191	0.00762	0.00508	0.00254	0.00635
13	0.04863	0.08746	0.02294	0.11522	0.25465	0.07549	0.18046	0.03497	0.01318	0.01788	0.01145	0.01436	0.02555	0.00536	0.00552	0.00166	0.00738	0.00512	0.00298	0.06973

[dist]
# distance from previous block
# <min> <max>
1	9

[block]
# block no. 3 follows, 41 sequences, length 38
# corresponding to MSA columns:
# 252-288,290
name=unknown_D
#
# <colnr> <probs for GDERKNQSTAVLIFYWHMCP>
#	G	D	E	R	K	N	Q	S	T	A	V	L	I	F	Y	W	H	M	C	P
0	0.53363	0.01389	0.08633	0.02703	0.09202	0.02937	0.07153	0.03435	0.01134	0.04141	0.00933	0.01106	0.00713	0.00536	0.00439	0.00177	0.00574	0.00388	0.00341	0.00702
1	0.06483	0.00906	0.02586	0.01138	0.09973	0.00877	0.00778	0.03977	0.11369	0.08542	0.22378	0.03153	0.14817	0.06196	0.00752	0.00205	0.00418	0.00799	0.03978	0.00673
2	0.00684	0.00549	0.00611	0.00661	0.00794	0.00476	0.00471	0.00812	0.01225	0.01513	0.04801	0.33341	0.48902	0.01578	0.00696	0.00208	0.00306	0.01365	0.00531	0.00476
3	0.01100	0.01580	0.28622	0.01291	0.04024	0.00979	0.04655	0.04401	0.03949	0.05344	0.02237	0.20336	0.09667	0.02555	0.05268	0.00246	0.00657	0.01992	0.00402	0.00696
4	0.00679	0.00567	0.00592	0.00612	0.00781	0.00480	0.00449	0.00817	0.01272	0.01532	0.05398	0.16606	0.65252	0.01500	0.00684	0.00199	0.00296	0.01270	0.00531	0.00480
5	0.01158	0.02883	0.73005	0.01672	0.02503	0.01335	0.05967	0.01813	0.01215	0.01813	0.01033	0.01226	0.00732	0.00540	0.00550	0.00182	0.00852	0.00436	0.00244	0.00841
6	0.01247	0.01232	0.01761	0.01495	0.01522	0.01688	0.03974	0.01392	0.00908	0.01426	0.00814	0.01300	0.00786	0.00967	0.01769	0.00243	0.72550	0.00509	0.03790	0.00627
7	0.03327	0.01419	0.01663	0.06862	0.11131	0.03165	0.01145	0.44486	0.04499	0.02822	0.01581	0.01686	0.05781	0.00836	0.03159	0.00203	0.04337	0.00558	0.00478	0.00863
8	0.02683	0.01236	0.10779	0.01302	0.10321	0.05807	0.02671	0.04203	0.04357	0.03457	0.19658	0.05296	0.15005	0.01150	0.05838	0.00227	0.00583	0.00775	0.00447	0.04203
9	0.02152	0.01367	0.01574	0.06161	0.01794	0.01463	0.01033	0.48021	0.03902	0.21707	0.01608	0.01566	0.01102	0.00686	0.00568	0.00174	0.00587	0.00533	0.03065	0.00937
10	0.01423	0.01229	0.01293	0.01164	0.01487	0.01423	0.00905	0.03039	0.75297	0.02393	0.02328	0.02134	0.01746	0.00776	0.00582	0.00194	0.00453	0.00647	0.00582	0.00905
11	0.01379	0.02141	0.39139	0.03841	0.03456	0.03082	0.05375	0.14104	0.05852	0.03641	0.03066	0.01563	0.03839	0.00623	0.00558	0.00174	0.00720	0.00509	0.00358	0.06580
12	0.00695	0.00505	0.00656	0.00776	0.00824	0.00466	0.00522	0.00799	0.01114	0.01468	0.03395	0.72722	0.10429	0.01760	0.00725	0.00229	0.00328	0.01588	0.00531	0.00466
13	0.06434	0.08571	0.07189	0.09935	0.17898	0.10236	0.11347	0.11278	0.01487	0.06311	0.01119	0.01332	0.00858	0.00555	0.00542	0.00168	0.00734	0.00480	0.00344	0.03182
14	0.00856	0.00699	0.03717	0.00922	0.01016	0.00654	0.00702	0.01048	0.03469	0.03813	0.02787	0.57509	0.03200	0.01686	0.03273	0.00253	0.05911	0.07456	0.00500	0.00527
15	0.00810	0.00585	0.00765	0.00720	0.00855	0.00540	0.00540	0.01079	0.01619	0.02294	0.76028	0.04273	0.05397	0.01169	0.00675	0.00180	0.00270	0.01034	0.00630	0.00540
16	0.83938	0.01106	0.00841	0.00752	0.01106	0.01283	0.00619	0.01681	0.00973	0.02566	0.00796	0.00929	0.00619	0.00531	0.00354	0.00177	0.00442	0.00310	0.00354	0.00619
17	0.00743	0.00556	0.00796	0.02892	0.01004	0.00530	0.02997	0.00873	0.01119	0.01488	0.03024	0.70257	0.03577	0.01704	0.00728	0.00232	0.00376	0.06105	0.00516	0.00483
18	0.01350	0.01543	0.03375	0.02411	0.02989	0.01446	0.74253	0.01832	0.01350	0.01832	0.01157	0.01543	0.00868	0.00482	0.00675	0.00193	0.00964	0.00675	0.00289	0.00771
19	0.00760	0.00569	0.00705	0.00701	0.00831	0.00514	0.00514	0.00971	0.01457	0.01979	0.47385	0.17462	0.21373	0.01340	0.00684	0.00192	0.00285	0.01176	0.00590	0.00514
20	0.00994	0.00497	0.00745	0.00745	0.00745	0.00497	0.00497	0.00745	0.00745	0.00994	0.00994	0.01739	0.00994	0.01987	0.02235	0.83358	0.00497	0.00497	0.00248	0.00248
21	0.01080	0.01017	0.01716	0.78523	0.03940	0.01271	0.01589	0.01461	0.01144	0.01461	0.01017	0.01525	0.00762	0.00572	0.00572	0.00191	0.00762	0.00508	0.00254	0.00635
22	0.72872	0.01128	0.00932	0.00807	0.01174	0.01283	0.00665	0.06421	0.01131	0.07944	0.00938	0.01031	0.00699	0.00554	0.00384	0.00177	0.00458	0.00342	0.00393	0.00667
23	0.02550	0.01000	0.01344	0.01030	0.01473	0.00880	0.00851	0.05787	0.01681	0.73665	0.02220	0.01923	0.01397	0.00707	0.00575	0.00177	0.00493	0.00573	0.00702	0.00973
24	0.00724	0.00509	0.00656	0.00762	0.00789	0.00482	0.00494	0.00803	0.01043	0.01390	0.02885	0.64481	0.03445	0.17297	0.01163	0.00296	0.00376	0.01468	0.00494	0.00441
25	0.00701	0.00504	0.00666	0.00787	0.00829	0.00468	0.00529	0.00809	0.01124	0.01498	0.06342	0.74179	0.05933	0.01756	0.00726	0.00229	0.00328	0.01589	0.00535	0.00468
26	0.00711	0.00508	0.00680	0.00813	0.00852	0.00477	0.00556	0.00821	0.01109	0.01476	0.03145	0.74843	0.03752	0.01778	0.00734	0.00234	0.00344	0.06165	0.00531	0.00469
27	0.15162	0.01109	0.01293	0.01017	0.01441	0.03906	0.00835	0.08061	0.01614	0.56756	0.01910	0.01710	0.01232	0.00674	0.00538	0.00175	0.00511	0.00521	0.00627	0.00907
28	0.01529	0.80242	0.02997	0.00979	0.01468	0.02263	0.00979	0.01713	0.01162	0.01346	0.00795	0.00918	0.00734	0.00489	0.00367	0.00122	0.00612	0.00306	0.00245	0.00734
29	0.00835	0.00581	0.00786	0.00786	0.00839	0.00634	0.00548	0.00925	0.00872	0.01216	0.01609	0.02834	0.01671	0.35454	0.41827	0.06082	0.01061	0.00696	0.00319	0.00426
30	0.00694	0.00558	0.00604	0.00636	0.00786	0.00481	0.00461	0.00833	0.01257	0.01556	0.06747	0.23982	0.54499	0.01510	0.00683	0.00201	0.00299	0.01293	0.02441	0.00481
31	0.00736	0.00523	0.00667	0.00765	0.00807	0.00495	0.00512	0.00828	0.01068	0.01410	0.03028	0.55786	0.07555	0.17295	0.01164	0.00296	0.00386	0.05736	0.00494	0.00446
32	0.01643	0.04749	0.06515	0.01340	0.01620	0.01641	0.01164	0.30790	0.01675	0.04589	0.01138	0.01376	0.00911	0.00929	0.04024	0.00228	0.30829	0.00501	0.03551	0.00786
33	0.04886	0.02046	0.01761	0.07305	0.07368	0.41898	0.04600	0.04736	0.01418	0.01583	0.00909	0.01173	0.00765	0.00661	0.00799	0.00177	0.16500	0.00433	0.00295	0.00687
34	0.13577	0.01225	0.03906	0.19925	0.05048	0.01218	0.07952	0.09386	0.01313	0.02033	0.01027	0.01296	0.00803	0.00541	0.00560	0.00157	0.03955	0.00442	0.00332	0.25307
35	0.04614	0.25719	0.09613	0.03879	0.12464	0.04641	0.05931	0.01787	0.02503	0.08068	0.05531	0.01586	0.01199	0.00611	0.00536	0.00159	0.02444	0.02749	0.00341	0.05626
36	0.01155	0.04617	0.13165	0.01313	0.07636	0.01041	0.04608	0.10923	0.05878	0.01965	0.04817	0.26057	0.06897	0.01076	0.00626	0.00196	0.00531	0.03655	0.03155	0.00689
37	0.00840	0.00573	0.00656	0.00667	0.00683	0.00576	0.00394	0.00907	0.03231	0.01196	0.01970	0.10630	0.02252	0.68477	0.02590	0.00507	0.00530	0.02566	0.00375	0.00379

[dist]
# distance from previous block
# <min> <max>
0	1

[block]
# block no. 4 follows, 41 sequences, length 23
# corresponding to MSA columns:
# 292-314
name=unknown_E
#
# <colnr> <probs for GDERKNQSTAVLIFYWHMCP>
#	G	D	E	R	K	N	Q	S	T	A	V	L	I	F	Y	W	H	M	C	P
0	0.03652	0.06039	0.07121	0.14294	0.27285	0.03440	0.06227	0.04047	0.03145	0.07668	0.02907	0.04032	0.01112	0.00606	0.00553	0.00171	0.00660	0.00543	0.02436	0.04063
1	0.14091	0.33120	0.03721	0.04403	0.06744	0.19775	0.04744	0.01832	0.01251	0.01618	0.00865	0.01053	0.00737	0.00543	0.00495	0.00152	0.03498	0.00371	0.00278	0.00708
2	0.01364	0.01403	0.03880	0.10668	0.44798	0.02858	0.14418	0.01743	0.02825	0.01777	0.01077	0.01438	0.00882	0.00563	0.00703	0.00184	0.07777	0.00536	0.00284	0.00824
3	0.01211	0.01088	0.01227	0.02530	0.01363	0.06243	0.05073	0.07582	0.22235	0.02002	0.11247	0.05549	0.17673	0.04701	0.03408	0.00232	0.04649	0.00812	0.00494	0.00681
4	0.00877	0.00605	0.00727	0.00693	0.00865	0.00534	0.00520	0.01083	0.01461	0.07348	0.38281	0.09994	0.32320	0.01289	0.00672	0.00189	0.00298	0.01110	0.00590	0.00544
5	0.00735	0.00526	0.00707	0.00833	0.00885	0.00497	0.00591	0.00866	0.01148	0.01528	0.05723	0.65632	0.03765	0.01737	0.00737	0.00235	0.00360	0.12484	0.00534	0.00477
6	0.01147	0.02959	0.76934	0.01630	0.02476	0.01328	0.02113	0.01811	0.01208	0.01811	0.01026	0.01208	0.00725	0.00543	0.00543	0.00181	0.00845	0.00423	0.00242	0.00845
7	0.00709	0.00507	0.00675	0.00788	0.00832	0.00473	0.00532	0.00827	0.01152	0.01551	0.11098	0.71320	0.03959	0.01724	0.00724	0.00227	0.00325	0.01562	0.00542	0.00473
8	0.83938	0.01106	0.00841	0.00752	0.01106	0.01283	0.00619	0.01681	0.00973	0.02566	0.00796	0.00929	0.00619	0.00531	0.00354	0.00177	0.00442	0.00310	0.00354	0.00619
9	0.02339	0.01337	0.01553	0.01190	0.01642	0.01381	0.00983	0.44259	0.02246	0.34395	0.01745	0.01615	0.01159	0.00696	0.00573	0.00174	0.00569	0.00540	0.00629	0.00973
10	0.83938	0.01106	0.00841	0.00752	0.01106	0.01283	0.00619	0.01681	0.00973	0.02566	0.00796	0.00929	0.00619	0.00531	0.00354	0.00177	0.00442	0.00310	0.00354	0.00619
11	0.00914	0.00643	0.00815	0.00764	0.00921	0.00616	0.00582	0.01280	0.06945	0.04285	0.63826	0.04053	0.04824	0.01125	0.00660	0.00182	0.00297	0.03290	0.03402	0.00577
12	0.83938	0.01106	0.00841	0.00752	0.01106	0.01283	0.00619	0.01681	0.00973	0.02566	0.00796	0.00929	0.00619	0.00531	0.00354	0.00177	0.00442	0.00310	0.00354	0.00619
13	0.00710	0.00507	0.00661	0.00775	0.00812	0.00474	0.00513	0.00807	0.01092	0.01454	0.04951	0.69438	0.05522	0.08261	0.00909	0.00257	0.00348	0.01534	0.00518	0.00457
14	0.01512	0.08384	0.01492	0.01164	0.01516	0.01536	0.00931	0.10527	0.60883	0.02428	0.02088	0.01943	0.01573	0.00741	0.00562	0.00185	0.00486	0.00602	0.00551	0.00897
15	0.12997	0.01536	0.01601	0.01241	0.01685	0.01709	0.01025	0.64794	0.02462	0.03467	0.01297	0.01314	0.00926	0.00666	0.00543	0.00172	0.00605	0.00488	0.00543	0.00926
16	0.00682	0.00576	0.00590	0.00594	0.00778	0.00484	0.00443	0.00830	0.01308	0.01571	0.08465	0.08463	0.70365	0.01452	0.00678	0.00194	0.00291	0.01217	0.00535	0.00484
17	0.01187	0.00670	0.00872	0.00773	0.00981	0.00601	0.00597	0.01434	0.01594	0.18734	0.53102	0.03872	0.11120	0.01093	0.00653	0.00180	0.00320	0.00949	0.00638	0.00631
18	0.02538	0.01019	0.01356	0.01039	0.01483	0.00908	0.00859	0.07989	0.01714	0.71417	0.02192	0.01905	0.01384	0.00706	0.00575	0.00177	0.00497	0.00571	0.00698	0.00973
19	0.21672	0.01263	0.01372	0.01077	0.01505	0.01328	0.00889	0.31913	0.01912	0.29171	0.01549	0.01471	0.01046	0.00657	0.00522	0.00175	0.00535	0.00488	0.00568	0.00889
20	0.00936	0.00692	0.00854	0.00868	0.00997	0.00704	0.00675	0.03401	0.03417	0.03758	0.03260	0.14443	0.20908	0.13886	0.03532	0.00300	0.05220	0.21142	0.00485	0.00523
21	0.00831	0.00623	0.00818	0.00832	0.00876	0.00675	0.00579	0.00924	0.00951	0.01315	0.02084	0.28683	0.02365	0.28467	0.17762	0.00484	0.08066	0.01011	0.00391	0.02262
22	0.02170	0.01047	0.01222	0.00988	0.01356	0.06728	0.00796	0.02477	0.05953	0.52907	0.08154	0.02097	0.01714	0.00736	0.00561	0.00172	0.00487	0.00597	0.08973	0.00866

[dist]
# distance from previous block
# <min> <max>
0	2

[block]
# block no. 5 follows, 41 sequences, length 10
# corresponding to MSA columns:
# 317-322,343-346
name=unknown_F
#
# <colnr> <probs for GDERKNQSTAVLIFYWHMCP>
#	G	D	E	R	K	N	Q	S	T	A	V	L	I	F	Y	W	H	M	C	P
0	0.01238	0.02326	0.46204	0.07903	0.11950	0.04086	0.10372	0.01777	0.01245	0.01782	0.01042	0.01291	0.00774	0.00529	0.00557	0.00175	0.00816	0.00464	0.00261	0.05208
1	0.00788	0.00584	0.00735	0.00697	0.00841	0.00531	0.00523	0.01038	0.01568	0.02173	0.64683	0.04472	0.16818	0.01214	0.00675	0.00182	0.00273	0.01062	0.00614	0.00531
2	0.00751	0.00592	0.00658	0.00654	0.00813	0.00538	0.00483	0.00952	0.03173	0.01668	0.16847	0.08347	0.46628	0.06194	0.06214	0.00263	0.00395	0.01098	0.03235	0.00498
3	0.01199	0.00636	0.00666	0.00622	0.00783	0.00643	0.00468	0.06895	0.01302	0.05545	0.01841	0.02197	0.01476	0.07089	0.00624	0.00172	0.00327	0.00558	0.66384	0.00571
4	0.01423	0.01229	0.01293	0.01164	0.01487	0.01423	0.00905	0.03039	0.75297	0.02393	0.02328	0.02134	0.01746	0.00776	0.00582	0.00194	0.00453	0.00647	0.00582	0.00905
5	0.01529	0.80242	0.02997	0.00979	0.01468	0.02263	0.00979	0.01713	0.01162	0.01346	0.00795	0.00918	0.00734	0.00489	0.00367	0.00122	0.00612	0.00306	0.00245	0.00734
6	0.00761	0.00602	0.00690	0.00686	0.00850	0.00542	0.00519	0.01000	0.03911	0.01826	0.28683	0.10101	0.41176	0.01364	0.00682	0.00195	0.00304	0.05025	0.00565	0.00517
7	0.01711	0.50500	0.06462	0.01169	0.01621	0.23618	0.01080	0.05214	0.01365	0.01489	0.00859	0.00986	0.00745	0.00530	0.00428	0.00135	0.00744	0.00339	0.00274	0.00731
8	0.01047	0.04592	0.05357	0.04681	0.05528	0.04977	0.00822	0.01378	0.06922	0.04148	0.15563	0.20605	0.15118	0.01145	0.00630	0.00192	0.00451	0.03030	0.03201	0.00612
9	0.56368	0.01369	0.10636	0.01255	0.11005	0.01292	0.00984	0.01751	0.01074	0.05932	0.00931	0.01086	0.00712	0.00553	0.00464	0.00179	0.02993	0.00369	0.00345	0.00702

[dist]
# distance from previous block
# <min> <max>
0	1

[block]
# block no. 6 follows, 41 sequences, length 15
# corresponding to MSA columns:
# 348-362
name=unknown_G
#
# <colnr> <probs for GDERKNQSTAVLIFYWHMCP>
#	G	D	E	R	K	N	Q	S	T	A	V	L	I	F	Y	W	H	M	C	P
0	0.48629	0.06143	0.12503	0.01058	0.01493	0.05479	0.06234	0.01776	0.03804	0.02234	0.00978	0.01132	0.00755	0.00547	0.00426	0.00172	0.00573	0.00381	0.05003	0.00679
1	0.00684	0.00573	0.00595	0.00604	0.00781	0.00484	0.00448	0.00831	0.01300	0.01572	0.08798	0.11753	0.66689	0.01465	0.00681	0.00196	0.00292	0.01235	0.00536	0.00484
2	0.00706	0.00505	0.00657	0.00774	0.00812	0.00472	0.00513	0.00800	0.01085	0.01438	0.03169	0.70809	0.06798	0.07449	0.00886	0.00254	0.00346	0.01550	0.00518	0.00457
3	0.01568	0.24448	0.09434	0.04274	0.18924	0.10051	0.08491	0.06569	0.01385	0.04524	0.01035	0.01232	0.00833	0.00530	0.00506	0.00154	0.00723	0.00438	0.00306	0.04575
4	0.00721	0.00522	0.00685	0.00795	0.00855	0.00486	0.00555	0.00849	0.01165	0.01546	0.08554	0.63095	0.09112	0.01706	0.00727	0.00228	0.00339	0.07046	0.00538	0.00476
5	0.00685	0.00569	0.00599	0.00614	0.00784	0.00483	0.00452	0.00830	0.01292	0.01570	0.08780	0.15001	0.63414	0.01480	0.00683	0.00198	0.00294	0.01253	0.00536	0.00483
6	0.01293	0.01623	0.16305	0.29471	0.20532	0.06855	0.04953	0.03524	0.01255	0.01674	0.01029	0.01398	0.00806	0.00617	0.00668	0.03170	0.03324	0.00489	0.00271	0.00743
7	0.09679	0.03698	0.04956	0.33366	0.10928	0.02943	0.01302	0.06235	0.01349	0.16278	0.01273	0.01497	0.00917	0.00593	0.00537	0.00178	0.00653	0.00490	0.02369	0.00760
8	0.02137	0.02726	0.01621	0.01474	0.01768	0.77602	0.01105	0.02284	0.01621	0.01400	0.00884	0.01031	0.00737	0.00589	0.00516	0.00147	0.01031	0.00368	0.00295	0.00663
9	0.00928	0.00621	0.00775	0.00790	0.03507	0.00583	0.00517	0.01073	0.01250	0.06425	0.28473	0.07892	0.12568	0.30406	0.01498	0.00323	0.00410	0.00964	0.00500	0.00498
10	0.01347	0.05762	0.05775	0.01809	0.17761	0.09088	0.14020	0.04254	0.01358	0.05288	0.01896	0.16028	0.06311	0.00869	0.00610	0.00186	0.00655	0.03667	0.02599	0.00717
11	0.01155	0.01042	0.01569	0.57836	0.03224	0.03979	0.01386	0.01535	0.04381	0.04277	0.01330	0.09821	0.01149	0.00735	0.00645	0.00196	0.04153	0.00630	0.00316	0.00642
12	0.02137	0.02726	0.01621	0.01474	0.01768	0.77602	0.01105	0.02284	0.01621	0.01400	0.00884	0.01031	0.00737	0.00589	0.00516	0.00147	0.01031	0.00368	0.00295	0.00663
13	0.03327	0.02992	0.06033	0.11024	0.16369	0.05192	0.04220	0.08733	0.01370	0.05421	0.03414	0.10982	0.05901	0.02680	0.02272	0.00210	0.06400	0.00693	0.02053	0.00716
14	0.01613	0.05187	0.05110	0.03631	0.17654	0.06545	0.04626	0.10007	0.03859	0.12508	0.05562	0.01709	0.01272	0.00706	0.00759	0.00182	0.12299	0.01962	0.02420	0.02388

[dist]
# distance from previous block
# <min> <max>
1	8

[block]
# block no. 7 follows, 41 sequences, length 11
# corresponding to MSA columns:
# 371-381
name=unknown_H
#
# <colnr> <probs for GDERKNQSTAVLIFYWHMCP>
#	G	D	E	R	K	N	Q	S	T	A	V	L	I	F	Y	W	H	M	C	P
0	0.07161	0.03804	0.01928	0.08667	0.28811	0.12509	0.08354	0.01857	0.04417	0.04713	0.01152	0.01396	0.00916	0.00544	0.00531	0.00162	0.00690	0.00480	0.04118	0.07790
1	0.00929	0.00663	0.00795	0.00746	0.00900	0.00646	0.00550	0.03842	0.04755	0.04731	0.30024	0.03956	0.20363	0.14981	0.09300	0.00327	0.00489	0.00940	0.00522	0.00540
2	0.01476	0.06265	0.08819	0.06364	0.04105	0.08169	0.06047	0.12007	0.12040	0.04733	0.01480	0.03470	0.03028	0.00999	0.06570	0.00242	0.10975	0.00562	0.01890	0.00759
3	0.00775	0.00583	0.00717	0.00683	0.00833	0.00525	0.00513	0.01013	0.01538	0.02100	0.57896	0.04591	0.23650	0.01241	0.00675	0.00183	0.00275	0.01079	0.00604	0.00525
4	0.01027	0.04232	0.14562	0.01271	0.06218	0.00966	0.03061	0.01450	0.09233	0.01695	0.02205	0.25899	0.02308	0.04784	0.00804	0.00229	0.03604	0.13779	0.02033	0.00640
5	0.08697	0.02296	0.49523	0.01513	0.05006	0.01225	0.04808	0.01771	0.01207	0.04341	0.01052	0.01226	0.00770	0.00525	0.00515	0.00165	0.00729	0.00418	0.00286	0.13927
6	0.00747	0.00522	0.00681	0.00765	0.00816	0.00500	0.00519	0.00871	0.01131	0.01553	0.12191	0.54808	0.03591	0.09564	0.05218	0.00292	0.00410	0.01369	0.03983	0.00468
7	0.01817	0.43556	0.02346	0.01213	0.01610	0.37919	0.01039	0.01983	0.01379	0.01371	0.00837	0.00971	0.00735	0.00537	0.00437	0.00134	0.00810	0.00335	0.00268	0.00700
8	0.00832	0.00555	0.00624	0.00624	0.00624	0.00555	0.00347	0.00832	0.00832	0.01109	0.01802	0.03743	0.02080	0.79898	0.02911	0.00555	0.00555	0.00832	0.00347	0.00347
9	0.00927	0.00766	0.00977	0.01189	0.09942	0.04199	0.00759	0.01139	0.04332	0.01531	0.02501	0.42167	0.02819	0.09067	0.06735	0.00305	0.00544	0.09097	0.00458	0.00545
10	0.01764	0.10440	0.08654	0.03572	0.07098	0.25371	0.03344	0.09400	0.03820	0.10159	0.03153	0.01699	0.02957	0.00672	0.00543	0.00166	0.00741	0.03508	0.02176	0.00765

[dist]
# distance from previous block
# <min> <max>
0	2

[block]
# block no. 8 follows, 41 sequences, length 19
# corresponding to MSA columns:
# 428-446
name=unknown_I
#
# <colnr> <probs for GDERKNQSTAVLIFYWHMCP>
#	G	D	E	R	K	N	Q	S	T	A	V	L	I	F	Y	W	H	M	C	P
0	0.03080	0.09295	0.12955	0.05214	0.05738	0.05556	0.06991	0.04285	0.02810	0.07845	0.09099	0.16054	0.01929	0.00870	0.00586	0.00181	0.00600	0.02528	0.00413	0.03970
1	0.05063	0.13719	0.14628	0.02689	0.10930	0.15887	0.03866	0.03580	0.05410	0.01712	0.05027	0.03689	0.01171	0.00754	0.00699	0.07089	0.02556	0.00500	0.00321	0.00710
2	0.00988	0.00637	0.00946	0.00903	0.00975	0.00670	0.03958	0.01044	0.07047	0.01262	0.01455	0.11563	0.01457	0.02103	0.12621	0.48759	0.02215	0.00675	0.00322	0.00399
3	0.01716	0.01420	0.01471	0.01296	0.07738	0.10591	0.00950	0.26813	0.03614	0.05567	0.01283	0.01385	0.00979	0.00583	0.00506	0.00140	0.00581	0.00451	0.07352	0.25563
4	0.01387	0.08178	0.08689	0.10336	0.06702	0.06464	0.07325	0.01989	0.17072	0.05318	0.03779	0.03094	0.01233	0.00630	0.00569	0.00165	0.02302	0.00532	0.00381	0.13853
5	0.01420	0.07095	0.18626	0.02901	0.10751	0.05707	0.07571	0.10558	0.05817	0.05717	0.01464	0.08146	0.01291	0.09440	0.00829	0.00220	0.00686	0.00623	0.00374	0.00763
6	0.00785	0.00597	0.00834	0.01011	0.07125	0.00578	0.00643	0.00932	0.01149	0.01557	0.10317	0.50464	0.07181	0.04442	0.09272	0.00306	0.00492	0.01313	0.00490	0.00511
7	0.03047	0.01476	0.19652	0.03567	0.13389	0.01098	0.05774	0.09395	0.03153	0.03617	0.05640	0.15988	0.03167	0.00870	0.00597	0.00188	0.00598	0.02538	0.05508	0.00738
8	0.03520	0.04258	0.19712	0.06613	0.18407	0.03165	0.01455	0.05388	0.11250	0.09548	0.01375	0.01626	0.01066	0.00662	0.00667	0.00186	0.07171	0.02727	0.00374	0.00831
9	0.01713	0.01214	0.01972	0.11718	0.34093	0.01205	0.07435	0.05798	0.01454	0.23067	0.01561	0.01705	0.03197	0.00607	0.00582	0.00177	0.00645	0.00562	0.00423	0.00872
10	0.00785	0.07181	0.00855	0.00740	0.00886	0.00640	0.00557	0.00937	0.01249	0.01595	0.12637	0.33859	0.29104	0.01476	0.00678	0.00205	0.00344	0.05247	0.00519	0.00506
11	0.05990	0.21777	0.06130	0.03998	0.18736	0.06430	0.08203	0.01932	0.05579	0.09451	0.01178	0.01340	0.00925	0.00600	0.01660	0.00170	0.00679	0.00457	0.00339	0.04425
12	0.08503	0.08749	0.17274	0.01565	0.09258	0.16489	0.04494	0.09431	0.05595	0.06386	0.02291	0.01320	0.00941	0.00601	0.00566	0.00168	0.03294	0.00454	0.00356	0.02264
13	0.01448	0.00919	0.01072	0.00910	0.01200	0.00914	0.00719	0.12666	0.12825	0.16760	0.24466	0.03066	0.13086	0.00946	0.00608	0.00177	0.00400	0.00794	0.03903	0.03120
14	0.01650	0.37614	0.02308	0.01272	0.04892	0.08074	0.05200	0.09868	0.12435	0.05486	0.01209	0.01279	0.00965	0.00569	0.00473	0.00147	0.00632	0.00429	0.00366	0.05131
15	0.00781	0.00620	0.00695	0.00678	0.00839	0.00573	0.00499	0.01046	0.06206	0.01768	0.24922	0.06987	0.40667	0.07944	0.03039	0.00241	0.00353	0.01086	0.00541	0.00516
16	0.00741	0.00580	0.00652	0.00634	0.00802	0.00507	0.00475	0.00940	0.01426	0.01861	0.33576	0.04908	0.45643	0.01313	0.00667	0.00186	0.00281	0.01117	0.03184	0.00507
17	0.00722	0.00540	0.00669	0.00747	0.00836	0.00493	0.00529	0.00858	0.01204	0.01565	0.10419	0.45913	0.22466	0.04131	0.00785	0.00230	0.00337	0.06546	0.00534	0.00477
18	0.02464	0.00951	0.01295	0.01000	0.01425	0.00823	0.00823	0.02688	0.01636	0.72409	0.06535	0.02082	0.01647	0.00735	0.00581	0.00177	0.00474	0.00602	0.00703	0.00948

[dist]
# distance from previous block
# <min> <max>
0	18

[block]
# block no. 9 follows, 41 sequences, length 22
# corresponding to MSA columns:
# 465-467,475-493
name=unknown_J
#
# <colnr> <probs for GDERKNQSTAVLIFYWHMCP>
#	G	D	E	R	K	N	Q	S	T	A	V	L	I	F	Y	W	H	M	C	P
0	0.02467	0.08584	0.01488	0.01014	0.01461	0.00977	0.00854	0.02684	0.01592	0.69489	0.02116	0.01848	0.01350	0.00687	0.00555	0.00172	0.00499	0.00549	0.00663	0.00950
1	0.01493	0.72822	0.10096	0.01041	0.01565	0.02174	0.01088	0.01722	0.01167	0.01390	0.00817	0.00945	0.00733	0.00495	0.00384	0.00128	0.00634	0.00317	0.00244	0.00745
2	0.00812	0.00582	0.00751	0.00710	0.00832	0.00541	0.00521	0.01056	0.01544	0.02180	0.68902	0.04222	0.05078	0.08728	0.00889	0.00216	0.00297	0.01015	0.00602	0.00521
3	0.00687	0.00580	0.00594	0.00591	0.00779	0.00487	0.00443	0.00841	0.01329	0.01604	0.11344	0.05407	0.70511	0.01427	0.00676	0.00192	0.00288	0.01194	0.00539	0.00487
4	0.00817	0.00613	0.00919	0.00919	0.01021	0.00715	0.00715	0.01021	0.00919	0.01328	0.01532	0.02247	0.01430	0.04290	0.77631	0.00919	0.01532	0.00613	0.00306	0.00511
5	0.01509	0.76793	0.02891	0.00959	0.01433	0.02188	0.00954	0.01696	0.01164	0.01380	0.00842	0.00970	0.00766	0.00497	0.00368	0.00123	0.00597	0.00316	0.03829	0.00725
6	0.01671	0.48386	0.10660	0.01199	0.01669	0.24916	0.01141	0.01896	0.01306	0.01413	0.00847	0.00984	0.00734	0.00525	0.00431	0.00136	0.00764	0.00338	0.00259	0.00725
7	0.02933	0.32209	0.11121	0.03500	0.09340	0.07256	0.02704	0.01909	0.11222	0.03421	0.04928	0.01453	0.01168	0.00743	0.03666	0.00187	0.00682	0.00460	0.00333	0.00765
8	0.00713	0.00555	0.00647	0.00679	0.00809	0.00490	0.00488	0.00871	0.01309	0.01687	0.20732	0.28492	0.37498	0.01494	0.00693	0.00202	0.00299	0.01300	0.00553	0.00490
9	0.01423	0.01229	0.01293	0.01164	0.01487	0.01423	0.00905	0.03039	0.75297	0.02393	0.02328	0.02134	0.01746	0.00776	0.00582	0.00194	0.00453	0.00647	0.00582	0.00905
10	0.01419	0.29881	0.34645	0.01512	0.07598	0.07848	0.01544	0.01818	0.01230	0.03353	0.00956	0.01126	0.00760	0.00546	0.00531	0.00159	0.03632	0.00390	0.00261	0.00791
11	0.38367	0.01172	0.05375	0.01004	0.01424	0.01111	0.03850	0.02170	0.01289	0.34823	0.01460	0.01422	0.00986	0.00619	0.00513	0.00180	0.02494	0.00452	0.00497	0.00793
12	0.00823	0.00551	0.00627	0.00636	0.00638	0.00548	0.00359	0.00829	0.00850	0.01133	0.01895	0.08961	0.02197	0.74520	0.02761	0.00532	0.00539	0.00886	0.00359	0.00355
13	0.00764	0.00580	0.00703	0.00679	0.00828	0.00519	0.00507	0.00988	0.01501	0.02029	0.51382	0.07434	0.27441	0.01280	0.00677	0.00186	0.00278	0.01110	0.00595	0.00519
14	0.02989	0.04495	0.04003	0.21212	0.22418	0.11220	0.09521	0.04745	0.02758	0.05929	0.01163	0.01446	0.00898	0.00563	0.00555	0.00173	0.00740	0.00503	0.03900	0.00769
15	0.01439	0.01079	0.01201	0.01056	0.01356	0.01184	0.00826	0.07251	0.46298	0.09586	0.19418	0.02564	0.02514	0.00855	0.00602	0.00188	0.00425	0.00721	0.00605	0.00831
16	0.00712	0.00530	0.00666	0.00751	0.00832	0.00483	0.00525	0.00846	0.01205	0.01579	0.11844	0.53149	0.19154	0.01643	0.00714	0.00219	0.00322	0.03804	0.00542	0.00479
17	0.04091	0.19796	0.10613	0.03403	0.09008	0.01422	0.02476	0.05403	0.14396	0.10470	0.03407	0.04601	0.02630	0.00696	0.00526	0.00170	0.00571	0.02057	0.03467	0.00797
18	0.01417	0.01441	0.07030	0.16803	0.33401	0.06127	0.08474	0.03509	0.01348	0.05990	0.05475	0.01600	0.01139	0.00595	0.00621	0.00179	0.03182	0.00544	0.00326	0.00798
19	0.00706	0.00537	0.00646	0.00728	0.00821	0.00484	0.00511	0.00826	0.01171	0.01491	0.04025	0.47329	0.28986	0.04253	0.00787	0.00231	0.00335	0.05138	0.00525	0.00470
20	0.00732	0.00515	0.00667	0.00774	0.00805	0.00490	0.00512	0.00819	0.01054	0.01404	0.02892	0.62185	0.03441	0.16550	0.01145	0.00294	0.00382	0.04397	0.00496	0.00445
21	0.01686	0.13366	0.03932	0.01567	0.07693	0.13856	0.12219	0.16290	0.01606	0.07452	0.03989	0.03361	0.01153	0.00866	0.05208	0.00214	0.03840	0.00537	0.00387	0.00778

[dist]
# distance from previous block
# <min> <max>
2	9

[block]
# block no. 10 follows, 41 sequences, length 16
# corresponding to MSA columns:
# 535-550
name=unknown_K
#
# <colnr> <probs for GDERKNQSTAVLIFYWHMCP>
#	G	D	E	R	K	N	Q	S	T	A	V	L	I	F	Y	W	H	M	C	P
0	0.01329	0.01295	0.04142	0.13734	0.58344	0.01287	0.01657	0.01677	0.01274	0.01814	0.01174	0.01653	0.00997	0.00568	0.00569	0.00175	0.00674	0.03378	0.03421	0.00837
1	0.01311	0.01262	0.09064	0.01184	0.03406	0.02683	0.05098	0.06829	0.27874	0.06102	0.13073	0.02666	0.11995	0.00858	0.00599	0.00184	0.00498	0.00730	0.03812	0.00770
2	0.01188	0.00687	0.00861	0.00791	0.00997	0.00626	0.00605	0.01442	0.04244	0.18454	0.28385	0.11659	0.18633	0.04806	0.00763	0.00209	0.00359	0.04073	0.00597	0.00621
3	0.00805	0.00596	0.00872	0.00887	0.00975	0.00677	0.00671	0.00984	0.00933	0.01329	0.01728	0.10886	0.01731	0.08813	0.64386	0.00820	0.01337	0.00739	0.00334	0.00495
4	0.00751	0.00592	0.00683	0.00688	0.00854	0.00524	0.00534	0.00950	0.01403	0.01799	0.27054	0.05255	0.44331	0.01381	0.00691	0.00199	0.00316	0.10927	0.00561	0.00506
5	0.11235	0.00974	0.01220	0.00966	0.01371	0.00904	0.00791	0.02586	0.06083	0.59128	0.02076	0.01860	0.01353	0.00690	0.00540	0.00175	0.00465	0.00548	0.06132	0.00902
6	0.00727	0.00519	0.00698	0.00831	0.00877	0.00490	0.00583	0.00848	0.01125	0.01494	0.03136	0.69819	0.03718	0.01764	0.00738	0.00236	0.00358	0.11037	0.00530	0.00473
7	0.01147	0.02959	0.76934	0.01630	0.02476	0.01328	0.02113	0.01811	0.01208	0.01811	0.01026	0.01208	0.00725	0.00543	0.00543	0.00181	0.00845	0.00423	0.00242	0.00845
8	0.01393	0.01336	0.02281	0.08493	0.71522	0.01353	0.01744	0.01736	0.01292	0.01842	0.01072	0.01423	0.00896	0.00514	0.00567	0.00171	0.00685	0.00510	0.00281	0.00888
9	0.01080	0.01017	0.01716	0.78523	0.03940	0.01271	0.01589	0.01461	0.01144	0.01461	0.01017	0.01525	0.00762	0.00572	0.00572	0.00191	0.00762	0.00508	0.00254	0.00635
10	0.00819	0.00604	0.00874	0.00872	0.00962	0.00686	0.00659	0.00999	0.00938	0.01341	0.04762	0.02529	0.01685	0.14038	0.64566	0.00840	0.01350	0.00660	0.00326	0.00490
11	0.00810	0.00585	0.00765	0.00720	0.00855	0.00540	0.00540	0.01079	0.01619	0.02294	0.76028	0.04273	0.05397	0.01169	0.00675	0.00180	0.00270	0.01034	0.00630	0.00540
12	0.00832	0.00555	0.00624	0.00624	0.00624	0.00555	0.00347	0.00832	0.00832	0.01109	0.01802	0.03743	0.02080	0.79898	0.02911	0.00555	0.00555	0.00832	0.00347	0.00347
13	0.01478	0.01256	0.01324	0.01175	0.01508	0.01448	0.00919	0.08271	0.69976	0.02482	0.02258	0.02078	0.01689	0.00769	0.00581	0.00192	0.00466	0.00637	0.00581	0.00910
14	0.00967	0.04146	0.00920	0.00811	0.00989	0.00797	0.00603	0.06600	0.11825	0.01857	0.14118	0.22280	0.21976	0.08449	0.00859	0.00229	0.00383	0.01081	0.00527	0.00581
15	0.01972	0.10313	0.07670	0.01071	0.01512	0.01192	0.00958	0.16039	0.03281	0.34455	0.08510	0.01863	0.01555	0.00700	0.00546	0.00166	0.00526	0.00556	0.04109	0.03006

[dist]
# distance from previous block
# <min> <max>
0	3

[block]
# block no. 11 follows, 41 sequences, length 13
# corresponding to MSA columns:
# 554-566
name=unknown_L
#
# <colnr> <probs for GDERKNQSTAVLIFYWHMCP>
#	G	D	E	R	K	N	Q	S	T	A	V	L	I	F	Y	W	H	M	C	P
0	0.01705	0.01234	0.01355	0.01131	0.01483	0.01356	0.00903	0.26669	0.33096	0.10009	0.10382	0.02104	0.01862	0.00781	0.00583	0.00181	0.00489	0.00636	0.03160	0.00881
1	0.01056	0.00772	0.00908	0.00826	0.01026	0.00782	0.00633	0.05680	0.15700	0.04153	0.47095	0.03575	0.08158	0.01039	0.00631	0.00180	0.00331	0.00897	0.05917	0.00641
2	0.02566	0.00973	0.01327	0.01018	0.01460	0.00841	0.00841	0.02788	0.01637	0.76726	0.02257	0.01947	0.01416	0.00708	0.00575	0.00177	0.00487	0.00575	0.00708	0.00973
3	0.01186	0.01017	0.01186	0.00847	0.01356	0.00762	0.00678	0.01440	0.01186	0.01864	0.01017	0.01186	0.00847	0.00424	0.00424	0.00085	0.00424	0.00339	0.00339	0.83395
4	0.01031	0.00650	0.00805	0.00863	0.01009	0.00657	0.00727	0.04348	0.01330	0.01955	0.02508	0.04563	0.02486	0.01188	0.00630	0.00209	0.00430	0.41550	0.32514	0.00548
5	0.00831	0.00600	0.00856	0.00856	0.00944	0.00682	0.00644	0.01006	0.00918	0.01331	0.01589	0.02473	0.01532	0.15819	0.62562	0.00827	0.01323	0.00643	0.04077	0.00486
6	0.01168	0.07209	0.72869	0.01594	0.02420	0.01380	0.02051	0.01806	0.01205	0.01786	0.01014	0.01192	0.00725	0.00540	0.00534	0.00178	0.00832	0.00416	0.00242	0.00839
7	0.01094	0.03751	0.26076	0.01291	0.01642	0.01219	0.01307	0.04639	0.01090	0.01598	0.01179	0.01627	0.01020	0.02122	0.31270	0.00485	0.17121	0.00515	0.00284	0.00671
8	0.00824	0.00551	0.00626	0.00633	0.00635	0.00550	0.00357	0.00830	0.00846	0.01128	0.01877	0.07923	0.02173	0.75590	0.02791	0.00537	0.00542	0.00876	0.00357	0.00353
9	0.00795	0.00590	0.00772	0.05492	0.01057	0.00577	0.00616	0.03789	0.01200	0.01577	0.05552	0.56019	0.12167	0.01612	0.00751	0.02601	0.00373	0.03453	0.00511	0.00495
10	0.03815	0.05993	0.07280	0.30632	0.22608	0.03296	0.06414	0.05824	0.02947	0.04208	0.01109	0.01428	0.00853	0.00557	0.00556	0.00178	0.00725	0.00498	0.00307	0.00774
11	0.01052	0.00806	0.01302	0.05207	0.06030	0.00808	0.14007	0.01339	0.01191	0.01817	0.01897	0.10398	0.03666	0.01267	0.10499	0.00269	0.00627	0.03902	0.33321	0.00593
12	0.00914	0.00706	0.00798	0.00788	0.00928	0.00712	0.00559	0.03781	0.14451	0.01749	0.12050	0.22129	0.19200	0.17293	0.01123	0.00274	0.00392	0.01087	0.00516	0.00550

[dist]
# distance from previous block
# <min> <max>
2	9

[block]
# block no. 12 follows, 41 sequences, length 10
# corresponding to MSA columns:
# 576-585
name=unknown_M
#
# <colnr> <probs for GDERKNQSTAVLIFYWHMCP>
#	G	D	E	R	K	N	Q	S	T	A	V	L	I	F	Y	W	H	M	C	P
0	0.09203	0.01326	0.05100	0.06536	0.18202	0.10187	0.02881	0.06334	0.04389	0.01893	0.02754	0.12767	0.01529	0.02698	0.02615	0.00213	0.02882	0.04046	0.03748	0.00699
1	0.04246	0.04243	0.01650	0.13996	0.03698	0.31980	0.05021	0.03634	0.01431	0.04721	0.06209	0.01439	0.01118	0.00618	0.00582	0.00158	0.03866	0.00467	0.00338	0.10584
2	0.00971	0.00551	0.00795	0.00784	0.00802	0.00573	0.00543	0.00805	0.00838	0.01127	0.04813	0.05800	0.04930	0.01854	0.01993	0.66384	0.05226	0.00611	0.00294	0.00307
3	0.01365	0.01246	0.01640	0.11445	0.13365	0.05673	0.05336	0.10034	0.12464	0.01959	0.01651	0.07100	0.04821	0.00802	0.00789	0.00192	0.13110	0.00642	0.05629	0.00738
4	0.00937	0.00693	0.00965	0.00963	0.04622	0.00638	0.05260	0.01124	0.01296	0.06233	0.17662	0.15641	0.23436	0.11602	0.00974	0.00247	0.00418	0.06235	0.00509	0.00545
5	0.01216	0.09459	0.34970	0.03389	0.06563	0.02884	0.04095	0.04287	0.08177	0.01921	0.11625	0.01955	0.05643	0.00697	0.00563	0.00176	0.00666	0.00578	0.00359	0.00775
6	0.01206	0.01616	0.22969	0.01432	0.01844	0.05338	0.13476	0.01582	0.01159	0.05121	0.01278	0.01662	0.01041	0.01719	0.23900	0.00406	0.07695	0.00540	0.05324	0.00690
7	0.00752	0.00563	0.00701	0.00734	0.00852	0.00512	0.00540	0.00940	0.01363	0.01819	0.31685	0.27171	0.21970	0.01454	0.00700	0.00205	0.00313	0.06654	0.00568	0.00502
8	0.01482	0.04679	0.04478	0.01455	0.12424	0.12819	0.02781	0.08481	0.02977	0.04063	0.01272	0.06272	0.01095	0.00624	0.00540	0.00144	0.02393	0.00504	0.04929	0.26589
9	0.00928	0.05767	0.00945	0.00827	0.01029	0.00823	0.00641	0.01415	0.18294	0.01724	0.03871	0.20450	0.32317	0.01318	0.00656	0.00203	0.00377	0.07294	0.00524	0.00596

[dist]
# distance from previous block
# <min> <max>
0	1

[block]
# block no. 13 follows, 41 sequences, length 19
# corresponding to MSA columns:
# 587-605
name=unknown_N
#
# <colnr> <probs for GDERKNQSTAVLIFYWHMCP>
#	G	D	E	R	K	N	Q	S	T	A	V	L	I	F	Y	W	H	M	C	P
0	0.03756	0.61775	0.02654	0.01072	0.01523	0.15663	0.00996	0.04240	0.01290	0.01462	0.00830	0.00953	0.00740	0.00515	0.00400	0.00130	0.00683	0.00324	0.00267	0.00726
1	0.00822	0.00556	0.00621	0.00621	0.00633	0.00550	0.00352	0.00831	0.00862	0.01137	0.02057	0.03856	0.06807	0.74888	0.02769	0.00531	0.00538	0.00856	0.00358	0.00355
