[name]
unknown

[dist]
# distance from previous block
# <min> <max>
0	155

[block]
# block no. 0 follows, 62 sequences, length 64
# corresponding to MSA columns:
# 155-213,228-232
name=unknown_A
#
# <colnr> <probs for GDERKNQSTAVLIFYWHMCP>
#	G	D	E	R	K	N	Q	S	T	A	V	L	I	F	Y	W	H	M	C	P
0	0.00686	0.00490	0.00686	0.00784	0.00882	0.00490	0.00686	0.00882	0.00980	0.01273	0.02253	0.04800	0.02449	0.01175	0.00588	0.00196	0.00392	0.79528	0.00392	0.00392
1	0.01058	0.00914	0.00962	0.00866	0.01106	0.01058	0.00673	0.02261	0.81623	0.01780	0.01732	0.01588	0.01299	0.00577	0.00433	0.00144	0.00337	0.00481	0.00433	0.00673
2	0.00804	0.00756	0.01276	0.84023	0.02931	0.00945	0.01182	0.01087	0.00851	0.01087	0.00756	0.01134	0.00567	0.00425	0.00425	0.00142	0.00567	0.00378	0.00189	0.00473
3	0.00931	0.00931	0.01303	0.01117	0.01117	0.01303	0.00931	0.01024	0.00652	0.01024	0.00559	0.00931	0.00559	0.00745	0.01396	0.00186	0.84267	0.00372	0.00186	0.00465
4	0.01909	0.00724	0.00987	0.00757	0.01086	0.00625	0.00625	0.02074	0.01218	0.82687	0.01679	0.01448	0.01053	0.00527	0.00428	0.00132	0.00362	0.00428	0.00527	0.00724
5	0.00814	0.00767	0.01295	0.80570	0.06301	0.00948	0.01187	0.01096	0.00856	0.01100	0.00758	0.01131	0.00572	0.00423	0.00425	0.00141	0.00565	0.00378	0.00190	0.00481
6	0.01589	0.02028	0.01206	0.01096	0.01315	0.83338	0.00822	0.01699	0.01206	0.01041	0.00658	0.00767	0.00548	0.00438	0.00384	0.00110	0.00767	0.00274	0.00219	0.00493
7	0.00862	0.00463	0.00470	0.00445	0.00565	0.00474	0.00340	0.07680	0.00985	0.01678	0.01357	0.01539	0.01060	0.00497	0.00308	0.00102	0.00221	0.00395	0.80134	0.00424
8	0.01058	0.00914	0.00962	0.00866	0.01106	0.01058	0.00673	0.02261	0.81623	0.01780	0.01732	0.01588	0.01299	0.00577	0.00433	0.00144	0.00337	0.00481	0.00433	0.00673
9	0.01909	0.00724	0.00987	0.00757	0.01086	0.00625	0.00625	0.02074	0.01218	0.82687	0.01679	0.01448	0.01053	0.00527	0.00428	0.00132	0.00362	0.00428	0.00527	0.00724
10	0.88052	0.00823	0.00625	0.00560	0.00823	0.00955	0.00461	0.01251	0.00724	0.01909	0.00592	0.00691	0.00461	0.00395	0.00263	0.00132	0.00329	0.00230	0.00263	0.00461
11	0.01885	0.00763	0.01012	0.00776	0.01106	0.00683	0.00641	0.08672	0.01283	0.75996	0.01624	0.01413	0.01026	0.00525	0.00428	0.00131	0.00371	0.00424	0.00518	0.00724
12	0.00603	0.00434	0.00565	0.00533	0.00630	0.00402	0.00396	0.00796	0.01184	0.01675	0.79301	0.03164	0.03927	0.03855	0.00561	0.00144	0.00208	0.00764	0.00461	0.00396
13	0.00608	0.00456	0.00684	0.00684	0.00760	0.00532	0.00532	0.00760	0.00684	0.00988	0.01140	0.01672	0.01064	0.03191	0.83360	0.00684	0.01140	0.00456	0.00228	0.00380
14	0.01058	0.00914	0.00962	0.00866	0.01106	0.01058	0.00673	0.02261	0.81623	0.01780	0.01732	0.01588	0.01299	0.00577	0.00433	0.00144	0.00337	0.00481	0.00433	0.00673
15	0.00608	0.00456	0.00684	0.00684	0.00760	0.00532	0.00532	0.00760	0.00684	0.00988	0.01140	0.01672	0.01064	0.03191	0.83360	0.00684	0.01140	0.00456	0.00228	0.00380
16	0.00997	0.01042	0.01275	0.01103	0.01130	0.10618	0.00907	0.01093	0.00716	0.01025	0.00586	0.00933	0.00572	0.00778	0.03578	0.00191	0.72434	0.00364	0.00191	0.00466
17	0.00853	0.02201	0.82841	0.01213	0.01842	0.00988	0.01572	0.01348	0.00898	0.01348	0.00764	0.00898	0.00539	0.00404	0.00404	0.00135	0.00629	0.00314	0.00180	0.00629
18	0.01053	0.01011	0.01727	0.02612	0.82392	0.01011	0.01306	0.01306	0.00969	0.01390	0.00800	0.01053	0.00674	0.00379	0.00421	0.00126	0.00505	0.00379	0.00211	0.00674
19	0.01038	0.01002	0.01729	0.07057	0.75290	0.01010	0.04014	0.01296	0.00964	0.01373	0.00800	0.01061	0.00667	0.00381	0.00424	0.00128	0.00516	0.00383	0.00210	0.00660
20	0.01031	0.00988	0.01686	0.09985	0.75196	0.01005	0.01295	0.01286	0.00958	0.01363	0.00796	0.01060	0.00664	0.00383	0.00422	0.00128	0.00511	0.00379	0.00209	0.00656
21	0.01138	0.85302	0.02230	0.00728	0.01092	0.01684	0.00728	0.01274	0.00865	0.01001	0.00592	0.00683	0.00546	0.00364	0.00273	0.00091	0.00455	0.00228	0.00182	0.00546
22	0.01867	0.00751	0.00999	0.00770	0.01097	0.00670	0.00635	0.05427	0.04103	0.76423	0.01653	0.01435	0.01048	0.00528	0.00428	0.00132	0.00366	0.00428	0.00519	0.00722
23	0.01560	0.01086	0.12484	0.01026	0.02451	0.04989	0.12165	0.05432	0.03101	0.47963	0.01328	0.01267	0.00878	0.00483	0.00447	0.00134	0.01717	0.00413	0.00403	0.00672
24	0.01637	0.01040	0.11834	0.00890	0.01250	0.05060	0.03512	0.05971	0.07932	0.54122	0.01448	0.01320	0.00949	0.00504	0.00425	0.00132	0.00434	0.00410	0.00441	0.00690
25	0.04040	0.01182	0.01259	0.00967	0.01306	0.01309	0.00799	0.78739	0.01965	0.02660	0.01010	0.01012	0.00716	0.00508	0.00421	0.00128	0.00464	0.00379	0.00421	0.00716
26	0.88052	0.00823	0.00625	0.00560	0.00823	0.00955	0.00461	0.01251	0.00724	0.01909	0.00592	0.00691	0.00461	0.00395	0.00263	0.00132	0.00329	0.00230	0.00263	0.00461
27	0.00609	0.00450	0.00653	0.00653	0.00719	0.00515	0.00494	0.00740	0.00675	0.00965	0.01168	0.01825	0.01131	0.14507	0.72136	0.00646	0.01039	0.00478	0.00232	0.00363
28	0.88052	0.00823	0.00625	0.00560	0.00823	0.00955	0.00461	0.01251	0.00724	0.01909	0.00592	0.00691	0.00461	0.00395	0.00263	0.00132	0.00329	0.00230	0.00263	0.00461
29	0.01071	0.00920	0.00969	0.00868	0.01111	0.01064	0.00677	0.04029	0.79835	0.01800	0.01716	0.01575	0.01286	0.00576	0.00433	0.00144	0.00340	0.00479	0.00433	0.00675
30	0.01276	0.01689	0.13001	0.01373	0.04134	0.38552	0.26566	0.04560	0.02450	0.01272	0.00773	0.00939	0.00601	0.00411	0.00428	0.00126	0.00706	0.00363	0.00224	0.00555
31	0.01444	0.01144	0.01196	0.09833	0.02749	0.14312	0.02230	0.29983	0.11717	0.15118	0.01115	0.01160	0.00810	0.01714	0.00481	0.00135	0.03469	0.00390	0.00367	0.00634
32	0.00950	0.01243	0.14699	0.14114	0.03661	0.01048	0.53047	0.01309	0.00955	0.01310	0.00821	0.01100	0.00616	0.00386	0.00498	0.00143	0.02880	0.00449	0.00205	0.00566
33	0.00804	0.00756	0.01276	0.84023	0.02931	0.00945	0.01182	0.01087	0.00851	0.01087	0.00756	0.01134	0.00567	0.00425	0.00425	0.00142	0.00567	0.00378	0.00189	0.00473
34	0.00555	0.00407	0.00522	0.00554	0.00625	0.00373	0.00395	0.00689	0.01001	0.01361	0.36621	0.39864	0.11846	0.01105	0.00522	0.00153	0.00226	0.02380	0.00426	0.00372
35	0.76242	0.00870	0.03583	0.00607	0.00890	0.00935	0.00520	0.02720	0.00794	0.08658	0.00697	0.00768	0.00518	0.00408	0.00285	0.00132	0.00345	0.00253	0.00285	0.00493
36	0.01053	0.01011	0.01727	0.02612	0.82392	0.01011	0.01306	0.01306	0.00969	0.01390	0.00800	0.01053	0.00674	0.00379	0.00421	0.00126	0.00505	0.00379	0.00211	0.00674
37	0.01101	0.71818	0.07301	0.00781	0.01134	0.03204	0.00786	0.01259	0.00858	0.01025	0.00622	0.00743	0.00565	0.00484	0.03276	0.00119	0.03950	0.00248	0.00184	0.00541
38	0.01624	0.01182	0.01271	0.00974	0.01314	0.01304	0.00805	0.79245	0.01983	0.04434	0.01036	0.01031	0.00731	0.00511	0.00426	0.00128	0.00466	0.00384	0.00428	0.00724
39	0.00574	0.00427	0.00534	0.00522	0.00622	0.00387	0.00386	0.00743	0.01116	0.01531	0.58412	0.12333	0.18921	0.00961	0.00507	0.00140	0.00209	0.00843	0.00446	0.00387
40	0.01041	0.00998	0.01705	0.06691	0.78410	0.01008	0.01300	0.01295	0.00963	0.01375	0.00798	0.01057	0.00669	0.00381	0.00421	0.00127	0.00509	0.00379	0.00210	0.00664
41	0.10036	0.37388	0.03225	0.00842	0.01176	0.11715	0.00751	0.25793	0.01243	0.01627	0.00738	0.00806	0.00594	0.00421	0.00336	0.00109	0.00487	0.00284	0.00271	0.02157
42	0.00619	0.00413	0.00464	0.00464	0.00464	0.00413	0.00258	0.00619	0.00619	0.00825	0.01341	0.02785	0.01547	0.85046	0.02166	0.00413	0.00413	0.00619	0.00258	0.00258
43	0.01138	0.85302	0.02230	0.00728	0.01092	0.01684	0.00728	0.01274	0.00865	0.01001	0.00592	0.00683	0.00546	0.00364	0.00273	0.00091	0.00455	0.00228	0.00182	0.00546
44	0.00824	0.00426	0.00429	0.00418	0.00526	0.00431	0.00316	0.03945	0.00933	0.01627	0.01375	0.01565	0.01077	0.00496	0.00302	0.00100	0.00208	0.00396	0.84196	0.00409
45	0.00793	0.00397	0.00397	0.00397	0.00496	0.00397	0.00297	0.00991	0.00892	0.01586	0.01388	0.01586	0.01091	0.00496	0.00297	0.00099	0.00198	0.00397	0.87408	0.00397
46	0.01242	0.00902	0.00872	0.00725	0.00946	0.07760	0.00578	0.38121	0.01432	0.02048	0.01157	0.01256	0.00875	0.00498	0.00364	0.00113	0.00371	0.00380	0.39802	0.00556
47	0.00518	0.00370	0.00494	0.00592	0.00617	0.00346	0.00395	0.00592	0.00815	0.01086	0.02345	0.84768	0.02814	0.01333	0.00543	0.00173	0.00247	0.01210	0.00395	0.00346
48	0.01145	0.00956	0.01018	0.02288	0.01172	0.01099	0.00704	0.14993	0.67361	0.01914	0.01600	0.01488	0.01193	0.00564	0.00432	0.00142	0.00362	0.00463	0.00428	0.00678
49	0.00518	0.00370	0.00494	0.00592	0.00617	0.00346	0.00395	0.00592	0.00815	0.01086	0.02345	0.84768	0.02814	0.01333	0.00543	0.00173	0.00247	0.01210	0.00395	0.00346
50	0.01004	0.01148	0.02511	0.01793	0.02224	0.01076	0.80846	0.01363	0.01004	0.01363	0.00861	0.01148	0.00646	0.00359	0.00502	0.00143	0.00717	0.00502	0.00215	0.00574
51	0.00881	0.00756	0.00891	0.02541	0.01052	0.00576	0.00520	0.01072	0.00882	0.01380	0.00756	0.00888	0.00629	0.00318	0.00318	0.00065	0.00321	0.00255	0.00251	0.85650
52	0.00839	0.00410	0.00421	0.00411	0.00520	0.00406	0.00311	0.01036	0.00906	0.04928	0.01400	0.01581	0.01089	0.00497	0.00303	0.00100	0.00205	0.00398	0.83829	0.00410
53	0.00939	0.00825	0.01274	0.66227	0.07207	0.04115	0.01118	0.01212	0.02036	0.07254	0.00832	0.01140	0.00619	0.00443	0.00453	0.00140	0.03059	0.00379	0.00220	0.00507
54	0.01437	0.08653	0.02328	0.02241	0.01271	0.65635	0.00793	0.01595	0.03892	0.01073	0.00897	0.00990	0.04974	0.00519	0.01837	0.00122	0.00699	0.00316	0.00232	0.00496
55	0.00882	0.00756	0.00882	0.00630	0.01008	0.00567	0.00504	0.01071	0.00882	0.01387	0.00756	0.00882	0.00630	0.00315	0.00315	0.00063	0.00315	0.00252	0.00252	0.87647
56	0.00599	0.00435	0.00564	0.00532	0.00634	0.00400	0.00399	0.00796	0.01196	0.01687	0.79510	0.03210	0.06684	0.00877	0.00502	0.00134	0.00201	0.00774	0.00466	0.00400
57	0.00546	0.00433	0.00492	0.00491	0.00613	0.00380	0.00371	0.00688	0.01041	0.01336	0.29658	0.06944	0.49201	0.01025	0.00509	0.00144	0.00221	0.05114	0.00419	0.00374
58	0.01100	0.00935	0.00986	0.00874	0.01122	0.01078	0.00684	0.08170	0.75646	0.01848	0.01679	0.01545	0.01256	0.00572	0.00432	0.00143	0.00347	0.00474	0.00432	0.00677
59	0.01032	0.00959	0.01563	0.04618	0.61729	0.00948	0.03377	0.03546	0.02534	0.01432	0.00843	0.01069	0.00695	0.00385	0.00407	0.00120	0.00476	0.00371	0.03588	0.10309
60	0.01103	0.59393	0.15505	0.00940	0.04396	0.05977	0.03121	0.01307	0.00892	0.01086	0.00638	0.00756	0.00553	0.00384	0.00340	0.00104	0.02496	0.00261	0.00186	0.00561
61	0.84697	0.00826	0.00638	0.00571	0.00834	0.00959	0.00469	0.01290	0.03844	0.01904	0.00636	0.00726	0.00493	0.00402	0.00270	0.00132	0.00329	0.00240	0.00270	0.00469
62	0.00627	0.00480	0.00695	0.00683	0.00747	0.00564	0.00524	0.00759	0.00680	0.00975	0.01177	0.01784	0.02413	0.11773	0.68193	0.00615	0.06232	0.00475	0.00231	0.00372
63	0.00560	0.00434	0.00521	0.00612	0.00644	0.03546	0.00411	0.00635	0.00830	0.01084	0.02280	0.81529	0.02727	0.01299	0.00537	0.00170	0.00267	0.01174	0.00388	0.00351

[dist]
# distance from previous block
# <min> <max>
0	1

[block]
# block no. 1 follows, 62 sequences, length 16
# corresponding to MSA columns:
# 234-249
name=unknown_B
#
# <colnr> <probs for GDERKNQSTAVLIFYWHMCP>
#	G	D	E	R	K	N	Q	S	T	A	V	L	I	F	Y	W	H	M	C	P
0	0.01138	0.85302	0.02230	0.00728	0.01092	0.01684	0.00728	0.01274	0.00865	0.01001	0.00592	0.00683	0.00546	0.00364	0.00273	0.00091	0.00455	0.00228	0.00182	0.00546
1	0.00951	0.00884	0.01488	0.02170	0.63677	0.00901	0.01128	0.01181	0.00904	0.01298	0.00878	0.01195	0.00763	0.01024	0.19436	0.00254	0.00651	0.00397	0.00215	0.00607
2	0.00768	0.01744	0.61487	0.01021	0.01522	0.00829	0.01259	0.01165	0.00917	0.01300	0.01621	0.01748	0.19322	0.00582	0.00432	0.00139	0.00527	0.02821	0.00235	0.00560
3	0.01514	0.01052	0.19719	0.00846	0.01220	0.00714	0.00825	0.05176	0.01172	0.51973	0.08474	0.01505	0.02757	0.00538	0.00430	0.00133	0.00411	0.00439	0.00435	0.00667
4	0.00530	0.00425	0.00441	0.00444	0.00551	0.00371	0.00311	0.00612	0.00884	0.01073	0.03564	0.06471	0.61090	0.20337	0.00885	0.00206	0.00262	0.00844	0.00364	0.00336
5	0.00837	0.00453	0.00605	0.00625	0.00723	0.00410	0.00446	0.00933	0.00912	0.19796	0.02251	0.63276	0.04764	0.01141	0.00515	0.00163	0.00272	0.01021	0.00425	0.00433
6	0.00948	0.01558	0.35113	0.01532	0.04904	0.01037	0.40947	0.01408	0.05714	0.01382	0.00870	0.01069	0.00642	0.00391	0.00455	0.00139	0.00651	0.00420	0.00213	0.00606
7	0.00833	0.00816	0.00804	0.00778	0.00887	0.19516	0.00598	0.00975	0.00804	0.01000	0.01029	0.01464	0.00946	0.02560	0.64337	0.00552	0.01054	0.00414	0.00226	0.00406
8	0.00529	0.00420	0.00477	0.00505	0.00609	0.00371	0.00371	0.00639	0.00938	0.01174	0.09380	0.24306	0.48922	0.02640	0.01966	0.00167	0.00252	0.05581	0.00395	0.00359
9	0.00522	0.00406	0.00475	0.00511	0.00600	0.00359	0.00363	0.00627	0.00935	0.01194	0.13343	0.37574	0.39258	0.01158	0.00520	0.00155	0.00227	0.01012	0.00404	0.00359
10	0.01170	0.00820	0.00895	0.00791	0.02410	0.00900	0.00610	0.16074	0.38269	0.09490	0.01496	0.01486	0.01118	0.02138	0.00433	0.00135	0.00335	0.00440	0.20373	0.00616
11	0.00919	0.00870	0.01416	0.04717	0.61092	0.00859	0.01077	0.01139	0.00965	0.01325	0.01604	0.01753	0.19366	0.00541	0.00440	0.00131	0.00441	0.00498	0.00252	0.00595
12	0.01014	0.00953	0.01533	0.02157	0.63734	0.00909	0.01122	0.01252	0.00949	0.01389	0.00790	0.01014	0.00664	0.00364	0.00397	0.00112	0.00462	0.00350	0.00220	0.20614
13	0.02274	0.01147	0.01075	0.07641	0.16911	0.28212	0.00771	0.01326	0.07927	0.02335	0.04162	0.01532	0.02110	0.19861	0.00812	0.00190	0.00541	0.00429	0.00260	0.00486
14	0.00937	0.05954	0.57155	0.01512	0.20265	0.01022	0.02974	0.01349	0.00921	0.02925	0.00783	0.00939	0.00582	0.00398	0.00404	0.00131	0.00589	0.00331	0.00194	0.00636
15	0.00605	0.00499	0.00625	0.00615	0.00714	0.02332	0.00474	0.00735	0.00793	0.01044	0.02229	0.02504	0.29658	0.04223	0.47240	0.00455	0.03985	0.00608	0.00286	0.00376

[dist]
# distance from previous block
# <min> <max>
0	4

[block]
# block no. 2 follows, 62 sequences, length 16
# corresponding to MSA columns:
# 254-269
name=unknown_C
#
# <colnr> <probs for GDERKNQSTAVLIFYWHMCP>
#	G	D	E	R	K	N	Q	S	T	A	V	L	I	F	Y	W	H	M	C	P
0	0.15836	0.00985	0.00990	0.00816	0.01093	0.06641	0.00657	0.26990	0.14833	0.17481	0.02180	0.01216	0.00902	0.01885	0.02746	0.00150	0.00429	0.00386	0.03161	0.00625
1	0.00886	0.14811	0.01483	0.61439	0.11180	0.01075	0.01120	0.01142	0.00866	0.01105	0.00734	0.01051	0.00575	0.00410	0.00400	0.00132	0.00542	0.00353	0.00190	0.00507
2	0.01013	0.00996	0.01786	0.04614	0.63047	0.00989	0.14456	0.01276	0.00964	0.01363	0.00882	0.05026	0.00767	0.00422	0.00441	0.00132	0.00530	0.00439	0.00220	0.00636
3	0.00572	0.00406	0.00525	0.00596	0.00633	0.00392	0.00412	0.00676	0.02430	0.01104	0.05648	0.54804	0.02563	0.16350	0.00837	0.00217	0.00295	0.10823	0.00374	0.00345
4	0.01149	0.01035	0.01627	0.05307	0.64340	0.01066	0.01209	0.16159	0.01157	0.01620	0.00840	0.01050	0.00679	0.00405	0.00422	0.00127	0.00501	0.00380	0.00250	0.00676
5	0.00818	0.01683	0.53862	0.01225	0.07114	0.00882	0.09398	0.01209	0.00924	0.01314	0.01396	0.03113	0.14156	0.00528	0.00434	0.00137	0.00553	0.00452	0.00225	0.00576
6	0.00640	0.00442	0.00615	0.00615	0.00688	0.00498	0.00467	0.00785	0.00712	0.01072	0.01200	0.01763	0.01114	0.10495	0.61890	0.00561	0.00915	0.00461	0.14695	0.00371
7	0.00845	0.01961	0.69309	0.14952	0.02022	0.00981	0.01507	0.01304	0.00890	0.01304	0.00762	0.00938	0.00544	0.00408	0.00408	0.00136	0.00619	0.00325	0.00181	0.00603
8	0.01087	0.00950	0.01485	0.25214	0.43070	0.01022	0.01155	0.14467	0.01110	0.03449	0.00874	0.02647	0.00701	0.00435	0.00426	0.00132	0.00508	0.00396	0.00251	0.00621
9	0.00832	0.00866	0.01766	0.01390	0.04137	0.00813	0.49633	0.01086	0.00935	0.01265	0.01389	0.31023	0.01421	0.00707	0.00514	0.00153	0.00543	0.00751	0.00279	0.00495
10	0.00897	0.00761	0.01230	0.09437	0.41497	0.00780	0.00952	0.03763	0.00904	0.01248	0.01110	0.13008	0.01099	0.00759	0.00656	0.14656	0.00444	0.06040	0.00250	0.00510
11	0.01034	0.15079	0.05255	0.13107	0.30160	0.04612	0.18288	0.01315	0.02698	0.01261	0.00779	0.01013	0.00632	0.00395	0.00437	0.00128	0.02635	0.00375	0.00207	0.00589
12	0.01166	0.01013	0.02770	0.04336	0.42920	0.01029	0.07463	0.17858	0.01182	0.05890	0.02116	0.03547	0.00842	0.00480	0.00473	0.00134	0.03584	0.02268	0.00283	0.00645
13	0.00886	0.14513	0.45426	0.02122	0.05143	0.03296	0.03456	0.01205	0.00862	0.01197	0.01887	0.01243	0.00774	0.15443	0.00702	0.00177	0.00558	0.00369	0.00201	0.00542
14	0.00925	0.08404	0.46440	0.01406	0.08790	0.01050	0.20219	0.01342	0.02400	0.01346	0.03199	0.01033	0.00693	0.00405	0.00422	0.00133	0.00607	0.00374	0.00204	0.00607
15	0.01276	0.08344	0.31498	0.01055	0.03826	0.09542	0.03092	0.06864	0.05217	0.21337	0.03191	0.01117	0.00816	0.00461	0.00406	0.00128	0.00525	0.00363	0.00308	0.00634

[dist]
# distance from previous block
# <min> <max>
1	9

[block]
# block no. 3 follows, 62 sequences, length 24
# corresponding to MSA columns:
# 279-302
name=unknown_D
#
# <colnr> <probs for GDERKNQSTAVLIFYWHMCP>
#	G	D	E	R	K	N	Q	S	T	A	V	L	I	F	Y	W	H	M	C	P
0	0.04836	0.02012	0.03394	0.00762	0.01031	0.02391	0.00627	0.10883	0.12427	0.36347	0.05764	0.09581	0.06760	0.00650	0.00438	0.00137	0.00358	0.00536	0.00446	0.00620
1	0.01501	0.03914	0.09638	0.04188	0.01273	0.15730	0.02534	0.04191	0.03388	0.39792	0.05198	0.04585	0.01072	0.00534	0.00422	0.00129	0.00473	0.00429	0.00389	0.00621
2	0.03984	0.02998	0.01085	0.08624	0.07209	0.14033	0.00744	0.06676	0.07174	0.32584	0.01294	0.05797	0.00966	0.00530	0.00412	0.00129	0.00449	0.00427	0.04277	0.00609
3	0.00988	0.12919	0.48115	0.01445	0.18741	0.01072	0.04367	0.01363	0.00928	0.05080	0.00795	0.00937	0.00596	0.00398	0.00395	0.00127	0.00571	0.00329	0.00204	0.00630
4	0.00951	0.01340	0.24104	0.06134	0.13149	0.06196	0.20925	0.01343	0.07552	0.01325	0.02692	0.02559	0.00869	0.05053	0.00552	0.01133	0.00578	0.02740	0.00237	0.00567
5	0.02982	0.01052	0.13004	0.09381	0.06185	0.04724	0.24265	0.02026	0.02539	0.03811	0.01274	0.24294	0.01244	0.00659	0.00472	0.00147	0.00519	0.00631	0.00275	0.00516
6	0.01269	0.01131	0.08027	0.01509	0.26367	0.06703	0.08089	0.15156	0.05471	0.14626	0.01198	0.03592	0.03908	0.00494	0.00433	0.00131	0.00496	0.00435	0.00321	0.00644
7	0.01059	0.04191	0.01544	0.10533	0.50838	0.06905	0.04423	0.01294	0.00963	0.03845	0.00859	0.01102	0.00702	0.00513	0.03777	0.00147	0.00539	0.00377	0.05786	0.00603
8	0.00563	0.00411	0.00534	0.00587	0.00655	0.00383	0.00431	0.00692	0.00959	0.01284	0.23696	0.42785	0.11802	0.01160	0.00534	0.00163	0.00252	0.12327	0.00414	0.00369
9	0.01090	0.06714	0.22430	0.01330	0.10011	0.14588	0.18263	0.05584	0.02769	0.03728	0.02128	0.01257	0.07260	0.00468	0.00427	0.00129	0.00586	0.00413	0.00247	0.00578
10	0.01258	0.12997	0.01589	0.07290	0.24889	0.20983	0.07343	0.08963	0.03471	0.04984	0.00868	0.01013	0.01642	0.00426	0.00400	0.00121	0.00565	0.00354	0.00251	0.00594
11	0.00618	0.00414	0.00474	0.00474	0.00477	0.00418	0.00270	0.00625	0.00622	0.00832	0.01332	0.02737	0.01526	0.81521	0.05662	0.00424	0.00444	0.00612	0.00257	0.00263
12	0.00569	0.00407	0.00530	0.00581	0.00643	0.00382	0.00420	0.00694	0.00946	0.01285	0.24670	0.43882	0.07474	0.04023	0.00585	0.00170	0.00254	0.10055	0.02064	0.00365
13	0.01242	0.03161	0.04787	0.01811	0.41922	0.21387	0.01073	0.12646	0.02630	0.01476	0.00913	0.01065	0.03118	0.00438	0.00411	0.00123	0.00557	0.00365	0.00251	0.00622
14	0.15485	0.00914	0.02725	0.12992	0.04616	0.04655	0.00740	0.12437	0.16835	0.12611	0.01206	0.01361	0.01958	0.04297	0.00476	0.00147	0.00421	0.02125	0.03423	0.00575
15	0.13515	0.01960	0.67620	0.01109	0.01673	0.00997	0.01380	0.04567	0.00918	0.01483	0.00749	0.00873	0.00535	0.00407	0.00385	0.00134	0.00579	0.00305	0.00202	0.00608
16	0.01131	0.01154	0.01621	0.10068	0.55799	0.13530	0.04626	0.04511	0.01036	0.01358	0.00786	0.01020	0.00645	0.00397	0.00420	0.00126	0.00559	0.00369	0.00219	0.00625
17	0.01350	0.01459	0.01100	0.00944	0.01211	0.41980	0.00732	0.12777	0.10267	0.01437	0.00913	0.01079	0.00750	0.00468	0.00389	0.00110	0.00568	0.03456	0.00286	0.18725
18	0.00588	0.00462	0.00496	0.00479	0.00625	0.00406	0.00362	0.00763	0.04629	0.03796	0.17555	0.03743	0.62584	0.01002	0.00497	0.00142	0.00223	0.00843	0.00414	0.00392
19	0.00931	0.00782	0.00820	0.00813	0.06497	0.11578	0.00577	0.07653	0.04071	0.05853	0.43446	0.02476	0.07762	0.00739	0.00468	0.00132	0.00339	0.03057	0.01523	0.00482
20	0.10503	0.01138	0.04442	0.04252	0.03044	0.07293	0.00793	0.38332	0.11338	0.02019	0.02109	0.01981	0.02153	0.01465	0.00489	0.00136	0.05879	0.00390	0.00350	0.01894
21	0.02665	0.01096	0.03077	0.11629	0.15728	0.10977	0.04744	0.15532	0.11436	0.07802	0.02977	0.01154	0.00831	0.00463	0.00426	0.00126	0.01439	0.00385	0.00309	0.07206
22	0.02953	0.03063	0.01211	0.02966	0.15358	0.06509	0.02704	0.21091	0.03368	0.11045	0.08465	0.01237	0.01027	0.00472	0.00404	0.00116	0.00431	0.00390	0.00338	0.16850
23	0.01066	0.16448	0.03275	0.01022	0.07187	0.06737	0.07650	0.12612	0.05458	0.02649	0.04182	0.06245	0.07926	0.00584	0.00483	0.00127	0.06501	0.02354	0.00295	0.07200

[dist]
# distance from previous block
# <min> <max>
3	37

[block]
# block no. 4 follows, 62 sequences, length 67
# corresponding to MSA columns:
# 340-406
name=unknown_E
#
# <colnr> <probs for GDERKNQSTAVLIFYWHMCP>
#	G	D	E	R	K	N	Q	S	T	A	V	L	I	F	Y	W	H	M	C	P
0	0.11192	0.10392	0.05482	0.00827	0.01141	0.04577	0.00712	0.22591	0.13001	0.13894	0.02280	0.04610	0.00918	0.00512	0.00388	0.00125	0.00414	0.00393	0.00363	0.06189
1	0.15088	0.02315	0.05289	0.01016	0.08383	0.01031	0.03855	0.25922	0.14770	0.06048	0.05569	0.01235	0.02065	0.00496	0.00400	0.00129	0.00413	0.00397	0.00355	0.05224
2	0.10407	0.03995	0.01127	0.00883	0.03026	0.03391	0.00705	0.36243	0.11621	0.12418	0.01089	0.01078	0.00788	0.00476	0.00390	0.00121	0.00414	0.00361	0.00383	0.11084
3	0.01564	0.01134	0.01227	0.00945	0.01282	0.01236	0.00778	0.69295	0.05880	0.06154	0.01072	0.01062	0.00762	0.00504	0.00420	0.00125	0.00449	0.00383	0.00421	0.05306
4	0.00607	0.00469	0.00541	0.00516	0.00644	0.00428	0.00388	0.04934	0.01120	0.01474	0.38662	0.08254	0.38471	0.00970	0.00501	0.00140	0.00224	0.00832	0.00429	0.00396
5	0.01588	0.01177	0.01260	0.00973	0.01308	0.01306	0.00802	0.76822	0.06200	0.02634	0.01059	0.01051	0.00754	0.00514	0.00426	0.00129	0.00461	0.00388	0.00426	0.00721
6	0.01591	0.01984	0.01210	0.01090	0.01316	0.79012	0.00821	0.05880	0.01248	0.01128	0.00677	0.00781	0.00557	0.00442	0.00386	0.00111	0.00752	0.00280	0.00230	0.00505
7	0.00687	0.00500	0.00677	0.00758	0.00859	0.00503	0.00646	0.00926	0.05231	0.01304	0.05842	0.10490	0.03575	0.01141	0.00571	0.00188	0.00367	0.64935	0.00398	0.00403
8	0.01533	0.00863	0.01054	0.01958	0.05819	0.01973	0.00701	0.18326	0.15302	0.38853	0.03580	0.03890	0.01123	0.00554	0.00430	0.00133	0.00385	0.00454	0.02391	0.00679
9	0.06506	0.04346	0.08163	0.01015	0.01269	0.54353	0.00833	0.05735	0.01148	0.03648	0.02220	0.04617	0.00729	0.00494	0.00420	0.00120	0.03284	0.00338	0.00249	0.00515
10	0.80251	0.00894	0.03717	0.00606	0.00887	0.00975	0.00520	0.05459	0.00798	0.01929	0.00621	0.00716	0.00478	0.00401	0.00277	0.00132	0.00348	0.00242	0.00269	0.00481
11	0.03007	0.01028	0.01483	0.28313	0.35061	0.10492	0.05342	0.01249	0.00934	0.01236	0.00798	0.03340	0.00672	0.00445	0.00472	0.00135	0.04831	0.00392	0.00210	0.00559
12	0.05649	0.47106	0.19328	0.04709	0.06118	0.01369	0.03125	0.01295	0.00875	0.03127	0.00681	0.00811	0.00564	0.00395	0.00364	0.00113	0.03330	0.00279	0.00197	0.00566
13	0.01064	0.02840	0.01687	0.02460	0.75195	0.04071	0.01257	0.01307	0.00976	0.01365	0.00834	0.01147	0.00720	0.00405	0.00422	0.00127	0.00511	0.02741	0.00216	0.00656
14	0.00947	0.01141	0.16881	0.01328	0.12374	0.02945	0.16476	0.04185	0.02828	0.03915	0.11058	0.04133	0.02087	0.00595	0.00589	0.00147	0.11605	0.05937	0.00277	0.00551
15	0.00523	0.00374	0.00498	0.00589	0.00618	0.00349	0.00395	0.00604	0.00835	0.01119	0.06555	0.80465	0.02878	0.01309	0.00541	0.00171	0.00244	0.01186	0.00399	0.00349
16	0.00882	0.00756	0.00882	0.00630	0.01008	0.00567	0.00504	0.01071	0.00882	0.01387	0.00756	0.00882	0.00630	0.00315	0.00315	0.00063	0.00315	0.00252	0.00252	0.87647
17	0.01625	0.01179	0.01269	0.00973	0.01313	0.01301	0.00804	0.78835	0.01979	0.04849	0.01039	0.01033	0.00733	0.00511	0.00426	0.00128	0.00465	0.00384	0.00428	0.00724
18	0.00619	0.00413	0.00464	0.00464	0.00464	0.00413	0.00258	0.00619	0.00619	0.00825	0.01341	0.02785	0.01547	0.85046	0.02166	0.00413	0.00413	0.00619	0.00258	0.00258
19	0.00739	0.00370	0.00554	0.00554	0.00554	0.00370	0.00370	0.00554	0.00554	0.00739	0.00739	0.01293	0.00739	0.01478	0.01663	0.87620	0.00370	0.00370	0.00185	0.00185
20	0.00553	0.00441	0.00498	0.00497	0.00616	0.00394	0.00368	0.00721	0.03763	0.01327	0.26891	0.14197	0.46148	0.01033	0.00505	0.00145	0.00219	0.00886	0.00418	0.00381
21	0.00912	0.00755	0.00885	0.00634	0.01011	0.00569	0.00508	0.01100	0.00892	0.03745	0.00783	0.00899	0.00643	0.00321	0.00318	0.00065	0.00316	0.00257	0.00260	0.85125
22	0.07250	0.01138	0.01207	0.00936	0.01264	0.01260	0.00770	0.70604	0.04264	0.04239	0.01033	0.01051	0.00742	0.01722	0.00440	0.00133	0.00452	0.00380	0.00415	0.00698
23	0.00978	0.01236	0.16502	0.01978	0.36638	0.00995	0.27207	0.01305	0.00968	0.01366	0.00906	0.01294	0.00753	0.00428	0.00455	0.00138	0.00589	0.05429	0.00218	0.00615
24	0.00986	0.00775	0.00834	0.00765	0.00964	0.00865	0.00588	0.05751	0.52821	0.03774	0.01825	0.13339	0.03998	0.00686	0.00435	0.00142	0.00312	0.00581	0.09968	0.00591
25	0.00889	0.00770	0.00923	0.00709	0.03570	0.00606	0.00544	0.01077	0.00877	0.01374	0.00751	0.00889	0.00629	0.00332	0.00355	0.00069	0.03177	0.00260	0.00249	0.81947
26	0.04152	0.22740	0.22157	0.01032	0.01431	0.13742	0.09379	0.09095	0.02492	0.06025	0.00914	0.00999	0.03179	0.00436	0.00381	0.00120	0.00556	0.00338	0.00248	0.00583
27	0.01722	0.00738	0.00987	0.00811	0.03821	0.00665	0.00637	0.07689	0.01258	0.65751	0.07516	0.01608	0.03660	0.00562	0.00435	0.00132	0.00359	0.00462	0.00500	0.00688
28	0.15263	0.01096	0.06633	0.03847	0.51052	0.05709	0.03073	0.01361	0.00950	0.05953	0.00805	0.00994	0.00641	0.00395	0.00395	0.00128	0.00498	0.00350	0.00235	0.00622
29	0.00989	0.04594	0.18469	0.03561	0.24732	0.04272	0.03714	0.01270	0.03022	0.09313	0.04643	0.04706	0.13759	0.00571	0.00434	0.00133	0.00464	0.00494	0.00285	0.00576
30	0.01264	0.00815	0.02054	0.00909	0.07530	0.00799	0.00674	0.18527	0.11461	0.23277	0.08568	0.05777	0.09407	0.00647	0.00446	0.00134	0.00362	0.02667	0.00424	0.04255
31	0.01065	0.00932	0.03787	0.09832	0.42148	0.02077	0.01029	0.03334	0.07944	0.09273	0.03110	0.01444	0.07088	0.00489	0.00428	0.00130	0.00452	0.01136	0.00286	0.04016
32	0.00749	0.00459	0.00588	0.00600	0.00711	0.00413	0.00442	0.00862	0.00936	0.12755	0.07888	0.42199	0.15535	0.03258	0.00556	0.00164	0.00274	0.07905	0.00410	0.03295
33	0.02991	0.02501	0.34337	0.01550	0.14813	0.04627	0.23618	0.03565	0.03131	0.01399	0.00817	0.01002	0.00616	0.00399	0.00441	0.00134	0.01620	0.00379	0.00213	0.01847
34	0.01053	0.01011	0.01727	0.02612	0.82392	0.01011	0.01306	0.01306	0.00969	0.01390	0.00800	0.01053	0.00674	0.00379	0.00421	0.00126	0.00505	0.00379	0.00211	0.00674
35	0.00882	0.00756	0.00882	0.00630	0.01008	0.00567	0.00504	0.01071	0.00882	0.01387	0.00756	0.00882	0.00630	0.00315	0.00315	0.00063	0.00315	0.00252	0.00252	0.87647
36	0.02824	0.75293	0.07150	0.00792	0.02516	0.01607	0.00787	0.02983	0.00890	0.01083	0.00615	0.00710	0.00550	0.00371	0.00287	0.00096	0.00464	0.00239	0.00189	0.00555
37	0.02753	0.01055	0.01372	0.01629	0.37278	0.06415	0.00958	0.19997	0.01218	0.05772	0.00875	0.01008	0.00684	0.00410	0.00397	0.00114	0.00468	0.00349	0.00286	0.16960
38	0.01030	0.00952	0.00964	0.00944	0.06434	0.08808	0.00681	0.01903	0.56154	0.01625	0.07445	0.01797	0.08186	0.00614	0.00438	0.00139	0.00369	0.00510	0.00397	0.00611
39	0.00535	0.00432	0.00476	0.00465	0.00595	0.00373	0.00349	0.00673	0.01046	0.01331	0.29642	0.03797	0.56774	0.01010	0.00503	0.00140	0.00211	0.00856	0.00419	0.00373
40	0.00614	0.00464	0.00674	0.00672	0.00748	0.00524	0.00514	0.00752	0.00700	0.01004	0.01243	0.09768	0.01231	0.06280	0.67779	0.00594	0.02549	0.00528	0.00245	0.03116
41	0.00793	0.00397	0.00397	0.00397	0.00496	0.00397	0.00297	0.00991	0.00892	0.01586	0.01388	0.01586	0.01091	0.00496	0.00297	0.00099	0.00198	0.00397	0.87408	0.00397
42	0.00882	0.00756	0.00882	0.00630	0.01008	0.00567	0.00504	0.01071	0.00882	0.01387	0.00756	0.00882	0.00630	0.00315	0.00315	0.00063	0.00315	0.00252	0.00252	0.87647
43	0.00577	0.00440	0.00536	0.00545	0.00657	0.00399	0.00424	0.00737	0.01059	0.01395	0.35604	0.08213	0.31724	0.01024	0.00520	0.00151	0.00243	0.14946	0.00424	0.00382
44	0.01582	0.01174	0.01257	0.00972	0.01306	0.01303	0.00800	0.76044	0.06987	0.02625	0.01066	0.01057	0.00760	0.00515	0.00426	0.00129	0.00460	0.00389	0.00426	0.00720
45	0.64705	0.01967	0.04363	0.00818	0.03494	0.05647	0.08749	0.03454	0.00831	0.01776	0.00648	0.00770	0.00502	0.00396	0.00310	0.00131	0.00416	0.00273	0.00254	0.00496
46	0.01024	0.01040	0.03387	0.15788	0.58040	0.04950	0.05325	0.01284	0.00961	0.01319	0.00817	0.01127	0.00681	0.00405	0.00427	0.00131	0.00539	0.01923	0.00211	0.00621
47	0.00851	0.00725	0.00870	0.01767	0.01005	0.00565	0.01671	0.01919	0.00930	0.01419	0.08650	0.01223	0.03832	0.00399	0.00345	0.00076	0.00312	0.00331	0.00278	0.72832
48	0.00523	0.00377	0.00497	0.00591	0.00623	0.00351	0.00401	0.00602	0.00827	0.01095	0.02438	0.78322	0.06674	0.01316	0.00543	0.00172	0.00250	0.03656	0.00395	0.00348
49	0.01032	0.00978	0.01648	0.09105	0.71983	0.00995	0.01261	0.03097	0.00979	0.01387	0.00842	0.03233	0.00722	0.00411	0.00425	0.00129	0.00503	0.00401	0.00219	0.00650
50	0.00934	0.00555	0.00712	0.00682	0.00840	0.00528	0.00552	0.05411	0.03199	0.17645	0.17299	0.12877	0.11390	0.00945	0.00512	0.00158	0.00316	0.24533	0.00437	0.00476
51	0.01065	0.01015	0.01717	0.02577	0.80659	0.01018	0.01295	0.03009	0.00991	0.01418	0.00805	0.01052	0.00675	0.00382	0.00421	0.00126	0.00505	0.00379	0.00215	0.00675
52	0.01156	0.81938	0.02188	0.00743	0.01101	0.04983	0.00732	0.01291	0.00878	0.01003	0.00594	0.00686	0.00546	0.00367	0.00277	0.00092	0.00468	0.00229	0.00184	0.00544
53	0.00521	0.00371	0.00493	0.00589	0.00613	0.00347	0.00391	0.00593	0.00809	0.01079	0.02318	0.82512	0.02779	0.03637	0.00588	0.00179	0.00251	0.01193	0.00391	0.00343
54	0.00511	0.00428	0.00441	0.00443	0.00576	0.00362	0.00328	0.00619	0.00966	0.01165	0.07927	0.07164	0.73142	0.03353	0.00549	0.00152	0.00221	0.00896	0.00395	0.00358
55	0.01064	0.39931	0.14757	0.00822	0.01213	0.06412	0.00820	0.03773	0.00927	0.01213	0.00679	0.00792	0.00573	0.00377	0.00346	0.00096	0.02630	0.00259	0.00210	0.23106
56	0.00588	0.00434	0.00549	0.00520	0.00627	0.00395	0.00390	0.00775	0.01170	0.01625	0.70837	0.03312	0.15396	0.00900	0.00502	0.00135	0.00203	0.00788	0.00458	0.00395
57	0.01064	0.01073	0.03805	0.02529	0.77814	0.03548	0.01298	0.01319	0.00974	0.01378	0.00795	0.01040	0.00667	0.00382	0.00420	0.00126	0.00517	0.00374	0.00210	0.00667
58	0.00636	0.00404	0.00480	0.00483	0.00484	0.00403	0.00281	0.00607	0.00614	0.00818	0.01269	0.04912	0.01448	0.68559	0.02034	0.15077	0.00400	0.00594	0.00250	0.00248
59	0.01039	0.00900	0.00956	0.00860	0.01091	0.01044	0.00670	0.02181	0.77180	0.01742	0.01776	0.01643	0.03628	0.00596	0.00460	0.00145	0.02513	0.00490	0.00425	0.00659
60	0.00716	0.00966	0.22139	0.00828	0.02041	0.00605	0.03566	0.02280	0.00894	0.01274	0.05765	0.37741	0.01757	0.02122	0.00486	0.00144	0.00382	0.00733	0.00308	0.15254
61	0.00658	0.00447	0.00568	0.00537	0.00652	0.00404	0.00403	0.00834	0.01142	0.06326	0.60181	0.09258	0.15155	0.00914	0.00501	0.00138	0.00216	0.00801	0.00456	0.00410
62	0.01176	0.04384	0.01619	0.03017	0.52523	0.20509	0.04185	0.01417	0.03110	0.01292	0.00780	0.00988	0.00651	0.00405	0.00429	0.00124	0.02204	0.00356	0.00217	0.00616
63	0.01118	0.79331	0.04922	0.00741	0.01114	0.01618	0.00748	0.01269	0.00866	0.01027	0.00604	0.00697	0.00549	0.00364	0.00279	0.00091	0.00456	0.00231	0.00185	0.03788
64	0.11879	0.01979	0.03681	0.01650	0.01055	0.03741	0.00565	0.02556	0.00900	0.02874	0.00751	0.00867	0.00610	0.00342	0.00319	0.00079	0.00353	0.00259	0.00256	0.65283
65	0.05767	0.61838	0.01897	0.00756	0.01104	0.03943	0.00713	0.08419	0.01006	0.10055	0.00749	0.00799	0.00612	0.00398	0.00306	0.00101	0.00449	0.00265	0.00246	0.00575
66	0.01148	0.64027	0.04093	0.02060	0.06920	0.03020	0.00784	0.02366	0.03902	0.04615	0.03150	0.00868	0.00711	0.00400	0.00313	0.00101	0.00455	0.00280	0.00221	0.00566

[dist]
# distance from previous block
# <min> <max>
0	2

[block]
# block no. 5 follows, 62 sequences, length 76
# corresponding to MSA columns:
# 411-456,458-478,482-490
name=unknown_F
#
# <colnr> <probs for GDERKNQSTAVLIFYWHMCP>
#	G	D	E	R	K	N	Q	S	T	A	V	L	I	F	Y	W	H	M	C	P
0	0.01025	0.00995	0.01668	0.13966	0.64266	0.02393	0.04641	0.01310	0.03110	0.01351	0.00819	0.01078	0.00672	0.00391	0.00425	0.00129	0.00523	0.00385	0.00214	0.00638
1	0.01614	0.01153	0.01250	0.00957	0.01298	0.01260	0.00790	0.74317	0.01926	0.07153	0.01051	0.01042	0.00740	0.00506	0.00423	0.00126	0.00458	0.00382	0.00427	0.03129
2	0.00532	0.00388	0.00510	0.00594	0.00630	0.00367	0.00407	0.00617	0.00843	0.01121	0.05864	0.73196	0.07387	0.01286	0.00553	0.00170	0.01462	0.03328	0.00395	0.00352
3	0.00553	0.00455	0.00485	0.00471	0.00607	0.00404	0.00356	0.00666	0.00973	0.02639	0.09534	0.03842	0.70900	0.02343	0.00562	0.00149	0.03441	0.00856	0.00392	0.00371
4	0.01127	0.00593	0.00754	0.00646	0.00847	0.00551	0.00507	0.03551	0.07180	0.31144	0.33583	0.06606	0.09604	0.00755	0.00470	0.00137	0.00281	0.00647	0.00475	0.00541
5	0.01030	0.00995	0.01723	0.09394	0.72334	0.01008	0.04673	0.01290	0.00960	0.01364	0.00799	0.01064	0.00664	0.00382	0.00425	0.00128	0.00520	0.00384	0.00209	0.00653
6	0.00980	0.03874	0.44674	0.01392	0.05034	0.01061	0.24469	0.07586	0.04173	0.01466	0.00847	0.01008	0.00620	0.00404	0.00433	0.00136	0.00621	0.00381	0.00220	0.00622
7	0.01642	0.03657	0.01108	0.00905	0.01172	0.37662	0.00711	0.06763	0.01247	0.33488	0.05512	0.01191	0.00954	0.00500	0.00406	0.00120	0.00542	0.00369	0.01457	0.00594
8	0.00807	0.00756	0.01260	0.80483	0.02849	0.00929	0.01153	0.01086	0.00852	0.01100	0.00756	0.01124	0.00570	0.00421	0.00421	0.00138	0.00557	0.00373	0.00192	0.04174
9	0.00608	0.00455	0.00680	0.00680	0.00754	0.00530	0.00527	0.00757	0.00683	0.00985	0.01144	0.01693	0.01073	0.04773	0.81791	0.00679	0.01126	0.00459	0.00229	0.00378
10	0.00689	0.00500	0.00705	0.00815	0.03118	0.00497	0.00681	0.00887	0.00997	0.01310	0.08433	0.04570	0.02522	0.01130	0.00576	0.00189	0.00380	0.71207	0.00393	0.00400
11	0.00793	0.00397	0.00397	0.00397	0.00496	0.00397	0.00297	0.00991	0.00892	0.01586	0.01388	0.01586	0.01091	0.00496	0.00297	0.00099	0.00198	0.00397	0.87408	0.00397
12	0.01273	0.00744	0.00922	0.00678	0.01038	0.00589	0.00550	0.01453	0.01010	0.32321	0.01107	0.01098	0.00791	0.00396	0.00358	0.00089	0.00333	0.00319	0.00357	0.54573
13	0.00557	0.00433	0.00506	0.00488	0.00608	0.00382	0.00366	0.00716	0.01098	0.01454	0.46820	0.03595	0.39520	0.00964	0.00502	0.00138	0.00207	0.00828	0.00435	0.00382
14	0.01058	0.00914	0.00962	0.00866	0.01106	0.01058	0.00673	0.02261	0.81623	0.01780	0.01732	0.01588	0.01299	0.00577	0.00433	0.00144	0.00337	0.00481	0.00433	0.00673
15	0.00926	0.00922	0.01316	0.06970	0.04120	0.01268	0.00962	0.01038	0.00677	0.01041	0.00581	0.00949	0.00563	0.00709	0.01294	0.00181	0.75448	0.00373	0.00187	0.00473
16	0.01138	0.85302	0.02230	0.00728	0.01092	0.01684	0.00728	0.01274	0.00865	0.01001	0.00592	0.00683	0.00546	0.00364	0.00273	0.00091	0.00455	0.00228	0.00182	0.00546
17	0.00571	0.00439	0.00496	0.00478	0.00609	0.00381	0.00360	0.00716	0.01066	0.03097	0.34286	0.03685	0.50329	0.00986	0.00501	0.00140	0.00213	0.00838	0.00426	0.00383
18	0.00518	0.00370	0.00494	0.00592	0.00617	0.00346	0.00395	0.00592	0.00815	0.01086	0.02345	0.84768	0.02814	0.01333	0.00543	0.00173	0.00247	0.01210	0.00395	0.00346
19	0.17167	0.01158	0.01121	0.00900	0.01207	0.07350	0.00733	0.52351	0.10112	0.02325	0.00992	0.01003	0.00724	0.00491	0.00394	0.00129	0.00452	0.00358	0.00382	0.00654
20	0.01589	0.02028	0.01206	0.01096	0.01315	0.83338	0.00822	0.01699	0.01206	0.01041	0.00658	0.00767	0.00548	0.00438	0.00384	0.00110	0.00767	0.00274	0.00219	0.00493
21	0.01711	0.01130	0.01173	0.00919	0.01242	0.10209	0.00750	0.46099	0.01654	0.28925	0.01198	0.01134	0.00813	0.00508	0.00422	0.00127	0.00466	0.00386	0.00436	0.00698
22	0.00641	0.00488	0.00659	0.00605	0.00726	0.00463	0.03272	0.00898	0.05485	0.01662	0.69131	0.03119	0.06156	0.00856	0.00502	0.00138	0.00235	0.04093	0.00452	0.00420
23	0.00887	0.00770	0.00940	0.00671	0.01051	0.00585	0.03347	0.01082	0.00887	0.01386	0.00760	0.00892	0.00631	0.00317	0.00322	0.00066	0.00329	0.00261	0.00251	0.84566
24	0.00828	0.00411	0.00434	0.00430	0.00535	0.00404	0.00322	0.01015	0.00903	0.05622	0.01477	0.08054	0.01223	0.00562	0.00323	0.00107	0.00210	0.00461	0.76270	0.00409
25	0.01904	0.00733	0.00993	0.00761	0.01091	0.00638	0.00629	0.03545	0.01232	0.81194	0.01666	0.01440	0.01047	0.00526	0.00428	0.00132	0.00364	0.00427	0.00525	0.00724
26	0.00641	0.00445	0.00572	0.00534	0.00647	0.00406	0.00403	0.00832	0.01184	0.04621	0.72118	0.03199	0.11040	0.00876	0.00499	0.00135	0.00208	0.00769	0.00464	0.00409
27	0.00511	0.00399	0.00464	0.00516	0.00597	0.00352	0.00361	0.00601	0.00888	0.01116	0.03274	0.46637	0.40347	0.01212	0.00524	0.00159	0.00232	0.01062	0.00395	0.00352
28	0.00889	0.00844	0.01431	0.56122	0.30164	0.00968	0.01224	0.01162	0.00891	0.01191	0.00771	0.01107	0.00604	0.00410	0.00424	0.00137	0.00546	0.00378	0.00196	0.00542
29	0.01007	0.00868	0.00971	0.00800	0.01097	0.00886	0.02151	0.03799	0.48545	0.01651	0.01341	0.01307	0.01027	0.00476	0.00391	0.00114	0.00339	0.00395	0.00362	0.32472
30	0.01099	0.00934	0.00985	0.00874	0.01122	0.01078	0.00683	0.08032	0.75785	0.01846	0.01680	0.01546	0.01257	0.00572	0.00432	0.00143	0.00346	0.00474	0.00432	0.00677
31	0.88052	0.00823	0.00625	0.00560	0.00823	0.00955	0.00461	0.01251	0.00724	0.01909	0.00592	0.00691	0.00461	0.00395	0.00263	0.00132	0.00329	0.00230	0.00263	0.00461
32	0.01119	0.71034	0.02070	0.00793	0.01101	0.03693	0.00760	0.01249	0.00843	0.01005	0.00588	0.00721	0.00548	0.00421	0.00438	0.00105	0.12545	0.00250	0.00184	0.00533
33	0.00595	0.00435	0.00559	0.00528	0.00631	0.00398	0.00396	0.00789	0.01188	0.01666	0.76593	0.03244	0.09614	0.00885	0.00502	0.00135	0.00202	0.00779	0.00463	0.00398
34	0.00588	0.00434	0.00550	0.00521	0.00627	0.00396	0.00391	0.00776	0.01172	0.01629	0.71366	0.03306	0.14864	0.00899	0.00502	0.00135	0.00203	0.00787	0.00458	0.00396
35	0.01058	0.00914	0.00962	0.00866	0.01106	0.01058	0.00673	0.02261	0.81623	0.01780	0.01732	0.01588	0.01299	0.00577	0.00433	0.00144	0.00337	0.00481	0.00433	0.00673
36	0.03740	0.00478	0.00639	0.00722	0.00816	0.00475	0.00606	0.00836	0.00955	0.01284	0.06264	0.17465	0.04850	0.01155	0.00562	0.00185	0.00351	0.57839	0.00392	0.00386
37	0.00895	0.09914	0.73707	0.01165	0.01761	0.02716	0.01479	0.01348	0.00901	0.01309	0.00745	0.00876	0.00540	0.00401	0.00392	0.00130	0.00616	0.00306	0.00181	0.00618
38	0.00793	0.00397	0.00397	0.00397	0.00496	0.00397	0.00297	0.00991	0.00892	0.01586	0.01388	0.01586	0.01091	0.00496	0.00297	0.00099	0.00198	0.00397	0.87408	0.00397
39	0.00596	0.00434	0.00555	0.00527	0.00624	0.00402	0.00390	0.00777	0.01142	0.01599	0.70091	0.03190	0.09412	0.05977	0.02290	0.00162	0.00234	0.00763	0.00446	0.00389
40	0.00858	0.03933	0.79211	0.03149	0.01851	0.01002	0.01545	0.01340	0.00897	0.01334	0.00760	0.00899	0.00540	0.00404	0.00402	0.00134	0.00624	0.00314	0.00180	0.00623
41	0.01043	0.01008	0.01684	0.08822	0.74983	0.02350	0.01288	0.01296	0.00964	0.01361	0.00795	0.01055	0.00664	0.00384	0.00421	0.00127	0.00514	0.00377	0.00209	0.00656
42	0.00516	0.00407	0.00466	0.00504	0.00596	0.00357	0.00358	0.00617	0.00923	0.01163	0.08955	0.36960	0.44337	0.01167	0.00519	0.00155	0.00227	0.01016	0.00400	0.00357
43	0.00504	0.00428	0.00434	0.00439	0.00577	0.00359	0.00327	0.00610	0.00963	0.01147	0.04219	0.07848	0.78525	0.01090	0.00505	0.00145	0.00217	0.00913	0.00395	0.00359
44	0.01034	0.00991	0.01692	0.08986	0.76170	0.01006	0.01296	0.01289	0.00960	0.01366	0.00797	0.01059	0.00666	0.00383	0.00422	0.00128	0.00510	0.00379	0.00209	0.00658
45	0.01048	0.01006	0.01718	0.04168	0.80873	0.01010	0.01303	0.01302	0.00967	0.01384	0.00800	0.01055	0.00672	0.00380	0.00421	0.00127	0.00507	0.00379	0.00210	0.00670
46	0.01132	0.83605	0.03876	0.00738	0.01107	0.01669	0.00745	0.01276	0.00865	0.01008	0.00595	0.00687	0.00546	0.00365	0.00276	0.00092	0.00459	0.00229	0.00182	0.00548
47	0.00723	0.00402	0.00590	0.00615	0.00642	0.00404	0.00453	0.00642	0.00665	0.00880	0.01130	0.02186	0.01178	0.01442	0.03313	0.63548	0.00393	0.20317	0.00238	0.00242
48	0.00533	0.00442	0.00469	0.00484	0.00609	0.00390	0.00355	0.00686	0.04821	0.01167	0.03793	0.20134	0.62419	0.01105	0.00508	0.00150	0.00228	0.00940	0.00397	0.00372
