[name]
unknown

[dist]
# distance from previous block
# <min> <max>
0	127

[block]
# block no. 0 follows, 49 sequences, length 21
# corresponding to MSA columns:
# 325-345
name=unknown_A
#
# <colnr> <probs for GDERKNQSTAVLIFYWHMCP>
#	G	D	E	R	K	N	Q	S	T	A	V	L	I	F	Y	W	H	M	C	P
0	0.85801	0.00978	0.00743	0.00665	0.00978	0.01134	0.00548	0.01486	0.00861	0.02269	0.00704	0.00821	0.00548	0.00469	0.00313	0.00156	0.00391	0.00274	0.00313	0.00548
1	0.85801	0.00978	0.00743	0.00665	0.00978	0.01134	0.00548	0.01486	0.00861	0.02269	0.00704	0.00821	0.00548	0.00469	0.00313	0.00156	0.00391	0.00274	0.00313	0.00548
2	0.00728	0.00496	0.00574	0.00574	0.00589	0.00500	0.00340	0.00750	0.00761	0.01015	0.01727	0.03257	0.05184	0.71493	0.09580	0.00506	0.00559	0.00732	0.00310	0.00325
3	0.01138	0.01044	0.01698	0.50371	0.22763	0.01194	0.03598	0.09233	0.01194	0.01590	0.00948	0.01310	0.00729	0.00500	0.00507	0.00162	0.00648	0.00455	0.00261	0.00658
4	0.00613	0.00451	0.00575	0.00675	0.00726	0.00413	0.00457	0.00707	0.00996	0.01302	0.03140	0.70254	0.14761	0.01538	0.00638	0.00200	0.00288	0.01382	0.00469	0.00413
5	0.01137	0.01455	0.12700	0.10119	0.02549	0.01274	0.52524	0.01546	0.01119	0.01546	0.00962	0.01300	0.00732	0.00484	0.00670	0.00174	0.08260	0.00538	0.00244	0.00666
6	0.00631	0.00496	0.00570	0.00589	0.00713	0.00435	0.00428	0.00777	0.01176	0.01510	0.22633	0.23222	0.42434	0.01293	0.00609	0.00176	0.00261	0.01119	0.00491	0.00435
7	0.00616	0.00440	0.00587	0.00704	0.00733	0.00411	0.00469	0.00704	0.00968	0.01291	0.02787	0.81899	0.03344	0.01584	0.00645	0.00205	0.00293	0.01438	0.00469	0.00411
8	0.01352	0.82533	0.02650	0.00865	0.01298	0.02001	0.00865	0.01514	0.01027	0.01190	0.00703	0.00811	0.00649	0.00433	0.00324	0.00108	0.00541	0.00270	0.00216	0.00649
9	0.02930	0.02857	0.11730	0.01169	0.02772	0.04551	0.07587	0.09745	0.06351	0.25011	0.01407	0.02929	0.01062	0.05484	0.03418	0.00203	0.07241	0.00500	0.00410	0.02643
10	0.00724	0.00560	0.00818	0.01045	0.10998	0.00549	0.00652	0.00860	0.00990	0.01342	0.02393	0.57657	0.02768	0.01649	0.08790	0.00262	0.00455	0.06597	0.00420	0.00470
11	0.07289	0.30478	0.38330	0.01230	0.01800	0.01458	0.07930	0.01551	0.01052	0.01504	0.00872	0.01092	0.00700	0.00479	0.00429	0.00144	0.00651	0.02092	0.00231	0.00686
12	0.00994	0.00938	0.01587	0.70845	0.13349	0.01134	0.01424	0.01326	0.01029	0.01339	0.00906	0.01336	0.00691	0.00498	0.00505	0.00166	0.00665	0.00450	0.00228	0.00593
13	0.01059	0.00932	0.01189	0.00849	0.01303	0.00718	0.06153	0.01298	0.01059	0.01646	0.00908	0.01071	0.00750	0.00378	0.00391	0.00082	0.00409	0.00321	0.00296	0.79186
14	0.00790	0.00534	0.00696	0.00737	0.03162	0.00486	0.00512	0.00955	0.01211	0.07253	0.31670	0.32595	0.15025	0.01227	0.00605	0.00177	0.00286	0.01087	0.00507	0.00483
15	0.00637	0.00466	0.00599	0.00666	0.00733	0.00428	0.00461	0.00764	0.01096	0.01469	0.20586	0.55003	0.12382	0.01422	0.00629	0.00191	0.00276	0.01274	0.00490	0.00428
16	0.01396	0.71975	0.02482	0.00904	0.01322	0.05350	0.00871	0.04891	0.04458	0.01319	0.00788	0.00880	0.00697	0.00455	0.00346	0.00114	0.00551	0.00294	0.00244	0.00662
17	0.00616	0.00440	0.00587	0.00704	0.00733	0.00411	0.00469	0.00704	0.00968	0.01291	0.02787	0.81899	0.03344	0.01584	0.00645	0.00205	0.00293	0.01438	0.00469	0.00411
18	0.01258	0.01086	0.01143	0.01029	0.01315	0.01258	0.00800	0.02687	0.78161	0.02115	0.02058	0.01887	0.01544	0.00686	0.00515	0.00172	0.00400	0.00572	0.00515	0.00800
19	0.01049	0.00899	0.01049	0.00749	0.01198	0.00674	0.00599	0.01273	0.01049	0.01648	0.00899	0.01049	0.00749	0.00374	0.00374	0.00075	0.00374	0.00300	0.00300	0.85320
20	0.01052	0.00821	0.01103	0.16390	0.01530	0.00899	0.02534	0.10287	0.08299	0.05343	0.33009	0.02575	0.07036	0.00823	0.00627	0.00166	0.05770	0.00692	0.00451	0.00591

[dist]
# distance from previous block
# <min> <max>
0	1

[block]
# block no. 1 follows, 49 sequences, length 51
# corresponding to MSA columns:
# 347-392,400-404
name=unknown_B
#
# <colnr> <probs for GDERKNQSTAVLIFYWHMCP>
#	G	D	E	R	K	N	Q	S	T	A	V	L	I	F	Y	W	H	M	C	P
0	0.01204	0.00873	0.00972	0.00862	0.01117	0.00926	0.00672	0.04221	0.39894	0.12014	0.15511	0.02674	0.15238	0.00836	0.00542	0.00167	0.00357	0.00703	0.00528	0.00692
1	0.12323	0.01371	0.04426	0.06047	0.24782	0.11011	0.12841	0.09174	0.03920	0.07777	0.01049	0.01224	0.00798	0.00499	0.00487	0.00154	0.00636	0.00441	0.00321	0.00719
2	0.36867	0.08949	0.07601	0.01276	0.11566	0.12816	0.06115	0.01586	0.02097	0.01800	0.01956	0.02263	0.00747	0.00505	0.00428	0.00151	0.02006	0.00368	0.00283	0.00621
3	0.03431	0.01345	0.01487	0.03565	0.05108	0.01488	0.00973	0.64355	0.06474	0.02958	0.02947	0.01306	0.00971	0.00608	0.00504	0.00154	0.00543	0.00468	0.00484	0.00831
4	0.01060	0.08100	0.60041	0.03814	0.05023	0.01240	0.05901	0.01564	0.01063	0.01554	0.00892	0.01082	0.00659	0.00485	0.00515	0.00157	0.03479	0.00384	0.00220	0.02769
5	0.00734	0.00496	0.00582	0.00582	0.00592	0.00507	0.00344	0.00755	0.00744	0.01003	0.01566	0.03157	0.01772	0.73205	0.11507	0.00527	0.00590	0.00713	0.00302	0.00323
6	0.00720	0.02758	0.00715	0.00642	0.00765	0.00511	0.00483	0.00939	0.01370	0.01915	0.67126	0.10152	0.07865	0.01074	0.00593	0.00162	0.00252	0.00947	0.00536	0.00474
7	0.01245	0.01533	0.22483	0.29547	0.07756	0.03924	0.01384	0.14245	0.07525	0.03922	0.01077	0.01283	0.00790	0.00530	0.00498	0.00161	0.00648	0.00437	0.00306	0.00706
8	0.02548	0.28638	0.09891	0.01045	0.01423	0.15217	0.00950	0.03458	0.25779	0.01598	0.01333	0.01346	0.03615	0.00567	0.00437	0.00141	0.00571	0.00418	0.00335	0.00692
9	0.01352	0.82533	0.02650	0.00865	0.01298	0.02001	0.00865	0.01514	0.01027	0.01190	0.00703	0.00811	0.00649	0.00433	0.00324	0.00108	0.00541	0.00270	0.00216	0.00649
10	0.04564	0.00804	0.01029	0.00819	0.01146	0.00717	0.00661	0.03587	0.03666	0.44830	0.20552	0.02107	0.02028	0.00692	0.00508	0.00148	0.00378	0.00576	0.00554	0.10633
11	0.01204	0.01040	0.01092	0.00987	0.01264	0.01191	0.00767	0.02529	0.71938	0.02055	0.02306	0.02127	0.07793	0.00734	0.00521	0.00171	0.00389	0.00612	0.00511	0.00770
12	0.02203	0.00914	0.01200	0.00926	0.01314	0.00829	0.00763	0.08528	0.04405	0.70359	0.01934	0.01686	0.01231	0.00627	0.00509	0.00157	0.00439	0.00507	0.00612	0.00858
13	0.01194	0.01364	0.02984	0.02131	0.02643	0.01279	0.77238	0.01620	0.01194	0.01620	0.01023	0.01364	0.00767	0.00426	0.00597	0.00171	0.00853	0.00597	0.00256	0.00682
14	0.02653	0.01267	0.01707	0.07324	0.09926	0.01419	0.09633	0.38980	0.03233	0.03659	0.01078	0.01250	0.00817	0.00621	0.00708	0.01389	0.12731	0.00469	0.00383	0.00751
15	0.00750	0.00565	0.00795	0.00781	0.00843	0.00656	0.00582	0.00882	0.00791	0.01129	0.01369	0.02258	0.01368	0.23051	0.55899	0.00695	0.06304	0.00583	0.00276	0.00422
16	0.01339	0.01470	0.19567	0.01364	0.01838	0.03036	0.21676	0.05378	0.07444	0.14225	0.01268	0.02719	0.00956	0.03389	0.00604	0.00166	0.02066	0.00497	0.00349	0.10650
17	0.00705	0.00516	0.00661	0.00625	0.00749	0.00473	0.00469	0.00934	0.01406	0.01968	0.72156	0.03876	0.11460	0.01056	0.00597	0.00160	0.00240	0.00928	0.00549	0.00473
18	0.01298	0.01440	0.10591	0.17137	0.02433	0.03867	0.32183	0.17155	0.02804	0.01860	0.01025	0.01284	0.00762	0.00508	0.00577	0.00166	0.03413	0.00500	0.00300	0.00697
19	0.00616	0.00452	0.00575	0.00672	0.00722	0.00415	0.00453	0.00708	0.00990	0.01295	0.03111	0.68455	0.14690	0.03423	0.00683	0.00207	0.00292	0.01365	0.00466	0.00411
20	0.01100	0.00929	0.01076	0.00773	0.01220	0.00727	0.00621	0.05770	0.01127	0.01739	0.00917	0.01058	0.00756	0.00388	0.00382	0.00079	0.00385	0.00309	0.00312	0.80331
21	0.03436	0.01268	0.04135	0.03972	0.14067	0.02530	0.19502	0.20708	0.07335	0.06929	0.01211	0.03195	0.00930	0.00537	0.00514	0.00153	0.00605	0.00501	0.00369	0.08101
22	0.03638	0.50257	0.03697	0.01028	0.01403	0.29933	0.00917	0.01696	0.01169	0.01242	0.00735	0.00853	0.00647	0.00466	0.00374	0.00118	0.00674	0.00292	0.00234	0.00626
23	0.00733	0.00500	0.00599	0.00599	0.00615	0.00516	0.00365	0.00766	0.00749	0.01015	0.01550	0.03071	0.01735	0.68113	0.16549	0.00548	0.00646	0.00701	0.00300	0.00333
24	0.01205	0.02878	0.15518	0.01081	0.01439	0.03964	0.00977	0.03449	0.52700	0.01964	0.06459	0.01813	0.01523	0.02095	0.00544	0.00171	0.00478	0.00543	0.00444	0.00753
25	0.00943	0.00471	0.00471	0.00471	0.00589	0.00471	0.00353	0.01178	0.01060	0.01885	0.01650	0.01885	0.01296	0.00589	0.00353	0.00118	0.00236	0.00471	0.85036	0.00471
26	0.01229	0.08186	0.16412	0.03549	0.05007	0.03195	0.03917	0.11677	0.21773	0.01858	0.03125	0.04677	0.02559	0.03278	0.00600	0.00168	0.03342	0.00518	0.00366	0.04562
27	0.01551	0.52830	0.02199	0.01027	0.01396	0.30990	0.00907	0.01701	0.01178	0.01207	0.00732	0.00849	0.00650	0.00465	0.00373	0.00116	0.00678	0.00291	0.00233	0.00626
28	0.00943	0.00471	0.00471	0.00471	0.00589	0.00471	0.00353	0.01178	0.01060	0.01885	0.01650	0.01885	0.01296	0.00589	0.00353	0.00118	0.00236	0.00471	0.85036	0.00471
29	0.01329	0.01122	0.01184	0.01044	0.01342	0.01291	0.00818	0.10752	0.69979	0.02231	0.01967	0.01814	0.01470	0.00678	0.00514	0.00169	0.00417	0.00559	0.00514	0.00807
30	0.00611	0.00482	0.00551	0.00598	0.00707	0.00423	0.00424	0.00728	0.01089	0.01367	0.07725	0.36813	0.43904	0.01395	0.00617	0.00185	0.00271	0.01214	0.00474	0.00423
31	0.00980	0.00948	0.01671	0.72705	0.03394	0.01140	0.09392	0.01327	0.01030	0.01327	0.00912	0.01350	0.00684	0.00497	0.00515	0.00169	0.00693	0.00465	0.00228	0.00574
32	0.00616	0.00440	0.00587	0.00704	0.00733	0.00411	0.00469	0.00704	0.00968	0.01291	0.02787	0.81899	0.03344	0.01584	0.00645	0.00205	0.00293	0.01438	0.00469	0.00411
33	0.00714	0.00582	0.00867	0.00855	0.00967	0.00550	0.08574	0.00912	0.04546	0.01400	0.05044	0.56568	0.11103	0.01366	0.00630	0.00196	0.00358	0.03854	0.00451	0.00463
34	0.00979	0.00923	0.01560	0.74717	0.09592	0.01130	0.01416	0.01313	0.01022	0.01321	0.00903	0.01340	0.00684	0.00501	0.00505	0.00167	0.00668	0.00449	0.00227	0.00581
35	0.01110	0.01958	0.39842	0.01853	0.06689	0.01224	0.36709	0.01607	0.01131	0.01613	0.00963	0.01215	0.00708	0.00454	0.00535	0.00164	0.00788	0.00481	0.00235	0.00720
36	0.02269	0.00861	0.01174	0.00900	0.01291	0.00743	0.00743	0.02464	0.01447	0.79425	0.01995	0.01721	0.01252	0.00626	0.00509	0.00156	0.00430	0.00509	0.00626	0.00861
37	0.10140	0.20110	0.22280	0.03842	0.03477	0.10631	0.01093	0.07288	0.01171	0.01603	0.01190	0.10797	0.03124	0.00637	0.00451	0.00149	0.00594	0.00491	0.00292	0.00639
38	0.01033	0.02501	0.73341	0.01576	0.08402	0.01177	0.01843	0.01597	0.01074	0.01605	0.00911	0.01082	0.00654	0.00478	0.00482	0.00159	0.00735	0.00380	0.00216	0.00752
39	0.00905	0.00502	0.00769	0.00854	0.06993	0.00502	0.00526	0.00733	0.00700	0.00943	0.00901	0.01556	0.00895	0.03558	0.01871	0.76398	0.00453	0.00447	0.00224	0.00269
40	0.53633	0.01102	0.00997	0.00832	0.01166	0.01250	0.00683	0.25455	0.03647	0.02545	0.03840	0.01088	0.00834	0.00540	0.00390	0.00156	0.00438	0.00364	0.00389	0.00651
41	0.11822	0.07971	0.01473	0.01177	0.06781	0.09908	0.02250	0.27591	0.05956	0.14170	0.01194	0.01214	0.00870	0.00548	0.00458	0.00145	0.00545	0.00413	0.00419	0.05094
42	0.11442	0.03317	0.04022	0.01128	0.01456	0.31592	0.00913	0.25975	0.06329	0.04342	0.01031	0.01108	0.00787	0.00599	0.00516	0.03344	0.00662	0.00386	0.00367	0.00683
43	0.00817	0.00693	0.00863	0.00852	0.00956	0.07062	0.00660	0.00993	0.00863	0.01179	0.01308	0.01900	0.01215	0.03528	0.73778	0.00758	0.01319	0.00524	0.00270	0.00462
44	0.00937	0.00863	0.01371	0.55011	0.09442	0.02563	0.01224	0.01220	0.01034	0.01335	0.01309	0.14522	0.01246	0.00727	0.00538	0.00176	0.00599	0.05049	0.00281	0.00553
45	0.00735	0.00490	0.00552	0.00552	0.00552	0.00490	0.00306	0.00735	0.00735	0.00980	0.01593	0.03309	0.01838	0.82229	0.02574	0.00490	0.00490	0.00735	0.00306	0.00306
46	0.00878	0.00439	0.00659	0.00659	0.00659	0.00439	0.00439	0.00659	0.00659	0.00878	0.00878	0.01537	0.00878	0.01757	0.01976	0.85288	0.00439	0.00439	0.00220	0.00220
47	0.01899	0.01405	0.01504	0.01159	0.01559	0.01557	0.00955	0.74772	0.05031	0.03149	0.01244	0.01238	0.00884	0.00610	0.00506	0.00152	0.00551	0.00459	0.00506	0.00858
48	0.00943	0.00471	0.00471	0.00471	0.00589	0.00471	0.00353	0.01178	0.01060	0.01885	0.01650	0.01885	0.01296	0.00589	0.00353	0.00118	0.00236	0.00471	0.85036	0.00471
49	0.02269	0.00861	0.01174	0.00900	0.01291	0.00743	0.00743	0.02464	0.01447	0.79425	0.01995	0.01721	0.01252	0.00626	0.00509	0.00156	0.00430	0.00509	0.00626	0.00861
50	0.01352	0.82533	0.02650	0.00865	0.01298	0.02001	0.00865	0.01514	0.01027	0.01190	0.00703	0.00811	0.00649	0.00433	0.00324	0.00108	0.00541	0.00270	0.00216	0.00649

[dist]
# distance from previous block
# <min> <max>
0	150

[block]
# block no. 2 follows, 49 sequences, length 20
# corresponding to MSA columns:
# 555-574
name=unknown_C
#
# <colnr> <probs for GDERKNQSTAVLIFYWHMCP>
#	G	D	E	R	K	N	Q	S	T	A	V	L	I	F	Y	W	H	M	C	P
0	0.00662	0.00515	0.00601	0.00580	0.00722	0.00454	0.00435	0.00850	0.01304	0.01725	0.45131	0.04275	0.38636	0.01147	0.00597	0.00164	0.00247	0.00984	0.00517	0.00454
1	0.01372	0.79552	0.02605	0.00882	0.01308	0.04910	0.00869	0.01533	0.01043	0.01191	0.00706	0.00815	0.00649	0.00436	0.00329	0.00109	0.00555	0.00272	0.00218	0.00647
2	0.00608	0.00513	0.00527	0.00523	0.00690	0.00431	0.00393	0.00746	0.01178	0.01425	0.11731	0.04769	0.72224	0.01259	0.00598	0.00170	0.00255	0.01054	0.00477	0.00431
3	0.00930	0.00814	0.01260	0.06845	0.31124	0.00819	0.00962	0.01183	0.02541	0.01645	0.22334	0.16030	0.08024	0.00878	0.00582	0.00167	0.02083	0.00791	0.00388	0.00600
4	0.01351	0.18992	0.11922	0.01175	0.01627	0.07230	0.11261	0.10054	0.10160	0.04210	0.01069	0.01169	0.00829	0.00488	0.00448	0.00132	0.00588	0.00400	0.00320	0.16574
5	0.01084	0.00963	0.01618	0.59984	0.19998	0.01122	0.01405	0.01406	0.01063	0.05173	0.00964	0.01345	0.00730	0.00499	0.00505	0.00164	0.00646	0.00453	0.00250	0.00629
6	0.01277	0.01229	0.01923	0.08454	0.64164	0.05037	0.01465	0.04794	0.01208	0.01668	0.01003	0.01377	0.00852	0.00494	0.00505	0.00153	0.00615	0.02751	0.00267	0.00766
7	0.01390	0.13435	0.22626	0.01403	0.11509	0.03539	0.03478	0.06806	0.09996	0.13369	0.03020	0.01382	0.02220	0.00560	0.00513	0.00153	0.03057	0.00447	0.00349	0.00746
8	0.00740	0.00541	0.00738	0.00731	0.00784	0.00609	0.00524	0.00850	0.00782	0.01102	0.01422	0.02460	0.01462	0.33489	0.48114	0.00671	0.03688	0.00612	0.00283	0.00400
9	0.01053	0.01013	0.01691	0.48947	0.20898	0.01207	0.03661	0.01352	0.01016	0.01376	0.00881	0.01291	0.00705	0.00545	0.00672	0.00172	0.12215	0.00453	0.00231	0.00620
10	0.01014	0.02616	0.79609	0.01441	0.02189	0.01174	0.01868	0.01601	0.01068	0.01601	0.00907	0.01068	0.00641	0.00480	0.00480	0.00160	0.00747	0.00374	0.00214	0.00747
11	0.01429	0.33270	0.01834	0.01024	0.01377	0.11494	0.02828	0.06969	0.27496	0.03652	0.03055	0.01323	0.01082	0.00560	0.00436	0.00139	0.00539	0.00422	0.00362	0.00709
12	0.00943	0.00471	0.00471	0.00471	0.00589	0.00471	0.00353	0.01178	0.01060	0.01885	0.01650	0.01885	0.01296	0.00589	0.00353	0.00118	0.00236	0.00471	0.85036	0.00471
13	0.05845	0.01440	0.01478	0.01146	0.01540	0.05048	0.00942	0.70482	0.02265	0.03057	0.01171	0.01182	0.00836	0.00597	0.00495	0.00151	0.00565	0.00441	0.00486	0.00833
14	0.74159	0.01069	0.00859	0.00789	0.02768	0.04783	0.00623	0.04364	0.00948	0.02208	0.00731	0.00859	0.00574	0.00490	0.00375	0.00157	0.03072	0.00292	0.00313	0.00567
15	0.01155	0.01184	0.01555	0.04380	0.03670	0.06521	0.01122	0.01280	0.00836	0.01234	0.00688	0.01107	0.00667	0.00835	0.01506	0.00211	0.70824	0.00436	0.00225	0.00563
16	0.85801	0.00978	0.00743	0.00665	0.00978	0.01134	0.00548	0.01486	0.00861	0.02269	0.00704	0.00821	0.00548	0.00469	0.00313	0.00156	0.00391	0.00274	0.00313	0.00548
17	0.01020	0.00936	0.01510	0.43514	0.22951	0.01060	0.01253	0.01323	0.03006	0.01379	0.01026	0.01572	0.00882	0.10959	0.00790	0.00203	0.02370	0.00484	0.00252	0.03509
18	0.01015	0.00864	0.01039	0.00947	0.01059	0.05948	0.00739	0.10423	0.01028	0.01409	0.01206	0.01831	0.01139	0.12576	0.41303	0.00540	0.15604	0.00524	0.00295	0.00510
19	0.00695	0.00516	0.00629	0.00679	0.00763	0.00489	0.00479	0.04034	0.01071	0.01395	0.05888	0.44966	0.19969	0.08730	0.03405	0.00240	0.00355	0.04813	0.00453	0.00431

[dist]
# distance from previous block
# <min> <max>
0	1

[block]
# block no. 3 follows, 49 sequences, length 28
# corresponding to MSA columns:
# 576-603
name=unknown_D
#
# <colnr> <probs for GDERKNQSTAVLIFYWHMCP>
#	G	D	E	R	K	N	Q	S	T	A	V	L	I	F	Y	W	H	M	C	P
0	0.49143	0.01151	0.01066	0.00880	0.01225	0.04402	0.02151	0.21588	0.03363	0.09295	0.00997	0.01046	0.00727	0.00526	0.00397	0.00155	0.00468	0.00358	0.00393	0.00668
1	0.01054	0.00979	0.01618	0.62790	0.17623	0.01158	0.01412	0.04735	0.01098	0.01444	0.00923	0.01324	0.00706	0.00500	0.00505	0.00164	0.00655	0.00450	0.00242	0.00620
2	0.00943	0.00471	0.00471	0.00471	0.00589	0.00471	0.00353	0.01178	0.01060	0.01885	0.01650	0.01885	0.01296	0.00589	0.00353	0.00118	0.00236	0.00471	0.85036	0.00471
3	0.01108	0.01055	0.01792	0.40923	0.42380	0.01164	0.01480	0.01426	0.01083	0.01477	0.00926	0.01298	0.00739	0.00477	0.00503	0.00159	0.00636	0.00450	0.00238	0.00685
4	0.00943	0.00471	0.00471	0.00471	0.00589	0.00471	0.00353	0.01178	0.01060	0.01885	0.01650	0.01885	0.01296	0.00589	0.00353	0.00118	0.00236	0.00471	0.85036	0.00471
5	0.01350	0.54200	0.13330	0.01037	0.01460	0.09296	0.01042	0.03729	0.01089	0.01312	0.00751	0.00894	0.00655	0.00492	0.00479	0.00129	0.07560	0.00310	0.00229	0.00655
6	0.01089	0.01036	0.01760	0.45677	0.37767	0.01159	0.01471	0.01410	0.01075	0.01455	0.00923	0.01304	0.00732	0.00481	0.00503	0.00160	0.00641	0.00450	0.00236	0.00670
7	0.00972	0.00802	0.00876	0.01000	0.07726	0.10624	0.00651	0.01091	0.01052	0.06310	0.02115	0.41196	0.02359	0.12636	0.02624	0.00243	0.00471	0.06359	0.00406	0.00486
8	0.00760	0.00593	0.00867	0.00846	0.00922	0.00711	0.00658	0.00923	0.00804	0.01166	0.01303	0.01984	0.01242	0.08355	0.67884	0.00736	0.08982	0.00544	0.00268	0.00452
9	0.00981	0.00814	0.01119	0.04954	0.01209	0.01009	0.00823	0.10070	0.00994	0.01421	0.01139	0.01684	0.01050	0.05963	0.42084	0.00528	0.22837	0.00509	0.00285	0.00526
10	0.85801	0.00978	0.00743	0.00665	0.00978	0.01134	0.00548	0.01486	0.00861	0.02269	0.00704	0.00821	0.00548	0.00469	0.00313	0.00156	0.00391	0.00274	0.00313	0.00548
11	0.01479	0.08573	0.03331	0.00941	0.01342	0.07432	0.00786	0.11754	0.12710	0.13953	0.01255	0.01267	0.00940	0.00510	0.00438	0.00122	0.00479	0.00394	0.00396	0.31899
12	0.00984	0.00945	0.01649	0.60569	0.08625	0.01113	0.08962	0.01309	0.01028	0.01347	0.01000	0.04821	0.00820	0.00617	0.02195	0.00183	0.02502	0.00509	0.00241	0.00582
13	0.00943	0.00471	0.00471	0.00471	0.00589	0.00471	0.00353	0.01178	0.01060	0.01885	0.01650	0.01885	0.01296	0.00589	0.00353	0.00118	0.00236	0.00471	0.85036	0.00471
14	0.01133	0.01787	0.28860	0.01898	0.02489	0.01244	0.51786	0.01614	0.01151	0.01614	0.00984	0.01264	0.00724	0.00445	0.00557	0.00167	0.00817	0.00521	0.00241	0.00704
15	0.00723	0.00514	0.00662	0.00662	0.00710	0.00548	0.00451	0.00807	0.00789	0.01083	0.01661	0.02813	0.05312	0.44447	0.36010	0.00614	0.00852	0.00668	0.00299	0.00375
16	0.01290	0.01036	0.01636	0.24965	0.34397	0.01113	0.01274	0.08750	0.01207	0.08869	0.01047	0.01341	0.00816	0.00617	0.00651	0.07386	0.02160	0.00455	0.00299	0.00689
17	0.01275	0.50016	0.28564	0.01090	0.01617	0.07109	0.01212	0.01578	0.01069	0.01332	0.00777	0.00905	0.00646	0.00455	0.00386	0.00127	0.00636	0.00309	0.00218	0.00678
18	0.01035	0.07482	0.74923	0.01406	0.02134	0.01225	0.01807	0.01596	0.01065	0.01576	0.00895	0.01052	0.00641	0.00478	0.00471	0.00157	0.00735	0.00367	0.00214	0.00741
19	0.00943	0.00471	0.00471	0.00471	0.00589	0.00471	0.00353	0.01178	0.01060	0.01885	0.01650	0.01885	0.01296	0.00589	0.00353	0.00118	0.00236	0.00471	0.85036	0.00471
20	0.01034	0.00755	0.00817	0.00782	0.00938	0.05911	0.00575	0.04865	0.09475	0.10056	0.15747	0.29702	0.09775	0.06316	0.00708	0.00196	0.00373	0.00954	0.00484	0.00541
21	0.03222	0.29460	0.31478	0.01141	0.01665	0.05557	0.01241	0.07739	0.07413	0.05198	0.00994	0.01075	0.00760	0.00499	0.00428	0.00141	0.00620	0.00362	0.00286	0.00719
22	0.01473	0.54838	0.04494	0.01021	0.01396	0.22764	0.00936	0.01636	0.01124	0.01216	0.00728	0.00860	0.00650	0.00480	0.00431	0.00121	0.04677	0.00297	0.00228	0.00630
23	0.12236	0.01348	0.03824	0.01310	0.05065	0.07675	0.13769	0.28689	0.07690	0.06884	0.03437	0.01422	0.03206	0.00580	0.00498	0.00157	0.00584	0.00486	0.00408	0.00735
24	0.01338	0.79195	0.05864	0.00889	0.01335	0.01966	0.00907	0.01518	0.01029	0.01207	0.00712	0.00822	0.00649	0.00435	0.00331	0.00110	0.00549	0.00275	0.00216	0.00653
25	0.00943	0.00471	0.00471	0.00471	0.00589	0.00471	0.00353	0.01178	0.01060	0.01885	0.01650	0.01885	0.01296	0.00589	0.00353	0.00118	0.00236	0.00471	0.85036	0.00471
26	0.85801	0.00978	0.00743	0.00665	0.00978	0.01134	0.00548	0.01486	0.00861	0.02269	0.00704	0.00821	0.00548	0.00469	0.00313	0.00156	0.00391	0.00274	0.00313	0.00548
27	0.01151	0.15944	0.01193	0.00820	0.01057	0.08399	0.00656	0.05072	0.09297	0.08418	0.07589	0.18836	0.17721	0.00946	0.00523	0.00160	0.00422	0.00786	0.00429	0.00581

[dist]
# distance from previous block
# <min> <max>
0	1

[block]
# block no. 4 follows, 49 sequences, length 8
# corresponding to MSA columns:
# 605-612
name=unknown_E
#
# <colnr> <probs for GDERKNQSTAVLIFYWHMCP>
#	G	D	E	R	K	N	Q	S	T	A	V	L	I	F	Y	W	H	M	C	P
0	0.01072	0.01127	0.02186	0.27318	0.02631	0.01213	0.38518	0.01409	0.01067	0.01443	0.01039	0.06019	0.00874	0.00579	0.00708	0.00178	0.11174	0.00578	0.00254	0.00611
1	0.85801	0.00978	0.00743	0.00665	0.00978	0.01134	0.00548	0.01486	0.00861	0.02269	0.00704	0.00821	0.00548	0.00469	0.00313	0.00156	0.00391	0.00274	0.00313	0.00548
2	0.01173	0.00966	0.01406	0.12162	0.28511	0.01018	0.01065	0.01722	0.19575	0.07573	0.14085	0.02025	0.05208	0.00659	0.00525	0.00161	0.00475	0.00587	0.00398	0.00704
3	0.00943	0.00471	0.00471	0.00471	0.00589	0.00471	0.00353	0.01178	0.01060	0.01885	0.01650	0.01885	0.01296	0.00589	0.00353	0.00118	0.00236	0.00471	0.85036	0.00471
4	0.00681	0.00546	0.00703	0.00657	0.00807	0.00486	0.03801	0.00870	0.01270	0.01681	0.39288	0.10553	0.34491	0.01153	0.00601	0.00168	0.00277	0.01006	0.00501	0.00460
5	0.01359	0.60962	0.02318	0.09454	0.01559	0.09824	0.00930	0.01610	0.05538	0.01259	0.00810	0.00941	0.00704	0.00464	0.00368	0.00121	0.00585	0.00313	0.00239	0.00642
6	0.01125	0.01148	0.00951	0.00890	0.01061	0.25082	0.00666	0.01274	0.01238	0.03770	0.17326	0.18427	0.14011	0.00970	0.00611	0.00160	0.05197	0.00790	0.00404	0.04899
7	0.35985	0.11176	0.10976	0.01040	0.03487	0.05691	0.06034	0.01581	0.01046	0.08237	0.05394	0.01165	0.00908	0.00533	0.00471	0.00154	0.04802	0.00381	0.00316	0.00625

[dist]
# distance from previous block
# <min> <max>
0	11

[block]
# block no. 5 follows, 49 sequences, length 22
# corresponding to MSA columns:
# 624-628,637-653
name=unknown_F
#
# <colnr> <probs for GDERKNQSTAVLIFYWHMCP>
#	G	D	E	R	K	N	Q	S	T	A	V	L	I	F	Y	W	H	M	C	P
0	0.07370	0.01012	0.01430	0.35731	0.06868	0.01177	0.04707	0.04060	0.22841	0.04028	0.01325	0.01514	0.02219	0.00577	0.00534	0.00168	0.02946	0.00490	0.00340	0.00663
1	0.04826	0.01171	0.01889	0.15406	0.58099	0.03541	0.03115	0.01513	0.01126	0.01605	0.00962	0.01326	0.00805	0.00480	0.00498	0.00155	0.00616	0.01878	0.00253	0.00736
2	0.01069	0.01112	0.02148	0.01692	0.04325	0.01154	0.42134	0.01375	0.01085	0.01509	0.04523	0.05903	0.01259	0.00879	0.05487	0.00224	0.16300	0.06923	0.00291	0.00607
3	0.00943	0.00471	0.00471	0.00471	0.00589	0.00471	0.00353	0.01178	0.01060	0.01885	0.01650	0.01885	0.01296	0.00589	0.00353	0.00118	0.00236	0.00471	0.85036	0.00471
4	0.00722	0.00542	0.00813	0.00813	0.00903	0.00632	0.00632	0.00903	0.00813	0.01174	0.01354	0.01987	0.01264	0.03792	0.80225	0.00813	0.01354	0.00542	0.00271	0.00451
5	0.00943	0.00471	0.00471	0.00471	0.00589	0.00471	0.00353	0.01178	0.01060	0.01885	0.01650	0.01885	0.01296	0.00589	0.00353	0.00118	0.00236	0.00471	0.85036	0.00471
6	0.01454	0.03467	0.14137	0.04646	0.09033	0.31055	0.11032	0.01736	0.01241	0.04782	0.00920	0.01096	0.00718	0.00478	0.00473	0.00137	0.00738	0.00388	0.00270	0.12200
7	0.00841	0.00592	0.00751	0.00735	0.00848	0.00593	0.00543	0.01001	0.03023	0.06024	0.06705	0.19261	0.11664	0.17859	0.11420	0.00327	0.04689	0.07347	0.00403	0.05372
8	0.85801	0.00978	0.00743	0.00665	0.00978	0.01134	0.00548	0.01486	0.00861	0.02269	0.00704	0.00821	0.00548	0.00469	0.00313	0.00156	0.00391	0.00274	0.00313	0.00548
9	0.00849	0.00450	0.00637	0.00637	0.00637	0.00450	0.00412	0.00675	0.00675	0.00899	0.01026	0.01902	0.01076	0.18338	0.02099	0.67815	0.00450	0.00500	0.00237	0.00237
10	0.00752	0.00537	0.00671	0.00659	0.00681	0.00583	0.00431	0.00803	0.00757	0.01041	0.01483	0.02860	0.01632	0.58297	0.21818	0.00556	0.05119	0.00671	0.00293	0.00356
11	0.80840	0.05768	0.00855	0.00677	0.00997	0.01185	0.00566	0.01488	0.00870	0.02205	0.00704	0.00821	0.00554	0.00467	0.00314	0.00154	0.00400	0.00274	0.00307	0.00554
12	0.01069	0.00917	0.01192	0.01233	0.17184	0.00793	0.00787	0.01387	0.07063	0.03308	0.01531	0.04881	0.08899	0.00562	0.00448	0.00115	0.00409	0.00481	0.00337	0.47403
13	0.66230	0.03277	0.02755	0.00750	0.01085	0.04796	0.00634	0.01648	0.00976	0.12664	0.00888	0.00954	0.00653	0.00492	0.00350	0.00154	0.00433	0.00310	0.00348	0.00599
14	0.00943	0.00471	0.00471	0.00471	0.00589	0.00471	0.00353	0.01178	0.01060	0.01885	0.01650	0.01885	0.01296	0.00589	0.00353	0.00118	0.00236	0.00471	0.85036	0.00471
15	0.01770	0.01569	0.01396	0.01256	0.06022	0.29343	0.02774	0.16110	0.12949	0.16494	0.01460	0.01446	0.03917	0.00604	0.00495	0.00149	0.00635	0.00463	0.00420	0.00729
16	0.01229	0.01178	0.02012	0.09041	0.73314	0.01196	0.01541	0.01532	0.01141	0.01625	0.00947	0.01259	0.00791	0.00455	0.00501	0.00152	0.00606	0.00450	0.00248	0.00783
17	0.01085	0.01031	0.01751	0.46912	0.36570	0.01158	0.01469	0.01406	0.01073	0.01450	0.00922	0.01306	0.00730	0.00481	0.00503	0.00160	0.00642	0.00450	0.00236	0.00666
18	0.01977	0.01329	0.01463	0.01122	0.01524	0.01438	0.00927	0.65589	0.02231	0.15193	0.01337	0.01294	0.00922	0.00610	0.00506	0.00152	0.00537	0.00464	0.00525	0.00860
19	0.01170	0.00907	0.01061	0.00789	0.01203	0.00742	0.00631	0.03809	0.07083	0.07844	0.05074	0.01311	0.01059	0.00459	0.00411	0.00095	0.00379	0.00373	0.00361	0.65237
20	0.00709	0.00503	0.00631	0.00626	0.00731	0.00470	0.00461	0.00813	0.01105	0.01463	0.27110	0.06036	0.27343	0.03928	0.07866	0.15469	0.00395	0.03507	0.00430	0.00405
21	0.01234	0.01209	0.01936	0.15663	0.63141	0.04924	0.01501	0.01532	0.01142	0.01574	0.00935	0.01251	0.00773	0.00463	0.00499	0.00152	0.00627	0.00444	0.00247	0.00752

[dist]
# distance from previous block
# <min> <max>
1	30

[block]
# block no. 6 follows, 49 sequences, length 25
# corresponding to MSA columns:
# 704-728
name=unknown_G
#
# <colnr> <probs for GDERKNQSTAVLIFYWHMCP>
#	G	D	E	R	K	N	Q	S	T	A	V	L	I	F	Y	W	H	M	C	P
0	0.04672	0.47298	0.15387	0.01106	0.03081	0.09209	0.03916	0.05658	0.01157	0.03233	0.00819	0.00937	0.00676	0.00464	0.00391	0.00128	0.00617	0.00324	0.00251	0.00676
1	0.00639	0.00495	0.00578	0.00604	0.00717	0.00440	0.00436	0.00779	0.01148	0.01479	0.20311	0.25333	0.37468	0.04373	0.00688	0.00191	0.00277	0.03132	0.00482	0.00430
2	0.01456	0.60608	0.06130	0.00992	0.01401	0.19554	0.00939	0.01632	0.01121	0.01221	0.00731	0.00846	0.00649	0.00455	0.00362	0.00116	0.00634	0.00288	0.00226	0.00640
3	0.00663	0.00468	0.00610	0.00688	0.00720	0.00458	0.00461	0.00745	0.00906	0.01216	0.02361	0.52371	0.02768	0.20782	0.08899	0.00333	0.00451	0.04295	0.00411	0.00392
4	0.04728	0.23398	0.07684	0.01111	0.01538	0.01556	0.05049	0.33140	0.09865	0.05475	0.01146	0.01180	0.00859	0.00545	0.00454	0.00144	0.00554	0.00415	0.00391	0.00767
5	0.10099	0.00948	0.02565	0.00880	0.01127	0.06056	0.00693	0.13179	0.04244	0.20437	0.06198	0.27645	0.01955	0.00933	0.00534	0.00171	0.00427	0.00788	0.00484	0.00638
6	0.00791	0.00643	0.00944	0.00905	0.00979	0.00796	0.00717	0.00959	0.00806	0.01182	0.01231	0.01829	0.01157	0.03272	0.66160	0.00707	0.15667	0.00524	0.00262	0.00470
7	0.01466	0.01211	0.01412	0.04561	0.10173	0.03491	0.02798	0.23780	0.36864	0.04276	0.01600	0.01655	0.01214	0.00636	0.00515	0.00163	0.00506	0.02429	0.00459	0.00792
8	0.01017	0.00942	0.05565	0.01578	0.22324	0.00897	0.03245	0.01339	0.05866	0.03384	0.03275	0.07866	0.01865	0.04289	0.02416	0.00218	0.05851	0.27091	0.00370	0.00604
9	0.01127	0.01074	0.01817	0.30360	0.50116	0.01150	0.01464	0.01435	0.01102	0.01517	0.01062	0.01398	0.03181	0.00496	0.00505	0.00157	0.00616	0.00469	0.00248	0.00705
10	0.01143	0.07289	0.27085	0.16781	0.13577	0.04404	0.13095	0.01635	0.07213	0.01551	0.01002	0.01234	0.00762	0.00487	0.00497	0.00158	0.00693	0.00440	0.00253	0.00701
11	0.00659	0.00460	0.00585	0.00667	0.00691	0.00441	0.00434	0.00726	0.00906	0.01207	0.02429	0.55746	0.02881	0.25502	0.01219	0.00291	0.00358	0.03994	0.00421	0.00382
12	0.01854	0.01382	0.01479	0.01150	0.01542	0.01536	0.00945	0.69702	0.10175	0.03077	0.01301	0.01283	0.00930	0.00615	0.00507	0.00154	0.00540	0.00467	0.00507	0.00854
13	0.01268	0.26975	0.06136	0.01367	0.18171	0.02772	0.00987	0.04995	0.01142	0.03151	0.00883	0.01037	0.00736	0.00434	0.00402	0.00113	0.00516	0.00339	0.00273	0.28302
14	0.01450	0.48675	0.05429	0.02296	0.03208	0.15633	0.00943	0.03170	0.09947	0.03631	0.00936	0.01015	0.00776	0.00490	0.00392	0.00126	0.00600	0.00336	0.00276	0.00671
15	0.00715	0.00495	0.00606	0.00617	0.00647	0.00502	0.00392	0.00776	0.00838	0.01137	0.07890	0.12030	0.03707	0.52477	0.14608	0.00477	0.00582	0.00804	0.00342	0.00357
16	0.01306	0.03610	0.01462	0.12898	0.09144	0.14634	0.04697	0.06444	0.17938	0.03858	0.06565	0.01691	0.05215	0.00654	0.00609	0.00162	0.07568	0.00521	0.00360	0.00662
17	0.00667	0.00475	0.00593	0.00652	0.00699	0.00449	0.00437	0.00759	0.00982	0.01307	0.11154	0.42476	0.08957	0.23005	0.01153	0.00275	0.00345	0.04786	0.00436	0.00394
18	0.00743	0.00571	0.00845	0.00833	0.00915	0.00677	0.00648	0.00915	0.00808	0.01170	0.01324	0.01978	0.01249	0.05955	0.73707	0.00771	0.05625	0.00542	0.00269	0.00453
19	0.00878	0.00439	0.00659	0.00659	0.00659	0.00439	0.00439	0.00659	0.00659	0.00878	0.00878	0.01537	0.00878	0.01757	0.01976	0.85288	0.00439	0.00439	0.00220	0.00220
20	0.00988	0.00933	0.01576	0.72328	0.11910	0.01132	0.01421	0.01321	0.01027	0.01332	0.00905	0.01337	0.00688	0.00499	0.00505	0.00166	0.00666	0.00450	0.00228	0.00588
21	0.00612	0.00504	0.00539	0.00550	0.00697	0.00430	0.00405	0.00747	0.01158	0.01426	0.12540	0.14507	0.61549	0.01293	0.00604	0.00174	0.00259	0.01098	0.00479	0.00430
22	0.00626	0.00453	0.00587	0.00689	0.00732	0.00421	0.00467	0.00719	0.00981	0.01292	0.02936	0.69530	0.09776	0.04812	0.00721	0.00215	0.00304	0.03866	0.00463	0.00410
23	0.01183	0.01296	0.10126	0.07758	0.54066	0.01145	0.04410	0.01532	0.03082	0.01615	0.00969	0.01253	0.00792	0.00489	0.00530	0.02179	0.00607	0.00441	0.00254	0.06274
24	0.01105	0.19967	0.56219	0.01365	0.04839	0.01367	0.01594	0.01598	0.02894	0.01517	0.00886	0.01039	0.00670	0.00483	0.00475	0.00150	0.02525	0.00360	0.00223	0.00725

[dist]
# distance from previous block
# <min> <max>
0	1

[block]
# block no. 7 follows, 49 sequences, length 29
# corresponding to MSA columns:
# 730-758
name=unknown_H
#
# <colnr> <probs for GDERKNQSTAVLIFYWHMCP>
#	G	D	E	R	K	N	Q	S	T	A	V	L	I	F	Y	W	H	M	C	P
0	0.07554	0.04457	0.01888	0.02252	0.44202	0.05747	0.08705	0.05739	0.01244	0.10137	0.01083	0.01334	0.00860	0.00500	0.00492	0.00152	0.00602	0.01985	0.00313	0.00755
1	0.01014	0.02616	0.79609	0.01441	0.02189	0.01174	0.01868	0.01601	0.01068	0.01601	0.00907	0.01068	0.00641	0.00480	0.00480	0.00160	0.00747	0.00374	0.00214	0.00747
2	0.00630	0.00486	0.00568	0.00622	0.00722	0.00435	0.00445	0.00744	0.01062	0.01339	0.05536	0.36045	0.37332	0.05852	0.00732	0.00206	0.00297	0.06066	0.00462	0.00417
3	0.01014	0.02616	0.79609	0.01441	0.02189	0.01174	0.01868	0.01601	0.01068	0.01601	0.00907	0.01068	0.00641	0.00480	0.00480	0.00160	0.00747	0.00374	0.00214	0.00747
4	0.27445	0.00693	0.00725	0.00671	0.00869	0.00709	0.00524	0.01219	0.01154	0.08618	0.29396	0.02874	0.09612	0.07386	0.00666	0.00191	0.00341	0.05942	0.00452	0.00513
5	0.00899	0.00561	0.00713	0.00650	0.00813	0.00503	0.00496	0.01113	0.01386	0.12037	0.56275	0.03693	0.16869	0.01022	0.00585	0.00161	0.00267	0.00887	0.00551	0.00519
6	0.00827	0.00538	0.00731	0.00811	0.00913	0.00513	0.00640	0.00992	0.01108	0.07098	0.04622	0.37707	0.05516	0.01408	0.00656	0.00212	0.00377	0.34379	0.00481	0.00470
7	0.00819	0.00668	0.00960	0.03041	0.16736	0.00639	0.00725	0.01055	0.01306	0.01803	0.45355	0.03490	0.14845	0.00962	0.00581	0.00164	0.00339	0.05508	0.00468	0.00537
8	0.01103	0.00603	0.00795	0.00698	0.00888	0.00542	0.00540	0.01326	0.01424	0.21524	0.56410	0.03303	0.06921	0.00941	0.00574	0.00159	0.00288	0.00818	0.00571	0.00572
9	0.01868	0.02370	0.01453	0.01362	0.04107	0.77606	0.00996	0.02004	0.01424	0.01251	0.00787	0.00923	0.00656	0.00519	0.00457	0.00131	0.00902	0.00330	0.00260	0.00593
10	0.61103	0.02844	0.00985	0.00801	0.01138	0.01262	0.00663	0.20032	0.03450	0.02465	0.00867	0.00948	0.00655	0.00508	0.00366	0.00155	0.00435	0.00327	0.00364	0.00633
11	0.01277	0.01096	0.01154	0.01033	0.01322	0.01267	0.00805	0.04857	0.75959	0.02146	0.02034	0.01867	0.01524	0.00684	0.00514	0.00171	0.00405	0.00568	0.00514	0.00802
12	0.01808	0.01360	0.01453	0.01140	0.01525	0.01515	0.00934	0.64564	0.15387	0.03003	0.01359	0.01330	0.00977	0.00621	0.00507	0.00155	0.00530	0.00475	0.00507	0.00850
13	0.00811	0.00484	0.00726	0.00726	0.00765	0.00523	0.00523	0.00765	0.00726	0.01007	0.01085	0.01732	0.01046	0.02641	0.35958	0.48602	0.00837	0.00484	0.00242	0.00320
14	0.04561	0.00613	0.00776	0.00694	0.00885	0.00558	0.00534	0.01299	0.01348	0.20647	0.43771	0.09175	0.11177	0.00979	0.00567	0.00163	0.00297	0.00845	0.00548	0.00563
15	0.59885	0.00942	0.00877	0.00738	0.01075	0.01013	0.00608	0.01790	0.01043	0.26206	0.01105	0.01101	0.00766	0.00518	0.00374	0.00156	0.00403	0.00347	0.00410	0.00645
16	0.00643	0.00485	0.00587	0.00620	0.00715	0.00437	0.00438	0.00780	0.01138	0.01497	0.23936	0.33673	0.26535	0.05268	0.00712	0.00196	0.00277	0.01150	0.00485	0.00428
17	0.85801	0.00978	0.00743	0.00665	0.00978	0.01134	0.00548	0.01486	0.00861	0.02269	0.00704	0.00821	0.00548	0.00469	0.00313	0.00156	0.00391	0.00274	0.00313	0.00548
18	0.00873	0.00442	0.00659	0.00658	0.00662	0.00440	0.00440	0.00668	0.00683	0.00914	0.03301	0.01607	0.00999	0.01734	0.01933	0.82641	0.00433	0.00454	0.00230	0.00228
19	0.00955	0.00899	0.01517	0.81013	0.03483	0.01123	0.01404	0.01292	0.01011	0.01292	0.00899	0.01348	0.00674	0.00506	0.00506	0.00169	0.00674	0.00449	0.00225	0.00562
20	0.01083	0.00919	0.01067	0.00765	0.01213	0.00710	0.00614	0.04290	0.01101	0.01709	0.00911	0.01055	0.00753	0.00384	0.00380	0.00078	0.00382	0.00306	0.00308	0.81972
21	0.01435	0.03336	0.01629	0.25905	0.13745	0.11202	0.03628	0.25482	0.02866	0.01960	0.01065	0.03542	0.00843	0.00561	0.00501	0.00155	0.00643	0.00467	0.00335	0.00701
22	0.20600	0.17995	0.01620	0.02539	0.06944	0.09390	0.02811	0.22776	0.06010	0.02096	0.00963	0.01060	0.00753	0.00524	0.00442	0.00145	0.01920	0.00373	0.00345	0.00696
23	0.00642	0.00467	0.00609	0.00716	0.00759	0.00444	0.00487	0.00780	0.03604	0.01326	0.02815	0.75595	0.05067	0.01542	0.00641	0.00204	0.00300	0.03105	0.00471	0.00426
24	0.10333	0.01192	0.01194	0.01151	0.06382	0.07161	0.00841	0.04910	0.56643	0.02071	0.01718	0.01636	0.01300	0.00633	0.00487	0.00165	0.00456	0.00510	0.00457	0.00759
25	0.02986	0.00982	0.01349	0.01445	0.22473	0.00881	0.00905	0.04418	0.03149	0.19395	0.01264	0.04032	0.00986	0.00512	0.00456	0.00125	0.00454	0.00439	0.00379	0.33372
26	0.01502	0.01732	0.30249	0.01307	0.01806	0.01222	0.05638	0.14737	0.16292	0.13387	0.01549	0.04142	0.01182	0.00685	0.00559	0.00184	0.00621	0.01946	0.00435	0.00827
27	0.01055	0.00556	0.00557	0.00552	0.00679	0.00540	0.00406	0.01257	0.01130	0.01981	0.01747	0.02024	0.01391	0.00661	0.00403	0.00139	0.00277	0.00506	0.83609	0.00530
28	0.01229	0.01141	0.01877	0.37122	0.44837	0.01224	0.01520	0.01511	0.01158	0.01595	0.01038	0.01443	0.00849	0.00549	0.00550	0.00178	0.00668	0.00485	0.00277	0.00750

[dist]
# distance from previous block
# <min> <max>
0	2

[block]
# block no. 8 follows, 49 sequences, length 9
# corresponding to MSA columns:
# 761-769
name=unknown_I
#
# <colnr> <probs for GDERKNQSTAVLIFYWHMCP>
#	G	D	E	R	K	N	Q	S	T	A	V	L	I	F	Y	W	H	M	C	P
0	0.02029	0.05397	0.01528	0.01311	0.04308	0.46629	0.00981	0.10122	0.01573	0.19056	0.01216	0.01291	0.00921	0.00621	0.00517	0.00159	0.00770	0.00420	0.00405	0.00745
1	0.00855	0.00581	0.00659	0.00658	0.00684	0.00563	0.00399	0.00843	0.00860	0.01158	0.04076	0.03484	0.04492	0.68474	0.04435	0.03093	0.00533	0.03410	0.00359	0.00385
2	0.01049	0.00899	0.01049	0.00749	0.01198	0.00674	0.00599	0.01273	0.01049	0.01648	0.00899	0.01049	0.00749	0.00374	0.00374	0.00075	0.00374	0.00300	0.00300	0.85320
3	0.00922	0.01106	0.18451	0.03236	0.04879	0.02560	0.04644	0.01193	0.01126	0.05966	0.13863	0.30014	0.02398	0.01084	0.02608	0.00195	0.00494	0.04298	0.00398	0.00564
4	0.00607	0.00497	0.00535	0.00559	0.00697	0.00426	0.00407	0.00731	0.01125	0.01379	0.07896	0.21309	0.59409	0.01335	0.00608	0.00178	0.00263	0.01140	0.00473	0.00426
5	0.25534	0.01224	0.07051	0.18970	0.08035	0.05227	0.10867	0.03155	0.01057	0.04572	0.00974	0.01214	0.02327	0.00534	0.00554	0.00165	0.07214	0.00421	0.00283	0.00620
6	0.03453	0.36020	0.12228	0.00967	0.01409	0.01391	0.03487	0.06351	0.01152	0.07104	0.03216	0.01172	0.00888	0.02214	0.03427	0.00155	0.00562	0.00367	0.00295	0.14141
7	0.01065	0.03626	0.01213	0.12511	0.08545	0.03174	0.02926	0.02646	0.04034	0.06884	0.08650	0.07232	0.15248	0.00761	0.00568	0.00151	0.04418	0.00639	0.00373	0.15335
8	0.20002	0.04603	0.05400	0.03633	0.04188	0.07422	0.00777	0.04179	0.02747	0.07847	0.02673	0.02865	0.03111	0.02025	0.00505	0.02433	0.00479	0.02671	0.00340	0.22099

[dist]
# distance from previous block
# <min> <max>
89	507

[block]
# block no. 9 follows, 49 sequences, length 52
# corresponding to MSA columns:
# 1536-1587
name=unknown_J
#
# <colnr> <probs for GDERKNQSTAVLIFYWHMCP>
#	G	D	E	R	K	N	Q	S	T	A	V	L	I	F	Y	W	H	M	C	P
0	0.14462	0.01095	0.08874	0.02553	0.14686	0.00945	0.04165	0.05782	0.03830	0.07741	0.05390	0.11439	0.03783	0.00673	0.00483	0.00152	0.00472	0.00575	0.00365	0.12534
1	0.05264	0.06535	0.05650	0.04474	0.20271	0.07013	0.04639	0.02692	0.01104	0.03977	0.01130	0.03860	0.02536	0.00910	0.10152	0.00216	0.00655	0.00449	0.00289	0.18184
2	0.04566	0.05129	0.07765	0.01018	0.05988	0.02688	0.00805	0.04090	0.03790	0.10428	0.03267	0.09991	0.03061	0.10818	0.05627	0.00234	0.05398	0.02604	0.00363	0.12372
3	0.05741	0.01106	0.04135	0.05386	0.11228	0.07697	0.00882	0.02916	0.07210	0.10466	0.02738	0.03299	0.04987	0.00710	0.03408	0.00163	0.02899	0.01724	0.00357	0.22947
4	0.10585	0.02486	0.02450	0.00813	0.03352	0.00707	0.00595	0.04165	0.05058	0.06186	0.16664	0.28887	0.03921	0.07208	0.00697	0.00195	0.00360	0.00879	0.00443	0.04348
5	0.04163	0.01514	0.01439	0.01277	0.03045	0.27014	0.01001	0.05346	0.01102	0.01395	0.00806	0.03094	0.00742	0.00717	0.01038	0.00175	0.39760	0.00417	0.00263	0.05693
6	0.01199	0.03079	0.14622	0.04233	0.30231	0.01065	0.01223	0.06084	0.03250	0.02947	0.00983	0.01174	0.00782	0.00452	0.00456	0.00129	0.00546	0.00392	0.00286	0.26867
7	0.00770	0.00568	0.00855	0.00918	0.05570	0.00638	0.00647	0.00907	0.00813	0.01161	0.01300	0.01986	0.01237	0.08607	0.62617	0.08995	0.01162	0.00539	0.00267	0.00440
8	0.01376	0.01026	0.01177	0.01109	0.05965	0.01130	0.00817	0.04779	0.54317	0.12888	0.08102	0.01956	0.01695	0.00689	0.00519	0.00167	0.00408	0.00579	0.00517	0.00785
9	0.01068	0.00936	0.01170	0.00847	0.01291	0.00740	0.05232	0.01366	0.04966	0.01670	0.00965	0.01110	0.00790	0.00393	0.00395	0.00086	0.00405	0.00331	0.00308	0.75931
10	0.01212	0.01085	0.01817	0.20912	0.45332	0.01138	0.05223	0.01550	0.03866	0.06253	0.01205	0.01471	0.03923	0.00523	0.00536	0.00159	0.02297	0.00490	0.00285	0.00723
11	0.01115	0.01061	0.01396	0.01188	0.01260	0.05280	0.03641	0.01234	0.00854	0.03331	0.00879	0.01440	0.00864	0.11624	0.04334	0.00260	0.53863	0.00477	0.00253	0.05644
12	0.05629	0.71080	0.07157	0.00903	0.01344	0.04346	0.00913	0.01534	0.01034	0.01271	0.00718	0.00830	0.00643	0.00440	0.00337	0.00114	0.00557	0.00279	0.00222	0.00648
13	0.00735	0.00490	0.00552	0.00552	0.00552	0.00490	0.00306	0.00735	0.00735	0.00980	0.01593	0.03309	0.01838	0.82229	0.02574	0.00490	0.00490	0.00735	0.00306	0.00306
14	0.01792	0.02115	0.01445	0.01328	0.04277	0.61084	0.00984	0.11237	0.01508	0.01519	0.03538	0.01070	0.00826	0.00565	0.00527	0.00139	0.04753	0.00372	0.00299	0.00622
15	0.08337	0.00900	0.01039	0.00762	0.01192	0.00722	0.00614	0.01447	0.01085	0.11857	0.01026	0.01117	0.00798	0.00415	0.00387	0.00092	0.00383	0.00325	0.00343	0.67159
