[name]
unknown

[dist]
# distance from previous block
# <min> <max>
0	280

[block]
# block no. 0 follows, 54 sequences, length 15
# corresponding to MSA columns:
# 324-338
name=unknown_A
#
# <colnr> <probs for GDERKNQSTAVLIFYWHMCP>
#	G	D	E	R	K	N	Q	S	T	A	V	L	I	F	Y	W	H	M	C	P
0	0.03185	0.12540	0.01400	0.01194	0.09449	0.28393	0.02444	0.03780	0.03333	0.01273	0.00961	0.01354	0.00875	0.07106	0.13584	0.00257	0.05850	0.02219	0.00258	0.00546
1	0.02921	0.00882	0.01235	0.22651	0.17784	0.00979	0.00977	0.05628	0.16898	0.01588	0.05841	0.02021	0.09903	0.02730	0.00564	0.00164	0.02420	0.03877	0.00338	0.00601
2	0.01079	0.30977	0.12019	0.00937	0.05235	0.01158	0.00853	0.01315	0.00981	0.01373	0.00825	0.01038	0.00713	0.00413	0.00360	0.00099	0.00464	0.02556	0.00243	0.37361
3	0.01009	0.18840	0.65142	0.01235	0.01873	0.01251	0.01553	0.01477	0.00988	0.01416	0.00808	0.00947	0.00599	0.00439	0.00419	0.00140	0.00658	0.00329	0.00200	0.00678
4	0.00702	0.00486	0.00617	0.00680	0.00742	0.00467	0.00467	0.05978	0.00998	0.03419	0.02486	0.70082	0.04733	0.04906	0.00666	0.00198	0.00301	0.01219	0.00437	0.00419
5	0.00674	0.00505	0.00758	0.00758	0.00842	0.00589	0.00589	0.00842	0.00758	0.01095	0.01263	0.01852	0.01179	0.03536	0.81561	0.00758	0.01263	0.00505	0.00253	0.00421
6	0.00581	0.00420	0.00544	0.00635	0.00675	0.00390	0.00426	0.00669	0.00926	0.01228	0.06053	0.70936	0.08805	0.04487	0.00664	0.00197	0.00276	0.01270	0.00436	0.00383
7	0.00879	0.00439	0.00439	0.00439	0.00549	0.00439	0.00330	0.01099	0.00989	0.01758	0.01538	0.01758	0.01209	0.00549	0.00330	0.00110	0.00220	0.00439	0.86047	0.00439
8	0.01173	0.01013	0.01066	0.00960	0.01226	0.01173	0.00746	0.02505	0.79636	0.01972	0.01919	0.01759	0.01439	0.00640	0.00480	0.00160	0.00373	0.00533	0.00480	0.00746
9	0.01061	0.00835	0.00986	0.00709	0.01124	0.00633	0.00569	0.01269	0.01005	0.07373	0.00913	0.01024	0.00733	0.00366	0.00358	0.00075	0.00353	0.00294	0.00302	0.80017
10	0.00623	0.00480	0.00568	0.00546	0.00677	0.00426	0.00410	0.00803	0.01229	0.01640	0.49550	0.03935	0.35295	0.01058	0.00557	0.00153	0.00229	0.00911	0.00486	0.00426
11	0.01041	0.00992	0.01687	0.39016	0.45349	0.01087	0.01384	0.01337	0.01014	0.01388	0.00865	0.01208	0.00693	0.00443	0.00469	0.00148	0.00591	0.00420	0.00223	0.00645
12	0.00625	0.00482	0.00571	0.00555	0.00686	0.00429	0.00420	0.00804	0.01217	0.01616	0.45912	0.04011	0.36051	0.01072	0.00560	0.00155	0.00237	0.03689	0.00482	0.00425
13	0.01302	0.47000	0.01838	0.00854	0.01180	0.12643	0.00762	0.09325	0.01202	0.03743	0.11342	0.02912	0.03046	0.00550	0.00387	0.00119	0.00503	0.00401	0.00298	0.00593
14	0.01044	0.05257	0.01058	0.00795	0.01082	0.02539	0.00635	0.12927	0.03073	0.01585	0.01073	0.03710	0.00954	0.05351	0.18743	0.00266	0.02358	0.00412	0.00306	0.36832

[dist]
# distance from previous block
# <min> <max>
0	1

[block]
# block no. 1 follows, 54 sequences, length 12
# corresponding to MSA columns:
# 340-351
name=unknown_B
#
# <colnr> <probs for GDERKNQSTAVLIFYWHMCP>
#	G	D	E	R	K	N	Q	S	T	A	V	L	I	F	Y	W	H	M	C	P
0	0.01188	0.03440	0.03687	0.12251	0.39450	0.06238	0.06643	0.04998	0.12451	0.01574	0.01022	0.01231	0.00813	0.00477	0.00493	0.00146	0.02500	0.00432	0.00275	0.00690
1	0.03905	0.04842	0.02668	0.04906	0.01506	0.29703	0.02154	0.28829	0.08373	0.01914	0.00980	0.01060	0.00751	0.00524	0.00470	0.00135	0.02847	0.00375	0.00341	0.03717
2	0.00677	0.00492	0.00691	0.00691	0.00752	0.00553	0.00506	0.00799	0.00738	0.01045	0.01324	0.02191	0.01326	0.25466	0.59833	0.00675	0.01042	0.00555	0.00262	0.00384
3	0.00747	0.00613	0.00801	0.00783	0.00861	0.04415	0.00600	0.00892	0.00776	0.01082	0.01222	0.01880	0.01172	0.11201	0.65157	0.00666	0.05952	0.00508	0.00253	0.00419
4	0.00578	0.00477	0.00509	0.00523	0.00666	0.00409	0.00395	0.00706	0.01075	0.01309	0.08325	0.10594	0.65364	0.01211	0.00567	0.00165	0.00253	0.06029	0.00442	0.00402
5	0.00736	0.00569	0.00681	0.00638	0.00782	0.00559	0.00483	0.01128	0.14266	0.01819	0.56890	0.03370	0.14383	0.00942	0.00544	0.00152	0.00250	0.00819	0.00501	0.00488
6	0.76672	0.00899	0.00741	0.00646	0.00947	0.01014	0.00532	0.01495	0.00868	0.11495	0.00800	0.00866	0.00589	0.00455	0.00314	0.00146	0.00369	0.00281	0.00327	0.00545
7	0.00684	0.00464	0.00550	0.00550	0.00562	0.00476	0.00330	0.00708	0.00696	0.00940	0.01453	0.02906	0.01636	0.71831	0.13893	0.00501	0.00574	0.00659	0.00281	0.00305
8	0.01055	0.02174	0.61135	0.01475	0.05910	0.05274	0.10878	0.01538	0.01042	0.03905	0.00886	0.01048	0.00637	0.00447	0.00461	0.00148	0.00701	0.00378	0.00220	0.00687
9	0.00978	0.00838	0.00978	0.00698	0.01117	0.00629	0.00559	0.01187	0.00978	0.01536	0.00838	0.00978	0.00698	0.00349	0.00349	0.00070	0.00349	0.00279	0.00279	0.86312
10	0.01681	0.02075	0.01363	0.01325	0.07718	0.70182	0.00939	0.04191	0.01342	0.01263	0.03200	0.00966	0.00743	0.00498	0.00434	0.00124	0.00798	0.00334	0.00258	0.00567
11	0.02096	0.00833	0.01113	0.00854	0.01219	0.00739	0.00705	0.06857	0.01401	0.76183	0.01817	0.01577	0.01145	0.00583	0.00474	0.00146	0.00408	0.00471	0.00577	0.00802

[dist]
# distance from previous block
# <min> <max>
0	1

[block]
# block no. 2 follows, 54 sequences, length 17
# corresponding to MSA columns:
# 353-369
name=unknown_C
#
# <colnr> <probs for GDERKNQSTAVLIFYWHMCP>
#	G	D	E	R	K	N	Q	S	T	A	V	L	I	F	Y	W	H	M	C	P
0	0.03888	0.00591	0.00854	0.00913	0.01045	0.00592	0.04469	0.01017	0.01076	0.01441	0.02356	0.04961	0.02539	0.01228	0.00634	0.00212	0.00449	0.70868	0.00420	0.00447
1	0.03722	0.10172	0.12971	0.01278	0.07417	0.21485	0.03530	0.03270	0.03326	0.10319	0.00903	0.01050	0.00710	0.00549	0.00655	0.00148	0.17225	0.00371	0.00275	0.00625
2	0.03162	0.03376	0.01068	0.00941	0.03264	0.01078	0.00718	0.07935	0.53168	0.02000	0.16054	0.01964	0.01875	0.00676	0.00483	0.00154	0.00365	0.00565	0.00467	0.00686
3	0.01868	0.00818	0.01064	0.00837	0.01167	0.00752	0.00683	0.08289	0.05777	0.60977	0.10946	0.01799	0.01536	0.00630	0.00484	0.00147	0.00388	0.00518	0.00561	0.00758
4	0.01032	0.01032	0.01444	0.01238	0.01238	0.01444	0.01032	0.01135	0.00722	0.01135	0.00619	0.01032	0.00619	0.00825	0.01547	0.00206	0.82567	0.00413	0.00206	0.00516
5	0.01032	0.01032	0.01444	0.01238	0.01238	0.01444	0.01032	0.01135	0.00722	0.01135	0.00619	0.01032	0.00619	0.00825	0.01547	0.00206	0.82567	0.00413	0.00206	0.00516
6	0.00708	0.00525	0.00688	0.00764	0.00885	0.00504	0.00651	0.00902	0.01094	0.01400	0.06454	0.05056	0.21043	0.01262	0.00625	0.00200	0.00379	0.55994	0.00439	0.00426
7	0.00572	0.00420	0.00538	0.00632	0.00677	0.00385	0.00427	0.00659	0.00926	0.01213	0.02897	0.72372	0.13676	0.01438	0.00596	0.00187	0.00269	0.01293	0.00438	0.00385
8	0.00582	0.00425	0.00549	0.00631	0.00681	0.00391	0.00430	0.00683	0.00966	0.01283	0.10984	0.66508	0.11362	0.01394	0.00592	0.00184	0.00265	0.01253	0.00446	0.00391
9	0.00676	0.00496	0.00712	0.00712	0.00781	0.00565	0.00532	0.00813	0.00744	0.01061	0.01305	0.02084	0.01279	0.18514	0.66720	0.00701	0.01112	0.00539	0.00259	0.00396
10	0.86760	0.00912	0.00693	0.00620	0.00912	0.01058	0.00511	0.01386	0.00802	0.02115	0.00657	0.00766	0.00511	0.00438	0.00292	0.00146	0.00365	0.00255	0.00292	0.00511
11	0.00879	0.00439	0.00439	0.00439	0.00549	0.00439	0.00330	0.01099	0.00989	0.01758	0.01538	0.01758	0.01209	0.00549	0.00330	0.00110	0.00220	0.00439	0.86047	0.00439
12	0.23074	0.01033	0.01163	0.05022	0.12187	0.01145	0.00826	0.23154	0.16211	0.03686	0.01292	0.05016	0.03075	0.00582	0.00435	0.00150	0.00442	0.00459	0.00382	0.00666
13	0.01128	0.01471	0.25397	0.01805	0.29552	0.01090	0.06095	0.06215	0.11393	0.03835	0.04724	0.01333	0.00985	0.00561	0.02225	0.00161	0.00584	0.00445	0.00293	0.00709
14	0.00944	0.00801	0.00941	0.00693	0.01079	0.00608	0.00548	0.01146	0.00984	0.01528	0.03441	0.05965	0.00961	0.00436	0.00371	0.00080	0.00341	0.00361	0.00296	0.78478
15	0.79011	0.00918	0.00740	0.00648	0.00947	0.01049	0.00534	0.03897	0.00880	0.06844	0.00743	0.00828	0.00559	0.00450	0.00308	0.00146	0.00372	0.00274	0.00315	0.00537
16	0.03701	0.01211	0.01291	0.02628	0.01410	0.03008	0.00846	0.50473	0.20148	0.08318	0.01343	0.01301	0.00963	0.00578	0.00468	0.00146	0.00482	0.00447	0.00467	0.00771

[dist]
# distance from previous block
# <min> <max>
0	1

[block]
# block no. 3 follows, 54 sequences, length 14
# corresponding to MSA columns:
# 371-384
name=unknown_D
#
# <colnr> <probs for GDERKNQSTAVLIFYWHMCP>
#	G	D	E	R	K	N	Q	S	T	A	V	L	I	F	Y	W	H	M	C	P
0	0.01499	0.03877	0.05082	0.05538	0.04962	0.17927	0.03756	0.25559	0.14681	0.06642	0.01161	0.01219	0.00868	0.00610	0.02628	0.00156	0.00598	0.00415	0.00369	0.02452
1	0.01171	0.23064	0.04517	0.06838	0.37559	0.02775	0.03992	0.05128	0.01080	0.01440	0.00929	0.04608	0.00830	0.00497	0.00457	0.00136	0.02253	0.01817	0.00246	0.00663
2	0.01336	0.04110	0.08310	0.00893	0.01291	0.03877	0.00783	0.16357	0.09398	0.12936	0.01257	0.01271	0.03224	0.00494	0.00420	0.00116	0.00443	0.00388	0.00373	0.32723
3	0.00690	0.00511	0.00651	0.00625	0.00733	0.00502	0.00463	0.00943	0.05855	0.01661	0.52529	0.06458	0.07874	0.07660	0.10510	0.00249	0.00379	0.00806	0.00459	0.00443
4	0.00819	0.00410	0.00614	0.00614	0.00614	0.00410	0.00410	0.00614	0.00614	0.00819	0.00819	0.01433	0.00819	0.01638	0.01843	0.86282	0.00410	0.00410	0.00205	0.00205
5	0.01601	0.28637	0.01709	0.01074	0.01378	0.50858	0.00876	0.06363	0.01266	0.01249	0.00729	0.00837	0.00618	0.00464	0.00388	0.00116	0.00718	0.00294	0.00243	0.00581
6	0.00879	0.00439	0.00439	0.00439	0.00549	0.00439	0.00330	0.01099	0.00989	0.01758	0.01538	0.01758	0.01209	0.00549	0.00330	0.00110	0.00220	0.00439	0.86047	0.00439
7	0.82550	0.00932	0.00729	0.00643	0.00939	0.01078	0.00530	0.05227	0.00872	0.02158	0.00680	0.00784	0.00525	0.00444	0.00301	0.00146	0.00372	0.00264	0.00301	0.00525
8	0.00946	0.02439	0.80987	0.01344	0.02041	0.01095	0.01742	0.01493	0.00995	0.01493	0.00846	0.00995	0.00597	0.00448	0.00448	0.00149	0.00697	0.00348	0.00199	0.00697
9	0.00760	0.00543	0.00760	0.00868	0.00977	0.00543	0.00760	0.00977	0.01085	0.01411	0.02496	0.05319	0.02714	0.01303	0.00651	0.00217	0.00434	0.77315	0.00434	0.00434
10	0.08766	0.00993	0.03032	0.00996	0.01347	0.02766	0.10201	0.11195	0.08453	0.38087	0.05105	0.01615	0.04096	0.00586	0.00474	0.00148	0.00461	0.00495	0.00470	0.00714
11	0.06098	0.03367	0.01468	0.09920	0.08511	0.10464	0.09669	0.15097	0.04600	0.08258	0.04217	0.01528	0.03068	0.00595	0.00566	0.00153	0.07527	0.03926	0.00339	0.00630
12	0.13095	0.07998	0.03667	0.04118	0.06625	0.11607	0.02608	0.18987	0.06213	0.09716	0.02604	0.01299	0.00910	0.00552	0.00477	0.00143	0.03744	0.03187	0.00354	0.02096
13	0.10238	0.13713	0.08065	0.00934	0.02713	0.08327	0.00808	0.16325	0.06755	0.01768	0.06183	0.06532	0.05572	0.00758	0.02942	0.00163	0.00503	0.05200	0.00350	0.02150

[dist]
# distance from previous block
# <min> <max>
0	6

[block]
# block no. 4 follows, 54 sequences, length 8
# corresponding to MSA columns:
# 391-398
name=unknown_E
#
# <colnr> <probs for GDERKNQSTAVLIFYWHMCP>
#	G	D	E	R	K	N	Q	S	T	A	V	L	I	F	Y	W	H	M	C	P
0	0.02144	0.04595	0.16801	0.08682	0.06544	0.00875	0.03422	0.04671	0.02236	0.06685	0.03591	0.14856	0.03597	0.01167	0.12421	0.01685	0.02689	0.02461	0.00315	0.00562
1	0.01137	0.23315	0.24127	0.07035	0.06867	0.08836	0.02764	0.03007	0.05533	0.01409	0.03138	0.01233	0.00860	0.00493	0.00420	0.00132	0.00583	0.03246	0.00252	0.05613
2	0.01257	0.00986	0.01264	0.14274	0.08692	0.01102	0.02384	0.12908	0.31298	0.09130	0.03941	0.01677	0.03081	0.00616	0.00525	0.00156	0.03544	0.02068	0.00407	0.00689
3	0.08788	0.00801	0.01008	0.00810	0.01125	0.00748	0.00663	0.07645	0.01281	0.52385	0.01737	0.01841	0.03079	0.04176	0.03931	0.00186	0.00441	0.05044	0.00502	0.03808
4	0.03010	0.01226	0.01259	0.01050	0.03728	0.11708	0.02546	0.35709	0.03283	0.02139	0.06789	0.01445	0.03326	0.00585	0.00501	0.00133	0.03929	0.02297	0.00384	0.14951
5	0.01020	0.00813	0.00962	0.00699	0.01095	0.00620	0.00559	0.01229	0.01021	0.05918	0.06021	0.01176	0.00966	0.00402	0.00369	0.00079	0.00344	0.00327	0.00312	0.76067
6	0.00879	0.00439	0.00439	0.00439	0.00549	0.00439	0.00330	0.01099	0.00989	0.01758	0.01538	0.01758	0.01209	0.00549	0.00330	0.00110	0.00220	0.00439	0.86047	0.00439
7	0.12526	0.02716	0.04937	0.06490	0.15610	0.01040	0.08344	0.13863	0.01283	0.24456	0.01218	0.03467	0.00890	0.00523	0.00455	0.00147	0.00507	0.00446	0.00381	0.00701

[dist]
# distance from previous block
# <min> <max>
0	2

[block]
# block no. 5 follows, 54 sequences, length 43
# corresponding to MSA columns:
# 401-443
name=unknown_F
#
# <colnr> <probs for GDERKNQSTAVLIFYWHMCP>
#	G	D	E	R	K	N	Q	S	T	A	V	L	I	F	Y	W	H	M	C	P
0	0.01369	0.11376	0.27025	0.01269	0.06432	0.01290	0.05505	0.28875	0.02852	0.06436	0.02503	0.01136	0.00805	0.00501	0.00450	0.00141	0.00577	0.00400	0.00332	0.00725
1	0.62890	0.01043	0.03904	0.00794	0.01063	0.03438	0.01846	0.03749	0.00864	0.01924	0.00682	0.00839	0.00548	0.00500	0.00502	0.00153	0.12830	0.00294	0.00279	0.01858
2	0.01718	0.01299	0.01367	0.01070	0.01427	0.03636	0.00879	0.70077	0.05764	0.02808	0.01214	0.02601	0.00909	0.00600	0.00477	0.00144	0.00515	0.02253	0.00464	0.00777
3	0.01129	0.01406	0.09592	0.01748	0.02148	0.06859	0.53144	0.01471	0.01052	0.01420	0.00872	0.01176	0.00681	0.00481	0.00705	0.00163	0.14612	0.00495	0.00230	0.00615
4	0.00592	0.00479	0.00526	0.00515	0.00658	0.00413	0.00386	0.00745	0.01158	0.01471	0.28928	0.04213	0.56023	0.01120	0.00557	0.00156	0.00234	0.00950	0.00464	0.00413
5	0.00587	0.00456	0.00536	0.00574	0.00676	0.00405	0.00414	0.00712	0.01052	0.01346	0.15250	0.32921	0.38173	0.01266	0.00577	0.00171	0.00256	0.03778	0.00450	0.00401
6	0.00674	0.00505	0.00758	0.00758	0.00842	0.00589	0.00589	0.00842	0.00758	0.01095	0.01263	0.01852	0.01179	0.03536	0.81561	0.00758	0.01263	0.00505	0.00253	0.00421
7	0.02115	0.00802	0.01094	0.00839	0.01204	0.00693	0.00693	0.02298	0.01350	0.80815	0.01860	0.01605	0.01167	0.00584	0.00474	0.00146	0.00401	0.00474	0.00584	0.00802
8	0.00819	0.00410	0.00614	0.00614	0.00614	0.00410	0.00410	0.00614	0.00614	0.00819	0.00819	0.01433	0.00819	0.01638	0.01843	0.86282	0.00410	0.00410	0.00205	0.00205
9	0.02115	0.00802	0.01094	0.00839	0.01204	0.00693	0.00693	0.02298	0.01350	0.80815	0.01860	0.01605	0.01167	0.00584	0.00474	0.00146	0.00401	0.00474	0.00584	0.00802
10	0.00885	0.00829	0.01395	0.77700	0.04848	0.01026	0.01282	0.01191	0.00944	0.01212	0.00901	0.04121	0.00718	0.00505	0.00476	0.00158	0.00615	0.00451	0.00218	0.00524
11	0.01322	0.73646	0.02331	0.00857	0.01241	0.11711	0.00820	0.01470	0.01005	0.01115	0.00665	0.00768	0.00605	0.00414	0.00318	0.00103	0.00547	0.00258	0.00207	0.00598
12	0.02115	0.00802	0.01094	0.00839	0.01204	0.00693	0.00693	0.02298	0.01350	0.80815	0.01860	0.01605	0.01167	0.00584	0.00474	0.00146	0.00401	0.00474	0.00584	0.00802
13	0.01017	0.03362	0.01231	0.03306	0.11150	0.00775	0.04094	0.01269	0.02696	0.01523	0.00867	0.01032	0.00716	0.00371	0.00378	0.00088	0.00408	0.00318	0.00272	0.65127
14	0.01254	0.02721	0.01487	0.08997	0.31887	0.01106	0.01067	0.16127	0.12371	0.04825	0.02415	0.03250	0.01006	0.00534	0.00466	0.00141	0.00494	0.02028	0.00340	0.07484
15	0.00580	0.00414	0.00549	0.00651	0.00680	0.00387	0.00434	0.00664	0.00909	0.01215	0.04735	0.78791	0.03119	0.03624	0.00648	0.00197	0.00277	0.01310	0.00436	0.00382
16	0.02816	0.10186	0.19314	0.02714	0.10802	0.12743	0.12271	0.01459	0.04569	0.01399	0.02409	0.01443	0.08838	0.00557	0.00537	0.00146	0.06471	0.00455	0.00259	0.00611
17	0.00574	0.00410	0.00547	0.00657	0.00684	0.00383	0.00438	0.00657	0.00903	0.01204	0.02599	0.83122	0.03119	0.01477	0.00602	0.00191	0.00274	0.01340	0.00438	0.00383
18	0.00978	0.00838	0.00978	0.00698	0.01117	0.00629	0.00559	0.01187	0.00978	0.01536	0.00838	0.00978	0.00698	0.00349	0.00349	0.00070	0.00349	0.00279	0.00279	0.86312
19	0.01112	0.17930	0.46998	0.01280	0.06028	0.06677	0.02825	0.01530	0.02901	0.03622	0.00898	0.01090	0.00698	0.00466	0.00426	0.00138	0.00635	0.02155	0.00230	0.02362
20	0.50154	0.30365	0.01371	0.00730	0.01058	0.07304	0.00645	0.01432	0.00897	0.01688	0.00662	0.00769	0.00551	0.00429	0.00305	0.00128	0.00450	0.00258	0.00256	0.00547
21	0.00670	0.00483	0.00633	0.00600	0.00711	0.00447	0.00453	0.00892	0.01329	0.01879	0.78341	0.03566	0.04407	0.00972	0.00558	0.00150	0.00228	0.02720	0.00517	0.00445
22	0.86760	0.00912	0.00693	0.00620	0.00912	0.01058	0.00511	0.01386	0.00802	0.02115	0.00657	0.00766	0.00511	0.00438	0.00292	0.00146	0.00365	0.00255	0.00292	0.00511
23	0.00686	0.00457	0.00514	0.00514	0.00514	0.00457	0.00286	0.00686	0.00686	0.00914	0.01486	0.03086	0.01714	0.83430	0.02400	0.00457	0.00457	0.00686	0.00286	0.00286
24	0.01030	0.01057	0.04979	0.05208	0.47189	0.00992	0.13729	0.01305	0.01040	0.01459	0.01210	0.16277	0.01168	0.00614	0.00506	0.00154	0.00553	0.00609	0.00270	0.00652
25	0.00648	0.00480	0.00605	0.00577	0.00693	0.00436	0.00431	0.00851	0.01284	0.01779	0.66707	0.05573	0.16163	0.01012	0.00557	0.00151	0.00226	0.00886	0.00505	0.00436
26	0.86760	0.00912	0.00693	0.00620	0.00912	0.01058	0.00511	0.01386	0.00802	0.02115	0.00657	0.00766	0.00511	0.00438	0.00292	0.00146	0.00365	0.00255	0.00292	0.00511
27	0.40902	0.00989	0.03943	0.06859	0.18303	0.02143	0.05460	0.01322	0.00926	0.01740	0.01028	0.05685	0.03168	0.00577	0.01558	0.00158	0.00474	0.02207	0.00281	0.02273
28	0.16032	0.52087	0.01988	0.00977	0.06209	0.09352	0.02404	0.02715	0.02212	0.01365	0.00711	0.00825	0.00616	0.00424	0.00334	0.00116	0.00521	0.00282	0.00233	0.00598
29	0.01670	0.01260	0.01346	0.01060	0.01416	0.01405	0.00867	0.63869	0.17462	0.02775	0.01287	0.01256	0.00927	0.00581	0.00473	0.00145	0.00490	0.00446	0.00473	0.00791
30	0.01191	0.01032	0.04538	0.01059	0.05859	0.00857	0.09697	0.11863	0.01193	0.07182	0.00965	0.01087	0.00745	0.00408	0.00409	0.00102	0.00453	0.00355	0.00316	0.50689
31	0.00590	0.00503	0.00510	0.00504	0.00667	0.00436	0.00379	0.00770	0.04828	0.01325	0.06886	0.04375	0.74280	0.01161	0.00554	0.00159	0.00245	0.00969	0.00442	0.00416
32	0.01160	0.01252	0.03870	0.02415	0.42709	0.03973	0.34550	0.01490	0.01098	0.01513	0.00909	0.01197	0.00725	0.00413	0.00503	0.00148	0.00674	0.00473	0.00235	0.00691
33	0.00674	0.00505	0.00758	0.00758	0.00842	0.00589	0.00589	0.00842	0.00758	0.01095	0.01263	0.01852	0.01179	0.03536	0.81561	0.00758	0.01263	0.00505	0.00253	0.00421
34	0.00575	0.00430	0.00535	0.00617	0.00679	0.00391	0.00426	0.00669	0.00950	0.01226	0.03138	0.61737	0.22293	0.01403	0.00592	0.00184	0.00269	0.03063	0.00438	0.00388
35	0.00662	0.00482	0.00623	0.00588	0.00701	0.00443	0.00441	0.00880	0.01323	0.01863	0.76838	0.03568	0.07868	0.00974	0.00556	0.00149	0.00223	0.00859	0.00515	0.00443
36	0.00574	0.00410	0.00547	0.00657	0.00684	0.00383	0.00438	0.00657	0.00903	0.01204	0.02599	0.83122	0.03119	0.01477	0.00602	0.00191	0.00274	0.01340	0.00438	0.00383
37	0.01113	0.01272	0.02782	0.01987	0.02464	0.01192	0.78776	0.01510	0.01113	0.01510	0.00954	0.01272	0.00715	0.00397	0.00556	0.00159	0.00795	0.00556	0.00238	0.00636
38	0.00655	0.00483	0.00613	0.00584	0.00701	0.00441	0.00440	0.00863	0.01295	0.01799	0.68554	0.03695	0.14479	0.01002	0.00558	0.00151	0.00229	0.02514	0.00506	0.00438
39	0.01032	0.01032	0.01444	0.01238	0.01238	0.01444	0.01032	0.01135	0.00722	0.01135	0.00619	0.01032	0.00619	0.00825	0.01547	0.00206	0.82567	0.00413	0.00206	0.00516
40	0.00674	0.00505	0.00758	0.00758	0.00842	0.00589	0.00589	0.00842	0.00758	0.01095	0.01263	0.01852	0.01179	0.03536	0.81561	0.00758	0.01263	0.00505	0.00253	0.00421
41	0.03351	0.00875	0.01112	0.00902	0.01216	0.00855	0.00752	0.17148	0.01449	0.49256	0.01747	0.02036	0.01297	0.00694	0.00535	0.00158	0.03313	0.12051	0.00520	0.00731
42	0.01111	0.01052	0.01498	0.04344	0.15434	0.01345	0.01084	0.07964	0.02422	0.01402	0.02620	0.01145	0.00764	0.00718	0.01180	0.00185	0.54471	0.00428	0.00247	0.00585

[dist]
# distance from previous block
# <min> <max>
0	2

[block]
# block no. 6 follows, 54 sequences, length 6
# corresponding to MSA columns:
# 446-451
name=unknown_G
#
# <colnr> <probs for GDERKNQSTAVLIFYWHMCP>
#	G	D	E	R	K	N	Q	S	T	A	V	L	I	F	Y	W	H	M	C	P
0	0.01096	0.01042	0.03598	0.13954	0.44797	0.01068	0.03081	0.03540	0.01059	0.03021	0.02685	0.03152	0.00938	0.00542	0.00576	0.00152	0.07942	0.03817	0.00261	0.03680
1	0.00685	0.00462	0.00536	0.00536	0.00544	0.00469	0.00313	0.00700	0.00692	0.00931	0.01465	0.02973	0.01665	0.76132	0.09630	0.00485	0.00531	0.00669	0.00283	0.00298
2	0.01110	0.01075	0.06513	0.07350	0.31129	0.00929	0.06719	0.03298	0.01067	0.05025	0.00964	0.03298	0.00794	0.00440	0.00438	0.00122	0.00506	0.00407	0.00272	0.28546
3	0.08313	0.51511	0.15715	0.00960	0.04376	0.01514	0.00949	0.01464	0.00994	0.06398	0.03467	0.00962	0.00767	0.00445	0.00353	0.00119	0.00512	0.00310	0.00245	0.00626
4	0.61181	0.06287	0.00961	0.03193	0.03741	0.04907	0.00641	0.01489	0.04182	0.05641	0.00782	0.00888	0.00607	0.00467	0.00372	0.00145	0.03371	0.00295	0.00298	0.00551
5	0.05205	0.01228	0.13851	0.08571	0.17995	0.01117	0.01098	0.18126	0.04558	0.01792	0.04825	0.05555	0.01069	0.04075	0.00657	0.00167	0.08665	0.00485	0.00314	0.00645

[dist]
# distance from previous block
# <min> <max>
1	2

[block]
# block no. 7 follows, 54 sequences, length 32
# corresponding to MSA columns:
# 454-462,465-487
name=unknown_H
#
# <colnr> <probs for GDERKNQSTAVLIFYWHMCP>
#	G	D	E	R	K	N	Q	S	T	A	V	L	I	F	Y	W	H	M	C	P
0	0.01261	0.83713	0.02471	0.00807	0.01210	0.01866	0.00807	0.01412	0.00958	0.01109	0.00656	0.00756	0.00605	0.00403	0.00303	0.00101	0.00504	0.00252	0.00202	0.00605
1	0.01435	0.45666	0.01947	0.06431	0.01445	0.33587	0.00882	0.01586	0.01108	0.01134	0.00697	0.00827	0.00608	0.00441	0.00363	0.00113	0.00651	0.00284	0.00219	0.00576
2	0.01774	0.01312	0.01405	0.01081	0.01455	0.01454	0.00892	0.76676	0.04487	0.02942	0.01155	0.01150	0.00821	0.00568	0.00472	0.00142	0.00515	0.00428	0.00472	0.00800
3	0.86760	0.00912	0.00693	0.00620	0.00912	0.01058	0.00511	0.01386	0.00802	0.02115	0.00657	0.00766	0.00511	0.00438	0.00292	0.00146	0.00365	0.00255	0.00292	0.00511
4	0.00619	0.00470	0.00570	0.00566	0.00680	0.00421	0.00416	0.00789	0.01190	0.01597	0.45172	0.15234	0.28339	0.01110	0.00563	0.00158	0.00235	0.00968	0.00482	0.00421
5	0.00801	0.00652	0.00645	0.00622	0.00670	0.07472	0.00402	0.02575	0.00815	0.01031	0.01655	0.02831	0.08281	0.59536	0.07426	0.00409	0.02882	0.00653	0.00295	0.00345
6	0.00572	0.00419	0.00538	0.00633	0.00678	0.00385	0.00427	0.00659	0.00925	0.01213	0.02887	0.72734	0.13321	0.01440	0.00596	0.00187	0.00269	0.01295	0.00438	0.00385
7	0.00965	0.06561	0.04239	0.06863	0.08849	0.01174	0.05330	0.01146	0.00880	0.01254	0.03827	0.06084	0.04653	0.00901	0.04823	0.00206	0.38145	0.03312	0.00255	0.00535
8	0.00674	0.00505	0.00758	0.00758	0.00842	0.00589	0.00589	0.00842	0.00758	0.01095	0.01263	0.01852	0.01179	0.03536	0.81561	0.00758	0.01263	0.00505	0.00253	0.00421
9	0.01173	0.01013	0.01066	0.00960	0.01226	0.01173	0.00746	0.02505	0.79636	0.01972	0.01919	0.01759	0.01439	0.00640	0.00480	0.00160	0.00373	0.00533	0.00480	0.00746
10	0.00987	0.01560	0.36109	0.06086	0.10292	0.01006	0.03648	0.06107	0.11302	0.01584	0.01349	0.14242	0.02369	0.00652	0.00486	0.00157	0.00554	0.00563	0.00299	0.00649
11	0.01094	0.01325	0.15946	0.18814	0.21068	0.02183	0.16313	0.03232	0.05349	0.03289	0.00947	0.01204	0.00728	0.00478	0.00553	0.00154	0.05982	0.00439	0.00248	0.00654
12	0.01027	0.00880	0.01158	0.09198	0.02932	0.00763	0.04979	0.02597	0.03844	0.03608	0.02163	0.01115	0.00791	0.00407	0.00416	0.00096	0.02285	0.00340	0.00290	0.61113
13	0.00760	0.00640	0.01069	0.05134	0.01238	0.00634	0.14011	0.00959	0.01005	0.01332	0.02153	0.34436	0.02383	0.01164	0.00623	0.00194	0.01967	0.29453	0.00386	0.00455
14	0.02461	0.11130	0.03779	0.03774	0.10032	0.20473	0.02677	0.15278	0.05238	0.01657	0.00897	0.01023	0.00717	0.00469	0.00442	0.00122	0.02508	0.00351	0.00294	0.16678
15	0.01105	0.01057	0.01802	0.20649	0.63217	0.01104	0.01416	0.01393	0.01044	0.01465	0.00876	0.01187	0.00720	0.00432	0.00468	0.00144	0.00575	0.00420	0.00228	0.00697
16	0.00734	0.00694	0.03399	0.01001	0.01163	0.00623	0.18977	0.00949	0.03808	0.01312	0.02136	0.58499	0.02418	0.01162	0.00582	0.00181	0.00412	0.01098	0.00385	0.00465
17	0.02115	0.00802	0.01094	0.00839	0.01204	0.00693	0.00693	0.02298	0.01350	0.80815	0.01860	0.01605	0.01167	0.00584	0.00474	0.00146	0.00401	0.00474	0.00584	0.00802
18	0.80781	0.00904	0.00721	0.00636	0.00932	0.01032	0.00524	0.01450	0.00841	0.07675	0.00742	0.00825	0.00557	0.00448	0.00305	0.00146	0.00367	0.00271	0.00312	0.00531
19	0.00694	0.00513	0.00652	0.00612	0.00733	0.00486	0.00460	0.00979	0.05934	0.01879	0.73661	0.03445	0.06252	0.00951	0.00552	0.00149	0.00232	0.00838	0.00515	0.00461
20	0.00593	0.00447	0.00539	0.00587	0.00661	0.00411	0.00405	0.00693	0.00955	0.01237	0.08604	0.39909	0.26878	0.10433	0.05195	0.00238	0.00333	0.01081	0.00417	0.00383
21	0.00578	0.00413	0.00550	0.00654	0.00685	0.00385	0.00438	0.00665	0.00918	0.01227	0.05279	0.80373	0.03164	0.01459	0.00600	0.00190	0.00272	0.01324	0.00440	0.00385
22	0.00584	0.00417	0.00558	0.00667	0.00699	0.00391	0.00454	0.00673	0.00912	0.01214	0.02594	0.79227	0.03098	0.01468	0.00604	0.00193	0.00282	0.05143	0.00438	0.00386
23	0.76841	0.00899	0.00740	0.00646	0.00946	0.01015	0.00532	0.01493	0.00867	0.11338	0.00798	0.00864	0.00588	0.00455	0.00313	0.00146	0.00369	0.00281	0.00326	0.00545
24	0.01211	0.00998	0.01065	0.00947	0.01216	0.01141	0.00739	0.05444	0.71043	0.04721	0.04743	0.01793	0.01515	0.00647	0.00482	0.00158	0.00374	0.00538	0.00484	0.00739
25	0.42400	0.04562	0.01041	0.02352	0.01165	0.03599	0.00677	0.19303	0.01255	0.16108	0.01027	0.01117	0.00754	0.00514	0.00382	0.00144	0.00434	0.02153	0.00381	0.00632
26	0.86760	0.00912	0.00693	0.00620	0.00912	0.01058	0.00511	0.01386	0.00802	0.02115	0.00657	0.00766	0.00511	0.00438	0.00292	0.00146	0.00365	0.00255	0.00292	0.00511
27	0.05308	0.00829	0.03551	0.06231	0.02711	0.01747	0.06665	0.10593	0.05422	0.05791	0.19618	0.07353	0.08201	0.02259	0.05663	0.00201	0.00471	0.06434	0.00405	0.00548
28	0.00566	0.00478	0.00489	0.00486	0.00642	0.00402	0.00365	0.00693	0.01094	0.01320	0.10439	0.04461	0.74606	0.01177	0.00557	0.00158	0.00238	0.00984	0.00444	0.00402
29	0.02933	0.00862	0.02631	0.02339	0.01191	0.00705	0.02865	0.01224	0.02193	0.04054	0.01023	0.06174	0.00909	0.00483	0.00445	0.00099	0.04362	0.02130	0.00298	0.63081
30	0.01200	0.00831	0.01011	0.02566	0.01182	0.00651	0.00602	0.01407	0.01050	0.17175	0.01040	0.01108	0.00789	0.00398	0.00377	0.00087	0.00366	0.00321	0.00338	0.67503
31	0.02689	0.01069	0.02375	0.22913	0.14542	0.14272	0.01058	0.01274	0.01025	0.01297	0.01208	0.03896	0.01163	0.00745	0.00653	0.03140	0.08495	0.17379	0.00275	0.00531

[dist]
# distance from previous block
# <min> <max>
0	1

[block]
# block no. 8 follows, 54 sequences, length 13
# corresponding to MSA columns:
# 490-496,499-504
name=unknown_I
#
# <colnr> <probs for GDERKNQSTAVLIFYWHMCP>
#	G	D	E	R	K	N	Q	S	T	A	V	L	I	F	Y	W	H	M	C	P
0	0.03585	0.01310	0.09030	0.04493	0.16951	0.03114	0.04742	0.35432	0.03836	0.08139	0.01113	0.01257	0.00831	0.00533	0.00489	0.00146	0.01929	0.01960	0.00372	0.00736
1	0.00880	0.00777	0.04157	0.00813	0.03814	0.00742	0.00624	0.01471	0.28468	0.03839	0.22035	0.05540	0.23194	0.00878	0.00521	0.00156	0.00318	0.00748	0.00459	0.00566
2	0.01104	0.01841	0.49038	0.01169	0.01697	0.01068	0.01332	0.05308	0.19372	0.07220	0.05283	0.01352	0.01041	0.00534	0.00464	0.00151	0.00568	0.00430	0.00320	0.00707
3	0.00995	0.00974	0.01337	0.03227	0.08717	0.04571	0.00978	0.01135	0.00794	0.01167	0.00791	0.01217	0.00750	0.01341	0.18394	0.00313	0.52130	0.00429	0.00220	0.00519
4	0.00750	0.00536	0.00748	0.00857	0.00961	0.00534	0.00743	0.00960	0.01076	0.01400	0.02502	0.09487	0.02735	0.01312	0.00649	0.00216	0.00426	0.73244	0.00434	0.00431
5	0.00972	0.09110	0.74542	0.01300	0.01973	0.01158	0.01665	0.01487	0.00992	0.01462	0.00831	0.00976	0.00598	0.00444	0.00436	0.00145	0.00681	0.00341	0.00199	0.00689
6	0.01270	0.00987	0.01067	0.00924	0.01199	0.01102	0.00728	0.14999	0.52490	0.07056	0.07659	0.01902	0.05158	0.00673	0.00487	0.00155	0.00382	0.00556	0.00486	0.00721
7	0.01683	0.02440	0.06712	0.01013	0.02978	0.02905	0.04393	0.19833	0.01459	0.38465	0.03747	0.06388	0.01243	0.02082	0.00519	0.00154	0.00472	0.02315	0.00474	0.00724
8	0.00879	0.00439	0.00439	0.00439	0.00549	0.00439	0.00330	0.01099	0.00989	0.01758	0.01538	0.01758	0.01209	0.00549	0.00330	0.00110	0.00220	0.00439	0.86047	0.00439
9	0.01056	0.06693	0.17822	0.04227	0.09265	0.02824	0.04711	0.05048	0.16263	0.02821	0.08769	0.05598	0.02612	0.00626	0.00475	0.00147	0.00495	0.03865	0.00339	0.06343
10	0.00581	0.00476	0.00511	0.00521	0.00660	0.00410	0.00390	0.00708	0.01073	0.01315	0.10349	0.10174	0.62438	0.03463	0.00616	0.00172	0.00256	0.05046	0.00440	0.00399
11	0.01163	0.03026	0.09146	0.07805	0.15529	0.18449	0.04887	0.02949	0.11120	0.01415	0.01254	0.01651	0.03606	0.04250	0.05570	0.01544	0.00646	0.05108	0.00288	0.00595
12	0.00946	0.02439	0.80987	0.01344	0.02041	0.01095	0.01742	0.01493	0.00995	0.01493	0.00846	0.00995	0.00597	0.00448	0.00448	0.00149	0.00697	0.00348	0.00199	0.00697

[dist]
# distance from previous block
# <min> <max>
1	4

[block]
# block no. 9 follows, 54 sequences, length 25
# corresponding to MSA columns:
# 512-520,524-539
name=unknown_J
#
# <colnr> <probs for GDERKNQSTAVLIFYWHMCP>
#	G	D	E	R	K	N	Q	S	T	A	V	L	I	F	Y	W	H	M	C	P
0	0.01167	0.01115	0.01872	0.02799	0.76605	0.01123	0.01413	0.01499	0.04922	0.01562	0.00937	0.01196	0.00781	0.00431	0.00467	0.00141	0.00551	0.00426	0.00245	0.00747
1	0.00928	0.00866	0.06041	0.00817	0.01043	0.00839	0.00673	0.01708	0.39304	0.01891	0.35459	0.02525	0.04382	0.00778	0.00512	0.00154	0.00327	0.00668	0.00478	0.00606
2	0.00566	0.00468	0.00498	0.00520	0.00655	0.00400	0.00383	0.00682	0.01045	0.01265	0.04334	0.18190	0.64714	0.01246	0.00568	0.00166	0.00250	0.03216	0.00438	0.00396
3	0.00882	0.00818	0.01173	0.01036	0.01082	0.01072	0.02858	0.01009	0.00757	0.01127	0.01058	0.01554	0.04373	0.05737	0.26888	0.00390	0.46991	0.00485	0.00236	0.00472
4	0.00978	0.00838	0.00978	0.00698	0.01117	0.00629	0.00559	0.01187	0.00978	0.01536	0.00838	0.00978	0.00698	0.00349	0.00349	0.00070	0.00349	0.00279	0.00279	0.86312
5	0.00664	0.00461	0.00512	0.00510	0.00541	0.00447	0.00303	0.00690	0.00771	0.01004	0.04430	0.03343	0.15017	0.67092	0.02034	0.00398	0.00413	0.00743	0.00318	0.00309
6	0.02115	0.00802	0.01094	0.00839	0.01204	0.00693	0.00693	0.02298	0.01350	0.80815	0.01860	0.01605	0.01167	0.00584	0.00474	0.00146	0.00401	0.00474	0.00584	0.00802
7	0.00677	0.00492	0.00689	0.00689	0.00749	0.00552	0.00503	0.00798	0.00737	0.01043	0.01326	0.02203	0.01331	0.26244	0.59062	0.00672	0.01034	0.00556	0.00262	0.00383
8	0.00890	0.00838	0.01414	0.82296	0.03247	0.01048	0.01309	0.01205	0.00943	0.01205	0.00838	0.01257	0.00629	0.00471	0.00471	0.00157	0.00629	0.00419	0.00210	0.00524
9	0.01087	0.00924	0.00996	0.00893	0.01142	0.01039	0.00692	0.02204	0.64401	0.01942	0.13857	0.01997	0.01869	0.00677	0.00486	0.00154	0.00349	0.00571	0.00477	0.04241
10	0.01032	0.01032	0.01444	0.01238	0.01238	0.01444	0.01032	0.01135	0.00722	0.01135	0.00619	0.01032	0.00619	0.00825	0.01547	0.00206	0.82567	0.00413	0.00206	0.00516
11	0.01206	0.01030	0.01085	0.00966	0.01239	0.01188	0.00754	0.06655	0.75432	0.02027	0.01876	0.01725	0.01405	0.00636	0.00479	0.00159	0.00381	0.00527	0.00479	0.00749
12	0.01032	0.01032	0.01444	0.01238	0.01238	0.01444	0.01032	0.01135	0.00722	0.01135	0.00619	0.01032	0.00619	0.00825	0.01547	0.00206	0.82567	0.00413	0.00206	0.00516
13	0.08227	0.01356	0.08716	0.02615	0.03026	0.03413	0.03307	0.49247	0.07977	0.05759	0.01135	0.01160	0.00814	0.00540	0.00458	0.00144	0.00527	0.00416	0.00415	0.00747
14	0.00583	0.00416	0.00557	0.00666	0.00697	0.00390	0.00452	0.00671	0.00911	0.01213	0.02594	0.79684	0.03101	0.01469	0.00604	0.00193	0.00281	0.04697	0.00438	0.00385
15	0.86760	0.00912	0.00693	0.00620	0.00912	0.01058	0.00511	0.01386	0.00802	0.02115	0.00657	0.00766	0.00511	0.00438	0.00292	0.00146	0.00365	0.00255	0.00292	0.00511
16	0.01070	0.01012	0.01683	0.21225	0.49037	0.01070	0.03809	0.01438	0.07286	0.01496	0.03265	0.03588	0.00944	0.00494	0.00478	0.00148	0.00551	0.00471	0.00261	0.00672
17	0.00684	0.00535	0.00764	0.00693	0.00830	0.00492	0.05919	0.00899	0.01254	0.01733	0.58186	0.07956	0.12920	0.00994	0.00563	0.00156	0.00276	0.04213	0.00482	0.00449
18	0.00661	0.00482	0.00622	0.00587	0.00701	0.00442	0.00440	0.00878	0.01321	0.01857	0.76141	0.03577	0.08568	0.00976	0.00556	0.00149	0.00223	0.00860	0.00515	0.00442
19	0.01793	0.01229	0.01347	0.01043	0.01411	0.01338	0.00858	0.63211	0.07506	0.13437	0.01286	0.01240	0.00896	0.00574	0.00473	0.00143	0.00493	0.00439	0.00487	0.00798
20	0.83786	0.00897	0.00691	0.00619	0.00905	0.01037	0.00508	0.01369	0.00821	0.02108	0.03406	0.00861	0.00647	0.00456	0.00301	0.00146	0.00360	0.00276	0.00300	0.00508
21	0.00674	0.00503	0.00749	0.00749	0.00830	0.00585	0.00579	0.00836	0.00755	0.01088	0.01271	0.01896	0.01198	0.06369	0.78754	0.00747	0.01234	0.00512	0.00254	0.00416
22	0.00846	0.00720	0.01089	0.29248	0.08075	0.00791	0.02070	0.04796	0.01159	0.01578	0.30747	0.08247	0.04872	0.00763	0.00547	0.00156	0.02750	0.00670	0.00364	0.00513
23	0.00640	0.00481	0.00593	0.00565	0.00688	0.00433	0.00423	0.00837	0.01270	0.01738	0.61602	0.03773	0.23182	0.01021	0.00556	0.00151	0.00226	0.00888	0.00499	0.00433
24	0.01019	0.02591	0.01604	0.44998	0.23558	0.01106	0.05066	0.03771	0.03542	0.01404	0.03100	0.01290	0.00801	0.00488	0.00515	0.00153	0.03710	0.00438	0.00243	0.00604

[dist]
# distance from previous block
# <min> <max>
1	6

[block]
# block no. 10 follows, 54 sequences, length 22
# corresponding to MSA columns:
# 549-560,562,563,565-572
name=unknown_K
#
# <colnr> <probs for GDERKNQSTAVLIFYWHMCP>
#	G	D	E	R	K	N	Q	S	T	A	V	L	I	F	Y	W	H	M	C	P
0	0.01301	0.41407	0.01956	0.01019	0.01341	0.16534	0.08748	0.03556	0.01055	0.03832	0.00821	0.01008	0.00708	0.00813	0.09450	0.01676	0.03614	0.00341	0.00239	0.00579
1	0.01065	0.08514	0.17623	0.01380	0.11610	0.03616	0.05509	0.02710	0.08349	0.01468	0.09259	0.01358	0.01119	0.00619	0.00766	0.00160	0.23535	0.00449	0.00274	0.00616
2	0.00819	0.00410	0.00614	0.00614	0.00614	0.00410	0.00410	0.00614	0.00614	0.00819	0.00819	0.01433	0.00819	0.01638	0.01843	0.86282	0.00410	0.00410	0.00205	0.00205
3	0.00999	0.02400	0.01126	0.03679	0.04963	0.00941	0.07087	0.07514	0.31014	0.01721	0.06355	0.06861	0.20336	0.00793	0.00529	0.00158	0.01816	0.00682	0.00419	0.00609
4	0.00718	0.01024	0.22328	0.02694	0.01227	0.00645	0.06230	0.00952	0.00943	0.01303	0.01976	0.53629	0.02221	0.01104	0.00555	0.00177	0.00431	0.01000	0.00355	0.00488
5	0.00573	0.00418	0.00539	0.00637	0.00679	0.00385	0.00429	0.00659	0.00922	0.01211	0.02839	0.74466	0.11619	0.01446	0.00597	0.00188	0.00270	0.01302	0.00438	0.00385
6	0.86760	0.00912	0.00693	0.00620	0.00912	0.01058	0.00511	0.01386	0.00802	0.02115	0.00657	0.00766	0.00511	0.00438	0.00292	0.00146	0.00365	0.00255	0.00292	0.00511
7	0.01159	0.01108	0.01872	0.05241	0.75614	0.01120	0.01420	0.01473	0.03578	0.01544	0.00918	0.01189	0.00765	0.00429	0.00467	0.00141	0.00556	0.00424	0.00241	0.00740
8	0.00966	0.00967	0.04116	0.57456	0.22994	0.01077	0.01352	0.01275	0.00973	0.01299	0.00846	0.01220	0.00658	0.00465	0.00494	0.00154	0.02470	0.00417	0.00215	0.00586
9	0.01368	0.66270	0.02228	0.00894	0.01263	0.18925	0.00829	0.01513	0.01039	0.01119	0.00671	0.00776	0.00606	0.00421	0.00329	0.00105	0.00578	0.00263	0.00211	0.00593
10	0.00978	0.00838	0.00978	0.00698	0.01117	0.00629	0.00559	0.01187	0.00978	0.01536	0.00838	0.00978	0.00698	0.00349	0.00349	0.00070	0.00349	0.00279	0.00279	0.86312
11	0.00751	0.00679	0.01136	0.01016	0.01167	0.02570	0.19851	0.00923	0.00980	0.01295	0.02138	0.54637	0.02431	0.01172	0.00590	0.00184	0.00429	0.07214	0.00383	0.00454
12	0.01066	0.00951	0.02636	0.01139	0.09126	0.01022	0.03328	0.03710	0.50939	0.01781	0.01876	0.17185	0.01636	0.00764	0.00503	0.00163	0.00396	0.00671	0.00434	0.00674
13	0.01017	0.00837	0.00982	0.00703	0.01120	0.00631	0.00563	0.01226	0.00991	0.04295	0.00874	0.01000	0.00715	0.00357	0.00354	0.00072	0.00351	0.00286	0.00290	0.83337
14	0.01106	0.01321	0.06046	0.01960	0.02447	0.01188	0.75561	0.01510	0.01108	0.01510	0.00949	0.01260	0.00710	0.00400	0.00552	0.00159	0.00791	0.00548	0.00237	0.00638
15	0.00774	0.00559	0.00770	0.00871	0.00985	0.00564	0.00759	0.01029	0.03754	0.01430	0.02477	0.05198	0.02670	0.01280	0.00645	0.00215	0.00432	0.74706	0.00436	0.00445
16	0.00686	0.00457	0.00514	0.00514	0.00514	0.00457	0.00286	0.00686	0.00686	0.00914	0.01486	0.03086	0.01714	0.83430	0.02400	0.00457	0.00457	0.00686	0.00286	0.00286
17	0.00674	0.00505	0.00758	0.00758	0.00842	0.00589	0.00589	0.00842	0.00758	0.01095	0.01263	0.01852	0.01179	0.03536	0.81561	0.00758	0.01263	0.00505	0.00253	0.00421
18	0.01034	0.00971	0.03622	0.02310	0.01208	0.04975	0.00639	0.03786	0.01036	0.01548	0.00882	0.02846	0.00747	0.00395	0.00369	0.00082	0.00396	0.00314	0.00283	0.72556
19	0.00680	0.00526	0.00626	0.00593	0.00731	0.00494	0.00447	0.00970	0.07991	0.01727	0.52674	0.03651	0.25132	0.01000	0.00550	0.00152	0.00240	0.00865	0.00493	0.00458
20	0.01018	0.03829	0.17963	0.00979	0.02564	0.00951	0.00894	0.05615	0.09154	0.06460	0.10630	0.06351	0.01548	0.14434	0.00977	0.00212	0.13893	0.01627	0.00338	0.00564
21	0.01552	0.20056	0.01595	0.01157	0.04934	0.43090	0.00894	0.11160	0.03819	0.01413	0.00913	0.01013	0.02826	0.00509	0.00446	0.00125	0.03280	0.00342	0.00273	0.00601

[dist]
# distance from previous block
# <min> <max>
1	3

[block]
# block no. 11 follows, 54 sequences, length 18
# corresponding to MSA columns:
# 576-593
name=unknown_L
#
# <colnr> <probs for GDERKNQSTAVLIFYWHMCP>
#	G	D	E	R	K	N	Q	S	T	A	V	L	I	F	Y	W	H	M	C	P
0	0.03363	0.21828	0.09377	0.04066	0.01198	0.04659	0.00777	0.03653	0.06961	0.05696	0.23858	0.02082	0.05449	0.01955	0.00484	0.00144	0.00430	0.03087	0.00365	0.00567
1	0.01173	0.00945	0.02733	0.00806	0.01196	0.00812	0.00663	0.11552	0.10312	0.06812	0.01110	0.01242	0.00878	0.00453	0.00398	0.00100	0.00387	0.02342	0.00349	0.55736
2	0.04223	0.00525	0.00559	0.00531	0.00709	0.00456	0.00405	0.00877	0.01106	0.08992	0.09923	0.05694	0.62144	0.01094	0.00539	0.00157	0.00259	0.00912	0.00452	0.00445
3	0.07251	0.01067	0.11110	0.09186	0.19016	0.00958	0.02362	0.03985	0.15912	0.01632	0.05844	0.11375	0.03828	0.00733	0.02029	0.00168	0.00485	0.02105	0.00337	0.00618
4	0.02668	0.01020	0.07132	0.06507	0.14644	0.02137	0.09864	0.08160	0.05799	0.02733	0.02652	0.04308	0.01099	0.02336	0.17732	0.00283	0.01794	0.03615	0.00299	0.05217
5	0.74495	0.06119	0.00869	0.00719	0.02812	0.05828	0.00574	0.01418	0.00850	0.01983	0.00666	0.00780	0.00528	0.00438	0.00304	0.00142	0.00406	0.00262	0.00282	0.00524
6	0.01261	0.83713	0.02471	0.00807	0.01210	0.01866	0.00807	0.01412	0.00958	0.01109	0.00656	0.00756	0.00605	0.00403	0.00303	0.00101	0.00504	0.00252	0.00202	0.00605
7	0.00796	0.00707	0.01090	0.19416	0.07707	0.00742	0.07090	0.01063	0.03796	0.01451	0.20667	0.04006	0.18645	0.02274	0.05155	0.00196	0.02320	0.02022	0.00356	0.00499
8	0.00588	0.00434	0.00544	0.00610	0.00671	0.00397	0.00418	0.00691	0.00980	0.01292	0.12827	0.55463	0.17250	0.04695	0.00661	0.00191	0.00268	0.01189	0.00442	0.00390
9	0.02068	0.00813	0.01093	0.00845	0.01205	0.00717	0.00696	0.02308	0.05329	0.76808	0.01863	0.01613	0.01181	0.00586	0.00474	0.00147	0.00400	0.00477	0.00578	0.00800
10	0.03835	0.00798	0.01049	0.00816	0.01159	0.00709	0.00671	0.05414	0.01360	0.68541	0.05157	0.01791	0.05227	0.00626	0.00478	0.00146	0.00390	0.00509	0.00562	0.00761
11	0.00890	0.00838	0.01414	0.82296	0.03247	0.01048	0.01309	0.01205	0.00943	0.01205	0.00838	0.01257	0.00629	0.00471	0.00471	0.00157	0.00629	0.00419	0.00210	0.00524
12	0.00879	0.00439	0.00439	0.00439	0.00549	0.00439	0.00330	0.01099	0.00989	0.01758	0.01538	0.01758	0.01209	0.00549	0.00330	0.00110	0.00220	0.00439	0.86047	0.00439
13	0.01133	0.00976	0.01030	0.00929	0.01187	0.01120	0.00722	0.02384	0.74150	0.01942	0.04389	0.01923	0.04673	0.00672	0.00485	0.00160	0.00363	0.00561	0.00479	0.00723
14	0.00750	0.00539	0.00746	0.00849	0.00960	0.00535	0.00740	0.00962	0.01085	0.01404	0.02610	0.05280	0.06592	0.01297	0.00647	0.00214	0.00424	0.73499	0.00434	0.00432
15	0.01157	0.08545	0.22248	0.02932	0.17286	0.13478	0.10405	0.03895	0.01113	0.01449	0.04839	0.02888	0.02383	0.01964	0.00532	0.00148	0.03413	0.00440	0.00253	0.00632
16	0.01761	0.01651	0.01375	0.01128	0.01453	0.30908	0.00897	0.48060	0.04446	0.02270	0.01010	0.01049	0.00751	0.00539	0.00455	0.00135	0.00636	0.00384	0.00388	0.00706
17	0.01237	0.06533	0.03121	0.05978	0.05224	0.19102	0.00890	0.03309	0.29984	0.01518	0.01381	0.01454	0.04676	0.00709	0.03309	0.00171	0.09992	0.00452	0.00334	0.00626

[dist]
# distance from previous block
# <min> <max>
0	1

[block]
# block no. 12 follows, 54 sequences, length 27
# corresponding to MSA columns:
# 595-621
name=unknown_M
#
# <colnr> <probs for GDERKNQSTAVLIFYWHMCP>
#	G	D	E	R	K	N	Q	S	T	A	V	L	I	F	Y	W	H	M	C	P
