[name]
unknown

[dist]
# distance from previous block
# <min> <max>
0	137

[block]
# block no. 0 follows, 59 sequences, length 38
# corresponding to MSA columns:
# 193-230
name=unknown_A
#
# <colnr> <probs for GDERKNQSTAVLIFYWHMCP>
#	G	D	E	R	K	N	Q	S	T	A	V	L	I	F	Y	W	H	M	C	P
0	0.15108	0.01085	0.05110	0.02427	0.20663	0.07741	0.02278	0.09177	0.01105	0.12687	0.00947	0.01088	0.00726	0.00439	0.00393	0.00122	0.00467	0.01637	0.00304	0.16499
1	0.04341	0.02477	0.13026	0.13424	0.20720	0.04946	0.20011	0.01350	0.02339	0.03076	0.03520	0.02606	0.00808	0.00448	0.00465	0.00138	0.02064	0.00427	0.00238	0.03575
2	0.01093	0.01049	0.01793	0.02711	0.81723	0.01049	0.01355	0.01355	0.01006	0.01443	0.00831	0.01093	0.00700	0.00394	0.00437	0.00131	0.00525	0.00394	0.00219	0.00700
3	0.01641	0.01243	0.01303	0.01012	0.01356	0.03615	0.00831	0.73128	0.07053	0.02677	0.01097	0.01090	0.00784	0.00532	0.00441	0.00133	0.00486	0.00401	0.00436	0.00741
4	0.00741	0.00611	0.00833	0.01000	0.15842	0.00600	0.00624	0.01041	0.09919	0.01518	0.30945	0.14168	0.14807	0.00890	0.00508	0.00149	0.00302	0.04609	0.00406	0.00486
5	0.00646	0.00456	0.00535	0.00540	0.00592	0.00452	0.00354	0.01996	0.03213	0.01125	0.10152	0.16439	0.10260	0.42196	0.06231	0.00322	0.00392	0.00765	0.02993	0.00342
6	0.00657	0.00438	0.00586	0.04135	0.00729	0.00427	0.00434	0.00703	0.01975	0.01138	0.16404	0.18159	0.14306	0.05401	0.02392	0.28314	0.00328	0.02815	0.00335	0.00325
7	0.01634	0.00829	0.01015	0.00830	0.01136	0.00826	0.00669	0.02229	0.32611	0.50477	0.01764	0.01560	0.01194	0.00567	0.00446	0.00142	0.00365	0.00466	0.00508	0.00731
8	0.00631	0.00473	0.00710	0.00710	0.00789	0.00552	0.00552	0.00789	0.00710	0.01025	0.01183	0.01735	0.01104	0.03312	0.82728	0.00710	0.01183	0.00473	0.00237	0.00394
9	0.00625	0.00438	0.00533	0.00539	0.00616	0.00404	0.00373	0.00737	0.00975	0.03447	0.28538	0.22314	0.17774	0.19619	0.00913	0.00215	0.00276	0.00887	0.00407	0.00371
10	0.00602	0.00411	0.00538	0.00604	0.00631	0.00404	0.00408	0.00658	0.00797	0.01086	0.02034	0.55696	0.02375	0.13471	0.02440	0.07313	0.02155	0.03792	0.04245	0.00339
11	0.00767	0.00384	0.00575	0.00575	0.00575	0.00384	0.00384	0.00575	0.00575	0.00767	0.00767	0.01343	0.00767	0.01534	0.01726	0.87150	0.00384	0.00384	0.00192	0.00192
12	0.00561	0.00400	0.00532	0.00625	0.00659	0.00377	0.00431	0.00651	0.00866	0.01156	0.05208	0.70703	0.02874	0.05007	0.00640	0.00191	0.00275	0.08078	0.00406	0.00361
13	0.02090	0.00436	0.00496	0.00495	0.00523	0.00430	0.00300	0.00682	0.00749	0.01029	0.10943	0.06972	0.05790	0.63308	0.01803	0.00357	0.00378	0.00693	0.02226	0.00301
14	0.81244	0.00835	0.00649	0.00583	0.00842	0.00965	0.00473	0.01290	0.02603	0.01922	0.00681	0.00848	0.00555	0.04621	0.00376	0.00152	0.00346	0.00265	0.00277	0.00473
15	0.87598	0.00854	0.00649	0.00581	0.00854	0.00991	0.00478	0.01298	0.00752	0.01982	0.00615	0.00717	0.00478	0.00410	0.00273	0.00137	0.00342	0.00239	0.00273	0.00478
16	0.00584	0.00493	0.03004	0.00532	0.00638	0.00412	0.00391	0.00695	0.00933	0.01210	0.15467	0.18995	0.33336	0.18935	0.00893	0.00211	0.00286	0.00882	0.00382	0.01720
17	0.00638	0.00427	0.00490	0.00493	0.00509	0.00421	0.00291	0.00667	0.00718	0.00975	0.07852	0.08123	0.03229	0.68615	0.01916	0.00375	0.00390	0.00692	0.02888	0.00291
18	0.87598	0.00854	0.00649	0.00581	0.00854	0.00991	0.00478	0.01298	0.00752	0.01982	0.00615	0.00717	0.00478	0.00410	0.00273	0.00137	0.00342	0.00239	0.00273	0.00478
19	0.05602	0.00550	0.00712	0.00669	0.00827	0.00509	0.00500	0.01225	0.02239	0.28972	0.10033	0.40264	0.02222	0.00989	0.00527	0.02051	0.00301	0.00848	0.00453	0.00507
20	0.00966	0.00966	0.01353	0.01160	0.01160	0.01353	0.00966	0.01063	0.00676	0.01063	0.00580	0.00966	0.00580	0.00773	0.01449	0.00193	0.83670	0.00387	0.00193	0.00483
21	0.00930	0.00917	0.01282	0.01114	0.01116	0.01269	0.00920	0.01025	0.00691	0.01068	0.00735	0.07954	0.00776	0.00824	0.01375	0.00192	0.76666	0.00459	0.00211	0.00473
22	0.00608	0.00427	0.00511	0.00527	0.00568	0.00409	0.00341	0.00679	0.00843	0.01131	0.17633	0.19627	0.09562	0.42038	0.01379	0.00291	0.00331	0.02412	0.00355	0.00328
23	0.00631	0.00473	0.00710	0.00710	0.00789	0.00552	0.00552	0.00789	0.00710	0.01025	0.01183	0.01735	0.01104	0.03312	0.82728	0.00710	0.01183	0.00473	0.00237	0.00394
24	0.00538	0.00384	0.00512	0.00615	0.00641	0.00359	0.00410	0.00615	0.00846	0.01127	0.02434	0.84190	0.02921	0.01384	0.00564	0.00179	0.00256	0.01256	0.00410	0.00359
25	0.45369	0.01102	0.14837	0.15471	0.01466	0.01045	0.00876	0.01253	0.00796	0.01603	0.00671	0.00870	0.00526	0.00467	0.00491	0.00147	0.11964	0.00302	0.00234	0.00511
26	0.00847	0.00810	0.01403	0.78412	0.02997	0.00990	0.06068	0.01146	0.00893	0.01146	0.00792	0.01178	0.00594	0.00437	0.00446	0.00147	0.00598	0.00400	0.00198	0.00497
27	0.01159	0.81894	0.02251	0.00745	0.01115	0.01701	0.00742	0.01299	0.00901	0.01044	0.00745	0.00828	0.03305	0.00403	0.00291	0.00096	0.00464	0.00260	0.00196	0.00560
28	0.02618	0.14662	0.05222	0.23548	0.04584	0.00910	0.00835	0.02447	0.02257	0.14561	0.02770	0.09825	0.11474	0.00648	0.00438	0.00140	0.00437	0.01769	0.00319	0.00538
29	0.00994	0.01060	0.01936	0.06535	0.01811	0.01220	0.37935	0.01231	0.00860	0.01231	0.00739	0.01084	0.00623	0.00566	0.00954	0.00170	0.39858	0.00450	0.00208	0.00536
30	0.17210	0.00770	0.00958	0.00749	0.01079	0.00710	0.00619	0.02000	0.01173	0.67791	0.01542	0.01364	0.00984	0.00522	0.00414	0.00137	0.00370	0.00408	0.00498	0.00703
31	0.00629	0.00430	0.00483	0.00483	0.00500	0.00422	0.00281	0.00647	0.00696	0.00918	0.04073	0.04545	0.08631	0.73200	0.02015	0.00391	0.00401	0.00684	0.00289	0.00283
32	0.00616	0.00433	0.00550	0.00569	0.00656	0.00394	0.00408	0.00755	0.01052	0.03859	0.35610	0.35476	0.15744	0.01117	0.00536	0.00156	0.00235	0.00990	0.00446	0.00397
33	0.00781	0.00465	0.00644	0.00633	0.00679	0.00497	0.00449	0.00828	0.09692	0.00962	0.00981	0.01459	0.00906	0.01735	0.16769	0.58646	0.00525	0.00414	0.02642	0.00293
34	0.01933	0.00418	0.00567	0.00564	0.00597	0.00411	0.00381	0.00671	0.00672	0.03621	0.01306	0.05714	0.07528	0.13582	0.03343	0.54949	0.00386	0.01600	0.01497	0.00259
35	0.01227	0.00829	0.00881	0.00736	0.00961	0.00900	0.00585	0.35261	0.09893	0.03393	0.01340	0.03258	0.01045	0.03125	0.00448	0.00133	0.00352	0.00441	0.34605	0.00588
36	0.01131	0.00965	0.01017	0.00905	0.01161	0.01114	0.00707	0.06762	0.76457	0.01901	0.01756	0.01615	0.01314	0.00595	0.00449	0.00149	0.00357	0.00494	0.00449	0.00702
37	0.05133	0.00423	0.00509	0.00570	0.00605	0.00412	0.00371	0.00659	0.00787	0.01097	0.02101	0.54350	0.04704	0.24975	0.01027	0.00247	0.00309	0.01018	0.00362	0.00339

[dist]
# distance from previous block
# <min> <max>
5	6

[block]
# block no. 1 follows, 59 sequences, length 24
# corresponding to MSA columns:
# 237-260
name=unknown_B
#
# <colnr> <probs for GDERKNQSTAVLIFYWHMCP>
#	G	D	E	R	K	N	Q	S	T	A	V	L	I	F	Y	W	H	M	C	P
0	0.87598	0.00854	0.00649	0.00581	0.00854	0.00991	0.00478	0.01298	0.00752	0.01982	0.00615	0.00717	0.00478	0.00410	0.00273	0.00137	0.00342	0.00239	0.00273	0.00478
1	0.00757	0.00385	0.00567	0.00570	0.00574	0.00385	0.00380	0.00590	0.00596	0.00805	0.00860	0.04325	0.00874	0.03641	0.01662	0.79588	0.00376	0.00422	0.02440	0.00205
2	0.00554	0.00401	0.00508	0.00585	0.00625	0.00373	0.00393	0.00632	0.00852	0.01120	0.03961	0.62689	0.11360	0.10846	0.00752	0.00204	0.00275	0.03121	0.00395	0.00352
3	0.13155	0.00791	0.01125	0.47965	0.02153	0.00922	0.00946	0.06964	0.00977	0.11386	0.00938	0.01236	0.00709	0.03904	0.03427	0.01683	0.00531	0.00390	0.00272	0.00523
4	0.01099	0.61835	0.24505	0.00895	0.01350	0.01547	0.00999	0.01344	0.00907	0.01139	0.00664	0.00771	0.00565	0.00389	0.00321	0.00107	0.00522	0.00261	0.00188	0.00591
5	0.00571	0.00429	0.00489	0.00508	0.00606	0.00383	0.00362	0.00689	0.00979	0.01283	0.16931	0.23883	0.38024	0.06609	0.00633	0.00170	0.00242	0.00938	0.05898	0.00372
6	0.00685	0.00480	0.00576	0.00569	0.00620	0.00498	0.00377	0.00824	0.06918	0.02129	0.04438	0.06599	0.05850	0.48508	0.16457	0.02655	0.00530	0.00642	0.00300	0.00344
7	0.00913	0.00798	0.01252	0.23587	0.18696	0.02271	0.05743	0.02512	0.01782	0.03564	0.01133	0.10059	0.01053	0.04999	0.08314	0.00215	0.06206	0.02327	0.04058	0.00516
8	0.00523	0.00443	0.00452	0.00460	0.00600	0.00372	0.00341	0.00632	0.00994	0.01188	0.04319	0.10350	0.75545	0.01139	0.00525	0.00151	0.00226	0.00957	0.00410	0.00372
9	0.02501	0.00820	0.01014	0.02752	0.04670	0.00659	0.02656	0.03150	0.00949	0.01475	0.00794	0.00937	0.00654	0.00341	0.00342	0.00075	0.00357	0.00280	0.00262	0.75312
10	0.04487	0.03186	0.17033	0.20209	0.06288	0.04063	0.03568	0.13930	0.08421	0.09145	0.00996	0.01132	0.00730	0.00492	0.00478	0.01060	0.03480	0.00385	0.00295	0.00620
11	0.00636	0.00475	0.00710	0.00716	0.00796	0.00549	0.00562	0.00796	0.00728	0.01043	0.01253	0.01932	0.01191	0.03185	0.77742	0.00679	0.01136	0.05226	0.00247	0.00395
12	0.00614	0.00451	0.00575	0.00544	0.00653	0.00412	0.00408	0.00812	0.01223	0.01708	0.73031	0.03404	0.12666	0.00927	0.00521	0.00140	0.00210	0.00813	0.00478	0.00412
13	0.05042	0.02976	0.01326	0.32285	0.17940	0.00915	0.02293	0.03421	0.01048	0.24206	0.02483	0.02328	0.00846	0.00480	0.00434	0.00139	0.00491	0.00417	0.00317	0.00613
14	0.01206	0.64140	0.14861	0.00838	0.01256	0.01535	0.00885	0.01409	0.00936	0.08358	0.00744	0.00815	0.00613	0.00400	0.00319	0.00105	0.00492	0.00269	0.00221	0.00597
15	0.01749	0.00695	0.00936	0.00736	0.01035	0.00607	0.00601	0.01927	0.01243	0.67596	0.11418	0.01730	0.01469	0.00588	0.00446	0.00135	0.00346	0.00485	0.05567	0.00691
16	0.01650	0.02105	0.01252	0.01138	0.01365	0.82705	0.00853	0.01764	0.01252	0.01081	0.00683	0.00796	0.00569	0.00455	0.00398	0.00114	0.00796	0.00284	0.00228	0.00512
17	0.02530	0.18680	0.35705	0.03171	0.06980	0.16272	0.03379	0.01413	0.00975	0.01254	0.00746	0.00908	0.00592	0.00515	0.03012	0.00145	0.02614	0.00316	0.00201	0.00592
18	0.01157	0.69633	0.07724	0.00858	0.01236	0.01632	0.04058	0.01331	0.00900	0.02466	0.00655	0.00771	0.00580	0.00405	0.00369	0.00106	0.05083	0.00266	0.00197	0.00572
19	0.00993	0.00926	0.07274	0.04354	0.03904	0.00717	0.02590	0.03075	0.00962	0.06079	0.01980	0.01024	0.00726	0.00424	0.01455	0.00099	0.03790	0.00312	0.00271	0.59045
20	0.01156	0.08339	0.16867	0.11902	0.16323	0.09141	0.08196	0.01463	0.03415	0.11090	0.02247	0.01228	0.03611	0.00475	0.00456	0.00135	0.02678	0.00402	0.00265	0.00610
21	0.00660	0.00491	0.00679	0.00650	0.00698	0.00536	0.03006	0.00743	0.00690	0.00959	0.01287	0.04530	0.01366	0.42941	0.35065	0.00518	0.04009	0.00576	0.00254	0.00341
22	0.00663	0.00549	0.00688	0.01858	0.00838	0.03291	0.03751	0.00827	0.01039	0.01332	0.17548	0.16005	0.25204	0.01085	0.00548	0.00166	0.00325	0.23473	0.00406	0.00404
23	0.01123	0.03858	0.37733	0.01579	0.20147	0.06263	0.08536	0.07408	0.02284	0.05632	0.00883	0.01028	0.00656	0.00428	0.00431	0.00135	0.00605	0.00369	0.00242	0.00660

[dist]
# distance from previous block
# <min> <max>
0	1

[block]
# block no. 2 follows, 59 sequences, length 10
# corresponding to MSA columns:
# 262-271
name=unknown_C
#
# <colnr> <probs for GDERKNQSTAVLIFYWHMCP>
#	G	D	E	R	K	N	Q	S	T	A	V	L	I	F	Y	W	H	M	C	P
0	0.01015	0.10696	0.23209	0.05602	0.21487	0.01017	0.08284	0.04074	0.00974	0.03920	0.01006	0.01264	0.03899	0.00572	0.00562	0.09028	0.00541	0.02033	0.00233	0.00585
1	0.00633	0.00445	0.00556	0.00581	0.00598	0.00457	0.00379	0.00672	0.00739	0.00997	0.04276	0.27811	0.02028	0.43528	0.03802	0.03763	0.04539	0.03562	0.00316	0.00317
2	0.02490	0.04187	0.01059	0.03690	0.21031	0.03207	0.00742	0.06894	0.01156	0.06810	0.21334	0.02440	0.18984	0.00725	0.00472	0.00138	0.00371	0.03362	0.00369	0.00536
3	0.02800	0.03100	0.11136	0.08379	0.10550	0.05166	0.16878	0.05079	0.06486	0.09543	0.01210	0.05266	0.04057	0.00648	0.03860	0.00167	0.04315	0.00477	0.00290	0.00594
4	0.00996	0.00901	0.01399	0.23282	0.31795	0.03715	0.05115	0.02931	0.03548	0.04511	0.05258	0.04822	0.05517	0.00561	0.00463	0.00143	0.00502	0.03685	0.00277	0.00578
5	0.00627	0.00461	0.00616	0.03851	0.00802	0.00445	0.00511	0.00789	0.01033	0.01391	0.29302	0.23677	0.09219	0.04357	0.00619	0.00178	0.00296	0.21013	0.00421	0.00393
6	0.00924	0.00884	0.01512	0.47629	0.12473	0.01004	0.12645	0.05129	0.00977	0.01293	0.01023	0.03046	0.04578	0.00498	0.00507	0.00148	0.04509	0.00456	0.00230	0.00536
7	0.01128	0.01022	0.08687	0.04723	0.07191	0.03502	0.11211	0.05578	0.11260	0.13407	0.04599	0.01631	0.04140	0.04338	0.04752	0.00187	0.07911	0.02444	0.01702	0.00588
8	0.01274	0.01463	0.03286	0.01019	0.01190	0.41569	0.00802	0.07114	0.01076	0.01188	0.00831	0.01135	0.00741	0.05287	0.16836	0.00261	0.13829	0.00365	0.00240	0.00493
9	0.03865	0.05418	0.07594	0.18451	0.39069	0.02809	0.05878	0.04740	0.01011	0.01422	0.00809	0.01055	0.00648	0.00407	0.00422	0.00131	0.00545	0.00374	0.00224	0.05126

[dist]
# distance from previous block
# <min> <max>
0	20

[block]
# block no. 3 follows, 59 sequences, length 36
# corresponding to MSA columns:
# 292-324,326-328
name=unknown_D
#
# <colnr> <probs for GDERKNQSTAVLIFYWHMCP>
#	G	D	E	R	K	N	Q	S	T	A	V	L	I	F	Y	W	H	M	C	P
0	0.07988	0.00815	0.00913	0.00859	0.03512	0.00890	0.00653	0.11785	0.32916	0.06216	0.06736	0.08999	0.04173	0.00758	0.00509	0.03145	0.00359	0.07766	0.00417	0.00589
1	0.03277	0.00905	0.00956	0.02141	0.10003	0.12250	0.00670	0.07700	0.10553	0.04281	0.19049	0.07150	0.04011	0.00748	0.00573	0.08316	0.00406	0.00543	0.01497	0.04972
2	0.00834	0.00785	0.01325	0.83417	0.03042	0.00981	0.01227	0.01128	0.00883	0.01128	0.00785	0.01178	0.00589	0.00442	0.00442	0.00147	0.00589	0.00393	0.00196	0.00491
3	0.00706	0.00526	0.00533	0.00527	0.00547	0.05172	0.00315	0.00726	0.00690	0.00904	0.01344	0.02677	0.01508	0.73280	0.05516	0.00411	0.00474	0.00607	0.03245	0.00292
4	0.03590	0.00622	0.00711	0.00666	0.00833	0.00639	0.00510	0.02774	0.21623	0.09602	0.17922	0.15291	0.10515	0.00834	0.00473	0.00147	0.00285	0.02943	0.09505	0.00516
5	0.52135	0.00824	0.00771	0.00676	0.00935	0.00907	0.00548	0.08941	0.04197	0.13106	0.01079	0.06193	0.00906	0.02582	0.00403	0.00150	0.00361	0.04402	0.00350	0.00535
6	0.05051	0.00965	0.14014	0.00929	0.01227	0.00751	0.05918	0.07822	0.01134	0.20835	0.01621	0.02552	0.01437	0.00743	0.00488	0.00159	0.00452	0.27958	0.05374	0.00573
7	0.00738	0.00597	0.00630	0.00621	0.00743	0.05570	0.00457	0.00994	0.09524	0.03287	0.25921	0.20724	0.19592	0.03514	0.00560	0.00158	0.00287	0.02249	0.03400	0.00433
8	0.02341	0.00551	0.00702	0.00695	0.00834	0.00534	0.00561	0.02235	0.04632	0.12481	0.16205	0.05838	0.09142	0.09903	0.00722	0.00197	0.00348	0.31197	0.00426	0.00456
9	0.00638	0.00487	0.00587	0.00562	0.00682	0.00459	0.00421	0.00895	0.07300	0.01597	0.52506	0.06175	0.20736	0.03212	0.00565	0.00152	0.00233	0.01914	0.00457	0.00423
10	0.44973	0.00859	0.00871	0.00709	0.01018	0.00904	0.00585	0.10773	0.01101	0.32618	0.01097	0.01057	0.00745	0.00476	0.00358	0.00136	0.00371	0.00336	0.00397	0.00614
11	0.00650	0.00497	0.00730	0.00719	0.00788	0.00588	0.00556	0.00794	0.00703	0.01016	0.01164	0.01770	0.01109	0.08605	0.72893	0.00663	0.05648	0.00480	0.00236	0.00391
12	0.00703	0.00506	0.00619	0.00639	0.00720	0.00501	0.00452	0.10388	0.01011	0.01345	0.07448	0.49121	0.09634	0.07620	0.02938	0.03194	0.00323	0.02041	0.00396	0.00401
13	0.00721	0.00400	0.00541	0.00541	0.00541	0.00400	0.00341	0.00600	0.00600	0.00800	0.00997	0.01911	0.01075	0.32000	0.01918	0.55296	0.00400	0.00479	0.00220	0.00220
14	0.58354	0.00872	0.00806	0.00676	0.00972	0.00957	0.00557	0.09216	0.03212	0.19318	0.00934	0.00946	0.00662	0.00456	0.00331	0.00137	0.00363	0.00306	0.00354	0.00570
15	0.02623	0.01371	0.17695	0.01442	0.01885	0.01126	0.38889	0.17789	0.06321	0.03664	0.01004	0.02359	0.00748	0.00448	0.00475	0.00144	0.00625	0.00460	0.00287	0.00644
16	0.00588	0.00430	0.00560	0.00624	0.00695	0.00402	0.00464	0.00719	0.00976	0.01295	0.17353	0.43150	0.12728	0.01228	0.00560	0.00173	0.00274	0.16977	0.00423	0.00381
17	0.00658	0.00463	0.00571	0.00575	0.00669	0.00443	0.00426	0.00811	0.02183	0.03267	0.23591	0.09728	0.18632	0.15651	0.07702	0.00248	0.00365	0.10073	0.03557	0.00387
18	0.03617	0.00810	0.02100	0.11036	0.01247	0.06448	0.01758	0.10442	0.01048	0.02713	0.02916	0.16080	0.02907	0.00981	0.03767	0.02799	0.09854	0.17580	0.01424	0.00472
19	0.00892	0.00740	0.00771	0.00767	0.00899	0.09011	0.00599	0.13243	0.01141	0.01454	0.04070	0.25109	0.08210	0.04184	0.02820	0.00191	0.00417	0.22964	0.02067	0.00450
20	0.01971	0.00769	0.01036	0.00794	0.01136	0.00675	0.00656	0.05010	0.01294	0.79130	0.01717	0.01487	0.01081	0.00546	0.00444	0.00137	0.00380	0.00442	0.00543	0.00752
21	0.00535	0.00448	0.00465	0.00461	0.00604	0.00378	0.00346	0.00659	0.01037	0.01265	0.14064	0.04132	0.71909	0.01092	0.00522	0.00148	0.00222	0.00916	0.00420	0.00378
22	0.00916	0.00785	0.00916	0.00654	0.01047	0.00589	0.00523	0.01112	0.00916	0.01439	0.00785	0.00916	0.00654	0.00327	0.00327	0.00065	0.00327	0.00262	0.00262	0.87178
23	0.01006	0.02792	0.30737	0.04412	0.11601	0.05812	0.16469	0.02377	0.00989	0.02791	0.00882	0.03226	0.00702	0.00515	0.02929	0.00147	0.00616	0.00395	0.00227	0.11376
24	0.01088	0.45011	0.26154	0.00993	0.03820	0.03073	0.01032	0.01486	0.11128	0.01264	0.00827	0.00909	0.00668	0.00421	0.00353	0.00117	0.00519	0.00303	0.00223	0.00612
25	0.02801	0.08587	0.49356	0.01034	0.01508	0.03107	0.01203	0.02443	0.00962	0.01387	0.06488	0.07302	0.03920	0.00551	0.00445	0.00135	0.02533	0.00437	0.00243	0.05558
26	0.00609	0.00439	0.00525	0.00517	0.00588	0.00413	0.00352	0.00718	0.00957	0.01293	0.33365	0.07581	0.16780	0.30643	0.03124	0.00259	0.00315	0.00783	0.00385	0.00353
27	0.12713	0.00763	0.00803	0.00724	0.00887	0.08473	0.00554	0.05747	0.00957	0.16988	0.03272	0.04226	0.01144	0.09901	0.11025	0.14940	0.01656	0.04437	0.00328	0.00461
28	0.80419	0.03089	0.00727	0.00617	0.00891	0.05717	0.00507	0.01326	0.00784	0.01905	0.00619	0.00722	0.00486	0.00412	0.00281	0.00134	0.00371	0.00242	0.00269	0.00483
29	0.00592	0.00467	0.00540	0.00538	0.00664	0.00419	0.00403	0.00709	0.00942	0.01202	0.08564	0.10153	0.43999	0.07562	0.08364	0.01879	0.00354	0.06906	0.00375	0.05368
30	0.01422	0.26643	0.01529	0.00976	0.01251	0.45056	0.00795	0.06129	0.03621	0.01194	0.00749	0.00868	0.00635	0.00603	0.05109	0.00144	0.00682	0.00294	0.00236	0.02065
31	0.00694	0.00434	0.00554	0.00567	0.00588	0.00437	0.00365	0.00715	0.05294	0.00952	0.03149	0.17623	0.01589	0.31750	0.01597	0.32095	0.00370	0.00659	0.00282	0.00285
32	0.09660	0.05908	0.01424	0.29322	0.11838	0.11455	0.06219	0.10238	0.03548	0.01467	0.00847	0.02598	0.00678	0.00466	0.00442	0.00137	0.02557	0.00383	0.00251	0.00562
33	0.00716	0.00529	0.00691	0.00646	0.00709	0.00566	0.00462	0.00763	0.00716	0.01012	0.04023	0.06738	0.02701	0.29463	0.16760	0.13070	0.10449	0.00549	0.00260	0.09177
34	0.00548	0.00393	0.00516	0.00609	0.00642	0.00367	0.00411	0.00630	0.00858	0.01139	0.04078	0.74474	0.05766	0.04235	0.00621	0.00187	0.00264	0.03495	0.00407	0.00359
35	0.00873	0.02368	0.01098	0.02501	0.01096	0.08423	0.06286	0.01041	0.03036	0.01167	0.03691	0.15659	0.07614	0.01102	0.08555	0.00221	0.28183	0.06342	0.00287	0.00456

[dist]
# distance from previous block
# <min> <max>
0	1

[block]
# block no. 4 follows, 59 sequences, length 7
# corresponding to MSA columns:
# 330-336
name=unknown_E
#
# <colnr> <probs for GDERKNQSTAVLIFYWHMCP>
#	G	D	E	R	K	N	Q	S	T	A	V	L	I	F	Y	W	H	M	C	P
0	0.00703	0.00459	0.00594	0.00587	0.00652	0.00465	0.00419	0.00744	0.02635	0.03015	0.04463	0.08747	0.18651	0.10842	0.13045	0.27460	0.03136	0.00630	0.02423	0.00329
1	0.00693	0.00474	0.00589	0.00626	0.00688	0.00466	0.00427	0.03529	0.05756	0.04477	0.06079	0.54303	0.02503	0.16216	0.00849	0.00217	0.00303	0.01014	0.00397	0.00395
2	0.03615	0.00560	0.00608	0.00574	0.00732	0.00545	0.00436	0.03846	0.12500	0.01532	0.25628	0.06480	0.39410	0.00948	0.00502	0.00146	0.00252	0.00802	0.00434	0.00449
3	0.00916	0.00785	0.00916	0.00654	0.01047	0.00589	0.00523	0.01112	0.00916	0.01439	0.00785	0.00916	0.00654	0.00327	0.00327	0.00065	0.00327	0.00262	0.00262	0.87178
4	0.03600	0.00472	0.00584	0.00590	0.00684	0.00440	0.00413	0.00880	0.00927	0.12251	0.11604	0.38475	0.10165	0.15849	0.00827	0.00208	0.00297	0.00918	0.00408	0.00408
5	0.11773	0.00606	0.00732	0.00626	0.00824	0.00571	0.00482	0.01330	0.01092	0.30734	0.26866	0.02320	0.06192	0.13082	0.00718	0.00181	0.00319	0.00585	0.00446	0.00521
6	0.00870	0.00559	0.00618	0.00566	0.00722	0.02574	0.00433	0.04168	0.03213	0.10465	0.26245	0.05207	0.22232	0.00813	0.00460	0.00134	0.00261	0.00686	0.19312	0.00463

[dist]
# distance from previous block
# <min> <max>
0	32

[block]
# block no. 5 follows, 59 sequences, length 31
# corresponding to MSA columns:
# 369-399
name=unknown_F
#
# <colnr> <probs for GDERKNQSTAVLIFYWHMCP>
#	G	D	E	R	K	N	Q	S	T	A	V	L	I	F	Y	W	H	M	C	P
0	0.04035	0.00829	0.01058	0.00812	0.01155	0.00766	0.00670	0.14000	0.01365	0.65583	0.01582	0.01399	0.01013	0.00534	0.00436	0.00134	0.00390	0.00427	0.00515	0.03297
1	0.00551	0.00450	0.02925	0.00620	0.00678	0.00386	0.00443	0.00649	0.00868	0.01152	0.04162	0.70713	0.10050	0.01368	0.02571	0.00188	0.00287	0.01170	0.00401	0.00371
2	0.84968	0.00851	0.00661	0.00587	0.00863	0.00980	0.00484	0.01325	0.00767	0.04441	0.00650	0.00742	0.00497	0.00414	0.00279	0.00137	0.00343	0.00245	0.00282	0.00487
3	0.00636	0.00471	0.00595	0.00561	0.00675	0.00441	0.00422	0.00879	0.04481	0.01728	0.72020	0.03309	0.10300	0.00908	0.00518	0.00140	0.00215	0.00797	0.00479	0.00425
4	0.00767	0.00384	0.00575	0.00575	0.00575	0.00384	0.00384	0.00575	0.00575	0.00767	0.00767	0.01343	0.00767	0.01534	0.01726	0.87150	0.00384	0.00384	0.00192	0.00192
5	0.01040	0.00748	0.00839	0.00756	0.00962	0.00798	0.00586	0.07875	0.35261	0.09972	0.12366	0.11208	0.09504	0.00769	0.00473	0.00148	0.00317	0.01711	0.04079	0.00587
6	0.00618	0.00451	0.00581	0.00548	0.00656	0.00414	0.00411	0.00820	0.01234	0.01733	0.76388	0.03362	0.09293	0.00917	0.00521	0.00140	0.00209	0.00808	0.00481	0.00414
7	0.87598	0.00854	0.00649	0.00581	0.00854	0.00991	0.00478	0.01298	0.00752	0.01982	0.00615	0.00717	0.00478	0.00410	0.00273	0.00137	0.00342	0.00239	0.00273	0.00478
8	0.01650	0.02105	0.01252	0.01138	0.01365	0.82705	0.00853	0.01764	0.01252	0.01081	0.00683	0.00796	0.00569	0.00455	0.00398	0.00114	0.00796	0.00284	0.00228	0.00512
9	0.00547	0.00460	0.00477	0.00477	0.00623	0.00395	0.00362	0.00692	0.02646	0.01249	0.09412	0.04161	0.71993	0.01097	0.00524	0.00150	0.00232	0.03702	0.00416	0.00384
10	0.87598	0.00854	0.00649	0.00581	0.00854	0.00991	0.00478	0.01298	0.00752	0.01982	0.00615	0.00717	0.00478	0.00410	0.00273	0.00137	0.00342	0.00239	0.00273	0.00478
11	0.00894	0.00859	0.01322	0.61389	0.04710	0.03452	0.01150	0.02307	0.00875	0.01146	0.00764	0.01143	0.00607	0.00581	0.02987	0.00170	0.14553	0.00391	0.00202	0.00497
12	0.00890	0.02254	0.79979	0.01276	0.01923	0.01028	0.03812	0.01399	0.00936	0.01399	0.00795	0.00940	0.00563	0.00418	0.00422	0.00140	0.00655	0.00332	0.00188	0.00651
13	0.02207	0.01247	0.15023	0.13497	0.19786	0.01053	0.31608	0.01403	0.05570	0.01414	0.00905	0.01153	0.00691	0.00411	0.00463	0.00142	0.00621	0.00436	0.01753	0.00614
14	0.87598	0.00854	0.00649	0.00581	0.00854	0.00991	0.00478	0.01298	0.00752	0.01982	0.00615	0.00717	0.00478	0.00410	0.00273	0.00137	0.00342	0.00239	0.00273	0.00478
15	0.07933	0.05553	0.01186	0.00983	0.06220	0.03971	0.00748	0.40343	0.09282	0.02199	0.14110	0.01489	0.02909	0.00580	0.00434	0.00133	0.00424	0.00458	0.00401	0.00642
16	0.00594	0.00454	0.00523	0.00528	0.00639	0.00395	0.00372	0.00669	0.00885	0.01132	0.02974	0.26222	0.38007	0.08442	0.00768	0.07492	0.00274	0.00890	0.00366	0.08377
17	0.00809	0.00516	0.00789	0.02092	0.12892	0.00527	0.00561	0.00759	0.02428	0.00951	0.02904	0.06306	0.00990	0.02678	0.01390	0.60393	0.02029	0.00454	0.00223	0.00306
18	0.00832	0.00556	0.00801	0.00730	0.00800	0.00596	0.03643	0.00834	0.00766	0.06491	0.04457	0.12489	0.07807	0.04906	0.02831	0.34390	0.14014	0.00579	0.00281	0.02198
19	0.01262	0.00723	0.00860	0.00677	0.00976	0.00641	0.00542	0.03674	0.09081	0.26326	0.01329	0.01331	0.00964	0.00468	0.00374	0.00106	0.00323	0.00377	0.19004	0.30961
20	0.00588	0.00414	0.00538	0.00618	0.00667	0.00388	0.00425	0.00702	0.02634	0.02930	0.04769	0.70924	0.08043	0.01313	0.00556	0.00175	0.00261	0.03261	0.00416	0.00379
21	0.07940	0.00513	0.00605	0.00578	0.00716	0.00479	0.00427	0.00982	0.01010	0.14388	0.19501	0.22261	0.18229	0.07603	0.00631	0.00172	0.00278	0.00810	0.02432	0.00441
22	0.11946	0.00749	0.00896	0.00731	0.01005	0.00729	0.00589	0.07263	0.07859	0.43530	0.10905	0.02810	0.01417	0.02663	0.00472	0.00144	0.00349	0.00477	0.04825	0.00640
23	0.04084	0.00831	0.01060	0.00817	0.01157	0.00775	0.00674	0.13770	0.03063	0.66495	0.01613	0.01420	0.01032	0.00542	0.00440	0.00136	0.00391	0.00433	0.00522	0.00744
24	0.00626	0.00464	0.00662	0.00664	0.00734	0.00521	0.00500	0.00761	0.00730	0.01033	0.03680	0.04104	0.04015	0.13815	0.64893	0.00624	0.01000	0.00540	0.00258	0.00377
25	0.02236	0.00534	0.00687	0.00644	0.00798	0.00487	0.00482	0.02825	0.01075	0.25125	0.15217	0.34786	0.08089	0.00975	0.00502	0.00153	0.00285	0.00854	0.03750	0.00497
26	0.05027	0.00708	0.00814	0.00702	0.00912	0.00720	0.00546	0.10579	0.13962	0.20726	0.10430	0.03855	0.04265	0.10993	0.00662	0.00173	0.00345	0.03057	0.09933	0.01591
27	0.00656	0.00495	0.00713	0.00702	0.00795	0.00559	0.00544	0.02416	0.00754	0.01078	0.01292	0.03405	0.03457	0.04289	0.73450	0.00648	0.01087	0.00497	0.00250	0.02913
28	0.00879	0.00750	0.00916	0.00693	0.01033	0.00592	0.02818	0.01094	0.03051	0.01405	0.01017	0.08278	0.00947	0.02536	0.00412	0.00093	0.00338	0.02645	0.00283	0.70222
29	0.00885	0.00652	0.00744	0.00700	0.00855	0.00680	0.00521	0.07007	0.24409	0.06135	0.13651	0.22851	0.10752	0.07317	0.00633	0.00175	0.00310	0.00779	0.00432	0.00512
30	0.03263	0.00635	0.00962	0.40251	0.01837	0.00743	0.00833	0.03082	0.02192	0.01180	0.01313	0.23402	0.01325	0.03535	0.11456	0.02084	0.00556	0.00638	0.00274	0.00440

[dist]
# distance from previous block
# <min> <max>
3	15

[block]
# block no. 6 follows, 59 sequences, length 30
# corresponding to MSA columns:
# 415-444
name=unknown_G
#
# <colnr> <probs for GDERKNQSTAVLIFYWHMCP>
#	G	D	E	R	K	N	Q	S	T	A	V	L	I	F	Y	W	H	M	C	P
0	0.01224	0.65641	0.04091	0.00854	0.01226	0.09611	0.03777	0.04287	0.00983	0.01144	0.00658	0.00761	0.00580	0.00390	0.00314	0.00100	0.00515	0.00261	0.00206	0.03378
1	0.07083	0.25058	0.48734	0.01050	0.01576	0.01238	0.01248	0.03836	0.03908	0.01399	0.00776	0.00885	0.00591	0.00417	0.00373	0.00127	0.00564	0.00304	0.00211	0.00621
2	0.01402	0.15699	0.05996	0.01927	0.01315	0.05732	0.00833	0.34499	0.21495	0.04974	0.01154	0.01143	0.00859	0.00510	0.00413	0.00130	0.00473	0.00387	0.00375	0.00685
3	0.00775	0.00613	0.00736	0.00715	0.00853	0.00665	0.00552	0.01260	0.26028	0.01410	0.11388	0.05630	0.10890	0.05029	0.20201	0.03033	0.00524	0.08845	0.00377	0.00478
4	0.01027	0.00629	0.00789	0.00710	0.00822	0.00666	0.00526	0.17589	0.07633	0.04241	0.01017	0.01471	0.00902	0.02395	0.01269	0.53936	0.00404	0.03304	0.00288	0.00381
5	0.00611	0.00421	0.00510	0.00549	0.00582	0.00408	0.00359	0.00675	0.00791	0.01064	0.04954	0.29776	0.07246	0.38872	0.02505	0.00295	0.00352	0.06043	0.03661	0.00326
6	0.07285	0.00836	0.00872	0.00796	0.00994	0.03153	0.00606	0.08632	0.39174	0.05480	0.01673	0.13721	0.01489	0.10476	0.00665	0.00184	0.00372	0.02608	0.00407	0.00578
7	0.00744	0.00482	0.00579	0.00586	0.00703	0.00441	0.00424	0.02399	0.03101	0.10289	0.06445	0.38462	0.27288	0.03694	0.00577	0.00168	0.00269	0.00972	0.01954	0.00425
8	0.00770	0.00572	0.00748	0.00805	0.00930	0.00590	0.00686	0.02538	0.11108	0.01455	0.09296	0.04341	0.02504	0.01101	0.00579	0.00190	0.00383	0.60535	0.00420	0.00451
9	0.03471	0.00618	0.00728	0.00647	0.00822	0.00613	0.00501	0.08531	0.09911	0.09678	0.43889	0.04253	0.12933	0.00822	0.00492	0.00141	0.00273	0.00703	0.00467	0.00507
10	0.00727	0.00484	0.00601	0.00608	0.00699	0.00466	0.00434	0.02917	0.04601	0.06324	0.20782	0.34207	0.07484	0.12122	0.00754	0.00195	0.00287	0.03355	0.02540	0.00414
11	0.01359	0.00674	0.00837	0.00699	0.00932	0.00644	0.00552	0.05965	0.09817	0.37439	0.16037	0.04128	0.02794	0.04710	0.00533	0.00149	0.00325	0.00545	0.11257	0.00605
12	0.04311	0.02261	0.01196	0.00914	0.01251	0.01127	0.00753	0.48847	0.06577	0.21838	0.03472	0.01246	0.00952	0.00538	0.00435	0.00133	0.00435	0.00416	0.00456	0.02846
13	0.06629	0.00856	0.01052	0.00823	0.01155	0.00829	0.00676	0.15225	0.08466	0.57127	0.01570	0.01398	0.01024	0.00541	0.00435	0.00137	0.00390	0.00430	0.00505	0.00732
14	0.00645	0.00434	0.00572	0.00622	0.00671	0.00429	0.00429	0.02797	0.00841	0.03244	0.02035	0.53884	0.03403	0.09770	0.11896	0.04623	0.00413	0.00982	0.01943	0.00368
15	0.03445	0.00776	0.00947	0.00774	0.01046	0.01714	0.00628	0.12989	0.06626	0.41475	0.16820	0.01967	0.03022	0.00651	0.00462	0.00140	0.00359	0.04021	0.01488	0.00650
16	0.00642	0.00428	0.00482	0.00482	0.00482	0.00428	0.00268	0.00642	0.00642	0.00856	0.01392	0.02890	0.01606	0.84478	0.02248	0.00428	0.00428	0.00642	0.00268	0.00268
17	0.01168	0.72611	0.10770	0.00825	0.01226	0.04961	0.00853	0.01349	0.00916	0.01079	0.00636	0.00736	0.00566	0.00385	0.00303	0.00100	0.00505	0.00248	0.00190	0.00574
18	0.03673	0.00925	0.01044	0.00908	0.01101	0.05151	0.03105	0.11994	0.30679	0.03737	0.04274	0.01599	0.01180	0.04257	0.05597	0.06466	0.10462	0.02918	0.00358	0.00570
19	0.00720	0.00555	0.00778	0.03125	0.16549	0.00558	0.00544	0.00799	0.00767	0.01044	0.02745	0.14426	0.02927	0.46324	0.04743	0.01613	0.00449	0.00674	0.00281	0.00380
20	0.01679	0.01168	0.04044	0.00969	0.01324	0.01210	0.00820	0.62146	0.01868	0.16083	0.01177	0.01147	0.00813	0.00529	0.00438	0.00133	0.00465	0.00403	0.02846	0.00738
21	0.01093	0.01049	0.01793	0.02711	0.81723	0.01049	0.01355	0.01355	0.01006	0.01443	0.00831	0.01093	0.00700	0.00394	0.00437	0.00131	0.00525	0.00394	0.00219	0.00700
22	0.00986	0.05214	0.30731	0.06880	0.11940	0.01095	0.33991	0.01380	0.00982	0.01378	0.00831	0.01065	0.00625	0.00396	0.00459	0.00141	0.00663	0.00415	0.00206	0.00621
23	0.00767	0.00384	0.00575	0.00575	0.00575	0.00384	0.00384	0.00575	0.00575	0.00767	0.00767	0.01343	0.00767	0.01534	0.01726	0.87150	0.00384	0.00384	0.00192	0.00192
24	0.00869	0.04755	0.01326	0.59095	0.08703	0.02946	0.02728	0.01129	0.00904	0.01174	0.00948	0.08260	0.00819	0.00517	0.00439	0.00144	0.00543	0.00460	0.03743	0.00499
25	0.00795	0.00703	0.01068	0.43272	0.06515	0.00805	0.00918	0.01125	0.09561	0.01235	0.01371	0.25060	0.01350	0.00723	0.00473	0.00153	0.00455	0.00648	0.00289	0.03483
26	0.01126	0.02706	0.04465	0.06893	0.35126	0.04156	0.03624	0.03406	0.28636	0.03542	0.01180	0.01278	0.00914	0.00477	0.00440	0.00138	0.00485	0.00426	0.00308	0.00674
27	0.00914	0.00878	0.04085	0.02245	0.04419	0.03492	0.05295	0.01168	0.03932	0.01448	0.08847	0.01342	0.03577	0.02000	0.00416	0.00099	0.00381	0.00377	0.00286	0.54798
28	0.00957	0.00946	0.03504	0.23767	0.27249	0.03523	0.03764	0.01209	0.00953	0.01327	0.00960	0.01227	0.03724	0.00461	0.01376	0.00127	0.00506	0.01194	0.00233	0.22993
29	0.01020	0.00987	0.03753	0.10938	0.50506	0.00934	0.03640	0.01277	0.00980	0.02619	0.00970	0.01196	0.03732	0.00417	0.00424	0.00123	0.00495	0.00394	0.00235	0.15359

[dist]
# distance from previous block
# <min> <max>
1	3

[block]
# block no. 7 follows, 59 sequences, length 30
# corresponding to MSA columns:
# 448-477
name=unknown_H
#
# <colnr> <probs for GDERKNQSTAVLIFYWHMCP>
#	G	D	E	R	K	N	Q	S	T	A	V	L	I	F	Y	W	H	M	C	P
0	0.13359	0.03879	0.01241	0.05013	0.04233	0.07128	0.00814	0.39494	0.06274	0.02102	0.00926	0.01010	0.00701	0.00510	0.00492	0.00135	0.07621	0.00361	0.00346	0.04359
1	0.00723	0.00520	0.00651	0.00702	0.04243	0.01544	0.00468	0.00881	0.04434	0.04633	0.12578	0.34125	0.04709	0.17106	0.02653	0.00221	0.00338	0.03399	0.01693	0.04381
2	0.04380	0.00550	0.00683	0.00657	0.02407	0.00518	0.00485	0.03492	0.01063	0.11774	0.23552	0.15905	0.09950	0.05979	0.03224	0.00179	0.00322	0.05169	0.04596	0.05116
3	0.00965	0.00977	0.06157	0.35723	0.27139	0.01009	0.04981	0.02566	0.03048	0.02419	0.02381	0.01260	0.00764	0.00489	0.00525	0.01458	0.05339	0.01996	0.00229	0.00576
4	0.00909	0.00825	0.01325	0.76093	0.02893	0.01016	0.01192	0.08161	0.00989	0.01276	0.00809	0.01167	0.00603	0.00449	0.00442	0.00146	0.00580	0.00393	0.00218	0.00514
5	0.00849	0.00586	0.00689	0.00652	0.00803	0.00580	0.00497	0.07039	0.11107	0.08045	0.18782	0.17990	0.18091	0.03896	0.00569	0.00163	0.00293	0.06040	0.02851	0.00479
6	0.03724	0.00661	0.00769	0.00691	0.00872	0.00667	0.00526	0.08679	0.13955	0.16614	0.11253	0.14118	0.10340	0.10979	0.00695	0.00183	0.00333	0.02805	0.01610	0.00526
7	0.02224	0.00575	0.00725	0.00791	0.08986	0.00557	0.00530	0.01041	0.07779	0.06451	0.20546	0.06606	0.27061	0.01055	0.07183	0.00188	0.00351	0.00712	0.06166	0.00473
8	0.00563	0.00404	0.00518	0.00584	0.00621	0.00383	0.00390	0.00643	0.00845	0.01127	0.07566	0.57116	0.07814	0.14489	0.04573	0.00238	0.00320	0.01072	0.00385	0.00351
9	0.26507	0.00841	0.00853	0.00746	0.00988	0.00928	0.00594	0.15008	0.20931	0.06649	0.10467	0.06975	0.02545	0.00634	0.00414	0.00143	0.00347	0.02208	0.01644	0.00577
10	0.06097	0.00606	0.00703	0.00666	0.00828	0.00603	0.00502	0.04339	0.13405	0.09752	0.14024	0.28551	0.11829	0.00939	0.00492	0.00153	0.00291	0.02164	0.00429	0.03627
11	0.01303	0.00588	0.00707	0.00598	0.00806	0.00551	0.00473	0.05060	0.01105	0.33774	0.01669	0.01716	0.04591	0.03242	0.01812	0.00140	0.00311	0.00455	0.40543	0.00557
12	0.13417	0.00626	0.00741	0.00649	0.00857	0.00597	0.00509	0.03719	0.01104	0.29285	0.16636	0.13103	0.09296	0.02688	0.00497	0.00151	0.00310	0.02092	0.03191	0.00535
13	0.02020	0.00513	0.00617	0.00614	0.00734	0.00492	0.00465	0.05938	0.01039	0.07540	0.10455	0.24199	0.16422	0.05300	0.00622	0.02080	0.00296	0.10870	0.09358	0.00427
14	0.00575	0.00421	0.00512	0.00557	0.00639	0.00377	0.00392	0.00682	0.00958	0.02983	0.13106	0.46300	0.28452	0.01219	0.00542	0.00164	0.00242	0.01075	0.00423	0.00379
15	0.00632	0.00467	0.00680	0.00680	0.00748	0.00536	0.00515	0.00769	0.00701	0.01003	0.01210	0.01887	0.01170	0.13983	0.72147	0.00673	0.01084	0.00495	0.00241	0.00378
16	0.03514	0.00508	0.00621	0.00630	0.00720	0.00502	0.00450	0.05067	0.03182	0.07190	0.06927	0.37394	0.03463	0.14061	0.00839	0.04174	0.00318	0.05693	0.04338	0.00409
17	0.08339	0.00968	0.01067	0.00860	0.01155	0.01035	0.00695	0.38407	0.11023	0.19456	0.01363	0.06244	0.01039	0.02681	0.00478	0.00145	0.00410	0.00465	0.03496	0.00676
18	0.00558	0.00398	0.00522	0.00607	0.00641	0.00374	0.00412	0.00643	0.00864	0.01153	0.06830	0.68310	0.04442	0.07606	0.00690	0.00196	0.00273	0.04718	0.00403	0.00358
19	0.00688	0.00398	0.00546	0.00564	0.00592	0.00383	0.00383	0.00601	0.00694	0.00903	0.01636	0.14904	0.13018	0.05228	0.01366	0.54830	0.00343	0.02404	0.00266	0.00253
20	0.50243	0.00806	0.00715	0.00626	0.00872	0.00905	0.00506	0.10357	0.06445	0.04513	0.03119	0.01092	0.00813	0.00474	0.00323	0.00131	0.00330	0.00330	0.16883	0.00519
21	0.06721	0.01053	0.01088	0.00863	0.01157	0.02878	0.00704	0.55955	0.01725	0.03873	0.01116	0.01163	0.00816	0.00518	0.00403	0.00126	0.00424	0.00389	0.18368	0.00659
22	0.00709	0.00566	0.00697	0.00682	0.00764	0.04404	0.00508	0.02671	0.02183	0.01056	0.01353	0.02019	0.04656	0.19579	0.55475	0.00577	0.00938	0.00517	0.00259	0.00387
23	0.00631	0.00422	0.00523	0.00565	0.00615	0.00395	0.00374	0.00702	0.00845	0.04591	0.06185	0.46063	0.10902	0.23901	0.01010	0.00240	0.00302	0.00997	0.00381	0.00355
24	0.00631	0.00471	0.00700	0.00699	0.00776	0.00545	0.00540	0.00785	0.00720	0.01037	0.03089	0.01810	0.01193	0.05900	0.78162	0.00687	0.01135	0.00486	0.00244	0.00391
25	0.00642	0.00428	0.00482	0.00482	0.00482	0.00428	0.00268	0.00642	0.00642	0.00856	0.01392	0.02890	0.01606	0.84478	0.02248	0.00428	0.00428	0.00642	0.00268	0.00268
26	0.01563	0.01963	0.01246	0.01128	0.01332	0.73455	0.00855	0.01677	0.01187	0.01078	0.00687	0.00836	0.00584	0.00558	0.02648	0.00136	0.08036	0.00298	0.00225	0.00506
27	0.46689	0.00805	0.00829	0.00679	0.00985	0.00828	0.00560	0.01706	0.00997	0.40230	0.01154	0.01093	0.00772	0.00475	0.00355	0.00137	0.00358	0.00337	0.00404	0.00609
28	0.01085	0.00913	0.01102	0.04485	0.14459	0.02629	0.00790	0.09309	0.38582	0.03734	0.15043	0.01783	0.02928	0.00608	0.00458	0.00142	0.00385	0.00520	0.00404	0.00640
29	0.00549	0.00436	0.00482	0.00494	0.00604	0.00381	0.00355	0.00660	0.00985	0.01238	0.14931	0.17683	0.50676	0.07718	0.00665	0.00175	0.00243	0.00945	0.00410	0.00368

[dist]
# distance from previous block
# <min> <max>
0	1

[block]
# block no. 8 follows, 59 sequences, length 62
# corresponding to MSA columns:
# 479-540
name=unknown_I
#
# <colnr> <probs for GDERKNQSTAVLIFYWHMCP>
#	G	D	E	R	K	N	Q	S	T	A	V	L	I	F	Y	W	H	M	C	P
0	0.01172	0.82321	0.04662	0.00771	0.01156	0.01726	0.00781	0.01325	0.00898	0.01050	0.00619	0.00715	0.00567	0.00379	0.00287	0.00096	0.00478	0.00239	0.00189	0.00569
1	0.03407	0.06744	0.16832	0.01015	0.02408	0.01188	0.00950	0.44257	0.01591	0.11739	0.01143	0.01227	0.02148	0.00527	0.00430	0.00134	0.00494	0.02687	0.00381	0.00697
2	0.01079	0.27706	0.46669	0.01087	0.01598	0.12221	0.01257	0.01424	0.00965	0.01245	0.00723	0.00845	0.00563	0.00411	0.00375	0.00122	0.00616	0.00293	0.00193	0.00607
3	0.83474	0.04858	0.00729	0.00589	0.00867	0.01027	0.00492	0.01299	0.00759	0.01937	0.00615	0.00717	0.00483	0.00408	0.00274	0.00135	0.00348	0.00239	0.00269	0.00483
4	0.07879	0.27136	0.43591	0.01041	0.01539	0.09293	0.01199	0.01404	0.00939	0.01304	0.00714	0.00834	0.00556	0.00410	0.00365	0.00123	0.00588	0.00288	0.00198	0.00599
5	0.00895	0.02222	0.77973	0.01268	0.01906	0.01030	0.03931	0.01421	0.02772	0.01409	0.00819	0.00957	0.00581	0.00422	0.00423	0.00140	0.00648	0.00336	0.00194	0.00652
6	0.00567	0.00447	0.00512	0.00499	0.00625	0.00392	0.00373	0.00720	0.01108	0.01443	0.37918	0.06201	0.45558	0.01033	0.00523	0.00146	0.00218	0.00884	0.00443	0.00392
7	0.00968	0.00865	0.01190	0.03166	0.25455	0.00737	0.00791	0.01186	0.00942	0.01433	0.00799	0.00975	0.00666	0.00350	0.00363	0.00087	0.00393	0.00304	0.00247	0.59082
8	0.00560	0.00433	0.00507	0.00529	0.00629	0.00385	0.00383	0.00685	0.01013	0.01309	0.22271	0.24717	0.37987	0.03524	0.00585	0.00164	0.00240	0.03277	0.00424	0.00378
9	0.01146	0.01010	0.01316	0.07450	0.01379	0.03051	0.04398	0.24195	0.02518	0.01595	0.00843	0.01117	0.00708	0.00941	0.10368	0.00227	0.36494	0.00406	0.00278	0.00561
10	0.00900	0.05207	0.77967	0.01266	0.03246	0.01052	0.01596	0.01395	0.00932	0.01387	0.00787	0.00927	0.00562	0.00418	0.00415	0.00138	0.00644	0.00324	0.00187	0.00650
11	0.01901	0.00734	0.00999	0.00772	0.01100	0.00635	0.00635	0.02074	0.01263	0.77266	0.06475	0.01610	0.01276	0.00568	0.00449	0.00137	0.00366	0.00465	0.00543	0.00732
12	0.00558	0.00428	0.00498	0.00521	0.00612	0.00382	0.00367	0.00669	0.00976	0.01259	0.18947	0.27220	0.36068	0.08623	0.00689	0.00181	0.00248	0.00974	0.00412	0.00368
13	0.03454	0.01033	0.04159	0.09932	0.10150	0.02650	0.15744	0.01203	0.02092	0.01224	0.00746	0.01082	0.00645	0.00723	0.05108	0.00195	0.38706	0.00411	0.00211	0.00533
14	0.01108	0.01202	0.01332	0.01155	0.01202	0.18217	0.00943	0.01208	0.00796	0.01067	0.00601	0.00931	0.00578	0.00707	0.01232	0.00177	0.66491	0.00365	0.00200	0.00489
15	0.00638	0.00426	0.00483	0.00487	0.00488	0.00425	0.00274	0.00641	0.00651	0.00868	0.01435	0.06266	0.01660	0.81028	0.02178	0.00418	0.00421	0.00668	0.00274	0.00271
16	0.00599	0.00412	0.00499	0.00539	0.00558	0.00399	0.00335	0.00632	0.00740	0.00980	0.01941	0.34445	0.06449	0.43543	0.02945	0.03099	0.00363	0.00885	0.00328	0.00309
17	0.01196	0.00963	0.01104	0.04215	0.08967	0.02538	0.00784	0.04406	0.59183	0.09156	0.01620	0.01531	0.01202	0.00564	0.00446	0.00146	0.00390	0.00473	0.00422	0.00694
18	0.01679	0.01237	0.01325	0.01016	0.01370	0.01370	0.00839	0.80251	0.02077	0.02783	0.01060	0.01060	0.00751	0.00530	0.00442	0.00133	0.00486	0.00398	0.00442	0.00751
19	0.01036	0.00785	0.00929	0.00674	0.01058	0.00606	0.00541	0.01251	0.02612	0.10221	0.00910	0.00995	0.00716	0.00357	0.00342	0.00075	0.00333	0.00286	0.00297	0.75976
20	0.00696	0.00403	0.00545	0.00551	0.00592	0.00383	0.00381	0.00601	0.00705	0.00902	0.01798	0.05111	0.21135	0.01416	0.01353	0.59904	0.00340	0.02675	0.00260	0.00249
21	0.00767	0.00384	0.00575	0.00575	0.00575	0.00384	0.00384	0.00575	0.00575	0.00767	0.00767	0.01343	0.00767	0.01534	0.01726	0.87150	0.00384	0.00384	0.00192	0.00192
22	0.00865	0.00746	0.00818	0.05675	0.01045	0.04659	0.00609	0.01487	0.36482	0.01497	0.08353	0.32076	0.02072	0.00896	0.00494	0.00158	0.00339	0.00785	0.00412	0.00530
23	0.01171	0.81913	0.05057	0.00773	0.01160	0.01723	0.00786	0.01325	0.00899	0.01051	0.00620	0.00716	0.00567	0.00379	0.00288	0.00096	0.00479	0.00239	0.00189	0.00570
24	0.00553	0.00401	0.00517	0.00588	0.00634	0.00371	0.00400	0.00649	0.00909	0.01215	0.13937	0.63047	0.09373	0.04433	0.00618	0.00181	0.00253	0.01141	0.00416	0.00365
