[name]
unknown

[dist]
# distance from previous block
# <min> <max>
0	37

[block]
# block no. 0 follows, 45 sequences, length 35
# corresponding to MSA columns:
# 37-59,61-72
name=unknown_A
#
# <colnr> <probs for GDERKNQSTAVLIFYWHMCP>
#	G	D	E	R	K	N	Q	S	T	A	V	L	I	F	Y	W	H	M	C	P
0	0.03113	0.04246	0.01542	0.06781	0.04913	0.05392	0.08186	0.24704	0.04179	0.04236	0.01976	0.06584	0.12585	0.00817	0.00634	0.00176	0.05136	0.03668	0.00426	0.00705
1	0.01382	0.14622	0.02069	0.14510	0.35126	0.09341	0.03889	0.03658	0.07248	0.01647	0.01042	0.01287	0.00849	0.00515	0.00501	0.00156	0.00664	0.00449	0.00286	0.00758
2	0.01423	0.03046	0.01297	0.01086	0.02788	0.05764	0.03456	0.20140	0.17329	0.06791	0.17992	0.06422	0.02170	0.02051	0.00598	0.00174	0.00484	0.02699	0.00506	0.03783
3	0.02716	0.19214	0.45188	0.04176	0.07647	0.01371	0.01551	0.01602	0.01136	0.01616	0.02900	0.01301	0.03424	0.00537	0.00477	0.00155	0.00681	0.00416	0.00254	0.03639
4	0.00996	0.00747	0.00819	0.00752	0.00949	0.02830	0.00573	0.09315	0.05032	0.06062	0.26360	0.11526	0.29687	0.01143	0.00615	0.00177	0.00342	0.00973	0.00536	0.00566
5	0.06387	0.04256	0.06408	0.01473	0.13455	0.07626	0.01070	0.13035	0.31980	0.06443	0.01545	0.01539	0.01160	0.00622	0.00515	0.00167	0.00556	0.00501	0.00442	0.00819
6	0.00649	0.00486	0.00603	0.00697	0.00765	0.00440	0.00476	0.00753	0.01076	0.01390	0.03575	0.61991	0.21946	0.01602	0.00673	0.00209	0.00302	0.01428	0.00498	0.00440
7	0.01304	0.04781	0.16041	0.19241	0.22043	0.12548	0.07283	0.03711	0.01264	0.01637	0.04400	0.01373	0.00948	0.00538	0.00527	0.00163	0.00731	0.00471	0.00275	0.00721
8	0.01695	0.01745	0.01468	0.01264	0.01494	0.32988	0.00995	0.20487	0.01551	0.01852	0.01012	0.01273	0.00849	0.03605	0.03573	0.00203	0.18545	0.00439	0.04294	0.00667
9	0.00780	0.00523	0.00597	0.00597	0.00601	0.00527	0.00339	0.00788	0.00784	0.01049	0.01681	0.03455	0.01926	0.77966	0.05867	0.00534	0.00558	0.00772	0.00324	0.00332
10	0.00773	0.00550	0.00736	0.00736	0.00788	0.00602	0.00513	0.00877	0.00825	0.01152	0.01554	0.02750	0.01621	0.39263	0.44152	0.00706	0.01019	0.00669	0.00305	0.00409
11	0.00661	0.00545	0.00580	0.00571	0.00741	0.00464	0.00428	0.00821	0.01285	0.01597	0.20493	0.04924	0.62423	0.01305	0.00634	0.00179	0.00268	0.01099	0.00518	0.00464
12	0.00779	0.00527	0.00618	0.00618	0.00629	0.00538	0.00365	0.00801	0.00790	0.01065	0.01662	0.03350	0.01881	0.72174	0.11596	0.00560	0.00627	0.00757	0.00321	0.00343
13	0.01937	0.02445	0.01531	0.01385	0.01639	0.72649	0.01048	0.02074	0.01464	0.01312	0.00819	0.00985	0.00693	0.00585	0.00589	0.00146	0.07451	0.00356	0.00273	0.00619
14	0.17371	0.01291	0.01346	0.01055	0.01453	0.01396	0.00866	0.47299	0.03672	0.05518	0.04838	0.01358	0.01068	0.00618	0.00490	0.00155	0.00515	0.00460	0.00485	0.08745
15	0.01592	0.01400	0.01448	0.01353	0.07545	0.13374	0.03601	0.15177	0.34444	0.07060	0.01725	0.05068	0.01356	0.00704	0.00545	0.00171	0.00570	0.01590	0.00476	0.00802
16	0.00747	0.00533	0.00718	0.00745	0.00795	0.00570	0.00518	0.00853	0.00871	0.01205	0.01853	0.19678	0.02025	0.29229	0.36549	0.00608	0.00887	0.00850	0.00346	0.00419
17	0.51443	0.01012	0.00948	0.00797	0.01140	0.01099	0.00654	0.09139	0.01229	0.19328	0.01189	0.01219	0.00846	0.00560	0.00402	0.00162	0.00428	0.00382	0.07341	0.00681
18	0.03090	0.01227	0.05811	0.01795	0.21245	0.02620	0.16355	0.01573	0.05718	0.01766	0.04357	0.07297	0.01230	0.00584	0.00526	0.00149	0.00585	0.00561	0.00328	0.23182
19	0.01353	0.03369	0.01985	0.12625	0.53372	0.06056	0.01485	0.04868	0.04884	0.01766	0.02487	0.01388	0.00938	0.00520	0.00527	0.00161	0.00647	0.00481	0.00293	0.00796
20	0.01092	0.06142	0.75122	0.01504	0.02283	0.01284	0.01938	0.01696	0.01131	0.01681	0.00954	0.01122	0.00680	0.00508	0.00503	0.00168	0.00784	0.00392	0.00227	0.00789
21	0.81744	0.01104	0.03733	0.00737	0.01087	0.01206	0.00635	0.01583	0.00922	0.02381	0.00756	0.00882	0.00585	0.00499	0.00339	0.00166	0.00430	0.00295	0.00328	0.00589
22	0.01114	0.07467	0.64941	0.01517	0.02223	0.01334	0.05198	0.01667	0.01115	0.01645	0.00937	0.01134	0.00688	0.00534	0.00593	0.00172	0.06317	0.00406	0.00229	0.00769
23	0.01112	0.02727	0.76317	0.01515	0.02298	0.01235	0.01952	0.01724	0.01144	0.03720	0.00994	0.01152	0.00697	0.00514	0.00511	0.00170	0.00784	0.00400	0.00238	0.00796
24	0.01096	0.04868	0.23912	0.04434	0.11362	0.01084	0.02404	0.01402	0.01083	0.05879	0.01508	0.20659	0.01492	0.02938	0.02792	0.00213	0.11169	0.00716	0.00329	0.00661
25	0.01371	0.01643	0.11744	0.02597	0.46687	0.12668	0.08726	0.01712	0.01260	0.01673	0.01060	0.01457	0.00894	0.00532	0.00540	0.00163	0.00726	0.03492	0.00272	0.00783
26	0.01293	0.01240	0.02115	0.11842	0.69514	0.01266	0.01630	0.01617	0.01206	0.01711	0.01003	0.01340	0.00835	0.00485	0.00532	0.00162	0.00646	0.00478	0.00263	0.00822
27	0.00654	0.00545	0.00571	0.00564	0.00737	0.00461	0.00423	0.00808	0.01269	0.01558	0.16519	0.04988	0.66420	0.01319	0.00634	0.00179	0.00269	0.01108	0.00513	0.00461
28	0.00660	0.00476	0.00621	0.00730	0.00771	0.00442	0.00489	0.00759	0.01049	0.01393	0.05689	0.71964	0.07514	0.03774	0.00735	0.00222	0.00313	0.01465	0.00497	0.00436
29	0.00771	0.00557	0.00773	0.00773	0.00838	0.00622	0.00559	0.00901	0.00836	0.01180	0.01520	0.02564	0.01539	0.29012	0.54292	0.00752	0.01141	0.00642	0.00300	0.00429
30	0.00770	0.00563	0.00799	0.00799	0.00873	0.00637	0.00592	0.00918	0.00844	0.01199	0.01496	0.02429	0.01481	0.21616	0.61608	0.00785	0.01229	0.00622	0.00296	0.00444
31	0.00926	0.00815	0.01077	0.01013	0.01090	0.04604	0.00801	0.01091	0.00881	0.01253	0.01237	0.01873	0.01175	0.05767	0.53579	0.00662	0.20828	0.00545	0.00275	0.00507
32	0.01113	0.00954	0.01113	0.00795	0.01272	0.00716	0.00636	0.01352	0.01113	0.01749	0.00954	0.01113	0.00795	0.00398	0.00398	0.00080	0.00398	0.00318	0.00318	0.84417
33	0.01375	0.03590	0.18361	0.05130	0.07766	0.18113	0.04169	0.07183	0.02404	0.02794	0.02316	0.01510	0.06737	0.00582	0.00502	0.00146	0.00671	0.00464	0.00319	0.15868
34	0.05359	0.16613	0.11297	0.09164	0.16577	0.04642	0.09555	0.09514	0.06098	0.01838	0.01067	0.01265	0.00837	0.00524	0.00490	0.00156	0.00653	0.00444	0.03160	0.00747

[dist]
# distance from previous block
# <min> <max>
0	1

[block]
# block no. 1 follows, 45 sequences, length 20
# corresponding to MSA columns:
# 74-93
name=unknown_B
#
# <colnr> <probs for GDERKNQSTAVLIFYWHMCP>
#	G	D	E	R	K	N	Q	S	T	A	V	L	I	F	Y	W	H	M	C	P
0	0.01468	0.30432	0.15715	0.01204	0.03751	0.14090	0.01129	0.10701	0.03758	0.01681	0.01168	0.01271	0.04744	0.00574	0.00491	0.00143	0.03012	0.00406	0.00303	0.03960
1	0.01009	0.00727	0.00891	0.00932	0.05478	0.00703	0.00646	0.07197	0.07239	0.07284	0.05303	0.30580	0.21085	0.02757	0.00660	0.00195	0.00373	0.03122	0.00497	0.03323
2	0.01502	0.56537	0.11803	0.01083	0.01548	0.16917	0.01072	0.01723	0.01179	0.01326	0.00789	0.00915	0.00688	0.00484	0.00392	0.00126	0.00677	0.00312	0.00238	0.00689
3	0.01398	0.01032	0.05173	0.01020	0.01328	0.00982	0.03961	0.07161	0.25182	0.17194	0.20782	0.02563	0.02364	0.03767	0.00656	0.00188	0.00445	0.03521	0.00542	0.00740
4	0.01252	0.01334	0.02681	0.12610	0.24504	0.01312	0.44851	0.01654	0.01229	0.01684	0.01047	0.01411	0.00812	0.00471	0.00592	0.00175	0.00804	0.00569	0.00266	0.00744
5	0.00776	0.00658	0.00848	0.01043	0.12573	0.00600	0.00666	0.00954	0.01218	0.01536	0.07033	0.11603	0.47022	0.01259	0.00636	0.00189	0.00358	0.10043	0.00466	0.00519
6	0.01238	0.01209	0.04854	0.10265	0.51954	0.01175	0.01465	0.05270	0.01271	0.01764	0.01460	0.01997	0.05844	0.00640	0.00557	0.00171	0.00613	0.07174	0.00310	0.00769
7	0.01689	0.22062	0.07245	0.01406	0.01809	0.39863	0.12516	0.04633	0.01386	0.01465	0.00874	0.01038	0.00717	0.00515	0.00476	0.00142	0.00834	0.00384	0.00270	0.00677
8	0.00794	0.00562	0.00694	0.00653	0.00805	0.00504	0.00492	0.01015	0.01444	0.05023	0.55962	0.04219	0.23543	0.01147	0.00630	0.00172	0.00266	0.00995	0.00570	0.00509
9	0.84927	0.01038	0.00789	0.00706	0.01038	0.01204	0.00581	0.01578	0.00914	0.02408	0.00747	0.00872	0.00581	0.00498	0.00332	0.00166	0.00415	0.00291	0.00332	0.00581
10	0.00664	0.00471	0.00620	0.00735	0.00764	0.00442	0.00485	0.00750	0.01009	0.01345	0.02862	0.74885	0.03428	0.07748	0.00841	0.00241	0.00327	0.01469	0.00485	0.00428
11	0.03480	0.01082	0.01171	0.00952	0.01256	0.01166	0.00768	0.40777	0.04192	0.05028	0.13460	0.01911	0.01702	0.00711	0.00510	0.00155	0.00446	0.00565	0.19925	0.00744
12	0.01095	0.02651	0.71270	0.01599	0.02369	0.01257	0.08941	0.01702	0.01146	0.01702	0.00975	0.01163	0.00693	0.00505	0.00522	0.00171	0.00804	0.00419	0.00231	0.00787
13	0.12392	0.00929	0.01190	0.00925	0.01330	0.00839	0.00764	0.02490	0.01461	0.68994	0.01952	0.01712	0.01238	0.00644	0.00515	0.00166	0.00452	0.00510	0.00624	0.00873
14	0.00671	0.00537	0.00584	0.00586	0.00729	0.00467	0.00424	0.00811	0.01218	0.01526	0.17266	0.10630	0.52303	0.08855	0.00836	0.00214	0.00295	0.01102	0.00498	0.00449
15	0.00722	0.00598	0.00640	0.00628	0.00804	0.00544	0.00470	0.01005	0.08384	0.01637	0.16892	0.08602	0.54612	0.01273	0.00629	0.00181	0.00285	0.01077	0.00518	0.00498
16	0.01371	0.01270	0.02248	0.05534	0.49045	0.01264	0.17533	0.01795	0.06377	0.06485	0.01172	0.01435	0.00921	0.00503	0.00555	0.00167	0.00673	0.00524	0.00310	0.00818
17	0.00781	0.00520	0.00585	0.00585	0.00585	0.00520	0.00325	0.00781	0.00781	0.01041	0.01691	0.03513	0.01952	0.81135	0.02732	0.00520	0.00520	0.00781	0.00325	0.00325
18	0.01384	0.01033	0.01153	0.01045	0.01334	0.01141	0.00834	0.05195	0.51017	0.10779	0.02370	0.02699	0.04738	0.00858	0.00578	0.00189	0.00439	0.11873	0.00549	0.00790
19	0.09862	0.14167	0.24920	0.01414	0.01952	0.07185	0.15436	0.10611	0.03917	0.04164	0.01036	0.01181	0.00777	0.00521	0.00493	0.00160	0.00709	0.00432	0.00311	0.00750

[dist]
# distance from previous block
# <min> <max>
4	18

[block]
# block no. 2 follows, 45 sequences, length 33
# corresponding to MSA columns:
# 116-143,151-155
name=unknown_C
#
# <colnr> <probs for GDERKNQSTAVLIFYWHMCP>
#	G	D	E	R	K	N	Q	S	T	A	V	L	I	F	Y	W	H	M	C	P
0	0.09747	0.10999	0.12351	0.01661	0.09511	0.02802	0.21324	0.13029	0.07957	0.02016	0.01101	0.01277	0.00844	0.00534	0.00545	0.00166	0.02568	0.00477	0.00329	0.00762
1	0.08346	0.07911	0.05086	0.00982	0.03304	0.01078	0.00809	0.10529	0.09348	0.03325	0.01253	0.06782	0.01070	0.00578	0.00452	0.00128	0.00461	0.00460	0.00375	0.37719
2	0.01002	0.00529	0.00574	0.00554	0.00694	0.00512	0.00419	0.01246	0.01220	0.05315	0.15808	0.02495	0.05246	0.00744	0.00441	0.00137	0.00261	0.00615	0.61670	0.00517
3	0.01371	0.25542	0.23223	0.01740	0.16395	0.05703	0.09983	0.07001	0.01273	0.01683	0.00938	0.01128	0.00748	0.00494	0.00480	0.00151	0.00706	0.00410	0.00265	0.00765
4	0.01654	0.01067	0.01211	0.01015	0.01319	0.05063	0.00813	0.20140	0.11119	0.22686	0.06157	0.01954	0.03584	0.01450	0.17899	0.00320	0.00712	0.00574	0.00506	0.00758
5	0.00754	0.00496	0.00602	0.00672	0.00742	0.00470	0.00468	0.00892	0.01077	0.01535	0.05923	0.44183	0.09199	0.07528	0.00771	0.00217	0.00317	0.04723	0.18982	0.00449
6	0.01210	0.01248	0.01858	0.07344	0.04261	0.04341	0.11184	0.01397	0.00938	0.01371	0.00788	0.01227	0.00724	0.00816	0.01435	0.00218	0.58294	0.00488	0.00243	0.00616
7	0.01359	0.01204	0.01225	0.01103	0.01405	0.04126	0.00856	0.02827	0.74110	0.02212	0.02136	0.01966	0.01605	0.00722	0.00544	0.00180	0.00444	0.00597	0.00537	0.00841
8	0.03819	0.01449	0.09064	0.01804	0.07919	0.06846	0.30329	0.01537	0.01137	0.01582	0.01174	0.08982	0.01077	0.00716	0.00851	0.00192	0.18324	0.02245	0.00288	0.00666
9	0.01348	0.01271	0.02085	0.03060	0.69525	0.01291	0.01566	0.03703	0.07450	0.01837	0.01113	0.01383	0.00917	0.00503	0.00533	0.00161	0.00619	0.00489	0.00296	0.00852
10	0.01355	0.01186	0.01479	0.04753	0.11546	0.01325	0.04984	0.07974	0.51863	0.02182	0.01875	0.01934	0.01444	0.00690	0.00554	0.00179	0.00505	0.02867	0.00480	0.00826
11	0.01098	0.00991	0.01557	0.47681	0.11925	0.01154	0.03719	0.01617	0.12465	0.01633	0.03837	0.01636	0.01072	0.00581	0.00532	0.00173	0.00618	0.00520	0.06532	0.00659
12	0.01218	0.01340	0.02839	0.02193	0.08580	0.01277	0.61790	0.01631	0.01220	0.01671	0.01118	0.01510	0.00874	0.00841	0.09109	0.00253	0.00941	0.00615	0.00273	0.00708
13	0.00681	0.00511	0.00606	0.00661	0.00746	0.00466	0.00458	0.00789	0.01089	0.01396	0.07305	0.36866	0.28017	0.13636	0.00980	0.00251	0.00335	0.04301	0.00476	0.00431
14	0.00766	0.00545	0.00728	0.00735	0.00785	0.00592	0.00510	0.00869	0.00836	0.01164	0.01636	0.07271	0.01736	0.37569	0.41165	0.00676	0.00972	0.00720	0.00316	0.00410
15	0.00762	0.00547	0.00745	0.00756	0.00812	0.00598	0.00535	0.00878	0.00848	0.01185	0.01656	0.09301	0.01744	0.30894	0.45564	0.00688	0.01020	0.00728	0.00319	0.00422
16	0.01237	0.01548	0.10052	0.05849	0.02803	0.01339	0.65501	0.01701	0.01245	0.01701	0.01068	0.01418	0.00797	0.00462	0.00617	0.00180	0.00886	0.00604	0.00266	0.00724
17	0.01254	0.00950	0.01128	0.00812	0.01283	0.00724	0.00653	0.01489	0.01159	0.10071	0.01081	0.01191	0.00853	0.00427	0.00413	0.00089	0.00404	0.00342	0.00356	0.75322
18	0.01077	0.02777	0.78354	0.01530	0.02323	0.01247	0.01983	0.01700	0.01133	0.01700	0.00963	0.01133	0.00680	0.00510	0.00510	0.00170	0.00793	0.00397	0.00227	0.00793
19	0.03121	0.05338	0.11678	0.05275	0.23311	0.01079	0.01165	0.03648	0.02231	0.01764	0.01019	0.02651	0.00847	0.00482	0.00464	0.00129	0.00546	0.00410	0.00296	0.34546
20	0.20988	0.15477	0.05583	0.01264	0.05801	0.37374	0.00999	0.01847	0.01251	0.01603	0.00810	0.00962	0.00674	0.00529	0.00465	0.00146	0.02967	0.00337	0.00277	0.00645
21	0.00773	0.00540	0.00669	0.00673	0.00711	0.00562	0.00441	0.00840	0.00838	0.01134	0.01834	0.03282	0.05380	0.53605	0.23635	0.00590	0.00761	0.03025	0.00328	0.00379
22	0.00932	0.00466	0.00699	0.00699	0.00699	0.00466	0.00466	0.00699	0.00699	0.00932	0.00932	0.01632	0.00932	0.01865	0.02098	0.84382	0.00466	0.00466	0.00233	0.00233
23	0.00786	0.00572	0.00744	0.00832	0.00950	0.00548	0.00682	0.00983	0.01200	0.01563	0.06425	0.17718	0.17073	0.02911	0.00734	0.00228	0.00407	0.42333	0.02835	0.00475
24	0.00743	0.00548	0.00695	0.00658	0.00792	0.00499	0.00493	0.00981	0.01480	0.02060	0.68010	0.04162	0.14617	0.01132	0.00633	0.00170	0.00256	0.00992	0.00579	0.00499
25	0.00805	0.00591	0.00842	0.00937	0.01044	0.00577	0.02666	0.01008	0.01172	0.01533	0.02894	0.28850	0.04940	0.01515	0.00719	0.00235	0.00443	0.48258	0.00490	0.00481
26	0.01008	0.00838	0.00916	0.00846	0.01070	0.00893	0.00649	0.01842	0.37694	0.02035	0.24592	0.03311	0.20176	0.00980	0.00592	0.00178	0.00340	0.00833	0.00548	0.00659
27	0.00689	0.00510	0.00644	0.00686	0.00778	0.00465	0.00486	0.00849	0.01242	0.01671	0.30715	0.39502	0.16967	0.01412	0.00657	0.00194	0.00283	0.01254	0.00532	0.00465
28	0.26328	0.01639	0.01314	0.11330	0.01723	0.31318	0.02575	0.05804	0.05323	0.04199	0.00981	0.01141	0.00765	0.00648	0.02660	0.00177	0.00719	0.00386	0.00329	0.00642
29	0.00790	0.00547	0.00681	0.00675	0.00807	0.00492	0.00496	0.00976	0.01335	0.05731	0.38982	0.22073	0.21869	0.01274	0.00641	0.00183	0.00282	0.01117	0.00551	0.00498
30	0.01152	0.01024	0.01131	0.00821	0.01289	0.04116	0.00653	0.01386	0.01131	0.01730	0.00949	0.01107	0.00791	0.00404	0.00401	0.00082	0.00422	0.00319	0.00316	0.80775
31	0.01021	0.00825	0.01205	0.02699	0.14168	0.00879	0.04075	0.01425	0.12706	0.03557	0.07813	0.02310	0.01682	0.15606	0.27143	0.00462	0.00829	0.00631	0.00364	0.00599
32	0.03737	0.03347	0.16062	0.00965	0.01300	0.00865	0.04732	0.03076	0.08697	0.04783	0.20502	0.06966	0.17079	0.00910	0.00568	0.00172	0.00445	0.00777	0.04393	0.00625

[dist]
# distance from previous block
# <min> <max>
0	1

[block]
# block no. 3 follows, 45 sequences, length 7
# corresponding to MSA columns:
# 164-169,171
name=unknown_D
#
# <colnr> <probs for GDERKNQSTAVLIFYWHMCP>
#	G	D	E	R	K	N	Q	S	T	A	V	L	I	F	Y	W	H	M	C	P
0	0.01157	0.01056	0.01713	0.09298	0.49875	0.01078	0.01316	0.01442	0.01203	0.01709	0.05883	0.04099	0.08372	0.00658	0.00574	0.00165	0.02702	0.00598	0.06376	0.00727
1	0.08275	0.01450	0.12641	0.01090	0.01480	0.07643	0.00977	0.18653	0.14535	0.08603	0.08435	0.05332	0.03442	0.00717	0.00526	0.00165	0.00538	0.00570	0.00457	0.04469
2	0.01322	0.01214	0.01842	0.12979	0.50354	0.06397	0.01416	0.01604	0.01220	0.05930	0.01258	0.09712	0.01133	0.00628	0.00546	0.00167	0.00626	0.00583	0.00310	0.00761
3	0.01461	0.40484	0.20545	0.01233	0.01765	0.05258	0.06614	0.13678	0.01365	0.01745	0.00914	0.01042	0.00732	0.00505	0.00442	0.00141	0.00671	0.00373	0.00284	0.00749
4	0.30395	0.13437	0.01411	0.01048	0.05638	0.05903	0.00817	0.14614	0.04070	0.09958	0.03704	0.01402	0.04350	0.00602	0.00442	0.00157	0.00508	0.00433	0.00402	0.00708
5	0.05939	0.01268	0.06646	0.00979	0.01274	0.13864	0.00811	0.07309	0.11938	0.07318	0.16575	0.09239	0.08255	0.00849	0.00548	0.00165	0.00499	0.00696	0.00462	0.05366
6	0.18572	0.18519	0.22637	0.02835	0.07252	0.03307	0.04288	0.04099	0.04944	0.01845	0.01003	0.01159	0.00783	0.00517	0.00439	0.00154	0.00603	0.00388	0.05948	0.00708

[dist]
# distance from previous block
# <min> <max>
2	5

[block]
# block no. 4 follows, 45 sequences, length 31
# corresponding to MSA columns:
# 184-214
name=unknown_E
#
# <colnr> <probs for GDERKNQSTAVLIFYWHMCP>
#	G	D	E	R	K	N	Q	S	T	A	V	L	I	F	Y	W	H	M	C	P
0	0.23094	0.05108	0.14618	0.01303	0.08125	0.13089	0.01094	0.09679	0.04143	0.01984	0.00958	0.01116	0.00755	0.00619	0.02112	0.00172	0.05017	0.00383	0.00318	0.06314
1	0.08931	0.45165	0.06448	0.01002	0.01392	0.04407	0.00948	0.04429	0.03038	0.05906	0.00945	0.01099	0.00798	0.00799	0.06396	0.00195	0.06765	0.00361	0.00289	0.00685
2	0.01145	0.17090	0.45448	0.01311	0.02828	0.01333	0.02751	0.03855	0.04177	0.01636	0.01230	0.01536	0.03323	0.03786	0.04006	0.00206	0.00724	0.02615	0.00274	0.00728
3	0.00726	0.00543	0.00676	0.00666	0.00796	0.00493	0.00499	0.00938	0.01395	0.01899	0.51192	0.11505	0.21047	0.01227	0.00643	0.00180	0.00273	0.04255	0.00557	0.00487
4	0.01421	0.01467	0.07302	0.01708	0.05305	0.03872	0.28405	0.20860	0.01509	0.02047	0.01288	0.04210	0.03823	0.00666	0.00774	0.00183	0.13486	0.00586	0.00348	0.00738
5	0.01490	0.42857	0.04424	0.01009	0.01446	0.08362	0.00927	0.13228	0.01363	0.01708	0.00970	0.01212	0.00845	0.00532	0.00418	0.00126	0.00584	0.03522	0.00308	0.14668
6	0.01708	0.06477	0.01528	0.12341	0.01832	0.19154	0.01001	0.19664	0.10933	0.10003	0.01266	0.01336	0.00941	0.00584	0.00500	0.00151	0.00640	0.00443	0.00408	0.09088
7	0.00749	0.00567	0.00694	0.00671	0.00813	0.00523	0.00506	0.01011	0.04027	0.01938	0.52203	0.07571	0.22107	0.01184	0.00636	0.00177	0.00274	0.03289	0.00560	0.00502
8	0.00834	0.00559	0.00749	0.00770	0.00863	0.00606	0.00594	0.01020	0.00968	0.01435	0.01772	0.02938	0.01724	0.13526	0.39093	0.00560	0.00907	0.12855	0.17760	0.00465
9	0.03367	0.03623	0.09611	0.21013	0.08450	0.01118	0.21785	0.01401	0.01100	0.01523	0.01253	0.09754	0.01136	0.03959	0.05980	0.02636	0.00749	0.00628	0.00284	0.00629
10	0.03175	0.09617	0.01538	0.07014	0.03896	0.05917	0.00932	0.14548	0.01600	0.43854	0.01618	0.01526	0.01083	0.00615	0.00512	0.00159	0.00547	0.00482	0.00525	0.00842
11	0.00748	0.00543	0.00653	0.00657	0.00793	0.00483	0.00484	0.00921	0.01299	0.04278	0.30554	0.20785	0.31807	0.01313	0.00644	0.00185	0.00284	0.02546	0.00537	0.00485
12	0.00682	0.00494	0.00649	0.00765	0.00807	0.00471	0.00518	0.00828	0.03657	0.01406	0.02929	0.76449	0.03474	0.01644	0.00682	0.00217	0.00319	0.03057	0.00500	0.00452
13	0.01112	0.01209	0.08875	0.22189	0.33830	0.01118	0.03629	0.01489	0.03601	0.01664	0.07066	0.01937	0.08712	0.00636	0.00552	0.00170	0.00609	0.00580	0.00311	0.00712
14	0.01338	0.01422	0.04958	0.02004	0.04731	0.01338	0.53954	0.11886	0.03655	0.01948	0.01260	0.04257	0.01015	0.00564	0.00616	0.00181	0.00803	0.02999	0.00329	0.00742
15	0.01905	0.00955	0.01158	0.00941	0.01279	0.00939	0.00767	0.17074	0.06927	0.39284	0.01945	0.03415	0.01406	0.00719	0.00524	0.00164	0.00445	0.04340	0.15007	0.00807
16	0.00767	0.00575	0.00863	0.00863	0.00959	0.00671	0.00671	0.00959	0.00863	0.01246	0.01438	0.02109	0.01342	0.04026	0.79008	0.00863	0.01438	0.00575	0.00288	0.00479
17	0.01358	0.07977	0.04266	0.05241	0.18630	0.15746	0.09613	0.03692	0.04159	0.03428	0.04589	0.05529	0.02137	0.00851	0.04558	0.00202	0.02208	0.04798	0.00332	0.00687
18	0.00990	0.00740	0.01023	0.11721	0.03829	0.00775	0.00917	0.03406	0.05535	0.04299	0.02629	0.04610	0.09361	0.03585	0.00732	0.00228	0.00506	0.44100	0.00458	0.00557
19	0.00943	0.00602	0.00738	0.00702	0.00771	0.00623	0.00466	0.04196	0.00927	0.06477	0.01645	0.02980	0.01724	0.54489	0.19948	0.00559	0.00729	0.00704	0.00349	0.00426
20	0.01106	0.01015	0.01678	0.58685	0.18529	0.01193	0.01461	0.03547	0.01147	0.01533	0.01009	0.01431	0.00777	0.00532	0.00529	0.00172	0.00676	0.00478	0.03848	0.00653
21	0.00712	0.00506	0.00674	0.00788	0.00837	0.00484	0.00566	0.00832	0.01053	0.01395	0.02823	0.57302	0.03309	0.08478	0.00874	0.00251	0.00371	0.17822	0.00482	0.00440
22	0.00929	0.00844	0.04355	0.00914	0.01056	0.03133	0.11635	0.02893	0.00954	0.01255	0.01695	0.03041	0.04929	0.57749	0.02110	0.00420	0.00594	0.00737	0.00324	0.00434
23	0.01040	0.04385	0.03583	0.06496	0.02372	0.08032	0.00849	0.04464	0.01204	0.01565	0.11904	0.11751	0.02215	0.01489	0.10261	0.07175	0.04319	0.15976	0.00390	0.00531
24	0.81825	0.01056	0.00820	0.00726	0.01062	0.01221	0.00598	0.04363	0.00974	0.02445	0.00768	0.00888	0.00594	0.00504	0.00340	0.00166	0.00422	0.00298	0.00340	0.00594
25	0.01443	0.01235	0.03681	0.01153	0.01519	0.01276	0.05925	0.23023	0.33101	0.02395	0.01727	0.06960	0.01379	0.00705	0.00537	0.00165	0.00500	0.00595	0.02688	0.09993
26	0.00771	0.00516	0.00588	0.00597	0.00600	0.00514	0.00338	0.00778	0.00799	0.01065	0.01785	0.09208	0.02069	0.75279	0.02581	0.00498	0.00505	0.00836	0.00338	0.00333
27	0.01448	0.07271	0.15435	0.05871	0.11682	0.08138	0.17129	0.13246	0.04718	0.04206	0.02535	0.01345	0.00914	0.00555	0.00574	0.00166	0.03185	0.00489	0.00328	0.00766
28	0.03000	0.10489	0.03700	0.03930	0.01602	0.12474	0.04513	0.18325	0.17232	0.02047	0.01601	0.01984	0.04071	0.00737	0.00589	0.00172	0.04162	0.08231	0.00412	0.00728
29	0.01008	0.00857	0.00854	0.00827	0.03234	0.07271	0.00603	0.06475	0.04715	0.04490	0.09579	0.06443	0.41875	0.04153	0.00710	0.00188	0.02580	0.00908	0.02680	0.00550
30	0.05556	0.00663	0.00799	0.00846	0.03776	0.00622	0.00587	0.02901	0.04009	0.01620	0.05314	0.42225	0.13792	0.01270	0.00606	0.00186	0.00349	0.03118	0.00463	0.11299

[dist]
# distance from previous block
# <min> <max>
3	14

[block]
# block no. 5 follows, 45 sequences, length 10
# corresponding to MSA columns:
# 233-242
name=unknown_F
#
# <colnr> <probs for GDERKNQSTAVLIFYWHMCP>
#	G	D	E	R	K	N	Q	S	T	A	V	L	I	F	Y	W	H	M	C	P
0	0.00652	0.00476	0.00614	0.00724	0.00772	0.00438	0.00488	0.00750	0.01051	0.01380	0.03249	0.71937	0.12210	0.01644	0.00679	0.00214	0.00307	0.01480	0.00498	0.00438
1	0.01129	0.01011	0.01633	0.13318	0.30556	0.01065	0.06000	0.05329	0.03090	0.01691	0.03494	0.01994	0.05839	0.01280	0.15435	0.00301	0.00763	0.03038	0.02348	0.00684
2	0.13421	0.06134	0.10282	0.01231	0.03370	0.02968	0.07251	0.08778	0.08895	0.01871	0.01406	0.03971	0.03081	0.01081	0.08927	0.00254	0.10249	0.05811	0.00352	0.00667
3	0.01271	0.01246	0.01974	0.08895	0.53358	0.04925	0.05903	0.01625	0.04110	0.01722	0.04834	0.01671	0.04937	0.00568	0.00546	0.00164	0.00631	0.00542	0.00302	0.00775
4	0.00777	0.00531	0.00647	0.00717	0.00795	0.00510	0.00498	0.04635	0.01135	0.01578	0.02887	0.58215	0.09111	0.01437	0.00625	0.00198	0.00313	0.01280	0.13642	0.00472
5	0.01343	0.16109	0.37864	0.01327	0.01902	0.03396	0.06684	0.07491	0.01283	0.08921	0.01232	0.07880	0.01012	0.00622	0.00508	0.00163	0.00679	0.00508	0.00320	0.00756
6	0.01317	0.01327	0.05938	0.01637	0.08691	0.04596	0.22075	0.10181	0.06025	0.04479	0.02834	0.01864	0.08542	0.02755	0.02913	0.00209	0.12956	0.00604	0.00354	0.00703
7	0.00779	0.00526	0.00612	0.00612	0.00621	0.00535	0.00358	0.00797	0.00788	0.01060	0.01667	0.03380	0.01894	0.73870	0.09919	0.00553	0.00607	0.00761	0.00322	0.00340
8	0.00757	0.00541	0.00729	0.00746	0.00798	0.00585	0.00522	0.00865	0.00855	0.01187	0.01732	0.13059	0.01858	0.31945	0.40694	0.00652	0.00953	0.00776	0.00329	0.00417
9	0.03812	0.10146	0.04272	0.05063	0.05115	0.10854	0.03633	0.25649	0.19713	0.02262	0.01338	0.01429	0.01030	0.02651	0.00565	0.00169	0.00614	0.00479	0.00417	0.00786

[dist]
# distance from previous block
# <min> <max>
0	13

[block]
# block no. 6 follows, 45 sequences, length 8
# corresponding to MSA columns:
# 256-258,260,264-267
name=unknown_G
#
# <colnr> <probs for GDERKNQSTAVLIFYWHMCP>
#	G	D	E	R	K	N	Q	S	T	A	V	L	I	F	Y	W	H	M	C	P
0	0.03288	0.04376	0.08748	0.12149	0.17100	0.03895	0.06649	0.10923	0.04116	0.06103	0.01244	0.01497	0.00981	0.00634	0.00592	0.01734	0.00663	0.00492	0.00380	0.14436
1	0.00958	0.00747	0.01051	0.01018	0.01115	0.00864	0.00788	0.01100	0.00949	0.01385	0.01481	0.02171	0.01388	0.03689	0.68555	0.00801	0.10439	0.00605	0.00329	0.00565
2	0.00659	0.00494	0.00605	0.00684	0.00757	0.00448	0.00468	0.00768	0.01093	0.01415	0.07183	0.53905	0.23020	0.04922	0.00756	0.00219	0.00307	0.01364	0.00496	0.00439
3	0.01151	0.00947	0.01295	0.04193	0.11182	0.00982	0.05699	0.09695	0.15515	0.03942	0.02261	0.23930	0.08242	0.00997	0.00617	0.00186	0.01833	0.03486	0.00452	0.03395
4	0.01714	0.01524	0.04100	0.01414	0.08178	0.09226	0.01077	0.36953	0.20268	0.02564	0.01388	0.01422	0.01041	0.00657	0.00614	0.00169	0.05901	0.00496	0.00459	0.00837
5	0.00741	0.00577	0.00822	0.09665	0.05071	0.00574	0.00675	0.00892	0.01091	0.01451	0.07388	0.56457	0.07377	0.01432	0.00656	0.00206	0.00373	0.03606	0.00463	0.00482
6	0.01394	0.01391	0.01964	0.12498	0.45746	0.11365	0.05018	0.05477	0.01294	0.01723	0.01012	0.01316	0.00827	0.00523	0.00567	0.00162	0.03350	0.00469	0.03140	0.00765
7	0.00773	0.08242	0.05641	0.00779	0.00930	0.00666	0.00626	0.00919	0.01074	0.01389	0.02992	0.43646	0.16735	0.06995	0.00780	0.00222	0.00386	0.06278	0.00444	0.00481

[dist]
# distance from previous block
# <min> <max>
1	4

[block]
# block no. 7 follows, 45 sequences, length 27
# corresponding to MSA columns:
# 272-298
name=unknown_H
#
# <colnr> <probs for GDERKNQSTAVLIFYWHMCP>
#	G	D	E	R	K	N	Q	S	T	A	V	L	I	F	Y	W	H	M	C	P
0	0.05001	0.01157	0.02977	0.03313	0.01237	0.12737	0.00759	0.16837	0.01476	0.06557	0.01514	0.05610	0.01243	0.00697	0.00507	0.00153	0.02761	0.02706	0.32119	0.00641
1	0.01465	0.77333	0.02745	0.00943	0.01392	0.06142	0.00925	0.01635	0.01113	0.01266	0.00751	0.00867	0.00689	0.00464	0.00352	0.00116	0.00595	0.00290	0.00232	0.00685
2	0.00655	0.00545	0.00572	0.00565	0.00737	0.00462	0.00424	0.00809	0.01271	0.01563	0.17044	0.04980	0.65892	0.01317	0.00634	0.00179	0.00269	0.01107	0.00513	0.00462
3	0.00880	0.00660	0.00762	0.00781	0.00908	0.02894	0.00574	0.05092	0.03770	0.04060	0.14171	0.37038	0.15754	0.03366	0.00702	0.00206	0.00359	0.07002	0.00510	0.00511
4	0.01553	0.51830	0.05883	0.03408	0.01589	0.12526	0.03482	0.05231	0.03499	0.05255	0.00921	0.01026	0.00764	0.00503	0.00411	0.00131	0.00644	0.00348	0.00283	0.00709
5	0.00810	0.00562	0.00685	0.00672	0.00805	0.00512	0.00499	0.00987	0.01293	0.05444	0.34076	0.09410	0.23763	0.11255	0.00904	0.00226	0.00325	0.06768	0.00523	0.00484
6	0.00774	0.00551	0.00637	0.00658	0.00711	0.00543	0.00431	0.00885	0.03695	0.01234	0.02469	0.12541	0.12638	0.49637	0.03257	0.00408	0.00473	0.07674	0.00392	0.00393
7	0.05394	0.01386	0.02317	0.09296	0.06735	0.07405	0.36893	0.03987	0.01207	0.01677	0.00981	0.01322	0.00779	0.00561	0.00769	0.00180	0.14175	0.00528	0.01543	0.02863
8	0.60897	0.01160	0.01012	0.00854	0.01210	0.01325	0.00702	0.20453	0.04098	0.02649	0.00937	0.01019	0.00704	0.00544	0.00392	0.00165	0.00460	0.00351	0.00392	0.00675
9	0.00679	0.00527	0.00619	0.00647	0.00773	0.00468	0.00473	0.00836	0.01244	0.01606	0.22296	0.25091	0.37287	0.01386	0.00652	0.00191	0.00286	0.03954	0.00521	0.00463
10	0.01352	0.01622	0.07172	0.01953	0.02427	0.12024	0.52070	0.04515	0.01315	0.01694	0.01137	0.05496	0.00933	0.00556	0.00639	0.00177	0.03309	0.00616	0.00290	0.00702
11	0.00777	0.00556	0.00767	0.00767	0.00834	0.00620	0.00556	0.00911	0.00844	0.01202	0.01525	0.02543	0.01533	0.27932	0.53192	0.00737	0.01121	0.00637	0.02515	0.00432
12	0.00654	0.00467	0.00623	0.00747	0.00779	0.00436	0.00498	0.00747	0.01028	0.01370	0.02959	0.80785	0.03550	0.01682	0.00685	0.00218	0.00311	0.01526	0.00498	0.00436
13	0.06163	0.00974	0.01113	0.00808	0.01273	0.00775	0.00649	0.03628	0.01156	0.04139	0.00987	0.01126	0.00802	0.00419	0.00402	0.00090	0.00406	0.00328	0.00336	0.74428
14	0.00654	0.00467	0.00623	0.00747	0.00779	0.00436	0.00498	0.00747	0.01028	0.01370	0.02959	0.80785	0.03550	0.01682	0.00685	0.00218	0.00311	0.01526	0.00498	0.00436
15	0.01424	0.55200	0.14507	0.04036	0.01635	0.08475	0.01112	0.04121	0.01182	0.01423	0.00831	0.00969	0.00708	0.00487	0.00397	0.00130	0.00643	0.00327	0.01695	0.00700
16	0.01291	0.01256	0.02184	0.05198	0.58000	0.01245	0.11345	0.01661	0.03550	0.01750	0.01088	0.01452	0.00908	0.00500	0.00543	0.00161	0.00654	0.01964	0.00281	0.04969
17	0.02409	0.01253	0.04275	0.01214	0.03888	0.11737	0.09444	0.05541	0.14108	0.05990	0.06606	0.11558	0.07592	0.02473	0.00641	0.00177	0.02921	0.00701	0.00422	0.07049
18	0.01205	0.00972	0.01079	0.04889	0.01327	0.03406	0.00773	0.09751	0.31163	0.04376	0.04162	0.27314	0.02152	0.01007	0.00584	0.00185	0.00433	0.00872	0.00502	0.03849
19	0.00774	0.00518	0.00587	0.00594	0.00596	0.00516	0.00334	0.00779	0.00794	0.01058	0.01758	0.07553	0.02035	0.76981	0.02625	0.00505	0.00509	0.00820	0.00334	0.00331
20	0.00669	0.00473	0.00619	0.00729	0.00756	0.00446	0.00478	0.00751	0.00999	0.01332	0.02812	0.71863	0.03366	0.10855	0.00921	0.00253	0.00336	0.01440	0.00478	0.00423
21	0.01164	0.01146	0.01729	0.36420	0.23142	0.05699	0.02520	0.01446	0.01100	0.01465	0.01044	0.06055	0.00919	0.00652	0.00734	0.00182	0.13128	0.00533	0.00263	0.00658
22	0.01053	0.00657	0.00822	0.00730	0.00923	0.00608	0.00563	0.05665	0.01541	0.12919	0.52297	0.03698	0.14322	0.01045	0.00614	0.00170	0.00305	0.00903	0.00585	0.00581
23	0.01173	0.01267	0.02532	0.01884	0.02260	0.01291	0.51130	0.01524	0.01187	0.01650	0.07083	0.06346	0.01289	0.00670	0.00853	0.00193	0.16020	0.00682	0.00303	0.00664
24	0.01448	0.01258	0.00975	0.00878	0.01096	0.23418	0.00673	0.12071	0.03856	0.02004	0.01433	0.01602	0.01121	0.00610	0.00435	0.00136	0.00512	0.00457	0.45412	0.00605
25	0.00835	0.00567	0.00643	0.00630	0.00657	0.00572	0.00376	0.04521	0.00905	0.01212	0.04170	0.08012	0.02095	0.69856	0.02434	0.00473	0.00503	0.00816	0.00355	0.00367
26	0.05028	0.00686	0.00796	0.00767	0.00964	0.00657	0.00620	0.07054	0.01393	0.06389	0.18367	0.04439	0.30434	0.01198	0.00632	0.00192	0.00366	0.18953	0.00521	0.00544

[dist]
# distance from previous block
# <min> <max>
0	1

[block]
# block no. 8 follows, 45 sequences, length 24
# corresponding to MSA columns:
# 300-308,323-336,338
name=unknown_I
#
# <colnr> <probs for GDERKNQSTAVLIFYWHMCP>
#	G	D	E	R	K	N	Q	S	T	A	V	L	I	F	Y	W	H	M	C	P
0	0.01065	0.03497	0.03865	0.01016	0.01203	0.00883	0.03846	0.11044	0.04457	0.04041	0.02266	0.32695	0.02434	0.03362	0.00767	0.00216	0.05220	0.17080	0.00461	0.00582
1	0.00691	0.00515	0.00647	0.00701	0.00795	0.00470	0.00505	0.00846	0.01212	0.01608	0.23019	0.39525	0.19796	0.01446	0.00664	0.00199	0.00300	0.06077	0.00522	0.00462
2	0.01096	0.02250	0.55934	0.06998	0.09423	0.01180	0.04436	0.01631	0.01142	0.01711	0.01045	0.01264	0.00768	0.00517	0.00506	0.00166	0.00727	0.00428	0.08022	0.00755
3	0.05179	0.01046	0.04367	0.00938	0.01293	0.00978	0.00792	0.20201	0.03921	0.30986	0.07764	0.02047	0.06652	0.00724	0.00523	0.00162	0.00448	0.00580	0.10618	0.00781
4	0.01405	0.01497	0.08164	0.01331	0.06908	0.14145	0.01048	0.06012	0.40052	0.01993	0.01797	0.02125	0.01467	0.00743	0.00553	0.00178	0.00579	0.08786	0.00447	0.00770
5	0.00780	0.00537	0.00664	0.00668	0.00696	0.00561	0.00429	0.00836	0.00816	0.01111	0.01666	0.03245	0.01836	0.59229	0.21757	0.00597	0.00749	0.03132	0.00321	0.00369
6	0.01348	0.01199	0.07155	0.01105	0.05283	0.00955	0.03492	0.10969	0.04196	0.07643	0.01137	0.01246	0.00876	0.00475	0.00455	0.00114	0.00487	0.00391	0.00369	0.51105
7	0.01177	0.13906	0.05683	0.01120	0.02729	0.01076	0.12699	0.01487	0.05098	0.09413	0.05981	0.02450	0.18362	0.03425	0.06447	0.00226	0.03447	0.00661	0.00387	0.04227
8	0.00697	0.00541	0.00600	0.00589	0.00721	0.00481	0.00420	0.00841	0.01225	0.01572	0.25025	0.04534	0.43151	0.16069	0.01023	0.00241	0.00313	0.01022	0.00492	0.00444
9	0.01328	0.04591	0.06699	0.09128	0.45326	0.04004	0.03847	0.01699	0.04487	0.05545	0.03943	0.01520	0.02551	0.00545	0.00528	0.00160	0.00627	0.00501	0.00310	0.02662
10	0.01100	0.11700	0.13845	0.02767	0.01409	0.01217	0.02644	0.03985	0.01041	0.01543	0.01125	0.01493	0.00965	0.01443	0.18969	0.00332	0.19531	0.00468	0.13815	0.00609
11	0.01531	0.01121	0.01208	0.01015	0.01335	0.01227	0.00809	0.26853	0.30926	0.07599	0.04608	0.02097	0.08134	0.00754	0.00538	0.00168	0.00447	0.00610	0.08226	0.00797
12	0.04367	0.00761	0.00928	0.00808	0.01066	0.00704	0.00630	0.07713	0.01424	0.29683	0.09786	0.17822	0.19985	0.01054	0.00591	0.00179	0.00377	0.00894	0.00565	0.00665
13	0.00766	0.00525	0.00622	0.00650	0.00675	0.00520	0.00410	0.00811	0.00873	0.01157	0.02091	0.13935	0.04942	0.58403	0.04227	0.00452	0.00506	0.07700	0.00369	0.00364
14	0.00670	0.00484	0.00632	0.00735	0.00785	0.00450	0.00503	0.00781	0.01075	0.01430	0.08170	0.66518	0.08122	0.03396	0.00726	0.00220	0.00316	0.04045	0.00501	0.00441
15	0.00768	0.00570	0.00838	0.00838	0.00926	0.00658	0.00640	0.00943	0.00855	0.01228	0.01460	0.02233	0.01396	0.10832	0.72275	0.00832	0.01357	0.00593	0.00291	0.00466
16	0.01791	0.09954	0.07207	0.01563	0.08936	0.53870	0.04282	0.03558	0.01435	0.01439	0.00869	0.01030	0.00715	0.00532	0.00484	0.00143	0.00876	0.00371	0.00273	0.00673
17	0.01365	0.40769	0.28654	0.01236	0.01784	0.08462	0.04200	0.01699	0.01150	0.02764	0.00864	0.01012	0.00702	0.00502	0.00468	0.00143	0.02911	0.00353	0.00242	0.00721
18	0.01192	0.01259	0.02422	0.04925	0.05351	0.01319	0.44090	0.01592	0.05032	0.01595	0.01113	0.01553	0.00918	0.04266	0.06050	0.00249	0.15529	0.00592	0.00281	0.00672
19	0.00704	0.00517	0.00662	0.00699	0.00792	0.00474	0.00502	0.00877	0.01272	0.01729	0.35794	0.35859	0.13172	0.01382	0.00658	0.00193	0.00287	0.03419	0.00539	0.00471
20	0.00704	0.00541	0.00643	0.00629	0.00770	0.00481	0.00467	0.00900	0.01370	0.01825	0.44276	0.09731	0.33243	0.01240	0.00637	0.00177	0.00265	0.01072	0.00548	0.00481
21	0.01068	0.00617	0.00804	0.00756	0.00834	0.00641	0.00537	0.08758	0.04898	0.01409	0.04404	0.01752	0.01186	0.01530	0.01631	0.59769	0.00448	0.00500	0.08085	0.00373
22	0.21921	0.01492	0.01343	0.01091	0.01459	0.12668	0.00884	0.43559	0.01919	0.02778	0.01116	0.01179	0.00825	0.00595	0.00472	0.00157	0.00585	0.00418	0.04768	0.00770
23	0.84927	0.01038	0.00789	0.00706	0.01038	0.01204	0.00581	0.01578	0.00914	0.02408	0.00747	0.00872	0.00581	0.00498	0.00332	0.00166	0.00415	0.00291	0.00332	0.00581

[dist]
# distance from previous block
# <min> <max>
0	1

[block]
# block no. 9 follows, 45 sequences, length 22
# corresponding to MSA columns:
# 340-361
name=unknown_J
#
# <colnr> <probs for GDERKNQSTAVLIFYWHMCP>
#	G	D	E	R	K	N	Q	S	T	A	V	L	I	F	Y	W	H	M	C	P
0	0.00675	0.00506	0.00598	0.00651	0.00732	0.00460	0.00442	0.00777	0.01083	0.01394	0.08390	0.39107	0.27270	0.14194	0.00991	0.00251	0.00328	0.01244	0.00477	0.00428
1	0.01462	0.09124	0.33789	0.01323	0.01833	0.16884	0.01386	0.10421	0.01361	0.04662	0.01012	0.01158	0.00767	0.00569	0.00579	0.00158	0.06639	0.00400	0.03665	0.02807
2	0.01375	0.00991	0.01167	0.00895	0.01305	0.00876	0.00717	0.11461	0.06112	0.11669	0.01335	0.04520	0.01076	0.00767	0.05445	0.00163	0.00495	0.00451	0.00411	0.48771
3	0.06707	0.04895	0.24932	0.01372	0.06681	0.05553	0.02069	0.18056	0.13883	0.02154	0.01461	0.01648	0.03996	0.00645	0.00520	0.00169	0.00624	0.03476	0.00381	0.00779
4	0.01354	0.48845	0.17018	0.01152	0.01648	0.06254	0.06671	0.03126	0.01195	0.01486	0.05992	0.01183	0.00996	0.00521	0.00429	0.00136	0.00642	0.00387	0.00265	0.00700
5	0.00862	0.00564	0.00772	0.00870	0.00967	0.00541	0.00682	0.01032	0.01154	0.06432	0.02852	0.42012	0.03199	0.01526	0.00701	0.00228	0.00403	0.34202	0.00507	0.00493
6	0.01013	0.00951	0.01783	0.01460	0.04302	0.00956	0.30714	0.01287	0.01061	0.01503	0.01428	0.08256	0.01335	0.10239	0.21083	0.00393	0.03990	0.00684	0.06985	0.00576
7	0.01172	0.00918	0.01009	0.00910	0.01145	0.00996	0.00702	0.12466	0.32004	0.02224	0.17948	0.10685	0.07956	0.00930	0.00572	0.00176	0.00378	0.00790	0.06327	0.00692
8	0.00690	0.00515	0.00644	0.00699	0.00794	0.00469	0.00504	0.00842	0.01208	0.01596	0.21797	0.39401	0.21057	0.01450	0.00664	0.00199	0.00300	0.06186	0.00521	0.00461
9	0.00917	0.00742	0.01040	0.00973	0.01076	0.00903	0.00774	0.05774	0.00975	0.01398	0.01458	0.02011	0.04317	0.03139	0.56738	0.00676	0.15686	0.00573	0.00302	0.00525
10	0.01419	0.01607	0.11239	0.10934	0.06045	0.13116	0.24886	0.07400	0.01345	0.06554	0.01198	0.06366	0.00979	0.00611	0.00614	0.00174	0.03914	0.00568	0.00321	0.00711
11	0.00768	0.00571	0.00842	0.00842	0.00931	0.00660	0.00645	0.00945	0.00857	0.01231	0.01457	0.02213	0.01387	0.09757	0.73339	0.00837	0.01370	0.00590	0.00290	0.00468
12	0.00675	0.00500	0.00621	0.00683	0.00762	0.00456	0.00472	0.00801	0.01144	0.01509	0.16610	0.47360	0.19461	0.05399	0.00765	0.00216	0.00303	0.01308	0.00506	0.00447
13	0.04313	0.00746	0.00867	0.05800	0.01100	0.03893	0.00653	0.04635	0.01334	0.01826	0.32296	0.12308	0.13752	0.04394	0.00759	0.00198	0.04282	0.05841	0.00484	0.00520
14	0.17761	0.06141	0.09754	0.01344	0.03049	0.06994	0.13980	0.20793	0.07413	0.02237	0.01114	0.01284	0.00857	0.02680	0.00580	0.00175	0.02278	0.00459	0.00367	0.00741
15	0.01451	0.01344	0.01397	0.02329	0.06567	0.13007	0.02194	0.15253	0.20134	0.02024	0.01515	0.06538	0.02549	0.00725	0.00664	0.00167	0.09587	0.00557	0.03746	0.08254
16	0.00764	0.00597	0.00840	0.00828	0.00953	0.00546	0.05301	0.00919	0.01124	0.01514	0.11782	0.41450	0.09889	0.07737	0.00820	0.00224	0.00377	0.07755	0.00469	0.06110
17	0.00816	0.00821	0.08812	0.00833	0.00989	0.00664	0.00665	0.01153	0.11741	0.01476	0.02610	0.41565	0.08533	0.15570	0.01008	0.00259	0.00412	0.01114	0.00446	0.00513
18	0.01238	0.05093	0.07504	0.01087	0.04424	0.00989	0.04644	0.08501	0.06897	0.04416	0.01434	0.06760	0.04206	0.00598	0.00479	0.00128	0.00484	0.00504	0.00371	0.40244
19	0.01672	0.02765	0.03718	0.06844	0.17139	0.01124	0.04730	0.11504	0.08993	0.25404	0.04550	0.04285	0.01318	0.00647	0.00543	0.00166	0.00544	0.00562	0.00469	0.03022
20	0.01350	0.01442	0.12626	0.06637	0.01808	0.07521	0.09896	0.10516	0.01274	0.07374	0.01245	0.05454	0.01082	0.04130	0.05399	0.00240	0.18233	0.02763	0.00337	0.00673
21	0.01179	0.00974	0.07165	0.04168	0.01306	0.00853	0.00814	0.14230	0.05026	0.08651	0.08037	0.27112	0.06698	0.01066	0.00597	0.00183	0.00442	0.04742	0.00484	0.06274

[dist]
# distance from previous block
# <min> <max>
2	41

[block]
# block no. 10 follows, 45 sequences, length 11
# corresponding to MSA columns:
# 407-417
name=unknown_K
#
# <colnr> <probs for GDERKNQSTAVLIFYWHMCP>
#	G	D	E	R	K	N	Q	S	T	A	V	L	I	F	Y	W	H	M	C	P
0	0.26644	0.07681	0.10716	0.01241	0.09023	0.03225	0.03816	0.01625	0.05070	0.06958	0.04145	0.10436	0.01265	0.00702	0.00551	0.00173	0.05159	0.00548	0.00357	0.00666
1	0.03407	0.04038	0.01967	0.02320	0.40280	0.08062	0.08319	0.08248	0.02613	0.01829	0.01144	0.04981	0.01001	0.00587	0.00571	0.00162	0.03193	0.02016	0.00313	0.04948
2	0.01063	0.00876	0.03259	0.00856	0.01106	0.00810	0.00677	0.15365	0.06378	0.02048	0.18022	0.22151	0.10749	0.01040	0.00584	0.00169	0.00383	0.00896	0.00493	0.13077
3	0.01074	0.00969	0.01206	0.15158	0.01680	0.03410	0.00850	0.01308	0.01099	0.01584	0.01325	0.05231	0.04687	0.00638	0.00598	0.00134	0.08154	0.04107	0.00320	0.46468
4	0.01264	0.01209	0.01865	0.09678	0.48803	0.03708	0.03267	0.01647	0.06151	0.01741	0.03512	0.01512	0.02635	0.00530	0.00524	0.00154	0.00601	0.00497	0.00303	0.10399
5	0.00838	0.00567	0.00715	0.00674	0.00824	0.00511	0.00507	0.01058	0.01439	0.06921	0.55314	0.08548	0.17760	0.01150	0.00630	0.00174	0.00273	0.01004	0.00574	0.00519
6	0.00809	0.00615	0.00864	0.04752	0.01010	0.00709	0.00638	0.00950	0.00868	0.01225	0.03896	0.02487	0.01568	0.26072	0.45409	0.00667	0.06076	0.00636	0.00303	0.00448
7	0.00674	0.00513	0.00622	0.00672	0.00775	0.00461	0.00481	0.00817	0.01194	0.01554	0.17997	0.38307	0.28827	0.01455	0.00660	0.00197	0.00293	0.03528	0.00516	0.00457
8	0.01449	0.01454	0.01471	0.04033	0.11698	0.21027	0.03186	0.09364	0.14854	0.01741	0.01338	0.01788	0.01161	0.09008	0.04712	0.00240	0.07119	0.03316	0.00359	0.00680
9	0.04195	0.01115	0.08443	0.07003	0.06222	0.03266	0.02559	0.10069	0.08140	0.02944	0.05137	0.13381	0.04149	0.01351	0.13002	0.00287	0.03824	0.00690	0.03581	0.00643
10	0.03225	0.09959	0.16869	0.04081	0.06305	0.09667	0.08245	0.25022	0.01640	0.02178	0.05336	0.01343	0.01025	0.00576	0.00514	0.00157	0.00679	0.00466	0.00361	0.02353

[dist]
# distance from previous block
# <min> <max>
