[name]
unknown

[dist]
# distance from previous block
# <min> <max>
0	40

[block]
# block no. 0 follows, 59 sequences, length 30
# corresponding to MSA columns:
# 40-69
name=unknown_A
#
# <colnr> <probs for GDERKNQSTAVLIFYWHMCP>
#	G	D	E	R	K	N	Q	S	T	A	V	L	I	F	Y	W	H	M	C	P
0	0.08663	0.00941	0.01165	0.04877	0.09431	0.02213	0.03164	0.24082	0.04869	0.19213	0.04914	0.04621	0.01100	0.00562	0.00436	0.00135	0.00432	0.02821	0.00395	0.05967
1	0.00582	0.00439	0.00608	0.00725	0.03837	0.00437	0.00477	0.00671	0.00838	0.01132	0.02235	0.73585	0.02650	0.01407	0.04360	0.00202	0.03900	0.01149	0.00385	0.00379
2	0.00916	0.00785	0.00916	0.00654	0.01047	0.00589	0.00523	0.01112	0.00916	0.01439	0.00785	0.00916	0.00654	0.00327	0.00327	0.00065	0.00327	0.00262	0.00262	0.87178
3	0.01045	0.01185	0.02568	0.01901	0.06046	0.01114	0.76412	0.01412	0.01041	0.01416	0.00891	0.01187	0.00672	0.00373	0.00517	0.00148	0.00734	0.00515	0.00223	0.00601
4	0.01093	0.01049	0.01793	0.02711	0.81723	0.01049	0.01355	0.01355	0.01006	0.01443	0.00831	0.01093	0.00700	0.00394	0.00437	0.00131	0.00525	0.00394	0.00219	0.00700
5	0.00984	0.00938	0.01596	0.36650	0.48635	0.01021	0.01301	0.01260	0.00954	0.01311	0.00812	0.01129	0.00653	0.00414	0.00439	0.00138	0.00552	0.00393	0.00209	0.00612
6	0.00666	0.00512	0.00727	0.00708	0.00763	0.00605	0.00535	0.00786	0.00693	0.00995	0.01166	0.01892	0.01154	0.19356	0.58674	0.00603	0.09050	0.00499	0.00239	0.00378
7	0.00631	0.00471	0.00700	0.00700	0.00775	0.00547	0.00540	0.00782	0.00707	0.01018	0.01192	0.01785	0.01126	0.06807	0.79263	0.00698	0.01151	0.00480	0.00238	0.00389
8	0.00834	0.00785	0.01325	0.83417	0.03042	0.00981	0.01227	0.01128	0.00883	0.01128	0.00785	0.01178	0.00589	0.00442	0.00442	0.00147	0.00589	0.00393	0.00196	0.00491
9	0.01042	0.01191	0.02606	0.01862	0.02308	0.01117	0.80119	0.01415	0.01042	0.01415	0.00894	0.01191	0.00670	0.00372	0.00521	0.00149	0.00745	0.00521	0.00223	0.00596
10	0.00834	0.00785	0.01325	0.83417	0.03042	0.00981	0.01227	0.01128	0.00883	0.01128	0.00785	0.01178	0.00589	0.00442	0.00442	0.00147	0.00589	0.00393	0.00196	0.00491
11	0.01982	0.00752	0.01025	0.00786	0.01127	0.00649	0.00649	0.02152	0.01264	0.82029	0.01742	0.01503	0.01093	0.00547	0.00444	0.00137	0.00376	0.00444	0.00547	0.00752
12	0.00966	0.00966	0.01353	0.01160	0.01160	0.01353	0.00966	0.01063	0.00676	0.01063	0.00580	0.00966	0.00580	0.00773	0.01449	0.00193	0.83670	0.00387	0.00193	0.00483
13	0.01699	0.01205	0.01306	0.01001	0.01354	0.01322	0.00827	0.75111	0.02023	0.07998	0.01105	0.01090	0.00774	0.00531	0.00442	0.00133	0.00479	0.00401	0.00449	0.00751
14	0.01650	0.02105	0.01252	0.01138	0.01365	0.82705	0.00853	0.01764	0.01252	0.01081	0.00683	0.00796	0.00569	0.00455	0.00398	0.00114	0.00796	0.00284	0.00228	0.00512
15	0.00916	0.00785	0.00916	0.00654	0.01047	0.00589	0.00523	0.01112	0.00916	0.01439	0.00785	0.00916	0.00654	0.00327	0.00327	0.00065	0.00327	0.00262	0.00262	0.87178
16	0.00551	0.00467	0.00497	0.00496	0.00635	0.00412	0.00381	0.00673	0.01009	0.01224	0.07855	0.04150	0.70794	0.01104	0.00555	0.00153	0.02750	0.05506	0.00407	0.00380
17	0.01942	0.00816	0.01065	0.00816	0.01159	0.00744	0.00674	0.12430	0.01371	0.71600	0.01653	0.01445	0.01048	0.00544	0.00444	0.00136	0.00390	0.00438	0.00533	0.00752
18	0.01181	0.84744	0.02314	0.00756	0.01134	0.01748	0.00756	0.01323	0.00897	0.01039	0.00614	0.00708	0.00567	0.00378	0.00283	0.00094	0.00472	0.00236	0.00189	0.00567
19	0.00966	0.00966	0.01353	0.01160	0.01160	0.01353	0.00966	0.01063	0.00676	0.01063	0.00580	0.00966	0.00580	0.00773	0.01449	0.00193	0.83670	0.00387	0.00193	0.00483
20	0.00953	0.02073	0.00689	0.00588	0.00747	0.00598	0.04158	0.08916	0.04655	0.03906	0.02955	0.04803	0.01199	0.00553	0.00355	0.00115	0.00277	0.00457	0.61525	0.00477
21	0.00598	0.00430	0.00481	0.00495	0.00542	0.00406	0.00313	0.00643	0.00776	0.00993	0.02398	0.12884	0.24160	0.49578	0.01531	0.00316	0.00350	0.02469	0.00327	0.00311
22	0.01119	0.47682	0.26677	0.00968	0.01414	0.07626	0.02611	0.01428	0.04603	0.01197	0.00734	0.00836	0.00603	0.00407	0.00346	0.00113	0.00552	0.00285	0.00204	0.00596
23	0.00631	0.00473	0.00710	0.00710	0.00789	0.00552	0.00552	0.00789	0.00710	0.01025	0.01183	0.01735	0.01104	0.03312	0.82728	0.00710	0.01183	0.00473	0.00237	0.00394
24	0.00916	0.00785	0.00916	0.00654	0.01047	0.00589	0.00523	0.01112	0.00916	0.01439	0.00785	0.00916	0.00654	0.00327	0.00327	0.00065	0.00327	0.00262	0.00262	0.87178
25	0.01050	0.00749	0.00970	0.09137	0.04876	0.04103	0.04157	0.05717	0.04948	0.16062	0.14814	0.09933	0.12772	0.00807	0.02954	0.00157	0.00405	0.00627	0.00391	0.05369
26	0.01116	0.01002	0.01302	0.08519	0.20803	0.06023	0.00960	0.05156	0.17409	0.04918	0.01061	0.02663	0.00865	0.00575	0.00688	0.00151	0.21299	0.00425	0.04464	0.00601
27	0.00916	0.00785	0.00916	0.00654	0.01047	0.00589	0.00523	0.01112	0.00916	0.01439	0.00785	0.00916	0.00654	0.00327	0.00327	0.00065	0.00327	0.00262	0.00262	0.87178
28	0.01171	0.36948	0.21134	0.02578	0.06169	0.08464	0.03152	0.04790	0.01015	0.05639	0.00850	0.04696	0.00721	0.00458	0.00373	0.00119	0.00542	0.00347	0.00235	0.00598
29	0.00972	0.21054	0.20552	0.02616	0.03559	0.02165	0.04626	0.05126	0.00996	0.04858	0.04378	0.20581	0.01339	0.00683	0.00449	0.00139	0.01715	0.01769	0.01877	0.00546

[dist]
# distance from previous block
# <min> <max>
0	9

[block]
# block no. 1 follows, 59 sequences, length 11
# corresponding to MSA columns:
# 92-102
name=unknown_B
#
# <colnr> <probs for GDERKNQSTAVLIFYWHMCP>
#	G	D	E	R	K	N	Q	S	T	A	V	L	I	F	Y	W	H	M	C	P
0	0.00713	0.00584	0.03238	0.00789	0.00920	0.00550	0.03736	0.02496	0.01009	0.01359	0.14737	0.03718	0.05221	0.04314	0.14439	0.00278	0.00522	0.40581	0.00373	0.00422
1	0.01219	0.53302	0.05432	0.00871	0.01215	0.15683	0.02930	0.03807	0.04135	0.01183	0.03080	0.00993	0.03626	0.00448	0.00342	0.00108	0.00523	0.00312	0.00231	0.00561
2	0.00767	0.00384	0.00575	0.00575	0.00575	0.00384	0.00384	0.00575	0.00575	0.00767	0.00767	0.01343	0.00767	0.01534	0.01726	0.87150	0.00384	0.00384	0.00192	0.00192
3	0.06256	0.05593	0.03232	0.05414	0.04712	0.09475	0.05171	0.38707	0.09624	0.04305	0.01036	0.01091	0.00766	0.00494	0.00422	0.00132	0.00511	0.00385	0.02012	0.00664
4	0.01213	0.09437	0.17248	0.03988	0.12265	0.02580	0.07924	0.13073	0.13501	0.08655	0.01064	0.01138	0.00791	0.00460	0.00423	0.00131	0.00515	0.00389	0.00308	0.04895
5	0.00610	0.00432	0.00585	0.00651	0.00693	0.00433	0.00459	0.00704	0.00844	0.02946	0.04034	0.62188	0.02564	0.04528	0.09493	0.00245	0.03450	0.04382	0.00383	0.00376
6	0.00632	0.00469	0.00689	0.00689	0.00761	0.00541	0.00526	0.00775	0.00704	0.01010	0.01202	0.01841	0.01150	0.10760	0.75344	0.00684	0.01114	0.00489	0.00239	0.00383
7	0.00949	0.03621	0.00967	0.00675	0.01049	0.00659	0.00543	0.05239	0.00973	0.01483	0.00864	0.04472	0.00753	0.00385	0.00342	0.00075	0.00337	0.00310	0.00275	0.76029
8	0.03284	0.10122	0.13299	0.01162	0.10205	0.22862	0.03472	0.04611	0.01074	0.05513	0.01136	0.01315	0.06521	0.02314	0.01696	0.00142	0.03289	0.01620	0.03962	0.02400
9	0.00719	0.05929	0.00804	0.03939	0.04532	0.00642	0.00539	0.03456	0.03463	0.01197	0.03966	0.08243	0.24238	0.12066	0.20039	0.00314	0.02177	0.01907	0.01408	0.00423
10	0.19411	0.04218	0.00971	0.05038	0.09181	0.04058	0.03362	0.04039	0.07880	0.01450	0.05581	0.01799	0.04547	0.20804	0.01907	0.00215	0.01811	0.01623	0.01628	0.00478

[dist]
# distance from previous block
# <min> <max>
0	13

[block]
# block no. 2 follows, 59 sequences, length 52
# corresponding to MSA columns:
# 116-125,134-142,172-204
name=unknown_C
#
# <colnr> <probs for GDERKNQSTAVLIFYWHMCP>
#	G	D	E	R	K	N	Q	S	T	A	V	L	I	F	Y	W	H	M	C	P
0	0.02609	0.19888	0.08620	0.01221	0.10201	0.12367	0.10924	0.04852	0.14017	0.02490	0.01087	0.01173	0.04002	0.00466	0.00405	0.00125	0.00533	0.00385	0.00273	0.04363
1	0.01117	0.04462	0.01710	0.11522	0.44721	0.07902	0.10104	0.01367	0.01012	0.04074	0.00912	0.01143	0.02341	0.00424	0.00449	0.00131	0.01719	0.00400	0.00233	0.04257
2	0.01012	0.00952	0.04676	0.09669	0.19301	0.02540	0.14438	0.04279	0.03194	0.04677	0.03794	0.02747	0.02070	0.01557	0.03167	0.00162	0.06169	0.04077	0.07755	0.03762
3	0.00629	0.00450	0.00580	0.00547	0.00653	0.00415	0.00411	0.00834	0.01232	0.01750	0.76441	0.03271	0.06380	0.00896	0.00514	0.00138	0.00209	0.00789	0.03446	0.00415
4	0.00985	0.05396	0.62535	0.01270	0.05468	0.01057	0.03563	0.07447	0.01042	0.03047	0.03590	0.01039	0.00718	0.00443	0.00423	0.00137	0.00609	0.00355	0.00226	0.00651
5	0.00638	0.00433	0.00489	0.00493	0.00506	0.00428	0.00290	0.00653	0.00679	0.00896	0.01617	0.03057	0.06487	0.76076	0.02077	0.00402	0.00415	0.03804	0.00282	0.00280
6	0.01479	0.00629	0.00852	0.00718	0.00957	0.00553	0.00565	0.01632	0.01164	0.53348	0.11417	0.21249	0.01892	0.00787	0.00482	0.00147	0.00328	0.00678	0.00507	0.00619
7	0.01181	0.84744	0.02314	0.00756	0.01134	0.01748	0.00756	0.01323	0.00897	0.01039	0.00614	0.00708	0.00567	0.00378	0.00283	0.00094	0.00472	0.00236	0.00189	0.00567
8	0.00544	0.00444	0.00482	0.00482	0.00613	0.00381	0.00358	0.00674	0.01045	0.01307	0.20173	0.09945	0.59828	0.01094	0.00525	0.00149	0.00223	0.00929	0.00426	0.00381
9	0.87598	0.00854	0.00649	0.00581	0.00854	0.00991	0.00478	0.01298	0.00752	0.01982	0.00615	0.00717	0.00478	0.00410	0.00273	0.00137	0.00342	0.00239	0.00273	0.00478
10	0.00823	0.00412	0.00412	0.00412	0.00515	0.00412	0.00309	0.01029	0.00926	0.01647	0.01441	0.01647	0.01132	0.00515	0.00309	0.00103	0.00206	0.00412	0.86930	0.00412
11	0.87598	0.00854	0.00649	0.00581	0.00854	0.00991	0.00478	0.01298	0.00752	0.01982	0.00615	0.00717	0.00478	0.00410	0.00273	0.00137	0.00342	0.00239	0.00273	0.00478
12	0.00631	0.00473	0.00710	0.00710	0.00789	0.00552	0.00552	0.00789	0.00710	0.01025	0.01183	0.01735	0.01104	0.03312	0.82728	0.00710	0.01183	0.00473	0.00237	0.00394
13	0.87598	0.00854	0.00649	0.00581	0.00854	0.00991	0.00478	0.01298	0.00752	0.01982	0.00615	0.00717	0.00478	0.00410	0.00273	0.00137	0.00342	0.00239	0.00273	0.00478
14	0.87598	0.00854	0.00649	0.00581	0.00854	0.00991	0.00478	0.01298	0.00752	0.01982	0.00615	0.00717	0.00478	0.00410	0.00273	0.00137	0.00342	0.00239	0.00273	0.00478
15	0.00566	0.00396	0.00504	0.00579	0.00598	0.00377	0.00372	0.00622	0.00791	0.01054	0.02154	0.62307	0.02567	0.23750	0.01017	0.00246	0.00303	0.01090	0.00372	0.00334
16	0.00538	0.00384	0.00512	0.00615	0.00641	0.00359	0.00410	0.00615	0.00846	0.01127	0.02434	0.84190	0.02921	0.01384	0.00564	0.00179	0.00256	0.01256	0.00410	0.00359
17	0.00634	0.00476	0.00590	0.00562	0.00677	0.00446	0.00421	0.00881	0.05579	0.01672	0.63615	0.06498	0.14419	0.00934	0.00519	0.00142	0.00220	0.00818	0.00471	0.00424
18	0.01206	0.00986	0.03291	0.00906	0.01182	0.01073	0.00729	0.07090	0.66791	0.08991	0.01719	0.01579	0.01267	0.00585	0.00448	0.00147	0.00369	0.00483	0.00450	0.00706
19	0.00545	0.00391	0.00519	0.00618	0.00650	0.00365	0.00420	0.00628	0.00857	0.01137	0.02486	0.78820	0.05051	0.01370	0.00564	0.00180	0.00261	0.04366	0.00410	0.00361
20	0.23250	0.01108	0.01135	0.00891	0.01224	0.01225	0.00736	0.55060	0.01688	0.08049	0.00996	0.01005	0.00706	0.00501	0.00400	0.00134	0.00442	0.00361	0.00407	0.00683
21	0.04869	0.01211	0.20612	0.00965	0.05069	0.00844	0.02444	0.06242	0.09466	0.01576	0.00928	0.02044	0.00734	0.00412	0.00379	0.00106	0.00435	0.00334	0.00274	0.41058
22	0.00723	0.00544	0.00728	0.00831	0.03379	0.00547	0.00674	0.00990	0.07127	0.01339	0.02445	0.10717	0.09326	0.01151	0.00581	0.00190	0.00378	0.57492	0.00405	0.00431
23	0.00641	0.00432	0.00503	0.00503	0.00511	0.00440	0.00294	0.00656	0.00649	0.00872	0.01372	0.02782	0.01559	0.76863	0.09799	0.00455	0.00499	0.00626	0.00265	0.00280
24	0.00946	0.00832	0.03134	0.00678	0.01077	0.00614	0.00561	0.02339	0.00940	0.02891	0.00806	0.00929	0.00661	0.00337	0.00333	0.00070	0.00339	0.00269	0.00267	0.81978
25	0.01165	0.51458	0.17976	0.01039	0.05303	0.09068	0.04405	0.02884	0.00971	0.01183	0.00687	0.00807	0.00580	0.00397	0.00342	0.00110	0.00553	0.00282	0.00200	0.00590
26	0.01319	0.01313	0.01378	0.08351	0.25183	0.23172	0.01000	0.12289	0.15838	0.03228	0.01010	0.01124	0.00787	0.00478	0.00443	0.00132	0.01635	0.00385	0.00298	0.00637
27	0.00562	0.00403	0.00523	0.00602	0.00637	0.00384	0.00408	0.00641	0.00829	0.01100	0.02346	0.62271	0.06906	0.11782	0.05063	0.00237	0.00330	0.04241	0.00383	0.00352
28	0.00931	0.00636	0.00727	0.00669	0.00865	0.00612	0.00545	0.15120	0.01229	0.10308	0.03084	0.03545	0.40495	0.00974	0.00519	0.00157	0.00329	0.18337	0.00430	0.00489
29	0.00551	0.00410	0.00514	0.00570	0.00635	0.00372	0.00396	0.00659	0.00953	0.01260	0.17445	0.52905	0.19235	0.01241	0.00547	0.00166	0.00241	0.01105	0.00424	0.00372
30	0.87598	0.00854	0.00649	0.00581	0.00854	0.00991	0.00478	0.01298	0.00752	0.01982	0.00615	0.00717	0.00478	0.00410	0.00273	0.00137	0.00342	0.00239	0.00273	0.00478
31	0.00686	0.00494	0.00667	0.00751	0.00844	0.00487	0.00626	0.02348	0.01005	0.01312	0.04573	0.19185	0.06252	0.02751	0.00622	0.00198	0.00367	0.56023	0.00408	0.00401
32	0.00886	0.02285	0.82190	0.01259	0.01912	0.01026	0.01632	0.01399	0.00932	0.01399	0.00793	0.00932	0.00559	0.00420	0.00420	0.00140	0.00653	0.00326	0.00186	0.00653
33	0.00523	0.00445	0.00450	0.00454	0.00598	0.00372	0.00338	0.00633	0.01000	0.01191	0.04394	0.07402	0.78445	0.01129	0.00524	0.00150	0.00225	0.00945	0.00410	0.00372
34	0.00834	0.00785	0.01325	0.83417	0.03042	0.00981	0.01227	0.01128	0.00883	0.01128	0.00785	0.01178	0.00589	0.00442	0.00442	0.00147	0.00589	0.00393	0.00196	0.00491
35	0.00617	0.00450	0.00580	0.00550	0.00656	0.00413	0.00412	0.00817	0.01228	0.01724	0.75377	0.04961	0.08708	0.00925	0.00522	0.00140	0.00210	0.00816	0.00480	0.00413
36	0.01093	0.01049	0.01793	0.02711	0.81723	0.01049	0.01355	0.01355	0.01006	0.01443	0.00831	0.01093	0.00700	0.00394	0.00437	0.00131	0.00525	0.00394	0.00219	0.00700
37	0.00625	0.00451	0.00590	0.00556	0.00660	0.00417	0.00417	0.00833	0.01250	0.01771	0.81490	0.03299	0.04167	0.00903	0.00521	0.00139	0.00208	0.00799	0.00486	0.00417
38	0.01664	0.01210	0.01304	0.01004	0.01351	0.01335	0.00827	0.77064	0.02036	0.04443	0.01101	0.02656	0.00800	0.00547	0.00444	0.00134	0.00479	0.00415	0.00443	0.00744
39	0.01224	0.75164	0.02238	0.00815	0.01189	0.04452	0.03950	0.01375	0.00930	0.04320	0.00673	0.00763	0.00592	0.00387	0.00303	0.00099	0.00490	0.00258	0.00206	0.00574
40	0.00632	0.00470	0.00692	0.00692	0.00764	0.00542	0.00529	0.00777	0.00704	0.01012	0.01200	0.01827	0.01144	0.09783	0.76312	0.00687	0.01123	0.00487	0.00239	0.00384
41	0.00625	0.00451	0.00590	0.00556	0.00660	0.00417	0.00417	0.00833	0.01250	0.01771	0.81490	0.03299	0.04167	0.00903	0.00521	0.00139	0.00208	0.00799	0.00486	0.00417
42	0.00795	0.00704	0.00814	0.02601	0.02527	0.08786	0.03382	0.01006	0.03167	0.01299	0.05038	0.05569	0.17271	0.01039	0.00554	0.00176	0.00418	0.44044	0.00379	0.00432
43	0.01184	0.78846	0.05499	0.00784	0.01172	0.01707	0.00794	0.03763	0.00935	0.01107	0.00635	0.00728	0.00572	0.00384	0.00294	0.00097	0.00480	0.00245	0.00197	0.00576
44	0.00862	0.00813	0.01375	0.74726	0.11515	0.00989	0.01240	0.01153	0.00896	0.01162	0.00790	0.01168	0.00601	0.00436	0.00441	0.00145	0.00582	0.00393	0.00199	0.00513
45	0.00527	0.00448	0.00454	0.00452	0.00599	0.00375	0.00339	0.00643	0.01018	0.01220	0.08033	0.04207	0.77969	0.01109	0.00522	0.00149	0.00223	0.00926	0.00414	0.00375
46	0.01418	0.04234	0.09781	0.03110	0.21669	0.03476	0.04598	0.06705	0.03964	0.29774	0.01207	0.02873	0.00876	0.00502	0.00478	0.00137	0.03740	0.00422	0.00355	0.00681
47	0.01956	0.00825	0.01046	0.00809	0.01147	0.03913	0.00665	0.05340	0.01297	0.75588	0.01673	0.01457	0.01059	0.00542	0.00442	0.00136	0.00397	0.00436	0.00530	0.00742
48	0.00546	0.00389	0.00518	0.00618	0.00646	0.00365	0.00416	0.00625	0.00847	0.01128	0.02411	0.80122	0.02883	0.03036	0.00599	0.00185	0.00264	0.03636	0.00407	0.00358
49	0.00834	0.00785	0.01325	0.83417	0.03042	0.00981	0.01227	0.01128	0.00883	0.01128	0.00785	0.01178	0.00589	0.00442	0.00442	0.00147	0.00589	0.00393	0.00196	0.00491
50	0.03706	0.00968	0.02867	0.02476	0.09578	0.00996	0.05184	0.30284	0.07473	0.10428	0.05226	0.09061	0.03215	0.00645	0.00503	0.01998	0.02089	0.00523	0.02147	0.00633
51	0.01002	0.01042	0.05001	0.06492	0.03098	0.03220	0.42717	0.06856	0.01060	0.03608	0.01220	0.16781	0.01135	0.03972	0.00577	0.00163	0.00597	0.00628	0.00281	0.00548

[dist]
# distance from previous block
# <min> <max>
0	4

[block]
# block no. 3 follows, 59 sequences, length 109
# corresponding to MSA columns:
# 209-258,260-282,297-323,339-341,349-354
name=unknown_D
#
# <colnr> <probs for GDERKNQSTAVLIFYWHMCP>
#	G	D	E	R	K	N	Q	S	T	A	V	L	I	F	Y	W	H	M	C	P
0	0.01255	0.03991	0.01308	0.01176	0.05878	0.35298	0.02465	0.03858	0.00995	0.01140	0.00736	0.01047	0.00673	0.05218	0.05330	0.00191	0.28352	0.00361	0.00224	0.00505
1	0.02363	0.02470	0.02602	0.02913	0.03033	0.00702	0.00607	0.03724	0.06022	0.01504	0.01939	0.01003	0.00741	0.00367	0.00347	0.00081	0.00353	0.00295	0.00277	0.68657
2	0.64165	0.15277	0.00997	0.02110	0.00983	0.06560	0.00570	0.02643	0.00834	0.01759	0.00630	0.00735	0.00506	0.00410	0.00289	0.00128	0.00401	0.00247	0.00257	0.00500
3	0.01095	0.01111	0.05227	0.01713	0.15751	0.01028	0.43513	0.06874	0.04229	0.05322	0.02142	0.04399	0.02734	0.00471	0.00488	0.00144	0.00604	0.00517	0.02021	0.00618
4	0.00632	0.00470	0.00693	0.00693	0.00767	0.00543	0.00532	0.00778	0.00705	0.01013	0.01198	0.01818	0.01140	0.09126	0.76963	0.00690	0.01129	0.00485	0.00239	0.00385
5	0.09329	0.05275	0.11545	0.04170	0.07013	0.12391	0.37859	0.01403	0.01009	0.01385	0.00863	0.04136	0.00703	0.00435	0.00451	0.00139	0.00652	0.00440	0.00228	0.00573
6	0.01650	0.02105	0.01252	0.01138	0.01365	0.82705	0.00853	0.01764	0.01252	0.01081	0.00683	0.00796	0.00569	0.00455	0.00398	0.00114	0.00796	0.00284	0.00228	0.00512
7	0.00539	0.00448	0.00471	0.00465	0.00607	0.00380	0.00349	0.00667	0.01047	0.01289	0.17189	0.04093	0.68769	0.01083	0.00522	0.00147	0.00221	0.00910	0.00423	0.00380
8	0.03900	0.00761	0.01021	0.00785	0.01125	0.00667	0.00648	0.03287	0.01265	0.79060	0.01707	0.01479	0.01074	0.00543	0.00440	0.00137	0.00377	0.00439	0.00539	0.00745
9	0.00805	0.00415	0.00428	0.00425	0.00528	0.00412	0.00319	0.01011	0.00956	0.01658	0.08868	0.01800	0.01414	0.00551	0.00328	0.00106	0.00206	0.00448	0.78910	0.00412
10	0.00536	0.00409	0.00492	0.00554	0.00626	0.00366	0.00384	0.00629	0.00917	0.01174	0.06007	0.53221	0.30550	0.01273	0.00548	0.00167	0.00243	0.01126	0.00413	0.00366
11	0.00834	0.00785	0.01325	0.83417	0.03042	0.00981	0.01227	0.01128	0.00883	0.01128	0.00785	0.01178	0.00589	0.00442	0.00442	0.00147	0.00589	0.00393	0.00196	0.00491
12	0.01234	0.01016	0.01075	0.00926	0.01200	0.01162	0.00732	0.20583	0.62468	0.02067	0.01625	0.01510	0.01208	0.00583	0.00448	0.00146	0.00381	0.00476	0.00448	0.00711
13	0.01650	0.02105	0.01252	0.01138	0.01365	0.82705	0.00853	0.01764	0.01252	0.01081	0.00683	0.00796	0.00569	0.00455	0.00398	0.00114	0.00796	0.00284	0.00228	0.00512
14	0.01899	0.00763	0.01020	0.00787	0.01117	0.00676	0.00648	0.06237	0.01307	0.73882	0.05618	0.01568	0.01226	0.00563	0.00448	0.00137	0.00373	0.00459	0.00538	0.00735
15	0.00707	0.00507	0.00705	0.00804	0.00907	0.00505	0.00702	0.00908	0.01016	0.01319	0.02391	0.04964	0.04498	0.01218	0.00608	0.00202	0.00402	0.76824	0.00407	0.00406
16	0.01093	0.01049	0.01793	0.02711	0.81723	0.01049	0.01355	0.01355	0.01006	0.01443	0.00831	0.01093	0.00700	0.00394	0.00437	0.00131	0.00525	0.00394	0.00219	0.00700
17	0.00643	0.00491	0.00733	0.00726	0.00802	0.00581	0.00567	0.00799	0.00709	0.01027	0.01161	0.01707	0.01085	0.03220	0.79774	0.00691	0.04181	0.00470	0.00235	0.00398
18	0.00566	0.00402	0.00525	0.00612	0.00642	0.00381	0.00407	0.02015	0.00853	0.01137	0.02335	0.76860	0.02788	0.07370	0.00683	0.00197	0.00273	0.01196	0.00400	0.00359
19	0.00911	0.00777	0.00903	0.00664	0.01031	0.00611	0.00528	0.01174	0.05960	0.01483	0.05355	0.01095	0.00894	0.00376	0.00346	0.00075	0.00322	0.00307	0.00286	0.76902
20	0.01609	0.02022	0.01210	0.01102	0.01324	0.78668	0.00827	0.01728	0.01236	0.01109	0.00720	0.00838	0.00597	0.00458	0.00394	0.00113	0.00767	0.00291	0.04481	0.00507
21	0.00634	0.00460	0.00641	0.00641	0.00696	0.00515	0.00467	0.00745	0.00690	0.00975	0.01246	0.02082	0.01255	0.27690	0.58556	0.00625	0.00956	0.00524	0.00246	0.00356
22	0.00642	0.00428	0.00482	0.00482	0.00482	0.00428	0.00268	0.00642	0.00642	0.00856	0.01392	0.02890	0.01606	0.84478	0.02248	0.00428	0.00428	0.00642	0.00268	0.00268
23	0.00991	0.02200	0.05062	0.18414	0.19543	0.05349	0.02039	0.02570	0.00900	0.02673	0.04099	0.01263	0.00840	0.05091	0.03731	0.00188	0.23867	0.00415	0.00229	0.00537
24	0.01093	0.01049	0.01793	0.02711	0.81723	0.01049	0.01355	0.01355	0.01006	0.01443	0.00831	0.01093	0.00700	0.00394	0.00437	0.00131	0.00525	0.00394	0.00219	0.00700
25	0.67708	0.00892	0.00761	0.00660	0.00928	0.04016	0.00541	0.01427	0.00841	0.13470	0.00779	0.00846	0.00576	0.00449	0.00361	0.00139	0.04501	0.00278	0.00307	0.00519
26	0.01042	0.01191	0.02606	0.01862	0.02308	0.01117	0.80119	0.01415	0.01042	0.01415	0.00894	0.01191	0.00670	0.00372	0.00521	0.00149	0.00745	0.00521	0.00223	0.00596
27	0.00541	0.00388	0.00514	0.00609	0.00640	0.00361	0.00408	0.00624	0.00865	0.01153	0.05442	0.79185	0.04914	0.01359	0.00561	0.00177	0.00254	0.01230	0.00413	0.00361
28	0.01159	0.05811	0.15195	0.01995	0.46308	0.01139	0.02314	0.14409	0.04506	0.01651	0.00892	0.01065	0.00704	0.00428	0.00428	0.00132	0.00533	0.00381	0.00258	0.00692
29	0.01093	0.01049	0.01793	0.02711	0.81723	0.01049	0.01355	0.01355	0.01006	0.01443	0.00831	0.01093	0.00700	0.00394	0.00437	0.00131	0.00525	0.00394	0.00219	0.00700
30	0.00686	0.00497	0.00678	0.00770	0.00873	0.00489	0.00663	0.00875	0.01008	0.01301	0.02544	0.08380	0.09995	0.01218	0.00600	0.00197	0.00383	0.68034	0.00407	0.00401
31	0.00646	0.00428	0.00480	0.00480	0.00482	0.00428	0.00268	0.00650	0.00648	0.00872	0.01393	0.02866	0.01597	0.82855	0.02210	0.00422	0.00424	0.00638	0.01943	0.00270
32	0.00642	0.00428	0.00482	0.00482	0.00482	0.00428	0.00268	0.00642	0.00642	0.00856	0.01392	0.02890	0.01606	0.84478	0.02248	0.00428	0.00428	0.00642	0.00268	0.00268
33	0.00538	0.00384	0.00512	0.00615	0.00641	0.00359	0.00410	0.00615	0.00846	0.01127	0.02434	0.84190	0.02921	0.01384	0.00564	0.00179	0.00256	0.01256	0.00410	0.00359
34	0.00631	0.00473	0.00710	0.00710	0.00789	0.00552	0.00552	0.00789	0.00710	0.01025	0.01183	0.01735	0.01104	0.03312	0.82728	0.00710	0.01183	0.00473	0.00237	0.00394
35	0.00916	0.00785	0.00916	0.00654	0.01047	0.00589	0.00523	0.01112	0.00916	0.01439	0.00785	0.00916	0.00654	0.00327	0.00327	0.00065	0.00327	0.00262	0.00262	0.87178
36	0.01181	0.84744	0.02314	0.00756	0.01134	0.01748	0.00756	0.01323	0.00897	0.01039	0.00614	0.00708	0.00567	0.00378	0.00283	0.00094	0.00472	0.00236	0.00189	0.00567
37	0.00916	0.00785	0.00916	0.00654	0.01047	0.00589	0.00523	0.01112	0.00916	0.01439	0.00785	0.00916	0.00654	0.00327	0.00327	0.00065	0.00327	0.00262	0.00262	0.87178
38	0.00966	0.00966	0.01353	0.01160	0.01160	0.01353	0.00966	0.01063	0.00676	0.01063	0.00580	0.00966	0.00580	0.00773	0.01449	0.00193	0.83670	0.00387	0.00193	0.00483
39	0.00642	0.00428	0.00482	0.00482	0.00482	0.00428	0.00268	0.00642	0.00642	0.00856	0.01392	0.02890	0.01606	0.84478	0.02248	0.00428	0.00428	0.00642	0.00268	0.00268
40	0.01093	0.01049	0.01793	0.02711	0.81723	0.01049	0.01355	0.01355	0.01006	0.01443	0.00831	0.01093	0.00700	0.00394	0.00437	0.00131	0.00525	0.00394	0.00219	0.00700
41	0.01052	0.01004	0.01689	0.15421	0.66251	0.01040	0.01310	0.01357	0.03976	0.01408	0.00860	0.01127	0.00706	0.00409	0.00438	0.00134	0.00528	0.00397	0.00224	0.00666
42	0.01860	0.01018	0.01137	0.00887	0.01222	0.07966	0.00725	0.26132	0.01513	0.50664	0.01441	0.01306	0.00943	0.00534	0.00439	0.00133	0.00446	0.00416	0.00487	0.00731
43	0.01093	0.01049	0.01793	0.02711	0.81723	0.01049	0.01355	0.01355	0.01006	0.01443	0.00831	0.01093	0.00700	0.00394	0.00437	0.00131	0.00525	0.00394	0.00219	0.00700
44	0.00946	0.00935	0.01308	0.01127	0.01130	0.01300	0.00934	0.01043	0.00677	0.01057	0.00622	0.01039	0.00623	0.02723	0.04714	0.00219	0.78536	0.00396	0.00197	0.00475
45	0.01080	0.01036	0.01770	0.06670	0.77863	0.01046	0.01349	0.01344	0.01000	0.01427	0.00829	0.01097	0.00694	0.00396	0.00437	0.00132	0.00528	0.00393	0.00218	0.00689
46	0.00767	0.00384	0.00575	0.00575	0.00575	0.00384	0.00384	0.00575	0.00575	0.00767	0.00767	0.01343	0.00767	0.01534	0.01726	0.87150	0.00384	0.00384	0.00192	0.00192
47	0.00834	0.00785	0.01325	0.83417	0.03042	0.00981	0.01227	0.01128	0.00883	0.01128	0.00785	0.01178	0.00589	0.00442	0.00442	0.00147	0.00589	0.00393	0.00196	0.00491
48	0.00527	0.00448	0.00454	0.00453	0.00600	0.00375	0.00340	0.00644	0.01019	0.01221	0.08252	0.04204	0.77748	0.01108	0.00522	0.00149	0.00223	0.00926	0.00414	0.00375
49	0.00526	0.00448	0.00453	0.00452	0.00599	0.00375	0.00339	0.00642	0.01017	0.01217	0.07610	0.04212	0.78393	0.01110	0.00522	0.00149	0.00223	0.00927	0.00413	0.00375
50	0.01653	0.01998	0.01261	0.01123	0.01366	0.72661	0.00852	0.11456	0.01353	0.01291	0.00729	0.00829	0.00591	0.00464	0.00404	0.00116	0.00758	0.00298	0.00254	0.00542
51	0.01101	0.06250	0.01743	0.05833	0.34090	0.02159	0.15806	0.07595	0.03652	0.01502	0.00862	0.01074	0.00694	0.00408	0.00451	0.00125	0.02457	0.00390	0.00248	0.13561
52	0.05636	0.01006	0.01106	0.00911	0.01179	0.08969	0.05817	0.16820	0.20749	0.18050	0.01303	0.01319	0.00953	0.00619	0.00548	0.08209	0.00445	0.00420	0.05321	0.00620
53	0.00612	0.00477	0.00570	0.00651	0.00700	0.02851	0.00444	0.00777	0.06768	0.01179	0.02335	0.75629	0.02735	0.01298	0.00550	0.00175	0.00279	0.01171	0.00407	0.00388
54	0.00538	0.00384	0.00512	0.00615	0.00641	0.00359	0.00410	0.00615	0.00846	0.01127	0.02434	0.84190	0.02921	0.01384	0.00564	0.00179	0.00256	0.01256	0.00410	0.00359
55	0.01768	0.03120	0.01145	0.00860	0.01201	0.00931	0.00710	0.25949	0.07706	0.47080	0.01481	0.01341	0.00982	0.00535	0.00436	0.00133	0.00408	0.00423	0.00489	0.03301
56	0.00879	0.02236	0.80049	0.01240	0.01879	0.01010	0.01600	0.01384	0.00941	0.01408	0.02910	0.00995	0.00654	0.00432	0.00422	0.00140	0.00641	0.00339	0.00194	0.00647
57	0.00631	0.00473	0.00710	0.00710	0.00789	0.00552	0.00552	0.00789	0.00710	0.01025	0.01183	0.01735	0.01104	0.03312	0.82728	0.00710	0.01183	0.00473	0.00237	0.00394
58	0.01963	0.00781	0.01043	0.00800	0.01142	0.00693	0.00661	0.06881	0.01313	0.77231	0.01701	0.01476	0.01073	0.00546	0.00444	0.00136	0.00382	0.00441	0.00540	0.00752
59	0.00631	0.00472	0.00705	0.00705	0.00782	0.00549	0.00546	0.00785	0.00708	0.01022	0.01188	0.01761	0.01115	0.05105	0.80951	0.00704	0.01166	0.00477	0.00237	0.00392
60	0.00719	0.00470	0.00598	0.00557	0.00674	0.00430	0.00416	0.00902	0.01182	0.07453	0.61695	0.04404	0.10121	0.05797	0.00613	0.00156	0.00235	0.00773	0.02377	0.00428
61	0.00538	0.00384	0.00512	0.00615	0.00641	0.00359	0.00410	0.00615	0.00846	0.01127	0.02434	0.84190	0.02921	0.01384	0.00564	0.00179	0.00256	0.01256	0.00410	0.00359
62	0.01514	0.02273	0.01179	0.23351	0.07312	0.00824	0.00862	0.04739	0.03889	0.44713	0.01380	0.01420	0.00940	0.00516	0.00441	0.00139	0.00447	0.01724	0.01674	0.00661
63	0.00906	0.03603	0.50412	0.01339	0.11935	0.00978	0.04149	0.02965	0.00980	0.01421	0.05527	0.02331	0.05351	0.00505	0.00472	0.00139	0.03676	0.00414	0.00232	0.02663
64	0.60086	0.06600	0.07078	0.00820	0.01143	0.06862	0.09142	0.01353	0.00841	0.01752	0.00663	0.00789	0.00517	0.00408	0.00320	0.00134	0.00449	0.00279	0.00253	0.00512
65	0.59099	0.00820	0.00774	0.00649	0.00945	0.00877	0.00535	0.01583	0.00922	0.28627	0.00990	0.00979	0.00683	0.00455	0.00330	0.00137	0.00353	0.00307	0.00364	0.00569
66	0.00561	0.00444	0.00526	0.00587	0.02546	0.00398	0.00405	0.00683	0.01918	0.01214	0.08203	0.35313	0.40308	0.02441	0.00563	0.00165	0.00251	0.02683	0.00408	0.00381
67	0.00599	0.00446	0.00558	0.00539	0.00646	0.00404	0.00401	0.00780	0.01176	0.01616	0.61344	0.08981	0.18923	0.00977	0.00524	0.00144	0.00215	0.00855	0.00466	0.00404
68	0.00631	0.00473	0.00710	0.00710	0.00789	0.00552	0.00552	0.00789	0.00710	0.01025	0.01183	0.01735	0.01104	0.03312	0.82728	0.00710	0.01183	0.00473	0.00237	0.00394
69	0.01085	0.00934	0.00987	0.00889	0.01134	0.01078	0.00691	0.02302	0.78567	0.01845	0.04157	0.01697	0.01432	0.00608	0.00452	0.00149	0.00345	0.00508	0.00450	0.00691
70	0.00610	0.00458	0.00571	0.00575	0.00687	0.00419	0.00447	0.00786	0.01129	0.01513	0.43934	0.06878	0.24488	0.01035	0.00539	0.00155	0.00249	0.14677	0.00449	0.00401
71	0.01099	0.00949	0.00999	0.00899	0.01148	0.01099	0.00699	0.02347	0.80925	0.01848	0.01798	0.01648	0.01348	0.00599	0.00449	0.00150	0.00350	0.00499	0.00449	0.00699
72	0.01181	0.84744	0.02314	0.00756	0.01134	0.01748	0.00756	0.01323	0.00897	0.01039	0.00614	0.00708	0.00567	0.00378	0.00283	0.00094	0.00472	0.00236	0.00189	0.00567
73	0.00620	0.00451	0.00583	0.00550	0.00657	0.00415	0.00413	0.00824	0.01238	0.01743	0.77712	0.03346	0.07963	0.00913	0.00521	0.00139	0.00209	0.00805	0.00482	0.00415
74	0.01047	0.01416	0.22828	0.06754	0.44248	0.06059	0.04389	0.01369	0.00992	0.01390	0.00809	0.01033	0.00645	0.00403	0.00428	0.00131	0.00578	0.00368	0.00212	0.04902
75	0.01157	0.71330	0.08469	0.00804	0.01187	0.02726	0.00822	0.01331	0.00918	0.02687	0.00736	0.00953	0.00674	0.00427	0.00315	0.00104	0.00486	0.04100	0.00207	0.00569
76	0.00538	0.00384	0.00512	0.00615	0.00641	0.00359	0.00410	0.00615	0.00846	0.01127	0.02434	0.84190	0.02921	0.01384	0.00564	0.00179	0.00256	0.01256	0.00410	0.00359
77	0.01002	0.01031	0.01301	0.01128	0.01152	0.08276	0.00929	0.01105	0.00728	0.01062	0.00629	0.01003	0.00614	0.00916	0.06806	0.00221	0.71035	0.00384	0.00199	0.00480
78	0.00989	0.09597	0.49262	0.01362	0.11559	0.02281	0.04501	0.05238	0.02284	0.01436	0.02734	0.01067	0.01997	0.00454	0.00454	0.00136	0.03432	0.00362	0.00220	0.00636
79	0.00767	0.00384	0.00575	0.00575	0.00575	0.00384	0.00384	0.00575	0.00575	0.00767	0.00767	0.01343	0.00767	0.01534	0.01726	0.87150	0.00384	0.00384	0.00192	0.00192
80	0.00646	0.00487	0.00621	0.00687	0.00805	0.00462	0.00582	0.00818	0.01013	0.01277	0.03074	0.04730	0.29767	0.01185	0.00580	0.00185	0.00344	0.51933	0.00408	0.00395
81	0.00694	0.04621	0.00708	0.01945	0.01843	0.00532	0.00466	0.00949	0.05413	0.01678	0.61044	0.06862	0.04448	0.00848	0.00492	0.00137	0.00242	0.00743	0.05896	0.00440
82	0.01100	0.02495	0.07428	0.05312	0.25946	0.01086	0.24936	0.10136	0.05557	0.02727	0.01018	0.03389	0.01749	0.01530	0.00524	0.00146	0.03556	0.00464	0.00266	0.00634
83	0.00966	0.00966	0.01353	0.01160	0.01160	0.01353	0.00966	0.01063	0.00676	0.01063	0.00580	0.00966	0.00580	0.00773	0.01449	0.00193	0.83670	0.00387	0.00193	0.00483
84	0.00625	0.00430	0.00508	0.00535	0.00559	0.00421	0.00340	0.00665	0.00737	0.00969	0.01853	0.16578	0.06947	0.57122	0.01696	0.00347	0.00385	0.08666	0.00314	0.00303
85	0.01050	0.05312	0.29899	0.01168	0.04438	0.03512	0.08109	0.11014	0.14291	0.01641	0.09858	0.01342	0.01126	0.00528	0.00493	0.00141	0.04719	0.00433	0.00300	0.00626
86	0.00960	0.05939	0.58004	0.01425	0.08972	0.02996	0.10949	0.01423	0.02723	0.01390	0.00819	0.00980	0.00603	0.00414	0.00427	0.00138	0.00640	0.00354	0.00201	0.00644
87	0.00966	0.00966	0.01353	0.01160	0.01160	0.01353	0.00966	0.01063	0.00676	0.01063	0.00580	0.00966	0.00580	0.00773	0.01449	0.00193	0.83670	0.00387	0.00193	0.00483
88	0.03108	0.00794	0.00918	0.00669	0.01047	0.00626	0.00535	0.04252	0.00964	0.03365	0.00853	0.02889	0.00717	0.00367	0.00339	0.00074	0.00333	0.00294	0.00279	0.77577
89	0.00686	0.00481	0.00589	0.00649	0.00711	0.02176	0.00449	0.04940	0.00938	0.04405	0.02273	0.72802	0.02642	0.01265	0.00543	0.00172	0.00283	0.01138	0.02458	0.00400
90	0.00641	0.00432	0.00499	0.00499	0.00505	0.00437	0.00289	0.00653	0.00647	0.00869	0.01376	0.02803	0.01568	0.78377	0.08298	0.00449	0.00485	0.00630	0.00265	0.00277
91	0.02353	0.07358	0.52301	0.03139	0.06689	0.01039	0.08502	0.02709	0.00970	0.01409	0.04380	0.03289	0.01945	0.00474	0.00442	0.00139	0.01629	0.00398	0.00220	0.00616
92	0.00912	0.04167	0.08372	0.52799	0.06472	0.01019	0.09956	0.03914	0.00957	0.01264	0.00888	0.01195	0.02483	0.00442	0.00440	0.00141	0.00583	0.00404	0.00215	0.03377
93	0.00570	0.00433	0.00516	0.00534	0.00634	0.00387	0.00389	0.00708	0.01041	0.01375	0.28585	0.24849	0.32519	0.01108	0.00530	0.00154	0.00231	0.02711	0.02343	0.00385
94	0.01166	0.07394	0.06349	0.00872	0.01208	0.02075	0.02055	0.19793	0.17745	0.03958	0.01214	0.04957	0.02483	0.00523	0.00431	0.00119	0.02473	0.00415	0.00347	0.24424
95	0.05343	0.20089	0.30995	0.01254	0.12473	0.02499	0.04352	0.05387	0.01002	0.04467	0.00875	0.04659	0.00720	0.00455	0.00393	0.00127	0.00537	0.00366	0.00237	0.03770
96	0.01045	0.17943	0.36847	0.01161	0.07120	0.01095	0.05098	0.02432	0.05864	0.07157	0.04059	0.02798	0.00875	0.00517	0.01767	0.00140	0.00544	0.00385	0.02529	0.00622
97	0.00979	0.20394	0.54937	0.01243	0.04746	0.02204	0.06921	0.01386	0.00939	0.01318	0.00760	0.00905	0.00574	0.00407	0.00397	0.00130	0.00616	0.00322	0.00191	0.00630
98	0.00714	0.00675	0.10671	0.00745	0.02158	0.00496	0.00605	0.00886	0.02763	0.06739	0.06100	0.56433	0.03556	0.01145	0.00554	0.01892	0.00323	0.02720	0.00389	0.00436
99	0.01183	0.11006	0.18873	0.01601	0.29402	0.04712	0.03007	0.06062	0.02972	0.10244	0.01075	0.02561	0.02750	0.00480	0.00425	0.00132	0.00527	0.02060	0.00275	0.00652
100	0.04129	0.08047	0.05837	0.02181	0.05916	0.10927	0.04457	0.16806	0.07431	0.25496	0.01224	0.03623	0.00897	0.00518	0.00425	0.00132	0.00493	0.00414	0.00380	0.00664
101	0.01181	0.84744	0.02314	0.00756	0.01134	0.01748	0.00756	0.01323	0.00897	0.01039	0.00614	0.00708	0.00567	0.00378	0.00283	0.00094	0.00472	0.00236	0.00189	0.00567
102	0.00871	0.00733	0.00862	0.02515	0.02165	0.00579	0.00524	0.02280	0.00948	0.01432	0.02310	0.02964	0.09618	0.00455	0.00361	0.00083	0.00319	0.00374	0.03527	0.67080
103	0.00558	0.00440	0.00503	0.00506	0.00623	0.00385	0.00372	0.00697	0.01064	0.01373	0.29388	0.14915	0.45437	0.01084	0.00527	0.00150	0.00223	0.00933	0.00435	0.00385
104	0.00755	0.00559	0.00694	0.00658	0.02204	0.00555	0.00490	0.04154	0.10610	0.03625	0.55303	0.02927	0.09489	0.00980	0.04873	0.00171	0.00298	0.00725	0.00458	0.00471
105	0.01041	0.16164	0.42259	0.01124	0.06138	0.02538	0.01195	0.04848	0.00996	0.04223	0.00806	0.00923	0.00612	0.00405	0.00383	0.00118	0.00545	0.00310	0.00226	0.15145
106	0.01096	0.01028	0.01709	0.04830	0.73217	0.02288	0.01294	0.01352	0.01010	0.03235	0.02294	0.01154	0.00774	0.00473	0.02254	0.00144	0.00536	0.00402	0.00231	0.00680
107	0.00537	0.00390	0.00507	0.00600	0.00637	0.00360	0.00404	0.00617	0.00860	0.01133	0.02611	0.77278	0.09719	0.01361	0.00560	0.00177	0.00253	0.01228	0.00410	0.00360
108	0.00612	0.00449	0.00641	0.00663	0.00721	0.00496	0.00489	0.00734	0.00731	0.01028	0.01477	0.19665	0.01554	0.12232	0.55737	0.00563	0.00896	0.00662	0.00278	0.00372

[dist]
# distance from previous block
# <min> <max>
0	2

[block]
# block no. 4 follows, 59 sequences, length 23
# corresponding to MSA columns:
# 357-375,377-380
name=unknown_E
#
# <colnr> <probs for GDERKNQSTAVLIFYWHMCP>
#	G	D	E	R	K	N	Q	S	T	A	V	L	I	F	Y	W	H	M	C	P
0	0.01155	0.19005	0.38618	0.01148	0.01627	0.09943	0.07637	0.07107	0.01060	0.05411	0.00813	0.00931	0.00612	0.00434	0.00427	0.00129	0.02756	0.00332	0.00231	0.00623
1	0.01496	0.01101	0.01211	0.06205	0.01381	0.01224	0.00803	0.57699	0.12018	0.04296	0.01181	0.01196	0.00853	0.00533	0.00433	0.00134	0.00452	0.00412	0.06670	0.00703
2	0.01440	0.01119	0.01191	0.00968	0.01279	0.01258	0.00782	0.48220	0.34496	0.02399	0.01363	0.01302	0.00997	0.00559	0.00445	0.00140	0.00430	0.00439	0.00445	0.00730
3	0.00886	0.02285	0.82190	0.01259	0.01912	0.01026	0.01632	0.01399	0.00932	0.01399	0.00793	0.00932	0.00559	0.00420	0.00420	0.00140	0.00653	0.00326	0.00186	0.00653
4	0.00886	0.02285	0.82190	0.01259	0.01912	0.01026	0.01632	0.01399	0.00932	0.01399	0.00793	0.00932	0.00559	0.00420	0.00420	0.00140	0.00653	0.00326	0.00186	0.00653
5	0.82140	0.00848	0.00673	0.00594	0.00872	0.00969	0.00489	0.01353	0.00784	0.07085	0.00687	0.00768	0.00518	0.00419	0.00284	0.00137	0.00344	0.00252	0.00291	0.00496
6	0.01069	0.01041	0.02059	0.01722	0.14628	0.00982	0.49899	0.01400	0.03113	0.07970	0.01387	0.01564	0.10011	0.00481	0.00500	0.00145	0.00610	0.00541	0.00276	0.00602
7	0.01093	0.01049	0.01793	0.02711	0.81723	0.01049	0.01355	0.01355	0.01006	0.01443	0.00831	0.01093	0.00700	0.00394	0.00437	0.00131	0.00525	0.00394	0.00219	0.00700
8	0.00625	0.00451	0.00590	0.00556	0.00660	0.00417	0.00417	0.00833	0.01250	0.01771	0.81490	0.03299	0.04167	0.00903	0.00521	0.00139	0.00208	0.00799	0.00486	0.00417
9	0.01138	0.02625	0.06195	0.00887	0.01164	0.01042	0.00741	0.13385	0.49774	0.04547	0.12046	0.01710	0.01557	0.00612	0.00452	0.00144	0.00373	0.00506	0.00434	0.00666
10	0.00834	0.00785	0.01325	0.83417	0.03042	0.00981	0.01227	0.01128	0.00883	0.01128	0.00785	0.01178	0.00589	0.00442	0.00442	0.00147	0.00589	0.00393	0.00196	0.00491
11	0.01578	0.01967	0.01215	0.01110	0.01334	0.74089	0.00838	0.01773	0.06738	0.01143	0.00820	0.01007	0.00694	0.00493	0.00409	0.00120	0.00751	0.03151	0.00249	0.00521
12	0.01238	0.01376	0.06137	0.02013	0.43742	0.19739	0.06382	0.06756	0.01114	0.01425	0.00800	0.01014	0.00657	0.00438	0.00490	0.00132	0.05302	0.00373	0.00233	0.00639
13	0.87598	0.00854	0.00649	0.00581	0.00854	0.00991	0.00478	0.01298	0.00752	0.01982	0.00615	0.00717	0.00478	0.00410	0.00273	0.00137	0.00342	0.00239	0.00273	0.00478
14	0.01254	0.36267	0.11597	0.01013	0.03955	0.07796	0.04206	0.20510	0.01220	0.01543	0.00867	0.05046	0.00745	0.00519	0.01559	0.00127	0.00536	0.00362	0.00267	0.00610
15	0.01142	0.01165	0.01703	0.02344	0.61967	0.10457	0.03130	0.01372	0.00999	0.01360	0.00788	0.01048	0.00671	0.00441	0.00543	0.00136	0.09479	0.00383	0.00217	0.00652
16	0.00668	0.00469	0.00544	0.00519	0.00569	0.00449	0.00318	0.00702	0.00687	0.00945	0.01364	0.06671	0.01539	0.66834	0.05743	0.00387	0.00444	0.00621	0.00273	0.10255
17	0.00575	0.00417	0.00562	0.00638	0.00688	0.00401	0.00453	0.00682	0.00871	0.01175	0.06704	0.60650	0.04030	0.01542	0.09993	0.00238	0.00374	0.07807	0.00392	0.01811
18	0.01865	0.00776	0.01063	0.00829	0.01131	0.00730	0.00686	0.02027	0.01197	0.72734	0.01609	0.01442	0.01034	0.00573	0.00560	0.00143	0.09938	0.00438	0.00506	0.00721
19	0.00647	0.00487	0.00582	0.00535	0.00683	0.00427	0.00407	0.00829	0.01125	0.01572	0.46272	0.03187	0.23034	0.00871	0.00487	0.00132	0.00229	0.02089	0.06039	0.10365
20	0.00703	0.10112	0.00715	0.00536	0.00587	0.00592	0.00352	0.00735	0.00678	0.00894	0.01281	0.02524	0.01436	0.66702	0.10075	0.00418	0.00509	0.00579	0.00255	0.00315
21	0.00938	0.10482	0.01523	0.47985	0.20379	0.01069	0.02400	0.01240	0.03836	0.01240	0.02944	0.01237	0.00764	0.00452	0.00429	0.00138	0.00542	0.01629	0.00221	0.00552
22	0.00832	0.00766	0.01276	0.70191	0.06447	0.00930	0.01173	0.01114	0.00904	0.01165	0.00965	0.01610	0.00818	0.00529	0.00461	0.00153	0.00565	0.09388	0.00221	0.00491

[dist]
# distance from previous block
# <min> <max>
0	195

# created by:
# /st0/software/busco_prod/Augustus/scripts/msa2prfl.pl ./align_prep/97090.fa
