[name]
unknown

[dist]
# distance from previous block
# <min> <max>
0	240

[block]
# block no. 0 follows, 57 sequences, length 76
# corresponding to MSA columns:
# 240-315
name=unknown_A
#
# <colnr> <probs for GDERKNQSTAVLIFYWHMCP>
#	G	D	E	R	K	N	Q	S	T	A	V	L	I	F	Y	W	H	M	C	P
0	0.01204	0.00979	0.04013	0.00924	0.01177	0.02278	0.00774	0.22599	0.22919	0.06074	0.01681	0.03543	0.03859	0.02848	0.00589	0.00165	0.04699	0.15917	0.00416	0.03341
1	0.01509	0.01108	0.08418	0.05177	0.01381	0.03665	0.00850	0.24095	0.13732	0.25597	0.03663	0.02975	0.01154	0.00599	0.00464	0.00145	0.00459	0.03867	0.00442	0.00700
2	0.03817	0.04161	0.21139	0.00943	0.01315	0.00995	0.00916	0.16649	0.16335	0.05709	0.09532	0.05725	0.01340	0.00600	0.00446	0.00139	0.00448	0.01736	0.00368	0.07689
3	0.01257	0.18227	0.22408	0.01193	0.04912	0.22331	0.03984	0.01504	0.01025	0.05367	0.00774	0.00926	0.00621	0.00481	0.00541	0.00133	0.11571	0.00329	0.00227	0.02188
4	0.04040	0.08999	0.45793	0.01165	0.01685	0.01160	0.05481	0.09395	0.13439	0.03101	0.01002	0.01081	0.00733	0.00466	0.00426	0.00141	0.00577	0.00372	0.00271	0.00672
5	0.01023	0.03981	0.01407	0.51348	0.02456	0.02562	0.06399	0.05862	0.13057	0.04060	0.02777	0.01309	0.00834	0.00490	0.00455	0.00148	0.00555	0.00432	0.00276	0.00569
6	0.02825	0.01118	0.12670	0.00886	0.01122	0.11433	0.00786	0.02681	0.08934	0.08796	0.18942	0.07067	0.09366	0.00749	0.00599	0.00150	0.10377	0.00589	0.00368	0.00543
7	0.00588	0.00474	0.00567	0.04782	0.00774	0.00445	0.00435	0.00724	0.00995	0.01266	0.14937	0.11357	0.45023	0.04933	0.10432	0.00236	0.00377	0.00870	0.00393	0.00392
8	0.00706	0.00506	0.00652	0.00648	0.00714	0.00542	0.00467	0.04818	0.00814	0.01111	0.01546	0.06149	0.04005	0.34569	0.34124	0.00502	0.00738	0.06724	0.00293	0.00371
9	0.01758	0.00866	0.03641	0.00955	0.04132	0.00815	0.00774	0.01959	0.02813	0.60411	0.02689	0.01450	0.01057	0.00595	0.00621	0.00150	0.13674	0.00447	0.00476	0.00716
10	0.01107	0.01043	0.01766	0.02660	0.77085	0.01043	0.01335	0.01373	0.01028	0.01491	0.00885	0.01151	0.00741	0.00410	0.00442	0.00133	0.00521	0.00405	0.04679	0.00703
11	0.00569	0.00419	0.00563	0.00689	0.03166	0.00391	0.00447	0.00656	0.00881	0.01170	0.02554	0.77108	0.06952	0.01374	0.00572	0.00181	0.00270	0.01244	0.00415	0.00380
12	0.00931	0.05254	0.72010	0.01313	0.04361	0.01098	0.01596	0.01412	0.00944	0.01404	0.00796	0.00955	0.00580	0.00448	0.00483	0.00144	0.05081	0.00337	0.00193	0.00659
13	0.01921	0.00840	0.05195	0.00822	0.01179	0.00677	0.00709	0.02116	0.01279	0.74316	0.04830	0.01584	0.01217	0.00568	0.00457	0.00140	0.00394	0.00464	0.00539	0.00753
14	0.00681	0.00483	0.00603	0.00652	0.00751	0.00456	0.00490	0.00865	0.05078	0.04803	0.06191	0.39708	0.20183	0.01227	0.00565	0.00177	0.00293	0.15945	0.00432	0.00419
15	0.01080	0.01033	0.01747	0.06102	0.73739	0.01038	0.01331	0.01342	0.01026	0.01453	0.01043	0.01292	0.04857	0.00444	0.00453	0.00136	0.00525	0.00432	0.00233	0.00691
16	0.01068	0.45422	0.40042	0.01020	0.01542	0.01441	0.01202	0.01394	0.00938	0.01241	0.00717	0.00836	0.00578	0.00408	0.00357	0.00119	0.00572	0.00286	0.00193	0.00623
17	0.00577	0.00499	0.00593	0.00549	0.00711	0.00428	0.04443	0.00719	0.01069	0.01316	0.14795	0.04066	0.66475	0.01078	0.00535	0.00152	0.00255	0.00916	0.00422	0.00400
18	0.00888	0.00832	0.01374	0.73323	0.08311	0.01018	0.01239	0.01238	0.05016	0.01218	0.00862	0.01227	0.00652	0.00458	0.00453	0.00150	0.00587	0.00408	0.00216	0.00529
19	0.03368	0.14238	0.01398	0.00946	0.01277	0.10021	0.02131	0.29742	0.08326	0.18987	0.02774	0.01269	0.00945	0.00537	0.00427	0.00132	0.00489	0.01902	0.00405	0.00688
20	0.01122	0.01077	0.01839	0.02781	0.81248	0.01077	0.01391	0.01391	0.01032	0.01480	0.00852	0.01122	0.00718	0.00404	0.00449	0.00135	0.00538	0.00404	0.00224	0.00718
21	0.01185	0.00974	0.01036	0.00921	0.01184	0.01116	0.00719	0.04809	0.74519	0.05420	0.01818	0.01665	0.01353	0.00610	0.00461	0.00153	0.00364	0.00507	0.00465	0.00721
22	0.00565	0.00504	0.03493	0.00570	0.00689	0.00406	0.00434	0.00687	0.00978	0.01237	0.07383	0.35419	0.42181	0.01219	0.00550	0.00165	0.00261	0.02452	0.00416	0.00390
23	0.01147	0.01256	0.09907	0.01611	0.04901	0.01128	0.46358	0.05041	0.10821	0.06527	0.01060	0.01250	0.00788	0.00459	0.00561	0.00153	0.05618	0.00489	0.00282	0.00644
24	0.00560	0.00400	0.00535	0.00640	0.00669	0.00375	0.00434	0.00644	0.00875	0.01165	0.02493	0.80405	0.02980	0.01412	0.00580	0.00185	0.00270	0.04587	0.00420	0.00370
25	0.00925	0.06669	0.77542	0.01264	0.01919	0.01091	0.01627	0.01431	0.00955	0.01416	0.00804	0.00945	0.00574	0.00428	0.00423	0.00141	0.00660	0.00330	0.00191	0.00665
26	0.01093	0.01043	0.01757	0.11428	0.69808	0.01071	0.01351	0.01403	0.03944	0.01461	0.00884	0.01152	0.00730	0.00417	0.00450	0.00137	0.00539	0.00408	0.00231	0.00694
27	0.00595	0.00432	0.00570	0.00663	0.00721	0.00407	0.00488	0.00710	0.00931	0.01221	0.03919	0.56634	0.09900	0.01347	0.00585	0.00186	0.00296	0.19594	0.00421	0.00382
28	0.01111	0.01066	0.01820	0.05946	0.78166	0.01074	0.01385	0.01381	0.01027	0.01468	0.00850	0.01125	0.00713	0.00406	0.00449	0.00135	0.00541	0.00404	0.00223	0.00709
29	0.01177	0.00870	0.01445	0.10035	0.01617	0.02209	0.23537	0.04884	0.04866	0.19150	0.08617	0.12436	0.01535	0.00679	0.00510	0.00155	0.00500	0.04814	0.00379	0.00587
30	0.01020	0.00939	0.01409	0.54006	0.15883	0.04035	0.01200	0.09750	0.01080	0.01403	0.00910	0.01337	0.00728	0.00490	0.00458	0.00148	0.00581	0.03812	0.00243	0.00565
31	0.00537	0.00452	0.00467	0.00479	0.00617	0.00381	0.00353	0.00648	0.01014	0.01216	0.04348	0.13551	0.72031	0.01179	0.00541	0.00157	0.00233	0.00995	0.00421	0.00381
32	0.00571	0.00437	0.00518	0.00559	0.00647	0.00392	0.00399	0.00684	0.00983	0.01264	0.13621	0.34665	0.33172	0.05602	0.00649	0.00181	0.00260	0.04594	0.00423	0.00379
33	0.01072	0.01229	0.06128	0.08641	0.13141	0.11689	0.32091	0.01368	0.02319	0.01338	0.01002	0.06778	0.00872	0.02946	0.01778	0.00165	0.04340	0.00507	0.02024	0.00572
34	0.00915	0.02300	0.78641	0.01316	0.01977	0.01056	0.04717	0.01436	0.00961	0.01436	0.00817	0.00967	0.00578	0.00429	0.00435	0.00144	0.00673	0.00343	0.00193	0.00667
35	0.00627	0.00463	0.00585	0.00555	0.00668	0.00421	0.00416	0.00827	0.01248	0.01735	0.70402	0.03520	0.14934	0.00957	0.00535	0.00144	0.00216	0.00838	0.00488	0.00421
36	0.00929	0.02024	0.63396	0.10348	0.11613	0.01050	0.01595	0.01400	0.00960	0.01410	0.00817	0.01004	0.00595	0.00430	0.00435	0.00143	0.00647	0.00350	0.00196	0.00657
37	0.03141	0.01051	0.01397	0.01100	0.01401	0.09040	0.19344	0.18464	0.02483	0.17296	0.01471	0.13091	0.03580	0.00642	0.00479	0.00145	0.00512	0.00577	0.04169	0.00618
38	0.13056	0.01096	0.01339	0.01206	0.09059	0.02643	0.09919	0.24305	0.27459	0.02074	0.01247	0.02554	0.00951	0.00531	0.00442	0.00145	0.00469	0.00446	0.00380	0.00681
39	0.01074	0.45910	0.37545	0.01033	0.01547	0.01448	0.03165	0.01394	0.00940	0.01239	0.00718	0.00841	0.00581	0.00407	0.00359	0.00119	0.00574	0.00291	0.00194	0.00621
40	0.01197	0.11111	0.02266	0.06680	0.06304	0.01158	0.48627	0.01504	0.01057	0.11587	0.00973	0.01190	0.00724	0.00424	0.00515	0.00145	0.03182	0.00470	0.00264	0.00623
41	0.00909	0.02344	0.81727	0.01292	0.01961	0.01052	0.01674	0.01435	0.00957	0.01435	0.00813	0.00957	0.00574	0.00431	0.00431	0.00144	0.00670	0.00335	0.00191	0.00670
42	0.11404	0.14894	0.56008	0.01120	0.01676	0.01179	0.01358	0.02894	0.00944	0.01468	0.00762	0.00898	0.00569	0.00434	0.00418	0.00137	0.02685	0.00313	0.00208	0.00632
43	0.01091	0.01051	0.01808	0.11475	0.70767	0.01071	0.03352	0.01367	0.01019	0.01445	0.00849	0.01133	0.00705	0.00409	0.00451	0.00137	0.00551	0.00407	0.00222	0.00692
44	0.00900	0.00516	0.00479	0.00468	0.00584	0.04032	0.00353	0.02713	0.00989	0.01688	0.01436	0.01639	0.01128	0.00526	0.00324	0.00107	0.00244	0.00416	0.81025	0.00434
45	0.00551	0.00400	0.00520	0.00617	0.00654	0.00369	0.00414	0.00633	0.00881	0.01162	0.02670	0.77247	0.09418	0.01397	0.00575	0.00181	0.00260	0.01261	0.00421	0.00369
46	0.02666	0.07368	0.04558	0.00895	0.01158	0.00917	0.05343	0.17302	0.10206	0.12888	0.03262	0.19181	0.04501	0.00798	0.00488	0.00154	0.00414	0.06892	0.00412	0.00597
47	0.00957	0.10568	0.65061	0.01306	0.01924	0.01138	0.10051	0.01429	0.00965	0.01399	0.00806	0.00962	0.00587	0.00421	0.00428	0.00140	0.00661	0.00347	0.00196	0.00654
48	0.00647	0.00485	0.00728	0.00728	0.00809	0.00566	0.00566	0.00809	0.00728	0.01052	0.01214	0.01780	0.01133	0.03398	0.82279	0.00728	0.01214	0.00485	0.00243	0.00405
49	0.01051	0.01004	0.01711	0.24146	0.60437	0.01058	0.01355	0.01329	0.00998	0.01394	0.00840	0.01145	0.00687	0.00417	0.00450	0.00139	0.00556	0.00403	0.00218	0.00661
50	0.01052	0.01114	0.02226	0.17697	0.18338	0.01111	0.47164	0.02998	0.01052	0.01430	0.00886	0.01197	0.00679	0.00403	0.00500	0.00148	0.00682	0.00480	0.00227	0.00615
51	0.00909	0.02344	0.81727	0.01292	0.01961	0.01052	0.01674	0.01435	0.00957	0.01435	0.00813	0.00957	0.00574	0.00431	0.00431	0.00144	0.00670	0.00335	0.00191	0.00670
52	0.00705	0.00504	0.00702	0.00806	0.00900	0.00500	0.00687	0.00896	0.01019	0.01328	0.02413	0.16064	0.02662	0.01275	0.00619	0.00205	0.00396	0.67491	0.00418	0.00410
53	0.01056	0.42179	0.43180	0.01041	0.01573	0.01412	0.01238	0.01397	0.00939	0.01256	0.00724	0.00845	0.00578	0.00410	0.00363	0.00121	0.00580	0.00290	0.00193	0.00627
54	0.00729	0.00528	0.00700	0.00735	0.00791	0.00557	0.00536	0.04241	0.00930	0.04683	0.02171	0.62396	0.02509	0.01260	0.00679	0.00183	0.10257	0.05293	0.00401	0.00421
55	0.00552	0.00394	0.00526	0.00631	0.00657	0.00368	0.00421	0.00631	0.00868	0.01157	0.02498	0.83779	0.02997	0.01420	0.00578	0.00184	0.00263	0.01288	0.00421	0.00368
56	0.00724	0.00574	0.00884	0.00879	0.01004	0.00563	0.09189	0.00956	0.04406	0.01347	0.05694	0.29445	0.02543	0.01169	0.00590	0.00189	0.00394	0.38612	0.00403	0.00436
57	0.01050	0.01357	0.12172	0.01836	0.02319	0.01135	0.70240	0.01450	0.01056	0.01450	0.00904	0.01190	0.00674	0.00388	0.00522	0.00152	0.00753	0.00511	0.00225	0.00618
58	0.00909	0.02344	0.81727	0.01292	0.01961	0.01052	0.01674	0.01435	0.00957	0.01435	0.00813	0.00957	0.00574	0.00431	0.00431	0.00144	0.00670	0.00335	0.00191	0.00670
59	0.01122	0.01077	0.01839	0.02781	0.81248	0.01077	0.01391	0.01391	0.01032	0.01480	0.00852	0.01122	0.00718	0.00404	0.00449	0.00135	0.00538	0.00404	0.00224	0.00718
60	0.00730	0.00522	0.00730	0.00835	0.00939	0.00522	0.00730	0.00939	0.01043	0.01356	0.02399	0.05111	0.02608	0.01252	0.00626	0.00209	0.00417	0.78199	0.00417	0.00417
61	0.01878	0.01019	0.01205	0.00924	0.01280	0.01034	0.00763	0.40814	0.01712	0.42371	0.01439	0.01316	0.00947	0.00552	0.00454	0.00138	0.00442	0.00432	0.00507	0.00771
62	0.00991	0.00991	0.01388	0.01190	0.01190	0.01388	0.00991	0.01091	0.00694	0.01091	0.00595	0.00991	0.00595	0.00793	0.01487	0.00198	0.83246	0.00397	0.00198	0.00496
63	0.00641	0.00463	0.00606	0.00570	0.00677	0.00428	0.00428	0.00855	0.01283	0.01817	0.81009	0.03385	0.04276	0.00926	0.00534	0.00143	0.00214	0.00819	0.00499	0.00428
64	0.00909	0.02344	0.81727	0.01292	0.01961	0.01052	0.01674	0.01435	0.00957	0.01435	0.00813	0.00957	0.00574	0.00431	0.00431	0.00144	0.00670	0.00335	0.00191	0.00670
65	0.00909	0.02344	0.81727	0.01292	0.01961	0.01052	0.01674	0.01435	0.00957	0.01435	0.00813	0.00957	0.00574	0.00431	0.00431	0.00144	0.00670	0.00335	0.00191	0.00670
66	0.00552	0.00394	0.00526	0.00631	0.00657	0.00368	0.00421	0.00631	0.00868	0.01157	0.02498	0.83779	0.02997	0.01420	0.00578	0.00184	0.00263	0.01288	0.00421	0.00368
67	0.00856	0.00805	0.01359	0.82986	0.03121	0.01007	0.01258	0.01158	0.00906	0.01158	0.00805	0.01208	0.00604	0.00453	0.00453	0.00151	0.00604	0.00403	0.00201	0.00503
68	0.01070	0.01222	0.02674	0.01910	0.02368	0.01146	0.79603	0.01451	0.01070	0.01451	0.00917	0.01222	0.00688	0.00382	0.00535	0.00153	0.00764	0.00535	0.00229	0.00611
69	0.00536	0.00459	0.00459	0.00459	0.00612	0.00383	0.00344	0.00650	0.01033	0.01224	0.04590	0.04361	0.81065	0.01148	0.00536	0.00153	0.00230	0.00956	0.00421	0.00383
70	0.00991	0.00991	0.01388	0.01190	0.01190	0.01388	0.00991	0.01091	0.00694	0.01091	0.00595	0.00991	0.00595	0.00793	0.01487	0.00198	0.83246	0.00397	0.00198	0.00496
71	0.02020	0.00793	0.01065	0.00816	0.01167	0.00698	0.00674	0.05534	0.01333	0.78187	0.01758	0.01523	0.01107	0.00560	0.00456	0.00140	0.00390	0.00454	0.00556	0.00771
72	0.01211	0.84348	0.02374	0.00775	0.01163	0.01793	0.00775	0.01357	0.00921	0.01066	0.00630	0.00727	0.00582	0.00388	0.00291	0.00097	0.00485	0.00242	0.00194	0.00582
73	0.00536	0.00459	0.00459	0.00459	0.00612	0.00383	0.00344	0.00650	0.01033	0.01224	0.04590	0.04361	0.81065	0.01148	0.00536	0.00153	0.00230	0.00956	0.00421	0.00383
74	0.01693	0.02160	0.01284	0.01167	0.01401	0.82256	0.00876	0.01809	0.01284	0.01109	0.00700	0.00817	0.00584	0.00467	0.00409	0.00117	0.00817	0.00292	0.00233	0.00525
75	0.01856	0.10858	0.01230	0.00824	0.01173	0.00878	0.00694	0.08964	0.03876	0.61107	0.02820	0.01437	0.01083	0.00546	0.00437	0.00135	0.00404	0.00433	0.00503	0.00741

[dist]
# distance from previous block
# <min> <max>
0	7

[block]
# block no. 1 follows, 57 sequences, length 24
# corresponding to MSA columns:
# 339-362
name=unknown_B
#
# <colnr> <probs for GDERKNQSTAVLIFYWHMCP>
#	G	D	E	R	K	N	Q	S	T	A	V	L	I	F	Y	W	H	M	C	P
0	0.00730	0.00522	0.00730	0.00835	0.00939	0.00522	0.00730	0.00939	0.01043	0.01356	0.02399	0.05111	0.02608	0.01252	0.00626	0.00209	0.00417	0.78199	0.00417	0.00417
1	0.00916	0.02300	0.78971	0.01343	0.04697	0.01053	0.01664	0.01433	0.00959	0.01437	0.00815	0.00962	0.00579	0.00430	0.00431	0.00143	0.00665	0.00337	0.00192	0.00671
2	0.16505	0.01318	0.01093	0.00939	0.01221	0.23738	0.00739	0.17013	0.20596	0.09370	0.01204	0.01191	0.02088	0.00529	0.00414	0.00136	0.00513	0.00386	0.00373	0.00634
3	0.00627	0.00463	0.00586	0.00555	0.00668	0.00421	0.00416	0.00827	0.01248	0.01736	0.70519	0.03519	0.14816	0.00957	0.00535	0.00144	0.00216	0.00838	0.00488	0.00421
4	0.00543	0.00461	0.00470	0.00474	0.00625	0.00388	0.00359	0.00661	0.01033	0.01229	0.04506	0.04390	0.78025	0.01152	0.00539	0.00155	0.00237	0.03949	0.00421	0.00384
5	0.01116	0.01073	0.01820	0.02712	0.77784	0.01090	0.01373	0.01378	0.01017	0.01464	0.00841	0.01116	0.00712	0.00421	0.00494	0.00137	0.04117	0.00403	0.00223	0.00708
6	0.01070	0.01189	0.02486	0.01956	0.11203	0.01156	0.65038	0.01418	0.01038	0.01428	0.00886	0.01194	0.00684	0.00414	0.00594	0.00154	0.06740	0.00510	0.00226	0.00615
7	0.01762	0.00850	0.01057	0.00849	0.01174	0.00829	0.00689	0.05655	0.23807	0.55496	0.01773	0.01565	0.01181	0.00575	0.00457	0.00144	0.00383	0.00470	0.00528	0.00756
8	0.00965	0.08415	0.63315	0.01482	0.14154	0.01113	0.01562	0.01422	0.00966	0.01414	0.00805	0.00965	0.00597	0.00423	0.00423	0.00139	0.00635	0.00338	0.00197	0.00670
9	0.00940	0.08263	0.72490	0.01318	0.05334	0.01107	0.01596	0.01427	0.00957	0.01410	0.00802	0.00947	0.00581	0.00426	0.00421	0.00140	0.00651	0.00331	0.00193	0.00665
10	0.04991	0.01266	0.01190	0.00960	0.01283	0.20558	0.00771	0.26443	0.01536	0.34529	0.01263	0.01195	0.00859	0.00528	0.00437	0.00133	0.00524	0.00393	0.00438	0.00701
11	0.00884	0.00845	0.01501	0.56434	0.06021	0.00968	0.13304	0.01185	0.00954	0.01242	0.01031	0.01712	0.00881	0.00543	0.00488	0.00158	0.00602	0.10493	0.00235	0.00518
12	0.03233	0.01427	0.01238	0.01057	0.01336	0.29111	0.04676	0.15763	0.29163	0.04849	0.01295	0.01285	0.02450	0.00544	0.00443	0.00137	0.00560	0.00420	0.00369	0.00646
13	0.00874	0.00824	0.01391	0.77582	0.08385	0.01011	0.01267	0.01173	0.00915	0.01179	0.00809	0.01202	0.00612	0.00450	0.00453	0.00150	0.00600	0.00403	0.00203	0.00518
14	0.01754	0.01070	0.01314	0.01185	0.11653	0.01104	0.00861	0.42418	0.01696	0.30269	0.01303	0.01252	0.00887	0.00532	0.00454	0.00137	0.00464	0.00424	0.00461	0.00764
15	0.00670	0.00531	0.00766	0.21867	0.01313	0.00563	0.00658	0.00828	0.00936	0.01227	0.09762	0.31177	0.09793	0.05839	0.00670	0.02194	0.00374	0.10068	0.00358	0.00407
16	0.05623	0.24830	0.29243	0.01040	0.01490	0.11434	0.01092	0.13144	0.05393	0.01558	0.00835	0.00923	0.00645	0.00449	0.00386	0.00126	0.00578	0.00320	0.00255	0.00636
17	0.01226	0.00967	0.01054	0.10199	0.01370	0.09861	0.00802	0.09542	0.21277	0.12335	0.01651	0.02252	0.03009	0.00787	0.02444	0.00172	0.02499	0.17558	0.00397	0.00599
18	0.01991	0.00796	0.01062	0.00819	0.01167	0.00709	0.00675	0.05068	0.04033	0.75942	0.01764	0.01531	0.01118	0.00562	0.00456	0.00141	0.00389	0.00456	0.00553	0.00769
19	0.01306	0.01255	0.01415	0.07662	0.31949	0.20567	0.01035	0.11239	0.02721	0.05869	0.04037	0.05194	0.02685	0.00536	0.00452	0.00135	0.00562	0.00452	0.00300	0.00631
20	0.00787	0.00718	0.01180	0.58073	0.04313	0.00847	0.02747	0.01035	0.00912	0.01175	0.01359	0.18176	0.05481	0.00685	0.00485	0.00157	0.00516	0.00616	0.00259	0.00477
21	0.00595	0.00469	0.00568	0.00590	0.00672	0.00450	0.00426	0.00706	0.00971	0.01265	0.14941	0.32398	0.31072	0.05624	0.00704	0.00182	0.05250	0.02321	0.00411	0.00386
22	0.00932	0.00904	0.01273	0.01110	0.01124	0.01245	0.00918	0.01042	0.00700	0.01084	0.00702	0.01128	0.00688	0.01245	0.15514	0.00290	0.69004	0.00412	0.00206	0.00480
23	0.01167	0.17508	0.46258	0.01164	0.01669	0.22136	0.01301	0.01517	0.01034	0.01282	0.00750	0.00878	0.00578	0.00432	0.00399	0.00128	0.00673	0.00307	0.00203	0.00616

[dist]
# distance from previous block
# <min> <max>
0	1

[block]
# block no. 2 follows, 57 sequences, length 35
# corresponding to MSA columns:
# 364-392,409-414
name=unknown_C
#
# <colnr> <probs for GDERKNQSTAVLIFYWHMCP>
#	G	D	E	R	K	N	Q	S	T	A	V	L	I	F	Y	W	H	M	C	P
0	0.01069	0.40764	0.42617	0.01047	0.01574	0.03345	0.01234	0.01407	0.00948	0.01254	0.00725	0.00846	0.00578	0.00411	0.00364	0.00121	0.00586	0.00290	0.00194	0.00625
1	0.00647	0.00485	0.00728	0.00728	0.00809	0.00566	0.00566	0.00809	0.00728	0.01052	0.01214	0.01780	0.01133	0.03398	0.82279	0.00728	0.01214	0.00485	0.00243	0.00405
2	0.00840	0.00785	0.01448	0.23626	0.03945	0.00806	0.24301	0.01089	0.00982	0.02706	0.06773	0.25901	0.01639	0.00767	0.00524	0.00161	0.00515	0.02389	0.00306	0.00499
3	0.01089	0.00801	0.00955	0.00690	0.01085	0.00612	0.00555	0.01286	0.00988	0.12395	0.00939	0.01022	0.00733	0.00366	0.00352	0.00077	0.00342	0.00294	0.00308	0.75111
4	0.00552	0.00394	0.00526	0.00631	0.00657	0.00368	0.00421	0.00631	0.00868	0.01157	0.02498	0.83779	0.02997	0.01420	0.00578	0.00184	0.00263	0.01288	0.00421	0.00368
5	0.01122	0.01077	0.01839	0.02781	0.81248	0.01077	0.01391	0.01391	0.01032	0.01480	0.00852	0.01122	0.00718	0.00404	0.00449	0.00135	0.00538	0.00404	0.00224	0.00718
6	0.06378	0.09320	0.01206	0.00936	0.01090	0.07290	0.00770	0.04062	0.05286	0.09646	0.01100	0.06934	0.01003	0.01077	0.11931	0.00239	0.27537	0.03365	0.00296	0.00533
7	0.01084	0.43782	0.30704	0.01114	0.01612	0.01441	0.11842	0.01398	0.00954	0.01250	0.00734	0.00876	0.00593	0.00402	0.00374	0.00121	0.00589	0.00315	0.00198	0.00617
8	0.00567	0.00460	0.00502	0.00492	0.00631	0.00396	0.00369	0.00711	0.01106	0.01399	0.27068	0.04074	0.58478	0.01083	0.00535	0.00150	0.00225	0.00916	0.00444	0.00396
9	0.01211	0.84348	0.02374	0.00775	0.01163	0.01793	0.00775	0.01357	0.00921	0.01066	0.00630	0.00727	0.00582	0.00388	0.00291	0.00097	0.00485	0.00242	0.00194	0.00582
10	0.00877	0.00833	0.01290	0.53166	0.02392	0.02517	0.02885	0.01150	0.03451	0.01179	0.00996	0.09306	0.00898	0.00625	0.00651	0.00163	0.15031	0.01859	0.00236	0.00497
11	0.00666	0.00480	0.00654	0.00753	0.00837	0.00468	0.00617	0.00831	0.00990	0.01289	0.02543	0.28834	0.06824	0.01297	0.00607	0.00198	0.00361	0.50932	0.00418	0.00401
12	0.00856	0.00805	0.01359	0.82986	0.03121	0.01007	0.01258	0.01158	0.00906	0.01158	0.00805	0.01208	0.00604	0.00453	0.00453	0.00151	0.00604	0.00403	0.00201	0.00503
13	0.00847	0.00792	0.01329	0.79653	0.03022	0.00983	0.01225	0.01146	0.00921	0.01184	0.04049	0.01296	0.00753	0.00472	0.00456	0.00151	0.00588	0.00420	0.00213	0.00500
14	0.00990	0.25887	0.45582	0.03019	0.01722	0.01239	0.08291	0.01367	0.00959	0.01312	0.00966	0.01097	0.04792	0.00452	0.00405	0.00131	0.00600	0.00360	0.00208	0.00620
15	0.00708	0.00491	0.00630	0.00630	0.00711	0.01888	0.00473	0.00863	0.00804	0.01208	0.03286	0.04063	0.02528	0.10665	0.48312	0.00506	0.00831	0.00521	0.20484	0.00397
16	0.00557	0.00396	0.00524	0.00625	0.00650	0.00371	0.00414	0.00632	0.00859	0.01145	0.02452	0.80308	0.02939	0.04971	0.00653	0.00195	0.00270	0.01261	0.00414	0.00364
17	0.83599	0.00931	0.00693	0.00620	0.00899	0.04507	0.00507	0.01353	0.00793	0.01993	0.00634	0.00740	0.00495	0.00423	0.00286	0.00139	0.00371	0.00247	0.00278	0.00492
18	0.00561	0.00401	0.00536	0.00642	0.00672	0.00376	0.00437	0.00647	0.00877	0.01167	0.02492	0.79670	0.02977	0.01411	0.00581	0.00185	0.00271	0.05306	0.00420	0.00371
19	0.01100	0.19174	0.52559	0.01148	0.01708	0.03051	0.01360	0.12102	0.01117	0.01545	0.00810	0.00924	0.00603	0.00438	0.00404	0.00132	0.00611	0.00325	0.00229	0.00662
20	0.00920	0.00882	0.01292	0.62533	0.04356	0.05182	0.01115	0.01194	0.00934	0.01218	0.00801	0.01139	0.00617	0.00432	0.00430	0.00134	0.00567	0.00373	0.00215	0.15666
21	0.00552	0.00394	0.00526	0.00631	0.00657	0.00368	0.00421	0.00631	0.00868	0.01157	0.02498	0.83779	0.02997	0.01420	0.00578	0.00184	0.00263	0.01288	0.00421	0.00368
22	0.00928	0.00805	0.00997	0.11893	0.01353	0.00659	0.00635	0.01143	0.00935	0.01433	0.00805	0.00976	0.00662	0.00352	0.00352	0.00079	0.00372	0.00287	0.00259	0.75074
23	0.01011	0.30126	0.54843	0.01117	0.01691	0.01303	0.01370	0.01409	0.00945	0.01310	0.00751	0.00879	0.00577	0.00416	0.00383	0.00128	0.00607	0.00303	0.00192	0.00640
24	0.00552	0.00394	0.00526	0.00631	0.00657	0.00368	0.00421	0.00631	0.00868	0.01157	0.02498	0.83779	0.02997	0.01420	0.00578	0.00184	0.00263	0.01288	0.00421	0.00368
25	0.00889	0.00841	0.01191	0.01052	0.01076	0.01143	0.00865	0.01007	0.00704	0.01079	0.00779	0.01227	0.00755	0.01570	0.25582	0.00356	0.58782	0.00423	0.00212	0.00469
26	0.00909	0.02344	0.81727	0.01292	0.01961	0.01052	0.01674	0.01435	0.00957	0.01435	0.00813	0.00957	0.00574	0.00431	0.00431	0.00144	0.00670	0.00335	0.00191	0.00670
27	0.00994	0.01786	0.49051	0.01169	0.01680	0.01055	0.05089	0.06246	0.19930	0.01616	0.01308	0.01358	0.05653	0.00522	0.00451	0.00147	0.00564	0.00429	0.00287	0.00667
28	0.00957	0.15359	0.69133	0.01210	0.01835	0.01170	0.01532	0.01423	0.00951	0.01376	0.00784	0.00920	0.00575	0.00424	0.00408	0.00136	0.00640	0.00320	0.00192	0.00656
29	0.43144	0.00997	0.01001	0.02431	0.05316	0.01107	0.00690	0.24588	0.05692	0.09654	0.00956	0.00998	0.00696	0.00481	0.00370	0.00140	0.00412	0.00339	0.00363	0.00624
30	0.01369	0.40118	0.06539	0.00919	0.01297	0.01525	0.00855	0.30837	0.07518	0.01829	0.00944	0.01044	0.00757	0.00485	0.00380	0.00121	0.00490	0.01992	0.00316	0.00665
31	0.00767	0.00622	0.00696	0.00666	0.00828	0.03593	0.00485	0.03207	0.04694	0.02694	0.02243	0.43687	0.12633	0.01025	0.00500	0.00147	0.00309	0.00900	0.00384	0.19919
32	0.00582	0.00490	0.00505	0.00496	0.00649	0.00432	0.00372	0.00772	0.05847	0.01302	0.10085	0.04098	0.68896	0.02766	0.00567	0.00158	0.00240	0.00913	0.00426	0.00404
33	0.04893	0.01049	0.01146	0.03045	0.01294	0.01136	0.00756	0.33261	0.28525	0.08448	0.01343	0.01301	0.00980	0.00539	0.00436	0.00135	0.00420	0.00425	0.00430	0.10437
34	0.01002	0.04032	0.03041	0.01030	0.12082	0.00747	0.03889	0.01225	0.00965	0.03164	0.00831	0.00981	0.00682	0.00356	0.00362	0.00084	0.00395	0.00302	0.00263	0.64568

[dist]
# distance from previous block
# <min> <max>
10	98

[block]
# block no. 3 follows, 57 sequences, length 6
# corresponding to MSA columns:
# 529-534
name=unknown_D
#
# <colnr> <probs for GDERKNQSTAVLIFYWHMCP>
#	G	D	E	R	K	N	Q	S	T	A	V	L	I	F	Y	W	H	M	C	P
0	0.09732	0.00909	0.01005	0.07511	0.01262	0.03239	0.00678	0.13575	0.14034	0.07500	0.07391	0.03740	0.01158	0.00529	0.00412	0.00122	0.00394	0.00425	0.00366	0.26018
1	0.13649	0.01035	0.01177	0.10880	0.01451	0.05475	0.02843	0.18221	0.10611	0.11328	0.01054	0.01142	0.00784	0.00525	0.00532	0.00141	0.09590	0.00385	0.00348	0.08829
2	0.20337	0.00879	0.01084	0.00995	0.09312	0.00866	0.02891	0.06354	0.07643	0.31545	0.03437	0.01283	0.00967	0.00498	0.00408	0.00133	0.00398	0.00398	0.00407	0.10163
3	0.00704	0.00467	0.00522	0.00500	0.00546	0.00451	0.00301	0.00747	0.00717	0.01026	0.01383	0.02645	0.01509	0.67096	0.01904	0.00368	0.00403	0.00598	0.10738	0.07375
4	0.00653	0.08998	0.00735	0.00653	0.00722	0.00540	0.00475	0.00744	0.00868	0.01137	0.02166	0.56391	0.02541	0.11315	0.00764	0.00209	0.00325	0.10001	0.00379	0.00384
5	0.05174	0.00828	0.01007	0.00771	0.01104	0.00749	0.00626	0.01498	0.05528	0.22570	0.01094	0.01137	0.00814	0.00461	0.00490	0.00108	0.08828	0.00344	0.00350	0.46520

[dist]
# distance from previous block
# <min> <max>
26	65

[block]
# block no. 4 follows, 57 sequences, length 41
# corresponding to MSA columns:
# 627-667
name=unknown_E
#
# <colnr> <probs for GDERKNQSTAVLIFYWHMCP>
#	G	D	E	R	K	N	Q	S	T	A	V	L	I	F	Y	W	H	M	C	P
0	0.01070	0.01222	0.02674	0.01910	0.02368	0.01146	0.79603	0.01451	0.01070	0.01451	0.00917	0.01222	0.00688	0.00382	0.00535	0.00153	0.00764	0.00535	0.00229	0.00611
1	0.01070	0.01222	0.02674	0.01910	0.02368	0.01146	0.79603	0.01451	0.01070	0.01451	0.00917	0.01222	0.00688	0.00382	0.00535	0.00153	0.00764	0.00535	0.00229	0.00611
2	0.00940	0.00805	0.00940	0.00671	0.01074	0.00604	0.00537	0.01141	0.00940	0.01477	0.00805	0.00940	0.00671	0.00336	0.00336	0.00067	0.00336	0.00268	0.00268	0.86845
3	0.00940	0.00805	0.00940	0.00671	0.01074	0.00604	0.00537	0.01141	0.00940	0.01477	0.00805	0.00940	0.00671	0.00336	0.00336	0.00067	0.00336	0.00268	0.00268	0.86845
4	0.00940	0.00805	0.00940	0.00671	0.01074	0.00604	0.00537	0.01141	0.00940	0.01477	0.00805	0.00940	0.00671	0.00336	0.00336	0.00067	0.00336	0.00268	0.00268	0.86845
5	0.00730	0.00522	0.00730	0.00835	0.00939	0.00522	0.00730	0.00939	0.01043	0.01356	0.02399	0.05111	0.02608	0.01252	0.00626	0.00209	0.00417	0.78199	0.00417	0.00417
6	0.01122	0.01077	0.01839	0.02781	0.81248	0.01077	0.01391	0.01391	0.01032	0.01480	0.00852	0.01122	0.00718	0.00404	0.00449	0.00135	0.00538	0.00404	0.00224	0.00718
7	0.01732	0.01255	0.01351	0.01036	0.01398	0.01384	0.00856	0.77465	0.02106	0.05163	0.01108	0.01101	0.00781	0.00544	0.00453	0.00136	0.00495	0.00409	0.00456	0.00771
8	0.00845	0.00422	0.00422	0.00422	0.00528	0.00422	0.00317	0.01056	0.00950	0.01689	0.01478	0.01689	0.01161	0.00528	0.00317	0.00106	0.00211	0.00422	0.86591	0.00422
9	0.00552	0.00394	0.00526	0.00631	0.00657	0.00368	0.00421	0.00631	0.00868	0.01157	0.02498	0.83779	0.02997	0.01420	0.00578	0.00184	0.00263	0.01288	0.00421	0.00368
10	0.01723	0.01269	0.01360	0.01043	0.01405	0.01405	0.00861	0.79738	0.02131	0.02856	0.01088	0.01088	0.00771	0.00544	0.00453	0.00136	0.00499	0.00408	0.00453	0.00771
11	0.00845	0.00422	0.00422	0.00422	0.00528	0.00422	0.00317	0.01056	0.00950	0.01689	0.01478	0.01689	0.01161	0.00528	0.00317	0.00106	0.00211	0.00422	0.86591	0.00422
12	0.00991	0.00991	0.01388	0.01190	0.01190	0.01388	0.00991	0.01091	0.00694	0.01091	0.00595	0.00991	0.00595	0.00793	0.01487	0.00198	0.83246	0.00397	0.00198	0.00496
13	0.01070	0.01222	0.02674	0.01910	0.02368	0.01146	0.79603	0.01451	0.01070	0.01451	0.00917	0.01222	0.00688	0.00382	0.00535	0.00153	0.00764	0.00535	0.00229	0.00611
14	0.01070	0.01222	0.02674	0.01910	0.02368	0.01146	0.79603	0.01451	0.01070	0.01451	0.00917	0.01222	0.00688	0.00382	0.00535	0.00153	0.00764	0.00535	0.00229	0.00611
15	0.00536	0.00459	0.00459	0.00459	0.00612	0.00383	0.00344	0.00650	0.01033	0.01224	0.04590	0.04361	0.81065	0.01148	0.00536	0.00153	0.00230	0.00956	0.00421	0.00383
16	0.00991	0.00991	0.01388	0.01190	0.01190	0.01388	0.00991	0.01091	0.00694	0.01091	0.00595	0.00991	0.00595	0.00793	0.01487	0.00198	0.83246	0.00397	0.00198	0.00496
17	0.00856	0.00805	0.01359	0.82986	0.03121	0.01007	0.01258	0.01158	0.00906	0.01158	0.00805	0.01208	0.00604	0.00453	0.00453	0.00151	0.00604	0.00403	0.00201	0.00503
18	0.01693	0.02160	0.01284	0.01167	0.01401	0.82256	0.00876	0.01809	0.01284	0.01109	0.00700	0.00817	0.00584	0.00467	0.00409	0.00117	0.00817	0.00292	0.00233	0.00525
19	0.02033	0.00771	0.01052	0.00806	0.01157	0.00666	0.00666	0.02208	0.01297	0.81562	0.01788	0.01542	0.01122	0.00561	0.00456	0.00140	0.00386	0.00456	0.00561	0.00771
20	0.00940	0.00805	0.00940	0.00671	0.01074	0.00604	0.00537	0.01141	0.00940	0.01477	0.00805	0.00940	0.00671	0.00336	0.00336	0.00067	0.00336	0.00268	0.00268	0.86845
21	0.00536	0.00459	0.00459	0.00459	0.00612	0.00383	0.00344	0.00650	0.01033	0.01224	0.04590	0.04361	0.81065	0.01148	0.00536	0.00153	0.00230	0.00956	0.00421	0.00383
22	0.00845	0.00422	0.00422	0.00422	0.00528	0.00422	0.00317	0.01056	0.00950	0.01689	0.01478	0.01689	0.01161	0.00528	0.00317	0.00106	0.00211	0.00422	0.86591	0.00422
23	0.00940	0.00805	0.00940	0.00671	0.01074	0.00604	0.00537	0.01141	0.00940	0.01477	0.00805	0.00940	0.00671	0.00336	0.00336	0.00067	0.00336	0.00268	0.00268	0.86845
24	0.00552	0.00394	0.00526	0.00631	0.00657	0.00368	0.00421	0.00631	0.00868	0.01157	0.02498	0.83779	0.02997	0.01420	0.00578	0.00184	0.00263	0.01288	0.00421	0.00368
25	0.00845	0.00422	0.00422	0.00422	0.00528	0.00422	0.00317	0.01056	0.00950	0.01689	0.01478	0.01689	0.01161	0.00528	0.00317	0.00106	0.00211	0.00422	0.86591	0.00422
26	0.01122	0.01077	0.01839	0.02781	0.81248	0.01077	0.01391	0.01391	0.01032	0.01480	0.00852	0.01122	0.00718	0.00404	0.00449	0.00135	0.00538	0.00404	0.00224	0.00718
27	0.02033	0.00771	0.01052	0.00806	0.01157	0.00666	0.00666	0.02208	0.01297	0.81562	0.01788	0.01542	0.01122	0.00561	0.00456	0.00140	0.00386	0.00456	0.00561	0.00771
28	0.01122	0.01077	0.01839	0.02781	0.81248	0.01077	0.01391	0.01391	0.01032	0.01480	0.00852	0.01122	0.00718	0.00404	0.00449	0.00135	0.00538	0.00404	0.00224	0.00718
29	0.01723	0.01269	0.01360	0.01043	0.01405	0.01405	0.00861	0.79738	0.02131	0.02856	0.01088	0.01088	0.00771	0.00544	0.00453	0.00136	0.00499	0.00408	0.00453	0.00771
30	0.00856	0.00805	0.01359	0.82986	0.03121	0.01007	0.01258	0.01158	0.00906	0.01158	0.00805	0.01208	0.00604	0.00453	0.00453	0.00151	0.00604	0.00403	0.00201	0.00503
31	0.01723	0.01269	0.01360	0.01043	0.01405	0.01405	0.00861	0.79738	0.02131	0.02856	0.01088	0.01088	0.00771	0.00544	0.00453	0.00136	0.00499	0.00408	0.00453	0.00771
32	0.00856	0.00805	0.01359	0.82986	0.03121	0.01007	0.01258	0.01158	0.00906	0.01158	0.00805	0.01208	0.00604	0.00453	0.00453	0.00151	0.00604	0.00403	0.00201	0.00503
33	0.01693	0.02160	0.01284	0.01167	0.01401	0.82256	0.00876	0.01809	0.01284	0.01109	0.00700	0.00817	0.00584	0.00467	0.00409	0.00117	0.00817	0.00292	0.00233	0.00525
34	0.00940	0.00805	0.00940	0.00671	0.01074	0.00604	0.00537	0.01141	0.00940	0.01477	0.00805	0.00940	0.00671	0.00336	0.00336	0.00067	0.00336	0.00268	0.00268	0.86845
35	0.01122	0.01077	0.01839	0.02781	0.81248	0.01077	0.01391	0.01391	0.01032	0.01480	0.00852	0.01122	0.00718	0.00404	0.00449	0.00135	0.00538	0.00404	0.00224	0.00718
36	0.01122	0.01077	0.01839	0.02781	0.81248	0.01077	0.01391	0.01391	0.01032	0.01480	0.00852	0.01122	0.00718	0.00404	0.00449	0.00135	0.00538	0.00404	0.00224	0.00718
37	0.00940	0.00805	0.00940	0.00671	0.01074	0.00604	0.00537	0.01141	0.00940	0.01477	0.00805	0.00940	0.00671	0.00336	0.00336	0.00067	0.00336	0.00268	0.00268	0.86845
38	0.01122	0.01077	0.01839	0.02781	0.81248	0.01077	0.01391	0.01391	0.01032	0.01480	0.00852	0.01122	0.00718	0.00404	0.00449	0.00135	0.00538	0.00404	0.00224	0.00718
39	0.01122	0.01077	0.01839	0.02781	0.81248	0.01077	0.01391	0.01391	0.01032	0.01480	0.00852	0.01122	0.00718	0.00404	0.00449	0.00135	0.00538	0.00404	0.00224	0.00718
40	0.01122	0.01077	0.01839	0.02781	0.81248	0.01077	0.01391	0.01391	0.01032	0.01480	0.00852	0.01122	0.00718	0.00404	0.00449	0.00135	0.00538	0.00404	0.00224	0.00718

[dist]
# distance from previous block
# <min> <max>
0	3

# created by:
# /st0/software/busco_prod/Augustus/scripts/msa2prfl.pl ./align_prep/97125.fa
