[name]
unknown

[dist]
# distance from previous block
# <min> <max>
0	1326

[block]
# block no. 0 follows, 55 sequences, length 6
# corresponding to MSA columns:
# 1326-1331
name=unknown_A
#
# <colnr> <probs for GDERKNQSTAVLIFYWHMCP>
#	G	D	E	R	K	N	Q	S	T	A	V	L	I	F	Y	W	H	M	C	P
0	0.01121	0.08911	0.01069	0.00907	0.01106	0.09467	0.00779	0.09382	0.01223	0.08099	0.01908	0.03604	0.01930	0.00978	0.00552	0.00179	0.00485	0.47373	0.00402	0.00525
1	0.01613	0.01133	0.01202	0.00964	0.01274	0.04809	0.00771	0.43729	0.14293	0.14774	0.01370	0.01464	0.01027	0.08634	0.00650	0.00173	0.00480	0.00463	0.00456	0.00722
2	0.00766	0.00559	0.00624	0.00597	0.00755	0.00526	0.00445	0.01055	0.11815	0.07116	0.14127	0.11801	0.41394	0.05532	0.00637	0.00174	0.00278	0.00882	0.00451	0.00467
3	0.01544	0.01835	0.09089	0.01165	0.01480	0.44203	0.03746	0.16879	0.09548	0.01642	0.03798	0.01109	0.00860	0.00521	0.00445	0.00133	0.00688	0.00379	0.00313	0.00623
4	0.00622	0.00596	0.07219	0.00647	0.00753	0.00457	0.00503	0.00748	0.00934	0.01246	0.10756	0.42773	0.14755	0.14763	0.00861	0.00219	0.00324	0.01032	0.00396	0.00396
5	0.01288	0.50047	0.17444	0.00944	0.01381	0.04818	0.00976	0.07238	0.04649	0.06104	0.00848	0.00917	0.00680	0.00443	0.00361	0.00118	0.00537	0.00307	0.00255	0.00644

[dist]
# distance from previous block
# <min> <max>
0	3

[block]
# block no. 1 follows, 55 sequences, length 12
# corresponding to MSA columns:
# 1335-1346
name=unknown_B
#
# <colnr> <probs for GDERKNQSTAVLIFYWHMCP>
#	G	D	E	R	K	N	Q	S	T	A	V	L	I	F	Y	W	H	M	C	P
0	0.00726	0.15937	0.00948	0.00746	0.03709	0.00684	0.00532	0.00838	0.00942	0.01239	0.09670	0.54694	0.02614	0.03794	0.00586	0.00175	0.00323	0.01023	0.00384	0.00435
1	0.01198	0.01206	0.01966	0.05815	0.54033	0.06632	0.15766	0.04937	0.01129	0.01538	0.00886	0.01151	0.00719	0.00423	0.00475	0.00141	0.00616	0.00432	0.00241	0.00696
2	0.00982	0.00941	0.01540	0.44925	0.24754	0.01126	0.01279	0.01243	0.00926	0.01269	0.00800	0.01174	0.00651	0.00516	0.00661	0.00159	0.15849	0.00413	0.00213	0.00578
3	0.01534	0.00997	0.09678	0.00892	0.01230	0.00845	0.00789	0.03655	0.19368	0.39737	0.08160	0.01671	0.01386	0.00605	0.00497	0.00147	0.02813	0.00490	0.02564	0.02941
4	0.01529	0.12041	0.01386	0.01024	0.01318	0.29802	0.00821	0.23549	0.16079	0.01817	0.01082	0.01119	0.00837	0.00523	0.00422	0.00129	0.00583	0.00376	0.04915	0.00648
5	0.01151	0.01105	0.01888	0.02855	0.80748	0.01105	0.01428	0.01428	0.01059	0.01520	0.00875	0.01151	0.00737	0.00415	0.00461	0.00138	0.00553	0.00415	0.00230	0.00737
6	0.00588	0.00460	0.00532	0.00541	0.00658	0.00405	0.00395	0.00731	0.01111	0.01439	0.28589	0.18791	0.41786	0.01157	0.00558	0.00160	0.00237	0.01000	0.00458	0.00405
7	0.00664	0.00492	0.00712	0.00705	0.00788	0.00548	0.00539	0.00831	0.00849	0.01216	0.15964	0.02198	0.01790	0.07282	0.62504	0.00620	0.01013	0.00572	0.00300	0.00413
8	0.16874	0.00841	0.01135	0.09948	0.01311	0.01053	0.04622	0.01161	0.03024	0.01368	0.00866	0.01224	0.00758	0.01167	0.15447	0.02798	0.30267	0.00407	0.05238	0.00491
9	0.01004	0.19129	0.61543	0.01245	0.01863	0.01241	0.04961	0.01458	0.00980	0.01396	0.00801	0.00946	0.00596	0.00431	0.00417	0.00138	0.00653	0.00333	0.00199	0.00666
10	0.71498	0.03857	0.04412	0.00707	0.01015	0.07482	0.00608	0.03214	0.00879	0.01971	0.00673	0.00781	0.00525	0.00438	0.00310	0.00141	0.00421	0.00264	0.00281	0.00525
11	0.01051	0.16739	0.50250	0.01512	0.16461	0.03416	0.01478	0.01461	0.00999	0.01405	0.00806	0.00968	0.00618	0.00430	0.00419	0.00136	0.00633	0.00339	0.00204	0.00676

[dist]
# distance from previous block
# <min> <max>
0	13

[block]
# block no. 2 follows, 55 sequences, length 13
# corresponding to MSA columns:
# 1360-1372
name=unknown_C
#
# <colnr> <probs for GDERKNQSTAVLIFYWHMCP>
#	G	D	E	R	K	N	Q	S	T	A	V	L	I	F	Y	W	H	M	C	P
0	0.01053	0.00951	0.00914	0.00911	0.04846	0.13954	0.00661	0.03542	0.20814	0.04941	0.10452	0.11859	0.15130	0.00854	0.00507	0.00155	0.00411	0.05700	0.01792	0.00553
1	0.00595	0.00458	0.00544	0.00554	0.00664	0.00407	0.00404	0.00744	0.01121	0.01475	0.33348	0.21658	0.34043	0.01153	0.00559	0.00160	0.00237	0.01004	0.00463	0.00407
2	0.04001	0.00941	0.01135	0.04468	0.05312	0.00988	0.00774	0.20609	0.19078	0.25575	0.05505	0.06864	0.01348	0.00643	0.00475	0.00149	0.00417	0.00532	0.00472	0.00712
3	0.86937	0.00900	0.00684	0.00612	0.00900	0.01044	0.00504	0.01368	0.00792	0.02087	0.00648	0.00756	0.00504	0.00432	0.00288	0.00144	0.00360	0.00252	0.00288	0.00504
4	0.00748	0.00491	0.00588	0.00580	0.00688	0.00469	0.00422	0.00970	0.05179	0.04493	0.31536	0.17858	0.10754	0.06970	0.00642	0.00171	0.00261	0.00829	0.15911	0.00439
5	0.00646	0.00480	0.00563	0.00551	0.00685	0.00423	0.00415	0.00808	0.01163	0.03830	0.35671	0.09210	0.39553	0.01088	0.00552	0.00156	0.00241	0.03071	0.00469	0.00423
6	0.03034	0.00687	0.01049	0.00896	0.01069	0.00684	0.13415	0.02434	0.04456	0.06099	0.24245	0.21935	0.08905	0.02735	0.00648	0.00170	0.05803	0.00831	0.00411	0.00493
7	0.00603	0.00452	0.00527	0.00545	0.00629	0.00411	0.00376	0.00710	0.00997	0.01299	0.19899	0.22578	0.29683	0.18085	0.00932	0.00222	0.00284	0.00969	0.00419	0.00377
8	0.01265	0.06700	0.12405	0.01569	0.09906	0.13180	0.26900	0.12084	0.04868	0.01616	0.00973	0.03215	0.00775	0.00482	0.00494	0.00144	0.02048	0.00451	0.00275	0.00650
9	0.01329	0.00934	0.00992	0.00831	0.01090	0.01028	0.00663	0.31820	0.22834	0.04425	0.01473	0.01491	0.01097	0.00573	0.00424	0.00135	0.00377	0.00454	0.27364	0.00664
10	0.06110	0.01420	0.01145	0.00991	0.03214	0.31794	0.00749	0.11830	0.05510	0.01598	0.01018	0.03454	0.02718	0.00499	0.00408	0.00114	0.00558	0.00367	0.00306	0.26197
11	0.08425	0.01219	0.01252	0.01008	0.01336	0.08526	0.03499	0.39666	0.15577	0.09298	0.01387	0.01357	0.04193	0.00575	0.00455	0.00143	0.00492	0.00446	0.00433	0.00714
12	0.01160	0.48102	0.31785	0.01020	0.01516	0.06831	0.01147	0.01454	0.00984	0.01239	0.00722	0.00840	0.00594	0.00420	0.00360	0.00119	0.00591	0.00288	0.00201	0.00627

[dist]
# distance from previous block
# <min> <max>
0	2

[block]
# block no. 3 follows, 55 sequences, length 19
# corresponding to MSA columns:
# 1375-1393
name=unknown_D
#
# <colnr> <probs for GDERKNQSTAVLIFYWHMCP>
#	G	D	E	R	K	N	Q	S	T	A	V	L	I	F	Y	W	H	M	C	P
0	0.00767	0.00534	0.00645	0.00617	0.00735	0.00512	0.00447	0.02749	0.06787	0.05654	0.35818	0.14882	0.13763	0.13034	0.00809	0.00199	0.00289	0.00855	0.00455	0.00448
1	0.01096	0.01049	0.01789	0.18900	0.65133	0.01091	0.01400	0.01380	0.01033	0.01453	0.00865	0.01169	0.00713	0.00425	0.00461	0.00142	0.00566	0.00414	0.00226	0.00693
2	0.01018	0.01018	0.01425	0.01221	0.01221	0.01425	0.01018	0.01120	0.00712	0.01120	0.00611	0.01018	0.00611	0.00814	0.01527	0.00204	0.82799	0.00407	0.00204	0.00509
3	0.01113	0.49588	0.35634	0.01019	0.01539	0.01520	0.01185	0.01427	0.00961	0.01254	0.00726	0.00846	0.00594	0.00417	0.00359	0.00120	0.00578	0.00289	0.00198	0.00635
4	0.86937	0.00900	0.00684	0.00612	0.00900	0.01044	0.00504	0.01368	0.00792	0.02087	0.00648	0.00756	0.00504	0.00432	0.00288	0.00144	0.00360	0.00252	0.00288	0.00504
5	0.00563	0.00456	0.00500	0.00522	0.00645	0.00393	0.00379	0.00680	0.01042	0.01291	0.10466	0.22686	0.56307	0.01224	0.00560	0.00164	0.00242	0.01049	0.00439	0.00393
6	0.01120	0.02138	0.00918	0.00778	0.00971	0.00820	0.02341	0.09184	0.24031	0.11856	0.06443	0.03903	0.04715	0.24570	0.02220	0.00245	0.00415	0.00598	0.02169	0.00564
7	0.00578	0.00413	0.00553	0.00661	0.00693	0.00388	0.00452	0.00668	0.00902	0.01201	0.02558	0.78353	0.03051	0.01446	0.00597	0.00191	0.00280	0.06201	0.00432	0.00381
8	0.01165	0.00885	0.00970	0.00867	0.01103	0.00979	0.00673	0.11113	0.46310	0.07249	0.03726	0.11593	0.04510	0.00805	0.02275	0.00169	0.00380	0.00625	0.03938	0.00665
9	0.00755	0.00508	0.00682	0.00746	0.00854	0.00485	0.00607	0.00928	0.01063	0.05853	0.09334	0.23154	0.10191	0.01247	0.00605	0.00193	0.00353	0.41561	0.00445	0.00434
10	0.00954	0.07844	0.75984	0.01291	0.01959	0.01131	0.01657	0.01468	0.00980	0.01448	0.00822	0.00966	0.00590	0.00439	0.00432	0.00144	0.00675	0.00337	0.00197	0.00681
11	0.86937	0.00900	0.00684	0.00612	0.00900	0.01044	0.00504	0.01368	0.00792	0.02087	0.00648	0.00756	0.00504	0.00432	0.00288	0.00144	0.00360	0.00252	0.00288	0.00504
12	0.01255	0.00810	0.00967	0.00822	0.01058	0.00838	0.02805	0.20694	0.11922	0.14495	0.09949	0.10979	0.04608	0.00799	0.01974	0.00159	0.00385	0.02509	0.12357	0.00617
13	0.00738	0.00493	0.00647	0.00599	0.00722	0.00453	0.00453	0.00955	0.01318	0.06259	0.76139	0.03370	0.04210	0.00930	0.00544	0.00146	0.00229	0.00821	0.00516	0.00459
14	0.01710	0.07304	0.03153	0.01146	0.01422	0.64857	0.00898	0.07163	0.01348	0.05700	0.00806	0.00897	0.00643	0.00484	0.00418	0.00122	0.00767	0.00315	0.00270	0.00578
15	0.00567	0.00405	0.00540	0.00648	0.00675	0.00378	0.00432	0.00648	0.00891	0.01188	0.02564	0.83347	0.03077	0.01457	0.00594	0.00189	0.00270	0.01323	0.00432	0.00378
16	0.01090	0.01215	0.02542	0.04328	0.02323	0.01186	0.68192	0.01509	0.05039	0.01482	0.00966	0.01265	0.00734	0.00431	0.00600	0.00160	0.05536	0.00535	0.00245	0.00623
17	0.00570	0.00419	0.00535	0.00617	0.00669	0.00384	0.00420	0.00665	0.00943	0.01240	0.07735	0.66469	0.14861	0.01384	0.00584	0.00181	0.00262	0.01241	0.00437	0.00384
18	0.01767	0.01343	0.01393	0.01076	0.01443	0.04924	0.00885	0.75846	0.02150	0.02854	0.01100	0.01105	0.00783	0.00555	0.00463	0.00139	0.00526	0.00414	0.00456	0.00780

[dist]
# distance from previous block
# <min> <max>
0	1

[block]
# block no. 4 follows, 55 sequences, length 8
# corresponding to MSA columns:
# 1395-1402
name=unknown_E
#
# <colnr> <probs for GDERKNQSTAVLIFYWHMCP>
#	G	D	E	R	K	N	Q	S	T	A	V	L	I	F	Y	W	H	M	C	P
0	0.04222	0.01208	0.01222	0.00975	0.01318	0.07471	0.00786	0.40581	0.17289	0.05996	0.01217	0.01206	0.00894	0.00532	0.00440	0.00132	0.00474	0.00407	0.00421	0.13208
1	0.01133	0.01102	0.01929	0.07040	0.70454	0.01107	0.07520	0.01420	0.01055	0.01500	0.00878	0.01164	0.00728	0.00415	0.00468	0.00141	0.00574	0.00425	0.00229	0.00717
2	0.01686	0.01967	0.01304	0.01156	0.01417	0.62373	0.00881	0.13089	0.09051	0.01476	0.00890	0.00966	0.00706	0.00506	0.00431	0.00126	0.00746	0.00339	0.00295	0.00595
3	0.00776	0.00517	0.00658	0.00607	0.00735	0.00484	0.00454	0.01018	0.04429	0.07363	0.63537	0.03279	0.06670	0.06627	0.00666	0.00168	0.00254	0.00796	0.00496	0.00463
4	0.86937	0.00900	0.00684	0.00612	0.00900	0.01044	0.00504	0.01368	0.00792	0.02087	0.00648	0.00756	0.00504	0.00432	0.00288	0.00144	0.00360	0.00252	0.00288	0.00504
5	0.00685	0.00489	0.00550	0.00543	0.00692	0.00425	0.00406	0.00811	0.01062	0.07550	0.08981	0.14980	0.55268	0.01253	0.04001	0.00185	0.00295	0.00959	0.00441	0.00426
6	0.00654	0.00452	0.00521	0.00540	0.00565	0.00441	0.00333	0.00687	0.00763	0.00999	0.01979	0.13326	0.09760	0.60776	0.01873	0.00376	0.00406	0.04914	0.00323	0.00313
7	0.01051	0.33458	0.51225	0.01124	0.01701	0.01370	0.01367	0.01443	0.00968	0.01329	0.00763	0.00892	0.00592	0.00425	0.00387	0.00129	0.00615	0.00308	0.00197	0.00653

[dist]
# distance from previous block
# <min> <max>
0	1

[block]
# block no. 5 follows, 55 sequences, length 28
# corresponding to MSA columns:
# 1404-1409,1411,1424-1444
name=unknown_F
#
# <colnr> <probs for GDERKNQSTAVLIFYWHMCP>
#	G	D	E	R	K	N	Q	S	T	A	V	L	I	F	Y	W	H	M	C	P
0	0.02087	0.00792	0.01080	0.00828	0.01188	0.00684	0.00684	0.02267	0.01332	0.81071	0.01835	0.01583	0.01152	0.00576	0.00468	0.00144	0.00396	0.00468	0.00576	0.00792
1	0.00673	0.00451	0.00516	0.00525	0.00529	0.00450	0.00303	0.00683	0.00699	0.00930	0.01549	0.07101	0.01789	0.77173	0.02230	0.00431	0.00441	0.02942	0.00294	0.00291
2	0.00875	0.00650	0.00862	0.00802	0.00941	0.00743	0.00633	0.14696	0.02803	0.01441	0.01244	0.01698	0.01104	0.02840	0.63756	0.00612	0.01073	0.00484	0.02253	0.00489
3	0.01713	0.02180	0.01373	0.01228	0.01476	0.78683	0.03904	0.01844	0.01310	0.01152	0.00728	0.00855	0.00603	0.00476	0.00424	0.00121	0.00837	0.00309	0.00240	0.00543
4	0.03465	0.01300	0.01366	0.01056	0.01421	0.03431	0.00869	0.72403	0.03694	0.04615	0.01130	0.01126	0.00801	0.00556	0.00461	0.00140	0.00512	0.00416	0.00459	0.00778
5	0.00692	0.00482	0.00611	0.00583	0.00703	0.00437	0.00435	0.00884	0.01245	0.04890	0.59778	0.09879	0.15614	0.01010	0.00549	0.00151	0.00233	0.00886	0.00496	0.00441
6	0.01151	0.01105	0.01888	0.02855	0.80748	0.01105	0.01428	0.01428	0.01059	0.01520	0.00875	0.01151	0.00737	0.00415	0.00461	0.00138	0.00553	0.00415	0.00230	0.00737
7	0.00965	0.00827	0.00965	0.00689	0.01102	0.00620	0.00551	0.01171	0.00965	0.01516	0.00827	0.00965	0.00689	0.00345	0.00345	0.00069	0.00345	0.00276	0.00276	0.86494
8	0.00569	0.00472	0.00499	0.00500	0.00646	0.00402	0.00376	0.00701	0.01089	0.01336	0.14303	0.06491	0.66873	0.01159	0.00553	0.00158	0.00239	0.02793	0.00442	0.00399
9	0.01197	0.01325	0.02139	0.01612	0.01991	0.12318	0.48831	0.01745	0.18373	0.01531	0.01109	0.01296	0.00845	0.00469	0.00543	0.00153	0.03095	0.00505	0.00287	0.00636
10	0.00569	0.00411	0.00539	0.00636	0.00673	0.00381	0.00428	0.00658	0.00916	0.01217	0.05674	0.76141	0.07189	0.01423	0.00590	0.00186	0.00266	0.01286	0.00435	0.00381
11	0.00637	0.00456	0.00564	0.00579	0.00671	0.00420	0.00421	0.00795	0.01107	0.01525	0.36455	0.23312	0.16251	0.04803	0.00630	0.00172	0.00253	0.04135	0.06404	0.00408
12	0.02812	0.01523	0.01600	0.01309	0.01577	0.35083	0.21801	0.05496	0.03475	0.01359	0.00961	0.01343	0.00830	0.04518	0.05297	0.00193	0.06380	0.03624	0.00265	0.00555
13	0.01044	0.00781	0.00976	0.00848	0.01052	0.02246	0.05009	0.12558	0.15192	0.06043	0.11511	0.03272	0.04466	0.01457	0.22971	0.00311	0.00625	0.00558	0.08516	0.00564
14	0.01203	0.00985	0.01063	0.00918	0.01162	0.03804	0.01982	0.14965	0.43022	0.03980	0.12298	0.01866	0.01657	0.04494	0.00595	0.00165	0.02625	0.00544	0.02005	0.00666
15	0.00749	0.00509	0.00607	0.00619	0.00732	0.00491	0.00458	0.04297	0.03351	0.03838	0.11633	0.30105	0.17851	0.01195	0.04215	0.00187	0.00318	0.04503	0.13899	0.00441
16	0.01064	0.30845	0.52168	0.01131	0.01711	0.01338	0.01377	0.01461	0.00976	0.02883	0.00789	0.00911	0.00603	0.00429	0.00392	0.00131	0.00616	0.00313	0.00205	0.00658
17	0.00636	0.00454	0.00581	0.00601	0.00688	0.00415	0.00431	0.00790	0.01125	0.02935	0.40634	0.34204	0.12445	0.01164	0.00565	0.00164	0.00244	0.01035	0.00473	0.00417
18	0.01839	0.00924	0.01159	0.00951	0.03985	0.00899	0.00748	0.23208	0.03426	0.49213	0.06304	0.02668	0.01264	0.00601	0.00474	0.00144	0.00420	0.00488	0.00525	0.00762
19	0.19613	0.00857	0.00950	0.04120	0.01163	0.02037	0.00614	0.04013	0.02215	0.18542	0.03382	0.02591	0.00907	0.00468	0.00381	0.00113	0.00379	0.00361	0.00357	0.36936
20	0.01497	0.00985	0.01122	0.00849	0.01223	0.02818	0.00690	0.25111	0.01439	0.21734	0.02282	0.02332	0.00917	0.00494	0.00420	0.00113	0.00417	0.00390	0.00412	0.34755
21	0.83961	0.03783	0.00745	0.00618	0.00910	0.01071	0.00514	0.01368	0.00797	0.02053	0.00648	0.00755	0.00507	0.00431	0.00288	0.00142	0.00365	0.00252	0.00285	0.00507
22	0.01100	0.01052	0.01795	0.17985	0.66024	0.01092	0.01402	0.01382	0.01035	0.01457	0.00866	0.01168	0.00715	0.00424	0.00461	0.00141	0.00565	0.00414	0.00226	0.00695
23	0.00571	0.00449	0.00512	0.00556	0.00657	0.00397	0.00399	0.00675	0.00983	0.01223	0.03678	0.33480	0.44986	0.04710	0.00646	0.00184	0.00267	0.04819	0.00426	0.00384
24	0.01025	0.00879	0.00986	0.00720	0.01114	0.02670	0.00572	0.05961	0.01040	0.01575	0.00861	0.01032	0.00723	0.02811	0.00413	0.00086	0.00370	0.00297	0.00287	0.76579
25	0.05201	0.01045	0.01134	0.00894	0.01226	0.05648	0.00726	0.30714	0.03705	0.27010	0.07417	0.01506	0.03318	0.00585	0.00455	0.00136	0.00441	0.00459	0.00467	0.07914
26	0.84716	0.00910	0.00702	0.00624	0.00914	0.01054	0.00514	0.03397	0.00828	0.02109	0.00660	0.00765	0.00511	0.00435	0.00293	0.00144	0.00364	0.00256	0.00293	0.00511
27	0.00971	0.00810	0.01219	0.10681	0.26922	0.00822	0.03213	0.02457	0.07618	0.05263	0.17546	0.02223	0.13634	0.00675	0.00491	0.00146	0.00416	0.00602	0.03701	0.00588

[dist]
# distance from previous block
# <min> <max>
0	2

[block]
# block no. 6 follows, 55 sequences, length 14
# corresponding to MSA columns:
# 1447-1460
name=unknown_G
#
# <colnr> <probs for GDERKNQSTAVLIFYWHMCP>
#	G	D	E	R	K	N	Q	S	T	A	V	L	I	F	Y	W	H	M	C	P
0	0.01214	0.01012	0.01069	0.00938	0.01206	0.01156	0.00733	0.13370	0.64199	0.02036	0.01838	0.01758	0.03295	0.03374	0.00537	0.00165	0.00388	0.00527	0.00465	0.00721
1	0.03600	0.10595	0.67055	0.01280	0.01916	0.01161	0.05244	0.01463	0.00978	0.01454	0.00815	0.00964	0.00593	0.00435	0.00428	0.00143	0.00663	0.00341	0.00201	0.00670
2	0.00577	0.00468	0.00484	0.00482	0.00609	0.00405	0.00344	0.00677	0.01000	0.01215	0.07020	0.04175	0.63138	0.16335	0.00884	0.00211	0.00275	0.00920	0.00407	0.00374
3	0.01005	0.00874	0.01048	0.00781	0.01133	0.00769	0.00632	0.04324	0.00978	0.01516	0.00808	0.00978	0.00682	0.00421	0.00519	0.00091	0.12175	0.00300	0.00273	0.70694
4	0.00677	0.00451	0.00507	0.00507	0.00507	0.00451	0.00282	0.00677	0.00677	0.00902	0.01466	0.03044	0.01691	0.83650	0.02368	0.00451	0.00451	0.00677	0.00282	0.00282
5	0.00942	0.02342	0.76829	0.01362	0.02037	0.01086	0.06064	0.01474	0.00989	0.01474	0.00841	0.00998	0.00596	0.00439	0.00448	0.00148	0.00693	0.00355	0.00199	0.00684
6	0.00816	0.00494	0.00628	0.00644	0.00741	0.00458	0.00466	0.00926	0.00984	0.11808	0.08602	0.32259	0.11992	0.16796	0.00910	0.00228	0.00332	0.10062	0.00428	0.00427
7	0.00959	0.00819	0.00954	0.00694	0.01090	0.00633	0.00554	0.01208	0.03901	0.01546	0.04109	0.01095	0.00867	0.00380	0.00358	0.00075	0.00340	0.00308	0.00293	0.79818
8	0.00572	0.00409	0.00545	0.00644	0.00676	0.00382	0.00432	0.00662	0.00917	0.01229	0.07346	0.78446	0.03157	0.01426	0.00591	0.00186	0.00267	0.01293	0.00437	0.00382
9	0.01004	0.00913	0.01414	0.09058	0.30800	0.02512	0.07405	0.01358	0.08845	0.03460	0.13017	0.03641	0.07971	0.00652	0.00526	0.00152	0.02529	0.03805	0.00330	0.00608
10	0.03237	0.00743	0.00865	0.00663	0.00989	0.00625	0.00531	0.04028	0.01072	0.16063	0.01183	0.01264	0.00894	0.00444	0.00365	0.00096	0.00329	0.00353	0.21222	0.45034
11	0.00949	0.00882	0.01307	0.41192	0.17809	0.04474	0.01105	0.01271	0.05716	0.01332	0.01186	0.09848	0.01075	0.00613	0.00479	0.00154	0.00537	0.04844	0.02890	0.02338
12	0.26882	0.01001	0.01330	0.01398	0.20560	0.01049	0.09428	0.09293	0.08977	0.04277	0.01071	0.06145	0.00891	0.00518	0.00422	0.00144	0.00464	0.00442	0.00321	0.05386
13	0.03312	0.01853	0.20743	0.01216	0.04167	0.32023	0.02290	0.15532	0.05575	0.05047	0.00939	0.01022	0.00705	0.00488	0.00436	0.00133	0.00664	0.00357	0.00298	0.03199

[dist]
# distance from previous block
# <min> <max>
0	7

[block]
# block no. 7 follows, 55 sequences, length 44
# corresponding to MSA columns:
# 1474-1517
name=unknown_H
#
# <colnr> <probs for GDERKNQSTAVLIFYWHMCP>
#	G	D	E	R	K	N	Q	S	T	A	V	L	I	F	Y	W	H	M	C	P
0	0.01016	0.00953	0.01571	0.32913	0.37589	0.01004	0.02998	0.01298	0.00997	0.01397	0.00866	0.01177	0.00696	0.00427	0.00447	0.00136	0.00550	0.00400	0.02129	0.11436
1	0.11000	0.00893	0.03304	0.04763	0.01156	0.00915	0.00679	0.16995	0.17585	0.04535	0.14537	0.03154	0.11212	0.02588	0.00514	0.00155	0.00379	0.01973	0.00422	0.03240
2	0.00566	0.00408	0.00536	0.00638	0.00672	0.00379	0.00428	0.00649	0.00900	0.01191	0.02678	0.79174	0.07177	0.01443	0.00591	0.00187	0.00268	0.01305	0.00432	0.00379
3	0.00657	0.00495	0.00731	0.00743	0.00816	0.00569	0.00568	0.00810	0.00768	0.01097	0.01428	0.13873	0.01435	0.03134	0.68146	0.00654	0.02772	0.00619	0.00275	0.00412
4	0.00937	0.02381	0.79488	0.01340	0.02023	0.01083	0.03445	0.01474	0.00985	0.01474	0.00837	0.00988	0.00592	0.00441	0.00444	0.00148	0.00690	0.00348	0.00197	0.00686
5	0.01180	0.01011	0.01065	0.00951	0.01218	0.01168	0.00742	0.05322	0.77021	0.01983	0.01865	0.01713	0.01397	0.00628	0.00473	0.00157	0.00374	0.00522	0.00473	0.00738
6	0.00665	0.00498	0.00748	0.00748	0.00831	0.00582	0.00582	0.00831	0.00748	0.01080	0.01246	0.01828	0.01163	0.03489	0.81807	0.00748	0.01246	0.00498	0.00249	0.00415
7	0.01018	0.01018	0.01425	0.01221	0.01221	0.01425	0.01018	0.01120	0.00712	0.01120	0.00611	0.01018	0.00611	0.00814	0.01527	0.00204	0.82799	0.00407	0.00204	0.00509
8	0.86937	0.00900	0.00684	0.00612	0.00900	0.01044	0.00504	0.01368	0.00792	0.02087	0.00648	0.00756	0.00504	0.00432	0.00288	0.00144	0.00360	0.00252	0.00288	0.00504
9	0.00656	0.00477	0.00619	0.00587	0.00698	0.00439	0.00443	0.00872	0.01302	0.01833	0.75966	0.03551	0.07179	0.00967	0.00551	0.00148	0.00225	0.02543	0.00507	0.00437
10	0.00675	0.00458	0.00542	0.00542	0.00554	0.00470	0.00325	0.00699	0.00687	0.00928	0.01434	0.02870	0.01615	0.72140	0.13775	0.00494	0.00565	0.00651	0.00277	0.00301
11	0.00620	0.00474	0.00569	0.00545	0.00672	0.00423	0.00409	0.00804	0.01227	0.01651	0.53827	0.03828	0.31200	0.01031	0.00549	0.00150	0.00225	0.00891	0.00484	0.00423
12	0.01673	0.02039	0.01289	0.01161	0.01404	0.70162	0.00878	0.07134	0.03595	0.01282	0.00805	0.00930	0.00662	0.00630	0.04239	0.00152	0.00822	0.00324	0.00262	0.00556
13	0.00573	0.00472	0.00503	0.00495	0.00642	0.00402	0.00371	0.00712	0.01114	0.01384	0.20595	0.04267	0.64597	0.01131	0.00550	0.00155	0.00232	0.00952	0.00449	0.00402
14	0.02620	0.01288	0.01953	0.01490	0.01852	0.13419	0.41518	0.10069	0.07010	0.01619	0.01301	0.01673	0.04979	0.00550	0.00517	0.00154	0.00670	0.06405	0.00304	0.00611
15	0.00665	0.00498	0.00748	0.00748	0.00831	0.00582	0.00582	0.00831	0.00748	0.01080	0.01246	0.01828	0.01163	0.03489	0.81807	0.00748	0.01246	0.00498	0.00249	0.00415
16	0.02431	0.00894	0.01117	0.00977	0.01179	0.06032	0.10200	0.06686	0.20856	0.05250	0.04306	0.24683	0.01793	0.02814	0.00604	0.00172	0.03813	0.03866	0.01761	0.00565
17	0.00566	0.00428	0.00524	0.00592	0.00662	0.00385	0.00409	0.00665	0.00963	0.01242	0.07111	0.55842	0.26230	0.01349	0.00578	0.00177	0.00257	0.01197	0.00436	0.00385
18	0.00993	0.00952	0.01621	0.46659	0.31696	0.01084	0.03766	0.01283	0.00973	0.01317	0.00838	0.01197	0.00665	0.00461	0.00518	0.00151	0.04591	0.00418	0.00216	0.00601
19	0.00973	0.00467	0.00496	0.00473	0.00604	0.00456	0.00360	0.01187	0.01015	0.08915	0.03284	0.01759	0.01259	0.00554	0.00343	0.00112	0.00233	0.00446	0.76597	0.00466
20	0.05367	0.53592	0.12902	0.00896	0.01302	0.06314	0.00904	0.05835	0.03524	0.01356	0.03709	0.00938	0.00769	0.00447	0.00349	0.00115	0.00523	0.00305	0.00241	0.00611
21	0.00612	0.00473	0.00565	0.00598	0.00715	0.00427	0.00461	0.00760	0.01079	0.01379	0.17244	0.17877	0.38465	0.01207	0.00576	0.00172	0.00277	0.16264	0.00445	0.00405
22	0.01127	0.01080	0.01844	0.10067	0.73729	0.01099	0.01415	0.01406	0.01048	0.01490	0.00871	0.01159	0.00726	0.00419	0.00461	0.00140	0.00559	0.00414	0.00228	0.00717
23	0.00879	0.00827	0.01395	0.82532	0.03204	0.01034	0.01292	0.01189	0.00930	0.01189	0.00827	0.01240	0.00620	0.00465	0.00465	0.00155	0.00620	0.00413	0.00207	0.00517
24	0.08067	0.01467	0.01327	0.01064	0.01402	0.18430	0.00859	0.57055	0.01900	0.02490	0.00998	0.01031	0.00729	0.00532	0.00443	0.00136	0.00570	0.00381	0.00404	0.00717
25	0.00677	0.00451	0.00507	0.00507	0.00507	0.00451	0.00282	0.00677	0.00677	0.00902	0.01466	0.03044	0.01691	0.83650	0.02368	0.00451	0.00451	0.00677	0.00282	0.00282
26	0.00567	0.00405	0.00540	0.00648	0.00675	0.00378	0.00432	0.00648	0.00891	0.01188	0.02564	0.83347	0.03077	0.01457	0.00594	0.00189	0.00270	0.01323	0.00432	0.00378
27	0.06090	0.01210	0.01172	0.00956	0.01266	0.19719	0.00768	0.11813	0.03527	0.42626	0.01368	0.01287	0.00926	0.00557	0.00499	0.00141	0.04513	0.00410	0.00448	0.00703
28	0.01151	0.01105	0.01888	0.02855	0.80748	0.01105	0.01428	0.01428	0.01059	0.01520	0.00875	0.01151	0.00737	0.00415	0.00461	0.00138	0.00553	0.00415	0.00230	0.00737
29	0.04288	0.51210	0.01996	0.00874	0.01266	0.01566	0.03327	0.17906	0.01211	0.01581	0.00777	0.00867	0.00649	0.00427	0.00347	0.00108	0.00488	0.00298	0.00269	0.10545
30	0.00622	0.00469	0.00608	0.00643	0.00712	0.00455	0.00464	0.00757	0.01043	0.01416	0.27687	0.42758	0.11750	0.01228	0.00621	0.00173	0.04263	0.03479	0.00446	0.00407
31	0.05473	0.01216	0.01472	0.01172	0.01455	0.14007	0.18455	0.21540	0.03817	0.03202	0.03373	0.03048	0.03688	0.05829	0.00681	0.01516	0.05386	0.02464	0.01613	0.00595
32	0.01174	0.01066	0.01727	0.06403	0.63774	0.01093	0.01304	0.01582	0.11172	0.04569	0.01040	0.01247	0.00835	0.00451	0.00463	0.00142	0.00526	0.00431	0.00273	0.00728
33	0.02910	0.01041	0.03430	0.00946	0.01246	0.01079	0.03808	0.35765	0.15935	0.04965	0.08795	0.01957	0.08122	0.00682	0.00485	0.00149	0.00431	0.04201	0.03382	0.00671
34	0.00958	0.00749	0.01348	0.01085	0.01319	0.00699	0.28007	0.01182	0.01027	0.09500	0.01805	0.30137	0.03942	0.00831	0.00518	0.00159	0.00453	0.00804	0.14961	0.00517
35	0.01009	0.01873	0.44885	0.01620	0.02207	0.01125	0.37539	0.01481	0.01036	0.01481	0.00884	0.01108	0.00643	0.00419	0.00492	0.00152	0.00732	0.00439	0.00214	0.00660
36	0.00670	0.00452	0.00506	0.00506	0.00513	0.00448	0.00285	0.00676	0.00695	0.00919	0.01623	0.03114	0.05521	0.79646	0.02280	0.00437	0.00441	0.00691	0.00289	0.00287
37	0.00650	0.00464	0.00525	0.00551	0.00650	0.00429	0.00405	0.00773	0.00973	0.01293	0.05955	0.12995	0.33089	0.15688	0.00858	0.00214	0.00302	0.11703	0.12099	0.00384
38	0.00646	0.00478	0.00605	0.00581	0.00699	0.00437	0.00442	0.00849	0.01263	0.01743	0.64231	0.03730	0.16490	0.01005	0.00554	0.00152	0.00233	0.04939	0.00495	0.00431
39	0.01012	0.01854	0.43598	0.01630	0.02214	0.01126	0.38807	0.01481	0.01038	0.01481	0.00886	0.01113	0.00645	0.00418	0.00493	0.00152	0.00734	0.00442	0.00215	0.00659
40	0.00940	0.20997	0.01246	0.00827	0.01002	0.10248	0.00684	0.01095	0.00860	0.01092	0.01019	0.01425	0.00943	0.02304	0.50020	0.00500	0.03676	0.00412	0.00234	0.00477
41	0.01112	0.01096	0.01674	0.22483	0.50292	0.06915	0.01314	0.01366	0.01020	0.01375	0.00839	0.01151	0.00694	0.00478	0.00538	0.02165	0.04215	0.00405	0.00223	0.00645
42	0.01059	0.00881	0.02358	0.03796	0.05136	0.00767	0.06895	0.04899	0.02187	0.06912	0.04835	0.04475	0.01052	0.02700	0.00510	0.00119	0.03594	0.01379	0.00315	0.46130
43	0.09345	0.02963	0.01522	0.02545	0.08893	0.09304	0.18914	0.11616	0.05930	0.03619	0.05636	0.01292	0.00983	0.00486	0.00443	0.00133	0.00535	0.00435	0.05855	0.09549

[dist]
# distance from previous block
# <min> <max>
4	12

[block]
# block no. 8 follows, 55 sequences, length 16
# corresponding to MSA columns:
# 1530-1545
name=unknown_I
#
# <colnr> <probs for GDERKNQSTAVLIFYWHMCP>
#	G	D	E	R	K	N	Q	S	T	A	V	L	I	F	Y	W	H	M	C	P
0	0.03268	0.02364	0.01328	0.12426	0.05458	0.08273	0.07057	0.22860	0.03464	0.01823	0.03392	0.08714	0.01083	0.00590	0.00460	0.00136	0.00514	0.02213	0.00339	0.14239
1	0.01167	0.01151	0.05213	0.09568	0.55329	0.03033	0.01317	0.03826	0.06292	0.03497	0.00952	0.01187	0.00768	0.00462	0.00508	0.00144	0.04208	0.00417	0.00257	0.00703
2	0.05536	0.00995	0.09990	0.00846	0.03787	0.00762	0.00721	0.08580	0.02764	0.05093	0.08586	0.02652	0.08181	0.00543	0.00416	0.00112	0.00387	0.00442	0.00338	0.39267
3	0.00689	0.06396	0.00736	0.00594	0.00729	0.00535	0.00462	0.00891	0.01253	0.01724	0.63530	0.03451	0.13354	0.00948	0.00534	0.00146	0.00247	0.02859	0.00478	0.00444
4	0.01180	0.03880	0.03443	0.15636	0.08237	0.11961	0.03880	0.11771	0.05979	0.02410	0.01024	0.02264	0.00866	0.08354	0.01532	0.00173	0.05712	0.00428	0.03220	0.08049
5	0.00710	0.00449	0.00501	0.00501	0.00523	0.00452	0.00298	0.00753	0.00732	0.01055	0.01469	0.02777	0.01588	0.66580	0.04278	0.00399	0.00432	0.00628	0.15563	0.00313
6	0.01137	0.01439	0.23374	0.03623	0.19517	0.04846	0.01169	0.13034	0.12672	0.01778	0.09371	0.03618	0.01237	0.00563	0.00469	0.00146	0.00530	0.00475	0.00326	0.00676
7	0.00573	0.00467	0.00510	0.00538	0.00670	0.00405	0.00406	0.00695	0.01035	0.01260	0.04149	0.16822	0.60572	0.01233	0.00566	0.00168	0.00261	0.08845	0.00432	0.00394
8	0.01376	0.01132	0.01178	0.01046	0.03374	0.06883	0.00822	0.33611	0.27001	0.02184	0.01564	0.03719	0.01308	0.00700	0.00494	0.00156	0.00472	0.11852	0.00440	0.00692
9	0.05486	0.00861	0.01076	0.00775	0.01186	0.00682	0.06117	0.01204	0.00965	0.01544	0.00826	0.00974	0.00681	0.00352	0.00356	0.00079	0.00377	0.00294	0.00273	0.75891
10	0.01411	0.06576	0.37223	0.01176	0.04191	0.06752	0.02613	0.05448	0.02912	0.25487	0.01157	0.01173	0.00795	0.00490	0.00444	0.00141	0.00581	0.00386	0.00335	0.00710
11	0.01549	0.01200	0.01319	0.01132	0.05777	0.01337	0.00870	0.51612	0.25692	0.02555	0.01339	0.01306	0.00979	0.00573	0.00468	0.00145	0.00471	0.00451	0.00455	0.00772
12	0.00576	0.00419	0.00544	0.00626	0.00673	0.00386	0.00426	0.00677	0.00955	0.01274	0.11995	0.67613	0.09367	0.01375	0.00585	0.00181	0.00261	0.01238	0.00441	0.00386
13	0.01278	0.01196	0.09349	0.15952	0.02227	0.01059	0.38090	0.05936	0.01165	0.17381	0.01099	0.01285	0.00774	0.00456	0.00503	0.00152	0.00654	0.00482	0.00307	0.00655
14	0.09794	0.01479	0.01294	0.03339	0.12881	0.32725	0.00897	0.13905	0.01352	0.14145	0.01085	0.01147	0.02917	0.00512	0.00432	0.00134	0.00609	0.00378	0.00336	0.00639
15	0.24880	0.00930	0.00903	0.00773	0.01045	0.06351	0.00615	0.07267	0.14683	0.16740	0.11773	0.01707	0.06406	0.00617	0.00428	0.00143	0.00385	0.00478	0.00421	0.03455

[dist]
# distance from previous block
# <min> <max>
0	8

[block]
# block no. 9 follows, 55 sequences, length 117
# corresponding to MSA columns:
# 1560-1676
name=unknown_J
#
# <colnr> <probs for GDERKNQSTAVLIFYWHMCP>
#	G	D	E	R	K	N	Q	S	T	A	V	L	I	F	Y	W	H	M	C	P
0	0.11505	0.00897	0.00965	0.07752	0.01237	0.04066	0.00674	0.14636	0.10928	0.09523	0.05133	0.06913	0.12622	0.00680	0.00453	0.00141	0.00400	0.00551	0.00398	0.10527
1	0.12434	0.03539	0.01212	0.05453	0.02691	0.29516	0.00822	0.12475	0.12393	0.05435	0.02297	0.01130	0.00837	0.00601	0.02578	0.00153	0.03410	0.00374	0.00327	0.02322
2	0.00882	0.00537	0.00685	0.00661	0.00819	0.00487	0.00528	0.01063	0.01182	0.14515	0.28035	0.07259	0.22146	0.01043	0.00559	0.00166	0.00302	0.18172	0.00480	0.00480
3	0.00979	0.00836	0.00973	0.00696	0.01109	0.00635	0.00557	0.02597	0.00987	0.01542	0.00832	0.00967	0.00691	0.00348	0.00347	0.00070	0.00348	0.00278	0.00279	0.84929
4	0.01053	0.11189	0.03002	0.41042	0.09213	0.03067	0.04133	0.06149	0.01012	0.01332	0.00801	0.01114	0.00641	0.00497	0.00579	0.00148	0.11161	0.00390	0.00227	0.03251
5	0.00677	0.00451	0.00507	0.00507	0.00507	0.00451	0.00282	0.00677	0.00677	0.00902	0.01466	0.03044	0.01691	0.83650	0.02368	0.00451	0.00451	0.00677	0.00282	0.00282
6	0.00848	0.00687	0.01092	0.02858	0.09546	0.00687	0.12830	0.04293	0.01013	0.01463	0.03005	0.34967	0.01843	0.00931	0.01556	0.00166	0.03045	0.00819	0.17859	0.00492
7	0.00570	0.00458	0.00508	0.00524	0.00648	0.00397	0.00382	0.00695	0.01064	0.01334	0.15687	0.20382	0.53318	0.01201	0.00559	0.00162	0.00240	0.01030	0.00444	0.00397
8	0.01204	0.00981	0.01150	0.05994	0.06911	0.02888	0.00813	0.23948	0.23531	0.01949	0.05930	0.01596	0.01241	0.03030	0.13217	0.00249	0.02474	0.00489	0.01761	0.00646
9	0.71686	0.00880	0.00755	0.00651	0.00951	0.00979	0.00536	0.01529	0.00889	0.16283	0.00861	0.00905	0.00620	0.00458	0.00320	0.00144	0.00366	0.00291	0.00340	0.00556
10	0.01023	0.03197	0.15418	0.19434	0.23031	0.01086	0.07319	0.05350	0.02310	0.01470	0.04177	0.03898	0.00920	0.00603	0.02631	0.00167	0.06635	0.00459	0.00251	0.00622
11	0.00574	0.00434	0.00521	0.00584	0.00654	0.00392	0.00403	0.00667	0.00941	0.01204	0.04375	0.49106	0.28161	0.07209	0.00706	0.00197	0.00274	0.02797	0.00422	0.00378
12	0.01280	0.66375	0.06990	0.00877	0.01266	0.08950	0.00861	0.01477	0.02869	0.02741	0.00717	0.00815	0.00628	0.00425	0.00350	0.00109	0.02176	0.00273	0.00217	0.00603
13	0.01587	0.01206	0.01404	0.07864	0.04506	0.01336	0.03194	0.56488	0.11367	0.04486	0.01190	0.01218	0.00857	0.00550	0.00469	0.00144	0.00510	0.00436	0.00432	0.00755
14	0.00959	0.00749	0.00845	0.00795	0.00977	0.00810	0.00600	0.05070	0.37980	0.04341	0.14443	0.23210	0.05454	0.00912	0.00519	0.00163	0.00321	0.00793	0.00470	0.00587
15	0.00781	0.02923	0.14947	0.05732	0.01139	0.00701	0.00770	0.02113	0.02350	0.01501	0.24502	0.02273	0.06917	0.01357	0.18805	0.00281	0.02491	0.01700	0.08220	0.00494
16	0.00902	0.00488	0.00497	0.00480	0.00598	0.00499	0.00359	0.04310	0.03510	0.01740	0.01510	0.01788	0.01213	0.05538	0.00458	0.00132	0.00248	0.00451	0.74830	0.00449
17	0.01331	0.02793	0.03179	0.03312	0.19133	0.06203	0.02273	0.15449	0.01283	0.12436	0.01209	0.01332	0.00909	0.00501	0.00417	0.00128	0.00452	0.00414	0.24380	0.02867
18	0.00580	0.00446	0.00531	0.00566	0.00661	0.00397	0.00403	0.00705	0.01048	0.01360	0.20090	0.35782	0.33277	0.01241	0.00567	0.00168	0.00246	0.01088	0.00449	0.00397
19	0.01433	0.16043	0.01420	0.00963	0.01282	0.05417	0.00800	0.29165	0.27862	0.05032	0.01347	0.01419	0.01043	0.01678	0.00467	0.00144	0.00470	0.02899	0.00409	0.00707
20	0.01109	0.03591	0.22750	0.12399	0.29559	0.03093	0.10730	0.04777	0.01086	0.03397	0.00924	0.01209	0.00726	0.00455	0.00466	0.00145	0.00622	0.02049	0.00241	0.00671
21	0.00965	0.00827	0.00965	0.00689	0.01102	0.00620	0.00551	0.01171	0.00965	0.01516	0.00827	0.00965	0.00689	0.00345	0.00345	0.00069	0.00345	0.00276	0.00276	0.86494
22	0.00602	0.00428	0.00524	0.00583	0.00617	0.00404	0.00376	0.00665	0.00851	0.01120	0.04304	0.47491	0.10928	0.27558	0.01152	0.00268	0.00323	0.01069	0.00386	0.00350
23	0.01146	0.00998	0.01151	0.06637	0.08428	0.01141	0.00834	0.04290	0.64411	0.01873	0.01749	0.01671	0.02370	0.00606	0.00473	0.00155	0.00404	0.00512	0.00433	0.00718
24	0.86937	0.00900	0.00684	0.00612	0.00900	0.01044	0.00504	0.01368	0.00792	0.02087	0.00648	0.00756	0.00504	0.00432	0.00288	0.00144	0.00360	0.00252	0.00288	0.00504
25	0.01067	0.01598	0.32127	0.03759	0.20441	0.03085	0.10187	0.06953	0.01073	0.01521	0.00916	0.01215	0.00735	0.02400	0.04206	0.00183	0.06050	0.01591	0.00238	0.00655
26	0.00601	0.00448	0.00561	0.00598	0.00684	0.00408	0.00431	0.00742	0.01076	0.01435	0.28761	0.36425	0.20354	0.01222	0.00571	0.00169	0.00253	0.04398	0.00458	0.00403
27	0.00803	0.00665	0.00876	0.15477	0.05138	0.00705	0.00688	0.01225	0.15531	0.01621	0.30655	0.02825	0.15540	0.00818	0.00513	0.00153	0.00345	0.03294	0.02615	0.00514
28	0.00597	0.00464	0.00543	0.00544	0.00663	0.00410	0.00400	0.00752	0.01143	0.01499	0.35836	0.15275	0.37958	0.01124	0.00556	0.00157	0.00234	0.00972	0.00465	0.00410
29	0.00985	0.14600	0.45136	0.03271	0.01838	0.01167	0.13620	0.01389	0.01000	0.01412	0.06053	0.01204	0.00883	0.02270	0.00520	0.00150	0.03239	0.00405	0.00226	0.00629
30	0.01068	0.01269	0.13456	0.07813	0.11109	0.02253	0.09094	0.06025	0.00948	0.01373	0.00767	0.01084	0.00651	0.00657	0.02045	0.00181	0.38973	0.00414	0.00226	0.00592
31	0.00988	0.00618	0.00636	0.00593	0.00753	0.00664	0.00455	0.05842	0.19952	0.01853	0.01585	0.01700	0.01224	0.00564	0.00369	0.00122	0.00270	0.00455	0.60831	0.00526
32	0.01254	0.05873	0.50287	0.01166	0.01725	0.01103	0.01351	0.14482	0.01241	0.13697	0.02816	0.01140	0.00793	0.00491	0.00445	0.00143	0.00595	0.00382	0.00305	0.00710
33	0.03408	0.00674	0.00864	0.00757	0.02661	0.00623	0.00583	0.03562	0.04746	0.34469	0.28925	0.03641	0.10373	0.00783	0.00504	0.00148	0.00322	0.01835	0.00513	0.00609
34	0.01143	0.00792	0.02893	0.03275	0.01122	0.00647	0.00615	0.03393	0.03040	0.18070	0.16174	0.03194	0.03663	0.00567	0.00431	0.00112	0.00349	0.00475	0.00395	0.39648
35	0.00597	0.00480	0.00498	0.00489	0.00647	0.00404	0.00368	0.00724	0.01086	0.03344	0.10077	0.04331	0.73061	0.01146	0.00548	0.00156	0.00239	0.00959	0.00441	0.00406
36	0.01104	0.01057	0.01802	0.16744	0.67231	0.01093	0.01404	0.01386	0.01037	0.01462	0.00867	0.01167	0.00717	0.00423	0.00461	0.00141	0.00564	0.00414	0.00226	0.00699
37	0.01768	0.01303	0.01396	0.01070	0.01443	0.01443	0.00884	0.79197	0.02187	0.02932	0.01117	0.01117	0.00791	0.00558	0.00465	0.00140	0.00512	0.00419	0.00465	0.00791
38	0.00570	0.00469	0.00502	0.00500	0.00643	0.00400	0.00373	0.00704	0.01098	0.01363	0.18227	0.08025	0.63213	0.01151	0.00552	0.00157	0.00234	0.00973	0.00446	0.00400
39	0.00965	0.10818	0.73109	0.01271	0.01929	0.01159	0.01624	0.01465	0.00978	0.01434	0.00815	0.00958	0.00590	0.00437	0.00427	0.00142	0.00668	0.00334	0.00197	0.00678
40	0.00576	0.00414	0.00548	0.00648	0.00685	0.00386	0.00442	0.00668	0.00916	0.01219	0.05123	0.75526	0.05397	0.01427	0.00593	0.00188	0.00273	0.04155	0.00434	0.00382
41	0.01098	0.01255	0.02745	0.01961	0.02431	0.01176	0.79059	0.01490	0.01098	0.01490	0.00941	0.01255	0.00706	0.00392	0.00549	0.00157	0.00784	0.00549	0.00235	0.00627
42	0.00567	0.00405	0.00540	0.00648	0.00675	0.00378	0.00432	0.00648	0.00891	0.01188	0.02564	0.83347	0.03077	0.01457	0.00594	0.00189	0.00270	0.01323	0.00432	0.00378
43	0.00649	0.00469	0.00614	0.00591	0.00693	0.00433	0.00438	0.00855	0.01275	0.01799	0.72802	0.11367	0.04260	0.01001	0.00553	0.00151	0.00224	0.00889	0.00504	0.00433
44	0.00879	0.00827	0.01395	0.82532	0.03204	0.01034	0.01292	0.01189	0.00930	0.01189	0.00827	0.01240	0.00620	0.00465	0.00465	0.00155	0.00620	0.00413	0.00207	0.00517
45	0.00656	0.00475	0.00618	0.00582	0.00693	0.00438	0.00437	0.00872	0.01310	0.01849	0.78486	0.03502	0.06416	0.00957	0.00549	0.00147	0.00220	0.00845	0.00510	0.00438
46	0.00933	0.02406	0.81240	0.01326	0.02014	0.01080	0.01719	0.01473	0.00982	0.01473	0.00835	0.00982	0.00589	0.00442	0.00442	0.00147	0.00688	0.00344	0.00196	0.00688
47	0.01157	0.00999	0.01052	0.00947	0.01210	0.01157	0.00736	0.02472	0.79908	0.01946	0.01893	0.01736	0.01420	0.00631	0.00473	0.00158	0.00368	0.00526	0.00473	0.00736
48	0.00861	0.00435	0.00439	0.00438	0.00547	0.00434	0.00329	0.01078	0.00986	0.01739	0.03980	0.01789	0.01292	0.00555	0.00332	0.00110	0.00217	0.00446	0.83560	0.00434
49	0.84738	0.00897	0.00694	0.00617	0.00907	0.01034	0.00508	0.01391	0.00806	0.04134	0.00679	0.00777	0.00521	0.00436	0.00293	0.00144	0.00361	0.00258	0.00295	0.00511
50	0.03602	0.00513	0.00525	0.00499	0.00623	0.00538	0.00383	0.05100	0.01023	0.01786	0.01439	0.01648	0.01130	0.00549	0.00372	0.00114	0.03057	0.00426	0.76216	0.00457
51	0.01931	0.04282	0.03280	0.00886	0.02688	0.01978	0.00733	0.02182	0.05531	0.67750	0.02714	0.01546	0.01153	0.00568	0.00461	0.00143	0.00414	0.00460	0.00533	0.00769
52	0.00941	0.04352	0.79359	0.01313	0.01994	0.01099	0.01697	0.01471	0.00981	0.01464	0.00830	0.00977	0.00590	0.00441	0.00439	0.00146	0.00683	0.00342	0.00197	0.00685
53	0.84815	0.00937	0.02671	0.00629	0.00927	0.01045	0.00534	0.01370	0.00796	0.02072	0.00652	0.00761	0.00506	0.00432	0.00292	0.00144	0.00368	0.00254	0.00286	0.00508
54	0.00675	0.00507	0.00738	0.00731	0.00805	0.00586	0.00559	0.00825	0.00759	0.01091	0.03958	0.01979	0.01310	0.11006	0.69347	0.00685	0.03248	0.00525	0.00260	0.00406
55	0.01887	0.01112	0.01278	0.00980	0.01347	0.01159	0.00809	0.50487	0.01868	0.32093	0.01385	0.01291	0.00926	0.00565	0.00466	0.00141	0.00469	0.00437	0.00507	0.00791
56	0.00957	0.00907	0.01537	0.59667	0.25457	0.01054	0.01331	0.01257	0.00967	0.01284	0.00841	0.01215	0.00654	0.00451	0.00464	0.00150	0.00601	0.00414	0.00213	0.00580
57	0.01212	0.75555	0.10533	0.00850	0.01278	0.01763	0.00891	0.01401	0.00949	0.01133	0.00666	0.00771	0.00596	0.00403	0.00313	0.00104	0.00517	0.00259	0.00199	0.00606
58	0.01941	0.00767	0.01039	0.00804	0.01145	0.00662	0.00660	0.02125	0.01321	0.72523	0.08239	0.01722	0.01404	0.00600	0.00471	0.00142	0.00380	0.00493	0.00563	0.02996
59	0.01157	0.00999	0.01052	0.00947	0.01210	0.01157	0.00736	0.02472	0.79908	0.01946	0.01893	0.01736	0.01420	0.00631	0.00473	0.00158	0.00368	0.00526	0.00473	0.00736
60	0.00933	0.02406	0.81240	0.01326	0.02014	0.01080	0.01719	0.01473	0.00982	0.01473	0.00835	0.00982	0.00589	0.00442	0.00442	0.00147	0.00688	0.00344	0.00196	0.00688
61	0.00555	0.00471	0.00479	0.00477	0.00632	0.00395	0.00358	0.00678	0.01073	0.01288	0.08561	0.04426	0.76692	0.01167	0.00550	0.00157	0.00235	0.00975	0.00436	0.00395
62	0.01094	0.01286	0.04834	0.01944	0.02420	0.01174	0.77001	0.01490	0.01095	0.01490	0.00938	0.01248	0.00703	0.00393	0.00546	0.00157	0.00782	0.00544	0.00234	0.00629
63	0.01648	0.02014	0.01278	0.01157	0.01403	0.67966	0.00873	0.03244	0.13493	0.01293	0.00907	0.00982	0.00729	0.00504	0.00429	0.00126	0.00761	0.00337	0.00280	0.00574
64	0.00550	0.00470	0.00473	0.00476	0.00630	0.00392	0.00355	0.00667	0.01056	0.01255	0.04658	0.06497	0.78575	0.01185	0.00551	0.00158	0.00237	0.00991	0.00432	0.00392
65	0.01098	0.01255	0.02745	0.01961	0.02431	0.01176	0.79059	0.01490	0.01098	0.01490	0.00941	0.01255	0.00706	0.00392	0.00549	0.00157	0.00784	0.00549	0.00235	0.00627
66	0.00598	0.00478	0.00508	0.00497	0.00650	0.00406	0.00374	0.00734	0.01107	0.02951	0.16907	0.04257	0.66659	0.01129	0.00548	0.00155	0.00236	0.00949	0.00448	0.00408
67	0.66298	0.00867	0.00762	0.00656	0.00948	0.00959	0.00538	0.03034	0.00939	0.15500	0.05071	0.01047	0.00824	0.00486	0.00336	0.00144	0.00362	0.00323	0.00352	0.00555
68	0.01024	0.29060	0.48036	0.01075	0.01615	0.01273	0.01292	0.01407	0.00978	0.01375	0.02783	0.01015	0.00725	0.00447	0.00390	0.00129	0.00583	0.00331	0.05827	0.00635
