[name]
unknown

[dist]
# distance from previous block
# <min> <max>
0	15

[block]
# block no. 0 follows, 57 sequences, length 12
# corresponding to MSA columns:
# 34-45
name=unknown_A
#
# <colnr> <probs for GDERKNQSTAVLIFYWHMCP>
#	G	D	E	R	K	N	Q	S	T	A	V	L	I	F	Y	W	H	M	C	P
0	0.01001	0.00843	0.01202	0.02271	0.05764	0.03776	0.13662	0.08561	0.11338	0.04869	0.06600	0.20474	0.01844	0.00844	0.00524	0.00162	0.00448	0.13119	0.00383	0.02313
1	0.01225	0.00703	0.00888	0.00793	0.01030	0.00673	0.00647	0.01616	0.15984	0.27109	0.08155	0.07180	0.01862	0.00803	0.00502	0.00156	0.00363	0.20547	0.00463	0.09301
2	0.00629	0.00447	0.00580	0.00632	0.00673	0.00449	0.00431	0.02913	0.00838	0.01131	0.02010	0.48382	0.02324	0.20191	0.14049	0.00328	0.00465	0.02802	0.00360	0.00366
3	0.00745	0.13891	0.00854	0.00598	0.00680	0.00688	0.00428	0.00808	0.00718	0.00952	0.01246	0.02310	0.01348	0.50449	0.22028	0.00457	0.00641	0.00549	0.00254	0.00356
4	0.01686	0.14259	0.01626	0.01048	0.01429	0.00954	0.18335	0.01903	0.01186	0.50754	0.01407	0.01340	0.00938	0.00493	0.00447	0.00136	0.00486	0.00439	0.00428	0.00705
5	0.00803	0.00426	0.00438	0.00438	0.00520	0.00426	0.00307	0.00967	0.00885	0.01508	0.01467	0.01975	0.01270	0.19211	0.00762	0.00180	0.00262	0.00475	0.67289	0.00389
6	0.01526	0.01080	0.01150	0.00904	0.01209	0.01185	0.00740	0.62143	0.01867	0.02595	0.01175	0.01222	0.00858	0.00540	0.00423	0.00129	0.00434	0.00411	0.19715	0.00693
7	0.01021	0.00956	0.01501	0.32523	0.31594	0.01064	0.03518	0.01532	0.18741	0.01451	0.01058	0.01284	0.00823	0.00469	0.00456	0.00146	0.00530	0.00432	0.00269	0.00634
8	0.00960	0.00580	0.00641	0.00614	0.00760	0.00602	0.00496	0.13633	0.01160	0.01802	0.01622	0.02358	0.01422	0.00692	0.00408	0.00133	0.00303	0.17812	0.53523	0.00477
9	0.00659	0.00439	0.00494	0.00494	0.00494	0.00439	0.00275	0.00659	0.00659	0.00879	0.01428	0.02965	0.01647	0.84075	0.02306	0.00439	0.00439	0.00659	0.00275	0.00275
10	0.01292	0.00940	0.01093	0.00935	0.05106	0.00961	0.00710	0.32558	0.09072	0.08052	0.19027	0.01670	0.01620	0.00597	0.00453	0.00128	0.00389	0.00491	0.00431	0.14474
11	0.00908	0.00834	0.01389	0.48055	0.23980	0.00948	0.01210	0.01186	0.00962	0.01277	0.01073	0.01810	0.00956	0.00568	0.00480	0.00156	0.00556	0.12864	0.00242	0.00548

[dist]
# distance from previous block
# <min> <max>
0	8

[block]
# block no. 1 follows, 57 sequences, length 8
# corresponding to MSA columns:
# 54-61
name=unknown_B
#
# <colnr> <probs for GDERKNQSTAVLIFYWHMCP>
#	G	D	E	R	K	N	Q	S	T	A	V	L	I	F	Y	W	H	M	C	P
0	0.01141	0.01044	0.06883	0.01054	0.10468	0.00887	0.00795	0.21792	0.01260	0.01817	0.00985	0.05869	0.00832	0.00469	0.00401	0.00105	0.00421	0.00385	0.00315	0.43075
1	0.00630	0.00432	0.00524	0.00551	0.00566	0.00432	0.00339	0.00665	0.00720	0.00967	0.01689	0.24071	0.01955	0.55031	0.09135	0.00399	0.00464	0.00808	0.00310	0.00311
2	0.00972	0.01888	0.54821	0.01187	0.01701	0.01096	0.01374	0.01666	0.21800	0.01531	0.01068	0.01152	0.00788	0.00505	0.00514	0.00150	0.06469	0.00386	0.00263	0.00670
3	0.01077	0.10675	0.43218	0.01370	0.01919	0.01197	0.21941	0.10483	0.01118	0.01564	0.00853	0.01017	0.00627	0.00426	0.00446	0.00140	0.00655	0.00386	0.00232	0.00657
4	0.00752	0.00687	0.01139	0.00978	0.01161	0.00662	0.21230	0.01054	0.10140	0.01328	0.02280	0.42242	0.12404	0.01019	0.00548	0.00168	0.00401	0.00957	0.00375	0.00474
5	0.01392	0.01088	0.01254	0.01010	0.01230	0.01274	0.00819	0.48760	0.01561	0.02134	0.01003	0.01308	0.00839	0.11523	0.00967	0.00192	0.22212	0.00438	0.00363	0.00634
6	0.01271	0.00891	0.00994	0.00809	0.01113	0.00904	0.00645	0.14709	0.28536	0.12775	0.01421	0.01391	0.01051	0.00519	0.00412	0.00123	0.00363	0.00419	0.10384	0.21271
7	0.53412	0.00909	0.00939	0.22282	0.01535	0.01065	0.00741	0.11531	0.00984	0.01911	0.00736	0.00906	0.00557	0.00445	0.00348	0.00142	0.00436	0.00308	0.00282	0.00531

[dist]
# distance from previous block
# <min> <max>
5	18

[block]
# block no. 2 follows, 57 sequences, length 19
# corresponding to MSA columns:
# 86-104
name=unknown_C
#
# <colnr> <probs for GDERKNQSTAVLIFYWHMCP>
#	G	D	E	R	K	N	Q	S	T	A	V	L	I	F	Y	W	H	M	C	P
0	0.01172	0.00904	0.01031	0.00773	0.01150	0.00806	0.00622	0.15468	0.09419	0.07065	0.01029	0.01084	0.00793	0.00417	0.00378	0.00093	0.00371	0.00331	0.00341	0.56752
1	0.00700	0.00550	0.00764	0.00873	0.12192	0.00516	0.00553	0.00905	0.01205	0.01683	0.59568	0.03151	0.11618	0.03059	0.00569	0.00150	0.00268	0.00770	0.00446	0.00460
2	0.03459	0.00506	0.00626	0.00582	0.00693	0.00486	0.00431	0.03956	0.01235	0.01768	0.67038	0.03166	0.03744	0.09517	0.00707	0.00173	0.00253	0.00768	0.00467	0.00427
3	0.01122	0.01077	0.01839	0.02781	0.81248	0.01077	0.01391	0.01391	0.01032	0.01480	0.00852	0.01122	0.00718	0.00404	0.00449	0.00135	0.00538	0.00404	0.00224	0.00718
4	0.00845	0.00422	0.00422	0.00422	0.00528	0.00422	0.00317	0.01056	0.00950	0.01689	0.01478	0.01689	0.01161	0.00528	0.00317	0.00106	0.00211	0.00422	0.86591	0.00422
5	0.01108	0.00938	0.01007	0.00918	0.01162	0.01075	0.00724	0.05156	0.69262	0.01876	0.01873	0.02023	0.01487	0.00678	0.00478	0.00159	0.00370	0.08563	0.00456	0.00688
6	0.00648	0.00484	0.00720	0.00720	0.00798	0.00562	0.00556	0.00804	0.00726	0.01046	0.01222	0.01823	0.01152	0.06339	0.79365	0.00718	0.01186	0.00492	0.00244	0.00400
7	0.00845	0.00422	0.00422	0.00422	0.00528	0.00422	0.00317	0.01056	0.00950	0.01689	0.01478	0.01689	0.01161	0.00528	0.00317	0.00106	0.00211	0.00422	0.86591	0.00422
8	0.00856	0.00805	0.01359	0.82986	0.03121	0.01007	0.01258	0.01158	0.00906	0.01158	0.00805	0.01208	0.00604	0.00453	0.00453	0.00151	0.00604	0.00403	0.00201	0.00503
9	0.01621	0.01219	0.01303	0.01022	0.01366	0.01358	0.00837	0.66508	0.15525	0.02692	0.01217	0.01191	0.00875	0.00556	0.00455	0.00139	0.00475	0.00426	0.00455	0.00761
10	0.00909	0.02344	0.81727	0.01292	0.01961	0.01052	0.01674	0.01435	0.00957	0.01435	0.00813	0.00957	0.00574	0.00431	0.00431	0.00144	0.00670	0.00335	0.00191	0.00670
11	0.00659	0.00439	0.00494	0.00494	0.00494	0.00439	0.00275	0.00659	0.00659	0.00879	0.01428	0.02965	0.01647	0.84075	0.02306	0.00439	0.00439	0.00659	0.00275	0.00275
12	0.01075	0.01196	0.02503	0.01807	0.02245	0.01144	0.71423	0.01551	0.09298	0.01498	0.01013	0.01271	0.00760	0.00406	0.00527	0.00153	0.00722	0.00532	0.00253	0.00622
13	0.01043	0.01136	0.02316	0.01654	0.02101	0.01034	0.63276	0.01387	0.01043	0.01457	0.00894	0.01164	0.00684	0.00372	0.00494	0.00135	0.00675	0.00480	0.00237	0.18418
14	0.01264	0.01066	0.01231	0.01037	0.01324	0.06058	0.08913	0.07806	0.53268	0.08435	0.01632	0.01615	0.01226	0.00587	0.00468	0.00150	0.00442	0.02352	0.00430	0.00696
15	0.13638	0.02539	0.01046	0.00864	0.01138	0.13296	0.00691	0.30430	0.09791	0.02009	0.03212	0.01748	0.15163	0.00646	0.00439	0.00139	0.00456	0.01767	0.00386	0.00603
16	0.01112	0.01067	0.01822	0.05676	0.78428	0.01074	0.01386	0.01382	0.01027	0.01469	0.00851	0.01125	0.00714	0.00406	0.00449	0.00135	0.00541	0.00404	0.00223	0.00710
17	0.35725	0.01070	0.00986	0.00820	0.01112	0.06581	0.00664	0.30005	0.04894	0.05457	0.06030	0.02837	0.00956	0.00536	0.00390	0.00139	0.00427	0.00386	0.00376	0.00610
18	0.01559	0.01592	0.01592	0.01266	0.01596	0.32287	0.17122	0.31445	0.03918	0.01869	0.00927	0.01030	0.00700	0.00483	0.00453	0.00133	0.00671	0.00393	0.00323	0.00642

[dist]
# distance from previous block
# <min> <max>
0	2

[block]
# block no. 3 follows, 57 sequences, length 63
# corresponding to MSA columns:
# 107-169
name=unknown_D
#
# <colnr> <probs for GDERKNQSTAVLIFYWHMCP>
#	G	D	E	R	K	N	Q	S	T	A	V	L	I	F	Y	W	H	M	C	P
0	0.01438	0.01204	0.01148	0.00978	0.01265	0.13262	0.00771	0.21166	0.42389	0.09186	0.01484	0.01400	0.01091	0.00571	0.00451	0.00143	0.00464	0.00449	0.00434	0.00706
1	0.00895	0.00532	0.00611	0.00551	0.00745	0.00453	0.00427	0.01033	0.01118	0.20004	0.11291	0.03610	0.55044	0.00990	0.00517	0.00149	0.00264	0.00826	0.00461	0.00477
2	0.00845	0.00422	0.00422	0.00422	0.00528	0.00422	0.00317	0.01056	0.00950	0.01689	0.01478	0.01689	0.01161	0.00528	0.00317	0.00106	0.00211	0.00422	0.86591	0.00422
3	0.01091	0.01012	0.01609	0.03872	0.61336	0.02325	0.01201	0.02402	0.03349	0.02660	0.01012	0.07225	0.00904	0.00485	0.00449	0.00133	0.00499	0.00460	0.00257	0.07717
4	0.01100	0.01055	0.01800	0.09329	0.74870	0.01071	0.01380	0.01372	0.01022	0.01454	0.00849	0.01129	0.00708	0.00408	0.00449	0.00136	0.00544	0.00404	0.00222	0.00700
5	0.00845	0.00422	0.00422	0.00422	0.00528	0.00422	0.00317	0.01056	0.00950	0.01689	0.01478	0.01689	0.01161	0.00528	0.00317	0.00106	0.00211	0.00422	0.86591	0.00422
6	0.00969	0.03806	0.67463	0.01191	0.01778	0.00984	0.01478	0.01425	0.00974	0.07317	0.01019	0.07756	0.00812	0.00520	0.00441	0.00146	0.00612	0.00420	0.00237	0.00651
7	0.01234	0.01151	0.07749	0.01397	0.01715	0.02265	0.32869	0.01533	0.03477	0.17277	0.02033	0.01241	0.00806	0.00545	0.00758	0.00161	0.22410	0.00467	0.00295	0.00617
8	0.01513	0.01844	0.01153	0.01058	0.01262	0.67103	0.00792	0.01635	0.01194	0.01135	0.00820	0.01030	0.00705	0.03554	0.07394	0.00179	0.00797	0.00329	0.06005	0.00500
9	0.00610	0.00439	0.00578	0.00592	0.00670	0.00407	0.00425	0.00776	0.01137	0.01585	0.53371	0.31686	0.03825	0.01100	0.00550	0.00157	0.00231	0.00984	0.00471	0.00407
10	0.05929	0.01170	0.01652	0.02316	0.61008	0.09987	0.01226	0.03398	0.01089	0.06652	0.00890	0.01093	0.00718	0.00425	0.00436	0.00133	0.00548	0.00386	0.00256	0.00689
11	0.01262	0.00927	0.01452	0.01442	0.18846	0.00919	0.14650	0.15690	0.01246	0.16457	0.01443	0.19664	0.01304	0.00687	0.00510	0.00151	0.01704	0.00634	0.00373	0.00637
12	0.00655	0.00492	0.00722	0.00718	0.00790	0.00572	0.00550	0.00802	0.00722	0.01038	0.01219	0.01865	0.01166	0.10247	0.73774	0.00693	0.02837	0.00499	0.00245	0.00395
13	0.85669	0.00875	0.00679	0.02127	0.00918	0.01016	0.00505	0.01329	0.00774	0.02017	0.00634	0.00745	0.00493	0.00421	0.00284	0.00140	0.00355	0.00248	0.00279	0.00491
14	0.01108	0.01062	0.01814	0.06990	0.77149	0.01073	0.01384	0.01378	0.01025	0.01463	0.00850	0.01126	0.00712	0.00406	0.00449	0.00135	0.00542	0.00404	0.00223	0.00707
15	0.00940	0.00805	0.00940	0.00671	0.01074	0.00604	0.00537	0.01141	0.00940	0.01477	0.00805	0.00940	0.00671	0.00336	0.00336	0.00067	0.00336	0.00268	0.00268	0.86845
16	0.01505	0.01269	0.01356	0.01085	0.01412	0.09167	0.06633	0.44708	0.23919	0.02313	0.01250	0.01240	0.00918	0.00544	0.00457	0.00140	0.00510	0.00435	0.00418	0.00720
17	0.01928	0.00774	0.01041	0.00793	0.01149	0.00660	0.00654	0.02105	0.01262	0.73837	0.01693	0.01484	0.01078	0.00539	0.00444	0.00133	0.00381	0.00438	0.00533	0.09074
18	0.00845	0.00422	0.00422	0.00422	0.00528	0.00422	0.00317	0.01056	0.00950	0.01689	0.01478	0.01689	0.01161	0.00528	0.00317	0.00106	0.00211	0.00422	0.86591	0.00422
19	0.01063	0.02140	0.66511	0.01244	0.01856	0.01119	0.01520	0.16260	0.01179	0.01704	0.00865	0.00982	0.00611	0.00452	0.00435	0.00142	0.00637	0.00349	0.00241	0.00689
20	0.00689	0.00481	0.00631	0.00649	0.00728	0.01845	0.00488	0.00845	0.00813	0.01213	0.01515	0.17817	0.01495	0.02333	0.46961	0.00475	0.00801	0.00626	0.19191	0.00403
21	0.00845	0.00422	0.00422	0.00422	0.00528	0.00422	0.00317	0.01056	0.00950	0.01689	0.01478	0.01689	0.01161	0.00528	0.00317	0.00106	0.00211	0.00422	0.86591	0.00422
22	0.01572	0.01784	0.01417	0.01501	0.18891	0.51908	0.00986	0.13830	0.01360	0.01462	0.00794	0.00926	0.00642	0.00465	0.00424	0.00124	0.00707	0.00334	0.00266	0.00606
23	0.00663	0.00570	0.00581	0.00559	0.00734	0.00543	0.00425	0.01029	0.18155	0.01369	0.03998	0.03785	0.63881	0.01033	0.00519	0.00153	0.00257	0.00861	0.00429	0.00455
24	0.00697	0.00637	0.00600	0.00575	0.00732	0.07131	0.00433	0.00919	0.06967	0.01394	0.20809	0.03661	0.51795	0.01004	0.00519	0.00148	0.00284	0.00839	0.00426	0.00429
25	0.02033	0.00771	0.01052	0.00806	0.01157	0.00666	0.00666	0.02208	0.01297	0.81562	0.01788	0.01542	0.01122	0.00561	0.00456	0.00140	0.00386	0.00456	0.00561	0.00771
26	0.03626	0.00773	0.01044	0.00802	0.01151	0.00673	0.00663	0.02192	0.01287	0.80076	0.01766	0.01527	0.01110	0.00558	0.00452	0.00140	0.00385	0.00452	0.00556	0.00766
27	0.00659	0.00439	0.00494	0.00494	0.00494	0.00439	0.00275	0.00659	0.00659	0.00879	0.01428	0.02965	0.01647	0.84075	0.02306	0.00439	0.00439	0.00659	0.00275	0.00275
28	0.16947	0.00643	0.00731	0.00857	0.13212	0.00618	0.00545	0.00942	0.00992	0.03940	0.03178	0.03089	0.50948	0.00877	0.00472	0.00147	0.00305	0.00721	0.00368	0.00467
29	0.63480	0.01020	0.00799	0.00712	0.00987	0.08455	0.00572	0.03926	0.13241	0.01952	0.00840	0.00903	0.00646	0.00459	0.00325	0.00140	0.00399	0.00296	0.00309	0.00538
30	0.01611	0.14465	0.01538	0.01070	0.01399	0.27290	0.03522	0.40001	0.01636	0.01972	0.00887	0.00950	0.00679	0.00490	0.00417	0.00124	0.00607	0.00349	0.00335	0.00657
31	0.01122	0.01077	0.01839	0.02781	0.81248	0.01077	0.01391	0.01391	0.01032	0.01480	0.00852	0.01122	0.00718	0.00404	0.00449	0.00135	0.00538	0.00404	0.00224	0.00718
32	0.00845	0.00422	0.00422	0.00422	0.00528	0.00422	0.00317	0.01056	0.00950	0.01689	0.01478	0.01689	0.01161	0.00528	0.00317	0.00106	0.00211	0.00422	0.86591	0.00422
33	0.00976	0.01046	0.02125	0.01590	0.01937	0.01020	0.55884	0.01290	0.01032	0.01392	0.01362	0.02005	0.06342	0.00599	0.00626	0.00165	0.07409	0.12374	0.00268	0.00557
34	0.00856	0.00805	0.01359	0.82986	0.03121	0.01007	0.01258	0.01158	0.00906	0.01158	0.00805	0.01208	0.00604	0.00453	0.00453	0.00151	0.00604	0.00403	0.00201	0.00503
35	0.00845	0.00422	0.00422	0.00422	0.00528	0.00422	0.00317	0.01056	0.00950	0.01689	0.01478	0.01689	0.01161	0.00528	0.00317	0.00106	0.00211	0.00422	0.86591	0.00422
36	0.01387	0.00863	0.00997	0.00862	0.01133	0.00917	0.00678	0.02210	0.48113	0.28465	0.01874	0.07699	0.01415	0.00656	0.00468	0.00151	0.00361	0.00551	0.00491	0.00709
37	0.01664	0.01806	0.01290	0.01113	0.01387	0.51962	0.00861	0.25824	0.06832	0.01699	0.00896	0.00959	0.00695	0.00501	0.00426	0.00125	0.00689	0.00342	0.00316	0.00614
38	0.01442	0.01092	0.02846	0.00959	0.01257	0.01182	0.00796	0.58261	0.01761	0.02393	0.01123	0.01257	0.00859	0.01166	0.18371	0.00265	0.00649	0.00424	0.03222	0.00677
39	0.00896	0.02209	0.75750	0.01258	0.01886	0.01013	0.01605	0.01398	0.00963	0.01429	0.00930	0.01263	0.00724	0.00491	0.00445	0.00148	0.00651	0.06081	0.00208	0.00651
40	0.01200	0.00843	0.01291	0.17804	0.24055	0.00869	0.02425	0.07165	0.01113	0.18987	0.01455	0.05827	0.06814	0.00810	0.07146	0.00192	0.00537	0.00511	0.00337	0.00620
41	0.01050	0.01004	0.01711	0.24218	0.60367	0.01058	0.01355	0.01328	0.00998	0.01394	0.00840	0.01145	0.00687	0.00417	0.00450	0.00139	0.00556	0.00403	0.00218	0.00660
42	0.00648	0.00482	0.00709	0.00709	0.00783	0.00556	0.00543	0.00797	0.00723	0.01038	0.01231	0.01877	0.01175	0.09985	0.75751	0.00705	0.01151	0.00500	0.00245	0.00394
43	0.87276	0.00876	0.00666	0.00596	0.00876	0.01017	0.00491	0.01332	0.00771	0.02033	0.00631	0.00736	0.00491	0.00421	0.00280	0.00140	0.00351	0.00245	0.00280	0.00491
44	0.00949	0.00798	0.00940	0.01863	0.01098	0.00607	0.00547	0.01149	0.00943	0.02712	0.00849	0.02351	0.00716	0.00359	0.00343	0.00071	0.00339	0.00291	0.00275	0.82799
45	0.01179	0.00798	0.00964	0.00701	0.01092	0.00618	0.00565	0.01375	0.01018	0.19038	0.01021	0.01072	0.00770	0.00385	0.00362	0.00083	0.00347	0.00310	0.00333	0.67970
46	0.00633	0.00463	0.00594	0.00561	0.00672	0.00424	0.00421	0.00838	0.01262	0.01769	0.74772	0.03464	0.10543	0.00944	0.00535	0.00143	0.00215	0.00831	0.00492	0.00424
47	0.01169	0.01158	0.01499	0.01430	0.13870	0.09438	0.15647	0.01968	0.42590	0.01642	0.01360	0.01403	0.01043	0.00529	0.00500	0.00148	0.03114	0.00473	0.00349	0.00671
48	0.00845	0.00422	0.00422	0.00422	0.00528	0.00422	0.00317	0.01056	0.00950	0.01689	0.01478	0.01689	0.01161	0.00528	0.00317	0.00106	0.00211	0.00422	0.86591	0.00422
49	0.00998	0.26414	0.58436	0.01140	0.01727	0.01270	0.01410	0.01412	0.00946	0.01327	0.00759	0.00889	0.00576	0.00418	0.00389	0.00130	0.00615	0.00308	0.00192	0.00644
50	0.00951	0.01349	0.19645	0.01549	0.02006	0.01007	0.50215	0.01323	0.01039	0.01413	0.01465	0.01652	0.13156	0.00512	0.00512	0.00151	0.00660	0.00556	0.00251	0.00588
51	0.00845	0.00422	0.00422	0.00422	0.00528	0.00422	0.00317	0.01056	0.00950	0.01689	0.01478	0.01689	0.01161	0.00528	0.00317	0.00106	0.00211	0.00422	0.86591	0.00422
52	0.01113	0.01099	0.01969	0.02646	0.68988	0.01087	0.13547	0.01400	0.01038	0.01476	0.00862	0.01137	0.00713	0.00400	0.00462	0.00137	0.00573	0.00424	0.00225	0.00701
53	0.00991	0.01096	0.02347	0.01715	0.02108	0.01028	0.67549	0.01327	0.01039	0.01407	0.01157	0.13789	0.01039	0.00540	0.00541	0.00158	0.00688	0.00649	0.00258	0.00574
54	0.00999	0.00959	0.01476	0.31008	0.38183	0.03751	0.01191	0.01336	0.06855	0.01362	0.01209	0.01449	0.07281	0.00500	0.00457	0.00143	0.00533	0.00453	0.00250	0.00607
55	0.00978	0.00551	0.00565	0.00517	0.00661	0.00572	0.00400	0.13033	0.01130	0.01867	0.01419	0.01598	0.01102	0.00530	0.00338	0.00110	0.00255	0.00420	0.73478	0.00475
56	0.02033	0.00771	0.01052	0.00806	0.01157	0.00666	0.00666	0.02208	0.01297	0.81562	0.01788	0.01542	0.01122	0.00561	0.00456	0.00140	0.00386	0.00456	0.00561	0.00771
57	0.00659	0.00439	0.00494	0.00494	0.00494	0.00439	0.00275	0.00659	0.00659	0.00879	0.01428	0.02965	0.01647	0.84075	0.02306	0.00439	0.00439	0.00659	0.00275	0.00275
58	0.01322	0.65451	0.02124	0.00865	0.01218	0.20293	0.00798	0.01461	0.01004	0.01076	0.00646	0.00748	0.00582	0.00406	0.00318	0.00101	0.00561	0.00254	0.00203	0.00569
59	0.00873	0.00824	0.01391	0.77628	0.08341	0.01011	0.01267	0.01173	0.00914	0.01179	0.00809	0.01202	0.00612	0.00450	0.00453	0.00150	0.00600	0.00403	0.00203	0.00518
60	0.01045	0.01202	0.08258	0.19533	0.16845	0.07106	0.17009	0.01317	0.00954	0.01296	0.00788	0.01092	0.00639	0.00491	0.00662	0.00151	0.16904	0.00409	0.00215	0.04083
61	0.01251	0.77638	0.02285	0.00807	0.01182	0.08362	0.00784	0.01394	0.00950	0.01070	0.00636	0.00734	0.00582	0.00394	0.00300	0.00099	0.00512	0.00246	0.00197	0.00577
62	0.00973	0.25541	0.40342	0.01051	0.01499	0.01225	0.01190	0.01333	0.03603	0.01280	0.00918	0.07064	0.00807	0.00647	0.03810	0.00162	0.07339	0.00396	0.00221	0.00599

[dist]
# distance from previous block
# <min> <max>
1	46

[block]
# block no. 4 follows, 57 sequences, length 27
# corresponding to MSA columns:
# 216-242
name=unknown_E
#
# <colnr> <probs for GDERKNQSTAVLIFYWHMCP>
#	G	D	E	R	K	N	Q	S	T	A	V	L	I	F	Y	W	H	M	C	P
0	0.00620	0.00459	0.00579	0.00556	0.00666	0.00418	0.00414	0.00812	0.01224	0.01693	0.65277	0.07408	0.16224	0.00985	0.00537	0.00146	0.00219	0.00863	0.00483	0.00418
1	0.01318	0.66219	0.02134	0.00862	0.01215	0.19541	0.00797	0.01457	0.01001	0.01076	0.00646	0.00747	0.00582	0.00405	0.00317	0.00101	0.00558	0.00253	0.00203	0.00569
2	0.87276	0.00876	0.00666	0.00596	0.00876	0.01017	0.00491	0.01332	0.00771	0.02033	0.00631	0.00736	0.00491	0.00421	0.00280	0.00140	0.00351	0.00245	0.00280	0.00491
3	0.01122	0.01077	0.01839	0.02781	0.81248	0.01077	0.01391	0.01391	0.01032	0.01480	0.00852	0.01122	0.00718	0.00404	0.00449	0.00135	0.00538	0.00404	0.00224	0.00718
4	0.00556	0.00398	0.00530	0.00628	0.00658	0.00371	0.00421	0.00642	0.00888	0.01189	0.06277	0.79909	0.03059	0.01396	0.00576	0.00182	0.00261	0.01266	0.00424	0.00371
5	0.00591	0.00448	0.00603	0.00681	0.00705	0.00459	0.00472	0.00672	0.00852	0.01151	0.02327	0.76371	0.02782	0.01364	0.00660	0.00185	0.07688	0.01208	0.00401	0.00379
6	0.00845	0.00422	0.00422	0.00422	0.00528	0.00422	0.00317	0.01056	0.00950	0.01689	0.01478	0.01689	0.01161	0.00528	0.00317	0.00106	0.00211	0.00422	0.86591	0.00422
7	0.00787	0.00394	0.00590	0.00590	0.00590	0.00394	0.00394	0.00590	0.00590	0.00787	0.00787	0.01377	0.00787	0.01574	0.01771	0.86816	0.00394	0.00394	0.00197	0.00197
8	0.00552	0.00394	0.00526	0.00631	0.00657	0.00368	0.00421	0.00631	0.00868	0.01157	0.02498	0.83779	0.02997	0.01420	0.00578	0.00184	0.00263	0.01288	0.00421	0.00368
9	0.00845	0.00422	0.00422	0.00422	0.00528	0.00422	0.00317	0.01056	0.00950	0.01689	0.01478	0.01689	0.01161	0.00528	0.00317	0.00106	0.00211	0.00422	0.86591	0.00422
10	0.01157	0.00976	0.01098	0.01085	0.08342	0.01107	0.00776	0.02310	0.70669	0.04533	0.01754	0.01635	0.01315	0.00594	0.00460	0.00152	0.00376	0.00501	0.00443	0.00719
11	0.00729	0.00555	0.00844	0.00791	0.00906	0.00534	0.11365	0.04543	0.00969	0.01370	0.02036	0.54236	0.02255	0.01080	0.00521	0.00164	0.00334	0.00992	0.15345	0.00430
12	0.01776	0.01183	0.01306	0.01002	0.01362	0.01277	0.00827	0.66287	0.01986	0.16511	0.01209	0.01167	0.00832	0.00547	0.00454	0.00137	0.00479	0.00416	0.00472	0.00771
13	0.00637	0.00463	0.00648	0.00662	0.00717	0.00510	0.00481	0.00751	0.00732	0.01027	0.01439	0.13378	0.01506	0.21270	0.53003	0.00588	0.00908	0.00635	0.00274	0.00370
14	0.01122	0.01077	0.01839	0.02781	0.81248	0.01077	0.01391	0.01391	0.01032	0.01480	0.00852	0.01122	0.00718	0.00404	0.00449	0.00135	0.00538	0.00404	0.00224	0.00718
15	0.00856	0.00805	0.01359	0.82986	0.03121	0.01007	0.01258	0.01158	0.00906	0.01158	0.00805	0.01208	0.00604	0.00453	0.00453	0.00151	0.00604	0.00403	0.00201	0.00503
16	0.02033	0.00771	0.01052	0.00806	0.01157	0.00666	0.00666	0.02208	0.01297	0.81562	0.01788	0.01542	0.01122	0.00561	0.00456	0.00140	0.00386	0.00456	0.00561	0.00771
17	0.00565	0.00399	0.00537	0.00631	0.00660	0.00377	0.00424	0.00642	0.00867	0.01162	0.04800	0.76120	0.02907	0.01470	0.03111	0.03038	0.00295	0.01220	0.00410	0.00365
18	0.01660	0.00698	0.00934	0.00774	0.01048	0.00624	0.00615	0.01871	0.05269	0.59732	0.01947	0.19690	0.01549	0.00753	0.00483	0.00151	0.00357	0.00642	0.00525	0.00679
19	0.01074	0.01028	0.01753	0.17265	0.67140	0.01064	0.01367	0.01349	0.01009	0.01422	0.00844	0.01137	0.00697	0.00413	0.00449	0.00138	0.00550	0.00404	0.00220	0.00679
20	0.01493	0.00903	0.01044	0.00881	0.01176	0.00956	0.00701	0.04369	0.47816	0.32677	0.01803	0.01617	0.01266	0.00592	0.00459	0.00148	0.00373	0.00488	0.00499	0.00739
21	0.01090	0.01088	0.01987	0.08685	0.57911	0.01087	0.18633	0.01386	0.01031	0.01449	0.00863	0.01150	0.00702	0.00403	0.00468	0.00140	0.00593	0.00433	0.00224	0.00678
22	0.01102	0.01210	0.02539	0.01958	0.09913	0.01150	0.68817	0.04691	0.01110	0.01512	0.00918	0.01207	0.00694	0.00391	0.00523	0.00150	0.00731	0.00517	0.00238	0.00628
23	0.07251	0.03429	0.17038	0.01055	0.01404	0.05102	0.02613	0.29845	0.08215	0.04048	0.05011	0.01186	0.00915	0.00557	0.00559	0.00145	0.10221	0.00405	0.00344	0.00658
24	0.20053	0.37378	0.15163	0.00806	0.01164	0.02598	0.00816	0.01269	0.00908	0.01376	0.02588	0.08623	0.02912	0.00547	0.00359	0.00127	0.00458	0.02060	0.00251	0.00544
25	0.01598	0.01052	0.05097	0.19049	0.01715	0.06390	0.02484	0.16000	0.03288	0.36695	0.01308	0.01306	0.00879	0.00519	0.00452	0.00141	0.00504	0.00422	0.00413	0.00686
26	0.00949	0.15444	0.35474	0.01026	0.05214	0.01008	0.01075	0.05940	0.01063	0.03429	0.04677	0.01844	0.19800	0.00620	0.00439	0.00137	0.00494	0.00495	0.00284	0.00589

[dist]
# distance from previous block
# <min> <max>
3	4

[block]
# block no. 5 follows, 57 sequences, length 6
# corresponding to MSA columns:
# 247-252
name=unknown_F
#
# <colnr> <probs for GDERKNQSTAVLIFYWHMCP>
#	G	D	E	R	K	N	Q	S	T	A	V	L	I	F	Y	W	H	M	C	P
0	0.00972	0.00823	0.01269	0.01589	0.31797	0.03534	0.06380	0.01181	0.01049	0.06710	0.08013	0.18710	0.04866	0.00797	0.00512	0.00156	0.00444	0.10292	0.00341	0.00563
1	0.01102	0.01027	0.01651	0.19442	0.49857	0.01121	0.01278	0.07826	0.01062	0.01486	0.00836	0.01124	0.00685	0.00466	0.00557	0.00145	0.09043	0.00403	0.00236	0.00654
2	0.00823	0.00743	0.01209	0.16707	0.13222	0.00739	0.10511	0.01047	0.00977	0.01313	0.01769	0.16425	0.09685	0.00794	0.00509	0.00156	0.00459	0.13290	0.00311	0.09311
3	0.06035	0.00900	0.01132	0.12943	0.01443	0.01018	0.00837	0.20389	0.06808	0.14924	0.05244	0.01830	0.01220	0.00679	0.00618	0.00159	0.12192	0.10632	0.00386	0.00610
4	0.04901	0.07865	0.12977	0.13686	0.01785	0.01145	0.13572	0.09968	0.01099	0.14501	0.00961	0.01124	0.00707	0.00511	0.00600	0.00149	0.13132	0.00403	0.00292	0.00621
5	0.07944	0.04533	0.09105	0.04973	0.19335	0.01084	0.19880	0.04102	0.06268	0.01497	0.01139	0.05872	0.04244	0.00543	0.00546	0.00150	0.07426	0.00489	0.00266	0.00605

[dist]
# distance from previous block
# <min> <max>
35	167

[block]
# block no. 6 follows, 57 sequences, length 95
# corresponding to MSA columns:
# 460-496,519-576
name=unknown_G
#
# <colnr> <probs for GDERKNQSTAVLIFYWHMCP>
#	G	D	E	R	K	N	Q	S	T	A	V	L	I	F	Y	W	H	M	C	P
0	0.01189	0.73437	0.02206	0.00795	0.01148	0.01694	0.00772	0.03823	0.00966	0.01161	0.04566	0.00881	0.00768	0.00439	0.00368	0.00105	0.04605	0.00283	0.00217	0.00576
1	0.00939	0.04874	0.00998	0.00696	0.01058	0.00702	0.00562	0.01190	0.05466	0.01451	0.01064	0.02419	0.04756	0.00426	0.00391	0.00084	0.02986	0.00335	0.00284	0.69318
2	0.01479	0.01860	0.05283	0.01142	0.01355	0.58230	0.00910	0.03027	0.02446	0.01201	0.04633	0.00997	0.00781	0.00545	0.00594	0.00134	0.14266	0.00342	0.00246	0.00530
3	0.05938	0.04044	0.01326	0.00998	0.01345	0.05311	0.00824	0.66823	0.01945	0.02616	0.01145	0.01152	0.03356	0.00548	0.00440	0.00135	0.00498	0.00407	0.00424	0.00726
4	0.01668	0.01172	0.01283	0.00987	0.01337	0.01268	0.00813	0.66729	0.01979	0.09297	0.05128	0.01235	0.00971	0.00557	0.00454	0.00134	0.00470	0.00428	0.00458	0.03631
5	0.01173	0.77417	0.04939	0.00782	0.01165	0.01700	0.00788	0.01334	0.00940	0.01116	0.04650	0.00867	0.00766	0.00416	0.00308	0.00101	0.00477	0.00274	0.00209	0.00577
6	0.01037	0.05211	0.01432	0.01168	0.01199	0.05355	0.00975	0.01139	0.00734	0.01090	0.00602	0.00970	0.00594	0.00757	0.01375	0.00189	0.75090	0.00384	0.00200	0.00501
7	0.00639	0.00461	0.00604	0.00579	0.00682	0.00427	0.00434	0.00846	0.01257	0.01774	0.75332	0.07439	0.04174	0.00958	0.00539	0.00146	0.00221	0.02572	0.00493	0.00424
8	0.00687	0.00503	0.00632	0.00585	0.00708	0.00473	0.00442	0.04778	0.01305	0.01821	0.70852	0.03349	0.10296	0.00925	0.00530	0.00143	0.00229	0.00810	0.00490	0.00441
9	0.01896	0.00741	0.01008	0.00783	0.01109	0.00642	0.00642	0.02075	0.01296	0.73688	0.09611	0.01724	0.01433	0.00597	0.00463	0.00140	0.00369	0.00492	0.00555	0.00737
10	0.00675	0.00502	0.00650	0.00704	0.00818	0.00482	0.00584	0.00881	0.02687	0.01413	0.16846	0.08356	0.18665	0.01168	0.00586	0.00183	0.00335	0.43618	0.00434	0.00416
11	0.01127	0.00973	0.01025	0.00922	0.01178	0.01127	0.00717	0.02408	0.80430	0.01896	0.01844	0.01691	0.01383	0.00615	0.00461	0.00154	0.00359	0.00512	0.00461	0.00717
12	0.01097	0.05258	0.02377	0.01685	0.02098	0.03870	0.62137	0.04019	0.05019	0.01466	0.00964	0.01235	0.00741	0.00574	0.05173	0.00181	0.00749	0.00504	0.00247	0.00606
13	0.00552	0.00394	0.00526	0.00631	0.00657	0.00368	0.00421	0.00631	0.00868	0.01157	0.02498	0.83779	0.02997	0.01420	0.00578	0.00184	0.00263	0.01288	0.00421	0.00368
14	0.01100	0.01054	0.01800	0.09349	0.74851	0.01071	0.01380	0.01372	0.01021	0.01454	0.00848	0.01129	0.00708	0.00408	0.00449	0.00136	0.00544	0.00404	0.00222	0.00700
15	0.00909	0.02344	0.81727	0.01292	0.01961	0.01052	0.01674	0.01435	0.00957	0.01435	0.00813	0.00957	0.00574	0.00431	0.00431	0.00144	0.00670	0.00335	0.00191	0.00670
16	0.01065	0.01075	0.01933	0.13293	0.22822	0.01104	0.32005	0.01591	0.17338	0.01509	0.01075	0.01290	0.00827	0.00445	0.00486	0.00148	0.00599	0.00477	0.00272	0.00646
17	0.00595	0.00520	0.00517	0.00526	0.00675	0.02968	0.00407	0.00721	0.01042	0.01236	0.04209	0.04338	0.69259	0.01139	0.00542	0.00158	0.00270	0.10073	0.00414	0.00391
18	0.01959	0.00765	0.01035	0.00799	0.01138	0.00667	0.00658	0.03525	0.01311	0.76240	0.05667	0.01625	0.01270	0.00578	0.00460	0.00140	0.00379	0.00473	0.00556	0.00754
19	0.01468	0.01182	0.01259	0.01029	0.01308	0.05364	0.00840	0.48173	0.15756	0.02299	0.01227	0.02399	0.00967	0.00627	0.00582	0.00150	0.10038	0.04227	0.00412	0.00695
20	0.00559	0.00399	0.00534	0.00639	0.00669	0.00374	0.00433	0.00643	0.00875	0.01165	0.02494	0.80629	0.02981	0.01413	0.00580	0.00185	0.00269	0.04368	0.00420	0.00370
21	0.01052	0.01383	0.13612	0.01775	0.04205	0.03819	0.61602	0.01434	0.01059	0.01431	0.01009	0.01267	0.03191	0.00416	0.00514	0.00150	0.00730	0.00509	0.00230	0.00612
22	0.01096	0.01050	0.01793	0.10537	0.73694	0.01070	0.01378	0.01368	0.01020	0.01449	0.00848	0.01130	0.00707	0.00409	0.00449	0.00136	0.00545	0.00404	0.00222	0.00697
23	0.01045	0.01116	0.02249	0.16065	0.21233	0.01106	0.47549	0.01387	0.01032	0.01408	0.00882	0.01196	0.00680	0.00399	0.00500	0.00148	0.00683	0.00481	0.00223	0.00618
24	0.00618	0.00469	0.00558	0.00590	0.00686	0.00434	0.00423	0.04531	0.01038	0.01347	0.12742	0.42087	0.28995	0.01223	0.00553	0.00167	0.00260	0.02447	0.00432	0.00401
25	0.01490	0.01268	0.01539	0.01309	0.07954	0.11913	0.14893	0.32313	0.09960	0.08631	0.01148	0.01240	0.00850	0.00511	0.00463	0.00139	0.00561	0.01401	0.01727	0.00690
26	0.00953	0.00984	0.02011	0.01506	0.01854	0.00921	0.54137	0.01260	0.01059	0.03037	0.04141	0.08593	0.07995	0.00642	0.00546	0.00161	0.00617	0.08739	0.00296	0.00549
27	0.01115	0.01070	0.01827	0.04796	0.79286	0.01075	0.01387	0.01385	0.01029	0.01472	0.00851	0.01124	0.00715	0.00405	0.00449	0.00135	0.00540	0.00404	0.00224	0.00712
28	0.01264	0.70102	0.05494	0.00842	0.01227	0.08423	0.00825	0.05223	0.01011	0.01172	0.00666	0.00761	0.00591	0.00404	0.00314	0.00102	0.00520	0.00258	0.00210	0.00590
29	0.09599	0.01125	0.01228	0.01210	0.13400	0.13438	0.03454	0.18520	0.02566	0.17873	0.01229	0.03681	0.00970	0.00562	0.00439	0.00139	0.00498	0.04841	0.04583	0.00644
30	0.00967	0.01383	0.24331	0.01462	0.01907	0.00976	0.40763	0.01353	0.02360	0.03661	0.04451	0.08837	0.04273	0.00551	0.00506	0.00152	0.00631	0.00573	0.00268	0.00595
31	0.00550	0.00404	0.00515	0.00604	0.00650	0.00370	0.00409	0.00634	0.00893	0.01167	0.02821	0.71522	0.15046	0.01378	0.00572	0.00179	0.00258	0.01237	0.00421	0.00370
32	0.00563	0.00409	0.00551	0.02921	0.00730	0.00389	0.00448	0.00651	0.00875	0.01161	0.02486	0.78689	0.04314	0.01385	0.00575	0.00183	0.00274	0.02607	0.00414	0.00373
33	0.03339	0.01452	0.21376	0.01171	0.02740	0.07731	0.10201	0.16303	0.09360	0.18827	0.01173	0.01198	0.00824	0.00500	0.00466	0.00142	0.01736	0.00412	0.00357	0.00690
34	0.01115	0.01070	0.01828	0.04600	0.79477	0.01075	0.01388	0.01385	0.01029	0.01473	0.00851	0.01123	0.00715	0.00405	0.00449	0.00135	0.00540	0.00404	0.00224	0.00713
35	0.01162	0.71059	0.15234	0.00859	0.01292	0.01673	0.00921	0.01370	0.00927	0.01126	0.00660	0.00764	0.00580	0.00395	0.00313	0.00104	0.00515	0.00257	0.00193	0.00596
36	0.01073	0.01027	0.01751	0.17462	0.66948	0.01064	0.01366	0.01348	0.01009	0.01421	0.00844	0.01137	0.00697	0.00413	0.00449	0.00138	0.00550	0.00404	0.00220	0.00679
37	0.00864	0.01045	0.14458	0.01186	0.01480	0.00826	0.24089	0.01239	0.08231	0.01385	0.01603	0.16627	0.01598	0.04870	0.00635	0.00183	0.01448	0.17384	0.00320	0.00528
38	0.00539	0.00447	0.00472	0.00492	0.00621	0.00380	0.00359	0.00647	0.01002	0.01211	0.04195	0.19363	0.66318	0.01199	0.00544	0.00159	0.00236	0.01019	0.00421	0.00380
39	0.01175	0.00997	0.01052	0.00932	0.01197	0.01150	0.00729	0.08647	0.74113	0.01973	0.01783	0.01642	0.01334	0.00609	0.00460	0.00152	0.00370	0.00504	0.00460	0.00722
40	0.01027	0.09622	0.68053	0.01206	0.01824	0.01088	0.01512	0.01490	0.00981	0.07866	0.00875	0.00983	0.00619	0.00437	0.00420	0.00139	0.00630	0.00336	0.00221	0.00670
41	0.00590	0.00394	0.00536	0.00624	0.00646	0.00372	0.00416	0.00624	0.00822	0.01097	0.02219	0.70384	0.02638	0.01445	0.00772	0.14267	0.00284	0.01143	0.00384	0.00340
42	0.01122	0.01077	0.01839	0.02781	0.81248	0.01077	0.01391	0.01391	0.01032	0.01480	0.00852	0.01122	0.00718	0.00404	0.00449	0.00135	0.00538	0.00404	0.00224	0.00718
43	0.27832	0.00803	0.00935	0.00743	0.01072	0.00772	0.00613	0.01943	0.01138	0.57492	0.01438	0.01298	0.00931	0.00518	0.00403	0.00140	0.00375	0.00392	0.00476	0.00686
44	0.01174	0.01188	0.01865	0.02494	0.63312	0.08123	0.09691	0.02816	0.01072	0.01464	0.00846	0.01103	0.00702	0.00415	0.00470	0.00136	0.01804	0.00408	0.00229	0.00687
45	0.01231	0.01394	0.01369	0.01187	0.01283	0.29682	0.03399	0.01343	0.00912	0.01103	0.00663	0.00988	0.00621	0.02795	0.01100	0.00174	0.49669	0.00371	0.00214	0.00504
46	0.00663	0.00459	0.00538	0.00540	0.00544	0.00474	0.00323	0.00677	0.00681	0.00916	0.01489	0.10414	0.01721	0.71484	0.03502	0.00410	0.03880	0.00704	0.00284	0.00295
47	0.01118	0.01302	0.14889	0.01012	0.01319	0.08787	0.00901	0.02067	0.52875	0.01676	0.01483	0.01457	0.01127	0.00689	0.03791	0.00173	0.03836	0.00455	0.00374	0.00669
48	0.01199	0.03262	0.03363	0.01117	0.12328	0.08186	0.00785	0.14824	0.16518	0.08490	0.06510	0.08440	0.11643	0.00696	0.00471	0.00143	0.00430	0.00581	0.00394	0.00620
49	0.00936	0.02176	0.71839	0.01246	0.01865	0.01062	0.01557	0.01554	0.10694	0.01491	0.00940	0.01047	0.00673	0.00453	0.00434	0.00145	0.00632	0.00357	0.00224	0.00676
50	0.01301	0.01300	0.01296	0.01139	0.03867	0.23422	0.10079	0.04560	0.35187	0.05274	0.01506	0.01542	0.04995	0.00573	0.00461	0.00143	0.00539	0.01818	0.00365	0.00634
51	0.00962	0.16653	0.67880	0.01201	0.01822	0.01182	0.01517	0.01421	0.00950	0.01371	0.00781	0.00917	0.00575	0.00423	0.00406	0.00135	0.00637	0.00319	0.00192	0.00654
52	0.00603	0.00429	0.00577	0.00678	0.00723	0.00411	0.00494	0.00712	0.00904	0.01196	0.02423	0.59614	0.02834	0.05186	0.00670	0.00202	0.00311	0.21242	0.00413	0.00377
53	0.00846	0.00782	0.01308	0.76358	0.02945	0.00968	0.01216	0.01140	0.00917	0.01174	0.00934	0.01523	0.00766	0.00517	0.00467	0.00156	0.00589	0.06679	0.00219	0.00496
54	0.05902	0.01850	0.01292	0.01315	0.11469	0.61115	0.00902	0.01752	0.06453	0.01257	0.00857	0.00969	0.01994	0.00478	0.00413	0.00123	0.00718	0.00329	0.00253	0.00558
55	0.01065	0.02593	0.07938	0.15346	0.61339	0.01076	0.01381	0.01357	0.01004	0.01418	0.00838	0.01116	0.00686	0.00413	0.00445	0.00137	0.00558	0.00395	0.00218	0.00678
56	0.00692	0.00496	0.00694	0.00790	0.00878	0.00498	0.00662	0.00874	0.00987	0.01296	0.02321	0.18809	0.02558	0.01455	0.07205	0.00246	0.00454	0.58274	0.00404	0.00407
57	0.01121	0.01116	0.01671	0.03672	0.61383	0.08416	0.03416	0.01397	0.03577	0.01427	0.01006	0.07864	0.00910	0.00499	0.00458	0.00138	0.00543	0.00473	0.00248	0.00665
58	0.02257	0.17851	0.13558	0.01066	0.03606	0.23061	0.00946	0.12924	0.07312	0.11770	0.00989	0.01026	0.00741	0.00478	0.00405	0.00126	0.00582	0.00346	0.00310	0.00644
59	0.01090	0.05057	0.06552	0.01138	0.08831	0.02147	0.09725	0.13653	0.11394	0.04798	0.11185	0.02133	0.07699	0.00670	0.00481	0.00147	0.00450	0.08370	0.03882	0.00600
60	0.01009	0.09617	0.49665	0.01482	0.08356	0.01152	0.17309	0.03605	0.01015	0.01447	0.00828	0.01006	0.00615	0.00418	0.00441	0.00140	0.00656	0.00374	0.00209	0.00656
61	0.01050	0.00966	0.01617	0.31854	0.48079	0.01041	0.01301	0.01361	0.03484	0.03603	0.00892	0.01183	0.00708	0.00433	0.00451	0.00141	0.00552	0.00408	0.00233	0.00641
62	0.00917	0.06353	0.39453	0.01047	0.01434	0.07440	0.02497	0.01228	0.00960	0.03309	0.01335	0.24622	0.01335	0.00748	0.00504	0.00154	0.03134	0.02699	0.00276	0.00556
63	0.00929	0.00844	0.00954	0.00876	0.00963	0.11143	0.00684	0.03496	0.00842	0.02750	0.01035	0.01569	0.00978	0.11016	0.38167	0.00451	0.20810	0.00454	0.01591	0.00447
64	0.01089	0.27243	0.47452	0.01159	0.04312	0.03130	0.01312	0.05255	0.01020	0.03012	0.00789	0.00907	0.00602	0.00426	0.00390	0.00128	0.00598	0.00314	0.00214	0.00648
65	0.01158	0.11986	0.01312	0.05180	0.14038	0.06661	0.00846	0.07872	0.20529	0.05053	0.01376	0.01915	0.01210	0.07348	0.00604	0.00169	0.00475	0.11323	0.00342	0.00605
66	0.01111	0.01138	0.05738	0.02709	0.77379	0.01075	0.01405	0.01393	0.01028	0.01478	0.00850	0.01113	0.00711	0.00405	0.00448	0.00135	0.00545	0.00400	0.00223	0.00715
67	0.00656	0.00482	0.00585	0.00567	0.00674	0.00450	0.00417	0.03419	0.01155	0.01575	0.45652	0.10731	0.18559	0.08879	0.00703	0.00177	0.00257	0.02831	0.01822	0.00410
68	0.01214	0.22682	0.38433	0.01097	0.01592	0.09235	0.01209	0.14451	0.02348	0.02558	0.00829	0.00925	0.00628	0.00446	0.00398	0.00128	0.00601	0.00324	0.00248	0.00652
69	0.02014	0.01021	0.00915	0.00872	0.01042	0.21136	0.01834	0.03913	0.13438	0.02700	0.12096	0.09607	0.04489	0.04646	0.00590	0.00170	0.00470	0.18165	0.00382	0.00501
70	0.00619	0.00442	0.00600	0.00702	0.00756	0.00426	0.00530	0.00744	0.00927	0.01223	0.02438	0.53261	0.02825	0.03205	0.00634	0.00199	0.00323	0.29346	0.00416	0.00384
71	0.01497	0.01670	0.01542	0.01271	0.01550	0.43972	0.16112	0.12274	0.02918	0.03492	0.00892	0.01115	0.00723	0.00512	0.00519	0.00136	0.06132	0.02814	0.00279	0.00580
72	0.08334	0.01040	0.01337	0.12839	0.17750	0.06266	0.04811	0.13078	0.09045	0.01632	0.01218	0.05342	0.05369	0.00590	0.00560	0.00149	0.09263	0.00475	0.00302	0.00600
73	0.01096	0.01051	0.01793	0.10445	0.73783	0.01070	0.01378	0.01368	0.01020	0.01450	0.00848	0.01130	0.00707	0.00408	0.00449	0.00136	0.00545	0.00404	0.00222	0.00697
74	0.00558	0.00455	0.00494	0.00495	0.00629	0.00390	0.00367	0.00690	0.01069	0.01337	0.19642	0.10574	0.59472	0.01125	0.00539	0.00153	0.00229	0.00956	0.00436	0.00390
75	0.01350	0.01123	0.01795	0.01842	0.30239	0.01137	0.19728	0.21063	0.05740	0.09781	0.01074	0.01210	0.00801	0.00461	0.00472	0.00141	0.00557	0.00447	0.00329	0.00711
76	0.07021	0.01304	0.01193	0.00986	0.01280	0.18678	0.02015	0.38378	0.08618	0.05365	0.03136	0.01296	0.00945	0.00555	0.00436	0.00135	0.00521	0.02882	0.04600	0.00656
77	0.00641	0.00532	0.00880	0.00841	0.00940	0.00498	0.13298	0.00773	0.00911	0.01221	0.03783	0.67567	0.02641	0.01239	0.00571	0.00179	0.00346	0.02339	0.00391	0.00409
78	0.00712	0.00652	0.01190	0.01024	0.01187	0.00609	0.24965	0.00886	0.00933	0.01249	0.02048	0.56631	0.03810	0.01093	0.00564	0.00174	0.00418	0.01048	0.00361	0.00444
79	0.01047	0.00988	0.01670	0.06543	0.68271	0.00995	0.01275	0.01301	0.01020	0.01449	0.03543	0.07867	0.01010	0.00505	0.00462	0.00140	0.00509	0.00488	0.00248	0.00670
80	0.00929	0.05342	0.74253	0.01308	0.01955	0.01085	0.06088	0.01433	0.00962	0.01422	0.00812	0.00963	0.00581	0.00426	0.00431	0.00142	0.00668	0.00343	0.00194	0.00663
81	0.00609	0.00455	0.00566	0.00554	0.00661	0.00412	0.00409	0.00788	0.01185	0.01621	0.56410	0.12497	0.20110	0.01027	0.00540	0.00149	0.00222	0.00900	0.00474	0.00412
82	0.01997	0.00763	0.01040	0.00800	0.01144	0.00660	0.00660	0.02174	0.01297	0.79524	0.03813	0.01589	0.01202	0.00570	0.00458	0.00140	0.00381	0.00465	0.00559	0.00762
83	0.09802	0.01026	0.01253	0.01020	0.01328	0.01121	0.10357	0.18965	0.37125	0.07939	0.03008	0.01486	0.01134	0.00564	0.00454	0.00148	0.00438	0.01723	0.00421	0.00687
84	0.00555	0.00397	0.00528	0.00629	0.00658	0.00370	0.00421	0.00638	0.00881	0.01179	0.05128	0.81086	0.03040	0.01403	0.00577	0.00183	0.00261	0.01272	0.00423	0.00370
85	0.01619	0.01233	0.01416	0.01282	0.12583	0.01350	0.00931	0.66248	0.04522	0.02632	0.01080	0.01112	0.00783	0.00527	0.00453	0.00136	0.00500	0.00411	0.00421	0.00761
86	0.01122	0.01077	0.01839	0.02781	0.81248	0.01077	0.01391	0.01391	0.01032	0.01480	0.00852	0.01122	0.00718	0.00404	0.00449	0.00135	0.00538	0.00404	0.00224	0.00718
87	0.05556	0.01106	0.01198	0.00953	0.01280	0.01209	0.00777	0.51326	0.14241	0.11430	0.01367	0.04034	0.02246	0.00590	0.00452	0.00141	0.00445	0.00460	0.00457	0.00730
88	0.11142	0.01167	0.03005	0.01021	0.03941	0.13158	0.04700	0.15431	0.16253	0.18987	0.04477	0.01327	0.01038	0.00578	0.01647	0.00148	0.00497	0.00425	0.00399	0.00661
89	0.09970	0.01092	0.01624	0.08684	0.57794	0.04334	0.01229	0.07169	0.01086	0.01598	0.00837	0.01074	0.00684	0.00422	0.00431	0.00136	0.00533	0.00383	0.00246	0.00674
90	0.01066	0.04437	0.04879	0.27537	0.43258	0.03808	0.01284	0.03143	0.03673	0.01394	0.00861	0.01134	0.00690	0.00432	0.00442	0.00139	0.00564	0.00394	0.00228	0.00638
91	0.16785	0.04616	0.05016	0.11665	0.07955	0.22117	0.02894	0.03955	0.02874	0.05695	0.02634	0.03274	0.04790	0.00518	0.00410	0.00133	0.00546	0.00398	0.00283	0.03441
92	0.13300	0.16630	0.05417	0.08275	0.10297	0.10261	0.00883	0.02926	0.06411	0.11393	0.00981	0.02759	0.00784	0.00498	0.00443	0.00133	0.04369	0.01179	0.00292	0.02769
93	0.09636	0.04325	0.04444	0.17203	0.14067	0.04263	0.00912	0.09598	0.04917	0.03127	0.05100	0.09903	0.02990	0.02801	0.00529	0.00155	0.03070	0.02090	0.00308	0.00562
94	0.06727	0.03838	0.03679	0.01010	0.07182	0.10392	0.00759	0.13543	0.10534	0.10871	0.14478	0.05662	0.02526	0.02131	0.00536	0.00147	0.04480	0.00516	0.00385	0.00601

[dist]
# distance from previous block
# <min> <max>
17	329

# created by:
# /st0/software/busco_prod/Augustus/scripts/msa2prfl.pl ./align_prep/97186.fa
