[name]
unknown

[dist]
# distance from previous block
# <min> <max>
0	47

[block]
# block no. 0 follows, 59 sequences, length 13
# corresponding to MSA columns:
# 71-83
name=unknown_A
#
# <colnr> <probs for GDERKNQSTAVLIFYWHMCP>
#	G	D	E	R	K	N	Q	S	T	A	V	L	I	F	Y	W	H	M	C	P
0	0.10423	0.20818	0.01320	0.05489	0.02139	0.05600	0.01935	0.07663	0.14012	0.04984	0.01172	0.03909	0.02409	0.00550	0.00411	0.00128	0.01987	0.05826	0.00312	0.08913
1	0.01275	0.27195	0.01413	0.00834	0.01121	0.09529	0.00705	0.08749	0.18329	0.11066	0.02591	0.02895	0.01064	0.04394	0.00481	0.00139	0.00451	0.04178	0.00340	0.03252
2	0.07170	0.26296	0.14667	0.01063	0.05073	0.03076	0.07771	0.16596	0.01166	0.05837	0.00836	0.00931	0.00644	0.00423	0.00377	0.00119	0.00513	0.00328	0.00272	0.06841
3	0.01177	0.21393	0.11455	0.05089	0.01590	0.05425	0.16867	0.10959	0.08675	0.03967	0.00920	0.01035	0.00708	0.00429	0.00405	0.00123	0.00545	0.00368	0.00271	0.08601
4	0.00825	0.00768	0.04359	0.02941	0.01053	0.06464	0.11958	0.00956	0.00867	0.04808	0.01595	0.32571	0.01746	0.21871	0.00996	0.00229	0.04469	0.00787	0.00316	0.00420
5	0.00578	0.00543	0.06331	0.00614	0.00713	0.00422	0.00474	0.00696	0.00891	0.01174	0.07085	0.47705	0.18887	0.09370	0.00708	0.00193	0.00295	0.02559	0.00384	0.00378
6	0.01437	0.13512	0.01700	0.01176	0.01508	0.21110	0.17628	0.27307	0.01406	0.04227	0.00902	0.02430	0.00707	0.00477	0.00451	0.00128	0.02579	0.00389	0.00304	0.00620
7	0.00635	0.00432	0.00493	0.00493	0.00505	0.00432	0.00287	0.00650	0.00665	0.00883	0.01539	0.02895	0.05700	0.75609	0.06691	0.00430	0.00460	0.00648	0.00273	0.00280
8	0.01087	0.04545	0.07885	0.06360	0.14064	0.03202	0.40663	0.06987	0.01062	0.01446	0.00840	0.01100	0.00654	0.00430	0.00557	0.00145	0.07690	0.00443	0.00230	0.00608
9	0.01152	0.54455	0.15742	0.01024	0.07034	0.04445	0.00964	0.04644	0.00963	0.01205	0.00679	0.00804	0.00583	0.00413	0.00382	0.00112	0.04326	0.00278	0.00203	0.00593
10	0.00620	0.00443	0.00549	0.00553	0.00596	0.00457	0.00368	0.00685	0.00715	0.00959	0.01738	0.05923	0.11069	0.46392	0.26583	0.00471	0.00628	0.00650	0.00281	0.00323
11	0.01232	0.03702	0.06914	0.00994	0.06977	0.03105	0.00790	0.22718	0.11137	0.05622	0.01025	0.01077	0.00778	0.00442	0.00394	0.00109	0.00429	0.00350	0.00335	0.31869
12	0.06777	0.09526	0.01111	0.00813	0.01078	0.09355	0.00656	0.13767	0.08926	0.09055	0.04714	0.10058	0.03171	0.00608	0.00460	0.00127	0.04434	0.00473	0.00350	0.14540

[dist]
# distance from previous block
# <min> <max>
24	85

[block]
# block no. 1 follows, 59 sequences, length 35
# corresponding to MSA columns:
# 197-207,211-227,236-242
name=unknown_B
#
# <colnr> <probs for GDERKNQSTAVLIFYWHMCP>
#	G	D	E	R	K	N	Q	S	T	A	V	L	I	F	Y	W	H	M	C	P
0	0.07071	0.01183	0.05475	0.03932	0.09712	0.09013	0.07790	0.21405	0.12039	0.05815	0.01048	0.01160	0.00799	0.02727	0.00470	0.00137	0.00505	0.00392	0.00330	0.08996
1	0.03442	0.03811	0.04172	0.03293	0.06434	0.06465	0.07706	0.15345	0.13807	0.15674	0.02194	0.02539	0.00923	0.00494	0.00425	0.00128	0.00468	0.00414	0.00362	0.11904
2	0.04462	0.01189	0.02431	0.05968	0.16723	0.13884	0.14662	0.10292	0.11117	0.04563	0.02478	0.01275	0.00872	0.00479	0.00442	0.00134	0.00552	0.02673	0.00300	0.05507
3	0.02540	0.00946	0.01197	0.07576	0.18035	0.08248	0.00876	0.02359	0.05762	0.03373	0.06219	0.06616	0.02817	0.00738	0.04317	0.00169	0.18366	0.00470	0.00277	0.09099
4	0.01641	0.01436	0.01372	0.01086	0.01415	0.20240	0.04777	0.58117	0.01834	0.02320	0.00964	0.01006	0.00705	0.00505	0.00436	0.00129	0.00571	0.00377	0.00381	0.00688
5	0.00646	0.00457	0.00562	0.00552	0.00586	0.00448	0.02717	0.00685	0.00720	0.00946	0.01727	0.06347	0.07790	0.65733	0.01869	0.00371	0.00414	0.06835	0.00294	0.00300
6	0.00723	0.00391	0.00554	0.00564	0.00567	0.00388	0.00367	0.00590	0.00614	0.00819	0.01040	0.10047	0.01124	0.15119	0.01693	0.64059	0.00378	0.00515	0.00226	0.00221
7	0.01270	0.01048	0.01184	0.01009	0.02668	0.01180	0.04358	0.25716	0.52198	0.02102	0.01518	0.01441	0.01127	0.00565	0.00450	0.00144	0.00412	0.00468	0.00433	0.00710
8	0.00572	0.00432	0.00489	0.00510	0.00594	0.00390	0.00355	0.00652	0.00896	0.01129	0.07463	0.18940	0.39206	0.19544	0.00953	0.03060	0.00286	0.03808	0.00376	0.00345
9	0.05193	0.03792	0.73869	0.03955	0.01881	0.01037	0.01544	0.01383	0.00921	0.01412	0.00780	0.00926	0.00557	0.00419	0.00410	0.00139	0.00632	0.00322	0.00191	0.00637
10	0.00633	0.00463	0.00660	0.00660	0.00722	0.00525	0.00490	0.00757	0.00695	0.00988	0.01229	0.01988	0.01214	0.21063	0.65128	0.00648	0.01018	0.00510	0.00243	0.00367
11	0.00632	0.00467	0.00679	0.00679	0.00747	0.00535	0.00513	0.00769	0.00701	0.01002	0.01212	0.01893	0.01173	0.14400	0.71734	0.00671	0.01080	0.00496	0.00241	0.00377
12	0.01046	0.01183	0.02557	0.01913	0.07145	0.01113	0.75322	0.01411	0.01040	0.01416	0.00890	0.01185	0.00672	0.00374	0.00516	0.00148	0.00731	0.00513	0.00223	0.00602
13	0.01106	0.03945	0.02095	0.05985	0.35305	0.05159	0.34866	0.03511	0.01053	0.01421	0.00847	0.01111	0.00672	0.00393	0.00466	0.00137	0.00632	0.00437	0.00225	0.00633
14	0.00624	0.00426	0.00512	0.00528	0.00541	0.00431	0.00322	0.00654	0.00682	0.00918	0.01534	0.15673	0.01759	0.62304	0.10883	0.00420	0.00484	0.00721	0.00287	0.00296
15	0.00646	0.00427	0.00485	0.00485	0.00485	0.00427	0.00271	0.00640	0.00640	0.00854	0.01372	0.02842	0.01580	0.81911	0.02232	0.03113	0.00427	0.00634	0.00265	0.00265
16	0.01405	0.45170	0.01805	0.00939	0.01245	0.40516	0.00802	0.01534	0.01067	0.01059	0.00647	0.00751	0.00568	0.00415	0.00338	0.00104	0.00628	0.00259	0.00207	0.00541
17	0.00617	0.00451	0.00579	0.00547	0.00655	0.00413	0.00410	0.00817	0.01230	0.01724	0.75218	0.03377	0.10469	0.00920	0.00521	0.00140	0.00210	0.00810	0.00480	0.00413
18	0.01264	0.47682	0.05952	0.02037	0.03126	0.20365	0.05095	0.03154	0.03626	0.01161	0.00708	0.00824	0.00605	0.00418	0.00370	0.00110	0.02431	0.00288	0.00214	0.00568
19	0.01079	0.00929	0.00982	0.00885	0.01129	0.01071	0.00688	0.02286	0.77699	0.01844	0.05024	0.01715	0.01462	0.00612	0.00452	0.00149	0.00344	0.00511	0.00451	0.00688
20	0.01238	0.23037	0.03654	0.04067	0.06582	0.19245	0.01872	0.13710	0.02742	0.01413	0.02842	0.02279	0.00891	0.02025	0.05324	0.00165	0.03545	0.04537	0.00270	0.00562
21	0.00989	0.31785	0.19354	0.03082	0.01422	0.03708	0.10527	0.01283	0.03381	0.01270	0.06022	0.01607	0.05709	0.00548	0.00412	0.00130	0.00518	0.07447	0.00252	0.00555
22	0.00625	0.00451	0.00590	0.00556	0.00660	0.00417	0.00417	0.00833	0.01250	0.01771	0.81490	0.03299	0.04167	0.00903	0.00521	0.00139	0.00208	0.00799	0.00486	0.00417
23	0.02120	0.00482	0.00628	0.03989	0.02919	0.00470	0.00479	0.00775	0.01019	0.01395	0.32007	0.25821	0.15785	0.04037	0.01620	0.00172	0.02296	0.03176	0.00410	0.00401
24	0.01045	0.15782	0.51419	0.01144	0.01661	0.06074	0.02581	0.07671	0.01031	0.01416	0.00809	0.01001	0.00627	0.00455	0.00441	0.00134	0.03649	0.02218	0.00216	0.00625
25	0.00842	0.00793	0.01339	0.81035	0.05364	0.00983	0.01230	0.01135	0.00887	0.01138	0.00786	0.01175	0.00592	0.00440	0.00441	0.00147	0.00587	0.00393	0.00197	0.00497
26	0.00528	0.00437	0.00463	0.00478	0.00606	0.00372	0.00350	0.00637	0.00989	0.01201	0.06660	0.17160	0.66289	0.01154	0.00529	0.00154	0.00228	0.00980	0.00413	0.00372
27	0.00994	0.00709	0.01051	0.01335	0.28525	0.00678	0.00775	0.01188	0.02204	0.14860	0.07175	0.10385	0.17301	0.03736	0.04624	0.00182	0.00416	0.02947	0.00359	0.00553
28	0.10241	0.00973	0.01097	0.16270	0.06519	0.10075	0.00804	0.14355	0.05369	0.11011	0.00962	0.01148	0.00739	0.00668	0.00668	0.14941	0.02945	0.00375	0.00304	0.00539
29	0.04012	0.01159	0.01265	0.00972	0.01322	0.01258	0.00803	0.67154	0.01927	0.13916	0.01145	0.01114	0.00792	0.00529	0.00438	0.00133	0.00467	0.00400	0.00452	0.00744
30	0.00643	0.00478	0.00616	0.00655	0.00768	0.00451	0.00540	0.00827	0.01082	0.01422	0.25626	0.04329	0.21177	0.01105	0.00564	0.00172	0.00307	0.38404	0.00430	0.00402
31	0.00649	0.00512	0.00567	0.00564	0.00683	0.02237	0.00413	0.00843	0.06065	0.02957	0.18732	0.17081	0.35301	0.06143	0.05061	0.00198	0.00314	0.00867	0.00409	0.00405
32	0.00902	0.00771	0.00902	0.00653	0.01032	0.00581	0.00519	0.01094	0.00913	0.01428	0.00844	0.03875	0.00735	0.00365	0.00335	0.00069	0.00325	0.00297	0.00267	0.84093
33	0.01030	0.01010	0.01532	0.16363	0.24546	0.05415	0.09744	0.04077	0.03813	0.01324	0.00863	0.01201	0.00727	0.00659	0.04752	0.00179	0.18750	0.01718	0.01729	0.00570
34	0.15554	0.00963	0.02839	0.24549	0.08739	0.09434	0.00838	0.02802	0.00926	0.01380	0.00870	0.02176	0.02314	0.03006	0.00488	0.03275	0.00484	0.00356	0.00242	0.18766

[dist]
# distance from previous block
# <min> <max>
0	4

[block]
# block no. 2 follows, 59 sequences, length 38
# corresponding to MSA columns:
# 247-284
name=unknown_C
#
# <colnr> <probs for GDERKNQSTAVLIFYWHMCP>
#	G	D	E	R	K	N	Q	S	T	A	V	L	I	F	Y	W	H	M	C	P
0	0.00716	0.00558	0.00745	0.00724	0.00826	0.02311	0.00557	0.04008	0.03859	0.01136	0.01242	0.05185	0.01173	0.06119	0.65768	0.00603	0.01024	0.00501	0.00262	0.02685
1	0.00562	0.00392	0.00508	0.00590	0.00610	0.00372	0.00383	0.00619	0.00803	0.01071	0.02211	0.67676	0.02639	0.16717	0.00896	0.01815	0.00290	0.01126	0.00380	0.00339
2	0.03172	0.10697	0.05187	0.10761	0.22312	0.00956	0.15122	0.01153	0.00972	0.01315	0.03998	0.07740	0.13569	0.00597	0.00455	0.00139	0.00490	0.00551	0.00266	0.00549
3	0.01180	0.02522	0.09368	0.01042	0.01307	0.04568	0.05593	0.21413	0.19308	0.03092	0.01231	0.06199	0.01039	0.02612	0.00667	0.00159	0.14487	0.03253	0.00344	0.00615
4	0.00977	0.03018	0.05048	0.09498	0.04713	0.08381	0.03352	0.02188	0.00828	0.01145	0.02127	0.01165	0.01994	0.00979	0.11218	0.00235	0.42016	0.00403	0.00215	0.00498
5	0.00531	0.00440	0.00467	0.00484	0.00612	0.00375	0.00358	0.00642	0.00989	0.01200	0.05907	0.16095	0.66195	0.01155	0.00530	0.00155	0.00233	0.02849	0.00412	0.00373
6	0.18773	0.00956	0.03467	0.33677	0.23280	0.02890	0.04647	0.01303	0.00922	0.04937	0.00807	0.01060	0.00620	0.00424	0.00408	0.00139	0.00525	0.00365	0.00235	0.00564
7	0.11768	0.01003	0.07729	0.02059	0.01184	0.04124	0.03000	0.04979	0.11541	0.07043	0.04821	0.02648	0.00952	0.00466	0.00397	0.00112	0.01588	0.00370	0.00318	0.33900
8	0.01334	0.01522	0.01506	0.07858	0.38536	0.39104	0.01112	0.01529	0.01111	0.01251	0.00758	0.00961	0.00631	0.00426	0.00419	0.00124	0.00656	0.00343	0.00221	0.00597
9	0.00916	0.00785	0.00916	0.00654	0.01047	0.00589	0.00523	0.01112	0.00916	0.01439	0.00785	0.00916	0.00654	0.00327	0.00327	0.00065	0.00327	0.00262	0.00262	0.87178
10	0.01181	0.84744	0.02314	0.00756	0.01134	0.01748	0.00756	0.01323	0.00897	0.01039	0.00614	0.00708	0.00567	0.00378	0.00283	0.00094	0.00472	0.00236	0.00189	0.00567
11	0.00543	0.00388	0.00518	0.00620	0.00648	0.00363	0.00418	0.00623	0.00850	0.01132	0.02432	0.82181	0.02912	0.01380	0.00565	0.00180	0.00260	0.03221	0.00410	0.00360
12	0.00631	0.00473	0.00710	0.00710	0.00789	0.00552	0.00552	0.00789	0.00710	0.01025	0.01183	0.01735	0.01104	0.03312	0.82728	0.00710	0.01183	0.00473	0.00237	0.00394
13	0.87598	0.00854	0.00649	0.00581	0.00854	0.00991	0.00478	0.01298	0.00752	0.01982	0.00615	0.00717	0.00478	0.00410	0.00273	0.00137	0.00342	0.00239	0.00273	0.00478
14	0.00916	0.00785	0.00916	0.00654	0.01047	0.00589	0.00523	0.01112	0.00916	0.01439	0.00785	0.00916	0.00654	0.00327	0.00327	0.00065	0.00327	0.00262	0.00262	0.87178
15	0.00624	0.00432	0.00482	0.00480	0.00507	0.00420	0.00285	0.00650	0.00724	0.00948	0.05567	0.03108	0.13432	0.68384	0.01915	0.00374	0.00388	0.00692	0.00299	0.00290
16	0.00767	0.00384	0.00575	0.00575	0.00575	0.00384	0.00384	0.00575	0.00575	0.00767	0.00767	0.01343	0.00767	0.01534	0.01726	0.87150	0.00384	0.00384	0.00192	0.00192
17	0.00537	0.00448	0.00468	0.00463	0.00606	0.00379	0.00347	0.00663	0.01042	0.01277	0.15642	0.04113	0.70323	0.01087	0.00522	0.00148	0.00221	0.00913	0.00421	0.00379
18	0.01056	0.00707	0.00749	0.00652	0.00845	0.00758	0.00512	0.19302	0.15581	0.01945	0.06884	0.01610	0.01281	0.00556	0.00379	0.00120	0.00298	0.00447	0.43793	0.02524
19	0.00642	0.00488	0.00595	0.00569	0.00690	0.00462	0.00429	0.00909	0.07397	0.01641	0.56945	0.05983	0.18246	0.00941	0.00519	0.00144	0.00227	0.02279	0.00465	0.00429
20	0.01099	0.00949	0.00999	0.00899	0.01148	0.01099	0.00699	0.02347	0.80925	0.01848	0.01798	0.01648	0.01348	0.00599	0.00449	0.00150	0.00350	0.00499	0.00449	0.00699
21	0.00538	0.00384	0.00512	0.00615	0.00641	0.00359	0.00410	0.00615	0.00846	0.01127	0.02434	0.84190	0.02921	0.01384	0.00564	0.00179	0.00256	0.01256	0.00410	0.00359
22	0.00560	0.00450	0.00500	0.00491	0.00624	0.00390	0.00371	0.00706	0.01087	0.01385	0.29633	0.03956	0.54431	0.01050	0.00524	0.00147	0.00223	0.02649	0.00435	0.00388
23	0.00637	0.00427	0.00482	0.00484	0.00488	0.00425	0.00273	0.00641	0.00656	0.00871	0.01488	0.05025	0.03442	0.80449	0.02165	0.00415	0.00419	0.00665	0.00275	0.00272
24	0.01450	0.00997	0.01102	0.00905	0.01202	0.01089	0.00728	0.30463	0.34971	0.16422	0.03336	0.01447	0.01147	0.00570	0.00445	0.00140	0.00398	0.00458	0.02015	0.00716
25	0.00539	0.00456	0.00467	0.00466	0.00612	0.00389	0.00349	0.00677	0.02705	0.01226	0.07198	0.06761	0.74424	0.01108	0.00522	0.00150	0.00227	0.00929	0.00414	0.00381
26	0.07023	0.00758	0.01003	0.00774	0.01111	0.00669	0.00639	0.02102	0.01234	0.77316	0.01676	0.01457	0.01057	0.00539	0.00434	0.00137	0.00374	0.00432	0.00531	0.00736
27	0.00585	0.00456	0.00498	0.00483	0.00626	0.00391	0.00364	0.00723	0.01075	0.03406	0.23875	0.03940	0.59926	0.01049	0.00520	0.00146	0.00224	0.00886	0.00433	0.00394
28	0.03673	0.01201	0.01279	0.00986	0.01329	0.01329	0.00813	0.75761	0.02007	0.02727	0.01063	0.01072	0.00757	0.00527	0.00433	0.00132	0.00473	0.00394	0.03310	0.00733
29	0.76709	0.00951	0.06496	0.00638	0.00934	0.00982	0.00566	0.02941	0.00809	0.01950	0.03323	0.00826	0.00612	0.00430	0.00296	0.00137	0.00363	0.00267	0.00278	0.00494
30	0.01650	0.02105	0.01252	0.01138	0.01365	0.82705	0.00853	0.01764	0.01252	0.01081	0.00683	0.00796	0.00569	0.00455	0.00398	0.00114	0.00796	0.00284	0.00228	0.00512
31	0.00571	0.00440	0.00527	0.00570	0.00670	0.00397	0.00430	0.00699	0.00990	0.01263	0.12410	0.27325	0.36585	0.01187	0.00549	0.00166	0.00262	0.14161	0.00418	0.00380
32	0.04729	0.00733	0.00977	0.00759	0.01077	0.00644	0.00620	0.02022	0.01220	0.73598	0.03928	0.01588	0.01181	0.04192	0.00519	0.00149	0.00372	0.00456	0.00524	0.00712
33	0.01562	0.12632	0.03472	0.01053	0.01345	0.46565	0.00853	0.22342	0.03476	0.01551	0.00805	0.00880	0.00636	0.00468	0.00397	0.00118	0.00657	0.00315	0.00284	0.00590
34	0.00631	0.00471	0.00699	0.00699	0.00774	0.00546	0.00539	0.00782	0.00707	0.01017	0.01193	0.01790	0.01128	0.07155	0.78918	0.00696	0.01147	0.00481	0.00238	0.00388
35	0.00553	0.00392	0.00515	0.00607	0.00632	0.00370	0.00404	0.00626	0.00829	0.01105	0.02326	0.73794	0.02777	0.09841	0.00736	0.00205	0.00278	0.03264	0.00395	0.00351
36	0.01062	0.01138	0.02290	0.03874	0.02093	0.02912	0.62385	0.01383	0.01001	0.04230	0.00892	0.01187	0.00685	0.00521	0.03288	0.00171	0.09586	0.00494	0.00232	0.00578
37	0.01231	0.01119	0.02994	0.01061	0.03344	0.12514	0.04927	0.08839	0.26305	0.08552	0.01255	0.01433	0.00998	0.02134	0.05026	0.00185	0.14099	0.03031	0.00345	0.00607

[dist]
# distance from previous block
# <min> <max>
2	10

[block]
# block no. 3 follows, 59 sequences, length 38
# corresponding to MSA columns:
# 295-306,318-343
name=unknown_D
#
# <colnr> <probs for GDERKNQSTAVLIFYWHMCP>
#	G	D	E	R	K	N	Q	S	T	A	V	L	I	F	Y	W	H	M	C	P
0	0.04750	0.00533	0.00727	0.00701	0.00785	0.00614	0.00542	0.00847	0.00766	0.02804	0.06426	0.01991	0.05132	0.10526	0.52078	0.00529	0.08040	0.01537	0.00270	0.00402
1	0.00936	0.00954	0.03089	0.04279	0.09299	0.01170	0.07435	0.01092	0.00791	0.01175	0.03573	0.04973	0.02762	0.00717	0.01103	0.00175	0.53927	0.00462	0.00224	0.01862
2	0.00767	0.00384	0.00575	0.00575	0.00575	0.00384	0.00384	0.00575	0.00575	0.00767	0.00767	0.01343	0.00767	0.01534	0.01726	0.87150	0.00384	0.00384	0.00192	0.00192
3	0.00960	0.00921	0.01548	0.39929	0.36284	0.01048	0.02585	0.01223	0.00918	0.01261	0.00787	0.01122	0.00636	0.00451	0.00537	0.00145	0.08464	0.00395	0.00206	0.00580
4	0.00679	0.00508	0.00738	0.00724	0.00815	0.00590	0.00565	0.04428	0.00772	0.01106	0.01177	0.01704	0.01088	0.03185	0.78960	0.00683	0.01151	0.00470	0.00246	0.00411
5	0.01272	0.48611	0.13973	0.00941	0.01317	0.24937	0.00915	0.01461	0.01005	0.01105	0.00661	0.00767	0.00566	0.00406	0.00337	0.00107	0.00593	0.00264	0.00200	0.00564
6	0.00642	0.00430	0.00489	0.00489	0.00491	0.00432	0.00277	0.00647	0.00644	0.00862	0.01385	0.02854	0.01590	0.81917	0.04787	0.00437	0.00452	0.00637	0.00267	0.00272
7	0.00966	0.00969	0.01386	0.02915	0.01231	0.01339	0.03127	0.01074	0.00691	0.01074	0.00593	0.00977	0.00582	0.00755	0.01403	0.00191	0.79658	0.00390	0.00194	0.00486
8	0.00759	0.00489	0.00606	0.00623	0.00737	0.00456	0.00458	0.00939	0.05713	0.10877	0.06735	0.39573	0.20519	0.02929	0.00571	0.00171	0.00281	0.06702	0.00429	0.00434
9	0.00615	0.00451	0.00577	0.00545	0.00654	0.00413	0.00409	0.00814	0.01227	0.01716	0.74087	0.03391	0.11605	0.00924	0.00521	0.00140	0.00210	0.00812	0.00479	0.00413
10	0.01518	0.01154	0.01236	0.00974	0.01307	0.01275	0.00794	0.59690	0.19165	0.02518	0.01208	0.01181	0.00876	0.00536	0.00438	0.00133	0.00449	0.00414	0.00435	0.04698
11	0.00772	0.00552	0.00800	0.04518	0.00940	0.00617	0.02138	0.02680	0.02869	0.06224	0.03845	0.03725	0.02640	0.08327	0.54982	0.00539	0.02604	0.00514	0.00280	0.00433
12	0.01886	0.00792	0.01038	0.00801	0.01133	0.00718	0.00660	0.10757	0.01354	0.69562	0.05319	0.01536	0.01196	0.00561	0.00447	0.00136	0.00380	0.00455	0.00532	0.00736
13	0.07045	0.00781	0.01017	0.00785	0.01123	0.00704	0.00648	0.05843	0.01273	0.73486	0.01643	0.01435	0.01040	0.00538	0.00434	0.00136	0.00379	0.00430	0.00525	0.00735
14	0.01109	0.00948	0.00998	0.00891	0.01143	0.01090	0.00695	0.06095	0.74667	0.01873	0.01842	0.01698	0.03740	0.00612	0.00451	0.00149	0.00352	0.00507	0.00448	0.00692
15	0.01374	0.00664	0.00802	0.00668	0.00903	0.00636	0.00532	0.07317	0.07479	0.36352	0.06081	0.02709	0.05113	0.02305	0.00452	0.00135	0.00317	0.00491	0.25068	0.00600
16	0.00527	0.00448	0.00454	0.00452	0.00600	0.00375	0.00339	0.00643	0.01018	0.01220	0.08074	0.04206	0.77927	0.01108	0.00522	0.00149	0.00223	0.00926	0.00414	0.00375
17	0.00638	0.00444	0.00494	0.00493	0.00545	0.00433	0.00315	0.00715	0.02170	0.01043	0.03958	0.03063	0.19030	0.51762	0.04988	0.00339	0.00391	0.01902	0.06957	0.00320
18	0.04862	0.00560	0.00644	0.00645	0.00769	0.00566	0.00488	0.10795	0.02632	0.03362	0.03238	0.32827	0.10032	0.03273	0.00538	0.00164	0.00305	0.10248	0.13610	0.00443
19	0.00631	0.00473	0.00710	0.00710	0.00789	0.00552	0.00552	0.00789	0.00710	0.01025	0.01183	0.01735	0.01104	0.03312	0.82728	0.00710	0.01183	0.00473	0.00237	0.00394
20	0.01366	0.00635	0.00830	0.00685	0.00927	0.00568	0.00547	0.01592	0.04814	0.44800	0.28474	0.02343	0.09059	0.00717	0.00477	0.00139	0.00306	0.00606	0.00510	0.00605
21	0.00911	0.00639	0.00689	0.00660	0.00733	0.07986	0.00468	0.04977	0.07945	0.01113	0.01062	0.06484	0.01000	0.04091	0.01223	0.49463	0.00398	0.00451	0.09374	0.00331
22	0.00622	0.00425	0.00529	0.00578	0.00646	0.00389	0.00400	0.00710	0.00896	0.04922	0.05445	0.50114	0.18815	0.10119	0.00729	0.00197	0.00276	0.03410	0.00404	0.00374
23	0.00673	0.00444	0.00573	0.00596	0.00682	0.00407	0.00430	0.00803	0.01015	0.06785	0.26972	0.38993	0.10820	0.04214	0.00603	0.00171	0.00260	0.04717	0.00437	0.00403
24	0.00916	0.00785	0.00916	0.00654	0.01047	0.00589	0.00523	0.01112	0.00916	0.01439	0.00785	0.00916	0.00654	0.00327	0.00327	0.00065	0.00327	0.00262	0.00262	0.87178
25	0.02041	0.00507	0.00625	0.00615	0.00719	0.00482	0.00437	0.05410	0.00997	0.11562	0.11788	0.37387	0.09454	0.14915	0.00808	0.00204	0.00306	0.00903	0.00413	0.00426
26	0.09011	0.00675	0.00805	0.00685	0.00922	0.00649	0.00543	0.03927	0.08643	0.34868	0.10740	0.07578	0.11296	0.02443	0.00488	0.00148	0.00323	0.01416	0.04258	0.00585
27	0.00541	0.00391	0.00509	0.00599	0.00635	0.00363	0.00402	0.00622	0.00864	0.01144	0.04589	0.74931	0.08491	0.02913	0.00591	0.00181	0.00256	0.01209	0.00409	0.00360
28	0.00767	0.00384	0.00575	0.00575	0.00575	0.00384	0.00384	0.00575	0.00575	0.00767	0.00767	0.01343	0.00767	0.01534	0.01726	0.87150	0.00384	0.00384	0.00192	0.00192
29	0.39547	0.00834	0.00875	0.00710	0.01015	0.00861	0.00583	0.08932	0.01099	0.37703	0.01176	0.01149	0.00803	0.02403	0.00410	0.00143	0.00372	0.00354	0.00411	0.00620
30	0.03760	0.00594	0.00752	0.00673	0.00858	0.00559	0.00515	0.03130	0.04663	0.30392	0.11147	0.22244	0.07771	0.04512	0.04480	0.00188	0.00354	0.00724	0.02151	0.00534
31	0.00632	0.00421	0.00542	0.00604	0.00655	0.00393	0.00415	0.00715	0.00866	0.04901	0.04078	0.57281	0.07562	0.13072	0.00796	0.00211	0.00292	0.05799	0.00398	0.00369
32	0.01063	0.01028	0.01761	0.06349	0.70323	0.01047	0.04495	0.01322	0.00989	0.01408	0.00894	0.01158	0.02276	0.00423	0.00479	0.00135	0.03548	0.00409	0.00221	0.00671
33	0.00732	0.00401	0.00600	0.00603	0.00620	0.00416	0.00418	0.00619	0.00612	0.00831	0.00910	0.04427	0.00912	0.01881	0.17715	0.66887	0.00537	0.00433	0.00209	0.00238
34	0.01247	0.01044	0.01263	0.06005	0.01424	0.02975	0.08511	0.28955	0.31948	0.02001	0.01362	0.03131	0.01057	0.00705	0.04559	0.00172	0.00501	0.02086	0.00392	0.00662
35	0.16828	0.00943	0.00888	0.00849	0.04231	0.12335	0.00630	0.08698	0.12627	0.04609	0.11597	0.10381	0.07492	0.00734	0.01277	0.00149	0.02198	0.02636	0.00369	0.00529
36	0.02459	0.10695	0.03171	0.07688	0.13284	0.09286	0.04532	0.20809	0.02690	0.06980	0.05854	0.02835	0.01946	0.00504	0.00421	0.00127	0.00500	0.00413	0.00320	0.05486
37	0.04125	0.01015	0.07726	0.00929	0.02047	0.00898	0.07825	0.22284	0.06125	0.02673	0.09067	0.05310	0.02212	0.00595	0.02125	0.00133	0.00439	0.00457	0.00345	0.23670

[dist]
# distance from previous block
# <min> <max>
0	17

[block]
# block no. 4 follows, 59 sequences, length 27
# corresponding to MSA columns:
# 371-394,420-422
name=unknown_E
#
# <colnr> <probs for GDERKNQSTAVLIFYWHMCP>
#	G	D	E	R	K	N	Q	S	T	A	V	L	I	F	Y	W	H	M	C	P
0	0.08282	0.00832	0.02199	0.04729	0.03125	0.04599	0.03826	0.06256	0.09834	0.14873	0.06990	0.02805	0.03155	0.04745	0.14465	0.00247	0.02245	0.01611	0.00352	0.04830
1	0.06971	0.04695	0.01092	0.06245	0.04773	0.03744	0.00737	0.15929	0.24477	0.06036	0.06130	0.01708	0.07063	0.00610	0.00461	0.00140	0.02404	0.03186	0.00382	0.03215
2	0.00794	0.00658	0.00782	0.00624	0.00906	0.00517	0.00481	0.00966	0.00947	0.01408	0.10344	0.15772	0.06259	0.00621	0.00401	0.00098	0.00295	0.00534	0.00321	0.57271
3	0.30490	0.01100	0.01051	0.03653	0.03146	0.06648	0.00721	0.31216	0.14277	0.02160	0.00990	0.01027	0.00737	0.00490	0.00383	0.00136	0.00441	0.00353	0.00358	0.00625
4	0.00731	0.00450	0.00584	0.00625	0.00699	0.00420	0.00445	0.00826	0.00900	0.09879	0.04145	0.47500	0.07244	0.13494	0.00801	0.00211	0.00309	0.09936	0.00405	0.00395
5	0.00551	0.00397	0.00520	0.00613	0.00649	0.00371	0.00419	0.00635	0.00858	0.01133	0.02508	0.72346	0.07253	0.04137	0.00620	0.00187	0.00269	0.05770	0.00405	0.00359
6	0.01130	0.06660	0.51043	0.01200	0.04364	0.01149	0.01331	0.20966	0.03708	0.03038	0.00897	0.00988	0.00645	0.00451	0.00419	0.00135	0.00583	0.00348	0.00265	0.00677
7	0.00537	0.00390	0.00507	0.00600	0.00637	0.00360	0.00403	0.00617	0.00860	0.01133	0.02621	0.76871	0.10120	0.01359	0.00560	0.00177	0.00253	0.01226	0.00410	0.00360
8	0.00612	0.00459	0.00560	0.00610	0.00684	0.00442	0.00438	0.00790	0.06276	0.01224	0.07921	0.39680	0.16739	0.10762	0.00745	0.00201	0.00292	0.10782	0.00401	0.00384
9	0.00823	0.00412	0.00412	0.00412	0.00515	0.00412	0.00309	0.01029	0.00926	0.01647	0.01441	0.01647	0.01132	0.00515	0.00309	0.00103	0.00206	0.00412	0.86930	0.00412
10	0.00597	0.00426	0.00536	0.00570	0.00650	0.00386	0.00404	0.00722	0.01006	0.03393	0.26108	0.42933	0.18296	0.01170	0.00540	0.00161	0.00239	0.01038	0.00436	0.00389
11	0.00631	0.00473	0.00710	0.00710	0.00789	0.00552	0.00552	0.00789	0.00710	0.01025	0.01183	0.01735	0.01104	0.03312	0.82728	0.00710	0.01183	0.00473	0.00237	0.00394
12	0.87598	0.00854	0.00649	0.00581	0.00854	0.00991	0.00478	0.01298	0.00752	0.01982	0.00615	0.00717	0.00478	0.00410	0.00273	0.00137	0.00342	0.00239	0.00273	0.00478
13	0.00631	0.00473	0.00710	0.00710	0.00789	0.00552	0.00552	0.00789	0.00710	0.01025	0.01183	0.01735	0.01104	0.03312	0.82728	0.00710	0.01183	0.00473	0.00237	0.00394
14	0.01653	0.01224	0.01311	0.01011	0.01360	0.01358	0.00833	0.76812	0.05557	0.02742	0.01093	0.01086	0.00777	0.00533	0.00442	0.00133	0.00480	0.00402	0.00442	0.00749
15	0.00547	0.00391	0.00523	0.00625	0.00655	0.00366	0.00426	0.00630	0.00854	0.01137	0.02429	0.80104	0.02902	0.01375	0.00566	0.00181	0.00264	0.05253	0.00410	0.00361
16	0.04278	0.00880	0.01014	0.00813	0.01085	0.00909	0.00644	0.28543	0.08998	0.29931	0.01415	0.01594	0.01075	0.15891	0.00768	0.00190	0.00419	0.00463	0.00442	0.00649
17	0.00535	0.00448	0.00465	0.00461	0.00604	0.00378	0.00346	0.00658	0.01037	0.01264	0.13924	0.04134	0.72050	0.01092	0.00522	0.00148	0.00222	0.00916	0.00419	0.00378
18	0.00633	0.00464	0.00666	0.00666	0.00729	0.00528	0.00497	0.00760	0.00697	0.00992	0.01223	0.01959	0.01201	0.19063	0.67110	0.00655	0.01037	0.00506	0.00243	0.00370
19	0.00548	0.00448	0.00484	0.00475	0.00613	0.00384	0.00356	0.00685	0.01069	0.01341	0.24113	0.04008	0.61813	0.01064	0.00522	0.00147	0.00220	0.00898	0.00430	0.00384
20	0.00916	0.00785	0.00916	0.00654	0.01047	0.00589	0.00523	0.01112	0.00916	0.01439	0.00785	0.00916	0.00654	0.00327	0.00327	0.00065	0.00327	0.00262	0.00262	0.87178
21	0.00697	0.00480	0.00607	0.00583	0.00699	0.00448	0.00437	0.00914	0.04266	0.05780	0.52978	0.12288	0.11815	0.02806	0.00560	0.00153	0.00241	0.03356	0.00464	0.00430
22	0.01771	0.01037	0.01195	0.00922	0.01266	0.01079	0.00760	0.46646	0.05137	0.33458	0.01356	0.01257	0.00909	0.00540	0.00443	0.00135	0.00437	0.00420	0.00483	0.00749
23	0.00580	0.00439	0.00497	0.00495	0.00586	0.00397	0.00344	0.00685	0.00964	0.01249	0.23015	0.09029	0.36260	0.22405	0.00966	0.00220	0.00274	0.00846	0.00393	0.00356
24	0.06390	0.00419	0.00520	0.00604	0.00644	0.00406	0.00405	0.00663	0.00826	0.01167	0.02244	0.73238	0.02671	0.06785	0.00655	0.00193	0.00273	0.01147	0.00391	0.00361
25	0.00753	0.00384	0.00566	0.00573	0.00578	0.00383	0.00383	0.00592	0.00604	0.00818	0.00899	0.06913	0.00923	0.01494	0.01606	0.78706	0.00370	0.00443	0.02802	0.00210
26	0.00919	0.00744	0.00830	0.00756	0.00944	0.00810	0.00581	0.07034	0.40216	0.01811	0.28440	0.08285	0.05236	0.00772	0.00484	0.00147	0.00301	0.00663	0.00457	0.00572

[dist]
# distance from previous block
# <min> <max>
0	2

[block]
# block no. 5 follows, 59 sequences, length 30
# corresponding to MSA columns:
# 425-434,436-455
name=unknown_F
#
# <colnr> <probs for GDERKNQSTAVLIFYWHMCP>
#	G	D	E	R	K	N	Q	S	T	A	V	L	I	F	Y	W	H	M	C	P
0	0.00634	0.00470	0.00496	0.00477	0.00638	0.00395	0.00362	0.00754	0.01037	0.07158	0.07745	0.04006	0.72145	0.01067	0.00516	0.00148	0.00234	0.00890	0.00424	0.00403
1	0.01122	0.01162	0.02333	0.01682	0.02102	0.03608	0.65946	0.01456	0.01051	0.07320	0.00937	0.01183	0.00695	0.00394	0.00523	0.00144	0.02565	0.00492	0.00249	0.05037
2	0.00566	0.00439	0.00490	0.00489	0.00604	0.00384	0.00356	0.00667	0.00996	0.01253	0.18710	0.08431	0.52545	0.04945	0.00692	0.06554	0.00244	0.00872	0.00402	0.00362
3	0.19283	0.02216	0.07801	0.00941	0.03089	0.05958	0.01519	0.32332	0.02684	0.03300	0.02785	0.01046	0.00760	0.01564	0.01758	0.00142	0.03560	0.00354	0.00334	0.08574
4	0.00779	0.00438	0.00591	0.00585	0.00630	0.00428	0.00401	0.02529	0.02064	0.04205	0.02420	0.12372	0.08800	0.07294	0.01383	0.53593	0.00355	0.00575	0.00274	0.00282
5	0.00557	0.00398	0.00516	0.00595	0.00630	0.00373	0.00399	0.00640	0.00865	0.01155	0.08336	0.66131	0.05798	0.09255	0.00720	0.00199	0.00270	0.02405	0.00402	0.00356
6	0.01023	0.01153	0.02484	0.09616	0.02378	0.01104	0.72618	0.01388	0.01027	0.01388	0.00883	0.01190	0.00662	0.00379	0.00514	0.00149	0.00730	0.00509	0.00221	0.00586
7	0.00763	0.00386	0.00576	0.00575	0.00578	0.00385	0.00385	0.00583	0.00596	0.00798	0.03282	0.01403	0.00873	0.01515	0.01689	0.84440	0.00378	0.00397	0.00201	0.00199
8	0.02119	0.00657	0.00753	0.00714	0.00860	0.00685	0.00531	0.17796	0.10834	0.02976	0.08036	0.38894	0.07240	0.02966	0.00546	0.00164	0.00317	0.00864	0.02555	0.00496
9	0.00552	0.00390	0.00508	0.00597	0.00619	0.00368	0.00391	0.00619	0.00818	0.01090	0.02292	0.73073	0.02741	0.12746	0.00794	0.00213	0.00280	0.01172	0.00391	0.00346
10	0.00819	0.00494	0.00652	0.00589	0.00727	0.00450	0.00450	0.01022	0.01252	0.13230	0.70104	0.03043	0.03728	0.00852	0.00510	0.00139	0.00232	0.00748	0.00495	0.00465
11	0.09553	0.00502	0.00575	0.00584	0.00710	0.00474	0.00433	0.00879	0.00937	0.09722	0.04690	0.30731	0.25570	0.06332	0.00618	0.00178	0.00288	0.06405	0.00403	0.00415
12	0.05312	0.00576	0.00654	0.00627	0.00780	0.00573	0.00478	0.01125	0.15651	0.05166	0.23569	0.12938	0.21187	0.02887	0.00540	0.00158	0.00277	0.05366	0.00431	0.01708
13	0.32195	0.00829	0.00908	0.00729	0.01039	0.00840	0.00600	0.10399	0.01172	0.41769	0.04450	0.01248	0.00961	0.00511	0.00386	0.00136	0.00369	0.00381	0.00436	0.00641
14	0.01674	0.00798	0.00996	0.00800	0.01097	0.00770	0.00642	0.06532	0.18425	0.54154	0.01689	0.01613	0.01167	0.06849	0.00580	0.00161	0.00380	0.00468	0.00499	0.00704
15	0.00904	0.00539	0.00646	0.00610	0.00727	0.00524	0.00436	0.06195	0.04051	0.13182	0.08927	0.23696	0.06927	0.22166	0.00934	0.00220	0.00326	0.00763	0.07785	0.00443
16	0.00648	0.00450	0.00584	0.00644	0.00718	0.00428	0.00470	0.00810	0.04162	0.04259	0.11291	0.52224	0.07941	0.01227	0.00554	0.00174	0.00279	0.12312	0.00425	0.00401
17	0.01656	0.01226	0.01312	0.01011	0.01361	0.01359	0.00834	0.77118	0.05247	0.02746	0.01090	0.01084	0.00775	0.00533	0.00442	0.00133	0.00481	0.00402	0.00442	0.00749
18	0.78600	0.00879	0.00711	0.00619	0.00901	0.01008	0.00510	0.07126	0.00865	0.04552	0.00683	0.00767	0.00518	0.00423	0.00291	0.00136	0.00353	0.00257	0.00294	0.00507
19	0.23827	0.00825	0.00905	0.06822	0.01142	0.00909	0.00642	0.17265	0.09091	0.12651	0.01224	0.07470	0.01008	0.03587	0.08598	0.00207	0.00471	0.00452	0.02339	0.00567
20	0.00842	0.00542	0.00684	0.00609	0.00759	0.00510	0.00469	0.06916	0.01300	0.10338	0.62777	0.02993	0.07820	0.00849	0.00507	0.00139	0.00248	0.00738	0.00485	0.00475
21	0.00551	0.00394	0.00527	0.00630	0.00661	0.00370	0.00433	0.00637	0.00858	0.01142	0.02427	0.78252	0.02893	0.01371	0.00567	0.00181	0.00268	0.07065	0.00410	0.00362
22	0.00584	0.00438	0.00540	0.00587	0.00668	0.00404	0.00424	0.02394	0.00986	0.01290	0.14627	0.43868	0.23304	0.01213	0.00547	0.00166	0.00257	0.06896	0.00422	0.00383
23	0.02090	0.00794	0.01019	0.18129	0.03274	0.02841	0.02071	0.08842	0.13721	0.05495	0.01450	0.08706	0.04439	0.11111	0.02225	0.01796	0.06697	0.04462	0.00327	0.00514
24	0.01289	0.00870	0.00981	0.00807	0.01057	0.00921	0.00644	0.33663	0.12399	0.11639	0.12389	0.01835	0.09052	0.00735	0.00571	0.07689	0.00378	0.00521	0.01953	0.00608
25	0.00674	0.00428	0.00563	0.00614	0.00683	0.00392	0.00428	0.00777	0.00939	0.08320	0.11722	0.63075	0.07227	0.01239	0.00546	0.00169	0.00259	0.01113	0.00431	0.00401
26	0.00902	0.00602	0.00757	0.00742	0.00865	0.00629	0.00570	0.09514	0.11643	0.06288	0.01760	0.24214	0.01789	0.01268	0.06473	0.15644	0.00415	0.15098	0.00376	0.00452
27	0.00960	0.00830	0.00945	0.01960	0.01097	0.02217	0.00555	0.04080	0.02364	0.01484	0.00811	0.00936	0.00667	0.00344	0.00337	0.00072	0.00346	0.00273	0.00270	0.79450
28	0.01518	0.00702	0.00901	0.00734	0.01001	0.00645	0.00589	0.06285	0.05487	0.49953	0.12812	0.04424	0.07463	0.03534	0.00528	0.00151	0.00346	0.01786	0.00502	0.00642
29	0.00680	0.00517	0.00597	0.00603	0.00706	0.00506	0.00430	0.06627	0.07003	0.01361	0.11254	0.34360	0.22516	0.09897	0.00708	0.00188	0.00285	0.00940	0.00409	0.00413

[dist]
# distance from previous block
# <min> <max>
0	2

[block]
# block no. 6 follows, 59 sequences, length 7
# corresponding to MSA columns:
# 458-464
name=unknown_G
#
# <colnr> <probs for GDERKNQSTAVLIFYWHMCP>
#	G	D	E	R	K	N	Q	S	T	A	V	L	I	F	Y	W	H	M	C	P
0	0.33134	0.01036	0.01256	0.06884	0.01433	0.01143	0.13300	0.27499	0.06894	0.02086	0.00902	0.01005	0.00668	0.00459	0.00393	0.00139	0.00472	0.00366	0.00328	0.00604
1	0.01017	0.05368	0.01557	0.20593	0.25643	0.04384	0.10991	0.03365	0.06747	0.01377	0.01121	0.01323	0.06017	0.00464	0.00436	0.00131	0.00525	0.00428	0.00252	0.08261
2	0.05259	0.00837	0.01251	0.07193	0.16816	0.02326	0.08535	0.04466	0.00898	0.01302	0.01026	0.02707	0.02614	0.07504	0.15516	0.01716	0.11435	0.01639	0.00246	0.06716
3	0.01090	0.00979	0.01208	0.12555	0.18069	0.08933	0.02546	0.13729	0.06397	0.01543	0.01186	0.05822	0.01076	0.06054	0.00566	0.00156	0.00492	0.07721	0.03091	0.06788
4	0.00695	0.00543	0.00788	0.06632	0.00984	0.00523	0.07438	0.00855	0.00922	0.02687	0.06472	0.23299	0.17613	0.05388	0.07742	0.00213	0.00411	0.04120	0.08145	0.04530
5	0.00712	0.00500	0.00616	0.06003	0.00829	0.00461	0.00449	0.00822	0.00909	0.06956	0.05046	0.23436	0.25095	0.16664	0.00832	0.00203	0.00317	0.02670	0.00370	0.07109
6	0.00603	0.00452	0.00596	0.00627	0.00711	0.00438	0.00456	0.00721	0.00848	0.01153	0.05133	0.39053	0.10127	0.05180	0.21349	0.00312	0.00505	0.04794	0.00352	0.06589

[dist]
# distance from previous block
# <min> <max>
0	3

[block]
# block no. 7 follows, 59 sequences, length 10
# corresponding to MSA columns:
# 469-478
name=unknown_H
#
# <colnr> <probs for GDERKNQSTAVLIFYWHMCP>
#	G	D	E	R	K	N	Q	S	T	A	V	L	I	F	Y	W	H	M	C	P
0	0.09136	0.00606	0.00719	0.00637	0.00825	0.00574	0.00484	0.02943	0.03335	0.24555	0.11004	0.14251	0.09936	0.11702	0.00693	0.00180	0.00324	0.01903	0.02316	0.03879
1	0.24983	0.00678	0.00707	0.00625	0.00833	0.00695	0.00491	0.08091	0.02688	0.13062	0.19104	0.07315	0.13834	0.02513	0.00468	0.00147	0.00306	0.00590	0.02368	0.00502
2	0.00637	0.00466	0.00507	0.00492	0.00643	0.00396	0.00371	0.00761	0.01043	0.06927	0.12675	0.08312	0.63065	0.01069	0.00519	0.00149	0.00234	0.00901	0.00428	0.00404
3	0.06237	0.00548	0.03168	0.00663	0.00779	0.00490	0.02426	0.00873	0.04284	0.05584	0.07384	0.52610	0.11018	0.01130	0.00521	0.00165	0.00290	0.01005	0.00403	0.00422
4	0.32010	0.00751	0.00724	0.00665	0.00866	0.03714	0.00513	0.07166	0.04502	0.09932	0.06539	0.21320	0.06383	0.02482	0.00457	0.00153	0.00339	0.00614	0.00374	0.00495
5	0.00943	0.00552	0.00688	0.00670	0.00802	0.00535	0.00513	0.07896	0.01061	0.14335	0.04890	0.26737	0.05158	0.08908	0.00671	0.00186	0.00330	0.14890	0.09771	0.00464
6	0.00973	0.00986	0.01462	0.01221	0.01259	0.01332	0.07849	0.01093	0.00708	0.01093	0.00607	0.00986	0.00588	0.00738	0.01369	0.00189	0.76459	0.00398	0.00196	0.00493
7	0.00747	0.00503	0.00596	0.00588	0.00666	0.00492	0.00400	0.07641	0.00951	0.04886	0.09525	0.28476	0.09822	0.31357	0.01151	0.00257	0.00336	0.00848	0.00374	0.00384
8	0.00642	0.00422	0.00546	0.00601	0.00665	0.00387	0.00415	0.00738	0.00919	0.06419	0.10065	0.61112	0.10052	0.04055	0.00605	0.00178	0.00262	0.01109	0.00421	0.00388
9	0.00537	0.00390	0.00506	0.00600	0.00637	0.00360	0.00403	0.00617	0.00860	0.01134	0.02622	0.76820	0.10170	0.01359	0.00560	0.00177	0.00253	0.01226	0.00410	0.00360

[dist]
# distance from previous block
# <min> <max>
5	8

[block]
# block no. 8 follows, 59 sequences, length 6
# corresponding to MSA columns:
# 488-493
name=unknown_I
#
# <colnr> <probs for GDERKNQSTAVLIFYWHMCP>
#	G	D	E	R	K	N	Q	S	T	A	V	L	I	F	Y	W	H	M	C	P
0	0.00958	0.00668	0.01036	0.00883	0.01052	0.00719	0.10196	0.05427	0.00909	0.12534	0.01200	0.01579	0.01013	0.04408	0.45156	0.00459	0.06164	0.00467	0.04680	0.00491
1	0.00633	0.00436	0.00537	0.00543	0.00564	0.00453	0.00343	0.00675	0.00670	0.00912	0.01404	0.07452	0.01566	0.60379	0.21144	0.00480	0.00596	0.00639	0.00269	0.00303
2	0.00640	0.00437	0.00529	0.00529	0.00545	0.00454	0.00326	0.00673	0.00656	0.00891	0.01348	0.02651	0.01502	0.67693	0.18892	0.00486	0.00584	0.00607	0.00261	0.00294
3	0.00914	0.00901	0.01379	0.12677	0.01477	0.01184	0.07764	0.01069	0.00741	0.01098	0.00708	0.01108	0.00652	0.00999	0.11044	0.00245	0.54947	0.00409	0.00202	0.00483
4	0.04141	0.02556	0.02254	0.00708	0.00933	0.02818	0.01929	0.03010	0.12180	0.09710	0.33390	0.02290	0.04949	0.02142	0.00488	0.00136	0.00321	0.02981	0.00415	0.12649
5	0.01294	0.00957	0.01052	0.00788	0.01155	0.04557	0.00637	0.21595	0.01278	0.13046	0.00985	0.01030	0.00737	0.00416	0.00376	0.00095	0.00396	0.00323	0.00346	0.48938

[dist]
# distance from previous block
# <min> <max>
0	57

# created by:
# /st0/software/busco_prod/Augustus/scripts/msa2prfl.pl ./align_prep/97391.fa
