[name]
unknown

[dist]
# distance from previous block
# <min> <max>
0	63

[block]
# block no. 0 follows, 51 sequences, length 20
# corresponding to MSA columns:
# 83-102
name=unknown_A
#
# <colnr> <probs for GDERKNQSTAVLIFYWHMCP>
#	G	D	E	R	K	N	Q	S	T	A	V	L	I	F	Y	W	H	M	C	P
0	0.02419	0.00788	0.01180	0.38680	0.07288	0.00897	0.01000	0.04390	0.01039	0.01385	0.01653	0.14219	0.08863	0.03981	0.01516	0.00188	0.03552	0.03469	0.00307	0.03186
1	0.04833	0.00950	0.01235	0.27292	0.10028	0.04323	0.00961	0.09328	0.05470	0.01684	0.07028	0.02887	0.01166	0.03018	0.02834	0.00172	0.00535	0.00477	0.05369	0.10409
2	0.13719	0.20758	0.37523	0.01317	0.10004	0.03767	0.01312	0.01556	0.03135	0.01568	0.00838	0.00981	0.00652	0.00458	0.00410	0.00142	0.00609	0.00337	0.00236	0.00678
3	0.01162	0.44157	0.06015	0.05705	0.01395	0.05357	0.02354	0.01358	0.01025	0.01283	0.03113	0.07409	0.01048	0.00588	0.00457	0.00129	0.04294	0.03665	0.00260	0.09229
4	0.01191	0.08736	0.05284	0.07500	0.47430	0.03620	0.02925	0.04684	0.02081	0.01609	0.05652	0.01519	0.01080	0.00528	0.00486	0.00148	0.00573	0.03969	0.00278	0.00707
5	0.01165	0.01380	0.16736	0.08371	0.13511	0.04505	0.01131	0.03957	0.35639	0.01769	0.02662	0.01562	0.01152	0.03626	0.00564	0.00170	0.00533	0.00488	0.00362	0.00718
6	0.06104	0.01072	0.06024	0.21988	0.39242	0.01069	0.01287	0.01348	0.01049	0.01527	0.05342	0.04860	0.01061	0.02293	0.00572	0.00164	0.03589	0.00495	0.00264	0.00650
7	0.00916	0.00458	0.00458	0.00458	0.00573	0.00458	0.00344	0.01145	0.01031	0.01832	0.01603	0.01832	0.01260	0.00573	0.00344	0.00115	0.00229	0.00458	0.85457	0.00458
8	0.01019	0.00873	0.01019	0.00728	0.01165	0.00655	0.00582	0.01237	0.01019	0.01601	0.00873	0.01019	0.00728	0.00364	0.00364	0.00073	0.00364	0.00291	0.00291	0.85734
9	0.01198	0.01241	0.07833	0.08892	0.36343	0.05488	0.06269	0.02495	0.05465	0.04755	0.02403	0.05043	0.00976	0.00542	0.00536	0.00151	0.03845	0.00487	0.00288	0.05748
10	0.00781	0.00522	0.00679	0.00629	0.00762	0.00477	0.00476	0.01006	0.01382	0.06577	0.71929	0.03593	0.07327	0.00990	0.00575	0.00155	0.00244	0.00871	0.00542	0.00484
11	0.04697	0.01053	0.01725	0.29776	0.46814	0.01141	0.01387	0.01466	0.04391	0.01530	0.00943	0.01257	0.00757	0.00467	0.00481	0.00153	0.00591	0.00435	0.00248	0.00688
12	0.13136	0.00972	0.04031	0.00858	0.01253	0.00850	0.00729	0.09015	0.01323	0.43987	0.01450	0.01357	0.00971	0.00532	0.00442	0.00136	0.00425	0.00414	0.00479	0.17640
13	0.00714	0.00550	0.00719	0.04679	0.00956	0.00511	0.02854	0.00877	0.01106	0.03609	0.08373	0.20294	0.35670	0.01232	0.00603	0.00183	0.00337	0.15839	0.00447	0.00448
14	0.01048	0.00985	0.01512	0.66935	0.09240	0.04094	0.01332	0.06452	0.01098	0.01405	0.00894	0.01278	0.00676	0.00494	0.00489	0.00160	0.00650	0.00433	0.00240	0.00585
15	0.01681	0.03734	0.01444	0.03520	0.01531	0.58326	0.00978	0.07534	0.01340	0.01343	0.00775	0.00948	0.00651	0.00566	0.00631	0.00143	0.13660	0.00346	0.00263	0.00585
16	0.00717	0.00477	0.00546	0.00559	0.00576	0.00473	0.00336	0.00748	0.00775	0.01050	0.01756	0.09055	0.03538	0.67287	0.02134	0.00420	0.00444	0.04268	0.04520	0.00323
17	0.01361	0.55626	0.04607	0.01075	0.01467	0.14372	0.09043	0.01550	0.01069	0.01220	0.00732	0.00880	0.00644	0.00454	0.00425	0.00121	0.04194	0.00315	0.00221	0.00623
18	0.00613	0.00464	0.00568	0.00642	0.00715	0.00426	0.00443	0.00746	0.03025	0.01313	0.05317	0.57975	0.23108	0.01426	0.00611	0.00189	0.00277	0.01268	0.00460	0.00415
19	0.01438	0.05745	0.20727	0.01288	0.01711	0.14274	0.09660	0.17068	0.04812	0.06991	0.01023	0.01141	0.00765	0.00541	0.00577	0.00151	0.08047	0.00412	0.00320	0.03309

[dist]
# distance from previous block
# <min> <max>
0	39

[block]
# block no. 1 follows, 51 sequences, length 17
# corresponding to MSA columns:
# 142-158
name=unknown_B
#
# <colnr> <probs for GDERKNQSTAVLIFYWHMCP>
#	G	D	E	R	K	N	Q	S	T	A	V	L	I	F	Y	W	H	M	C	P
0	0.07986	0.08349	0.30487	0.03101	0.07875	0.01248	0.08710	0.14746	0.01276	0.07330	0.00986	0.01115	0.00722	0.00491	0.00477	0.00149	0.01920	0.00398	0.00301	0.02335
1	0.00696	0.00500	0.00630	0.00698	0.00768	0.00482	0.00523	0.00815	0.00974	0.01262	0.02681	0.22957	0.13390	0.22973	0.01136	0.00278	0.00391	0.28039	0.00413	0.00394
2	0.00785	0.00531	0.00729	0.00843	0.03820	0.00510	0.00602	0.00954	0.02824	0.06171	0.05034	0.51148	0.02934	0.01359	0.00622	0.00199	0.00346	0.19664	0.00460	0.00464
3	0.82231	0.00956	0.00759	0.00676	0.00966	0.01121	0.00558	0.01432	0.00832	0.02157	0.00682	0.00811	0.00537	0.00475	0.00365	0.00155	0.04179	0.00274	0.00300	0.00532
4	0.08250	0.02497	0.02562	0.03334	0.03626	0.04972	0.05256	0.19762	0.02460	0.02901	0.02386	0.05286	0.02477	0.09489	0.09922	0.00256	0.03881	0.00520	0.06354	0.03809
5	0.00854	0.00427	0.00640	0.00640	0.00640	0.00427	0.00427	0.00640	0.00640	0.00854	0.00854	0.01494	0.00854	0.01707	0.01921	0.85702	0.00427	0.00427	0.00213	0.00213
6	0.00832	0.00716	0.00941	0.00938	0.03494	0.05017	0.00702	0.00986	0.00822	0.01151	0.01198	0.01828	0.01142	0.08832	0.57174	0.00631	0.12365	0.00513	0.00258	0.00460
7	0.00668	0.00501	0.00618	0.00589	0.00717	0.00452	0.00442	0.00873	0.01325	0.01814	0.61325	0.03928	0.22814	0.01063	0.00580	0.00157	0.00236	0.00925	0.00520	0.00452
8	0.00653	0.00501	0.00598	0.00573	0.00708	0.00445	0.00430	0.00845	0.01290	0.01731	0.51635	0.04066	0.32556	0.01094	0.00580	0.00159	0.00238	0.00944	0.00509	0.00445
9	0.01140	0.06522	0.16038	0.01882	0.02413	0.01268	0.60224	0.01565	0.01129	0.01546	0.00956	0.01244	0.00718	0.00424	0.00545	0.00160	0.00793	0.00524	0.00239	0.00672
10	0.00703	0.00522	0.00769	0.00769	0.00849	0.00603	0.00588	0.00864	0.00784	0.01125	0.01336	0.02037	0.01275	0.10232	0.74299	0.00764	0.01247	0.00542	0.00266	0.00427
11	0.00703	0.00522	0.00764	0.00764	0.00843	0.00601	0.00583	0.00861	0.00782	0.01122	0.01339	0.02059	0.01284	0.11566	0.72977	0.00759	0.01233	0.00545	0.00267	0.00425
12	0.02162	0.00906	0.01183	0.00907	0.01289	0.00825	0.00749	0.12099	0.01523	0.70136	0.01841	0.01609	0.01168	0.00606	0.00494	0.00151	0.00434	0.00488	0.00593	0.00836
13	0.01749	0.01301	0.01403	0.01106	0.01473	0.01441	0.00913	0.67116	0.08532	0.02912	0.01334	0.01500	0.01012	0.00643	0.00504	0.00154	0.00523	0.05088	0.00490	0.00808
14	0.08759	0.01295	0.01360	0.01072	0.01441	0.01445	0.00878	0.60788	0.13236	0.02873	0.01257	0.01243	0.00907	0.00590	0.00477	0.00151	0.00506	0.00444	0.00477	0.00802
15	0.00986	0.02542	0.80183	0.01401	0.02127	0.01141	0.01816	0.01556	0.01038	0.01556	0.00882	0.01038	0.00623	0.00467	0.00467	0.00156	0.00726	0.00363	0.00208	0.00726
16	0.01011	0.06141	0.73317	0.01358	0.02052	0.01181	0.01728	0.01597	0.04315	0.01559	0.00920	0.01060	0.00660	0.00473	0.00461	0.00154	0.00703	0.00367	0.00220	0.00724

[dist]
# distance from previous block
# <min> <max>
0	1

[block]
# block no. 2 follows, 51 sequences, length 14
# corresponding to MSA columns:
# 160-173
name=unknown_C
#
# <colnr> <probs for GDERKNQSTAVLIFYWHMCP>
#	G	D	E	R	K	N	Q	S	T	A	V	L	I	F	Y	W	H	M	C	P
0	0.01576	0.04864	0.08534	0.00900	0.01225	0.00817	0.00791	0.09182	0.01339	0.39279	0.05583	0.17213	0.01716	0.00813	0.00520	0.00162	0.00431	0.03855	0.00501	0.00699
1	0.00840	0.00716	0.04557	0.00720	0.00961	0.00545	0.00570	0.01012	0.01035	0.04873	0.06138	0.34080	0.09899	0.00971	0.00513	0.00145	0.00334	0.00852	0.00397	0.30843
2	0.01314	0.02803	0.28328	0.01054	0.01512	0.01036	0.01088	0.19995	0.03747	0.12995	0.03582	0.04370	0.10948	0.00664	0.00493	0.00152	0.00522	0.00533	0.00393	0.04473
3	0.00703	0.00524	0.00777	0.00777	0.00861	0.00607	0.00599	0.00869	0.00786	0.01131	0.01328	0.01994	0.01256	0.07601	0.76904	0.00774	0.01275	0.00536	0.00265	0.00432
4	0.04761	0.00974	0.01484	0.43363	0.16380	0.01091	0.01211	0.09231	0.01202	0.13985	0.01074	0.01317	0.00779	0.00509	0.00483	0.00157	0.00582	0.00440	0.00315	0.00662
5	0.00916	0.00458	0.00458	0.00458	0.00573	0.00458	0.00344	0.01145	0.01031	0.01832	0.01603	0.01832	0.01260	0.00573	0.00344	0.00115	0.00229	0.00458	0.85457	0.00458
6	0.00778	0.00555	0.00775	0.00889	0.00995	0.00553	0.00767	0.00993	0.01117	0.01455	0.02610	0.11253	0.02860	0.01371	0.00675	0.00224	0.00440	0.70788	0.00453	0.00449
7	0.00995	0.00983	0.01789	0.60279	0.08982	0.01127	0.16148	0.01336	0.01027	0.01343	0.00901	0.01306	0.00682	0.00472	0.00508	0.00163	0.00683	0.00464	0.00226	0.00586
8	0.01987	0.00960	0.01195	0.00927	0.01295	0.00915	0.00759	0.22266	0.01607	0.52526	0.01733	0.05548	0.01197	0.00640	0.00495	0.00150	0.00442	0.00517	0.00557	0.04284
9	0.01171	0.08637	0.29733	0.01278	0.04903	0.12600	0.03731	0.04787	0.04864	0.01553	0.08774	0.01422	0.03229	0.00603	0.00612	0.00155	0.10569	0.00449	0.00284	0.00645
10	0.00695	0.00474	0.00572	0.00611	0.00630	0.00468	0.00389	0.00740	0.00813	0.01080	0.01938	0.22311	0.02247	0.54646	0.01859	0.00384	0.00428	0.09023	0.00352	0.00339
11	0.04380	0.04844	0.07198	0.01064	0.01427	0.05144	0.00911	0.38423	0.21559	0.04376	0.01345	0.01391	0.01011	0.04027	0.00560	0.00164	0.00520	0.00459	0.00438	0.00759
12	0.00714	0.00588	0.03241	0.00692	0.00810	0.00521	0.00541	0.00929	0.04412	0.01491	0.22812	0.16456	0.15732	0.13710	0.00894	0.00227	0.00345	0.14999	0.00447	0.00440
13	0.01596	0.01207	0.01311	0.01038	0.01394	0.01303	0.00846	0.53842	0.11487	0.02673	0.03195	0.04148	0.01137	0.00640	0.00491	0.00146	0.00485	0.02763	0.00470	0.09829

[dist]
# distance from previous block
# <min> <max>
1	9

[block]
# block no. 3 follows, 51 sequences, length 31
# corresponding to MSA columns:
# 187-217
name=unknown_D
#
# <colnr> <probs for GDERKNQSTAVLIFYWHMCP>
#	G	D	E	R	K	N	Q	S	T	A	V	L	I	F	Y	W	H	M	C	P
0	0.04152	0.01889	0.06191	0.01108	0.06245	0.03102	0.09077	0.01482	0.05743	0.15117	0.03000	0.13516	0.04604	0.00782	0.00557	0.03005	0.00469	0.06119	0.00388	0.13456
1	0.01077	0.08302	0.33087	0.04572	0.06080	0.03917	0.03041	0.02678	0.05605	0.01462	0.01061	0.04127	0.01931	0.00636	0.00716	0.00168	0.17769	0.02867	0.00256	0.00648
2	0.00652	0.00497	0.00601	0.00593	0.00718	0.00445	0.00443	0.00836	0.01255	0.01681	0.45820	0.10600	0.29379	0.01140	0.00587	0.00164	0.00249	0.03393	0.00503	0.00442
3	0.01313	0.01287	0.07832	0.01119	0.01455	0.05166	0.05191	0.14704	0.48335	0.02077	0.01627	0.01590	0.01222	0.00744	0.03921	0.00187	0.00530	0.00509	0.00438	0.00752
4	0.00784	0.00560	0.00782	0.00896	0.01005	0.00559	0.00778	0.01004	0.01123	0.01461	0.02607	0.08821	0.02846	0.01365	0.00677	0.00225	0.00445	0.73159	0.00453	0.00450
5	0.01699	0.03997	0.01367	0.01246	0.03617	0.69583	0.00919	0.01832	0.01341	0.01218	0.01016	0.01142	0.05053	0.00650	0.03126	0.00151	0.00848	0.00366	0.00264	0.00564
6	0.00711	0.00478	0.00539	0.00537	0.00545	0.00474	0.00305	0.00721	0.00745	0.00993	0.03975	0.03269	0.03889	0.78161	0.02394	0.00459	0.00463	0.00728	0.00309	0.00306
7	0.01390	0.01191	0.01202	0.01042	0.01342	0.05509	0.00820	0.18391	0.58632	0.02229	0.01762	0.01646	0.01315	0.00642	0.00495	0.00161	0.00447	0.00519	0.00485	0.00779
8	0.00702	0.00525	0.00782	0.00782	0.00867	0.00610	0.00605	0.00873	0.00787	0.01135	0.01323	0.01970	0.01246	0.06098	0.78392	0.00780	0.01291	0.00532	0.00264	0.00434
9	0.01391	0.01037	0.01095	0.00896	0.01174	0.03356	0.00710	0.40253	0.05434	0.05449	0.09671	0.02310	0.15863	0.08273	0.00700	0.00182	0.00448	0.00625	0.00470	0.00662
10	0.00712	0.00485	0.00581	0.00581	0.00597	0.00501	0.00354	0.00744	0.00728	0.00986	0.01507	0.02986	0.01687	0.68602	0.16492	0.00532	0.00627	0.00681	0.00292	0.00323
11	0.01488	0.00912	0.01094	0.00992	0.05664	0.00930	0.00740	0.10977	0.24510	0.26600	0.07527	0.02138	0.10664	0.00715	0.00507	0.00156	0.00396	0.00593	0.02665	0.00731
12	0.01289	0.70165	0.12394	0.00926	0.01380	0.04420	0.00968	0.01498	0.01016	0.01209	0.00711	0.00823	0.00630	0.00429	0.00339	0.00112	0.00563	0.00277	0.00211	0.00641
13	0.01314	0.83025	0.02575	0.00841	0.01261	0.01945	0.00841	0.01472	0.00999	0.01156	0.00683	0.00788	0.00631	0.00420	0.00315	0.00105	0.00526	0.00263	0.00210	0.00631
14	0.01019	0.00873	0.01019	0.00728	0.01165	0.00655	0.00582	0.01237	0.01019	0.01601	0.00873	0.01019	0.00728	0.00364	0.00364	0.00073	0.00364	0.00291	0.00291	0.85734
15	0.03220	0.13583	0.03698	0.00883	0.05340	0.07392	0.00670	0.01076	0.01057	0.03075	0.02486	0.26112	0.19793	0.03142	0.00580	0.00173	0.00418	0.06423	0.00376	0.00500
16	0.04933	0.01689	0.01446	0.21105	0.09753	0.42070	0.01087	0.05338	0.01270	0.03514	0.00850	0.01060	0.00675	0.00510	0.00488	0.00143	0.02834	0.00370	0.00266	0.00602
17	0.01044	0.09455	0.70764	0.01348	0.02031	0.03985	0.01702	0.01563	0.01047	0.01510	0.00861	0.01011	0.00624	0.00464	0.00453	0.00150	0.00715	0.00353	0.00209	0.00713
18	0.00951	0.00885	0.01497	0.08180	0.17514	0.00894	0.16898	0.01290	0.07275	0.01509	0.06452	0.16442	0.06224	0.03679	0.00648	0.00183	0.01930	0.06619	0.00348	0.00582
19	0.00644	0.00493	0.00723	0.00772	0.00840	0.00461	0.05163	0.00761	0.00980	0.01304	0.04513	0.69494	0.05308	0.01441	0.00624	0.00197	0.00324	0.05093	0.00445	0.00420
20	0.01890	0.02957	0.01175	0.04179	0.01235	0.00761	0.13715	0.05766	0.02968	0.04143	0.21750	0.12557	0.07024	0.07197	0.06445	0.00231	0.00495	0.02031	0.02959	0.00522
21	0.86201	0.00950	0.00722	0.00646	0.00950	0.01102	0.00532	0.01445	0.00836	0.02205	0.00684	0.00798	0.00532	0.00456	0.00304	0.00152	0.00380	0.00266	0.00304	0.00532
22	0.01836	0.02342	0.01393	0.01266	0.01519	0.80756	0.00950	0.01962	0.01393	0.01203	0.00760	0.00886	0.00633	0.00506	0.00443	0.00127	0.00886	0.00317	0.00253	0.00570
23	0.00582	0.00494	0.00502	0.00508	0.00667	0.00414	0.00378	0.00704	0.01110	0.01323	0.04852	0.09062	0.75214	0.01261	0.00583	0.00168	0.00251	0.01057	0.00456	0.00414
24	0.01244	0.01066	0.01123	0.01004	0.01286	0.01232	0.00783	0.05145	0.76207	0.02091	0.01973	0.01812	0.01478	0.00664	0.00500	0.00166	0.00394	0.00552	0.00500	0.00780
25	0.00854	0.00427	0.00640	0.00640	0.00640	0.00427	0.00427	0.00640	0.00640	0.00854	0.00854	0.01494	0.00854	0.01707	0.01921	0.85702	0.00427	0.00427	0.00213	0.00213
26	0.01044	0.05598	0.04373	0.09040	0.18083	0.06739	0.03090	0.02433	0.11061	0.01543	0.08906	0.06708	0.08859	0.03470	0.01829	0.00179	0.00515	0.05580	0.00350	0.00602
27	0.00590	0.00495	0.00513	0.00515	0.00671	0.00418	0.00384	0.00722	0.01134	0.01375	0.10680	0.07769	0.70578	0.01238	0.00583	0.00166	0.00249	0.01040	0.00463	0.00418
28	0.01019	0.00873	0.01019	0.00728	0.01165	0.00655	0.00582	0.01237	0.01019	0.01601	0.00873	0.01019	0.00728	0.00364	0.00364	0.00073	0.00364	0.00291	0.00291	0.85734
29	0.01499	0.30084	0.11509	0.01133	0.02874	0.19133	0.02861	0.18755	0.01395	0.02707	0.00923	0.03313	0.00765	0.00518	0.00423	0.00131	0.00634	0.00374	0.00296	0.00674
30	0.01022	0.00875	0.01101	0.03594	0.02509	0.04176	0.07136	0.05285	0.05635	0.02513	0.01287	0.07120	0.01246	0.22908	0.02970	0.00236	0.02217	0.00547	0.00320	0.27303

[dist]
# distance from previous block
# <min> <max>
1	11

[block]
# block no. 4 follows, 51 sequences, length 20
# corresponding to MSA columns:
# 230-241,262-269
name=unknown_E
#
# <colnr> <probs for GDERKNQSTAVLIFYWHMCP>
#	G	D	E	R	K	N	Q	S	T	A	V	L	I	F	Y	W	H	M	C	P
0	0.01084	0.06898	0.06044	0.07044	0.01532	0.05133	0.13416	0.07046	0.10918	0.03791	0.04422	0.16503	0.07926	0.02113	0.02283	0.00182	0.02005	0.00700	0.00366	0.00595
1	0.01005	0.00866	0.01094	0.00813	0.01208	0.00686	0.05129	0.03286	0.01054	0.01603	0.01086	0.09792	0.01003	0.00499	0.00408	0.00094	0.00388	0.00431	0.00312	0.69241
2	0.08240	0.00954	0.01178	0.00910	0.01287	0.00912	0.00751	0.17642	0.01548	0.58776	0.01694	0.01509	0.01090	0.00593	0.00480	0.00151	0.00440	0.00467	0.00563	0.00814
3	0.01053	0.01043	0.01463	0.01261	0.01266	0.01453	0.01048	0.01165	0.00755	0.01180	0.00685	0.01126	0.00679	0.01026	0.06274	0.00249	0.77090	0.00436	0.00218	0.00532
4	0.00854	0.00427	0.00640	0.00640	0.00640	0.00427	0.00427	0.00640	0.00640	0.00854	0.00854	0.01494	0.00854	0.01707	0.01921	0.85702	0.00427	0.00427	0.00213	0.00213
5	0.00772	0.00623	0.00779	0.04336	0.00981	0.00612	0.02481	0.02534	0.10323	0.01696	0.31411	0.06123	0.26601	0.01041	0.00575	0.00168	0.00317	0.07653	0.00477	0.00498
6	0.01075	0.01075	0.01505	0.01290	0.01290	0.01505	0.01075	0.01183	0.00753	0.01183	0.00645	0.01075	0.00645	0.00860	0.01613	0.00215	0.81830	0.00430	0.00215	0.00538
7	0.01812	0.01024	0.03702	0.01149	0.06955	0.00958	0.04317	0.12508	0.11664	0.44307	0.01727	0.01732	0.01204	0.00622	0.00505	0.00157	0.00472	0.03873	0.00517	0.00796
8	0.00986	0.02542	0.80183	0.01401	0.02127	0.01141	0.01816	0.01556	0.01038	0.01556	0.00882	0.01038	0.00623	0.00467	0.00467	0.00156	0.00726	0.00363	0.00208	0.00726
9	0.01122	0.37027	0.05218	0.02095	0.02546	0.03182	0.00808	0.05790	0.03099	0.01334	0.02270	0.05068	0.01171	0.09030	0.08565	0.02026	0.02957	0.05848	0.00282	0.00563
10	0.01050	0.00943	0.00944	0.00788	0.01093	0.06476	0.00615	0.06187	0.19174	0.01691	0.02334	0.02282	0.23699	0.00713	0.00472	0.00130	0.00385	0.00580	0.00397	0.30048
11	0.00695	0.00519	0.00774	0.00782	0.00866	0.00599	0.00603	0.00864	0.00801	0.01149	0.01415	0.07663	0.01373	0.03533	0.75072	0.00748	0.01243	0.00589	0.00277	0.00436
12	0.01017	0.06620	0.70415	0.01449	0.04355	0.01188	0.05174	0.01551	0.01043	0.01538	0.00878	0.01043	0.00633	0.00461	0.00465	0.00153	0.00716	0.00370	0.00211	0.00720
13	0.78583	0.01061	0.05648	0.00706	0.01039	0.01117	0.00623	0.03593	0.00890	0.02190	0.00710	0.00824	0.00546	0.00461	0.00319	0.00152	0.00406	0.00277	0.00303	0.00553
14	0.00653	0.00501	0.00599	0.00574	0.00708	0.00446	0.00431	0.00846	0.01292	0.01735	0.52099	0.04059	0.32089	0.01093	0.00580	0.00159	0.00238	0.00943	0.00510	0.00446
15	0.00702	0.00527	0.00790	0.00790	0.00878	0.00614	0.00614	0.00878	0.00790	0.01141	0.01316	0.01931	0.01229	0.03686	0.80782	0.00790	0.01316	0.00527	0.00263	0.00439
16	0.01809	0.06525	0.01454	0.01244	0.01506	0.76670	0.00944	0.01937	0.01372	0.01200	0.00756	0.00881	0.00633	0.00502	0.00436	0.00125	0.00868	0.00314	0.00251	0.00573
17	0.01222	0.01056	0.01111	0.01000	0.01278	0.01222	0.00778	0.02611	0.78776	0.02056	0.02000	0.01833	0.01500	0.00667	0.00500	0.00167	0.00389	0.00556	0.00500	0.00778
18	0.00704	0.00517	0.00742	0.00742	0.00813	0.00588	0.00554	0.00847	0.00776	0.01105	0.01360	0.02174	0.01334	0.18647	0.65965	0.00730	0.01157	0.00562	0.00270	0.00412
19	0.00666	0.00501	0.00616	0.00588	0.00716	0.00451	0.00441	0.00871	0.01322	0.01807	0.60456	0.03940	0.23688	0.01066	0.00580	0.00157	0.00236	0.00927	0.00519	0.00451

[dist]
# distance from previous block
# <min> <max>
4	7

[block]
# block no. 5 follows, 51 sequences, length 14
# corresponding to MSA columns:
# 277-290
name=unknown_F
#
# <colnr> <probs for GDERKNQSTAVLIFYWHMCP>
#	G	D	E	R	K	N	Q	S	T	A	V	L	I	F	Y	W	H	M	C	P
0	0.01290	0.11472	0.01911	0.02001	0.36077	0.05604	0.09298	0.09321	0.08854	0.01693	0.01161	0.02825	0.03017	0.00529	0.00510	0.00148	0.02802	0.00471	0.00300	0.00718
1	0.01663	0.07541	0.05407	0.01171	0.04347	0.01479	0.00968	0.54439	0.13505	0.02665	0.01241	0.01242	0.00907	0.00577	0.00478	0.00147	0.00528	0.00442	0.00449	0.00804
2	0.00846	0.00429	0.00635	0.00635	0.00635	0.00429	0.00420	0.00644	0.00644	0.00859	0.00890	0.01584	0.00903	0.05967	0.01951	0.81221	0.00429	0.00442	0.00218	0.00218
3	0.16643	0.00930	0.01103	0.00872	0.01233	0.00910	0.00716	0.10511	0.06718	0.52779	0.01643	0.01478	0.01076	0.00584	0.00461	0.00153	0.00423	0.00453	0.00535	0.00780
4	0.00605	0.00432	0.00575	0.00680	0.00714	0.00403	0.00457	0.00699	0.00968	0.01297	0.07284	0.77712	0.03333	0.01508	0.00624	0.00197	0.00282	0.01367	0.00461	0.00403
5	0.00602	0.00445	0.00564	0.00648	0.00706	0.00406	0.00443	0.00704	0.01002	0.01316	0.08335	0.63884	0.16240	0.01453	0.00616	0.00191	0.00275	0.01301	0.00462	0.00406
6	0.00698	0.00499	0.00685	0.00798	0.00870	0.00485	0.00629	0.00857	0.01039	0.01366	0.02654	0.42740	0.03032	0.01446	0.00654	0.00213	0.00372	0.40082	0.00454	0.00427
7	0.01075	0.01075	0.01505	0.01290	0.01290	0.01505	0.01075	0.01183	0.00753	0.01183	0.00645	0.01075	0.00645	0.00860	0.01613	0.00215	0.81830	0.00430	0.00215	0.00538
8	0.00916	0.00458	0.00458	0.00458	0.00573	0.00458	0.00344	0.01145	0.01031	0.01832	0.01603	0.01832	0.01260	0.00573	0.00344	0.00115	0.00229	0.00458	0.85457	0.00458
9	0.02205	0.00836	0.01140	0.00874	0.01254	0.00722	0.00722	0.02395	0.01407	0.80004	0.01939	0.01673	0.01216	0.00608	0.00494	0.00152	0.00418	0.00494	0.00608	0.00836
10	0.00981	0.02420	0.74450	0.07238	0.02219	0.01138	0.01783	0.01534	0.01034	0.01534	0.00881	0.01057	0.00625	0.00469	0.00469	0.00156	0.00721	0.00368	0.00208	0.00713
11	0.01255	0.01271	0.02053	0.02783	0.65312	0.06973	0.10046	0.01549	0.01144	0.01573	0.00920	0.01205	0.00764	0.00440	0.00494	0.00147	0.00633	0.00445	0.00245	0.00750
12	0.01471	0.02852	0.06517	0.01310	0.12768	0.04691	0.00974	0.32095	0.06381	0.04340	0.01094	0.01171	0.00826	0.00504	0.00454	0.00129	0.00519	0.00400	0.00377	0.21126
13	0.09508	0.01191	0.03261	0.04724	0.57293	0.02922	0.01334	0.06079	0.01157	0.03591	0.00925	0.01171	0.00754	0.00472	0.00509	0.00150	0.03532	0.00418	0.00270	0.00738

[dist]
# distance from previous block
# <min> <max>
1	33

[block]
# block no. 6 follows, 51 sequences, length 28
# corresponding to MSA columns:
# 325-336,339-354
name=unknown_G
#
# <colnr> <probs for GDERKNQSTAVLIFYWHMCP>
#	G	D	E	R	K	N	Q	S	T	A	V	L	I	F	Y	W	H	M	C	P
0	0.01062	0.00953	0.01132	0.05656	0.01362	0.04145	0.03773	0.02902	0.04445	0.01598	0.01008	0.04592	0.00865	0.00448	0.00404	0.00095	0.00424	0.00375	0.00304	0.64457
1	0.00940	0.00885	0.01495	0.78381	0.06461	0.01095	0.01371	0.01266	0.00988	0.01270	0.00876	0.01306	0.00660	0.00489	0.00491	0.00163	0.00652	0.00437	0.00219	0.00555
2	0.00703	0.00524	0.00775	0.00775	0.00857	0.00606	0.00595	0.00868	0.00785	0.01130	0.01330	0.02007	0.01262	0.08412	0.76101	0.00771	0.01266	0.00538	0.00265	0.00430
3	0.00604	0.00430	0.00569	0.00678	0.00705	0.00402	0.00449	0.00686	0.00931	0.01242	0.02659	0.79039	0.03188	0.04994	0.00707	0.00211	0.00293	0.01368	0.00449	0.00395
4	0.01811	0.01348	0.01443	0.01119	0.01502	0.01497	0.00920	0.71397	0.09031	0.03006	0.01252	0.01237	0.00894	0.00597	0.00492	0.00149	0.00527	0.00452	0.00492	0.00831
5	0.01982	0.01195	0.01362	0.01044	0.01433	0.01254	0.00863	0.52550	0.02006	0.29003	0.01435	0.01346	0.00964	0.00596	0.00492	0.00149	0.00499	0.00460	0.00531	0.00836
6	0.00659	0.00458	0.00547	0.00593	0.00616	0.00441	0.00367	0.00702	0.00834	0.01101	0.02258	0.35193	0.07876	0.44285	0.01611	0.00343	0.00383	0.01012	0.00373	0.00347
7	0.00620	0.00492	0.00563	0.00606	0.00731	0.00435	0.00459	0.00753	0.01086	0.01345	0.05576	0.22862	0.48530	0.01326	0.00607	0.00183	0.00288	0.12664	0.00457	0.00418
8	0.00692	0.00494	0.00677	0.00791	0.00860	0.00480	0.00618	0.00845	0.01033	0.01359	0.02657	0.45296	0.03046	0.01452	0.00652	0.00212	0.00366	0.37589	0.00454	0.00425
9	0.05018	0.01361	0.01447	0.01113	0.01503	0.01508	0.00919	0.75165	0.02255	0.03064	0.01161	0.01166	0.00824	0.00585	0.00485	0.00148	0.00535	0.00436	0.00485	0.00824
10	0.00952	0.00898	0.01517	0.75072	0.09675	0.01098	0.01377	0.01276	0.00994	0.01284	0.00878	0.01302	0.00665	0.00487	0.00491	0.00162	0.00649	0.00437	0.00220	0.00565
11	0.01265	0.04457	0.30554	0.01559	0.09262	0.13802	0.14909	0.03816	0.08774	0.04162	0.01058	0.02320	0.00809	0.00502	0.00487	0.00152	0.00696	0.00438	0.00279	0.00699
12	0.01151	0.00974	0.02176	0.08124	0.08447	0.00893	0.04005	0.07748	0.09656	0.04844	0.02115	0.03026	0.02142	0.00504	0.00442	0.00119	0.00448	0.01398	0.00341	0.41448
13	0.01367	0.08337	0.03838	0.02611	0.08893	0.04330	0.06325	0.23087	0.24949	0.02089	0.03938	0.02550	0.04268	0.00614	0.00490	0.00152	0.00514	0.00512	0.00407	0.00731
14	0.00605	0.00435	0.00574	0.00674	0.00713	0.00404	0.00454	0.00702	0.00978	0.01307	0.08206	0.74554	0.05584	0.01493	0.00623	0.00195	0.00280	0.01350	0.00462	0.00404
15	0.39399	0.01045	0.05348	0.00846	0.03280	0.00987	0.00700	0.06149	0.05360	0.10555	0.00988	0.01053	0.00738	0.00470	0.00376	0.00133	0.00415	0.00334	0.00349	0.21476
16	0.01198	0.09345	0.08471	0.02091	0.06165	0.06520	0.02107	0.02656	0.03807	0.11285	0.14785	0.01846	0.07166	0.00630	0.00503	0.00134	0.03134	0.00510	0.00370	0.17279
17	0.08835	0.02190	0.01340	0.01210	0.01472	0.71176	0.00914	0.04774	0.01381	0.01357	0.00769	0.00890	0.00632	0.00505	0.00433	0.00129	0.00831	0.00317	0.00266	0.00577
18	0.00722	0.00594	0.03355	0.00653	0.00809	0.00501	0.00519	0.00959	0.01330	0.01891	0.67550	0.03396	0.06180	0.01041	0.03137	0.00170	0.00292	0.00828	0.00504	0.05569
19	0.00678	0.00583	0.00725	0.06411	0.03540	0.00543	0.02610	0.00883	0.04033	0.01416	0.10720	0.11623	0.52194	0.01128	0.00573	0.00167	0.00312	0.00966	0.00436	0.00459
20	0.01766	0.01493	0.01345	0.01105	0.01437	0.21221	0.00880	0.38698	0.12411	0.09997	0.03834	0.01326	0.01038	0.00595	0.00484	0.00146	0.00584	0.00446	0.00446	0.00749
21	0.00707	0.00506	0.00688	0.00688	0.00740	0.00559	0.00487	0.00812	0.00760	0.01065	0.01410	0.02448	0.01453	0.35490	0.49284	0.00664	0.00978	0.00602	0.00277	0.00382
22	0.00606	0.00433	0.00576	0.00680	0.00714	0.00404	0.00457	0.00701	0.00973	0.01305	0.08140	0.76833	0.03348	0.01502	0.00624	0.00196	0.00281	0.01361	0.00462	0.00404
23	0.00946	0.00895	0.01489	0.73915	0.05130	0.01123	0.01348	0.01257	0.00970	0.01259	0.00859	0.01291	0.00657	0.00516	0.00571	0.00167	0.06402	0.00436	0.00219	0.00551
24	0.03975	0.32383	0.48683	0.01167	0.01766	0.01438	0.01410	0.01521	0.01016	0.01430	0.00801	0.00937	0.00623	0.00449	0.00405	0.00137	0.00640	0.00323	0.00212	0.00684
25	0.01216	0.01168	0.01995	0.03016	0.79664	0.01168	0.01508	0.01508	0.01119	0.01605	0.00924	0.01216	0.00778	0.00438	0.00487	0.00146	0.00584	0.00438	0.00243	0.00778
26	0.00599	0.00428	0.00570	0.00684	0.00713	0.00399	0.00456	0.00684	0.00941	0.01254	0.02709	0.82409	0.03250	0.01540	0.00627	0.00200	0.00285	0.01397	0.00456	0.00399
27	0.01016	0.00872	0.01008	0.00736	0.01155	0.00679	0.00587	0.01298	0.05408	0.01618	0.01069	0.01184	0.03298	0.00409	0.00379	0.00081	0.00362	0.00330	0.00308	0.78204

[dist]
# distance from previous block
# <min> <max>
4	25

[block]
# block no. 7 follows, 51 sequences, length 9
# corresponding to MSA columns:
# 380-388
name=unknown_H
#
# <colnr> <probs for GDERKNQSTAVLIFYWHMCP>
#	G	D	E	R	K	N	Q	S	T	A	V	L	I	F	Y	W	H	M	C	P
0	0.00641	0.00473	0.00605	0.00692	0.00746	0.00453	0.00473	0.00816	0.05641	0.01350	0.07503	0.69709	0.06168	0.01443	0.00615	0.00194	0.00287	0.01301	0.00464	0.00426
1	0.01268	0.04105	0.35041	0.04100	0.01712	0.01164	0.01244	0.23853	0.03872	0.05333	0.12141	0.01505	0.01306	0.00590	0.00489	0.00152	0.00570	0.00472	0.00364	0.00718
2	0.00870	0.00634	0.00825	0.00776	0.00885	0.00709	0.00582	0.11743	0.00986	0.01371	0.01354	0.02139	0.01309	0.22560	0.50306	0.00622	0.01001	0.00561	0.00304	0.00460
3	0.00785	0.00604	0.00748	0.00821	0.00941	0.03102	0.00691	0.00984	0.01138	0.01455	0.08476	0.05035	0.13676	0.05015	0.00734	0.00221	0.00423	0.54261	0.00446	0.00445
4	0.00942	0.00654	0.00721	0.00653	0.00731	0.00683	0.00423	0.15944	0.01029	0.01375	0.01476	0.02815	0.01599	0.66549	0.02105	0.00412	0.00489	0.00661	0.00336	0.00404
5	0.01216	0.20622	0.03151	0.00857	0.01273	0.05825	0.02350	0.02950	0.01079	0.05274	0.00877	0.00999	0.00721	0.00416	0.00399	0.00096	0.02146	0.00309	0.00285	0.49158
6	0.00753	0.00587	0.00807	0.12180	0.01240	0.00594	0.00741	0.00972	0.01139	0.01469	0.12118	0.04540	0.19685	0.01168	0.00619	0.00195	0.00410	0.39895	0.00431	0.00459
7	0.06348	0.13540	0.08776	0.04734	0.01474	0.09994	0.06646	0.11532	0.07083	0.04149	0.04977	0.12809	0.01345	0.00687	0.00478	0.00151	0.00540	0.01940	0.00351	0.02446
8	0.01154	0.01309	0.02809	0.02021	0.02486	0.01260	0.72906	0.01549	0.01134	0.01549	0.00972	0.01309	0.00739	0.00443	0.00647	0.00169	0.06073	0.00570	0.00246	0.00655

[dist]
# distance from previous block
# <min> <max>
0	1

[block]
# block no. 8 follows, 51 sequences, length 7
# corresponding to MSA columns:
# 390-396
name=unknown_I
#
# <colnr> <probs for GDERKNQSTAVLIFYWHMCP>
#	G	D	E	R	K	N	Q	S	T	A	V	L	I	F	Y	W	H	M	C	P
0	0.04834	0.22017	0.05704	0.03128	0.03833	0.20084	0.09793	0.06270	0.04538	0.06168	0.00960	0.02800	0.00787	0.00534	0.00522	0.00142	0.06556	0.00400	0.00288	0.00642
1	0.00916	0.00458	0.00458	0.00458	0.00573	0.00458	0.00344	0.01145	0.01031	0.01832	0.01603	0.01832	0.01260	0.00573	0.00344	0.00115	0.00229	0.00458	0.85457	0.00458
2	0.06530	0.17141	0.06418	0.01169	0.04762	0.17636	0.04010	0.13503	0.08215	0.03626	0.03346	0.01259	0.03189	0.00570	0.00527	0.00144	0.06559	0.00413	0.00324	0.00658
3	0.03814	0.05660	0.09368	0.01286	0.11726	0.11994	0.03048	0.07097	0.07092	0.04357	0.07006	0.05137	0.03210	0.03369	0.00611	0.00161	0.04994	0.03601	0.00339	0.06129
4	0.11499	0.00886	0.00976	0.03115	0.01173	0.00938	0.00681	0.10439	0.23842	0.05088	0.03587	0.13615	0.03569	0.00881	0.03913	0.00182	0.00429	0.02382	0.00425	0.12380
5	0.05171	0.20815	0.07362	0.01214	0.09051	0.03853	0.08213	0.07413	0.05260	0.01618	0.05710	0.04590	0.07196	0.00698	0.00484	0.00153	0.00521	0.09728	0.00334	0.00618
6	0.06310	0.04328	0.10937	0.11838	0.03631	0.03553	0.03258	0.07257	0.06903	0.05688	0.04828	0.06659	0.04363	0.03953	0.03345	0.00185	0.00535	0.02917	0.00344	0.09169

[dist]
# distance from previous block
# <min> <max>
11	149

# created by:
# /st0/software/busco_prod/Augustus/scripts/msa2prfl.pl ./align_prep/97398.fa
