[name]
unknown

[dist]
# distance from previous block
# <min> <max>
0	20

[block]
# block no. 0 follows, 56 sequences, length 119
# corresponding to MSA columns:
# 20-91,93-139
name=unknown_A
#
# <colnr> <probs for GDERKNQSTAVLIFYWHMCP>
#	G	D	E	R	K	N	Q	S	T	A	V	L	I	F	Y	W	H	M	C	P
0	0.00703	0.00503	0.00696	0.00750	0.04342	0.00494	0.01944	0.00818	0.00921	0.03949	0.13000	0.31039	0.07333	0.15272	0.10713	0.01816	0.01409	0.03516	0.00376	0.00405
1	0.02287	0.00539	0.03323	0.00596	0.00724	0.00452	0.00451	0.00841	0.01010	0.07071	0.15496	0.27865	0.26992	0.09360	0.00720	0.00190	0.00290	0.00948	0.00424	0.00420
2	0.01078	0.03857	0.01762	0.20508	0.49431	0.01100	0.05869	0.03346	0.01035	0.01435	0.00879	0.01220	0.00730	0.00446	0.00480	0.00142	0.02368	0.01925	0.00231	0.02158
3	0.11766	0.07882	0.04424	0.03730	0.20761	0.06296	0.20583	0.08115	0.04316	0.02769	0.00889	0.01079	0.00697	0.00443	0.00468	0.00140	0.02872	0.00403	0.00266	0.02100
4	0.10970	0.00574	0.00656	0.00633	0.00781	0.00564	0.00469	0.01101	0.07230	0.10750	0.18764	0.25365	0.14170	0.05157	0.00599	0.00173	0.00292	0.00841	0.00438	0.00472
5	0.02191	0.00700	0.00886	0.02232	0.02807	0.00676	0.00619	0.12036	0.02291	0.26036	0.07162	0.22832	0.05327	0.03014	0.00554	0.00164	0.00362	0.05738	0.02053	0.02322
6	0.00699	0.00566	0.02301	0.01952	0.02214	0.00544	0.02559	0.06084	0.02271	0.01334	0.04404	0.62539	0.03500	0.01324	0.03364	0.00197	0.02210	0.01100	0.00404	0.00433
7	0.01876	0.00666	0.00712	0.00715	0.00812	0.06058	0.00508	0.08551	0.05691	0.01351	0.03303	0.40210	0.04396	0.14222	0.08499	0.00265	0.00451	0.00897	0.00379	0.00436
8	0.00659	0.00446	0.00559	0.00589	0.00655	0.00413	0.00402	0.00761	0.00966	0.04540	0.19606	0.39554	0.10863	0.16758	0.00896	0.00221	0.00291	0.01013	0.00421	0.00386
9	0.00639	0.00447	0.00559	0.00613	0.00653	0.00434	0.00424	0.00719	0.00852	0.01126	0.04946	0.30437	0.06083	0.33865	0.01282	0.00290	0.00363	0.15550	0.00370	0.00348
10	0.01381	0.03808	0.01215	0.00965	0.01281	0.04611	0.00775	0.31476	0.38036	0.02193	0.01401	0.01348	0.01045	0.00558	0.00446	0.00138	0.00439	0.00440	0.00429	0.08016
11	0.00975	0.04049	0.45588	0.03054	0.10714	0.01012	0.09217	0.01386	0.00984	0.01453	0.00832	0.01010	0.00629	0.00409	0.00427	0.00130	0.00603	0.00353	0.00217	0.16958
12	0.03412	0.03708	0.17812	0.02013	0.36059	0.03676	0.15776	0.01457	0.01027	0.04730	0.00875	0.01101	0.00688	0.00441	0.00516	0.00144	0.05248	0.00409	0.00235	0.00671
13	0.00856	0.00428	0.00428	0.00428	0.00535	0.00428	0.00321	0.01070	0.00963	0.01712	0.01498	0.01712	0.01177	0.00535	0.00321	0.00107	0.00214	0.00428	0.86414	0.00428
14	0.00690	0.00502	0.00682	0.00694	0.00769	0.00542	0.00526	0.00830	0.01936	0.02184	0.03091	0.09144	0.08031	0.16154	0.37191	0.02223	0.03035	0.11068	0.00313	0.00393
15	0.01164	0.42054	0.21956	0.03347	0.11732	0.07683	0.02483	0.01445	0.02013	0.01251	0.00745	0.00887	0.00618	0.00416	0.00370	0.00120	0.00577	0.00307	0.00207	0.00625
16	0.01167	0.02132	0.47539	0.01299	0.04598	0.24397	0.02805	0.01609	0.06013	0.01386	0.00930	0.01049	0.02121	0.00470	0.00436	0.00138	0.00691	0.00356	0.00229	0.00635
17	0.00657	0.00485	0.00705	0.00705	0.00775	0.00556	0.00533	0.00799	0.00728	0.01041	0.01260	0.01971	0.01220	0.14647	0.70942	0.00697	0.01120	0.00516	0.00250	0.00392
18	0.00668	0.00455	0.00523	0.00532	0.00545	0.00455	0.00314	0.00714	0.02499	0.00969	0.03185	0.11026	0.01870	0.70655	0.02054	0.00403	0.00420	0.02105	0.00304	0.00303
19	0.00814	0.12219	0.10860	0.00760	0.00980	0.04659	0.00681	0.01064	0.04912	0.01387	0.20487	0.15859	0.14280	0.01048	0.06002	0.00187	0.02237	0.00717	0.00361	0.00487
20	0.01247	0.23291	0.19647	0.01349	0.14067	0.23357	0.01115	0.01488	0.01040	0.01240	0.00757	0.00948	0.00639	0.01982	0.01810	0.00142	0.04740	0.00325	0.00214	0.00603
21	0.00699	0.00533	0.00717	0.00699	0.00734	0.00593	0.01960	0.00775	0.00743	0.01028	0.01492	0.14865	0.01653	0.38555	0.19890	0.00429	0.10338	0.03648	0.00289	0.00361
22	0.01632	0.12195	0.01439	0.03388	0.01438	0.69954	0.00885	0.01759	0.01245	0.01120	0.00704	0.00828	0.00592	0.00463	0.00401	0.00117	0.00781	0.00293	0.00231	0.00539
23	0.00662	0.00446	0.00515	0.00520	0.00526	0.00449	0.00301	0.00675	0.00681	0.00912	0.01482	0.06485	0.01700	0.75777	0.06679	0.00450	0.00481	0.00686	0.00283	0.00290
24	0.00751	0.00490	0.00594	0.00616	0.00671	0.00484	0.00404	0.00899	0.07057	0.06433	0.01973	0.37646	0.02204	0.36140	0.01308	0.00290	0.00358	0.00918	0.00376	0.00388
25	0.01203	0.50025	0.01984	0.00956	0.01210	0.09314	0.00865	0.01333	0.00895	0.01092	0.00634	0.00830	0.00594	0.00530	0.00690	0.00133	0.26656	0.00300	0.00202	0.00556
26	0.15268	0.00640	0.03426	0.00632	0.00818	0.00578	0.00510	0.01080	0.01163	0.08680	0.49330	0.06951	0.04499	0.00813	0.00483	0.00144	0.00278	0.00692	0.00449	0.03565
27	0.12605	0.05076	0.18347	0.00865	0.01259	0.04188	0.01955	0.02240	0.02388	0.07001	0.01038	0.06158	0.00895	0.02625	0.00443	0.00128	0.00455	0.02535	0.00291	0.29510
28	0.00856	0.00428	0.00428	0.00428	0.00535	0.00428	0.00321	0.01070	0.00963	0.01712	0.01498	0.01712	0.01177	0.00535	0.00321	0.00107	0.00214	0.00428	0.86414	0.00428
29	0.02802	0.00453	0.00525	0.00548	0.00566	0.00452	0.00337	0.00696	0.00730	0.00997	0.01673	0.17047	0.01935	0.62593	0.01881	0.00379	0.00411	0.05354	0.00313	0.00309
30	0.01183	0.01089	0.01773	0.04054	0.69582	0.01107	0.01329	0.06382	0.04949	0.02717	0.00940	0.01170	0.00767	0.00431	0.00456	0.00138	0.00533	0.00415	0.00258	0.00727
31	0.01820	0.00862	0.01078	0.00847	0.01177	0.00822	0.00692	0.16691	0.06375	0.54906	0.03989	0.03267	0.04068	0.00617	0.00469	0.00144	0.00398	0.00501	0.00532	0.00746
32	0.01026	0.00806	0.00892	0.00835	0.01027	0.00893	0.00629	0.06183	0.46941	0.04764	0.01993	0.24942	0.01831	0.04332	0.00578	0.00175	0.00348	0.00740	0.00451	0.00613
33	0.00569	0.00415	0.00535	0.00613	0.00664	0.00382	0.00419	0.00669	0.00948	0.01261	0.12305	0.65471	0.11360	0.01348	0.00576	0.00178	0.00257	0.01212	0.00436	0.00382
34	0.01745	0.01286	0.01378	0.01056	0.01424	0.01424	0.00873	0.79471	0.02159	0.02893	0.01102	0.01102	0.00781	0.00551	0.00459	0.00138	0.00505	0.00413	0.00459	0.00781
35	0.01132	0.01081	0.01818	0.04090	0.76121	0.01092	0.01376	0.01451	0.04573	0.01513	0.00908	0.01163	0.00755	0.00419	0.00455	0.00137	0.00538	0.00414	0.00238	0.00723
36	0.31513	0.00693	0.00681	0.00614	0.00823	0.00735	0.00485	0.04420	0.03658	0.11454	0.06850	0.05096	0.03802	0.04086	0.00461	0.00151	0.00320	0.02614	0.21035	0.00510
37	0.00559	0.00400	0.00533	0.00639	0.00666	0.00373	0.00426	0.00639	0.00879	0.01172	0.02530	0.83566	0.03036	0.01438	0.00586	0.00186	0.00266	0.01305	0.00426	0.00373
38	0.87108	0.00888	0.00675	0.00604	0.00888	0.01030	0.00497	0.01350	0.00781	0.02060	0.00639	0.00746	0.00497	0.00426	0.00284	0.00142	0.00355	0.00249	0.00284	0.00497
39	0.00593	0.00438	0.00552	0.00611	0.00670	0.00418	0.00422	0.00710	0.02449	0.01198	0.06559	0.50189	0.15035	0.09583	0.06989	0.00247	0.00354	0.02201	0.00403	0.00379
40	0.57535	0.00827	0.00771	0.00665	0.00950	0.00895	0.00547	0.01543	0.02062	0.21271	0.04367	0.01234	0.00908	0.00515	0.00353	0.00144	0.00359	0.02979	0.01511	0.00563
41	0.00543	0.00462	0.00468	0.00473	0.00622	0.00387	0.00352	0.00658	0.01039	0.01237	0.04559	0.07853	0.77440	0.01175	0.00544	0.00156	0.00234	0.00984	0.00426	0.00387
42	0.00548	0.00465	0.00472	0.00471	0.00623	0.00390	0.00353	0.00669	0.01059	0.01269	0.08337	0.04370	0.77111	0.01152	0.00543	0.00155	0.00232	0.00962	0.00430	0.00390
43	0.13320	0.00724	0.00899	0.00747	0.01021	0.00677	0.00598	0.03633	0.01175	0.49873	0.04433	0.13948	0.01469	0.02156	0.00492	0.00155	0.00362	0.01776	0.01893	0.00649
44	0.87108	0.00888	0.00675	0.00604	0.00888	0.01030	0.00497	0.01350	0.00781	0.02060	0.00639	0.00746	0.00497	0.00426	0.00284	0.00142	0.00355	0.00249	0.00284	0.00497
45	0.01745	0.01286	0.01378	0.01056	0.01424	0.01424	0.00873	0.79471	0.02159	0.02893	0.01102	0.01102	0.00781	0.00551	0.00459	0.00138	0.00505	0.00413	0.00459	0.00781
46	0.00600	0.00440	0.00530	0.00573	0.00653	0.00403	0.00407	0.00716	0.00980	0.01295	0.13920	0.35181	0.24709	0.08406	0.00712	0.00192	0.00273	0.05604	0.04023	0.00382
47	0.00643	0.00475	0.00606	0.00687	0.00745	0.00471	0.00486	0.00857	0.08822	0.01258	0.02407	0.62921	0.02770	0.04787	0.00653	0.00197	0.00302	0.10079	0.00424	0.00410
48	0.00650	0.00469	0.00614	0.00578	0.00686	0.00433	0.00433	0.00866	0.01300	0.01841	0.80760	0.03429	0.04332	0.00939	0.00541	0.00144	0.00217	0.00830	0.00505	0.00433
49	0.01136	0.01091	0.01863	0.02818	0.81002	0.01091	0.01409	0.01409	0.01045	0.01500	0.00864	0.01136	0.00727	0.00409	0.00455	0.00136	0.00545	0.00409	0.00227	0.00727
50	0.00611	0.00450	0.00567	0.00573	0.00665	0.00411	0.00413	0.00771	0.01135	0.01550	0.46819	0.23551	0.15913	0.03720	0.00609	0.00166	0.00239	0.00965	0.00466	0.00406
51	0.00952	0.00816	0.00952	0.00680	0.01088	0.00612	0.00544	0.01156	0.00952	0.01496	0.00816	0.00952	0.00680	0.00340	0.00340	0.00068	0.00340	0.00272	0.00272	0.86672
52	0.01084	0.01238	0.02709	0.01935	0.02399	0.01161	0.79334	0.01471	0.01084	0.01471	0.00929	0.01238	0.00697	0.00387	0.00542	0.00155	0.00774	0.00542	0.00232	0.00619
53	0.00558	0.00464	0.00487	0.00485	0.00630	0.00394	0.00362	0.00688	0.01078	0.01323	0.15302	0.06010	0.68364	0.01137	0.00543	0.00154	0.00231	0.00957	0.00437	0.00394
54	0.00676	0.00491	0.00617	0.00649	0.00737	0.00476	0.00475	0.00900	0.07074	0.02586	0.23882	0.34373	0.08981	0.06416	0.00676	0.00189	0.00288	0.09648	0.00443	0.00423
55	0.01136	0.01091	0.01863	0.02818	0.81002	0.01091	0.01409	0.01409	0.01045	0.01500	0.00864	0.01136	0.00727	0.00409	0.00455	0.00136	0.00545	0.00409	0.00227	0.00727
56	0.00551	0.00460	0.00482	0.00496	0.00636	0.00391	0.00370	0.00667	0.01029	0.01238	0.04351	0.12805	0.69933	0.01195	0.00550	0.00160	0.00243	0.03628	0.00426	0.00387
57	0.00659	0.00446	0.00584	0.00626	0.00685	0.00428	0.00437	0.02044	0.00913	0.02608	0.10211	0.43327	0.09935	0.05456	0.07094	0.11188	0.00367	0.02234	0.00387	0.00372
58	0.12501	0.01293	0.01535	0.03467	0.36938	0.19887	0.05632	0.01568	0.01087	0.08744	0.00882	0.01058	0.00696	0.00449	0.00452	0.00136	0.02391	0.00374	0.00267	0.00641
59	0.07917	0.01796	0.01272	0.01095	0.01376	0.50653	0.00849	0.24426	0.01514	0.03701	0.00846	0.00920	0.00653	0.00495	0.00419	0.00126	0.00689	0.00331	0.00313	0.00608
60	0.03048	0.01108	0.04037	0.07938	0.69904	0.01086	0.03373	0.01395	0.01030	0.01489	0.00856	0.01131	0.00710	0.00413	0.00453	0.00138	0.00555	0.00407	0.00226	0.00704
61	0.01720	0.02805	0.01388	0.01048	0.01413	0.01424	0.00867	0.76051	0.04143	0.02835	0.01113	0.01111	0.00793	0.00550	0.00456	0.00138	0.00501	0.00413	0.00455	0.00776
62	0.37262	0.00862	0.00918	0.00744	0.01064	0.00884	0.00613	0.07814	0.02594	0.39366	0.02838	0.01228	0.00912	0.00516	0.00390	0.00142	0.00381	0.00378	0.00439	0.00656
63	0.00986	0.03996	0.52697	0.03104	0.12274	0.01105	0.16480	0.01444	0.00999	0.01449	0.00844	0.01041	0.00623	0.00423	0.00456	0.00145	0.00674	0.00386	0.00206	0.00668
64	0.87108	0.00888	0.00675	0.00604	0.00888	0.01030	0.00497	0.01350	0.00781	0.02060	0.00639	0.00746	0.00497	0.00426	0.00284	0.00142	0.00355	0.00249	0.00284	0.00497
65	0.00555	0.00464	0.00483	0.00481	0.00628	0.00392	0.00360	0.00682	0.01072	0.01307	0.13173	0.05749	0.70796	0.01143	0.00543	0.00154	0.00231	0.00959	0.00435	0.00392
66	0.01727	0.01832	0.01331	0.01133	0.01421	0.50213	0.00881	0.32474	0.01639	0.01822	0.00865	0.00936	0.00666	0.00504	0.00432	0.00126	0.00701	0.00342	0.00324	0.00630
67	0.00591	0.00452	0.00524	0.00552	0.00640	0.00412	0.00384	0.00718	0.02577	0.01269	0.13956	0.30205	0.32694	0.11951	0.00788	0.00202	0.00272	0.01013	0.00419	0.00382
68	0.00810	0.00535	0.00649	0.00623	0.00744	0.00520	0.00451	0.01007	0.06800	0.09581	0.09152	0.13110	0.18772	0.20215	0.12115	0.00302	0.00451	0.01811	0.00390	0.01962
69	0.19881	0.01248	0.01215	0.00962	0.01303	0.06746	0.00788	0.55519	0.01785	0.04764	0.00997	0.01021	0.00718	0.00520	0.00419	0.00137	0.00492	0.00372	0.00410	0.00704
70	0.00685	0.00497	0.00637	0.00592	0.00710	0.00466	0.00447	0.03543	0.01324	0.01866	0.76610	0.03369	0.05652	0.00930	0.00539	0.00144	0.00227	0.00819	0.00502	0.00444
71	0.00731	0.00527	0.00647	0.00676	0.00760	0.00536	0.00483	0.06863	0.06369	0.01394	0.05463	0.47889	0.03914	0.07295	0.06636	0.00233	0.00373	0.03286	0.05493	0.00432
72	0.00673	0.00474	0.00606	0.00676	0.00740	0.00464	0.00471	0.00878	0.08445	0.03794	0.04197	0.67066	0.02811	0.02842	0.00604	0.00187	0.00287	0.03929	0.00433	0.00421
73	0.01152	0.64005	0.21881	0.00914	0.01377	0.01632	0.01010	0.01394	0.00942	0.01172	0.00684	0.00794	0.00587	0.00403	0.00329	0.00110	0.00537	0.00269	0.00196	0.00611
74	0.00559	0.00401	0.00531	0.00635	0.00665	0.00373	0.00424	0.00640	0.00883	0.01174	0.02579	0.81769	0.04803	0.01432	0.00585	0.00186	0.00266	0.01298	0.00426	0.00373
75	0.00740	0.00525	0.00598	0.00592	0.00656	0.00544	0.00392	0.02210	0.10592	0.01192	0.03797	0.10855	0.05436	0.46699	0.05850	0.00346	0.00428	0.02109	0.06059	0.00380
76	0.03335	0.00783	0.01060	0.00814	0.01168	0.00680	0.00672	0.02224	0.01306	0.80132	0.01794	0.01550	0.01127	0.00566	0.00459	0.00142	0.00390	0.00458	0.00564	0.00777
77	0.00550	0.00466	0.00475	0.00476	0.00629	0.00392	0.00359	0.00671	0.01055	0.01262	0.07012	0.04402	0.76846	0.01158	0.00544	0.00156	0.00236	0.02492	0.00429	0.00390
78	0.01179	0.00998	0.01057	0.00942	0.01206	0.01148	0.00739	0.08499	0.71965	0.01983	0.01822	0.01754	0.01384	0.00634	0.00471	0.00156	0.00376	0.02499	0.00465	0.00723
79	0.01507	0.00785	0.00946	0.00761	0.01039	0.00748	0.00610	0.18383	0.01394	0.38033	0.06524	0.02248	0.17414	0.06720	0.00617	0.00166	0.00378	0.00589	0.00492	0.00646
80	0.03306	0.01046	0.01055	0.00981	0.01119	0.17830	0.00796	0.03966	0.04594	0.05061	0.03833	0.02260	0.01369	0.01146	0.10806	0.00242	0.19627	0.20137	0.00320	0.00507
81	0.04573	0.00696	0.00819	0.00765	0.00938	0.00720	0.00609	0.13332	0.08832	0.07756	0.13313	0.07057	0.05988	0.11103	0.00752	0.00202	0.00381	0.21214	0.00432	0.00518
82	0.01838	0.01117	0.01271	0.00976	0.01338	0.01175	0.00806	0.53082	0.03115	0.28439	0.01345	0.01262	0.00906	0.00558	0.00460	0.00139	0.00466	0.00431	0.00495	0.00780
83	0.00656	0.00492	0.00738	0.00738	0.00820	0.00574	0.00574	0.00820	0.00738	0.01066	0.01230	0.01804	0.01148	0.03443	0.82046	0.00738	0.01230	0.00492	0.00246	0.00410
84	0.01731	0.01365	0.01312	0.01039	0.01376	0.14042	0.00843	0.59361	0.01926	0.07855	0.01102	0.01111	0.00788	0.00539	0.00448	0.00134	0.00538	0.00399	0.03362	0.00730
85	0.00665	0.00466	0.00609	0.00608	0.00649	0.00502	0.00416	0.00748	0.00721	0.01009	0.03390	0.02453	0.01495	0.44111	0.38012	0.00562	0.00787	0.00589	0.01864	0.00344
86	0.00735	0.00523	0.00649	0.00615	0.00748	0.00492	0.00475	0.05090	0.01269	0.03720	0.52714	0.06083	0.15359	0.00981	0.00542	0.00152	0.00258	0.07516	0.01627	0.00451
87	0.01354	0.01298	0.01467	0.08431	0.24434	0.18595	0.03051	0.22033	0.01380	0.01738	0.01054	0.01501	0.00904	0.00562	0.00486	0.00144	0.01935	0.08680	0.00309	0.00642
88	0.54755	0.01030	0.01075	0.04562	0.06680	0.05216	0.07524	0.08854	0.01006	0.04468	0.00772	0.00900	0.00587	0.00442	0.00355	0.00142	0.00456	0.00317	0.00295	0.00562
89	0.00667	0.00449	0.00523	0.00523	0.00530	0.00457	0.00305	0.00682	0.00674	0.00906	0.01427	0.02894	0.01621	0.76449	0.09687	0.00472	0.00517	0.00651	0.00275	0.00290
90	0.00952	0.00816	0.00952	0.00680	0.01088	0.00612	0.00544	0.01156	0.00952	0.01496	0.00816	0.00952	0.00680	0.00340	0.00340	0.00068	0.00340	0.00272	0.00272	0.86672
91	0.00662	0.00446	0.00499	0.00499	0.00506	0.00443	0.00281	0.00667	0.00683	0.00905	0.01581	0.03064	0.04981	0.80404	0.02262	0.00433	0.00436	0.00680	0.00284	0.00283
92	0.01722	0.01298	0.01363	0.01055	0.01415	0.03484	0.00868	0.74594	0.05056	0.02811	0.01121	0.01118	0.00799	0.00552	0.00458	0.00138	0.00508	0.00414	0.00454	0.00772
93	0.01926	0.00956	0.01169	0.00900	0.01256	0.00939	0.00742	0.27957	0.04088	0.52700	0.01577	0.01414	0.01026	0.00564	0.00461	0.00141	0.00428	0.00447	0.00529	0.00779
94	0.00784	0.00408	0.00611	0.00611	0.00619	0.00415	0.00415	0.00619	0.00611	0.00823	0.00839	0.01434	0.00831	0.01771	0.09426	0.78473	0.00478	0.00408	0.00204	0.00219
95	0.87108	0.00888	0.00675	0.00604	0.00888	0.01030	0.00497	0.01350	0.00781	0.02060	0.00639	0.00746	0.00497	0.00426	0.00284	0.00142	0.00355	0.00249	0.00284	0.00497
96	0.01137	0.60128	0.25631	0.00939	0.01416	0.01596	0.01053	0.01398	0.00944	0.01190	0.00693	0.00805	0.00587	0.00406	0.00336	0.00112	0.00546	0.00273	0.00196	0.00615
97	0.52474	0.00986	0.00860	0.00742	0.01034	0.05913	0.00600	0.05738	0.12637	0.13565	0.01019	0.01030	0.00744	0.00485	0.00354	0.00142	0.00398	0.00331	0.00359	0.00589
98	0.02239	0.00670	0.00783	0.00718	0.00891	0.00687	0.00543	0.05749	0.20868	0.10179	0.25402	0.15682	0.07583	0.05150	0.00606	0.00170	0.00311	0.00759	0.00467	0.00543
99	0.00753	0.00512	0.00574	0.00552	0.00583	0.00523	0.00336	0.06761	0.00792	0.01057	0.01444	0.02911	0.01625	0.75377	0.02149	0.00416	0.00449	0.02569	0.00296	0.00321
100	0.00563	0.00406	0.00534	0.00629	0.00665	0.00377	0.00423	0.00652	0.00907	0.01209	0.06574	0.76202	0.06357	0.01402	0.00582	0.00183	0.00262	0.01267	0.00430	0.00377
101	0.45708	0.00836	0.00865	0.00707	0.01026	0.00857	0.00584	0.01782	0.01041	0.40642	0.01210	0.01143	0.00808	0.00495	0.00371	0.00142	0.00372	0.00352	0.00422	0.00635
102	0.00624	0.00463	0.00550	0.00582	0.00674	0.00423	0.00413	0.02728	0.01013	0.02335	0.11988	0.38012	0.29579	0.06086	0.00665	0.00185	0.00271	0.02586	0.00429	0.00396
103	0.01084	0.01238	0.02709	0.01935	0.02399	0.01161	0.79334	0.01471	0.01084	0.01471	0.00929	0.01238	0.00697	0.00387	0.00542	0.00155	0.00774	0.00542	0.00232	0.00619
104	0.01142	0.00986	0.01038	0.00934	0.01194	0.01142	0.00727	0.02440	0.80172	0.01920	0.01869	0.01713	0.01401	0.00623	0.00467	0.00156	0.00363	0.00519	0.00467	0.00727
105	0.01203	0.00599	0.00792	0.00705	0.00893	0.00545	0.00540	0.04291	0.01216	0.32020	0.25024	0.25779	0.02604	0.00927	0.00521	0.00155	0.00308	0.00811	0.00505	0.00562
106	0.01173	0.00641	0.00785	0.00701	0.00921	0.00596	0.00555	0.01469	0.10981	0.29352	0.07994	0.09552	0.24938	0.00905	0.00516	0.00157	0.00322	0.07384	0.00486	0.00572
107	0.00550	0.00465	0.00475	0.00472	0.00624	0.00391	0.00354	0.00672	0.01063	0.01279	0.09568	0.04354	0.75874	0.01148	0.00543	0.00154	0.00232	0.00960	0.00431	0.00391
108	0.18144	0.00817	0.00957	0.00766	0.01081	0.03291	0.00625	0.01928	0.01211	0.56315	0.08853	0.01556	0.01293	0.00572	0.00434	0.00142	0.00382	0.00450	0.00498	0.00687
109	0.02870	0.00692	0.03050	0.00716	0.00949	0.00612	0.00583	0.03943	0.03177	0.33601	0.22486	0.03987	0.07045	0.05611	0.03563	0.00185	0.00372	0.02761	0.03213	0.00585
110	0.00609	0.00454	0.00645	0.00707	0.00760	0.00430	0.03748	0.01791	0.00910	0.01214	0.02419	0.73649	0.02863	0.02833	0.00616	0.00190	0.00302	0.05054	0.00416	0.00390
111	0.00672	0.00474	0.00607	0.00570	0.00687	0.00434	0.00429	0.00880	0.01273	0.03293	0.71632	0.03440	0.10324	0.00942	0.00536	0.00144	0.00221	0.00827	0.02181	0.00436
112	0.00607	0.00435	0.00579	0.00665	0.00713	0.00420	0.00478	0.00714	0.00902	0.01198	0.04185	0.54155	0.05300	0.07738	0.05528	0.00241	0.00363	0.14995	0.00406	0.00379
113	0.00854	0.00737	0.01003	0.03169	0.00984	0.00938	0.00713	0.02930	0.00764	0.01105	0.02249	0.05779	0.01163	0.21708	0.11399	0.03260	0.38345	0.02224	0.00253	0.00424
114	0.00674	0.00499	0.00695	0.00687	0.00741	0.00570	0.00504	0.00786	0.00715	0.01015	0.01268	0.02129	0.01281	0.27345	0.54876	0.00628	0.04419	0.00541	0.00254	0.00374
115	0.35822	0.01346	0.01189	0.03117	0.01336	0.23968	0.08138	0.14065	0.01201	0.04732	0.00808	0.00915	0.00614	0.00462	0.00384	0.00136	0.00560	0.00328	0.00302	0.00575
116	0.52463	0.02651	0.00818	0.02811	0.00988	0.10762	0.00578	0.01296	0.00899	0.01756	0.07599	0.01195	0.02665	0.01995	0.03841	0.00170	0.04003	0.00352	0.02671	0.00487
117	0.07039	0.08595	0.06479	0.06770	0.08111	0.09710	0.03658	0.27188	0.01427	0.12757	0.01027	0.01108	0.00753	0.00572	0.02684	0.00152	0.00564	0.00383	0.00349	0.00674
118	0.03946	0.00995	0.01183	0.02537	0.11594	0.03258	0.02282	0.18601	0.22066	0.05270	0.05767	0.06409	0.01295	0.00608	0.00458	0.00140	0.00428	0.02242	0.00394	0.10527

[dist]
# distance from previous block
# <min> <max>
1	19

[block]
# block no. 1 follows, 56 sequences, length 16
# corresponding to MSA columns:
# 178-193
name=unknown_B
#
# <colnr> <probs for GDERKNQSTAVLIFYWHMCP>
#	G	D	E	R	K	N	Q	S	T	A	V	L	I	F	Y	W	H	M	C	P
0	0.02848	0.00965	0.06856	0.04826	0.35771	0.00868	0.07166	0.01240	0.02265	0.03833	0.03163	0.16334	0.03931	0.00694	0.00495	0.00153	0.00484	0.05579	0.00301	0.02228
1	0.11054	0.00960	0.01117	0.00874	0.01220	0.00971	0.00719	0.25702	0.06581	0.43781	0.01473	0.01344	0.00976	0.00551	0.00442	0.00142	0.00420	0.00428	0.00498	0.00747
2	0.07020	0.00654	0.00738	0.00714	0.00867	0.00687	0.00529	0.03982	0.21187	0.06737	0.06183	0.30329	0.08699	0.06242	0.03118	0.00199	0.00349	0.00827	0.00426	0.00512
3	0.02663	0.00642	0.00807	0.00721	0.00930	0.00603	0.00564	0.03021	0.08151	0.30535	0.14349	0.17689	0.11007	0.00898	0.00514	0.00157	0.00324	0.05357	0.00492	0.00577
4	0.00699	0.00481	0.00578	0.00568	0.00596	0.00503	0.00359	0.03194	0.00729	0.00990	0.01390	0.02694	0.01532	0.64485	0.18872	0.00496	0.00610	0.00623	0.00277	0.00322
5	0.04144	0.00533	0.00626	0.00645	0.00747	0.00532	0.00465	0.04997	0.07094	0.01481	0.14406	0.40911	0.10408	0.04531	0.00608	0.00178	0.00287	0.02674	0.04295	0.00437
6	0.07274	0.00729	0.00838	0.00728	0.00956	0.00728	0.00571	0.09443	0.11868	0.23051	0.08311	0.08450	0.14386	0.05779	0.00593	0.00169	0.00349	0.03005	0.02188	0.00584
7	0.11461	0.00678	0.00802	0.00713	0.00922	0.00670	0.00562	0.06437	0.05757	0.22497	0.20602	0.12638	0.05956	0.02467	0.00527	0.00160	0.00331	0.05796	0.00466	0.00558
8	0.00656	0.00489	0.00722	0.00720	0.00800	0.00562	0.00555	0.00816	0.00762	0.01096	0.05117	0.01933	0.01325	0.06672	0.74750	0.00697	0.01148	0.00516	0.00260	0.00406
9	0.11734	0.00658	0.00727	0.00678	0.00858	0.00671	0.00523	0.08003	0.09152	0.08383	0.15641	0.18293	0.14668	0.00907	0.00492	0.00156	0.00309	0.03828	0.03810	0.00511
10	0.17661	0.00766	0.00863	0.00724	0.00972	0.00770	0.00573	0.13625	0.01259	0.26291	0.14686	0.07090	0.05974	0.06039	0.00574	0.00165	0.00360	0.00569	0.00452	0.00590
11	0.04913	0.00501	0.00598	0.00586	0.00695	0.00474	0.00423	0.02468	0.01092	0.04786	0.34604	0.20369	0.15012	0.10531	0.00739	0.00189	0.00276	0.00882	0.00441	0.00420
12	0.00879	0.00597	0.00670	0.00618	0.00765	0.02056	0.00467	0.09024	0.02636	0.05870	0.27996	0.08746	0.14930	0.05941	0.00602	0.00161	0.00292	0.02022	0.15256	0.00472
13	0.00947	0.00683	0.00819	0.00754	0.00900	0.03132	0.00578	0.12728	0.03846	0.06513	0.03117	0.07819	0.06454	0.10646	0.37287	0.00444	0.00778	0.00586	0.01483	0.00487
14	0.03562	0.00642	0.00784	0.00687	0.00893	0.00614	0.00535	0.03207	0.10546	0.23750	0.30933	0.07854	0.12432	0.00836	0.00504	0.00149	0.00298	0.00713	0.00496	0.00564
15	0.00815	0.00513	0.00664	0.00693	0.00797	0.00492	0.00508	0.01031	0.07381	0.11132	0.10575	0.50297	0.04188	0.01194	0.00560	0.00176	0.00297	0.07771	0.00455	0.00462

[dist]
# distance from previous block
# <min> <max>
0	1

[block]
# block no. 2 follows, 56 sequences, length 99
# corresponding to MSA columns:
# 195-293
name=unknown_C
#
# <colnr> <probs for GDERKNQSTAVLIFYWHMCP>
#	G	D	E	R	K	N	Q	S	T	A	V	L	I	F	Y	W	H	M	C	P
0	0.16466	0.01100	0.01146	0.00920	0.01237	0.01222	0.00754	0.51111	0.06620	0.03697	0.03310	0.01300	0.01934	0.00679	0.03660	0.00165	0.00480	0.01812	0.01699	0.00687
1	0.75701	0.01032	0.02228	0.00676	0.00963	0.08145	0.00560	0.01423	0.02974	0.01963	0.00682	0.00783	0.00531	0.00436	0.00303	0.00140	0.00403	0.00262	0.00283	0.00510
2	0.00657	0.00486	0.00638	0.00716	0.03908	0.00467	0.00495	0.00776	0.00915	0.02356	0.05254	0.31670	0.16327	0.11278	0.11332	0.00280	0.00437	0.09726	0.00379	0.01905
3	0.01129	0.00889	0.00967	0.00866	0.01110	0.00994	0.00674	0.02168	0.61936	0.07857	0.09854	0.03318	0.04841	0.00685	0.00479	0.00154	0.00344	0.00576	0.00476	0.00682
4	0.01036	0.00866	0.00997	0.00720	0.01124	0.00698	0.00579	0.09453	0.01080	0.01644	0.00846	0.00968	0.00691	0.00362	0.00353	0.00075	0.00357	0.00287	0.00292	0.77573
5	0.00699	0.00558	0.02156	0.00740	0.04450	0.00510	0.00533	0.00929	0.05931	0.02893	0.24078	0.23475	0.18349	0.03601	0.00605	0.00174	0.00297	0.09141	0.00435	0.00446
6	0.01374	0.18012	0.05480	0.01295	0.10693	0.24957	0.03091	0.12709	0.02908	0.01452	0.00799	0.00960	0.00663	0.00548	0.01725	0.00143	0.11977	0.00347	0.00257	0.00610
7	0.00698	0.00504	0.00612	0.00588	0.00714	0.00473	0.00438	0.00924	0.05497	0.04698	0.39630	0.09805	0.23707	0.04425	0.05045	0.00195	0.00304	0.00848	0.00456	0.00439
8	0.00559	0.00400	0.00533	0.00639	0.00666	0.00373	0.00426	0.00639	0.00879	0.01172	0.02530	0.83566	0.03036	0.01438	0.00586	0.00186	0.00266	0.01305	0.00426	0.00373
9	0.02214	0.00448	0.00638	0.03497	0.00722	0.00461	0.00445	0.00716	0.03826	0.00936	0.03398	0.07180	0.01088	0.02949	0.01558	0.68556	0.00390	0.00482	0.00238	0.00257
10	0.03912	0.00980	0.01015	0.00875	0.01135	0.05375	0.00689	0.16289	0.34700	0.10912	0.04106	0.01875	0.07631	0.03787	0.03282	0.00179	0.00436	0.01720	0.00442	0.00658
11	0.03813	0.00532	0.00671	0.00674	0.00813	0.00506	0.00530	0.01137	0.01026	0.16823	0.03245	0.23249	0.04785	0.03497	0.00565	0.00174	0.00327	0.20462	0.16693	0.00477
12	0.01086	0.01230	0.02650	0.01900	0.02357	0.01160	0.76574	0.01505	0.03861	0.01486	0.00962	0.01255	0.00721	0.00395	0.00539	0.00155	0.00760	0.00541	0.00240	0.00623
13	0.13781	0.00936	0.01050	0.00839	0.01161	0.03511	0.00681	0.15945	0.07711	0.43951	0.01474	0.01411	0.01008	0.03841	0.00509	0.00154	0.00420	0.00431	0.00479	0.00709
14	0.00759	0.00503	0.00616	0.00624	0.00721	0.00490	0.00467	0.02361	0.03159	0.04231	0.18409	0.12383	0.08492	0.18576	0.00915	0.00223	0.00329	0.16394	0.09932	0.00414
15	0.01663	0.02007	0.01282	0.01150	0.01398	0.68344	0.00871	0.07758	0.08765	0.01332	0.00848	0.00932	0.00682	0.00493	0.00422	0.00123	0.00760	0.00326	0.00275	0.00569
16	0.00582	0.00464	0.00522	0.00513	0.00646	0.00404	0.00383	0.00734	0.01132	0.01457	0.32349	0.07187	0.49821	0.01092	0.00544	0.00152	0.00228	0.00932	0.00455	0.00404
17	0.00974	0.00825	0.00958	0.00690	0.01088	0.00637	0.00550	0.03896	0.00989	0.01533	0.00839	0.00999	0.00704	0.02035	0.00385	0.00078	0.00348	0.00285	0.00279	0.81911
18	0.00564	0.00464	0.00496	0.00493	0.00634	0.00396	0.00368	0.00698	0.01089	0.01353	0.19208	0.07007	0.63381	0.01129	0.00544	0.00154	0.00231	0.00954	0.00442	0.00396
19	0.00589	0.00447	0.00544	0.00575	0.00671	0.00403	0.00418	0.00726	0.01063	0.01397	0.25791	0.31044	0.28533	0.01197	0.00561	0.00165	0.00249	0.04780	0.00449	0.00397
20	0.00592	0.00420	0.00547	0.00609	0.00651	0.00395	0.00410	0.00693	0.00948	0.01288	0.19816	0.56222	0.03163	0.11053	0.00783	0.00208	0.00276	0.01124	0.00426	0.00375
21	0.03955	0.00615	0.00698	0.00646	0.00821	0.00599	0.00490	0.05510	0.09886	0.12278	0.11444	0.14969	0.25768	0.05429	0.00606	0.00170	0.00304	0.01767	0.03541	0.00503
22	0.46008	0.01008	0.00969	0.00788	0.01110	0.01113	0.00650	0.28043	0.01325	0.13591	0.00963	0.00983	0.00684	0.00489	0.00369	0.00141	0.00411	0.00335	0.00384	0.00634
23	0.01130	0.01085	0.01853	0.04540	0.79325	0.01089	0.01406	0.01404	0.01043	0.01493	0.00863	0.01138	0.00725	0.00410	0.00455	0.00137	0.00547	0.00409	0.00227	0.00723
24	0.04163	0.00541	0.00652	0.00682	0.00767	0.00544	0.00481	0.09554	0.02144	0.02664	0.03417	0.57357	0.02507	0.09339	0.00728	0.00203	0.00321	0.03092	0.00414	0.00428
25	0.01037	0.00727	0.00823	0.00738	0.00946	0.00735	0.00587	0.18503	0.08769	0.08629	0.08918	0.08020	0.25590	0.02230	0.00549	0.00162	0.00346	0.10304	0.01841	0.00547
26	0.01084	0.01238	0.02709	0.01935	0.02399	0.01161	0.79334	0.01471	0.01084	0.01471	0.00929	0.01238	0.00697	0.00387	0.00542	0.00155	0.00774	0.00542	0.00232	0.00619
27	0.01853	0.00736	0.00990	0.00774	0.01096	0.00638	0.00632	0.02026	0.01285	0.69985	0.06654	0.01887	0.06664	0.01963	0.00502	0.00148	0.00371	0.00521	0.00550	0.00726
28	0.02188	0.00535	0.00748	0.05386	0.00899	0.00604	0.00566	0.00813	0.00808	0.01135	0.08399	0.06826	0.08765	0.07130	0.34363	0.11957	0.07611	0.00594	0.00286	0.00387
29	0.01205	0.00982	0.01048	0.00928	0.01194	0.01121	0.00726	0.06283	0.71078	0.05598	0.03383	0.01709	0.01416	0.00623	0.00468	0.00154	0.00369	0.00517	0.00472	0.00726
30	0.01668	0.02119	0.01268	0.01154	0.01387	0.78769	0.00866	0.01786	0.01291	0.01128	0.00867	0.00971	0.03789	0.00501	0.00419	0.00120	0.00804	0.00323	0.00244	0.00526
31	0.00659	0.00489	0.00731	0.00731	0.00809	0.00568	0.00565	0.00813	0.00734	0.01058	0.01227	0.01821	0.01152	0.05039	0.79030	0.02233	0.01199	0.00494	0.00246	0.00404
32	0.01164	0.01029	0.01605	0.13797	0.40741	0.01080	0.05695	0.14131	0.04522	0.02607	0.02129	0.01446	0.03032	0.00508	0.00469	0.00144	0.00531	0.03165	0.01534	0.00671
33	0.01676	0.02025	0.01262	0.01136	0.01377	0.72262	0.00858	0.04855	0.01319	0.03964	0.00891	0.00988	0.03051	0.00548	0.01734	0.00131	0.00789	0.00330	0.00263	0.00544
34	0.64622	0.00958	0.01012	0.04159	0.05563	0.01074	0.08115	0.06967	0.00929	0.01997	0.00719	0.00859	0.00554	0.00432	0.00338	0.00143	0.00427	0.00304	0.00285	0.00542
35	0.09860	0.01206	0.01266	0.01011	0.01302	0.04712	0.00830	0.53274	0.03319	0.02428	0.01004	0.01079	0.00749	0.00571	0.00578	0.00145	0.11759	0.00394	0.03824	0.00690
36	0.01122	0.00966	0.01021	0.00920	0.01174	0.01114	0.00715	0.02377	0.77029	0.01917	0.05013	0.01781	0.01518	0.00635	0.00470	0.00155	0.00357	0.00531	0.00469	0.00715
37	0.87108	0.00888	0.00675	0.00604	0.00888	0.01030	0.00497	0.01350	0.00781	0.02060	0.00639	0.00746	0.00497	0.00426	0.00284	0.00142	0.00355	0.00249	0.00284	0.00497
38	0.01084	0.01238	0.02709	0.01935	0.02399	0.01161	0.79334	0.01471	0.01084	0.01471	0.00929	0.01238	0.00697	0.00387	0.00542	0.00155	0.00774	0.00542	0.00232	0.00619
39	0.00559	0.00400	0.00533	0.00639	0.00666	0.00373	0.00426	0.00639	0.00879	0.01172	0.02530	0.83566	0.03036	0.01438	0.00586	0.00186	0.00266	0.01305	0.00426	0.00373
40	0.01756	0.01268	0.01367	0.01048	0.01415	0.01397	0.00866	0.76741	0.02129	0.05665	0.01127	0.01119	0.00793	0.00552	0.00459	0.00138	0.00501	0.00415	0.00463	0.00781
41	0.03322	0.00778	0.01047	0.00804	0.01154	0.00675	0.00662	0.02168	0.01285	0.76601	0.01761	0.01559	0.01124	0.01994	0.00488	0.00145	0.00390	0.00457	0.00551	0.03037
42	0.01246	0.00622	0.00796	0.00678	0.00905	0.00557	0.00539	0.01470	0.04370	0.35250	0.27723	0.02809	0.17433	0.00821	0.00508	0.00148	0.00304	0.02725	0.00513	0.00583
43	0.01142	0.00986	0.01038	0.00934	0.01194	0.01142	0.00727	0.02440	0.80172	0.01920	0.01869	0.01713	0.01401	0.00623	0.00467	0.00156	0.00363	0.00519	0.00467	0.00727
44	0.10546	0.00517	0.00558	0.00548	0.00680	0.00519	0.00416	0.02308	0.01016	0.05844	0.12319	0.15335	0.03012	0.00762	0.00414	0.00136	0.00260	0.03433	0.40924	0.00451
45	0.02823	0.00482	0.00552	0.00555	0.00606	0.00479	0.00361	0.00785	0.02939	0.02355	0.06189	0.08372	0.10256	0.53011	0.03817	0.00356	0.00413	0.04977	0.00333	0.00341
46	0.00671	0.00479	0.00661	0.00767	0.00843	0.00469	0.00621	0.00833	0.00989	0.01297	0.02469	0.34981	0.02792	0.01333	0.00616	0.00202	0.00363	0.48786	0.00424	0.00404
47	0.00586	0.00437	0.00626	0.00698	0.00744	0.00409	0.03557	0.00683	0.00893	0.01191	0.02464	0.77604	0.02930	0.01391	0.00586	0.00186	0.00292	0.03919	0.00418	0.00384
48	0.00635	0.00431	0.00510	0.00543	0.00551	0.00423	0.00323	0.00659	0.00732	0.00976	0.01775	0.27407	0.02083	0.58898	0.01806	0.00367	0.00391	0.00861	0.00323	0.00307
49	0.21644	0.00643	0.00703	0.00623	0.00791	0.00647	0.00453	0.01266	0.00886	0.23255	0.01407	0.04571	0.01305	0.36948	0.01245	0.00277	0.00403	0.02091	0.00367	0.00474
50	0.87108	0.00888	0.00675	0.00604	0.00888	0.01030	0.00497	0.01350	0.00781	0.02060	0.00639	0.00746	0.00497	0.00426	0.00284	0.00142	0.00355	0.00249	0.00284	0.00497
51	0.01738	0.01228	0.01310	0.01013	0.01366	0.03239	0.00833	0.67589	0.02015	0.09842	0.01172	0.01161	0.00824	0.00550	0.00453	0.00136	0.00491	0.00415	0.03863	0.00761
52	0.00682	0.00469	0.00592	0.00629	0.00715	0.00439	0.00446	0.00851	0.04516	0.05450	0.17205	0.48303	0.12775	0.02698	0.00593	0.00176	0.00269	0.02322	0.00447	0.00422
53	0.01963	0.00795	0.01057	0.00820	0.01164	0.00709	0.00674	0.04533	0.04783	0.72907	0.03242	0.01630	0.02342	0.00585	0.00464	0.00143	0.00388	0.00477	0.00557	0.00767
54	0.00867	0.00816	0.01377	0.82762	0.03162	0.01020	0.01275	0.01173	0.00918	0.01173	0.00816	0.01224	0.00612	0.00459	0.00459	0.00153	0.00612	0.00408	0.00204	0.00510
55	0.00553	0.00466	0.00480	0.00477	0.00627	0.00392	0.00357	0.00680	0.01072	0.01301	0.12388	0.04318	0.73040	0.01140	0.00542	0.00154	0.00231	0.00955	0.00434	0.00392
56	0.00668	0.00445	0.00501	0.00501	0.00501	0.00445	0.00278	0.00668	0.00668	0.00890	0.01447	0.03004	0.01669	0.83866	0.02337	0.00445	0.00445	0.00668	0.00278	0.00278
57	0.01142	0.00986	0.01038	0.00934	0.01194	0.01142	0.00727	0.02440	0.80172	0.01920	0.01869	0.01713	0.01401	0.00623	0.00467	0.00156	0.00363	0.00519	0.00467	0.00727
58	0.01728	0.01277	0.01368	0.01053	0.01417	0.01415	0.00868	0.77214	0.04445	0.02865	0.01125	0.01120	0.00799	0.00553	0.00459	0.00138	0.00501	0.00416	0.00459	0.00779
59	0.00590	0.00475	0.00509	0.00505	0.00651	0.00412	0.00378	0.00734	0.02187	0.02499	0.12987	0.07826	0.64145	0.01194	0.02695	0.00170	0.00263	0.00942	0.00433	0.00403
60	0.01071	0.01267	0.05793	0.01911	0.04431	0.01144	0.72908	0.01459	0.01082	0.01477	0.02212	0.01260	0.00752	0.00398	0.00535	0.00154	0.00755	0.00535	0.00235	0.00621
61	0.00921	0.02375	0.81487	0.01309	0.01987	0.01066	0.01696	0.01454	0.00969	0.01454	0.00824	0.00969	0.00582	0.00436	0.00436	0.00145	0.00678	0.00339	0.00194	0.00678
62	0.01142	0.00986	0.01038	0.00934	0.01194	0.01142	0.00727	0.02440	0.80172	0.01920	0.01869	0.01713	0.01401	0.00623	0.00467	0.00156	0.00363	0.00519	0.00467	0.00727
63	0.87108	0.00888	0.00675	0.00604	0.00888	0.01030	0.00497	0.01350	0.00781	0.02060	0.00639	0.00746	0.00497	0.00426	0.00284	0.00142	0.00355	0.00249	0.00284	0.00497
64	0.01227	0.84142	0.02406	0.00786	0.01178	0.01817	0.00786	0.01375	0.00933	0.01080	0.00638	0.00736	0.00589	0.00393	0.00295	0.00098	0.00491	0.00245	0.00196	0.00589
65	0.03764	0.00978	0.01102	0.03235	0.03943	0.06394	0.03889	0.19905	0.15488	0.08097	0.01562	0.05731	0.03704	0.09800	0.00683	0.00183	0.00465	0.07804	0.00394	0.02879
66	0.00808	0.00643	0.00715	0.00706	0.00872	0.01932	0.00561	0.04755	0.15576	0.02927	0.07093	0.08884	0.31884	0.01046	0.00546	0.00169	0.00329	0.19629	0.00438	0.00487
67	0.00710	0.00508	0.00636	0.00672	0.00797	0.00476	0.00542	0.02402	0.01088	0.04197	0.12162	0.15206	0.26870	0.01182	0.00579	0.00179	0.00319	0.30608	0.00440	0.00426
68	0.00549	0.00463	0.00475	0.00476	0.00625	0.00389	0.00355	0.00669	0.01055	0.01269	0.08526	0.06687	0.74580	0.01159	0.00544	0.00155	0.00233	0.00972	0.00430	0.00389
69	0.00717	0.00481	0.00585	0.00595	0.00711	0.00435	0.00435	0.00864	0.02456	0.08188	0.16203	0.30868	0.28460	0.03585	0.00604	0.00173	0.00270	0.03495	0.00448	0.00428
70	0.01039	0.00881	0.00956	0.00906	0.01124	0.02169	0.00721	0.02032	0.58341	0.01760	0.02032	0.04008	0.02826	0.00791	0.00508	0.00168	0.00380	0.18261	0.00452	0.00643
71	0.00658	0.00483	0.00692	0.00692	0.00758	0.00549	0.00516	0.00790	0.00724	0.01031	0.01272	0.02038	0.01249	0.19140	0.66489	0.00681	0.01077	0.00526	0.00252	0.00384
72	0.04273	0.00534	0.00596	0.00580	0.00722	0.00519	0.00441	0.03180	0.05519	0.05267	0.16228	0.13733	0.20786	0.00909	0.00478	0.00147	0.00265	0.04057	0.21310	0.00457
73	0.02958	0.00589	0.00718	0.00633	0.00816	0.00559	0.00490	0.05621	0.01190	0.23431	0.21257	0.10724	0.02115	0.02194	0.00484	0.00143	0.00291	0.00629	0.24622	0.00538
74	0.03501	0.01177	0.01295	0.01000	0.01359	0.01274	0.00824	0.61130	0.05479	0.16349	0.01249	0.01202	0.00864	0.00555	0.00456	0.00139	0.00476	0.00423	0.00475	0.00773
75	0.01333	0.01081	0.01146	0.00973	0.01267	0.01231	0.00773	0.26822	0.55479	0.02228	0.01626	0.01520	0.01205	0.00600	0.00465	0.00150	0.00408	0.00486	0.00465	0.00744
76	0.00947	0.00568	0.00687	0.00647	0.00778	0.00545	0.00464	0.05228	0.05060	0.15396	0.08304	0.24846	0.12264	0.21002	0.00965	0.00230	0.00341	0.00836	0.00425	0.00468
77	0.10822	0.00775	0.00973	0.00787	0.01094	0.00725	0.00640	0.04275	0.05107	0.56673	0.04504	0.07259	0.01347	0.00643	0.00458	0.00147	0.00375	0.02180	0.00515	0.00700
78	0.01715	0.02188	0.01301	0.01183	0.01419	0.82022	0.00887	0.01833	0.01301	0.01124	0.00710	0.00828	0.00591	0.00473	0.00414	0.00118	0.00828	0.00296	0.00237	0.00532
79	0.45674	0.00847	0.00867	0.00713	0.01027	0.00878	0.00587	0.04391	0.01063	0.36735	0.01197	0.02389	0.00825	0.00508	0.00372	0.00143	0.00374	0.00364	0.00417	0.00629
80	0.00782	0.00496	0.00613	0.00585	0.00725	0.00440	0.00438	0.00941	0.01155	0.11657	0.34951	0.16957	0.26437	0.01042	0.00539	0.00154	0.00252	0.00904	0.00477	0.00454
81	0.00546	0.00452	0.00479	0.00501	0.00629	0.00385	0.00365	0.00655	0.01012	0.01226	0.04218	0.20578	0.64935	0.01219	0.00551	0.00161	0.00239	0.01038	0.00426	0.00385
82	0.00940	0.00529	0.00699	0.00633	0.00787	0.00478	0.00483	0.01133	0.01255	0.18749	0.54582	0.11348	0.04720	0.00915	0.00529	0.00148	0.00259	0.00803	0.00509	0.00501
83	0.11807	0.00717	0.00840	0.00731	0.00946	0.00716	0.00565	0.11175	0.02150	0.27816	0.01648	0.15570	0.01474	0.12903	0.02344	0.00206	0.00398	0.03588	0.03835	0.00569
84	0.01084	0.01238	0.02709	0.01935	0.02399	0.01161	0.79334	0.01471	0.01084	0.01471	0.00929	0.01238	0.00697	0.00387	0.00542	0.00155	0.00774	0.00542	0.00232	0.00619
85	0.00601	0.00435	0.00560	0.00636	0.00692	0.00409	0.00454	0.00708	0.00939	0.01239	0.08669	0.50405	0.11421	0.08026	0.00727	0.00205	0.00297	0.12779	0.00420	0.00379
86	0.00589	0.00432	0.00520	0.00578	0.00638	0.00399	0.00395	0.00672	0.00893	0.01156	0.02846	0.43348	0.22368	0.16544	0.00897	0.00226	0.00299	0.05246	0.01593	0.00363
87	0.00695	0.00480	0.00703	0.00699	0.00763	0.00547	0.00528	0.00790	0.00719	0.01039	0.01165	0.01769	0.01102	0.06509	0.60097	0.15399	0.02472	0.00480	0.03673	0.00370
88	0.00656	0.00490	0.00728	0.00728	0.00807	0.00569	0.00562	0.00814	0.00735	0.01059	0.01238	0.01851	0.01169	0.06648	0.78869	0.00726	0.01198	0.00499	0.00247	0.00405
89	0.00918	0.00488	0.00726	0.04869	0.03217	0.00495	0.00504	0.02711	0.00714	0.06201	0.00875	0.01383	0.00808	0.01408	0.01565	0.71786	0.00416	0.00404	0.00231	0.00284
90	0.01619	0.02012	0.01357	0.01348	0.09960	0.69622	0.00939	0.01755	0.01251	0.01171	0.00726	0.00868	0.00608	0.00472	0.00444	0.00121	0.02820	0.00310	0.00235	0.02360
91	0.03084	0.00686	0.00959	0.03053	0.14445	0.00650	0.00680	0.03518	0.01219	0.15303	0.38674	0.06827	0.02610	0.00744	0.00494	0.00141	0.00333	0.00654	0.00437	0.05487
92	0.06538	0.30241	0.05509	0.01065	0.10892	0.01225	0.02239	0.05044	0.07939	0.07307	0.05728	0.01212	0.02237	0.00477	0.00383	0.00119	0.00448	0.00372	0.00300	0.10725
93	0.03712	0.06253	0.11177	0.01312	0.19714	0.00910	0.03671	0.03759	0.06575	0.09161	0.12743	0.01732	0.07647	0.00574	0.00450	0.00134	0.00440	0.00494	0.00339	0.09205
94	0.08977	0.05396	0.04673	0.01573	0.27636	0.02657	0.06243	0.06493	0.13549	0.07009	0.03678	0.03671	0.01006	0.00507	0.00439	0.00138	0.00481	0.00444	0.00322	0.05109
95	0.03883	0.02224	0.01501	0.06870	0.31163	0.03210	0.06518	0.11001	0.05869	0.09106	0.03483	0.02337	0.02307	0.00496	0.00450	0.00135	0.00498	0.00443	0.01561	0.06944
96	0.01270	0.01162	0.04423	0.03223	0.45254	0.07097	0.07232	0.04727	0.04658	0.10669	0.04099	0.01313	0.01815	0.00476	0.00464	0.00139	0.00546	0.00442	0.00299	0.00693
97	0.01194	0.04178	0.11930	0.04981	0.34923	0.06128	0.01147	0.06673	0.07006	0.07435	0.05423	0.01423	0.04505	0.00516	0.00454	0.00139	0.00522	0.00446	0.00303	0.00672
98	0.06067	0.06782	0.08341	0.01920	0.44471	0.03631	0.01142	0.05697	0.01103	0.04173	0.04589	0.01349	0.05226	0.00489	0.00437	0.00134	0.00506	0.00426	0.00274	0.03243

[dist]
# distance from previous block
# <min> <max>
0	28

# created by:
# /st0/software/busco_prod/Augustus/scripts/msa2prfl.pl ./align_prep/98341.fa
