[name]
unknown

[dist]
# distance from previous block
# <min> <max>
0	482

[block]
# block no. 0 follows, 46 sequences, length 89
# corresponding to MSA columns:
# 494-522,533-543,545-558,560-588,595-600
name=unknown_A
#
# <colnr> <probs for GDERKNQSTAVLIFYWHMCP>
#	G	D	E	R	K	N	Q	S	T	A	V	L	I	F	Y	W	H	M	C	P
0	0.01641	0.03629	0.07990	0.03278	0.07953	0.03605	0.04226	0.16073	0.10668	0.21011	0.05523	0.01742	0.01313	0.00651	0.00555	0.00163	0.02208	0.02849	0.00464	0.04458
1	0.05441	0.07226	0.07013	0.02708	0.02930	0.07271	0.03048	0.08220	0.21052	0.09439	0.06396	0.02109	0.12024	0.00739	0.00544	0.00166	0.01922	0.00593	0.00442	0.00715
2	0.04440	0.05229	0.02525	0.04737	0.07224	0.02428	0.00827	0.14049	0.09775	0.03889	0.07338	0.06406	0.11964	0.03196	0.03110	0.00191	0.02137	0.00642	0.01693	0.08200
3	0.07166	0.07903	0.01361	0.02558	0.05842	0.04418	0.00844	0.20344	0.10197	0.05147	0.04103	0.03133	0.05383	0.04781	0.02991	0.02330	0.04017	0.00533	0.01623	0.05325
4	0.01418	0.04851	0.05874	0.01468	0.15903	0.09088	0.01037	0.18624	0.08304	0.03331	0.08086	0.03865	0.02782	0.00695	0.00526	0.00158	0.00554	0.04766	0.02886	0.05784
5	0.01162	0.01093	0.01829	0.44426	0.35991	0.01223	0.01522	0.03619	0.01162	0.01571	0.00973	0.01361	0.00768	0.00507	0.00526	0.00167	0.00668	0.00471	0.00255	0.00705
6	0.00643	0.00465	0.00608	0.00723	0.00763	0.00430	0.00485	0.00738	0.01025	0.01355	0.03072	0.76162	0.08309	0.01636	0.00672	0.00212	0.00304	0.01478	0.00491	0.00430
7	0.54777	0.03683	0.20781	0.01056	0.05540	0.01228	0.00997	0.01621	0.02887	0.02124	0.00840	0.00976	0.00641	0.00497	0.00388	0.00163	0.00520	0.00331	0.00300	0.00650
8	0.01333	0.15639	0.08870	0.01526	0.15886	0.14258	0.03485	0.01708	0.08425	0.03086	0.04895	0.03920	0.01234	0.00759	0.03610	0.00181	0.02656	0.03586	0.00322	0.04620
9	0.00985	0.00493	0.00493	0.00493	0.00616	0.00493	0.00370	0.01232	0.01109	0.01971	0.01725	0.01971	0.01355	0.00616	0.00370	0.00123	0.00246	0.00493	0.84356	0.00493
10	0.01060	0.02735	0.78682	0.01507	0.02288	0.01228	0.01953	0.01674	0.01116	0.01674	0.00949	0.01116	0.00670	0.00502	0.00502	0.00167	0.00781	0.00391	0.00223	0.00781
11	0.00812	0.00554	0.00727	0.00676	0.00812	0.00510	0.00510	0.01059	0.01497	0.05107	0.74881	0.03865	0.04844	0.01064	0.00620	0.00166	0.00257	0.00939	0.00585	0.00514
12	0.00985	0.00493	0.00493	0.00493	0.00616	0.00493	0.00370	0.01232	0.01109	0.01971	0.01725	0.01971	0.01355	0.00616	0.00370	0.00123	0.00246	0.00493	0.84356	0.00493
13	0.25906	0.06108	0.01356	0.01014	0.01392	0.09374	0.04881	0.09198	0.04346	0.29456	0.01352	0.01318	0.00938	0.00573	0.00460	0.00159	0.00534	0.00428	0.00457	0.00749
14	0.09754	0.05374	0.02426	0.03303	0.02450	0.04593	0.02046	0.06586	0.07302	0.32241	0.13053	0.01991	0.03289	0.02565	0.00566	0.00170	0.00471	0.00565	0.00512	0.00740
15	0.01529	0.03013	0.03779	0.06722	0.12906	0.25999	0.04176	0.03753	0.10110	0.08553	0.09399	0.01668	0.02945	0.00640	0.00552	0.00158	0.02514	0.00515	0.00373	0.00697
16	0.01468	0.08193	0.17468	0.03241	0.26581	0.10345	0.04637	0.06003	0.01312	0.10209	0.01170	0.03350	0.00939	0.00565	0.00513	0.00159	0.00671	0.02086	0.00321	0.00770
17	0.02357	0.00923	0.01241	0.00952	0.01361	0.00812	0.00786	0.05531	0.01552	0.75479	0.02053	0.01778	0.01292	0.00654	0.00532	0.00163	0.00455	0.00529	0.00649	0.00900
18	0.01196	0.01138	0.01924	0.10056	0.55757	0.01160	0.04986	0.01495	0.01182	0.01662	0.02585	0.03048	0.06526	0.00583	0.00567	0.00164	0.02601	0.00551	0.02067	0.00753
19	0.00755	0.00566	0.00850	0.00850	0.00944	0.00661	0.00661	0.00944	0.00850	0.01227	0.01416	0.02077	0.01322	0.03965	0.79326	0.00850	0.01416	0.00566	0.00283	0.00472
20	0.01422	0.01105	0.01183	0.01039	0.01344	0.01250	0.00815	0.08840	0.60697	0.07400	0.02045	0.01902	0.01516	0.00699	0.00525	0.00173	0.00423	0.00576	0.06223	0.00823
21	0.00985	0.00493	0.00493	0.00493	0.00616	0.00493	0.00370	0.01232	0.01109	0.01971	0.01725	0.01971	0.01355	0.00616	0.00370	0.00123	0.00246	0.00493	0.84356	0.00493
22	0.01096	0.00940	0.01096	0.00783	0.01253	0.00705	0.00626	0.01331	0.01096	0.01723	0.00940	0.01096	0.00783	0.00392	0.00392	0.00078	0.00392	0.00313	0.00313	0.84653
23	0.01203	0.01148	0.01955	0.29505	0.52691	0.01228	0.01570	0.01530	0.01154	0.01599	0.00976	0.01343	0.00792	0.00491	0.00525	0.00164	0.00654	0.00471	0.00253	0.00752
24	0.00985	0.00493	0.00493	0.00493	0.00616	0.00493	0.00370	0.01232	0.01109	0.01971	0.01725	0.01971	0.01355	0.00616	0.00370	0.00123	0.00246	0.00493	0.84356	0.00493
25	0.01074	0.05825	0.75713	0.01483	0.02252	0.01262	0.01912	0.01671	0.01114	0.01657	0.00940	0.01106	0.00670	0.00500	0.00496	0.00165	0.00773	0.00386	0.00223	0.00777
26	0.00734	0.00532	0.00692	0.00668	0.00785	0.00490	0.00495	0.00964	0.01439	0.02022	0.68209	0.11728	0.06961	0.01146	0.00629	0.00171	0.00256	0.01016	0.00570	0.00490
27	0.01196	0.01142	0.01943	0.31053	0.51191	0.01227	0.01567	0.01524	0.01151	0.01591	0.00975	0.01345	0.00789	0.00492	0.00525	0.00164	0.00656	0.00471	0.00252	0.00747
28	0.01315	0.01136	0.01195	0.01076	0.01375	0.01315	0.00837	0.02809	0.77168	0.02211	0.02152	0.01972	0.01614	0.00717	0.00538	0.00179	0.00418	0.00598	0.00538	0.00837
29	0.00985	0.00493	0.00493	0.00493	0.00616	0.00493	0.00370	0.01232	0.01109	0.01971	0.01725	0.01971	0.01355	0.00616	0.00370	0.00123	0.00246	0.00493	0.84356	0.00493
30	0.03772	0.00981	0.01036	0.02320	0.01166	0.01065	0.00695	0.36645	0.01751	0.02612	0.01468	0.01599	0.01107	0.00620	0.00446	0.00142	0.00417	0.00479	0.40992	0.00688
31	0.00655	0.00478	0.00619	0.00721	0.00775	0.00441	0.00496	0.00765	0.01063	0.01403	0.06682	0.66537	0.11364	0.01588	0.00669	0.00210	0.00307	0.04294	0.00495	0.00437
32	0.02718	0.07431	0.06147	0.05926	0.12040	0.09238	0.08622	0.05288	0.13142	0.12870	0.02735	0.01520	0.02679	0.00575	0.00509	0.00155	0.00601	0.00491	0.00384	0.06928
33	0.00985	0.00493	0.00493	0.00493	0.00616	0.00493	0.00370	0.01232	0.01109	0.01971	0.01725	0.01971	0.01355	0.00616	0.00370	0.00123	0.00246	0.00493	0.84356	0.00493
34	0.01088	0.00825	0.00911	0.00811	0.01005	0.04862	0.00623	0.15016	0.01620	0.04950	0.45826	0.09743	0.08567	0.01020	0.00599	0.00168	0.00361	0.00876	0.00545	0.00584
35	0.01626	0.03244	0.01811	0.14689	0.14058	0.40290	0.09101	0.06072	0.01402	0.01528	0.00916	0.01150	0.00734	0.00524	0.00509	0.00151	0.00827	0.00419	0.00278	0.00672
36	0.00642	0.00541	0.00573	0.02241	0.00784	0.00465	0.00435	0.00787	0.01214	0.01472	0.10224	0.07973	0.68201	0.01316	0.00625	0.00179	0.00277	0.01106	0.00492	0.00452
37	0.01157	0.01157	0.01619	0.01388	0.01388	0.01619	0.01157	0.01272	0.00810	0.01272	0.00694	0.01157	0.00694	0.00925	0.01735	0.00231	0.80453	0.00463	0.00231	0.00578
38	0.01308	0.01256	0.02146	0.03245	0.78123	0.01256	0.01622	0.01622	0.01204	0.01727	0.00994	0.01308	0.00837	0.00471	0.00523	0.00157	0.00628	0.00471	0.00262	0.00837
39	0.01260	0.01220	0.05670	0.10680	0.48577	0.01173	0.04442	0.01671	0.07199	0.05043	0.01267	0.07155	0.01088	0.00591	0.00539	0.00167	0.00607	0.00560	0.00313	0.00777
40	0.01065	0.02699	0.76614	0.01527	0.02301	0.01231	0.03985	0.01675	0.01120	0.01675	0.00952	0.01125	0.00673	0.00501	0.00506	0.00168	0.00784	0.00397	0.00224	0.00779
41	0.00647	0.00464	0.00614	0.00729	0.00766	0.00432	0.00489	0.00744	0.01031	0.01374	0.05180	0.77039	0.05267	0.01632	0.00672	0.00212	0.00304	0.01478	0.00493	0.00432
42	0.03375	0.20136	0.39497	0.01403	0.07727	0.08538	0.01444	0.01654	0.01166	0.03328	0.04316	0.03191	0.00957	0.00550	0.00471	0.00152	0.00685	0.00421	0.00266	0.00723
43	0.00985	0.00493	0.00493	0.00493	0.00616	0.00493	0.00370	0.01232	0.01109	0.01971	0.01725	0.01971	0.01355	0.00616	0.00370	0.00123	0.00246	0.00493	0.84356	0.00493
44	0.01594	0.55139	0.02352	0.01034	0.01446	0.16626	0.00938	0.11245	0.02631	0.01536	0.00843	0.00941	0.00723	0.00498	0.00393	0.00124	0.00638	0.00324	0.00279	0.00697
45	0.85155	0.01022	0.00777	0.00695	0.01022	0.01186	0.00573	0.01554	0.00900	0.02372	0.00736	0.00859	0.00573	0.00491	0.00327	0.00164	0.00409	0.00286	0.00327	0.00573
46	0.00830	0.03118	0.03443	0.00944	0.06290	0.00695	0.05876	0.04415	0.01273	0.01623	0.11788	0.11075	0.44367	0.01135	0.00606	0.00176	0.00377	0.00980	0.00455	0.00534
47	0.00998	0.00940	0.01586	0.80150	0.03641	0.01175	0.01468	0.01351	0.01057	0.01351	0.00940	0.01409	0.00705	0.00529	0.00529	0.00176	0.00705	0.00470	0.00235	0.00587
48	0.01487	0.71506	0.02608	0.00960	0.01393	0.10269	0.00919	0.03345	0.01151	0.01297	0.00756	0.00869	0.00684	0.00466	0.00358	0.00117	0.00607	0.00293	0.00238	0.00677
49	0.01166	0.01115	0.01904	0.37024	0.42005	0.01212	0.03394	0.01499	0.01138	0.01561	0.00971	0.01352	0.00777	0.00494	0.00526	0.00164	0.00664	0.00471	0.00251	0.02312
50	0.01233	0.01020	0.01094	0.00989	0.01263	0.01148	0.00767	0.02455	0.61345	0.04378	0.08845	0.03697	0.07838	0.00810	0.00554	0.00178	0.00391	0.00681	0.00541	0.00773
51	0.03730	0.01192	0.02010	0.06613	0.63271	0.01201	0.04410	0.01589	0.01174	0.03629	0.01051	0.01432	0.00892	0.04812	0.00638	0.00178	0.00625	0.00489	0.00276	0.00787
52	0.00765	0.00529	0.00659	0.00659	0.00688	0.00557	0.00424	0.00822	0.00793	0.01086	0.01590	0.03040	0.01740	0.57935	0.25928	0.00615	0.00786	0.00707	0.00309	0.00366
53	0.00727	0.00600	0.00745	0.00846	0.08134	0.00538	0.00553	0.00909	0.01276	0.01653	0.25888	0.09778	0.44027	0.01203	0.00618	0.00175	0.00300	0.01035	0.00496	0.00498
54	0.01155	0.00976	0.01242	0.11859	0.01644	0.00840	0.02824	0.03832	0.03799	0.03652	0.01024	0.01202	0.00818	0.00438	0.00430	0.00103	0.00457	0.00364	0.00324	0.63015
55	0.00739	0.00551	0.00755	0.00905	0.04705	0.00525	0.00639	0.00898	0.01127	0.01494	0.08479	0.45590	0.08811	0.01479	0.00675	0.00213	0.00364	0.21093	0.00485	0.00472
56	0.01616	0.06119	0.01763	0.05826	0.24360	0.22164	0.02544	0.13298	0.02875	0.06181	0.04050	0.01326	0.00986	0.00575	0.00559	0.00155	0.04067	0.00453	0.00341	0.00742
57	0.01436	0.09878	0.09262	0.02134	0.30899	0.01412	0.13757	0.17235	0.02568	0.03163	0.01103	0.02782	0.00881	0.00531	0.00523	0.00159	0.00658	0.00493	0.00325	0.00801
58	0.00789	0.00536	0.00644	0.00674	0.00704	0.00536	0.00451	0.00849	0.00879	0.01162	0.01945	0.04076	0.02198	0.61732	0.02208	0.00446	0.00506	0.18940	0.00361	0.00361
59	0.01406	0.01222	0.01231	0.01095	0.01401	0.05530	0.00854	0.06301	0.67889	0.03833	0.02036	0.01880	0.01523	0.00703	0.00534	0.00176	0.00456	0.00577	0.00526	0.00829
60	0.01629	0.40950	0.02179	0.01303	0.09866	0.19827	0.01012	0.08743	0.03584	0.05070	0.00936	0.01039	0.00773	0.00510	0.00424	0.00132	0.00654	0.00355	0.00298	0.00716
61	0.00764	0.00571	0.00766	0.06122	0.01060	0.00578	0.00641	0.02592	0.04883	0.01472	0.02690	0.58330	0.03088	0.01481	0.00664	0.00214	0.00373	0.12756	0.00476	0.00480
62	0.01358	0.70557	0.07721	0.00939	0.01395	0.01942	0.00955	0.01599	0.03311	0.01339	0.04154	0.01034	0.00893	0.00491	0.00368	0.00121	0.00562	0.00328	0.00251	0.00682
63	0.00685	0.00478	0.00611	0.00695	0.00736	0.00455	0.00462	0.00780	0.01000	0.01357	0.05730	0.57774	0.05675	0.13815	0.03286	0.00272	0.00365	0.01284	0.04120	0.00420
64	0.00955	0.00782	0.04332	0.00963	0.01131	0.00717	0.04077	0.10712	0.01275	0.03296	0.02456	0.41879	0.02713	0.01402	0.02378	0.00224	0.00460	0.19233	0.00472	0.00543
65	0.02004	0.01653	0.01572	0.01241	0.01639	0.14537	0.01008	0.64029	0.02322	0.02993	0.01194	0.01217	0.00863	0.00620	0.00520	0.00155	0.00643	0.00453	0.00486	0.00852
66	0.01413	0.81739	0.02770	0.00905	0.01357	0.02092	0.00905	0.01583	0.01074	0.01244	0.00735	0.00848	0.00678	0.00452	0.00339	0.00113	0.00565	0.00283	0.00226	0.00678
67	0.00751	0.00565	0.00840	0.00840	0.00937	0.00654	0.00653	0.00938	0.00861	0.01234	0.01541	0.02172	0.03751	0.03882	0.76830	0.00828	0.01380	0.00584	0.00290	0.00471
68	0.00979	0.00875	0.01336	0.55921	0.02800	0.03316	0.01197	0.01284	0.01048	0.01394	0.01205	0.01651	0.02963	0.01074	0.12311	0.00271	0.00761	0.00500	0.08556	0.00558
69	0.00692	0.00482	0.00609	0.00691	0.00714	0.00462	0.00446	0.00758	0.00938	0.01250	0.02499	0.53104	0.02963	0.27948	0.01341	0.00314	0.00380	0.03578	0.00434	0.00395
70	0.00643	0.00463	0.00610	0.00728	0.00765	0.00430	0.00487	0.00737	0.01020	0.01353	0.03012	0.78033	0.06477	0.01644	0.00673	0.00213	0.00305	0.01487	0.00491	0.00430
71	0.01069	0.02677	0.75386	0.01538	0.02309	0.01233	0.05192	0.01675	0.01122	0.01675	0.00954	0.01130	0.00675	0.00500	0.00508	0.00168	0.00786	0.00401	0.00225	0.00778
72	0.03284	0.13725	0.52361	0.01472	0.02142	0.02576	0.10586	0.04925	0.01186	0.01699	0.00939	0.01113	0.00695	0.00495	0.00490	0.00160	0.00748	0.00403	0.00246	0.00756
73	0.00922	0.00591	0.00655	0.00626	0.00791	0.00561	0.00471	0.01220	0.07396	0.06488	0.17234	0.06841	0.25569	0.02992	0.00590	0.00169	0.00289	0.00833	0.25236	0.00525
74	0.26455	0.01206	0.01156	0.00989	0.01326	0.04954	0.00791	0.15063	0.31386	0.09164	0.01511	0.01457	0.01110	0.00622	0.00470	0.00168	0.00472	0.00466	0.00472	0.00764
75	0.01034	0.04482	0.01669	0.72344	0.07755	0.01219	0.01452	0.01376	0.01066	0.01367	0.00934	0.01379	0.00711	0.00522	0.00520	0.00172	0.00694	0.00462	0.00236	0.00605
76	0.01356	0.01022	0.01144	0.04414	0.01296	0.03050	0.00770	0.27114	0.10744	0.04188	0.03767	0.03723	0.01437	0.18440	0.10472	0.00323	0.02652	0.00598	0.02836	0.00654
77	0.00864	0.00582	0.00738	0.00692	0.00838	0.00542	0.00518	0.01134	0.04455	0.07109	0.57168	0.08776	0.10298	0.03109	0.00669	0.00179	0.00281	0.00957	0.00565	0.00526
78	0.01205	0.28881	0.32730	0.01389	0.06609	0.01494	0.06170	0.03098	0.01109	0.01511	0.00919	0.01139	0.00748	0.00764	0.06119	0.01680	0.03092	0.00392	0.00240	0.00711
79	0.09480	0.12144	0.03720	0.03761	0.13075	0.06875	0.09931	0.06160	0.12955	0.11373	0.03177	0.01415	0.01050	0.00568	0.00516	0.00159	0.02040	0.00474	0.00377	0.00749
80	0.00948	0.00757	0.01061	0.18835	0.07663	0.00810	0.00854	0.08209	0.01224	0.01648	0.07201	0.22815	0.09182	0.04572	0.04308	0.00228	0.00506	0.04316	0.04313	0.00551
81	0.01311	0.01224	0.02195	0.08659	0.50466	0.01224	0.15984	0.01643	0.01220	0.05727	0.03260	0.01438	0.00962	0.00504	0.00565	0.00164	0.01863	0.00518	0.00290	0.00784
82	0.01208	0.01163	0.01721	0.36040	0.26931	0.06678	0.02918	0.04623	0.01212	0.01607	0.04744	0.01468	0.00981	0.00559	0.00574	0.00167	0.03856	0.00489	0.02383	0.00678
83	0.04019	0.47400	0.05581	0.01123	0.03250	0.21949	0.00996	0.03946	0.02711	0.01401	0.00814	0.00941	0.00705	0.00503	0.00433	0.00130	0.02845	0.00324	0.00257	0.00673
84	0.01208	0.02648	0.09379	0.04905	0.09712	0.03271	0.07000	0.04752	0.02758	0.04151	0.01148	0.03417	0.00977	0.03978	0.00570	0.00145	0.00546	0.02134	0.00322	0.36978
85	0.07294	0.01140	0.08908	0.09518	0.09752	0.01053	0.03050	0.14777	0.05969	0.05033	0.02938	0.12512	0.05561	0.05068	0.03149	0.00212	0.00556	0.00666	0.02175	0.00669
86	0.01272	0.01175	0.01927	0.09475	0.56268	0.01201	0.03153	0.06996	0.01306	0.01829	0.06297	0.01652	0.02610	0.00563	0.00539	0.00162	0.00602	0.01882	0.00309	0.00781
87	0.01165	0.01130	0.01745	0.31524	0.34159	0.04865	0.01407	0.01450	0.01103	0.01486	0.01019	0.03387	0.00879	0.03038	0.02666	0.00199	0.07341	0.00501	0.00258	0.00677
88	0.03410	0.00756	0.00888	0.07831	0.02868	0.05981	0.00654	0.02928	0.00972	0.01349	0.03326	0.04627	0.01501	0.25058	0.27752	0.02452	0.00834	0.00618	0.05728	0.00465

[dist]
# distance from previous block
# <min> <max>
1	12

[block]
# block no. 1 follows, 46 sequences, length 34
# corresponding to MSA columns:
# 615-618,620-626,629-651
name=unknown_B
#
# <colnr> <probs for GDERKNQSTAVLIFYWHMCP>
#	G	D	E	R	K	N	Q	S	T	A	V	L	I	F	Y	W	H	M	C	P
0	0.01425	0.14713	0.05868	0.06615	0.03243	0.29461	0.00972	0.02780	0.03506	0.02554	0.04207	0.06120	0.03624	0.04374	0.02506	0.00183	0.03921	0.00504	0.00311	0.03113
1	0.00653	0.00470	0.00618	0.00726	0.00764	0.00443	0.00487	0.00747	0.01003	0.01334	0.02899	0.71520	0.06343	0.05092	0.03971	0.00252	0.00359	0.01418	0.00475	0.00427
2	0.01239	0.01144	0.01164	0.00877	0.01316	0.09414	0.00694	0.04506	0.04395	0.01761	0.00990	0.01124	0.00811	0.00432	0.00413	0.00092	0.00462	0.00335	0.00327	0.68504
3	0.08091	0.00791	0.01023	0.02865	0.04349	0.00818	0.03206	0.01205	0.04645	0.01729	0.19347	0.07702	0.13163	0.02492	0.03433	0.00202	0.09145	0.04767	0.00417	0.10612
4	0.04719	0.01131	0.01494	0.03654	0.09826	0.04313	0.01072	0.01400	0.03246	0.03029	0.00988	0.01361	0.02532	0.02123	0.05159	0.00233	0.45464	0.00469	0.00275	0.07511
5	0.00729	0.00578	0.00900	0.00897	0.00984	0.00544	0.09027	0.00857	0.01023	0.01366	0.02590	0.62976	0.03038	0.08713	0.00853	0.00238	0.00396	0.03389	0.00450	0.00453
6	0.00998	0.00894	0.01121	0.01123	0.05388	0.05739	0.00829	0.01138	0.00978	0.02584	0.01781	0.10316	0.07931	0.10793	0.14820	0.00355	0.24963	0.07399	0.00333	0.00518
7	0.01204	0.01127	0.01875	0.36878	0.42021	0.01238	0.01527	0.04865	0.01197	0.01634	0.00983	0.01351	0.00782	0.00504	0.00526	0.00165	0.00660	0.00471	0.00262	0.00730
8	0.00684	0.00510	0.00733	0.00814	0.00872	0.00479	0.03610	0.00801	0.01037	0.01380	0.02830	0.72416	0.03354	0.01593	0.00677	0.00215	0.00344	0.06725	0.00481	0.00445
9	0.04887	0.01072	0.01847	0.49510	0.21759	0.01212	0.09276	0.01463	0.01106	0.01525	0.00958	0.01362	0.00742	0.00504	0.00528	0.00171	0.00692	0.00478	0.00249	0.00661
10	0.03852	0.01200	0.01556	0.04045	0.15799	0.11242	0.11444	0.03543	0.08968	0.08592	0.04640	0.03593	0.03156	0.00715	0.00550	0.00170	0.00592	0.09168	0.06487	0.00687
11	0.05166	0.01045	0.05723	0.01045	0.01474	0.00864	0.06045	0.03996	0.01461	0.61823	0.01993	0.01798	0.03751	0.00648	0.00532	0.00165	0.00495	0.00539	0.00583	0.00853
12	0.02252	0.00910	0.01214	0.00943	0.01334	0.00809	0.00774	0.05813	0.02802	0.69899	0.04317	0.03564	0.01452	0.00689	0.00537	0.00165	0.00446	0.00564	0.00641	0.00876
13	0.01073	0.03644	0.01391	0.13391	0.10820	0.00974	0.07478	0.04002	0.04435	0.03743	0.01417	0.08662	0.01356	0.14579	0.08217	0.05609	0.04631	0.01863	0.02148	0.00568
14	0.01413	0.08618	0.06556	0.12100	0.23491	0.10451	0.09405	0.09622	0.02900	0.03482	0.01039	0.01282	0.00821	0.00589	0.01942	0.00171	0.03071	0.00457	0.01855	0.00735
15	0.01087	0.01008	0.01664	0.65833	0.14023	0.01207	0.01469	0.04720	0.01141	0.01492	0.00962	0.01389	0.00732	0.00525	0.00528	0.00173	0.00688	0.00470	0.00252	0.00636
16	0.29116	0.01350	0.01483	0.15083	0.18730	0.15138	0.04083	0.01648	0.02368	0.01786	0.00877	0.01123	0.00705	0.00523	0.00506	0.00163	0.03990	0.00394	0.00284	0.00651
17	0.00859	0.00712	0.00759	0.00716	0.00920	0.00713	0.00546	0.01416	0.23642	0.01793	0.16978	0.03894	0.40807	0.01093	0.00593	0.00175	0.00308	0.00920	0.02585	0.00572
18	0.01349	0.01355	0.03186	0.15254	0.06367	0.16685	0.10588	0.05551	0.12787	0.04908	0.10634	0.03746	0.03918	0.00676	0.00549	0.00166	0.00637	0.00588	0.00382	0.00674
19	0.00647	0.00464	0.00610	0.00725	0.00760	0.00432	0.00483	0.00738	0.01012	0.01343	0.02963	0.76279	0.06010	0.03891	0.00730	0.00222	0.00311	0.01469	0.00486	0.00427
20	0.01149	0.01318	0.11064	0.08544	0.25445	0.01177	0.19050	0.03250	0.01155	0.01630	0.01183	0.07651	0.01043	0.00845	0.06084	0.00222	0.06010	0.00585	0.01894	0.00701
21	0.00754	0.00517	0.00608	0.00614	0.00635	0.00522	0.00372	0.00786	0.00811	0.01084	0.01876	0.07567	0.05460	0.64632	0.11168	0.00519	0.00592	0.00802	0.00333	0.00349
22	0.00712	0.00531	0.00743	0.00826	0.00905	0.00502	0.02862	0.00855	0.01083	0.01423	0.02999	0.54880	0.08449	0.01549	0.00683	0.00218	0.00366	0.19477	0.00483	0.00453
23	0.03937	0.00981	0.01038	0.00819	0.01192	0.06137	0.00635	0.01392	0.03750	0.04447	0.01361	0.10361	0.03055	0.02868	0.00508	0.00122	0.00425	0.00499	0.00356	0.56118
24	0.01193	0.01220	0.04375	0.12808	0.02241	0.01201	0.31019	0.06700	0.04317	0.01711	0.01122	0.01532	0.00910	0.02356	0.03880	0.00202	0.07698	0.02308	0.00301	0.12908
25	0.01546	0.01741	0.01439	0.01358	0.06110	0.37954	0.01002	0.06539	0.03943	0.01508	0.03397	0.01568	0.07651	0.02159	0.00839	0.00174	0.19645	0.00487	0.00316	0.00622
26	0.00760	0.00509	0.00579	0.00588	0.00590	0.00507	0.00332	0.00767	0.00786	0.01047	0.01752	0.08827	0.02031	0.75905	0.02551	0.00492	0.00498	0.00820	0.00332	0.00328
27	0.01669	0.01280	0.03160	0.01275	0.07551	0.02769	0.00965	0.33458	0.22915	0.10027	0.07941	0.01733	0.01464	0.00679	0.00538	0.00165	0.00511	0.00550	0.00515	0.00836
28	0.01070	0.01012	0.01714	0.62492	0.20743	0.01193	0.01504	0.01413	0.01091	0.01437	0.00952	0.01386	0.00735	0.00515	0.00527	0.00172	0.00687	0.00470	0.00241	0.00645
29	0.01201	0.01099	0.01591	0.22634	0.02004	0.01462	0.01218	0.04210	0.00972	0.04846	0.00845	0.01258	0.00732	0.00795	0.01309	0.00211	0.52276	0.00468	0.00263	0.00607
30	0.01292	0.01207	0.02050	0.07865	0.59612	0.01213	0.06732	0.03945	0.01245	0.03455	0.01271	0.01543	0.05113	0.00530	0.00537	0.00161	0.00626	0.00519	0.00290	0.00794
31	0.01358	0.01921	0.29310	0.08757	0.05580	0.18238	0.03861	0.02870	0.02497	0.07923	0.06225	0.03047	0.02400	0.00632	0.00528	0.00164	0.00711	0.02952	0.00325	0.00699
32	0.01975	0.02520	0.01498	0.01362	0.01634	0.79299	0.01021	0.02111	0.01498	0.01294	0.00817	0.00953	0.00681	0.00545	0.00477	0.00136	0.00953	0.00340	0.00272	0.00613
33	0.04221	0.01186	0.01286	0.06560	0.01572	0.01365	0.00905	0.17177	0.54632	0.02378	0.01847	0.01758	0.01375	0.00680	0.00528	0.00174	0.00470	0.00554	0.00508	0.00823

[dist]
# distance from previous block
# <min> <max>
2	6

[block]
# block no. 2 follows, 46 sequences, length 18
# corresponding to MSA columns:
# 658-675
name=unknown_C
#
# <colnr> <probs for GDERKNQSTAVLIFYWHMCP>
#	G	D	E	R	K	N	Q	S	T	A	V	L	I	F	Y	W	H	M	C	P
0	0.05476	0.00704	0.00924	0.00879	0.02645	0.03849	0.04257	0.01030	0.01932	0.04575	0.01337	0.04477	0.03550	0.13217	0.09684	0.37737	0.02467	0.00568	0.00297	0.00398
1	0.01327	0.01307	0.05222	0.08792	0.56910	0.02745	0.04803	0.03623	0.01236	0.04094	0.01027	0.01312	0.00830	0.00484	0.00521	0.00156	0.00642	0.00467	0.00280	0.04222
2	0.03964	0.01199	0.07344	0.03734	0.07640	0.01176	0.04831	0.07160	0.37432	0.06098	0.01863	0.10490	0.01550	0.00765	0.00550	0.00179	0.00498	0.02299	0.00461	0.00765
3	0.07943	0.09962	0.04467	0.14307	0.09862	0.27646	0.10063	0.02710	0.01251	0.01534	0.00907	0.01148	0.00731	0.00518	0.00504	0.00152	0.02295	0.00409	0.02937	0.00652
4	0.01028	0.02300	0.16927	0.13789	0.10584	0.01033	0.01152	0.03262	0.12541	0.01725	0.10313	0.08145	0.10917	0.00803	0.00592	0.00175	0.02993	0.00681	0.00376	0.00662
5	0.00645	0.00513	0.00567	0.00600	0.00723	0.00448	0.00425	0.00763	0.01133	0.01407	0.07375	0.26207	0.48986	0.06812	0.00778	0.00211	0.00294	0.01194	0.00483	0.00435
6	0.00975	0.00865	0.03232	0.00875	0.00962	0.06157	0.00656	0.05127	0.00956	0.01281	0.01419	0.06187	0.01495	0.35038	0.19212	0.02531	0.11610	0.00653	0.00311	0.00458
7	0.00911	0.00462	0.00683	0.00683	0.00683	0.00462	0.00452	0.00693	0.00693	0.00923	0.00955	0.01698	0.00967	0.05732	0.02097	0.80502	0.00462	0.00474	0.00234	0.00234
8	0.01072	0.00986	0.01566	0.47532	0.08960	0.01204	0.03614	0.01438	0.05080	0.01481	0.01044	0.01442	0.00823	0.00602	0.00710	0.00179	0.13375	0.00482	0.07796	0.00615
9	0.00661	0.00524	0.00595	0.00604	0.00743	0.00458	0.00443	0.00819	0.01251	0.01601	0.24446	0.17521	0.45817	0.01323	0.00633	0.00181	0.00269	0.01138	0.00515	0.00458
10	0.01148	0.17093	0.56685	0.01522	0.05812	0.01394	0.06027	0.01656	0.01120	0.01599	0.00919	0.01094	0.00687	0.00488	0.00480	0.00158	0.00741	0.00388	0.00228	0.00761
11	0.00879	0.00464	0.00673	0.00683	0.00693	0.00458	0.00455	0.00698	0.00740	0.00978	0.01295	0.08239	0.04534	0.03987	0.01907	0.71774	0.00440	0.00581	0.00265	0.00258
12	0.00680	0.00528	0.00601	0.00616	0.00756	0.00466	0.00459	0.00844	0.01240	0.01600	0.21182	0.15844	0.43922	0.01308	0.00629	0.00183	0.00280	0.05013	0.03389	0.00459
13	0.00769	0.00513	0.00577	0.00577	0.00577	0.00513	0.00320	0.00769	0.00769	0.01025	0.01666	0.03460	0.01922	0.81421	0.02691	0.00513	0.00513	0.00769	0.00320	0.00320
14	0.01043	0.00794	0.00964	0.00771	0.01093	0.00662	0.00603	0.02782	0.02727	0.05737	0.23714	0.06275	0.02228	0.00834	0.03762	0.00151	0.00395	0.00595	0.00426	0.44443
15	0.01587	0.04901	0.02098	0.01626	0.01962	0.36900	0.26534	0.04125	0.01337	0.01489	0.00936	0.02567	0.00780	0.00575	0.00676	0.00163	0.10341	0.00474	0.00276	0.00651
16	0.01925	0.00847	0.01106	0.00878	0.01226	0.00757	0.00712	0.04465	0.04097	0.54013	0.13373	0.02216	0.04859	0.00735	0.00539	0.00161	0.00408	0.00609	0.03113	0.03962
17	0.13812	0.21577	0.29318	0.01142	0.01647	0.07989	0.02208	0.01648	0.01106	0.03782	0.00911	0.01059	0.00713	0.00512	0.00473	0.00148	0.03641	0.00355	0.03953	0.04005

[dist]
# distance from previous block
# <min> <max>
4	15

[block]
# block no. 3 follows, 46 sequences, length 21
# corresponding to MSA columns:
# 696-704,715-726
name=unknown_D
#
# <colnr> <probs for GDERKNQSTAVLIFYWHMCP>
#	G	D	E	R	K	N	Q	S	T	A	V	L	I	F	Y	W	H	M	C	P
0	0.05292	0.36702	0.07219	0.00972	0.01349	0.06975	0.00904	0.04505	0.13046	0.01629	0.04475	0.01835	0.07383	0.00669	0.00455	0.00148	0.00537	0.04889	0.00345	0.00672
1	0.01220	0.08528	0.30948	0.08816	0.18357	0.04806	0.05330	0.01653	0.03035	0.03354	0.03051	0.01283	0.00875	0.00527	0.00541	0.00160	0.03231	0.00439	0.00268	0.03580
2	0.01191	0.01194	0.04439	0.40821	0.30555	0.04604	0.01494	0.01515	0.01130	0.03045	0.00967	0.01339	0.00763	0.00528	0.00578	0.00169	0.04259	0.00463	0.00254	0.00692
3	0.01176	0.00770	0.00817	0.00740	0.00931	0.05819	0.00567	0.04327	0.05579	0.11923	0.28551	0.05686	0.06084	0.00857	0.00525	0.00155	0.00346	0.00721	0.23841	0.00586
4	0.02622	0.09897	0.01181	0.04041	0.01216	0.08066	0.02934	0.03659	0.01170	0.05317	0.01893	0.29613	0.04682	0.00941	0.00523	0.00158	0.00454	0.00807	0.06411	0.14415
5	0.01126	0.17468	0.64525	0.01394	0.02114	0.01389	0.01758	0.01657	0.01108	0.01594	0.00909	0.01066	0.00671	0.00493	0.00472	0.00157	0.00741	0.00371	0.00224	0.00762
6	0.01494	0.11329	0.12583	0.01235	0.01642	0.14529	0.05142	0.15823	0.21925	0.01993	0.01477	0.01505	0.04324	0.00627	0.00527	0.00159	0.02058	0.00486	0.00387	0.00756
7	0.01185	0.06893	0.19780	0.01330	0.09467	0.01089	0.03655	0.07735	0.10447	0.05172	0.07149	0.13356	0.01730	0.00803	0.00546	0.00173	0.00536	0.04703	0.03549	0.00701
8	0.01145	0.01061	0.01671	0.31819	0.30680	0.01145	0.01337	0.01573	0.08457	0.01610	0.01097	0.01419	0.00876	0.00652	0.03770	0.00186	0.00643	0.00469	0.00285	0.10106
9	0.00649	0.00472	0.00613	0.00713	0.00764	0.00436	0.00483	0.00756	0.01063	0.01410	0.08273	0.68837	0.10407	0.01588	0.00667	0.00208	0.00299	0.01430	0.00497	0.00436
10	0.07718	0.01304	0.04342	0.04356	0.01591	0.01330	0.00946	0.45582	0.01974	0.16913	0.01366	0.01364	0.00952	0.00610	0.00502	0.00157	0.00536	0.00465	0.04264	0.03729
11	0.03488	0.13077	0.12567	0.01422	0.11241	0.05064	0.03666	0.11566	0.18260	0.06552	0.01454	0.03562	0.03025	0.00625	0.00524	0.00161	0.02088	0.00503	0.00384	0.00771
12	0.00773	0.00515	0.00652	0.00702	0.00800	0.00465	0.00494	0.00900	0.01144	0.06814	0.12548	0.51143	0.18167	0.01454	0.00649	0.00198	0.00302	0.01292	0.00513	0.00474
13	0.00791	0.00523	0.00668	0.00711	0.00813	0.00474	0.00507	0.00930	0.01171	0.07190	0.16343	0.47151	0.16096	0.01424	0.00648	0.00197	0.00305	0.03059	0.00519	0.00480
14	0.04542	0.18555	0.21594	0.01379	0.06511	0.14177	0.04573	0.13771	0.01410	0.05389	0.01032	0.02914	0.00817	0.00548	0.00474	0.00150	0.00688	0.00417	0.00315	0.00742
15	0.01279	0.04570	0.11402	0.09991	0.37500	0.07773	0.08000	0.01670	0.04603	0.01641	0.01115	0.01366	0.02576	0.00512	0.00517	0.00157	0.00676	0.00471	0.00274	0.03908
16	0.00762	0.00608	0.00817	0.00795	0.00892	0.00672	0.00609	0.00924	0.01010	0.01387	0.12160	0.08249	0.17816	0.06374	0.35662	0.00498	0.09124	0.00793	0.00375	0.00471
17	0.00679	0.00493	0.00627	0.00700	0.00764	0.00458	0.00485	0.00799	0.01097	0.01459	0.14551	0.50152	0.11948	0.08575	0.00842	0.00231	0.00321	0.04894	0.00489	0.00435
18	0.01510	0.39813	0.04595	0.01132	0.01518	0.21713	0.05636	0.06090	0.03335	0.01493	0.04967	0.01182	0.00976	0.00651	0.03186	0.00158	0.00702	0.00388	0.00287	0.00667
19	0.04100	0.04129	0.06596	0.02893	0.11374	0.00885	0.00863	0.03022	0.02577	0.04036	0.04862	0.08535	0.01280	0.02174	0.00506	0.00133	0.00455	0.00506	0.01933	0.39141
20	0.01265	0.14200	0.07921	0.04130	0.07926	0.07052	0.15473	0.04902	0.03706	0.05407	0.06487	0.06232	0.09935	0.00708	0.00561	0.00163	0.02287	0.00621	0.00352	0.00671

[dist]
# distance from previous block
# <min> <max>
1	20

[block]
# block no. 4 follows, 46 sequences, length 26
# corresponding to MSA columns:
# 748-773
name=unknown_E
#
# <colnr> <probs for GDERKNQSTAVLIFYWHMCP>
#	G	D	E	R	K	N	Q	S	T	A	V	L	I	F	Y	W	H	M	C	P
0	0.03671	0.04159	0.02074	0.13993	0.10253	0.06473	0.24698	0.13986	0.01409	0.06017	0.01205	0.01468	0.02869	0.02177	0.00626	0.00175	0.03173	0.00525	0.00332	0.00717
1	0.01298	0.23629	0.26449	0.03571	0.25066	0.04426	0.01473	0.03899	0.02596	0.01612	0.00931	0.01123	0.00749	0.00489	0.00465	0.00148	0.00668	0.00392	0.00253	0.00764
2	0.01257	0.03873	0.06099	0.12264	0.35544	0.01142	0.06118	0.04606	0.02982	0.06841	0.01442	0.10779	0.03393	0.00666	0.00545	0.00168	0.00595	0.00616	0.00332	0.00736
3	0.00656	0.00469	0.00627	0.00750	0.00786	0.00440	0.00512	0.00757	0.01024	0.01363	0.02907	0.76753	0.03470	0.01645	0.00678	0.00216	0.00317	0.05708	0.00491	0.00433
4	0.01292	0.01452	0.11655	0.01960	0.09155	0.01225	0.44687	0.03968	0.01294	0.07324	0.07355	0.01598	0.01166	0.00540	0.00620	0.00174	0.02888	0.00594	0.00322	0.00731
5	0.00901	0.00768	0.00866	0.04597	0.01012	0.08166	0.00619	0.01018	0.00889	0.01164	0.01409	0.02437	0.01441	0.32950	0.36382	0.00602	0.03435	0.00614	0.00292	0.00436
6	0.00802	0.00635	0.00940	0.00913	0.00996	0.00773	0.00719	0.00982	0.00845	0.01232	0.01332	0.01969	0.01248	0.03610	0.70260	0.00777	0.10651	0.00554	0.00277	0.00484
7	0.01168	0.01217	0.02387	0.17011	0.13659	0.01242	0.40478	0.01526	0.01146	0.01571	0.01062	0.01531	0.00864	0.05696	0.00784	0.00198	0.05419	0.00570	0.01800	0.00670
8	0.04601	0.01130	0.01333	0.01043	0.01442	0.01147	0.00856	0.27827	0.10667	0.41575	0.01774	0.01610	0.01182	0.00650	0.00525	0.00164	0.00490	0.00513	0.00588	0.00882
9	0.01869	0.00943	0.03146	0.05576	0.05190	0.00858	0.00852	0.05580	0.05928	0.47940	0.09927	0.04057	0.01683	0.00708	0.00539	0.00165	0.00454	0.00592	0.03187	0.00804
10	0.76493	0.06594	0.00939	0.00733	0.01067	0.04005	0.00611	0.01576	0.00933	0.02257	0.00739	0.00861	0.00584	0.00490	0.00333	0.00159	0.00439	0.00288	0.00318	0.00581
11	0.00707	0.00525	0.00641	0.00698	0.00783	0.00493	0.00497	0.00862	0.02989	0.01439	0.09939	0.35698	0.20235	0.12488	0.00940	0.00246	0.00344	0.09558	0.00476	0.00441
12	0.15693	0.01265	0.01383	0.02505	0.01519	0.03641	0.04535	0.33263	0.06678	0.05971	0.01178	0.01236	0.00871	0.00554	0.00471	0.00145	0.00526	0.00425	0.00432	0.17708
13	0.59989	0.03046	0.01194	0.01060	0.05991	0.06825	0.06972	0.02693	0.01032	0.04266	0.00829	0.00978	0.00645	0.00504	0.00412	0.00163	0.02117	0.00342	0.00322	0.00620
14	0.00661	0.00503	0.00609	0.00655	0.00755	0.00451	0.00464	0.00803	0.01185	0.01550	0.20698	0.38891	0.28018	0.01423	0.00647	0.00192	0.00281	0.01253	0.00511	0.00451
15	0.01295	0.01242	0.04919	0.14745	0.40616	0.01277	0.01404	0.10821	0.05837	0.01845	0.01159	0.05133	0.00981	0.00602	0.00610	0.00170	0.05739	0.00524	0.00314	0.00767
16	0.00923	0.00587	0.00735	0.00697	0.00838	0.00545	0.00510	0.01149	0.04086	0.10342	0.38730	0.15116	0.12552	0.09790	0.00841	0.00212	0.00317	0.00975	0.00536	0.00520
17	0.00694	0.00471	0.00632	0.00728	0.00757	0.00450	0.00489	0.00748	0.00958	0.01278	0.02546	0.61920	0.03009	0.07623	0.03074	0.10116	0.00374	0.03290	0.00442	0.00401
18	0.00652	0.00466	0.00623	0.00745	0.00779	0.00436	0.00505	0.00750	0.01020	0.01358	0.02909	0.78188	0.03479	0.01649	0.00677	0.00216	0.00314	0.04312	0.00491	0.00432
19	0.01241	0.01199	0.02076	0.19110	0.59112	0.01243	0.05152	0.01570	0.01175	0.01648	0.00987	0.01335	0.00808	0.00482	0.00529	0.00162	0.00656	0.00478	0.00256	0.00780
20	0.04659	0.00919	0.01200	0.00934	0.01321	0.00832	0.00768	0.06737	0.03070	0.65448	0.06865	0.01882	0.01506	0.00677	0.00531	0.00164	0.00443	0.00550	0.00630	0.00863
21	0.06460	0.02625	0.73679	0.01455	0.02207	0.01225	0.01865	0.01666	0.01102	0.01719	0.00935	0.01100	0.00663	0.00502	0.00491	0.00167	0.00757	0.00384	0.00230	0.00768
22	0.24353	0.01355	0.10107	0.12400	0.20512	0.04772	0.11759	0.01566	0.01104	0.01808	0.01008	0.04062	0.00842	0.00544	0.00488	0.00168	0.00633	0.01557	0.00285	0.00677
23	0.00860	0.00710	0.00966	0.01158	0.14965	0.00683	0.00726	0.01168	0.06459	0.01807	0.31907	0.08700	0.20988	0.01067	0.00610	0.00176	0.00353	0.05643	0.00487	0.00566
24	0.05952	0.01256	0.09251	0.12342	0.35647	0.01131	0.04408	0.04153	0.02162	0.02705	0.04289	0.01604	0.04116	0.02928	0.00579	0.00169	0.00597	0.00506	0.00303	0.05901
25	0.24542	0.01186	0.03729	0.23387	0.18751	0.04655	0.04868	0.03061	0.05418	0.01845	0.00994	0.01252	0.00774	0.00517	0.00469	0.00165	0.00597	0.00427	0.02696	0.00668

[dist]
# distance from previous block
# <min> <max>
0	4

[block]
# block no. 5 follows, 46 sequences, length 33
# corresponding to MSA columns:
# 778-810
name=unknown_F
#
# <colnr> <probs for GDERKNQSTAVLIFYWHMCP>
#	G	D	E	R	K	N	Q	S	T	A	V	L	I	F	Y	W	H	M	C	P
0	0.01536	0.08924	0.04351	0.02812	0.14819	0.11670	0.01037	0.18465	0.11027	0.06199	0.01469	0.04666	0.03898	0.01768	0.00535	0.00159	0.00583	0.00518	0.02008	0.03558
1	0.01156	0.01079	0.01816	0.43957	0.32128	0.01207	0.03343	0.03951	0.01156	0.01559	0.00974	0.01371	0.00770	0.00541	0.00568	0.02335	0.00669	0.00474	0.00256	0.00688
2	0.00788	0.00520	0.00618	0.00616	0.00650	0.00534	0.00388	0.00854	0.00847	0.01200	0.04776	0.03101	0.01892	0.57156	0.14917	0.00514	0.00622	0.00715	0.08921	0.00370
3	0.00831	0.00646	0.00898	0.00866	0.00939	0.00766	0.00657	0.01020	0.03977	0.01228	0.01399	0.02215	0.01365	0.17935	0.51040	0.02548	0.10320	0.00591	0.00293	0.00466
4	0.01157	0.08354	0.44862	0.01367	0.03176	0.01163	0.06922	0.01589	0.01136	0.08007	0.01398	0.10722	0.03524	0.00684	0.00571	0.00172	0.03604	0.00569	0.00304	0.00719
5	0.00659	0.00470	0.00630	0.00753	0.00790	0.00442	0.00516	0.00761	0.01027	0.01366	0.02906	0.75803	0.03465	0.01642	0.00679	0.00217	0.00319	0.06632	0.00490	0.00433
6	0.01473	0.68695	0.05407	0.00979	0.01427	0.08917	0.00957	0.04503	0.01168	0.01344	0.00771	0.00883	0.00687	0.00469	0.00365	0.00119	0.00608	0.00299	0.00242	0.00685
7	0.03079	0.00726	0.00890	0.00826	0.01017	0.00708	0.00640	0.07397	0.03674	0.06929	0.19425	0.23046	0.07119	0.01110	0.00638	0.00180	0.03234	0.08860	0.00493	0.10010
8	0.01461	0.08369	0.03722	0.07792	0.04009	0.10672	0.03728	0.09979	0.28204	0.04833	0.01392	0.01465	0.01070	0.00649	0.00657	0.00171	0.10196	0.00489	0.00394	0.00748
9	0.01027	0.06775	0.16470	0.03835	0.13213	0.01002	0.07683	0.05032	0.01174	0.01611	0.01793	0.26264	0.03648	0.00998	0.02329	0.00196	0.00574	0.04295	0.01445	0.00635
10	0.01587	0.01271	0.01348	0.01131	0.01478	0.01442	0.00903	0.31597	0.47938	0.02650	0.01806	0.01697	0.01334	0.00685	0.00534	0.00171	0.00482	0.00550	0.00534	0.00861
11	0.00649	0.00472	0.00608	0.00708	0.00757	0.00436	0.00477	0.00750	0.01045	0.01380	0.06101	0.68143	0.11264	0.03623	0.00719	0.00217	0.00306	0.01422	0.00490	0.00431
12	0.02718	0.01168	0.04188	0.34116	0.28314	0.02559	0.06663	0.03234	0.01198	0.07919	0.01092	0.01450	0.00843	0.00529	0.00532	0.00168	0.00666	0.01632	0.00293	0.00718
13	0.03998	0.14868	0.49819	0.01306	0.01953	0.01359	0.01546	0.08708	0.01267	0.08932	0.01044	0.01143	0.00749	0.00521	0.00476	0.00158	0.00686	0.00391	0.00296	0.00780
14	0.01902	0.02324	0.01426	0.01290	0.01558	0.70142	0.00972	0.05110	0.01509	0.01429	0.00904	0.01043	0.00741	0.00554	0.00471	0.00136	0.00885	0.00358	0.06632	0.00616
15	0.00656	0.00465	0.00610	0.00721	0.00749	0.00437	0.00474	0.00739	0.00989	0.01318	0.02794	0.73621	0.03345	0.09317	0.00868	0.00243	0.00326	0.01432	0.00474	0.00419
16	0.07164	0.01532	0.19144	0.08513	0.15807	0.04128	0.02990	0.12779	0.04113	0.09547	0.03307	0.01538	0.01044	0.00590	0.00513	0.00165	0.00615	0.02817	0.02936	0.00758
17	0.35314	0.07336	0.03376	0.04155	0.12177	0.24378	0.00960	0.01719	0.01141	0.01797	0.00808	0.00984	0.00660	0.00515	0.00450	0.00153	0.02815	0.00342	0.00286	0.00635
18	0.01265	0.01212	0.02068	0.13980	0.67727	0.01245	0.01601	0.01585	0.01183	0.01675	0.00987	0.01323	0.00819	0.00479	0.00524	0.00160	0.00639	0.00471	0.00258	0.00802
19	0.01157	0.00939	0.00989	0.00916	0.01147	0.03372	0.00704	0.04378	0.40828	0.03754	0.10462	0.10418	0.08841	0.00908	0.00559	0.00177	0.00388	0.02784	0.06590	0.00688
20	0.00637	0.00529	0.00557	0.00565	0.00725	0.00449	0.00418	0.00776	0.01210	0.01477	0.11003	0.12190	0.64950	0.01348	0.00629	0.00181	0.00270	0.01139	0.00498	0.00449
21	0.00674	0.00533	0.00607	0.00598	0.00747	0.00466	0.00445	0.00851	0.01309	0.01696	0.33695	0.08893	0.45099	0.01255	0.00627	0.00176	0.00263	0.01075	0.00527	0.00466
22	0.01060	0.02735	0.78682	0.01507	0.02288	0.01228	0.01953	0.01674	0.01116	0.01674	0.00949	0.01116	0.00670	0.00502	0.00502	0.00167	0.00781	0.00391	0.00223	0.00781
23	0.00788	0.00572	0.00742	0.00728	0.00763	0.00636	0.00498	0.00865	0.00801	0.01115	0.01513	0.02805	0.01624	0.47750	0.31050	0.00620	0.05762	0.00675	0.00301	0.00392
24	0.01096	0.00940	0.01096	0.00783	0.01253	0.00705	0.00626	0.01331	0.01096	0.01723	0.00940	0.01096	0.00783	0.00392	0.00392	0.00078	0.00392	0.00313	0.00313	0.84653
25	0.01062	0.00876	0.00937	0.00864	0.01093	0.00955	0.00660	0.01984	0.44786	0.01962	0.11816	0.02902	0.18189	0.03114	0.00651	0.02052	0.00362	0.00747	0.04315	0.00670
26	0.00643	0.00522	0.00556	0.00574	0.00714	0.00450	0.00412	0.00764	0.01152	0.01408	0.07052	0.16638	0.58321	0.07443	0.00789	0.00209	0.00292	0.01144	0.00481	0.00436
27	0.00820	0.00660	0.00913	0.00883	0.00935	0.00789	0.00667	0.00945	0.00859	0.01221	0.01637	0.12347	0.04069	0.17273	0.36994	0.00560	0.16934	0.00721	0.00313	0.00459
28	0.00764	0.00547	0.00691	0.00663	0.00800	0.00498	0.00501	0.00987	0.01419	0.03692	0.58352	0.07129	0.17047	0.01150	0.00627	0.00173	0.00268	0.03635	0.00561	0.00496
29	0.00967	0.00710	0.00828	0.00754	0.00946	0.00697	0.00582	0.11118	0.06360	0.04298	0.37016	0.07925	0.21539	0.01090	0.00609	0.00174	0.00324	0.02949	0.00545	0.00569
30	0.00746	0.00576	0.00712	0.00786	0.00849	0.03069	0.00560	0.00885	0.02123	0.01331	0.02476	0.47914	0.04213	0.08480	0.16324	0.00362	0.00578	0.07140	0.00429	0.00446
31	0.01325	0.03708	0.12174	0.08565	0.44587	0.08379	0.02963	0.03927	0.04028	0.01683	0.01011	0.01279	0.00818	0.00534	0.00554	0.02300	0.00674	0.00451	0.00272	0.00770
32	0.01362	0.50306	0.16852	0.03979	0.01625	0.01759	0.01132	0.04098	0.01128	0.04378	0.00855	0.00998	0.00713	0.00509	0.00488	0.00136	0.06109	0.00339	0.00255	0.02978

[dist]
# distance from previous block
# <min> <max>
2	4

[block]
# block no. 6 follows, 46 sequences, length 14
# corresponding to MSA columns:
# 815-828
name=unknown_G
#
# <colnr> <probs for GDERKNQSTAVLIFYWHMCP>
#	G	D	E	R	K	N	Q	S	T	A	V	L	I	F	Y	W	H	M	C	P
0	0.21833	0.07391	0.08476	0.00969	0.01288	0.09155	0.02334	0.04480	0.02581	0.06738	0.04117	0.02481	0.06629	0.02160	0.00543	0.00180	0.00531	0.15383	0.02121	0.00612
1	0.00770	0.00530	0.00690	0.00694	0.00739	0.00564	0.00472	0.00853	0.00838	0.01173	0.03750	0.06043	0.01785	0.40197	0.32348	0.03745	0.00839	0.00706	0.02873	0.00391
2	0.01331	0.17918	0.40768	0.05275	0.03756	0.04863	0.04118	0.01798	0.04006	0.09823	0.01072	0.01191	0.00786	0.00517	0.00479	0.00156	0.00694	0.00404	0.00287	0.00757
3	0.00776	0.00598	0.00653	0.00638	0.00821	0.00540	0.00488	0.01033	0.06974	0.04772	0.12798	0.07312	0.54222	0.01253	0.00622	0.00181	0.00298	0.05008	0.00511	0.00502
4	0.00668	0.00537	0.00605	0.00618	0.00768	0.00474	0.00469	0.00827	0.01222	0.01533	0.16031	0.10969	0.51884	0.01437	0.03738	0.00211	0.00330	0.06726	0.00496	0.00457
5	0.01437	0.56777	0.08547	0.00998	0.01448	0.03412	0.00980	0.04079	0.11986	0.04416	0.01023	0.01081	0.00842	0.00509	0.00397	0.00131	0.00566	0.00353	0.00297	0.00723
6	0.01669	0.01377	0.01415	0.04126	0.01595	0.07346	0.00925	0.39725	0.18083	0.02595	0.01356	0.01372	0.01009	0.00601	0.00504	0.00149	0.00549	0.00464	0.00464	0.14675
7	0.01382	0.65863	0.14770	0.01013	0.01516	0.01936	0.01075	0.04705	0.01139	0.01399	0.00791	0.00908	0.00686	0.00468	0.00373	0.00124	0.00600	0.00308	0.00238	0.00704
8	0.04630	0.36821	0.24442	0.01155	0.03320	0.03479	0.01202	0.07317	0.01223	0.03155	0.02488	0.02959	0.00962	0.00576	0.00444	0.00147	0.00617	0.04066	0.00288	0.00709
9	0.01075	0.12436	0.56684	0.01436	0.05775	0.01259	0.01649	0.01564	0.01098	0.01582	0.01090	0.07248	0.00917	0.00698	0.03118	0.00186	0.00731	0.00472	0.00248	0.00734
10	0.01085	0.18122	0.12904	0.01052	0.01375	0.02480	0.07572	0.03087	0.07313	0.01582	0.10461	0.08125	0.03512	0.12110	0.00859	0.00213	0.02803	0.02878	0.01863	0.00606
11	0.01227	0.20145	0.39096	0.01360	0.05692	0.01381	0.04058	0.06006	0.04023	0.03679	0.02398	0.02408	0.03799	0.01909	0.00519	0.00162	0.00656	0.00452	0.00289	0.00741
12	0.02653	0.16903	0.17357	0.03277	0.06378	0.02407	0.05906	0.10390	0.05418	0.03991	0.04933	0.01591	0.04011	0.02275	0.02079	0.00176	0.03047	0.00489	0.06017	0.00703
