[name]
unknown

[dist]
# distance from previous block
# <min> <max>
0	52

[block]
# block no. 0 follows, 50 sequences, length 16
# corresponding to MSA columns:
# 86-101
name=unknown_A
#
# <colnr> <probs for GDERKNQSTAVLIFYWHMCP>
#	G	D	E	R	K	N	Q	S	T	A	V	L	I	F	Y	W	H	M	C	P
0	0.02975	0.01065	0.04648	0.02713	0.12101	0.02935	0.11936	0.12049	0.08871	0.03246	0.01277	0.03081	0.01062	0.03796	0.03049	0.06842	0.03917	0.02004	0.11808	0.00625
1	0.04340	0.01059	0.04351	0.02918	0.11965	0.05534	0.04765	0.12215	0.06887	0.03616	0.04707	0.02131	0.12713	0.10687	0.03889	0.00215	0.00534	0.00580	0.00366	0.06528
2	0.03457	0.02741	0.02974	0.06127	0.02870	0.02156	0.02788	0.14715	0.12983	0.09553	0.05097	0.02981	0.05435	0.00624	0.00529	0.00143	0.04291	0.00500	0.01635	0.18401
3	0.01388	0.03544	0.01468	0.03194	0.15166	0.09670	0.06410	0.13711	0.15204	0.07739	0.01457	0.05600	0.02790	0.03813	0.01825	0.00174	0.00557	0.00533	0.02636	0.03122
4	0.11809	0.04133	0.08134	0.06788	0.22165	0.08051	0.01066	0.09167	0.04232	0.04630	0.02443	0.01367	0.00929	0.04334	0.06692	0.00213	0.00628	0.00434	0.02124	0.00662
5	0.22537	0.01164	0.04497	0.03040	0.10362	0.05144	0.00850	0.13249	0.01240	0.05960	0.02246	0.01107	0.00790	0.00488	0.00442	0.00132	0.02534	0.00362	0.00336	0.23520
6	0.02712	0.02316	0.01140	0.06518	0.03666	0.00845	0.01854	0.08270	0.06042	0.04526	0.02606	0.04218	0.01015	0.00609	0.03056	0.00134	0.00446	0.00419	0.04235	0.45373
7	0.00801	0.00480	0.00687	0.00690	0.00740	0.00476	0.00482	0.00739	0.00758	0.01043	0.01305	0.16809	0.01384	0.01963	0.15360	0.49014	0.00560	0.00628	0.00277	0.05805
8	0.01387	0.01421	0.01681	0.22293	0.32366	0.20395	0.01289	0.10261	0.01305	0.01612	0.00914	0.01173	0.00729	0.00492	0.00485	0.00148	0.00680	0.00415	0.00271	0.00685
9	0.00672	0.00505	0.00618	0.00596	0.00719	0.00455	0.00441	0.00867	0.01302	0.01771	0.54737	0.07065	0.23694	0.03567	0.00649	0.00171	0.00249	0.00955	0.00516	0.00450
10	0.00614	0.00443	0.00583	0.00692	0.00732	0.00412	0.00471	0.00708	0.00972	0.01285	0.02871	0.74998	0.07485	0.01538	0.00636	0.00202	0.00294	0.04196	0.00463	0.00408
11	0.00724	0.00486	0.00557	0.00557	0.00561	0.00490	0.00319	0.00733	0.00729	0.00976	0.01558	0.03195	0.01783	0.78431	0.06548	0.00500	0.00527	0.00715	0.00300	0.00309
12	0.00720	0.00481	0.00545	0.00550	0.00551	0.00480	0.00309	0.00724	0.00734	0.00979	0.01619	0.06504	0.01873	0.79157	0.02459	0.00472	0.00475	0.00753	0.00309	0.00306
13	0.86003	0.00964	0.00733	0.00655	0.00964	0.01118	0.00540	0.01465	0.00848	0.02236	0.00694	0.00810	0.00540	0.00463	0.00308	0.00154	0.00386	0.00270	0.00308	0.00540
14	0.01485	0.01256	0.01244	0.01062	0.01373	0.08184	0.00839	0.23509	0.46887	0.03995	0.03629	0.01634	0.01331	0.00648	0.00502	0.00159	0.00478	0.00518	0.00486	0.00780
15	0.01355	0.75936	0.02500	0.00880	0.01293	0.05727	0.00856	0.01559	0.03851	0.01208	0.00745	0.00843	0.00672	0.00440	0.00333	0.00110	0.00546	0.00280	0.00226	0.00642

[dist]
# distance from previous block
# <min> <max>
0	2

[block]
# block no. 1 follows, 50 sequences, length 11
# corresponding to MSA columns:
# 104-114
name=unknown_B
#
# <colnr> <probs for GDERKNQSTAVLIFYWHMCP>
#	G	D	E	R	K	N	Q	S	T	A	V	L	I	F	Y	W	H	M	C	P
0	0.13205	0.01148	0.01277	0.00991	0.01373	0.01206	0.00819	0.41415	0.01826	0.29622	0.01397	0.01319	0.00941	0.00587	0.00474	0.00152	0.00484	0.00443	0.00514	0.00807
1	0.00750	0.00491	0.00645	0.00710	0.00781	0.00461	0.00492	0.00903	0.03522	0.06731	0.11385	0.65147	0.03260	0.01407	0.00617	0.00193	0.00296	0.01268	0.00484	0.00455
2	0.03433	0.01507	0.22078	0.03345	0.04564	0.07337	0.07340	0.07922	0.01176	0.06136	0.01023	0.01243	0.00802	0.02145	0.08365	0.00208	0.02887	0.00408	0.00294	0.17787
3	0.01781	0.01304	0.01393	0.01085	0.01455	0.01443	0.00891	0.67425	0.06490	0.02980	0.01277	0.01286	0.00920	0.00601	0.00487	0.00148	0.00515	0.00456	0.07249	0.00814
4	0.00607	0.00434	0.00578	0.00694	0.00723	0.00405	0.00463	0.00694	0.00954	0.01272	0.02747	0.82157	0.03297	0.01562	0.00636	0.00202	0.00289	0.01417	0.00463	0.00405
5	0.01166	0.01158	0.02101	0.13019	0.44725	0.01174	0.20090	0.01539	0.04172	0.01587	0.01050	0.01450	0.00866	0.00487	0.00525	0.00159	0.00650	0.03102	0.00262	0.00718
6	0.03769	0.01030	0.07525	0.08887	0.12229	0.00915	0.02559	0.08840	0.02708	0.23619	0.07897	0.05831	0.03049	0.00706	0.00521	0.00162	0.00490	0.06445	0.00432	0.02383
7	0.00614	0.00451	0.00576	0.00660	0.00718	0.00413	0.00451	0.00720	0.01024	0.01352	0.10315	0.63524	0.14417	0.01467	0.00625	0.00193	0.00279	0.01315	0.00471	0.00413
8	0.01288	0.12575	0.01367	0.01016	0.01209	0.19335	0.00824	0.07440	0.05752	0.01463	0.01034	0.01297	0.00886	0.01145	0.13514	0.02575	0.16547	0.00414	0.09748	0.00570
9	0.02865	0.12202	0.14246	0.04704	0.15172	0.11911	0.03366	0.08996	0.03030	0.09463	0.01122	0.02983	0.02216	0.00558	0.00530	0.00150	0.05039	0.00434	0.00312	0.00699
10	0.01151	0.06027	0.19790	0.01567	0.20597	0.08443	0.02895	0.06863	0.02796	0.01554	0.01422	0.06130	0.07224	0.08326	0.00717	0.00185	0.02830	0.00540	0.00295	0.00647

[dist]
# distance from previous block
# <min> <max>
2	13

[block]
# block no. 2 follows, 50 sequences, length 8
# corresponding to MSA columns:
# 129-136
name=unknown_C
#
# <colnr> <probs for GDERKNQSTAVLIFYWHMCP>
#	G	D	E	R	K	N	Q	S	T	A	V	L	I	F	Y	W	H	M	C	P
0	0.03827	0.08836	0.05532	0.05724	0.11015	0.13873	0.04482	0.21698	0.02819	0.07571	0.01108	0.02919	0.00864	0.00557	0.00498	0.00146	0.02777	0.00435	0.04617	0.00703
1	0.01200	0.05441	0.03398	0.30411	0.11066	0.08371	0.06111	0.06572	0.03517	0.03074	0.01013	0.03536	0.00827	0.00573	0.00612	0.00161	0.09474	0.00463	0.03556	0.00623
2	0.00612	0.00441	0.00579	0.00681	0.00722	0.00409	0.00459	0.00708	0.00987	0.01314	0.06882	0.74132	0.07194	0.01518	0.00631	0.00198	0.00284	0.01371	0.00467	0.00409
3	0.13459	0.22259	0.36897	0.01113	0.01651	0.04128	0.01253	0.05549	0.01118	0.07052	0.00901	0.01001	0.00674	0.00478	0.00414	0.00143	0.00609	0.00340	0.00270	0.00692
4	0.00770	0.00519	0.00662	0.00635	0.00764	0.00471	0.00473	0.00967	0.01312	0.06588	0.53736	0.14350	0.14666	0.01102	0.00589	0.00164	0.00256	0.00967	0.00529	0.00478
5	0.00697	0.00509	0.00654	0.00618	0.00739	0.00467	0.00463	0.00924	0.01390	0.01950	0.73517	0.03804	0.10327	0.01037	0.00588	0.00158	0.00236	0.00913	0.00542	0.00467
6	0.01274	0.01063	0.01121	0.00984	0.01272	0.01204	0.00772	0.13727	0.59365	0.02170	0.02204	0.02052	0.09129	0.00723	0.00514	0.00166	0.00404	0.00595	0.00502	0.00761
7	0.03382	0.01069	0.01218	0.01127	0.07638	0.04140	0.00825	0.18785	0.22783	0.19497	0.08345	0.03520	0.01502	0.00663	0.00501	0.00156	0.00449	0.00544	0.03099	0.00756

[dist]
# distance from previous block
# <min> <max>
1	5

[block]
# block no. 3 follows, 50 sequences, length 21
# corresponding to MSA columns:
# 142-162
name=unknown_D
#
# <colnr> <probs for GDERKNQSTAVLIFYWHMCP>
#	G	D	E	R	K	N	Q	S	T	A	V	L	I	F	Y	W	H	M	C	P
0	0.08044	0.03546	0.11995	0.05658	0.26969	0.08600	0.02604	0.02777	0.02199	0.10489	0.03395	0.01257	0.00897	0.00506	0.00494	0.00146	0.02665	0.00417	0.00307	0.07034
1	0.01663	0.05162	0.01378	0.01180	0.01435	0.54646	0.00906	0.06840	0.10130	0.01457	0.01101	0.02791	0.02867	0.00591	0.00510	0.00140	0.04171	0.00404	0.02019	0.00610
2	0.01307	0.02217	0.05767	0.00993	0.06216	0.02840	0.03025	0.02603	0.04438	0.20134	0.06402	0.03514	0.05191	0.00635	0.00470	0.00136	0.00424	0.03615	0.10351	0.19722
3	0.00670	0.00503	0.00613	0.00595	0.00716	0.00454	0.00438	0.00858	0.01283	0.01740	0.51769	0.08370	0.24413	0.04557	0.00673	0.00176	0.00253	0.00963	0.00511	0.00446
4	0.04527	0.01133	0.11234	0.13315	0.15281	0.03026	0.06588	0.03383	0.04652	0.03230	0.03602	0.05892	0.12695	0.03178	0.02357	0.00185	0.02002	0.00601	0.02508	0.00610
5	0.01288	0.01298	0.03965	0.07988	0.33670	0.09041	0.15312	0.07201	0.03532	0.03450	0.03532	0.02805	0.01024	0.00541	0.00519	0.00156	0.00644	0.03026	0.00301	0.00706
6	0.00712	0.00519	0.00718	0.00718	0.00785	0.00577	0.00524	0.00837	0.00791	0.01110	0.01526	0.02422	0.04020	0.25942	0.55760	0.00690	0.01058	0.00605	0.00283	0.00404
7	0.07281	0.00883	0.01111	0.00870	0.01232	0.00819	0.00715	0.08694	0.03499	0.60762	0.01940	0.01736	0.04376	0.00633	0.00488	0.00154	0.00419	0.00506	0.03084	0.00799
8	0.01085	0.08110	0.24600	0.10570	0.17460	0.02710	0.05999	0.01472	0.03914	0.03205	0.01210	0.05425	0.02297	0.02395	0.02680	0.00183	0.02069	0.03678	0.00273	0.00663
9	0.04189	0.12821	0.19131	0.06587	0.09263	0.05815	0.13741	0.09072	0.06596	0.04870	0.01064	0.02796	0.00828	0.00513	0.00477	0.00151	0.00641	0.00444	0.00298	0.00703
10	0.01241	0.01978	0.38210	0.03757	0.10178	0.12474	0.07425	0.01626	0.01106	0.05897	0.00921	0.01121	0.00697	0.00530	0.00627	0.00161	0.10704	0.00405	0.00248	0.00692
11	0.21449	0.01508	0.02831	0.04534	0.18725	0.27047	0.02334	0.05894	0.01204	0.01708	0.00868	0.01055	0.00701	0.00502	0.00463	0.00145	0.03029	0.00365	0.05011	0.00627
12	0.00613	0.00468	0.00567	0.00642	0.00725	0.00421	0.00455	0.00723	0.01030	0.01312	0.03547	0.50238	0.29866	0.01445	0.00623	0.00192	0.00287	0.05971	0.00463	0.00414
13	0.01098	0.04420	0.03400	0.07641	0.16015	0.06308	0.04135	0.01474	0.09915	0.02795	0.08087	0.03796	0.08694	0.00619	0.00482	0.00137	0.00485	0.00534	0.00341	0.19622
14	0.00717	0.00536	0.00648	0.00677	0.00783	0.00521	0.00495	0.00978	0.08185	0.01532	0.18256	0.30505	0.17130	0.04651	0.02848	0.00210	0.00327	0.06213	0.04330	0.00459
15	0.01040	0.01001	0.01294	0.04538	0.02353	0.07336	0.04178	0.04313	0.00979	0.01348	0.04169	0.08454	0.02870	0.01397	0.15438	0.00304	0.35297	0.02869	0.00289	0.00531
16	0.01295	0.18256	0.05406	0.09478	0.13069	0.11537	0.06126	0.04775	0.02548	0.04757	0.02336	0.04513	0.00921	0.00646	0.02616	0.00164	0.07335	0.00447	0.00282	0.03494
17	0.00866	0.00433	0.00649	0.00649	0.00649	0.00433	0.00433	0.00649	0.00649	0.00866	0.00866	0.01515	0.00866	0.01732	0.01948	0.85498	0.00433	0.00433	0.00216	0.00216
18	0.01096	0.00897	0.01045	0.00763	0.01193	0.00706	0.00610	0.01396	0.06256	0.04829	0.01007	0.01116	0.00811	0.00400	0.00384	0.00083	0.00373	0.00322	0.00323	0.76391
19	0.00836	0.00709	0.04141	0.00727	0.00909	0.02620	0.00567	0.03784	0.01164	0.04729	0.16676	0.33419	0.15422	0.01122	0.00565	0.00165	0.00333	0.00981	0.00450	0.10680
20	0.01147	0.15091	0.16452	0.04239	0.06090	0.02659	0.08181	0.04142	0.11900	0.04173	0.02411	0.07144	0.01187	0.07469	0.00645	0.00179	0.00551	0.00529	0.05168	0.00643

[dist]
# distance from previous block
# <min> <max>
1	7

[block]
# block no. 4 follows, 50 sequences, length 64
# corresponding to MSA columns:
# 170-233
name=unknown_E
#
# <colnr> <probs for GDERKNQSTAVLIFYWHMCP>
#	G	D	E	R	K	N	Q	S	T	A	V	L	I	F	Y	W	H	M	C	P
0	0.04265	0.02593	0.07391	0.04584	0.12246	0.02447	0.02891	0.02966	0.03876	0.05699	0.01622	0.09985	0.06662	0.02259	0.00536	0.00152	0.02347	0.01898	0.13281	0.12301
1	0.16716	0.05229	0.05047	0.06585	0.04991	0.05536	0.10506	0.16128	0.01329	0.10890	0.01131	0.03199	0.00889	0.00608	0.01709	0.00163	0.02065	0.02492	0.00358	0.04431
2	0.07532	0.24659	0.15911	0.03586	0.12211	0.09950	0.07395	0.02991	0.01125	0.02947	0.03308	0.03265	0.00874	0.00505	0.00435	0.00139	0.00615	0.00405	0.00264	0.01882
3	0.00719	0.00507	0.00665	0.00665	0.00707	0.00549	0.00453	0.00803	0.00761	0.01056	0.01460	0.02648	0.01546	0.45427	0.39228	0.00633	0.00884	0.00635	0.00286	0.00369
4	0.01258	0.58321	0.03747	0.00992	0.01304	0.01832	0.00938	0.01412	0.00943	0.01188	0.00686	0.00886	0.00644	0.00553	0.00693	0.00139	0.23319	0.00316	0.00215	0.00615
5	0.00612	0.00480	0.00552	0.00594	0.00702	0.00423	0.00424	0.00732	0.01083	0.01366	0.09932	0.33057	0.42200	0.03079	0.00650	0.00188	0.00274	0.02769	0.00466	0.00417
6	0.86003	0.00964	0.00733	0.00655	0.00964	0.01118	0.00540	0.01465	0.00848	0.02236	0.00694	0.00810	0.00540	0.00463	0.00308	0.00154	0.00386	0.00270	0.00308	0.00540
7	0.00656	0.00495	0.00612	0.00645	0.00753	0.00450	0.00482	0.00818	0.01174	0.01549	0.27405	0.25812	0.25750	0.01282	0.00614	0.00181	0.00282	0.10114	0.00489	0.00437
8	0.00687	0.00509	0.00641	0.00608	0.00734	0.00463	0.00456	0.00906	0.01368	0.01898	0.67666	0.03889	0.16210	0.01057	0.00588	0.00159	0.00238	0.00925	0.00535	0.00463
9	0.00770	0.00524	0.00687	0.00638	0.00767	0.00481	0.00481	0.01004	0.01412	0.05290	0.75844	0.03637	0.04556	0.01002	0.00584	0.00157	0.00243	0.00884	0.00552	0.00486
10	0.04434	0.01274	0.01406	0.01080	0.01474	0.01370	0.00892	0.60389	0.02116	0.18457	0.01336	0.01285	0.00916	0.00598	0.00494	0.00151	0.00519	0.00454	0.00517	0.00839
11	0.00724	0.00485	0.00554	0.00554	0.00558	0.00489	0.00316	0.00732	0.00728	0.00975	0.01561	0.03207	0.01788	0.79166	0.05821	0.00497	0.00519	0.00717	0.00301	0.00308
12	0.86003	0.00964	0.00733	0.00655	0.00964	0.01118	0.00540	0.01465	0.00848	0.02236	0.00694	0.00810	0.00540	0.00463	0.00308	0.00154	0.00386	0.00270	0.00308	0.00540
13	0.01148	0.01180	0.01563	0.04446	0.08306	0.07752	0.02595	0.01292	0.00866	0.01248	0.00727	0.01131	0.00688	0.00880	0.04045	0.00222	0.60683	0.00434	0.00226	0.00569
14	0.00615	0.00439	0.00587	0.00703	0.00735	0.00411	0.00476	0.00707	0.00962	0.01281	0.02743	0.79244	0.03280	0.01555	0.00638	0.00203	0.00296	0.04257	0.00463	0.00407
15	0.00590	0.00503	0.00507	0.00511	0.00675	0.00420	0.00381	0.00715	0.01131	0.01344	0.04981	0.07096	0.76916	0.01271	0.00591	0.00169	0.00254	0.01063	0.00463	0.00420
16	0.01105	0.00953	0.01194	0.01081	0.12068	0.00781	0.00739	0.05128	0.01113	0.01701	0.00909	0.01070	0.00751	0.00391	0.00393	0.00088	0.00409	0.00324	0.00299	0.69504
17	0.02835	0.04741	0.30524	0.01472	0.15188	0.01124	0.01284	0.12921	0.03772	0.09482	0.03144	0.07343	0.02749	0.00616	0.00493	0.00156	0.00572	0.00512	0.00343	0.00730
18	0.01409	0.22078	0.07148	0.09052	0.12378	0.11624	0.03867	0.09250	0.03345	0.06364	0.00942	0.01110	0.00750	0.00527	0.00553	0.00146	0.08099	0.00390	0.00287	0.00681
19	0.00626	0.00493	0.00562	0.00585	0.00708	0.00434	0.00428	0.00764	0.01135	0.01440	0.17307	0.21137	0.44603	0.03513	0.00656	0.00185	0.00272	0.04252	0.00473	0.00424
20	0.00592	0.00495	0.00515	0.00531	0.00680	0.00419	0.00390	0.00712	0.01111	0.01336	0.04729	0.15550	0.68625	0.01304	0.00596	0.00173	0.00258	0.01103	0.00463	0.00419
21	0.01474	0.10246	0.14384	0.01594	0.16331	0.32704	0.04223	0.04654	0.01271	0.02917	0.02658	0.02321	0.00824	0.00519	0.00480	0.00141	0.01932	0.00397	0.00268	0.00664
22	0.03153	0.01169	0.03358	0.01502	0.17631	0.01174	0.06006	0.32406	0.01652	0.14542	0.01371	0.05498	0.01075	0.00620	0.00504	0.00155	0.00528	0.02461	0.04429	0.00766
23	0.00714	0.00479	0.00547	0.00558	0.00560	0.00476	0.00317	0.00722	0.00746	0.00995	0.01679	0.10542	0.01949	0.75016	0.02362	0.00457	0.00465	0.00789	0.00317	0.00312
24	0.01053	0.03140	0.01136	0.04232	0.04593	0.00753	0.00675	0.02881	0.01061	0.01620	0.00940	0.03258	0.00807	0.00417	0.00389	0.00087	0.00397	0.00341	0.00297	0.71925
25	0.00721	0.00574	0.00782	0.06135	0.02835	0.02090	0.02106	0.01892	0.00977	0.01297	0.02335	0.61334	0.02722	0.04751	0.03601	0.00230	0.02409	0.02353	0.00414	0.00440
26	0.86003	0.00964	0.00733	0.00655	0.00964	0.01118	0.00540	0.01465	0.00848	0.02236	0.00694	0.00810	0.00540	0.00463	0.00308	0.00154	0.00386	0.00270	0.00308	0.00540
27	0.00792	0.00554	0.00733	0.00820	0.00941	0.00544	0.00703	0.01011	0.01142	0.01528	0.04758	0.05094	0.10651	0.01272	0.00640	0.00209	0.00408	0.58398	0.09345	0.00456
28	0.00615	0.00470	0.00565	0.00617	0.00708	0.00420	0.00434	0.00737	0.01085	0.01404	0.14651	0.43232	0.30512	0.01376	0.00612	0.00184	0.00268	0.01212	0.00475	0.00420
29	0.01862	0.02376	0.01413	0.01284	0.01541	0.80482	0.00963	0.01990	0.01413	0.01220	0.00770	0.00899	0.00642	0.00514	0.00449	0.00128	0.00899	0.00321	0.00257	0.00578
30	0.00739	0.00518	0.00671	0.00628	0.00755	0.00475	0.00473	0.00968	0.01399	0.03933	0.73785	0.03721	0.08009	0.01020	0.00586	0.00157	0.00241	0.00898	0.00547	0.00478
31	0.01091	0.01091	0.01527	0.01309	0.01309	0.01527	0.01091	0.01200	0.00763	0.01200	0.00654	0.01091	0.00654	0.00872	0.01636	0.00218	0.81570	0.00436	0.00218	0.00545
32	0.15753	0.00920	0.01077	0.00841	0.01218	0.02349	0.00688	0.03531	0.03547	0.48739	0.01542	0.01420	0.01027	0.00550	0.00447	0.00141	0.00419	0.00426	0.00500	0.14865
33	0.01895	0.01396	0.01496	0.01147	0.01546	0.01546	0.00947	0.77711	0.02344	0.03141	0.01197	0.01197	0.00848	0.00598	0.00499	0.00150	0.00548	0.00449	0.00499	0.00848
34	0.00606	0.00439	0.00573	0.00681	0.00720	0.00406	0.00457	0.00696	0.00967	0.01278	0.02906	0.76825	0.08526	0.01541	0.00633	0.00200	0.00287	0.01392	0.00463	0.00406
35	0.00607	0.00434	0.00578	0.00694	0.00723	0.00405	0.00463	0.00694	0.00954	0.01272	0.02747	0.82157	0.03297	0.01562	0.00636	0.00202	0.00289	0.01417	0.00463	0.00405
36	0.01034	0.00886	0.01034	0.00738	0.01181	0.00664	0.00591	0.01255	0.01034	0.01624	0.00886	0.01034	0.00738	0.00369	0.00369	0.00074	0.00369	0.00295	0.00295	0.85530
37	0.00989	0.00938	0.01601	0.64139	0.16098	0.01108	0.03422	0.01312	0.01024	0.01342	0.00942	0.03215	0.00750	0.00512	0.00503	0.00164	0.00648	0.00470	0.00232	0.00593
38	0.00844	0.00435	0.00648	0.00656	0.00660	0.00436	0.00440	0.00658	0.00674	0.00901	0.01008	0.07124	0.01044	0.01770	0.03803	0.77479	0.00445	0.00504	0.00235	0.00235
39	0.00941	0.00886	0.01495	0.81285	0.03433	0.01107	0.01384	0.01274	0.00997	0.01274	0.00886	0.01329	0.00664	0.00498	0.00498	0.00166	0.00664	0.00443	0.00221	0.00554
40	0.86003	0.00964	0.00733	0.00655	0.00964	0.01118	0.00540	0.01465	0.00848	0.02236	0.00694	0.00810	0.00540	0.00463	0.00308	0.00154	0.00386	0.00270	0.00308	0.00540
41	0.02218	0.00877	0.01175	0.00900	0.01287	0.00775	0.00744	0.06379	0.01475	0.75700	0.01926	0.01670	0.01214	0.00616	0.00501	0.00154	0.00431	0.00498	0.00611	0.00848
42	0.02198	0.00910	0.01195	0.00916	0.01303	0.00824	0.00757	0.10898	0.01530	0.71104	0.01880	0.01640	0.01190	0.00615	0.00501	0.00154	0.00438	0.00495	0.00604	0.00848
43	0.01034	0.00886	0.01034	0.00738	0.01181	0.00664	0.00591	0.01255	0.01034	0.01624	0.00886	0.01034	0.00738	0.00369	0.00369	0.00074	0.00369	0.00295	0.00295	0.85530
44	0.00624	0.02150	0.02890	0.00552	0.00738	0.00477	0.00443	0.00771	0.01143	0.01380	0.07917	0.04581	0.70756	0.01215	0.00582	0.00168	0.00275	0.02446	0.00454	0.00437
45	0.00729	0.00637	0.03930	0.00603	0.00799	0.00522	0.00489	0.00979	0.06048	0.03827	0.15609	0.04063	0.53780	0.01104	0.00565	0.00163	0.00283	0.00926	0.04464	0.00479
46	0.00844	0.00728	0.01054	0.00978	0.01036	0.00938	0.00786	0.00998	0.00788	0.01172	0.01098	0.01656	0.01040	0.02740	0.53034	0.00598	0.29283	0.00500	0.00250	0.00480
47	0.01989	0.00953	0.01186	0.00941	0.01306	0.00926	0.00767	0.10376	0.17903	0.55178	0.01899	0.01679	0.01254	0.00628	0.00502	0.00157	0.00431	0.00509	0.00581	0.00836
48	0.00602	0.00468	0.00548	0.00608	0.00702	0.00414	0.00426	0.00711	0.01048	0.01327	0.06036	0.45578	0.36929	0.01413	0.00614	0.00186	0.00271	0.01240	0.00465	0.00414
49	0.01033	0.00641	0.00874	0.04388	0.04361	0.00618	0.00714	0.03462	0.01174	0.15043	0.02649	0.23639	0.11627	0.01177	0.00609	0.00194	0.00402	0.26386	0.00470	0.00538
50	0.01679	0.01909	0.01465	0.02978	0.05990	0.53113	0.02479	0.01829	0.01272	0.07024	0.00869	0.01046	0.00711	0.00638	0.02327	0.00161	0.13260	0.00371	0.00276	0.00603
51	0.75001	0.04101	0.04780	0.00762	0.02886	0.01146	0.00643	0.01492	0.00882	0.03646	0.00734	0.00849	0.00567	0.00464	0.00325	0.00152	0.00414	0.00283	0.00305	0.00565
52	0.01311	0.77135	0.06183	0.00890	0.01321	0.01924	0.00904	0.01490	0.01009	0.01192	0.00701	0.00818	0.00640	0.00439	0.00358	0.00112	0.02442	0.00275	0.00213	0.00642
53	0.01331	0.03423	0.06520	0.01372	0.10433	0.03283	0.09435	0.07814	0.31197	0.09323	0.01582	0.05948	0.01258	0.02674	0.00582	0.00171	0.01947	0.00559	0.00413	0.00736
54	0.00985	0.01599	0.33793	0.05156	0.05716	0.01025	0.13717	0.02804	0.02680	0.01652	0.15124	0.01875	0.04511	0.00680	0.01723	0.00173	0.03687	0.02149	0.00307	0.00646
55	0.03014	0.01073	0.01136	0.01008	0.01299	0.01230	0.00788	0.05790	0.70578	0.05269	0.01964	0.01804	0.01462	0.00666	0.00503	0.00167	0.00402	0.00550	0.00507	0.00789
56	0.86003	0.00964	0.00733	0.00655	0.00964	0.01118	0.00540	0.01465	0.00848	0.02236	0.00694	0.00810	0.00540	0.00463	0.00308	0.00154	0.00386	0.00270	0.00308	0.00540
57	0.00677	0.00508	0.00627	0.00597	0.00727	0.00458	0.00448	0.00885	0.01343	0.01838	0.60867	0.03988	0.23047	0.01079	0.00588	0.00160	0.00239	0.00939	0.00528	0.00458
58	0.01539	0.01219	0.01296	0.01075	0.01410	0.01380	0.00861	0.36928	0.43706	0.02567	0.01649	0.01557	0.01214	0.00641	0.00503	0.00160	0.00465	0.00511	0.00503	0.00816
59	0.00595	0.00492	0.00523	0.00543	0.00684	0.00419	0.00397	0.00717	0.01109	0.01349	0.06462	0.19277	0.63089	0.01312	0.00598	0.00174	0.00259	0.01117	0.00465	0.00419
60	0.00800	0.00570	0.00792	0.00902	0.01012	0.00570	0.00782	0.01020	0.01130	0.01470	0.02594	0.05523	0.02824	0.04793	0.00766	0.00240	0.00460	0.72847	0.00452	0.00452
61	0.01207	0.01150	0.01824	0.25397	0.48007	0.05092	0.03388	0.01526	0.02607	0.03638	0.00965	0.01272	0.00771	0.00472	0.00496	0.00153	0.00626	0.00445	0.00255	0.00710
62	0.00601	0.00505	0.00522	0.00518	0.00681	0.00426	0.00388	0.00739	0.01165	0.01414	0.12725	0.04686	0.71453	0.01237	0.00589	0.00167	0.00251	0.01036	0.00472	0.00426
63	0.01172	0.01178	0.11511	0.12537	0.26569	0.01070	0.01264	0.04828	0.01147	0.07789	0.03278	0.03420	0.01213	0.00689	0.00651	0.00173	0.09505	0.11019	0.00318	0.00670

[dist]
# distance from previous block
# <min> <max>
0	1

[block]
# block no. 5 follows, 50 sequences, length 47
# corresponding to MSA columns:
# 235,236,256-300
name=unknown_F
#
# <colnr> <probs for GDERKNQSTAVLIFYWHMCP>
#	G	D	E	R	K	N	Q	S	T	A	V	L	I	F	Y	W	H	M	C	P
0	0.01165	0.07719	0.08684	0.07921	0.34342	0.03810	0.01322	0.01436	0.02077	0.01428	0.00858	0.01173	0.00739	0.00669	0.03258	0.00185	0.21881	0.00422	0.00236	0.00674
1	0.01098	0.01065	0.01753	0.14509	0.39873	0.01164	0.06411	0.01381	0.02566	0.01479	0.01304	0.01588	0.08338	0.00608	0.00707	0.00167	0.14543	0.00513	0.00264	0.00667
2	0.00725	0.00483	0.00544	0.00544	0.00544	0.00483	0.00302	0.00725	0.00725	0.00966	0.01571	0.03262	0.01812	0.82483	0.02537	0.00483	0.00483	0.00725	0.00302	0.00302
3	0.01333	0.82783	0.02612	0.00853	0.01279	0.01972	0.00853	0.01493	0.01013	0.01173	0.00693	0.00800	0.00640	0.00426	0.00320	0.00107	0.00533	0.00267	0.00213	0.00640
4	0.00763	0.00574	0.00687	0.03058	0.00861	0.00541	0.00500	0.01054	0.07369	0.04197	0.42769	0.03810	0.29857	0.01047	0.00577	0.00162	0.00273	0.00900	0.00508	0.00493
5	0.86003	0.00964	0.00733	0.00655	0.00964	0.01118	0.00540	0.01465	0.00848	0.02236	0.00694	0.00810	0.00540	0.00463	0.00308	0.00154	0.00386	0.00270	0.00308	0.00540
6	0.01212	0.23785	0.44724	0.01241	0.03928	0.01361	0.01402	0.06657	0.01146	0.05095	0.00910	0.01027	0.00684	0.00470	0.00431	0.00139	0.00635	0.00351	0.00254	0.04546
7	0.00609	0.00506	0.00532	0.00526	0.00685	0.00429	0.00394	0.00754	0.01183	0.01457	0.17638	0.04614	0.66513	0.01221	0.00589	0.00166	0.00250	0.01026	0.00477	0.00429
8	0.00644	0.00483	0.00584	0.00606	0.00701	0.00438	0.00428	0.00784	0.01137	0.01508	0.28573	0.27969	0.24881	0.08033	0.00765	0.00201	0.00277	0.01087	0.00478	0.00422
9	0.01378	0.00916	0.02451	0.16209	0.03718	0.03019	0.00888	0.10024	0.06276	0.22196	0.03656	0.13869	0.01557	0.00798	0.00565	0.00170	0.02992	0.05881	0.02785	0.00655
10	0.01173	0.01323	0.02841	0.04093	0.04625	0.01254	0.71978	0.01610	0.02844	0.01600	0.01026	0.01352	0.00771	0.00428	0.00582	0.00168	0.00820	0.00580	0.00257	0.00675
11	0.01097	0.02816	0.19967	0.14793	0.14623	0.01065	0.08591	0.04388	0.01103	0.05702	0.02234	0.01551	0.02346	0.01006	0.12050	0.00253	0.02966	0.02514	0.00280	0.00653
12	0.01258	0.01365	0.14984	0.21749	0.20995	0.03304	0.05057	0.10408	0.02408	0.06859	0.03180	0.01322	0.00876	0.00528	0.00540	0.00158	0.03554	0.00453	0.00300	0.00703
13	0.00717	0.00527	0.00615	0.00601	0.00732	0.00491	0.00447	0.00961	0.05008	0.01716	0.37778	0.08559	0.25458	0.03623	0.00626	0.00171	0.00262	0.02152	0.09096	0.00462
14	0.01367	0.13018	0.06677	0.01108	0.05986	0.05428	0.03827	0.15367	0.03371	0.07018	0.01069	0.03296	0.00858	0.00497	0.00432	0.00120	0.00512	0.00396	0.00340	0.29314
15	0.00608	0.00503	0.00533	0.00530	0.00686	0.00428	0.00396	0.00750	0.01174	0.01446	0.16584	0.07028	0.65148	0.01234	0.00590	0.00168	0.00251	0.01040	0.00476	0.00428
16	0.19328	0.04718	0.07192	0.04755	0.04774	0.02689	0.00959	0.15267	0.03826	0.05555	0.00963	0.02536	0.00777	0.00612	0.00707	0.00163	0.19292	0.00407	0.00326	0.05154
17	0.01304	0.07266	0.09563	0.07908	0.12590	0.02310	0.00984	0.06869	0.01196	0.12035	0.01060	0.01188	0.00805	0.00462	0.00432	0.00121	0.00501	0.00377	0.02306	0.30722
18	0.08439	0.40682	0.04062	0.00983	0.01290	0.12194	0.00884	0.03370	0.02644	0.01354	0.00834	0.03498	0.00765	0.00693	0.03877	0.00166	0.13048	0.00361	0.00251	0.00604
19	0.00936	0.07269	0.32575	0.01005	0.01420	0.00915	0.01097	0.01362	0.06389	0.03698	0.13482	0.02661	0.15257	0.00806	0.00526	0.00164	0.00501	0.08960	0.00363	0.00611
20	0.01097	0.01015	0.03337	0.04184	0.13270	0.03491	0.00879	0.01912	0.40403	0.01729	0.01814	0.14452	0.01608	0.04423	0.03931	0.00209	0.00486	0.00669	0.00415	0.00676
21	0.01076	0.00770	0.01098	0.02312	0.01242	0.03116	0.08921	0.05017	0.02996	0.11450	0.02174	0.20793	0.02222	0.01232	0.04262	0.00224	0.00517	0.29585	0.00442	0.00550
22	0.01049	0.07389	0.02957	0.00834	0.03196	0.00826	0.00670	0.05721	0.01136	0.01662	0.06239	0.03526	0.06965	0.00541	0.00443	0.00104	0.02145	0.00435	0.00329	0.53833
23	0.03380	0.10624	0.58710	0.01473	0.06506	0.03359	0.06103	0.01576	0.01064	0.01549	0.00874	0.01043	0.00647	0.00465	0.00461	0.00152	0.00708	0.00371	0.00219	0.00716
24	0.00615	0.00440	0.00586	0.00688	0.00725	0.00410	0.00463	0.00715	0.00992	0.01333	0.09104	0.75628	0.03414	0.01516	0.00632	0.00199	0.00285	0.01374	0.00470	0.00410
25	0.01018	0.01059	0.07127	0.09768	0.05172	0.02426	0.02769	0.02718	0.09466	0.01375	0.01080	0.01522	0.00956	0.06161	0.18002	0.00335	0.27714	0.00486	0.00273	0.00572
26	0.03013	0.08281	0.15997	0.04859	0.18888	0.06855	0.02584	0.06205	0.06355	0.14130	0.02298	0.01439	0.00976	0.00560	0.00511	0.00154	0.02698	0.03132	0.00340	0.00726
27	0.01199	0.01241	0.07019	0.19266	0.31946	0.03269	0.13782	0.04070	0.05378	0.04049	0.01145	0.01397	0.02964	0.00501	0.00511	0.00157	0.00639	0.00484	0.00280	0.00704
28	0.00613	0.00439	0.00580	0.00691	0.00724	0.00410	0.00464	0.00702	0.00958	0.01272	0.02778	0.77155	0.05131	0.03229	0.00675	0.00208	0.00296	0.02814	0.00459	0.00404
29	0.13789	0.01037	0.01204	0.00936	0.01315	0.01042	0.00773	0.25971	0.01635	0.44850	0.01547	0.01416	0.01016	0.00590	0.00474	0.00153	0.00458	0.00453	0.00537	0.00805
30	0.03488	0.07514	0.14315	0.06121	0.15251	0.11192	0.07863	0.02892	0.05116	0.03267	0.03189	0.02792	0.04986	0.02475	0.00590	0.00163	0.04465	0.02245	0.01430	0.00647
31	0.00743	0.00745	0.07702	0.00860	0.02925	0.00641	0.00684	0.00924	0.02265	0.01357	0.04027	0.38288	0.14620	0.04107	0.02220	0.00212	0.08587	0.06009	0.02613	0.00470
32	0.83465	0.00977	0.00756	0.00670	0.00982	0.01131	0.00552	0.03766	0.00893	0.02264	0.00709	0.00821	0.00549	0.00467	0.00314	0.00154	0.00390	0.00275	0.00314	0.00549
33	0.07381	0.00883	0.01148	0.00886	0.01267	0.00798	0.00732	0.06190	0.01438	0.71057	0.01849	0.01617	0.01171	0.00606	0.00489	0.00154	0.00428	0.00484	0.00592	0.00829
34	0.02828	0.26047	0.14896	0.03615	0.13272	0.19676	0.02900	0.02957	0.01171	0.05044	0.00909	0.02904	0.00756	0.00498	0.00431	0.00135	0.00658	0.00376	0.00260	0.00669
35	0.00925	0.00619	0.00815	0.00837	0.02242	0.02012	0.02703	0.03142	0.03188	0.10169	0.08725	0.46097	0.03885	0.01247	0.00602	0.00188	0.00358	0.09380	0.02360	0.00506
36	0.00607	0.00434	0.00578	0.00694	0.00723	0.00405	0.00463	0.00694	0.00954	0.01272	0.02747	0.82157	0.03297	0.01562	0.00636	0.00202	0.00289	0.01417	0.00463	0.00405
37	0.00862	0.00618	0.02045	0.00703	0.00866	0.00561	0.00551	0.02703	0.06063	0.07922	0.25837	0.14692	0.22944	0.01139	0.00623	0.02345	0.00314	0.08217	0.00493	0.00504
38	0.01219	0.19329	0.36086	0.03116	0.07820	0.08243	0.06496	0.04663	0.02851	0.01520	0.00880	0.01049	0.00685	0.00486	0.00492	0.00147	0.03608	0.00375	0.00239	0.00697
39	0.01040	0.00726	0.00785	0.00723	0.00909	0.00780	0.00553	0.03763	0.29066	0.03488	0.15989	0.02272	0.03310	0.03278	0.00529	0.00157	0.00312	0.00598	0.31127	0.00595
40	0.00660	0.00494	0.00603	0.00639	0.00732	0.00457	0.00459	0.00818	0.02478	0.01471	0.21642	0.31346	0.22304	0.07736	0.00764	0.00206	0.00295	0.05998	0.00471	0.00427
41	0.06409	0.03198	0.17660	0.22346	0.11851	0.10660	0.02483	0.04436	0.02696	0.03671	0.00932	0.01192	0.00725	0.00632	0.02698	0.02531	0.04574	0.00407	0.00261	0.00638
42	0.08463	0.23446	0.05584	0.05080	0.12788	0.22491	0.03986	0.03063	0.05410	0.01467	0.00861	0.01022	0.00712	0.00492	0.00461	0.00138	0.03272	0.00357	0.00261	0.00647
43	0.00626	0.00443	0.00584	0.00687	0.00724	0.00419	0.00465	0.00721	0.00954	0.01282	0.02691	0.72273	0.04693	0.04022	0.02718	0.00224	0.00323	0.03052	0.02692	0.00406
44	0.01197	0.04028	0.03062	0.00948	0.01367	0.02789	0.06174	0.12371	0.03359	0.01810	0.00987	0.02458	0.00810	0.00456	0.00448	0.00104	0.02616	0.00369	0.00322	0.54324
45	0.03137	0.14436	0.09185	0.12467	0.13416	0.08583	0.12720	0.05817	0.05280	0.01570	0.02323	0.01201	0.00814	0.00502	0.00520	0.00149	0.04172	0.00425	0.00271	0.03013
46	0.01153	0.00872	0.00938	0.06934	0.01184	0.06526	0.00675	0.15704	0.05372	0.05353	0.11564	0.07370	0.09180	0.01046	0.07647	0.00209	0.00494	0.00636	0.16564	0.00577

[dist]
# distance from previous block
# <min> <max>
2	4

[block]
# block no. 6 follows, 50 sequences, length 25
# corresponding to MSA columns:
# 305-314,364-378
name=unknown_G
#
# <colnr> <probs for GDERKNQSTAVLIFYWHMCP>
#	G	D	E	R	K	N	Q	S	T	A	V	L	I	F	Y	W	H	M	C	P
0	0.01040	0.01002	0.02816	0.22475	0.20632	0.01054	0.11381	0.01491	0.11346	0.01611	0.11342	0.03673	0.02959	0.00632	0.00561	0.00165	0.02758	0.02096	0.00326	0.00641
1	0.01203	0.02914	0.01323	0.01213	0.13985	0.00888	0.03305	0.08477	0.03409	0.05684	0.02647	0.03924	0.00968	0.00480	0.00431	0.00110	0.00439	0.00411	0.00336	0.47853
2	0.01176	0.01345	0.02941	0.02101	0.02605	0.01261	0.77563	0.01597	0.01176	0.01597	0.01008	0.01345	0.00756	0.00420	0.00588	0.00168	0.00840	0.00588	0.00252	0.00672
3	0.07553	0.13463	0.07666	0.00986	0.01377	0.13525	0.00865	0.20498	0.02606	0.01912	0.02250	0.03228	0.02530	0.00537	0.00428	0.00127	0.00544	0.00396	0.00337	0.19172
4	0.01393	0.14134	0.22900	0.02770	0.14591	0.18700	0.02750	0.10393	0.04854	0.01645	0.00933	0.01074	0.00730	0.00493	0.00455	0.00142	0.00681	0.00379	0.00275	0.00707
5	0.03636	0.12151	0.26518	0.01355	0.08634	0.05446	0.07952	0.03100	0.04303	0.08026	0.02345	0.04237	0.05780	0.00637	0.01717	0.00163	0.02530	0.00487	0.00304	0.00679
6	0.44681	0.05845	0.12419	0.02547	0.02685	0.13957	0.00861	0.03815	0.02663	0.01875	0.00870	0.04218	0.00724	0.00524	0.00386	0.00150	0.00537	0.00357	0.00294	0.00593
7	0.01184	0.00640	0.00817	0.00704	0.00918	0.00577	0.00551	0.03931	0.01407	0.25083	0.42729	0.03191	0.14393	0.00921	0.00559	0.00157	0.00304	0.00789	0.00555	0.00588
8	0.01358	0.01133	0.01220	0.01099	0.03652	0.01293	0.00839	0.16164	0.62444	0.02262	0.01846	0.01721	0.01378	0.00655	0.00505	0.00165	0.00428	0.00539	0.00498	0.00800
9	0.00764	0.00609	0.00815	0.00805	0.00887	0.03398	0.00614	0.00919	0.00813	0.01140	0.01321	0.02038	0.01269	0.12097	0.66963	0.00726	0.03572	0.00545	0.00269	0.00437
10	0.02236	0.00848	0.01157	0.00887	0.01272	0.00733	0.00733	0.02429	0.01427	0.79719	0.01966	0.01697	0.01234	0.00617	0.00501	0.00154	0.00424	0.00501	0.00617	0.00848
11	0.01053	0.00916	0.01132	0.00969	0.08947	0.00716	0.00684	0.01282	0.01044	0.01625	0.00891	0.01053	0.00743	0.00377	0.00381	0.00081	0.00391	0.00310	0.00290	0.77114
12	0.01221	0.01171	0.02000	0.06553	0.75982	0.01181	0.01523	0.01518	0.01129	0.01613	0.00935	0.01238	0.00784	0.00447	0.00494	0.00149	0.00595	0.00444	0.00246	0.00779
13	0.00624	0.00502	0.00553	0.00549	0.00691	0.00435	0.00405	0.00774	0.01187	0.01504	0.24300	0.08852	0.53192	0.03422	0.00644	0.00176	0.00256	0.01024	0.00481	0.00430
14	0.01431	0.09507	0.01441	0.01190	0.06749	0.12580	0.02222	0.13346	0.32697	0.04786	0.04902	0.01587	0.02801	0.00623	0.00503	0.00152	0.01841	0.00494	0.00418	0.00727
15	0.01444	0.04855	0.03216	0.02639	0.16354	0.03826	0.03841	0.24842	0.03101	0.06381	0.01096	0.02467	0.00856	0.00506	0.00460	0.00130	0.00524	0.00420	0.00364	0.22679
16	0.05297	0.05805	0.08533	0.03112	0.20320	0.05029	0.03312	0.29162	0.04165	0.03948	0.04054	0.01275	0.00949	0.00549	0.00505	0.00150	0.02275	0.00443	0.00364	0.00753
17	0.00685	0.00532	0.00606	0.00628	0.00746	0.00500	0.00468	0.00856	0.04136	0.01313	0.03531	0.08925	0.39825	0.17518	0.04335	0.00270	0.00387	0.13896	0.00424	0.00419
18	0.01784	0.01042	0.01213	0.00960	0.01309	0.01071	0.00782	0.31209	0.09744	0.29513	0.01575	0.01515	0.01097	0.00746	0.04160	0.00177	0.00495	0.00477	0.06552	0.04578
19	0.01042	0.03747	0.21894	0.03410	0.06100	0.09128	0.08271	0.04776	0.01157	0.01540	0.07516	0.14004	0.05297	0.03847	0.03716	0.00197	0.00609	0.00648	0.02508	0.00594
20	0.00651	0.00504	0.00593	0.00577	0.00713	0.00446	0.00430	0.00833	0.01273	0.01685	0.43771	0.07469	0.36966	0.01147	0.00590	0.00164	0.00245	0.00988	0.00508	0.00446
21	0.01305	0.14410	0.01678	0.14921	0.16463	0.19690	0.03920	0.05396	0.04438	0.01449	0.01255	0.03136	0.06282	0.02961	0.00530	0.00154	0.00632	0.00468	0.00285	0.00627
22	0.00856	0.00436	0.00642	0.00642	0.00642	0.00436	0.00424	0.00654	0.00654	0.00873	0.00913	0.01633	0.00929	0.07165	0.01988	0.79777	0.00436	0.00453	0.00222	0.00222
23	0.01606	0.13617	0.05529	0.03857	0.06690	0.15049	0.02959	0.19847	0.07667	0.11859	0.01169	0.01267	0.00886	0.00554	0.00488	0.00144	0.02228	0.01550	0.00373	0.02659
24	0.03645	0.04823	0.28396	0.04052	0.10392	0.07882	0.06537	0.05938	0.10652	0.04341	0.04382	0.01405	0.02649	0.00546	0.00483	0.00153	0.00618	0.00455	0.01948	0.00703

[dist]
# distance from previous block
# <min> <max>
0	1

[block]
# block no. 7 follows, 50 sequences, length 14
# corresponding to MSA columns:
# 380-393
name=unknown_H
#
# <colnr> <probs for GDERKNQSTAVLIFYWHMCP>
#	G	D	E	R	K	N	Q	S	T	A	V	L	I	F	Y	W	H	M	C	P
0	0.03092	0.06869	0.01331	0.01065	0.03857	0.03088	0.00835	0.24556	0.32219	0.02218	0.01585	0.01664	0.03077	0.00632	0.00482	0.00150	0.00464	0.03426	0.00443	0.08949
1	0.02092	0.00991	0.01229	0.00946	0.01326	0.00956	0.00780	0.23920	0.01675	0.55013	0.01734	0.01559	0.01125	0.00610	0.00495	0.00152	0.00453	0.00485	0.03625	0.00834
2	0.01091	0.06980	0.18994	0.11703	0.22087	0.01109	0.07763	0.01496	0.05858	0.04038	0.03367	0.03674	0.07253	0.01813	0.00531	0.00161	0.00587	0.00526	0.00293	0.00675
3	0.01266	0.15729	0.19803	0.03045	0.09349	0.10618	0.16401	0.06993	0.03682	0.01571	0.01012	0.01207	0.01878	0.00649	0.04520	0.00179	0.00725	0.00428	0.00265	0.00680
4	0.00642	0.00500	0.00583	0.00578	0.00710	0.00441	0.00427	0.00812	0.01237	0.01624	0.37157	0.12304	0.38826	0.01187	0.00593	0.00167	0.00249	0.01024	0.00500	0.00441
5	0.00760	0.00603	0.03096	0.00774	0.00880	0.00638	0.00618	0.00944	0.00849	0.01266	0.01475	0.03942	0.03341	0.06056	0.57042	0.00622	0.04357	0.00558	0.11725	0.00453
6	0.01649	0.18148	0.01600	0.06091	0.01549	0.51217	0.00928	0.01851	0.04250	0.03624	0.00881	0.01006	0.00720	0.00507	0.00426	0.00128	0.00751	0.00338	0.03735	0.00600
7	0.00710	0.00579	0.00848	0.21152	0.03860	0.00609	0.00721	0.00869	0.00988	0.01291	0.02442	0.51695	0.09881	0.01229	0.00592	0.00188	0.00390	0.01105	0.00395	0.00456
8	0.05532	0.00953	0.04907	0.01077	0.01268	0.01018	0.09831	0.10391	0.01038	0.01535	0.01127	0.01663	0.01022	0.10832	0.26544	0.00411	0.16787	0.00508	0.03012	0.00543
9	0.01033	0.00935	0.01495	0.73544	0.03251	0.01150	0.01342	0.08657	0.01127	0.01454	0.00916	0.01316	0.00682	0.00508	0.00498	0.00165	0.00653	0.00444	0.00248	0.00582
10	0.11655	0.00919	0.01144	0.00888	0.01266	0.00861	0.00733	0.10197	0.01457	0.62961	0.01742	0.01544	0.01115	0.00598	0.00479	0.00154	0.00433	0.00470	0.00570	0.00813
11	0.00611	0.00447	0.00574	0.00666	0.00718	0.00411	0.00452	0.00711	0.01005	0.01325	0.07545	0.67603	0.13119	0.01491	0.00627	0.00195	0.00281	0.01340	0.00468	0.00411
12	0.05748	0.02787	0.02277	0.00869	0.03288	0.02303	0.00655	0.08960	0.08186	0.02909	0.11267	0.08511	0.03172	0.09232	0.25034	0.00384	0.00694	0.00638	0.02549	0.00538
13	0.48241	0.01140	0.04749	0.01093	0.08729	0.01247	0.00837	0.11865	0.02783	0.02117	0.00819	0.00978	0.00648	0.00544	0.00557	0.00163	0.12208	0.00346	0.00315	0.00621

[dist]
# distance from previous block
# <min> <max>
0	3

[block]
# block no. 8 follows, 50 sequences, length 22
# corresponding to MSA columns:
# 397-418
name=unknown_I
#
# <colnr> <probs for GDERKNQSTAVLIFYWHMCP>
#	G	D	E	R	K	N	Q	S	T	A	V	L	I	F	Y	W	H	M	C	P
0	0.00635	0.00466	0.00605	0.00684	0.00747	0.00423	0.00466	0.00739	0.00991	0.01334	0.06831	0.70032	0.06628	0.01454	0.00617	0.00191	0.00289	0.01311	0.00458	0.05097
1	0.01222	0.01041	0.01334	0.05063	0.14546	0.04214	0.05179	0.05983	0.30973	0.05988	0.04537	0.06872	0.04506	0.00809	0.03093	0.00186	0.00509	0.02825	0.00419	0.00700
2	0.01288	0.01025	0.01092	0.00966	0.01244	0.01164	0.00756	0.08291	0.61708	0.04908	0.03898	0.01850	0.01521	0.00669	0.00496	0.00163	0.00390	0.00553	0.07255	0.00762
3	0.01145	0.01029	0.01412	0.16891	0.20026	0.03683	0.01078	0.08459	0.12161	0.01638	0.04015	0.01660	0.02971	0.03262	0.05796	0.02303	0.09923	0.01588	0.00320	0.00639
4	0.00774	0.00461	0.00592	0.00601	0.00609	0.00461	0.00375	0.00709	0.00725	0.00982	0.01392	0.09018	0.01542	0.40637	0.04079	0.33102	0.00463	0.00658	0.02535	0.00286
5	0.10936	0.02590	0.04027	0.03250	0.18456	0.09734	0.15656	0.01440	0.01030	0.01503	0.00948	0.05128	0.00846	0.00754	0.04603	0.00199	0.17535	0.00484	0.00259	0.00621
6	0.33725	0.25753	0.04085	0.01011	0.05198	0.14215	0.02629	0.01623	0.03059	0.03625	0.00799	0.00913	0.00650	0.00468	0.00366	0.00136	0.00546	0.00310	0.00277	0.00612
7	0.01174	0.03391	0.07574	0.06167	0.28505	0.01057	0.07597	0.01599	0.10716	0.07988	0.03684	0.06422	0.04281	0.00734	0.02895	0.00181	0.02514	0.02488	0.00340	0.00693
8	0.01192	0.01038	0.02815	0.02589	0.06978	0.04596	0.07266	0.09449	0.08951	0.05946	0.08032	0.11535	0.01506	0.00683	0.00546	0.00144	0.03964	0.00587	0.00382	0.21799
9	0.00664	0.00504	0.00615	0.00615	0.00738	0.00454	0.00462	0.00849	0.01257	0.01682	0.42641	0.12992	0.27580	0.01178	0.00600	0.00170	0.00261	0.05782	0.00507	0.00447
10	0.01195	0.01239	0.05902	0.08939	0.61451	0.01184	0.07256	0.01551	0.03461	0.01610	0.00970	0.01259	0.00792	0.00455	0.00500	0.00152	0.00618	0.00455	0.00251	0.00760
11	0.00611	0.00448	0.00565	0.00656	0.00705	0.00412	0.00440	0.00699	0.00969	0.01266	0.03038	0.65413	0.15081	0.06274	0.00741	0.00214	0.00295	0.01319	0.00453	0.00401
12	0.00826	0.00647	0.00850	0.02756	0.02731	0.00664	0.03882	0.06833	0.03380	0.01404	0.04265	0.28504	0.11392	0.22994	0.03272	0.00280	0.03538	0.00931	0.00392	0.00457
13	0.07229	0.27294	0.13652	0.07555	0.08654	0.18542	0.01114	0.05001	0.01165	0.02842	0.00822	0.00980	0.00668	0.00482	0.00436	0.00136	0.02186	0.00339	0.00252	0.00652
14	0.00851	0.00558	0.00670	0.00625	0.00796	0.00486	0.00469	0.01014	0.01213	0.10871	0.26461	0.13883	0.31066	0.03489	0.00630	0.00172	0.00285	0.00938	0.00493	0.05032
15	0.03375	0.08013	0.05080	0.10828	0.17699	0.04024	0.04941	0.17863	0.04322	0.05193	0.01134	0.01476	0.00935	0.10274	0.00720	0.00188	0.00575	0.00466	0.02217	0.00677
16	0.00803	0.02880	0.06221	0.00936	0.06108	0.02391	0.03801	0.00982	0.01055	0.02559	0.05937	0.35290	0.15669	0.02584	0.02827	0.00197	0.00410	0.02782	0.04697	0.01872
17	0.03250	0.17398	0.03013	0.00768	0.01055	0.02383	0.00650	0.03306	0.07470	0.05312	0.08371	0.04193	0.07378	0.02864	0.07154	0.00192	0.00476	0.00519	0.09173	0.15076
18	0.06422	0.10929	0.18348	0.01290	0.08477	0.03513	0.06427	0.12903	0.06672	0.03151	0.01051	0.01219	0.00821	0.00499	0.00447	0.00138	0.00564	0.01700	0.01802	0.13628
19	0.02599	0.05398	0.12589	0.03456	0.15110	0.08176	0.03191	0.09839	0.07668	0.05658	0.07647	0.01625	0.01253	0.03369	0.04715	0.00193	0.00606	0.02152	0.00343	0.04412
20	0.05728	0.07756	0.04744	0.02389	0.07242	0.06067	0.06487	0.15662	0.06882	0.01866	0.02714	0.10378	0.03039	0.00709	0.01993	0.00157	0.00521	0.00546	0.04726	0.10396
21	0.03210	0.04358	0.10099	0.01116	0.07429	0.08380	0.02742	0.09636	0.07578	0.03741	0.10519	0.08078	0.05683	0.03318	0.00556	0.00156	0.00492	0.00582	0.01706	0.10621

[dist]
# distance from previous block
# <min> <max>
0	55

[block]
# block no. 9 follows, 50 sequences, length 23
# corresponding to MSA columns:
# 533-555
name=unknown_J
#
# <colnr> <probs for GDERKNQSTAVLIFYWHMCP>
#	G	D	E	R	K	N	Q	S	T	A	V	L	I	F	Y	W	H	M	C	P
0	0.01312	0.07712	0.12520	0.03736	0.04200	0.06777	0.00975	0.16607	0.06716	0.06923	0.04473	0.08803	0.03480	0.00695	0.00544	0.00153	0.04322	0.02360	0.00376	0.07317
