[name]
unknown

[dist]
# distance from previous block
# <min> <max>
22	525

[block]
# block no. 0 follows, 58 sequences, length 21
# corresponding to MSA columns:
# 982-1002
name=unknown_A
#
# <colnr> <probs for GDERKNQSTAVLIFYWHMCP>
#	G	D	E	R	K	N	Q	S	T	A	V	L	I	F	Y	W	H	M	C	P
0	0.02574	0.03663	0.04725	0.10178	0.31423	0.05168	0.01070	0.03632	0.04389	0.06345	0.01070	0.02435	0.03942	0.01971	0.02703	0.00165	0.13248	0.00429	0.00263	0.00605
1	0.16639	0.02566	0.01294	0.22857	0.15632	0.05020	0.04230	0.04418	0.06377	0.04290	0.02025	0.03490	0.01981	0.00516	0.00497	0.00145	0.06771	0.00414	0.00272	0.00565
2	0.04614	0.02079	0.01041	0.05437	0.03170	0.05845	0.06638	0.06280	0.02891	0.03034	0.01455	0.16456	0.05137	0.08856	0.10293	0.00244	0.08389	0.02556	0.00306	0.05279
3	0.00966	0.00974	0.00968	0.05316	0.05588	0.20580	0.03692	0.02803	0.03027	0.01283	0.08584	0.25246	0.05454	0.00945	0.03375	0.02297	0.00491	0.03275	0.00330	0.04805
4	0.04283	0.01047	0.01164	0.08272	0.06126	0.12435	0.05056	0.09746	0.03073	0.06117	0.01116	0.01232	0.05161	0.00509	0.01794	0.00122	0.00485	0.00376	0.01644	0.30239
5	0.00994	0.00809	0.01161	0.17095	0.12840	0.00817	0.03295	0.01306	0.08786	0.07532	0.02453	0.01451	0.04514	0.03990	0.04446	0.01638	0.03589	0.00427	0.00291	0.22565
6	0.00951	0.00786	0.00921	0.00671	0.01053	0.00604	0.00535	0.01172	0.02917	0.03690	0.00897	0.03444	0.00761	0.00376	0.00345	0.00074	0.00331	0.00306	0.00282	0.79885
7	0.00942	0.00896	0.01510	0.51918	0.30636	0.01032	0.01279	0.01222	0.00931	0.01253	0.00804	0.01155	0.00636	0.00442	0.00482	0.00145	0.03543	0.00398	0.00207	0.00571
8	0.00720	0.00597	0.00904	0.04406	0.21045	0.00601	0.00702	0.00866	0.00880	0.01199	0.01880	0.36219	0.07216	0.06183	0.12793	0.00261	0.00491	0.02257	0.00324	0.00457
9	0.00867	0.00817	0.01381	0.76503	0.09612	0.01000	0.01253	0.01162	0.00905	0.01169	0.00799	0.01185	0.00606	0.00443	0.00447	0.00148	0.00591	0.00398	0.00201	0.00515
10	0.01064	0.01135	0.01023	0.00915	0.01054	0.26050	0.00704	0.01179	0.00919	0.01112	0.01070	0.05733	0.04120	0.08965	0.12965	0.00252	0.20038	0.00450	0.00249	0.11001
11	0.00928	0.00795	0.00928	0.00663	0.01060	0.00596	0.00530	0.01126	0.00928	0.01458	0.00795	0.00928	0.00663	0.00331	0.00331	0.00066	0.00331	0.00265	0.00265	0.87014
12	0.03218	0.00985	0.15372	0.00882	0.01155	0.00778	0.04380	0.04690	0.11487	0.04611	0.04802	0.11359	0.06092	0.03145	0.13244	0.00242	0.02818	0.02895	0.00329	0.07517
13	0.00777	0.00389	0.00583	0.00583	0.00583	0.00389	0.00389	0.00583	0.00583	0.00777	0.00777	0.01360	0.00777	0.01554	0.01748	0.86985	0.00389	0.00389	0.00194	0.00194
14	0.00645	0.00483	0.00612	0.03910	0.00737	0.01842	0.00441	0.00719	0.00753	0.01012	0.01659	0.29205	0.01880	0.34039	0.17832	0.00387	0.02392	0.00798	0.00307	0.00345
15	0.00804	0.00664	0.03912	0.00681	0.00875	0.00571	0.00534	0.01109	0.11719	0.04994	0.13589	0.25066	0.06861	0.05804	0.00587	0.00157	0.00314	0.02652	0.00389	0.18718
16	0.01003	0.00964	0.01638	0.24590	0.39858	0.00982	0.09263	0.01279	0.00975	0.01370	0.00828	0.01115	0.00668	0.00400	0.00436	0.00129	0.00543	0.00392	0.00222	0.13344
17	0.01045	0.01000	0.01699	0.05020	0.41223	0.00959	0.15892	0.03903	0.01055	0.01508	0.05708	0.01230	0.00904	0.00420	0.00444	0.00125	0.00518	0.00423	0.00253	0.16671
18	0.01070	0.04666	0.39349	0.01219	0.01683	0.08763	0.10919	0.01650	0.17701	0.03491	0.01056	0.02392	0.00800	0.00487	0.00468	0.00143	0.02831	0.00403	0.00266	0.00641
19	0.00874	0.00816	0.01328	0.70948	0.04488	0.01015	0.01189	0.03246	0.00918	0.01192	0.00899	0.01264	0.02978	0.00493	0.00523	0.00152	0.06548	0.00413	0.00212	0.00504
20	0.01144	0.00726	0.00939	0.04126	0.07129	0.00729	0.00657	0.08099	0.13245	0.19789	0.32198	0.04220	0.03655	0.00713	0.00484	0.00142	0.00335	0.00615	0.00461	0.00592

[dist]
# distance from previous block
# <min> <max>
0	1

[block]
# block no. 1 follows, 58 sequences, length 22
# corresponding to MSA columns:
# 1004-1025
name=unknown_B
#
# <colnr> <probs for GDERKNQSTAVLIFYWHMCP>
#	G	D	E	R	K	N	Q	S	T	A	V	L	I	F	Y	W	H	M	C	P
0	0.00900	0.02555	0.02319	0.08306	0.16009	0.02380	0.07188	0.03343	0.05134	0.03822	0.10304	0.20423	0.04363	0.00816	0.00547	0.01222	0.02883	0.06623	0.00340	0.00523
1	0.03715	0.03217	0.01101	0.06914	0.07910	0.02461	0.00791	0.08503	0.07665	0.01353	0.01035	0.01407	0.00909	0.03987	0.32170	0.00379	0.15269	0.00433	0.00266	0.00514
2	0.01185	0.35238	0.16357	0.02484	0.04805	0.18573	0.00949	0.01436	0.03244	0.01220	0.02990	0.00975	0.02038	0.00438	0.00365	0.00112	0.00561	0.00312	0.00225	0.06492
3	0.01044	0.26559	0.49511	0.01116	0.01657	0.03471	0.03571	0.01452	0.03356	0.03242	0.00803	0.00917	0.00609	0.00421	0.00388	0.00128	0.00598	0.00316	0.00209	0.00634
4	0.02154	0.08639	0.07602	0.03054	0.03948	0.18027	0.08947	0.04245	0.04600	0.01286	0.02790	0.08445	0.01091	0.08736	0.03622	0.00189	0.06824	0.02591	0.00270	0.02942
5	0.00563	0.00417	0.00522	0.00582	0.00646	0.00381	0.00406	0.00669	0.00949	0.01250	0.14475	0.51318	0.19023	0.03600	0.00605	0.00177	0.00255	0.03365	0.00423	0.00374
6	0.01182	0.00995	0.01051	0.00924	0.01190	0.01145	0.00725	0.11548	0.71397	0.01983	0.01732	0.01599	0.01294	0.00599	0.00454	0.00150	0.00370	0.00494	0.00454	0.00714
7	0.03600	0.02007	0.08476	0.05290	0.09564	0.00876	0.10225	0.06724	0.06887	0.09398	0.05586	0.02348	0.00985	0.00464	0.00421	0.00120	0.00456	0.00410	0.00315	0.25847
8	0.03165	0.18093	0.53223	0.05802	0.01787	0.01184	0.02817	0.04560	0.00987	0.03329	0.00799	0.00933	0.00591	0.00424	0.00399	0.00133	0.00602	0.00324	0.00212	0.00636
9	0.01673	0.02082	0.01272	0.01145	0.01383	0.77877	0.00864	0.06228	0.01315	0.01193	0.00713	0.00822	0.00587	0.00465	0.00406	0.00116	0.00789	0.00295	0.00243	0.00532
10	0.01059	0.01074	0.07320	0.13562	0.44606	0.01016	0.06453	0.01451	0.09367	0.04201	0.02763	0.01315	0.02875	0.00462	0.00453	0.00140	0.00526	0.00438	0.00263	0.00656
11	0.01206	0.05144	0.30394	0.02700	0.12390	0.03191	0.10897	0.10274	0.04161	0.11113	0.01009	0.01153	0.00743	0.00467	0.00463	0.00140	0.02204	0.01400	0.00284	0.00668
12	0.00651	0.00434	0.00488	0.00488	0.00488	0.00434	0.00271	0.00651	0.00651	0.00867	0.01409	0.02927	0.01626	0.84279	0.02277	0.00434	0.00434	0.00651	0.00271	0.00271
13	0.00562	0.00438	0.00511	0.00534	0.00640	0.00388	0.00390	0.00691	0.01032	0.01328	0.21493	0.25706	0.40256	0.01158	0.00542	0.00158	0.00237	0.03115	0.00433	0.00385
14	0.01204	0.04221	0.13251	0.10357	0.28664	0.06797	0.10734	0.14901	0.01204	0.03124	0.00878	0.01073	0.00675	0.00435	0.00444	0.00136	0.00592	0.00393	0.00260	0.00659
15	0.00941	0.10017	0.67065	0.01264	0.01875	0.01116	0.07225	0.01429	0.02505	0.01392	0.00813	0.00956	0.00591	0.00421	0.00420	0.00138	0.00644	0.00340	0.00197	0.00650
16	0.00668	0.00477	0.00598	0.00575	0.00690	0.00444	0.00430	0.00878	0.03516	0.03916	0.53695	0.08598	0.15641	0.03436	0.02333	0.00168	0.00258	0.02792	0.00462	0.00425
17	0.03246	0.00556	0.00678	0.00687	0.04326	0.00536	0.00490	0.03617	0.06155	0.03301	0.41747	0.08724	0.21031	0.00926	0.00512	0.00147	0.00262	0.02153	0.00447	0.00459
18	0.01132	0.05016	0.06740	0.07258	0.08257	0.02522	0.20540	0.09478	0.03376	0.06170	0.00985	0.01207	0.02305	0.00620	0.03287	0.00170	0.18211	0.00436	0.01693	0.00596
19	0.01209	0.43749	0.15565	0.00932	0.01328	0.06841	0.03245	0.07878	0.06530	0.03686	0.00877	0.02648	0.00725	0.00453	0.00361	0.00117	0.00518	0.00330	0.02400	0.00608
20	0.01155	0.03658	0.01740	0.06995	0.43856	0.11964	0.11662	0.01511	0.08885	0.01423	0.02279	0.01167	0.00800	0.00436	0.00447	0.00135	0.00577	0.00414	0.00249	0.00647
21	0.00719	0.02361	0.00793	0.09497	0.04235	0.02968	0.00589	0.00853	0.00788	0.01068	0.01409	0.10198	0.03596	0.20506	0.34193	0.00444	0.00747	0.01947	0.02690	0.00397

[dist]
# distance from previous block
# <min> <max>
9	29

[block]
# block no. 2 follows, 58 sequences, length 58
# corresponding to MSA columns:
# 1055-1071,1073-1092,1103-1123
name=unknown_C
#
# <colnr> <probs for GDERKNQSTAVLIFYWHMCP>
#	G	D	E	R	K	N	Q	S	T	A	V	L	I	F	Y	W	H	M	C	P
0	0.01102	0.03634	0.05535	0.08453	0.06651	0.10624	0.01946	0.02460	0.13403	0.09453	0.06535	0.06762	0.06365	0.00665	0.02215	0.00145	0.01733	0.00501	0.00338	0.11479
1	0.15232	0.00861	0.04903	0.02672	0.04176	0.02089	0.05520	0.05689	0.11398	0.11015	0.17259	0.03135	0.11910	0.00675	0.00454	0.00144	0.00377	0.01540	0.00393	0.00557
2	0.00977	0.01627	0.40143	0.01334	0.06863	0.01007	0.14521	0.05065	0.06765	0.01528	0.04235	0.01213	0.02252	0.00465	0.00466	0.00137	0.02282	0.00410	0.00252	0.08457
3	0.00772	0.00390	0.00579	0.00579	0.00579	0.00390	0.00383	0.00586	0.00586	0.00781	0.00804	0.01428	0.00814	0.05147	0.01771	0.83226	0.00390	0.00400	0.00198	0.00198
4	0.01199	0.05743	0.01320	0.11188	0.11287	0.09494	0.04602	0.06050	0.26514	0.07353	0.01239	0.01409	0.00979	0.06746	0.00603	0.00162	0.02720	0.00441	0.00332	0.00619
5	0.01000	0.00995	0.06504	0.03437	0.09607	0.03711	0.05046	0.02303	0.03303	0.02814	0.00894	0.03040	0.00743	0.00396	0.00379	0.00094	0.00424	0.00339	0.00267	0.54706
6	0.35786	0.01073	0.02361	0.07900	0.15957	0.09788	0.02637	0.05064	0.04696	0.02784	0.00827	0.02250	0.00676	0.01958	0.00459	0.00145	0.04462	0.00349	0.00271	0.00557
7	0.00925	0.00706	0.00870	0.00815	0.01975	0.00742	0.03466	0.12788	0.17052	0.03746	0.03908	0.22586	0.09729	0.02914	0.07315	0.00212	0.00425	0.06777	0.02527	0.00523
8	0.00973	0.00957	0.01708	0.40950	0.26900	0.01044	0.15391	0.01310	0.03860	0.01319	0.00866	0.01186	0.00673	0.00426	0.00461	0.00145	0.00596	0.00425	0.00220	0.00589
9	0.00845	0.00795	0.01342	0.83204	0.03081	0.00994	0.01242	0.01143	0.00894	0.01143	0.00795	0.01193	0.00596	0.00447	0.00447	0.00149	0.00596	0.00398	0.00199	0.00497
10	0.01013	0.00766	0.00821	0.00743	0.00948	0.00847	0.00575	0.03745	0.46729	0.03280	0.11440	0.01846	0.01632	0.00617	0.00427	0.00137	0.00304	0.00514	0.21764	0.01853
11	0.84707	0.00877	0.00679	0.00602	0.00882	0.01016	0.00496	0.03822	0.00804	0.02033	0.00637	0.00738	0.00493	0.00419	0.00282	0.00138	0.00351	0.00247	0.00282	0.00493
12	0.00608	0.00445	0.00575	0.00613	0.00682	0.00424	0.00433	0.00798	0.04997	0.01436	0.33536	0.48047	0.03377	0.01170	0.00548	0.00164	0.00245	0.01051	0.00448	0.00404
13	0.00533	0.00452	0.00460	0.00462	0.00608	0.00379	0.00345	0.00649	0.01024	0.01228	0.07265	0.06352	0.76460	0.01132	0.00530	0.00151	0.00227	0.00948	0.00418	0.00379
14	0.12329	0.00783	0.00980	0.00774	0.01099	0.00731	0.00635	0.02060	0.07543	0.63875	0.03437	0.01478	0.01123	0.00549	0.00431	0.00140	0.00370	0.00437	0.00511	0.00716
15	0.00926	0.00882	0.01510	0.58038	0.25666	0.01017	0.03186	0.01216	0.00934	0.01242	0.00811	0.01168	0.00631	0.00431	0.00448	0.00144	0.00581	0.00401	0.00206	0.00561
16	0.01121	0.01089	0.01802	0.02707	0.79521	0.03063	0.01360	0.01383	0.01025	0.01452	0.00838	0.01100	0.00705	0.00400	0.00442	0.00132	0.00538	0.00396	0.00222	0.00704
17	0.00530	0.00447	0.00460	0.00470	0.00609	0.00376	0.00348	0.00640	0.01003	0.01202	0.04321	0.12444	0.73305	0.01160	0.00533	0.00154	0.00230	0.00978	0.00415	0.00376
18	0.87439	0.00865	0.00657	0.00588	0.00865	0.01003	0.00484	0.01315	0.00761	0.02007	0.00623	0.00727	0.00484	0.00415	0.00277	0.00138	0.00346	0.00242	0.00277	0.00484
19	0.00840	0.00784	0.00983	0.00831	0.01019	0.09146	0.13130	0.03739	0.01117	0.01462	0.21882	0.06156	0.22904	0.00898	0.03495	0.00163	0.02266	0.00695	0.08030	0.00459
20	0.00667	0.00524	0.00805	0.00772	0.00861	0.00609	0.03101	0.00832	0.00742	0.01072	0.03254	0.01747	0.01162	0.03085	0.74233	0.00663	0.04731	0.00486	0.00244	0.00410
21	0.00924	0.00795	0.00946	0.04248	0.01148	0.00614	0.00561	0.01127	0.00926	0.01444	0.00795	0.00939	0.00660	0.00336	0.00336	0.00070	0.00343	0.00271	0.00262	0.83256
22	0.00635	0.00456	0.00621	0.00718	0.00788	0.00442	0.00567	0.00782	0.00958	0.01257	0.04101	0.39762	0.05378	0.01299	0.00592	0.00192	0.00335	0.40312	0.00415	0.00390
23	0.00777	0.00389	0.00583	0.00583	0.00583	0.00389	0.00389	0.00583	0.00583	0.00777	0.00777	0.01360	0.00777	0.01554	0.01748	0.86985	0.00389	0.00389	0.00194	0.00194
24	0.00775	0.11563	0.01085	0.01859	0.03783	0.00722	0.08697	0.03350	0.02821	0.01265	0.01909	0.47648	0.02144	0.01045	0.00519	0.00164	0.00376	0.08461	0.01358	0.00455
25	0.01157	0.01109	0.01724	0.02500	0.70341	0.05089	0.01288	0.06109	0.01103	0.01535	0.03203	0.01156	0.00808	0.00425	0.00444	0.00132	0.00533	0.00405	0.00243	0.00694
26	0.01388	0.40764	0.05496	0.01020	0.03641	0.37310	0.00867	0.01556	0.02220	0.01112	0.00685	0.00792	0.00590	0.00423	0.00352	0.00108	0.00631	0.00273	0.00213	0.00559
27	0.87439	0.00865	0.00657	0.00588	0.00865	0.01003	0.00484	0.01315	0.00761	0.02007	0.00623	0.00727	0.00484	0.00415	0.00277	0.00138	0.00346	0.00242	0.00277	0.00484
28	0.02426	0.03021	0.11510	0.05167	0.41104	0.04304	0.03289	0.03507	0.18168	0.01549	0.01039	0.01187	0.00817	0.00454	0.00438	0.00138	0.00524	0.00407	0.00273	0.00679
29	0.00981	0.00929	0.01550	0.26797	0.46697	0.00982	0.03008	0.02616	0.01001	0.01364	0.01192	0.01446	0.08527	0.00487	0.00455	0.00140	0.00526	0.00454	0.00238	0.00611
30	0.00597	0.00463	0.00539	0.00526	0.00647	0.00419	0.00392	0.00768	0.02511	0.01452	0.37074	0.05379	0.37922	0.05440	0.02077	0.00173	0.00255	0.02529	0.00438	0.00398
31	0.00905	0.02589	0.00991	0.12693	0.01277	0.03757	0.06066	0.07701	0.08450	0.03194	0.01633	0.26390	0.02952	0.03244	0.01610	0.07090	0.00430	0.05070	0.03482	0.00473
32	0.01252	0.01009	0.01075	0.00929	0.01205	0.01150	0.00733	0.16967	0.63381	0.04590	0.01678	0.01552	0.01244	0.00592	0.00454	0.00148	0.00381	0.00485	0.00457	0.00720
33	0.01113	0.00961	0.01011	0.00910	0.01163	0.01113	0.00708	0.02377	0.80681	0.01871	0.01821	0.01669	0.01365	0.00607	0.00455	0.00152	0.00354	0.00506	0.00455	0.00708
34	0.00559	0.00400	0.00535	0.00635	0.00669	0.00375	0.00437	0.00649	0.00878	0.01170	0.04214	0.76699	0.02960	0.01379	0.00573	0.00182	0.00269	0.06632	0.00417	0.00368
35	0.00553	0.00399	0.00510	0.00595	0.00630	0.00371	0.00395	0.00627	0.00853	0.01123	0.02563	0.69100	0.10201	0.08940	0.00723	0.00202	0.00272	0.01184	0.00402	0.00356
36	0.01046	0.01234	0.05449	0.01822	0.02256	0.01142	0.72486	0.01412	0.01030	0.01412	0.00883	0.01184	0.00669	0.00402	0.00578	0.00153	0.05507	0.00513	0.00223	0.00599
37	0.00590	0.00456	0.00538	0.00517	0.00642	0.00404	0.00388	0.00760	0.01164	0.01550	0.49362	0.03742	0.36264	0.01005	0.00528	0.00145	0.00217	0.00865	0.00460	0.00404
38	0.00819	0.04152	0.00710	0.00604	0.00748	0.00520	0.00463	0.02884	0.01163	0.10501	0.42675	0.14512	0.11751	0.00982	0.02494	0.00158	0.00281	0.00794	0.03328	0.00461
39	0.01196	0.84548	0.02344	0.00765	0.01148	0.01770	0.00765	0.01339	0.00909	0.01052	0.00622	0.00718	0.00574	0.00383	0.00287	0.00096	0.00478	0.00239	0.00191	0.00574
40	0.01671	0.02132	0.01268	0.01152	0.01383	0.82483	0.00864	0.01786	0.01268	0.01095	0.00691	0.00807	0.00576	0.00461	0.00403	0.00115	0.00807	0.00288	0.00230	0.00519
41	0.00947	0.01191	0.15486	0.01188	0.01323	0.01257	0.03611	0.01131	0.00744	0.01145	0.00671	0.01026	0.00618	0.00858	0.06005	0.00215	0.61478	0.00390	0.00198	0.00518
42	0.00631	0.00457	0.00595	0.00561	0.00667	0.00421	0.00420	0.00840	0.01261	0.01782	0.79697	0.03361	0.05784	0.00919	0.00528	0.00141	0.00211	0.00812	0.00491	0.00421
43	0.00568	0.00455	0.00508	0.00495	0.00629	0.00395	0.00371	0.00719	0.01113	0.01431	0.33743	0.03938	0.51957	0.01050	0.00528	0.00147	0.00221	0.00893	0.00445	0.00395
44	0.01101	0.01034	0.01721	0.14408	0.65746	0.01070	0.01326	0.05548	0.01058	0.01488	0.00847	0.01118	0.00695	0.00413	0.00444	0.00135	0.00539	0.00399	0.00230	0.00680
45	0.00648	0.00490	0.00724	0.00719	0.00792	0.00573	0.00555	0.00798	0.00715	0.01031	0.01193	0.01797	0.01131	0.07430	0.76330	0.00691	0.03261	0.00486	0.00240	0.00395
46	0.00680	0.00609	0.00691	0.00654	0.00811	0.04558	0.03829	0.00894	0.05964	0.01245	0.04636	0.03438	0.47496	0.01422	0.14657	0.00251	0.00467	0.06904	0.00372	0.00422
47	0.00980	0.00831	0.00954	0.00701	0.01084	0.00678	0.00560	0.04954	0.07814	0.01557	0.00896	0.00998	0.00727	0.00365	0.00347	0.00077	0.00341	0.00292	0.00290	0.75553
48	0.00955	0.00794	0.00930	0.00666	0.01062	0.00598	0.00533	0.01153	0.00937	0.03511	0.00820	0.00943	0.00674	0.00337	0.00334	0.00068	0.00333	0.00270	0.00272	0.84809
49	0.09935	0.12178	0.55653	0.01128	0.01672	0.02975	0.02451	0.01421	0.00934	0.04134	0.00787	0.00915	0.00580	0.00434	0.00426	0.00137	0.03084	0.00318	0.00212	0.00626
50	0.00992	0.05445	0.58559	0.01360	0.05964	0.05849	0.08829	0.02654	0.02440	0.01413	0.00846	0.02135	0.00636	0.00438	0.00432	0.00139	0.00650	0.00364	0.00209	0.00644
51	0.00722	0.00516	0.00635	0.00621	0.00679	0.02901	0.00437	0.00810	0.00761	0.02996	0.06633	0.02269	0.01495	0.35017	0.34073	0.03375	0.01725	0.00557	0.03421	0.00357
52	0.01183	0.08290	0.08424	0.04282	0.22217	0.22381	0.05930	0.03088	0.02282	0.02474	0.02937	0.02218	0.03397	0.04805	0.02918	0.00162	0.01771	0.00413	0.00249	0.00576
53	0.00992	0.02636	0.00981	0.00705	0.01080	0.02433	0.00568	0.06865	0.01021	0.01530	0.00884	0.02849	0.00763	0.00395	0.00353	0.00079	0.00357	0.02193	0.00283	0.73034
54	0.05063	0.00696	0.00906	0.00777	0.01008	0.00659	0.05296	0.03905	0.08583	0.11011	0.18512	0.06242	0.04323	0.02538	0.00516	0.00148	0.00354	0.13200	0.00405	0.15857
55	0.00832	0.02825	0.01380	0.22706	0.14085	0.00844	0.15673	0.01066	0.00977	0.01275	0.04389	0.05587	0.21676	0.02172	0.00543	0.00153	0.02409	0.00614	0.00283	0.00508
56	0.04902	0.01070	0.07883	0.19781	0.21923	0.02809	0.04380	0.05190	0.13123	0.01512	0.03048	0.01329	0.00894	0.01669	0.00507	0.00147	0.03741	0.02016	0.00275	0.03802
57	0.01067	0.00943	0.01263	0.25763	0.12696	0.04654	0.02989	0.10517	0.06307	0.02917	0.02205	0.03972	0.00849	0.00476	0.00424	0.00125	0.00486	0.00410	0.01490	0.20446

[dist]
# distance from previous block
# <min> <max>
4	11

[block]
# block no. 3 follows, 58 sequences, length 105
# corresponding to MSA columns:
# 1139-1243
name=unknown_D
#
# <colnr> <probs for GDERKNQSTAVLIFYWHMCP>
#	G	D	E	R	K	N	Q	S	T	A	V	L	I	F	Y	W	H	M	C	P
0	0.03132	0.05742	0.04137	0.16890	0.09623	0.27898	0.04070	0.05564	0.04365	0.01338	0.04360	0.02727	0.01974	0.02036	0.00493	0.00138	0.03133	0.00401	0.00259	0.01722
1	0.03236	0.01109	0.05231	0.15607	0.44344	0.04833	0.02671	0.04978	0.05384	0.01486	0.00882	0.01110	0.00706	0.00424	0.00432	0.00132	0.00536	0.00386	0.00244	0.06268
2	0.00825	0.00743	0.01017	0.09352	0.17441	0.06631	0.01889	0.01009	0.02083	0.01188	0.01424	0.22375	0.01476	0.03350	0.21871	0.01743	0.00653	0.04170	0.00286	0.00473
3	0.81905	0.00858	0.00682	0.00602	0.00883	0.00981	0.00496	0.01371	0.00795	0.07176	0.00697	0.00778	0.00525	0.00424	0.00288	0.00138	0.00348	0.00256	0.00295	0.00502
4	0.00959	0.00497	0.00528	0.00489	0.00628	0.00495	0.00376	0.06141	0.01051	0.07483	0.04519	0.01740	0.03000	0.00553	0.00344	0.00111	0.00239	0.00445	0.69936	0.00463
5	0.00552	0.00404	0.00520	0.00605	0.00652	0.00372	0.00415	0.00645	0.00902	0.01187	0.06487	0.67811	0.12838	0.01340	0.00565	0.00177	0.00258	0.03483	0.00419	0.00369
6	0.00560	0.00410	0.00526	0.00590	0.00647	0.00376	0.00407	0.00667	0.00954	0.01273	0.17563	0.58655	0.13174	0.01276	0.00557	0.00170	0.00246	0.01143	0.00430	0.00376
7	0.00605	0.00449	0.00563	0.00549	0.00655	0.00408	0.00407	0.00784	0.01177	0.01618	0.58907	0.12223	0.17989	0.01006	0.00532	0.00147	0.00219	0.00883	0.00470	0.00408
8	0.87439	0.00865	0.00657	0.00588	0.00865	0.01003	0.00484	0.01315	0.00761	0.02007	0.00623	0.00727	0.00484	0.00415	0.00277	0.00138	0.00346	0.00242	0.00277	0.00484
9	0.01955	0.00845	0.01090	0.00836	0.01184	0.00782	0.00690	0.15448	0.01421	0.68333	0.01647	0.01446	0.01048	0.00551	0.00449	0.00138	0.00400	0.00442	0.00536	0.00761
10	0.09901	0.10342	0.56515	0.01132	0.01682	0.01073	0.05106	0.01356	0.00938	0.01444	0.03004	0.01098	0.03635	0.00456	0.00407	0.00137	0.00587	0.00357	0.00216	0.00614
11	0.04095	0.01360	0.04414	0.01061	0.01379	0.16729	0.06192	0.40945	0.07690	0.02113	0.01055	0.02739	0.00806	0.00527	0.00451	0.00133	0.01919	0.00405	0.04059	0.01927
12	0.06874	0.00738	0.02311	0.02281	0.01012	0.00712	0.03016	0.07047	0.11739	0.19814	0.13249	0.02381	0.17916	0.00730	0.00465	0.00144	0.00339	0.03229	0.05435	0.00567
13	0.01246	0.76029	0.02235	0.00802	0.01172	0.07953	0.00775	0.03448	0.00968	0.01102	0.00639	0.00734	0.00579	0.00393	0.00300	0.00098	0.00504	0.00247	0.00201	0.00575
14	0.00928	0.00795	0.00928	0.00663	0.01060	0.00596	0.00530	0.01126	0.00928	0.01458	0.00795	0.00928	0.00663	0.00331	0.00331	0.00066	0.00331	0.00265	0.00265	0.87014
15	0.01364	0.01255	0.01949	0.01446	0.01836	0.07482	0.40226	0.26406	0.05461	0.06437	0.01037	0.01175	0.00756	0.00456	0.00485	0.00142	0.00634	0.00464	0.00327	0.00661
16	0.00872	0.00842	0.04038	0.01212	0.18313	0.05414	0.01931	0.01234	0.15253	0.01367	0.03572	0.28861	0.06042	0.00964	0.03250	0.01365	0.01795	0.02798	0.00348	0.00528
17	0.00610	0.00428	0.00532	0.00560	0.00595	0.00421	0.00365	0.00679	0.00808	0.01091	0.11181	0.27812	0.05486	0.37519	0.09618	0.00340	0.00423	0.00854	0.00344	0.00334
18	0.01104	0.00956	0.01022	0.03438	0.01222	0.01109	0.00724	0.02339	0.78231	0.01849	0.01789	0.01654	0.01342	0.00602	0.00455	0.00152	0.00361	0.00502	0.00447	0.00702
19	0.03251	0.01039	0.01711	0.11280	0.66817	0.01071	0.01309	0.05483	0.01056	0.01512	0.00843	0.01105	0.00694	0.00412	0.00439	0.00135	0.00532	0.00395	0.00232	0.00683
20	0.00999	0.10940	0.61414	0.01259	0.01846	0.04945	0.08233	0.01441	0.00971	0.02807	0.00804	0.00947	0.00587	0.00420	0.00419	0.00136	0.00651	0.00338	0.00201	0.00642
21	0.00639	0.00479	0.00719	0.00719	0.00799	0.00559	0.00559	0.00799	0.00719	0.01038	0.01198	0.01757	0.01118	0.03355	0.82507	0.00719	0.01198	0.00479	0.00240	0.00399
22	0.00874	0.00487	0.00539	0.00521	0.00643	0.00499	0.00403	0.04321	0.02623	0.04155	0.01555	0.01915	0.03203	0.02449	0.09448	0.00188	0.00353	0.04550	0.60831	0.00442
23	0.79579	0.00981	0.00713	0.00640	0.00913	0.08471	0.00519	0.01358	0.00808	0.01923	0.00629	0.00734	0.00493	0.00419	0.00288	0.00136	0.00388	0.00246	0.00273	0.00488
24	0.00547	0.00413	0.00507	0.00579	0.00645	0.00373	0.00403	0.00641	0.00915	0.01176	0.04105	0.57046	0.25931	0.01311	0.00559	0.00173	0.00254	0.03635	0.00416	0.00370
25	0.00651	0.00434	0.00488	0.00488	0.00488	0.00434	0.00271	0.00651	0.00651	0.00867	0.01409	0.02927	0.01626	0.84279	0.02277	0.00434	0.00434	0.00651	0.00271	0.00271
26	0.01264	0.06879	0.03917	0.11778	0.29207	0.17182	0.02493	0.06079	0.06237	0.06341	0.00927	0.01099	0.00730	0.00509	0.01979	0.00143	0.01964	0.00378	0.00266	0.00629
27	0.03142	0.36657	0.16595	0.02550	0.03858	0.11007	0.02102	0.10105	0.02607	0.05201	0.01905	0.00929	0.00687	0.00439	0.00369	0.00118	0.00547	0.00315	0.00253	0.00614
28	0.01630	0.01040	0.02669	0.00914	0.01243	0.01069	0.00760	0.44193	0.07200	0.24311	0.07738	0.01427	0.01177	0.00574	0.00452	0.00137	0.00428	0.00454	0.01860	0.00723
29	0.87439	0.00865	0.00657	0.00588	0.00865	0.01003	0.00484	0.01315	0.00761	0.02007	0.00623	0.00727	0.00484	0.00415	0.00277	0.00138	0.00346	0.00242	0.00277	0.00484
30	0.00628	0.00452	0.00599	0.00603	0.00695	0.00423	0.00455	0.00816	0.01170	0.01631	0.58873	0.17139	0.03818	0.01034	0.00545	0.00155	0.00242	0.09838	0.00470	0.00411
31	0.00726	0.00566	0.00695	0.00717	0.00858	0.00551	0.00567	0.01038	0.12461	0.01358	0.02444	0.24969	0.12882	0.01082	0.00540	0.00170	0.00330	0.28288	0.00404	0.09354
32	0.00928	0.00795	0.00928	0.00663	0.01060	0.00596	0.00530	0.01126	0.00928	0.01458	0.00795	0.00928	0.00663	0.00331	0.00331	0.00066	0.00331	0.00265	0.00265	0.87014
33	0.01108	0.01049	0.01709	0.02501	0.70786	0.01069	0.01284	0.01507	0.11633	0.01516	0.00972	0.01182	0.00796	0.00426	0.00444	0.00135	0.00508	0.00413	0.00253	0.00708
34	0.01001	0.01043	0.05816	0.36846	0.36729	0.03297	0.03802	0.02579	0.00986	0.01330	0.00843	0.02220	0.00679	0.00437	0.00447	0.00141	0.00576	0.00407	0.00217	0.00603
35	0.00896	0.00861	0.00964	0.06614	0.05103	0.10948	0.00715	0.01125	0.07031	0.01294	0.14391	0.08471	0.10240	0.06371	0.02348	0.00187	0.17647	0.04001	0.00325	0.00469
36	0.00550	0.00400	0.00519	0.00608	0.00650	0.00370	0.00414	0.00638	0.00889	0.01174	0.05337	0.72028	0.10611	0.01356	0.00566	0.00178	0.00258	0.02669	0.00418	0.00368
37	0.16425	0.00773	0.00867	0.06057	0.02856	0.02806	0.00644	0.08702	0.06700	0.16742	0.03522	0.01943	0.01252	0.03220	0.00480	0.00153	0.00386	0.12057	0.13859	0.00555
38	0.00856	0.00806	0.01361	0.79895	0.06305	0.00997	0.01248	0.01152	0.00900	0.01156	0.00797	0.01189	0.00601	0.00445	0.00447	0.00148	0.00594	0.00398	0.00200	0.00506
39	0.00651	0.00434	0.00488	0.00488	0.00488	0.00434	0.00271	0.00651	0.00651	0.00867	0.01409	0.02927	0.01626	0.84279	0.02277	0.00434	0.00434	0.00651	0.00271	0.00271
40	0.00679	0.00562	0.00633	0.01989	0.00758	0.03891	0.00481	0.00815	0.02099	0.01222	0.12213	0.11596	0.25767	0.15978	0.03958	0.00233	0.04454	0.11915	0.00371	0.00386
41	0.00601	0.00456	0.00553	0.00529	0.00649	0.00408	0.00397	0.00782	0.01190	0.01613	0.57565	0.03639	0.28021	0.00982	0.00528	0.00144	0.00216	0.00851	0.00469	0.00408
42	0.01604	0.01209	0.01311	0.01025	0.01354	0.01359	0.00843	0.68113	0.09857	0.02633	0.01123	0.01128	0.00812	0.00557	0.00502	0.00139	0.04843	0.00412	0.00435	0.00741
43	0.00931	0.00798	0.00929	0.00668	0.01062	0.00607	0.00534	0.01151	0.02519	0.01466	0.00816	0.00942	0.00677	0.00337	0.00334	0.00068	0.00332	0.00270	0.00269	0.85292
44	0.01150	0.13532	0.41570	0.01221	0.01700	0.20578	0.07953	0.02610	0.01035	0.01301	0.00758	0.00905	0.00583	0.00435	0.00438	0.00131	0.02958	0.00327	0.00206	0.00607
45	0.08592	0.00788	0.01020	0.00789	0.01130	0.00712	0.00652	0.05119	0.01272	0.72586	0.01650	0.01444	0.01046	0.00542	0.00436	0.00138	0.00382	0.00432	0.00528	0.00740
46	0.01691	0.00799	0.01102	0.02428	0.02799	0.02467	0.05524	0.04454	0.01252	0.58090	0.05970	0.01757	0.06963	0.00642	0.01814	0.00149	0.00417	0.00502	0.00491	0.00689
47	0.00544	0.00406	0.00508	0.00588	0.00644	0.00369	0.00404	0.00633	0.00896	0.01160	0.02928	0.64673	0.20553	0.01338	0.00562	0.00175	0.00255	0.02581	0.00415	0.00367
48	0.01076	0.00970	0.01669	0.01221	0.01608	0.00869	0.34290	0.04205	0.02432	0.07378	0.01030	0.03862	0.00837	0.00443	0.00463	0.00121	0.01894	0.02374	0.00287	0.32970
49	0.01041	0.00844	0.00981	0.00739	0.01094	0.02496	0.02153	0.06868	0.05673	0.05643	0.04870	0.03720	0.00975	0.00439	0.00375	0.00090	0.00357	0.00362	0.00318	0.60962
50	0.87439	0.00865	0.00657	0.00588	0.00865	0.01003	0.00484	0.01315	0.00761	0.02007	0.00623	0.00727	0.00484	0.00415	0.00277	0.00138	0.00346	0.00242	0.00277	0.00484
51	0.01126	0.00967	0.01019	0.00913	0.01168	0.01119	0.00711	0.04087	0.78950	0.01892	0.01804	0.01656	0.01352	0.00605	0.00455	0.00151	0.00357	0.00503	0.00455	0.00709
52	0.01003	0.00826	0.00959	0.00708	0.01079	0.00680	0.00567	0.07972	0.02621	0.02899	0.00914	0.04015	0.00776	0.00405	0.00373	0.00081	0.01715	0.00324	0.00294	0.71789
53	0.00543	0.00397	0.00512	0.00603	0.00644	0.00365	0.00407	0.00625	0.00875	0.01150	0.02702	0.74867	0.11926	0.01371	0.00566	0.00178	0.00256	0.01234	0.00415	0.00365
54	0.04376	0.01043	0.00891	0.00821	0.00974	0.22801	0.00617	0.10654	0.03953	0.01376	0.04059	0.07097	0.02354	0.14707	0.15232	0.00287	0.02008	0.02542	0.03738	0.00469
55	0.01689	0.00692	0.00933	0.00740	0.01032	0.00602	0.00601	0.01869	0.01271	0.63452	0.17955	0.01965	0.03853	0.00642	0.00468	0.00139	0.00342	0.00536	0.00538	0.00682
56	0.02591	0.00926	0.01018	0.02422	0.01167	0.06210	0.02278	0.13270	0.27658	0.15350	0.01693	0.11238	0.01438	0.00719	0.00475	0.00152	0.00413	0.08244	0.02111	0.00629
57	0.00979	0.00979	0.01370	0.01174	0.01174	0.01370	0.00979	0.01077	0.00685	0.01077	0.00587	0.00979	0.00587	0.00783	0.01468	0.00196	0.83461	0.00391	0.00196	0.00489
58	0.00648	0.00443	0.00536	0.00536	0.00552	0.00460	0.00331	0.00681	0.00665	0.00903	0.01366	0.02685	0.01521	0.67513	0.18899	0.00493	0.00592	0.00615	0.00265	0.00298
59	0.00958	0.00973	0.03219	0.42401	0.20910	0.01034	0.18570	0.01286	0.02453	0.01307	0.00859	0.01188	0.00663	0.00424	0.00462	0.00145	0.00607	0.00428	0.01538	0.00575
60	0.00795	0.00592	0.00732	0.00610	0.00827	0.00502	0.00472	0.01017	0.02549	0.04884	0.48334	0.02438	0.03996	0.00701	0.00457	0.00116	0.00261	0.00607	0.00416	0.29693
61	0.87439	0.00865	0.00657	0.00588	0.00865	0.01003	0.00484	0.01315	0.00761	0.02007	0.00623	0.00727	0.00484	0.00415	0.00277	0.00138	0.00346	0.00242	0.00277	0.00484
62	0.01189	0.49128	0.17512	0.01029	0.01451	0.12581	0.08907	0.01425	0.00979	0.01166	0.00695	0.00822	0.00583	0.00401	0.00354	0.00113	0.00586	0.00292	0.00200	0.00586
63	0.00688	0.00499	0.00657	0.00635	0.00715	0.00536	0.00470	0.00835	0.02262	0.02952	0.14746	0.02485	0.09826	0.19985	0.34617	0.00445	0.04411	0.00612	0.02233	0.00391
64	0.00602	0.00454	0.00557	0.00536	0.00651	0.00408	0.00400	0.00783	0.01187	0.01616	0.58175	0.06392	0.24621	0.00989	0.00529	0.00145	0.00217	0.00861	0.00469	0.00408
65	0.01196	0.84548	0.02344	0.00765	0.01148	0.01770	0.00765	0.01339	0.00909	0.01052	0.00622	0.00718	0.00574	0.00383	0.00287	0.00096	0.00478	0.00239	0.00191	0.00574
66	0.02582	0.00478	0.00570	0.00536	0.00672	0.00430	0.00406	0.00845	0.01172	0.05112	0.50016	0.03530	0.30085	0.00961	0.00519	0.00144	0.00227	0.00826	0.00464	0.00423
67	0.00878	0.00782	0.01269	0.65614	0.06848	0.00939	0.01136	0.01200	0.04187	0.02981	0.04167	0.01451	0.02315	0.00503	0.00453	0.00148	0.00545	0.02150	0.01920	0.00514
68	0.73912	0.00860	0.00724	0.00626	0.00914	0.00965	0.00516	0.03177	0.00862	0.12884	0.00788	0.00843	0.00575	0.00437	0.00304	0.00138	0.00354	0.00274	0.00318	0.00528
69	0.01035	0.00955	0.01584	0.05402	0.64943	0.00965	0.01202	0.01300	0.02740	0.01427	0.00999	0.05348	0.00894	0.04143	0.00523	0.00148	0.00495	0.00456	0.04790	0.00649
70	0.01113	0.00961	0.01011	0.00910	0.01163	0.01113	0.00708	0.02377	0.80681	0.01871	0.01821	0.01669	0.01365	0.00607	0.00455	0.00152	0.00354	0.00506	0.00455	0.00708
71	0.00592	0.00465	0.00542	0.00548	0.00677	0.00414	0.00428	0.00751	0.01097	0.01410	0.27858	0.04129	0.44598	0.01082	0.00543	0.00157	0.00252	0.13621	0.00439	0.00397
72	0.02754	0.63575	0.02024	0.00802	0.01138	0.05620	0.02486	0.05218	0.00962	0.01158	0.00729	0.00928	0.00671	0.04982	0.05200	0.00155	0.00539	0.00292	0.00215	0.00553
73	0.00863	0.00820	0.01346	0.71890	0.02818	0.01046	0.01206	0.01134	0.00866	0.01134	0.00766	0.01163	0.00595	0.00494	0.00588	0.00156	0.12026	0.00397	0.00198	0.00496
74	0.87439	0.00865	0.00657	0.00588	0.00865	0.01003	0.00484	0.01315	0.00761	0.02007	0.00623	0.00727	0.00484	0.00415	0.00277	0.00138	0.00346	0.00242	0.00277	0.00484
75	0.00657	0.00431	0.00493	0.00493	0.00493	0.00431	0.00277	0.00647	0.00647	0.00863	0.01376	0.02845	0.01582	0.79927	0.02249	0.04987	0.00431	0.00637	0.00267	0.00267
76	0.01056	0.01207	0.02640	0.01885	0.02338	0.01131	0.79864	0.01433	0.01056	0.01433	0.00905	0.01207	0.00679	0.00377	0.00528	0.00151	0.00754	0.00528	0.00226	0.00603
77	0.87439	0.00865	0.00657	0.00588	0.00865	0.01003	0.00484	0.01315	0.00761	0.02007	0.00623	0.00727	0.00484	0.00415	0.00277	0.00138	0.00346	0.00242	0.00277	0.00484
78	0.00633	0.00457	0.00598	0.00563	0.00668	0.00422	0.00422	0.00844	0.01266	0.01794	0.81253	0.03341	0.04221	0.00914	0.00528	0.00141	0.00211	0.00809	0.00492	0.00422
79	0.00693	0.00497	0.00674	0.00740	0.00846	0.00485	0.00628	0.00895	0.01080	0.01438	0.20003	0.04572	0.07059	0.01147	0.00588	0.00187	0.00354	0.55846	0.01854	0.00412
80	0.01086	0.01037	0.01757	0.06577	0.74809	0.01049	0.01338	0.01370	0.02443	0.01459	0.02287	0.01161	0.00777	0.00414	0.00445	0.00134	0.00526	0.00408	0.00229	0.00693
81	0.00845	0.00795	0.01342	0.83204	0.03081	0.00994	0.01242	0.01143	0.00894	0.01143	0.00795	0.01193	0.00596	0.00447	0.00447	0.00149	0.00596	0.00398	0.00199	0.00497
82	0.00839	0.00571	0.00827	0.00766	0.00766	0.00693	0.00571	0.00736	0.00614	0.00870	0.00718	0.01242	0.00718	0.01315	0.01661	0.60106	0.26117	0.00389	0.00195	0.00286
83	0.85827	0.00872	0.00670	0.00597	0.00875	0.01011	0.00491	0.02794	0.00786	0.02022	0.00631	0.00733	0.00490	0.00418	0.00280	0.00138	0.00349	0.00245	0.00280	0.00490
84	0.00650	0.00435	0.00494	0.00494	0.00496	0.00437	0.00279	0.00654	0.00652	0.00872	0.01404	0.02896	0.01613	0.82146	0.04392	0.00441	0.00454	0.00646	0.00270	0.00274
85	0.01140	0.01052	0.01698	0.04629	0.61964	0.01115	0.01269	0.06655	0.01050	0.02992	0.00840	0.01098	0.00701	0.00462	0.00577	0.00142	0.11301	0.00399	0.00239	0.00679
86	0.87439	0.00865	0.00657	0.00588	0.00865	0.01003	0.00484	0.01315	0.00761	0.02007	0.00623	0.00727	0.00484	0.00415	0.00277	0.00138	0.00346	0.00242	0.00277	0.00484
87	0.08293	0.00606	0.00886	0.00896	0.01045	0.00611	0.07923	0.01001	0.01005	0.01401	0.02085	0.05951	0.02227	0.01089	0.00579	0.00195	0.00434	0.62954	0.00383	0.00435
88	0.00928	0.00795	0.00928	0.00663	0.01060	0.00596	0.00530	0.01126	0.00928	0.01458	0.00795	0.00928	0.00663	0.00331	0.00331	0.00066	0.00331	0.00265	0.00265	0.87014
89	0.01926	0.00782	0.01095	0.02418	0.06491	0.00690	0.00715	0.02108	0.01256	0.75024	0.01686	0.01489	0.01072	0.00541	0.00449	0.00138	0.00395	0.00446	0.00525	0.00753
90	0.01559	0.01182	0.01263	0.01001	0.01333	0.01321	0.00816	0.61268	0.21063	0.02590	0.01254	0.01218	0.00907	0.00554	0.00449	0.00138	0.00459	0.00428	0.00449	0.00748
91	0.00979	0.00979	0.01370	0.01174	0.01174	0.01370	0.00979	0.01077	0.00685	0.01077	0.00587	0.00979	0.00587	0.00783	0.01468	0.00196	0.83461	0.00391	0.00196	0.00489
92	0.87439	0.00865	0.00657	0.00588	0.00865	0.01003	0.00484	0.01315	0.00761	0.02007	0.00623	0.00727	0.00484	0.00415	0.00277	0.00138	0.00346	0.00242	0.00277	0.00484
93	0.00702	0.00535	0.00717	0.00643	0.00778	0.00512	0.03522	0.03147	0.05455	0.01802	0.70304	0.03126	0.05272	0.00871	0.00522	0.00142	0.00248	0.00773	0.00477	0.00453
94	0.01113	0.00961	0.01011	0.00910	0.01163	0.01113	0.00708	0.02377	0.80681	0.01871	0.01821	0.01669	0.01365	0.00607	0.00455	0.00152	0.00354	0.00506	0.00455	0.00708
95	0.01107	0.01063	0.01816	0.02746	0.81489	0.01063	0.01373	0.01373	0.01019	0.01461	0.00841	0.01107	0.00709	0.00399	0.00443	0.00133	0.00531	0.00399	0.00221	0.00709
96	0.01198	0.01051	0.01057	0.00934	0.01196	0.05420	0.00730	0.09790	0.68967	0.01921	0.01690	0.01567	0.01266	0.00593	0.00452	0.00148	0.00391	0.00484	0.00443	0.00703
97	0.00979	0.00979	0.01370	0.01174	0.01174	0.01370	0.00979	0.01077	0.00685	0.01077	0.00587	0.00979	0.00587	0.00783	0.01468	0.00196	0.83461	0.00391	0.00196	0.00489
98	0.00868	0.00832	0.01340	0.80920	0.03034	0.03262	0.01232	0.01161	0.00905	0.01142	0.00792	0.01182	0.00596	0.00448	0.00446	0.00148	0.00602	0.00394	0.00200	0.00498
99	0.00851	0.00801	0.01352	0.81432	0.04808	0.00995	0.01245	0.01148	0.00897	0.01150	0.00796	0.01191	0.00599	0.00446	0.00447	0.00149	0.00595	0.00398	0.00199	0.00502
100	0.29855	0.00810	0.00837	0.00643	0.00991	0.00732	0.00519	0.01239	0.00897	0.05867	0.02395	0.00940	0.00698	0.00383	0.00323	0.00096	0.00336	0.00278	0.00289	0.51872
101	0.87439	0.00865	0.00657	0.00588	0.00865	0.01003	0.00484	0.01315	0.00761	0.02007	0.00623	0.00727	0.00484	0.00415	0.00277	0.00138	0.00346	0.00242	0.00277	0.00484
102	0.03783	0.01999	0.01241	0.01114	0.01353	0.72700	0.00842	0.07609	0.01311	0.01258	0.00734	0.00842	0.00600	0.00467	0.00402	0.00117	0.00759	0.00298	0.02037	0.00534
103	0.00533	0.00450	0.00462	0.00466	0.00609	0.00378	0.00347	0.00648	0.01020	0.01226	0.07210	0.08462	0.74385	0.01139	0.00531	0.00152	0.00228	0.00956	0.00418	0.00378
104	0.82928	0.00885	0.00694	0.00611	0.00893	0.01024	0.00504	0.05454	0.00832	0.02050	0.00647	0.00745	0.00499	0.00422	0.00286	0.00138	0.00354	0.00251	0.00286	0.00499

[dist]
# distance from previous block
# <min> <max>
0	2

[block]
# block no. 4 follows, 58 sequences, length 59
# corresponding to MSA columns:
# 1246-1271,1277-1286,1288-1310
name=unknown_E
#
# <colnr> <probs for GDERKNQSTAVLIFYWHMCP>
#	G	D	E	R	K	N	Q	S	T	A	V	L	I	F	Y	W	H	M	C	P
0	0.82844	0.00875	0.00688	0.00607	0.00888	0.01008	0.00500	0.03857	0.00816	0.03757	0.00662	0.00755	0.00507	0.00422	0.00286	0.00138	0.00351	0.00252	0.00288	0.00499
1	0.07039	0.01611	0.39208	0.02544	0.06958	0.05268	0.04655	0.01541	0.07414	0.11143	0.01203	0.01269	0.05350	0.00491	0.00429	0.00139	0.00551	0.00399	0.00281	0.02505
2	0.04075	0.01041	0.01747	0.04479	0.75598	0.01050	0.01329	0.01358	0.01007	0.01471	0.00858	0.01160	0.00729	0.00414	0.00440	0.00135	0.00525	0.01668	0.00226	0.00691
3	0.23021	0.00837	0.00987	0.00785	0.01094	0.00841	0.00649	0.07680	0.01177	0.51263	0.01359	0.01259	0.00896	0.00532	0.00470	0.00142	0.05487	0.00391	0.00455	0.00676
4	0.03622	0.00797	0.01320	0.80555	0.03010	0.00994	0.01218	0.01148	0.00890	0.01171	0.00790	0.01178	0.00593	0.00446	0.00442	0.00149	0.00588	0.00393	0.00201	0.00497
5	0.00624	0.00457	0.00585	0.00553	0.00663	0.00418	0.00415	0.00826	0.01244	0.01742	0.74424	0.03427	0.11082	0.00934	0.00528	0.00142	0.00212	0.00821	0.00486	0.00418
6	0.00756	0.00429	0.00624	0.00656	0.00688	0.00429	0.00490	0.00692	0.00725	0.00955	0.01292	0.02556	0.01362	0.03537	0.01407	0.57581	0.00397	0.24893	0.00264	0.00264
7	0.00939	0.00812	0.00983	0.00793	0.06096	0.00626	0.00583	0.01142	0.00933	0.01458	0.00798	0.00939	0.00665	0.00335	0.00338	0.00070	0.00344	0.00273	0.00262	0.81610
8	0.87439	0.00865	0.00657	0.00588	0.00865	0.01003	0.00484	0.01315	0.00761	0.02007	0.00623	0.00727	0.00484	0.00415	0.00277	0.00138	0.00346	0.00242	0.00277	0.00484
9	0.01108	0.00995	0.01259	0.01308	0.16046	0.01105	0.05636	0.02135	0.61158	0.01769	0.01585	0.01537	0.01203	0.00555	0.00457	0.00148	0.00411	0.00487	0.00398	0.00702
10	0.01096	0.01052	0.01796	0.06068	0.78251	0.01060	0.01367	0.01363	0.01013	0.01448	0.00840	0.01111	0.00704	0.00401	0.00443	0.00134	0.00534	0.00399	0.00220	0.00700
11	0.00685	0.00492	0.00678	0.00778	0.00869	0.00485	0.00657	0.00866	0.01000	0.01301	0.02455	0.18351	0.05191	0.01260	0.00607	0.00200	0.00380	0.62929	0.00413	0.00403
12	0.00928	0.00795	0.00928	0.00663	0.01060	0.00596	0.00530	0.01126	0.00928	0.01458	0.00795	0.00928	0.00663	0.00331	0.00331	0.00066	0.00331	0.00265	0.00265	0.87014
13	0.87439	0.00865	0.00657	0.00588	0.00865	0.01003	0.00484	0.01315	0.00761	0.02007	0.00623	0.00727	0.00484	0.00415	0.00277	0.00138	0.00346	0.00242	0.00277	0.00484
14	0.00998	0.01009	0.01320	0.01142	0.01157	0.05515	0.00944	0.01096	0.00722	0.01077	0.00663	0.01132	0.00669	0.03484	0.01418	0.00200	0.74476	0.02292	0.00205	0.00482
15	0.00730	0.00527	0.00746	0.00868	0.02769	0.00527	0.00736	0.00937	0.01030	0.01341	0.02334	0.04956	0.02532	0.01217	0.00614	0.00204	0.00415	0.76693	0.00408	0.00419
16	0.87439	0.00865	0.00657	0.00588	0.00865	0.01003	0.00484	0.01315	0.00761	0.02007	0.00623	0.00727	0.00484	0.00415	0.00277	0.00138	0.00346	0.00242	0.00277	0.00484
17	0.04632	0.02088	0.01247	0.01133	0.01365	0.79671	0.00851	0.01770	0.01250	0.01126	0.00689	0.00804	0.00573	0.00459	0.00399	0.00116	0.00791	0.00287	0.00232	0.00517
18	0.00896	0.00890	0.02977	0.69105	0.10586	0.02994	0.01245	0.01184	0.00910	0.01176	0.00790	0.01163	0.00606	0.00453	0.00478	0.00148	0.03282	0.00393	0.00201	0.00521
19	0.00760	0.00509	0.00714	0.01822	0.02011	0.01846	0.00522	0.00737	0.00690	0.00937	0.01112	0.01795	0.03595	0.05258	0.22261	0.43356	0.06519	0.05018	0.00230	0.00307
20	0.00846	0.00794	0.01338	0.78800	0.05472	0.00982	0.01227	0.01138	0.00897	0.01153	0.00835	0.03087	0.00654	0.00468	0.00450	0.00149	0.00587	0.00418	0.00204	0.00500
21	0.00676	0.00569	0.00639	0.00653	0.03263	0.02329	0.00472	0.00953	0.10284	0.01410	0.20961	0.07369	0.39224	0.01161	0.06452	0.00191	0.00336	0.02205	0.00414	0.00441
22	0.00822	0.00600	0.00763	0.00739	0.00834	0.03250	0.03221	0.02571	0.02137	0.08492	0.04607	0.44021	0.06581	0.08030	0.00765	0.00192	0.07838	0.02333	0.01771	0.00434
23	0.00966	0.00926	0.01511	0.45615	0.35144	0.02963	0.01261	0.01243	0.00966	0.01293	0.03338	0.01216	0.00756	0.00442	0.00447	0.00141	0.00563	0.00408	0.00218	0.00582
24	0.75701	0.00851	0.00710	0.00617	0.00903	0.00956	0.00508	0.01434	0.00833	0.12970	0.00780	0.00836	0.00570	0.00434	0.00301	0.00138	0.00351	0.00271	0.00315	0.00522
25	0.00687	0.00521	0.00802	0.00753	0.00869	0.00484	0.09419	0.00839	0.00998	0.04670	0.20104	0.44450	0.08146	0.01175	0.02810	0.00180	0.00335	0.01923	0.00412	0.00423
26	0.01012	0.01148	0.11389	0.23317	0.46541	0.01046	0.04533	0.01344	0.02805	0.01382	0.00850	0.01127	0.00676	0.00418	0.00446	0.00139	0.00569	0.00398	0.00217	0.00644
27	0.00540	0.00454	0.00469	0.00465	0.00611	0.00382	0.00349	0.00664	0.01046	0.01272	0.12864	0.04200	0.72935	0.01109	0.00529	0.00150	0.00225	0.00929	0.00424	0.00382
28	0.00635	0.00398	0.00550	0.00600	0.00627	0.00380	0.00405	0.00636	0.00811	0.01094	0.11358	0.45401	0.02359	0.02528	0.00985	0.29363	0.00299	0.00911	0.00348	0.00312
29	0.00845	0.00795	0.01342	0.83204	0.03081	0.00994	0.01242	0.01143	0.00894	0.01143	0.00795	0.01193	0.00596	0.00447	0.00447	0.00149	0.00596	0.00398	0.00199	0.00497
30	0.00547	0.00462	0.00475	0.00470	0.00619	0.00393	0.00353	0.00688	0.02328	0.01271	0.11322	0.04177	0.73150	0.01105	0.00527	0.00150	0.00227	0.00925	0.00423	0.00387
