[name]
unknown

[dist]
# distance from previous block
# <min> <max>
0	18

[block]
# block no. 0 follows, 53 sequences, length 22
# corresponding to MSA columns:
# 84-92,94-106
name=unknown_A
#
# <colnr> <probs for GDERKNQSTAVLIFYWHMCP>
#	G	D	E	R	K	N	Q	S	T	A	V	L	I	F	Y	W	H	M	C	P
0	0.03629	0.02182	0.01306	0.10057	0.23897	0.06674	0.02395	0.04529	0.06776	0.05185	0.01534	0.10071	0.02842	0.03819	0.00585	0.00174	0.00512	0.12895	0.00339	0.00601
1	0.09164	0.01159	0.02890	0.07328	0.21028	0.09696	0.06799	0.08686	0.07369	0.04309	0.04573	0.08280	0.01143	0.00611	0.00533	0.00154	0.04800	0.00517	0.00324	0.00637
2	0.00825	0.00609	0.00841	0.03492	0.03562	0.00593	0.04630	0.04803	0.03537	0.03562	0.10436	0.25358	0.13689	0.06370	0.00831	0.10359	0.00368	0.02600	0.01318	0.02215
3	0.04988	0.00504	0.00584	0.00616	0.00707	0.00488	0.00433	0.00861	0.03884	0.02750	0.08087	0.34274	0.17468	0.13312	0.02316	0.00227	0.00326	0.03246	0.04515	0.00414
4	0.00992	0.00756	0.00944	0.01015	0.10532	0.02413	0.00669	0.13843	0.03162	0.04705	0.12465	0.24236	0.07727	0.06835	0.05983	0.00222	0.00444	0.00806	0.00412	0.01838
5	0.03157	0.01185	0.08067	0.02347	0.11528	0.13444	0.04061	0.07115	0.04292	0.07488	0.03019	0.11883	0.01279	0.02234	0.06403	0.04709	0.02866	0.02807	0.01533	0.00583
6	0.00731	0.00516	0.00656	0.00657	0.00734	0.00540	0.00469	0.03738	0.02504	0.01320	0.10520	0.17105	0.04330	0.21179	0.26148	0.00422	0.00634	0.00755	0.06629	0.00412
7	0.08661	0.00636	0.00726	0.00667	0.00835	0.00621	0.00495	0.06591	0.03268	0.14036	0.12943	0.17344	0.15954	0.14102	0.00826	0.00209	0.00343	0.00799	0.00444	0.00502
8	0.00654	0.00468	0.00578	0.00624	0.00701	0.00436	0.00433	0.00804	0.03323	0.02752	0.15519	0.46545	0.15736	0.06400	0.00697	0.00195	0.00279	0.01120	0.02324	0.00414
9	0.27730	0.00888	0.01011	0.00803	0.01151	0.00876	0.00663	0.08064	0.01269	0.50656	0.01457	0.01331	0.00952	0.00545	0.00424	0.00148	0.00405	0.00409	0.00493	0.00724
10	0.48186	0.00838	0.00786	0.00691	0.00961	0.00908	0.00555	0.04315	0.06035	0.13824	0.06980	0.05940	0.07001	0.00636	0.00398	0.00152	0.00357	0.00475	0.00394	0.00568
11	0.10294	0.00661	0.00782	0.00717	0.00915	0.00649	0.00548	0.01426	0.09812	0.22141	0.13001	0.22141	0.09542	0.02613	0.02401	0.00183	0.00348	0.00788	0.00475	0.00563
12	0.00686	0.00513	0.00600	0.00598	0.00729	0.00470	0.00440	0.00905	0.05744	0.03862	0.26883	0.20770	0.33742	0.01150	0.00567	0.00165	0.00257	0.00997	0.00476	0.00448
13	0.00903	0.00850	0.01434	0.82054	0.03292	0.01062	0.01327	0.01221	0.00956	0.01221	0.00850	0.01274	0.00637	0.00478	0.00478	0.00159	0.00637	0.00425	0.00212	0.00531
14	0.00670	0.00491	0.00656	0.00680	0.00745	0.00522	0.00487	0.00814	0.03311	0.01139	0.01923	0.22974	0.07130	0.17746	0.36554	0.01880	0.00758	0.00796	0.00330	0.00396
15	0.00752	0.00454	0.00627	0.00649	0.00694	0.00458	0.00451	0.00755	0.00788	0.03264	0.01660	0.23471	0.04450	0.09189	0.17477	0.29741	0.00544	0.00735	0.03503	0.00340
16	0.00591	0.00423	0.00548	0.00645	0.00676	0.00395	0.00427	0.00669	0.00904	0.01198	0.02637	0.72358	0.06544	0.08614	0.00767	0.00216	0.00292	0.01285	0.00430	0.00380
17	0.00904	0.00663	0.00850	0.00823	0.00980	0.00679	0.02837	0.09873	0.03471	0.03248	0.06809	0.09229	0.13598	0.03161	0.02676	0.00205	0.02924	0.30733	0.05839	0.00496
18	0.01241	0.01329	0.01194	0.08344	0.02683	0.28786	0.00856	0.06554	0.02235	0.01332	0.04384	0.03419	0.06957	0.07067	0.04448	0.00207	0.17660	0.00492	0.00289	0.00524
19	0.01563	0.01170	0.01258	0.01008	0.01330	0.01290	0.00816	0.57230	0.11864	0.02606	0.01501	0.03057	0.04559	0.05510	0.00606	0.00169	0.00484	0.02777	0.00465	0.00738
20	0.05423	0.24546	0.21013	0.05077	0.09131	0.10246	0.03507	0.05589	0.01093	0.01461	0.00796	0.00959	0.00642	0.00453	0.00435	0.00130	0.02906	0.00335	0.00237	0.06019
21	0.00692	0.00486	0.00695	0.00703	0.00763	0.00536	0.00516	0.00791	0.00773	0.01088	0.03883	0.09063	0.01508	0.14439	0.51933	0.09909	0.00950	0.00612	0.00280	0.00381

[dist]
# distance from previous block
# <min> <max>
0	3

[block]
# block no. 1 follows, 53 sequences, length 25
# corresponding to MSA columns:
# 110-134
name=unknown_B
#
# <colnr> <probs for GDERKNQSTAVLIFYWHMCP>
#	G	D	E	R	K	N	Q	S	T	A	V	L	I	F	Y	W	H	M	C	P
0	0.00587	0.00477	0.00506	0.00519	0.00649	0.00413	0.00377	0.00699	0.01043	0.01271	0.06341	0.12054	0.61115	0.08931	0.00747	0.00194	0.00271	0.02980	0.00432	0.00394
1	0.13837	0.01032	0.04144	0.05384	0.01488	0.01005	0.09965	0.18537	0.02645	0.25499	0.05163	0.01669	0.01173	0.00602	0.00478	0.00154	0.00491	0.05614	0.00433	0.00688
2	0.05798	0.27367	0.09257	0.01086	0.01429	0.45035	0.00951	0.01698	0.01176	0.01237	0.00723	0.00842	0.00609	0.00461	0.00388	0.00121	0.00714	0.00294	0.00232	0.00585
3	0.00920	0.00873	0.01437	0.72495	0.03051	0.01109	0.01294	0.01213	0.00929	0.01213	0.00823	0.01247	0.00636	0.00520	0.00607	0.00165	0.10301	0.00424	0.00212	0.00530
4	0.00656	0.00488	0.00610	0.00579	0.00701	0.00442	0.00435	0.00862	0.01304	0.01800	0.65926	0.03763	0.18626	0.01021	0.00564	0.00152	0.00229	0.00891	0.00511	0.00442
5	0.00959	0.02472	0.80726	0.01362	0.02069	0.01110	0.01766	0.01514	0.01009	0.01514	0.00858	0.01009	0.00605	0.00454	0.00454	0.00151	0.00706	0.00353	0.00202	0.00706
6	0.00624	0.00485	0.00555	0.00539	0.00666	0.00429	0.00396	0.00782	0.01176	0.01539	0.37713	0.04034	0.40753	0.07366	0.00707	0.00180	0.00252	0.00921	0.00468	0.00416
7	0.01835	0.01213	0.01420	0.01086	0.01467	0.01291	0.04606	0.56024	0.04425	0.19667	0.01323	0.01278	0.00909	0.00572	0.00483	0.00146	0.00509	0.00451	0.00491	0.00803
8	0.01243	0.01109	0.01108	0.00992	0.01264	0.05866	0.00771	0.04901	0.72381	0.01983	0.01850	0.01710	0.01390	0.00637	0.00483	0.00159	0.00411	0.00523	0.00472	0.00747
9	0.01194	0.00819	0.00988	0.00729	0.01120	0.00637	0.00582	0.01391	0.01054	0.16811	0.01124	0.03839	0.00905	0.02483	0.00438	0.00099	0.00364	0.00367	0.00348	0.64706
10	0.00583	0.00430	0.00546	0.00634	0.00686	0.00393	0.00431	0.00677	0.00959	0.01256	0.05684	0.67396	0.15712	0.01433	0.00601	0.00187	0.00270	0.01285	0.00447	0.00393
11	0.01785	0.02278	0.01354	0.01231	0.01478	0.81284	0.00924	0.01909	0.01354	0.01170	0.00739	0.00862	0.00616	0.00493	0.00431	0.00123	0.00862	0.00308	0.00246	0.00554
12	0.01836	0.01308	0.01415	0.01085	0.01467	0.01437	0.00896	0.74181	0.02196	0.07531	0.01191	0.01175	0.00834	0.00575	0.00478	0.00144	0.00519	0.00433	0.00485	0.00813
13	0.00819	0.00466	0.00695	0.00668	0.00684	0.00479	0.02436	0.00680	0.00655	0.00882	0.00940	0.01686	0.00962	0.12985	0.05063	0.66185	0.02782	0.00462	0.00222	0.00248
14	0.01146	0.01098	0.01873	0.13338	0.70105	0.01126	0.01449	0.01435	0.01071	0.01517	0.00893	0.01195	0.00741	0.00433	0.00474	0.00144	0.00577	0.00426	0.00233	0.00727
15	0.01018	0.01012	0.01500	0.63735	0.14287	0.07874	0.01313	0.01315	0.01009	0.01266	0.00847	0.01226	0.00653	0.00472	0.00473	0.00154	0.00646	0.00415	0.00219	0.00566
16	0.00731	0.00495	0.00648	0.00642	0.00752	0.00456	0.00482	0.00922	0.01237	0.05511	0.51880	0.19074	0.07354	0.01096	0.00576	0.00165	0.00261	0.06760	0.00503	0.00453
17	0.01015	0.00910	0.02665	0.01149	0.08564	0.00918	0.10255	0.07913	0.24687	0.01844	0.19841	0.06344	0.10302	0.00765	0.00526	0.00157	0.00412	0.00684	0.00430	0.00621
18	0.00959	0.02472	0.80726	0.01362	0.02069	0.01110	0.01766	0.01514	0.01009	0.01514	0.00858	0.01009	0.00605	0.00454	0.00454	0.00151	0.00706	0.00353	0.00202	0.00706
19	0.80892	0.00917	0.00730	0.00643	0.00944	0.01047	0.00530	0.01467	0.00851	0.07426	0.00748	0.00834	0.00562	0.00454	0.00308	0.00148	0.00372	0.00274	0.00316	0.00538
20	0.00997	0.00699	0.00790	0.04618	0.00980	0.05985	0.00563	0.03848	0.01285	0.13606	0.36722	0.09624	0.16533	0.00932	0.00539	0.00154	0.00333	0.00799	0.00479	0.00516
21	0.00878	0.00644	0.00849	0.00796	0.00912	0.00738	0.00613	0.04553	0.09477	0.04485	0.04100	0.01979	0.01351	0.12426	0.45726	0.00536	0.06342	0.00537	0.02572	0.00486
22	0.00597	0.00441	0.00592	0.04584	0.00816	0.00422	0.00481	0.00694	0.00929	0.01225	0.02697	0.73676	0.08217	0.01429	0.00601	0.00190	0.00292	0.01290	0.00433	0.00396
23	0.00798	0.00631	0.00910	0.05342	0.01084	0.00714	0.02730	0.06129	0.00954	0.01316	0.01645	0.16492	0.03349	0.02267	0.38920	0.00463	0.06660	0.08809	0.00322	0.00465
24	0.01444	0.14281	0.11089	0.04177	0.18449	0.14990	0.05228	0.16838	0.01350	0.06365	0.00940	0.01071	0.00723	0.00477	0.00444	0.00136	0.00623	0.00382	0.00297	0.00695

[dist]
# distance from previous block
# <min> <max>
0	2

[block]
# block no. 2 follows, 53 sequences, length 26
# corresponding to MSA columns:
# 137-162
name=unknown_C
#
# <colnr> <probs for GDERKNQSTAVLIFYWHMCP>
#	G	D	E	R	K	N	Q	S	T	A	V	L	I	F	Y	W	H	M	C	P
0	0.01247	0.06318	0.08726	0.02390	0.06313	0.24330	0.07308	0.04046	0.01142	0.03800	0.04874	0.04820	0.05784	0.06523	0.00713	0.00169	0.08340	0.00500	0.02093	0.00564
1	0.51985	0.08493	0.01111	0.00844	0.01144	0.15859	0.02365	0.08305	0.01057	0.01914	0.00727	0.00842	0.00577	0.00470	0.00377	0.00141	0.02641	0.00293	0.00291	0.00562
2	0.00678	0.00564	0.00610	0.00569	0.00753	0.00501	0.00432	0.00934	0.07924	0.01495	0.18548	0.03841	0.51829	0.01042	0.00539	0.00151	0.00261	0.00877	0.00449	0.08002
3	0.01543	0.41434	0.01916	0.01021	0.01357	0.36672	0.00871	0.07697	0.01239	0.01292	0.00735	0.00838	0.00630	0.00459	0.00375	0.00115	0.00666	0.00292	0.00244	0.00603
4	0.00991	0.00850	0.00991	0.00708	0.01133	0.00637	0.00566	0.01203	0.00991	0.01557	0.00850	0.00991	0.00708	0.00354	0.00354	0.00071	0.00354	0.00283	0.00283	0.86124
5	0.00683	0.00512	0.00768	0.00768	0.00853	0.00597	0.00597	0.00853	0.00768	0.01110	0.01280	0.01878	0.01195	0.03585	0.81308	0.00768	0.01280	0.00512	0.00256	0.00427
6	0.01219	0.11433	0.28639	0.01172	0.03160	0.05950	0.05302	0.16904	0.04312	0.03739	0.02925	0.09173	0.02781	0.00612	0.00468	0.00147	0.00576	0.00501	0.00320	0.00667
7	0.75686	0.00978	0.00797	0.00689	0.00996	0.01125	0.00568	0.11329	0.00998	0.02256	0.00727	0.00824	0.00556	0.00460	0.00319	0.00147	0.00390	0.00281	0.00319	0.00556
8	0.01262	0.79486	0.06371	0.00845	0.01268	0.01853	0.00865	0.01435	0.00973	0.01144	0.00674	0.00779	0.00613	0.00411	0.00314	0.00105	0.00521	0.00260	0.00204	0.00618
9	0.00835	0.00608	0.00722	0.00730	0.00847	0.02926	0.00547	0.08015	0.01201	0.04663	0.20294	0.37883	0.07374	0.01191	0.00580	0.00177	0.00328	0.10144	0.00465	0.00470
10	0.00663	0.00466	0.00563	0.00574	0.00616	0.00458	0.00370	0.00734	0.00864	0.01162	0.13247	0.14934	0.09200	0.44751	0.09026	0.00380	0.00458	0.00828	0.00357	0.00350
11	0.01014	0.00999	0.01403	0.01212	0.01219	0.01388	0.01006	0.01124	0.00735	0.01147	0.00685	0.01119	0.00677	0.01079	0.08600	0.00258	0.75181	0.00427	0.00213	0.00514
12	0.00968	0.04820	0.70793	0.01374	0.03958	0.01111	0.03961	0.01486	0.01027	0.01520	0.04047	0.01118	0.00771	0.00472	0.00458	0.00150	0.00680	0.00379	0.00217	0.00693
13	0.01406	0.01192	0.01159	0.00967	0.01276	0.10992	0.00764	0.25332	0.25963	0.04930	0.01588	0.04937	0.05167	0.00631	0.00469	0.00141	0.00470	0.00502	0.00428	0.11688
14	0.00981	0.00839	0.00984	0.00710	0.01124	0.00636	0.00567	0.01192	0.00984	0.01543	0.00864	0.01020	0.00724	0.00459	0.02997	0.00094	0.00384	0.00291	0.00282	0.83326
15	0.00595	0.00449	0.00531	0.00583	0.00657	0.00406	0.00398	0.00689	0.00970	0.01245	0.07386	0.42291	0.29060	0.11477	0.00818	0.00214	0.00286	0.01132	0.00429	0.00385
16	0.22349	0.00689	0.00739	0.00701	0.00881	0.00738	0.00559	0.04546	0.03875	0.03989	0.08256	0.06518	0.18878	0.01158	0.07699	0.02867	0.03728	0.09699	0.01647	0.00484
17	0.00623	0.00474	0.00632	0.00711	0.00741	0.00484	0.00494	0.00709	0.00905	0.01217	0.02537	0.72833	0.05726	0.01429	0.00693	0.00194	0.07511	0.01263	0.00423	0.00401
18	0.00780	0.00586	0.00770	0.00785	0.03479	0.00612	0.00572	0.02250	0.04185	0.02872	0.19368	0.10048	0.13391	0.08253	0.12949	0.04708	0.06071	0.07480	0.00391	0.00449
19	0.02606	0.00604	0.00721	0.00668	0.00817	0.00582	0.00492	0.03481	0.06085	0.15546	0.13220	0.10533	0.13413	0.23419	0.01057	0.00246	0.00364	0.05217	0.00440	0.00490
20	0.00787	0.00561	0.00684	0.00670	0.00736	0.00593	0.00458	0.07956	0.02722	0.01239	0.01625	0.16478	0.01763	0.40318	0.20858	0.00453	0.00631	0.00738	0.00330	0.00399
21	0.02268	0.08243	0.01361	0.04517	0.11262	0.14769	0.00905	0.11932	0.07439	0.03042	0.04488	0.03773	0.01183	0.00790	0.02541	0.04899	0.08467	0.07196	0.00326	0.00596
22	0.03515	0.00634	0.00847	0.04229	0.03265	0.02084	0.03836	0.03512	0.00918	0.01277	0.11183	0.10782	0.02971	0.25061	0.11117	0.09510	0.03856	0.00673	0.00320	0.00408
23	0.00691	0.00474	0.00600	0.00659	0.00748	0.00434	0.00481	0.00811	0.01018	0.05375	0.06689	0.46111	0.19828	0.02707	0.00629	0.00191	0.00299	0.11383	0.00452	0.00422
24	0.00901	0.00760	0.01129	0.00975	0.01164	0.00765	0.14418	0.09901	0.05180	0.01540	0.03906	0.21525	0.12708	0.09556	0.00797	0.00207	0.02846	0.10823	0.00392	0.00505
25	0.04975	0.08054	0.06780	0.07730	0.24346	0.13603	0.11210	0.04954	0.02348	0.02542	0.01002	0.05389	0.00867	0.00530	0.00489	0.00146	0.02262	0.01862	0.00268	0.00642

[dist]
# distance from previous block
# <min> <max>
5	9

[block]
# block no. 3 follows, 53 sequences, length 33
# corresponding to MSA columns:
# 172-204
name=unknown_D
#
# <colnr> <probs for GDERKNQSTAVLIFYWHMCP>
#	G	D	E	R	K	N	Q	S	T	A	V	L	I	F	Y	W	H	M	C	P
0	0.00625	0.00485	0.00573	0.00615	0.00713	0.00450	0.00436	0.00815	0.05863	0.01372	0.12151	0.42170	0.29409	0.01288	0.00582	0.00176	0.00266	0.01133	0.00456	0.00423
1	0.09539	0.02806	0.02772	0.02502	0.04734	0.00830	0.00656	0.08066	0.02815	0.03009	0.01019	0.01351	0.00880	0.09359	0.03125	0.04214	0.03571	0.00386	0.05953	0.32415
2	0.02311	0.00507	0.00619	0.00647	0.00739	0.00493	0.00464	0.02310	0.03183	0.03877	0.07472	0.34895	0.15000	0.08758	0.07082	0.02387	0.00384	0.04048	0.04402	0.00423
3	0.00611	0.00459	0.00559	0.00617	0.00699	0.00419	0.00442	0.00725	0.01007	0.01299	0.09360	0.39796	0.26596	0.06660	0.00716	0.00201	0.00291	0.08707	0.00440	0.00397
4	0.00685	0.00469	0.00554	0.00557	0.00576	0.00476	0.00338	0.00715	0.00727	0.00975	0.01644	0.05575	0.04802	0.66794	0.12757	0.00483	0.00557	0.00704	0.00296	0.00315
5	0.00677	0.00547	0.00603	0.00583	0.00740	0.00506	0.00442	0.02496	0.07668	0.01555	0.24706	0.06233	0.47575	0.01098	0.00560	0.00160	0.00260	0.02665	0.00470	0.00454
6	0.03750	0.00625	0.00799	0.00737	0.00901	0.00603	0.03660	0.03380	0.06567	0.12959	0.12167	0.22490	0.13634	0.09705	0.00745	0.00199	0.00350	0.04487	0.01736	0.00505
7	0.02624	0.00610	0.00694	0.00674	0.00810	0.00624	0.00494	0.02996	0.15890	0.05372	0.12296	0.20655	0.08506	0.11159	0.00750	0.00198	0.00319	0.02359	0.12475	0.00497
8	0.01265	0.80215	0.05667	0.00840	0.01261	0.01860	0.00856	0.01435	0.00973	0.01140	0.00672	0.00777	0.00613	0.00411	0.00313	0.00104	0.00519	0.00260	0.00204	0.00617
9	0.00637	0.00449	0.00572	0.00644	0.00714	0.00411	0.00452	0.00744	0.00992	0.03509	0.07501	0.58758	0.16726	0.01383	0.00598	0.00186	0.00279	0.04584	0.00453	0.00409
10	0.08045	0.00562	0.00662	0.00681	0.00810	0.00548	0.00503	0.01061	0.06206	0.09205	0.05386	0.40129	0.13279	0.02513	0.00582	0.00182	0.00311	0.06447	0.02414	0.00473
11	0.01182	0.01003	0.01058	0.00950	0.01214	0.01155	0.00739	0.04206	0.73297	0.02014	0.03646	0.01808	0.01504	0.00651	0.00483	0.00160	0.00373	0.00542	0.03273	0.00741
12	0.17945	0.00871	0.01056	0.00826	0.01183	0.00827	0.00682	0.07557	0.01326	0.60368	0.01605	0.01434	0.01032	0.00563	0.00446	0.00148	0.00408	0.00436	0.00528	0.00758
13	0.02681	0.00588	0.00746	0.00713	0.00795	0.00634	0.00526	0.02118	0.02632	0.04688	0.10182	0.16223	0.13116	0.13862	0.08046	0.09687	0.11224	0.00762	0.00361	0.00419
14	0.00696	0.00458	0.00561	0.00607	0.00678	0.00432	0.00427	0.00818	0.00982	0.03043	0.10214	0.37695	0.10713	0.11943	0.00799	0.00210	0.00298	0.05974	0.13048	0.00404
15	0.00581	0.00421	0.00550	0.00653	0.00690	0.00389	0.00438	0.00667	0.00928	0.01225	0.02792	0.77292	0.08658	0.01477	0.00607	0.00192	0.00275	0.01334	0.00444	0.00389
16	0.08995	0.00630	0.00848	0.00840	0.04089	0.00695	0.00619	0.01117	0.00860	0.11318	0.01296	0.03283	0.01161	0.09352	0.43839	0.02385	0.04824	0.00504	0.02858	0.00486
17	0.01025	0.00745	0.01027	0.05020	0.16013	0.02350	0.00758	0.02265	0.04771	0.11837	0.04252	0.18576	0.09447	0.06745	0.08541	0.02070	0.02912	0.00724	0.00373	0.00548
18	0.07284	0.00833	0.00933	0.00855	0.01089	0.00901	0.00677	0.01931	0.39280	0.13007	0.07935	0.05811	0.03790	0.02675	0.00553	0.00174	0.00373	0.10776	0.00477	0.00647
19	0.06562	0.00953	0.01156	0.00904	0.01264	0.00935	0.00742	0.19119	0.08114	0.52582	0.01662	0.01488	0.01089	0.00584	0.00471	0.00148	0.00429	0.00463	0.00542	0.00792
20	0.01122	0.01029	0.01673	0.14170	0.36059	0.02988	0.10872	0.02651	0.05364	0.03804	0.04013	0.03264	0.01013	0.00573	0.02000	0.00160	0.02357	0.00489	0.05742	0.00655
21	0.02980	0.01072	0.04373	0.08940	0.13204	0.08261	0.06236	0.08873	0.01195	0.11593	0.05994	0.08990	0.03938	0.00830	0.04395	0.02061	0.05549	0.00560	0.00346	0.00610
22	0.00676	0.00489	0.00650	0.00654	0.00712	0.00528	0.00463	0.00777	0.00769	0.01059	0.01662	0.05174	0.07095	0.32515	0.44004	0.00594	0.00874	0.00642	0.00288	0.00374
23	0.00939	0.00613	0.00748	0.00710	0.00884	0.00586	0.00561	0.04238	0.07566	0.11999	0.23641	0.09425	0.20886	0.01036	0.00564	0.00169	0.00319	0.14106	0.00489	0.00520
24	0.04607	0.01231	0.10789	0.17919	0.15436	0.10626	0.01998	0.04174	0.04725	0.07281	0.02844	0.03490	0.08226	0.03958	0.00555	0.00162	0.00560	0.00501	0.00308	0.00610
25	0.01106	0.01721	0.34187	0.01387	0.07636	0.07576	0.07756	0.07020	0.06839	0.01575	0.01254	0.03685	0.05652	0.00599	0.00592	0.00158	0.08765	0.01559	0.00278	0.00655
26	0.00850	0.00727	0.02528	0.03018	0.11429	0.03820	0.00696	0.07051	0.01067	0.01415	0.03593	0.43381	0.02304	0.08803	0.00741	0.00205	0.00406	0.07095	0.00388	0.00484
27	0.00938	0.00662	0.02566	0.02862	0.06282	0.00629	0.02411	0.02697	0.02845	0.11673	0.06082	0.17450	0.08966	0.14435	0.15684	0.00323	0.00562	0.02052	0.00381	0.00499
28	0.01253	0.08775	0.13938	0.02815	0.15588	0.07648	0.07319	0.11581	0.08346	0.05437	0.03977	0.04037	0.05040	0.00575	0.00472	0.00145	0.00557	0.00489	0.01335	0.00673
29	0.01136	0.03281	0.11465	0.12966	0.34879	0.02975	0.05674	0.04722	0.03738	0.03713	0.01192	0.01402	0.05175	0.00510	0.00492	0.00147	0.02050	0.00456	0.03351	0.00674
30	0.01100	0.05411	0.20373	0.05054	0.07427	0.02240	0.48299	0.01511	0.01087	0.01493	0.00916	0.01188	0.00690	0.00420	0.00516	0.00154	0.00748	0.00484	0.00229	0.00659
31	0.01111	0.06507	0.22762	0.11266	0.19004	0.08808	0.09501	0.02595	0.02518	0.01451	0.01123	0.01371	0.04898	0.00514	0.00488	0.00148	0.01978	0.01717	0.01595	0.00645
32	0.01150	0.01395	0.20966	0.10748	0.26558	0.02907	0.03075	0.08627	0.01162	0.05011	0.04264	0.04716	0.00990	0.01809	0.00562	0.00157	0.04473	0.00472	0.00284	0.00674

[dist]
# distance from previous block
# <min> <max>
10	27

[block]
# block no. 4 follows, 53 sequences, length 44
# corresponding to MSA columns:
# 238-281
name=unknown_E
#
# <colnr> <probs for GDERKNQSTAVLIFYWHMCP>
#	G	D	E	R	K	N	Q	S	T	A	V	L	I	F	Y	W	H	M	C	P
0	0.01015	0.00894	0.05316	0.00934	0.03167	0.04497	0.05549	0.12896	0.02747	0.04935	0.13742	0.21542	0.06850	0.06614	0.00670	0.00182	0.00427	0.04493	0.00412	0.03118
1	0.02709	0.04462	0.05610	0.04517	0.09717	0.08009	0.02478	0.09312	0.04938	0.04998	0.14010	0.08312	0.03184	0.01157	0.12888	0.00245	0.00606	0.01906	0.00360	0.00580
2	0.01178	0.12332	0.12921	0.03089	0.06015	0.08050	0.02651	0.09781	0.15675	0.02941	0.04698	0.05472	0.03484	0.02478	0.02753	0.00173	0.00544	0.04787	0.00346	0.00635
3	0.01285	0.00892	0.01025	0.00843	0.01113	0.03106	0.02540	0.23281	0.04337	0.13585	0.16872	0.03901	0.13218	0.02902	0.00558	0.00155	0.00400	0.02742	0.00466	0.06779
4	0.01125	0.03696	0.01042	0.00746	0.01124	0.00740	0.00605	0.07783	0.02134	0.08172	0.04791	0.01480	0.05453	0.00496	0.00403	0.00098	0.00368	0.02151	0.00348	0.57243
5	0.00896	0.03355	0.10986	0.06254	0.05065	0.05625	0.02799	0.01165	0.05253	0.03056	0.09208	0.12840	0.10363	0.11142	0.04391	0.00226	0.01863	0.04659	0.00346	0.00510
6	0.00699	0.00505	0.00704	0.00711	0.00793	0.00557	0.00535	0.02105	0.00848	0.01215	0.04323	0.12270	0.03562	0.08439	0.54683	0.00588	0.00959	0.00651	0.05433	0.00420
7	0.00796	0.00533	0.00675	0.00619	0.00757	0.00498	0.00471	0.03694	0.01357	0.05982	0.66158	0.03355	0.07648	0.00936	0.00546	0.00149	0.00246	0.00818	0.04282	0.00480
8	0.04054	0.00657	0.00788	0.00729	0.00910	0.00635	0.00548	0.09039	0.04803	0.13684	0.10779	0.34753	0.05573	0.01006	0.00525	0.00161	0.00326	0.00876	0.04072	0.06082
9	0.01350	0.00811	0.00971	0.00840	0.01072	0.00821	0.00658	0.23542	0.03800	0.20837	0.06027	0.21835	0.04825	0.04367	0.02336	0.00189	0.00415	0.04195	0.00484	0.00626
10	0.06750	0.00775	0.00989	0.00803	0.01106	0.00718	0.00653	0.03941	0.05725	0.51879	0.15344	0.02088	0.03048	0.00688	0.00492	0.00152	0.00373	0.03222	0.00546	0.00711
11	0.00688	0.00506	0.00728	0.00732	0.00804	0.00574	0.00554	0.00833	0.00768	0.01091	0.01361	0.02203	0.01337	0.16406	0.65706	0.00700	0.01118	0.03218	0.00268	0.00405
12	0.00833	0.00598	0.00739	0.00836	0.00890	0.00541	0.00568	0.00863	0.01072	0.01450	0.02791	0.75486	0.03263	0.01600	0.00704	0.00235	0.00370	0.06133	0.00514	0.00513
13	0.00681	0.00463	0.00535	0.00544	0.00556	0.00462	0.00320	0.00700	0.00730	0.00972	0.01701	0.09416	0.04562	0.69943	0.06125	0.00447	0.00481	0.00749	0.00306	0.00308
14	0.01787	0.02227	0.01359	0.01224	0.01478	0.76986	0.00923	0.06040	0.01403	0.01269	0.00761	0.00877	0.00626	0.00497	0.00434	0.00124	0.00844	0.00314	0.00259	0.00568
15	0.00991	0.00850	0.00991	0.00708	0.01133	0.00637	0.00566	0.01203	0.00991	0.01557	0.00850	0.00991	0.00708	0.00354	0.00354	0.00071	0.00354	0.00283	0.00283	0.86124
16	0.00672	0.00489	0.00689	0.00704	0.00764	0.00542	0.00514	0.00796	0.00773	0.01087	0.01510	0.13109	0.01572	0.19541	0.54287	0.00628	0.00978	0.00664	0.00288	0.00394
17	0.01198	0.00910	0.00961	0.00829	0.01089	0.02630	0.00653	0.17661	0.27703	0.08512	0.06641	0.02556	0.25018	0.00811	0.00511	0.00155	0.00373	0.00665	0.00478	0.00647
18	0.00600	0.00477	0.00539	0.00542	0.00672	0.00415	0.00399	0.00747	0.01144	0.01466	0.26622	0.14400	0.47929	0.01179	0.00570	0.00162	0.00242	0.01012	0.00468	0.00415
19	0.00628	0.00436	0.00552	0.00629	0.00657	0.00417	0.00414	0.00700	0.00870	0.01167	0.02338	0.55014	0.03919	0.23071	0.01087	0.00264	0.00332	0.04547	0.02592	0.00366
20	0.01756	0.01948	0.01359	0.01174	0.01463	0.55099	0.00905	0.22770	0.03943	0.01706	0.00889	0.00971	0.00697	0.00516	0.00443	0.00128	0.00743	0.00348	0.00318	0.02824
21	0.00948	0.00507	0.00514	0.00493	0.00623	0.00519	0.00375	0.05294	0.02975	0.01853	0.01547	0.01748	0.01209	0.00560	0.00346	0.00114	0.00243	0.00447	0.79214	0.00473
22	0.00940	0.00551	0.00696	0.00624	0.00798	0.00490	0.00481	0.01134	0.01297	0.17208	0.47785	0.03420	0.20805	0.00954	0.00548	0.00152	0.00265	0.00821	0.00521	0.00511
23	0.68188	0.00912	0.00786	0.00676	0.00981	0.01018	0.00556	0.04815	0.00961	0.13714	0.00890	0.00945	0.00648	0.00474	0.00332	0.00147	0.00378	0.00304	0.02702	0.00572
24	0.00805	0.00698	0.01166	0.03301	0.01223	0.00721	0.16534	0.00987	0.00948	0.01300	0.01818	0.28323	0.01972	0.09106	0.05164	0.00245	0.08014	0.13463	0.03750	0.00460
25	0.01321	0.01071	0.01140	0.00990	0.01281	0.01222	0.00780	0.15007	0.64362	0.04537	0.01813	0.01674	0.01345	0.00634	0.00485	0.00159	0.00403	0.00521	0.00488	0.00767
26	0.01289	0.01065	0.01124	0.00980	0.01265	0.01219	0.00771	0.15691	0.63820	0.02169	0.01796	0.01673	0.01341	0.00633	0.00481	0.00157	0.00400	0.00519	0.02849	0.00758
27	0.01214	0.01004	0.01070	0.00958	0.01228	0.01150	0.00746	0.02489	0.74221	0.05125	0.03975	0.01824	0.01527	0.00655	0.00488	0.00161	0.00375	0.00546	0.00492	0.00751
28	0.00720	0.00540	0.00673	0.00631	0.00761	0.00519	0.00476	0.01048	0.08828	0.01892	0.68520	0.03453	0.08195	0.00958	0.00556	0.00152	0.00241	0.00841	0.00518	0.00478
29	0.00709	0.00472	0.00545	0.00542	0.00581	0.00456	0.00336	0.00738	0.00813	0.02554	0.06995	0.04798	0.12987	0.57442	0.01917	0.05025	0.00409	0.02022	0.00333	0.00326
30	0.05621	0.01182	0.01446	0.01149	0.01460	0.05538	0.12304	0.27173	0.18166	0.07891	0.01285	0.01420	0.00984	0.05630	0.00678	0.00174	0.06325	0.00478	0.00401	0.00695
31	0.01742	0.02208	0.01331	0.01213	0.01453	0.78071	0.00911	0.01867	0.01331	0.01167	0.00760	0.00902	0.00639	0.00616	0.03651	0.00149	0.00879	0.00316	0.00247	0.00549
32	0.00651	0.00443	0.00558	0.00622	0.00652	0.00423	0.00403	0.00715	0.00868	0.02517	0.03901	0.51183	0.04125	0.27810	0.01195	0.00279	0.00341	0.02549	0.00398	0.00366
33	0.00647	0.00436	0.00542	0.00607	0.00636	0.00422	0.00394	0.00723	0.00855	0.01185	0.02162	0.49535	0.02502	0.25000	0.03892	0.00284	0.00360	0.01053	0.08398	0.00367
34	0.00630	0.00470	0.00596	0.00666	0.00721	0.01454	0.00462	0.00752	0.01970	0.01263	0.07275	0.57223	0.08112	0.03963	0.10596	0.00265	0.00409	0.01145	0.01626	0.00403
35	0.04847	0.01032	0.01209	0.00939	0.01300	0.01049	0.00773	0.33659	0.04985	0.40475	0.01533	0.01411	0.01021	0.00581	0.00469	0.00146	0.00448	0.00454	0.02877	0.00790
36	0.05600	0.00554	0.00674	0.00674	0.00817	0.00518	0.00508	0.01063	0.02228	0.14315	0.07625	0.30335	0.18586	0.04984	0.00648	0.00189	0.00321	0.09427	0.00458	0.00479
37	0.01273	0.00713	0.00861	0.00759	0.00954	0.00709	0.00578	0.06633	0.12421	0.24782	0.05136	0.04648	0.03379	0.24285	0.01059	0.00247	0.00410	0.07721	0.02855	0.00576
38	0.00615	0.00433	0.00542	0.00614	0.00640	0.00411	0.00394	0.00675	0.00857	0.01136	0.02394	0.55603	0.06121	0.25905	0.01153	0.00273	0.00331	0.01145	0.00398	0.00359
39	0.00697	0.00472	0.00617	0.00624	0.00687	0.00484	0.00441	0.00807	0.00896	0.01275	0.15883	0.12742	0.04115	0.20350	0.24306	0.05947	0.00602	0.00725	0.07949	0.00382
40	0.17512	0.00982	0.01043	0.00843	0.01136	0.01051	0.00675	0.34376	0.01525	0.16111	0.01290	0.03116	0.01008	0.09960	0.00658	0.00180	0.00440	0.00457	0.06975	0.00661
41	0.00885	0.00566	0.00738	0.00776	0.00908	0.00547	0.00628	0.01109	0.04921	0.10379	0.04110	0.18793	0.10971	0.05269	0.00698	0.00209	0.00379	0.37182	0.00455	0.00477
42	0.00974	0.00663	0.00781	0.00701	0.00893	0.00652	0.00543	0.06430	0.13367	0.10839	0.35032	0.05216	0.19211	0.00922	0.00539	0.00156	0.00297	0.01728	0.00504	0.00552
43	0.02979	0.04547	0.01666	0.13682	0.35136	0.06019	0.04467	0.06610	0.04991	0.03571	0.00972	0.01230	0.00788	0.00686	0.05667	0.00188	0.05436	0.00426	0.00271	0.00666

[dist]
# distance from previous block
# <min> <max>
0	1

[block]
# block no. 5 follows, 53 sequences, length 36
# corresponding to MSA columns:
# 283-318
name=unknown_F
#
# <colnr> <probs for GDERKNQSTAVLIFYWHMCP>
#	G	D	E	R	K	N	Q	S	T	A	V	L	I	F	Y	W	H	M	C	P
0	0.01200	0.01053	0.01350	0.07129	0.09991	0.07489	0.07058	0.20622	0.01278	0.01687	0.01230	0.05184	0.02935	0.04495	0.09698	0.04929	0.08030	0.03739	0.00320	0.00584
1	0.02830	0.02962	0.01111	0.22533	0.09698	0.00818	0.01944	0.02643	0.06475	0.01541	0.18179	0.11519	0.08137	0.00778	0.00509	0.00155	0.00425	0.02611	0.00361	0.04771
2	0.00670	0.00487	0.00582	0.00605	0.00698	0.00445	0.00422	0.00793	0.02585	0.02787	0.09617	0.32908	0.23202	0.14186	0.00895	0.02000	0.00307	0.02974	0.00420	0.03417
3	0.04605	0.00554	0.00671	0.00651	0.00790	0.00510	0.00475	0.03279	0.01019	0.04936	0.10288	0.31371	0.13636	0.01155	0.00697	0.10809	0.00312	0.01998	0.02046	0.10198
4	0.06565	0.00876	0.00945	0.00776	0.01029	0.02049	0.00615	0.27838	0.01467	0.16433	0.03284	0.01636	0.01153	0.08535	0.00617	0.00166	0.00401	0.00468	0.24517	0.00629
5	0.04895	0.00642	0.00671	0.00615	0.00777	0.00670	0.00469	0.14723	0.03307	0.01905	0.04418	0.09690	0.06018	0.04396	0.00503	0.00148	0.00304	0.00583	0.44760	0.00507
6	0.00805	0.00511	0.00640	0.00654	0.00764	0.00471	0.00470	0.02113	0.02141	0.10139	0.13722	0.40045	0.16102	0.06205	0.00690	0.00193	0.00299	0.03119	0.00463	0.00454
7	0.01384	0.00841	0.00940	0.00794	0.01023	0.02501	0.00614	0.22376	0.06288	0.18713	0.04078	0.09079	0.01456	0.12397	0.00746	0.00190	0.00406	0.00582	0.14973	0.00618
8	0.00616	0.00488	0.00563	0.00628	0.00707	0.02315	0.00441	0.00722	0.01005	0.01281	0.07131	0.51392	0.26129	0.01357	0.00591	0.00181	0.00283	0.03328	0.00443	0.00401
9	0.04597	0.00894	0.01125	0.00877	0.01231	0.00846	0.00720	0.13598	0.05649	0.59308	0.04815	0.01614	0.01253	0.00603	0.00478	0.00148	0.00415	0.00485	0.00557	0.00787
10	0.00675	0.00447	0.00575	0.00645	0.00697	0.00415	0.00433	0.00758	0.00932	0.05182	0.04097	0.62756	0.08027	0.10986	0.00813	0.00220	0.00302	0.01204	0.00435	0.00400
11	0.01214	0.01147	0.20389	0.00905	0.01230	0.03229	0.00868	0.05381	0.03155	0.21541	0.05497	0.21285	0.03403	0.00804	0.00498	0.00157	0.00440	0.00683	0.07555	0.00618
12	0.01221	0.00973	0.01048	0.00924	0.01187	0.01093	0.00721	0.09028	0.58508	0.05834	0.08065	0.01972	0.03859	0.02703	0.00541	0.00166	0.00379	0.00570	0.00488	0.00719
13	0.00870	0.00746	0.01173	0.01027	0.01181	0.00779	0.14610	0.08098	0.01100	0.01501	0.08122	0.37043	0.02244	0.01152	0.03190	0.00201	0.09486	0.06594	0.00385	0.00498
14	0.01029	0.01088	0.02182	0.15979	0.04378	0.01074	0.48287	0.01376	0.01090	0.01475	0.04518	0.01685	0.02600	0.00522	0.00566	0.00161	0.02502	0.05257	0.00266	0.03964
15	0.19347	0.01437	0.02487	0.01000	0.01323	0.23098	0.00808	0.24900	0.06988	0.12541	0.01085	0.01099	0.00789	0.00530	0.00428	0.00141	0.00562	0.00374	0.00388	0.00675
16	0.00629	0.00445	0.00547	0.00610	0.00644	0.00423	0.00399	0.00693	0.00864	0.01136	0.02442	0.44625	0.09625	0.29546	0.01235	0.00285	0.00346	0.04757	0.00391	0.00358
17	0.00683	0.00512	0.00768	0.00768	0.00853	0.00597	0.00597	0.00853	0.00768	0.01110	0.01280	0.01878	0.01195	0.03585	0.81308	0.00768	0.01280	0.00512	0.00256	0.00427
18	0.01020	0.00867	0.00999	0.00742	0.01140	0.00704	0.00590	0.03333	0.08302	0.01627	0.01007	0.03263	0.00846	0.00418	0.00376	0.00084	0.00359	0.00340	0.00311	0.73671
19	0.00681	0.00492	0.00570	0.00557	0.00679	0.00442	0.00408	0.00826	0.01124	0.03783	0.29178	0.06201	0.35080	0.12534	0.00822	0.00201	0.00279	0.03450	0.02276	0.00417
20	0.04338	0.00735	0.00807	0.00732	0.00912	0.02622	0.00561	0.13849	0.09039	0.03569	0.31444	0.13792	0.09952	0.00913	0.00523	0.00155	0.00323	0.00779	0.04418	0.00540
21	0.00607	0.00445	0.00623	0.00710	0.00753	0.00420	0.02247	0.00706	0.00925	0.01235	0.02555	0.75078	0.03033	0.01520	0.02776	0.00210	0.00324	0.05003	0.00434	0.00398
22	0.00611	0.00480	0.00558	0.00599	0.00719	0.00428	0.00456	0.00747	0.01070	0.01340	0.08928	0.22068	0.44881	0.01277	0.00591	0.00178	0.00282	0.13928	0.00449	0.00409
23	0.01058	0.00590	0.00756	0.00661	0.00851	0.00533	0.00514	0.03164	0.01344	0.21549	0.48476	0.03160	0.13619	0.00902	0.00541	0.00151	0.00281	0.00777	0.00530	0.00544
24	0.01025	0.00848	0.00995	0.00712	0.01135	0.00639	0.00570	0.01236	0.01002	0.03870	0.00880	0.01010	0.00722	0.00361	0.00358	0.00073	0.00356	0.00289	0.00292	0.83627
25	0.02933	0.00626	0.00791	0.00714	0.00918	0.00572	0.00550	0.01424	0.05234	0.30058	0.14109	0.21970	0.14606	0.00979	0.00538	0.00164	0.00321	0.02409	0.00509	0.00576
26	0.01168	0.00703	0.00827	0.00740	0.00940	0.00712	0.00577	0.09154	0.12257	0.16734	0.07610	0.07143	0.08949	0.06897	0.04666	0.00206	0.00400	0.05687	0.14052	0.00577
27	0.00591	0.00458	0.00541	0.00594	0.00691	0.00408	0.00428	0.00706	0.01027	0.01301	0.07758	0.39307	0.37316	0.01332	0.00590	0.00179	0.00269	0.05655	0.00448	0.00401
28	0.00806	0.00644	0.00879	0.02925	0.00985	0.00724	0.02699	0.04086	0.07478	0.01394	0.10505	0.07316	0.07298	0.06200	0.34930	0.00436	0.07193	0.00640	0.02386	0.00478
29	0.00744	0.00546	0.00627	0.02779	0.00760	0.00536	0.00435	0.06077	0.02654	0.01372	0.10085	0.15448	0.22117	0.27963	0.01165	0.00262	0.00353	0.01908	0.03760	0.00409
30	0.05906	0.00902	0.01073	0.00908	0.03084	0.04690	0.00714	0.09743	0.02464	0.42359	0.04213	0.01740	0.06296	0.00867	0.06725	0.00197	0.04384	0.00501	0.02539	0.00693
31	0.03832	0.07192	0.09211	0.15436	0.17446	0.11667	0.11399	0.05038	0.02114	0.02488	0.00885	0.01128	0.00703	0.00542	0.02433	0.00158	0.03672	0.00403	0.00251	0.04002
32	0.05141	0.08946	0.02511	0.10208	0.09032	0.05555	0.05586	0.12229	0.03868	0.05850	0.11892	0.01798	0.07073	0.00703	0.02549	0.00161	0.02473	0.01598	0.00352	0.02477
33	0.03232	0.04639	0.11431	0.03760	0.16833	0.11761	0.04783	0.14951	0.05619	0.07848	0.01099	0.02948	0.00879	0.03858	0.02169	0.00170	0.02579	0.00440	0.00322	0.00677
34	0.01198	0.01185	0.05259	0.01867	0.36891	0.07277	0.02796	0.11231	0.05102	0.01699	0.05460	0.05038	0.02493	0.02977	0.02561	0.00168	0.01710	0.00501	0.00311	0.04275
35	0.14399	0.02513	0.03699	0.10685	0.09751	0.08933	0.01746	0.19985	0.05365	0.04436	0.04212	0.01418	0.05519	0.00590	0.00483	0.02282	0.00514	0.00441	0.00348	0.02682

[dist]
# distance from previous block
# <min> <max>
2	38

[block]
# block no. 6 follows, 53 sequences, length 15
# corresponding to MSA columns:
# 357-371
name=unknown_G
#
# <colnr> <probs for GDERKNQSTAVLIFYWHMCP>
#	G	D	E	R	K	N	Q	S	T	A	V	L	I	F	Y	W	H	M	C	P
0	0.00926	0.00746	0.00826	0.00782	0.00964	0.00799	0.00601	0.06202	0.31232	0.01673	0.06559	0.08678	0.17870	0.09025	0.02173	0.00209	0.00376	0.09353	0.00448	0.00559
1	0.02879	0.00540	0.00639	0.00634	0.00760	0.00505	0.00463	0.04452	0.01102	0.06105	0.14841	0.29044	0.20336	0.07401	0.00697	0.00190	0.00302	0.03526	0.03274	0.02310
2	0.10873	0.00640	0.00738	0.00739	0.03019	0.00641	0.00536	0.01237	0.10644	0.09896	0.14419	0.20664	0.14089	0.04988	0.00613	0.00179	0.00322	0.03326	0.01921	0.00513
3	0.05447	0.00676	0.00781	0.00776	0.02996	0.00688	0.00567	0.03173	0.18297	0.07530	0.12662	0.20596	0.17367	0.02827	0.00577	0.00174	0.00324	0.03543	0.00459	0.00538
4	0.00698	0.00465	0.00537	0.00541	0.00552	0.00470	0.00318	0.00721	0.00718	0.00980	0.01527	0.05480	0.01724	0.71907	0.08000	0.00464	0.00508	0.00694	0.03387	0.00308
5	0.07056	0.00671	0.00783	0.00713	0.00907	0.00663	0.00547	0.05589	0.09442	0.16911	0.16624	0.16596	0.12424	0.03975	0.00589	0.00172	0.00328	0.02558	0.02898	0.00554
6	0.07141	0.00794	0.00901	0.00800	0.01020	0.00820	0.00622	0.18117	0.09834	0.13440	0.08485	0.20560	0.08649	0.03310	0.00574	0.00172	0.00371	0.03322	0.00469	0.00597
7	0.01060	0.00692	0.00806	0.00739	0.00931	0.00690	0.00575	0.10967	0.10171	0.12229	0.09480	0.13777	0.17989	0.04838	0.00625	0.00178	0.00347	0.08250	0.05104	0.00552
8	0.00808	0.00532	0.00642	0.00650	0.00743	0.00531	0.00462	0.05894	0.04010	0.03586	0.05308	0.32847	0.08694	0.09758	0.05105	0.06754	0.00371	0.00886	0.11989	0.00431
9	0.09624	0.00720	0.00801	0.00720	0.00922	0.00734	0.00555	0.09362	0.08512	0.14330	0.03787	0.13142	0.17705	0.08036	0.00685	0.00186	0.01846	0.02909	0.04872	0.00551
10	0.19028	0.00769	0.00836	0.00733	0.00959	0.00791	0.00568	0.11009	0.05484	0.18106	0.03713	0.11586	0.09889	0.09479	0.00723	0.03033	0.00382	0.01918	0.00428	0.00564
11	0.00595	0.00442	0.00543	0.00606	0.00670	0.00403	0.00413	0.00693	0.00977	0.01274	0.09777	0.51168	0.21407	0.07801	0.00738	0.00204	0.00279	0.01181	0.00439	0.00390
12	0.00874	0.00702	0.00726	0.00702	0.00810	0.07095	0.00509	0.01055	0.06075	0.05200	0.05744	0.16175	0.18105	0.20238	0.02620	0.00247	0.05754	0.02659	0.04267	0.00443
13	0.05047	0.00628	0.00808	0.00785	0.02986	0.00655	0.00583	0.03414	0.05671	0.13302	0.04834	0.08297	0.03825	0.06804	0.28248	0.02856	0.00676	0.02268	0.07802	0.00513
14	0.00839	0.00532	0.00628	0.00607	0.00736	0.00485	0.00434	0.03188	0.01070	0.11271	0.10471	0.21231	0.28518	0.16713	0.00916	0.00223	0.00319	0.00930	0.00442	0.00446

[dist]
# distance from previous block
# <min> <max>
3	7

[block]
# block no. 7 follows, 53 sequences, length 14
# corresponding to MSA columns:
# 381-394
name=unknown_H
#
# <colnr> <probs for GDERKNQSTAVLIFYWHMCP>
#	G	D	E	R	K	N	Q	S	T	A	V	L	I	F	Y	W	H	M	C	P
0	0.44155	0.03003	0.01107	0.00983	0.05157	0.16391	0.05385	0.01453	0.00961	0.01725	0.00763	0.00942	0.00626	0.00665	0.05816	0.00180	0.03086	0.00319	0.00272	0.07011
1	0.12573	0.18033	0.03335	0.01145	0.07322	0.12701	0.00903	0.34733	0.01564	0.02117	0.00905	0.00982	0.00698	0.00498	0.00412	0.00133	0.00557	0.00354	0.00342	0.00691
2	0.00825	0.00494	0.00678	0.00659	0.00707	0.00509	0.00456	0.00819	0.06059	0.00991	0.01049	0.01709	0.01024	0.11169	0.13009	0.54790	0.00538	0.00464	0.00246	0.03807
3	0.05251	0.04630	0.05840	0.06336	0.07808	0.15681	0.03178	0.33094	0.07061	0.04951	0.01058	0.01134	0.00786	0.00524	0.00457	0.00142	0.00592	0.00403	0.00365	0.00709
4	0.00691	0.00480	0.00604	0.00604	0.00633	0.00508	0.00393	0.00748	0.00720	0.00988	0.01430	0.02709	0.01556	0.56533	0.28853	0.00565	0.00737	0.00634	0.00278	0.00336
5	0.00628	0.00448	0.00553	0.00609	0.00678	0.00415	0.00425	0.00746	0.01004	0.01355	0.14034	0.44514	0.15982	0.07212	0.00712	0.00197	0.00280	0.03855	0.05954	0.00398
6	0.03245	0.18930	0.04903	0.07118	0.11366	0.12615	0.05956	0.02317	0.01021	0.03843	0.00930	0.01300	0.00813	0.00869	0.07551	0.06479	0.06403	0.03520	0.00250	0.00570
7	0.08443	0.01524	0.01344	0.01108	0.01410	0.28348	0.03051	0.27432	0.01558	0.13433	0.01034	0.01088	0.00760	0.00554	0.00533	0.00143	0.06801	0.00386	0.00375	0.00675
8	0.01049	0.00863	0.00941	0.00843	0.01071	0.00951	0.00654	0.07703	0.46384	0.01995	0.22784	0.02442	0.08735	0.00776	0.00513	0.00158	0.00338	0.00657	0.00493	0.00651
9	0.00680	0.00517	0.00717	0.00735	0.00814	0.00570	0.00553	0.00859	0.03381	0.01176	0.01879	0.19644	0.07448	0.06213	0.48216	0.00541	0.02741	0.02569	0.00323	0.00424
10	0.70695	0.00896	0.00798	0.00818	0.06912	0.01015	0.00603	0.01360	0.00877	0.02044	0.04398	0.01232	0.00861	0.00523	0.00345	0.00152	0.00383	0.05250	0.00311	0.00528
11	0.00796	0.00485	0.00561	0.00546	0.00582	0.00475	0.00330	0.00834	0.00793	0.06167	0.05121	0.05161	0.01836	0.66998	0.02047	0.00401	0.00430	0.00692	0.05402	0.00343
12	0.00608	0.00533	0.00634	0.00590	0.00767	0.00457	0.04936	0.00751	0.01100	0.01327	0.06680	0.04403	0.70746	0.01160	0.00568	0.00163	0.00281	0.03442	0.00434	0.00420
13	0.00602	0.00436	0.00573	0.02962	0.00747	0.00416	0.00449	0.00685	0.00902	0.01193	0.02569	0.68756	0.06487	0.09853	0.00792	0.00219	0.00305	0.01248	0.00421	0.00383

[dist]
# distance from previous block
# <min> <max>
0	21

[block]
# block no. 8 follows, 53 sequences, length 9
# corresponding to MSA columns:
# 416-424
name=unknown_I
#
# <colnr> <probs for GDERKNQSTAVLIFYWHMCP>
#	G	D	E	R	K	N	Q	S	T	A	V	L	I	F	Y	W	H	M	C	P
0	0.01212	0.02980	0.01190	0.01108	0.06052	0.13238	0.00816	0.09557	0.25770	0.01632	0.01457	0.05217	0.02668	0.06827	0.05171	0.00216	0.10848	0.03067	0.00362	0.00614
1	0.00829	0.00540	0.00685	0.00634	0.00752	0.00539	0.00483	0.01021	0.01169	0.07043	0.43070	0.02923	0.07868	0.05536	0.05698	0.00204	0.05623	0.00720	0.14198	0.00466
2	0.01004	0.00919	0.01158	0.27799	0.01870	0.04351	0.00842	0.01288	0.03799	0.01444	0.00884	0.01108	0.00707	0.00412	0.00403	0.00106	0.00471	0.00341	0.00265	0.50828
3	0.01320	0.68928	0.07119	0.00894	0.01308	0.07891	0.00887	0.04708	0.01056	0.01231	0.00702	0.00805	0.00621	0.00425	0.00332	0.00109	0.00550	0.00273	0.00219	0.00623
4	0.00624	0.00473	0.00692	0.00739	0.00793	0.00444	0.05240	0.00721	0.00913	0.01219	0.02455	0.72448	0.02915	0.06979	0.00731	0.00210	0.00322	0.01265	0.00421	0.00397
5	0.01051	0.01049	0.01882	0.23389	0.16735	0.01110	0.26480	0.01508	0.11465	0.01487	0.01145	0.06277	0.00950	0.00538	0.00543	0.00161	0.02781	0.00542	0.00277	0.00631
6	0.00991	0.00850	0.00991	0.00708	0.01133	0.00637	0.00566	0.01203	0.00991	0.01557	0.00850	0.00991	0.00708	0.00354	0.00354	0.00071	0.00354	0.00283	0.00283	0.86124
7	0.01785	0.02278	0.01354	0.01231	0.01478	0.81284	0.00924	0.01909	0.01354	0.01170	0.00739	0.00862	0.00616	0.00493	0.00431	0.00123	0.00862	0.00308	0.00246	0.00554
8	0.00616	0.00537	0.00655	0.00598	0.00774	0.00462	0.05424	0.00769	0.01126	0.01389	0.14426	0.04251	0.65015	0.01128	0.00565	0.00160	0.00276	0.00961	0.00442	0.00425

[dist]
# distance from previous block
# <min> <max>
0	7

[block]
# block no. 9 follows, 53 sequences, length 155
# corresponding to MSA columns:
# 432-510,551-626
name=unknown_J
#
# <colnr> <probs for GDERKNQSTAVLIFYWHMCP>
#	G	D	E	R	K	N	Q	S	T	A	V	L	I	F	Y	W	H	M	C	P
0	0.86579	0.00924	0.00702	0.00629	0.00924	0.01072	0.00518	0.01405	0.00813	0.02144	0.00666	0.00776	0.00518	0.00444	0.00296	0.00148	0.00370	0.00259	0.00296	0.00518
1	0.00587	0.00419	0.00559	0.00662	0.00694	0.00391	0.00444	0.00677	0.00936	0.01253	0.06310	0.79121	0.03225	0.01473	0.00608	0.00192	0.00275	0.01335	0.00448	0.00391
2	0.00692	0.00476	0.00585	0.00585	0.00607	0.00498	0.00369	0.00736	0.00714	0.00974	0.01448	0.02806	0.01598	0.62721	0.22723	0.00542	0.00674	0.00648	0.00281	0.00325
3	0.00830	0.00415	0.00623	0.00623	0.00623	0.00415	0.00415	0.00623	0.00623	0.00830	0.00830	0.01453	0.00830	0.01660	0.01868	0.86094	0.00415	0.00415	0.00208	0.00208
4	0.00683	0.00512	0.00768	0.00768	0.00853	0.00597	0.00597	0.00853	0.00768	0.01110	0.01280	0.01878	0.01195	0.03585	0.81308	0.00768	0.01280	0.00512	0.00256	0.00427
5	0.00695	0.00463	0.00521	0.00521	0.00521	0.00463	0.00290	0.00695	0.00695	0.00927	0.01506	0.03128	0.01738	0.83203	0.02433	0.00463	0.00463	0.00695	0.00290	0.00290
