[name]
unknown

[dist]
# distance from previous block
# <min> <max>
0	215

[block]
# block no. 0 follows, 51 sequences, length 9
# corresponding to MSA columns:
# 234-242
name=unknown_A
#
# <colnr> <probs for GDERKNQSTAVLIFYWHMCP>
#	G	D	E	R	K	N	Q	S	T	A	V	L	I	F	Y	W	H	M	C	P
0	0.00797	0.00604	0.00704	0.00667	0.00800	0.00582	0.00481	0.01059	0.09864	0.01420	0.14016	0.05812	0.10329	0.30624	0.01255	0.00274	0.00383	0.09428	0.00397	0.10503
1	0.01174	0.00883	0.01040	0.00766	0.01184	0.00706	0.00614	0.01478	0.06947	0.10897	0.01085	0.01158	0.00844	0.00416	0.00390	0.00089	0.00372	0.00335	0.00344	0.69278
2	0.00995	0.00526	0.00738	0.00697	0.00779	0.00532	0.00499	0.00988	0.00812	0.13128	0.01274	0.01959	0.01184	0.17165	0.22979	0.33866	0.00673	0.00518	0.00303	0.00385
3	0.00927	0.10312	0.00922	0.00729	0.00920	0.00696	0.00600	0.01130	0.04039	0.10063	0.03088	0.15472	0.27965	0.01127	0.00568	0.00177	0.00362	0.19950	0.00445	0.00508
4	0.01094	0.00593	0.00770	0.00674	0.00868	0.00528	0.00524	0.01301	0.01363	0.23179	0.49484	0.03251	0.12543	0.00925	0.00556	0.00155	0.00285	0.00799	0.00549	0.00560
5	0.07273	0.01276	0.01414	0.01111	0.01437	0.01454	0.00919	0.57505	0.01930	0.06499	0.01102	0.01163	0.00805	0.00624	0.00652	0.00158	0.13032	0.00432	0.00442	0.00770
6	0.00846	0.00523	0.00636	0.00636	0.00779	0.00460	0.00465	0.00973	0.01114	0.13451	0.08894	0.34167	0.32719	0.01244	0.00585	0.00176	0.00288	0.01082	0.00486	0.00477
7	0.01071	0.00859	0.01020	0.02570	0.04382	0.00904	0.00734	0.04241	0.34442	0.01702	0.01729	0.02225	0.03428	0.00876	0.00717	0.12843	0.00415	0.11735	0.00401	0.13706
8	0.01165	0.00909	0.01496	0.58062	0.13812	0.01046	0.01286	0.01467	0.01067	0.13422	0.01045	0.01353	0.00759	0.00502	0.00491	0.00159	0.00609	0.00446	0.00282	0.00623

[dist]
# distance from previous block
# <min> <max>
2	14

[block]
# block no. 1 follows, 51 sequences, length 14
# corresponding to MSA columns:
# 258-271
name=unknown_B
#
# <colnr> <probs for GDERKNQSTAVLIFYWHMCP>
#	G	D	E	R	K	N	Q	S	T	A	V	L	I	F	Y	W	H	M	C	P
0	0.01209	0.14062	0.01605	0.01176	0.01288	0.13894	0.00983	0.01335	0.00929	0.01228	0.05351	0.01155	0.00878	0.00745	0.01166	0.00180	0.51611	0.00413	0.00240	0.00553
1	0.00810	0.00643	0.00869	0.00790	0.00899	0.00654	0.07905	0.01099	0.13035	0.01293	0.04600	0.16709	0.05085	0.39811	0.03382	0.00333	0.00466	0.00811	0.00366	0.00439
2	0.00954	0.00594	0.00840	0.00710	0.00885	0.00581	0.12476	0.01212	0.01051	0.01792	0.01508	0.01753	0.01179	0.00548	0.00381	0.00123	0.00323	0.00477	0.72125	0.00490
3	0.70268	0.13789	0.01025	0.00684	0.01009	0.01222	0.00587	0.01479	0.00880	0.04496	0.00724	0.00824	0.00569	0.00455	0.00312	0.00145	0.00404	0.00273	0.00299	0.00557
4	0.39804	0.00836	0.00877	0.00732	0.01036	0.00853	0.00596	0.01738	0.01147	0.32769	0.13477	0.01591	0.01443	0.00602	0.00422	0.00152	0.00372	0.00453	0.00461	0.00641
5	0.01362	0.01059	0.01168	0.01001	0.01286	0.01199	0.00796	0.24309	0.41734	0.04811	0.01652	0.01653	0.01255	0.01114	0.13040	0.00258	0.00579	0.00516	0.00464	0.00744
6	0.00633	0.00485	0.00587	0.00639	0.00744	0.00439	0.00477	0.00772	0.01091	0.01397	0.12232	0.31401	0.32880	0.01336	0.00612	0.00186	0.00291	0.12912	0.00465	0.00421
7	0.00715	0.00599	0.00759	0.13268	0.01184	0.00557	0.00587	0.00883	0.01055	0.01379	0.07541	0.22430	0.31887	0.01047	0.00544	0.00159	0.00338	0.00905	0.00398	0.13764
8	0.01545	0.15753	0.01698	0.01429	0.13667	0.29042	0.01016	0.14574	0.06263	0.01628	0.00911	0.01047	0.00745	0.00537	0.00547	0.00140	0.08120	0.00373	0.00296	0.00668
9	0.01393	0.11662	0.14545	0.04152	0.09219	0.08473	0.01062	0.26516	0.01426	0.01864	0.00943	0.01138	0.00747	0.00697	0.00684	0.13529	0.00591	0.00392	0.00310	0.00654
10	0.01055	0.01054	0.01694	0.45993	0.14571	0.04442	0.08755	0.01343	0.01002	0.01326	0.00853	0.01243	0.00680	0.00534	0.00672	0.00168	0.13353	0.00445	0.00226	0.00593
11	0.00768	0.00501	0.00669	0.00646	0.00691	0.00513	0.00450	0.00789	0.00918	0.01270	0.25697	0.02657	0.04255	0.20237	0.05872	0.28263	0.04457	0.00659	0.00344	0.00345
12	0.00767	0.13389	0.00932	0.00690	0.00844	0.00689	0.00556	0.00938	0.01149	0.01505	0.26227	0.19831	0.16664	0.01121	0.00564	0.00169	0.00326	0.12730	0.00443	0.00466
13	0.00730	0.00561	0.00703	0.00738	0.00838	0.00577	0.00540	0.01059	0.13151	0.01459	0.11402	0.39215	0.08469	0.01648	0.13143	0.00280	0.00461	0.04111	0.00442	0.00475

[dist]
# distance from previous block
# <min> <max>
2	7

[block]
# block no. 2 follows, 51 sequences, length 7
# corresponding to MSA columns:
# 279-281,285-288
name=unknown_C
#
# <colnr> <probs for GDERKNQSTAVLIFYWHMCP>
#	G	D	E	R	K	N	Q	S	T	A	V	L	I	F	Y	W	H	M	C	P
0	0.18090	0.00782	0.00916	0.00760	0.01065	0.00716	0.00601	0.01617	0.01119	0.32309	0.01632	0.18026	0.01401	0.00720	0.00457	0.00145	0.00372	0.00594	0.00452	0.18226
1	0.18805	0.01112	0.01337	0.01124	0.01268	0.01426	0.00934	0.17112	0.01092	0.01789	0.00764	0.01040	0.00661	0.00721	0.01111	0.00188	0.48229	0.00399	0.00291	0.00598
2	0.01134	0.00733	0.00784	0.00653	0.00891	0.00719	0.00515	0.17028	0.01292	0.02045	0.01365	0.01530	0.01062	0.00533	0.00378	0.00113	0.00321	0.00420	0.50330	0.18153
3	0.00950	0.00553	0.00674	0.00646	0.00803	0.00490	0.00479	0.01080	0.01125	0.17571	0.09767	0.21399	0.29875	0.08742	0.00755	0.00201	0.00319	0.03600	0.00480	0.00493
4	0.18547	0.00687	0.00729	0.00669	0.00799	0.00807	0.00534	0.01215	0.00933	0.01775	0.01216	0.01462	0.00983	0.00608	0.00598	0.00143	0.17118	0.00413	0.50276	0.00490
5	0.01796	0.01476	0.01343	0.03936	0.04326	0.25251	0.00904	0.22009	0.11787	0.20223	0.01318	0.01298	0.00942	0.00570	0.00478	0.00145	0.00602	0.00431	0.00429	0.00736
6	0.25191	0.01021	0.05195	0.06002	0.17455	0.02775	0.02574	0.03106	0.02930	0.01927	0.23092	0.03525	0.01892	0.00673	0.00486	0.00162	0.00455	0.00551	0.00374	0.00614

[dist]
# distance from previous block
# <min> <max>
2	21

[block]
# block no. 3 follows, 51 sequences, length 19
# corresponding to MSA columns:
# 325-343
name=unknown_D
#
# <colnr> <probs for GDERKNQSTAVLIFYWHMCP>
#	G	D	E	R	K	N	Q	S	T	A	V	L	I	F	Y	W	H	M	C	P
0	0.00826	0.00702	0.02171	0.02278	0.04176	0.00679	0.03998	0.02107	0.09327	0.01494	0.17104	0.04241	0.17408	0.21210	0.01067	0.00241	0.02787	0.04083	0.00399	0.03703
1	0.00682	0.00508	0.00666	0.00724	0.00819	0.00493	0.00556	0.00831	0.01004	0.01324	0.04891	0.28574	0.15278	0.04790	0.13660	0.00303	0.00499	0.21438	0.00416	0.02543
2	0.08369	0.01046	0.01545	0.08784	0.31017	0.01034	0.06193	0.06208	0.04433	0.01723	0.01011	0.03802	0.00846	0.00479	0.00453	0.00134	0.00514	0.00433	0.00292	0.21684
3	0.01420	0.00875	0.01042	0.00844	0.01173	0.00824	0.00678	0.09334	0.14822	0.24733	0.06925	0.03569	0.06069	0.00670	0.00484	0.00140	0.00388	0.03764	0.00476	0.21768
4	0.09098	0.01290	0.08593	0.09306	0.13622	0.05298	0.01056	0.21728	0.09183	0.12148	0.03115	0.01326	0.00960	0.00549	0.00473	0.00152	0.00541	0.00440	0.00388	0.00732
5	0.01212	0.03523	0.05435	0.01720	0.02136	0.03249	0.50385	0.06615	0.03707	0.03433	0.02464	0.01351	0.00860	0.00630	0.04052	0.00192	0.07561	0.00535	0.00282	0.00658
6	0.00602	0.00464	0.00553	0.00620	0.00709	0.00415	0.00440	0.00711	0.01024	0.01296	0.03632	0.46479	0.34423	0.01409	0.00611	0.00187	0.00279	0.05282	0.00456	0.00408
7	0.01181	0.01148	0.01830	0.27735	0.22822	0.04211	0.14732	0.07379	0.07545	0.01605	0.01010	0.01295	0.00785	0.00502	0.00552	0.00159	0.04098	0.00468	0.00275	0.00669
8	0.11460	0.00599	0.00709	0.00641	0.00818	0.00570	0.00495	0.01151	0.01296	0.11657	0.52278	0.03176	0.11469	0.00912	0.00535	0.00155	0.00275	0.00778	0.00511	0.00514
9	0.04745	0.00816	0.00918	0.00828	0.01039	0.00884	0.00641	0.07531	0.31219	0.05293	0.24630	0.04637	0.03698	0.04275	0.04922	0.00209	0.00405	0.02205	0.00484	0.00621
10	0.00772	0.00505	0.00650	0.00656	0.00769	0.00459	0.00481	0.00936	0.01195	0.07862	0.34908	0.30686	0.13359	0.01199	0.00593	0.00174	0.00274	0.03555	0.00504	0.00465
11	0.71358	0.00990	0.00857	0.00790	0.03991	0.01122	0.00614	0.08159	0.01004	0.06236	0.00801	0.00892	0.00603	0.00475	0.00337	0.00151	0.00404	0.00300	0.00334	0.00583
12	0.06553	0.01384	0.28542	0.01193	0.01591	0.00891	0.14889	0.01272	0.01020	0.03401	0.01592	0.16848	0.05539	0.01068	0.08719	0.00234	0.00655	0.03718	0.00307	0.00586
13	0.01097	0.01089	0.01306	0.01154	0.01233	0.08766	0.00936	0.01397	0.11641	0.01298	0.00969	0.01322	0.00872	0.01328	0.16143	0.00307	0.47864	0.00455	0.00267	0.00555
14	0.01453	0.45561	0.02102	0.05343	0.08839	0.16804	0.00963	0.11037	0.01247	0.01453	0.00792	0.00923	0.00672	0.00463	0.00387	0.00121	0.00608	0.00321	0.00257	0.00654
15	0.00610	0.00473	0.00594	0.04813	0.00835	0.00440	0.00477	0.00721	0.01001	0.01278	0.03343	0.53251	0.27602	0.01391	0.00605	0.00187	0.00293	0.01232	0.00444	0.00412
16	0.01501	0.01257	0.01468	0.17253	0.06529	0.07035	0.03235	0.34066	0.15448	0.04122	0.01224	0.01318	0.00904	0.00568	0.00509	0.00154	0.01818	0.00457	0.00398	0.00736
17	0.10611	0.09117	0.11909	0.04263	0.06464	0.11694	0.07334	0.07714	0.07231	0.08347	0.02373	0.03404	0.00926	0.00602	0.02212	0.00159	0.00598	0.00432	0.00326	0.04285
18	0.01140	0.03373	0.02565	0.05266	0.09891	0.02661	0.02691	0.12792	0.03181	0.03927	0.04463	0.01650	0.05283	0.05186	0.10507	0.00225	0.00578	0.00473	0.00337	0.23809

[dist]
# distance from previous block
# <min> <max>
2	16

[block]
# block no. 4 follows, 51 sequences, length 18
# corresponding to MSA columns:
# 362-379
name=unknown_E
#
# <colnr> <probs for GDERKNQSTAVLIFYWHMCP>
#	G	D	E	R	K	N	Q	S	T	A	V	L	I	F	Y	W	H	M	C	P
0	0.01232	0.01703	0.27222	0.08479	0.03936	0.10155	0.10518	0.09215	0.06871	0.03644	0.03255	0.01267	0.00875	0.00599	0.02144	0.00169	0.05887	0.00439	0.00292	0.02096
1	0.00895	0.01119	0.19432	0.00943	0.01251	0.00787	0.03942	0.06675	0.06953	0.01770	0.24603	0.06281	0.12879	0.00896	0.00555	0.00167	0.00435	0.09425	0.00420	0.00572
2	0.19615	0.07544	0.01227	0.11701	0.02832	0.09161	0.00795	0.07471	0.08037	0.06475	0.02709	0.01204	0.00870	0.02003	0.00448	0.00139	0.00494	0.00376	0.00332	0.16566
3	0.00671	0.00486	0.00607	0.00603	0.00692	0.00450	0.00427	0.00832	0.01183	0.01627	0.47013	0.16172	0.11842	0.14148	0.00894	0.00214	0.00281	0.00957	0.00480	0.00422
4	0.01327	0.06387	0.04347	0.14490	0.21370	0.03133	0.03066	0.17131	0.03927	0.08440	0.01411	0.05967	0.05634	0.00610	0.00493	0.00152	0.00545	0.00523	0.00351	0.00695
5	0.02752	0.01420	0.03843	0.22738	0.10432	0.20903	0.02832	0.12444	0.06249	0.06272	0.01018	0.01204	0.00774	0.00536	0.00531	0.00152	0.04516	0.00417	0.00311	0.00657
6	0.00864	0.00542	0.00649	0.00633	0.00796	0.00475	0.00481	0.01010	0.01162	0.13673	0.12323	0.19163	0.39132	0.01182	0.00582	0.00173	0.00294	0.05890	0.00489	0.00486
7	0.00775	0.00659	0.03493	0.00684	0.00857	0.00582	0.00550	0.07365	0.03351	0.01680	0.24608	0.11579	0.31511	0.02760	0.00619	0.00176	0.00315	0.07481	0.00472	0.00484
8	0.00795	0.00600	0.00736	0.00682	0.00874	0.00510	0.00515	0.00961	0.01087	0.03607	0.15403	0.24395	0.12881	0.03283	0.00592	0.00161	0.00318	0.07827	0.00424	0.24351
9	0.01058	0.01050	0.01473	0.01267	0.01271	0.01465	0.01054	0.01169	0.00754	0.01181	0.00676	0.01114	0.00672	0.00989	0.05226	0.00241	0.78155	0.00434	0.00217	0.00533
10	0.01049	0.00963	0.04403	0.00771	0.01219	0.00708	0.00648	0.04102	0.01068	0.01655	0.00885	0.01026	0.00727	0.00377	0.00373	0.00079	0.00386	0.00300	0.00295	0.78966
11	0.24609	0.24365	0.09480	0.01133	0.07190	0.04805	0.07273	0.06122	0.01097	0.04052	0.02823	0.03349	0.00827	0.00502	0.00399	0.00140	0.00534	0.00381	0.00287	0.00632
12	0.00775	0.00628	0.00905	0.00864	0.00927	0.00774	0.00675	0.00922	0.00776	0.01132	0.01207	0.01879	0.01165	0.10111	0.58611	0.00651	0.16770	0.00525	0.00257	0.00445
13	0.01145	0.08450	0.17442	0.12933	0.16562	0.01187	0.10231	0.11192	0.02944	0.01694	0.04196	0.03068	0.05682	0.00563	0.00492	0.00152	0.00597	0.00499	0.00296	0.00675
14	0.00916	0.00458	0.00458	0.00458	0.00573	0.00458	0.00344	0.01145	0.01031	0.01832	0.01603	0.01832	0.01260	0.00573	0.00344	0.00115	0.00229	0.00458	0.85457	0.00458
15	0.28211	0.01436	0.04819	0.01126	0.05727	0.20154	0.03572	0.12058	0.08967	0.04090	0.01008	0.01142	0.00784	0.00523	0.00423	0.00146	0.00568	0.01719	0.00338	0.03189
16	0.05255	0.02912	0.01717	0.19365	0.44946	0.08221	0.01310	0.05287	0.01153	0.01579	0.00944	0.03405	0.00795	0.00494	0.00476	0.00149	0.00605	0.00442	0.00259	0.00688
17	0.00903	0.00702	0.00979	0.01045	0.10852	0.00733	0.00693	0.01131	0.05766	0.03354	0.13479	0.02076	0.01675	0.11271	0.23334	0.06120	0.05866	0.00559	0.00328	0.09133

[dist]
# distance from previous block
# <min> <max>
0	1

[block]
# block no. 5 follows, 51 sequences, length 17
# corresponding to MSA columns:
# 381,385-400
name=unknown_F
#
# <colnr> <probs for GDERKNQSTAVLIFYWHMCP>
#	G	D	E	R	K	N	Q	S	T	A	V	L	I	F	Y	W	H	M	C	P
0	0.01161	0.04686	0.02895	0.04898	0.14895	0.05873	0.05251	0.13072	0.07627	0.02920	0.25610	0.03361	0.04252	0.00703	0.00517	0.00151	0.00472	0.00612	0.00406	0.00637
1	0.01506	0.17369	0.01680	0.01262	0.04886	0.37112	0.00986	0.05281	0.01178	0.01297	0.00742	0.00947	0.00652	0.00586	0.00736	0.00148	0.22443	0.00348	0.00246	0.00595
2	0.01314	0.83025	0.02575	0.00841	0.01261	0.01945	0.00841	0.01472	0.00999	0.01156	0.00683	0.00788	0.00631	0.00420	0.00315	0.00105	0.00526	0.00263	0.00210	0.00631
3	0.00598	0.00499	0.00522	0.00516	0.00675	0.00422	0.00387	0.00739	0.01162	0.01426	0.16423	0.04567	0.67958	0.01208	0.00581	0.00164	0.00246	0.01014	0.00469	0.00422
4	0.06278	0.00842	0.01120	0.00863	0.01240	0.00741	0.00713	0.02349	0.01379	0.76232	0.01878	0.01630	0.01183	0.00601	0.00485	0.00152	0.00416	0.00483	0.00593	0.00822
5	0.00603	0.00440	0.00569	0.00670	0.00717	0.00406	0.00457	0.00697	0.00968	0.01270	0.02968	0.71007	0.12059	0.01500	0.00623	0.00197	0.00286	0.03706	0.00456	0.00403
6	0.00608	0.00442	0.00576	0.00680	0.00725	0.00410	0.00467	0.00704	0.00967	0.01273	0.02906	0.71236	0.10059	0.01503	0.00626	0.00198	0.00291	0.05470	0.00456	0.00403
7	0.01025	0.02032	0.52824	0.05239	0.15604	0.01122	0.08318	0.01508	0.01076	0.01572	0.04440	0.01224	0.00843	0.00483	0.00486	0.00155	0.00685	0.00422	0.00233	0.00710
8	0.00712	0.00536	0.00669	0.00744	0.00816	0.00540	0.00525	0.01006	0.12916	0.01384	0.02555	0.61866	0.02904	0.03971	0.00671	0.00205	0.00319	0.06743	0.00458	0.00458
9	0.05547	0.10104	0.13565	0.02833	0.04888	0.04222	0.02503	0.06509	0.04871	0.22880	0.03833	0.05307	0.05771	0.00624	0.00469	0.00147	0.00498	0.00505	0.00397	0.04529
10	0.05294	0.06805	0.09996	0.26761	0.09637	0.05868	0.13150	0.09215	0.02757	0.04503	0.00962	0.01202	0.00724	0.00484	0.00479	0.00153	0.00649	0.00430	0.00277	0.00656
11	0.01242	0.04349	0.11786	0.05405	0.05092	0.00966	0.09705	0.08027	0.02447	0.10282	0.01087	0.03050	0.00844	0.00474	0.00446	0.00123	0.00515	0.00412	0.00325	0.33423
12	0.00603	0.00472	0.00546	0.00584	0.00692	0.00415	0.00417	0.00727	0.01088	0.01385	0.13982	0.33897	0.40797	0.01324	0.00598	0.00177	0.00260	0.01153	0.00467	0.00415
13	0.02985	0.02716	0.03762	0.12296	0.06901	0.01069	0.13788	0.15947	0.06118	0.07016	0.08517	0.02934	0.03847	0.00586	0.00499	0.00148	0.00531	0.00526	0.00370	0.09442
14	0.00810	0.00441	0.00610	0.00610	0.00617	0.00438	0.00394	0.00660	0.00677	0.00896	0.01183	0.02031	0.04232	0.20825	0.02004	0.62136	0.00431	0.00519	0.00243	0.00241
15	0.01689	0.01378	0.01368	0.01107	0.01456	0.08725	0.00893	0.50449	0.23097	0.02639	0.01365	0.01331	0.00998	0.00603	0.00489	0.00151	0.00531	0.00462	0.00472	0.00795
16	0.06529	0.23089	0.16530	0.04836	0.03653	0.05770	0.01058	0.12929	0.06021	0.03258	0.00993	0.03853	0.00818	0.00551	0.00504	0.00144	0.06089	0.00398	0.00298	0.02679

[dist]
# distance from previous block
# <min> <max>
0	1

[block]
# block no. 6 follows, 51 sequences, length 9
# corresponding to MSA columns:
# 402-410
name=unknown_G
#
# <colnr> <probs for GDERKNQSTAVLIFYWHMCP>
#	G	D	E	R	K	N	Q	S	T	A	V	L	I	F	Y	W	H	M	C	P
0	0.07870	0.02999	0.07741	0.04835	0.03632	0.08130	0.00976	0.25328	0.06375	0.07002	0.01105	0.02855	0.00866	0.00734	0.03857	0.00183	0.12113	0.00436	0.00363	0.02600
1	0.00836	0.00531	0.00669	0.00632	0.00778	0.00475	0.00475	0.01021	0.01277	0.10895	0.44784	0.14216	0.19377	0.01079	0.00576	0.00163	0.00264	0.00941	0.00520	0.00489
2	0.01067	0.01013	0.01733	0.24696	0.16366	0.02954	0.19657	0.04804	0.02649	0.01466	0.01195	0.07410	0.02506	0.00685	0.00649	0.07490	0.00620	0.02171	0.00276	0.00591
3	0.01019	0.00873	0.01019	0.00728	0.01165	0.00655	0.00582	0.01237	0.01019	0.01601	0.00873	0.01019	0.00728	0.00364	0.00364	0.00073	0.00364	0.00291	0.00291	0.85734
4	0.01902	0.00879	0.01111	0.00878	0.01219	0.00821	0.00715	0.15910	0.01516	0.54250	0.02092	0.07603	0.07372	0.00721	0.00510	0.00156	0.00418	0.00592	0.00564	0.00772
5	0.00916	0.00458	0.00458	0.00458	0.00573	0.00458	0.00344	0.01145	0.01031	0.01832	0.01603	0.01832	0.01260	0.00573	0.00344	0.00115	0.00229	0.00458	0.85457	0.00458
6	0.00619	0.00441	0.00581	0.00667	0.00707	0.00412	0.00449	0.00721	0.00995	0.01344	0.13810	0.66988	0.03379	0.05526	0.00714	0.00207	0.00287	0.01289	0.00461	0.00403
7	0.06426	0.01068	0.04264	0.00834	0.01248	0.04055	0.00699	0.13310	0.01249	0.05917	0.01100	0.01186	0.03421	0.00457	0.00402	0.00102	0.00427	0.00353	0.00340	0.53142
8	0.04259	0.03033	0.03157	0.02707	0.02994	0.04281	0.08095	0.22176	0.10464	0.10285	0.12971	0.03878	0.01538	0.00656	0.00520	0.01542	0.00487	0.00540	0.00432	0.05985

[dist]
# distance from previous block
# <min> <max>
2	29

[block]
# block no. 7 follows, 51 sequences, length 17
# corresponding to MSA columns:
# 497-513
name=unknown_H
#
# <colnr> <probs for GDERKNQSTAVLIFYWHMCP>
#	G	D	E	R	K	N	Q	S	T	A	V	L	I	F	Y	W	H	M	C	P
0	0.00783	0.00757	0.07240	0.00791	0.00908	0.02021	0.05704	0.00901	0.00847	0.01150	0.04517	0.09797	0.03490	0.45373	0.10460	0.00405	0.03428	0.00715	0.00307	0.00404
1	0.12924	0.04485	0.17536	0.02494	0.01481	0.02462	0.03637	0.24691	0.07271	0.02114	0.05362	0.01610	0.08772	0.00628	0.00496	0.00154	0.02346	0.00487	0.00373	0.00677
2	0.36484	0.08654	0.06762	0.01022	0.01369	0.18084	0.07449	0.07768	0.01145	0.01836	0.00877	0.01147	0.00727	0.00517	0.00404	0.00147	0.00579	0.04139	0.00296	0.00594
3	0.01056	0.01400	0.24517	0.05708	0.08716	0.01023	0.08794	0.04288	0.13013	0.03907	0.07750	0.03608	0.06017	0.00742	0.02650	0.01726	0.02456	0.01636	0.00335	0.00657
4	0.03201	0.01044	0.10457	0.03533	0.03047	0.03734	0.00842	0.10331	0.04094	0.01614	0.04429	0.21735	0.08227	0.01067	0.05053	0.00203	0.09096	0.02020	0.00365	0.05908
5	0.17796	0.00846	0.01046	0.00823	0.01180	0.00784	0.00678	0.02167	0.01300	0.62830	0.04371	0.01579	0.01207	0.00594	0.00462	0.00152	0.00405	0.00465	0.00549	0.00767
6	0.00923	0.00769	0.00899	0.00905	0.05974	0.00809	0.00642	0.01611	0.32854	0.01867	0.29535	0.02955	0.16515	0.00874	0.00541	0.00161	0.00321	0.00751	0.00490	0.00603
7	0.01090	0.00615	0.00800	0.00702	0.00892	0.00571	0.00544	0.01380	0.05985	0.20735	0.56190	0.03082	0.03629	0.00889	0.00554	0.00155	0.00286	0.00774	0.00555	0.00572
8	0.02083	0.00964	0.01211	0.00936	0.01314	0.00920	0.00771	0.18713	0.05480	0.59514	0.01778	0.01574	0.01149	0.00607	0.00494	0.00152	0.00443	0.00486	0.00578	0.00833
9	0.86201	0.00950	0.00722	0.00646	0.00950	0.01102	0.00532	0.01445	0.00836	0.02205	0.00684	0.00798	0.00532	0.00456	0.00304	0.00152	0.00380	0.00266	0.00304	0.00532
10	0.00842	0.00431	0.00632	0.00632	0.00632	0.00431	0.00416	0.00646	0.00646	0.00862	0.00910	0.01634	0.00929	0.08281	0.01968	0.78787	0.00431	0.00450	0.00220	0.00220
11	0.86201	0.00950	0.00722	0.00646	0.00950	0.01102	0.00532	0.01445	0.00836	0.02205	0.00684	0.00798	0.00532	0.00456	0.00304	0.00152	0.00380	0.00266	0.00304	0.00532
12	0.00834	0.00443	0.00641	0.00651	0.00660	0.00443	0.00443	0.00679	0.00688	0.00914	0.01069	0.02006	0.01113	0.10308	0.01882	0.69690	0.00434	0.06618	0.00242	0.00242
13	0.01030	0.00871	0.01007	0.00934	0.01140	0.00968	0.03589	0.01968	0.51359	0.01770	0.02126	0.23122	0.01947	0.05051	0.00638	0.00191	0.00383	0.00786	0.00469	0.00649
14	0.21959	0.07266	0.03090	0.01188	0.04085	0.21936	0.05254	0.08334	0.01136	0.01648	0.00769	0.00966	0.00640	0.00568	0.00680	0.00157	0.19097	0.00358	0.00273	0.00597
15	0.01005	0.07316	0.75580	0.01367	0.02076	0.01189	0.01758	0.01551	0.01035	0.01533	0.00870	0.01023	0.00623	0.00464	0.00458	0.00153	0.00714	0.00357	0.00208	0.00721
16	0.01493	0.39277	0.03746	0.01121	0.04047	0.28702	0.02598	0.04835	0.01205	0.02705	0.02815	0.00970	0.00762	0.00492	0.00436	0.00124	0.03463	0.00330	0.00254	0.00622

[dist]
# distance from previous block
# <min> <max>
0	5

[block]
# block no. 8 follows, 51 sequences, length 9
# corresponding to MSA columns:
# 519-527
name=unknown_I
#
# <colnr> <probs for GDERKNQSTAVLIFYWHMCP>
#	G	D	E	R	K	N	Q	S	T	A	V	L	I	F	Y	W	H	M	C	P
0	0.52639	0.00937	0.00865	0.00772	0.01018	0.04630	0.00626	0.01432	0.00898	0.08966	0.00912	0.01107	0.00733	0.01084	0.14872	0.00270	0.07030	0.00349	0.00315	0.00545
1	0.16195	0.13181	0.09014	0.05798	0.18557	0.01236	0.01030	0.08214	0.05043	0.03702	0.05931	0.01363	0.03447	0.00556	0.00496	0.00149	0.04690	0.00429	0.00312	0.00659
2	0.01027	0.00975	0.01653	0.54495	0.29662	0.01118	0.01414	0.01343	0.01030	0.01376	0.00891	0.01278	0.00698	0.00473	0.00490	0.00158	0.00631	0.00437	0.00227	0.00626
3	0.01870	0.00930	0.01162	0.00885	0.01275	0.00842	0.00725	0.13123	0.04249	0.49480	0.01606	0.01469	0.01068	0.00556	0.00467	0.00135	0.00423	0.00446	0.00520	0.18767
4	0.01449	0.47924	0.02080	0.01060	0.03946	0.19451	0.00902	0.07009	0.05432	0.01368	0.00813	0.00924	0.00699	0.00488	0.00437	0.00123	0.04681	0.00318	0.00257	0.00640
5	0.00725	0.00579	0.00698	0.00710	0.04032	0.00545	0.00504	0.01027	0.08353	0.01738	0.43006	0.03772	0.30405	0.01034	0.00569	0.00159	0.00267	0.00892	0.00495	0.00488
6	0.00611	0.00436	0.00584	0.00698	0.00732	0.00410	0.00478	0.00705	0.00953	0.01268	0.02702	0.77523	0.03223	0.01528	0.00631	0.00201	0.00296	0.06162	0.00456	0.00403
7	0.01124	0.01244	0.02633	0.08472	0.08181	0.01194	0.63285	0.01511	0.01135	0.01539	0.01043	0.04337	0.00834	0.00464	0.00568	0.00165	0.00777	0.00589	0.00253	0.00652
8	0.01242	0.01160	0.01895	0.06983	0.67221	0.01188	0.01432	0.06300	0.04685	0.01700	0.00986	0.01247	0.00808	0.00460	0.00488	0.00148	0.00576	0.00443	0.00269	0.00770

[dist]
# distance from previous block
# <min> <max>
0	15

[block]
# block no. 9 follows, 51 sequences, length 23
# corresponding to MSA columns:
# 547-569
name=unknown_J
#
# <colnr> <probs for GDERKNQSTAVLIFYWHMCP>
#	G	D	E	R	K	N	Q	S	T	A	V	L	I	F	Y	W	H	M	C	P
0	0.01386	0.00709	0.00913	0.00771	0.01017	0.00665	0.00610	0.01743	0.10959	0.34294	0.37762	0.02616	0.02833	0.00799	0.00534	0.00155	0.00328	0.00684	0.00564	0.00657
1	0.05079	0.12608	0.14495	0.01249	0.11218	0.06725	0.01015	0.05521	0.11633	0.09142	0.07441	0.01483	0.01205	0.02109	0.05574	0.00192	0.01839	0.00453	0.00344	0.00674
2	0.00670	0.00490	0.00629	0.00618	0.00725	0.00449	0.00455	0.00869	0.01295	0.01800	0.60625	0.16422	0.10897	0.01111	0.00587	0.00163	0.00242	0.00983	0.00520	0.00449
3	0.01224	0.06679	0.05948	0.16831	0.09336	0.16237	0.06840	0.04463	0.08048	0.01526	0.05268	0.02673	0.01034	0.01960	0.00504	0.00146	0.00609	0.00449	0.00295	0.09930
4	0.00659	0.00496	0.00610	0.00591	0.00714	0.00447	0.00440	0.00854	0.01292	0.01757	0.55032	0.08916	0.24189	0.01101	0.00583	0.00160	0.00240	0.00960	0.00513	0.00447
5	0.00713	0.00477	0.00608	0.00596	0.00680	0.00442	0.00424	0.00780	0.01070	0.01440	0.34757	0.05826	0.18982	0.06607	0.01075	0.23631	0.00307	0.00798	0.00415	0.00372
6	0.06476	0.13532	0.18735	0.08394	0.02697	0.14415	0.01106	0.13083	0.09423	0.03618	0.01007	0.01108	0.00766	0.00507	0.00438	0.00141	0.00613	0.00376	0.00308	0.03257
7	0.01726	0.07335	0.01443	0.01242	0.03083	0.67847	0.00931	0.01926	0.05544	0.01257	0.00928	0.01031	0.02594	0.00526	0.00442	0.00129	0.00815	0.00346	0.00269	0.00585
8	0.05368	0.14978	0.35166	0.02968	0.04734	0.11887	0.05662	0.05724	0.03026	0.04784	0.00918	0.01047	0.00691	0.00478	0.00443	0.00144	0.00667	0.00367	0.00261	0.00687
9	0.01103	0.01314	0.22493	0.09638	0.09643	0.00951	0.06408	0.04823	0.05790	0.09026	0.17004	0.04148	0.02639	0.00659	0.00518	0.00159	0.00532	0.02135	0.00364	0.00655
10	0.00916	0.00458	0.00458	0.00458	0.00573	0.00458	0.00344	0.01145	0.01031	0.01832	0.01603	0.01832	0.01260	0.00573	0.00344	0.00115	0.00229	0.00458	0.85457	0.00458
11	0.01206	0.02776	0.17630	0.20716	0.07841	0.11005	0.14147	0.09427	0.03389	0.01602	0.01092	0.03106	0.02803	0.00528	0.00498	0.00155	0.00682	0.00469	0.00275	0.00653
12	0.01332	0.13927	0.20173	0.05926	0.10528	0.05013	0.11424	0.14416	0.06202	0.04913	0.01028	0.01166	0.00775	0.00492	0.00469	0.00147	0.00633	0.00418	0.00302	0.00718
13	0.01128	0.00696	0.00879	0.00792	0.00907	0.00737	0.00590	0.21879	0.01130	0.01509	0.01057	0.01672	0.00978	0.01378	0.01448	0.56661	0.00460	0.05394	0.00305	0.00400
14	0.00703	0.00524	0.00776	0.00776	0.00859	0.00607	0.00597	0.00869	0.00786	0.01130	0.01329	0.02002	0.01259	0.08049	0.76460	0.00772	0.01270	0.00537	0.00265	0.00431
15	0.01384	0.01083	0.05523	0.18544	0.22079	0.01025	0.13397	0.01678	0.01158	0.22928	0.01248	0.03824	0.00931	0.00536	0.00533	0.00158	0.02420	0.00501	0.00343	0.00708
16	0.01683	0.01250	0.01345	0.06319	0.01535	0.04982	0.00892	0.55990	0.01978	0.07563	0.01460	0.06961	0.04433	0.00675	0.00503	0.00152	0.00526	0.00531	0.00466	0.00756
17	0.06683	0.01277	0.04931	0.01587	0.04320	0.10010	0.41767	0.01458	0.02469	0.01531	0.01449	0.09624	0.06032	0.00639	0.00547	0.00165	0.00680	0.03933	0.00298	0.00601
18	0.70085	0.01072	0.00827	0.00739	0.01036	0.07569	0.00603	0.06298	0.00988	0.02146	0.00810	0.01049	0.00666	0.00510	0.00345	0.00153	0.00435	0.03799	0.00319	0.00551
19	0.01234	0.01136	0.01844	0.13252	0.55914	0.01182	0.03195	0.09502	0.02685	0.01719	0.01009	0.01351	0.00834	0.00488	0.00495	0.00151	0.00588	0.02402	0.00276	0.00742
20	0.01402	0.01171	0.01638	0.01993	0.40010	0.01196	0.01156	0.24859	0.05073	0.03712	0.02810	0.01275	0.00918	0.00503	0.00477	0.00139	0.00526	0.00439	0.00350	0.10350
21	0.01076	0.01015	0.00945	0.06108	0.01178	0.14147	0.00669	0.04906	0.21857	0.01612	0.13076	0.02573	0.15340	0.12418	0.00799	0.00201	0.00462	0.00656	0.00410	0.00555
22	0.01274	0.01133	0.01640	0.18950	0.30419	0.03900	0.04747	0.15146	0.07814	0.03185	0.06014	0.01438	0.01067	0.00535	0.00498	0.00153	0.00572	0.00480	0.00329	0.00708

[dist]
# distance from previous block
# <min> <max>
0	1

[block]
# block no. 10 follows, 51 sequences, length 19
# corresponding to MSA columns:
# 571-589
name=unknown_K
#
# <colnr> <probs for GDERKNQSTAVLIFYWHMCP>
#	G	D	E	R	K	N	Q	S	T	A	V	L	I	F	Y	W	H	M	C	P
0	0.00623	0.00499	0.00556	0.00542	0.00690	0.00433	0.00407	0.00787	0.01220	0.01564	0.32393	0.04339	0.51902	0.01156	0.00580	0.00162	0.00243	0.00982	0.00488	0.00433
1	0.09778	0.01190	0.13147	0.01254	0.09202	0.01009	0.09164	0.13861	0.03094	0.05482	0.03318	0.11581	0.10205	0.02056	0.00577	0.00168	0.03284	0.00630	0.00365	0.00635
2	0.01321	0.22567	0.11354	0.04744	0.01468	0.09463	0.00935	0.10445	0.04083	0.06753	0.01037	0.02833	0.00844	0.00768	0.07128	0.00181	0.00621	0.00386	0.00306	0.12762
3	0.09980	0.01164	0.04311	0.09330	0.09788	0.01245	0.03805	0.16085	0.34971	0.02099	0.01409	0.01441	0.01057	0.00573	0.00478	0.00159	0.00492	0.00475	0.00403	0.00734
4	0.01160	0.01326	0.02900	0.02071	0.02568	0.01243	0.77879	0.01574	0.01160	0.01574	0.00994	0.01326	0.00746	0.00414	0.00580	0.00166	0.00829	0.00580	0.00249	0.00663
5	0.00731	0.00532	0.00715	0.00815	0.00919	0.00517	0.00679	0.00919	0.01095	0.01414	0.02912	0.19521	0.12269	0.01377	0.00657	0.00214	0.00397	0.53426	0.00454	0.00438
6	0.00916	0.00458	0.00458	0.00458	0.00573	0.00458	0.00344	0.01145	0.01031	0.01832	0.01603	0.01832	0.01260	0.00573	0.00344	0.00115	0.00229	0.00458	0.85457	0.00458
7	0.02205	0.00836	0.01140	0.00874	0.01254	0.00722	0.00722	0.02395	0.01407	0.80004	0.01939	0.01673	0.01216	0.00608	0.00494	0.00152	0.00418	0.00494	0.00608	0.00836
8	0.86201	0.00950	0.00722	0.00646	0.00950	0.01102	0.00532	0.01445	0.00836	0.02205	0.00684	0.00798	0.00532	0.00456	0.00304	0.00152	0.00380	0.00266	0.00304	0.00532
9	0.06522	0.00823	0.01118	0.02667	0.04740	0.01029	0.00804	0.01128	0.03040	0.03221	0.02860	0.01634	0.01050	0.11963	0.16748	0.05799	0.33606	0.00491	0.00268	0.00491
10	0.04978	0.02228	0.64278	0.08696	0.07239	0.01137	0.01695	0.01521	0.01028	0.01563	0.00875	0.01063	0.00631	0.00467	0.00463	0.00156	0.00694	0.00370	0.00215	0.00704
11	0.01334	0.09492	0.13382	0.01442	0.05814	0.23180	0.18824	0.05005	0.06755	0.01516	0.03349	0.02752	0.00943	0.03412	0.00554	0.00157	0.00704	0.00459	0.00283	0.00642
12	0.86201	0.00950	0.00722	0.00646	0.00950	0.01102	0.00532	0.01445	0.00836	0.02205	0.00684	0.00798	0.00532	0.00456	0.00304	0.00152	0.00380	0.00266	0.00304	0.00532
13	0.73164	0.01082	0.06069	0.00849	0.03496	0.01115	0.05114	0.01461	0.00877	0.02108	0.00722	0.00857	0.00558	0.00454	0.00336	0.00153	0.00435	0.00296	0.00293	0.00560
14	0.01005	0.00844	0.01277	0.38486	0.13622	0.00930	0.01060	0.06219	0.01169	0.05239	0.08079	0.02167	0.16525	0.00685	0.00515	0.00159	0.00512	0.00594	0.00331	0.00580
15	0.01314	0.83025	0.02575	0.00841	0.01261	0.01945	0.00841	0.01472	0.00999	0.01156	0.00683	0.00788	0.00631	0.00420	0.00315	0.00105	0.00526	0.00263	0.00210	0.00631
16	0.01908	0.01242	0.01383	0.01068	0.01452	0.01333	0.00880	0.57543	0.06103	0.19870	0.01389	0.01322	0.00954	0.00598	0.00493	0.00149	0.00506	0.00460	0.00518	0.00833
17	0.00916	0.00458	0.00458	0.00458	0.00573	0.00458	0.00344	0.01145	0.01031	0.01832	0.01603	0.01832	0.01260	0.00573	0.00344	0.00115	0.00229	0.00458	0.85457	0.00458
18	0.03915	0.00472	0.00677	0.00661	0.00696	0.00477	0.00457	0.00769	0.00694	0.04742	0.00930	0.01506	0.00884	0.01739	0.06938	0.73020	0.00483	0.00431	0.00239	0.00269

[dist]
# distance from previous block
# <min> <max>
1	31

[block]
# block no. 11 follows, 51 sequences, length 9
# corresponding to MSA columns:
# 648-656
name=unknown_L
#
# <colnr> <probs for GDERKNQSTAVLIFYWHMCP>
#	G	D	E	R	K	N	Q	S	T	A	V	L	I	F	Y	W	H	M	C	P
0	0.01314	0.83025	0.02575	0.00841	0.01261	0.01945	0.00841	0.01472	0.00999	0.01156	0.00683	0.00788	0.00631	0.00420	0.00315	0.00105	0.00526	0.00263	0.00210	0.00631
1	0.01868	0.01376	0.01475	0.01131	0.01524	0.01524	0.00934	0.78025	0.02311	0.03097	0.01180	0.01180	0.00836	0.00590	0.00492	0.00147	0.00541	0.00442	0.00492	0.00836
2	0.86201	0.00950	0.00722	0.00646	0.00950	0.01102	0.00532	0.01445	0.00836	0.02205	0.00684	0.00798	0.00532	0.00456	0.00304	0.00152	0.00380	0.00266	0.00304	0.00532
3	0.86201	0.00950	0.00722	0.00646	0.00950	0.01102	0.00532	0.01445	0.00836	0.02205	0.00684	0.00798	0.00532	0.00456	0.00304	0.00152	0.00380	0.00266	0.00304	0.00532
4	0.01019	0.00873	0.01019	0.00728	0.01165	0.00655	0.00582	0.01237	0.01019	0.01601	0.00873	0.01019	0.00728	0.00364	0.00364	0.00073	0.00364	0.00291	0.00291	0.85734
5	0.00599	0.00428	0.00570	0.00684	0.00713	0.00399	0.00456	0.00684	0.00941	0.01254	0.02709	0.82409	0.03250	0.01540	0.00627	0.00200	0.00285	0.01397	0.00456	0.00399
6	0.00762	0.00553	0.00750	0.00838	0.00956	0.00541	0.00720	0.00978	0.01154	0.01501	0.09790	0.05291	0.10771	0.01314	0.00660	0.00214	0.00412	0.61885	0.00461	0.00450
7	0.00883	0.04411	0.00842	0.00726	0.00889	0.03680	0.00561	0.08737	0.04802	0.01723	0.28633	0.12077	0.17311	0.04672	0.02853	0.00194	0.00372	0.05673	0.00459	0.00502
8	0.20794	0.05697	0.05702	0.10764	0.18628	0.04375	0.03056	0.11827	0.01199	0.06673	0.00976	0.03233	0.00779	0.00528	0.00485	0.00152	0.03745	0.00413	0.00312	0.00665

[dist]
# distance from previous block
# <min> <max>
0	9

[block]
# block no. 12 follows, 51 sequences, length 37
# corresponding to MSA columns:
# 666-702
name=unknown_M
#
# <colnr> <probs for GDERKNQSTAVLIFYWHMCP>
#	G	D	E	R	K	N	Q	S	T	A	V	L	I	F	Y	W	H	M	C	P
0	0.02755	0.10086	0.11385	0.11957	0.08267	0.04925	0.06124	0.18678	0.01302	0.01776	0.00897	0.01105	0.00706	0.00532	0.00606	0.00150	0.11167	0.00400	0.00290	0.06891
1	0.06651	0.00924	0.00999	0.00939	0.02383	0.07278	0.01996	0.03897	0.21681	0.06078	0.15612	0.10812	0.03708	0.00881	0.00592	0.00172	0.04695	0.09661	0.00446	0.00595
2	0.00896	0.00689	0.00906	0.00893	0.01037	0.02572	0.03589	0.01187	0.07065	0.04770	0.12788	0.07577	0.07716	0.03806	0.02789	0.00221	0.04723	0.35837	0.00440	0.00500
3	0.00663	0.00482	0.00624	0.00629	0.00724	0.00443	0.00457	0.00849	0.01254	0.01740	0.54407	0.25067	0.08498	0.01163	0.00593	0.00167	0.00247	0.01035	0.00513	0.00443
4	0.00694	0.00511	0.00605	0.00576	0.00721	0.00451	0.00434	0.00880	0.01278	0.04127	0.45677	0.04054	0.36018	0.01093	0.00577	0.00159	0.00245	0.00939	0.00507	0.00455
5	0.86201	0.00950	0.00722	0.00646	0.00950	0.01102	0.00532	0.01445	0.00836	0.02205	0.00684	0.00798	0.00532	0.00456	0.00304	0.00152	0.00380	0.00266	0.00304	0.00532
6	0.00657	0.00498	0.00606	0.00585	0.00712	0.00447	0.00436	0.00851	0.01293	0.01750	0.54153	0.06941	0.27081	0.01097	0.00582	0.00160	0.00239	0.00952	0.00512	0.00447
7	0.00689	0.00502	0.00648	0.00611	0.00730	0.00461	0.00459	0.00915	0.01376	0.01934	0.75190	0.03731	0.08874	0.01018	0.00580	0.00155	0.00233	0.00897	0.00536	0.00461
8	0.01868	0.01376	0.01475	0.01131	0.01524	0.01524	0.00934	0.78025	0.02311	0.03097	0.01180	0.01180	0.00836	0.00590	0.00492	0.00147	0.00541	0.00442	0.00492	0.00836
9	0.01319	0.01144	0.01163	0.01026	0.01315	0.04546	0.00802	0.10949	0.67093	0.02136	0.01858	0.01722	0.01391	0.00652	0.00497	0.00163	0.00426	0.00533	0.00489	0.00776
10	0.86201	0.00950	0.00722	0.00646	0.00950	0.01102	0.00532	0.01445	0.00836	0.02205	0.00684	0.00798	0.00532	0.00456	0.00304	0.00152	0.00380	0.00266	0.00304	0.00532
11	0.00773	0.00618	0.00654	0.00605	0.00792	0.00573	0.00464	0.11392	0.01314	0.01650	0.13733	0.06101	0.57282	0.01132	0.00570	0.00163	0.00288	0.00946	0.00472	0.00479
12	0.86201	0.00950	0.00722	0.00646	0.00950	0.01102	0.00532	0.01445	0.00836	0.02205	0.00684	0.00798	0.00532	0.00456	0.00304	0.00152	0.00380	0.00266	0.00304	0.00532
13	0.00916	0.00458	0.00458	0.00458	0.00573	0.00458	0.00344	0.01145	0.01031	0.01832	0.01603	0.01832	0.01260	0.00573	0.00344	0.00115	0.00229	0.00458	0.85457	0.00458
14	0.08265	0.00888	0.01137	0.00878	0.01254	0.00814	0.00726	0.08419	0.01438	0.68170	0.01787	0.01570	0.01136	0.00596	0.00480	0.00152	0.00425	0.00473	0.00577	0.00814
15	0.00950	0.00908	0.01571	0.74634	0.05683	0.01103	0.05702	0.01281	0.00997	0.01284	0.00882	0.01308	0.00664	0.00485	0.00496	0.00163	0.00663	0.00445	0.00221	0.00560
16	0.01172	0.00909	0.01135	0.00987	0.09239	0.00745	0.00696	0.04598	0.01109	0.08648	0.01008	0.01172	0.00814	0.02934	0.00459	0.00103	0.00402	0.00344	0.00323	0.63203
17	0.20671	0.00927	0.01358	0.36051	0.19558	0.01059	0.02369	0.01314	0.00959	0.01536	0.00900	0.01304	0.00743	0.05153	0.04050	0.00202	0.00597	0.00419	0.00251	0.00578
18	0.00643	0.00474	0.00653	0.00738	0.00788	0.00451	0.02296	0.00772	0.02560	0.01289	0.02619	0.70868	0.03089	0.03317	0.00670	0.00207	0.00318	0.07385	0.00448	0.00415
19	0.01019	0.00873	0.01019	0.00728	0.01165	0.00655	0.00582	0.01237	0.01019	0.01601	0.00873	0.01019	0.00728	0.00364	0.00364	0.00073	0.00364	0.00291	0.00291	0.85734
20	0.86201	0.00950	0.00722	0.00646	0.00950	0.01102	0.00532	0.01445	0.00836	0.02205	0.00684	0.00798	0.00532	0.00456	0.00304	0.00152	0.00380	0.00266	0.00304	0.00532
21	0.00603	0.00475	0.00544	0.00577	0.00690	0.00416	0.00413	0.00729	0.01098	0.01392	0.14506	0.30499	0.43697	0.01310	0.00596	0.00176	0.00259	0.01137	0.00468	0.00416
22	0.00702	0.00527	0.00790	0.00790	0.00878	0.00614	0.00614	0.00878	0.00790	0.01141	0.01316	0.01931	0.01229	0.03686	0.80782	0.00790	0.01316	0.00527	0.00263	0.00439
23	0.01178	0.01009	0.01073	0.00968	0.01232	0.01159	0.00752	0.02470	0.72304	0.02049	0.08474	0.01987	0.01762	0.00695	0.00507	0.00166	0.00376	0.00583	0.00503	0.00752
24	0.00962	0.00928	0.01471	0.78569	0.03315	0.04048	0.01349	0.01282	0.00998	0.01254	0.00869	0.01294	0.00654	0.00492	0.00490	0.00162	0.00664	0.00432	0.00220	0.00547
25	0.00674	0.00505	0.00627	0.00612	0.00730	0.00464	0.00453	0.00894	0.02979	0.01768	0.54711	0.13081	0.18469	0.01105	0.00584	0.00162	0.00245	0.00969	0.00514	0.00454
26	0.01856	0.01344	0.01449	0.01116	0.01505	0.01483	0.00920	0.72391	0.05144	0.05912	0.01239	0.01223	0.00875	0.00593	0.00492	0.00148	0.00531	0.00449	0.00496	0.00834
27	0.01155	0.21429	0.26902	0.13016	0.15685	0.05854	0.04541	0.01499	0.01053	0.01397	0.00832	0.01052	0.00663	0.00463	0.00468	0.00143	0.02585	0.00370	0.00220	0.00671
28	0.00704	0.00520	0.00756	0.00756	0.00832	0.00596	0.00572	0.00856	0.00780	0.01116	0.01347	0.02101	0.01303	0.14179	0.70390	0.00748	0.01205	0.00551	0.00268	0.00420
29	0.00877	0.00671	0.00772	0.00717	0.00897	0.00675	0.00554	0.05611	0.17061	0.03614	0.33381	0.05908	0.21702	0.00995	0.00563	0.00164	0.00302	0.04488	0.00504	0.00543
30	0.04485	0.15989	0.07722	0.01036	0.03280	0.03882	0.05311	0.14694	0.05666	0.03358	0.00975	0.01075	0.00766	0.00456	0.00411	0.00117	0.00505	0.00357	0.00318	0.29596
31	0.00854	0.00427	0.00640	0.00640	0.00640	0.00427	0.00427	0.00640	0.00640	0.00854	0.00854	0.01494	0.00854	0.01707	0.01921	0.85702	0.00427	0.00427	0.00213	0.00213
32	0.00600	0.00501	0.00525	0.00533	0.00690	0.00426	0.00406	0.00734	0.01129	0.01363	0.08040	0.06356	0.69714	0.01247	0.00588	0.00170	0.00262	0.05835	0.00460	0.00419
33	0.03992	0.03639	0.07517	0.07111	0.13961	0.01098	0.10906	0.10302	0.13978	0.06095	0.11723	0.01771	0.01466	0.02063	0.00542	0.00162	0.00525	0.02092	0.00375	0.00683
34	0.06316	0.07107	0.12941	0.05643	0.04645	0.04202	0.18756	0.15537	0.11429	0.05576	0.01124	0.01248	0.00835	0.00514	0.00503	0.00154	0.01973	0.00452	0.00335	0.00709
35	0.01124	0.01164	0.05959	0.01092	0.01345	0.10015	0.09742	0.09001	0.13184	0.01737	0.15762	0.03743	0.09476	0.00855	0.02946	0.00182	0.09892	0.01796	0.00387	0.00601
36	0.00767	0.00540	0.00652	0.00640	0.00782	0.00496	0.00484	0.00994	0.04873	0.06367	0.31467	0.15903	0.27559	0.01142	0.00584	0.00170	0.00277	0.05330	0.00498	0.00475

[dist]
# distance from previous block
# <min> <max>
0	29

# created by:
# /st0/software/busco_prod/Augustus/scripts/msa2prfl.pl ./align_prep/98621.fa
