[name]
unknown

[dist]
# distance from previous block
# <min> <max>
12	118

[block]
# block no. 0 follows, 59 sequences, length 33
# corresponding to MSA columns:
# 170-199,201-203
name=unknown_A
#
# <colnr> <probs for GDERKNQSTAVLIFYWHMCP>
#	G	D	E	R	K	N	Q	S	T	A	V	L	I	F	Y	W	H	M	C	P
0	0.03547	0.01019	0.07395	0.10248	0.11526	0.06929	0.04889	0.06073	0.05527	0.03045	0.11688	0.04037	0.06941	0.00581	0.00481	0.00133	0.03758	0.00489	0.00307	0.11387
1	0.01059	0.03922	0.04172	0.08528	0.17321	0.04030	0.02528	0.08976	0.08707	0.05136	0.05651	0.05669	0.03782	0.02606	0.02450	0.00148	0.00460	0.00471	0.02060	0.12322
2	0.02402	0.04030	0.08896	0.08439	0.14623	0.05624	0.02750	0.04650	0.04893	0.02268	0.11562	0.14340	0.07273	0.02390	0.00519	0.00148	0.02103	0.00605	0.00317	0.02169
3	0.03083	0.03452	0.02759	0.14830	0.20074	0.10319	0.00888	0.06734	0.02892	0.02938	0.01175	0.06792	0.04173	0.02290	0.02944	0.00153	0.00502	0.00455	0.07665	0.05883
4	0.03697	0.03305	0.03139	0.21603	0.05939	0.02175	0.00788	0.05685	0.08774	0.01404	0.06645	0.17251	0.06604	0.00838	0.03748	0.00169	0.00445	0.02925	0.00322	0.04542
5	0.00831	0.00815	0.03305	0.11281	0.06627	0.11476	0.01528	0.01030	0.03650	0.01241	0.05124	0.21837	0.12314	0.05358	0.02739	0.00177	0.00436	0.03005	0.06776	0.00448
6	0.00949	0.00842	0.02322	0.13031	0.27235	0.00852	0.07497	0.01269	0.07795	0.04169	0.04591	0.05162	0.06106	0.03470	0.02122	0.00160	0.02003	0.01656	0.05649	0.03121
7	0.01660	0.00586	0.00808	0.07483	0.12841	0.00580	0.00613	0.00952	0.04556	0.04870	0.12332	0.22675	0.17729	0.07923	0.00671	0.01778	0.00337	0.00790	0.00365	0.00453
8	0.19471	0.02570	0.06560	0.03323	0.10905	0.04049	0.04089	0.04980	0.06289	0.06723	0.07261	0.03007	0.02613	0.00631	0.02988	0.01823	0.02396	0.00422	0.06182	0.03721
9	0.00717	0.00518	0.00624	0.00639	0.01729	0.00504	0.00466	0.03300	0.07289	0.04299	0.13087	0.23245	0.21015	0.08765	0.02754	0.00198	0.00316	0.08105	0.02002	0.00425
10	0.01365	0.40340	0.01716	0.00918	0.01215	0.31332	0.00786	0.07489	0.03154	0.01235	0.01960	0.00861	0.00671	0.00445	0.00377	0.00109	0.02771	0.00290	0.02410	0.00556
11	0.28195	0.00819	0.00874	0.00709	0.01004	0.00833	0.00578	0.12808	0.02756	0.28695	0.01211	0.03134	0.00872	0.00503	0.00372	0.00129	0.00358	0.00377	0.08369	0.07406
12	0.00703	0.01839	0.00693	0.00662	0.00772	0.04998	0.00507	0.00842	0.00881	0.03355	0.08517	0.11340	0.19176	0.02109	0.39771	0.00417	0.02021	0.00670	0.00320	0.00408
13	0.00917	0.02848	0.06665	0.02547	0.01059	0.08233	0.08404	0.04842	0.06496	0.03639	0.03599	0.18285	0.02717	0.21000	0.00897	0.00213	0.00451	0.00649	0.06078	0.00461
14	0.06282	0.00498	0.00610	0.00608	0.00709	0.00485	0.00435	0.03040	0.00963	0.09029	0.16837	0.34927	0.06365	0.12030	0.04935	0.00222	0.00339	0.00869	0.00402	0.00416
15	0.04036	0.01147	0.03626	0.01043	0.02788	0.09345	0.04635	0.34036	0.01383	0.01869	0.05381	0.01277	0.00943	0.04941	0.07180	0.00203	0.14823	0.00423	0.00328	0.00591
16	0.02224	0.03183	0.00862	0.00795	0.04134	0.03629	0.00592	0.01155	0.02139	0.15346	0.04432	0.11642	0.01381	0.03024	0.29154	0.00341	0.02603	0.02349	0.04685	0.06332
17	0.00610	0.00429	0.00560	0.00585	0.00624	0.00439	0.00397	0.00686	0.00766	0.01048	0.07643	0.24603	0.03660	0.30551	0.22920	0.02492	0.00560	0.00775	0.00315	0.00337
18	0.00695	0.00581	0.02935	0.00752	0.04086	0.00540	0.01997	0.02456	0.04807	0.02996	0.19004	0.32892	0.16046	0.01092	0.02150	0.00170	0.03582	0.02378	0.00402	0.00438
19	0.01022	0.00930	0.03374	0.11785	0.26656	0.06656	0.00963	0.02211	0.04317	0.06971	0.06055	0.06932	0.02043	0.00946	0.11506	0.00219	0.06079	0.00491	0.00283	0.00564
20	0.00962	0.01420	0.35270	0.00974	0.01351	0.05227	0.01026	0.01457	0.15455	0.07132	0.04636	0.12875	0.04449	0.00702	0.01492	0.00154	0.00490	0.02692	0.01651	0.00586
21	0.00584	0.00415	0.00523	0.00599	0.00649	0.00393	0.00416	0.00699	0.02399	0.01175	0.02471	0.59289	0.09739	0.06658	0.00655	0.00189	0.00274	0.06912	0.05593	0.00367
22	0.04668	0.08123	0.05594	0.10874	0.13268	0.04300	0.08347	0.05696	0.01054	0.03867	0.08756	0.09588	0.08473	0.00657	0.00471	0.00142	0.01539	0.03742	0.00305	0.00536
23	0.01091	0.03404	0.02421	0.07496	0.04064	0.19022	0.09611	0.08802	0.05635	0.01388	0.03980	0.08351	0.06306	0.03274	0.03354	0.01292	0.04650	0.02141	0.03202	0.00516
24	0.04532	0.01038	0.01166	0.00924	0.01198	0.03244	0.05739	0.50422	0.01613	0.02213	0.01156	0.05022	0.00967	0.11396	0.00668	0.00171	0.00466	0.00467	0.06976	0.00619
25	0.04711	0.08807	0.06451	0.08592	0.04663	0.09295	0.04873	0.09909	0.05782	0.03952	0.03954	0.01202	0.00869	0.03379	0.03639	0.03338	0.02122	0.00378	0.00281	0.13805
26	0.00920	0.00877	0.09317	0.08408	0.02134	0.03492	0.03403	0.04858	0.11613	0.06551	0.24379	0.02200	0.07198	0.08245	0.02288	0.00177	0.00413	0.00580	0.02431	0.00517
27	0.00636	0.00473	0.00658	0.00666	0.00736	0.00528	0.00495	0.00801	0.03659	0.01047	0.01466	0.11239	0.03592	0.14510	0.56748	0.00574	0.00914	0.00599	0.00273	0.00383
28	0.00911	0.00805	0.01322	0.69608	0.07700	0.00975	0.01175	0.02746	0.00919	0.04379	0.00841	0.01219	0.00643	0.02471	0.00508	0.00153	0.02492	0.00401	0.00218	0.00514
29	0.01012	0.02569	0.02091	0.13627	0.14999	0.06622	0.09418	0.01284	0.05828	0.07982	0.03992	0.11109	0.05735	0.02422	0.03114	0.00167	0.03458	0.00558	0.03472	0.00541
30	0.02605	0.01084	0.01224	0.10442	0.09100	0.13930	0.03827	0.19604	0.01289	0.13655	0.02731	0.08773	0.03447	0.00602	0.00492	0.00139	0.04138	0.00489	0.01830	0.00598
31	0.00904	0.00520	0.00657	0.00611	0.00737	0.00487	0.00445	0.02632	0.02940	0.17048	0.25026	0.17738	0.07960	0.16128	0.02244	0.01960	0.00320	0.00766	0.00427	0.00450
32	0.00889	0.00589	0.00729	0.00688	0.00838	0.02124	0.02130	0.06510	0.02276	0.12301	0.11256	0.23471	0.16739	0.02800	0.05170	0.00194	0.00369	0.08764	0.01696	0.00467

[dist]
# distance from previous block
# <min> <max>
4	23

[block]
# block no. 1 follows, 59 sequences, length 8
# corresponding to MSA columns:
# 227-234
name=unknown_B
#
# <colnr> <probs for GDERKNQSTAVLIFYWHMCP>
#	G	D	E	R	K	N	Q	S	T	A	V	L	I	F	Y	W	H	M	C	P
0	0.00887	0.03273	0.00923	0.07475	0.09050	0.05626	0.00646	0.05981	0.04745	0.02756	0.07694	0.14944	0.12779	0.06957	0.01986	0.00167	0.00397	0.01863	0.02818	0.09032
1	0.00617	0.02851	0.00580	0.00551	0.00653	0.03115	0.00397	0.00729	0.00972	0.01240	0.18076	0.22761	0.32162	0.09970	0.03153	0.00198	0.00304	0.00899	0.00392	0.00377
2	0.00894	0.03557	0.04655	0.02874	0.13135	0.07498	0.00703	0.03560	0.02190	0.02856	0.10975	0.14987	0.07921	0.04305	0.03308	0.09021	0.03021	0.00619	0.03455	0.00466
3	0.00614	0.00437	0.00534	0.00565	0.00645	0.00401	0.00403	0.00723	0.00950	0.03326	0.15903	0.31259	0.22517	0.12571	0.00777	0.00200	0.00279	0.07116	0.00406	0.00373
4	0.00917	0.02593	0.06347	0.15248	0.17621	0.02615	0.13812	0.04041	0.03049	0.01382	0.08021	0.03625	0.09849	0.00746	0.05553	0.00178	0.03056	0.00525	0.00275	0.00548
5	0.00569	0.00529	0.06053	0.00625	0.00715	0.00412	0.00476	0.00685	0.00890	0.01182	0.07210	0.58494	0.14418	0.04797	0.00617	0.00180	0.00283	0.01092	0.00393	0.00380
6	0.02302	0.00893	0.07798	0.16685	0.07035	0.04494	0.04283	0.06769	0.01084	0.01466	0.18847	0.04718	0.12383	0.03765	0.00566	0.00153	0.03126	0.00583	0.02552	0.00496
7	0.01003	0.05721	0.11461	0.00943	0.03648	0.03051	0.04131	0.08308	0.11404	0.01551	0.03035	0.03361	0.02983	0.00564	0.00457	0.00125	0.03449	0.07797	0.03342	0.23666

[dist]
# distance from previous block
# <min> <max>
0	1

[block]
# block no. 2 follows, 59 sequences, length 106
# corresponding to MSA columns:
# 236-287,291-294,308-332,335-344,347-360,362
name=unknown_C
#
# <colnr> <probs for GDERKNQSTAVLIFYWHMCP>
#	G	D	E	R	K	N	Q	S	T	A	V	L	I	F	Y	W	H	M	C	P
0	0.00980	0.00862	0.02566	0.00727	0.01095	0.02460	0.02299	0.02941	0.07945	0.02997	0.00921	0.01047	0.00748	0.01841	0.00383	0.00087	0.00358	0.00306	0.01990	0.67447
1	0.01159	0.12920	0.08467	0.11304	0.26883	0.04969	0.05714	0.10744	0.02076	0.04358	0.02621	0.01100	0.00757	0.00495	0.01974	0.00140	0.01792	0.00380	0.00257	0.01888
2	0.02858	0.02201	0.01554	0.08823	0.38185	0.02124	0.10161	0.04036	0.05573	0.01406	0.02279	0.02558	0.00863	0.02563	0.08145	0.01770	0.03616	0.00440	0.00248	0.00598
3	0.02843	0.12324	0.27414	0.01332	0.01762	0.03660	0.27733	0.01337	0.00941	0.01315	0.00820	0.01094	0.00658	0.00539	0.03099	0.00159	0.08709	0.02011	0.00210	0.02041
4	0.00663	0.00517	0.00645	0.03175	0.00767	0.00515	0.01966	0.02439	0.03703	0.01227	0.13368	0.10641	0.22255	0.22953	0.08132	0.00272	0.02218	0.01990	0.00352	0.02199
5	0.00535	0.00422	0.00484	0.00528	0.00624	0.00371	0.00377	0.00637	0.00945	0.01182	0.05380	0.37750	0.45000	0.01227	0.00541	0.00163	0.00241	0.02812	0.00412	0.00369
6	0.01173	0.82128	0.02271	0.00753	0.01131	0.01711	0.00748	0.01316	0.00898	0.01052	0.00619	0.00715	0.00570	0.00376	0.00285	0.00094	0.00468	0.00237	0.00191	0.03265
7	0.00700	0.00549	0.00827	0.04184	0.02521	0.00628	0.02387	0.02172	0.00750	0.01074	0.01112	0.01655	0.01035	0.05667	0.63966	0.03296	0.04251	0.00463	0.00236	0.02526
8	0.02407	0.01142	0.06897	0.05578	0.29219	0.10051	0.02843	0.03149	0.11943	0.12696	0.02892	0.03988	0.00987	0.00522	0.00465	0.00139	0.02320	0.01807	0.00313	0.00641
9	0.05665	0.00411	0.00578	0.00574	0.00590	0.00419	0.00387	0.00617	0.00586	0.00837	0.00768	0.01332	0.00764	0.02781	0.01652	0.80871	0.00382	0.00380	0.00198	0.00209
10	0.11777	0.01592	0.01066	0.00949	0.01184	0.51582	0.00726	0.06515	0.01205	0.07795	0.00873	0.00962	0.00679	0.00469	0.00379	0.00118	0.00619	0.00314	0.10666	0.00530
11	0.03006	0.10618	0.33078	0.13531	0.06014	0.10122	0.04122	0.02965	0.03093	0.03921	0.00856	0.02499	0.00668	0.00496	0.01627	0.00143	0.02062	0.00360	0.00226	0.00594
12	0.00804	0.00714	0.01125	0.42606	0.12388	0.00804	0.00992	0.02245	0.00954	0.01236	0.01621	0.06655	0.11463	0.00706	0.00486	0.00156	0.00483	0.13799	0.00278	0.00485
13	0.00705	0.00473	0.00589	0.00610	0.00720	0.00438	0.00460	0.00853	0.02559	0.07878	0.10288	0.28330	0.24474	0.04404	0.03167	0.00193	0.00313	0.12717	0.00418	0.00412
14	0.01073	0.03068	0.13660	0.05938	0.01272	0.06424	0.00826	0.08244	0.15742	0.09217	0.05830	0.10006	0.02519	0.00793	0.03879	0.00169	0.00473	0.06336	0.03958	0.00572
15	0.00955	0.00990	0.05976	0.13603	0.07891	0.02757	0.17546	0.06431	0.03726	0.01383	0.04982	0.04438	0.03639	0.02089	0.06622	0.00197	0.13810	0.00496	0.01932	0.00537
16	0.00739	0.00550	0.00720	0.00822	0.05412	0.00549	0.00590	0.03154	0.08871	0.03222	0.02346	0.38768	0.08102	0.01141	0.00549	0.00176	0.00330	0.23105	0.00406	0.00447
17	0.02801	0.03145	0.00682	0.00594	0.00751	0.00526	0.00459	0.01080	0.05101	0.13037	0.31350	0.11527	0.17214	0.00878	0.00484	0.00143	0.00263	0.02447	0.07051	0.00470
18	0.00739	0.00521	0.00768	0.13366	0.01091	0.00551	0.02448	0.00855	0.04795	0.02147	0.04231	0.18295	0.04785	0.02807	0.06722	0.27013	0.00443	0.07762	0.00297	0.00363
19	0.00909	0.02085	0.69756	0.01259	0.01858	0.01028	0.06177	0.01465	0.07170	0.01433	0.00904	0.01074	0.00662	0.00445	0.00431	0.00142	0.00630	0.01712	0.00213	0.00649
20	0.00889	0.00827	0.01390	0.58533	0.11484	0.00992	0.04448	0.01156	0.00887	0.02546	0.00843	0.02985	0.00679	0.00572	0.03093	0.00167	0.07360	0.00420	0.00212	0.00516
21	0.00817	0.00697	0.02263	0.25179	0.03546	0.00721	0.08949	0.01069	0.02395	0.04085	0.14208	0.03788	0.14417	0.00675	0.00495	0.00143	0.02934	0.02282	0.10859	0.00477
22	0.00892	0.04530	0.76531	0.01242	0.01871	0.01035	0.03207	0.01385	0.00941	0.01397	0.02544	0.00983	0.00640	0.00428	0.00420	0.00139	0.00640	0.00338	0.00194	0.00644
23	0.00678	0.00479	0.00613	0.00619	0.00728	0.00442	0.02155	0.00852	0.04500	0.06322	0.16110	0.38920	0.21999	0.01127	0.00534	0.00161	0.00266	0.02651	0.00429	0.00417
24	0.01079	0.44614	0.34128	0.00998	0.01480	0.03137	0.02843	0.03103	0.02693	0.01247	0.00728	0.00838	0.00587	0.00404	0.00352	0.00116	0.00555	0.00289	0.00201	0.00607
25	0.01087	0.01269	0.06616	0.01049	0.01203	0.24935	0.04204	0.01263	0.02132	0.01170	0.05788	0.01243	0.00923	0.02432	0.12745	0.00237	0.28015	0.00403	0.02797	0.00488
26	0.01463	0.00678	0.00887	0.00760	0.01007	0.00627	0.00610	0.03578	0.07561	0.47965	0.03484	0.15699	0.04122	0.00783	0.00485	0.00152	0.00352	0.08664	0.00494	0.00629
27	0.00676	0.00478	0.00648	0.00735	0.00810	0.00474	0.00601	0.00830	0.00936	0.01224	0.02213	0.16437	0.02460	0.13545	0.00845	0.00233	0.00388	0.55701	0.00387	0.00379
28	0.01671	0.01151	0.01260	0.00971	0.01312	0.01254	0.00801	0.68521	0.01936	0.11153	0.01145	0.01134	0.00803	0.00584	0.01980	0.00143	0.00480	0.00404	0.02560	0.00736
29	0.00767	0.00384	0.00575	0.00575	0.00575	0.00384	0.00384	0.00575	0.00575	0.00767	0.00767	0.01343	0.00767	0.01534	0.01726	0.87150	0.00384	0.00384	0.00192	0.00192
30	0.00546	0.00389	0.00516	0.00614	0.00641	0.00365	0.00411	0.00623	0.00841	0.01121	0.02390	0.79006	0.02859	0.04746	0.00633	0.00190	0.00267	0.03081	0.00404	0.00356
31	0.01679	0.01237	0.01325	0.01016	0.01370	0.01370	0.00839	0.80251	0.02077	0.02783	0.01060	0.01060	0.00751	0.00530	0.00442	0.00133	0.00486	0.00398	0.00442	0.00751
32	0.01099	0.00949	0.00999	0.00899	0.01148	0.01099	0.00699	0.02347	0.80925	0.01848	0.01798	0.01648	0.01348	0.00599	0.00449	0.00150	0.00350	0.00499	0.00449	0.00699
33	0.00544	0.00388	0.00517	0.00617	0.00644	0.00364	0.00415	0.00623	0.00846	0.01127	0.02411	0.80651	0.02886	0.03020	0.00598	0.00185	0.00263	0.03135	0.00407	0.00358
34	0.87598	0.00854	0.00649	0.00581	0.00854	0.00991	0.00478	0.01298	0.00752	0.01982	0.00615	0.00717	0.00478	0.00410	0.00273	0.00137	0.00342	0.00239	0.00273	0.00478
35	0.87598	0.00854	0.00649	0.00581	0.00854	0.00991	0.00478	0.01298	0.00752	0.01982	0.00615	0.00717	0.00478	0.00410	0.00273	0.00137	0.00342	0.00239	0.00273	0.00478
36	0.14894	0.00767	0.00968	0.00755	0.01086	0.00701	0.00623	0.02024	0.01187	0.69957	0.01572	0.01385	0.01001	0.00526	0.00418	0.00137	0.00371	0.00413	0.00505	0.00710
37	0.00640	0.00438	0.00531	0.00531	0.00548	0.00455	0.00329	0.00674	0.00657	0.00893	0.01347	0.02641	0.01497	0.66964	0.19614	0.00489	0.00591	0.00606	0.00261	0.00295
38	0.01679	0.01237	0.01325	0.01016	0.01370	0.01370	0.00839	0.80251	0.02077	0.02783	0.01060	0.01060	0.00751	0.00530	0.00442	0.00133	0.00486	0.00398	0.00442	0.00751
39	0.01943	0.00813	0.01063	0.00815	0.01158	0.00740	0.00673	0.12033	0.01367	0.72004	0.01656	0.01447	0.01050	0.00545	0.00444	0.00136	0.00390	0.00438	0.00533	0.00752
40	0.00546	0.00390	0.00523	0.00624	0.00653	0.00368	0.00423	0.00628	0.00849	0.01132	0.02407	0.79925	0.02873	0.01415	0.02148	0.00190	0.00279	0.03859	0.00407	0.00361
41	0.87598	0.00854	0.00649	0.00581	0.00854	0.00991	0.00478	0.01298	0.00752	0.01982	0.00615	0.00717	0.00478	0.00410	0.00273	0.00137	0.00342	0.00239	0.00273	0.00478
42	0.01087	0.58509	0.27727	0.00916	0.01381	0.01518	0.01034	0.01347	0.00909	0.01154	0.00671	0.00780	0.00564	0.00391	0.00327	0.00109	0.00530	0.00265	0.00188	0.00594
43	0.00943	0.07697	0.14239	0.01195	0.06899	0.02864	0.15945	0.04137	0.02247	0.03045	0.00984	0.01292	0.00822	0.01419	0.28514	0.00332	0.04280	0.00422	0.02183	0.00541
44	0.00692	0.00511	0.00653	0.02423	0.02376	0.00519	0.03307	0.02119	0.03237	0.01013	0.03121	0.04515	0.06079	0.60043	0.07273	0.00384	0.00475	0.00640	0.00286	0.00335
45	0.01061	0.09782	0.33615	0.03036	0.03056	0.03505	0.07137	0.08683	0.05131	0.05299	0.03757	0.04675	0.00904	0.00533	0.01559	0.00140	0.00547	0.00411	0.02106	0.05062
46	0.01126	0.06462	0.02568	0.09820	0.04370	0.17857	0.03211	0.01300	0.02466	0.04576	0.00792	0.02184	0.00694	0.00808	0.07161	0.00198	0.33281	0.00383	0.00228	0.00516
47	0.00830	0.00458	0.00497	0.03904	0.00654	0.00478	0.00374	0.02568	0.00922	0.01581	0.01380	0.01669	0.01115	0.05051	0.02020	0.00136	0.02067	0.00424	0.73458	0.00415
48	0.01976	0.00761	0.01031	0.00790	0.01132	0.00663	0.00653	0.03644	0.01280	0.80515	0.01729	0.01495	0.01087	0.00546	0.00444	0.00137	0.00378	0.00443	0.00545	0.00752
49	0.02790	0.08566	0.31540	0.01319	0.12263	0.00979	0.12082	0.01272	0.03299	0.01412	0.09458	0.05273	0.05598	0.00549	0.00459	0.00139	0.01672	0.00484	0.00260	0.00585
50	0.00735	0.00755	0.08445	0.02497	0.02064	0.02301	0.00645	0.01090	0.12365	0.01453	0.19694	0.04513	0.24975	0.00917	0.00514	0.00156	0.00338	0.15672	0.00399	0.00471
51	0.01982	0.00752	0.01025	0.00786	0.01127	0.00649	0.00649	0.02152	0.01264	0.82029	0.01742	0.01503	0.01093	0.00547	0.00444	0.00137	0.00376	0.00444	0.00547	0.00752
52	0.84134	0.00850	0.00664	0.00589	0.00865	0.00977	0.00485	0.01333	0.00772	0.05220	0.00661	0.00749	0.00503	0.00416	0.00280	0.00137	0.00343	0.00247	0.00284	0.00489
53	0.01069	0.01069	0.01694	0.20976	0.53878	0.06586	0.05683	0.01335	0.00996	0.01345	0.00814	0.01098	0.00664	0.00407	0.00440	0.00135	0.00570	0.00393	0.00214	0.00633
54	0.00522	0.00447	0.00447	0.00447	0.00597	0.00373	0.00336	0.00634	0.01007	0.01193	0.04474	0.04250	0.81544	0.01119	0.00522	0.00149	0.00224	0.00932	0.00410	0.00373
55	0.01679	0.01237	0.01325	0.01016	0.01370	0.01370	0.00839	0.80251	0.02077	0.02783	0.01060	0.01060	0.00751	0.00530	0.00442	0.00133	0.00486	0.00398	0.00442	0.00751
56	0.00680	0.00494	0.00691	0.01933	0.02763	0.00466	0.03169	0.00838	0.01025	0.04771	0.26335	0.27000	0.13439	0.02318	0.04566	0.00190	0.00332	0.08158	0.00414	0.00418
57	0.02622	0.01043	0.04209	0.24935	0.15660	0.04562	0.18890	0.01288	0.02582	0.02616	0.00834	0.01142	0.00667	0.00595	0.04152	0.00174	0.12832	0.00418	0.00221	0.00559
58	0.01042	0.01191	0.02606	0.01862	0.02308	0.01117	0.80119	0.01415	0.01042	0.01415	0.00894	0.01191	0.00670	0.00372	0.00521	0.00149	0.00745	0.00521	0.00223	0.00596
59	0.00605	0.00424	0.00544	0.00597	0.00627	0.00422	0.00405	0.00676	0.00773	0.01036	0.01898	0.36518	0.02191	0.32299	0.10415	0.00333	0.00440	0.09123	0.00338	0.00334
60	0.01014	0.03093	0.11513	0.08975	0.38278	0.03903	0.10531	0.02756	0.00989	0.01361	0.00970	0.03785	0.01912	0.00587	0.03115	0.01787	0.02037	0.02553	0.00230	0.00609
61	0.00555	0.00430	0.00508	0.00574	0.00637	0.01605	0.00394	0.00645	0.00902	0.01158	0.05385	0.57715	0.23549	0.03025	0.00584	0.00174	0.00258	0.01129	0.00407	0.00365
62	0.14508	0.00828	0.01008	0.00785	0.01118	0.00790	0.00648	0.11830	0.01291	0.60336	0.01491	0.01332	0.00960	0.00525	0.00419	0.00136	0.00385	0.00408	0.00493	0.00711
63	0.00649	0.00484	0.00656	0.03456	0.05826	0.00470	0.00528	0.00793	0.02261	0.02362	0.06230	0.43284	0.12081	0.04650	0.02407	0.00192	0.00326	0.10668	0.02274	0.00404
64	0.00846	0.00790	0.01331	0.59214	0.08112	0.00937	0.05338	0.01118	0.00906	0.01187	0.01035	0.02903	0.02776	0.00542	0.00500	0.00152	0.03784	0.06606	0.01423	0.00498
65	0.00571	0.00413	0.00536	0.00620	0.00665	0.00389	0.00427	0.02329	0.00898	0.01188	0.04100	0.72035	0.08160	0.01331	0.00559	0.00177	0.00265	0.04553	0.00412	0.00371
66	0.77164	0.06896	0.00799	0.01761	0.00923	0.03947	0.00522	0.01314	0.00782	0.01870	0.00620	0.00726	0.00489	0.00410	0.00281	0.00133	0.00371	0.00243	0.00265	0.00486
67	0.01231	0.70212	0.05576	0.00828	0.01198	0.12511	0.00806	0.01385	0.00946	0.01060	0.00631	0.00730	0.00567	0.00390	0.00305	0.00099	0.00523	0.00246	0.00194	0.00563
68	0.00973	0.03559	0.06114	0.00720	0.01109	0.00690	0.00620	0.02866	0.02858	0.04290	0.00877	0.02763	0.00728	0.00383	0.00363	0.00081	0.01579	0.00303	0.00275	0.68849
69	0.09574	0.02199	0.00868	0.00770	0.00926	0.07496	0.04130	0.11468	0.04390	0.01435	0.01567	0.26294	0.03533	0.14463	0.03565	0.00215	0.01713	0.02527	0.00339	0.02526
70	0.00652	0.00505	0.00606	0.00650	0.00737	0.00508	0.00459	0.00970	0.16502	0.01319	0.08041	0.54539	0.10474	0.01171	0.00534	0.00168	0.00268	0.01044	0.00423	0.00431
71	0.01001	0.00643	0.01003	0.02433	0.01067	0.00586	0.12942	0.01213	0.01174	0.20651	0.36750	0.04392	0.12744	0.00765	0.00502	0.00142	0.00342	0.00690	0.00442	0.00519
72	0.01841	0.00807	0.01035	0.00804	0.01134	0.00745	0.00661	0.12077	0.04355	0.65047	0.01787	0.01582	0.04869	0.00574	0.00448	0.00137	0.00382	0.00463	0.00523	0.00732
73	0.00838	0.00793	0.01350	0.81806	0.03027	0.00984	0.02784	0.01134	0.00886	0.01134	0.00787	0.01178	0.00590	0.00440	0.00443	0.00147	0.00592	0.00395	0.00197	0.00493
74	0.00905	0.00490	0.00499	0.00469	0.00596	0.00503	0.00359	0.08573	0.01036	0.01755	0.01405	0.01591	0.01096	0.00516	0.00321	0.00106	0.00233	0.00410	0.78695	0.00444
75	0.01008	0.00971	0.01559	0.23613	0.47758	0.04326	0.04016	0.01265	0.00974	0.01337	0.00918	0.05213	0.00790	0.00461	0.00441	0.00137	0.00535	0.00436	0.03635	0.00605
76	0.00538	0.00384	0.00512	0.00615	0.00641	0.00359	0.00410	0.00615	0.00846	0.01127	0.02434	0.84190	0.02921	0.01384	0.00564	0.00179	0.00256	0.01256	0.00410	0.00359
77	0.00634	0.00468	0.00689	0.00689	0.00761	0.00539	0.00527	0.00773	0.00702	0.01008	0.01193	0.01821	0.01139	0.09745	0.74983	0.02115	0.01110	0.00485	0.00238	0.00381
78	0.01033	0.00609	0.00759	0.00692	0.00842	0.00613	0.00522	0.10354	0.03512	0.17836	0.03433	0.16250	0.04743	0.16721	0.14759	0.00297	0.00501	0.03533	0.02500	0.00489
79	0.01822	0.00923	0.01119	0.00861	0.01199	0.00913	0.00710	0.31650	0.01564	0.49121	0.02702	0.01366	0.01012	0.00545	0.00442	0.00134	0.00411	0.00431	0.02334	0.00739
80	0.00535	0.00406	0.00493	0.00561	0.00627	0.00364	0.00387	0.00625	0.00904	0.01160	0.04512	0.57386	0.27865	0.01291	0.00550	0.00169	0.00245	0.01145	0.00411	0.00364
81	0.01694	0.01213	0.01311	0.01005	0.01358	0.01335	0.00830	0.76446	0.02037	0.06644	0.01094	0.01082	0.00768	0.00531	0.00442	0.00133	0.00481	0.00400	0.00447	0.00751
82	0.00555	0.00405	0.00562	0.00641	0.00677	0.00387	0.01723	0.00642	0.00835	0.01120	0.02295	0.75102	0.02721	0.02775	0.07068	0.00224	0.00340	0.01173	0.00391	0.00364
83	0.00663	0.00498	0.00541	0.00529	0.00684	0.00441	0.00406	0.04326	0.01061	0.05327	0.05332	0.09875	0.61372	0.01086	0.00523	0.00153	0.00257	0.06096	0.00420	0.00411
84	0.01042	0.01191	0.02606	0.01862	0.02308	0.01117	0.80119	0.01415	0.01042	0.01415	0.00894	0.01191	0.00670	0.00372	0.00521	0.00149	0.00745	0.00521	0.00223	0.00596
85	0.00967	0.00972	0.01795	0.27875	0.18402	0.01018	0.28717	0.01344	0.06986	0.01355	0.01021	0.03063	0.02221	0.00453	0.00471	0.00145	0.00593	0.00474	0.01548	0.00579
86	0.57738	0.02082	0.00907	0.05237	0.07364	0.05245	0.01887	0.01322	0.02364	0.03485	0.00745	0.02618	0.00610	0.00518	0.02103	0.00151	0.04538	0.00309	0.00268	0.00507
87	0.00970	0.02320	0.04924	0.17070	0.23936	0.04786	0.13247	0.01215	0.00906	0.01238	0.00846	0.01212	0.00720	0.03413	0.10253	0.00221	0.11534	0.00419	0.00214	0.00554
88	0.00586	0.00412	0.00524	0.00575	0.00600	0.00407	0.00374	0.00646	0.00759	0.01019	0.01941	0.43865	0.03438	0.31613	0.10877	0.00331	0.00427	0.00937	0.00338	0.00330
89	0.02887	0.00964	0.01496	0.23780	0.39707	0.02933	0.02274	0.04278	0.04128	0.05134	0.02407	0.01191	0.00776	0.00515	0.02220	0.00151	0.03886	0.00405	0.00251	0.00617
90	0.01847	0.00716	0.03836	0.02181	0.01987	0.00666	0.05898	0.03632	0.09880	0.10546	0.08611	0.18690	0.16371	0.00913	0.01685	0.02001	0.03544	0.03178	0.00389	0.03429
91	0.01749	0.00807	0.01034	0.00786	0.01137	0.00714	0.00646	0.09508	0.02368	0.58819	0.01505	0.01357	0.00985	0.00506	0.00423	0.00124	0.00377	0.00408	0.00484	0.16264
92	0.01007	0.00973	0.02723	0.29994	0.44224	0.01023	0.05397	0.04229	0.01005	0.01378	0.00908	0.01228	0.02062	0.00437	0.00447	0.00139	0.00552	0.01432	0.00225	0.00615
93	0.00970	0.02611	0.01387	0.18129	0.12163	0.07698	0.08736	0.02001	0.03377	0.01188	0.00878	0.02675	0.00776	0.03538	0.11465	0.01910	0.19333	0.00429	0.00225	0.00512
94	0.00553	0.00441	0.00499	0.00530	0.00645	0.00387	0.00398	0.00674	0.00990	0.01231	0.08841	0.21196	0.51234	0.01172	0.00540	0.00161	0.00250	0.09469	0.00415	0.00376
95	0.00549	0.00448	0.00485	0.00476	0.00613	0.00384	0.00357	0.00686	0.01071	0.01345	0.24722	0.04000	0.61201	0.01062	0.00522	0.00146	0.00220	0.00897	0.00430	0.00384
96	0.00908	0.00972	0.07481	0.34800	0.11620	0.00946	0.16188	0.03790	0.00965	0.01306	0.00978	0.04952	0.00832	0.00671	0.05621	0.00181	0.00619	0.03467	0.00234	0.03470
97	0.01205	0.05512	0.13732	0.10185	0.10432	0.15209	0.12002	0.12010	0.06808	0.02794	0.00917	0.01081	0.00704	0.00511	0.02078	0.00146	0.02216	0.00385	0.01465	0.00610
98	0.00811	0.01070	0.15664	0.01169	0.01518	0.00796	0.31986	0.01124	0.02349	0.01385	0.10241	0.04056	0.24523	0.00677	0.00503	0.00147	0.00505	0.00650	0.00306	0.00519
99	0.00780	0.00527	0.00768	0.00733	0.00829	0.00604	0.00573	0.00928	0.00757	0.08733	0.01210	0.01721	0.01095	0.06740	0.66177	0.00611	0.06048	0.00473	0.00265	0.00428
100	0.01139	0.06100	0.11197	0.06349	0.19622	0.07405	0.11525	0.01425	0.03756	0.11082	0.02622	0.06335	0.02670	0.00538	0.00516	0.00141	0.06228	0.00466	0.00280	0.00603
101	0.02635	0.00591	0.01765	0.03440	0.02658	0.04552	0.00445	0.00830	0.01784	0.02726	0.02966	0.16521	0.01671	0.47259	0.04448	0.00326	0.02214	0.00684	0.02129	0.00354
102	0.01825	0.00819	0.02721	0.00800	0.01134	0.00724	0.00671	0.11278	0.01339	0.65156	0.03594	0.01569	0.03621	0.00568	0.00445	0.00136	0.00383	0.00459	0.02033	0.00724
103	0.00899	0.00827	0.01259	0.18818	0.29459	0.02413	0.03561	0.03650	0.04261	0.01384	0.06586	0.08350	0.12733	0.00658	0.00474	0.00145	0.00455	0.03224	0.00296	0.00549
104	0.01200	0.12429	0.06622	0.10568	0.13690	0.10818	0.08211	0.11508	0.06675	0.04420	0.03666	0.01154	0.00836	0.00514	0.01648	0.00140	0.03055	0.00392	0.01847	0.00606
105	0.04232	0.04202	0.12446	0.01120	0.03618	0.08672	0.14616	0.04139	0.07267	0.11178	0.05773	0.05284	0.02477	0.02400	0.00588	0.01355	0.07478	0.00478	0.02105	0.00574

[dist]
# distance from previous block
# <min> <max>
0	4

[block]
# block no. 3 follows, 59 sequences, length 27
# corresponding to MSA columns:
# 368-380,388-401
name=unknown_D
#
# <colnr> <probs for GDERKNQSTAVLIFYWHMCP>
#	G	D	E	R	K	N	Q	S	T	A	V	L	I	F	Y	W	H	M	C	P
0	0.02786	0.05630	0.01188	0.04679	0.21275	0.07072	0.00816	0.01194	0.05803	0.01372	0.15551	0.01740	0.05835	0.04615	0.04843	0.00178	0.09283	0.00489	0.00293	0.05357
1	0.01183	0.79477	0.05237	0.00785	0.01169	0.03897	0.00791	0.01337	0.00908	0.01054	0.00622	0.00719	0.00567	0.00381	0.00292	0.00097	0.00488	0.00241	0.00190	0.00568
2	0.06597	0.03963	0.06113	0.04830	0.07458	0.04589	0.06643	0.05099	0.14402	0.02875	0.19018	0.01950	0.08856	0.02201	0.02021	0.00154	0.00428	0.00538	0.00351	0.01912
3	0.00865	0.00811	0.01355	0.70403	0.11135	0.00989	0.01211	0.01148	0.00890	0.01170	0.00797	0.01172	0.00612	0.00449	0.00473	0.00146	0.03402	0.00393	0.02069	0.00510
4	0.00538	0.00386	0.00510	0.00609	0.00639	0.00359	0.00407	0.00616	0.00851	0.01130	0.02503	0.81484	0.05583	0.01375	0.00562	0.00178	0.00255	0.01245	0.00410	0.00359
5	0.02667	0.00789	0.02978	0.02078	0.04268	0.05904	0.16504	0.02242	0.01059	0.01404	0.19300	0.15740	0.15780	0.00896	0.02259	0.00163	0.00430	0.04720	0.00356	0.00465
6	0.01207	0.01234	0.01441	0.30602	0.24883	0.20838	0.01127	0.10819	0.01150	0.01405	0.00806	0.01047	0.00635	0.00442	0.00430	0.00133	0.00608	0.00367	0.00240	0.00587
7	0.00705	0.00506	0.00702	0.00801	0.00904	0.00504	0.00699	0.00905	0.01016	0.01317	0.02413	0.04956	0.05304	0.01217	0.00607	0.00201	0.00400	0.76030	0.00407	0.00406
8	0.00823	0.00412	0.00412	0.00412	0.00515	0.00412	0.00309	0.01029	0.00926	0.01647	0.01441	0.01647	0.01132	0.00515	0.00309	0.00103	0.00206	0.00412	0.86930	0.00412
9	0.00917	0.00913	0.01676	0.05999	0.19381	0.00947	0.28165	0.01154	0.00929	0.01299	0.01177	0.19196	0.01160	0.00660	0.00634	0.00157	0.12257	0.00624	0.02213	0.00542
10	0.87598	0.00854	0.00649	0.00581	0.00854	0.00991	0.00478	0.01298	0.00752	0.01982	0.00615	0.00717	0.00478	0.00410	0.00273	0.00137	0.00342	0.00239	0.00273	0.00478
11	0.00559	0.00451	0.00499	0.00493	0.00628	0.00391	0.00374	0.00702	0.01076	0.01361	0.26043	0.04013	0.56507	0.01062	0.00525	0.00149	0.00227	0.04124	0.00431	0.00387
12	0.00829	0.00402	0.00598	0.00586	0.00604	0.00397	0.00397	0.00656	0.00611	0.04930	0.00817	0.01351	0.00784	0.01484	0.01660	0.82692	0.00383	0.00387	0.00210	0.00220
13	0.01624	0.00833	0.01050	0.02288	0.01167	0.00816	0.01798	0.21325	0.04232	0.44200	0.03424	0.09513	0.01283	0.00644	0.00460	0.00142	0.00394	0.02344	0.01777	0.00684
14	0.01053	0.01008	0.01719	0.15362	0.69390	0.01039	0.01335	0.01320	0.00986	0.01394	0.00824	0.01106	0.00682	0.00401	0.00438	0.00134	0.00535	0.00393	0.00215	0.00667
15	0.00553	0.00388	0.00518	0.00612	0.00641	0.00363	0.00412	0.00619	0.00839	0.01114	0.02401	0.76309	0.04891	0.01381	0.00623	0.04635	0.00265	0.02684	0.00399	0.00351
16	0.01027	0.01044	0.01982	0.16170	0.26774	0.01052	0.34926	0.04072	0.02175	0.01420	0.00937	0.02839	0.00764	0.00439	0.00481	0.00144	0.00618	0.02291	0.00236	0.00607
17	0.00644	0.00484	0.00718	0.00713	0.00785	0.00568	0.00552	0.00787	0.00704	0.01015	0.01163	0.01740	0.01097	0.05753	0.76063	0.02563	0.03552	0.00474	0.00235	0.00389
18	0.00951	0.05756	0.38513	0.01023	0.03534	0.02946	0.01079	0.06791	0.04793	0.03197	0.03778	0.13019	0.01138	0.00607	0.00450	0.00140	0.02175	0.00496	0.09034	0.00580
19	0.00781	0.00667	0.01047	0.12459	0.09094	0.00786	0.03678	0.00939	0.00766	0.01091	0.01004	0.03328	0.00935	0.04964	0.36646	0.05414	0.13932	0.00460	0.01566	0.00442
20	0.09393	0.05755	0.06578	0.04851	0.27282	0.04472	0.05459	0.10016	0.03348	0.05993	0.02067	0.02027	0.00799	0.03172	0.02097	0.00157	0.05246	0.00398	0.00275	0.00615
21	0.00758	0.00719	0.02994	0.01166	0.11166	0.00670	0.17134	0.00981	0.03348	0.01307	0.06981	0.37706	0.05841	0.00942	0.00546	0.00163	0.01922	0.04836	0.00344	0.00476
22	0.01893	0.00874	0.02943	0.26183	0.20672	0.02444	0.04878	0.05525	0.00953	0.02677	0.01044	0.02959	0.02993	0.06993	0.10993	0.00236	0.04509	0.00454	0.00244	0.00533
23	0.02625	0.00947	0.03212	0.14627	0.35683	0.03999	0.04236	0.02399	0.02712	0.01345	0.01191	0.08370	0.05401	0.00653	0.03100	0.00161	0.05715	0.00498	0.02552	0.00573
24	0.01096	0.01142	0.09450	0.12860	0.13120	0.04311	0.15434	0.14284	0.03550	0.02961	0.03691	0.06503	0.00954	0.00541	0.00527	0.00145	0.06118	0.00479	0.02238	0.00597
25	0.02479	0.01046	0.01303	0.17510	0.15014	0.12084	0.05488	0.13955	0.02938	0.07293	0.05544	0.05569	0.01037	0.00699	0.04911	0.01216	0.00566	0.00462	0.00306	0.00579
26	0.04922	0.00985	0.03960	0.15129	0.34366	0.04890	0.05850	0.02248	0.02141	0.01377	0.04571	0.05067	0.06012	0.00613	0.02671	0.00156	0.03732	0.00479	0.00255	0.00575

[dist]
# distance from previous block
# <min> <max>
0	34

# created by:
# /st0/software/busco_prod/Augustus/scripts/msa2prfl.pl ./align_prep/98712.fa
