[name]
unknown

[dist]
# distance from previous block
# <min> <max>
11	44

[block]
# block no. 0 follows, 58 sequences, length 110
# corresponding to MSA columns:
# 75-153,155-165,169-188
name=unknown_A
#
# <colnr> <probs for GDERKNQSTAVLIFYWHMCP>
#	G	D	E	R	K	N	Q	S	T	A	V	L	I	F	Y	W	H	M	C	P
0	0.02984	0.37158	0.01628	0.00883	0.01180	0.21022	0.00755	0.06121	0.14681	0.01363	0.05241	0.01091	0.00930	0.00556	0.02533	0.00132	0.00539	0.00343	0.00280	0.00580
1	0.00822	0.00467	0.00471	0.00463	0.00585	0.00471	0.00349	0.01109	0.07673	0.01632	0.01843	0.01971	0.10377	0.00599	0.00350	0.00114	0.00223	0.00485	0.69561	0.00437
2	0.00972	0.00740	0.00810	0.00824	0.00966	0.09042	0.00674	0.06280	0.02515	0.08156	0.02042	0.12646	0.03349	0.05647	0.00652	0.00194	0.00436	0.43188	0.00401	0.00467
3	0.23850	0.01134	0.01147	0.00903	0.01239	0.01261	0.00744	0.55932	0.03375	0.02553	0.00966	0.00993	0.00699	0.00502	0.00400	0.00134	0.00447	0.00360	0.00399	0.02962
4	0.03959	0.00764	0.01029	0.00791	0.01136	0.00665	0.00654	0.02160	0.01268	0.79976	0.01739	0.01504	0.01093	0.00550	0.00446	0.00138	0.00380	0.00445	0.00547	0.00755
5	0.01639	0.00786	0.01003	0.00819	0.01113	0.00767	0.00662	0.03913	0.19332	0.52427	0.01696	0.01572	0.01159	0.00887	0.09881	0.00208	0.00471	0.00465	0.00493	0.00708
6	0.02309	0.00907	0.00965	0.00858	0.01073	0.05750	0.00678	0.08327	0.37083	0.07577	0.17919	0.02078	0.01864	0.00699	0.00524	0.00150	0.04467	0.05718	0.00438	0.00613
7	0.01107	0.01063	0.01816	0.02746	0.81489	0.01063	0.01373	0.01373	0.01019	0.01461	0.00841	0.01107	0.00709	0.00399	0.00443	0.00133	0.00531	0.00399	0.00221	0.00709
8	0.01046	0.00772	0.01009	0.32213	0.01727	0.00875	0.00807	0.18440	0.03635	0.03559	0.01290	0.01501	0.04818	0.01723	0.00440	0.00137	0.00431	0.00439	0.24602	0.00536
9	0.00731	0.00550	0.00822	0.00775	0.00878	0.00629	0.03016	0.02708	0.00785	0.03431	0.01288	0.01766	0.04006	0.02880	0.67405	0.02007	0.05153	0.00489	0.00257	0.00425
10	0.01036	0.00989	0.01674	0.24536	0.58891	0.01045	0.01326	0.01327	0.02307	0.01382	0.00845	0.01140	0.00689	0.00415	0.00444	0.00138	0.00546	0.00400	0.00219	0.00651
11	0.00639	0.00478	0.00712	0.00712	0.00789	0.00555	0.00550	0.00794	0.00717	0.01033	0.01205	0.01793	0.01134	0.05841	0.80041	0.00710	0.01175	0.00485	0.00241	0.00395
12	0.00564	0.00403	0.00533	0.00629	0.00663	0.00380	0.00432	0.00650	0.00864	0.01146	0.02448	0.71870	0.04485	0.05470	0.00658	0.00195	0.00280	0.07560	0.00408	0.00363
13	0.00851	0.00801	0.01353	0.81294	0.04942	0.00995	0.01245	0.01148	0.00897	0.01150	0.00796	0.01191	0.00599	0.00446	0.00447	0.00149	0.00595	0.00398	0.00199	0.00502
14	0.00938	0.00890	0.01510	0.54621	0.30936	0.01018	0.01289	0.01225	0.00939	0.01256	0.00812	0.01162	0.00636	0.00430	0.00446	0.00143	0.00573	0.00398	0.00207	0.00572
15	0.00563	0.00407	0.00523	0.00605	0.00647	0.00380	0.00413	0.00647	0.00871	0.01147	0.03833	0.63922	0.10364	0.08267	0.00711	0.00200	0.00279	0.05455	0.00404	0.00361
16	0.00607	0.00432	0.00531	0.00571	0.00610	0.00418	0.00374	0.00707	0.02859	0.01142	0.11091	0.39367	0.06388	0.29635	0.02985	0.00273	0.00335	0.00954	0.00372	0.00349
17	0.01117	0.01085	0.01793	0.04129	0.78073	0.03124	0.01358	0.01379	0.01023	0.01446	0.00837	0.01101	0.00703	0.00401	0.00442	0.00133	0.00540	0.00396	0.00221	0.00700
18	0.00650	0.00435	0.00496	0.00496	0.00499	0.00438	0.00282	0.00656	0.00653	0.00874	0.01402	0.02884	0.01608	0.81310	0.05220	0.00444	0.00462	0.00644	0.00270	0.00276
19	0.01163	0.25247	0.30449	0.03112	0.06070	0.16699	0.03917	0.02996	0.01016	0.01265	0.00733	0.00882	0.00588	0.00433	0.00427	0.00126	0.03758	0.00313	0.00206	0.00602
20	0.01056	0.01207	0.02640	0.01885	0.02338	0.01131	0.79864	0.01433	0.01056	0.01433	0.00905	0.01207	0.00679	0.00377	0.00528	0.00151	0.00754	0.00528	0.00226	0.00603
21	0.00721	0.00515	0.00721	0.00824	0.00927	0.00515	0.00721	0.00927	0.01030	0.01339	0.02368	0.05046	0.02574	0.01236	0.00618	0.00206	0.00412	0.78478	0.00412	0.00412
22	0.01196	0.84548	0.02344	0.00765	0.01148	0.01770	0.00765	0.01339	0.00909	0.01052	0.00622	0.00718	0.00574	0.00383	0.00287	0.00096	0.00478	0.00239	0.00191	0.00574
23	0.00651	0.00434	0.00488	0.00488	0.00488	0.00434	0.00271	0.00651	0.00651	0.00867	0.01409	0.02927	0.01626	0.84279	0.02277	0.00434	0.00434	0.00651	0.00271	0.00271
24	0.00915	0.02187	0.72846	0.01345	0.01982	0.01049	0.10640	0.01418	0.00957	0.01418	0.00815	0.00975	0.00580	0.00419	0.00437	0.00143	0.00672	0.00353	0.00193	0.00654
25	0.00650	0.00434	0.00492	0.00492	0.00494	0.00436	0.00276	0.00653	0.00652	0.00870	0.01406	0.02906	0.01617	0.82817	0.03726	0.00439	0.00447	0.00647	0.00270	0.00273
26	0.02007	0.00761	0.01038	0.00796	0.01142	0.00657	0.00657	0.02180	0.01280	0.81799	0.01765	0.01523	0.01107	0.00554	0.00450	0.00138	0.00381	0.00450	0.00554	0.00761
27	0.00812	0.00491	0.00625	0.00636	0.00727	0.00463	0.00456	0.03011	0.00956	0.11797	0.07463	0.37167	0.06410	0.18197	0.00901	0.00224	0.00327	0.08510	0.00410	0.00417
28	0.00777	0.00389	0.00583	0.00583	0.00583	0.00389	0.00389	0.00583	0.00583	0.00777	0.00777	0.01360	0.00777	0.01554	0.01748	0.86985	0.00389	0.00389	0.00194	0.00194
29	0.01056	0.01207	0.02640	0.01885	0.02338	0.01131	0.79864	0.01433	0.01056	0.01433	0.00905	0.01207	0.00679	0.00377	0.00528	0.00151	0.00754	0.00528	0.00226	0.00603
30	0.00708	0.00510	0.00704	0.00802	0.00906	0.00506	0.00697	0.00908	0.01026	0.01329	0.02477	0.06299	0.06461	0.01233	0.00613	0.00203	0.00400	0.73395	0.00412	0.00409
31	0.00635	0.00501	0.00574	0.00585	0.00700	0.00479	0.00428	0.00894	0.10677	0.01362	0.16887	0.23689	0.31849	0.05202	0.00619	0.00173	0.00264	0.03638	0.00426	0.00418
32	0.00641	0.00471	0.00675	0.00675	0.00740	0.00535	0.00505	0.00771	0.00706	0.01006	0.01238	0.01979	0.01214	0.18671	0.67322	0.00665	0.01053	0.00512	0.00246	0.00375
33	0.00545	0.00389	0.00519	0.00623	0.00649	0.00363	0.00415	0.00623	0.00856	0.01142	0.02465	0.83987	0.02959	0.01401	0.00571	0.00182	0.00260	0.01272	0.00415	0.00363
34	0.00639	0.00429	0.00491	0.00502	0.00505	0.00426	0.00286	0.00648	0.00672	0.00896	0.01521	0.11463	0.01767	0.75552	0.02097	0.00407	0.00415	0.00716	0.00286	0.00281
35	0.00735	0.00537	0.00603	0.00561	0.00725	0.00496	0.00429	0.02530	0.08415	0.06919	0.25932	0.03537	0.44973	0.00971	0.00515	0.00147	0.00249	0.00821	0.00451	0.00454
36	0.01884	0.02068	0.01163	0.00885	0.01231	0.04291	0.00730	0.27245	0.01540	0.51942	0.01483	0.01338	0.00967	0.00542	0.00445	0.00136	0.00436	0.00425	0.00501	0.00749
37	0.00928	0.00795	0.00928	0.00663	0.01060	0.00596	0.00530	0.01126	0.00928	0.01458	0.00795	0.00928	0.00663	0.00331	0.00331	0.00066	0.00331	0.00265	0.00265	0.87014
38	0.01059	0.01197	0.02587	0.01940	0.07389	0.01127	0.74855	0.01429	0.01053	0.01435	0.00901	0.01200	0.00681	0.00378	0.00522	0.00150	0.00740	0.00520	0.00226	0.00610
39	0.01103	0.01058	0.01808	0.04097	0.80172	0.01062	0.01371	0.01369	0.01016	0.01456	0.00841	0.01109	0.00707	0.00399	0.00443	0.00133	0.00533	0.00399	0.00221	0.00705
40	0.00619	0.00448	0.00584	0.00569	0.00664	0.00413	0.00419	0.00809	0.01203	0.01690	0.68616	0.14754	0.05555	0.00988	0.00534	0.00147	0.00218	0.00877	0.00480	0.00413
41	0.00656	0.00496	0.00689	0.00684	0.00768	0.00560	0.00519	0.00849	0.04674	0.01071	0.01472	0.02055	0.06449	0.12385	0.63851	0.00621	0.01005	0.00531	0.00265	0.00398
42	0.00877	0.00828	0.01400	0.73243	0.12789	0.01002	0.01258	0.01171	0.00910	0.01182	0.00801	0.01182	0.00610	0.00441	0.00447	0.00147	0.00588	0.00398	0.00202	0.00523
43	0.01556	0.01922	0.01197	0.01091	0.01310	0.71234	0.00824	0.03439	0.01278	0.01197	0.07064	0.01167	0.00939	0.00527	0.00422	0.00121	0.00739	0.03200	0.00263	0.00513
44	0.00653	0.00434	0.00489	0.00488	0.00491	0.00433	0.00274	0.00659	0.00665	0.00894	0.02722	0.02916	0.01662	0.81684	0.02219	0.00424	0.00427	0.00650	0.01540	0.00276
45	0.05865	0.01347	0.01811	0.08819	0.05117	0.22724	0.33041	0.03511	0.01066	0.01343	0.00811	0.01068	0.00646	0.00557	0.03625	0.00164	0.07283	0.00416	0.00231	0.00557
46	0.01093	0.00850	0.00934	0.00840	0.01009	0.11302	0.00663	0.12606	0.01055	0.10586	0.01164	0.01488	0.00982	0.02184	0.48481	0.00476	0.03035	0.00438	0.00304	0.00511
47	0.00845	0.00795	0.01342	0.83204	0.03081	0.00994	0.01242	0.01143	0.00894	0.01143	0.00795	0.01193	0.00596	0.00447	0.00447	0.00149	0.00596	0.00398	0.00199	0.00497
48	0.01107	0.01063	0.01816	0.02746	0.81489	0.01063	0.01373	0.01373	0.01019	0.01461	0.00841	0.01107	0.00709	0.00399	0.00443	0.00133	0.00531	0.00399	0.00221	0.00709
49	0.01026	0.01346	0.14003	0.01620	0.02028	0.05107	0.52602	0.01371	0.01000	0.01361	0.00908	0.03542	0.00732	0.00561	0.03595	0.00173	0.07720	0.00495	0.00224	0.00584
50	0.01109	0.00924	0.00986	0.00888	0.01128	0.01058	0.00690	0.04482	0.70247	0.03278	0.01797	0.01829	0.01398	0.04752	0.00550	0.00167	0.00364	0.03228	0.00446	0.00679
51	0.01107	0.01063	0.01816	0.02746	0.81489	0.01063	0.01373	0.01373	0.01019	0.01461	0.00841	0.01107	0.00709	0.00399	0.00443	0.00133	0.00531	0.00399	0.00221	0.00709
52	0.01611	0.01182	0.01302	0.01012	0.01348	0.01296	0.02263	0.71508	0.01980	0.04071	0.01183	0.07011	0.00922	0.00596	0.00458	0.00138	0.00478	0.00468	0.00443	0.00729
53	0.01054	0.01201	0.02610	0.01869	0.02311	0.01137	0.78050	0.01425	0.01047	0.01425	0.00898	0.01201	0.00677	0.00386	0.00550	0.00152	0.02656	0.00525	0.00226	0.00601
54	0.00649	0.00439	0.00514	0.00514	0.00524	0.00448	0.00304	0.00668	0.00658	0.00887	0.01385	0.02793	0.01568	0.74980	0.11496	0.00466	0.00522	0.00631	0.00267	0.00286
55	0.02007	0.00761	0.01038	0.00796	0.01142	0.00657	0.00657	0.02180	0.01280	0.81799	0.01765	0.01523	0.01107	0.00554	0.00450	0.00138	0.00381	0.00450	0.00554	0.00761
56	0.00845	0.00795	0.01342	0.83204	0.03081	0.00994	0.01242	0.01143	0.00894	0.01143	0.00795	0.01193	0.00596	0.00447	0.00447	0.00149	0.00596	0.00398	0.00199	0.00497
57	0.01196	0.84548	0.02344	0.00765	0.01148	0.01770	0.00765	0.01339	0.00909	0.01052	0.00622	0.00718	0.00574	0.00383	0.00287	0.00096	0.00478	0.00239	0.00191	0.00574
58	0.01196	0.84548	0.02344	0.00765	0.01148	0.01770	0.00765	0.01339	0.00909	0.01052	0.00622	0.00718	0.00574	0.00383	0.00287	0.00096	0.00478	0.00239	0.00191	0.00574
59	0.00928	0.00795	0.00928	0.00663	0.01060	0.00596	0.00530	0.01126	0.00928	0.01458	0.00795	0.00928	0.00663	0.00331	0.00331	0.00066	0.00331	0.00265	0.00265	0.87014
60	0.02007	0.00761	0.01038	0.00796	0.01142	0.00657	0.00657	0.02180	0.01280	0.81799	0.01765	0.01523	0.01107	0.00554	0.00450	0.00138	0.00381	0.00450	0.00554	0.00761
61	0.00651	0.00434	0.00488	0.00488	0.00488	0.00434	0.00271	0.00651	0.00651	0.00867	0.01409	0.02927	0.01626	0.84279	0.02277	0.00434	0.00434	0.00651	0.00271	0.00271
62	0.00554	0.00394	0.00519	0.00613	0.00639	0.00369	0.00406	0.00631	0.00856	0.01144	0.04764	0.76534	0.02914	0.06533	0.00676	0.00196	0.00269	0.01219	0.00409	0.00359
63	0.00628	0.00457	0.00591	0.00557	0.00665	0.00420	0.00418	0.00834	0.01254	0.01765	0.77469	0.03389	0.08022	0.00925	0.00528	0.00141	0.00212	0.00816	0.00489	0.00420
64	0.00545	0.00389	0.00519	0.00623	0.00649	0.00363	0.00415	0.00623	0.00856	0.01142	0.02465	0.83987	0.02959	0.01401	0.00571	0.00182	0.00260	0.01272	0.00415	0.00363
65	0.00574	0.00404	0.00519	0.00590	0.00617	0.00383	0.00386	0.00647	0.00849	0.01141	0.08942	0.60367	0.02790	0.18504	0.00920	0.00230	0.00291	0.01104	0.00392	0.00349
66	0.03243	0.00805	0.00936	0.00801	0.01041	0.00831	0.00645	0.23948	0.09523	0.17728	0.11900	0.08852	0.06245	0.00769	0.00484	0.00149	0.00368	0.08720	0.02403	0.00608
67	0.23205	0.00578	0.00602	0.00564	0.00721	0.00589	0.00425	0.01094	0.00956	0.10361	0.16796	0.11751	0.04785	0.09307	0.00600	0.00169	0.00293	0.00596	0.16159	0.00450
68	0.00931	0.00477	0.00602	0.00567	0.00654	0.00474	0.00411	0.05165	0.00872	0.07575	0.04098	0.03627	0.01109	0.01042	0.01013	0.40547	0.00322	0.00442	0.29714	0.00358
69	0.00550	0.00394	0.00523	0.00620	0.00648	0.00370	0.00415	0.00628	0.00850	0.01134	0.02439	0.78759	0.04049	0.03355	0.02776	0.00201	0.00288	0.01232	0.00407	0.00362
70	0.00818	0.00467	0.00494	0.00482	0.00571	0.00472	0.00340	0.05293	0.00936	0.01515	0.03156	0.06372	0.01401	0.20571	0.00807	0.00189	0.00281	0.00526	0.54911	0.00398
71	0.02456	0.00458	0.00551	0.00552	0.00655	0.00418	0.00398	0.00783	0.01056	0.04105	0.33600	0.21939	0.23278	0.06925	0.00653	0.00173	0.00250	0.00915	0.00437	0.00399
72	0.01473	0.01107	0.01190	0.00968	0.01282	0.01237	0.00782	0.44008	0.34485	0.06448	0.01417	0.01342	0.01028	0.00567	0.00451	0.00142	0.00430	0.00448	0.00456	0.00739
73	0.01637	0.01211	0.01299	0.01012	0.01357	0.01343	0.00831	0.69673	0.11286	0.03967	0.01172	0.01151	0.00837	0.00545	0.00448	0.00136	0.00474	0.00416	0.00450	0.00755
74	0.00566	0.00445	0.00503	0.00506	0.00621	0.00391	0.00368	0.00695	0.01047	0.01342	0.25123	0.13797	0.46221	0.05598	0.00628	0.00167	0.00238	0.00932	0.00429	0.00382
75	0.68381	0.00796	0.00664	0.00589	0.00847	0.00893	0.00480	0.01334	0.00846	0.08295	0.05408	0.01019	0.00804	0.00464	0.00308	0.00136	0.00329	0.00306	0.07605	0.00497
76	0.00635	0.00431	0.00489	0.00498	0.00508	0.00425	0.00287	0.00648	0.00688	0.00909	0.01664	0.09933	0.05934	0.72815	0.02039	0.00397	0.00408	0.00719	0.00291	0.00285
77	0.07456	0.00851	0.01015	0.00823	0.01132	0.00854	0.00667	0.08861	0.22157	0.45496	0.04723	0.01539	0.01224	0.00571	0.00442	0.00142	0.00374	0.00460	0.00498	0.00715
78	0.00595	0.00429	0.00518	0.00540	0.00614	0.00398	0.00375	0.00656	0.00876	0.01127	0.08829	0.23095	0.30383	0.12721	0.05990	0.10932	0.00342	0.00877	0.00363	0.00342
79	0.00845	0.00589	0.00699	0.00649	0.00792	0.03185	0.00494	0.01145	0.09369	0.09624	0.53094	0.09306	0.04887	0.00882	0.00514	0.00146	0.00271	0.02551	0.00477	0.00482
80	0.00599	0.00428	0.00552	0.00632	0.00673	0.00409	0.00434	0.02952	0.00890	0.01181	0.02374	0.67637	0.04516	0.08536	0.00717	0.00203	0.00291	0.06203	0.00403	0.00370
81	0.34727	0.08524	0.01286	0.10736	0.06697	0.07388	0.06427	0.10158	0.01012	0.01692	0.00731	0.00905	0.00580	0.00458	0.00448	0.00139	0.06957	0.00324	0.00262	0.00551
82	0.00550	0.00394	0.00529	0.00628	0.00656	0.00373	0.00422	0.00632	0.00850	0.01137	0.02403	0.79932	0.02868	0.01498	0.04612	0.00208	0.00306	0.01233	0.00407	0.00365
83	0.35998	0.02898	0.03188	0.06993	0.01296	0.08540	0.00742	0.25711	0.07379	0.02064	0.00878	0.00954	0.00658	0.00474	0.00372	0.00136	0.00463	0.00330	0.00329	0.00597
84	0.00668	0.00442	0.00511	0.00506	0.00538	0.00428	0.00309	0.00697	0.00762	0.02672	0.09567	0.05150	0.09406	0.60994	0.01835	0.03816	0.00385	0.00696	0.00313	0.00306
85	0.14931	0.00492	0.00563	0.00583	0.00654	0.00502	0.00406	0.00775	0.00804	0.01242	0.09572	0.25864	0.03131	0.19554	0.01085	0.14047	0.00335	0.04783	0.00333	0.00345
86	0.05769	0.01249	0.08460	0.03037	0.05646	0.01120	0.56138	0.06901	0.01102	0.03765	0.00909	0.01153	0.00676	0.00406	0.00505	0.00148	0.01674	0.00477	0.00249	0.00618
87	0.00811	0.00582	0.00660	0.00616	0.00695	0.00614	0.00413	0.09982	0.08748	0.01270	0.06382	0.05959	0.01687	0.52905	0.06507	0.00360	0.00457	0.00633	0.00327	0.00391
88	0.00712	0.00507	0.00586	0.00566	0.00695	0.00474	0.00414	0.00937	0.07935	0.06354	0.22841	0.13097	0.32248	0.09769	0.00706	0.00181	0.00269	0.00850	0.00432	0.00428
89	0.02302	0.00934	0.01417	0.05537	0.48278	0.03421	0.01069	0.06716	0.01045	0.01455	0.02256	0.11109	0.02382	0.01915	0.08011	0.00197	0.00555	0.00522	0.00270	0.00609
90	0.00638	0.00426	0.00491	0.00509	0.00516	0.00421	0.00296	0.00656	0.00693	0.00935	0.01589	0.16562	0.01838	0.68097	0.01937	0.00382	0.00398	0.00749	0.02575	0.00290
91	0.00606	0.00463	0.00554	0.00615	0.00678	0.01727	0.00429	0.00744	0.04023	0.01208	0.07395	0.52926	0.13940	0.07526	0.00686	0.00193	0.00286	0.05211	0.00407	0.00381
92	0.00604	0.00423	0.00531	0.00587	0.00618	0.00407	0.00384	0.01879	0.00844	0.01133	0.07552	0.50950	0.02598	0.26657	0.01088	0.00256	0.00316	0.02451	0.00377	0.00346
93	0.00654	0.00501	0.00681	0.00679	0.00753	0.02015	0.00511	0.00787	0.00733	0.01022	0.01385	0.02041	0.05139	0.15326	0.64947	0.00637	0.01029	0.00524	0.00253	0.00381
94	0.00708	0.00593	0.04646	0.00656	0.00800	0.00508	0.00542	0.02726	0.03625	0.02886	0.44205	0.07295	0.11309	0.03680	0.00592	0.00164	0.00292	0.13888	0.00444	0.00442
95	0.00604	0.00466	0.00555	0.00546	0.00667	0.00423	0.00412	0.00795	0.02954	0.01518	0.42478	0.08023	0.33030	0.01031	0.00533	0.00150	0.00233	0.04718	0.00454	0.00408
96	0.01931	0.00449	0.00506	0.00514	0.00534	0.00449	0.00305	0.00701	0.02719	0.00956	0.01668	0.12264	0.05286	0.67683	0.01927	0.00381	0.00401	0.00725	0.00299	0.00301
97	0.00617	0.00456	0.00572	0.00543	0.00653	0.00415	0.00405	0.00807	0.01210	0.01675	0.66826	0.03485	0.16534	0.03147	0.00574	0.00150	0.00219	0.00826	0.00474	0.00411
98	0.01188	0.82374	0.04449	0.00779	0.01169	0.01751	0.00789	0.01341	0.00910	0.01062	0.00627	0.00724	0.00574	0.00384	0.00291	0.00097	0.00483	0.00242	0.00191	0.00576
99	0.00781	0.00450	0.00501	0.00498	0.00586	0.00469	0.00362	0.00986	0.03779	0.01437	0.01420	0.01890	0.01229	0.14799	0.14501	0.00264	0.00418	0.00469	0.54760	0.00401
100	0.00532	0.00440	0.00467	0.00488	0.00613	0.00375	0.00356	0.00638	0.00986	0.01195	0.04101	0.20893	0.64997	0.01189	0.00537	0.00157	0.00233	0.01012	0.00415	0.00375
101	0.40528	0.00694	0.00671	0.00621	0.00814	0.00746	0.00472	0.01238	0.05441	0.11106	0.04934	0.15891	0.02386	0.11908	0.00642	0.00187	0.00340	0.00551	0.00355	0.00476
102	0.01213	0.00611	0.00781	0.00671	0.00880	0.00561	0.00528	0.03409	0.04315	0.32829	0.27524	0.06129	0.09140	0.02429	0.00521	0.00149	0.00303	0.02774	0.04669	0.00564
103	0.84804	0.00877	0.00679	0.00602	0.00881	0.01015	0.00496	0.03733	0.00803	0.02032	0.00637	0.00737	0.00493	0.00419	0.00282	0.00138	0.00351	0.00247	0.00282	0.00493
104	0.00568	0.00428	0.00521	0.00566	0.00645	0.00388	0.00402	0.00681	0.00972	0.01266	0.16040	0.39246	0.26550	0.05061	0.00632	0.00179	0.00257	0.04802	0.00421	0.00375
105	0.00623	0.00433	0.00498	0.00519	0.00616	0.00393	0.00372	0.00754	0.00988	0.02392	0.15575	0.26446	0.29508	0.04318	0.00573	0.00162	0.00241	0.00914	0.14289	0.00388
106	0.00691	0.00508	0.00591	0.00558	0.00701	0.00467	0.00422	0.03295	0.04265	0.04658	0.37484	0.07650	0.35068	0.00990	0.00522	0.00147	0.00241	0.00849	0.00457	0.00436
107	0.01950	0.00820	0.01071	0.00824	0.01169	0.00749	0.00680	0.10719	0.03464	0.71031	0.01690	0.01477	0.01076	0.00553	0.00450	0.00138	0.00392	0.00446	0.00539	0.00760
108	0.01183	0.00996	0.01051	0.00925	0.01190	0.01146	0.00725	0.11717	0.71226	0.01985	0.01731	0.01597	0.01293	0.00598	0.00454	0.00150	0.00371	0.00493	0.00454	0.00714
109	0.00711	0.00489	0.00579	0.00576	0.00670	0.00464	0.00406	0.03354	0.02731	0.05242	0.14814	0.20931	0.20007	0.22895	0.00991	0.00231	0.00312	0.03807	0.00398	0.00393

[dist]
# distance from previous block
# <min> <max>
0	14

[block]
# block no. 1 follows, 58 sequences, length 12
# corresponding to MSA columns:
# 203-214
name=unknown_B
#
# <colnr> <probs for GDERKNQSTAVLIFYWHMCP>
#	G	D	E	R	K	N	Q	S	T	A	V	L	I	F	Y	W	H	M	C	P
0	0.00692	0.00513	0.00634	0.00646	0.00680	0.00549	0.00442	0.02951	0.03750	0.01100	0.01769	0.31906	0.02026	0.37320	0.01388	0.00291	0.07879	0.04769	0.00335	0.00361
1	0.00783	0.00425	0.00651	0.08056	0.00809	0.00443	0.00466	0.00633	0.00611	0.00810	0.00779	0.01345	0.00761	0.01454	0.01631	0.79130	0.00407	0.00389	0.00195	0.00222
2	0.00687	0.00459	0.00589	0.00588	0.00643	0.00471	0.00402	0.00768	0.00771	0.04483	0.05834	0.10904	0.05794	0.38809	0.26382	0.00453	0.00625	0.00677	0.00307	0.00354
3	0.00573	0.00440	0.00516	0.00527	0.00628	0.00392	0.00379	0.00704	0.01043	0.01365	0.28862	0.21112	0.34736	0.05904	0.00638	0.00171	0.00241	0.00954	0.00432	0.00383
4	0.01352	0.00975	0.01064	0.00893	0.01170	0.01071	0.00711	0.29704	0.34598	0.10329	0.01643	0.06958	0.03100	0.00639	0.00456	0.00144	0.00391	0.00521	0.03589	0.00691
5	0.01671	0.02132	0.01268	0.01152	0.01383	0.82483	0.00864	0.01786	0.01268	0.01095	0.00691	0.00807	0.00576	0.00461	0.00403	0.00115	0.00807	0.00288	0.00230	0.00519
6	0.00989	0.00937	0.01535	0.37129	0.38560	0.01050	0.01252	0.01332	0.06583	0.01336	0.00879	0.01178	0.00701	0.00451	0.00491	0.00144	0.04211	0.00405	0.00227	0.00608
7	0.00664	0.00480	0.00694	0.00688	0.00747	0.00551	0.00516	0.00767	0.00696	0.00992	0.01171	0.01862	0.01143	0.14499	0.61413	0.08466	0.03554	0.00492	0.00239	0.00366
8	0.00603	0.00425	0.00558	0.00643	0.00682	0.00410	0.00457	0.00695	0.00858	0.01136	0.02254	0.51901	0.02634	0.16240	0.00888	0.00232	0.00325	0.18311	0.00389	0.00358
9	0.00785	0.00714	0.01147	0.50324	0.11028	0.00820	0.01008	0.01020	0.00917	0.01186	0.01532	0.15701	0.10654	0.00687	0.00478	0.00153	0.00487	0.00612	0.00264	0.00483
10	0.04167	0.04316	0.06998	0.18741	0.15439	0.05285	0.02283	0.03989	0.06966	0.01424	0.04088	0.03218	0.11092	0.00558	0.00435	0.00133	0.00474	0.00472	0.00283	0.09639
11	0.03177	0.23334	0.01578	0.04324	0.08537	0.10520	0.03677	0.14749	0.01173	0.03364	0.00807	0.00930	0.00653	0.00424	0.00395	0.00110	0.02243	0.00317	0.00270	0.19421

[dist]
# distance from previous block
# <min> <max>
0	2

[block]
# block no. 2 follows, 58 sequences, length 39
# corresponding to MSA columns:
# 217-251,281-284
name=unknown_C
#
# <colnr> <probs for GDERKNQSTAVLIFYWHMCP>
#	G	D	E	R	K	N	Q	S	T	A	V	L	I	F	Y	W	H	M	C	P
0	0.01051	0.05186	0.07860	0.11046	0.14547	0.09444	0.00941	0.08782	0.05656	0.02640	0.05288	0.14241	0.02287	0.00686	0.00519	0.00148	0.04932	0.03877	0.00308	0.00562
1	0.24068	0.18283	0.07865	0.00792	0.01111	0.01126	0.00715	0.07591	0.15967	0.06529	0.03651	0.06117	0.01008	0.00536	0.00376	0.00133	0.00404	0.00404	0.00330	0.02996
2	0.01063	0.01138	0.04713	0.05266	0.04057	0.02041	0.50224	0.04464	0.02131	0.02936	0.00920	0.01188	0.00709	0.02214	0.00517	0.00141	0.00639	0.00462	0.00249	0.14926
3	0.01200	0.78616	0.05433	0.00798	0.01187	0.04391	0.00803	0.01357	0.00922	0.01068	0.00631	0.00729	0.00574	0.00387	0.00296	0.00098	0.00496	0.00244	0.00193	0.00576
4	0.00620	0.00458	0.00579	0.00552	0.00664	0.00418	0.00416	0.00816	0.01225	0.01698	0.68214	0.03521	0.15561	0.00954	0.00530	0.00144	0.00218	0.02519	0.00479	0.00415
5	0.00897	0.02314	0.81962	0.01275	0.01936	0.01039	0.01653	0.01417	0.00944	0.01417	0.00803	0.00944	0.00567	0.00425	0.00425	0.00142	0.00661	0.00331	0.00189	0.00661
6	0.00777	0.00389	0.00583	0.00583	0.00583	0.00389	0.00389	0.00583	0.00583	0.00777	0.00777	0.01360	0.00777	0.01554	0.01748	0.86985	0.00389	0.00389	0.00194	0.00194
7	0.74452	0.00849	0.00715	0.00620	0.00907	0.00951	0.00511	0.01446	0.00840	0.14137	0.00796	0.00848	0.00579	0.00436	0.00303	0.00138	0.00351	0.00274	0.00319	0.00527
8	0.00640	0.00474	0.00693	0.00693	0.00764	0.00545	0.00527	0.00782	0.00711	0.01019	0.01222	0.01888	0.01175	0.12376	0.73563	0.00687	0.01113	0.00498	0.00243	0.00385
9	0.01785	0.00827	0.01032	0.00811	0.01131	0.00791	0.00664	0.13939	0.08603	0.56074	0.01640	0.01479	0.01081	0.00553	0.00439	0.00136	0.00381	0.00445	0.07459	0.00729
10	0.00646	0.00432	0.00489	0.00494	0.00495	0.00430	0.00278	0.00649	0.00660	0.00880	0.01457	0.06603	0.01687	0.80521	0.02199	0.00422	0.00426	0.00679	0.00278	0.00275
11	0.01196	0.84548	0.02344	0.00765	0.01148	0.01770	0.00765	0.01339	0.00909	0.01052	0.00622	0.00718	0.00574	0.00383	0.00287	0.00096	0.00478	0.00239	0.00191	0.00574
12	0.00602	0.00459	0.00556	0.00538	0.00659	0.00412	0.00408	0.00781	0.01174	0.01579	0.52258	0.03738	0.29685	0.01001	0.00532	0.00147	0.00225	0.04376	0.00463	0.00407
13	0.00979	0.00979	0.01370	0.01174	0.01174	0.01370	0.00979	0.01077	0.00685	0.01077	0.00587	0.00979	0.00587	0.00783	0.01468	0.00196	0.83461	0.00391	0.00196	0.00489
14	0.00550	0.00404	0.00510	0.00591	0.00639	0.00372	0.00401	0.00633	0.00878	0.01144	0.02768	0.65330	0.16249	0.05111	0.00642	0.00188	0.00265	0.02554	0.00409	0.00362
15	0.01671	0.02132	0.01268	0.01152	0.01383	0.82483	0.00864	0.01786	0.01268	0.01095	0.00691	0.00807	0.00576	0.00461	0.00403	0.00115	0.00807	0.00288	0.00230	0.00519
16	0.02007	0.00761	0.01038	0.00796	0.01142	0.00657	0.00657	0.02180	0.01280	0.81799	0.01765	0.01523	0.01107	0.00554	0.00450	0.00138	0.00381	0.00450	0.00554	0.00761
17	0.00673	0.00481	0.00621	0.00575	0.00608	0.00474	0.04943	0.00709	0.00716	0.00963	0.06773	0.02854	0.01746	0.73734	0.02056	0.00397	0.00437	0.00654	0.00283	0.00301
18	0.00659	0.00432	0.00487	0.00488	0.00498	0.00431	0.00281	0.00679	0.00689	0.00947	0.03447	0.04740	0.01693	0.75055	0.02071	0.00400	0.00410	0.00654	0.05652	0.00286
19	0.00928	0.00795	0.00928	0.00663	0.01060	0.00596	0.00530	0.01126	0.00928	0.01458	0.00795	0.00928	0.00663	0.00331	0.00331	0.00066	0.00331	0.00265	0.00265	0.87014
20	0.00936	0.00783	0.00915	0.00695	0.01048	0.00634	0.00556	0.04485	0.04181	0.01519	0.02412	0.04315	0.00960	0.00457	0.00371	0.00087	0.00339	0.05185	0.00299	0.69823
21	0.00548	0.00391	0.00518	0.00619	0.00644	0.00365	0.00411	0.00624	0.00850	0.01134	0.02435	0.81641	0.02920	0.03800	0.00620	0.00189	0.00265	0.01254	0.00411	0.00361
22	0.00773	0.00580	0.00654	0.00609	0.00775	0.00556	0.00475	0.09720	0.04930	0.03894	0.21667	0.04740	0.39261	0.02181	0.00547	0.00156	0.00282	0.07305	0.00441	0.00459
23	0.00535	0.00430	0.00477	0.00516	0.00621	0.00372	0.00368	0.00635	0.00960	0.01184	0.03771	0.33641	0.52462	0.01232	0.00544	0.00162	0.00239	0.01065	0.00415	0.00372
24	0.00682	0.00491	0.00617	0.00668	0.00735	0.00484	0.00466	0.09855	0.01012	0.01354	0.04398	0.72207	0.02737	0.01288	0.00555	0.00175	0.00285	0.01158	0.00421	0.00411
25	0.01018	0.03053	0.01389	0.01163	0.01184	0.05417	0.00968	0.01118	0.00719	0.01077	0.00593	0.00964	0.00586	0.00757	0.01386	0.00189	0.77343	0.00383	0.00197	0.00493
26	0.00634	0.00441	0.00488	0.00483	0.00548	0.00416	0.00315	0.00715	0.00866	0.01171	0.14042	0.03229	0.22906	0.42010	0.01369	0.00284	0.00325	0.00729	0.08694	0.00335
27	0.00612	0.00435	0.00508	0.00517	0.00593	0.00404	0.00355	0.00722	0.00953	0.01293	0.22594	0.17708	0.21577	0.22203	0.00964	0.00222	0.00280	0.00854	0.06845	0.00362
28	0.01007	0.01141	0.03668	0.01748	0.02161	0.01054	0.69868	0.01361	0.01042	0.01412	0.01070	0.05727	0.00906	0.00481	0.00534	0.00156	0.00707	0.05129	0.00246	0.00581
29	0.00543	0.00398	0.00510	0.00600	0.00643	0.00365	0.00405	0.00625	0.00879	0.01151	0.02747	0.73146	0.13618	0.01365	0.00565	0.00178	0.00255	0.01227	0.00415	0.00365
30	0.00622	0.00437	0.00488	0.00489	0.00525	0.00420	0.00297	0.00658	0.00760	0.00990	0.06112	0.05942	0.17278	0.61104	0.01791	0.00355	0.00376	0.00736	0.00315	0.00303
31	0.00620	0.00426	0.00512	0.00546	0.00566	0.00415	0.00342	0.00663	0.00761	0.01015	0.05077	0.26829	0.03728	0.51024	0.01593	0.00332	0.00368	0.04538	0.00332	0.00313
32	0.00641	0.00472	0.00682	0.00682	0.00750	0.00539	0.00514	0.00775	0.00708	0.01011	0.01232	0.01943	0.01199	0.16175	0.69796	0.00674	0.01077	0.00506	0.00245	0.00379
33	0.01444	0.05121	0.03572	0.01280	0.09215	0.52121	0.00936	0.02707	0.03053	0.01187	0.00726	0.00889	0.00614	0.00499	0.00558	0.00129	0.12762	0.00319	0.00231	0.02635
34	0.22050	0.04008	0.00791	0.00647	0.00858	0.04704	0.00508	0.03038	0.01005	0.13830	0.14305	0.04152	0.11841	0.00783	0.00586	0.11251	0.00348	0.00511	0.00363	0.04421
35	0.00570	0.00411	0.00509	0.00568	0.00611	0.00384	0.00376	0.00645	0.00862	0.01136	0.07592	0.51393	0.13205	0.18497	0.00916	0.00227	0.00288	0.01070	0.00390	0.00350
36	0.00569	0.00460	0.00501	0.00519	0.00641	0.00409	0.00383	0.00710	0.03247	0.01217	0.05322	0.16491	0.55905	0.06032	0.00641	0.00176	0.00259	0.05727	0.00409	0.00382
37	0.04805	0.03773	0.04079	0.03158	0.02539	0.19534	0.06149	0.40855	0.01587	0.02029	0.01014	0.01131	0.02473	0.02843	0.01916	0.00150	0.00588	0.00392	0.00343	0.00641
38	0.04450	0.03110	0.03811	0.06594	0.07863	0.06659	0.16183	0.06304	0.00946	0.01335	0.00791	0.01103	0.00675	0.00844	0.09183	0.00217	0.28747	0.00410	0.00230	0.00546

[dist]
# distance from previous block
# <min> <max>
2	6

[block]
# block no. 3 follows, 58 sequences, length 34
# corresponding to MSA columns:
# 296-329
name=unknown_D
#
# <colnr> <probs for GDERKNQSTAVLIFYWHMCP>
#	G	D	E	R	K	N	Q	S	T	A	V	L	I	F	Y	W	H	M	C	P
0	0.02930	0.00598	0.00701	0.00715	0.04806	0.00587	0.00497	0.11152	0.02164	0.02800	0.11977	0.16786	0.27655	0.10509	0.00734	0.01599	0.00318	0.02630	0.00398	0.00446
1	0.04249	0.01073	0.01190	0.00916	0.01255	0.01131	0.00749	0.53066	0.01744	0.16850	0.01179	0.01226	0.00850	0.04731	0.00525	0.00145	0.00451	0.00407	0.00438	0.07825
2	0.00801	0.00701	0.01030	0.46928	0.03229	0.01921	0.00901	0.01104	0.06025	0.01285	0.06481	0.08948	0.10365	0.00654	0.00461	0.00147	0.00455	0.00569	0.07518	0.00477
3	0.00603	0.00417	0.00498	0.00538	0.00556	0.00404	0.00330	0.00639	0.00749	0.00991	0.01976	0.34412	0.06150	0.47978	0.01528	0.00322	0.00356	0.00906	0.00334	0.00312
4	0.00585	0.00428	0.00519	0.00548	0.00611	0.00399	0.00372	0.00680	0.00915	0.01210	0.17130	0.31019	0.19478	0.20347	0.03508	0.00242	0.00313	0.00949	0.00391	0.00357
5	0.80276	0.00885	0.00707	0.00619	0.00902	0.01016	0.00510	0.05835	0.00852	0.04167	0.00679	0.00768	0.00517	0.00426	0.00291	0.00138	0.00355	0.00257	0.00294	0.00508
6	0.01671	0.02132	0.01268	0.01152	0.01383	0.82483	0.00864	0.01786	0.01268	0.01095	0.00691	0.00807	0.00576	0.00461	0.00403	0.00115	0.00807	0.00288	0.00230	0.00519
7	0.01205	0.00952	0.01028	0.00905	0.01163	0.01075	0.00712	0.12552	0.60243	0.06364	0.01761	0.05214	0.01373	0.00646	0.00463	0.00151	0.00371	0.02669	0.00457	0.00695
8	0.00593	0.00421	0.00493	0.00531	0.00565	0.00399	0.00334	0.00639	0.00785	0.01022	0.02297	0.32378	0.15032	0.40909	0.01378	0.00297	0.00337	0.00922	0.00346	0.00322
9	0.00777	0.00389	0.00583	0.00583	0.00583	0.00389	0.00389	0.00583	0.00583	0.00777	0.00777	0.01360	0.00777	0.01554	0.01748	0.86985	0.00389	0.00389	0.00194	0.00194
10	0.00596	0.00403	0.00525	0.00607	0.00639	0.00379	0.00402	0.00670	0.00845	0.02893	0.02308	0.71177	0.02726	0.10599	0.00752	0.00207	0.00280	0.01164	0.02466	0.00363
11	0.03180	0.00501	0.00582	0.00556	0.00708	0.00447	0.00419	0.00938	0.01050	0.13420	0.14848	0.15788	0.37120	0.03250	0.00557	0.00159	0.00264	0.02141	0.03632	0.00442
12	0.07503	0.00899	0.01095	0.00845	0.01189	0.00875	0.00698	0.22909	0.01466	0.55493	0.01506	0.01351	0.00974	0.00540	0.00438	0.00137	0.00408	0.00424	0.00507	0.00743
13	0.00774	0.00492	0.00602	0.00584	0.00706	0.00455	0.00432	0.00950	0.03539	0.10176	0.26357	0.16865	0.19414	0.09194	0.00692	0.00180	0.00276	0.04139	0.03740	0.00433
14	0.25369	0.00789	0.00763	0.00668	0.00883	0.01980	0.00522	0.19550	0.03071	0.03394	0.04149	0.07266	0.12960	0.07694	0.00562	0.00164	0.00354	0.00532	0.08820	0.00510
15	0.00649	0.00497	0.00766	0.00748	0.00837	0.00573	0.02517	0.00814	0.00727	0.01048	0.01191	0.01744	0.01107	0.03281	0.80483	0.00705	0.01187	0.00480	0.00239	0.00404
16	0.00639	0.00479	0.00719	0.00719	0.00799	0.00559	0.00559	0.00799	0.00719	0.01038	0.01198	0.01757	0.01118	0.03355	0.82507	0.00719	0.01198	0.00479	0.00240	0.00399
17	0.00609	0.00489	0.00551	0.00555	0.00676	0.01649	0.00419	0.00775	0.02587	0.01380	0.25772	0.10929	0.39714	0.03197	0.02041	0.00172	0.00274	0.07385	0.00428	0.00398
18	0.00639	0.00478	0.00713	0.00713	0.00790	0.00556	0.00551	0.00795	0.00717	0.01034	0.01204	0.01789	0.01132	0.05519	0.80361	0.00711	0.01178	0.00484	0.00240	0.00396
19	0.00529	0.00453	0.00453	0.00453	0.00604	0.00378	0.00340	0.00642	0.01020	0.01208	0.04532	0.04305	0.81307	0.01133	0.00529	0.00151	0.00227	0.00944	0.00415	0.00378
20	0.01164	0.00986	0.01040	0.00921	0.01183	0.01137	0.00720	0.09152	0.73823	0.01954	0.01755	0.01617	0.01313	0.00601	0.00454	0.00150	0.00366	0.00497	0.00454	0.00713
21	0.00651	0.00434	0.00488	0.00488	0.00488	0.00434	0.00271	0.00651	0.00651	0.00867	0.01409	0.02927	0.01626	0.84279	0.02277	0.00434	0.00434	0.00651	0.00271	0.00271
22	0.00550	0.00393	0.00525	0.00629	0.00657	0.00368	0.00424	0.00632	0.00861	0.01148	0.02463	0.81736	0.02948	0.01397	0.00572	0.00182	0.00264	0.03473	0.00415	0.00365
23	0.87439	0.00865	0.00657	0.00588	0.00865	0.01003	0.00484	0.01315	0.00761	0.02007	0.00623	0.00727	0.00484	0.00415	0.00277	0.00138	0.00346	0.00242	0.00277	0.00484
24	0.00640	0.00477	0.00707	0.00707	0.00783	0.00553	0.00545	0.00791	0.00715	0.01030	0.01209	0.01816	0.01144	0.07424	0.78472	0.00705	0.01160	0.00488	0.00241	0.00393
25	0.03170	0.01455	0.01218	0.01019	0.01314	0.30021	0.00804	0.30014	0.13186	0.11668	0.01124	0.01115	0.00821	0.00520	0.00430	0.00131	0.00567	0.00380	0.00382	0.00662
26	0.01388	0.01065	0.01007	0.00831	0.01082	0.11908	0.00663	0.39643	0.01575	0.04158	0.05205	0.01344	0.01036	0.00541	0.00405	0.00123	0.00431	0.00413	0.26575	0.00607
27	0.00569	0.00427	0.00531	0.00587	0.00664	0.00389	0.00423	0.00686	0.00973	0.01270	0.14288	0.44792	0.23586	0.01247	0.00558	0.00170	0.00257	0.07779	0.00426	0.00380
28	0.02239	0.02328	0.17069	0.05234	0.01635	0.02069	0.19324	0.01270	0.00957	0.01419	0.00812	0.01003	0.00638	0.00377	0.00420	0.00109	0.01882	0.00347	0.00235	0.40633
29	0.00669	0.00572	0.00629	0.00601	0.00719	0.02052	0.00459	0.03284	0.00967	0.01204	0.03283	0.03567	0.50920	0.11775	0.02784	0.00208	0.09826	0.05721	0.00365	0.00394
30	0.00550	0.00393	0.00525	0.00628	0.00657	0.00368	0.00424	0.00631	0.00861	0.01147	0.02463	0.81781	0.02948	0.01397	0.00572	0.00182	0.00264	0.03430	0.00415	0.00365
31	0.01073	0.01191	0.05577	0.04969	0.18216	0.07629	0.19814	0.02567	0.00933	0.01289	0.00763	0.01071	0.00647	0.00603	0.02618	0.00172	0.29660	0.00417	0.00216	0.00575
32	0.01200	0.01303	0.01465	0.20039	0.28179	0.25007	0.01123	0.01454	0.04456	0.01258	0.00801	0.01048	0.00660	0.00479	0.00545	0.00139	0.09667	0.00370	0.00226	0.00581
33	0.01185	0.00954	0.01055	0.00913	0.01185	0.01065	0.02593	0.07625	0.63512	0.06963	0.01799	0.01668	0.03770	0.00602	0.00455	0.00147	0.00370	0.00502	0.00449	0.03187

[dist]
# distance from previous block
# <min> <max>
5	7

[block]
# block no. 4 follows, 58 sequences, length 30
# corresponding to MSA columns:
# 369-398
name=unknown_E
#
# <colnr> <probs for GDERKNQSTAVLIFYWHMCP>
#	G	D	E	R	K	N	Q	S	T	A	V	L	I	F	Y	W	H	M	C	P
0	0.01198	0.00800	0.00955	0.00728	0.01080	0.00680	0.00586	0.04457	0.08848	0.19580	0.03694	0.01340	0.02133	0.00462	0.00389	0.00100	0.00347	0.01841	0.00367	0.50413
1	0.00568	0.00415	0.00532	0.00606	0.00660	0.00384	0.00423	0.00670	0.00924	0.01221	0.10715	0.57546	0.12643	0.04168	0.00624	0.00184	0.00267	0.06661	0.00418	0.00371
2	0.00875	0.00738	0.00847	0.00656	0.00979	0.00602	0.00515	0.03119	0.06186	0.01474	0.03387	0.07015	0.11386	0.00544	0.00389	0.00094	0.00316	0.00452	0.00317	0.60108
3	0.02759	0.00538	0.00617	0.00572	0.00741	0.00474	0.00425	0.00908	0.03851	0.06230	0.09285	0.17382	0.31320	0.03545	0.00595	0.03919	0.00277	0.00781	0.01981	0.13801
4	0.00755	0.00497	0.00608	0.00611	0.00733	0.00461	0.00453	0.00943	0.05326	0.09768	0.15245	0.28737	0.23192	0.04422	0.00606	0.00173	0.00279	0.06316	0.00438	0.00436
5	0.03316	0.00446	0.00532	0.00557	0.00621	0.00424	0.00378	0.00743	0.00893	0.03101	0.14366	0.31810	0.11265	0.24119	0.01011	0.00237	0.00303	0.02265	0.03249	0.00364
6	0.00633	0.00436	0.00549	0.00597	0.00660	0.00411	0.00416	0.00758	0.02337	0.03185	0.13508	0.46062	0.09413	0.10819	0.00747	0.00199	0.00281	0.05076	0.03531	0.00382
7	0.00639	0.00483	0.00578	0.00600	0.00693	0.00469	0.00441	0.00831	0.06350	0.01261	0.12220	0.18159	0.22837	0.16246	0.04886	0.00242	0.00351	0.11933	0.00392	0.00390
8	0.00638	0.00470	0.00679	0.00682	0.00748	0.00535	0.00512	0.00771	0.00713	0.01016	0.01269	0.04470	0.01250	0.15249	0.68124	0.00660	0.01056	0.00529	0.00250	0.00379
9	0.00687	0.00465	0.00545	0.00545	0.00671	0.00407	0.00398	0.00808	0.01027	0.08709	0.14405	0.24441	0.40824	0.03268	0.00577	0.00164	0.00252	0.00956	0.00435	0.00413
10	0.03280	0.00510	0.00617	0.00600	0.00729	0.00481	0.00452	0.00963	0.05205	0.07782	0.32659	0.15892	0.19162	0.04159	0.00589	0.00165	0.00267	0.05599	0.00448	0.00441
11	0.01278	0.01017	0.01085	0.00916	0.01188	0.01146	0.00725	0.29925	0.45128	0.02157	0.05162	0.01594	0.01293	0.04656	0.00544	0.00159	0.00401	0.00490	0.00445	0.00693
12	0.00590	0.00435	0.00552	0.00621	0.00678	0.00414	0.00433	0.00742	0.04557	0.01243	0.10071	0.58879	0.09825	0.04148	0.00619	0.00184	0.00270	0.04935	0.00419	0.00385
13	0.02817	0.00550	0.00652	0.00583	0.00764	0.00501	0.00448	0.01214	0.02594	0.24393	0.09019	0.06749	0.24512	0.07452	0.00607	0.00164	0.00292	0.01912	0.14279	0.00497
14	0.04222	0.00680	0.00816	0.03662	0.00995	0.00652	0.00566	0.07382	0.06212	0.29905	0.02473	0.05947	0.24423	0.04559	0.00558	0.00160	0.00344	0.03690	0.02185	0.00568
15	0.62856	0.01019	0.02990	0.03635	0.03795	0.05721	0.03637	0.05976	0.02938	0.01902	0.00712	0.00831	0.00550	0.00434	0.00338	0.00139	0.01435	0.00286	0.00279	0.00525
16	0.00684	0.00411	0.00533	0.00539	0.00579	0.00391	0.00362	0.00609	0.00718	0.00919	0.01913	0.06544	0.21698	0.12606	0.01446	0.48557	0.00346	0.00612	0.00273	0.00260
17	0.01671	0.02132	0.01268	0.01152	0.01383	0.82483	0.00864	0.01786	0.01268	0.01095	0.00691	0.00807	0.00576	0.00461	0.00403	0.00115	0.00807	0.00288	0.00230	0.00519
18	0.00639	0.00462	0.00539	0.00547	0.00673	0.00407	0.00413	0.00763	0.01032	0.04965	0.15322	0.15923	0.44979	0.01136	0.00577	0.02840	0.00257	0.07705	0.00426	0.00397
19	0.01460	0.01217	0.01196	0.00985	0.01288	0.09288	0.00789	0.42732	0.29967	0.02273	0.01385	0.01337	0.02883	0.00569	0.00448	0.00139	0.00468	0.00441	0.00428	0.00709
20	0.00928	0.03888	0.08272	0.06705	0.11276	0.02475	0.11461	0.05355	0.01001	0.01362	0.06356	0.02869	0.13975	0.00821	0.05539	0.00186	0.16188	0.00531	0.00276	0.00536
21	0.01220	0.03038	0.05923	0.00917	0.01181	0.05217	0.02141	0.27655	0.12801	0.06329	0.02811	0.12957	0.02794	0.02034	0.04130	0.00179	0.00480	0.07185	0.00399	0.00608
22	0.00601	0.00433	0.00549	0.00575	0.00642	0.00404	0.00404	0.00730	0.01012	0.01379	0.34143	0.30675	0.09415	0.12846	0.00792	0.00199	0.00268	0.04130	0.00426	0.00377
23	0.00696	0.00513	0.00694	0.00760	0.00855	0.00517	0.00640	0.00877	0.01018	0.01338	0.10472	0.08462	0.08719	0.04184	0.00692	0.00202	0.03521	0.55028	0.00407	0.00406
24	0.01212	0.19020	0.11022	0.05505	0.01404	0.22970	0.02972	0.07973	0.06804	0.01345	0.02418	0.02788	0.02298	0.00753	0.07590	0.00178	0.02545	0.00381	0.00261	0.00563
25	0.00645	0.00438	0.00505	0.00512	0.00525	0.00437	0.00305	0.00665	0.00686	0.00911	0.01576	0.05512	0.04433	0.72671	0.05254	0.00419	0.00450	0.03483	0.00284	0.00288
26	0.00639	0.00479	0.00719	0.00719	0.00799	0.00559	0.00559	0.00799	0.00719	0.01038	0.01198	0.01757	0.01118	0.03355	0.82507	0.00719	0.01198	0.00479	0.00240	0.00399
27	0.00984	0.01037	0.08230	0.12863	0.17738	0.02803	0.03093	0.01198	0.00890	0.03801	0.03960	0.03996	0.00963	0.01628	0.00850	0.00168	0.30310	0.04696	0.00244	0.00548
28	0.00817	0.06592	0.05958	0.02819	0.01049	0.03845	0.03552	0.00997	0.00807	0.03646	0.01144	0.04711	0.01069	0.04655	0.48852	0.00492	0.06574	0.01718	0.00249	0.00455
29	0.00835	0.00784	0.01314	0.80583	0.03002	0.00974	0.01214	0.01127	0.00898	0.01145	0.00913	0.01291	0.03153	0.00469	0.00450	0.00149	0.00585	0.00415	0.00206	0.00493

[dist]
# distance from previous block
# <min> <max>
0	5

# created by:
# /st0/software/busco_prod/Augustus/scripts/msa2prfl.pl ./align_prep/98731.fa
