[name]
unknown

[dist]
# distance from previous block
# <min> <max>
0	20

[block]
# block no. 0 follows, 52 sequences, length 6
# corresponding to MSA columns:
# 20-25
name=unknown_A
#
# <colnr> <probs for GDERKNQSTAVLIFYWHMCP>
#	G	D	E	R	K	N	Q	S	T	A	V	L	I	F	Y	W	H	M	C	P
0	0.01655	0.00971	0.01163	0.00951	0.01279	0.00975	0.00791	0.28856	0.04566	0.28423	0.01698	0.02186	0.01354	0.00723	0.00513	0.00157	0.00457	0.15472	0.00501	0.07311
1	0.31409	0.03264	0.05569	0.02902	0.03305	0.07981	0.03045	0.15307	0.01292	0.19974	0.01080	0.01108	0.00763	0.00511	0.00413	0.00147	0.00501	0.00371	0.00384	0.00673
2	0.01245	0.05275	0.01484	0.04212	0.06876	0.23501	0.05446	0.01398	0.01014	0.01247	0.00877	0.04889	0.00834	0.05205	0.00939	0.00176	0.27557	0.00443	0.00248	0.07134
3	0.05207	0.03682	0.01477	0.24982	0.09436	0.26334	0.04456	0.01610	0.07129	0.01391	0.00901	0.01127	0.00717	0.00493	0.00486	0.00142	0.03234	0.00386	0.00260	0.06550
4	0.00772	0.00585	0.00843	0.05904	0.01036	0.00677	0.00650	0.05236	0.00870	0.01229	0.01278	0.01906	0.01190	0.08418	0.66317	0.00684	0.01160	0.00521	0.00272	0.00452
5	0.00888	0.00710	0.00798	0.00824	0.03878	0.05069	0.00584	0.06085	0.07512	0.04033	0.11908	0.28087	0.15243	0.03816	0.05711	0.00219	0.00417	0.03282	0.00435	0.00501

[dist]
# distance from previous block
# <min> <max>
7	14

[block]
# block no. 1 follows, 52 sequences, length 15
# corresponding to MSA columns:
# 40-54
name=unknown_B
#
# <colnr> <probs for GDERKNQSTAVLIFYWHMCP>
#	G	D	E	R	K	N	Q	S	T	A	V	L	I	F	Y	W	H	M	C	P
0	0.01300	0.64768	0.14245	0.00931	0.01383	0.04867	0.00975	0.01517	0.01021	0.04151	0.00753	0.00851	0.00642	0.00432	0.00345	0.00114	0.00558	0.00285	0.00223	0.00641
1	0.01277	0.78554	0.07081	0.00861	0.01294	0.01871	0.00885	0.01456	0.00987	0.01163	0.00685	0.00792	0.00621	0.00417	0.00320	0.00107	0.00530	0.00265	0.00207	0.00627
2	0.00660	0.00494	0.00613	0.00583	0.00708	0.00446	0.00437	0.00865	0.01312	0.01801	0.62891	0.03854	0.21461	0.01044	0.00572	0.00155	0.00232	0.00909	0.00515	0.00446
3	0.01298	0.75984	0.04991	0.00860	0.01279	0.01860	0.00861	0.03678	0.03232	0.01233	0.00731	0.00825	0.00652	0.00428	0.00326	0.00108	0.00521	0.00276	0.00223	0.00635
4	0.01322	0.79174	0.02481	0.00850	0.01257	0.05912	0.00835	0.01476	0.01004	0.01142	0.00678	0.00782	0.00622	0.00419	0.00317	0.00105	0.00536	0.00262	0.00209	0.00619
5	0.01207	0.29917	0.42229	0.01174	0.01718	0.13268	0.01337	0.01566	0.01062	0.01349	0.00785	0.00917	0.00618	0.00451	0.00406	0.00132	0.00672	0.00318	0.00212	0.00661
6	0.01092	0.01038	0.08196	0.00955	0.01235	0.00998	0.02401	0.02036	0.49444	0.05333	0.05343	0.11750	0.06502	0.00785	0.00515	0.00166	0.00397	0.00672	0.00460	0.00683
7	0.00705	0.00470	0.00529	0.00529	0.00529	0.00470	0.00294	0.00705	0.00705	0.00940	0.01527	0.03171	0.01762	0.82969	0.02467	0.00470	0.00470	0.00705	0.00294	0.00294
8	0.00622	0.00446	0.00593	0.00672	0.00724	0.00417	0.00470	0.00746	0.01037	0.01406	0.19806	0.60798	0.03486	0.01391	0.00611	0.00188	0.00279	0.05428	0.00468	0.00411
9	0.01295	0.04233	0.01714	0.29754	0.18116	0.18763	0.08646	0.08945	0.01229	0.01499	0.00881	0.01152	0.00691	0.00477	0.00475	0.00146	0.00683	0.00413	0.00257	0.00632
10	0.01607	0.01593	0.01406	0.14100	0.01763	0.30969	0.00992	0.31085	0.01618	0.01929	0.02826	0.01130	0.00801	0.00561	0.00535	0.00145	0.05548	0.00399	0.00339	0.00654
11	0.03245	0.00928	0.01148	0.04346	0.04600	0.00973	0.00777	0.25615	0.04380	0.23035	0.05746	0.01698	0.01262	0.06332	0.13410	0.00270	0.00599	0.00505	0.00445	0.00686
12	0.00967	0.00889	0.01377	0.53758	0.08905	0.00982	0.01156	0.01290	0.03102	0.01369	0.00895	0.01229	0.00696	0.00455	0.00454	0.00139	0.00564	0.00399	0.00242	0.21131
13	0.02800	0.01068	0.01291	0.14662	0.03278	0.02401	0.02756	0.27214	0.09940	0.04054	0.05278	0.01354	0.01036	0.00533	0.00459	0.00134	0.00487	0.00436	0.00382	0.20436
14	0.14304	0.01216	0.01319	0.32534	0.09963	0.17549	0.01047	0.04290	0.02600	0.01526	0.02170	0.01141	0.00729	0.00482	0.00438	0.00143	0.00605	0.00379	0.00264	0.07300

[dist]
# distance from previous block
# <min> <max>
1	26

[block]
# block no. 2 follows, 52 sequences, length 78
# corresponding to MSA columns:
# 185-262
name=unknown_C
#
# <colnr> <probs for GDERKNQSTAVLIFYWHMCP>
#	G	D	E	R	K	N	Q	S	T	A	V	L	I	F	Y	W	H	M	C	P
0	0.03336	0.11783	0.06284	0.02525	0.01471	0.28753	0.02116	0.16849	0.02761	0.12365	0.01050	0.02480	0.00805	0.00527	0.00439	0.00132	0.00631	0.00383	0.00345	0.04964
1	0.02363	0.21486	0.23176	0.01055	0.01509	0.07764	0.01069	0.15297	0.03735	0.05653	0.00967	0.01098	0.00756	0.03117	0.00496	0.00142	0.01591	0.00361	0.00299	0.08062
2	0.00715	0.00591	0.05160	0.00683	0.00785	0.00483	0.00512	0.00831	0.00939	0.04059	0.06230	0.43068	0.07745	0.18736	0.02956	0.00258	0.00376	0.02634	0.00403	0.02837
3	0.01154	0.18261	0.42385	0.01193	0.01719	0.01270	0.04075	0.05359	0.04679	0.06045	0.02826	0.03124	0.00860	0.00529	0.00499	0.00148	0.04512	0.00406	0.00270	0.00686
4	0.01205	0.13860	0.12991	0.22153	0.07637	0.02577	0.17067	0.02564	0.01086	0.09696	0.00983	0.01213	0.00739	0.00549	0.02514	0.00165	0.01658	0.00430	0.00266	0.00647
5	0.01147	0.01230	0.02397	0.07438	0.19171	0.02535	0.48779	0.01539	0.03553	0.01548	0.00978	0.01276	0.00757	0.00425	0.00530	0.00154	0.00717	0.00512	0.00252	0.05062
6	0.00940	0.00891	0.01471	0.39476	0.13627	0.01038	0.06283	0.01202	0.00991	0.01336	0.04538	0.07709	0.04443	0.00668	0.00663	0.00170	0.11852	0.01878	0.00266	0.00557
7	0.01053	0.02556	0.03449	0.03179	0.04423	0.01095	0.59268	0.01402	0.01103	0.01492	0.01252	0.13381	0.01139	0.00594	0.00571	0.00168	0.00714	0.02271	0.00278	0.00612
8	0.01386	0.03345	0.07081	0.01285	0.01671	0.01032	0.25107	0.12698	0.05284	0.19123	0.03175	0.03956	0.04949	0.00648	0.00531	0.00161	0.00567	0.06911	0.00404	0.00686
9	0.00665	0.00478	0.00656	0.00717	0.00777	0.00486	0.00528	0.00797	0.00933	0.01270	0.08344	0.36087	0.02599	0.09527	0.21688	0.00374	0.00584	0.12691	0.00392	0.00408
10	0.00932	0.00760	0.06781	0.00926	0.01129	0.00611	0.10884	0.01121	0.01066	0.12976	0.06274	0.44685	0.06330	0.01114	0.00578	0.00179	0.00401	0.02301	0.00431	0.00520
11	0.01053	0.03701	0.52651	0.01575	0.02207	0.01167	0.26372	0.01552	0.01067	0.02774	0.00918	0.01120	0.00662	0.00445	0.00494	0.00156	0.00740	0.00427	0.00224	0.00696
12	0.01034	0.00985	0.01664	0.48231	0.28491	0.01114	0.04625	0.01403	0.05040	0.01406	0.00940	0.01289	0.00733	0.00473	0.00487	0.00156	0.00617	0.00443	0.00239	0.00631
13	0.01088	0.01067	0.01881	0.31093	0.35058	0.01140	0.14127	0.01470	0.05473	0.01479	0.00965	0.01285	0.00759	0.00460	0.00498	0.00155	0.00630	0.00461	0.00246	0.00666
14	0.01113	0.01011	0.01660	0.39550	0.38087	0.02443	0.01366	0.01409	0.01058	0.04895	0.00958	0.01330	0.00762	0.00480	0.00485	0.00153	0.00604	0.01732	0.00248	0.00654
15	0.01293	0.07155	0.46227	0.01255	0.01825	0.01062	0.07928	0.01711	0.01123	0.20719	0.01189	0.01363	0.00855	0.00522	0.00475	0.00153	0.00627	0.03481	0.00314	0.00720
16	0.00579	0.00491	0.00499	0.00497	0.00658	0.00412	0.00373	0.00707	0.01119	0.01343	0.08933	0.04608	0.75705	0.01215	0.00573	0.00163	0.00245	0.01015	0.00454	0.00412
17	0.00974	0.02465	0.78207	0.01378	0.02074	0.01136	0.01770	0.01524	0.01015	0.01524	0.00863	0.01024	0.00615	0.00471	0.00493	0.00155	0.03035	0.00360	0.00205	0.00711
18	0.01199	0.09746	0.32645	0.01542	0.02083	0.08989	0.29935	0.03369	0.01136	0.03488	0.00913	0.01109	0.00680	0.00447	0.00486	0.00149	0.00738	0.00429	0.00241	0.00674
19	0.00939	0.00900	0.01451	0.79634	0.03288	0.03231	0.01335	0.01257	0.00980	0.01237	0.00858	0.01281	0.00645	0.00485	0.00483	0.00161	0.00652	0.00427	0.00216	0.00539
20	0.01286	0.01081	0.01141	0.01002	0.01291	0.01243	0.00786	0.12115	0.69400	0.02156	0.01871	0.01727	0.01397	0.00648	0.00492	0.00162	0.00402	0.00534	0.00492	0.00774
21	0.00592	0.00457	0.00541	0.00593	0.00685	0.00406	0.00417	0.00705	0.01041	0.01331	0.10661	0.43419	0.34715	0.01350	0.00595	0.00179	0.00262	0.01186	0.00458	0.00406
22	0.01265	0.23937	0.14925	0.03639	0.06709	0.06014	0.23588	0.04969	0.02482	0.04675	0.00912	0.01094	0.00711	0.00458	0.00483	0.00142	0.02664	0.00411	0.00256	0.00667
23	0.01842	0.01357	0.01454	0.01115	0.01503	0.01503	0.00921	0.78330	0.02278	0.03054	0.01163	0.01163	0.00824	0.00582	0.00485	0.00145	0.00533	0.00436	0.00485	0.00824
24	0.01579	0.01226	0.01306	0.01062	0.01402	0.01380	0.00857	0.46973	0.34065	0.02629	0.01498	0.01430	0.01095	0.00613	0.00488	0.00153	0.00471	0.00482	0.00488	0.00800
25	0.01166	0.01803	0.33608	0.01461	0.05022	0.10309	0.19174	0.06696	0.02409	0.02763	0.01144	0.01357	0.04034	0.02931	0.02589	0.00176	0.00711	0.00459	0.01530	0.00660
26	0.00967	0.02994	0.01552	0.66849	0.13660	0.01119	0.01344	0.01276	0.00982	0.01281	0.00857	0.01260	0.00662	0.00485	0.00509	0.00159	0.02828	0.00426	0.00218	0.00571
27	0.01819	0.01346	0.01442	0.01110	0.01494	0.01492	0.00916	0.75631	0.05015	0.03018	0.01192	0.01186	0.00847	0.00584	0.00485	0.00146	0.00528	0.00440	0.00485	0.00822
28	0.00589	0.00468	0.00530	0.00570	0.00682	0.00409	0.00409	0.00707	0.01058	0.01323	0.08428	0.31960	0.47146	0.01318	0.00590	0.00176	0.00261	0.02514	0.00455	0.00407
29	0.45963	0.01155	0.01060	0.03784	0.03026	0.05520	0.00737	0.26687	0.04306	0.02357	0.00900	0.00981	0.00674	0.00504	0.00386	0.00148	0.00468	0.00343	0.00361	0.00640
30	0.00611	0.00450	0.00575	0.00663	0.00717	0.00420	0.00455	0.00738	0.02728	0.01301	0.06626	0.66904	0.11653	0.01438	0.00609	0.00191	0.00280	0.02779	0.00455	0.00408
31	0.00590	0.00422	0.00562	0.00675	0.00703	0.00394	0.00450	0.00675	0.00928	0.01237	0.02671	0.82653	0.03205	0.01518	0.00619	0.00197	0.00281	0.01378	0.00450	0.00394
32	0.00850	0.00769	0.01251	0.57664	0.02598	0.00943	0.01122	0.01122	0.00929	0.01216	0.01167	0.03391	0.04320	0.01204	0.17264	0.00292	0.02655	0.00496	0.00240	0.00507
33	0.01206	0.54872	0.27684	0.01019	0.01527	0.03904	0.01143	0.01492	0.01008	0.01269	0.00739	0.00860	0.00619	0.00432	0.00363	0.00120	0.00592	0.00293	0.00208	0.00651
34	0.01656	0.01265	0.01350	0.01077	0.01432	0.01416	0.00876	0.56183	0.24729	0.02754	0.01400	0.01352	0.01016	0.00604	0.00487	0.00151	0.00489	0.00469	0.00487	0.00807
35	0.00978	0.02467	0.77899	0.01403	0.02112	0.01129	0.04310	0.01535	0.01027	0.01535	0.00873	0.01032	0.00618	0.00459	0.00464	0.00154	0.00720	0.00365	0.00206	0.00714
36	0.01168	0.05724	0.13029	0.01748	0.02209	0.06382	0.50855	0.01583	0.04097	0.01498	0.00950	0.01217	0.00728	0.00461	0.00600	0.00160	0.06196	0.00500	0.00245	0.00651
37	0.00609	0.00492	0.00541	0.00528	0.00677	0.00424	0.00396	0.00765	0.01189	0.01510	0.28557	0.04334	0.55976	0.01152	0.00572	0.00160	0.00240	0.00976	0.00476	0.00424
38	0.86392	0.00937	0.00712	0.00637	0.00937	0.01087	0.00525	0.01425	0.00825	0.02174	0.00675	0.00787	0.00525	0.00450	0.00300	0.00150	0.00375	0.00262	0.00300	0.00525
39	0.01056	0.00760	0.00939	0.01034	0.13143	0.03233	0.00676	0.01350	0.08540	0.14596	0.14584	0.03097	0.31681	0.00890	0.00534	0.00157	0.00359	0.02338	0.00452	0.00580
40	0.02103	0.03453	0.01160	0.00860	0.01229	0.00754	0.00713	0.02308	0.02718	0.75070	0.01886	0.02982	0.01220	0.00610	0.00484	0.00150	0.00413	0.00496	0.00583	0.00810
41	0.01205	0.01041	0.01096	0.00986	0.01260	0.01205	0.00767	0.02575	0.79071	0.02027	0.01972	0.01808	0.01479	0.00657	0.00493	0.00164	0.00384	0.00548	0.00493	0.00767
42	0.04274	0.00820	0.01103	0.00851	0.01217	0.00716	0.00702	0.02304	0.01372	0.76475	0.03695	0.01674	0.01261	0.00605	0.00485	0.00150	0.00407	0.00491	0.00591	0.00809
43	0.01018	0.02107	0.61778	0.01235	0.01831	0.02873	0.01508	0.01523	0.03003	0.05634	0.10044	0.01445	0.02789	0.00550	0.00477	0.00153	0.00630	0.00442	0.00276	0.00683
44	0.00972	0.02507	0.80458	0.01381	0.02097	0.01125	0.01790	0.01535	0.01023	0.01535	0.00870	0.01023	0.00614	0.00460	0.00460	0.00153	0.00716	0.00358	0.00205	0.00716
45	0.00590	0.00422	0.00562	0.00675	0.00703	0.00394	0.00450	0.00675	0.00928	0.01237	0.02671	0.82653	0.03205	0.01518	0.00619	0.00197	0.00281	0.01378	0.00450	0.00394
46	0.01261	0.00689	0.00861	0.00774	0.00999	0.00645	0.00621	0.07314	0.03870	0.27385	0.09008	0.12007	0.17956	0.00985	0.00556	0.00170	0.00363	0.13427	0.00509	0.00597
47	0.01000	0.00946	0.01601	0.54850	0.27927	0.01087	0.01374	0.01307	0.01011	0.01349	0.00913	0.02865	0.00736	0.00488	0.00486	0.00157	0.00616	0.00450	0.00228	0.00609
48	0.01144	0.01307	0.02859	0.02042	0.02533	0.01225	0.78186	0.01552	0.01144	0.01552	0.00980	0.01307	0.00735	0.00408	0.00572	0.00163	0.00817	0.00572	0.00245	0.00654
49	0.00928	0.00875	0.01477	0.78185	0.06856	0.01080	0.01352	0.01250	0.00975	0.01254	0.00864	0.01288	0.00652	0.00482	0.00484	0.00161	0.00643	0.00431	0.00216	0.00549
50	0.00988	0.06486	0.76619	0.01354	0.02055	0.01164	0.01743	0.01531	0.01021	0.01515	0.00860	0.01011	0.00614	0.00458	0.00453	0.00151	0.00706	0.00353	0.00205	0.00712
51	0.01198	0.01271	0.02700	0.02064	0.09044	0.01194	0.67923	0.01586	0.01152	0.05366	0.01020	0.01315	0.00761	0.00420	0.00560	0.00161	0.00777	0.00556	0.00262	0.00672
52	0.00590	0.00422	0.00562	0.00675	0.00703	0.00394	0.00450	0.00675	0.00928	0.01237	0.02671	0.82653	0.03205	0.01518	0.00619	0.00197	0.00281	0.01378	0.00450	0.00394
53	0.01012	0.02229	0.62515	0.01534	0.02198	0.01149	0.19456	0.01539	0.01051	0.01539	0.00895	0.01089	0.00642	0.00448	0.00486	0.00156	0.00739	0.00408	0.00214	0.00702
54	0.01226	0.01307	0.01550	0.41753	0.20300	0.21551	0.01266	0.02881	0.01127	0.01337	0.00850	0.01162	0.00671	0.00478	0.00471	0.00148	0.00686	0.00401	0.00235	0.00602
55	0.01205	0.01041	0.01096	0.00986	0.01260	0.01205	0.00767	0.02575	0.79071	0.02027	0.01972	0.01808	0.01479	0.00657	0.00493	0.00164	0.00384	0.00548	0.00493	0.00767
56	0.01356	0.25675	0.26807	0.04970	0.01683	0.11325	0.01178	0.12533	0.03461	0.05397	0.00920	0.01018	0.00702	0.00483	0.00421	0.00135	0.00625	0.00350	0.00279	0.00683
57	0.01148	0.03222	0.06594	0.17660	0.47018	0.03040	0.05679	0.02733	0.01079	0.01495	0.00883	0.01186	0.00720	0.00468	0.00540	0.00151	0.05025	0.00428	0.00235	0.00694
58	0.01016	0.01047	0.01876	0.53221	0.02986	0.03683	0.24504	0.01353	0.01029	0.01330	0.00888	0.01278	0.00672	0.00471	0.00536	0.00162	0.02679	0.00469	0.00225	0.00574
59	0.00590	0.00422	0.00562	0.00675	0.00703	0.00394	0.00450	0.00675	0.00928	0.01237	0.02671	0.82653	0.03205	0.01518	0.00619	0.00197	0.00281	0.01378	0.00450	0.00394
60	0.01296	0.83261	0.02539	0.00829	0.01244	0.01917	0.00829	0.01451	0.00985	0.01140	0.00674	0.00777	0.00622	0.00415	0.00311	0.00104	0.00518	0.00259	0.00207	0.00622
61	0.01133	0.38712	0.38111	0.01109	0.01637	0.01502	0.01277	0.01530	0.04720	0.01364	0.00824	0.00952	0.00660	0.00466	0.00445	0.00134	0.04211	0.00326	0.00220	0.00668
62	0.00573	0.00491	0.00491	0.00491	0.00655	0.00409	0.00368	0.00695	0.01105	0.01309	0.04909	0.04664	0.79750	0.01227	0.00573	0.00164	0.00245	0.01023	0.00450	0.00409
63	0.01772	0.05835	0.01464	0.01245	0.01512	0.72967	0.02804	0.04424	0.01380	0.01254	0.00765	0.00890	0.00633	0.00496	0.00436	0.00126	0.00846	0.00320	0.00255	0.00575
64	0.01662	0.01251	0.01366	0.01100	0.01429	0.07257	0.03814	0.35070	0.20619	0.14243	0.01404	0.01372	0.01011	0.00606	0.00553	0.00154	0.05394	0.00466	0.00461	0.00767
65	0.01422	0.01341	0.01190	0.01052	0.01333	0.18674	0.00816	0.09263	0.53020	0.04084	0.01630	0.01541	0.01226	0.00614	0.00480	0.00154	0.00505	0.00485	0.00442	0.00729
66	0.00590	0.00422	0.00562	0.00675	0.00703	0.00394	0.00450	0.00675	0.00928	0.01237	0.02671	0.82653	0.03205	0.01518	0.00619	0.00197	0.00281	0.01378	0.00450	0.00394
67	0.01055	0.01063	0.01482	0.61174	0.10068	0.10224	0.01289	0.01377	0.03248	0.01285	0.00880	0.01245	0.00678	0.00495	0.00505	0.00157	0.02557	0.00420	0.00229	0.00568
68	0.00751	0.00552	0.00717	0.00670	0.00722	0.00575	0.03828	0.00869	0.04395	0.01085	0.04258	0.02813	0.01701	0.59091	0.14198	0.00474	0.01974	0.00665	0.00303	0.00363
69	0.01842	0.01357	0.01454	0.01115	0.01503	0.01503	0.00921	0.78330	0.02278	0.03054	0.01163	0.01163	0.00824	0.00582	0.00485	0.00145	0.00533	0.00436	0.00485	0.00824
70	0.01144	0.01307	0.02859	0.02042	0.02533	0.01225	0.78186	0.01552	0.01144	0.01552	0.00980	0.01307	0.00735	0.00408	0.00572	0.00163	0.00817	0.00572	0.00245	0.00654
71	0.01120	0.01071	0.01824	0.24961	0.58580	0.01131	0.01448	0.01418	0.01066	0.01487	0.00898	0.01225	0.00734	0.00446	0.00481	0.00149	0.00595	0.00431	0.00233	0.00704
72	0.01064	0.01071	0.01545	0.01306	0.01328	0.01473	0.04472	0.01183	0.00760	0.01183	0.00651	0.01071	0.00641	0.00829	0.01545	0.00210	0.78487	0.00431	0.00214	0.00536
73	0.00580	0.00463	0.00520	0.00565	0.00674	0.00403	0.00401	0.00687	0.01034	0.01280	0.04010	0.35993	0.49001	0.01344	0.00591	0.00177	0.00260	0.01165	0.00450	0.00403
74	0.01536	0.01885	0.01932	0.01543	0.01885	0.47913	0.30436	0.01810	0.03848	0.01354	0.00878	0.01070	0.00695	0.00470	0.00490	0.00141	0.00836	0.00419	0.00256	0.00604
75	0.80711	0.00965	0.00762	0.00669	0.00975	0.01115	0.00551	0.06592	0.00922	0.02233	0.00708	0.00813	0.00545	0.00459	0.00312	0.00150	0.00386	0.00274	0.00312	0.00545
76	0.00576	0.00479	0.00503	0.00523	0.00663	0.00406	0.00383	0.00692	0.01073	0.01296	0.04515	0.18386	0.66282	0.01278	0.00581	0.00169	0.00252	0.01085	0.00450	0.00406
77	0.01187	0.01139	0.01944	0.06462	0.76557	0.01148	0.01481	0.01476	0.01097	0.01568	0.00909	0.01203	0.00762	0.00434	0.00480	0.00145	0.00579	0.00432	0.00239	0.00757

[dist]
# distance from previous block
# <min> <max>
0	24

[block]
# block no. 3 follows, 52 sequences, length 12
# corresponding to MSA columns:
# 287-298
name=unknown_D
#
# <colnr> <probs for GDERKNQSTAVLIFYWHMCP>
#	G	D	E	R	K	N	Q	S	T	A	V	L	I	F	Y	W	H	M	C	P
0	0.01842	0.01357	0.01454	0.01115	0.01503	0.01503	0.00921	0.78330	0.02278	0.03054	0.01163	0.01163	0.00824	0.00582	0.00485	0.00145	0.00533	0.00436	0.00485	0.00824
1	0.00671	0.00498	0.00627	0.00603	0.00725	0.00454	0.00457	0.00881	0.01314	0.01812	0.63254	0.03886	0.17330	0.01048	0.00576	0.00158	0.00242	0.04501	0.00515	0.00448
2	0.00709	0.00475	0.00542	0.00548	0.00554	0.00475	0.00320	0.00721	0.00727	0.00967	0.01582	0.03294	0.01817	0.78617	0.02371	0.00457	0.00469	0.04756	0.00302	0.00302
3	0.56505	0.00994	0.00879	0.00771	0.01039	0.04083	0.00627	0.11793	0.01033	0.02071	0.00827	0.01005	0.00667	0.00920	0.11387	0.00237	0.03963	0.00330	0.00314	0.00554
4	0.28314	0.01226	0.01222	0.00965	0.01326	0.01373	0.00797	0.54252	0.01823	0.02779	0.01010	0.01046	0.00730	0.00540	0.00427	0.00147	0.00484	0.00382	0.00427	0.00730
5	0.00618	0.00442	0.00560	0.00631	0.00673	0.00414	0.00419	0.00706	0.00949	0.01265	0.10507	0.55842	0.08526	0.14986	0.00918	0.00235	0.00305	0.01189	0.00432	0.00385
6	0.01152	0.01103	0.01881	0.16118	0.67173	0.01139	0.01464	0.01446	0.01081	0.01526	0.00903	0.01215	0.00747	0.00441	0.00481	0.00147	0.00587	0.00432	0.00236	0.00729
7	0.01810	0.02310	0.01373	0.01248	0.01498	0.81024	0.00936	0.01935	0.01373	0.01186	0.00749	0.00874	0.00624	0.00499	0.00437	0.00125	0.00874	0.00312	0.00250	0.00562
8	0.00722	0.00557	0.00820	0.00809	0.00887	0.00661	0.00634	0.00887	0.00788	0.01135	0.01313	0.02040	0.01257	0.06277	0.69159	0.00704	0.06953	0.03698	0.00265	0.00435
9	0.00632	0.00456	0.00569	0.00634	0.00687	0.00428	0.00435	0.00726	0.00953	0.01254	0.08139	0.45450	0.12986	0.17331	0.00974	0.00245	0.00322	0.06970	0.00425	0.00385
10	0.01787	0.01345	0.01352	0.01065	0.01410	0.09484	0.00860	0.58387	0.01997	0.09465	0.01212	0.01319	0.00903	0.06409	0.00620	0.00167	0.00553	0.00447	0.00457	0.00760
11	0.74064	0.04409	0.00865	0.08937	0.01195	0.01121	0.00622	0.01407	0.00846	0.02035	0.00694	0.00838	0.00541	0.00452	0.00319	0.00149	0.00409	0.00279	0.00287	0.00530

[dist]
# distance from previous block
# <min> <max>
0	1

[block]
# block no. 4 follows, 52 sequences, length 8
# corresponding to MSA columns:
# 300-307
name=unknown_E
#
# <colnr> <probs for GDERKNQSTAVLIFYWHMCP>
#	G	D	E	R	K	N	Q	S	T	A	V	L	I	F	Y	W	H	M	C	P
0	0.01233	0.01258	0.01827	0.13569	0.51554	0.11048	0.05483	0.01565	0.04948	0.01506	0.00940	0.01208	0.00766	0.00457	0.00481	0.00146	0.00626	0.00430	0.00250	0.00704
1	0.07369	0.06246	0.01415	0.15084	0.05920	0.06418	0.00944	0.31115	0.07364	0.04164	0.01059	0.01165	0.00793	0.00518	0.00447	0.00139	0.00535	0.00400	0.00365	0.08539
2	0.05869	0.35478	0.10204	0.00908	0.01263	0.07110	0.00868	0.06154	0.01140	0.06924	0.04014	0.07088	0.03073	0.00648	0.00427	0.00139	0.00512	0.07259	0.00315	0.00607
3	0.01133	0.22992	0.11279	0.01146	0.04998	0.01247	0.09867	0.03359	0.13044	0.04046	0.06388	0.04864	0.05409	0.00613	0.00514	0.00145	0.04631	0.00507	0.00323	0.03495
4	0.09131	0.05209	0.03112	0.01001	0.01332	0.06466	0.11294	0.07253	0.08248	0.13171	0.09850	0.04103	0.03189	0.02510	0.00513	0.00148	0.00481	0.00514	0.00388	0.12088
5	0.07031	0.00822	0.00942	0.00732	0.01076	0.00707	0.00581	0.07699	0.01166	0.08848	0.08167	0.06762	0.06111	0.00588	0.00425	0.00111	0.00356	0.00482	0.00375	0.47017
6	0.01221	0.01084	0.06655	0.04841	0.07535	0.03375	0.00844	0.06854	0.19316	0.09368	0.02931	0.01577	0.06163	0.00558	0.00454	0.00130	0.00443	0.00460	0.00380	0.25813
7	0.08379	0.01048	0.01182	0.07229	0.06388	0.05899	0.00817	0.11041	0.11208	0.08545	0.01190	0.01418	0.00947	0.00543	0.00480	0.00133	0.03392	0.04243	0.00360	0.25557

[dist]
# distance from previous block
# <min> <max>
12	41

[block]
# block no. 5 follows, 52 sequences, length 12
# corresponding to MSA columns:
# 364-367,373-380
name=unknown_F
#
# <colnr> <probs for GDERKNQSTAVLIFYWHMCP>
#	G	D	E	R	K	N	Q	S	T	A	V	L	I	F	Y	W	H	M	C	P
0	0.02733	0.22748	0.08994	0.03775	0.08126	0.15048	0.00976	0.14295	0.01346	0.08434	0.08112	0.01267	0.01076	0.00534	0.00434	0.00133	0.00572	0.00403	0.00328	0.00664
1	0.02793	0.05344	0.09206	0.08593	0.01803	0.19706	0.09972	0.25877	0.08573	0.01944	0.01034	0.01147	0.00777	0.00519	0.00471	0.00145	0.00656	0.00415	0.00337	0.00689
2	0.01199	0.00986	0.01330	0.01133	0.01230	0.01270	0.00935	0.10926	0.01000	0.08599	0.00929	0.01268	0.00807	0.01257	0.14612	0.00293	0.50912	0.00447	0.00290	0.00578
3	0.01104	0.00924	0.01057	0.00776	0.01192	0.00770	0.00622	0.09301	0.06071	0.01760	0.00963	0.01072	0.00777	0.00401	0.00380	0.00085	0.00379	0.00319	0.00321	0.71724
4	0.06952	0.00958	0.01072	0.00880	0.01167	0.01007	0.00705	0.29775	0.10158	0.11397	0.08414	0.01795	0.05726	0.00822	0.02337	0.07967	0.00443	0.01930	0.00447	0.06050
5	0.01127	0.00853	0.00951	0.00856	0.01065	0.00918	0.00653	0.21139	0.22938	0.03744	0.07591	0.23868	0.06948	0.04281	0.00616	0.00180	0.00379	0.00802	0.00474	0.00618
6	0.01020	0.01082	0.08737	0.43521	0.17681	0.01076	0.04498	0.05568	0.01084	0.01457	0.01023	0.01547	0.00844	0.00627	0.02901	0.00179	0.00645	0.05648	0.00252	0.00610
7	0.08466	0.00582	0.00749	0.02815	0.00910	0.00576	0.04788	0.00874	0.02572	0.01401	0.05942	0.40615	0.23073	0.01197	0.00596	0.00179	0.02759	0.01047	0.00416	0.00442
8	0.01070	0.00903	0.01499	0.52128	0.12183	0.01059	0.03859	0.01356	0.01003	0.08476	0.00976	0.01332	0.00745	0.00685	0.05024	0.00196	0.06214	0.00445	0.00257	0.00590
9	0.63728	0.08235	0.02746	0.00772	0.01098	0.06452	0.02934	0.03236	0.00944	0.05129	0.00753	0.00856	0.00582	0.00458	0.00333	0.00145	0.00446	0.00290	0.00301	0.00562
10	0.04024	0.09561	0.02259	0.02674	0.01059	0.09209	0.00660	0.10646	0.04448	0.01535	0.03971	0.40520	0.02101	0.02766	0.00567	0.00174	0.00428	0.02487	0.00394	0.00518
11	0.08672	0.15242	0.04147	0.00868	0.01149	0.07125	0.00736	0.08850	0.06043	0.10513	0.02619	0.08707	0.02623	0.01215	0.15852	0.00262	0.00633	0.00504	0.00352	0.03885

[dist]
# distance from previous block
# <min> <max>
3	16

[block]
# block no. 6 follows, 52 sequences, length 69
# corresponding to MSA columns:
# 400-433,437-471
name=unknown_G
#
# <colnr> <probs for GDERKNQSTAVLIFYWHMCP>
#	G	D	E	R	K	N	Q	S	T	A	V	L	I	F	Y	W	H	M	C	P
0	0.01397	0.02356	0.05360	0.07639	0.01623	0.02889	0.07048	0.31037	0.13684	0.04769	0.02567	0.01440	0.04076	0.00566	0.00477	0.00142	0.00516	0.00468	0.00400	0.11548
1	0.15073	0.10230	0.02811	0.07561	0.01372	0.02596	0.01966	0.06788	0.09940	0.12213	0.05138	0.03386	0.01106	0.00572	0.00477	0.00141	0.03978	0.01520	0.00365	0.12767
2	0.09330	0.01229	0.01245	0.05100	0.04221	0.09533	0.00842	0.34176	0.10433	0.05742	0.02910	0.03230	0.03594	0.00598	0.00464	0.00144	0.00507	0.00463	0.00414	0.05824
3	0.06363	0.13305	0.03331	0.08653	0.15009	0.21454	0.11312	0.04039	0.04845	0.04098	0.02597	0.01145	0.00809	0.00482	0.00449	0.00139	0.00649	0.00401	0.00277	0.00641
4	0.01371	0.22652	0.03291	0.15149	0.03502	0.30989	0.02985	0.01570	0.01137	0.01259	0.00776	0.00960	0.00645	0.00452	0.00408	0.00121	0.00666	0.00326	0.00236	0.11505
5	0.04124	0.00523	0.00613	0.00590	0.00691	0.00495	0.00415	0.00873	0.01050	0.03269	0.29995	0.05101	0.13161	0.29699	0.01222	0.00267	0.00340	0.04318	0.00418	0.02836
6	0.04964	0.01694	0.09540	0.01257	0.01631	0.26915	0.10889	0.20974	0.09358	0.06475	0.01083	0.01153	0.00803	0.00524	0.00472	0.00144	0.00669	0.00413	0.00350	0.00689
7	0.01504	0.05576	0.06620	0.01666	0.25458	0.02631	0.08142	0.08031	0.03991	0.24728	0.04178	0.03061	0.01089	0.00544	0.00486	0.00148	0.00533	0.00485	0.00386	0.00744
8	0.00971	0.00790	0.01301	0.08456	0.08278	0.00770	0.15239	0.03629	0.01212	0.07213	0.21192	0.08072	0.10716	0.00846	0.00561	0.00166	0.00459	0.09170	0.00404	0.00555
9	0.00589	0.00427	0.00557	0.00660	0.00699	0.00395	0.00443	0.00676	0.00942	0.01243	0.02851	0.76368	0.09374	0.01495	0.00615	0.00194	0.00278	0.01349	0.00450	0.00395
10	0.01173	0.44451	0.36841	0.01089	0.01630	0.04708	0.01257	0.01507	0.01017	0.01316	0.00763	0.00890	0.00618	0.00438	0.00382	0.00126	0.00620	0.00305	0.00208	0.00661
11	0.01602	0.01122	0.01594	0.16109	0.12413	0.06228	0.11070	0.14398	0.01387	0.27256	0.01267	0.01349	0.00881	0.00522	0.00493	0.00151	0.00579	0.00461	0.00394	0.00726
12	0.01810	0.02310	0.01373	0.01248	0.01498	0.81024	0.00936	0.01935	0.01373	0.01186	0.00749	0.00874	0.00624	0.00499	0.00437	0.00125	0.00874	0.00312	0.00250	0.00562
13	0.00590	0.00422	0.00562	0.00675	0.00703	0.00394	0.00450	0.00675	0.00928	0.01237	0.02671	0.82653	0.03205	0.01518	0.00619	0.00197	0.00281	0.01378	0.00450	0.00394
14	0.01247	0.46635	0.16806	0.01107	0.01563	0.06069	0.09631	0.03612	0.04978	0.01364	0.00865	0.01044	0.00725	0.00462	0.00396	0.00127	0.00600	0.01879	0.00240	0.00649
15	0.01006	0.08767	0.70475	0.01371	0.02052	0.01192	0.05540	0.01529	0.01026	0.01505	0.00860	0.01018	0.00621	0.00454	0.00454	0.00150	0.00706	0.00361	0.00207	0.00706
16	0.00760	0.00551	0.00752	0.00852	0.00969	0.00543	0.00740	0.00973	0.01114	0.01436	0.02799	0.05386	0.10462	0.01328	0.00660	0.00217	0.00426	0.69141	0.00447	0.00443
17	0.05123	0.00880	0.00962	0.00802	0.01040	0.00944	0.00641	0.32789	0.01593	0.05207	0.15384	0.04350	0.01681	0.00681	0.00482	0.00141	0.02283	0.00543	0.23852	0.00622
18	0.35608	0.12671	0.02845	0.00942	0.01276	0.02661	0.05429	0.17577	0.08819	0.02076	0.00924	0.01016	0.00716	0.00513	0.00452	0.00148	0.05000	0.00356	0.00333	0.00637
19	0.01824	0.01477	0.01388	0.01118	0.01450	0.19025	0.00902	0.45909	0.03336	0.12540	0.01155	0.01169	0.00831	0.00582	0.00535	0.00145	0.05015	0.00417	0.00433	0.00749
20	0.00585	0.00458	0.00530	0.00583	0.00680	0.00403	0.00410	0.00692	0.01028	0.01294	0.06192	0.42153	0.40551	0.01360	0.00595	0.00179	0.00262	0.01189	0.00453	0.00403
21	0.01747	0.01129	0.01298	0.01027	0.01382	0.01205	0.02477	0.38377	0.19540	0.22512	0.01544	0.01451	0.01076	0.00600	0.00486	0.00151	0.00468	0.00478	0.02251	0.00800
22	0.00911	0.00849	0.01411	0.76647	0.03183	0.01053	0.01296	0.01251	0.02772	0.01273	0.02734	0.02792	0.00801	0.00518	0.00489	0.00162	0.00624	0.00460	0.00233	0.00539
23	0.00590	0.00422	0.00562	0.00675	0.00703	0.00394	0.00450	0.00675	0.00928	0.01237	0.02671	0.82653	0.03205	0.01518	0.00619	0.00197	0.00281	0.01378	0.00450	0.00394
24	0.01190	0.01142	0.01950	0.05585	0.77409	0.01149	0.01483	0.01479	0.01099	0.01572	0.00910	0.01202	0.00764	0.00434	0.00480	0.00145	0.00578	0.00432	0.00239	0.00760
25	0.67807	0.00971	0.00790	0.00707	0.00968	0.04225	0.00570	0.04250	0.00895	0.02016	0.00799	0.01096	0.00686	0.06408	0.00536	0.00176	0.04206	0.02070	0.00304	0.00519
26	0.00590	0.00422	0.00562	0.00675	0.00703	0.00394	0.00450	0.00675	0.00928	0.01237	0.02671	0.82653	0.03205	0.01518	0.00619	0.00197	0.00281	0.01378	0.00450	0.00394
27	0.15055	0.00842	0.01062	0.00828	0.01191	0.00770	0.00684	0.02218	0.01301	0.68336	0.01723	0.01518	0.01096	0.00577	0.00459	0.00150	0.00407	0.00453	0.00554	0.00779
28	0.00951	0.00826	0.03578	0.06422	0.05129	0.00811	0.02386	0.04076	0.22969	0.04386	0.10232	0.07034	0.24179	0.00872	0.00530	0.00162	0.00375	0.02318	0.02178	0.00585
29	0.39917	0.24269	0.04309	0.00800	0.01155	0.07359	0.00718	0.01618	0.01005	0.13730	0.00877	0.00932	0.00666	0.00467	0.00348	0.00135	0.00472	0.00303	0.00312	0.00608
30	0.00595	0.00425	0.00567	0.00680	0.00710	0.00397	0.00458	0.00682	0.00932	0.01242	0.02668	0.80847	0.03195	0.01514	0.00620	0.00197	0.00285	0.03140	0.00450	0.00395
31	0.44329	0.01202	0.01059	0.00882	0.01203	0.07603	0.00719	0.28774	0.04887	0.02383	0.00911	0.00978	0.00684	0.00517	0.00408	0.00148	0.01954	0.00344	0.00369	0.00645
32	0.09010	0.05401	0.42760	0.01212	0.01728	0.05148	0.05689	0.08148	0.06503	0.01693	0.01040	0.02886	0.00831	0.03815	0.00536	0.00165	0.00627	0.01865	0.00275	0.00667
33	0.00972	0.02507	0.80458	0.01381	0.02097	0.01125	0.01790	0.01535	0.01023	0.01535	0.00870	0.01023	0.00614	0.00460	0.00460	0.00153	0.00716	0.00358	0.00205	0.00716
34	0.00573	0.00491	0.00491	0.00491	0.00655	0.00409	0.00368	0.00695	0.01105	0.01309	0.04909	0.04664	0.79750	0.01227	0.00573	0.00164	0.00245	0.01023	0.00450	0.00409
35	0.01223	0.53413	0.26892	0.01026	0.01526	0.06107	0.01136	0.01504	0.01019	0.01266	0.00739	0.00860	0.00620	0.00434	0.00365	0.00120	0.00600	0.00293	0.00209	0.00648
36	0.01438	0.06822	0.01478	0.01100	0.01433	0.01292	0.08604	0.36530	0.20382	0.03379	0.04531	0.06635	0.01272	0.00705	0.02012	0.00164	0.00509	0.00544	0.00440	0.00730
37	0.01144	0.01307	0.02859	0.02042	0.02533	0.01225	0.78186	0.01552	0.01144	0.01552	0.00980	0.01307	0.00735	0.00408	0.00572	0.00163	0.00817	0.00572	0.00245	0.00654
38	0.01810	0.02310	0.01373	0.01248	0.01498	0.81024	0.00936	0.01935	0.01373	0.01186	0.00749	0.00874	0.00624	0.00499	0.00437	0.00125	0.00874	0.00312	0.00250	0.00562
39	0.01213	0.48985	0.23136	0.01120	0.02920	0.04833	0.06232	0.01514	0.02297	0.01297	0.00774	0.00910	0.00644	0.00441	0.00400	0.00125	0.01972	0.00319	0.00216	0.00650
40	0.00602	0.00432	0.00573	0.00674	0.00713	0.00403	0.00460	0.00701	0.00965	0.01289	0.07440	0.73577	0.04916	0.01474	0.00616	0.00194	0.00283	0.03833	0.00455	0.00400
41	0.00592	0.00478	0.00526	0.00542	0.00673	0.00413	0.00396	0.00722	0.01108	0.01384	0.14877	0.19344	0.54750	0.01250	0.00581	0.00168	0.00250	0.01070	0.00462	0.00413
42	0.04668	0.57957	0.15691	0.00924	0.01373	0.01666	0.00973	0.06005	0.01077	0.01395	0.03872	0.00956	0.00785	0.00457	0.00357	0.00118	0.00536	0.00311	0.00240	0.00640
43	0.03971	0.07965	0.03075	0.09635	0.03226	0.44013	0.00963	0.07253	0.12537	0.01484	0.00964	0.01073	0.00763	0.00516	0.00441	0.00136	0.00705	0.00365	0.00295	0.00618
44	0.00617	0.00497	0.00554	0.00567	0.00711	0.00435	0.00437	0.00766	0.01138	0.01418	0.15514	0.07698	0.55824	0.01218	0.00587	0.00171	0.00270	0.10695	0.00462	0.00420
45	0.01232	0.01187	0.01245	0.01087	0.01330	0.14738	0.07352	0.04954	0.34871	0.02987	0.03171	0.06773	0.05338	0.00745	0.00588	0.00165	0.06056	0.05130	0.00406	0.00644
46	0.03890	0.47696	0.03567	0.00876	0.01207	0.06276	0.00800	0.01555	0.12895	0.01317	0.00985	0.01135	0.00848	0.00997	0.13854	0.00230	0.00649	0.00352	0.00265	0.00608
47	0.01199	0.01151	0.01967	0.02974	0.79946	0.01151	0.01487	0.01487	0.01103	0.01583	0.00912	0.01199	0.00768	0.00432	0.00480	0.00144	0.00576	0.00432	0.00240	0.00768
48	0.01272	0.00814	0.00945	0.00821	0.01075	0.00839	0.00645	0.03310	0.33048	0.21200	0.19298	0.02466	0.10617	0.00777	0.00517	0.00158	0.00344	0.00655	0.00523	0.00675
49	0.01042	0.19940	0.63637	0.01262	0.01913	0.01296	0.01583	0.01517	0.01015	0.01450	0.00827	0.00970	0.00616	0.00451	0.00428	0.00143	0.00673	0.00337	0.00205	0.00696
50	0.02558	0.16391	0.01683	0.11569	0.27819	0.03845	0.03906	0.01442	0.06393	0.03525	0.05046	0.05641	0.05460	0.00600	0.00469	0.00146	0.00520	0.02049	0.00299	0.00639
51	0.01700	0.00788	0.01017	0.00827	0.01130	0.00735	0.00666	0.02083	0.13673	0.51004	0.18699	0.02100	0.01971	0.00693	0.00506	0.00153	0.00368	0.00581	0.00569	0.00736
52	0.05556	0.79139	0.02448	0.00820	0.01228	0.01876	0.00814	0.01450	0.00977	0.01192	0.00674	0.00778	0.00617	0.00416	0.00310	0.00106	0.00511	0.00259	0.00212	0.00617
53	0.00687	0.00503	0.00578	0.00591	0.00715	0.00452	0.00431	0.00836	0.02656	0.04543	0.11805	0.21086	0.40240	0.08038	0.00740	0.00197	0.00289	0.04734	0.00453	0.00427
54	0.01203	0.01118	0.01479	0.04025	0.28137	0.06848	0.04923	0.06367	0.23735	0.01736	0.01490	0.03202	0.01291	0.00659	0.00515	0.00162	0.00530	0.11528	0.00361	0.00692
55	0.00611	0.00481	0.00559	0.00610	0.00725	0.00428	0.00458	0.00738	0.01053	0.01310	0.03862	0.28271	0.44456	0.01333	0.00602	0.00183	0.00288	0.13172	0.00449	0.00410
56	0.19119	0.02507	0.07603	0.02656	0.03269	0.10907	0.23273	0.08649	0.07625	0.01780	0.01130	0.03009	0.03404	0.00532	0.00493	0.00154	0.02491	0.00464	0.00306	0.00629
57	0.01117	0.01063	0.01806	0.32180	0.39078	0.01156	0.07446	0.05237	0.01105	0.01514	0.00903	0.01237	0.00719	0.00469	0.00521	0.00154	0.02939	0.00442	0.00243	0.00669
58	0.01144	0.01307	0.02859	0.02042	0.02533	0.01225	0.78186	0.01552	0.01144	0.01552	0.00980	0.01307	0.00735	0.00408	0.00572	0.00163	0.00817	0.00572	0.00245	0.00654
59	0.01810	0.02310	0.01373	0.01248	0.01498	0.81024	0.00936	0.01935	0.01373	0.01186	0.00749	0.00874	0.00624	0.00499	0.00437	0.00125	0.00874	0.00312	0.00250	0.00562
60	0.01165	0.01196	0.05856	0.09194	0.69927	0.01144	0.01491	0.01470	0.01089	0.01553	0.00905	0.01198	0.00750	0.00437	0.00479	0.00146	0.00588	0.00428	0.00236	0.00747
61	0.01205	0.48567	0.16197	0.01184	0.01660	0.01595	0.17253	0.03112	0.01051	0.01339	0.00821	0.02494	0.00698	0.00446	0.00402	0.00128	0.00612	0.00367	0.00225	0.00645
62	0.00716	0.00531	0.00694	0.00778	0.00896	0.00509	0.00655	0.00904	0.01098	0.01400	0.03142	0.11237	0.21472	0.01326	0.00642	0.00207	0.00385	0.52529	0.00447	0.00433
63	0.01314	0.01360	0.01414	0.14871	0.10689	0.25152	0.05637	0.07345	0.08344	0.02826	0.02781	0.08305	0.01113	0.02187	0.00565	0.00159	0.03246	0.01773	0.00314	0.00605
64	0.01123	0.01113	0.01754	0.20557	0.38616	0.04162	0.04381	0.01377	0.01002	0.01394	0.00834	0.01181	0.00703	0.00540	0.00734	0.00163	0.19056	0.00431	0.00229	0.00649
65	0.00584	0.00445	0.00538	0.00613	0.00687	0.00399	0.00422	0.00682	0.00987	0.01261	0.03427	0.56324	0.29046	0.01420	0.00603	0.00186	0.00269	0.01258	0.00450	0.00399
66	0.00595	0.00425	0.00567	0.00680	0.00710	0.00397	0.00457	0.00682	0.00932	0.01242	0.02669	0.80926	0.03196	0.01514	0.00620	0.00197	0.00285	0.03063	0.00450	0.00395
67	0.28954	0.01068	0.01519	0.05256	0.49497	0.01129	0.01152	0.01481	0.02692	0.01772	0.00855	0.01082	0.00699	0.00445	0.00422	0.00147	0.00509	0.00379	0.00264	0.00679
68	0.01215	0.01182	0.01951	0.02929	0.77893	0.03242	0.01473	0.01499	0.01110	0.01573	0.00907	0.01191	0.00764	0.00434	0.00479	0.00143	0.00584	0.00429	0.00240	0.00762

[dist]
# distance from previous block
# <min> <max>
0	565

# created by:
# /st0/software/busco_prod/Augustus/scripts/msa2prfl.pl ./align_prep/98739.fa
