[name]
unknown

[dist]
# distance from previous block
# <min> <max>
0	205

[block]
# block no. 0 follows, 54 sequences, length 10
# corresponding to MSA columns:
# 205-209,214-218
name=unknown_A
#
# <colnr> <probs for GDERKNQSTAVLIFYWHMCP>
#	G	D	E	R	K	N	Q	S	T	A	V	L	I	F	Y	W	H	M	C	P
0	0.00936	0.00843	0.00861	0.00929	0.01062	0.14829	0.00786	0.01137	0.01130	0.01366	0.02185	0.04530	0.02342	0.01158	0.00611	0.00200	0.00508	0.63731	0.00400	0.00454
1	0.71663	0.00949	0.00908	0.01021	0.14948	0.01069	0.00676	0.01397	0.00850	0.02014	0.00697	0.00837	0.00552	0.00435	0.00323	0.00145	0.00399	0.00284	0.00281	0.00552
2	0.00879	0.00439	0.00439	0.00439	0.00549	0.00439	0.00330	0.01099	0.00989	0.01758	0.01538	0.01758	0.01209	0.00549	0.00330	0.00110	0.00220	0.00439	0.86047	0.00439
3	0.00806	0.00562	0.00674	0.00603	0.00788	0.00480	0.00452	0.00967	0.01119	0.08204	0.26315	0.11641	0.23825	0.05667	0.00624	0.00160	0.00283	0.00801	0.00438	0.15592
4	0.01423	0.01539	0.01321	0.01140	0.01376	0.36065	0.05216	0.11368	0.11848	0.01517	0.01041	0.03424	0.00872	0.00830	0.07428	0.00195	0.09532	0.00421	0.00307	0.03137
5	0.01787	0.01484	0.01401	0.01108	0.01461	0.15586	0.00899	0.65329	0.02062	0.02651	0.01061	0.01082	0.00768	0.00552	0.00463	0.00138	0.00577	0.00403	0.00431	0.00757
6	0.01154	0.01090	0.01796	0.14964	0.48458	0.01148	0.07861	0.06172	0.07689	0.01598	0.00980	0.01234	0.00784	0.00463	0.00503	0.00148	0.02552	0.00441	0.00264	0.00700
7	0.01364	0.01156	0.01406	0.03908	0.25559	0.07883	0.01004	0.10557	0.27420	0.09349	0.01330	0.01371	0.01005	0.00539	0.00489	0.00146	0.02205	0.00451	0.00376	0.02482
8	0.01258	0.48443	0.12168	0.01155	0.10134	0.05120	0.01002	0.06409	0.07723	0.01398	0.00845	0.00945	0.00703	0.00445	0.00370	0.00120	0.00540	0.00320	0.00247	0.00654
9	0.00848	0.00712	0.00956	0.01117	0.17516	0.00687	0.02995	0.05094	0.06177	0.01530	0.05348	0.11722	0.32390	0.00889	0.00509	0.00151	0.00350	0.00771	0.07630	0.02608

[dist]
# distance from previous block
# <min> <max>
1	25

[block]
# block no. 1 follows, 54 sequences, length 7
# corresponding to MSA columns:
# 246-252
name=unknown_B
#
# <colnr> <probs for GDERKNQSTAVLIFYWHMCP>
#	G	D	E	R	K	N	Q	S	T	A	V	L	I	F	Y	W	H	M	C	P
0	0.01635	0.06611	0.01450	0.01318	0.07266	0.65188	0.00954	0.01769	0.01250	0.01179	0.00728	0.00882	0.00618	0.00502	0.00505	0.00128	0.06901	0.00318	0.00237	0.00562
1	0.00620	0.00547	0.03253	0.03912	0.00819	0.00459	0.00484	0.00786	0.01113	0.01451	0.26798	0.18381	0.37424	0.01122	0.00558	0.00161	0.00271	0.00971	0.00445	0.00424
2	0.00664	0.00453	0.00543	0.00563	0.00576	0.00456	0.00342	0.00695	0.00732	0.00984	0.01668	0.17635	0.01921	0.60828	0.09584	0.00437	0.00500	0.00789	0.00310	0.00316
3	0.01235	0.03372	0.14605	0.17039	0.05120	0.10400	0.19246	0.15645	0.01263	0.01646	0.00907	0.01139	0.00689	0.00544	0.02272	0.00162	0.03383	0.00425	0.00268	0.00639
4	0.00871	0.00518	0.00686	0.00642	0.00777	0.00471	0.00481	0.01062	0.01258	0.13806	0.54054	0.17817	0.03704	0.01000	0.00552	0.00156	0.00259	0.00884	0.00514	0.00488
5	0.01156	0.01118	0.03886	0.04334	0.01211	0.19426	0.00762	0.09288	0.06514	0.05296	0.12067	0.08561	0.08996	0.00853	0.00521	0.00159	0.00494	0.14415	0.00397	0.00544
6	0.01316	0.01542	0.01095	0.07401	0.01347	0.48503	0.00788	0.01460	0.01226	0.01275	0.12679	0.16349	0.01630	0.00736	0.00480	0.00141	0.00636	0.00583	0.00316	0.00500

[dist]
# distance from previous block
# <min> <max>
8	12

[block]
# block no. 2 follows, 54 sequences, length 10
# corresponding to MSA columns:
# 277-286
name=unknown_C
#
# <colnr> <probs for GDERKNQSTAVLIFYWHMCP>
#	G	D	E	R	K	N	Q	S	T	A	V	L	I	F	Y	W	H	M	C	P
0	0.04696	0.09558	0.01207	0.07986	0.01310	0.03008	0.02126	0.20492	0.15381	0.03080	0.01328	0.01578	0.02634	0.00707	0.00592	0.09477	0.00451	0.04153	0.09640	0.00596
1	0.01345	0.06603	0.01392	0.04354	0.01441	0.09427	0.07738	0.20007	0.04402	0.06540	0.01042	0.02649	0.00825	0.01901	0.00459	0.00123	0.00508	0.00394	0.00339	0.28511
2	0.86760	0.00912	0.00693	0.00620	0.00912	0.01058	0.00511	0.01386	0.00802	0.02115	0.00657	0.00766	0.00511	0.00438	0.00292	0.00146	0.00365	0.00255	0.00292	0.00511
3	0.09947	0.05919	0.01695	0.17775	0.13955	0.01072	0.21285	0.01377	0.06182	0.01483	0.04187	0.01414	0.00951	0.04420	0.06181	0.00205	0.00630	0.00471	0.00266	0.00584
4	0.00613	0.00428	0.00537	0.00622	0.00678	0.00398	0.00432	0.00721	0.00942	0.01280	0.02757	0.60983	0.12616	0.01336	0.00570	0.00180	0.00271	0.04881	0.09360	0.00393
5	0.00994	0.02141	0.62797	0.01664	0.16892	0.01104	0.04875	0.01485	0.01015	0.01503	0.00858	0.01039	0.00630	0.00441	0.00456	0.00148	0.00675	0.00371	0.00207	0.00704
6	0.00617	0.00473	0.00565	0.00557	0.00677	0.00421	0.00412	0.00787	0.01194	0.01592	0.44375	0.12038	0.32381	0.01102	0.00561	0.00157	0.00234	0.00955	0.00481	0.00421
7	0.01249	0.01136	0.01113	0.03281	0.01296	0.10837	0.00782	0.10292	0.51566	0.01866	0.01593	0.01579	0.01222	0.00910	0.08922	0.00216	0.00546	0.00488	0.00419	0.00688
8	0.01095	0.16032	0.33438	0.04420	0.06836	0.09499	0.01193	0.01405	0.01002	0.01349	0.00800	0.00984	0.00640	0.00499	0.00491	0.05280	0.00597	0.00328	0.00220	0.13893
9	0.01359	0.01002	0.01127	0.08042	0.01381	0.04301	0.00788	0.18123	0.28160	0.13610	0.10172	0.03244	0.03034	0.00662	0.00515	0.00153	0.02650	0.00538	0.00455	0.00686

[dist]
# distance from previous block
# <min> <max>
0	32

[block]
# block no. 3 follows, 54 sequences, length 8
# corresponding to MSA columns:
# 319-326
name=unknown_D
#
# <colnr> <probs for GDERKNQSTAVLIFYWHMCP>
#	G	D	E	R	K	N	Q	S	T	A	V	L	I	F	Y	W	H	M	C	P
0	0.01118	0.30664	0.37164	0.01227	0.01747	0.05183	0.10988	0.01473	0.01003	0.01332	0.00779	0.00941	0.00616	0.00441	0.00449	0.00134	0.03549	0.00341	0.00207	0.00644
1	0.00574	0.00435	0.00529	0.00597	0.00670	0.00391	0.00413	0.00674	0.00977	0.01259	0.07003	0.54682	0.27366	0.01364	0.00586	0.00179	0.00260	0.01209	0.00442	0.00391
2	0.00708	0.00561	0.00622	0.00597	0.00751	0.00527	0.00449	0.06438	0.05693	0.01566	0.21157	0.13736	0.43260	0.01101	0.00552	0.00160	0.00267	0.00939	0.00461	0.00456
3	0.00647	0.00444	0.00565	0.00630	0.00657	0.00431	0.00422	0.00705	0.00836	0.01111	0.02116	0.41455	0.02473	0.30854	0.01302	0.03692	0.00365	0.10573	0.00374	0.00347
4	0.11524	0.00695	0.00986	0.11914	0.01279	0.00820	0.04257	0.01007	0.00829	0.01278	0.01346	0.04432	0.06950	0.02015	0.38155	0.00441	0.10824	0.00518	0.00266	0.00464
5	0.01154	0.01049	0.01887	0.18496	0.12011	0.01083	0.30341	0.05060	0.08786	0.07500	0.01114	0.01364	0.00843	0.00686	0.06319	0.00197	0.00681	0.00493	0.00293	0.00642
6	0.06555	0.01127	0.06523	0.21061	0.18235	0.06807	0.02657	0.01312	0.00981	0.01410	0.02401	0.01194	0.02263	0.00510	0.00588	0.00143	0.11794	0.00396	0.00243	0.13801
7	0.55233	0.03926	0.04422	0.02684	0.06551	0.10399	0.00738	0.06422	0.00988	0.01917	0.00722	0.00853	0.00569	0.00460	0.00372	0.00143	0.02463	0.00294	0.00283	0.00561

[dist]
# distance from previous block
# <min> <max>
3	9

[block]
# block no. 4 follows, 54 sequences, length 14
# corresponding to MSA columns:
# 339-352
name=unknown_E
#
# <colnr> <probs for GDERKNQSTAVLIFYWHMCP>
#	G	D	E	R	K	N	Q	S	T	A	V	L	I	F	Y	W	H	M	C	P
0	0.00966	0.00836	0.01308	0.35336	0.16995	0.00934	0.02159	0.03498	0.05395	0.03655	0.17284	0.01802	0.02804	0.00677	0.02670	0.00168	0.02094	0.00529	0.00315	0.00574
1	0.00746	0.00429	0.00576	0.00576	0.00621	0.00406	0.00395	0.00632	0.00743	0.00946	0.01927	0.02302	0.23071	0.01514	0.01483	0.62169	0.00362	0.00573	0.00270	0.00259
2	0.01061	0.00739	0.00874	0.00674	0.00968	0.00609	0.00508	0.03122	0.00974	0.11499	0.01157	0.01652	0.01045	0.23645	0.00942	0.00190	0.00390	0.00422	0.00325	0.49204
3	0.00570	0.00429	0.00528	0.00606	0.00671	0.00387	0.00415	0.00662	0.00951	0.01223	0.03208	0.61120	0.24727	0.01398	0.00589	0.00182	0.00264	0.01244	0.00438	0.00387
4	0.25049	0.00976	0.01453	0.26191	0.13233	0.01116	0.10927	0.01350	0.00929	0.03657	0.00810	0.01091	0.00637	0.00490	0.00557	0.00157	0.10162	0.00392	0.00249	0.00573
5	0.01180	0.00796	0.00878	0.00750	0.00931	0.00896	0.00601	0.24324	0.03878	0.02047	0.01312	0.01479	0.01020	0.00592	0.00532	0.00133	0.10806	0.00435	0.46842	0.00567
6	0.00574	0.00432	0.00531	0.00604	0.00672	0.00390	0.00416	0.00672	0.00970	0.01253	0.06611	0.57632	0.24785	0.01375	0.00587	0.00181	0.00262	0.01222	0.00441	0.00390
7	0.00915	0.00838	0.01292	0.59451	0.02651	0.00930	0.01099	0.01200	0.00953	0.01298	0.00838	0.01179	0.00648	0.00437	0.00437	0.00133	0.00550	0.00380	0.00229	0.24543
8	0.00975	0.00982	0.01838	0.53375	0.09289	0.01094	0.23009	0.01310	0.01001	0.01317	0.00874	0.01254	0.00662	0.00447	0.00495	0.00156	0.00670	0.00458	0.00220	0.00573
9	0.01077	0.00588	0.00852	0.00780	0.00943	0.00618	0.00618	0.01250	0.00923	0.23414	0.01430	0.01783	0.01176	0.02710	0.58858	0.00586	0.01022	0.00496	0.00345	0.00528
10	0.62743	0.00891	0.00773	0.00642	0.00969	0.00938	0.00524	0.01330	0.00852	0.01953	0.00707	0.00825	0.00563	0.00413	0.00308	0.00125	0.00360	0.00262	0.00288	0.24533
11	0.01023	0.00735	0.00876	0.00783	0.00918	0.00805	0.00582	0.22671	0.01173	0.03210	0.01450	0.12350	0.01463	0.27201	0.18707	0.00383	0.04184	0.00641	0.00353	0.00492
12	0.03066	0.29810	0.14527	0.04837	0.01799	0.09388	0.22805	0.01550	0.05422	0.01360	0.00854	0.01025	0.00680	0.00434	0.00426	0.00133	0.00645	0.00380	0.00233	0.00624
13	0.39097	0.01067	0.07502	0.03486	0.02440	0.03449	0.00739	0.09577	0.02539	0.18015	0.03335	0.03507	0.02334	0.00545	0.00397	0.00147	0.00433	0.00400	0.00373	0.00617

[dist]
# distance from previous block
# <min> <max>
1	5

[block]
# block no. 5 follows, 54 sequences, length 21
# corresponding to MSA columns:
# 358-376,379,381
name=unknown_F
#
# <colnr> <probs for GDERKNQSTAVLIFYWHMCP>
#	G	D	E	R	K	N	Q	S	T	A	V	L	I	F	Y	W	H	M	C	P
0	0.01595	0.01208	0.01288	0.01029	0.01368	0.01350	0.00837	0.55727	0.23017	0.02662	0.01358	0.01322	0.00987	0.00585	0.00469	0.00145	0.00470	0.00454	0.03353	0.00775
1	0.00646	0.00463	0.00503	0.00503	0.00552	0.00439	0.00308	0.00683	0.00806	0.01025	0.02503	0.03535	0.26013	0.58001	0.01830	0.00365	0.00390	0.00781	0.00333	0.00320
2	0.01153	0.02390	0.60713	0.01311	0.01892	0.21570	0.01531	0.01592	0.01082	0.01407	0.00816	0.00959	0.00600	0.00458	0.00442	0.00142	0.00736	0.00337	0.00210	0.00659
3	0.01731	0.01067	0.01195	0.00933	0.01268	0.01129	0.00765	0.48067	0.03427	0.21560	0.01380	0.01346	0.00959	0.00569	0.00453	0.00139	0.00446	0.00441	0.12374	0.00751
4	0.65215	0.00884	0.00795	0.00676	0.00986	0.00965	0.00557	0.01618	0.00942	0.22147	0.00963	0.00979	0.00678	0.00475	0.00338	0.00146	0.00374	0.00311	0.00366	0.00585
5	0.00961	0.00910	0.01541	0.62086	0.22908	0.01066	0.01344	0.01266	0.00976	0.01290	0.00850	0.01234	0.00659	0.00458	0.00470	0.00153	0.00611	0.00419	0.00216	0.00581
6	0.00835	0.00753	0.01247	0.61542	0.02635	0.00931	0.01126	0.01112	0.00896	0.01177	0.00946	0.01409	0.00769	0.01252	0.21111	0.00310	0.00790	0.00441	0.00220	0.00498
7	0.00972	0.00500	0.00515	0.00489	0.00622	0.00504	0.00373	0.05395	0.01068	0.04552	0.01527	0.01718	0.01185	0.00551	0.00342	0.00113	0.00242	0.00440	0.78418	0.00472
8	0.01261	0.01362	0.07420	0.00984	0.01320	0.21398	0.02911	0.12279	0.05397	0.01619	0.01149	0.04161	0.02104	0.02851	0.00493	0.00132	0.00545	0.05178	0.00318	0.27117
9	0.01060	0.00874	0.00955	0.00890	0.01101	0.00981	0.00680	0.07928	0.51993	0.01843	0.02043	0.22493	0.01843	0.00861	0.00514	0.00168	0.00360	0.02295	0.00468	0.00652
10	0.64823	0.00784	0.00656	0.00629	0.00854	0.00886	0.00492	0.01200	0.00828	0.01883	0.01151	0.21728	0.01174	0.00702	0.00371	0.00157	0.00342	0.00532	0.00329	0.00478
11	0.01198	0.22182	0.11489	0.00909	0.01324	0.01127	0.02628	0.06039	0.01066	0.08187	0.00884	0.00996	0.00703	0.00443	0.00456	0.00110	0.06195	0.00322	0.00281	0.33462
12	0.62613	0.01000	0.01236	0.00974	0.01315	0.01082	0.20437	0.01443	0.00897	0.04143	0.00766	0.00918	0.00581	0.00431	0.00364	0.00149	0.00475	0.00338	0.00286	0.00551
13	0.00575	0.00461	0.00515	0.00542	0.00657	0.00408	0.00390	0.00685	0.01006	0.01247	0.05530	0.24321	0.51992	0.04227	0.05061	0.00210	0.00311	0.01042	0.00424	0.00393
14	0.00730	0.00586	0.00904	0.21491	0.01426	0.00695	0.00747	0.00921	0.00799	0.01107	0.01174	0.01807	0.01085	0.09619	0.54121	0.00579	0.01032	0.00499	0.00244	0.00436
15	0.04722	0.00855	0.01094	0.00857	0.01210	0.00796	0.00703	0.06141	0.09988	0.65695	0.01791	0.01571	0.01158	0.00584	0.00469	0.00147	0.00403	0.00471	0.00557	0.00787
16	0.00681	0.00463	0.00544	0.00534	0.00563	0.00454	0.00326	0.00738	0.00851	0.01163	0.21531	0.03197	0.02410	0.62439	0.01931	0.00379	0.00397	0.00728	0.00345	0.00326
17	0.01026	0.00934	0.01429	0.26280	0.27425	0.03511	0.02381	0.05128	0.01095	0.01455	0.01284	0.02238	0.01207	0.00678	0.00539	0.00166	0.02356	0.19991	0.00289	0.00589
18	0.01183	0.00534	0.00615	0.00549	0.00723	0.00504	0.00428	0.01394	0.01097	0.21887	0.05422	0.01804	0.01355	0.00578	0.00377	0.00121	0.00266	0.00468	0.60162	0.00532
19	0.00954	0.01319	0.22892	0.29510	0.04250	0.02034	0.06497	0.02980	0.02516	0.01363	0.01114	0.03143	0.05071	0.00591	0.00632	0.01600	0.10824	0.00461	0.01672	0.00577
20	0.01077	0.01075	0.01635	0.42147	0.34237	0.07659	0.02778	0.01364	0.01031	0.01342	0.00851	0.01188	0.00676	0.00451	0.00467	0.00147	0.00622	0.00413	0.00222	0.00618

[dist]
# distance from previous block
# <min> <max>
0	3

[block]
# block no. 6 follows, 54 sequences, length 15
# corresponding to MSA columns:
# 385-399
name=unknown_G
#
# <colnr> <probs for GDERKNQSTAVLIFYWHMCP>
#	G	D	E	R	K	N	Q	S	T	A	V	L	I	F	Y	W	H	M	C	P
0	0.01843	0.00744	0.00996	0.00801	0.01110	0.00657	0.00646	0.02048	0.03481	0.65191	0.01936	0.11492	0.01413	0.00692	0.00483	0.00150	0.00376	0.00579	0.04627	0.00733
1	0.03212	0.11808	0.39233	0.01158	0.01686	0.04074	0.03020	0.18203	0.01294	0.08556	0.00965	0.01044	0.00694	0.00477	0.00433	0.00139	0.00602	0.00363	0.00297	0.02741
2	0.01101	0.01240	0.03750	0.01612	0.06287	0.10808	0.41554	0.01411	0.02972	0.01411	0.03133	0.08829	0.02270	0.02526	0.00662	0.00168	0.07482	0.01929	0.00274	0.00582
3	0.00617	0.00467	0.00648	0.10534	0.00985	0.00467	0.00533	0.00725	0.00905	0.01194	0.02424	0.66525	0.05866	0.04939	0.00663	0.00198	0.00323	0.01186	0.00403	0.00396
4	0.00703	0.00508	0.00662	0.10467	0.00905	0.00545	0.00464	0.00771	0.00740	0.00993	0.01434	0.07031	0.01577	0.56702	0.14174	0.00452	0.00591	0.00661	0.00280	0.00341
5	0.11767	0.01542	0.02912	0.06793	0.05217	0.36344	0.02683	0.09290	0.01225	0.01506	0.00993	0.01157	0.04159	0.00700	0.05285	0.00172	0.03697	0.00376	0.00277	0.03906
6	0.00771	0.00585	0.00780	0.00893	0.08014	0.00585	0.00596	0.01045	0.09400	0.03316	0.14472	0.30579	0.07766	0.05492	0.06516	0.00230	0.00398	0.07666	0.00418	0.00478
7	0.00641	0.00456	0.00586	0.00601	0.00669	0.00427	0.00418	0.00785	0.01100	0.01525	0.43787	0.28481	0.03612	0.13736	0.00852	0.00209	0.00274	0.00980	0.00458	0.00401
8	0.01061	0.01173	0.02507	0.01809	0.02228	0.01103	0.69267	0.01410	0.01061	0.01438	0.01018	0.01492	0.00836	0.10457	0.00780	0.00195	0.00754	0.00572	0.00244	0.00593
9	0.01272	0.00979	0.01415	0.09698	0.01588	0.01089	0.12572	0.11924	0.15649	0.12960	0.01351	0.05299	0.02083	0.00680	0.00721	0.03215	0.14321	0.00520	0.02028	0.00636
10	0.01162	0.01257	0.01570	0.03124	0.04462	0.19229	0.16500	0.03146	0.00998	0.01266	0.00863	0.01211	0.00754	0.01162	0.16571	0.00280	0.25229	0.00436	0.00237	0.00544
11	0.00658	0.10561	0.00733	0.00529	0.00705	0.00583	0.00415	0.00783	0.01060	0.01283	0.10077	0.03920	0.60357	0.05555	0.00627	0.00167	0.00282	0.00877	0.00407	0.00421
12	0.01220	0.01552	0.09285	0.01540	0.01928	0.23118	0.40191	0.01547	0.02841	0.01409	0.03192	0.04225	0.04656	0.00522	0.00510	0.00149	0.00733	0.00524	0.00265	0.00594
13	0.10045	0.01787	0.05256	0.02916	0.01080	0.00744	0.03403	0.09107	0.01208	0.09137	0.22392	0.18841	0.03765	0.00893	0.00536	0.00162	0.01964	0.05803	0.00427	0.00533
14	0.06563	0.02493	0.00990	0.27322	0.01646	0.10008	0.00798	0.02401	0.02776	0.01508	0.08608	0.01875	0.01327	0.02488	0.00483	0.00150	0.00471	0.06544	0.21054	0.00496

[dist]
# distance from previous block
# <min> <max>
4	85

[block]
# block no. 7 follows, 54 sequences, length 8
# corresponding to MSA columns:
# 508-515
name=unknown_H
#
# <colnr> <probs for GDERKNQSTAVLIFYWHMCP>
#	G	D	E	R	K	N	Q	S	T	A	V	L	I	F	Y	W	H	M	C	P
0	0.08765	0.07627	0.01310	0.01031	0.01317	0.31057	0.00820	0.17480	0.13113	0.03522	0.01019	0.01088	0.00797	0.00619	0.02999	0.00153	0.03265	0.00368	0.00334	0.03316
1	0.00950	0.00735	0.00964	0.00865	0.01018	0.00847	0.00690	0.17020	0.01066	0.01506	0.01160	0.01591	0.01030	0.02539	0.54069	0.00551	0.08247	0.00470	0.00295	0.04387
2	0.00596	0.00425	0.00551	0.00628	0.00677	0.00392	0.00428	0.00679	0.00947	0.01256	0.10240	0.62117	0.11609	0.01406	0.00663	0.05100	0.00273	0.01202	0.00432	0.00380
3	0.01175	0.37235	0.32995	0.01061	0.01544	0.11943	0.01170	0.01481	0.01040	0.01303	0.04522	0.00994	0.00785	0.00458	0.00388	0.00125	0.00612	0.00325	0.00221	0.00626
4	0.01114	0.01102	0.01024	0.00802	0.01160	0.17335	0.00624	0.01297	0.01047	0.01436	0.00928	0.06200	0.00834	0.00450	0.00381	0.00088	0.00448	0.00352	0.00282	0.63095
5	0.15902	0.00883	0.00968	0.09574	0.01294	0.00968	0.00701	0.12446	0.22425	0.08962	0.06000	0.01995	0.14604	0.00682	0.00462	0.00153	0.00392	0.00547	0.00421	0.00620
6	0.06269	0.01038	0.01500	0.05016	0.01585	0.02906	0.21156	0.17025	0.02899	0.01815	0.03342	0.09501	0.01073	0.00558	0.00467	0.00134	0.00516	0.00516	0.00331	0.22353
7	0.03339	0.07523	0.01109	0.03177	0.01173	0.12047	0.00671	0.06542	0.06801	0.11909	0.08121	0.09258	0.04846	0.00640	0.00443	0.00127	0.00436	0.00518	0.00375	0.20946

[dist]
# distance from previous block
# <min> <max>
66	209

[block]
# block no. 8 follows, 54 sequences, length 15
# corresponding to MSA columns:
# 831-845
name=unknown_I
#
# <colnr> <probs for GDERKNQSTAVLIFYWHMCP>
#	G	D	E	R	K	N	Q	S	T	A	V	L	I	F	Y	W	H	M	C	P
0	0.07575	0.12758	0.29258	0.01103	0.01572	0.03474	0.07766	0.09115	0.03468	0.05710	0.03248	0.03046	0.00864	0.00495	0.00427	0.00136	0.00558	0.00398	0.01725	0.07302
1	0.03564	0.03958	0.03194	0.03070	0.01242	0.04037	0.02962	0.13838	0.11181	0.15425	0.05505	0.06530	0.04440	0.02478	0.02252	0.00159	0.01985	0.00521	0.01340	0.12319
2	0.11018	0.04721	0.07867	0.02232	0.01341	0.03277	0.06922	0.23152	0.01375	0.11347	0.03770	0.06798	0.01112	0.00608	0.00467	0.00145	0.01892	0.02153	0.07332	0.02471
3	0.00984	0.00957	0.01443	0.26185	0.04566	0.01235	0.03237	0.01175	0.00837	0.01210	0.00770	0.01232	0.00693	0.00679	0.01064	0.00181	0.45637	0.02612	0.00219	0.05083
4	0.00942	0.00590	0.02335	0.00735	0.00886	0.00527	0.00579	0.02970	0.01119	0.15612	0.14947	0.32203	0.05571	0.01198	0.03167	0.00193	0.00361	0.13510	0.00463	0.02091
5	0.00674	0.00505	0.00758	0.00758	0.00842	0.00589	0.00589	0.00842	0.00758	0.01095	0.01263	0.01852	0.01179	0.03536	0.81561	0.00758	0.01263	0.00505	0.00253	0.00421
6	0.00956	0.00656	0.02714	0.00859	0.01036	0.00606	0.02813	0.04033	0.01187	0.11295	0.11621	0.04239	0.07002	0.01096	0.00599	0.00191	0.00413	0.47727	0.00453	0.00504
7	0.01761	0.02247	0.01336	0.01215	0.01458	0.81537	0.00911	0.01883	0.01336	0.01154	0.00729	0.00850	0.00607	0.00486	0.00425	0.00121	0.00850	0.00304	0.00243	0.00547
8	0.00610	0.00483	0.00551	0.00543	0.00682	0.00424	0.00414	0.00773	0.01172	0.01512	0.32770	0.04204	0.47547	0.01115	0.00562	0.00158	0.00244	0.05351	0.00468	0.00418
9	0.06899	0.12720	0.11230	0.00985	0.03808	0.10686	0.00858	0.14803	0.04711	0.08520	0.08566	0.04642	0.06284	0.00617	0.00444	0.00138	0.00495	0.00482	0.00360	0.02753
10	0.03561	0.00799	0.00939	0.00753	0.01059	0.00720	0.02503	0.07478	0.08867	0.04228	0.03458	0.11372	0.03972	0.00606	0.00421	0.00115	0.00351	0.00511	0.07377	0.40912
11	0.35539	0.04655	0.06516	0.02167	0.03260	0.11082	0.00738	0.07520	0.05638	0.06209	0.03307	0.03710	0.00888	0.00524	0.00383	0.00140	0.00464	0.00377	0.04037	0.02847
12	0.04985	0.11213	0.11263	0.04856	0.03034	0.06211	0.13783	0.10167	0.05316	0.04583	0.05113	0.01435	0.04584	0.00664	0.04139	0.00166	0.00582	0.00453	0.02912	0.04541
13	0.07186	0.11033	0.18124	0.00967	0.03803	0.03658	0.00892	0.05183	0.08341	0.12722	0.01529	0.08811	0.06150	0.05482	0.00562	0.00163	0.00477	0.01578	0.00348	0.02991
14	0.03507	0.08055	0.03600	0.01257	0.12844	0.18223	0.04065	0.05256	0.04052	0.03200	0.02885	0.01309	0.02177	0.00595	0.02528	0.00144	0.04941	0.02500	0.03592	0.15271

[dist]
# distance from previous block
# <min> <max>
1	58

[block]
# block no. 9 follows, 54 sequences, length 17
# corresponding to MSA columns:
# 927-938,941-945
name=unknown_J
#
# <colnr> <probs for GDERKNQSTAVLIFYWHMCP>
#	G	D	E	R	K	N	Q	S	T	A	V	L	I	F	Y	W	H	M	C	P
0	0.17320	0.07667	0.16848	0.00957	0.01331	0.08791	0.03902	0.08541	0.06671	0.02665	0.03177	0.04056	0.02725	0.00589	0.01936	0.00147	0.00520	0.00411	0.03141	0.08603
1	0.01262	0.01456	0.22761	0.01171	0.05741	0.05946	0.04240	0.18362	0.06657	0.07630	0.10057	0.01485	0.02777	0.00560	0.00467	0.00140	0.00529	0.00460	0.00359	0.07941
2	0.02554	0.01146	0.16171	0.20448	0.04694	0.00990	0.04275	0.03708	0.07824	0.01455	0.02607	0.08860	0.04676	0.00679	0.00606	0.00161	0.09707	0.03964	0.00292	0.05183
3	0.01139	0.01205	0.01316	0.14191	0.01575	0.18655	0.00986	0.01299	0.00945	0.01208	0.00866	0.01411	0.00813	0.00698	0.00950	0.00170	0.37405	0.07314	0.00241	0.07614
4	0.01049	0.05106	0.00787	0.00622	0.00829	0.00710	0.00494	0.06979	0.10517	0.05743	0.01628	0.01734	0.05417	0.00652	0.02560	0.00136	0.00325	0.00459	0.45983	0.08270
5	0.00674	0.00505	0.00758	0.00758	0.00842	0.00589	0.00589	0.00842	0.00758	0.01095	0.01263	0.01852	0.01179	0.03536	0.81561	0.00758	0.01263	0.00505	0.00253	0.00421
6	0.01651	0.00984	0.12185	0.00888	0.01247	0.00727	0.00820	0.03959	0.01299	0.51225	0.11369	0.02057	0.01611	0.00672	0.00495	0.00153	0.00427	0.07013	0.00506	0.00713
7	0.01691	0.02120	0.01304	0.01168	0.01427	0.74241	0.00879	0.01820	0.01304	0.01188	0.00739	0.00862	0.00616	0.00474	0.00418	0.00117	0.00805	0.00301	0.00246	0.08280
8	0.00642	0.00493	0.00678	0.00831	0.07879	0.00461	0.00523	0.00769	0.01007	0.01357	0.15810	0.54967	0.10269	0.01269	0.00578	0.00177	0.00288	0.01143	0.00433	0.00428
9	0.05384	0.21612	0.25231	0.01030	0.01450	0.07945	0.02842	0.08131	0.03713	0.04391	0.07714	0.03242	0.01135	0.00562	0.00431	0.00138	0.00552	0.03572	0.00297	0.00626
10	0.01080	0.00804	0.00947	0.06160	0.01183	0.03009	0.00656	0.12108	0.04600	0.08476	0.05602	0.21646	0.03353	0.00800	0.00486	0.00141	0.00388	0.04781	0.00398	0.23381
11	0.33257	0.01165	0.04317	0.02826	0.03758	0.08040	0.00761	0.21053	0.08355	0.03993	0.01097	0.07453	0.00910	0.00578	0.00410	0.00148	0.00466	0.00430	0.00361	0.00621
12	0.01111	0.18938	0.41652	0.01100	0.01609	0.02517	0.01242	0.10933	0.03561	0.01567	0.00963	0.03804	0.00793	0.04657	0.00521	0.00152	0.00589	0.00390	0.00258	0.03645
13	0.03603	0.00659	0.00696	0.03529	0.02293	0.04625	0.00521	0.05096	0.04630	0.01443	0.08728	0.22284	0.34739	0.02923	0.00582	0.00170	0.00329	0.02277	0.00418	0.00455
14	0.09132	0.04466	0.28116	0.01176	0.07854	0.10095	0.01093	0.08429	0.01153	0.03161	0.06947	0.04083	0.01049	0.00545	0.00458	0.00140	0.02444	0.00422	0.04898	0.04340
15	0.05301	0.21472	0.04860	0.00995	0.05200	0.06786	0.00817	0.16332	0.04953	0.03977	0.03922	0.08172	0.01129	0.00604	0.00446	0.00132	0.02121	0.02989	0.00333	0.09459
16	0.01027	0.03565	0.02403	0.00911	0.05270	0.04215	0.00672	0.14811	0.05180	0.04150	0.05603	0.30178	0.06323	0.00947	0.00516	0.00158	0.00390	0.05015	0.02225	0.06442

[dist]
# distance from previous block
# <min> <max>
5	52

[block]
# block no. 10 follows, 54 sequences, length 17
# corresponding to MSA columns:
# 1010-1026
name=unknown_K
#
# <colnr> <probs for GDERKNQSTAVLIFYWHMCP>
#	G	D	E	R	K	N	Q	S	T	A	V	L	I	F	Y	W	H	M	C	P
0	0.11854	0.01214	0.17115	0.00941	0.01304	0.03693	0.03170	0.05035	0.11976	0.09133	0.03954	0.05403	0.05239	0.00663	0.01795	0.00154	0.02175	0.02553	0.00353	0.12277
1	0.03766	0.04219	0.10581	0.00884	0.04575	0.06591	0.00728	0.02815	0.08812	0.06268	0.07938	0.06775	0.16325	0.08605	0.00655	0.00171	0.00427	0.00611	0.00362	0.08889
2	0.00984	0.00903	0.01368	0.43683	0.09236	0.03172	0.05006	0.05826	0.02685	0.01418	0.02550	0.08439	0.01005	0.00581	0.00498	0.00151	0.02072	0.01674	0.01941	0.06807
3	0.05805	0.01717	0.39780	0.01366	0.07696	0.02883	0.10128	0.05476	0.05724	0.05425	0.03443	0.01288	0.02402	0.00631	0.04045	0.00176	0.00642	0.00427	0.00278	0.00668
4	0.00686	0.00503	0.00648	0.00630	0.00744	0.00475	0.00480	0.00938	0.04168	0.01799	0.64466	0.07697	0.06486	0.01014	0.00564	0.00157	0.00249	0.07344	0.00504	0.00450
5	0.01680	0.02028	0.01345	0.01269	0.05409	0.65839	0.00922	0.06145	0.08445	0.01347	0.00866	0.00964	0.00700	0.00501	0.00435	0.00127	0.00774	0.00337	0.00276	0.00589
6	0.00674	0.00505	0.00758	0.00758	0.00842	0.00589	0.00589	0.00842	0.00758	0.01095	0.01263	0.01852	0.01179	0.03536	0.81561	0.00758	0.01263	0.00505	0.00253	0.00421
7	0.01425	0.00650	0.00817	0.00683	0.00946	0.00561	0.00544	0.01581	0.01213	0.44816	0.02927	0.06815	0.29571	0.00846	0.00504	0.00151	0.00329	0.00703	0.04299	0.00620
8	0.00692	0.00757	0.12082	0.00700	0.00894	0.00531	0.00629	0.00940	0.01222	0.01709	0.53541	0.08928	0.11589	0.00959	0.00547	0.00154	0.00301	0.02896	0.00457	0.00471
9	0.00574	0.00410	0.00547	0.00657	0.00684	0.00383	0.00438	0.00657	0.00903	0.01204	0.02599	0.83122	0.03119	0.01477	0.00602	0.00191	0.00274	0.01340	0.00438	0.00383
10	0.01271	0.76401	0.02335	0.00813	0.01197	0.05815	0.00794	0.01423	0.00978	0.01137	0.00693	0.00800	0.00629	0.00413	0.00310	0.00102	0.00511	0.00262	0.03521	0.00596
11	0.00572	0.00418	0.00539	0.00635	0.00678	0.00385	0.00428	0.00659	0.00923	0.01212	0.02861	0.73641	0.12430	0.01443	0.00596	0.00188	0.00269	0.01299	0.00438	0.00385
12	0.01244	0.60430	0.07793	0.02580	0.01316	0.09489	0.00884	0.01425	0.01003	0.01181	0.03573	0.00908	0.00747	0.00451	0.00384	0.00112	0.03564	0.00296	0.00219	0.02401
13	0.07055	0.03481	0.04899	0.08232	0.07695	0.05935	0.24649	0.09025	0.08879	0.06821	0.01047	0.01211	0.00787	0.00478	0.00503	0.00146	0.03052	0.00443	0.00307	0.05354
14	0.10333	0.01275	0.01286	0.01381	0.19355	0.18847	0.00893	0.12556	0.07253	0.04476	0.03615	0.04391	0.00974	0.00530	0.00435	0.00132	0.00531	0.00421	0.00329	0.10986
15	0.01338	0.09821	0.08423	0.11395	0.20394	0.09249	0.04562	0.17786	0.03095	0.04443	0.00944	0.01108	0.00729	0.00477	0.00461	0.00138	0.01707	0.00392	0.00294	0.03244
16	0.03869	0.09110	0.09940	0.01000	0.01363	0.06054	0.05558	0.19982	0.08695	0.07615	0.09513	0.01555	0.03039	0.00578	0.00454	0.00136	0.00492	0.02047	0.00377	0.08623

[dist]
# distance from previous block
# <min> <max>
9	86

[block]
# block no. 11 follows, 54 sequences, length 21
# corresponding to MSA columns:
# 1132-1152
name=unknown_L
#
# <colnr> <probs for GDERKNQSTAVLIFYWHMCP>
#	G	D	E	R	K	N	Q	S	T	A	V	L	I	F	Y	W	H	M	C	P
0	0.03972	0.01128	0.01562	0.04634	0.08839	0.02916	0.15959	0.22465	0.18252	0.10110	0.02437	0.03352	0.01042	0.00556	0.00488	0.00151	0.00530	0.00498	0.00397	0.00712
1	0.05969	0.05555	0.13790	0.01483	0.22628	0.04289	0.06861	0.01289	0.02596	0.01486	0.04633	0.09543	0.09575	0.00632	0.00467	0.00142	0.00500	0.00555	0.00292	0.07716
2	0.57051	0.00979	0.00900	0.03533	0.01131	0.01106	0.00635	0.15401	0.05279	0.08760	0.00915	0.00970	0.00670	0.00485	0.00355	0.00146	0.00405	0.00324	0.00355	0.00600
3	0.00674	0.00505	0.00758	0.00758	0.00842	0.00589	0.00589	0.00842	0.00758	0.01095	0.01263	0.01852	0.01179	0.03536	0.81561	0.00758	0.01263	0.00505	0.00253	0.00421
4	0.01609	0.00892	0.01071	0.00871	0.01174	0.00901	0.00702	0.16148	0.19009	0.36012	0.14568	0.01867	0.01698	0.00655	0.00488	0.00149	0.00387	0.00540	0.00529	0.00731
5	0.01176	0.00998	0.01086	0.05673	0.01333	0.01148	0.00774	0.08672	0.64464	0.01971	0.01869	0.04489	0.02912	0.00663	0.00484	0.00159	0.00394	0.00554	0.00461	0.00719
6	0.00557	0.00478	0.00478	0.00478	0.00637	0.00398	0.00358	0.00677	0.01075	0.01274	0.04776	0.04538	0.80297	0.01194	0.00557	0.00159	0.00239	0.00995	0.00438	0.00398
7	0.01261	0.83713	0.02471	0.00807	0.01210	0.01866	0.00807	0.01412	0.00958	0.01109	0.00656	0.00756	0.00605	0.00403	0.00303	0.00101	0.00504	0.00252	0.00202	0.00605
8	0.00686	0.00457	0.00514	0.00514	0.00514	0.00457	0.00286	0.00686	0.00686	0.00914	0.01486	0.03086	0.01714	0.83430	0.02400	0.00457	0.00457	0.00686	0.00286	0.00286
9	0.01305	0.33297	0.01686	0.00989	0.02880	0.29119	0.03447	0.01476	0.02730	0.01202	0.01254	0.06004	0.08763	0.00577	0.00405	0.00122	0.00587	0.00428	0.00264	0.03463
10	0.01117	0.01069	0.01824	0.17236	0.66537	0.01107	0.01422	0.01403	0.01050	0.01480	0.00878	0.01183	0.00725	0.00429	0.00468	0.00143	0.00572	0.00420	0.00229	0.00707
11	0.01139	0.00974	0.01041	0.00952	0.01205	0.01120	0.00747	0.02379	0.73119	0.01926	0.01967	0.02054	0.01545	0.00695	0.00494	0.00165	0.00378	0.06904	0.00476	0.00720
12	0.01184	0.00893	0.00892	0.00794	0.00972	0.13657	0.00609	0.01437	0.07110	0.16607	0.26115	0.02293	0.04819	0.07023	0.05049	0.00202	0.04801	0.00600	0.04402	0.00541
13	0.02115	0.00802	0.01094	0.00839	0.01204	0.00693	0.00693	0.02298	0.01350	0.80815	0.01860	0.01605	0.01167	0.00584	0.00474	0.00146	0.00401	0.00474	0.00584	0.00802
14	0.00574	0.00410	0.00547	0.00657	0.00684	0.00383	0.00438	0.00657	0.00903	0.01204	0.02599	0.83122	0.03119	0.01477	0.00602	0.00191	0.00274	0.01340	0.00438	0.00383
15	0.01433	0.01147	0.01208	0.01005	0.01277	0.05540	0.00814	0.42414	0.13852	0.02283	0.01512	0.04987	0.04784	0.00703	0.00575	0.00155	0.07284	0.04963	0.03379	0.00686
16	0.01279	0.01223	0.01794	0.01629	0.14104	0.07024	0.18466	0.13439	0.01163	0.04312	0.00867	0.01129	0.00707	0.00593	0.00870	0.00167	0.29883	0.00442	0.00275	0.00636
17	0.01546	0.01145	0.01248	0.00985	0.01306	0.01254	0.00803	0.60071	0.06148	0.02714	0.16180	0.01619	0.01527	0.00645	0.00488	0.00144	0.00455	0.00511	0.00481	0.00731
18	0.01229	0.00808	0.01003	0.00948	0.07605	0.00809	0.00682	0.17944	0.07064	0.15871	0.30829	0.02444	0.09222	0.00764	0.00511	0.00148	0.00357	0.00649	0.00487	0.00626
19	0.01576	0.08381	0.01352	0.01137	0.05507	0.35598	0.00851	0.06421	0.16874	0.11665	0.01162	0.01187	0.00884	0.00531	0.00452	0.00134	0.01960	0.00386	0.03296	0.00645
20	0.09566	0.02768	0.05359	0.00829	0.01195	0.05540	0.00704	0.08355	0.02755	0.08254	0.00983	0.02693	0.00785	0.00466	0.00437	0.00109	0.04233	0.00347	0.01920	0.42703

[dist]
# distance from previous block
# <min> <max>
6	18

[block]
# block no. 12 follows, 54 sequences, length 11
# corresponding to MSA columns:
# 1173-1183
name=unknown_M
#
# <colnr> <probs for GDERKNQSTAVLIFYWHMCP>
#	G	D	E	R	K	N	Q	S	T	A	V	L	I	F	Y	W	H	M	C	P
0	0.00890	0.00838	0.01414	0.82296	0.03247	0.01048	0.01309	0.01205	0.00943	0.01205	0.00838	0.01257	0.00629	0.00471	0.00471	0.00157	0.00629	0.00419	0.00210	0.00524
1	0.01069	0.01043	0.01806	0.02421	0.58899	0.01021	0.10846	0.01340	0.01079	0.01497	0.01477	0.01684	0.12639	0.00533	0.00491	0.00145	0.00541	0.00523	0.00265	0.00681
2	0.11799	0.01090	0.01040	0.00936	0.01204	0.07010	0.00729	0.02322	0.64187	0.01930	0.01676	0.01570	0.01264	0.00604	0.00453	0.00155	0.00407	0.00482	0.00439	0.00703
3	0.00890	0.00838	0.01414	0.82296	0.03247	0.01048	0.01309	0.01205	0.00943	0.01205	0.00838	0.01257	0.00629	0.00471	0.00471	0.00157	0.00629	0.00419	0.00210	0.00524
4	0.01032	0.01032	0.01444	0.01238	0.01238	0.01444	0.01032	0.01135	0.00722	0.01135	0.00619	0.01032	0.00619	0.00825	0.01547	0.00206	0.82567	0.00413	0.00206	0.00516
5	0.01709	0.07005	0.01424	0.01167	0.01435	0.59256	0.00907	0.15700	0.01449	0.01478	0.00793	0.00902	0.00643	0.00508	0.00468	0.00127	0.03828	0.00326	0.00280	0.00595
6	0.01622	0.01253	0.01446	0.01340	0.13251	0.01375	0.00960	0.57883	0.11619	0.02634	0.01193	0.01215	0.00872	0.00553	0.00472	0.00144	0.00507	0.00437	0.00437	0.00787
7	0.11667	0.00835	0.00820	0.00746	0.00958	0.02637	0.00575	0.05114	0.36373	0.01874	0.01671	0.01758	0.03886	0.05316	0.00526	0.00160	0.00347	0.00488	0.23654	0.00594
8	0.04482	0.00881	0.00816	0.00732	0.00940	0.10314	0.00570	0.14768	0.04744	0.01738	0.16796	0.03068	0.34064	0.00907	0.00515	0.00151	0.00375	0.03192	0.00431	0.00516
9	0.04848	0.01019	0.01069	0.13025	0.01437	0.11356	0.00764	0.12780	0.02841	0.08120	0.05455	0.04515	0.10989	0.00656	0.00495	0.00138	0.03057	0.02185	0.00360	0.14889
10	0.01068	0.23551	0.05227	0.04693	0.13081	0.03520	0.00896	0.02432	0.03555	0.02962	0.05402	0.07377	0.05047	0.03331	0.02093	0.00162	0.10639	0.00494	0.00282	0.04188

[dist]
# distance from previous block
# <min> <max>
3	37

# created by:
# /st0/software/busco_prod/Augustus/scripts/msa2prfl.pl ./align_prep/98887.fa
