[name]
unknown

[dist]
# distance from previous block
# <min> <max>
0	33

[block]
# block no. 0 follows, 52 sequences, length 24
# corresponding to MSA columns:
# 39-62
name=unknown_A
#
# <colnr> <probs for GDERKNQSTAVLIFYWHMCP>
#	G	D	E	R	K	N	Q	S	T	A	V	L	I	F	Y	W	H	M	C	P
0	0.00781	0.00558	0.00781	0.00892	0.01004	0.00558	0.00781	0.01004	0.01116	0.01450	0.02566	0.05466	0.02789	0.01339	0.00669	0.00223	0.00446	0.76685	0.00446	0.00446
1	0.02174	0.00825	0.01125	0.00862	0.01237	0.00712	0.00712	0.02362	0.01387	0.80282	0.01912	0.01649	0.01200	0.00600	0.00487	0.00150	0.00412	0.00487	0.00600	0.00825
2	0.00863	0.00682	0.00780	0.00786	0.00912	0.00733	0.00563	0.03110	0.30462	0.01543	0.02246	0.41449	0.02340	0.10246	0.00774	0.00214	0.00346	0.00968	0.00450	0.00533
3	0.00692	0.00519	0.00779	0.00779	0.00865	0.00606	0.00606	0.00865	0.00779	0.01125	0.01298	0.01904	0.01211	0.03634	0.81049	0.00779	0.01298	0.00519	0.00260	0.00433
4	0.01398	0.64592	0.02261	0.00895	0.01283	0.10300	0.00840	0.09260	0.01158	0.01352	0.00750	0.00848	0.00656	0.00444	0.00343	0.00110	0.00552	0.00287	0.02041	0.00632
5	0.01810	0.02310	0.01373	0.01248	0.01498	0.81024	0.00936	0.01935	0.01373	0.01186	0.00749	0.00874	0.00624	0.00499	0.00437	0.00125	0.00874	0.00312	0.00250	0.00562
6	0.01186	0.01119	0.01939	0.05069	0.42431	0.01072	0.18043	0.03216	0.01125	0.03912	0.00951	0.01205	0.00762	0.00424	0.00479	0.00136	0.00587	0.00439	0.00265	0.15641
7	0.01059	0.00942	0.01304	0.01126	0.01168	0.01254	0.00926	0.01176	0.00825	0.06324	0.03585	0.01502	0.05128	0.04030	0.06166	0.00246	0.61956	0.00491	0.00266	0.00526
8	0.00842	0.00421	0.00631	0.00631	0.00631	0.00421	0.00421	0.00631	0.00631	0.00842	0.00842	0.01473	0.00842	0.01684	0.01894	0.85901	0.00421	0.00421	0.00210	0.00210
9	0.00608	0.00434	0.00582	0.00695	0.00730	0.00409	0.00480	0.00705	0.00945	0.01257	0.02661	0.75582	0.03167	0.01502	0.00623	0.00199	0.00296	0.08276	0.00450	0.00398
10	0.00590	0.00424	0.00559	0.00667	0.00701	0.00394	0.00447	0.00676	0.00935	0.01240	0.02760	0.79538	0.06262	0.01507	0.00617	0.00195	0.00280	0.01363	0.00450	0.00394
11	0.01583	0.01199	0.01405	0.01317	0.13236	0.01300	0.00934	0.54568	0.03489	0.02652	0.08354	0.01436	0.01191	0.00597	0.00485	0.00145	0.00495	0.00479	0.04370	0.00764
12	0.01153	0.01228	0.01455	0.01252	0.01327	0.14980	0.04648	0.01284	0.00873	0.01184	0.00743	0.01131	0.00701	0.01067	0.09876	0.00256	0.55667	0.00422	0.00225	0.00531
13	0.00589	0.00492	0.00514	0.00508	0.00665	0.00416	0.00381	0.00728	0.01144	0.01403	0.15964	0.04509	0.68636	0.01192	0.00573	0.00162	0.00243	0.01001	0.00462	0.00416
14	0.00941	0.00888	0.01501	0.74583	0.10355	0.01084	0.01359	0.01261	0.00981	0.01270	0.00866	0.01284	0.00657	0.00480	0.00484	0.00160	0.00640	0.00431	0.00218	0.00559
15	0.01564	0.33816	0.04411	0.01141	0.03785	0.45206	0.00939	0.01720	0.01202	0.01191	0.00729	0.00851	0.00627	0.00463	0.00390	0.00118	0.00721	0.00297	0.00231	0.00596
16	0.01892	0.01277	0.01405	0.01077	0.01463	0.01383	0.00890	0.66851	0.02144	0.14723	0.01277	0.01237	0.00881	0.00584	0.00485	0.00146	0.00515	0.00444	0.00502	0.00824
17	0.00704	0.00471	0.00537	0.00537	0.00540	0.00474	0.00304	0.00710	0.00707	0.00946	0.01519	0.03129	0.01744	0.80355	0.05056	0.00480	0.00497	0.00699	0.00293	0.00298
18	0.00610	0.00494	0.00546	0.00570	0.00711	0.00431	0.00438	0.00749	0.01106	0.01359	0.08658	0.11536	0.58063	0.01255	0.00590	0.00174	0.00276	0.11565	0.00454	0.00416
19	0.01701	0.01052	0.01218	0.00975	0.01299	0.01113	0.00791	0.39974	0.07409	0.23695	0.01516	0.05311	0.01139	0.02377	0.07908	0.00214	0.00546	0.00515	0.00491	0.00754
20	0.01357	0.01076	0.01152	0.00992	0.01280	0.01217	0.00782	0.21525	0.52148	0.04224	0.01760	0.01794	0.01352	0.04557	0.00589	0.00175	0.00428	0.02355	0.00483	0.00753
21	0.01296	0.83261	0.02539	0.00829	0.01244	0.01917	0.00829	0.01451	0.00985	0.01140	0.00674	0.00777	0.00622	0.00415	0.00311	0.00104	0.00518	0.00259	0.00207	0.00622
22	0.01275	0.72874	0.05252	0.01045	0.08483	0.01819	0.00924	0.01457	0.00997	0.01195	0.00702	0.00825	0.00635	0.00418	0.00332	0.00109	0.00531	0.00278	0.00210	0.00639
23	0.01254	0.01065	0.01123	0.00996	0.01279	0.01228	0.00779	0.08322	0.73245	0.02105	0.01911	0.01759	0.01430	0.00652	0.00492	0.00163	0.00395	0.00539	0.00492	0.00771

[dist]
# distance from previous block
# <min> <max>
0	7

[block]
# block no. 1 follows, 52 sequences, length 9
# corresponding to MSA columns:
# 70-78
name=unknown_B
#
# <colnr> <probs for GDERKNQSTAVLIFYWHMCP>
#	G	D	E	R	K	N	Q	S	T	A	V	L	I	F	Y	W	H	M	C	P
0	0.79792	0.00970	0.00770	0.00675	0.00981	0.01120	0.00556	0.07428	0.00938	0.02243	0.00713	0.00817	0.00548	0.00460	0.00314	0.00150	0.00387	0.00276	0.00314	0.00548
1	0.00885	0.00613	0.00894	0.00993	0.06153	0.00592	0.03013	0.01091	0.01124	0.07606	0.06801	0.15527	0.06496	0.01195	0.00622	0.00200	0.00417	0.44840	0.00444	0.00494
2	0.01086	0.00575	0.00621	0.00566	0.00718	0.00583	0.00434	0.09776	0.01151	0.07002	0.01499	0.01699	0.01162	0.00655	0.00485	0.06762	0.00287	0.00450	0.63988	0.00499
3	0.01013	0.12631	0.70689	0.01312	0.01990	0.01225	0.01670	0.01524	0.01018	0.01485	0.00845	0.00992	0.00615	0.00455	0.00442	0.00147	0.00691	0.00346	0.00205	0.00704
4	0.01030	0.00700	0.00844	0.00810	0.00994	0.00709	0.00645	0.08516	0.13640	0.10226	0.09656	0.17280	0.12222	0.01065	0.00574	0.00180	0.00366	0.19499	0.00483	0.00561
5	0.00668	0.00495	0.00623	0.00591	0.00713	0.00450	0.00443	0.00880	0.01329	0.01842	0.67774	0.03786	0.16552	0.01028	0.00572	0.00154	0.00231	0.00900	0.00520	0.00450
6	0.00749	0.00547	0.00736	0.00831	0.00950	0.00535	0.00717	0.00956	0.01114	0.01429	0.02927	0.05343	0.14643	0.01322	0.00654	0.00214	0.00415	0.65030	0.00447	0.00441
7	0.00910	0.00636	0.00761	0.00731	0.00881	0.03322	0.02064	0.02653	0.05539	0.10742	0.17924	0.30903	0.16442	0.01126	0.00571	0.00172	0.00327	0.03320	0.00476	0.00502
8	0.39940	0.02776	0.01052	0.03885	0.07562	0.09458	0.00743	0.14339	0.01183	0.02029	0.00994	0.04631	0.00846	0.00559	0.00395	0.00148	0.00472	0.02986	0.05412	0.00588

[dist]
# distance from previous block
# <min> <max>
9	65

[block]
# block no. 2 follows, 52 sequences, length 11
# corresponding to MSA columns:
# 146-155,166
name=unknown_C
#
# <colnr> <probs for GDERKNQSTAVLIFYWHMCP>
#	G	D	E	R	K	N	Q	S	T	A	V	L	I	F	Y	W	H	M	C	P
0	0.00957	0.00687	0.02432	0.00951	0.08617	0.00668	0.00640	0.07509	0.01040	0.07972	0.03420	0.16417	0.03731	0.24074	0.13396	0.00347	0.00567	0.05712	0.00369	0.00492
1	0.01098	0.22468	0.20921	0.07856	0.01625	0.03355	0.05464	0.08028	0.01110	0.01474	0.05011	0.01411	0.03273	0.03868	0.08363	0.00215	0.03154	0.00433	0.00267	0.00608
2	0.08247	0.00845	0.05163	0.00811	0.04412	0.00765	0.00642	0.10975	0.03314	0.03661	0.04977	0.01786	0.05070	0.00670	0.01612	0.02394	0.00378	0.03126	0.27322	0.13832
3	0.00686	0.00511	0.00754	0.00761	0.00840	0.00586	0.00582	0.00846	0.00785	0.01124	0.01398	0.07254	0.01366	0.06974	0.72330	0.00727	0.01195	0.00584	0.00274	0.00424
4	0.01000	0.00853	0.00989	0.00738	0.01135	0.00680	0.00584	0.01306	0.07567	0.01599	0.01049	0.05341	0.00912	0.00445	0.00384	0.00086	0.00357	0.00366	0.00313	0.74297
5	0.44011	0.27507	0.09943	0.00795	0.01160	0.01350	0.00772	0.01426	0.00901	0.01726	0.00724	0.00853	0.00593	0.00457	0.00367	0.00136	0.03317	0.00284	0.03101	0.00574
6	0.00937	0.03382	0.02132	0.01992	0.01066	0.00644	0.04813	0.01170	0.04470	0.09286	0.07837	0.27929	0.07070	0.00987	0.00538	0.00161	0.00374	0.09711	0.00419	0.15082
7	0.03449	0.41202	0.27102	0.01016	0.01485	0.01435	0.03128	0.03235	0.01050	0.01409	0.06045	0.05513	0.01024	0.00532	0.00403	0.00132	0.00554	0.00405	0.00251	0.00632
8	0.01217	0.29292	0.31519	0.01198	0.01694	0.08087	0.08736	0.01546	0.01059	0.05246	0.00908	0.03606	0.00742	0.00494	0.00455	0.00138	0.02784	0.00383	0.00241	0.00656
9	0.01712	0.11173	0.01549	0.01056	0.01445	0.01499	0.00887	0.62483	0.04889	0.02713	0.01119	0.01133	0.00819	0.00553	0.00458	0.00137	0.00517	0.00412	0.00442	0.05002
10	0.01292	0.50273	0.19850	0.01045	0.01527	0.01653	0.04425	0.12117	0.01179	0.01511	0.00799	0.00909	0.00653	0.00448	0.00380	0.00123	0.00578	0.00319	0.00247	0.00672

[dist]
# distance from previous block
# <min> <max>
1	7

[block]
# block no. 3 follows, 52 sequences, length 7
# corresponding to MSA columns:
# 174-180
name=unknown_D
#
# <colnr> <probs for GDERKNQSTAVLIFYWHMCP>
#	G	D	E	R	K	N	Q	S	T	A	V	L	I	F	Y	W	H	M	C	P
0	0.12848	0.09975	0.04963	0.00818	0.01131	0.00913	0.02072	0.05927	0.04905	0.14438	0.06428	0.09317	0.05129	0.00697	0.00454	0.00143	0.00406	0.04838	0.02020	0.12579
1	0.01195	0.07212	0.05409	0.00933	0.01192	0.01035	0.00791	0.29341	0.06753	0.02032	0.06097	0.21535	0.01901	0.00923	0.00534	0.00168	0.00442	0.11446	0.00438	0.00622
2	0.05734	0.03657	0.01026	0.00843	0.01062	0.00912	0.00677	0.14136	0.07365	0.14800	0.01566	0.01789	0.05475	0.04852	0.25161	0.00355	0.04956	0.00507	0.04527	0.00600
3	0.07465	0.03838	0.17605	0.01230	0.01632	0.04898	0.20664	0.01349	0.01059	0.01538	0.06272	0.01596	0.08892	0.00576	0.00569	0.00147	0.07325	0.00496	0.00282	0.12568
4	0.01560	0.01206	0.01454	0.25710	0.02062	0.01373	0.01051	0.54832	0.01879	0.02501	0.01071	0.01203	0.00770	0.00552	0.00485	0.00150	0.00568	0.00435	0.00403	0.00737
5	0.00855	0.00633	0.00791	0.00737	0.00828	0.00703	0.00538	0.10561	0.00954	0.01308	0.01512	0.02386	0.05226	0.33199	0.32871	0.00522	0.05035	0.00599	0.00308	0.00433
6	0.01174	0.47406	0.25787	0.01002	0.01496	0.01546	0.01099	0.01554	0.07371	0.01357	0.00850	0.00949	0.00695	0.00445	0.00374	0.00122	0.00557	0.00314	0.00235	0.05667

[dist]
# distance from previous block
# <min> <max>
5	15

[block]
# block no. 4 follows, 52 sequences, length 16
# corresponding to MSA columns:
# 199-214
name=unknown_E
#
# <colnr> <probs for GDERKNQSTAVLIFYWHMCP>
#	G	D	E	R	K	N	Q	S	T	A	V	L	I	F	Y	W	H	M	C	P
0	0.00942	0.00888	0.01483	0.64203	0.15777	0.01051	0.01313	0.01248	0.00999	0.01299	0.01101	0.01469	0.05184	0.00518	0.00489	0.00159	0.00612	0.00465	0.00233	0.00569
1	0.00981	0.05541	0.08300	0.01196	0.01442	0.01005	0.21283	0.01196	0.00918	0.03442	0.01164	0.06832	0.01128	0.18530	0.07504	0.00281	0.15260	0.00574	0.00269	0.03151
2	0.07412	0.00883	0.01366	0.68494	0.02972	0.01089	0.01232	0.01371	0.07883	0.01379	0.00946	0.01300	0.00711	0.00497	0.00471	0.00161	0.00602	0.00428	0.00246	0.00558
3	0.01730	0.01292	0.01386	0.01087	0.01451	0.01435	0.00889	0.67095	0.11298	0.02879	0.01304	0.03651	0.00972	0.00618	0.00490	0.00149	0.00508	0.00477	0.00485	0.00805
4	0.01765	0.08566	0.01427	0.01162	0.01437	0.61215	0.00902	0.05163	0.01373	0.08285	0.00930	0.01115	0.00763	0.00536	0.00442	0.00130	0.00774	0.03125	0.00295	0.00597
5	0.01197	0.00998	0.01075	0.00967	0.01228	0.01135	0.00762	0.09068	0.61417	0.02069	0.06890	0.02143	0.01717	0.00724	0.00511	0.00166	0.00392	0.06323	0.00491	0.00728
6	0.01781	0.05340	0.01161	0.00860	0.01191	0.00865	0.00707	0.09116	0.09519	0.49483	0.12950	0.01857	0.01647	0.00650	0.00490	0.00149	0.00400	0.00532	0.00547	0.00755
7	0.01464	0.01107	0.01859	0.01382	0.01771	0.01079	0.32989	0.19942	0.01485	0.18560	0.09740	0.03740	0.01333	0.00582	0.00534	0.00156	0.00586	0.00576	0.00414	0.00702
8	0.01010	0.00914	0.01500	0.34234	0.23758	0.02500	0.04922	0.01213	0.00950	0.01274	0.00903	0.03066	0.00773	0.00719	0.00797	0.15173	0.05064	0.00454	0.00228	0.00547
9	0.00633	0.00457	0.00608	0.00714	0.00769	0.00432	0.00521	0.00751	0.00980	0.01290	0.02770	0.60772	0.07314	0.01461	0.00628	0.00201	0.00317	0.18527	0.00449	0.00406
10	0.01081	0.26510	0.52741	0.01308	0.06289	0.01363	0.01487	0.01507	0.01016	0.01420	0.00814	0.00960	0.00625	0.00445	0.00417	0.00138	0.00649	0.00333	0.00207	0.00691
11	0.01158	0.01157	0.04270	0.12397	0.68397	0.01142	0.01479	0.01459	0.01085	0.01540	0.00904	0.01205	0.00748	0.00439	0.00480	0.00146	0.00588	0.00429	0.00236	0.00739
12	0.00759	0.00592	0.00832	0.01033	0.10468	0.00573	0.00731	0.00946	0.01077	0.01401	0.02800	0.19357	0.16263	0.01243	0.00620	0.00198	0.00395	0.39821	0.00423	0.00469
13	0.01239	0.38658	0.36107	0.01093	0.01627	0.05808	0.01244	0.01572	0.01048	0.06348	0.00841	0.00944	0.00655	0.00451	0.00394	0.00129	0.00617	0.00319	0.00233	0.00672
14	0.00987	0.05439	0.09618	0.04667	0.01483	0.00825	0.17942	0.01236	0.01060	0.09158	0.01952	0.22831	0.09412	0.00966	0.03491	0.00189	0.00532	0.04423	0.00357	0.03431
15	0.01592	0.02972	0.21973	0.01163	0.07392	0.03564	0.01058	0.01885	0.01224	0.40505	0.03229	0.01668	0.01144	0.00703	0.03436	0.00176	0.00552	0.04600	0.00427	0.00736

[dist]
# distance from previous block
# <min> <max>
0	1

[block]
# block no. 5 follows, 52 sequences, length 16
# corresponding to MSA columns:
# 216-231
name=unknown_F
#
# <colnr> <probs for GDERKNQSTAVLIFYWHMCP>
#	G	D	E	R	K	N	Q	S	T	A	V	L	I	F	Y	W	H	M	C	P
0	0.01129	0.01096	0.01788	0.27560	0.53604	0.03569	0.01426	0.01423	0.01070	0.01463	0.00891	0.01218	0.00725	0.00450	0.00480	0.00149	0.00607	0.00428	0.00233	0.00690
1	0.01171	0.01150	0.01828	0.18115	0.54050	0.04944	0.04426	0.01520	0.05226	0.01519	0.00953	0.01238	0.00774	0.00456	0.00483	0.00148	0.00603	0.00438	0.00249	0.00709
2	0.02044	0.00955	0.01224	0.00948	0.01318	0.03713	0.03543	0.09167	0.05492	0.63578	0.01772	0.01574	0.01143	0.00591	0.00489	0.00150	0.00453	0.00483	0.00558	0.00806
3	0.09192	0.00978	0.01149	0.00902	0.01264	0.03406	0.00740	0.14483	0.05601	0.54641	0.01654	0.01483	0.01079	0.00584	0.00470	0.00149	0.00441	0.00458	0.00539	0.00788
4	0.01195	0.01296	0.04807	0.16961	0.42137	0.09628	0.13977	0.01502	0.01111	0.01471	0.00895	0.01193	0.00719	0.00446	0.00490	0.00149	0.00665	0.00439	0.00236	0.00683
5	0.00765	0.00623	0.00680	0.00654	0.00826	0.00610	0.00504	0.03336	0.15572	0.01585	0.15022	0.03896	0.42569	0.03959	0.00630	0.00177	0.00302	0.07331	0.00466	0.00493
6	0.01107	0.01054	0.01809	0.13635	0.56818	0.01078	0.05448	0.01396	0.01088	0.01516	0.01151	0.01648	0.03160	0.00531	0.00503	0.00154	0.00579	0.06374	0.00259	0.00695
7	0.01195	0.01094	0.01317	0.04592	0.01339	0.06443	0.02210	0.14753	0.06740	0.01668	0.08016	0.01509	0.03708	0.00756	0.01004	0.00177	0.38569	0.00491	0.03829	0.00589
8	0.00623	0.00493	0.00561	0.00544	0.00685	0.00431	0.00408	0.00793	0.01223	0.01591	0.38183	0.04199	0.46300	0.01122	0.00572	0.00159	0.00238	0.00958	0.00487	0.00431
9	0.01308	0.01357	0.01861	0.02668	0.65994	0.15357	0.01389	0.01567	0.01151	0.01513	0.00883	0.01141	0.00742	0.00444	0.00472	0.00141	0.00629	0.00410	0.00242	0.00731
10	0.00807	0.00444	0.00647	0.00650	0.00678	0.00461	0.00454	0.00719	0.00700	0.00986	0.01051	0.04177	0.01024	0.02003	0.18281	0.58977	0.00585	0.00474	0.06604	0.00281
11	0.01054	0.16926	0.51150	0.06736	0.01942	0.04751	0.03602	0.01485	0.01049	0.01449	0.04903	0.01132	0.00826	0.00481	0.00443	0.00144	0.00660	0.00376	0.00226	0.00665
12	0.01275	0.23901	0.10279	0.01081	0.05368	0.05152	0.00937	0.12267	0.11110	0.03097	0.01038	0.01166	0.00835	0.00691	0.04056	0.02841	0.05621	0.00381	0.02939	0.05964
13	0.01508	0.05716	0.11692	0.02719	0.07818	0.33720	0.01048	0.10957	0.04145	0.04890	0.00962	0.02734	0.00774	0.00529	0.00489	0.00136	0.03604	0.00383	0.00297	0.05879
14	0.01096	0.00867	0.02574	0.01037	0.09474	0.00757	0.04281	0.06765	0.03596	0.09321	0.11811	0.03755	0.11838	0.00709	0.02144	0.00141	0.00414	0.00557	0.00386	0.28478
15	0.03829	0.03853	0.04669	0.00987	0.01288	0.13445	0.08692	0.09105	0.03915	0.08420	0.22798	0.02007	0.05973	0.00666	0.00491	0.00140	0.00489	0.00562	0.00400	0.08271

[dist]
# distance from previous block
# <min> <max>
0	8

[block]
# block no. 6 follows, 52 sequences, length 15
# corresponding to MSA columns:
# 242-256
name=unknown_G
#
# <colnr> <probs for GDERKNQSTAVLIFYWHMCP>
#	G	D	E	R	K	N	Q	S	T	A	V	L	I	F	Y	W	H	M	C	P
0	0.02541	0.07212	0.42141	0.01201	0.04792	0.01073	0.01292	0.03493	0.05583	0.06182	0.03485	0.01266	0.00893	0.00506	0.00468	0.00140	0.02220	0.01954	0.00282	0.13273
1	0.01123	0.25858	0.31333	0.01303	0.03625	0.02996	0.15484	0.01484	0.01057	0.02707	0.03525	0.01160	0.01772	0.00518	0.01814	0.00148	0.00650	0.00398	0.00238	0.02805
2	0.00989	0.05378	0.07537	0.18856	0.06412	0.05311	0.11252	0.03593	0.01095	0.01432	0.02953	0.10298	0.07288	0.00747	0.00543	0.00164	0.02238	0.09413	0.02550	0.01952
3	0.01481	0.20263	0.03322	0.01051	0.05170	0.11083	0.03239	0.10882	0.04645	0.18085	0.01602	0.01772	0.08445	0.02187	0.00497	0.00148	0.00522	0.04563	0.00381	0.00662
4	0.03002	0.22483	0.43419	0.02891	0.04827	0.01349	0.04892	0.07452	0.01121	0.03089	0.00866	0.01004	0.00654	0.00458	0.00428	0.00140	0.00637	0.00354	0.00240	0.00694
5	0.00711	0.00480	0.00620	0.00682	0.00745	0.00457	0.00478	0.00843	0.02699	0.04600	0.08561	0.51223	0.04771	0.12243	0.00857	0.00229	0.00325	0.08619	0.00442	0.00417
6	0.00696	0.00466	0.00531	0.00540	0.00542	0.00464	0.00306	0.00702	0.00722	0.00963	0.01615	0.09311	0.01873	0.76678	0.02324	0.00449	0.00455	0.00757	0.00306	0.00301
7	0.01123	0.01001	0.04854	0.01278	0.11459	0.03368	0.13122	0.06169	0.06791	0.07948	0.17461	0.02146	0.05133	0.07007	0.00665	0.00173	0.00487	0.02174	0.00383	0.07259
8	0.02741	0.01112	0.05243	0.31681	0.36174	0.01144	0.02494	0.07375	0.03190	0.02841	0.00951	0.01240	0.00741	0.00473	0.00479	0.00152	0.00597	0.00431	0.00262	0.00680
9	0.01119	0.01086	0.01724	0.13437	0.54049	0.04613	0.03423	0.01391	0.01103	0.01511	0.05745	0.01524	0.03885	0.02693	0.00543	0.00156	0.00570	0.00485	0.00264	0.00680
10	0.01147	0.37532	0.24629	0.07301	0.02862	0.06183	0.02438	0.01457	0.02555	0.01306	0.00990	0.01159	0.04092	0.02446	0.00449	0.00137	0.00594	0.00362	0.00230	0.02130
11	0.00689	0.02501	0.00655	0.00605	0.00719	0.00504	0.00439	0.00867	0.03081	0.01516	0.33621	0.13474	0.19916	0.13588	0.02399	0.00219	0.00313	0.02063	0.00447	0.02384
12	0.03246	0.01032	0.01483	0.16767	0.26158	0.01098	0.02508	0.14218	0.06480	0.03764	0.03607	0.02958	0.00992	0.02522	0.00557	0.00154	0.03070	0.00466	0.00322	0.08600
13	0.01181	0.01155	0.04427	0.06487	0.29372	0.08320	0.05667	0.06345	0.04941	0.03854	0.03107	0.09836	0.03161	0.00622	0.00494	0.00147	0.00542	0.01949	0.00318	0.08076
14	0.04441	0.03618	0.05461	0.02737	0.12170	0.04155	0.06152	0.07614	0.08921	0.01708	0.07476	0.03112	0.12238	0.00647	0.00478	0.00140	0.00463	0.02332	0.00352	0.15785

[dist]
# distance from previous block
# <min> <max>
1	73

[block]
# block no. 7 follows, 52 sequences, length 30
# corresponding to MSA columns:
# 330-359
name=unknown_H
#
# <colnr> <probs for GDERKNQSTAVLIFYWHMCP>
#	G	D	E	R	K	N	Q	S	T	A	V	L	I	F	Y	W	H	M	C	P
0	0.06503	0.02887	0.03254	0.06288	0.34594	0.07321	0.04717	0.03615	0.03014	0.05905	0.04388	0.01261	0.00927	0.00473	0.00453	0.00135	0.00543	0.00418	0.00294	0.13009
1	0.08879	0.00939	0.01575	0.13462	0.23870	0.00954	0.16388	0.01270	0.01065	0.01556	0.09452	0.06139	0.05735	0.04192	0.00589	0.00169	0.00536	0.00584	0.00300	0.02345
2	0.05468	0.01109	0.04204	0.09316	0.36228	0.01110	0.14697	0.03251	0.02718	0.01571	0.02595	0.02584	0.04522	0.00622	0.02880	0.00174	0.05521	0.00499	0.00269	0.00663
3	0.01842	0.01357	0.01454	0.01115	0.01503	0.01503	0.00921	0.78330	0.02278	0.03054	0.01163	0.01163	0.00824	0.00582	0.00485	0.00145	0.00533	0.00436	0.00485	0.00824
4	0.00794	0.00602	0.00870	0.02485	0.10550	0.00591	0.02199	0.01004	0.05097	0.03967	0.04774	0.49472	0.02624	0.02702	0.00625	0.00192	0.00366	0.10177	0.00423	0.00487
5	0.00604	0.00431	0.00559	0.00652	0.00685	0.00404	0.00432	0.00686	0.00924	0.01231	0.04914	0.69867	0.05565	0.09621	0.00800	0.00222	0.00297	0.01284	0.00437	0.00386
6	0.01727	0.01142	0.01272	0.01019	0.01370	0.01234	0.00828	0.38397	0.25072	0.20280	0.01576	0.01467	0.01106	0.00609	0.00488	0.00152	0.00461	0.00481	0.00513	0.00807
7	0.01009	0.04967	0.48899	0.01381	0.06267	0.01054	0.09160	0.01475	0.03448	0.04107	0.03526	0.08384	0.03008	0.00590	0.00489	0.00156	0.00627	0.00511	0.00270	0.00671
8	0.01045	0.01128	0.04065	0.03389	0.06798	0.01056	0.48871	0.01455	0.06094	0.01532	0.01379	0.10805	0.01258	0.00644	0.00572	0.00172	0.00672	0.08146	0.00302	0.00617
9	0.00606	0.00441	0.00567	0.00659	0.00709	0.00409	0.00454	0.00703	0.00962	0.01264	0.04814	0.64514	0.11977	0.04366	0.00681	0.00203	0.00292	0.05537	0.00446	0.00396
10	0.02814	0.01802	0.40676	0.01409	0.06305	0.03512	0.11565	0.05973	0.01186	0.14910	0.02436	0.03266	0.00879	0.00519	0.00484	0.00153	0.00640	0.00448	0.00309	0.00715
11	0.01314	0.01484	0.06931	0.04322	0.41207	0.19646	0.03803	0.03962	0.04691	0.01519	0.00968	0.03447	0.00818	0.00509	0.00513	0.00146	0.03330	0.00436	0.00263	0.00690
12	0.01081	0.00718	0.00807	0.00718	0.00871	0.00784	0.00556	0.19411	0.01257	0.01886	0.03848	0.03937	0.01380	0.11889	0.04874	0.00217	0.05826	0.03491	0.35926	0.00522
13	0.01152	0.00972	0.01134	0.03397	0.06219	0.03173	0.00705	0.10377	0.01182	0.03392	0.01010	0.01136	0.02508	0.00422	0.00395	0.00093	0.00416	0.00340	0.00314	0.61662
14	0.01301	0.09788	0.05018	0.03242	0.17069	0.25103	0.01007	0.01552	0.04881	0.03246	0.01091	0.06890	0.00998	0.00762	0.04634	0.00176	0.05859	0.03165	0.00281	0.03936
15	0.00773	0.00635	0.00974	0.03374	0.01105	0.00630	0.10385	0.01006	0.05359	0.02502	0.06393	0.39991	0.08097	0.02869	0.00668	0.00194	0.02851	0.11309	0.00415	0.00471
16	0.01025	0.00833	0.00975	0.00723	0.01114	0.00656	0.00575	0.01294	0.04913	0.04596	0.06529	0.01354	0.03279	0.00451	0.00391	0.00088	0.00350	0.00369	0.00331	0.70155
17	0.00968	0.01057	0.06690	0.04893	0.10228	0.00987	0.27323	0.01256	0.01080	0.01506	0.11938	0.09804	0.04357	0.00714	0.00676	0.00168	0.10410	0.02893	0.00310	0.02740
18	0.01714	0.02154	0.01382	0.09924	0.01696	0.72414	0.00980	0.01860	0.01330	0.01192	0.00761	0.00919	0.00627	0.00498	0.00442	0.00129	0.00849	0.00325	0.00246	0.00559
19	0.01118	0.00986	0.01474	0.05288	0.19233	0.00876	0.09679	0.02366	0.01068	0.04684	0.00928	0.01126	0.00747	0.00408	0.00445	0.00109	0.01935	0.00371	0.00282	0.46875
20	0.00701	0.00485	0.00607	0.00607	0.00635	0.00513	0.00392	0.00755	0.00728	0.00998	0.01455	0.02772	0.01588	0.57984	0.27215	0.00567	0.00731	0.00646	0.00283	0.00337
21	0.00925	0.00832	0.01299	0.04426	0.11248	0.00837	0.14313	0.03158	0.12971	0.01557	0.04416	0.17574	0.12754	0.00914	0.00564	0.00174	0.00463	0.10615	0.00388	0.00570
22	0.05184	0.16811	0.42259	0.03662	0.04816	0.03836	0.01351	0.08301	0.01149	0.03764	0.02530	0.01143	0.00775	0.00494	0.00435	0.00144	0.00622	0.01780	0.00260	0.00684
23	0.00694	0.00511	0.00736	0.00736	0.00808	0.00582	0.00552	0.00838	0.00766	0.01093	0.01337	0.02121	0.01306	0.17261	0.67551	0.00726	0.01156	0.00551	0.00265	0.00409
24	0.03595	0.00860	0.01120	0.00865	0.01230	0.00777	0.00713	0.09172	0.01448	0.68174	0.03037	0.01715	0.03740	0.00621	0.00488	0.00150	0.00415	0.00502	0.00578	0.00801
25	0.01122	0.01105	0.04164	0.19184	0.58612	0.01108	0.01422	0.01423	0.01070	0.01519	0.00926	0.01237	0.00756	0.00449	0.00475	0.00147	0.00581	0.00430	0.03564	0.00706
26	0.00716	0.00481	0.00576	0.00581	0.00606	0.00494	0.00368	0.00765	0.00752	0.01036	0.01547	0.03029	0.01705	0.62795	0.14220	0.00487	0.00583	0.04514	0.04416	0.00330
27	0.01286	0.80937	0.04782	0.00845	0.01268	0.01895	0.00857	0.01453	0.00986	0.01151	0.00679	0.00784	0.00622	0.00416	0.00315	0.00105	0.00524	0.00262	0.00207	0.00625
28	0.86392	0.00937	0.00712	0.00637	0.00937	0.01087	0.00525	0.01425	0.00825	0.02174	0.00675	0.00787	0.00525	0.00450	0.00300	0.00150	0.00375	0.00262	0.00300	0.00525
29	0.01561	0.05041	0.01303	0.01075	0.01366	0.29085	0.00843	0.16271	0.29569	0.04450	0.01327	0.01314	0.01007	0.00573	0.00459	0.00142	0.00584	0.00428	0.02909	0.00692

[dist]
# distance from previous block
# <min> <max>
0	1

[block]
# block no. 8 follows, 52 sequences, length 19
# corresponding to MSA columns:
# 361-379
name=unknown_I
#
# <colnr> <probs for GDERKNQSTAVLIFYWHMCP>
#	G	D	E	R	K	N	Q	S	T	A	V	L	I	F	Y	W	H	M	C	P
0	0.01106	0.01224	0.02504	0.01840	0.02218	0.01241	0.60323	0.01443	0.01058	0.01466	0.00983	0.04533	0.00816	0.00537	0.00768	0.00174	0.16323	0.00576	0.00247	0.00620
1	0.00806	0.00605	0.00734	0.02504	0.00898	0.00576	0.00537	0.03243	0.07957	0.03914	0.33143	0.11681	0.18404	0.01012	0.00556	0.00160	0.00298	0.06244	0.00475	0.06251
2	0.63090	0.01163	0.07340	0.00761	0.01098	0.06959	0.00671	0.03517	0.00946	0.02027	0.02583	0.00904	0.00656	0.00465	0.00339	0.00143	0.00439	0.00295	0.00298	0.06307
3	0.02386	0.00674	0.00747	0.00716	0.00860	0.05951	0.02200	0.02749	0.03591	0.02814	0.33152	0.17568	0.18194	0.01070	0.00566	0.00165	0.00327	0.05331	0.00466	0.00472
4	0.01174	0.01131	0.06784	0.01143	0.03918	0.02415	0.14407	0.08363	0.01160	0.05371	0.00982	0.02619	0.00788	0.00455	0.00488	0.00116	0.04271	0.00396	0.00304	0.43717
5	0.01084	0.00854	0.00942	0.00849	0.01082	0.00934	0.00658	0.02014	0.49828	0.06314	0.21035	0.02461	0.08316	0.00779	0.00518	0.00161	0.00337	0.00661	0.00505	0.00667
6	0.01072	0.01021	0.01736	0.38440	0.45481	0.01118	0.01424	0.01375	0.01043	0.01428	0.00889	0.01241	0.00713	0.00455	0.00482	0.00152	0.00607	0.00431	0.00229	0.00664
7	0.01195	0.01065	0.01579	0.16427	0.38237	0.01152	0.01213	0.09262	0.17285	0.01759	0.01210	0.01479	0.00969	0.00533	0.00487	0.00153	0.00534	0.02774	0.01970	0.00716
8	0.00663	0.00497	0.00638	0.00641	0.00723	0.00517	0.00463	0.00777	0.00844	0.01126	0.02286	0.04872	0.20887	0.23380	0.38932	0.00533	0.00799	0.00713	0.00320	0.00390
9	0.10006	0.01141	0.01613	0.20529	0.33441	0.09228	0.06389	0.01411	0.01052	0.01488	0.00970	0.06437	0.00852	0.00533	0.00504	0.00153	0.02895	0.00472	0.00255	0.00630
10	0.00598	0.00492	0.00527	0.00518	0.00670	0.00420	0.00388	0.00745	0.01165	0.01453	0.21896	0.04427	0.62673	0.01174	0.00572	0.00161	0.00242	0.00990	0.00469	0.00420
11	0.00703	0.00476	0.00561	0.00561	0.00572	0.00487	0.00334	0.00725	0.00714	0.00964	0.01497	0.03008	0.01691	0.72748	0.12590	0.00510	0.00577	0.00681	0.00289	0.00312
12	0.00664	0.00483	0.00639	0.00725	0.00804	0.00458	0.00556	0.00815	0.01055	0.01390	0.10767	0.40354	0.10733	0.01374	0.00627	0.00198	0.00329	0.27153	0.00457	0.00420
13	0.01225	0.00977	0.01008	0.00877	0.01129	0.04731	0.00693	0.13797	0.32274	0.03585	0.01812	0.01884	0.06524	0.00667	0.00503	0.00147	0.03353	0.02825	0.15697	0.06294
14	0.00827	0.00577	0.00786	0.00852	0.00990	0.00554	0.00729	0.01038	0.01112	0.04239	0.04253	0.09691	0.04138	0.01247	0.00635	0.00206	0.00420	0.61044	0.00443	0.06218
15	0.00590	0.00422	0.00562	0.00675	0.00703	0.00394	0.00450	0.00675	0.00928	0.01237	0.02671	0.82653	0.03205	0.01518	0.00619	0.00197	0.00281	0.01378	0.00450	0.00394
16	0.01159	0.01046	0.03485	0.00826	0.01244	0.04120	0.00682	0.11719	0.04784	0.01781	0.00949	0.01058	0.00760	0.00412	0.00388	0.00091	0.00416	0.00322	0.00319	0.64439
17	0.03101	0.03549	0.40476	0.03472	0.19641	0.01102	0.06193	0.01550	0.04591	0.03984	0.01001	0.03052	0.00779	0.00483	0.00466	0.00148	0.00623	0.00418	0.00253	0.05118
18	0.01153	0.10981	0.30606	0.05655	0.18089	0.04761	0.04650	0.02667	0.01077	0.03872	0.00886	0.01071	0.00687	0.00451	0.00460	0.00137	0.01893	0.00371	0.00242	0.10292

[dist]
# distance from previous block
# <min> <max>
0	2

[block]
# block no. 9 follows, 52 sequences, length 32
# corresponding to MSA columns:
# 382-413
name=unknown_J
#
# <colnr> <probs for GDERKNQSTAVLIFYWHMCP>
#	G	D	E	R	K	N	Q	S	T	A	V	L	I	F	Y	W	H	M	C	P
0	0.01098	0.11941	0.19820	0.01568	0.06616	0.01262	0.28884	0.03872	0.01062	0.01472	0.00978	0.05419	0.00831	0.00635	0.03092	0.00178	0.09889	0.00495	0.00246	0.00642
1	0.00960	0.00923	0.01631	0.65459	0.07932	0.01085	0.10540	0.01289	0.00999	0.01310	0.00895	0.01300	0.00678	0.00474	0.00491	0.00160	0.00652	0.00448	0.02209	0.00564
2	0.01614	0.04898	0.03904	0.02415	0.08287	0.41747	0.00952	0.08336	0.06770	0.08955	0.03124	0.01335	0.02415	0.00565	0.00462	0.00138	0.00680	0.02433	0.00331	0.00639
3	0.00705	0.00529	0.00774	0.00772	0.00858	0.00613	0.00594	0.00898	0.02638	0.01137	0.01325	0.01963	0.01245	0.07443	0.75290	0.00749	0.01236	0.00529	0.00267	0.00434
4	0.01005	0.00861	0.01005	0.00718	0.01148	0.00646	0.00574	0.01220	0.01005	0.01579	0.00861	0.01005	0.00718	0.00359	0.00359	0.00072	0.00359	0.00287	0.00287	0.85932
5	0.00661	0.00493	0.00660	0.00731	0.00815	0.00464	0.01934	0.00799	0.01018	0.01323	0.04292	0.41755	0.15054	0.03710	0.00678	0.00206	0.00340	0.24210	0.00442	0.00415
6	0.01075	0.01251	0.11550	0.04691	0.13036	0.04238	0.18362	0.01387	0.02862	0.03193	0.06539	0.03678	0.03823	0.00676	0.02181	0.00175	0.16499	0.00524	0.00280	0.03979
7	0.00707	0.00509	0.00622	0.00588	0.00722	0.00465	0.00443	0.00931	0.02728	0.03282	0.56896	0.03714	0.21271	0.01014	0.00560	0.00154	0.00239	0.00879	0.03816	0.00459
8	0.00957	0.00520	0.00598	0.00566	0.00711	0.00500	0.00437	0.01204	0.03129	0.09225	0.21531	0.02542	0.05430	0.00742	0.00441	0.00135	0.00259	0.04197	0.46381	0.00494
9	0.00710	0.00488	0.00597	0.00570	0.00689	0.00451	0.00427	0.00926	0.01282	0.01849	0.58152	0.03432	0.12451	0.00946	0.00533	0.00147	0.00230	0.00821	0.14849	0.00451
10	0.00725	0.00592	0.00734	0.00713	0.00855	0.00576	0.03494	0.01072	0.13986	0.01527	0.16885	0.29028	0.25653	0.01153	0.00574	0.00172	0.00299	0.01015	0.00464	0.00481
11	0.05729	0.00948	0.01109	0.00884	0.01215	0.03441	0.00719	0.16069	0.06759	0.45178	0.09187	0.01701	0.01427	0.00627	0.00481	0.00149	0.00423	0.00503	0.02697	0.00754
12	0.05446	0.01227	0.01256	0.01082	0.03089	0.09522	0.01918	0.27377	0.25979	0.07059	0.01406	0.03953	0.01085	0.00662	0.00570	0.02892	0.03844	0.00484	0.00432	0.00716
13	0.02062	0.00820	0.01102	0.00857	0.01215	0.00724	0.00703	0.02306	0.04983	0.73125	0.05423	0.01746	0.01365	0.00620	0.00491	0.00151	0.00403	0.00508	0.00592	0.00805
14	0.01189	0.01139	0.01809	0.09635	0.62486	0.02937	0.01380	0.01599	0.09991	0.01595	0.01024	0.01270	0.00835	0.00464	0.00481	0.00147	0.00567	0.00442	0.00267	0.00743
15	0.00625	0.00493	0.00564	0.00546	0.00687	0.00432	0.00410	0.00797	0.01229	0.01604	0.39719	0.04178	0.44755	0.01117	0.00572	0.00158	0.00238	0.00955	0.00489	0.00432
16	0.01019	0.01214	0.13782	0.01489	0.08524	0.00985	0.27445	0.08308	0.01164	0.01588	0.01637	0.15511	0.08040	0.02032	0.02407	0.00184	0.01899	0.01847	0.00317	0.00608
17	0.01133	0.39773	0.39367	0.01169	0.01731	0.01498	0.06325	0.01497	0.01013	0.01353	0.00786	0.00928	0.00625	0.00436	0.00399	0.00131	0.00631	0.00326	0.00208	0.00668
18	0.00649	0.00452	0.00563	0.00609	0.00640	0.00433	0.00392	0.00725	0.00916	0.01240	0.14819	0.39690	0.02883	0.32231	0.01310	0.00293	0.00344	0.01041	0.00404	0.00366
19	0.00614	0.00522	0.00533	0.00525	0.00692	0.00456	0.00395	0.00812	0.05473	0.01383	0.08728	0.04449	0.71375	0.01183	0.00568	0.00163	0.00252	0.00988	0.00457	0.00432
20	0.86392	0.00937	0.00712	0.00637	0.00937	0.01087	0.00525	0.01425	0.00825	0.02174	0.00675	0.00787	0.00525	0.00450	0.00300	0.00150	0.00375	0.00262	0.00300	0.00525
21	0.00621	0.00436	0.00560	0.00643	0.00666	0.00418	0.00417	0.00687	0.00870	0.01162	0.02357	0.61265	0.02802	0.21138	0.03355	0.00279	0.00355	0.01192	0.00407	0.00371
22	0.00703	0.00585	0.00626	0.00599	0.00771	0.00553	0.00454	0.01058	0.14309	0.01562	0.19998	0.03965	0.50883	0.01082	0.00559	0.00161	0.00265	0.00912	0.00475	0.00479
23	0.00817	0.00445	0.00483	0.00511	0.00598	0.00438	0.00365	0.00997	0.00981	0.01627	0.01851	0.22052	0.01755	0.04396	0.00501	0.00149	0.00250	0.00694	0.60661	0.00430
24	0.00705	0.00485	0.00708	0.00723	0.00781	0.00535	0.00533	0.00787	0.00769	0.01079	0.01423	0.13311	0.01458	0.07491	0.51003	0.15966	0.00950	0.00633	0.00280	0.00379
25	0.01179	0.01140	0.01975	0.07816	0.71709	0.01150	0.04938	0.01475	0.01097	0.01560	0.00912	0.01210	0.00759	0.00434	0.00484	0.00146	0.00591	0.00438	0.00239	0.00748
26	0.00935	0.00551	0.00707	0.00681	0.00811	0.00586	0.00529	0.01182	0.04761	0.08981	0.01552	0.02052	0.01327	0.05176	0.35303	0.00425	0.00734	0.03937	0.29282	0.00488
27	0.01605	0.01077	0.01199	0.00973	0.01286	0.01160	0.00781	0.38329	0.18137	0.15892	0.01611	0.01767	0.02652	0.08045	0.00673	0.00182	0.00467	0.02933	0.00487	0.00745
28	0.01052	0.00916	0.02296	0.00872	0.01110	0.04352	0.04743	0.15828	0.15426	0.02869	0.04206	0.12476	0.28559	0.00931	0.00556	0.00163	0.01837	0.00783	0.00440	0.00584
29	0.01175	0.09940	0.36434	0.01393	0.05362	0.07597	0.13540	0.03634	0.02321	0.05627	0.04483	0.01362	0.02284	0.00519	0.00476	0.00149	0.00658	0.02101	0.00273	0.00674
30	0.00971	0.00943	0.01162	0.01046	0.01096	0.07831	0.00837	0.01089	0.00820	0.01149	0.01074	0.04668	0.03093	0.06928	0.22656	0.00371	0.43023	0.00511	0.00249	0.00483
31	0.06756	0.00928	0.02747	0.00766	0.01170	0.00764	0.00628	0.04727	0.07226	0.03445	0.03097	0.01146	0.00882	0.00423	0.00382	0.00093	0.00375	0.00334	0.00324	0.63788

[dist]
# distance from previous block
# <min> <max>
3	7

[block]
# block no. 10 follows, 52 sequences, length 19
# corresponding to MSA columns:
# 425-443
name=unknown_K
#
# <colnr> <probs for GDERKNQSTAVLIFYWHMCP>
#	G	D	E	R	K	N	Q	S	T	A	V	L	I	F	Y	W	H	M	C	P
0	0.00817	0.00699	0.01044	0.04330	0.21044	0.02164	0.02532	0.00960	0.00963	0.01304	0.01924	0.46981	0.02185	0.06154	0.00736	0.01780	0.02546	0.00979	0.00359	0.00497
1	0.16030	0.09057	0.15746	0.04535	0.32752	0.01188	0.04135	0.04146	0.01066	0.02887	0.00924	0.03786	0.00769	0.00483	0.00438	0.00146	0.00558	0.00411	0.00262	0.00681
2	0.04555	0.22857	0.04441	0.01004	0.01399	0.07927	0.00880	0.38234	0.01641	0.04015	0.00966	0.01019	0.00737	0.00504	0.00417	0.00127	0.00540	0.00359	0.00363	0.08014
3	0.00850	0.00544	0.00661	0.00609	0.00780	0.00476	0.00463	0.01024	0.01235	0.12257	0.34514	0.09234	0.30839	0.01041	0.00557	0.00157	0.00267	0.00894	0.00499	0.03098
4	0.01344	0.07380	0.08207	0.13954	0.03814	0.12016	0.12134	0.15587	0.08351	0.03571	0.01015	0.01186	0.00776	0.00528	0.00556	0.00151	0.06609	0.00427	0.00308	0.02087
5	0.02699	0.10726	0.04606	0.05815	0.12028	0.12724	0.01056	0.06083	0.01034	0.01381	0.00805	0.01116	0.00712	0.02469	0.02995	0.00186	0.30493	0.00395	0.02083	0.00593
6	0.00692	0.00519	0.00779	0.00779	0.00865	0.00606	0.00606	0.00865	0.00779	0.01125	0.01298	0.01904	0.01211	0.03634	0.81049	0.00779	0.01298	0.00519	0.00260	0.00433
7	0.70900	0.00916	0.00788	0.00679	0.00992	0.01018	0.00559	0.01597	0.00928	0.16543	0.00902	0.00946	0.00649	0.00477	0.00334	0.00150	0.00382	0.00304	0.00355	0.00580
8	0.00590	0.00422	0.00562	0.00675	0.00703	0.00394	0.00450	0.00675	0.00928	0.01237	0.02671	0.82653	0.03205	0.01518	0.00619	0.00197	0.00281	0.01378	0.00450	0.00394
9	0.00739	0.00536	0.00744	0.00731	0.00799	0.00619	0.00550	0.00882	0.00788	0.01164	0.01328	0.02069	0.01278	0.17356	0.53883	0.00621	0.05964	0.00540	0.08995	0.00416
10	0.00623	0.00503	0.00564	0.00597	0.00740	0.00444	0.00471	0.00768	0.01097	0.01339	0.04226	0.09280	0.57124	0.01270	0.00598	0.00180	0.00295	0.19016	0.00449	0.00417
11	0.01596	0.00964	0.01108	0.00929	0.01242	0.01019	0.00741	0.08926	0.40987	0.30360	0.01864	0.01695	0.01312	0.00626	0.00483	0.00155	0.00400	0.00512	0.04301	0.00779
12	0.01012	0.12491	0.70825	0.01313	0.01992	0.01223	0.01672	0.01524	0.01018	0.01486	0.00845	0.00993	0.00615	0.00455	0.00442	0.00147	0.00692	0.00346	0.00205	0.00705
13	0.04042	0.57404	0.24778	0.00981	0.01478	0.01663	0.01094	0.01474	0.00990	0.01288	0.00730	0.00848	0.00616	0.00429	0.00353	0.00119	0.00570	0.00288	0.00210	0.00646
14	0.01398	0.61290	0.02207	0.00926	0.01298	0.18403	0.00848	0.01621	0.05868	0.01204	0.00769	0.00861	0.00675	0.00447	0.00348	0.00112	0.00584	0.00288	0.00234	0.00618
15	0.70826	0.15996	0.01046	0.00672	0.00993	0.01239	0.00580	0.01429	0.00854	0.01985	0.00675	0.00785	0.00543	0.00443	0.00302	0.00141	0.00401	0.00262	0.00283	0.00543
16	0.01081	0.15349	0.61682	0.01245	0.01880	0.01214	0.01545	0.01550	0.01045	0.05687	0.02882	0.01083	0.00746	0.00474	0.00441	0.00145	0.00656	0.00362	0.00234	0.00700
17	0.00686	0.00519	0.00647	0.00632	0.00769	0.00466	0.00485	0.00880	0.01228	0.01674	0.43839	0.09941	0.19661	0.01084	0.00574	0.00162	0.00271	0.10298	0.00484	0.05698
18	0.01247	0.62802	0.19128	0.00964	0.01436	0.04894	0.01039	0.01488	0.01008	0.01226	0.00719	0.00834	0.00620	0.00428	0.00348	0.00115	0.00575	0.00282	0.00208	0.00640

[dist]
# distance from previous block
# <min> <max>
0	1

[block]
# block no. 11 follows, 52 sequences, length 27
# corresponding to MSA columns:
# 445-471
name=unknown_L
#
# <colnr> <probs for GDERKNQSTAVLIFYWHMCP>
#	G	D	E	R	K	N	Q	S	T	A	V	L	I	F	Y	W	H	M	C	P
0	0.01450	0.61350	0.06179	0.00867	0.01286	0.01626	0.00854	0.01656	0.02593	0.16743	0.00953	0.00981	0.00752	0.00458	0.00357	0.00116	0.00505	0.00315	0.00290	0.00669
1	0.00696	0.00466	0.00531	0.00540	0.00542	0.00464	0.00306	0.00702	0.00722	0.00962	0.01614	0.09243	0.01872	0.76747	0.02325	0.00449	0.00455	0.00756	0.00306	0.00301
2	0.01055	0.00891	0.01032	0.00741	0.01170	0.00697	0.00595	0.05805	0.01081	0.01667	0.00879	0.01014	0.00724	0.00372	0.00366	0.00076	0.00369	0.00296	0.00299	0.80871
3	0.01150	0.00771	0.00743	0.00639	0.00859	0.07735	0.00496	0.05472	0.01142	0.07708	0.01374	0.01526	0.01063	0.00524	0.00370	0.00111	0.00339	0.00410	0.50973	0.16594
4	0.00600	0.00426	0.00559	0.00663	0.00688	0.00400	0.00437	0.00677	0.00909	0.01212	0.02575	0.75994	0.03084	0.08342	0.00773	0.00220	0.00297	0.01321	0.00437	0.00385
5	0.01297	0.72076	0.09007	0.00894	0.01329	0.03598	0.00915	0.03927	0.01038	0.01235	0.00707	0.00812	0.00628	0.00426	0.00332	0.00110	0.00543	0.00274	0.00217	0.00635
6	0.01214	0.03311	0.01041	0.00802	0.01117	0.10426	0.00635	0.05748	0.01227	0.11225	0.13832	0.03665	0.06354	0.00609	0.00462	0.00117	0.01680	0.00490	0.00382	0.35663
7	0.02281	0.04691	0.01598	0.30026	0.21089	0.15579	0.02794	0.07088	0.05348	0.01506	0.00933	0.01189	0.00736	0.00491	0.00480	0.00147	0.01652	0.00410	0.01327	0.00635
8	0.00972	0.02507	0.80458	0.01381	0.02097	0.01125	0.01790	0.01535	0.01023	0.01535	0.00870	0.01023	0.00614	0.00460	0.00460	0.00153	0.00716	0.00358	0.00205	0.00716
9	0.01092	0.00906	0.01148	0.00951	0.02445	0.02308	0.07453	0.06367	0.18820	0.03549	0.08387	0.01718	0.01385	0.00824	0.07208	0.00182	0.00490	0.02491	0.05820	0.26455
10	0.00720	0.00482	0.00546	0.00534	0.00660	0.00445	0.00402	0.00911	0.01168	0.01683	0.31266	0.03432	0.25376	0.02768	0.00548	0.00153	0.00244	0.02795	0.25429	0.00438
11	0.14642	0.01172	0.01326	0.01035	0.01403	0.03752	0.05605	0.36689	0.05583	0.22025	0.01293	0.01260	0.00894	0.00557	0.00462	0.00149	0.00500	0.00433	0.00464	0.00757
12	0.01182	0.01133	0.01935	0.07875	0.75184	0.01147	0.01478	0.01472	0.01095	0.01562	0.00908	0.01205	0.00760	0.00435	0.00480	0.00145	0.00580	0.00432	0.00238	0.00753
13	0.00704	0.00472	0.00541	0.00541	0.00545	0.00477	0.00309	0.00713	0.00708	0.00949	0.01516	0.03109	0.01735	0.79064	0.06335	0.00485	0.00511	0.00696	0.00292	0.00300
14	0.51580	0.03330	0.11541	0.03915	0.02660	0.01094	0.05594	0.05199	0.00976	0.01980	0.00862	0.01097	0.00685	0.00490	0.00371	0.00151	0.00467	0.02765	0.04670	0.00574
15	0.00698	0.00467	0.00531	0.00537	0.00539	0.00465	0.00303	0.00703	0.00718	0.00957	0.01595	0.07897	0.01848	0.78126	0.02357	0.00454	0.00459	0.00745	0.00303	0.00300
16	0.08629	0.01150	0.01199	0.02855	0.03043	0.05200	0.00814	0.22151	0.35191	0.10368	0.01511	0.01447	0.01104	0.00591	0.00468	0.00152	0.00459	0.00465	0.00457	0.02746
17	0.01010	0.00773	0.00992	0.00885	0.00992	0.00934	0.01771	0.02913	0.11626	0.04527	0.01295	0.01702	0.01120	0.08943	0.14520	0.00298	0.24947	0.00495	0.19734	0.00525
18	0.00590	0.00422	0.00562	0.00675	0.00703	0.00394	0.00450	0.00675	0.00928	0.01237	0.02671	0.82653	0.03205	0.01518	0.00619	0.00197	0.00281	0.01378	0.00450	0.00394
19	0.34320	0.00902	0.00952	0.00787	0.01109	0.00939	0.00642	0.05702	0.09986	0.33914	0.03278	0.01364	0.01036	0.00556	0.00414	0.00151	0.00392	0.00414	0.02457	0.00685
20	0.00606	0.00435	0.00579	0.00688	0.00727	0.00408	0.00475	0.00703	0.00948	0.01257	0.02719	0.74208	0.05124	0.01496	0.00622	0.00198	0.00294	0.07665	0.00450	0.00398
21	0.01033	0.02725	0.00848	0.00741	0.02954	0.00631	0.00560	0.05972	0.01350	0.15642	0.40890	0.03147	0.18344	0.00911	0.00560	0.00153	0.01710	0.00774	0.00504	0.00549
22	0.01023	0.11103	0.61205	0.01481	0.10641	0.01196	0.01618	0.01499	0.01025	0.01490	0.00898	0.03079	0.00697	0.00479	0.00450	0.00148	0.00668	0.00381	0.00215	0.00703
23	0.00912	0.00795	0.01229	0.27164	0.14221	0.00907	0.01034	0.02783	0.01029	0.01398	0.04437	0.15006	0.01611	0.00853	0.00658	0.00179	0.09359	0.14026	0.01860	0.00536
24	0.06216	0.04088	0.13421	0.18291	0.28435	0.01112	0.04720	0.03887	0.03146	0.05447	0.01064	0.01460	0.00866	0.00522	0.00478	0.00155	0.00585	0.05157	0.00277	0.00673
25	0.02994	0.11145	0.02431	0.02393	0.12788	0.08659	0.02369	0.02469	0.05791	0.04518	0.06119	0.04659	0.05061	0.00555	0.00433	0.00121	0.00468	0.00458	0.00321	0.26249
26	0.01275	0.01229	0.07284	0.03169	0.12937	0.07218	0.06790	0.19384	0.05857	0.03482	0.04165	0.08024	0.02217	0.00618	0.00485	0.00143	0.00527	0.01703	0.02357	0.11137

[dist]
# distance from previous block
# <min> <max>
24	87

[block]
# block no. 12 follows, 52 sequences, length 9
# corresponding to MSA columns:
# 564-572
name=unknown_M
#
# <colnr> <probs for GDERKNQSTAVLIFYWHMCP>
#	G	D	E	R	K	N	Q	S	T	A	V	L	I	F	Y	W	H	M	C	P
