[name]
unknown

[dist]
# distance from previous block
# <min> <max>
0	57

[block]
# block no. 0 follows, 44 sequences, length 11
# corresponding to MSA columns:
# 66-76
name=unknown_A
#
# <colnr> <probs for GDERKNQSTAVLIFYWHMCP>
#	G	D	E	R	K	N	Q	S	T	A	V	L	I	F	Y	W	H	M	C	P
0	0.03742	0.02987	0.26029	0.01236	0.04218	0.01074	0.01218	0.10943	0.04551	0.13876	0.01897	0.05885	0.06426	0.00807	0.00565	0.00181	0.00581	0.10328	0.00427	0.03029
1	0.11934	0.20204	0.08004	0.03606	0.09444	0.01480	0.01056	0.16954	0.05262	0.09069	0.01141	0.01223	0.00867	0.00547	0.00460	0.00149	0.00563	0.00410	0.00378	0.07251
2	0.03090	0.06506	0.04458	0.09137	0.01572	0.04430	0.00900	0.06956	0.13987	0.13976	0.04232	0.10108	0.03110	0.02721	0.00600	0.00179	0.00512	0.04874	0.00456	0.08198
3	0.01454	0.06657	0.01276	0.00958	0.01279	0.06301	0.00775	0.10728	0.05628	0.13555	0.13162	0.03543	0.01790	0.00858	0.02380	0.03679	0.02721	0.04053	0.00456	0.18748
4	0.00739	0.00550	0.00687	0.00664	0.00797	0.00499	0.00494	0.00961	0.01448	0.01989	0.57700	0.09656	0.19385	0.01209	0.00647	0.00177	0.00265	0.01058	0.00575	0.00499
5	0.01355	0.01265	0.01665	0.14913	0.24234	0.06299	0.03774	0.08536	0.22405	0.01952	0.01681	0.01808	0.06405	0.00648	0.00553	0.00173	0.00601	0.00566	0.00387	0.00778
6	0.00668	0.00489	0.00628	0.00730	0.00786	0.00449	0.00495	0.00778	0.01097	0.01448	0.07632	0.66877	0.12653	0.01634	0.00687	0.00214	0.00308	0.01468	0.00512	0.00449
7	0.00764	0.00622	0.00688	0.00699	0.00857	0.00591	0.00512	0.01106	0.12164	0.01633	0.10772	0.24315	0.40578	0.01349	0.00645	0.00193	0.00308	0.01162	0.00522	0.00519
8	0.00701	0.00555	0.00631	0.00612	0.00771	0.00485	0.00459	0.00893	0.01377	0.01793	0.37639	0.04720	0.44902	0.01261	0.00644	0.00178	0.00268	0.01077	0.00548	0.00485
9	0.01316	0.01261	0.02153	0.11249	0.69796	0.01287	0.01657	0.01644	0.01226	0.01741	0.01020	0.01360	0.00849	0.00492	0.00540	0.00164	0.00656	0.00486	0.00267	0.00837
10	0.02127	0.09273	0.01411	0.00965	0.01362	0.01003	0.00809	0.09877	0.01615	0.54197	0.09889	0.01933	0.01642	0.00698	0.00537	0.00163	0.00468	0.00562	0.00608	0.00860

[dist]
# distance from previous block
# <min> <max>
0	2

[block]
# block no. 1 follows, 44 sequences, length 30
# corresponding to MSA columns:
# 79-108
name=unknown_B
#
# <colnr> <probs for GDERKNQSTAVLIFYWHMCP>
#	G	D	E	R	K	N	Q	S	T	A	V	L	I	F	Y	W	H	M	C	P
0	0.01287	0.01471	0.03217	0.02298	0.02849	0.01379	0.75460	0.01746	0.01287	0.01746	0.01103	0.01471	0.00827	0.00460	0.00643	0.00184	0.00919	0.00643	0.00276	0.00735
1	0.01233	0.01379	0.02974	0.02146	0.02653	0.01293	0.68273	0.01666	0.01290	0.01754	0.05179	0.05034	0.01174	0.00548	0.00646	0.00185	0.00858	0.00701	0.00303	0.00711
2	0.00710	0.00566	0.00644	0.00647	0.00784	0.00532	0.00473	0.00876	0.02859	0.01422	0.06661	0.08291	0.45428	0.11808	0.15497	0.00358	0.00534	0.01003	0.00449	0.00459
3	0.04884	0.18977	0.39877	0.04031	0.12249	0.05765	0.01587	0.01698	0.01156	0.01628	0.00914	0.01109	0.00714	0.00517	0.00511	0.00159	0.02831	0.00388	0.00244	0.00760
4	0.01458	0.81168	0.02857	0.00933	0.01399	0.02157	0.00933	0.01632	0.01108	0.01283	0.00758	0.00875	0.00700	0.00466	0.00350	0.00117	0.00583	0.00292	0.00233	0.00700
5	0.01233	0.01336	0.02741	0.02172	0.09142	0.01306	0.54832	0.01626	0.01237	0.01695	0.01266	0.04172	0.01091	0.00622	0.00735	0.00193	0.07058	0.06537	0.00297	0.00708
6	0.01156	0.01113	0.01200	0.08197	0.11307	0.11357	0.00902	0.01700	0.19673	0.01781	0.12199	0.04383	0.18368	0.00900	0.00584	0.00177	0.00504	0.03397	0.00446	0.00655
7	0.00689	0.00548	0.00618	0.00613	0.00767	0.00477	0.00455	0.00865	0.01331	0.01711	0.29798	0.10238	0.47334	0.01313	0.00648	0.00182	0.00273	0.01123	0.00538	0.00477
8	0.01326	0.15390	0.21555	0.07180	0.26178	0.07476	0.02810	0.01737	0.04452	0.01620	0.00988	0.01220	0.00797	0.00534	0.00562	0.00162	0.04551	0.00429	0.00263	0.00770
9	0.01273	0.00697	0.00742	0.00665	0.00865	0.00709	0.00518	0.10616	0.04100	0.08905	0.01902	0.02041	0.04019	0.00671	0.00432	0.00139	0.00323	0.00536	0.60239	0.00608
10	0.01337	0.36547	0.19009	0.06458	0.09534	0.04480	0.12340	0.01679	0.01172	0.01506	0.00900	0.01110	0.00735	0.00487	0.00466	0.00148	0.00711	0.00401	0.00245	0.00736
11	0.01030	0.00783	0.04906	0.04269	0.01159	0.00681	0.00705	0.06006	0.03549	0.10102	0.04452	0.46883	0.07986	0.01302	0.00635	0.00198	0.00397	0.01153	0.00499	0.03304
12	0.13692	0.08054	0.01375	0.01048	0.01357	0.11325	0.00846	0.26933	0.04541	0.04022	0.01398	0.11008	0.01230	0.00838	0.02619	0.00185	0.03033	0.00567	0.05216	0.00713
13	0.00947	0.00473	0.00710	0.00710	0.00710	0.00473	0.00473	0.00710	0.00710	0.00947	0.00947	0.01657	0.00947	0.01894	0.02131	0.84138	0.00473	0.00473	0.00237	0.00237
14	0.01495	0.01383	0.01409	0.01219	0.01548	0.10289	0.04818	0.09308	0.57221	0.02248	0.01920	0.01818	0.01443	0.00697	0.00551	0.00178	0.00536	0.00576	0.00508	0.00835
15	0.00713	0.00555	0.00648	0.00625	0.00779	0.00490	0.00468	0.00916	0.01405	0.01859	0.44302	0.04611	0.38198	0.01237	0.00644	0.00177	0.00266	0.01061	0.00557	0.00490
16	0.18878	0.01271	0.01791	0.09242	0.27514	0.06762	0.10576	0.01837	0.01241	0.14137	0.01143	0.01333	0.00856	0.00528	0.00509	0.00167	0.00637	0.00466	0.00348	0.00760
17	0.01202	0.01380	0.08928	0.33452	0.20192	0.03458	0.20304	0.01598	0.01193	0.01599	0.01013	0.01394	0.00780	0.00508	0.00565	0.00176	0.00772	0.00514	0.00257	0.00716
18	0.00664	0.00474	0.00633	0.00759	0.00791	0.00443	0.00506	0.00759	0.01044	0.01392	0.03005	0.80485	0.03606	0.01708	0.00696	0.00221	0.00316	0.01550	0.00506	0.00443
19	0.01349	0.01295	0.02213	0.03346	0.77440	0.01295	0.01673	0.01673	0.01241	0.01781	0.01025	0.01349	0.00864	0.00486	0.00540	0.00162	0.00648	0.00486	0.00270	0.00864
20	0.26561	0.05356	0.25509	0.01441	0.08031	0.01300	0.09868	0.04829	0.03846	0.06932	0.01053	0.01195	0.00777	0.00526	0.00476	0.00169	0.00636	0.00420	0.00324	0.00747
21	0.01107	0.01063	0.01605	0.03365	0.08180	0.01370	0.05013	0.01286	0.00911	0.01367	0.00951	0.01458	0.00892	0.01640	0.20302	0.00383	0.47737	0.00513	0.00256	0.00601
22	0.00663	0.00479	0.00628	0.00748	0.00788	0.00444	0.00501	0.00760	0.01055	0.01396	0.03145	0.76304	0.07696	0.01690	0.00693	0.00219	0.00314	0.01528	0.00506	0.00444
23	0.01852	0.01438	0.06567	0.01202	0.01585	0.01471	0.01027	0.50966	0.02072	0.09835	0.01354	0.01547	0.01030	0.08046	0.00851	0.00204	0.07106	0.00517	0.00492	0.00837
24	0.01072	0.09249	0.48737	0.01350	0.01935	0.01185	0.04406	0.01570	0.03476	0.01653	0.03106	0.09563	0.01305	0.00761	0.00592	0.02543	0.00686	0.05798	0.00298	0.00714
25	0.00783	0.00586	0.00731	0.00697	0.00837	0.00551	0.00521	0.01089	0.05643	0.02065	0.60616	0.08111	0.13401	0.01156	0.00641	0.00176	0.00272	0.01015	0.00582	0.00524
26	0.00791	0.00602	0.00900	0.00893	0.00987	0.00711	0.00697	0.00984	0.00875	0.01267	0.01438	0.02114	0.01344	0.03996	0.76405	0.00857	0.03779	0.00581	0.00290	0.00490
27	0.01130	0.00969	0.01130	0.00807	0.01292	0.00727	0.00646	0.01373	0.01130	0.01776	0.00969	0.01130	0.00807	0.00404	0.00404	0.00081	0.00404	0.00323	0.00323	0.84173
28	0.08777	0.01651	0.01502	0.01222	0.01605	0.16362	0.00982	0.46766	0.11063	0.02814	0.01283	0.01298	0.00944	0.00635	0.00519	0.00162	0.00639	0.00463	0.00479	0.00835
29	0.01387	0.01289	0.02113	0.09537	0.64565	0.01323	0.01603	0.08197	0.01346	0.01895	0.01046	0.01354	0.00858	0.00506	0.00541	0.00164	0.00650	0.00486	0.00292	0.00848

[dist]
# distance from previous block
# <min> <max>
0	2

[block]
# block no. 2 follows, 44 sequences, length 27
# corresponding to MSA columns:
# 111-115,122-143
name=unknown_C
#
# <colnr> <probs for GDERKNQSTAVLIFYWHMCP>
#	G	D	E	R	K	N	Q	S	T	A	V	L	I	F	Y	W	H	M	C	P
0	0.01270	0.01058	0.01357	0.11364	0.10891	0.01104	0.02108	0.12590	0.18482	0.03383	0.07249	0.04342	0.09226	0.00738	0.00550	0.00164	0.00493	0.00630	0.00440	0.12561
1	0.01493	0.09719	0.19012	0.01270	0.03857	0.06271	0.04325	0.13539	0.03505	0.09072	0.01256	0.01394	0.00946	0.00614	0.00608	0.00162	0.07884	0.00458	0.13867	0.00747
2	0.01311	0.41357	0.29966	0.01203	0.01748	0.01739	0.01339	0.04588	0.01163	0.01537	0.00961	0.01113	0.02376	0.00552	0.00540	0.00150	0.06999	0.00374	0.00251	0.00734
3	0.01287	0.01471	0.03217	0.02298	0.02849	0.01379	0.75460	0.01746	0.01287	0.01746	0.01103	0.01471	0.00827	0.00460	0.00643	0.00184	0.00919	0.00643	0.00276	0.00735
4	0.01322	0.01268	0.02164	0.09839	0.71160	0.01288	0.01660	0.01649	0.01228	0.01748	0.01021	0.01358	0.00852	0.00491	0.00540	0.00164	0.00654	0.00486	0.00268	0.00842
5	0.00670	0.00490	0.00630	0.00729	0.00786	0.00450	0.00496	0.00781	0.01103	0.01458	0.08592	0.66066	0.12491	0.01627	0.00686	0.00213	0.00307	0.01462	0.00513	0.00450
6	0.00644	0.00552	0.00552	0.00552	0.00736	0.00460	0.00414	0.00782	0.01243	0.01473	0.05523	0.05247	0.77218	0.01381	0.00644	0.00184	0.00276	0.01151	0.00506	0.00460
7	0.00780	0.00580	0.00856	0.00856	0.00947	0.00671	0.00656	0.00961	0.00870	0.01251	0.01479	0.02243	0.01407	0.09562	0.73267	0.00851	0.01394	0.00599	0.00295	0.00476
8	0.01904	0.01362	0.01474	0.01155	0.01541	0.01497	0.00946	0.62781	0.02315	0.04790	0.01417	0.03397	0.01061	0.00802	0.03323	0.00187	0.00589	0.00523	0.08075	0.00861
9	0.84691	0.01054	0.00801	0.00717	0.01054	0.01223	0.00590	0.01603	0.00928	0.02446	0.00759	0.00886	0.00590	0.00506	0.00337	0.00169	0.00422	0.00295	0.00337	0.00590
10	0.01242	0.01352	0.02825	0.04516	0.12751	0.01300	0.56647	0.01656	0.01238	0.01697	0.01121	0.01514	0.00878	0.00794	0.07685	0.00243	0.00926	0.00612	0.00275	0.00726
11	0.00684	0.00489	0.00652	0.00764	0.00808	0.00458	0.00524	0.00800	0.01099	0.01474	0.09706	0.70195	0.03724	0.01645	0.00694	0.00218	0.00319	0.04780	0.00514	0.00452
12	0.00664	0.00474	0.00633	0.00759	0.00791	0.00443	0.00506	0.00759	0.01044	0.01392	0.03005	0.80485	0.03606	0.01708	0.00696	0.00221	0.00316	0.01550	0.00506	0.00443
13	0.07607	0.21963	0.01767	0.01173	0.03090	0.27974	0.00943	0.12260	0.05706	0.01832	0.06609	0.01297	0.01114	0.00599	0.00489	0.00145	0.02062	0.00418	0.00349	0.02603
14	0.01510	0.74062	0.02738	0.00975	0.01425	0.09076	0.00944	0.01682	0.01147	0.01287	0.00766	0.00884	0.00700	0.00475	0.00363	0.00119	0.00619	0.00297	0.00238	0.00694
15	0.04099	0.01551	0.01549	0.01302	0.03702	0.12314	0.01024	0.41487	0.11809	0.06412	0.01329	0.01365	0.00983	0.00672	0.00646	0.00170	0.07789	0.00484	0.00475	0.00837
16	0.01350	0.00879	0.01184	0.01019	0.01282	0.02751	0.07407	0.04535	0.09387	0.19825	0.19592	0.10953	0.07008	0.01002	0.00622	0.00187	0.00451	0.09342	0.00547	0.00675
17	0.00943	0.00781	0.01127	0.02492	0.07986	0.00771	0.08556	0.01323	0.10143	0.01754	0.11875	0.15919	0.16464	0.03362	0.01968	0.00203	0.00439	0.02929	0.10383	0.00583
18	0.00663	0.00478	0.00629	0.00750	0.00788	0.00444	0.00502	0.00760	0.01052	0.01395	0.03112	0.77275	0.06746	0.01694	0.00694	0.00220	0.00315	0.01533	0.00506	0.00444
19	0.01415	0.01319	0.02188	0.06744	0.59506	0.01344	0.06851	0.10466	0.01395	0.01957	0.01062	0.01358	0.00862	0.00507	0.00548	0.00165	0.00665	0.00498	0.00302	0.00849
20	0.01472	0.65883	0.10584	0.01040	0.01525	0.08983	0.01057	0.01692	0.01152	0.01334	0.00789	0.00913	0.00699	0.00480	0.00380	0.00125	0.00642	0.00309	0.00237	0.00705
21	0.00735	0.00556	0.00678	0.00648	0.00792	0.00499	0.00486	0.00959	0.01458	0.01983	0.56753	0.04407	0.25670	0.01190	0.00643	0.00175	0.00263	0.01033	0.00573	0.00499
22	0.00682	0.00500	0.00609	0.00688	0.00746	0.00461	0.00457	0.00770	0.01042	0.01351	0.03305	0.51710	0.18568	0.15217	0.01042	0.00266	0.00344	0.01337	0.00476	0.00427
23	0.01123	0.01086	0.01602	0.56038	0.05289	0.04758	0.01374	0.01479	0.03777	0.01451	0.00979	0.01396	0.00768	0.00590	0.00681	0.00179	0.10116	0.00471	0.00261	0.06582
24	0.01366	0.01522	0.11155	0.05807	0.02210	0.03498	0.29267	0.13854	0.08741	0.01989	0.01309	0.01620	0.02258	0.00640	0.00701	0.01886	0.06207	0.02644	0.00348	0.02975
25	0.00960	0.08001	0.01096	0.02293	0.01068	0.04407	0.00720	0.01148	0.00963	0.01370	0.01383	0.03326	0.01279	0.05236	0.47383	0.00598	0.06732	0.00552	0.10966	0.00520
26	0.03674	0.28984	0.22655	0.01547	0.15128	0.06577	0.01325	0.01623	0.01140	0.01526	0.00953	0.01189	0.00801	0.00914	0.09583	0.00232	0.00779	0.00394	0.00252	0.00725

[dist]
# distance from previous block
# <min> <max>
3	8

[block]
# block no. 3 follows, 44 sequences, length 23
# corresponding to MSA columns:
# 152-174
name=unknown_D
#
# <colnr> <probs for GDERKNQSTAVLIFYWHMCP>
#	G	D	E	R	K	N	Q	S	T	A	V	L	I	F	Y	W	H	M	C	P
0	0.03871	0.01330	0.03078	0.01100	0.01410	0.13972	0.00887	0.07127	0.20205	0.20543	0.05179	0.04446	0.04456	0.00760	0.00642	0.00174	0.06875	0.00584	0.00492	0.02868
1	0.01104	0.01062	0.01345	0.03566	0.01305	0.06447	0.00965	0.01229	0.00892	0.01269	0.01027	0.01725	0.01030	0.13345	0.16979	0.00399	0.44972	0.00537	0.00266	0.00538
2	0.01110	0.00957	0.00998	0.00917	0.01182	0.01046	0.00708	0.02166	0.50459	0.02001	0.03361	0.03144	0.27778	0.00961	0.00586	0.00185	0.00378	0.00801	0.00538	0.00724
3	0.00767	0.00567	0.00709	0.00709	0.00838	0.00525	0.00545	0.00979	0.01371	0.01853	0.43426	0.04640	0.18998	0.07606	0.00833	0.00217	0.00327	0.14061	0.00542	0.00487
4	0.01193	0.01193	0.01670	0.01431	0.01431	0.01670	0.01193	0.01312	0.00835	0.01312	0.00716	0.01193	0.00716	0.00954	0.01789	0.00239	0.79843	0.00477	0.00239	0.00596
5	0.00664	0.00474	0.00633	0.00759	0.00791	0.00443	0.00506	0.00759	0.01044	0.01392	0.03005	0.80485	0.03606	0.01708	0.00696	0.00221	0.00316	0.01550	0.00506	0.00443
6	0.00761	0.00553	0.00717	0.00684	0.00810	0.00509	0.00510	0.01006	0.01506	0.02118	0.70617	0.07916	0.07936	0.01155	0.00646	0.00174	0.00261	0.01021	0.00592	0.00509
7	0.00980	0.00517	0.00550	0.00550	0.00667	0.00527	0.00409	0.01213	0.01096	0.01900	0.01743	0.02131	0.01427	0.05532	0.08421	0.00225	0.00391	0.00532	0.70693	0.00496
8	0.01727	0.01114	0.01335	0.01223	0.06863	0.01167	0.00908	0.10891	0.34320	0.24700	0.03669	0.01973	0.01518	0.00710	0.00553	0.00174	0.00473	0.02490	0.00561	0.03635
9	0.01423	0.01187	0.01263	0.00974	0.01391	0.05240	0.00778	0.22473	0.05314	0.02247	0.04243	0.04841	0.01174	0.00586	0.00479	0.00122	0.00482	0.00467	0.00414	0.44899
10	0.01426	0.01369	0.02079	0.04437	0.37792	0.05191	0.12072	0.10120	0.06684	0.01936	0.01119	0.01373	0.00898	0.00550	0.00628	0.00167	0.05818	0.00502	0.00323	0.05518
11	0.01389	0.01329	0.01631	0.13547	0.19160	0.14496	0.05108	0.09759	0.01378	0.03698	0.04302	0.07314	0.01315	0.03641	0.03988	0.00216	0.04120	0.02577	0.00347	0.00687
12	0.03809	0.08475	0.03467	0.08898	0.04904	0.02915	0.02997	0.14591	0.13908	0.05778	0.08176	0.05184	0.01653	0.02921	0.00602	0.00180	0.00531	0.05048	0.02972	0.02991
13	0.04005	0.01020	0.01127	0.03395	0.07095	0.08556	0.02064	0.08505	0.05238	0.03930	0.06682	0.08171	0.03665	0.04683	0.03622	0.02184	0.00537	0.06820	0.11157	0.07544
14	0.01444	0.02989	0.03283	0.03196	0.07201	0.10684	0.02067	0.05332	0.12635	0.13316	0.06948	0.04152	0.07697	0.03872	0.02775	0.00196	0.02081	0.00613	0.02588	0.06934
15	0.03341	0.03435	0.08257	0.05131	0.13588	0.05986	0.04298	0.06750	0.08495	0.07469	0.04201	0.01600	0.02824	0.02247	0.02071	0.00174	0.02909	0.00496	0.00371	0.16356
16	0.01248	0.03359	0.04516	0.06019	0.19558	0.04092	0.07551	0.04898	0.06897	0.03738	0.03311	0.06475	0.05781	0.00708	0.00569	0.00163	0.01963	0.04102	0.02242	0.12808
17	0.01330	0.02884	0.01631	0.04614	0.11861	0.02855	0.12975	0.10976	0.08313	0.07733	0.06137	0.12135	0.05443	0.02475	0.00633	0.00184	0.00562	0.03061	0.00432	0.03765
18	0.04210	0.05104	0.05036	0.04456	0.09693	0.06679	0.04063	0.09741	0.10318	0.09048	0.01487	0.05655	0.01262	0.03012	0.00592	0.00170	0.00568	0.04825	0.00405	0.13676
19	0.01405	0.06195	0.04361	0.07215	0.08700	0.07094	0.03849	0.11491	0.09540	0.06887	0.03629	0.06117	0.06917	0.00728	0.00611	0.00165	0.05292	0.00591	0.00402	0.08812
20	0.01245	0.08163	0.13128	0.03873	0.09922	0.03760	0.07089	0.01692	0.08963	0.06431	0.07018	0.04308	0.03419	0.00774	0.02685	0.00180	0.00598	0.03795	0.02517	0.10441
21	0.06708	0.04447	0.03662	0.03070	0.05312	0.06047	0.13726	0.09399	0.11551	0.11215	0.07116	0.03869	0.01450	0.00683	0.00579	0.00171	0.02456	0.02995	0.00429	0.05116
22	0.01385	0.01238	0.04177	0.02686	0.10778	0.04381	0.03770	0.20808	0.14638	0.02293	0.12463	0.05323	0.04813	0.00771	0.00566	0.00168	0.00525	0.02310	0.00464	0.06444

[dist]
# distance from previous block
# <min> <max>
40	119

[block]
# block no. 4 follows, 44 sequences, length 15
# corresponding to MSA columns:
# 337-351
name=unknown_E
#
# <colnr> <probs for GDERKNQSTAVLIFYWHMCP>
#	G	D	E	R	K	N	Q	S	T	A	V	L	I	F	Y	W	H	M	C	P
0	0.00905	0.00602	0.00824	0.00916	0.01028	0.00588	0.00751	0.01104	0.01202	0.05452	0.04522	0.21486	0.03116	0.06746	0.00862	0.00257	0.00457	0.48181	0.00503	0.00500
1	0.01500	0.01697	0.12867	0.04288	0.02036	0.12444	0.18630	0.11103	0.20905	0.04634	0.01441	0.01619	0.01095	0.00617	0.00565	0.00175	0.00713	0.02494	0.00394	0.00783
2	0.01282	0.04886	0.02774	0.01974	0.02431	0.01369	0.56416	0.04764	0.01280	0.01764	0.01174	0.04499	0.00954	0.00564	0.00705	0.00183	0.07071	0.00636	0.04566	0.00708
3	0.00796	0.00570	0.00821	0.00839	0.00935	0.00642	0.00649	0.00991	0.00937	0.01368	0.01703	0.09135	0.01659	0.03419	0.60340	0.00715	0.01196	0.04731	0.08068	0.00486
4	0.01098	0.00789	0.00923	0.00954	0.01116	0.05018	0.00772	0.01421	0.09125	0.08671	0.02662	0.14762	0.06108	0.04421	0.00812	0.03125	0.00482	0.36684	0.00496	0.00561
5	0.06049	0.01539	0.02003	0.19617	0.02418	0.19855	0.23477	0.05156	0.01295	0.01633	0.01048	0.04632	0.00874	0.00610	0.00661	0.00177	0.07472	0.00535	0.00292	0.00658
6	0.04701	0.00723	0.00903	0.04221	0.01163	0.00740	0.00742	0.09778	0.01316	0.04553	0.02704	0.25828	0.09116	0.03915	0.01891	0.00235	0.00461	0.25973	0.00488	0.00549
7	0.01460	0.00927	0.01079	0.00966	0.01203	0.03909	0.00770	0.11669	0.08815	0.18624	0.07654	0.10924	0.04609	0.01043	0.00729	0.04939	0.03337	0.11882	0.04789	0.00675
8	0.05098	0.01557	0.08179	0.04120	0.01785	0.13925	0.07887	0.14816	0.11633	0.23191	0.01507	0.01494	0.01056	0.00617	0.00537	0.00168	0.00647	0.00499	0.00468	0.00817
9	0.07816	0.01231	0.01357	0.04159	0.01532	0.08974	0.03873	0.19213	0.07802	0.17199	0.04408	0.08524	0.01522	0.00807	0.00618	0.00180	0.04286	0.05258	0.00489	0.00749
10	0.05920	0.01134	0.01645	0.01279	0.01671	0.01115	0.17646	0.16949	0.05751	0.09751	0.03902	0.04836	0.01394	0.00819	0.03334	0.00192	0.00608	0.07098	0.00438	0.14518
11	0.28667	0.01273	0.04749	0.01049	0.01403	0.08932	0.06685	0.06428	0.07629	0.05888	0.01292	0.04118	0.02371	0.02098	0.07023	0.00226	0.00630	0.00479	0.00374	0.08685
12	0.22482	0.04012	0.03906	0.00932	0.01249	0.09574	0.02335	0.06111	0.03305	0.09458	0.06091	0.06247	0.06474	0.04915	0.02704	0.00200	0.00537	0.01624	0.00410	0.07434
13	0.06346	0.01280	0.01483	0.01198	0.01531	0.14259	0.13848	0.06694	0.07678	0.08492	0.13193	0.05054	0.04937	0.02692	0.00608	0.00171	0.00587	0.00633	0.00431	0.08883
14	0.07726	0.01197	0.01363	0.07611	0.01607	0.12191	0.09306	0.09657	0.03193	0.01862	0.07797	0.11127	0.03676	0.03975	0.02553	0.00196	0.00604	0.02210	0.00389	0.11760

[dist]
# distance from previous block
# <min> <max>
19	113

[block]
# block no. 5 follows, 44 sequences, length 54
# corresponding to MSA columns:
# 478-517,519-532
name=unknown_F
#
# <colnr> <probs for GDERKNQSTAVLIFYWHMCP>
#	G	D	E	R	K	N	Q	S	T	A	V	L	I	F	Y	W	H	M	C	P
0	0.04523	0.12164	0.27958	0.03794	0.02198	0.05026	0.23575	0.01733	0.01213	0.05943	0.01118	0.04395	0.00886	0.00550	0.00532	0.00167	0.00754	0.00508	0.00289	0.02673
1	0.07523	0.37571	0.20936	0.04353	0.01680	0.01560	0.01152	0.01667	0.01151	0.06543	0.03594	0.01165	0.00897	0.00516	0.00426	0.00139	0.00598	0.00371	0.00290	0.07866
2	0.14878	0.11166	0.33242	0.02958	0.01751	0.01207	0.01276	0.01738	0.01175	0.12500	0.02263	0.01468	0.03762	0.00584	0.00477	0.00161	0.00606	0.01831	0.00338	0.06621
3	0.13441	0.05675	0.06669	0.06563	0.01810	0.07714	0.14185	0.01786	0.01229	0.16149	0.02630	0.01516	0.04082	0.00615	0.00623	0.00168	0.07651	0.00495	0.00368	0.06633
4	0.06820	0.05811	0.16709	0.00967	0.01305	0.06767	0.00893	0.01442	0.01123	0.09190	0.03707	0.13621	0.01597	0.17447	0.00985	0.00238	0.00556	0.00661	0.00369	0.09792
5	0.04109	0.02174	0.09543	0.03368	0.01711	0.49008	0.01126	0.01924	0.01372	0.03094	0.00988	0.01321	0.00845	0.00630	0.00614	0.00157	0.07751	0.04137	0.00295	0.05835
6	0.01047	0.00996	0.01690	0.72620	0.03602	0.01225	0.04391	0.01404	0.01090	0.01410	0.00966	0.01440	0.00732	0.00553	0.00588	0.00182	0.03365	0.00488	0.00245	0.01966
7	0.01458	0.81168	0.02857	0.00933	0.01399	0.02157	0.00933	0.01632	0.01108	0.01283	0.00758	0.00875	0.00700	0.00466	0.00350	0.00117	0.00583	0.00292	0.00233	0.00700
8	0.00922	0.00474	0.00703	0.00715	0.00717	0.00471	0.00476	0.00715	0.00740	0.00986	0.01129	0.08646	0.01183	0.01877	0.02003	0.76698	0.00460	0.00569	0.00261	0.00255
9	0.00664	0.00474	0.00633	0.00759	0.00791	0.00443	0.00506	0.00759	0.01044	0.01392	0.03005	0.80485	0.03606	0.01708	0.00696	0.00221	0.00316	0.01550	0.00506	0.00443
10	0.01399	0.70122	0.11593	0.01004	0.01501	0.02018	0.01053	0.01628	0.01107	0.01334	0.00800	0.00937	0.00714	0.00557	0.02208	0.00141	0.00630	0.00311	0.00234	0.00707
11	0.01129	0.00894	0.01069	0.00936	0.01080	0.05316	0.03794	0.11973	0.01272	0.01687	0.14650	0.02532	0.08262	0.13040	0.03590	0.19036	0.08174	0.00673	0.00387	0.00504
12	0.00735	0.00519	0.00604	0.00635	0.00678	0.00495	0.00397	0.00792	0.00961	0.01258	0.05822	0.24018	0.14410	0.44212	0.01804	0.00379	0.00422	0.01056	0.00415	0.00388
13	0.00822	0.04607	0.00913	0.00816	0.00915	0.00722	0.00621	0.00981	0.00880	0.01250	0.01482	0.02339	0.01445	0.18013	0.58491	0.00753	0.01210	0.00606	0.02665	0.00469
14	0.01302	0.00874	0.01055	0.00987	0.03310	0.00883	0.00767	0.17422	0.05480	0.11257	0.13979	0.06514	0.13029	0.04357	0.00716	0.00205	0.00444	0.16219	0.00537	0.00661
15	0.03422	0.00658	0.00815	0.00803	0.00952	0.00644	0.00603	0.06124	0.01248	0.09995	0.08956	0.27439	0.11610	0.08920	0.07761	0.00291	0.00484	0.08239	0.00495	0.00540
16	0.01791	0.01301	0.01405	0.01121	0.01485	0.01425	0.00901	0.50214	0.13460	0.06667	0.01757	0.01863	0.05352	0.07818	0.00750	0.00201	0.00543	0.00576	0.00532	0.00839
17	0.01030	0.00969	0.01635	0.79530	0.03755	0.01211	0.01514	0.01393	0.01090	0.01393	0.00969	0.01453	0.00727	0.00545	0.00545	0.00182	0.00727	0.00484	0.00242	0.00606
18	0.00806	0.00546	0.00681	0.00711	0.00813	0.00501	0.00507	0.00946	0.01194	0.05586	0.18812	0.32804	0.16997	0.11149	0.00926	0.00241	0.00341	0.05451	0.00513	0.00476
19	0.08716	0.00737	0.00905	0.00841	0.01076	0.00699	0.00683	0.01566	0.03129	0.23796	0.11489	0.06419	0.13863	0.04213	0.00700	0.00209	0.00414	0.19372	0.00544	0.00628
20	0.00717	0.00547	0.00658	0.00646	0.00785	0.00488	0.00478	0.00916	0.01389	0.01859	0.44833	0.11927	0.30247	0.01266	0.00649	0.00181	0.00270	0.01099	0.00558	0.00488
21	0.00700	0.00490	0.00622	0.00713	0.00736	0.00467	0.00457	0.00769	0.00973	0.01298	0.02644	0.58923	0.03151	0.23891	0.01279	0.00308	0.00376	0.01338	0.00457	0.00411
22	0.00838	0.00586	0.00679	0.00681	0.00736	0.00582	0.00435	0.05875	0.01041	0.01384	0.06236	0.21953	0.07163	0.47273	0.01880	0.00390	0.00452	0.00986	0.00412	0.00416
23	0.06572	0.01248	0.01336	0.01102	0.01454	0.01379	0.00901	0.42053	0.16831	0.04981	0.01660	0.01933	0.01300	0.00737	0.00540	0.00173	0.00515	0.07005	0.07460	0.00822
24	0.00693	0.00534	0.00617	0.00635	0.00755	0.00475	0.00452	0.00838	0.01231	0.01590	0.21939	0.21729	0.36570	0.08435	0.00844	0.00220	0.00303	0.01169	0.00513	0.00458
25	0.00741	0.00536	0.00699	0.00701	0.00806	0.00495	0.00509	0.00954	0.01408	0.01965	0.56380	0.23411	0.06807	0.01272	0.00656	0.00184	0.00273	0.01133	0.00574	0.00495
26	0.00789	0.00580	0.00855	0.00855	0.00952	0.00671	0.00662	0.00982	0.00886	0.01293	0.01479	0.02167	0.01377	0.05525	0.73829	0.00838	0.01390	0.00585	0.03802	0.00484
27	0.00774	0.00527	0.00610	0.00621	0.00638	0.00522	0.00368	0.00804	0.00866	0.01157	0.05130	0.11021	0.04798	0.65013	0.04553	0.00482	0.00514	0.00880	0.00363	0.00358
28	0.01038	0.01000	0.01014	0.00985	0.01120	0.16772	0.00758	0.01222	0.01014	0.01280	0.01333	0.01903	0.01227	0.03361	0.62544	0.00724	0.01362	0.00536	0.00290	0.00517
29	0.11367	0.01460	0.01533	0.01187	0.01612	0.01617	0.00980	0.65557	0.02355	0.05104	0.01267	0.01274	0.00899	0.00638	0.00522	0.00164	0.00577	0.00470	0.00525	0.00889
30	0.02072	0.01527	0.01636	0.01254	0.01691	0.01691	0.01036	0.75622	0.02563	0.03436	0.01309	0.01309	0.00927	0.00654	0.00545	0.00164	0.00600	0.00491	0.00545	0.00927
31	0.01174	0.00968	0.01135	0.00813	0.01295	0.00729	0.00651	0.01416	0.01145	0.04310	0.01008	0.01155	0.00826	0.00413	0.00409	0.00084	0.00406	0.00331	0.00335	0.81399
32	0.04262	0.00643	0.00773	0.00778	0.00926	0.00619	0.00564	0.02814	0.06625	0.10712	0.08166	0.41952	0.14255	0.03413	0.00693	0.00208	0.00348	0.01172	0.00526	0.00552
33	0.01030	0.00969	0.01635	0.79530	0.03755	0.01211	0.01514	0.01393	0.01090	0.01393	0.00969	0.01453	0.00727	0.00545	0.00545	0.00182	0.00727	0.00484	0.00242	0.00606
34	0.00829	0.00514	0.00578	0.00600	0.00638	0.00509	0.00373	0.00911	0.00926	0.01366	0.01948	0.15982	0.02101	0.46807	0.01806	0.00373	0.00422	0.00845	0.22076	0.00395
35	0.00671	0.00494	0.00620	0.00711	0.00772	0.00453	0.00481	0.00775	0.01085	0.01418	0.06115	0.60179	0.16764	0.05762	0.00793	0.00229	0.00318	0.01418	0.00500	0.00443
36	0.00809	0.00553	0.00670	0.00694	0.00813	0.00500	0.00500	0.00945	0.01191	0.06212	0.13703	0.29296	0.26320	0.09958	0.00890	0.00234	0.00338	0.05385	0.00510	0.00479
37	0.00784	0.00570	0.00739	0.00695	0.00827	0.00532	0.00522	0.01069	0.03139	0.02188	0.75555	0.04029	0.05070	0.01107	0.00641	0.00172	0.00261	0.00978	0.00599	0.00522
38	0.01140	0.00818	0.00956	0.00883	0.01088	0.00849	0.00675	0.09004	0.19912	0.07241	0.23621	0.16215	0.07108	0.03775	0.00691	0.00199	0.00380	0.04242	0.00554	0.00648
39	0.04217	0.00675	0.00766	0.00761	0.00887	0.00685	0.00535	0.03324	0.11702	0.04888	0.04400	0.26013	0.12098	0.23586	0.01228	0.00291	0.00408	0.02552	0.00468	0.00516
40	0.00683	0.00509	0.00634	0.00725	0.00800	0.00467	0.00510	0.00799	0.01100	0.01419	0.03548	0.52820	0.21166	0.04717	0.00770	0.00227	0.00331	0.07828	0.00499	0.00448
41	0.41978	0.00942	0.00977	0.00835	0.01174	0.00974	0.00690	0.01923	0.01227	0.30480	0.05652	0.01889	0.01349	0.00691	0.00470	0.00176	0.00436	0.06942	0.00492	0.00704
42	0.13635	0.00670	0.00748	0.00714	0.00866	0.00668	0.00516	0.01216	0.03302	0.09410	0.17091	0.13627	0.08966	0.22809	0.01176	0.00279	0.00399	0.02927	0.00470	0.00513
43	0.10993	0.00846	0.01004	0.00857	0.01144	0.00820	0.00677	0.06962	0.05859	0.30431	0.15905	0.11602	0.08785	0.00920	0.00567	0.00177	0.00396	0.00768	0.00573	0.00714
44	0.08857	0.00599	0.00665	0.00695	0.00846	0.00561	0.00519	0.00969	0.01160	0.04764	0.05032	0.28191	0.33991	0.03063	0.00682	0.00207	0.00337	0.07878	0.00494	0.00489
45	0.00780	0.00579	0.00851	0.00851	0.00940	0.00668	0.00650	0.00957	0.00869	0.01247	0.01483	0.02268	0.01418	0.10894	0.71950	0.00845	0.01378	0.00603	0.00295	0.00473
46	0.00686	0.00485	0.00650	0.00761	0.00802	0.00466	0.00517	0.00795	0.01032	0.01402	0.02826	0.70886	0.03332	0.01883	0.07600	0.00276	0.00416	0.01429	0.03306	0.00449
47	0.00829	0.00681	0.00964	0.00924	0.01017	0.00816	0.00730	0.01003	0.00920	0.01302	0.01900	0.02414	0.11779	0.03190	0.55032	0.00674	0.14365	0.00645	0.00313	0.00501
48	0.01245	0.01518	0.09446	0.02006	0.02437	0.01444	0.49631	0.01632	0.01157	0.01632	0.00991	0.01370	0.00786	0.00593	0.00930	0.00197	0.21437	0.00579	0.00262	0.00705
49	0.18055	0.00755	0.00703	0.00657	0.00889	0.02191	0.00509	0.05171	0.01267	0.03320	0.05826	0.05469	0.51049	0.01131	0.00572	0.00179	0.00342	0.00915	0.00475	0.00526
50	0.72671	0.01185	0.07651	0.00800	0.01166	0.01197	0.00722	0.01579	0.00945	0.02317	0.00817	0.00978	0.00642	0.00704	0.04656	0.00208	0.00513	0.00321	0.00325	0.00604
51	0.00826	0.00607	0.00784	0.09746	0.03220	0.00624	0.00542	0.00930	0.00996	0.01342	0.15721	0.03420	0.05343	0.51437	0.01976	0.00399	0.00495	0.00798	0.00375	0.00416
52	0.00797	0.00576	0.00770	0.00741	0.00785	0.00574	0.04517	0.00856	0.00869	0.01169	0.01876	0.16194	0.02135	0.56382	0.09040	0.00489	0.00597	0.00893	0.00353	0.00385
53	0.01105	0.01091	0.01628	0.73678	0.03600	0.07012	0.01480	0.01452	0.01124	0.01389	0.00960	0.01418	0.00725	0.00546	0.00541	0.00179	0.00746	0.00475	0.00245	0.00608

[dist]
# distance from previous block
# <min> <max>
0	2

[block]
# block no. 6 follows, 44 sequences, length 7
# corresponding to MSA columns:
# 535-541
name=unknown_G
#
# <colnr> <probs for GDERKNQSTAVLIFYWHMCP>
#	G	D	E	R	K	N	Q	S	T	A	V	L	I	F	Y	W	H	M	C	P
0	0.06740	0.01305	0.01588	0.03350	0.01664	0.13997	0.13843	0.01708	0.01241	0.11663	0.04159	0.01449	0.01053	0.00830	0.06266	0.00204	0.07851	0.00475	0.00354	0.20259
1	0.07001	0.01028	0.10604	0.00845	0.01125	0.04350	0.00743	0.01243	0.02701	0.04891	0.14865	0.13864	0.20996	0.03531	0.00649	0.00185	0.00425	0.02696	0.00450	0.07808
2	0.01302	0.06327	0.04524	0.09159	0.01680	0.14663	0.07970	0.01528	0.01229	0.08100	0.04718	0.15310	0.03124	0.02679	0.02813	0.00200	0.04857	0.02794	0.00371	0.06652
3	0.10883	0.01265	0.01280	0.01089	0.01376	0.18963	0.08631	0.01605	0.01255	0.10497	0.04693	0.18546	0.01656	0.04156	0.00631	0.00179	0.00583	0.00698	0.00402	0.11612
4	0.05721	0.08237	0.05963	0.05216	0.01496	0.23802	0.00902	0.01749	0.06529	0.06896	0.10652	0.04181	0.08065	0.00724	0.00514	0.00154	0.00606	0.00563	0.00388	0.07642
5	0.04670	0.10715	0.21076	0.10467	0.02069	0.27959	0.05202	0.01798	0.01272	0.01537	0.00904	0.01103	0.00713	0.00517	0.00484	0.00149	0.00790	0.00384	0.00264	0.07925
6	0.06941	0.02005	0.06856	0.05491	0.01798	0.43475	0.07484	0.01897	0.01396	0.04132	0.05050	0.01352	0.02639	0.00585	0.00507	0.00150	0.00803	0.00439	0.00317	0.06682

[dist]
# distance from previous block
# <min> <max>
3	100

[block]
# block no. 7 follows, 44 sequences, length 30
# corresponding to MSA columns:
# 659-665,673-686,693-701
name=unknown_H
#
# <colnr> <probs for GDERKNQSTAVLIFYWHMCP>
#	G	D	E	R	K	N	Q	S	T	A	V	L	I	F	Y	W	H	M	C	P
0	0.01372	0.07232	0.13891	0.04689	0.01700	0.07605	0.07724	0.04125	0.11314	0.10775	0.14152	0.01991	0.04268	0.00702	0.00580	0.00166	0.02682	0.00585	0.00419	0.04026
1	0.01386	0.06452	0.22849	0.07965	0.01991	0.10138	0.07509	0.01870	0.08340	0.08919	0.03007	0.01384	0.00987	0.00549	0.00508	0.00153	0.00669	0.00452	0.00338	0.14534
2	0.01587	0.06690	0.10298	0.01309	0.01758	0.13243	0.12695	0.05023	0.05034	0.15059	0.03123	0.01401	0.01020	0.00567	0.00562	0.00151	0.03667	0.00468	0.00379	0.15968
3	0.01441	0.12720	0.23579	0.06679	0.01884	0.19010	0.03262	0.01772	0.01288	0.07512	0.05105	0.01419	0.03022	0.00577	0.00496	0.00150	0.00706	0.00442	0.00314	0.08622
4	0.09502	0.10664	0.24609	0.05224	0.01763	0.10179	0.01185	0.01711	0.04308	0.04274	0.02994	0.01303	0.02443	0.00542	0.00465	0.00145	0.00628	0.00406	0.00309	0.17344
5	0.03316	0.05139	0.15935	0.01563	0.02061	0.12956	0.24347	0.04176	0.06704	0.06270	0.01143	0.01317	0.00862	0.00533	0.00569	0.00162	0.02848	0.00483	0.00324	0.09291
6	0.01447	0.04975	0.01894	0.25160	0.02443	0.16270	0.16169	0.05724	0.04479	0.06742	0.03375	0.03900	0.01050	0.00617	0.00596	0.00172	0.03433	0.00540	0.00333	0.00683
7	0.01304	0.01409	0.09924	0.01203	0.01680	0.09192	0.12829	0.03885	0.01296	0.04978	0.06943	0.01435	0.01149	0.00516	0.00493	0.00127	0.00589	0.00452	0.00344	0.40251
8	0.19067	0.01404	0.01411	0.05207	0.01632	0.05129	0.00943	0.44910	0.07534	0.02881	0.01211	0.01261	0.00887	0.00611	0.00495	0.00163	0.00568	0.00447	0.00467	0.03774
9	0.01151	0.00670	0.00923	0.09456	0.01269	0.00642	0.00695	0.01329	0.01263	0.18065	0.17699	0.22759	0.06815	0.03873	0.00769	0.04148	0.00406	0.05122	0.00510	0.02438
10	0.00682	0.00499	0.00623	0.00712	0.00777	0.00459	0.00487	0.00777	0.01070	0.01386	0.03406	0.55530	0.18968	0.06594	0.00849	0.02109	0.00331	0.03814	0.00489	0.00437
11	0.01884	0.01100	0.01302	0.01081	0.01441	0.01139	0.00887	0.21594	0.19115	0.30589	0.02046	0.02334	0.01553	0.00797	0.00577	0.00182	0.00497	0.10437	0.00590	0.00855
12	0.00954	0.00669	0.00807	0.00782	0.00919	0.00669	0.00579	0.03960	0.09503	0.05143	0.22958	0.12166	0.08628	0.19087	0.02227	0.00278	0.00412	0.09224	0.00503	0.00531
13	0.01258	0.00880	0.01024	0.00942	0.01180	0.00929	0.00731	0.03974	0.32515	0.12084	0.16421	0.13605	0.05153	0.01007	0.00606	0.00189	0.00391	0.05833	0.00567	0.00712
14	0.00973	0.00628	0.00998	0.25265	0.01659	0.00703	0.00798	0.00923	0.00829	0.01086	0.00954	0.01594	0.00878	0.01474	0.01637	0.57983	0.00552	0.00477	0.00238	0.00352
15	0.01278	0.01077	0.01157	0.01054	0.01337	0.01220	0.00828	0.05557	0.59473	0.02223	0.05777	0.02618	0.06582	0.00853	0.00579	0.00189	0.00427	0.06426	0.00549	0.00797
16	0.00758	0.00535	0.00592	0.00590	0.00638	0.00512	0.00359	0.00803	0.00934	0.01210	0.06515	0.03974	0.19184	0.58688	0.02181	0.00432	0.00457	0.00884	0.00384	0.00369
17	0.00773	0.00544	0.00655	0.00635	0.00707	0.00517	0.00422	0.00903	0.01175	0.01615	0.37387	0.03915	0.08416	0.38180	0.01634	0.00338	0.00385	0.00907	0.00469	0.00425
18	0.01503	0.01089	0.01225	0.02769	0.01375	0.01174	0.00832	0.33284	0.13368	0.05973	0.16335	0.05188	0.05111	0.00858	0.00577	0.00174	0.00464	0.03937	0.04004	0.00759
19	0.01708	0.01329	0.01421	0.01171	0.01535	0.01493	0.00939	0.41834	0.33244	0.02859	0.01767	0.05334	0.01360	0.00739	0.00556	0.00175	0.00516	0.00593	0.00547	0.00878
20	0.00793	0.00529	0.00595	0.00595	0.00595	0.00529	0.00330	0.00793	0.00793	0.01057	0.01718	0.03568	0.01982	0.80840	0.02775	0.00529	0.00529	0.00793	0.00330	0.00330
21	0.00787	0.00528	0.00602	0.00605	0.00612	0.00524	0.00345	0.00801	0.00835	0.01118	0.04943	0.06776	0.02182	0.74209	0.02599	0.00501	0.00508	0.00832	0.00349	0.00343
22	0.01877	0.01014	0.01224	0.01018	0.01363	0.01022	0.00812	0.10330	0.24090	0.38517	0.02178	0.10760	0.01654	0.00809	0.00567	0.00179	0.00452	0.00676	0.00606	0.00853
23	0.02072	0.01527	0.01636	0.01254	0.01691	0.01691	0.01036	0.75622	0.02563	0.03436	0.01309	0.01309	0.00927	0.00654	0.00545	0.00164	0.00600	0.00491	0.00545	0.00927
24	0.00662	0.00483	0.00624	0.00736	0.00785	0.00445	0.00496	0.00762	0.01066	0.01401	0.03286	0.72098	0.11812	0.01672	0.00690	0.00217	0.00312	0.01505	0.00506	0.00445
25	0.00665	0.00540	0.00585	0.00613	0.00758	0.00467	0.00448	0.00797	0.01197	0.01466	0.06609	0.19444	0.55992	0.04339	0.00736	0.00206	0.00301	0.03881	0.00502	0.00455
26	0.01130	0.00969	0.01130	0.00807	0.01292	0.00727	0.00646	0.01373	0.01130	0.01776	0.00969	0.01130	0.00807	0.00404	0.00404	0.00081	0.00404	0.00323	0.00323	0.84173
27	0.01234	0.30807	0.47198	0.01370	0.02041	0.01591	0.05459	0.01694	0.01143	0.01569	0.00906	0.01069	0.00701	0.00496	0.00464	0.00153	0.00732	0.00376	0.00234	0.00764
28	0.01240	0.01066	0.01718	0.01371	0.01688	0.01094	0.23575	0.01802	0.17949	0.08993	0.05599	0.06224	0.11940	0.00862	0.00729	0.00193	0.07859	0.04962	0.00442	0.00694
29	0.01195	0.01135	0.01165	0.05815	0.01449	0.10348	0.00731	0.01424	0.01188	0.01672	0.01335	0.01478	0.07193	0.00514	0.00444	0.00103	0.00485	0.00406	0.00328	0.61590

[dist]
# distance from previous block
# <min> <max>
0	5

# created by:
# /st0/software/busco_prod/Augustus/scripts/msa2prfl.pl ./align_prep/98987.fa
