[name]
unknown

[dist]
# distance from previous block
# <min> <max>
0	62

[block]
# block no. 0 follows, 65 sequences, length 18
# corresponding to MSA columns:
# 83-100
name=unknown_A
#
# <colnr> <probs for GDERKNQSTAVLIFYWHMCP>
#	G	D	E	R	K	N	Q	S	T	A	V	L	I	F	Y	W	H	M	C	P
0	0.00947	0.00909	0.01399	0.13530	0.53519	0.05638	0.01090	0.01167	0.00905	0.01229	0.00906	0.01400	0.00819	0.05119	0.03435	0.00162	0.00519	0.06530	0.00217	0.00561
1	0.05321	0.00452	0.00623	0.00619	0.00690	0.00517	0.00467	0.00737	0.00652	0.00976	0.01102	0.01734	0.01070	0.16189	0.66286	0.00589	0.00945	0.00453	0.00226	0.00352
2	0.00527	0.00393	0.00538	0.00671	0.05033	0.00368	0.00426	0.00609	0.00800	0.01066	0.02255	0.77660	0.05663	0.01227	0.00516	0.00163	0.00250	0.01112	0.00371	0.00351
3	0.13435	0.02639	0.02400	0.00987	0.04046	0.32084	0.03571	0.19167	0.11154	0.03288	0.00864	0.00920	0.00662	0.00441	0.00372	0.00118	0.00532	0.00320	0.00292	0.02708
4	0.00969	0.01107	0.02422	0.01730	0.02145	0.01038	0.81522	0.01315	0.00969	0.01315	0.00830	0.01107	0.00623	0.00346	0.00484	0.00138	0.00692	0.00484	0.00208	0.00554
5	0.01052	0.10051	0.16097	0.01205	0.10834	0.02697	0.13921	0.13095	0.10833	0.04855	0.03940	0.07601	0.00975	0.00501	0.00414	0.00128	0.00482	0.00446	0.00287	0.00586
6	0.00854	0.04981	0.73697	0.02743	0.01723	0.04269	0.01424	0.01293	0.00884	0.01280	0.02741	0.00913	0.00603	0.00401	0.00387	0.00128	0.00595	0.00311	0.00182	0.00590
7	0.01818	0.00737	0.00976	0.00748	0.01067	0.00660	0.00618	0.08752	0.01239	0.76456	0.01566	0.01362	0.00989	0.00507	0.00413	0.00127	0.00358	0.00409	0.00500	0.00699
8	0.00678	0.00511	0.00648	0.00571	0.00748	0.00447	0.06617	0.00840	0.03141	0.09223	0.07393	0.03387	0.60832	0.00913	0.00478	0.00138	0.00265	0.02376	0.00385	0.00408
9	0.01422	0.06260	0.05979	0.01209	0.11384	0.50773	0.03636	0.02824	0.01107	0.10525	0.00779	0.00869	0.00605	0.00418	0.00379	0.00112	0.00634	0.00303	0.00243	0.00539
10	0.00512	0.00407	0.00460	0.00468	0.00576	0.00355	0.00343	0.00633	0.00967	0.01235	0.23818	0.17688	0.49024	0.01031	0.00492	0.00141	0.00209	0.00886	0.00399	0.00355
11	0.01097	0.85821	0.02151	0.00702	0.01054	0.01624	0.00702	0.01229	0.00834	0.00966	0.00571	0.00658	0.00527	0.00351	0.00263	0.00088	0.00439	0.00219	0.00176	0.00527
12	0.00831	0.01048	0.15186	0.03052	0.17352	0.03031	0.23863	0.01102	0.00936	0.01282	0.08468	0.13685	0.05524	0.00593	0.00456	0.00137	0.00495	0.02184	0.00260	0.00516
13	0.00973	0.29868	0.40946	0.01084	0.07724	0.01157	0.02526	0.01317	0.03574	0.04473	0.00817	0.00915	0.02153	0.00397	0.00354	0.00116	0.00516	0.00304	0.00202	0.00583
14	0.00500	0.00357	0.00476	0.00572	0.00595	0.00333	0.00381	0.00572	0.00786	0.01048	0.02262	0.85306	0.02715	0.01286	0.00524	0.00167	0.00238	0.01167	0.00381	0.00333
15	0.00630	0.00435	0.00485	0.00478	0.00495	0.00446	0.00280	0.00719	0.06890	0.00867	0.01322	0.02597	0.01474	0.79024	0.01960	0.00378	0.00392	0.00587	0.00262	0.00280
16	0.01318	0.06797	0.16480	0.01087	0.03786	0.47790	0.02150	0.07738	0.06792	0.01243	0.00756	0.00847	0.00596	0.00424	0.00377	0.00114	0.00638	0.00297	0.00232	0.00539
17	0.00910	0.12844	0.43392	0.04202	0.17882	0.01031	0.04358	0.02814	0.02332	0.01295	0.02880	0.01038	0.00694	0.00412	0.00388	0.00125	0.00538	0.02074	0.00202	0.00589

[dist]
# distance from previous block
# <min> <max>
0	2

[block]
# block no. 1 follows, 65 sequences, length 24
# corresponding to MSA columns:
# 103-126
name=unknown_B
#
# <colnr> <probs for GDERKNQSTAVLIFYWHMCP>
#	G	D	E	R	K	N	Q	S	T	A	V	L	I	F	Y	W	H	M	C	P
0	0.00596	0.00401	0.00463	0.00463	0.00469	0.00406	0.00268	0.00607	0.00602	0.00807	0.01279	0.02607	0.01458	0.79511	0.08106	0.00417	0.00450	0.00585	0.00247	0.00257
1	0.01474	0.10652	0.01330	0.00920	0.01237	0.01307	0.00773	0.68201	0.03329	0.02331	0.00936	0.00956	0.00684	0.00486	0.00427	0.00122	0.03433	0.00354	0.00376	0.00669
2	0.00569	0.00419	0.00532	0.00504	0.00606	0.00382	0.00378	0.00751	0.01133	0.01578	0.72879	0.03178	0.13833	0.00864	0.00484	0.00130	0.00195	0.00758	0.00443	0.00382
3	0.04160	0.73235	0.01936	0.00688	0.01014	0.01486	0.00669	0.03520	0.00888	0.01100	0.07442	0.00869	0.00808	0.00397	0.00286	0.00094	0.00415	0.00268	0.00208	0.00517
4	0.00969	0.01107	0.02422	0.01730	0.02145	0.01038	0.81522	0.01315	0.00969	0.01315	0.00830	0.01107	0.00623	0.00346	0.00484	0.00138	0.00692	0.00484	0.00208	0.00554
5	0.00500	0.00357	0.00476	0.00572	0.00595	0.00333	0.00381	0.00572	0.00786	0.01048	0.02262	0.85306	0.02715	0.01286	0.00524	0.00167	0.00238	0.01167	0.00381	0.00333
6	0.00655	0.00477	0.00647	0.00729	0.00831	0.00474	0.00632	0.00859	0.02792	0.01230	0.02328	0.04503	0.09051	0.01113	0.00557	0.00184	0.00363	0.71815	0.00379	0.00382
7	0.00823	0.02123	0.83447	0.01170	0.01777	0.00953	0.01517	0.01300	0.00867	0.01300	0.00737	0.00867	0.00520	0.00390	0.00390	0.00130	0.00607	0.00303	0.00173	0.00607
8	0.00500	0.00357	0.00476	0.00572	0.00595	0.00333	0.00381	0.00572	0.00786	0.01048	0.02262	0.85306	0.02715	0.01286	0.00524	0.00167	0.00238	0.01167	0.00381	0.00333
9	0.01842	0.00699	0.00953	0.00730	0.01048	0.00603	0.00603	0.02000	0.01175	0.83298	0.01619	0.01397	0.01016	0.00508	0.00413	0.00127	0.00349	0.00413	0.00508	0.00699
10	0.88473	0.00794	0.00603	0.00540	0.00794	0.00921	0.00445	0.01207	0.00699	0.01842	0.00572	0.00667	0.00445	0.00381	0.00254	0.00127	0.00318	0.00222	0.00254	0.00445
11	0.00604	0.00521	0.00899	0.00820	0.00929	0.00488	0.18016	0.00734	0.00821	0.01100	0.01927	0.64985	0.02230	0.03142	0.00554	0.00166	0.00341	0.01005	0.00340	0.00379
12	0.08818	0.01109	0.01172	0.00905	0.01227	0.01227	0.00748	0.72906	0.01808	0.04581	0.00967	0.00969	0.00685	0.00484	0.00398	0.00124	0.00438	0.00358	0.00400	0.00677
13	0.00746	0.00386	0.00400	0.00397	0.00492	0.00383	0.00298	0.00937	0.00893	0.01543	0.09937	0.01692	0.01350	0.00516	0.00308	0.00099	0.00192	0.00421	0.78627	0.00383
14	0.01828	0.00720	0.00966	0.00741	0.01059	0.00635	0.00612	0.05801	0.01211	0.79446	0.01589	0.01378	0.01001	0.00507	0.00413	0.00127	0.00354	0.00411	0.00503	0.00699
15	0.00896	0.03795	0.00884	0.00766	0.00914	0.07904	0.00610	0.04285	0.19999	0.03601	0.10935	0.06232	0.13575	0.01889	0.00616	0.00148	0.13889	0.08237	0.00346	0.00480
16	0.01714	0.00732	0.00954	0.00739	0.01043	0.00668	0.00608	0.10538	0.02578	0.67946	0.05134	0.01481	0.02837	0.00533	0.00417	0.00127	0.00350	0.00433	0.00491	0.00677
17	0.00544	0.00424	0.00457	0.00447	0.00581	0.00361	0.00336	0.00664	0.00977	0.03746	0.17381	0.05992	0.64662	0.00996	0.00484	0.00137	0.00211	0.00840	0.00397	0.00364
18	0.01629	0.00746	0.00962	0.00765	0.01048	0.02910	0.01700	0.05542	0.05484	0.62515	0.01523	0.01484	0.01036	0.02170	0.04814	0.00162	0.01675	0.02727	0.00458	0.00650
19	0.00991	0.11326	0.06630	0.08261	0.51608	0.01061	0.04647	0.02400	0.00908	0.01272	0.00745	0.00975	0.00620	0.00391	0.00440	0.00123	0.05037	0.00349	0.01618	0.00599
20	0.00887	0.00618	0.03195	0.00588	0.00754	0.00614	0.00476	0.09939	0.13608	0.04478	0.09460	0.01694	0.04354	0.00764	0.07334	0.00160	0.00335	0.00451	0.39817	0.00474
21	0.00581	0.00425	0.00606	0.00614	0.00670	0.00477	0.00454	0.00695	0.00659	0.00933	0.01231	0.08788	0.01251	0.17787	0.62244	0.00571	0.00901	0.00529	0.00239	0.00343
22	0.03416	0.02053	0.01005	0.01830	0.02550	0.08912	0.02484	0.12396	0.02657	0.03321	0.00791	0.00889	0.00630	0.00358	0.00336	0.00083	0.00387	0.00280	0.00270	0.55351
23	0.01123	0.03025	0.02261	0.01818	0.05735	0.06426	0.04179	0.11376	0.03090	0.17205	0.05245	0.14538	0.03745	0.00602	0.00431	0.00121	0.02061	0.00509	0.00345	0.16164

[dist]
# distance from previous block
# <min> <max>
1	12

[block]
# block no. 2 follows, 65 sequences, length 62
# corresponding to MSA columns:
# 139-200
name=unknown_C
#
# <colnr> <probs for GDERKNQSTAVLIFYWHMCP>
#	G	D	E	R	K	N	Q	S	T	A	V	L	I	F	Y	W	H	M	C	P
0	0.01114	0.02283	0.01322	0.25312	0.22840	0.06188	0.01892	0.20789	0.02142	0.03701	0.00851	0.02013	0.00666	0.00467	0.01520	0.00131	0.01463	0.00366	0.00262	0.04678
1	0.00715	0.00464	0.00566	0.00522	0.00661	0.00416	0.00400	0.02362	0.01094	0.10942	0.43784	0.04761	0.28669	0.00872	0.00477	0.00134	0.00225	0.02087	0.00432	0.00415
2	0.00502	0.00358	0.00478	0.00570	0.00596	0.00334	0.00381	0.00576	0.00793	0.01060	0.03856	0.83679	0.02738	0.01277	0.00523	0.00166	0.00237	0.01159	0.00382	0.00334
3	0.00549	0.00417	0.00496	0.00477	0.00582	0.00374	0.00352	0.00699	0.01046	0.01403	0.50125	0.03347	0.31080	0.06546	0.00591	0.00150	0.00212	0.00776	0.00414	0.00364
4	0.00726	0.00395	0.00425	0.00418	0.00518	0.00384	0.00313	0.00910	0.00922	0.02712	0.16254	0.03748	0.06171	0.00593	0.00341	0.00106	0.00196	0.00492	0.63991	0.00385
5	0.00760	0.00384	0.00387	0.00386	0.00482	0.00383	0.00290	0.00952	0.00869	0.01533	0.03431	0.01570	0.01125	0.00488	0.00292	0.00097	0.00191	0.00392	0.85608	0.00383
6	0.88473	0.00794	0.00603	0.00540	0.00794	0.00921	0.00445	0.01207	0.00699	0.01842	0.00572	0.00667	0.00445	0.00381	0.00254	0.00127	0.00318	0.00222	0.00254	0.00445
7	0.00851	0.00730	0.00851	0.00608	0.00973	0.00547	0.00486	0.01034	0.00851	0.01338	0.00730	0.00851	0.00608	0.00304	0.00304	0.00061	0.00304	0.00243	0.00243	0.88083
8	0.88473	0.00794	0.00603	0.00540	0.00794	0.00921	0.00445	0.01207	0.00699	0.01842	0.00572	0.00667	0.00445	0.00381	0.00254	0.00127	0.00318	0.00222	0.00254	0.00445
9	0.01533	0.01956	0.01163	0.01058	0.01269	0.83926	0.00793	0.01639	0.01163	0.01005	0.00635	0.00740	0.00529	0.00423	0.00370	0.00106	0.00740	0.00264	0.00212	0.00476
10	0.01533	0.01956	0.01163	0.01058	0.01269	0.83926	0.00793	0.01639	0.01163	0.01005	0.00635	0.00740	0.00529	0.00423	0.00370	0.00106	0.00740	0.00264	0.00212	0.00476
11	0.88473	0.00794	0.00603	0.00540	0.00794	0.00921	0.00445	0.01207	0.00699	0.01842	0.00572	0.00667	0.00445	0.00381	0.00254	0.00127	0.00318	0.00222	0.00254	0.00445
12	0.82709	0.00788	0.00627	0.00552	0.00811	0.00900	0.00455	0.01259	0.00730	0.07261	0.00641	0.00715	0.00483	0.00389	0.00265	0.00127	0.00320	0.00235	0.00271	0.00461
13	0.01097	0.85821	0.02151	0.00702	0.01054	0.01624	0.00702	0.01229	0.00834	0.00966	0.00571	0.00658	0.00527	0.00351	0.00263	0.00088	0.00439	0.00219	0.00176	0.00527
14	0.88473	0.00794	0.00603	0.00540	0.00794	0.00921	0.00445	0.01207	0.00699	0.01842	0.00572	0.00667	0.00445	0.00381	0.00254	0.00127	0.00318	0.00222	0.00254	0.00445
15	0.00500	0.00357	0.00476	0.00572	0.00595	0.00333	0.00381	0.00572	0.00786	0.01048	0.02262	0.85306	0.02715	0.01286	0.00524	0.00167	0.00238	0.01167	0.00381	0.00333
16	0.00581	0.00420	0.00549	0.00516	0.00613	0.00387	0.00387	0.00775	0.01162	0.01646	0.82797	0.03066	0.03873	0.00839	0.00484	0.00129	0.00194	0.00742	0.00452	0.00387
17	0.00956	0.00443	0.00497	0.00461	0.00596	0.00424	0.00357	0.01138	0.00919	0.16718	0.01434	0.03727	0.01118	0.00519	0.00323	0.00105	0.00226	0.02212	0.67387	0.00440
18	0.03656	0.00736	0.00967	0.00743	0.01060	0.00662	0.00614	0.08190	0.01224	0.75282	0.01548	0.01350	0.00979	0.00504	0.00409	0.00127	0.00357	0.00405	0.00495	0.00693
19	0.00775	0.00730	0.01231	0.84587	0.02827	0.00912	0.01140	0.01049	0.00821	0.01049	0.00730	0.01094	0.00547	0.00410	0.00410	0.00137	0.00547	0.00365	0.00182	0.00456
20	0.00898	0.00898	0.01257	0.01078	0.01078	0.01257	0.00898	0.00988	0.00629	0.00988	0.00539	0.00898	0.00539	0.00718	0.01347	0.00180	0.84823	0.00359	0.00180	0.00449
21	0.00522	0.00373	0.00501	0.00596	0.00629	0.00352	0.00419	0.00609	0.00807	0.01072	0.02251	0.74529	0.02668	0.01266	0.00530	0.00170	0.00257	0.11732	0.00381	0.00339
22	0.01134	0.00962	0.01532	0.03252	0.48833	0.00974	0.08554	0.13528	0.04194	0.07749	0.02298	0.01194	0.01951	0.00430	0.00420	0.00126	0.00475	0.01483	0.00275	0.00637
23	0.00683	0.00507	0.00724	0.00719	0.00775	0.00543	0.03726	0.00777	0.00794	0.06522	0.01850	0.58022	0.02116	0.02452	0.00682	0.00170	0.14702	0.03505	0.00346	0.00386
24	0.00605	0.00413	0.00500	0.00521	0.00543	0.00416	0.00344	0.00650	0.00670	0.00892	0.01471	0.05646	0.01660	0.62477	0.06866	0.00369	0.00433	0.14967	0.00275	0.00282
25	0.72582	0.03640	0.02218	0.02547	0.02250	0.04517	0.02246	0.02658	0.00759	0.01734	0.00596	0.00706	0.00467	0.00388	0.00288	0.00126	0.01329	0.00241	0.00247	0.00462
26	0.00619	0.00481	0.00710	0.00680	0.00746	0.00557	0.02576	0.00743	0.00655	0.00939	0.01087	0.01727	0.01059	0.16280	0.62983	0.00572	0.06545	0.00461	0.00222	0.00358
27	0.01104	0.04782	0.12502	0.06745	0.12915	0.16718	0.04644	0.12608	0.04526	0.03253	0.02407	0.07056	0.00867	0.02295	0.00469	0.00132	0.03247	0.00412	0.02773	0.00546
28	0.00833	0.00655	0.00764	0.00586	0.00874	0.00531	0.00461	0.02758	0.02785	0.02650	0.10087	0.04306	0.01123	0.00432	0.00337	0.00080	0.00281	0.00359	0.09881	0.60216
29	0.01075	0.04600	0.19253	0.01808	0.04576	0.00925	0.01765	0.19410	0.12281	0.09057	0.04118	0.02549	0.06302	0.02278	0.05432	0.00167	0.01833	0.01662	0.00326	0.00583
30	0.00534	0.00414	0.00487	0.00476	0.00587	0.00366	0.00354	0.00682	0.01042	0.01377	0.43842	0.08169	0.38289	0.00952	0.00487	0.00135	0.00202	0.00821	0.00417	0.00366
31	0.00621	0.00471	0.00666	0.00650	0.00705	0.00554	0.00493	0.00739	0.00652	0.00947	0.01092	0.01736	0.01066	0.17333	0.59544	0.00553	0.08301	0.00459	0.03063	0.00354
32	0.00592	0.00438	0.00651	0.00651	0.00725	0.00509	0.00506	0.00740	0.00666	0.00972	0.01107	0.01610	0.01027	0.02994	0.81234	0.00641	0.01070	0.00438	0.03062	0.00367
33	0.00917	0.00728	0.00858	0.00616	0.00978	0.00551	0.00494	0.01098	0.00873	0.06791	0.00789	0.00888	0.00635	0.00318	0.00311	0.00065	0.00307	0.00254	0.00261	0.82269
34	0.06816	0.00951	0.01598	0.04667	0.69226	0.00960	0.05383	0.01243	0.00922	0.01371	0.02529	0.01044	0.00702	0.00377	0.00402	0.00124	0.00482	0.00371	0.00212	0.00620
35	0.00879	0.00815	0.02573	0.48860	0.12458	0.00882	0.03634	0.06463	0.02162	0.01267	0.00790	0.01061	0.00608	0.00397	0.00393	0.00122	0.00490	0.00353	0.03053	0.12739
36	0.01002	0.00883	0.00916	0.00801	0.01049	0.03624	0.00624	0.01959	0.65545	0.01635	0.03328	0.01438	0.01192	0.00521	0.00401	0.00126	0.00332	0.00431	0.00385	0.13808
37	0.01122	0.21924	0.16193	0.01046	0.09859	0.10036	0.02185	0.10514	0.02111	0.05114	0.00800	0.02485	0.00647	0.00404	0.00353	0.00106	0.00482	0.00310	0.00242	0.14068
38	0.01150	0.01236	0.01464	0.03535	0.53800	0.25075	0.01084	0.02302	0.01006	0.01242	0.00788	0.03975	0.00688	0.00418	0.00400	0.00119	0.00553	0.00365	0.00214	0.00585
39	0.00922	0.12162	0.21206	0.01940	0.03647	0.01811	0.10833	0.02947	0.06162	0.02899	0.04996	0.03718	0.00861	0.00423	0.00374	0.00108	0.00453	0.00364	0.00246	0.23927
40	0.00506	0.00364	0.00488	0.00575	0.00604	0.00346	0.00389	0.00583	0.00780	0.01043	0.02216	0.78397	0.03923	0.01401	0.06074	0.00199	0.00295	0.01114	0.00370	0.00336
41	0.00653	0.00480	0.00663	0.00643	0.00722	0.00545	0.00487	0.06094	0.00734	0.01036	0.01124	0.01749	0.01082	0.16618	0.64784	0.00581	0.00940	0.00461	0.00237	0.00369
42	0.00972	0.01386	0.32261	0.04030	0.12172	0.03636	0.13266	0.03025	0.02247	0.06760	0.03433	0.01108	0.01976	0.00455	0.00512	0.00134	0.09466	0.00381	0.02208	0.00571
43	0.01419	0.01829	0.06646	0.08566	0.01443	0.68083	0.00872	0.04336	0.01139	0.01083	0.00662	0.00789	0.00536	0.00422	0.00376	0.00111	0.00704	0.00280	0.00213	0.00490
44	0.00500	0.00357	0.00476	0.00572	0.00595	0.00333	0.00381	0.00572	0.00786	0.01048	0.02262	0.85306	0.02715	0.01286	0.00524	0.00167	0.00238	0.01167	0.00381	0.00333
45	0.00782	0.00638	0.00792	0.00741	0.00883	0.00681	0.04479	0.06260	0.28726	0.01451	0.10662	0.35855	0.03302	0.00881	0.00486	0.00149	0.01577	0.00781	0.00392	0.00483
46	0.00973	0.00955	0.04480	0.01025	0.04075	0.07454	0.00831	0.01125	0.03175	0.07150	0.02592	0.03616	0.06208	0.00718	0.02027	0.00167	0.52291	0.00422	0.00239	0.00477
47	0.00969	0.01107	0.02422	0.01730	0.02145	0.01038	0.81522	0.01315	0.00969	0.01315	0.00830	0.01107	0.00623	0.00346	0.00484	0.00138	0.00692	0.00484	0.00208	0.00554
48	0.00803	0.00395	0.00407	0.00398	0.00502	0.00391	0.00301	0.00993	0.00878	0.04616	0.02777	0.01552	0.01100	0.00486	0.00295	0.00097	0.00197	0.00390	0.83027	0.00395
49	0.00792	0.02094	0.19256	0.10075	0.10493	0.00753	0.05965	0.03244	0.04064	0.02748	0.12542	0.07237	0.12169	0.03373	0.00507	0.00143	0.02039	0.00540	0.01469	0.00497
50	0.02269	0.01189	0.17652	0.02230	0.07820	0.03535	0.05536	0.25509	0.06108	0.12807	0.01126	0.08749	0.00901	0.00532	0.00436	0.00132	0.02084	0.00442	0.00330	0.00614
51	0.00977	0.00975	0.00810	0.00799	0.00926	0.27598	0.00620	0.06106	0.01015	0.01168	0.03056	0.09189	0.01585	0.13961	0.00724	0.00187	0.00489	0.29101	0.00308	0.00406
52	0.22417	0.42585	0.07153	0.00811	0.03880	0.11565	0.00729	0.04632	0.00893	0.01287	0.00614	0.00711	0.00518	0.00376	0.00294	0.00105	0.00460	0.00243	0.00210	0.00517
53	0.00523	0.00428	0.00465	0.00452	0.00587	0.00365	0.00342	0.00651	0.00986	0.01243	0.22274	0.03657	0.60340	0.00971	0.00481	0.00135	0.00211	0.02297	0.00393	0.03199
54	0.01031	0.05701	0.08504	0.01921	0.02339	0.04101	0.02402	0.11039	0.08616	0.05460	0.03452	0.01946	0.00812	0.00419	0.00383	0.00099	0.02599	0.00331	0.01578	0.37267
55	0.00580	0.01702	0.00514	0.00494	0.00578	0.02002	0.00346	0.00690	0.02109	0.01144	0.20540	0.12506	0.28118	0.24220	0.00925	0.00211	0.00279	0.02351	0.00355	0.00338
56	0.00663	0.00534	0.00590	0.00586	0.00695	0.03176	0.00431	0.07939	0.03691	0.01327	0.16372	0.33030	0.25195	0.01007	0.00500	0.00146	0.01528	0.01805	0.00389	0.00396
57	0.02395	0.22623	0.38481	0.02440	0.07973	0.04795	0.02172	0.05695	0.03018	0.01283	0.02210	0.00947	0.00653	0.03157	0.00417	0.00126	0.00527	0.00313	0.00207	0.00569
58	0.01177	0.13116	0.04443	0.04521	0.17498	0.17462	0.04807	0.12934	0.02834	0.04576	0.01974	0.01099	0.03370	0.00442	0.00377	0.00115	0.00495	0.00355	0.07846	0.00557
59	0.00768	0.06850	0.09283	0.01709	0.02008	0.03994	0.03200	0.03215	0.07299	0.01283	0.04847	0.23283	0.09881	0.02007	0.00451	0.00137	0.00343	0.04373	0.12993	0.02076
60	0.00899	0.02396	0.01794	0.02536	0.00965	0.01591	0.00526	0.06363	0.03513	0.05436	0.03319	0.04892	0.02453	0.04774	0.06845	0.00145	0.00388	0.00372	0.02443	0.48349
61	0.03302	0.14007	0.12413	0.00947	0.05881	0.07429	0.05187	0.08938	0.08322	0.06278	0.08424	0.01304	0.04727	0.00488	0.00399	0.00117	0.02008	0.00391	0.03126	0.06311

[dist]
# distance from previous block
# <min> <max>
1	10

[block]
# block no. 3 follows, 65 sequences, length 34
# corresponding to MSA columns:
# 211-244
name=unknown_D
#
# <colnr> <probs for GDERKNQSTAVLIFYWHMCP>
#	G	D	E	R	K	N	Q	S	T	A	V	L	I	F	Y	W	H	M	C	P
0	0.01004	0.09871	0.07672	0.02028	0.05622	0.12980	0.00689	0.06772	0.08078	0.07673	0.05664	0.20225	0.07122	0.00692	0.00420	0.00130	0.00407	0.00577	0.01872	0.00502
1	0.01215	0.09427	0.07269	0.07096	0.10002	0.23971	0.07577	0.14855	0.02981	0.02473	0.00782	0.00933	0.00619	0.00497	0.02397	0.00134	0.05646	0.00334	0.01240	0.00552
2	0.02162	0.19738	0.19958	0.01206	0.10536	0.11031	0.11750	0.07390	0.02310	0.01310	0.00761	0.00909	0.00604	0.00404	0.00406	0.00118	0.03716	0.00325	0.04808	0.00559
3	0.00614	0.00458	0.00607	0.00602	0.00656	0.01860	0.00439	0.00719	0.00666	0.00939	0.02977	0.01928	0.01210	0.26786	0.53560	0.00541	0.02207	0.00486	0.02410	0.00336
4	0.16592	0.20295	0.03475	0.05450	0.08386	0.04869	0.03192	0.08856	0.05353	0.09384	0.00974	0.03672	0.02113	0.00480	0.00384	0.00123	0.02644	0.02938	0.00279	0.00543
5	0.00558	0.00390	0.00491	0.00533	0.00595	0.00357	0.00368	0.00654	0.00875	0.03510	0.16987	0.49428	0.15472	0.07035	0.00617	0.00171	0.00240	0.00981	0.00388	0.00350
6	0.00519	0.00412	0.00468	0.00470	0.00583	0.00360	0.00349	0.00649	0.00988	0.01267	0.27723	0.12551	0.48605	0.01008	0.00491	0.00140	0.00210	0.02448	0.00403	0.00358
7	0.00609	0.00427	0.00545	0.00513	0.00620	0.00389	0.00386	0.00789	0.01129	0.04221	0.69711	0.04777	0.12617	0.00860	0.00483	0.00131	0.00201	0.00754	0.00444	0.00392
8	0.01097	0.85821	0.02151	0.00702	0.01054	0.01624	0.00702	0.01229	0.00834	0.00966	0.00571	0.00658	0.00527	0.00351	0.00263	0.00088	0.00439	0.00219	0.00176	0.00527
9	0.04645	0.00711	0.00947	0.00728	0.01044	0.00627	0.00602	0.03574	0.01175	0.79036	0.01573	0.01365	0.00991	0.00504	0.00408	0.00127	0.00350	0.00406	0.00498	0.00690
10	0.00502	0.00365	0.00474	0.00556	0.00592	0.00337	0.00375	0.00581	0.00814	0.01077	0.05617	0.74841	0.09863	0.01246	0.00519	0.00163	0.00234	0.01123	0.00384	0.00337
11	0.00594	0.00398	0.00454	0.00461	0.00464	0.00397	0.00265	0.00602	0.00614	0.00818	0.01359	0.06459	0.01569	0.79668	0.01981	0.00382	0.00390	0.02610	0.00258	0.00256
12	0.88473	0.00794	0.00603	0.00540	0.00794	0.00921	0.00445	0.01207	0.00699	0.01842	0.00572	0.00667	0.00445	0.00381	0.00254	0.00127	0.00318	0.00222	0.00254	0.00445
13	0.00597	0.00398	0.00448	0.00448	0.00448	0.00398	0.00249	0.00597	0.00597	0.00796	0.01293	0.02686	0.01492	0.85574	0.02089	0.00398	0.00398	0.00597	0.00249	0.00249
14	0.07382	0.01126	0.01190	0.00917	0.01241	0.01249	0.00758	0.76257	0.01848	0.02537	0.00958	0.00964	0.00681	0.00485	0.00400	0.00123	0.00443	0.00360	0.00400	0.00681
15	0.00596	0.00400	0.00459	0.00459	0.00463	0.00404	0.00263	0.00604	0.00600	0.00804	0.01283	0.02628	0.01467	0.81132	0.06497	0.00412	0.00436	0.00588	0.00247	0.00255
16	0.00980	0.00943	0.01621	0.14333	0.69562	0.00968	0.03119	0.01231	0.00919	0.01298	0.00767	0.01029	0.00635	0.00372	0.00409	0.00124	0.00501	0.00368	0.00200	0.00620
17	0.05147	0.00733	0.00839	0.00605	0.00964	0.00566	0.00484	0.01042	0.00844	0.01362	0.00722	0.00842	0.00600	0.00308	0.00302	0.00064	0.00305	0.00242	0.00244	0.83787
18	0.00851	0.00730	0.00851	0.00608	0.00973	0.00547	0.00486	0.01034	0.00851	0.01338	0.00730	0.00851	0.00608	0.00304	0.00304	0.00061	0.00304	0.00243	0.00243	0.88083
19	0.00625	0.00443	0.00561	0.00537	0.00649	0.00412	0.00411	0.00830	0.03438	0.04182	0.59886	0.05259	0.13991	0.00878	0.00487	0.00136	0.00218	0.06223	0.00437	0.00398
20	0.00775	0.00730	0.01231	0.84587	0.02827	0.00912	0.01140	0.01049	0.00821	0.01049	0.00730	0.01094	0.00547	0.00410	0.00410	0.00137	0.00547	0.00365	0.00182	0.00456
21	0.00980	0.13258	0.42244	0.02488	0.01454	0.00944	0.02323	0.04123	0.00923	0.08214	0.00797	0.00891	0.00590	0.00380	0.00359	0.00109	0.00493	0.00295	0.00226	0.18909
22	0.01077	0.13598	0.22541	0.00976	0.02646	0.08610	0.05327	0.10018	0.12579	0.05226	0.01018	0.04827	0.01803	0.00471	0.00394	0.00120	0.01411	0.00376	0.00272	0.06709
23	0.00585	0.00395	0.00461	0.00472	0.00478	0.00396	0.00277	0.00601	0.00621	0.00832	0.01394	0.11991	0.01608	0.71984	0.05925	0.00385	0.00414	0.00654	0.00262	0.00264
24	0.00820	0.00657	0.04112	0.02101	0.15427	0.00578	0.04592	0.01035	0.02294	0.10539	0.35566	0.06722	0.12444	0.00715	0.00459	0.00132	0.00315	0.00638	0.00374	0.00482
25	0.03806	0.00924	0.07272	0.04174	0.04341	0.02772	0.00675	0.08879	0.04952	0.03123	0.00817	0.00929	0.00647	0.00372	0.00367	0.00090	0.02818	0.00289	0.01673	0.51079
26	0.00730	0.00457	0.00542	0.00506	0.00653	0.00397	0.00384	0.00863	0.01017	0.14574	0.23081	0.10952	0.42451	0.00927	0.00477	0.00137	0.00230	0.00790	0.00419	0.00413
27	0.00557	0.00425	0.00520	0.00557	0.00654	0.00392	0.00431	0.00706	0.02231	0.01228	0.17059	0.22050	0.30292	0.01074	0.00512	0.00155	0.00255	0.20144	0.00393	0.00363
28	0.03803	0.27443	0.21245	0.06046	0.02370	0.21645	0.00943	0.01386	0.06348	0.01144	0.00731	0.01836	0.00601	0.00417	0.00369	0.00114	0.02530	0.00292	0.00206	0.00532
29	0.00870	0.00530	0.00680	0.02245	0.00824	0.00520	0.00509	0.01143	0.11764	0.17336	0.13799	0.27062	0.06637	0.00998	0.03894	0.00170	0.00320	0.09824	0.00410	0.00464
30	0.00531	0.00380	0.00506	0.00595	0.00634	0.00360	0.00423	0.00621	0.00811	0.01072	0.02263	0.66704	0.04605	0.03987	0.00581	0.00177	0.00267	0.14768	0.00376	0.00339
31	0.02274	0.01045	0.09041	0.13060	0.29652	0.04976	0.11993	0.06343	0.03622	0.01345	0.01185	0.03788	0.08890	0.00483	0.00424	0.00130	0.00502	0.00446	0.00243	0.00558
32	0.03625	0.08104	0.08758	0.05381	0.17640	0.13461	0.12206	0.08531	0.08565	0.03444	0.00890	0.01055	0.00699	0.00425	0.00405	0.00123	0.01478	0.01364	0.03274	0.00572
33	0.06551	0.00866	0.00906	0.00793	0.01030	0.02800	0.00623	0.10603	0.51509	0.09041	0.04882	0.04226	0.03208	0.00578	0.00413	0.00135	0.00339	0.00473	0.00410	0.00615

[dist]
# distance from previous block
# <min> <max>
0	1

[block]
# block no. 4 follows, 65 sequences, length 20
# corresponding to MSA columns:
# 246-265
name=unknown_E
#
# <colnr> <probs for GDERKNQSTAVLIFYWHMCP>
#	G	D	E	R	K	N	Q	S	T	A	V	L	I	F	Y	W	H	M	C	P
0	0.09743	0.06071	0.02800	0.02672	0.18713	0.04685	0.02045	0.18800	0.21113	0.01710	0.03049	0.01218	0.03510	0.00479	0.00389	0.00125	0.00418	0.00389	0.01471	0.00600
1	0.00784	0.00614	0.00816	0.00911	0.13542	0.00610	0.01772	0.04092	0.13131	0.05105	0.23648	0.16185	0.15538	0.00796	0.00463	0.00137	0.00293	0.00701	0.00382	0.00480
2	0.00897	0.00778	0.00875	0.00633	0.00992	0.02735	0.00506	0.04275	0.00902	0.01379	0.00737	0.00854	0.00610	0.00315	0.00310	0.00064	0.00321	0.00249	0.00249	0.82318
3	0.00505	0.00409	0.00448	0.00455	0.00571	0.00352	0.00335	0.00620	0.00957	0.01198	0.18160	0.14618	0.57867	0.01036	0.00490	0.00141	0.00209	0.00884	0.00394	0.00352
4	0.00939	0.00450	0.00507	0.00462	0.00605	0.00423	0.00357	0.01116	0.00946	0.17580	0.06113	0.01827	0.09284	0.00559	0.00342	0.00108	0.00224	0.00456	0.57260	0.00441
5	0.01560	0.01150	0.01232	0.00944	0.01273	0.01273	0.00780	0.81645	0.01930	0.02587	0.00986	0.00986	0.00698	0.00493	0.00411	0.00123	0.00452	0.00370	0.00411	0.00698
6	0.00517	0.00417	0.00459	0.00449	0.00574	0.00360	0.00337	0.00650	0.01010	0.01285	0.29961	0.03660	0.56934	0.00974	0.00485	0.00135	0.00203	0.00826	0.00404	0.00360
7	0.01097	0.85821	0.02151	0.00702	0.01054	0.01624	0.00702	0.01229	0.00834	0.00966	0.00571	0.00658	0.00527	0.00351	0.00263	0.00088	0.00439	0.00219	0.00176	0.00527
8	0.00503	0.00417	0.00440	0.00434	0.00565	0.00354	0.00326	0.00623	0.00977	0.01207	0.18549	0.03789	0.68395	0.01003	0.00485	0.00137	0.00205	0.00844	0.00394	0.00354
9	0.00851	0.00730	0.00851	0.00608	0.00973	0.00547	0.00486	0.01034	0.00851	0.01338	0.00730	0.00851	0.00608	0.00304	0.00304	0.00061	0.00304	0.00243	0.00243	0.88083
10	0.01560	0.01150	0.01232	0.00944	0.01273	0.01273	0.00780	0.81645	0.01930	0.02587	0.00986	0.00986	0.00698	0.00493	0.00411	0.00123	0.00452	0.00370	0.00411	0.00698
11	0.85372	0.00807	0.00626	0.00554	0.00811	0.00933	0.00457	0.04077	0.00743	0.01868	0.00586	0.00678	0.00454	0.00385	0.00260	0.00127	0.00322	0.00228	0.00260	0.00454
12	0.00713	0.00357	0.00535	0.00535	0.00535	0.00357	0.00357	0.00535	0.00535	0.00713	0.00713	0.01248	0.00713	0.01426	0.01604	0.88057	0.00357	0.00357	0.00178	0.00178
13	0.01216	0.40481	0.01641	0.00890	0.01134	0.25674	0.00770	0.06114	0.00958	0.01078	0.00608	0.00746	0.00540	0.00449	0.00504	0.00112	0.16108	0.00267	0.00201	0.00508
14	0.00572	0.00419	0.00536	0.00507	0.00608	0.00384	0.00380	0.00757	0.01141	0.01596	0.75513	0.03148	0.11188	0.00858	0.00484	0.00130	0.00195	0.00754	0.00445	0.00384
15	0.00850	0.06686	0.74459	0.01123	0.01690	0.03129	0.01421	0.01290	0.00881	0.01284	0.03069	0.00915	0.00616	0.00402	0.00385	0.00127	0.00589	0.00310	0.00182	0.00593
16	0.14001	0.04228	0.06390	0.03081	0.18006	0.16735	0.05436	0.05650	0.13811	0.02598	0.00932	0.02367	0.01699	0.00451	0.00407	0.00126	0.02902	0.00358	0.00263	0.00559
17	0.75559	0.05503	0.03356	0.00562	0.00826	0.00926	0.00485	0.01174	0.00726	0.01732	0.00791	0.00869	0.05380	0.00419	0.00273	0.00126	0.00327	0.00263	0.00255	0.00448
18	0.00895	0.05520	0.06230	0.06070	0.12838	0.00707	0.00709	0.01107	0.00871	0.03048	0.00808	0.01004	0.00668	0.00358	0.00335	0.00086	0.00368	0.01884	0.04946	0.51550
19	0.03923	0.05985	0.06658	0.00833	0.03757	0.03954	0.07276	0.05417	0.02664	0.01369	0.02569	0.06871	0.03600	0.00444	0.00359	0.00096	0.00386	0.00376	0.00260	0.43203

[dist]
# distance from previous block
# <min> <max>
2	12

[block]
# block no. 5 follows, 65 sequences, length 20
# corresponding to MSA columns:
# 279-298
name=unknown_F
#
# <colnr> <probs for GDERKNQSTAVLIFYWHMCP>
#	G	D	E	R	K	N	Q	S	T	A	V	L	I	F	Y	W	H	M	C	P
0	0.45349	0.13969	0.02525	0.00750	0.04742	0.01047	0.00609	0.13888	0.00968	0.08478	0.00747	0.00815	0.00568	0.00449	0.01740	0.00128	0.00386	0.00273	0.00283	0.02286
1	0.00510	0.00402	0.00451	0.00476	0.00570	0.00357	0.00341	0.00602	0.00865	0.01076	0.04849	0.23761	0.49292	0.09045	0.02697	0.00184	0.00260	0.03560	0.00366	0.00337
2	0.01000	0.03818	0.15672	0.05799	0.33385	0.07735	0.17231	0.03274	0.00961	0.01304	0.00825	0.02292	0.00677	0.00406	0.00415	0.00126	0.00558	0.01967	0.01972	0.00582
3	0.00851	0.00730	0.00851	0.00608	0.00973	0.00547	0.00486	0.01034	0.00851	0.01338	0.00730	0.00851	0.00608	0.00304	0.00304	0.00061	0.00304	0.00243	0.00243	0.88083
4	0.01069	0.16762	0.36040	0.07203	0.04033	0.04236	0.04700	0.04256	0.02317	0.11552	0.00836	0.00939	0.00614	0.00415	0.00409	0.00123	0.03354	0.00322	0.00233	0.00585
5	0.00605	0.00433	0.00562	0.00633	0.00702	0.00427	0.00487	0.00786	0.05250	0.01183	0.03919	0.39943	0.05090	0.03692	0.00567	0.00175	0.00294	0.29881	0.05002	0.00368
6	0.00500	0.00357	0.00476	0.00572	0.00595	0.00333	0.00381	0.00572	0.00786	0.01048	0.02262	0.85306	0.02715	0.01286	0.00524	0.00167	0.00238	0.01167	0.00381	0.00333
7	0.00502	0.00417	0.00439	0.00434	0.00565	0.00354	0.00325	0.00622	0.00976	0.01204	0.18055	0.03794	0.68891	0.01004	0.00485	0.00137	0.00205	0.00844	0.00394	0.00354
8	0.01560	0.01150	0.01232	0.00944	0.01273	0.01273	0.00780	0.81645	0.01930	0.02587	0.00986	0.00986	0.00698	0.00493	0.00411	0.00123	0.00452	0.00370	0.00411	0.00698
9	0.00500	0.00357	0.00476	0.00572	0.00595	0.00333	0.00381	0.00572	0.00786	0.01048	0.02262	0.85306	0.02715	0.01286	0.00524	0.00167	0.00238	0.01167	0.00381	0.00333
10	0.01095	0.00918	0.00970	0.00850	0.01096	0.01055	0.00668	0.13055	0.71278	0.01836	0.01577	0.01457	0.01177	0.00548	0.00417	0.00137	0.00342	0.00451	0.00417	0.00656
11	0.01842	0.00699	0.00953	0.00730	0.01048	0.00603	0.00603	0.02000	0.01175	0.83298	0.01619	0.01397	0.01016	0.00508	0.00413	0.00127	0.00349	0.00413	0.00508	0.00699
12	0.00851	0.00730	0.00851	0.00608	0.00973	0.00547	0.00486	0.01034	0.00851	0.01338	0.00730	0.00851	0.00608	0.00304	0.00304	0.00061	0.00304	0.00243	0.00243	0.88083
13	0.01016	0.00975	0.01666	0.02520	0.83013	0.00975	0.01260	0.01260	0.00935	0.01341	0.00772	0.01016	0.00650	0.00366	0.00406	0.00122	0.00488	0.00366	0.00203	0.00650
14	0.00637	0.00548	0.02265	0.00978	0.13988	0.00507	0.04953	0.00777	0.00851	0.01143	0.01988	0.50215	0.05662	0.01038	0.00505	0.00159	0.00329	0.12708	0.00339	0.00408
15	0.07208	0.00413	0.00399	0.00394	0.00501	0.00422	0.00299	0.00975	0.00849	0.01553	0.01283	0.01467	0.01007	0.00471	0.00285	0.00098	0.00201	0.00371	0.81418	0.00387
16	0.01749	0.00678	0.00923	0.00715	0.01016	0.00587	0.00587	0.01910	0.01174	0.77300	0.07582	0.01520	0.01226	0.00532	0.00418	0.00127	0.00338	0.00437	0.00504	0.00676
17	0.01028	0.01076	0.06296	0.11790	0.39955	0.05649	0.10299	0.07110	0.06972	0.01387	0.00865	0.02451	0.00700	0.00419	0.00435	0.00128	0.02216	0.00391	0.00233	0.00598
18	0.00998	0.03192	0.01184	0.08630	0.14539	0.06418	0.04562	0.13004	0.00984	0.02683	0.00929	0.03866	0.00853	0.11734	0.03748	0.00183	0.11723	0.02459	0.00254	0.08058
19	0.00639	0.00630	0.09853	0.00561	0.00639	0.02457	0.00425	0.00707	0.00654	0.00879	0.01257	0.06748	0.01401	0.65461	0.05746	0.00361	0.00455	0.00578	0.00245	0.00305

[dist]
# distance from previous block
# <min> <max>
2	7

[block]
# block no. 6 follows, 65 sequences, length 21
# corresponding to MSA columns:
# 306-326
name=unknown_G
#
# <colnr> <probs for GDERKNQSTAVLIFYWHMCP>
#	G	D	E	R	K	N	Q	S	T	A	V	L	I	F	Y	W	H	M	C	P
0	0.00715	0.00608	0.00889	0.01048	0.18228	0.00672	0.00657	0.00881	0.03206	0.01058	0.01365	0.01826	0.10357	0.13656	0.33462	0.00380	0.09839	0.00487	0.00241	0.00425
1	0.00898	0.00898	0.01257	0.01078	0.01078	0.01257	0.00898	0.00988	0.00629	0.00988	0.00539	0.00898	0.00539	0.00718	0.01347	0.00180	0.84823	0.00359	0.00180	0.00449
2	0.00588	0.00435	0.00634	0.00634	0.00698	0.00499	0.00481	0.00716	0.00652	0.00934	0.01123	0.01744	0.01083	0.13166	0.73938	0.00628	0.01014	0.00459	0.00223	0.00352
3	0.00500	0.00357	0.00476	0.00572	0.00595	0.00333	0.00381	0.00572	0.00786	0.01048	0.02262	0.85306	0.02715	0.01286	0.00524	0.00167	0.00238	0.01167	0.00381	0.00333
4	0.79843	0.00757	0.00598	0.00538	0.00776	0.00868	0.00439	0.01164	0.00744	0.01822	0.08646	0.00902	0.00781	0.00426	0.00277	0.00127	0.00305	0.00273	0.00273	0.00439
5	0.79936	0.00908	0.00658	0.00591	0.00840	0.09072	0.00479	0.01249	0.00744	0.01760	0.00578	0.00674	0.00453	0.00385	0.00265	0.00125	0.00359	0.00226	0.00250	0.00448
6	0.00775	0.00730	0.01231	0.84587	0.02827	0.00912	0.01140	0.01049	0.00821	0.01049	0.00730	0.01094	0.00547	0.00410	0.00410	0.00137	0.00547	0.00365	0.00182	0.00456
7	0.00597	0.00398	0.00448	0.00448	0.00448	0.00398	0.00249	0.00597	0.00597	0.00796	0.01293	0.02686	0.01492	0.85574	0.02089	0.00398	0.00398	0.00597	0.00249	0.00249
8	0.00567	0.00411	0.00535	0.00526	0.00614	0.00379	0.00390	0.00738	0.01090	0.01522	0.65261	0.15604	0.07058	0.00923	0.00492	0.00137	0.00205	0.02734	0.00436	0.00377
9	0.00851	0.00730	0.00851	0.00608	0.00973	0.00547	0.00486	0.01034	0.00851	0.01338	0.00730	0.00851	0.00608	0.00304	0.00304	0.00061	0.00304	0.00243	0.00243	0.88083
10	0.02650	0.00867	0.06506	0.03028	0.20614	0.03743	0.00742	0.01083	0.03269	0.01269	0.00976	0.10795	0.00926	0.06078	0.00485	0.00122	0.00389	0.00416	0.00248	0.35792
11	0.10911	0.05338	0.06892	0.05095	0.31434	0.04354	0.14892	0.03764	0.00964	0.10166	0.00837	0.00995	0.00639	0.00387	0.00393	0.00124	0.00504	0.00358	0.00245	0.01711
12	0.00498	0.00366	0.00467	0.00548	0.00589	0.00335	0.00371	0.00574	0.00809	0.01057	0.02550	0.72978	0.14858	0.01249	0.00518	0.00162	0.00234	0.01121	0.00381	0.00335
13	0.02206	0.03366	0.31153	0.02099	0.02672	0.00786	0.11861	0.03622	0.00970	0.13720	0.03018	0.05982	0.15609	0.00575	0.00428	0.00133	0.00465	0.00499	0.00291	0.00546
14	0.00907	0.04427	0.22449	0.16857	0.16375	0.03005	0.02373	0.04600	0.05237	0.02590	0.01025	0.06320	0.01923	0.00520	0.00450	0.00135	0.03796	0.04731	0.01735	0.00545
15	0.01025	0.01177	0.17100	0.04520	0.50447	0.00950	0.08952	0.01333	0.02324	0.06978	0.00843	0.01034	0.00655	0.00383	0.00412	0.00126	0.00519	0.00370	0.00222	0.00630
16	0.00596	0.00452	0.00669	0.00663	0.00732	0.00531	0.00514	0.00735	0.00656	0.00947	0.01091	0.01635	0.01031	0.06408	0.78097	0.00635	0.03581	0.00444	0.00220	0.00364
17	0.06982	0.09349	0.08022	0.01187	0.07520	0.34106	0.13899	0.05626	0.01050	0.04238	0.00742	0.00901	0.00595	0.02327	0.00432	0.00123	0.01820	0.00324	0.00228	0.00529
18	0.00507	0.00369	0.00480	0.00566	0.00604	0.00342	0.00389	0.00588	0.00809	0.01063	0.02444	0.73163	0.10565	0.01254	0.00522	0.00165	0.00242	0.05210	0.00381	0.00337
19	0.03805	0.15156	0.08825	0.04129	0.04539	0.32226	0.06456	0.02693	0.06124	0.01152	0.00769	0.00928	0.00635	0.00674	0.08589	0.00168	0.02087	0.00316	0.00218	0.00510
20	0.00509	0.00364	0.00470	0.00552	0.00579	0.00340	0.00365	0.00575	0.00775	0.01026	0.02263	0.73085	0.06641	0.09550	0.00676	0.00188	0.00252	0.01096	0.00368	0.00326

[dist]
# distance from previous block
# <min> <max>
0	1

[block]
# block no. 7 follows, 65 sequences, length 12
# corresponding to MSA columns:
# 328-339
name=unknown_H
#
# <colnr> <probs for GDERKNQSTAVLIFYWHMCP>
#	G	D	E	R	K	N	Q	S	T	A	V	L	I	F	Y	W	H	M	C	P
0	0.00859	0.00729	0.00844	0.00611	0.00963	0.00563	0.00488	0.03888	0.00894	0.01371	0.00905	0.01006	0.04593	0.00346	0.00317	0.00067	0.00305	0.00278	0.00256	0.80718
1	0.01086	0.07732	0.22527	0.01246	0.17541	0.08320	0.03233	0.04037	0.06872	0.09308	0.02019	0.01017	0.00721	0.00408	0.00379	0.00115	0.00486	0.00335	0.01514	0.11103
2	0.00587	0.00437	0.00645	0.00645	0.00713	0.00505	0.00495	0.00724	0.00655	0.00942	0.01113	0.01687	0.01059	0.08826	0.78245	0.00641	0.01051	0.00451	0.00222	0.00358
3	0.05752	0.00861	0.05660	0.00789	0.03793	0.02632	0.03063	0.04786	0.00947	0.12930	0.02652	0.02467	0.01695	0.00447	0.01566	0.00103	0.03362	0.00327	0.00287	0.45881
4	0.59144	0.04906	0.04650	0.00671	0.00943	0.11793	0.00574	0.06829	0.00871	0.03221	0.00656	0.00744	0.00507	0.00398	0.00291	0.00121	0.00398	0.00249	0.02555	0.00481
5	0.01055	0.01005	0.03271	0.02659	0.05615	0.09536	0.08820	0.05632	0.43143	0.02737	0.03914	0.01429	0.03002	0.00516	0.00413	0.00131	0.00417	0.00442	0.05674	0.00589
6	0.01008	0.33765	0.29434	0.00959	0.04633	0.06354	0.00981	0.06012	0.00933	0.01221	0.00765	0.05344	0.00663	0.00425	0.00344	0.00109	0.00498	0.00318	0.00207	0.06025
7	0.00792	0.00682	0.00841	0.00757	0.00896	0.08497	0.10721	0.03687	0.06110	0.01336	0.11646	0.28695	0.01889	0.02189	0.00473	0.00141	0.00350	0.03618	0.16257	0.00423
8	0.00702	0.00458	0.00506	0.00476	0.00582	0.00447	0.00349	0.06885	0.00991	0.01451	0.23042	0.02490	0.15920	0.14192	0.00668	0.00162	0.00247	0.00593	0.29457	0.00380
9	0.00581	0.00433	0.00579	0.05062	0.00740	0.00416	0.00437	0.00760	0.01067	0.01485	0.60373	0.10916	0.07852	0.00971	0.03886	0.00157	0.00260	0.03229	0.00415	0.00382
10	0.00978	0.02092	0.05287	0.12810	0.16940	0.01935	0.18256	0.06884	0.00984	0.08026	0.01116	0.15851	0.01014	0.00548	0.00436	0.00132	0.00480	0.00523	0.00273	0.05433
11	0.00503	0.00371	0.00463	0.00534	0.00578	0.00340	0.00359	0.00577	0.00803	0.01044	0.02571	0.64315	0.18230	0.06504	0.00614	0.00176	0.00242	0.01073	0.00373	0.00331

[dist]
# distance from previous block
# <min> <max>
0	13

# created by:
# /st0/software/busco_prod/Augustus/scripts/msa2prfl.pl ./align_prep/99019.fa
