[name]
unknown

[dist]
# distance from previous block
# <min> <max>
1	308

[block]
# block no. 0 follows, 58 sequences, length 13
# corresponding to MSA columns:
# 370-382
name=unknown_A
#
# <colnr> <probs for GDERKNQSTAVLIFYWHMCP>
#	G	D	E	R	K	N	Q	S	T	A	V	L	I	F	Y	W	H	M	C	P
0	0.05705	0.01215	0.01451	0.10063	0.26134	0.16853	0.05382	0.14393	0.01188	0.01561	0.00890	0.03002	0.00741	0.00667	0.05804	0.00174	0.03503	0.00402	0.00266	0.00605
1	0.00819	0.00739	0.07827	0.00792	0.05063	0.02463	0.00589	0.06641	0.02108	0.03781	0.01802	0.22253	0.08897	0.21722	0.05432	0.05015	0.00440	0.00724	0.02460	0.00430
2	0.03296	0.08134	0.00891	0.02410	0.00912	0.12486	0.00572	0.06253	0.01020	0.01307	0.07288	0.14857	0.05337	0.13484	0.04627	0.01997	0.00466	0.09922	0.04307	0.00434
3	0.00581	0.00428	0.00521	0.00556	0.00617	0.00404	0.00378	0.00668	0.00873	0.01146	0.09698	0.33300	0.20718	0.20061	0.07738	0.00272	0.00365	0.00949	0.00375	0.00354
4	0.00617	0.00588	0.07648	0.00606	0.00705	0.00453	0.00467	0.00726	0.00861	0.01151	0.10100	0.30931	0.13613	0.28218	0.01103	0.00252	0.00342	0.00894	0.00356	0.00367
5	0.01877	0.00692	0.07769	0.00697	0.00851	0.00584	0.00570	0.03788	0.09243	0.05610	0.07785	0.29851	0.03942	0.09222	0.00689	0.01584	0.00336	0.04455	0.09990	0.00462
6	0.00625	0.00454	0.00570	0.00620	0.00677	0.00444	0.00426	0.04817	0.00901	0.01195	0.02354	0.55037	0.10070	0.11423	0.07949	0.00253	0.00372	0.01051	0.00384	0.00378
7	0.00670	0.00466	0.00580	0.00624	0.00691	0.00447	0.00435	0.05044	0.00948	0.03335	0.05371	0.52989	0.09678	0.11923	0.00777	0.00207	0.00300	0.04720	0.00405	0.00389
8	0.00934	0.00617	0.00730	0.00657	0.00824	0.00605	0.00499	0.09705	0.08387	0.11400	0.29123	0.11777	0.15586	0.06356	0.00623	0.00166	0.00298	0.00757	0.00456	0.00502
9	0.00680	0.00477	0.00586	0.00602	0.00692	0.00450	0.00427	0.05194	0.01039	0.03909	0.19561	0.41156	0.15144	0.07125	0.00667	0.00182	0.00273	0.01002	0.00428	0.00406
10	0.08774	0.00922	0.01018	0.00768	0.01134	0.00861	0.00622	0.20832	0.05714	0.06272	0.00960	0.01021	0.00735	0.00417	0.00369	0.00098	0.00376	0.00321	0.00338	0.48446
11	0.01374	0.00720	0.00891	0.00748	0.01002	0.00687	0.00590	0.04368	0.16030	0.37796	0.11235	0.09180	0.07358	0.02269	0.00506	0.00149	0.00337	0.00605	0.00487	0.03667
12	0.00807	0.00566	0.00657	0.00623	0.00762	0.00555	0.00460	0.05343	0.11171	0.06614	0.16814	0.16501	0.24079	0.07295	0.00717	0.05063	0.00295	0.00804	0.00422	0.00453

[dist]
# distance from previous block
# <min> <max>
15	27

[block]
# block no. 1 follows, 58 sequences, length 9
# corresponding to MSA columns:
# 413-421
name=unknown_B
#
# <colnr> <probs for GDERKNQSTAVLIFYWHMCP>
#	G	D	E	R	K	N	Q	S	T	A	V	L	I	F	Y	W	H	M	C	P
0	0.00790	0.00501	0.00659	0.00634	0.00768	0.00463	0.00503	0.00988	0.01199	0.10201	0.50229	0.03579	0.09589	0.00960	0.00538	0.00155	0.00272	0.17040	0.00476	0.00453
1	0.01004	0.49087	0.19256	0.00824	0.01213	0.01325	0.00879	0.01235	0.00971	0.01237	0.11041	0.01398	0.07866	0.00522	0.00367	0.00116	0.00463	0.00390	0.00247	0.00557
2	0.00809	0.10986	0.00852	0.00606	0.00776	0.00638	0.00485	0.04274	0.01226	0.06009	0.53856	0.02942	0.13173	0.00840	0.00490	0.00136	0.00267	0.00718	0.00447	0.00468
3	0.04688	0.08889	0.54903	0.01122	0.01663	0.01110	0.01333	0.12766	0.01122	0.01639	0.05992	0.01089	0.00827	0.00469	0.00417	0.00137	0.00579	0.00360	0.00250	0.00645
4	0.42621	0.01418	0.25057	0.00879	0.01271	0.08031	0.00896	0.06644	0.00984	0.05168	0.02867	0.00924	0.00659	0.00449	0.00357	0.00137	0.00487	0.00307	0.00275	0.00569
5	0.01010	0.19009	0.61923	0.01149	0.01738	0.01170	0.01425	0.01437	0.00953	0.05121	0.00811	0.00925	0.00594	0.00422	0.00398	0.00132	0.00611	0.00318	0.00207	0.00648
6	0.05598	0.27046	0.21557	0.01022	0.01432	0.08974	0.07653	0.01552	0.09190	0.06969	0.04318	0.01089	0.00850	0.00459	0.00391	0.00126	0.00540	0.00357	0.00267	0.00609
7	0.26632	0.12979	0.14305	0.00922	0.01283	0.13200	0.02659	0.10738	0.07540	0.04636	0.00860	0.00930	0.00655	0.00453	0.00367	0.00130	0.00512	0.00317	0.00287	0.00594
8	0.06490	0.04511	0.04162	0.00864	0.01150	0.05122	0.05077	0.16508	0.07547	0.19289	0.06851	0.08710	0.10437	0.00681	0.00458	0.00142	0.00417	0.00564	0.00413	0.00608

[dist]
# distance from previous block
# <min> <max>
7	21

[block]
# block no. 2 follows, 58 sequences, length 19
# corresponding to MSA columns:
# 456,457,468-484
name=unknown_C
#
# <colnr> <probs for GDERKNQSTAVLIFYWHMCP>
#	G	D	E	R	K	N	Q	S	T	A	V	L	I	F	Y	W	H	M	C	P
0	0.01301	0.04624	0.01272	0.00969	0.01273	0.08262	0.07411	0.28482	0.14523	0.04520	0.13250	0.01487	0.01354	0.00560	0.00446	0.00130	0.00458	0.00463	0.00393	0.08822
1	0.12336	0.08420	0.01239	0.03984	0.15504	0.07914	0.00819	0.05873	0.29376	0.01648	0.01265	0.07577	0.01062	0.00565	0.00419	0.00140	0.00442	0.00460	0.00336	0.00621
2	0.07835	0.00958	0.04512	0.00932	0.03590	0.00941	0.00763	0.15539	0.10196	0.36815	0.01513	0.01437	0.04393	0.00582	0.00530	0.00145	0.07749	0.00442	0.00441	0.00689
3	0.01633	0.08581	0.01403	0.00983	0.01344	0.01363	0.00823	0.67135	0.01921	0.05215	0.01045	0.01051	0.00752	0.00515	0.00428	0.00128	0.00481	0.00384	0.00421	0.04394
4	0.01067	0.00885	0.01174	0.00969	0.06869	0.00775	0.07681	0.06335	0.08628	0.05753	0.02975	0.01136	0.00852	0.00405	0.00387	0.00096	0.00395	0.00353	0.00309	0.52958
5	0.01166	0.61836	0.02022	0.08095	0.01317	0.09117	0.00807	0.01321	0.00923	0.01064	0.00683	0.00845	0.00614	0.00609	0.06003	0.00147	0.02405	0.00278	0.00199	0.00548
6	0.01761	0.00708	0.00950	0.00747	0.01055	0.00613	0.00610	0.01933	0.01258	0.67929	0.09264	0.01915	0.07908	0.00634	0.00463	0.00140	0.00353	0.00523	0.00537	0.00699
7	0.01186	0.74133	0.06438	0.00807	0.01188	0.05529	0.00808	0.01346	0.00926	0.01076	0.00682	0.02882	0.00635	0.00415	0.00307	0.00101	0.00498	0.00273	0.00199	0.00571
8	0.01062	0.00910	0.00968	0.00885	0.01118	0.01046	0.00682	0.02222	0.73624	0.01807	0.01878	0.08946	0.01506	0.00677	0.00465	0.00154	0.00346	0.00573	0.00452	0.00678
9	0.01041	0.00794	0.00927	0.00837	0.01035	0.02573	0.01968	0.01730	0.39261	0.09641	0.04975	0.01955	0.03604	0.04789	0.17857	0.00284	0.02271	0.03473	0.00397	0.00587
10	0.00550	0.00426	0.00502	0.00543	0.00633	0.00377	0.00384	0.00661	0.00982	0.01260	0.14175	0.39214	0.36250	0.01221	0.00547	0.00163	0.00239	0.01070	0.00426	0.00377
11	0.00573	0.00397	0.00521	0.00617	0.00652	0.00374	0.00421	0.00665	0.00870	0.01187	0.02390	0.74796	0.02814	0.01332	0.00555	0.00177	0.00262	0.04526	0.06501	0.00369
12	0.00643	0.00431	0.00490	0.00497	0.00499	0.00429	0.00281	0.00649	0.00665	0.00887	0.01484	0.08641	0.01720	0.78438	0.02157	0.00416	0.00421	0.00694	0.00281	0.00278
13	0.00972	0.00827	0.00928	0.06625	0.01179	0.00935	0.00677	0.01905	0.55637	0.01757	0.15015	0.02136	0.06476	0.00690	0.00474	0.00151	0.00341	0.02212	0.00440	0.00620
14	0.01133	0.01246	0.06464	0.12907	0.53868	0.11671	0.03527	0.01401	0.01032	0.01369	0.00815	0.01072	0.00667	0.00414	0.00440	0.00134	0.00590	0.00384	0.00218	0.00650
15	0.00928	0.00795	0.00928	0.00663	0.01060	0.00596	0.00530	0.01126	0.00928	0.01458	0.00795	0.00928	0.00663	0.00331	0.00331	0.00066	0.00331	0.00265	0.00265	0.87014
16	0.00881	0.00586	0.00708	0.00641	0.00819	0.00546	0.00495	0.06355	0.04807	0.11061	0.28439	0.13256	0.18417	0.00911	0.00506	0.00145	0.00283	0.04108	0.00450	0.06585
17	0.00894	0.00707	0.00932	0.00817	0.00983	0.00771	0.03939	0.04061	0.16859	0.04606	0.15061	0.04046	0.01661	0.05897	0.22012	0.00310	0.08438	0.00545	0.00349	0.07112
18	0.08928	0.01221	0.04567	0.01029	0.04620	0.15922	0.04181	0.17133	0.17773	0.05567	0.07032	0.02739	0.02111	0.01806	0.00461	0.00140	0.00489	0.00443	0.00363	0.03475

[dist]
# distance from previous block
# <min> <max>
2	4

[block]
# block no. 3 follows, 58 sequences, length 11
# corresponding to MSA columns:
# 499-509
name=unknown_D
#
# <colnr> <probs for GDERKNQSTAVLIFYWHMCP>
#	G	D	E	R	K	N	Q	S	T	A	V	L	I	F	Y	W	H	M	C	P
0	0.01318	0.01194	0.01542	0.01208	0.01528	0.13675	0.23928	0.15117	0.16093	0.09451	0.05791	0.03125	0.02823	0.00545	0.00475	0.00142	0.00555	0.00498	0.00362	0.00632
1	0.00613	0.00450	0.00577	0.00628	0.00670	0.00444	0.00437	0.00695	0.00843	0.01131	0.04962	0.48138	0.05734	0.18936	0.00969	0.00233	0.03978	0.08009	0.00374	0.02179
2	0.01128	0.26575	0.43599	0.01102	0.01602	0.16234	0.01246	0.01462	0.00993	0.01250	0.00729	0.00852	0.00571	0.00419	0.00380	0.00123	0.00634	0.00296	0.00197	0.00609
3	0.00586	0.00400	0.00499	0.00577	0.00622	0.00374	0.00390	0.00680	0.00870	0.01203	0.02444	0.63706	0.08582	0.04922	0.00609	0.00180	0.00258	0.01109	0.11619	0.00367
4	0.00931	0.00859	0.01284	0.00932	0.01317	0.00701	0.18346	0.01165	0.00966	0.01452	0.03830	0.04325	0.00886	0.00405	0.00392	0.00092	0.00419	0.00383	0.00271	0.61043
5	0.26729	0.00743	0.00860	0.00713	0.00997	0.00720	0.00576	0.01726	0.01074	0.48061	0.01523	0.11997	0.01166	0.00623	0.00415	0.00144	0.00355	0.00496	0.00455	0.00629
6	0.87439	0.00865	0.00657	0.00588	0.00865	0.01003	0.00484	0.01315	0.00761	0.02007	0.00623	0.00727	0.00484	0.00415	0.00277	0.00138	0.00346	0.00242	0.00277	0.00484
7	0.02812	0.00985	0.01141	0.09032	0.09653	0.14397	0.05319	0.05378	0.01067	0.04296	0.09151	0.04384	0.12472	0.02543	0.07406	0.00198	0.08410	0.00540	0.00306	0.00511
8	0.00770	0.00638	0.00751	0.00618	0.00882	0.00504	0.00472	0.00930	0.00943	0.01369	0.05950	0.20060	0.12913	0.00716	0.00423	0.00108	0.00294	0.00615	0.00332	0.50712
9	0.00719	0.00494	0.00629	0.00594	0.00712	0.00462	0.00444	0.04097	0.01235	0.05159	0.60271	0.13692	0.07861	0.00958	0.00527	0.00146	0.00237	0.00844	0.00479	0.00441
10	0.00941	0.06587	0.67145	0.01200	0.01793	0.01088	0.01482	0.01537	0.11294	0.01456	0.00925	0.01026	0.00671	0.00446	0.00421	0.00140	0.00611	0.00348	0.00224	0.00662

[dist]
# distance from previous block
# <min> <max>
0	5

[block]
# block no. 4 follows, 58 sequences, length 73
# corresponding to MSA columns:
# 515-545,596-637
name=unknown_E
#
# <colnr> <probs for GDERKNQSTAVLIFYWHMCP>
#	G	D	E	R	K	N	Q	S	T	A	V	L	I	F	Y	W	H	M	C	P
0	0.01051	0.00843	0.01015	0.12406	0.04710	0.00934	0.00749	0.13172	0.28289	0.05286	0.02035	0.07535	0.16119	0.00720	0.00504	0.00151	0.02890	0.00599	0.00395	0.00597
1	0.01672	0.02102	0.01270	0.01148	0.01383	0.79758	0.00864	0.04415	0.01296	0.01153	0.00704	0.00816	0.00582	0.00464	0.00405	0.00116	0.00796	0.00292	0.00238	0.00527
2	0.01096	0.01036	0.01744	0.02605	0.75795	0.01042	0.01315	0.01383	0.03954	0.01454	0.00876	0.01136	0.00735	0.00445	0.00487	0.03052	0.00520	0.00402	0.00229	0.00691
3	0.87439	0.00865	0.00657	0.00588	0.00865	0.01003	0.00484	0.01315	0.00761	0.02007	0.00623	0.00727	0.00484	0.00415	0.00277	0.00138	0.00346	0.00242	0.00277	0.00484
4	0.01232	0.06536	0.21093	0.01422	0.19782	0.06419	0.01110	0.16347	0.07558	0.06321	0.01055	0.04793	0.00842	0.00503	0.00431	0.00134	0.00530	0.00412	0.00303	0.03177
5	0.02275	0.05167	0.25149	0.01246	0.01659	0.17591	0.18212	0.08017	0.06215	0.01497	0.04214	0.02577	0.03171	0.00497	0.00448	0.00137	0.00628	0.00429	0.00267	0.00602
6	0.01162	0.75024	0.10034	0.00813	0.01223	0.01677	0.00847	0.01343	0.00913	0.01095	0.00643	0.00743	0.00575	0.00386	0.00301	0.00100	0.00493	0.00249	0.00192	0.02187
7	0.00642	0.00439	0.00534	0.00547	0.00565	0.00449	0.00344	0.00680	0.00694	0.00936	0.01512	0.10183	0.01710	0.61694	0.13778	0.00444	0.00529	0.03732	0.00285	0.00304
8	0.00635	0.00492	0.00582	0.00555	0.00685	0.00459	0.00417	0.00891	0.07107	0.01605	0.49899	0.04826	0.28253	0.00968	0.00523	0.00145	0.00227	0.00836	0.00464	0.00428
9	0.00575	0.00424	0.00538	0.00575	0.00649	0.00387	0.00406	0.00707	0.01032	0.01392	0.31791	0.42258	0.15253	0.01182	0.00549	0.00162	0.00237	0.01052	0.00444	0.00387
10	0.00919	0.07852	0.74632	0.01238	0.01864	0.01096	0.01576	0.01403	0.00936	0.01384	0.00785	0.00930	0.00568	0.00431	0.00441	0.00140	0.02639	0.00326	0.00189	0.00651
11	0.01306	0.01035	0.01094	0.00932	0.01206	0.03007	0.00738	0.26628	0.45639	0.05040	0.01564	0.04686	0.01203	0.00696	0.02993	0.00164	0.00431	0.00496	0.00443	0.00699
12	0.00595	0.00432	0.00566	0.00618	0.00688	0.00403	0.00452	0.00735	0.01022	0.01381	0.27804	0.42282	0.08805	0.01205	0.00560	0.00170	0.00262	0.11191	0.00440	0.00389
13	0.01047	0.37408	0.45653	0.01054	0.01584	0.03698	0.01251	0.01394	0.00939	0.01252	0.00722	0.00844	0.00570	0.00408	0.00365	0.00121	0.00587	0.00290	0.00191	0.00620
14	0.01928	0.00779	0.01036	0.00806	0.01144	0.00698	0.00662	0.02197	0.08266	0.74766	0.01770	0.01535	0.01130	0.00558	0.00450	0.00140	0.00378	0.00455	0.00545	0.00757
15	0.01700	0.01253	0.01342	0.01029	0.01387	0.01387	0.00850	0.79997	0.02103	0.02819	0.01074	0.01074	0.00761	0.00537	0.00447	0.00134	0.00492	0.00403	0.00447	0.00761
16	0.00642	0.00430	0.00490	0.00498	0.00500	0.00428	0.00282	0.00648	0.00666	0.00888	0.01490	0.09103	0.01728	0.77965	0.02147	0.00414	0.00420	0.00698	0.00282	0.00278
17	0.00845	0.00795	0.01342	0.83204	0.03081	0.00994	0.01242	0.01143	0.00894	0.01143	0.00795	0.01193	0.00596	0.00447	0.00447	0.00149	0.00596	0.00398	0.00199	0.00497
18	0.00639	0.00479	0.00719	0.00719	0.00799	0.00559	0.00559	0.00799	0.00719	0.01038	0.01198	0.01757	0.01118	0.03355	0.82507	0.00719	0.01198	0.00479	0.00240	0.00399
19	0.01129	0.00789	0.00948	0.00687	0.01075	0.00608	0.00554	0.01323	0.00993	0.16443	0.00976	0.01039	0.00746	0.00373	0.00353	0.00080	0.00340	0.00299	0.00319	0.70925
20	0.00716	0.00511	0.00715	0.00818	0.00919	0.00511	0.00712	0.00918	0.01025	0.01333	0.02371	0.07217	0.02585	0.01240	0.00617	0.00205	0.00408	0.76355	0.00412	0.00411
21	0.01196	0.84548	0.02344	0.00765	0.01148	0.01770	0.00765	0.01339	0.00909	0.01052	0.00622	0.00718	0.00574	0.00383	0.00287	0.00096	0.00478	0.00239	0.00191	0.00574
22	0.00648	0.00443	0.00534	0.00534	0.00550	0.00459	0.00329	0.00680	0.00664	0.00902	0.01367	0.02693	0.01525	0.68067	0.18350	0.00491	0.00587	0.00616	0.00265	0.00297
23	0.01556	0.01796	0.01265	0.01209	0.06825	0.57761	0.00869	0.06450	0.13484	0.03219	0.00922	0.00992	0.00730	0.00486	0.00418	0.00124	0.00690	0.00340	0.00285	0.00581
24	0.00644	0.00450	0.00573	0.00575	0.00604	0.00478	0.00379	0.00704	0.00679	0.00935	0.01351	0.03969	0.01465	0.53225	0.31544	0.00533	0.00710	0.00599	0.00262	0.00320
25	0.00695	0.00553	0.00793	0.00761	0.00818	0.00672	0.00589	0.00824	0.00705	0.01022	0.01128	0.01786	0.01100	0.13511	0.59094	0.00598	0.14231	0.00488	0.00237	0.00397
26	0.00536	0.00456	0.00464	0.00468	0.00617	0.00383	0.00355	0.00653	0.01020	0.01214	0.04447	0.04334	0.78221	0.01137	0.00532	0.00153	0.00234	0.03983	0.00415	0.00379
27	0.01056	0.01207	0.02640	0.01885	0.02338	0.01131	0.79864	0.01433	0.01056	0.01433	0.00905	0.01207	0.00679	0.00377	0.00528	0.00151	0.00754	0.00528	0.00226	0.00603
28	0.01671	0.02132	0.01268	0.01152	0.01383	0.82483	0.00864	0.01786	0.01268	0.01095	0.00691	0.00807	0.00576	0.00461	0.00403	0.00115	0.00807	0.00288	0.00230	0.00519
29	0.00650	0.00435	0.00493	0.00493	0.00495	0.00437	0.00278	0.00654	0.00652	0.00871	0.01405	0.02900	0.01614	0.82395	0.04144	0.00440	0.00451	0.00647	0.00270	0.00274
30	0.01564	0.01185	0.01266	0.01002	0.01335	0.01324	0.00817	0.62027	0.20295	0.02600	0.01247	0.01212	0.00901	0.00553	0.00449	0.00138	0.00460	0.00427	0.00449	0.00749
31	0.01543	0.00848	0.01024	0.00857	0.01146	0.00874	0.00689	0.02206	0.36924	0.41655	0.01782	0.01682	0.01256	0.00603	0.00480	0.00148	0.02241	0.02824	0.00497	0.00721
32	0.00567	0.00435	0.00507	0.00527	0.00622	0.00388	0.00374	0.00684	0.01004	0.01299	0.21464	0.25537	0.36167	0.07546	0.00674	0.00179	0.00248	0.00979	0.00422	0.00376
33	0.10480	0.00775	0.00945	0.01852	0.01082	0.00738	0.00618	0.02894	0.10825	0.41642	0.04340	0.03950	0.01154	0.00594	0.00485	0.03349	0.01433	0.00445	0.00444	0.11957
34	0.00633	0.00470	0.00682	0.00687	0.00760	0.00533	0.00522	0.00776	0.00740	0.01051	0.03157	0.05992	0.03162	0.09373	0.68572	0.00644	0.01049	0.00550	0.00260	0.00388
35	0.04668	0.01954	0.10861	0.01156	0.01434	0.59317	0.04030	0.02779	0.01171	0.01200	0.00732	0.00897	0.00605	0.01830	0.01913	0.00140	0.04235	0.00316	0.00230	0.00534
36	0.01001	0.00950	0.01613	0.40081	0.39442	0.01043	0.04372	0.03699	0.00996	0.01354	0.00830	0.01150	0.00657	0.00425	0.00448	0.00141	0.00569	0.00403	0.00218	0.00608
37	0.00793	0.03934	0.25198	0.02051	0.01160	0.01925	0.00839	0.03989	0.03529	0.01498	0.22255	0.04374	0.20873	0.00753	0.00487	0.00141	0.01508	0.00625	0.00347	0.03720
38	0.00625	0.00457	0.00586	0.00554	0.00663	0.00418	0.00415	0.00828	0.01246	0.01746	0.75029	0.03420	0.10475	0.00932	0.00528	0.00142	0.00212	0.00820	0.00486	0.00418
39	0.01206	0.01045	0.01699	0.02379	0.65326	0.01037	0.02384	0.06964	0.01111	0.07389	0.00924	0.01128	0.00739	0.00416	0.00440	0.00131	0.00512	0.00399	0.00263	0.04509
40	0.00984	0.00828	0.00958	0.00689	0.01084	0.00654	0.00553	0.06863	0.01013	0.01557	0.00815	0.00938	0.00670	0.00346	0.00340	0.00071	0.00343	0.00275	0.00278	0.80740
41	0.17964	0.09977	0.06150	0.03902	0.24016	0.10384	0.00973	0.12842	0.05636	0.01685	0.00841	0.00977	0.00667	0.00448	0.00406	0.00131	0.01763	0.00342	0.00273	0.00625
42	0.01064	0.01137	0.07630	0.01316	0.01541	0.01210	0.23119	0.11778	0.01003	0.01429	0.00849	0.03626	0.00750	0.04213	0.00997	0.00181	0.36886	0.00464	0.00247	0.00557
43	0.00908	0.02239	0.76592	0.01316	0.01963	0.01045	0.06947	0.01418	0.00952	0.01418	0.00810	0.00962	0.00574	0.00422	0.00432	0.00142	0.00667	0.00344	0.00191	0.00657
44	0.01950	0.00812	0.01065	0.00818	0.01162	0.00736	0.00675	0.10955	0.01373	0.71544	0.03005	0.01502	0.01120	0.00558	0.00451	0.00138	0.00390	0.00450	0.00541	0.00756
45	0.01113	0.00961	0.01011	0.00910	0.01163	0.01113	0.00708	0.02377	0.80681	0.01871	0.01821	0.01669	0.01365	0.00607	0.00455	0.00152	0.00354	0.00506	0.00455	0.00708
46	0.00579	0.00417	0.00526	0.00574	0.00625	0.00388	0.00388	0.00678	0.00933	0.01254	0.20218	0.46510	0.10241	0.13558	0.00810	0.00207	0.00271	0.01045	0.00411	0.00364
47	0.07423	0.00868	0.02603	0.00884	0.01181	0.00836	0.04918	0.15095	0.01287	0.42031	0.02587	0.06619	0.01179	0.03032	0.00554	0.00155	0.04085	0.03547	0.00454	0.00663
48	0.00639	0.00479	0.00719	0.00719	0.00799	0.00559	0.00559	0.00799	0.00719	0.01038	0.01198	0.01757	0.01118	0.03355	0.82507	0.00719	0.01198	0.00479	0.00240	0.00399
49	0.01635	0.01206	0.01322	0.01025	0.01373	0.01331	0.02298	0.67810	0.10502	0.05113	0.01172	0.01154	0.00835	0.00542	0.00450	0.00137	0.00479	0.00418	0.00447	0.00752
50	0.00651	0.00434	0.00488	0.00488	0.00488	0.00434	0.00271	0.00651	0.00651	0.00867	0.01409	0.02927	0.01626	0.84279	0.02277	0.00434	0.00434	0.00651	0.00271	0.00271
51	0.00571	0.00451	0.00517	0.00532	0.00652	0.00398	0.00401	0.00709	0.01054	0.01341	0.21059	0.14469	0.47221	0.01128	0.00542	0.00158	0.00244	0.07733	0.00432	0.00389
52	0.00933	0.00800	0.00930	0.00670	0.01063	0.00612	0.00535	0.01164	0.03330	0.01470	0.00826	0.00950	0.00684	0.00340	0.00335	0.00069	0.00332	0.00272	0.00271	0.84414
53	0.01725	0.01229	0.01248	0.00976	0.01318	0.10712	0.00795	0.50362	0.01772	0.19411	0.01163	0.01131	0.00808	0.00522	0.00437	0.00130	0.00497	0.00393	0.00436	0.04934
54	0.00951	0.19192	0.63049	0.01148	0.01735	0.01170	0.01432	0.01383	0.00947	0.01353	0.03253	0.00972	0.00681	0.00431	0.00400	0.00132	0.00610	0.00327	0.00199	0.00636
55	0.04179	0.01025	0.01234	0.00982	0.01291	0.07739	0.08809	0.13011	0.15726	0.29227	0.05089	0.01413	0.01108	0.00547	0.00483	0.00139	0.03247	0.00449	0.00426	0.03875
56	0.00644	0.00432	0.00496	0.00501	0.00506	0.00432	0.00287	0.00655	0.00675	0.00903	0.02913	0.07580	0.01741	0.76587	0.03547	0.00419	0.00433	0.00686	0.00283	0.00281
57	0.04878	0.00765	0.01025	0.00789	0.01133	0.00669	0.00652	0.02151	0.01263	0.79117	0.01726	0.01496	0.01086	0.00549	0.00444	0.00138	0.00379	0.00443	0.00544	0.00752
58	0.85475	0.00874	0.00673	0.00598	0.00877	0.01012	0.00493	0.03117	0.00792	0.02026	0.00633	0.00735	0.00491	0.00418	0.00281	0.00138	0.00349	0.00246	0.00281	0.00491
59	0.00845	0.00795	0.01342	0.83204	0.03081	0.00994	0.01242	0.01143	0.00894	0.01143	0.00795	0.01193	0.00596	0.00447	0.00447	0.00149	0.00596	0.00398	0.00199	0.00497
60	0.00928	0.00795	0.00928	0.00663	0.01060	0.00596	0.00530	0.01126	0.00928	0.01458	0.00795	0.00928	0.00663	0.00331	0.00331	0.00066	0.00331	0.00265	0.00265	0.87014
61	0.00656	0.00433	0.00486	0.00486	0.00489	0.00433	0.00272	0.00661	0.00658	0.00889	0.01411	0.02893	0.01613	0.81976	0.02223	0.00425	0.00427	0.00644	0.02650	0.00275
62	0.85783	0.00873	0.00671	0.00597	0.00875	0.01011	0.00492	0.02835	0.00787	0.02023	0.00632	0.00733	0.00490	0.00418	0.00280	0.00138	0.00349	0.00245	0.00280	0.00490
63	0.00557	0.00394	0.00516	0.00608	0.00631	0.00371	0.00399	0.00626	0.00834	0.01112	0.02350	0.75098	0.02812	0.10490	0.00758	0.00209	0.00279	0.01204	0.00399	0.00353
64	0.01610	0.01809	0.01236	0.01087	0.01331	0.58396	0.00834	0.14678	0.04488	0.03370	0.00850	0.00939	0.00672	0.00494	0.00443	0.00122	0.03260	0.00327	0.03486	0.00567
65	0.00562	0.00454	0.00499	0.00488	0.00624	0.00392	0.00366	0.00706	0.01097	0.01393	0.28742	0.04001	0.56982	0.01064	0.00528	0.00148	0.00222	0.00901	0.00440	0.00392
66	0.01611	0.01649	0.01365	0.01154	0.01423	0.50764	0.10094	0.01772	0.01219	0.17605	0.00994	0.01162	0.00771	0.00508	0.00467	0.00130	0.03189	0.03248	0.00302	0.00573
67	0.00554	0.00398	0.00528	0.00628	0.00662	0.00372	0.00429	0.00640	0.00871	0.01154	0.02524	0.77329	0.05368	0.01384	0.00572	0.00182	0.00267	0.05357	0.00415	0.00366
68	0.01608	0.01587	0.01289	0.07674	0.01493	0.46275	0.03785	0.06741	0.01249	0.17428	0.00941	0.01024	0.00701	0.00500	0.00490	0.00130	0.05846	0.00352	0.00304	0.00582
69	0.00639	0.00479	0.00719	0.00719	0.00799	0.00559	0.00559	0.00799	0.00719	0.01038	0.01198	0.01757	0.01118	0.03355	0.82507	0.00719	0.01198	0.00479	0.00240	0.00399
70	0.00888	0.00847	0.01432	0.67416	0.12494	0.01024	0.03135	0.01175	0.00903	0.01185	0.00793	0.01172	0.00611	0.00456	0.00499	0.00149	0.04692	0.00400	0.00202	0.00525
71	0.01196	0.84548	0.02344	0.00765	0.01148	0.01770	0.00765	0.01339	0.00909	0.01052	0.00622	0.00718	0.00574	0.00383	0.00287	0.00096	0.00478	0.00239	0.00191	0.00574
72	0.05269	0.02740	0.02050	0.00802	0.01091	0.00816	0.00658	0.14428	0.08110	0.40258	0.02672	0.06264	0.04558	0.03243	0.03024	0.00169	0.00413	0.02304	0.00467	0.00663

[dist]
# distance from previous block
# <min> <max>
0	1

[block]
# block no. 5 follows, 58 sequences, length 55
# corresponding to MSA columns:
# 639-693
name=unknown_F
#
# <colnr> <probs for GDERKNQSTAVLIFYWHMCP>
#	G	D	E	R	K	N	Q	S	T	A	V	L	I	F	Y	W	H	M	C	P
0	0.04380	0.01603	0.07743	0.01046	0.01370	0.34427	0.00876	0.25451	0.02847	0.14496	0.01004	0.01025	0.00726	0.00497	0.00423	0.00128	0.00610	0.00354	0.00349	0.00644
1	0.87439	0.00865	0.00657	0.00588	0.00865	0.01003	0.00484	0.01315	0.00761	0.02007	0.00623	0.00727	0.00484	0.00415	0.00277	0.00138	0.00346	0.00242	0.00277	0.00484
2	0.01297	0.01221	0.02638	0.05078	0.04536	0.30744	0.00734	0.03115	0.01196	0.15408	0.11681	0.05493	0.12454	0.00678	0.00460	0.00135	0.00515	0.01723	0.00358	0.00536
3	0.09401	0.01014	0.01469	0.03096	0.01488	0.04278	0.24310	0.16038	0.07376	0.08279	0.03877	0.01458	0.03280	0.04896	0.05739	0.00192	0.00573	0.00476	0.00334	0.02426
4	0.00665	0.00484	0.00641	0.00636	0.00675	0.00538	0.00449	0.00747	0.00697	0.00971	0.01317	0.02414	0.01395	0.41781	0.36714	0.00535	0.04932	0.03805	0.00260	0.00343
5	0.01305	0.01183	0.01516	0.05173	0.01585	0.13664	0.20974	0.20076	0.07413	0.07596	0.01237	0.01412	0.04189	0.00755	0.07105	0.00188	0.01807	0.01881	0.00331	0.00611
6	0.00947	0.06254	0.68302	0.05372	0.01943	0.01090	0.03813	0.04672	0.00992	0.01444	0.00808	0.00959	0.00580	0.00427	0.00423	0.00140	0.00644	0.00338	0.00201	0.00651
7	0.08826	0.00842	0.01077	0.00889	0.04496	0.00791	0.00697	0.11589	0.01328	0.62359	0.01550	0.01386	0.00998	0.00534	0.00435	0.00138	0.00398	0.00425	0.00504	0.00737
8	0.00623	0.00453	0.00587	0.00563	0.00665	0.00417	0.00419	0.00822	0.01230	0.01729	0.73239	0.08662	0.07003	0.00955	0.00530	0.00144	0.00215	0.00844	0.00484	0.00417
9	0.00645	0.00457	0.00604	0.00604	0.00644	0.00497	0.00416	0.00725	0.00685	0.00953	0.01303	0.02340	0.01371	0.43673	0.42535	0.00577	0.00817	0.00565	0.00255	0.00335
10	0.01671	0.02132	0.01268	0.01152	0.01383	0.82483	0.00864	0.01786	0.01268	0.01095	0.00691	0.00807	0.00576	0.00461	0.00403	0.00115	0.00807	0.00288	0.00230	0.00519
11	0.00936	0.05555	0.65508	0.01355	0.01970	0.01085	0.14570	0.01416	0.00961	0.01404	0.00812	0.00978	0.00586	0.00415	0.00436	0.00141	0.00669	0.00359	0.00195	0.00648
12	0.01113	0.00961	0.01011	0.00910	0.01163	0.01113	0.00708	0.02377	0.80681	0.01871	0.01821	0.01669	0.01365	0.00607	0.00455	0.00152	0.00354	0.00506	0.00455	0.00708
13	0.00617	0.00454	0.00577	0.00551	0.00660	0.00414	0.00412	0.00811	0.01221	0.01697	0.68826	0.06393	0.13783	0.00959	0.00529	0.00143	0.00215	0.00843	0.00480	0.00414
14	0.01219	0.01350	0.01652	0.01319	0.01602	0.27059	0.30266	0.08819	0.01180	0.01397	0.01137	0.14960	0.01073	0.00618	0.00512	0.00145	0.02632	0.02232	0.00283	0.00544
15	0.00543	0.00454	0.00473	0.00468	0.00613	0.00384	0.00351	0.00670	0.01054	0.01290	0.15245	0.04170	0.70543	0.01102	0.00529	0.00150	0.00224	0.00925	0.00426	0.00384
16	0.00778	0.00616	0.00680	0.00619	0.00793	0.00610	0.00477	0.10629	0.11205	0.01656	0.26152	0.03243	0.37152	0.00978	0.02267	0.00158	0.00291	0.00773	0.00443	0.00479
17	0.00897	0.02314	0.81962	0.01275	0.01936	0.01039	0.01653	0.01417	0.00944	0.01417	0.00803	0.00944	0.00567	0.00425	0.00425	0.00142	0.00661	0.00331	0.00189	0.00661
18	0.00573	0.00428	0.00533	0.00563	0.00646	0.00388	0.00401	0.00707	0.01042	0.01393	0.31476	0.36829	0.21055	0.01165	0.00546	0.00160	0.00235	0.01030	0.00443	0.00388
19	0.05507	0.48940	0.23243	0.00922	0.01370	0.01494	0.00996	0.10436	0.01049	0.01401	0.00722	0.00819	0.00589	0.00413	0.00342	0.00114	0.00522	0.00282	0.00225	0.00614
20	0.05286	0.13760	0.66726	0.01169	0.01772	0.01139	0.01470	0.01401	0.00930	0.01395	0.00768	0.00902	0.00564	0.00419	0.00398	0.00135	0.00620	0.00313	0.00194	0.00640
21	0.84101	0.00861	0.00672	0.00596	0.00876	0.00990	0.00491	0.01349	0.00782	0.05124	0.00667	0.00758	0.00509	0.00421	0.00284	0.00138	0.00347	0.00250	0.00288	0.00495
22	0.00549	0.00391	0.00518	0.00618	0.00642	0.00366	0.00410	0.00624	0.00848	0.01131	0.02424	0.80797	0.02906	0.04663	0.00638	0.00192	0.00266	0.01247	0.00410	0.00360
23	0.01196	0.84548	0.02344	0.00765	0.01148	0.01770	0.00765	0.01339	0.00909	0.01052	0.00622	0.00718	0.00574	0.00383	0.00287	0.00096	0.00478	0.00239	0.00191	0.00574
24	0.84055	0.00848	0.00648	0.00582	0.00852	0.00981	0.00478	0.01304	0.00768	0.01994	0.00656	0.00763	0.00510	0.00419	0.00278	0.00137	0.00341	0.00249	0.03656	0.00482
25	0.00897	0.02314	0.81962	0.01275	0.01936	0.01039	0.01653	0.01417	0.00944	0.01417	0.00803	0.00944	0.00567	0.00425	0.00425	0.00142	0.00661	0.00331	0.00189	0.00661
26	0.01113	0.00961	0.01011	0.00910	0.01163	0.01113	0.00708	0.02377	0.80681	0.01871	0.01821	0.01669	0.01365	0.00607	0.00455	0.00152	0.00354	0.00506	0.00455	0.00708
27	0.00631	0.00437	0.00510	0.00514	0.00546	0.00423	0.00320	0.00684	0.00802	0.01074	0.14763	0.09677	0.08178	0.56330	0.01694	0.00340	0.00367	0.02063	0.00332	0.00314
28	0.00651	0.00434	0.00488	0.00488	0.00488	0.00434	0.00271	0.00651	0.00651	0.00867	0.01409	0.02927	0.01626	0.84279	0.02277	0.00434	0.00434	0.00651	0.00271	0.00271
29	0.00545	0.00389	0.00519	0.00623	0.00649	0.00363	0.00415	0.00623	0.00856	0.01142	0.02465	0.83987	0.02959	0.01401	0.00571	0.00182	0.00260	0.01272	0.00415	0.00363
30	0.00639	0.00479	0.00719	0.00719	0.00799	0.00559	0.00559	0.00799	0.00719	0.01038	0.01198	0.01757	0.01118	0.03355	0.82507	0.00719	0.01198	0.00479	0.00240	0.00399
31	0.00617	0.00454	0.00577	0.00552	0.00660	0.00414	0.00412	0.00811	0.01219	0.01697	0.68815	0.06930	0.13253	0.00961	0.00530	0.00144	0.00215	0.00845	0.00480	0.00414
32	0.00631	0.00425	0.00494	0.00513	0.00518	0.00420	0.00298	0.00645	0.00689	0.00919	0.01608	0.18154	0.01877	0.68711	0.01956	0.00386	0.00401	0.00767	0.00298	0.00288
33	0.00569	0.00406	0.00544	0.00645	0.00680	0.00384	0.00450	0.00661	0.00873	0.01160	0.02429	0.72229	0.02879	0.03319	0.00617	0.00191	0.00283	0.10903	0.00411	0.00367
34	0.21347	0.00794	0.00943	0.00751	0.01070	0.00762	0.00617	0.03426	0.04566	0.56325	0.03902	0.01394	0.01064	0.00535	0.00413	0.00139	0.00369	0.00415	0.00483	0.00686
35	0.16005	0.00778	0.00976	0.00762	0.01097	0.00714	0.00629	0.02038	0.01195	0.68725	0.01578	0.01392	0.01005	0.00531	0.00421	0.00138	0.00375	0.00416	0.00508	0.00716
36	0.09531	0.00527	0.00562	0.00525	0.00684	0.00511	0.00403	0.02516	0.01020	0.11277	0.08650	0.07998	0.17258	0.00730	0.00407	0.00130	0.00255	0.00600	0.35957	0.00460
37	0.04704	0.00478	0.00582	0.00551	0.00668	0.00453	0.00413	0.00923	0.01156	0.04798	0.55430	0.06988	0.05591	0.02804	0.00526	0.00145	0.00232	0.00738	0.12390	0.00430
38	0.00606	0.00456	0.00560	0.00534	0.00652	0.00410	0.00401	0.00791	0.01202	0.01641	0.61240	0.03593	0.24329	0.00971	0.00528	0.00143	0.00215	0.00844	0.00472	0.00410
39	0.00545	0.00389	0.00519	0.00623	0.00649	0.00363	0.00415	0.00623	0.00856	0.01142	0.02465	0.83987	0.02959	0.01401	0.00571	0.00182	0.00260	0.01272	0.00415	0.00363
40	0.02180	0.00599	0.00727	0.00717	0.00861	0.00603	0.00533	0.01312	0.19266	0.14852	0.02241	0.41420	0.05637	0.02470	0.00550	0.00171	0.00312	0.04593	0.00443	0.00512
41	0.00550	0.00393	0.00525	0.00628	0.00656	0.00367	0.00424	0.00631	0.00861	0.01147	0.02463	0.81836	0.02948	0.01397	0.00572	0.00182	0.00264	0.03376	0.00415	0.00365
42	0.00633	0.00457	0.00598	0.00563	0.00668	0.00422	0.00422	0.00844	0.01266	0.01794	0.81253	0.03341	0.04221	0.00914	0.00528	0.00141	0.00211	0.00809	0.00492	0.00422
43	0.32026	0.00614	0.00598	0.00567	0.00751	0.00627	0.00437	0.01016	0.00956	0.07006	0.14199	0.14753	0.23217	0.00842	0.00439	0.00149	0.00283	0.00687	0.00386	0.00447
44	0.87439	0.00865	0.00657	0.00588	0.00865	0.01003	0.00484	0.01315	0.00761	0.02007	0.00623	0.00727	0.00484	0.00415	0.00277	0.00138	0.00346	0.00242	0.00277	0.00484
45	0.01056	0.01207	0.02640	0.01885	0.02338	0.01131	0.79864	0.01433	0.01056	0.01433	0.00905	0.01207	0.00679	0.00377	0.00528	0.00151	0.00754	0.00528	0.00226	0.00603
46	0.01085	0.01150	0.02449	0.01766	0.02186	0.01092	0.70638	0.01436	0.01044	0.05444	0.00951	0.01238	0.00715	0.00513	0.03752	0.00174	0.03007	0.00518	0.00242	0.00600
47	0.08000	0.00555	0.00651	0.00645	0.00746	0.00579	0.00455	0.01059	0.10867	0.07873	0.01725	0.27330	0.01805	0.24396	0.11018	0.00306	0.00452	0.00752	0.00359	0.00428
48	0.00545	0.00389	0.00519	0.00623	0.00649	0.00363	0.00415	0.00623	0.00856	0.01142	0.02465	0.83987	0.02959	0.01401	0.00571	0.00182	0.00260	0.01272	0.00415	0.00363
49	0.06519	0.00777	0.00907	0.00788	0.01000	0.00815	0.00617	0.26405	0.02565	0.13879	0.08383	0.21993	0.01689	0.01114	0.10208	0.00217	0.00466	0.00661	0.00424	0.00572
50	0.20381	0.01168	0.01193	0.00933	0.01273	0.01304	0.00771	0.62855	0.01811	0.02642	0.00976	0.00998	0.00701	0.00510	0.00410	0.00135	0.00460	0.00368	0.00410	0.00701
51	0.00803	0.00581	0.00693	0.00657	0.00772	0.00586	0.00478	0.15558	0.01189	0.01614	0.25523	0.28724	0.06117	0.12289	0.02161	0.00202	0.00327	0.00860	0.00422	0.00444
52	0.57118	0.00891	0.00881	0.00730	0.01022	0.00979	0.04532	0.11014	0.01033	0.11272	0.06059	0.01055	0.00842	0.00477	0.00347	0.00139	0.00380	0.00337	0.00341	0.00552
53	0.17154	0.00906	0.01386	0.38477	0.31178	0.01021	0.01148	0.01259	0.00915	0.01421	0.00780	0.01074	0.00616	0.00424	0.00414	0.00141	0.00526	0.00369	0.00222	0.00572
54	0.03534	0.00990	0.01663	0.22842	0.59516	0.01044	0.01314	0.01314	0.00980	0.01397	0.00823	0.01118	0.00674	0.00411	0.00439	0.00137	0.00542	0.00394	0.00217	0.00649

[dist]
# distance from previous block
# <min> <max>
5	24

[block]
# block no. 6 follows, 58 sequences, length 7
# corresponding to MSA columns:
# 718-724
name=unknown_G
#
# <colnr> <probs for GDERKNQSTAVLIFYWHMCP>
#	G	D	E	R	K	N	Q	S	T	A	V	L	I	F	Y	W	H	M	C	P
0	0.01175	0.00917	0.01455	0.03984	0.23760	0.00907	0.12214	0.01484	0.07039	0.16130	0.04557	0.01478	0.05375	0.00525	0.00533	0.00137	0.06959	0.00465	0.00324	0.10582
1	0.01038	0.00875	0.01094	0.05355	0.03550	0.03196	0.05133	0.01470	0.17900	0.06715	0.06771	0.01410	0.03092	0.00502	0.00462	0.00115	0.04475	0.00416	0.00332	0.36099
2	0.00622	0.00473	0.00582	0.00568	0.00694	0.00423	0.00432	0.00795	0.01128	0.01530	0.43645	0.10880	0.23293	0.01009	0.00529	0.00149	0.00243	0.07459	0.00447	0.05099
3	0.00897	0.02314	0.81962	0.01275	0.01936	0.01039	0.01653	0.01417	0.00944	0.01417	0.00803	0.00944	0.00567	0.00425	0.00425	0.00142	0.00661	0.00331	0.00189	0.00661
4	0.00918	0.00754	0.00852	0.00818	0.01005	0.00832	0.00649	0.01717	0.46338	0.01684	0.11765	0.06135	0.05257	0.00842	0.00509	0.00164	0.00341	0.18396	0.00447	0.00578
5	0.87439	0.00865	0.00657	0.00588	0.00865	0.01003	0.00484	0.01315	0.00761	0.02007	0.00623	0.00727	0.00484	0.00415	0.00277	0.00138	0.00346	0.00242	0.00277	0.00484
6	0.01113	0.00961	0.01011	0.00910	0.01163	0.01113	0.00708	0.02377	0.80681	0.01871	0.01821	0.01669	0.01365	0.00607	0.00455	0.00152	0.00354	0.00506	0.00455	0.00708

[dist]
# distance from previous block
# <min> <max>
0	3

[block]
# block no. 7 follows, 58 sequences, length 15
# corresponding to MSA columns:
# 728-742
name=unknown_H
#
# <colnr> <probs for GDERKNQSTAVLIFYWHMCP>
#	G	D	E	R	K	N	Q	S	T	A	V	L	I	F	Y	W	H	M	C	P
0	0.01241	0.16573	0.01332	0.04206	0.02686	0.04538	0.00718	0.10919	0.03355	0.11120	0.00925	0.01010	0.00721	0.00439	0.00432	0.00105	0.05349	0.00322	0.00304	0.33704
1	0.01536	0.05421	0.01421	0.01281	0.09177	0.47225	0.04119	0.16004	0.06893	0.01511	0.00860	0.00957	0.00682	0.00472	0.00419	0.00124	0.00674	0.00342	0.00283	0.00600
2	0.04860	0.32625	0.03759	0.01016	0.01336	0.32958	0.06268	0.03335	0.07637	0.01249	0.00782	0.00878	0.00647	0.00437	0.00369	0.00115	0.00614	0.00306	0.00240	0.00568
3	0.00604	0.00456	0.00557	0.00532	0.00650	0.00410	0.00399	0.00788	0.01197	0.01630	0.59760	0.03611	0.25816	0.00976	0.00528	0.00144	0.00215	0.00847	0.00471	0.00410
4	0.01178	0.79642	0.07094	0.00796	0.01195	0.01726	0.00818	0.01344	0.00911	0.01074	0.00633	0.00731	0.00574	0.00385	0.00295	0.00098	0.00489	0.00245	0.00191	0.00579
5	0.00645	0.00480	0.00712	0.00719	0.00799	0.00552	0.00562	0.00803	0.00738	0.01054	0.01285	0.02018	0.01234	0.05570	0.74517	0.00675	0.01122	0.05864	0.00252	0.00397
6	0.01155	0.60674	0.20663	0.00906	0.01344	0.06387	0.00976	0.01384	0.00938	0.01139	0.00668	0.00775	0.00572	0.00397	0.00326	0.00107	0.00540	0.00263	0.00193	0.00591
7	0.00777	0.00389	0.00583	0.00583	0.00583	0.00389	0.00389	0.00583	0.00583	0.00777	0.00777	0.01360	0.00777	0.01554	0.01748	0.86985	0.00389	0.00389	0.00194	0.00194
8	0.00556	0.00407	0.00522	0.00593	0.00646	0.00374	0.00407	0.00658	0.00937	0.01246	0.14348	0.62184	0.12882	0.01296	0.00559	0.00172	0.00248	0.01163	0.00427	0.00374
9	0.00928	0.00795	0.00928	0.00663	0.01060	0.00596	0.00530	0.01126	0.00928	0.01458	0.00795	0.00928	0.00663	0.00331	0.00331	0.00066	0.00331	0.00265	0.00265	0.87014
10	0.01195	0.01085	0.03326	0.06424	0.47346	0.01064	0.15303	0.07215	0.03273	0.07918	0.00966	0.01172	0.00748	0.00426	0.00459	0.00138	0.00557	0.00428	0.00270	0.00686
11	0.00997	0.07556	0.57863	0.01335	0.01913	0.06720	0.14620	0.01440	0.00983	0.01373	0.00800	0.00964	0.00587	0.00417	0.00432	0.00138	0.00675	0.00355	0.00198	0.00636
12	0.00935	0.00788	0.00872	0.00805	0.00999	0.00883	0.00626	0.01784	0.50615	0.01720	0.15708	0.05668	0.08710	0.00771	0.00521	0.00155	0.03215	0.04181	0.00446	0.00596
13	0.00602	0.00415	0.00552	0.00622	0.00673	0.00390	0.00429	0.00703	0.00909	0.03591	0.10630	0.65512	0.05658	0.01432	0.05420	0.00207	0.00313	0.01141	0.00417	0.00384
14	0.01399	0.01442	0.01391	0.23510	0.06415	0.36270	0.06068	0.06238	0.01180	0.09235	0.00869	0.01044	0.00659	0.00467	0.00450	0.00132	0.02035	0.00364	0.00265	0.00567

[dist]
# distance from previous block
# <min> <max>
4	56

# created by:
# /st0/software/busco_prod/Augustus/scripts/msa2prfl.pl ./align_prep/99059.fa
