[name]
unknown

[dist]
# distance from previous block
# <min> <max>
6	45

[block]
# block no. 0 follows, 52 sequences, length 35
# corresponding to MSA columns:
# 74-87,94-114
name=unknown_A
#
# <colnr> <probs for GDERKNQSTAVLIFYWHMCP>
#	G	D	E	R	K	N	Q	S	T	A	V	L	I	F	Y	W	H	M	C	P
0	0.01278	0.20363	0.26143	0.00997	0.01452	0.01150	0.01054	0.07234	0.03282	0.15083	0.05888	0.01612	0.05885	0.00588	0.00449	0.00141	0.00518	0.02772	0.00346	0.03766
1	0.01198	0.09145	0.41227	0.01402	0.09214	0.01146	0.06611	0.04420	0.05223	0.10459	0.02965	0.01291	0.02528	0.00509	0.00467	0.00149	0.00612	0.00424	0.00294	0.00715
2	0.01023	0.05069	0.56841	0.01552	0.08924	0.01154	0.10918	0.01544	0.03618	0.01536	0.00958	0.02985	0.00731	0.00481	0.00475	0.00153	0.00688	0.00417	0.00228	0.00704
3	0.00983	0.05308	0.77755	0.01362	0.02068	0.01153	0.01757	0.01532	0.01022	0.01521	0.00863	0.01015	0.00614	0.00459	0.00455	0.00152	0.00709	0.00355	0.00205	0.00713
4	0.00977	0.01046	0.07592	0.59605	0.18848	0.01096	0.01409	0.01312	0.01001	0.01331	0.00872	0.01253	0.00668	0.00472	0.00482	0.00157	0.00637	0.00425	0.00220	0.00599
5	0.01324	0.01211	0.10545	0.05997	0.30906	0.03683	0.04829	0.01633	0.03718	0.17293	0.01217	0.04454	0.00976	0.02158	0.00613	0.00163	0.06778	0.01473	0.00325	0.00704
6	0.01119	0.01145	0.01311	0.01155	0.01225	0.13729	0.00937	0.03447	0.00893	0.01215	0.00815	0.01220	0.00767	0.01400	0.18899	0.00321	0.49218	0.00428	0.00236	0.00522
7	0.00693	0.00474	0.00542	0.00554	0.00574	0.00466	0.00335	0.00719	0.00771	0.01013	0.01914	0.07585	0.08079	0.67617	0.02118	0.00417	0.00441	0.05049	0.00323	0.00317
8	0.00915	0.00968	0.06003	0.14499	0.03919	0.00916	0.24701	0.01236	0.05067	0.01380	0.01556	0.18950	0.03698	0.08119	0.00763	0.00200	0.03501	0.02756	0.00309	0.00543
9	0.01331	0.01095	0.01714	0.23767	0.31336	0.01167	0.06586	0.16681	0.01327	0.08718	0.01041	0.01265	0.00782	0.00489	0.00489	0.00151	0.00589	0.00447	0.00314	0.00714
10	0.00631	0.00493	0.00572	0.00552	0.00690	0.00434	0.00414	0.00808	0.01242	0.01636	0.43441	0.04126	0.41014	0.01105	0.00572	0.00158	0.00237	0.00947	0.00493	0.00434
11	0.00674	0.00545	0.00757	0.00696	0.00834	0.00494	0.06585	0.00850	0.01167	0.01557	0.34727	0.17071	0.25639	0.05374	0.00679	0.00181	0.00302	0.00970	0.00460	0.00440
12	0.01681	0.01277	0.01424	0.02885	0.10063	0.12750	0.03726	0.24803	0.08247	0.19903	0.01283	0.01307	0.00923	0.00570	0.00540	0.00149	0.05056	0.00443	0.02230	0.00739
13	0.01876	0.00938	0.01151	0.00922	0.01271	0.00928	0.00749	0.10211	0.22656	0.51029	0.01852	0.01643	0.01237	0.00614	0.00489	0.00153	0.00417	0.00499	0.00559	0.00809
14	0.00689	0.00463	0.00533	0.00548	0.00552	0.00459	0.00315	0.00701	0.00735	0.00980	0.01682	0.13941	0.01957	0.71932	0.02216	0.00433	0.00444	0.00796	0.00315	0.00307
15	0.01042	0.03748	0.03899	0.19181	0.39022	0.01052	0.08067	0.01326	0.01055	0.01447	0.01181	0.09919	0.01106	0.00609	0.00509	0.00159	0.00575	0.05190	0.00267	0.00644
16	0.01090	0.02873	0.01023	0.05266	0.01156	0.07228	0.00712	0.14974	0.01143	0.04352	0.01266	0.04345	0.01138	0.08257	0.34992	0.00441	0.03937	0.00511	0.04765	0.00530
17	0.00692	0.00519	0.00779	0.00779	0.00865	0.00606	0.00606	0.00865	0.00779	0.01125	0.01298	0.01904	0.01211	0.03634	0.81049	0.00779	0.01298	0.00519	0.00260	0.00433
18	0.10090	0.00997	0.01636	0.40777	0.30178	0.01113	0.05641	0.01364	0.01011	0.01477	0.00866	0.01207	0.00681	0.00458	0.00468	0.00154	0.00602	0.00421	0.00235	0.00625
19	0.01048	0.01269	0.19941	0.03639	0.14218	0.02657	0.01068	0.02210	0.08168	0.05575	0.08939	0.08759	0.03680	0.02289	0.00601	0.00158	0.05945	0.00559	0.00332	0.08943
20	0.01015	0.01008	0.03915	0.01148	0.01325	0.06835	0.15344	0.03548	0.00960	0.01343	0.01113	0.01708	0.01024	0.10055	0.17658	0.00329	0.20325	0.03042	0.07791	0.00516
21	0.03938	0.01220	0.01252	0.00999	0.01320	0.07117	0.00809	0.51420	0.01859	0.08731	0.01203	0.01266	0.00881	0.00732	0.03229	0.04632	0.00538	0.00430	0.07706	0.00720
22	0.00735	0.03296	0.00782	0.03706	0.03862	0.00590	0.00579	0.02702	0.00966	0.01314	0.02225	0.48852	0.04499	0.05743	0.05246	0.00233	0.03028	0.06104	0.05098	0.00439
23	0.01263	0.07681	0.03635	0.01298	0.10202	0.01016	0.14390	0.13278	0.04234	0.12857	0.01747	0.18239	0.06498	0.00758	0.00519	0.00158	0.00498	0.00686	0.00392	0.00651
24	0.00906	0.00884	0.03803	0.64116	0.07838	0.01005	0.01257	0.01222	0.01030	0.01358	0.10786	0.01571	0.01147	0.00544	0.00494	0.00159	0.00591	0.00485	0.00257	0.00548
25	0.00623	0.00481	0.00565	0.00582	0.00697	0.00429	0.00428	0.00769	0.01130	0.01464	0.24953	0.19592	0.36997	0.04317	0.00658	0.00182	0.00267	0.04982	0.00467	0.00417
26	0.01313	0.06064	0.09114	0.10843	0.19389	0.19472	0.01145	0.03352	0.03380	0.06352	0.01007	0.04234	0.00843	0.00669	0.03456	0.00172	0.07848	0.00433	0.00276	0.00639
27	0.01152	0.01096	0.01794	0.13460	0.47927	0.03091	0.06015	0.01416	0.01042	0.03272	0.00923	0.01271	0.00776	0.02326	0.03317	0.00183	0.09573	0.00446	0.00244	0.00678
28	0.01295	0.01083	0.01424	0.15288	0.20132	0.01205	0.01059	0.14981	0.31742	0.04577	0.01394	0.01462	0.01049	0.00560	0.00487	0.00155	0.00500	0.00480	0.00388	0.00740
29	0.00901	0.02042	0.61489	0.01246	0.01821	0.00979	0.03616	0.01364	0.01022	0.01482	0.01378	0.11618	0.05566	0.00660	0.00496	0.00162	0.00630	0.02621	0.00257	0.00649
30	0.01272	0.07669	0.04367	0.08114	0.20190	0.07069	0.03496	0.14955	0.06670	0.03451	0.06992	0.01436	0.01125	0.00655	0.02481	0.02989	0.00553	0.00457	0.05400	0.00659
31	0.00814	0.03348	0.00757	0.00685	0.00802	0.03267	0.00523	0.03428	0.00926	0.01318	0.01736	0.02239	0.09976	0.11315	0.40182	0.00486	0.00822	0.00565	0.16370	0.00441
32	0.00679	0.00454	0.00581	0.00654	0.00714	0.00417	0.00444	0.00767	0.00957	0.05344	0.02805	0.64452	0.11531	0.06862	0.00730	0.00209	0.00297	0.01247	0.00447	0.00411
33	0.01535	0.06377	0.06937	0.02021	0.04804	0.23572	0.01593	0.17800	0.02961	0.12166	0.01308	0.11058	0.01123	0.00657	0.00475	0.00145	0.00588	0.01501	0.02723	0.00655
34	0.01498	0.01293	0.05539	0.03169	0.09583	0.04189	0.03529	0.35253	0.21182	0.04909	0.01407	0.01463	0.02325	0.00592	0.00491	0.00152	0.00524	0.01712	0.00427	0.00763

[dist]
# distance from previous block
# <min> <max>
0	2

[block]
# block no. 1 follows, 52 sequences, length 35
# corresponding to MSA columns:
# 117-151
name=unknown_B
#
# <colnr> <probs for GDERKNQSTAVLIFYWHMCP>
#	G	D	E	R	K	N	Q	S	T	A	V	L	I	F	Y	W	H	M	C	P
0	0.04455	0.01281	0.12878	0.01254	0.06129	0.06378	0.13250	0.06522	0.02952	0.14264	0.02151	0.03468	0.03133	0.00621	0.02330	0.00158	0.04177	0.00471	0.03006	0.11122
1	0.01121	0.05420	0.07255	0.15029	0.04540	0.06156	0.05896	0.03929	0.00981	0.02950	0.00919	0.01421	0.00820	0.00746	0.02505	0.00191	0.33723	0.05571	0.00251	0.00576
2	0.01075	0.07439	0.05302	0.01245	0.01365	0.01431	0.04998	0.01229	0.00812	0.01229	0.00683	0.01046	0.00645	0.00741	0.01304	0.00189	0.62319	0.00407	0.00218	0.06323
3	0.01146	0.01272	0.02692	0.04358	0.13740	0.01211	0.65003	0.01534	0.01133	0.01548	0.00967	0.01291	0.00738	0.00414	0.00556	0.00161	0.00777	0.00548	0.00244	0.00667
4	0.10672	0.04277	0.01748	0.17003	0.35379	0.01145	0.10473	0.01425	0.03171	0.01552	0.01046	0.01394	0.02781	0.00507	0.00508	0.00154	0.03132	0.02722	0.00259	0.00652
5	0.00740	0.00532	0.00780	0.13917	0.01181	0.00564	0.00660	0.00827	0.00901	0.01189	0.01928	0.36611	0.02161	0.02302	0.00908	0.17607	0.02215	0.14232	0.00355	0.00391
6	0.00632	0.00471	0.00657	0.00830	0.06057	0.00445	0.00520	0.00730	0.00940	0.01260	0.02552	0.77149	0.03040	0.01445	0.00609	0.00193	0.00301	0.01314	0.00436	0.00419
7	0.08648	0.04985	0.11269	0.01135	0.06290	0.01166	0.03353	0.25402	0.11002	0.10445	0.04210	0.03274	0.05471	0.00615	0.00473	0.00151	0.00490	0.00495	0.00411	0.00715
8	0.01225	0.01259	0.04000	0.14815	0.48143	0.07417	0.08980	0.05479	0.01167	0.01571	0.00910	0.01192	0.00733	0.00451	0.00486	0.00147	0.00635	0.00434	0.00249	0.00706
9	0.00692	0.00519	0.00779	0.00779	0.00865	0.00606	0.00606	0.00865	0.00779	0.01125	0.01298	0.01904	0.01211	0.03634	0.81049	0.00779	0.01298	0.00519	0.00260	0.00433
10	0.01088	0.01045	0.01530	0.34851	0.29793	0.06329	0.01236	0.03471	0.03592	0.01412	0.01065	0.01458	0.02908	0.06075	0.00635	0.00174	0.02006	0.00461	0.00254	0.00616
11	0.03390	0.04490	0.30556	0.04695	0.07480	0.08838	0.04400	0.01727	0.11226	0.10022	0.01208	0.03885	0.00948	0.00566	0.00498	0.00155	0.02357	0.02567	0.00311	0.00684
12	0.03371	0.15519	0.01557	0.06862	0.01377	0.03970	0.01851	0.03883	0.00887	0.01258	0.00781	0.01141	0.00721	0.01111	0.12606	0.00264	0.41661	0.00403	0.00232	0.00545
13	0.00599	0.00428	0.00573	0.00685	0.00717	0.00401	0.00465	0.00690	0.00937	0.01247	0.02666	0.79038	0.03186	0.01510	0.00621	0.00198	0.00289	0.04905	0.00450	0.00396
14	0.04486	0.08098	0.24762	0.09358	0.02059	0.06430	0.21431	0.06646	0.07406	0.03265	0.00996	0.01171	0.00742	0.00474	0.00477	0.00151	0.00672	0.00430	0.00273	0.00671
15	0.03641	0.05253	0.19550	0.05808	0.15508	0.07080	0.03549	0.06607	0.07834	0.03212	0.05643	0.01555	0.02781	0.00564	0.00466	0.00147	0.00553	0.02730	0.06863	0.00656
16	0.00771	0.00519	0.00662	0.00630	0.00740	0.00481	0.02019	0.00905	0.01080	0.07051	0.26678	0.14618	0.17519	0.20426	0.03532	0.00255	0.00355	0.00889	0.00440	0.00430
17	0.01111	0.01024	0.01720	0.26322	0.49556	0.01094	0.01368	0.01400	0.01074	0.03423	0.04604	0.01348	0.00917	0.00488	0.00512	0.00151	0.02499	0.00453	0.00254	0.00680
18	0.01127	0.07429	0.10328	0.16634	0.22850	0.01181	0.05698	0.03704	0.14185	0.02949	0.04710	0.02139	0.01036	0.00537	0.00517	0.00153	0.03377	0.00468	0.00299	0.00678
19	0.00967	0.00515	0.00567	0.05979	0.00798	0.00531	0.00434	0.03327	0.01059	0.04084	0.01530	0.01749	0.01189	0.00561	0.00357	0.00118	0.00268	0.00451	0.75037	0.00479
20	0.00603	0.00485	0.00537	0.00539	0.00677	0.00420	0.00399	0.00748	0.01153	0.01460	0.23338	0.12230	0.53316	0.01197	0.00577	0.00164	0.00245	0.01022	0.00471	0.00420
21	0.01110	0.35720	0.46054	0.01174	0.01759	0.01455	0.03681	0.01501	0.01011	0.01373	0.00792	0.00930	0.00621	0.00440	0.00402	0.00133	0.00638	0.00324	0.00207	0.00675
22	0.01289	0.01275	0.04239	0.07793	0.22550	0.14745	0.03566	0.08041	0.05115	0.05521	0.06723	0.01511	0.02841	0.03466	0.01562	0.00170	0.08156	0.00477	0.00315	0.00645
23	0.01810	0.02310	0.01373	0.01248	0.01498	0.81024	0.00936	0.01935	0.01373	0.01186	0.00749	0.00874	0.00624	0.00499	0.00437	0.00125	0.00874	0.00312	0.00250	0.00562
24	0.01503	0.18767	0.03576	0.01218	0.01579	0.13644	0.17884	0.07206	0.01231	0.17569	0.01086	0.01209	0.00820	0.00713	0.05908	0.00184	0.04495	0.00423	0.00326	0.00661
25	0.01317	0.08486	0.19840	0.03678	0.12419	0.06980	0.13094	0.10500	0.04984	0.07719	0.02718	0.01226	0.00852	0.00508	0.00516	0.00149	0.03579	0.00433	0.00303	0.00701
26	0.00639	0.00486	0.00561	0.00554	0.00661	0.00441	0.00393	0.00772	0.01096	0.01435	0.28382	0.07711	0.34226	0.17184	0.03148	0.00238	0.00314	0.00916	0.00441	0.00402
27	0.00599	0.00486	0.00520	0.00521	0.00659	0.00419	0.00381	0.00727	0.01107	0.01373	0.15508	0.08607	0.59355	0.06731	0.00703	0.00184	0.00260	0.00999	0.00452	0.00408
28	0.01130	0.01091	0.03636	0.08694	0.29759	0.04510	0.04891	0.05228	0.01077	0.01512	0.00940	0.03976	0.00817	0.00586	0.00645	0.05933	0.06915	0.00434	0.00263	0.17964
29	0.00897	0.00936	0.09658	0.01260	0.12438	0.00801	0.07655	0.02708	0.01040	0.03877	0.02093	0.26655	0.11867	0.01044	0.02531	0.00191	0.07749	0.05700	0.00355	0.00545
30	0.00637	0.00498	0.00573	0.00583	0.00713	0.00444	0.00444	0.00790	0.01139	0.01455	0.22209	0.06958	0.43830	0.06313	0.00706	0.00189	0.00284	0.11356	0.00460	0.00418
31	0.00610	0.00478	0.00554	0.00587	0.00696	0.00428	0.00420	0.00761	0.02742	0.01394	0.15410	0.33254	0.38354	0.01287	0.00588	0.00174	0.00259	0.01121	0.00464	0.00418
32	0.01109	0.03072	0.05997	0.21963	0.30323	0.01144	0.18121	0.04953	0.01141	0.01565	0.05162	0.01356	0.00927	0.00478	0.00501	0.00153	0.00631	0.00478	0.00259	0.00666
33	0.05204	0.49467	0.15360	0.01000	0.01392	0.06265	0.01016	0.01452	0.00972	0.01261	0.00706	0.00865	0.00618	0.00490	0.00525	0.00131	0.12143	0.00302	0.00214	0.00617
34	0.01209	0.00786	0.00914	0.06978	0.01139	0.06742	0.00638	0.03834	0.04014	0.21001	0.38161	0.02580	0.02731	0.06334	0.00657	0.00172	0.00386	0.00667	0.00485	0.00573

[dist]
# distance from previous block
# <min> <max>
13	44

[block]
# block no. 2 follows, 52 sequences, length 48
# corresponding to MSA columns:
# 216-263
name=unknown_C
#
# <colnr> <probs for GDERKNQSTAVLIFYWHMCP>
#	G	D	E	R	K	N	Q	S	T	A	V	L	I	F	Y	W	H	M	C	P
0	0.04372	0.08196	0.11336	0.01448	0.14121	0.20517	0.08283	0.07041	0.02913	0.03332	0.01134	0.06241	0.03204	0.00592	0.00504	0.02521	0.00627	0.00463	0.00289	0.02868
1	0.01156	0.04339	0.04973	0.03357	0.03518	0.05851	0.08353	0.05503	0.03017	0.10037	0.12697	0.08118	0.05204	0.00739	0.01933	0.00155	0.05547	0.00580	0.00370	0.14554
2	0.12747	0.07740	0.04197	0.23296	0.13026	0.05130	0.01076	0.01368	0.00967	0.04603	0.00904	0.04689	0.00777	0.00580	0.00644	0.00159	0.15207	0.00426	0.00258	0.02206
3	0.03953	0.00822	0.01001	0.00967	0.08758	0.00781	0.00668	0.05022	0.14363	0.01790	0.19419	0.07018	0.01929	0.03044	0.00524	0.00139	0.00361	0.00569	0.00395	0.28474
4	0.00853	0.00912	0.11088	0.08313	0.04045	0.00754	0.03115	0.04180	0.08701	0.01611	0.17125	0.17837	0.09057	0.00951	0.00555	0.00172	0.00421	0.09364	0.00405	0.00541
5	0.02981	0.03406	0.02609	0.03816	0.01364	0.05417	0.08358	0.10722	0.01185	0.03986	0.01363	0.06068	0.01290	0.00865	0.03494	0.03640	0.04361	0.15797	0.00341	0.18938
6	0.03553	0.01130	0.11302	0.01087	0.01405	0.03250	0.11108	0.07432	0.01162	0.20720	0.02453	0.04790	0.03831	0.08144	0.05778	0.00225	0.08579	0.00535	0.00368	0.03149
7	0.12053	0.49963	0.08118	0.01024	0.06017	0.01645	0.00924	0.08883	0.01088	0.01514	0.00749	0.00873	0.00638	0.00460	0.00408	0.00125	0.04325	0.00302	0.00248	0.00641
8	0.00835	0.00831	0.04081	0.01093	0.01341	0.00734	0.24825	0.03316	0.01116	0.01476	0.10015	0.18260	0.19586	0.06089	0.00698	0.00190	0.00477	0.04157	0.00377	0.00505
9	0.01022	0.25419	0.45064	0.01156	0.01689	0.01263	0.04081	0.01401	0.01004	0.01384	0.01047	0.11391	0.00952	0.00581	0.00442	0.00145	0.00607	0.00468	0.00238	0.00646
10	0.01169	0.01116	0.01874	0.07607	0.66029	0.01119	0.03411	0.01489	0.03349	0.01574	0.00938	0.01213	0.00777	0.00436	0.00475	0.00142	0.00567	0.00430	0.00249	0.06036
11	0.00904	0.00543	0.00708	0.00644	0.00798	0.00491	0.00491	0.01114	0.01340	0.13936	0.59962	0.06575	0.08664	0.00967	0.00561	0.00155	0.00260	0.00846	0.00535	0.00508
12	0.01171	0.01408	0.06983	0.01979	0.07190	0.05734	0.60846	0.01549	0.01127	0.01513	0.00939	0.01248	0.00719	0.00441	0.00605	0.00162	0.04964	0.00529	0.00241	0.00653
13	0.01724	0.03886	0.01228	0.00924	0.01272	0.01083	0.00761	0.36834	0.03826	0.28197	0.01980	0.01856	0.12860	0.00681	0.00493	0.00149	0.00445	0.00538	0.00508	0.00753
14	0.01039	0.00866	0.00952	0.00865	0.01088	0.00965	0.00668	0.02042	0.54121	0.02000	0.26928	0.02390	0.02473	0.00764	0.00518	0.00161	0.00334	0.00653	0.00506	0.00668
15	0.00610	0.00454	0.00533	0.00585	0.00649	0.00415	0.00390	0.00688	0.00933	0.01193	0.03108	0.40814	0.26546	0.19597	0.01017	0.00247	0.00312	0.01118	0.00415	0.00376
16	0.01194	0.01145	0.01956	0.04597	0.78369	0.01150	0.01484	0.01482	0.01101	0.01576	0.00910	0.01201	0.00765	0.00433	0.00480	0.00144	0.00577	0.00432	0.00239	0.00763
17	0.01208	0.01257	0.02223	0.01664	0.02044	0.08931	0.51061	0.04600	0.01182	0.05196	0.01229	0.12354	0.01083	0.00597	0.00587	0.00164	0.03059	0.00643	0.00299	0.00620
18	0.00599	0.00454	0.00537	0.00591	0.00669	0.00409	0.00405	0.00695	0.00988	0.01263	0.06482	0.43509	0.30816	0.09314	0.00780	0.00210	0.00284	0.01164	0.00438	0.00392
19	0.00930	0.00557	0.00749	0.00706	0.00854	0.00527	0.00556	0.01136	0.01248	0.13800	0.43797	0.03447	0.04453	0.04184	0.08438	0.00236	0.00404	0.12983	0.00493	0.00503
20	0.00915	0.00861	0.01453	0.81804	0.03338	0.01077	0.01346	0.01238	0.00969	0.01238	0.00861	0.01292	0.00646	0.00484	0.00484	0.00161	0.00646	0.00431	0.00215	0.00538
21	0.01276	0.78249	0.07375	0.00863	0.01297	0.01868	0.00889	0.01456	0.00987	0.01165	0.00686	0.00793	0.00621	0.00417	0.00320	0.00107	0.00531	0.00265	0.00207	0.00628
22	0.00842	0.00421	0.00631	0.00631	0.00631	0.00421	0.00421	0.00631	0.00631	0.00842	0.00842	0.01473	0.00842	0.01684	0.01894	0.85901	0.00421	0.00421	0.00210	0.00210
23	0.01779	0.01326	0.01419	0.01102	0.01479	0.01473	0.00906	0.70857	0.09855	0.02953	0.01243	0.01227	0.00889	0.00589	0.00486	0.00147	0.00518	0.00447	0.00486	0.00818
24	0.01246	0.13549	0.16659	0.01087	0.06227	0.01130	0.00969	0.13255	0.11323	0.08878	0.16051	0.01705	0.02435	0.00614	0.00469	0.00143	0.00474	0.00499	0.00389	0.02896
25	0.00982	0.05521	0.45528	0.01191	0.02649	0.00956	0.05196	0.01372	0.01041	0.06282	0.02884	0.15186	0.02456	0.02179	0.00538	0.00168	0.00584	0.04359	0.00296	0.00631
26	0.80558	0.00904	0.00694	0.00625	0.00912	0.01044	0.00512	0.01404	0.00838	0.02149	0.00737	0.00857	0.00574	0.00458	0.00303	0.00147	0.00365	0.00275	0.06125	0.00520
27	0.01762	0.00986	0.07056	0.03279	0.06420	0.00835	0.00849	0.05109	0.08321	0.50725	0.05175	0.01757	0.04227	0.00620	0.00492	0.00152	0.00440	0.00513	0.00514	0.00768
28	0.01143	0.02371	0.34239	0.01169	0.05432	0.00889	0.03793	0.04076	0.01119	0.15121	0.01589	0.14331	0.05640	0.02303	0.00535	0.00162	0.00535	0.00596	0.00344	0.04612
29	0.00972	0.02507	0.80458	0.01381	0.02097	0.01125	0.01790	0.01535	0.01023	0.01535	0.00870	0.01023	0.00614	0.00460	0.00460	0.00153	0.00716	0.00358	0.00205	0.00716
30	0.00915	0.00861	0.01453	0.81804	0.03338	0.01077	0.01346	0.01238	0.00969	0.01238	0.00861	0.01292	0.00646	0.00484	0.00484	0.00161	0.00646	0.00431	0.00215	0.00538
31	0.01155	0.08967	0.28286	0.05438	0.15457	0.05195	0.09951	0.06972	0.02174	0.02757	0.01075	0.05691	0.00911	0.00551	0.00482	0.00152	0.00635	0.03205	0.00270	0.00676
32	0.01361	0.01160	0.03850	0.01613	0.06344	0.01104	0.39178	0.02810	0.12946	0.17806	0.01350	0.01543	0.00995	0.00528	0.00566	0.00162	0.03038	0.02577	0.00362	0.00707
33	0.01106	0.00647	0.00668	0.00595	0.00767	0.00679	0.00465	0.17806	0.01289	0.02076	0.01491	0.01668	0.01152	0.00568	0.00370	0.00120	0.00292	0.00448	0.67260	0.00532
34	0.00693	0.00516	0.00763	0.00763	0.00844	0.00597	0.00586	0.00855	0.00774	0.01113	0.01312	0.01982	0.01246	0.08558	0.76172	0.00760	0.01247	0.00531	0.00262	0.00424
35	0.06554	0.04058	0.03595	0.01990	0.27567	0.02602	0.29449	0.06032	0.04907	0.01676	0.01224	0.01431	0.05669	0.00495	0.00502	0.00152	0.00626	0.00506	0.00283	0.00682
36	0.00996	0.00852	0.00996	0.00717	0.01139	0.00641	0.00572	0.01209	0.01003	0.01572	0.00899	0.02701	0.00769	0.00383	0.00364	0.00074	0.00357	0.00310	0.00290	0.84155
37	0.00577	0.00491	0.00497	0.00496	0.00657	0.00411	0.00372	0.00704	0.01115	0.01334	0.07802	0.04623	0.76842	0.01218	0.00573	0.00163	0.00245	0.01017	0.00453	0.00411
38	0.00586	0.00481	0.00516	0.00530	0.00668	0.00411	0.00389	0.00712	0.01102	0.01355	0.11343	0.16596	0.61131	0.01251	0.00580	0.00168	0.00249	0.01064	0.00458	0.00411
39	0.01237	0.48855	0.22371	0.01177	0.06435	0.07197	0.03896	0.01512	0.01035	0.01287	0.00755	0.00892	0.00633	0.00433	0.00378	0.00123	0.00608	0.00310	0.00213	0.00652
40	0.01299	0.02026	0.55578	0.01268	0.01881	0.01062	0.03690	0.06710	0.01189	0.19021	0.01122	0.01179	0.00760	0.00498	0.00471	0.00152	0.00640	0.00398	0.00311	0.00745
41	0.00597	0.00489	0.00527	0.00529	0.00676	0.00419	0.00396	0.00738	0.01141	0.01416	0.17514	0.08749	0.61255	0.01205	0.00577	0.00165	0.00248	0.02478	0.00464	0.00417
42	0.00859	0.07254	0.22794	0.01039	0.06101	0.00835	0.00951	0.01209	0.06270	0.01494	0.12428	0.19187	0.06228	0.03887	0.00598	0.00177	0.00455	0.07315	0.00360	0.00558
43	0.04691	0.02771	0.14766	0.02384	0.12844	0.12567	0.04027	0.03265	0.02370	0.14803	0.02672	0.05217	0.02494	0.00756	0.04666	0.00185	0.06954	0.00478	0.01440	0.00651
44	0.01109	0.01166	0.03156	0.10028	0.01899	0.10098	0.30850	0.01367	0.01022	0.03603	0.01041	0.02997	0.00901	0.07374	0.11182	0.00268	0.10599	0.00522	0.00258	0.00561
45	0.00702	0.00479	0.00574	0.00574	0.00590	0.00495	0.00351	0.00734	0.00718	0.00973	0.01485	0.02940	0.01662	0.68514	0.16785	0.00526	0.00621	0.00671	0.00287	0.00319
46	0.01156	0.05185	0.01274	0.01159	0.14522	0.08117	0.00779	0.04502	0.01107	0.01592	0.00892	0.01053	0.00738	0.00404	0.00388	0.00095	0.00452	0.00325	0.03730	0.52528
47	0.01009	0.04017	0.15340	0.00890	0.01217	0.00810	0.00825	0.02221	0.03642	0.07997	0.04498	0.18893	0.04630	0.00760	0.00564	0.00143	0.07003	0.00624	0.00349	0.24570

[dist]
# distance from previous block
# <min> <max>
1	6

[block]
# block no. 3 follows, 52 sequences, length 82
# corresponding to MSA columns:
# 304-313,325-336,360,391-400,461-509
name=unknown_D
#
# <colnr> <probs for GDERKNQSTAVLIFYWHMCP>
#	G	D	E	R	K	N	Q	S	T	A	V	L	I	F	Y	W	H	M	C	P
0	0.09051	0.01425	0.06550	0.04204	0.07488	0.11348	0.07331	0.33275	0.05420	0.07584	0.01095	0.01169	0.00799	0.00528	0.00468	0.00147	0.00589	0.00420	0.00381	0.00727
1	0.01212	0.17810	0.21807	0.07485	0.09944	0.11685	0.11797	0.03555	0.02777	0.01443	0.02608	0.01112	0.00764	0.00481	0.00491	0.00143	0.03595	0.00395	0.00242	0.00652
2	0.00643	0.00507	0.00590	0.00567	0.00697	0.00462	0.00424	0.00808	0.01200	0.01579	0.38864	0.04026	0.39815	0.04745	0.00683	0.00173	0.02387	0.00926	0.00475	0.00429
3	0.01232	0.06313	0.04796	0.12524	0.35799	0.10862	0.13262	0.03093	0.01123	0.01469	0.00873	0.01150	0.00710	0.00465	0.00528	0.00148	0.04312	0.00426	0.00239	0.00675
4	0.00619	0.00493	0.00555	0.00540	0.00683	0.00429	0.00405	0.00785	0.01214	0.01570	0.35632	0.04235	0.48864	0.01130	0.00572	0.00159	0.00239	0.00963	0.00484	0.00429
5	0.00590	0.00422	0.00562	0.00675	0.00703	0.00394	0.00450	0.00675	0.00928	0.01237	0.02671	0.82653	0.03205	0.01518	0.00619	0.00197	0.00281	0.01378	0.00450	0.00394
6	0.00682	0.00495	0.00642	0.00605	0.00721	0.00455	0.00454	0.00906	0.01362	0.01920	0.76910	0.03659	0.07368	0.01000	0.00572	0.00153	0.00229	0.00882	0.00530	0.00455
7	0.01005	0.00861	0.01005	0.00718	0.01148	0.00646	0.00574	0.01220	0.01005	0.01579	0.00861	0.01005	0.00718	0.00359	0.00359	0.00072	0.00359	0.00287	0.00287	0.85932
8	0.86392	0.00937	0.00712	0.00637	0.00937	0.01087	0.00525	0.01425	0.00825	0.02174	0.00675	0.00787	0.00525	0.00450	0.00300	0.00150	0.00375	0.00262	0.00300	0.00525
9	0.02114	0.00807	0.01093	0.00843	0.01205	0.00700	0.00695	0.02304	0.01370	0.76590	0.01896	0.01657	0.01202	0.00598	0.00480	0.00148	0.00404	0.00486	0.04602	0.00807
10	0.86392	0.00937	0.00712	0.00637	0.00937	0.01087	0.00525	0.01425	0.00825	0.02174	0.00675	0.00787	0.00525	0.00450	0.00300	0.00150	0.00375	0.00262	0.00300	0.00525
11	0.00590	0.00422	0.00562	0.00675	0.00703	0.00394	0.00450	0.00675	0.00928	0.01237	0.02671	0.82653	0.03205	0.01518	0.00619	0.00197	0.00281	0.01378	0.00450	0.00394
12	0.86392	0.00937	0.00712	0.00637	0.00937	0.01087	0.00525	0.01425	0.00825	0.02174	0.00675	0.00787	0.00525	0.00450	0.00300	0.00150	0.00375	0.00262	0.00300	0.00525
13	0.00915	0.00861	0.01453	0.81804	0.03338	0.01077	0.01346	0.01238	0.00969	0.01238	0.00861	0.01292	0.00646	0.00484	0.00484	0.00161	0.00646	0.00431	0.00215	0.00538
14	0.00590	0.00422	0.00562	0.00675	0.00703	0.00394	0.00450	0.00675	0.00928	0.01237	0.02671	0.82653	0.03205	0.01518	0.00619	0.00197	0.00281	0.01378	0.00450	0.00394
15	0.01805	0.00821	0.01062	0.00847	0.01183	0.00746	0.00692	0.04157	0.08823	0.55531	0.07025	0.01975	0.03565	0.00662	0.00495	0.00150	0.00394	0.03579	0.00553	0.05937
16	0.00715	0.00487	0.00657	0.00657	0.00697	0.00527	0.00453	0.00771	0.00731	0.01014	0.01341	0.02386	0.01400	0.36695	0.38903	0.10516	0.00849	0.00586	0.00268	0.00349
17	0.00972	0.02507	0.80458	0.01381	0.02097	0.01125	0.01790	0.01535	0.01023	0.01535	0.00870	0.01023	0.00614	0.00460	0.00460	0.00153	0.00716	0.00358	0.00205	0.00716
18	0.00592	0.00475	0.00529	0.00550	0.00675	0.00412	0.00399	0.00720	0.01099	0.01378	0.14487	0.22731	0.51724	0.01263	0.00583	0.00170	0.00252	0.01086	0.00461	0.00412
19	0.02152	0.00860	0.01147	0.00879	0.01255	0.00765	0.00726	0.07429	0.01446	0.75131	0.01862	0.01617	0.01175	0.00599	0.00487	0.00150	0.00420	0.00484	0.00592	0.00825
20	0.01205	0.00924	0.01292	0.17630	0.19170	0.02272	0.00986	0.11288	0.02677	0.07805	0.01222	0.04999	0.00994	0.00660	0.02423	0.00165	0.06675	0.00484	0.16501	0.00628
21	0.01018	0.00888	0.01417	0.60472	0.07620	0.03118	0.03270	0.01310	0.01017	0.06082	0.01062	0.06451	0.00867	0.00554	0.00490	0.00160	0.00604	0.00495	0.02544	0.00562
22	0.83325	0.00945	0.00757	0.00721	0.03782	0.01089	0.00559	0.01427	0.00835	0.02153	0.00683	0.00802	0.00534	0.00449	0.00306	0.00150	0.00382	0.00269	0.00298	0.00534
23	0.00697	0.00501	0.00689	0.00689	0.00744	0.00557	0.00494	0.00808	0.00752	0.01058	0.01380	0.02359	0.01409	0.32141	0.52813	0.00668	0.01000	0.00586	0.00272	0.00383
24	0.01274	0.02668	0.06110	0.02734	0.01356	0.04020	0.02876	0.18270	0.35366	0.03488	0.02521	0.01853	0.04050	0.06309	0.02775	0.00195	0.00499	0.02516	0.00427	0.00694
25	0.01040	0.00538	0.00563	0.00526	0.00674	0.00543	0.00404	0.05585	0.02844	0.06647	0.01586	0.01761	0.01221	0.00570	0.00359	0.00118	0.00258	0.00455	0.73804	0.00502
26	0.01090	0.01683	0.27178	0.01835	0.02396	0.01194	0.54245	0.01547	0.01106	0.01547	0.00946	0.01218	0.00697	0.00425	0.00537	0.00160	0.00785	0.00505	0.00232	0.00673
27	0.84133	0.00934	0.00723	0.00643	0.00945	0.01077	0.00530	0.01450	0.00840	0.04269	0.00708	0.00810	0.00543	0.00454	0.00305	0.00150	0.00376	0.00268	0.00308	0.00533
28	0.01810	0.02310	0.01373	0.01248	0.01498	0.81024	0.00936	0.01935	0.01373	0.01186	0.00749	0.00874	0.00624	0.00499	0.00437	0.00125	0.00874	0.00312	0.00250	0.00562
29	0.00972	0.02507	0.80458	0.01381	0.02097	0.01125	0.01790	0.01535	0.01023	0.01535	0.00870	0.01023	0.00614	0.00460	0.00460	0.00153	0.00716	0.00358	0.00205	0.00716
30	0.00704	0.00472	0.00538	0.00536	0.00543	0.00472	0.00306	0.00716	0.00733	0.00983	0.04661	0.03166	0.01865	0.78217	0.03837	0.00463	0.00475	0.00708	0.00303	0.00303
31	0.01837	0.01522	0.01440	0.01138	0.01502	0.15227	0.00924	0.65145	0.02122	0.02732	0.01092	0.01113	0.00790	0.00568	0.00477	0.00142	0.00592	0.00415	0.00444	0.00779
32	0.00630	0.00453	0.00614	0.00695	0.00738	0.00449	0.00486	0.00736	0.00904	0.01221	0.03936	0.55815	0.02734	0.07806	0.15734	0.00326	0.00492	0.05427	0.00405	0.00398
33	0.00704	0.00472	0.00538	0.00538	0.00541	0.00475	0.00305	0.00711	0.00707	0.00947	0.01518	0.03124	0.01741	0.80019	0.05389	0.00481	0.00501	0.00698	0.00292	0.00299
34	0.00776	0.00552	0.00766	0.00870	0.00975	0.00552	0.00751	0.00986	0.01091	0.01419	0.02503	0.05327	0.02727	0.06296	0.00778	0.00238	0.00448	0.72071	0.00437	0.00437
35	0.00666	0.00479	0.00616	0.00701	0.00751	0.00461	0.00478	0.05390	0.01010	0.01347	0.02579	0.77704	0.03061	0.01461	0.00610	0.00194	0.00296	0.01320	0.00452	0.00420
36	0.00654	0.00483	0.00537	0.00548	0.00624	0.00449	0.00368	0.00727	0.00914	0.01156	0.04916	0.07116	0.32037	0.40192	0.01484	0.00315	0.00368	0.06377	0.00377	0.00357
37	0.04089	0.00789	0.01040	0.00831	0.01157	0.00712	0.00678	0.02123	0.05719	0.61488	0.12210	0.01993	0.01685	0.00669	0.00498	0.00153	0.00386	0.02450	0.00573	0.00755
38	0.01854	0.01339	0.01443	0.01106	0.01493	0.01475	0.00914	0.75638	0.02247	0.05791	0.01190	0.01181	0.00837	0.00582	0.00485	0.00146	0.00529	0.00438	0.00489	0.00824
39	0.01398	0.01635	0.01207	0.01101	0.01258	0.47178	0.00834	0.01513	0.01108	0.01146	0.00901	0.01316	0.00842	0.10314	0.12892	0.00275	0.13919	0.00405	0.00250	0.00507
40	0.00706	0.00492	0.00591	0.00593	0.00604	0.00513	0.00366	0.00735	0.00733	0.00992	0.01571	0.09879	0.01792	0.64990	0.10140	0.00468	0.03475	0.00735	0.00301	0.00325
41	0.00651	0.00490	0.00602	0.00583	0.00705	0.00441	0.00434	0.00843	0.01275	0.01736	0.55700	0.08902	0.23690	0.01085	0.00575	0.00158	0.00236	0.00946	0.00507	0.00441
42	0.00602	0.00430	0.00576	0.00688	0.00721	0.00404	0.00470	0.00695	0.00939	0.01250	0.02665	0.77966	0.03180	0.01507	0.00622	0.00198	0.00291	0.05951	0.00450	0.00397
43	0.01810	0.02310	0.01373	0.01248	0.01498	0.81024	0.00936	0.01935	0.01373	0.01186	0.00749	0.00874	0.00624	0.00499	0.00437	0.00125	0.00874	0.00312	0.00250	0.00562
44	0.08469	0.00987	0.01382	0.22193	0.27253	0.06120	0.01096	0.01272	0.01008	0.01435	0.03099	0.13350	0.01174	0.02327	0.00609	0.00167	0.06632	0.00566	0.00277	0.00584
45	0.00903	0.00468	0.00470	0.00467	0.00585	0.00470	0.00351	0.01156	0.03066	0.01799	0.01679	0.01882	0.03325	0.00585	0.00349	0.00116	0.00230	0.00469	0.81172	0.00459
46	0.01080	0.05839	0.03449	0.25014	0.11766	0.01094	0.01036	0.08316	0.13305	0.01616	0.03337	0.08084	0.01174	0.00632	0.00527	0.00154	0.03782	0.02293	0.00323	0.07179
47	0.25227	0.08831	0.15653	0.03370	0.11759	0.06808	0.00997	0.03529	0.06122	0.01705	0.03061	0.01311	0.00898	0.00640	0.02715	0.02165	0.00550	0.03760	0.00287	0.00612
48	0.01011	0.04514	0.09195	0.01926	0.03840	0.00724	0.00705	0.01356	0.08366	0.12029	0.27770	0.02671	0.14983	0.00797	0.00506	0.00148	0.00355	0.00674	0.05624	0.02807
49	0.01620	0.16194	0.03087	0.01126	0.01400	0.54647	0.00903	0.04604	0.01285	0.01291	0.00800	0.00935	0.00669	0.00505	0.00458	0.00125	0.04017	0.00321	0.05435	0.00577
50	0.04320	0.01352	0.19910	0.01443	0.12546	0.01046	0.11181	0.13868	0.04271	0.03887	0.02741	0.05478	0.05053	0.00681	0.00518	0.00163	0.00563	0.09972	0.00343	0.00664
51	0.00732	0.00554	0.00777	0.00760	0.00820	0.00648	0.00571	0.00861	0.00770	0.01111	0.01329	0.04201	0.01327	0.19892	0.53012	0.00629	0.08482	0.00570	0.02544	0.00412
52	0.01059	0.01496	0.26580	0.02625	0.05895	0.01094	0.15752	0.03272	0.21564	0.01742	0.11237	0.01631	0.01382	0.00577	0.00524	0.00158	0.01868	0.00522	0.00338	0.00684
53	0.00625	0.00476	0.00575	0.00586	0.00696	0.00426	0.00426	0.00784	0.01176	0.01562	0.36197	0.22906	0.29416	0.01196	0.00583	0.00167	0.00247	0.01045	0.00485	0.00426
54	0.00835	0.00717	0.01004	0.00923	0.00961	0.00917	0.00724	0.00952	0.00752	0.01108	0.01086	0.01807	0.01090	0.16688	0.36728	0.00507	0.31994	0.00516	0.00248	0.00445
55	0.01005	0.00861	0.01005	0.00718	0.01148	0.00646	0.00574	0.01220	0.01005	0.01579	0.00861	0.01005	0.00718	0.00359	0.00359	0.00072	0.00359	0.00287	0.00287	0.85932
56	0.00827	0.00429	0.00636	0.00636	0.00641	0.00434	0.00426	0.00649	0.00644	0.00863	0.00900	0.01575	0.00905	0.05418	0.06726	0.76932	0.00476	0.00439	0.00217	0.00228
57	0.00655	0.00487	0.00586	0.00571	0.00694	0.00438	0.00424	0.00842	0.01246	0.01699	0.48522	0.08949	0.27188	0.01078	0.00565	0.00157	0.00237	0.00934	0.04289	0.00438
58	0.01060	0.01060	0.01484	0.01272	0.01272	0.01484	0.01060	0.01166	0.00742	0.01166	0.00636	0.01060	0.00636	0.00848	0.01590	0.00212	0.82082	0.00424	0.00212	0.00530
59	0.01210	0.01342	0.02666	0.01927	0.02384	0.04455	0.67660	0.06216	0.01208	0.01615	0.00970	0.01272	0.00733	0.00438	0.00597	0.00162	0.03682	0.00548	0.00259	0.00656
60	0.00778	0.00581	0.00789	0.00767	0.00854	0.00661	0.00579	0.04957	0.02460	0.01264	0.03504	0.07918	0.01486	0.14535	0.50619	0.00591	0.04520	0.00609	0.02085	0.00442
61	0.00950	0.15555	0.01029	0.00716	0.00900	0.02893	0.00602	0.01173	0.02122	0.04792	0.28840	0.03024	0.02614	0.00856	0.00498	0.00152	0.00355	0.17281	0.15142	0.00505
62	0.01810	0.02310	0.01373	0.01248	0.01498	0.81024	0.00936	0.01935	0.01373	0.01186	0.00749	0.00874	0.00624	0.00499	0.00437	0.00125	0.00874	0.00312	0.00250	0.00562
63	0.01539	0.01876	0.01196	0.01095	0.01313	0.61344	0.00824	0.01676	0.01313	0.01277	0.08026	0.01497	0.07878	0.00693	0.02505	0.00148	0.02311	0.00434	0.02524	0.00533
64	0.00628	0.00463	0.00605	0.00688	0.00738	0.00446	0.00479	0.00758	0.02592	0.01319	0.08630	0.65539	0.07496	0.01422	0.00633	0.00192	0.02029	0.04478	0.00452	0.00412
65	0.01281	0.01231	0.05470	0.12669	0.29394	0.05528	0.02151	0.17273	0.11760	0.01850	0.01167	0.04654	0.00950	0.00600	0.01762	0.00161	0.00576	0.00480	0.00328	0.00712
66	0.06046	0.00932	0.01092	0.13551	0.01482	0.05710	0.02811	0.10049	0.02860	0.12217	0.04124	0.01589	0.02748	0.00559	0.00440	0.00132	0.00453	0.02981	0.12049	0.18174
67	0.02191	0.07530	0.51387	0.01379	0.05207	0.01148	0.07810	0.02814	0.01083	0.09936	0.00987	0.01118	0.00707	0.00480	0.00489	0.00151	0.02791	0.00389	0.01695	0.00708
68	0.01254	0.36731	0.01920	0.01059	0.01285	0.05352	0.00935	0.06515	0.03799	0.01313	0.00741	0.00963	0.00672	0.00620	0.00870	0.00155	0.34625	0.00353	0.00240	0.00599
69	0.01175	0.01309	0.02797	0.02001	0.02487	0.01238	0.74750	0.04967	0.01194	0.01619	0.00989	0.01301	0.00739	0.00416	0.00568	0.00163	0.00804	0.00566	0.00256	0.00661
70	0.00871	0.00692	0.00802	0.00788	0.00942	0.00735	0.00603	0.01472	0.29534	0.01684	0.18020	0.14480	0.07355	0.06967	0.00703	0.00198	0.00345	0.12794	0.00471	0.00545
71	0.01116	0.00911	0.01525	0.11991	0.08630	0.00926	0.19691	0.01535	0.12186	0.11212	0.07161	0.15647	0.02813	0.00730	0.00551	0.00165	0.01517	0.00693	0.00378	0.00621
72	0.14969	0.02322	0.04709	0.01002	0.06943	0.00947	0.00784	0.14244	0.01323	0.28847	0.01275	0.01265	0.00891	0.00512	0.00426	0.00134	0.00436	0.00397	0.04348	0.14224
73	0.00856	0.00531	0.00679	0.00620	0.00769	0.00482	0.00473	0.01070	0.01332	0.10889	0.60188	0.03411	0.11155	0.00949	0.00552	0.00151	0.00251	0.00827	0.04320	0.00495
74	0.01120	0.00932	0.01275	0.35035	0.05374	0.01084	0.01014	0.18037	0.09869	0.01709	0.01222	0.05726	0.01037	0.07629	0.03821	0.00210	0.02475	0.00521	0.01308	0.00602
75	0.00697	0.00468	0.00534	0.00540	0.00544	0.00465	0.00307	0.00708	0.00736	0.00984	0.03646	0.08010	0.01923	0.75873	0.02305	0.00445	0.00452	0.00750	0.00309	0.00304
76	0.01005	0.00861	0.01005	0.00718	0.01148	0.00646	0.00574	0.01220	0.01005	0.01579	0.00861	0.01005	0.00718	0.00359	0.00359	0.00072	0.00359	0.00287	0.00287	0.85932
77	0.01296	0.83261	0.02539	0.00829	0.01244	0.01917	0.00829	0.01451	0.00985	0.01140	0.00674	0.00777	0.00622	0.00415	0.00311	0.00104	0.00518	0.00259	0.00207	0.00622
78	0.00748	0.00508	0.00635	0.00605	0.00738	0.00465	0.00463	0.00957	0.01288	0.04946	0.54178	0.03687	0.16425	0.01003	0.00557	0.00155	0.00251	0.05228	0.06699	0.00463
79	0.01308	0.08272	0.01243	0.02868	0.07613	0.20114	0.00787	0.16895	0.02684	0.01730	0.04636	0.10193	0.06934	0.00692	0.00463	0.00139	0.00518	0.00552	0.10130	0.02227
80	0.01111	0.00865	0.01018	0.00740	0.01160	0.00672	0.00593	0.01366	0.03848	0.08256	0.00990	0.01088	0.00786	0.00390	0.00375	0.00082	0.00364	0.00313	0.00321	0.75663
81	0.01529	0.01120	0.02946	0.02953	0.10898	0.01162	0.00905	0.38972	0.07678	0.11449	0.01504	0.07158	0.02987	0.04326	0.00588	0.00168	0.00490	0.01988	0.00445	0.00734

[dist]
# distance from previous block
# <min> <max>
2	7

[block]
# block no. 4 follows, 52 sequences, length 13
# corresponding to MSA columns:
# 564-576
name=unknown_E
#
# <colnr> <probs for GDERKNQSTAVLIFYWHMCP>
#	G	D	E	R	K	N	Q	S	T	A	V	L	I	F	Y	W	H	M	C	P
0	0.03973	0.04310	0.07565	0.01547	0.20019	0.19100	0.01073	0.15025	0.12777	0.01798	0.02550	0.01279	0.02526	0.00551	0.00508	0.00146	0.03806	0.00426	0.00328	0.00693
1	0.28136	0.04842	0.01159	0.03311	0.01267	0.01147	0.00743	0.21252	0.04738	0.20037	0.01160	0.01180	0.00829	0.00612	0.02277	0.00163	0.03793	0.00388	0.00412	0.02555
2	0.06707	0.01421	0.08311	0.05892	0.09292	0.15643	0.22525	0.03054	0.04020	0.01495	0.01123	0.05055	0.03697	0.00578	0.00609	0.00159	0.09033	0.00501	0.00272	0.00612
3	0.00682	0.00477	0.00564	0.00597	0.00636	0.00463	0.00394	0.00740	0.00843	0.01100	0.02244	0.16133	0.11211	0.49370	0.01707	0.00357	0.00411	0.11367	0.00357	0.00344
4	0.01721	0.01505	0.06695	0.01137	0.01514	0.11003	0.00973	0.59709	0.02021	0.02639	0.01172	0.01357	0.00895	0.00606	0.00488	0.00148	0.00582	0.04637	0.00436	0.00764
5	0.00757	0.00548	0.00747	0.00839	0.00955	0.00538	0.00724	0.00972	0.01132	0.01473	0.08102	0.05271	0.09383	0.01305	0.00654	0.00213	0.00414	0.65075	0.00453	0.00444
6	0.01491	0.00833	0.01003	0.00847	0.01132	0.00837	0.00673	0.02117	0.29995	0.34578	0.14561	0.02188	0.06135	0.00718	0.00508	0.00156	0.00363	0.00601	0.00542	0.00722
7	0.02092	0.00801	0.01081	0.00836	0.01194	0.00695	0.00688	0.02282	0.01363	0.75217	0.01890	0.01660	0.01202	0.00598	0.00478	0.00148	0.00400	0.00485	0.06090	0.00801
8	0.86392	0.00937	0.00712	0.00637	0.00937	0.01087	0.00525	0.01425	0.00825	0.02174	0.00675	0.00787	0.00525	0.00450	0.00300	0.00150	0.00375	0.00262	0.00300	0.00525
9	0.01296	0.83261	0.02539	0.00829	0.01244	0.01917	0.00829	0.01451	0.00985	0.01140	0.00674	0.00777	0.00622	0.00415	0.00311	0.00104	0.00518	0.00259	0.00207	0.00622
10	0.00705	0.00470	0.00529	0.00529	0.00529	0.00470	0.00294	0.00705	0.00705	0.00940	0.01527	0.03171	0.01762	0.82969	0.02467	0.00470	0.00470	0.00705	0.00294	0.00294
11	0.00653	0.00488	0.00666	0.00725	0.00791	0.00467	0.02468	0.00829	0.04434	0.01386	0.13057	0.62695	0.03233	0.01372	0.00608	0.00190	0.00300	0.04754	0.00458	0.00428
12	0.01028	0.02146	0.58421	0.01700	0.13196	0.01143	0.12486	0.01530	0.01051	0.01544	0.00891	0.01088	0.00653	0.00449	0.00479	0.00154	0.00710	0.00399	0.00215	0.00715

[dist]
# distance from previous block
# <min> <max>
5	19

[block]
# block no. 5 follows, 52 sequences, length 52
# corresponding to MSA columns:
# 684-693,703-744
name=unknown_F
#
# <colnr> <probs for GDERKNQSTAVLIFYWHMCP>
#	G	D	E	R	K	N	Q	S	T	A	V	L	I	F	Y	W	H	M	C	P
0	0.01533	0.29542	0.10176	0.01122	0.01483	0.38905	0.02506	0.02811	0.01202	0.03900	0.00784	0.00900	0.00647	0.00476	0.00424	0.00124	0.02294	0.00314	0.00245	0.00612
1	0.01117	0.01439	0.24641	0.02594	0.01639	0.01143	0.10474	0.10249	0.02408	0.04708	0.04658	0.01393	0.02066	0.00898	0.08261	0.00225	0.18944	0.00467	0.02045	0.00633
2	0.00809	0.00438	0.00639	0.00639	0.00649	0.00449	0.00430	0.00668	0.00657	0.00887	0.00971	0.01708	0.00986	0.10622	0.11737	0.66240	0.00535	0.00463	0.00225	0.00247
3	0.01364	0.55474	0.04170	0.00974	0.01320	0.14758	0.00901	0.04275	0.01068	0.01230	0.00704	0.00846	0.00631	0.00486	0.00490	0.00122	0.10056	0.00296	0.00225	0.00611
4	0.00903	0.00452	0.00452	0.00452	0.00565	0.00452	0.00339	0.01129	0.01016	0.01807	0.01581	0.01807	0.01242	0.00565	0.00339	0.00113	0.00226	0.00452	0.85659	0.00452
5	0.00665	0.00495	0.00619	0.00588	0.00711	0.00449	0.00441	0.00875	0.01323	0.01828	0.66106	0.03809	0.18229	0.01034	0.00572	0.00154	0.00232	0.00903	0.00518	0.00449
6	0.03832	0.00808	0.01071	0.00832	0.01184	0.00714	0.00684	0.03643	0.01369	0.70842	0.03390	0.01671	0.01248	0.00602	0.00476	0.00148	0.00399	0.00487	0.05813	0.00788
7	0.01228	0.01026	0.01080	0.00962	0.01233	0.01179	0.00751	0.07445	0.69252	0.02081	0.01895	0.01766	0.01422	0.00647	0.00483	0.00160	0.00384	0.00535	0.05722	0.00751
8	0.00903	0.00452	0.00452	0.00452	0.00565	0.00452	0.00339	0.01129	0.01016	0.01807	0.01581	0.01807	0.01242	0.00565	0.00339	0.00113	0.00226	0.00452	0.85659	0.00452
9	0.00705	0.00470	0.00529	0.00529	0.00529	0.00470	0.00294	0.00705	0.00705	0.00940	0.01527	0.03171	0.01762	0.82969	0.02467	0.00470	0.00470	0.00705	0.00294	0.00294
10	0.00705	0.00470	0.00529	0.00529	0.00529	0.00470	0.00294	0.00705	0.00705	0.00940	0.01527	0.03171	0.01762	0.82969	0.02467	0.00470	0.00470	0.00705	0.00294	0.00294
11	0.00573	0.00491	0.00491	0.00491	0.00655	0.00409	0.00368	0.00695	0.01105	0.01309	0.04909	0.04664	0.79750	0.01227	0.00573	0.00164	0.00245	0.01023	0.00450	0.00409
12	0.01296	0.83261	0.02539	0.00829	0.01244	0.01917	0.00829	0.01451	0.00985	0.01140	0.00674	0.00777	0.00622	0.00415	0.00311	0.00104	0.00518	0.00259	0.00207	0.00622
13	0.00903	0.00452	0.00452	0.00452	0.00565	0.00452	0.00339	0.01129	0.01016	0.01807	0.01581	0.01807	0.01242	0.00565	0.00339	0.00113	0.00226	0.00452	0.85659	0.00452
14	0.05736	0.00823	0.01081	0.00842	0.01194	0.00736	0.00692	0.04765	0.01391	0.68323	0.07734	0.01745	0.01413	0.00622	0.00485	0.00150	0.00401	0.00505	0.00578	0.00784
15	0.01588	0.01715	0.01261	0.01066	0.01378	0.46204	0.00821	0.06687	0.01313	0.06284	0.00877	0.00982	0.00699	0.00479	0.00448	0.00115	0.02561	0.00326	0.00296	0.24900
16	0.01810	0.02310	0.01373	0.01248	0.01498	0.81024	0.00936	0.01935	0.01373	0.01186	0.00749	0.00874	0.00624	0.00499	0.00437	0.00125	0.00874	0.00312	0.00250	0.00562
17	0.00683	0.00535	0.00623	0.00594	0.00739	0.00496	0.00448	0.00959	0.07167	0.01713	0.45876	0.03872	0.32403	0.01054	0.00566	0.00158	0.00247	0.00906	0.00499	0.00463
18	0.00672	0.00514	0.00646	0.00620	0.00733	0.00489	0.00465	0.00862	0.01254	0.01723	0.54734	0.09718	0.19927	0.01074	0.00621	0.00161	0.03922	0.00924	0.00495	0.00446
19	0.01201	0.14471	0.23321	0.01610	0.05573	0.01285	0.34251	0.03351	0.01118	0.06248	0.00953	0.01156	0.00715	0.00448	0.00509	0.00150	0.02255	0.00448	0.00254	0.00682
20	0.00822	0.00501	0.00594	0.00574	0.00614	0.00500	0.00355	0.00859	0.00774	0.07005	0.01537	0.02896	0.01652	0.66812	0.09314	0.00461	0.00532	0.00663	0.03184	0.00352
21	0.00584	0.00485	0.00510	0.00518	0.00665	0.00412	0.00383	0.00711	0.01110	0.01354	0.10790	0.11795	0.66547	0.01235	0.00577	0.00166	0.00247	0.01044	0.00457	0.00412
