[name]
unknown

[dist]
# distance from previous block
# <min> <max>
16	30

[block]
# block no. 0 follows, 60 sequences, length 18
# corresponding to MSA columns:
# 44-61
name=unknown_A
#
# <colnr> <probs for GDERKNQSTAVLIFYWHMCP>
#	G	D	E	R	K	N	Q	S	T	A	V	L	I	F	Y	W	H	M	C	P
0	0.04382	0.01037	0.01460	0.12159	0.38813	0.08741	0.05640	0.07365	0.01043	0.01419	0.00962	0.03018	0.02499	0.04510	0.03292	0.00164	0.00556	0.00422	0.00245	0.02272
1	0.03559	0.03095	0.07301	0.22404	0.28282	0.06225	0.11708	0.02595	0.00971	0.01319	0.00918	0.05358	0.01737	0.00472	0.00459	0.00139	0.02222	0.00435	0.00225	0.00576
2	0.00895	0.03832	0.04181	0.04411	0.03258	0.05632	0.06482	0.10442	0.00954	0.01261	0.01254	0.13569	0.01294	0.26732	0.08558	0.00278	0.02475	0.00583	0.00284	0.03625
3	0.07081	0.03467	0.02736	0.03578	0.03489	0.06026	0.00613	0.15277	0.08379	0.01556	0.06841	0.07722	0.01352	0.16709	0.07712	0.00236	0.00479	0.00519	0.05735	0.00493
4	0.00540	0.00390	0.00506	0.00588	0.00625	0.00362	0.00395	0.00625	0.00866	0.01153	0.08068	0.70487	0.08118	0.04305	0.00611	0.00181	0.00254	0.01165	0.00405	0.00356
5	0.05942	0.08424	0.45250	0.01284	0.05881	0.01088	0.12418	0.04049	0.04327	0.01445	0.00868	0.01095	0.00672	0.00447	0.00442	0.00139	0.02575	0.02816	0.00222	0.00616
6	0.01075	0.00814	0.04385	0.00713	0.01024	0.00679	0.00595	0.12716	0.02479	0.12731	0.14545	0.03520	0.07417	0.00565	0.00412	0.00109	0.00338	0.00468	0.00373	0.35040
7	0.72970	0.03527	0.00789	0.00709	0.04376	0.05682	0.00546	0.01345	0.00806	0.05076	0.00665	0.00760	0.00514	0.00411	0.00291	0.00132	0.00376	0.00253	0.00273	0.00497
8	0.00686	0.03670	0.04089	0.00778	0.00903	0.00586	0.06005	0.00859	0.02622	0.01191	0.02161	0.30715	0.09689	0.07899	0.00716	0.00194	0.03802	0.22669	0.00355	0.00409
9	0.01014	0.00954	0.01553	0.19522	0.48524	0.01010	0.03916	0.02695	0.10131	0.01418	0.01029	0.01307	0.02392	0.00455	0.00442	0.00138	0.00510	0.02108	0.00249	0.00632
10	0.87753	0.00843	0.00641	0.00574	0.00843	0.00978	0.00472	0.01282	0.00742	0.01957	0.00607	0.00709	0.00472	0.00405	0.00270	0.00135	0.00337	0.00236	0.00270	0.00472
11	0.00634	0.00423	0.00476	0.00476	0.00476	0.00423	0.00264	0.00634	0.00634	0.00846	0.01374	0.02854	0.01586	0.84672	0.02220	0.00423	0.00423	0.00634	0.00264	0.00264
12	0.00558	0.00402	0.00503	0.00568	0.00610	0.00376	0.00382	0.00633	0.00838	0.01100	0.04950	0.53450	0.12689	0.16655	0.00858	0.00218	0.00285	0.04200	0.00381	0.00343
13	0.00998	0.00468	0.00526	0.00482	0.00625	0.00448	0.00372	0.01195	0.00997	0.15732	0.07624	0.01726	0.01341	0.00543	0.00344	0.00110	0.00233	0.00441	0.65328	0.00466
14	0.01171	0.00980	0.01035	0.00905	0.01167	0.01125	0.00711	0.14053	0.69288	0.01963	0.01666	0.01540	0.01243	0.00581	0.00443	0.00145	0.00365	0.00478	0.00443	0.00698
15	0.00815	0.00431	0.00451	0.00444	0.00547	0.00440	0.00333	0.02929	0.00919	0.01587	0.01394	0.01654	0.01121	0.03184	0.06159	0.00154	0.00284	0.00417	0.76328	0.00409
16	0.01629	0.02079	0.01236	0.01124	0.01348	0.82921	0.00843	0.01742	0.01236	0.01067	0.00674	0.00787	0.00562	0.00449	0.00393	0.00112	0.00787	0.00281	0.00225	0.00506
17	0.08577	0.00712	0.00662	0.00668	0.03595	0.10518	0.00434	0.03187	0.00820	0.01099	0.01530	0.02451	0.09834	0.48113	0.03993	0.00315	0.00466	0.02388	0.00280	0.00359

[dist]
# distance from previous block
# <min> <max>
0	1

[block]
# block no. 1 follows, 60 sequences, length 26
# corresponding to MSA columns:
# 66-75,79-94
name=unknown_B
#
# <colnr> <probs for GDERKNQSTAVLIFYWHMCP>
#	G	D	E	R	K	N	Q	S	T	A	V	L	I	F	Y	W	H	M	C	P
0	0.04483	0.01148	0.01364	0.36152	0.14996	0.19260	0.02364	0.03255	0.00976	0.01224	0.00739	0.01021	0.00595	0.00469	0.00535	0.00140	0.10179	0.00360	0.00213	0.00529
1	0.00862	0.02080	0.73847	0.01185	0.01783	0.00960	0.01503	0.01336	0.00932	0.01388	0.02821	0.01160	0.00732	0.00459	0.00422	0.00138	0.00612	0.03937	0.00204	0.03639
2	0.01046	0.01010	0.01654	0.13857	0.64205	0.03017	0.01276	0.01292	0.00961	0.01346	0.00799	0.01083	0.00669	0.00432	0.00495	0.01670	0.03951	0.00385	0.00212	0.00640
3	0.08762	0.45091	0.20571	0.00890	0.01302	0.02668	0.04167	0.01363	0.00908	0.06552	0.00760	0.00899	0.00624	0.03326	0.00399	0.00124	0.00505	0.00294	0.00221	0.00574
4	0.00864	0.00456	0.00461	0.00443	0.00560	0.00464	0.00337	0.05858	0.00984	0.01694	0.01400	0.01591	0.01095	0.00509	0.00313	0.00103	0.00220	0.00406	0.81815	0.00427
5	0.00614	0.00496	0.00657	0.00648	0.04028	0.00447	0.03547	0.00791	0.01123	0.01504	0.45791	0.04665	0.32194	0.00936	0.00512	0.00142	0.00246	0.00817	0.00431	0.00413
6	0.00912	0.00850	0.01356	0.55806	0.18607	0.00999	0.01164	0.01327	0.12107	0.01276	0.00924	0.01211	0.00708	0.00448	0.00436	0.00143	0.00536	0.00403	0.00233	0.00555
7	0.00941	0.21125	0.64126	0.01130	0.01712	0.01176	0.01414	0.01364	0.00913	0.01300	0.00742	0.00870	0.00554	0.00405	0.00384	0.00128	0.00604	0.00302	0.00185	0.00625
8	0.05403	0.00730	0.00882	0.00726	0.00985	0.00710	0.00588	0.12015	0.06523	0.38204	0.11517	0.01867	0.04338	0.00621	0.00435	0.00135	0.00340	0.03594	0.09764	0.00623
9	0.00609	0.00459	0.00670	0.00678	0.00756	0.00519	0.00521	0.00756	0.00729	0.01030	0.01463	0.08323	0.06157	0.02990	0.71475	0.00626	0.01039	0.00555	0.00257	0.00385
10	0.01448	0.01695	0.01347	0.06875	0.15968	0.53459	0.00961	0.06938	0.01197	0.01248	0.00728	0.00890	0.00599	0.00457	0.00454	0.00122	0.04510	0.00320	0.00234	0.00552
11	0.00532	0.00403	0.00491	0.00552	0.00620	0.00362	0.00383	0.00628	0.00911	0.01176	0.08356	0.54209	0.27292	0.01254	0.00541	0.00165	0.00240	0.01111	0.00410	0.00362
12	0.00537	0.00384	0.00513	0.00614	0.00642	0.00359	0.00415	0.00618	0.00841	0.01120	0.02401	0.81621	0.02872	0.01361	0.00558	0.00178	0.00258	0.03948	0.00405	0.00356
13	0.01471	0.14720	0.06109	0.04291	0.01405	0.58891	0.00883	0.03382	0.02922	0.01135	0.00706	0.00820	0.00583	0.00440	0.00381	0.00113	0.00705	0.00287	0.00225	0.00530
14	0.00915	0.05058	0.51923	0.01322	0.07432	0.01038	0.08652	0.03112	0.00934	0.01357	0.00892	0.06889	0.00745	0.00505	0.00512	0.00143	0.07338	0.00413	0.00212	0.00607
15	0.00640	0.00476	0.00688	0.00664	0.00728	0.00523	0.03032	0.00751	0.00690	0.00970	0.01226	0.02069	0.01239	0.29825	0.53855	0.00592	0.00910	0.00523	0.00243	0.00355
16	0.02933	0.02801	0.01034	0.00803	0.01092	0.04545	0.00654	0.16435	0.01312	0.47136	0.04309	0.01565	0.01138	0.05011	0.05273	0.00181	0.00455	0.02206	0.00457	0.00659
17	0.08246	0.43090	0.13052	0.00921	0.01313	0.05331	0.06455	0.10192	0.01050	0.04202	0.00804	0.00892	0.01930	0.00419	0.00347	0.00114	0.00509	0.00304	0.00241	0.00587
18	0.01061	0.08582	0.18461	0.01663	0.32154	0.02854	0.06009	0.04655	0.07566	0.03940	0.02697	0.02550	0.04111	0.00475	0.00426	0.00132	0.00514	0.00420	0.01094	0.00636
19	0.00785	0.00712	0.03625	0.00897	0.07099	0.02492	0.06239	0.08897	0.04322	0.01374	0.04156	0.34072	0.17584	0.04947	0.00589	0.00168	0.00360	0.00852	0.00366	0.00462
20	0.00892	0.06805	0.04366	0.03864	0.05942	0.06447	0.03456	0.06685	0.02730	0.01248	0.01090	0.01563	0.00983	0.07892	0.34761	0.01753	0.00778	0.02195	0.06082	0.00469
21	0.24931	0.07177	0.05527	0.00821	0.04235	0.02710	0.04194	0.02499	0.03827	0.05292	0.06174	0.01143	0.02484	0.00498	0.02047	0.00124	0.00405	0.00342	0.00287	0.25284
22	0.01093	0.15451	0.19837	0.01034	0.08268	0.02546	0.00923	0.14384	0.01123	0.04045	0.01094	0.03881	0.05508	0.00481	0.00389	0.00115	0.00465	0.00380	0.00277	0.18708
23	0.03783	0.12857	0.29160	0.01076	0.04901	0.03367	0.05107	0.07141	0.05253	0.04251	0.02743	0.06229	0.00946	0.02203	0.00470	0.00139	0.02198	0.03147	0.00269	0.04761
24	0.05450	0.05900	0.19668	0.01340	0.15754	0.08712	0.08046	0.05478	0.05523	0.03562	0.04460	0.01326	0.04019	0.00539	0.01569	0.00142	0.03515	0.02185	0.00267	0.02546
25	0.09227	0.04591	0.20130	0.02105	0.14954	0.03168	0.00957	0.06331	0.06946	0.05605	0.03107	0.05773	0.04095	0.00583	0.02053	0.00142	0.00474	0.01170	0.01223	0.07368

[dist]
# distance from previous block
# <min> <max>
0	123

[block]
# block no. 2 follows, 60 sequences, length 12
# corresponding to MSA columns:
# 218-229
name=unknown_C
#
# <colnr> <probs for GDERKNQSTAVLIFYWHMCP>
#	G	D	E	R	K	N	Q	S	T	A	V	L	I	F	Y	W	H	M	C	P
0	0.04912	0.23027	0.33180	0.01060	0.04062	0.06803	0.04862	0.03230	0.00975	0.04282	0.04517	0.01067	0.00789	0.03618	0.00450	0.00134	0.00548	0.00342	0.00231	0.01911
1	0.01185	0.22581	0.28066	0.04176	0.04815	0.12612	0.01056	0.06063	0.01056	0.07831	0.02478	0.00992	0.00712	0.00439	0.00380	0.00121	0.00553	0.00326	0.03959	0.00598
2	0.04568	0.21876	0.34232	0.01042	0.04470	0.05593	0.01086	0.05975	0.06575	0.04252	0.02605	0.01010	0.00738	0.00442	0.00378	0.00124	0.00526	0.00331	0.03570	0.00609
3	0.03016	0.22540	0.23210	0.00958	0.01362	0.03733	0.05272	0.05974	0.07303	0.11663	0.02291	0.04583	0.02648	0.00497	0.00396	0.00126	0.00493	0.00396	0.00290	0.03249
4	0.04214	0.68154	0.09317	0.00814	0.01196	0.07938	0.00822	0.01346	0.00911	0.01094	0.00627	0.00726	0.00556	0.00384	0.00300	0.00100	0.00503	0.00245	0.00192	0.00560
5	0.00554	0.00457	0.00480	0.00479	0.00610	0.00403	0.00351	0.00707	0.04186	0.01219	0.09524	0.08466	0.63320	0.06539	0.00626	0.00166	0.00240	0.00893	0.00403	0.00377
6	0.12404	0.03059	0.33203	0.00965	0.01393	0.00974	0.01027	0.15190	0.04017	0.15118	0.01102	0.03957	0.00833	0.00514	0.00410	0.00138	0.00488	0.02523	0.02051	0.00634
7	0.01154	0.39311	0.12234	0.04071	0.05085	0.06094	0.00876	0.02709	0.12081	0.06564	0.02563	0.01120	0.03505	0.00464	0.00365	0.00117	0.00479	0.00346	0.00266	0.00594
8	0.01332	0.10164	0.14978	0.00961	0.01324	0.00914	0.08890	0.10764	0.01191	0.28659	0.05910	0.04471	0.03050	0.00580	0.00444	0.00137	0.00462	0.04759	0.00378	0.00631
9	0.00613	0.00407	0.00528	0.00598	0.00652	0.00373	0.00408	0.00695	0.00868	0.05692	0.02521	0.70320	0.09900	0.03462	0.00590	0.00178	0.00261	0.01150	0.00409	0.00375
10	0.02280	0.03581	0.15420	0.03840	0.14705	0.09866	0.13273	0.08070	0.01137	0.16967	0.01079	0.02972	0.00833	0.00489	0.00442	0.00136	0.00560	0.03416	0.00303	0.00631
11	0.03068	0.04551	0.04640	0.11286	0.45356	0.03899	0.01146	0.04127	0.07456	0.07511	0.00943	0.01120	0.00739	0.00435	0.00438	0.00133	0.01856	0.00385	0.00262	0.00651

[dist]
# distance from previous block
# <min> <max>
7	15

[block]
# block no. 3 follows, 60 sequences, length 19
# corresponding to MSA columns:
# 245-263
name=unknown_D
#
# <colnr> <probs for GDERKNQSTAVLIFYWHMCP>
#	G	D	E	R	K	N	Q	S	T	A	V	L	I	F	Y	W	H	M	C	P
0	0.01078	0.04007	0.12393	0.04017	0.13769	0.05971	0.08276	0.08259	0.02042	0.06386	0.01055	0.07128	0.02231	0.04111	0.00688	0.04412	0.10054	0.00458	0.00269	0.03397
1	0.00986	0.00928	0.01420	0.22588	0.35566	0.04370	0.02920	0.03810	0.01960	0.01358	0.04727	0.01464	0.00956	0.00577	0.02380	0.00155	0.05674	0.05467	0.02122	0.00572
2	0.00911	0.00906	0.03207	0.54390	0.23218	0.03383	0.01206	0.01185	0.00915	0.01207	0.00819	0.02913	0.00660	0.00441	0.00433	0.00139	0.00558	0.00398	0.00207	0.02904
3	0.00629	0.00421	0.00477	0.00482	0.00483	0.00420	0.00271	0.00633	0.00644	0.00858	0.01422	0.06623	0.01646	0.80822	0.02143	0.00411	0.00415	0.00662	0.00271	0.00268
4	0.01094	0.01176	0.02262	0.04446	0.02110	0.03747	0.62588	0.07482	0.07644	0.01514	0.00957	0.01190	0.00717	0.00403	0.00496	0.00145	0.00681	0.00492	0.00254	0.00602
5	0.01029	0.00739	0.00875	0.00742	0.00939	0.06973	0.03951	0.08770	0.01249	0.13888	0.41729	0.03619	0.02526	0.00878	0.05744	0.00168	0.00393	0.00608	0.00426	0.04753
6	0.00692	0.00490	0.00608	0.00569	0.00694	0.00456	0.00431	0.04717	0.01212	0.04255	0.57459	0.07712	0.15961	0.00927	0.00512	0.00142	0.00233	0.02042	0.00463	0.00428
7	0.01085	0.45176	0.25833	0.00985	0.02940	0.05974	0.03692	0.03278	0.00969	0.01231	0.04650	0.00927	0.00742	0.00419	0.00352	0.00113	0.00535	0.00306	0.00210	0.00582
8	0.01188	0.00988	0.01044	0.00908	0.01173	0.01133	0.00715	0.16354	0.66960	0.01990	0.01644	0.01523	0.01225	0.00579	0.00442	0.00145	0.00369	0.00475	0.00442	0.00700
9	0.74066	0.05684	0.00821	0.00704	0.04507	0.02922	0.00547	0.03970	0.00817	0.01886	0.00633	0.00738	0.00498	0.00407	0.00286	0.00132	0.00368	0.00249	0.00267	0.00497
10	0.01113	0.00601	0.00761	0.00652	0.00854	0.00560	0.00512	0.03105	0.07810	0.28449	0.39371	0.02577	0.10285	0.00763	0.00482	0.00138	0.00280	0.00652	0.00489	0.00547
11	0.05444	0.02543	0.01434	0.01683	0.35483	0.14432	0.03329	0.09155	0.10800	0.01561	0.00917	0.01056	0.00734	0.00430	0.00409	0.00123	0.00515	0.00365	0.00273	0.09317
12	0.06090	0.01915	0.01186	0.01067	0.01299	0.71353	0.00807	0.06503	0.01251	0.01232	0.00715	0.00822	0.00584	0.00453	0.00387	0.00114	0.00728	0.00289	0.02689	0.00515
13	0.00749	0.00478	0.00505	0.00505	0.00605	0.03108	0.00379	0.00933	0.01001	0.01546	0.21730	0.06838	0.05761	0.03370	0.00462	0.00133	0.00246	0.05442	0.45807	0.00402
14	0.00553	0.00432	0.00501	0.00508	0.00618	0.00380	0.00372	0.00689	0.01047	0.01360	0.30230	0.18501	0.41090	0.01080	0.00523	0.00149	0.00222	0.00934	0.00430	0.00380
15	0.00634	0.00423	0.00476	0.00476	0.00476	0.00423	0.00264	0.00634	0.00634	0.00846	0.01374	0.02854	0.01586	0.84672	0.02220	0.00423	0.00423	0.00634	0.00264	0.00264
16	0.00533	0.00444	0.00466	0.00466	0.00607	0.00378	0.00353	0.00657	0.01021	0.01246	0.12941	0.04118	0.70427	0.01084	0.00518	0.00148	0.00225	0.03579	0.00413	0.00374
17	0.04047	0.00961	0.01545	0.22057	0.46496	0.01015	0.02898	0.06480	0.02365	0.06642	0.00892	0.01122	0.00695	0.00422	0.00430	0.00135	0.00517	0.00391	0.00251	0.00638
18	0.01269	0.00960	0.01039	0.00894	0.01166	0.01079	0.00707	0.14495	0.60176	0.10668	0.01656	0.01521	0.01212	0.00575	0.00442	0.00144	0.00369	0.00472	0.00453	0.00704

[dist]
# distance from previous block
# <min> <max>
0	1

[block]
# block no. 4 follows, 60 sequences, length 48
# corresponding to MSA columns:
# 265-267,319-363
name=unknown_E
#
# <colnr> <probs for GDERKNQSTAVLIFYWHMCP>
#	G	D	E	R	K	N	Q	S	T	A	V	L	I	F	Y	W	H	M	C	P
0	0.01228	0.03424	0.01116	0.00974	0.03985	0.09762	0.01824	0.14070	0.45958	0.04581	0.04132	0.03723	0.01230	0.00578	0.00437	0.00139	0.00420	0.00472	0.01289	0.00654
1	0.00581	0.00436	0.00531	0.00569	0.00650	0.00402	0.00402	0.03392	0.00986	0.01297	0.16741	0.47385	0.22645	0.01189	0.00535	0.00161	0.00245	0.01052	0.00419	0.00381
2	0.01101	0.16593	0.22786	0.03171	0.02285	0.03123	0.00928	0.09971	0.02685	0.05511	0.00842	0.00937	0.00648	0.00402	0.00366	0.00106	0.00475	0.00305	0.00260	0.27505
3	0.01329	0.43430	0.08648	0.00954	0.02339	0.26431	0.00865	0.09093	0.01110	0.01240	0.00687	0.00783	0.00579	0.00415	0.00343	0.00107	0.00581	0.00273	0.00223	0.00570
4	0.00903	0.00775	0.00912	0.00670	0.01032	0.00618	0.00536	0.01132	0.03925	0.01413	0.00821	0.00961	0.00685	0.00445	0.03181	0.00093	0.02490	0.00278	0.00263	0.78869
5	0.00736	0.00754	0.09338	0.00710	0.00871	0.03454	0.00600	0.03695	0.06219	0.01507	0.33488	0.22896	0.06632	0.00914	0.00531	0.00149	0.03166	0.01677	0.02208	0.00454
6	0.03834	0.05130	0.39689	0.01357	0.14843	0.02791	0.05230	0.01459	0.03933	0.10315	0.01825	0.03128	0.00765	0.00453	0.00417	0.00133	0.00548	0.00380	0.00255	0.03516
7	0.00542	0.00392	0.00513	0.00598	0.00639	0.00364	0.00410	0.00633	0.00879	0.01167	0.07924	0.70590	0.08622	0.01310	0.00552	0.00173	0.00252	0.03670	0.00410	0.00361
8	0.20762	0.00714	0.00794	0.00692	0.00921	0.00738	0.00555	0.03670	0.14420	0.21426	0.24016	0.02010	0.01908	0.00653	0.00432	0.00141	0.00317	0.04835	0.00436	0.00561
9	0.02444	0.01973	0.12817	0.01059	0.07968	0.02081	0.02476	0.10478	0.24327	0.03721	0.10426	0.03570	0.04087	0.00691	0.02215	0.00157	0.03845	0.04702	0.00361	0.00602
10	0.01251	0.00973	0.04283	0.11303	0.19323	0.04685	0.00945	0.04677	0.09168	0.21010	0.01260	0.02986	0.03646	0.00587	0.01604	0.00151	0.10755	0.00439	0.00330	0.00622
11	0.00521	0.00442	0.00449	0.00447	0.00592	0.00370	0.00336	0.00636	0.01007	0.01208	0.08434	0.04149	0.77741	0.01094	0.00515	0.00147	0.00220	0.00914	0.00409	0.00370
12	0.00640	0.00452	0.00541	0.00546	0.00664	0.00403	0.00410	0.00776	0.01029	0.05747	0.22528	0.18428	0.35568	0.03215	0.00569	0.00161	0.00251	0.07248	0.00427	0.00397
13	0.01108	0.04848	0.18000	0.07870	0.30321	0.07042	0.06104	0.06423	0.10113	0.02612	0.00928	0.01088	0.00719	0.00433	0.00426	0.00133	0.00555	0.00381	0.00252	0.00645
14	0.01099	0.59016	0.16523	0.01034	0.07614	0.01514	0.03959	0.01321	0.00902	0.01135	0.00664	0.00791	0.00573	0.00388	0.00345	0.00108	0.01965	0.00274	0.00190	0.00585
15	0.00528	0.00417	0.00476	0.00515	0.00610	0.00365	0.00366	0.00629	0.00943	0.01183	0.07832	0.36752	0.45446	0.01199	0.00532	0.00159	0.00233	0.01043	0.00409	0.00365
16	0.01234	0.12987	0.10123	0.00915	0.04802	0.01780	0.02533	0.03141	0.02899	0.26479	0.02381	0.02372	0.08380	0.04587	0.06231	0.00187	0.06776	0.00457	0.01152	0.00585
17	0.02605	0.09103	0.15936	0.02920	0.10397	0.04288	0.00930	0.09346	0.11505	0.20049	0.05291	0.03610	0.01055	0.00523	0.00422	0.00133	0.00463	0.00425	0.00352	0.00648
18	0.01174	0.01033	0.03323	0.00965	0.01249	0.01129	0.04758	0.15542	0.61497	0.01948	0.01579	0.01487	0.01176	0.00564	0.00445	0.00145	0.00396	0.00472	0.00424	0.00693
19	0.09970	0.01008	0.01639	0.07996	0.63369	0.01036	0.03993	0.03287	0.00987	0.01490	0.00803	0.01050	0.00661	0.00396	0.00418	0.00132	0.00511	0.00377	0.00226	0.00652
20	0.00966	0.01011	0.08815	0.03479	0.30851	0.00908	0.09494	0.06572	0.09135	0.01562	0.13410	0.05731	0.04986	0.00576	0.00463	0.00139	0.00461	0.00533	0.00308	0.00601
21	0.01023	0.01058	0.02074	0.07611	0.04757	0.01030	0.53341	0.05462	0.01039	0.01450	0.00892	0.01162	0.00684	0.00402	0.00511	0.00138	0.03947	0.00462	0.05436	0.07520
22	0.01002	0.00938	0.02944	0.18777	0.41311	0.00953	0.09961	0.01268	0.00968	0.04031	0.01010	0.01368	0.02426	0.00466	0.00468	0.00138	0.02584	0.03658	0.05131	0.00598
23	0.03522	0.00991	0.01046	0.00895	0.01167	0.01125	0.00710	0.22532	0.54928	0.03615	0.01546	0.01450	0.01145	0.00566	0.00434	0.00142	0.00377	0.00457	0.02661	0.00692
24	0.00873	0.00826	0.01398	0.67920	0.18320	0.00982	0.01236	0.01158	0.00896	0.01175	0.00784	0.01147	0.00603	0.00427	0.00435	0.00142	0.00569	0.00388	0.00198	0.00525
25	0.00708	0.00554	0.00715	0.00723	0.03481	0.02003	0.00499	0.00795	0.00722	0.01010	0.04299	0.02255	0.01389	0.38447	0.25436	0.00435	0.10854	0.03284	0.02035	0.00359
26	0.00597	0.00436	0.00555	0.00614	0.00674	0.00417	0.00428	0.03414	0.02769	0.01280	0.13386	0.62446	0.07363	0.01237	0.00543	0.00168	0.00257	0.02615	0.00417	0.00385
27	0.00597	0.00474	0.00554	0.00626	0.00687	0.03216	0.00440	0.00726	0.03543	0.01154	0.02564	0.61620	0.13305	0.01303	0.02190	0.00182	0.00297	0.05752	0.00396	0.00376
28	0.00824	0.00775	0.01308	0.83624	0.03004	0.00969	0.01211	0.01114	0.00872	0.01114	0.00775	0.01163	0.00581	0.00436	0.00436	0.00145	0.00581	0.00388	0.00194	0.00484
29	0.00570	0.00408	0.00537	0.00626	0.00667	0.00387	0.00445	0.00664	0.00856	0.01129	0.02385	0.60370	0.05853	0.07933	0.00695	0.00200	0.00292	0.15234	0.00393	0.00356
30	0.00550	0.00412	0.00513	0.00563	0.00635	0.00374	0.00399	0.00664	0.00957	0.01260	0.18356	0.46536	0.22045	0.01205	0.00540	0.00163	0.00241	0.03797	0.00419	0.00370
31	0.00904	0.00775	0.00904	0.00646	0.01034	0.00581	0.00517	0.01098	0.00904	0.01421	0.00775	0.00904	0.00646	0.00323	0.00323	0.00065	0.00323	0.00258	0.00258	0.87339
32	0.00546	0.00443	0.00485	0.00474	0.00608	0.00381	0.00356	0.00686	0.01067	0.01352	0.27967	0.03911	0.58118	0.01040	0.00515	0.00144	0.00216	0.00880	0.00428	0.00381
33	0.03870	0.05954	0.46862	0.01150	0.01627	0.02634	0.10212	0.02803	0.00957	0.01382	0.01041	0.06351	0.00917	0.00547	0.00439	0.00143	0.00575	0.08741	0.00236	0.03560
34	0.02196	0.00609	0.00769	0.02966	0.03655	0.00585	0.00540	0.01307	0.11203	0.20309	0.32388	0.04049	0.16084	0.00781	0.00481	0.00140	0.00288	0.00669	0.00455	0.00527
35	0.00859	0.00680	0.00773	0.00706	0.00883	0.00727	0.00542	0.01536	0.38319	0.03541	0.39047	0.02508	0.06570	0.00755	0.00480	0.00143	0.00275	0.00650	0.00461	0.00546
36	0.00848	0.00441	0.00444	0.00432	0.00544	0.00446	0.00327	0.04355	0.00962	0.01673	0.01407	0.01602	0.01102	0.00509	0.00310	0.00103	0.00215	0.00406	0.83454	0.00421
37	0.01071	0.01028	0.01662	0.16162	0.63765	0.03336	0.01286	0.03938	0.01015	0.01407	0.00816	0.01084	0.00671	0.00403	0.00432	0.00132	0.00535	0.00386	0.00220	0.00653
38	0.01877	0.00755	0.01008	0.00780	0.01107	0.00671	0.00641	0.04830	0.03521	0.74542	0.04353	0.01532	0.01176	0.00552	0.00441	0.00135	0.00369	0.00450	0.00532	0.00730
39	0.01139	0.01233	0.01010	0.00992	0.05173	0.35718	0.00718	0.03419	0.06853	0.01172	0.03153	0.01314	0.00935	0.02937	0.29771	0.02499	0.00836	0.00393	0.00256	0.00479
40	0.00643	0.01874	0.00650	0.00697	0.03428	0.01747	0.00519	0.00791	0.00989	0.01289	0.14148	0.25540	0.19967	0.01107	0.00537	0.00165	0.00303	0.22651	0.00399	0.02558
41	0.03441	0.23357	0.22822	0.02491	0.07714	0.10766	0.00995	0.04605	0.03796	0.01344	0.01763	0.01858	0.00682	0.00421	0.00367	0.00113	0.00525	0.00314	0.00230	0.12398
42	0.01226	0.63453	0.09263	0.00826	0.01216	0.02518	0.00829	0.10078	0.01963	0.04099	0.00724	0.00797	0.00606	0.00403	0.00318	0.00104	0.00483	0.00269	0.00230	0.00595
43	0.00525	0.00443	0.00456	0.00463	0.00605	0.00374	0.00351	0.00639	0.00990	0.01182	0.04264	0.06419	0.75878	0.01116	0.00521	0.00151	0.00230	0.04619	0.00405	0.00369
44	0.00924	0.00953	0.07149	0.06926	0.38988	0.03102	0.01037	0.01233	0.05715	0.01437	0.13178	0.02003	0.05991	0.00608	0.00465	0.00141	0.00453	0.08820	0.00295	0.00579
45	0.01300	0.06979	0.14308	0.02517	0.16496	0.13695	0.04956	0.12386	0.07992	0.11062	0.02576	0.01995	0.00833	0.00474	0.00422	0.00130	0.00542	0.00389	0.00305	0.00642
46	0.01514	0.00860	0.03016	0.01256	0.21306	0.00797	0.00828	0.06905	0.05764	0.41872	0.03814	0.01481	0.01085	0.00523	0.00435	0.00134	0.00406	0.02041	0.05275	0.00689
47	0.02850	0.00681	0.00898	0.00722	0.00991	0.00608	0.00576	0.03739	0.01172	0.60724	0.05820	0.07266	0.01386	0.07975	0.00601	0.00162	0.00358	0.00523	0.02301	0.00646

[dist]
# distance from previous block
# <min> <max>
0	1

[block]
# block no. 5 follows, 60 sequences, length 9
# corresponding to MSA columns:
# 365-373
name=unknown_F
#
# <colnr> <probs for GDERKNQSTAVLIFYWHMCP>
#	G	D	E	R	K	N	Q	S	T	A	V	L	I	F	Y	W	H	M	C	P
0	0.23688	0.18876	0.06962	0.01038	0.10585	0.06627	0.04306	0.06515	0.04102	0.05369	0.04620	0.01035	0.00808	0.00446	0.00358	0.00124	0.00455	0.00336	0.03182	0.00569
1	0.01109	0.02605	0.07158	0.06585	0.07774	0.04534	0.05493	0.15000	0.02520	0.07949	0.08199	0.01548	0.08883	0.00533	0.00426	0.00121	0.00439	0.00449	0.00329	0.18344
2	0.00543	0.00404	0.00508	0.00580	0.00641	0.00370	0.00408	0.00640	0.00899	0.01168	0.06346	0.57641	0.20625	0.01276	0.00549	0.00170	0.00253	0.06207	0.00408	0.00363
3	0.00704	0.00430	0.00510	0.00520	0.00570	0.00413	0.00337	0.00772	0.00796	0.05932	0.04861	0.23774	0.05272	0.40796	0.01305	0.00279	0.00331	0.00768	0.11285	0.00344
4	0.04615	0.37861	0.25802	0.01156	0.09811	0.01306	0.06516	0.01325	0.00912	0.01258	0.00709	0.00849	0.00579	0.00385	0.00354	0.00114	0.00530	0.00297	0.00199	0.05422
5	0.01073	0.01121	0.04784	0.09075	0.61696	0.06640	0.04047	0.01336	0.01005	0.01382	0.03161	0.01127	0.00766	0.00412	0.00434	0.00131	0.00545	0.00395	0.00221	0.00648
6	0.00791	0.00765	0.03503	0.00885	0.00962	0.04738	0.00728	0.00937	0.00737	0.01060	0.03190	0.01429	0.00957	0.02127	0.46379	0.00466	0.29254	0.00434	0.00224	0.00433
7	0.00633	0.00424	0.00483	0.00480	0.00487	0.00422	0.00274	0.00646	0.00672	0.00903	0.06490	0.02880	0.01747	0.79338	0.02111	0.00405	0.00409	0.00644	0.00278	0.00274
8	0.01153	0.04760	0.01144	0.02585	0.14722	0.00795	0.04463	0.12133	0.02579	0.18609	0.06903	0.22497	0.04278	0.00746	0.00471	0.00144	0.00390	0.00660	0.00389	0.00580

[dist]
# distance from previous block
# <min> <max>
0	2

[block]
# block no. 6 follows, 60 sequences, length 32
# corresponding to MSA columns:
# 376-386,414-434
name=unknown_G
#
# <colnr> <probs for GDERKNQSTAVLIFYWHMCP>
#	G	D	E	R	K	N	Q	S	T	A	V	L	I	F	Y	W	H	M	C	P
0	0.03932	0.16065	0.52363	0.01160	0.03652	0.03194	0.03906	0.06920	0.01007	0.01436	0.02108	0.00933	0.00631	0.00421	0.00393	0.00129	0.00589	0.00324	0.00213	0.00623
1	0.05635	0.05204	0.01006	0.00687	0.01062	0.00740	0.00561	0.08962	0.01019	0.04178	0.00815	0.00916	0.00656	0.00357	0.00333	0.00079	0.00348	0.00275	0.00282	0.66887
2	0.01112	0.00986	0.01393	0.03983	0.36453	0.01052	0.03102	0.10711	0.28117	0.01721	0.05886	0.01392	0.01108	0.00503	0.00443	0.00137	0.00445	0.00451	0.00333	0.00672
3	0.01201	0.00995	0.01052	0.00911	0.01178	0.01139	0.00718	0.18147	0.65145	0.02012	0.01628	0.01510	0.01212	0.00578	0.00442	0.00144	0.00372	0.00473	0.00442	0.00701
4	0.00633	0.00427	0.00498	0.00498	0.00506	0.00435	0.00292	0.00649	0.00641	0.00862	0.01354	0.02741	0.01537	0.76626	0.10200	0.00450	0.00497	0.00618	0.00261	0.00277
5	0.07384	0.00956	0.01081	0.00842	0.01160	0.00994	0.00693	0.40636	0.01581	0.30619	0.01288	0.01230	0.00876	0.00520	0.00415	0.00130	0.00408	0.00400	0.08092	0.00695
6	0.00546	0.00443	0.00484	0.00474	0.00608	0.00381	0.00355	0.00684	0.01066	0.01348	0.27380	0.03918	0.58707	0.01041	0.00515	0.00144	0.00216	0.00881	0.00427	0.00381
7	0.00628	0.00504	0.00568	0.00554	0.00669	0.03354	0.00418	0.00793	0.01122	0.01489	0.47160	0.05681	0.25904	0.03562	0.00570	0.00153	0.00251	0.05787	0.00436	0.00396
8	0.00626	0.00435	0.00547	0.00549	0.00579	0.00453	0.00358	0.00687	0.00705	0.00969	0.07194	0.06068	0.01689	0.52622	0.24234	0.00468	0.00605	0.00626	0.00278	0.00313
9	0.01557	0.01923	0.01240	0.03823	0.03628	0.71560	0.00859	0.03347	0.05896	0.01157	0.00753	0.00861	0.00615	0.00457	0.00400	0.00116	0.00740	0.00302	0.00241	0.00526
10	0.00977	0.00906	0.01452	0.32365	0.27265	0.01082	0.01161	0.01200	0.00865	0.03822	0.00763	0.01089	0.00629	0.00516	0.00714	0.00153	0.23886	0.00388	0.00211	0.00556
11	0.00876	0.00823	0.01313	0.66105	0.02616	0.01047	0.01152	0.03882	0.00877	0.01160	0.00749	0.01122	0.00585	0.00497	0.00613	0.00153	0.15348	0.00387	0.00202	0.00492
12	0.01118	0.01073	0.00972	0.02539	0.01061	0.24010	0.03187	0.15090	0.01104	0.01348	0.01058	0.02593	0.00974	0.17171	0.20159	0.00315	0.00711	0.00440	0.04608	0.00469
13	0.01596	0.04583	0.01289	0.01163	0.04163	0.75380	0.00857	0.03802	0.01238	0.01123	0.00687	0.00801	0.00571	0.00447	0.00392	0.00113	0.00759	0.00286	0.00229	0.00520
14	0.03857	0.09761	0.01408	0.01130	0.03829	0.47550	0.05342	0.11092	0.03425	0.01353	0.02306	0.00918	0.00680	0.00473	0.00452	0.00122	0.05169	0.00326	0.00256	0.00550
15	0.08747	0.07506	0.02665	0.01007	0.01303	0.22263	0.05297	0.28740	0.09543	0.03006	0.03081	0.01053	0.00802	0.00496	0.00431	0.00128	0.02621	0.00366	0.00330	0.00614
16	0.00631	0.00442	0.00540	0.00551	0.00657	0.00395	0.00404	0.00765	0.01032	0.05549	0.26771	0.28027	0.28262	0.01093	0.00526	0.00154	0.00239	0.03130	0.00434	0.00397
17	0.01174	0.08126	0.04443	0.01299	0.16726	0.13498	0.04839	0.16048	0.02442	0.01538	0.03239	0.09531	0.00990	0.00570	0.00509	0.00132	0.07549	0.00457	0.02422	0.04467
18	0.00832	0.00784	0.01324	0.80896	0.05665	0.00971	0.01216	0.01122	0.00876	0.01125	0.00777	0.01160	0.00585	0.00434	0.00436	0.00145	0.00579	0.00388	0.00195	0.00491
19	0.03277	0.49931	0.16850	0.00863	0.01245	0.07444	0.00894	0.01330	0.00938	0.03641	0.00890	0.01200	0.02053	0.00477	0.00350	0.00116	0.00507	0.07211	0.00224	0.00558
20	0.00983	0.20614	0.38363	0.01116	0.03916	0.03968	0.07225	0.01342	0.03816	0.03470	0.00994	0.10453	0.00875	0.00520	0.00409	0.00132	0.00549	0.00431	0.00234	0.00589
21	0.00580	0.00433	0.00539	0.00542	0.00639	0.00393	0.00399	0.00739	0.01099	0.01490	0.47584	0.19531	0.20792	0.01038	0.00525	0.00149	0.00222	0.02470	0.00447	0.00391
22	0.00519	0.00442	0.00446	0.00445	0.00591	0.00370	0.00334	0.00632	0.01002	0.01197	0.06899	0.04167	0.79283	0.01098	0.00515	0.00147	0.00220	0.00916	0.00407	0.00370
23	0.01000	0.01345	0.23593	0.10698	0.34794	0.02029	0.05743	0.03789	0.03893	0.01403	0.00868	0.02756	0.00701	0.00452	0.00489	0.00139	0.05056	0.00397	0.00223	0.00631
24	0.01039	0.21579	0.33678	0.00989	0.01412	0.02361	0.03936	0.05358	0.04489	0.06357	0.01074	0.08825	0.00929	0.00540	0.00405	0.00132	0.00512	0.02848	0.02949	0.00591
25	0.00542	0.00393	0.00513	0.00592	0.00636	0.00364	0.00405	0.00637	0.00892	0.01189	0.10915	0.68510	0.08818	0.01294	0.00550	0.00171	0.00248	0.02555	0.00413	0.00362
26	0.06879	0.00721	0.00947	0.00739	0.01052	0.00640	0.00607	0.01966	0.01208	0.70369	0.06312	0.01547	0.01222	0.00551	0.00429	0.00134	0.00354	0.00446	0.03180	0.00697
27	0.03927	0.22781	0.21841	0.00991	0.04856	0.01089	0.03387	0.06744	0.05209	0.11178	0.04602	0.09437	0.01066	0.00549	0.00404	0.00130	0.00468	0.00445	0.00299	0.00599
28	0.00647	0.05662	0.00722	0.00695	0.02897	0.00521	0.01849	0.02900	0.00945	0.01224	0.05027	0.44435	0.17985	0.01152	0.00529	0.00165	0.00300	0.11558	0.00386	0.00401
29	0.00568	0.00444	0.00514	0.00497	0.00621	0.00390	0.00373	0.00727	0.01118	0.01472	0.44171	0.03714	0.41839	0.00995	0.00515	0.00142	0.00213	0.00853	0.00444	0.00390
30	0.01124	0.01041	0.05249	0.08465	0.09329	0.11475	0.01887	0.12533	0.06584	0.07182	0.12119	0.06554	0.01417	0.04855	0.00608	0.00156	0.05973	0.02558	0.00336	0.00554
31	0.01141	0.15668	0.09254	0.05345	0.14069	0.01049	0.04391	0.13339	0.05231	0.09365	0.04231	0.11395	0.01139	0.01913	0.00456	0.00138	0.00459	0.00495	0.00317	0.00603

[dist]
# distance from previous block
# <min> <max>
0	5

[block]
# block no. 7 follows, 60 sequences, length 9
# corresponding to MSA columns:
# 440-442,445-450
name=unknown_H
#
# <colnr> <probs for GDERKNQSTAVLIFYWHMCP>
#	G	D	E	R	K	N	Q	S	T	A	V	L	I	F	Y	W	H	M	C	P
0	0.01410	0.01722	0.01215	0.06072	0.01396	0.60865	0.03061	0.01541	0.01130	0.01101	0.00807	0.06678	0.00733	0.00521	0.00465	0.00122	0.05400	0.00365	0.00235	0.05159
1	0.14544	0.00776	0.00847	0.02154	0.00995	0.03293	0.02155	0.07982	0.01023	0.05163	0.05490	0.11650	0.08577	0.00600	0.00394	0.00114	0.00345	0.00492	0.00328	0.33077
2	0.21200	0.14093	0.06414	0.02444	0.09233	0.11214	0.06315	0.03778	0.00951	0.03374	0.01014	0.14203	0.00972	0.02493	0.00432	0.00140	0.00477	0.00463	0.00269	0.00523
3	0.01240	0.01415	0.01247	0.01100	0.01202	0.36689	0.00874	0.01348	0.00926	0.01085	0.00658	0.00914	0.00594	0.00615	0.00926	0.00152	0.43760	0.00339	0.04427	0.00486
4	0.01080	0.00993	0.01574	0.15617	0.49268	0.01035	0.03451	0.08607	0.06668	0.01522	0.00900	0.01122	0.00719	0.00419	0.00430	0.00131	0.00509	0.00393	0.00251	0.05313
5	0.01218	0.00600	0.00790	0.00665	0.00877	0.00548	0.00526	0.01465	0.05704	0.36295	0.42931	0.02406	0.02657	0.00724	0.00478	0.00137	0.00284	0.00622	0.00504	0.00569
6	0.01272	0.60595	0.05417	0.00856	0.01210	0.17702	0.00806	0.05639	0.01019	0.01142	0.00651	0.00745	0.00570	0.00398	0.00316	0.00101	0.00538	0.00255	0.00207	0.00562
7	0.00543	0.00388	0.00519	0.00620	0.00650	0.00364	0.00425	0.00627	0.00846	0.01126	0.02398	0.79142	0.02860	0.01356	0.00560	0.00179	0.00263	0.06373	0.00405	0.00357
8	0.01175	0.04276	0.01646	0.06072	0.53520	0.10759	0.03059	0.06962	0.05634	0.01467	0.00864	0.01066	0.00705	0.00418	0.00425	0.00128	0.00544	0.00379	0.00243	0.00655

[dist]
# distance from previous block
# <min> <max>
0	1

[block]
# block no. 8 follows, 60 sequences, length 38
# corresponding to MSA columns:
# 452-489
name=unknown_I
#
# <colnr> <probs for GDERKNQSTAVLIFYWHMCP>
#	G	D	E	R	K	N	Q	S	T	A	V	L	I	F	Y	W	H	M	C	P
0	0.07082	0.08757	0.10251	0.01135	0.02811	0.42262	0.06416	0.04136	0.01082	0.01239	0.00706	0.00865	0.00582	0.00521	0.02208	0.00138	0.08737	0.00314	0.00224	0.00535
1	0.01308	0.00779	0.00957	0.00705	0.01073	0.00629	0.00572	0.04210	0.01068	0.30500	0.01124	0.01118	0.00805	0.00408	0.00368	0.00092	0.00346	0.00328	0.00366	0.53244
2	0.05045	0.09822	0.31671	0.03315	0.27271	0.02125	0.05336	0.03251	0.01917	0.05061	0.00833	0.00993	0.00637	0.00410	0.00407	0.00131	0.00558	0.00350	0.00226	0.00642
3	0.00718	0.00608	0.00896	0.02687	0.21517	0.00592	0.01907	0.00910	0.03954	0.01286	0.08889	0.34136	0.13859	0.03070	0.00551	0.00162	0.00338	0.03102	0.00354	0.00465
4	0.01513	0.00894	0.01023	0.00830	0.01120	0.00937	0.00671	0.24676	0.22482	0.29135	0.01507	0.01412	0.01053	0.00545	0.00424	0.00133	0.00377	0.00436	0.10140	0.00691
5	0.00570	0.00441	0.00514	0.00502	0.00617	0.00391	0.00371	0.00721	0.01091	0.01440	0.41776	0.06855	0.37884	0.04190	0.00581	0.00154	0.00223	0.00858	0.00436	0.00385
6	0.00557	0.00432	0.00501	0.00506	0.00613	0.00383	0.00368	0.00689	0.01035	0.01347	0.29939	0.16777	0.39907	0.04254	0.00587	0.00159	0.00229	0.00917	0.00425	0.00377
7	0.00592	0.00441	0.00550	0.00531	0.00638	0.00399	0.00395	0.00771	0.01163	0.01597	0.61606	0.08315	0.19466	0.00962	0.00517	0.00142	0.00212	0.00842	0.00461	0.00399
8	0.00901	0.02188	0.77231	0.01259	0.01888	0.01025	0.04586	0.03474	0.00955	0.01418	0.00793	0.00934	0.00562	0.00415	0.00419	0.00138	0.00644	0.00331	0.00192	0.00645
9	0.00573	0.00442	0.00523	0.00512	0.00629	0.00392	0.00383	0.00733	0.01113	0.01477	0.44976	0.07718	0.35745	0.01007	0.00518	0.00144	0.00217	0.02062	0.00444	0.00391
10	0.00537	0.00435	0.00479	0.00498	0.00619	0.00377	0.00371	0.00655	0.00990	0.01225	0.10821	0.17468	0.57562	0.01135	0.00527	0.00154	0.00235	0.05131	0.00411	0.00371
11	0.00977	0.00926	0.01570	0.33515	0.50395	0.00999	0.01272	0.01247	0.00946	0.01310	0.00814	0.01121	0.00657	0.00409	0.00431	0.00135	0.00537	0.00389	0.01745	0.00607
12	0.57089	0.01068	0.00838	0.00727	0.01001	0.13375	0.00585	0.09889	0.04008	0.06790	0.00776	0.00838	0.00584	0.00439	0.00323	0.00132	0.00423	0.00282	0.00304	0.00531
13	0.00623	0.00483	0.00554	0.00560	0.00643	0.02652	0.00402	0.00723	0.00945	0.01232	0.22011	0.16571	0.24737	0.13218	0.02637	0.05155	0.01822	0.04294	0.00378	0.00359
14	0.00940	0.00449	0.00489	0.00459	0.00589	0.00435	0.00351	0.01139	0.00972	0.11328	0.05866	0.01699	0.01278	0.00533	0.00332	0.00108	0.00224	0.00431	0.71932	0.00447
15	0.03697	0.00423	0.00493	0.00528	0.00597	0.00417	0.00368	0.00827	0.00845	0.03440	0.01816	0.37838	0.01914	0.09976	0.03726	0.00193	0.00294	0.00792	0.31440	0.00379
16	0.00541	0.00404	0.00501	0.00571	0.00632	0.00369	0.00398	0.00632	0.00884	0.01142	0.04246	0.56198	0.22569	0.03865	0.00600	0.00178	0.00257	0.05253	0.00402	0.00358
17	0.09943	0.01129	0.01204	0.00936	0.01273	0.01239	0.00772	0.62516	0.04811	0.10183	0.01096	0.01078	0.00770	0.00516	0.00421	0.00132	0.00451	0.00386	0.00430	0.00714
18	0.00578	0.00444	0.00529	0.00508	0.00628	0.00395	0.00381	0.00748	0.01143	0.01531	0.52157	0.03617	0.33816	0.00973	0.00515	0.00141	0.00212	0.00839	0.00451	0.00395
19	0.00931	0.00510	0.00666	0.00604	0.00759	0.00457	0.00460	0.01099	0.01157	0.21775	0.42792	0.14663	0.10596	0.00893	0.00502	0.00143	0.00255	0.00779	0.00477	0.00482
20	0.01035	0.18624	0.07782	0.03148	0.01207	0.03663	0.00712	0.05011	0.00967	0.02796	0.00761	0.00885	0.00626	0.00373	0.00364	0.00088	0.02623	0.00276	0.00246	0.48813
21	0.02783	0.27943	0.03990	0.02968	0.04859	0.45363	0.00861	0.03273	0.01100	0.01131	0.00671	0.00791	0.00570	0.00427	0.00374	0.00110	0.01755	0.00277	0.00215	0.00539
22	0.00625	0.00459	0.00660	0.00660	0.00724	0.00523	0.00495	0.00753	0.00689	0.00982	0.01205	0.01919	0.01180	0.17950	0.68387	0.00651	0.01034	0.00497	0.00239	0.00367
23	0.03192	0.00578	0.00704	0.00724	0.03194	0.03770	0.00515	0.00811	0.00809	0.01113	0.06838	0.14717	0.09034	0.18614	0.22439	0.00355	0.08154	0.03757	0.00300	0.00383
24	0.05723	0.04543	0.07658	0.09744	0.35500	0.01001	0.08360	0.02942	0.04874	0.04117	0.00974	0.04601	0.00830	0.02697	0.00495	0.00144	0.01965	0.01468	0.00252	0.02113
25	0.00698	0.00536	0.00694	0.00725	0.02710	0.03615	0.00526	0.00823	0.00769	0.02291	0.01416	0.12853	0.01458	0.15156	0.44264	0.00487	0.02164	0.05763	0.02667	0.00385
26	0.01002	0.00934	0.01573	0.19013	0.59136	0.00974	0.01240	0.01262	0.00965	0.01367	0.00890	0.01251	0.00750	0.00431	0.00432	0.00134	0.00512	0.03004	0.04504	0.00625
27	0.01061	0.01019	0.01731	0.07292	0.74954	0.01041	0.01320	0.01317	0.00976	0.01396	0.00810	0.01080	0.00681	0.00403	0.00462	0.00132	0.03050	0.00388	0.00214	0.00672
28	0.00634	0.00476	0.00685	0.00681	0.00743	0.00551	0.00515	0.00762	0.00694	0.00993	0.01217	0.04602	0.01203	0.15098	0.65257	0.00623	0.04135	0.00514	0.00242	0.00373
29	0.01629	0.02079	0.01236	0.01124	0.01348	0.82921	0.00843	0.01742	0.01236	0.01067	0.00674	0.00787	0.00562	0.00449	0.00393	0.00112	0.00787	0.00281	0.00225	0.00506
30	0.00533	0.00384	0.00506	0.00599	0.00631	0.00356	0.00402	0.00614	0.00852	0.01133	0.04614	0.79108	0.05966	0.01344	0.00554	0.00175	0.00251	0.01215	0.00407	0.00356
31	0.00877	0.00687	0.00774	0.00744	0.00850	0.07366	0.00565	0.03127	0.02428	0.09303	0.08471	0.33030	0.10921	0.01075	0.03247	0.00179	0.11948	0.03585	0.00376	0.00448
32	0.01039	0.01873	0.59535	0.01171	0.01720	0.00979	0.04914	0.06736	0.03415	0.09817	0.00992	0.04155	0.00735	0.00474	0.00429	0.00139	0.00586	0.00387	0.00255	0.00649
33	0.00540	0.00407	0.00498	0.00552	0.00621	0.00370	0.00384	0.00637	0.00907	0.01178	0.09965	0.49234	0.25873	0.03773	0.02772	0.00186	0.00269	0.01068	0.00403	0.00362
34	0.08364	0.00745	0.00825	0.00706	0.00931	0.00733	0.00551	0.11179	0.04374	0.24876	0.01494	0.01578	0.01107	0.00619	0.00456	0.02781	0.00349	0.00440	0.37277	0.00615
35	0.04710	0.04366	0.04178	0.11015	0.21877	0.22544	0.02738	0.08163	0.01196	0.04337	0.03838	0.01244	0.00888	0.00592	0.02456	0.00160	0.00619	0.00401	0.01462	0.03216
36	0.02610	0.06384	0.10050	0.06638	0.04219	0.10482	0.04018	0.08660	0.03350	0.06834	0.09082	0.03661	0.01198	0.00598	0.00516	0.00145	0.05009	0.01132	0.00337	0.15078
37	0.01198	0.11069	0.23525	0.04888	0.20726	0.06652	0.03403	0.05653	0.08325	0.02353	0.00994	0.01175	0.00794	0.00498	0.00452	0.00146	0.00577	0.00387	0.00282	0.06903

[dist]
# distance from previous block
# <min> <max>
0	188

# created by:
# /st0/software/busco_prod/Augustus/scripts/msa2prfl.pl ./align_prep/99263.fa
