[name]
unknown

[dist]
# distance from previous block
# <min> <max>
2	34

[block]
# block no. 0 follows, 56 sequences, length 24
# corresponding to MSA columns:
# 70-93
name=unknown_A
#
# <colnr> <probs for GDERKNQSTAVLIFYWHMCP>
#	G	D	E	R	K	N	Q	S	T	A	V	L	I	F	Y	W	H	M	C	P
0	0.02061	0.06491	0.07971	0.02959	0.08930	0.08286	0.28694	0.08777	0.01126	0.01498	0.00966	0.01405	0.00821	0.00541	0.00619	0.00154	0.11268	0.06569	0.00260	0.00605
1	0.01202	0.25241	0.03613	0.09594	0.08151	0.07759	0.07817	0.08773	0.01118	0.03014	0.02020	0.01021	0.00722	0.00426	0.00391	0.00115	0.00528	0.00345	0.01314	0.16836
2	0.01071	0.57019	0.06878	0.00771	0.01114	0.04333	0.00752	0.01232	0.00963	0.01137	0.01428	0.06741	0.13792	0.00592	0.00367	0.00117	0.00458	0.00440	0.00250	0.00546
3	0.00687	0.00604	0.00967	0.00943	0.05971	0.00558	0.13642	0.00846	0.00989	0.01298	0.07752	0.38658	0.21706	0.02438	0.00585	0.00172	0.00360	0.00998	0.00384	0.00442
4	0.01123	0.03117	0.06421	0.01370	0.19830	0.06939	0.07231	0.03203	0.01052	0.04126	0.00864	0.01028	0.00695	0.00390	0.00400	0.00104	0.00490	0.00341	0.00263	0.41014
5	0.01106	0.08135	0.15718	0.01752	0.07103	0.03096	0.51682	0.01480	0.01060	0.03059	0.00897	0.01143	0.00677	0.00403	0.00494	0.00146	0.00714	0.00468	0.00230	0.00635
6	0.01699	0.00787	0.01014	0.00830	0.01133	0.00744	0.00679	0.04619	0.13597	0.54180	0.06987	0.02009	0.01506	0.00662	0.00483	0.00150	0.00382	0.07288	0.00532	0.00719
7	0.00678	0.00520	0.00733	0.06167	0.06892	0.00516	0.00611	0.00820	0.00947	0.01256	0.06269	0.37931	0.06848	0.08660	0.00733	0.00206	0.00358	0.19052	0.00387	0.00415
8	0.01106	0.08403	0.07886	0.14682	0.07470	0.05802	0.07359	0.10920	0.12577	0.02397	0.04397	0.07427	0.03447	0.00603	0.00463	0.00145	0.00514	0.01720	0.02078	0.00604
9	0.00686	0.00439	0.00568	0.00629	0.00692	0.00403	0.00430	0.00772	0.00916	0.07641	0.02600	0.64587	0.09977	0.06502	0.00682	0.00196	0.00284	0.01166	0.00428	0.00401
10	0.00584	0.00419	0.00517	0.00585	0.00620	0.00392	0.00381	0.00649	0.00848	0.01112	0.02522	0.54415	0.12074	0.21475	0.01007	0.00246	0.00306	0.01109	0.00390	0.00352
11	0.26147	0.12499	0.01378	0.02419	0.20758	0.05368	0.00861	0.11941	0.01128	0.07725	0.00982	0.01087	0.03315	0.00479	0.00406	0.00135	0.02089	0.00357	0.00302	0.00624
12	0.00989	0.02005	0.56777	0.01178	0.01719	0.07441	0.01383	0.01575	0.13103	0.01483	0.01261	0.01330	0.06713	0.00522	0.00447	0.00146	0.00609	0.00410	0.00256	0.00652
13	0.00652	0.00495	0.00621	0.00688	0.00806	0.00464	0.00570	0.00818	0.01039	0.01308	0.03262	0.11107	0.31682	0.01243	0.00596	0.00188	0.00340	0.43290	0.00424	0.00406
14	0.01660	0.08995	0.01439	0.01222	0.07685	0.45675	0.00899	0.17513	0.01423	0.07992	0.00884	0.00959	0.00684	0.00484	0.00420	0.00124	0.00675	0.00338	0.00304	0.00623
15	0.03528	0.09140	0.08750	0.00982	0.02372	0.09768	0.02342	0.23047	0.02841	0.18275	0.08195	0.02793	0.02397	0.00593	0.00450	0.00138	0.00495	0.02833	0.00398	0.00661
16	0.01629	0.01469	0.01220	0.01053	0.02705	0.32610	0.00811	0.23593	0.08459	0.13453	0.07427	0.01301	0.01094	0.00558	0.00449	0.00133	0.00580	0.00417	0.00389	0.00651
17	0.07991	0.00703	0.00836	0.00717	0.00929	0.00697	0.00561	0.13456	0.02794	0.20041	0.32298	0.09438	0.04015	0.02791	0.00536	0.00154	0.00325	0.00670	0.00480	0.00567
18	0.01052	0.01172	0.10787	0.01747	0.26079	0.01003	0.20055	0.07499	0.02078	0.01564	0.02607	0.08041	0.03610	0.00543	0.00505	0.00143	0.02526	0.00522	0.00277	0.08190
19	0.01074	0.06698	0.11853	0.02419	0.08371	0.01206	0.40869	0.02953	0.05978	0.01450	0.00938	0.02404	0.00747	0.00479	0.00614	0.00154	0.10448	0.00477	0.00243	0.00624
20	0.00830	0.00507	0.00657	0.00606	0.00746	0.00458	0.00459	0.01022	0.01245	0.12853	0.56712	0.09735	0.10491	0.00947	0.00534	0.00148	0.00246	0.00829	0.00501	0.00473
21	0.01406	0.01183	0.01157	0.01101	0.08195	0.17477	0.00790	0.20092	0.14440	0.11285	0.07387	0.08873	0.03265	0.00660	0.00471	0.00142	0.00488	0.00537	0.00407	0.00645
22	0.03079	0.24409	0.01862	0.01218	0.05640	0.08620	0.17734	0.06043	0.16321	0.09042	0.01092	0.01160	0.00836	0.00470	0.00425	0.00132	0.00549	0.00405	0.00313	0.00651
23	0.00954	0.00639	0.00774	0.00747	0.00882	0.00644	0.00549	0.19190	0.01234	0.07610	0.06453	0.53746	0.02439	0.01138	0.00545	0.00169	0.00329	0.01007	0.00449	0.00502

[dist]
# distance from previous block
# <min> <max>
0	4

[block]
# block no. 1 follows, 56 sequences, length 9
# corresponding to MSA columns:
# 98-106
name=unknown_B
#
# <colnr> <probs for GDERKNQSTAVLIFYWHMCP>
#	G	D	E	R	K	N	Q	S	T	A	V	L	I	F	Y	W	H	M	C	P
0	0.00705	0.00580	0.00853	0.01148	0.19815	0.00555	0.00669	0.00843	0.00950	0.01270	0.02390	0.49640	0.12106	0.01149	0.00552	0.00172	0.00338	0.05425	0.00379	0.00462
1	0.01238	0.07706	0.01644	0.01506	0.19182	0.08858	0.15183	0.17428	0.01325	0.03579	0.09217	0.03636	0.04590	0.00573	0.00475	0.00140	0.00542	0.02220	0.00328	0.00630
2	0.01045	0.01030	0.01489	0.42793	0.20951	0.07466	0.04234	0.01472	0.12261	0.01364	0.00973	0.01242	0.00753	0.00469	0.00459	0.00147	0.00584	0.00420	0.00251	0.00598
3	0.00767	0.09672	0.00801	0.00591	0.00753	0.00587	0.00467	0.00947	0.01191	0.06143	0.48122	0.05788	0.20629	0.00923	0.00511	0.00143	0.00262	0.00791	0.00455	0.00458
4	0.01196	0.04564	0.01599	0.10941	0.43794	0.07499	0.01157	0.12470	0.01230	0.01648	0.08536	0.01320	0.01052	0.00490	0.00454	0.00136	0.00536	0.00434	0.00284	0.00662
5	0.01503	0.10674	0.01527	0.05755	0.14685	0.33471	0.00973	0.19654	0.04638	0.01626	0.00871	0.00990	0.00692	0.00477	0.00423	0.00127	0.00639	0.00351	0.00290	0.00635
6	0.46922	0.01061	0.01053	0.00865	0.01159	0.08806	0.10078	0.12495	0.01084	0.01979	0.00841	0.00970	0.00645	0.00456	0.00357	0.00137	0.00457	0.00332	0.09756	0.00548
7	0.00927	0.01866	0.53710	0.01510	0.13124	0.01003	0.08965	0.01360	0.00981	0.01431	0.01027	0.10089	0.00883	0.00538	0.00465	0.00150	0.00623	0.00475	0.00228	0.00646
8	0.00637	0.00488	0.00607	0.00624	0.00742	0.00428	0.00454	0.00767	0.00983	0.01328	0.12429	0.42995	0.15622	0.01162	0.00542	0.00161	0.00277	0.06676	0.00414	0.12666

[dist]
# distance from previous block
# <min> <max>
0	1

[block]
# block no. 2 follows, 56 sequences, length 77
# corresponding to MSA columns:
# 108,109,116-134,146-201
name=unknown_C
#
# <colnr> <probs for GDERKNQSTAVLIFYWHMCP>
#	G	D	E	R	K	N	Q	S	T	A	V	L	I	F	Y	W	H	M	C	P
0	0.01102	0.00903	0.00933	0.00841	0.01065	0.05022	0.00650	0.02012	0.52373	0.05579	0.16862	0.01989	0.01894	0.00667	0.00469	0.00148	0.00351	0.00559	0.05938	0.00644
1	0.01283	0.49715	0.14149	0.00996	0.01415	0.10975	0.04909	0.09295	0.01112	0.01344	0.00736	0.00844	0.00613	0.00424	0.00359	0.00115	0.00574	0.00297	0.00229	0.00617
2	0.01155	0.01241	0.05452	0.02051	0.42280	0.11907	0.11003	0.04575	0.01082	0.01437	0.00913	0.01207	0.00766	0.01869	0.10840	0.00217	0.00702	0.00421	0.00240	0.00641
3	0.87108	0.00888	0.00675	0.00604	0.00888	0.01030	0.00497	0.01350	0.00781	0.02060	0.00639	0.00746	0.00497	0.00426	0.00284	0.00142	0.00355	0.00249	0.00284	0.00497
4	0.00555	0.00416	0.00515	0.00595	0.00654	0.00377	0.00406	0.00644	0.00922	0.01189	0.03071	0.63402	0.22852	0.01368	0.00575	0.00178	0.00258	0.01219	0.00426	0.00377
5	0.03410	0.01351	0.01358	0.01058	0.01413	0.07917	0.00866	0.71683	0.02062	0.02734	0.01062	0.01073	0.00760	0.00542	0.00452	0.00136	0.00528	0.00401	0.00438	0.00755
6	0.00626	0.00443	0.00497	0.00512	0.00549	0.00423	0.00313	0.00662	0.00779	0.01004	0.02290	0.14131	0.19099	0.54775	0.01711	0.00347	0.00375	0.00819	0.00330	0.00315
7	0.00559	0.00400	0.00533	0.00639	0.00666	0.00373	0.00426	0.00639	0.00879	0.01172	0.02530	0.83566	0.03036	0.01438	0.00586	0.00186	0.00266	0.01305	0.00426	0.00373
8	0.01025	0.27268	0.53571	0.01131	0.01703	0.01299	0.01373	0.01476	0.04677	0.01362	0.00816	0.00933	0.00622	0.00432	0.00394	0.00131	0.00606	0.00319	0.00207	0.00653
9	0.00701	0.00512	0.00677	0.00702	0.00816	0.00496	0.00573	0.00947	0.03779	0.01618	0.41231	0.04171	0.06365	0.01080	0.00579	0.00174	0.00312	0.34365	0.00465	0.00437
10	0.01128	0.01082	0.01848	0.05387	0.78500	0.01089	0.01405	0.01401	0.01041	0.01489	0.00862	0.01139	0.00724	0.00411	0.00455	0.00137	0.00548	0.00409	0.00227	0.00720
11	0.00901	0.00885	0.00868	0.00841	0.00959	0.19447	0.00646	0.01055	0.00868	0.01079	0.01109	0.01578	0.01019	0.02755	0.63131	0.00594	0.01137	0.00446	0.00244	0.00438
12	0.01141	0.01274	0.01913	0.01495	0.01716	0.13256	0.32419	0.01360	0.00944	0.01254	0.00749	0.01072	0.00639	0.00587	0.00958	0.00170	0.37838	0.00442	0.00219	0.00554
13	0.00833	0.00665	0.00779	0.00844	0.00960	0.06068	0.00700	0.05130	0.02402	0.01410	0.02253	0.18819	0.02456	0.01197	0.00599	0.00196	0.00425	0.53409	0.00413	0.00445
14	0.00651	0.00498	0.00718	0.00927	0.10379	0.00478	0.00583	0.00770	0.00921	0.01236	0.02317	0.64141	0.02710	0.01294	0.00576	0.00183	0.00319	0.10476	0.00402	0.00422
15	0.00651	0.00434	0.00571	0.00648	0.00708	0.00401	0.00454	0.00749	0.00933	0.05440	0.04164	0.67086	0.08431	0.01352	0.00579	0.00183	0.00280	0.06103	0.00435	0.00400
16	0.02351	0.06643	0.01415	0.01068	0.01369	0.05427	0.10025	0.39211	0.04114	0.02084	0.01299	0.01913	0.01140	0.05943	0.00603	0.00169	0.00529	0.13677	0.00384	0.00638
17	0.00656	0.00492	0.00738	0.00738	0.00820	0.00574	0.00574	0.00820	0.00738	0.01066	0.01230	0.01804	0.01148	0.03443	0.82046	0.00738	0.01230	0.00492	0.00246	0.00410
18	0.00565	0.00404	0.00539	0.00646	0.00675	0.00378	0.00436	0.00649	0.00885	0.01178	0.02527	0.81047	0.03024	0.01433	0.00588	0.00187	0.00271	0.03767	0.00426	0.00374
19	0.00717	0.00593	0.00629	0.00610	0.00781	0.00574	0.00469	0.04952	0.14339	0.01441	0.03715	0.09438	0.53010	0.01068	0.00535	0.00160	0.00283	0.05786	0.00435	0.00465
20	0.01704	0.04074	0.01326	0.01174	0.01414	0.80177	0.00885	0.01823	0.01293	0.01123	0.00708	0.00826	0.00591	0.00471	0.00411	0.00118	0.00820	0.00295	0.00236	0.00534
21	0.00570	0.00418	0.00538	0.00627	0.00678	0.00386	0.00435	0.00665	0.00920	0.01204	0.03912	0.66347	0.13950	0.01382	0.00582	0.00183	0.00271	0.06127	0.00427	0.00379
22	0.01209	0.00889	0.00993	0.00887	0.01133	0.00980	0.00698	0.07336	0.51175	0.11705	0.05593	0.07172	0.01650	0.00721	0.00488	0.00158	0.00367	0.05689	0.00475	0.00681
23	0.00751	0.00639	0.01043	0.00918	0.01033	0.00723	0.11159	0.00918	0.00772	0.01103	0.01151	0.01790	0.01094	0.12461	0.53202	0.00569	0.09489	0.00511	0.00243	0.00432
24	0.00623	0.00479	0.00573	0.00572	0.00686	0.00441	0.00420	0.00833	0.04844	0.01532	0.38746	0.18968	0.27420	0.01088	0.00547	0.00156	0.00238	0.00949	0.00464	0.00421
25	0.00622	0.00472	0.00575	0.00560	0.00683	0.00425	0.00427	0.00806	0.01203	0.01619	0.51301	0.03862	0.28499	0.01032	0.00548	0.00152	0.00236	0.06086	0.00475	0.00418
26	0.00569	0.00417	0.00538	0.00630	0.00679	0.00385	0.00437	0.00663	0.00913	0.01195	0.02808	0.67637	0.13455	0.01390	0.00583	0.00184	0.00272	0.06440	0.00426	0.00378
27	0.03705	0.00849	0.01353	0.48974	0.18558	0.00977	0.01164	0.04851	0.01004	0.01362	0.01057	0.07254	0.00940	0.00573	0.00473	0.00155	0.00549	0.05400	0.00253	0.00551
28	0.01118	0.01072	0.01831	0.08223	0.75738	0.01086	0.01400	0.01393	0.01037	0.01478	0.00860	0.01142	0.00719	0.00412	0.00455	0.00137	0.00550	0.00409	0.00226	0.00713
29	0.00913	0.00487	0.00528	0.00517	0.00641	0.00488	0.00387	0.01185	0.06577	0.06731	0.03247	0.11598	0.01477	0.00660	0.00377	0.00123	0.00242	0.00550	0.62808	0.00465
30	0.01582	0.01264	0.01355	0.01146	0.05395	0.05629	0.00890	0.55783	0.12435	0.02478	0.01139	0.01165	0.00839	0.00567	0.00529	0.00143	0.06085	0.00420	0.00419	0.00739
31	0.87108	0.00888	0.00675	0.00604	0.00888	0.01030	0.00497	0.01350	0.00781	0.02060	0.00639	0.00746	0.00497	0.00426	0.00284	0.00142	0.00355	0.00249	0.00284	0.00497
32	0.01007	0.01921	0.51911	0.01770	0.25583	0.02698	0.03462	0.01439	0.00994	0.01452	0.00830	0.01024	0.00629	0.00438	0.00474	0.00144	0.02971	0.00366	0.00206	0.00684
33	0.01206	0.01083	0.01620	0.21074	0.21543	0.02478	0.11486	0.19543	0.08950	0.01773	0.01038	0.01283	0.00805	0.00487	0.00470	0.00145	0.00563	0.01823	0.00304	0.02328
34	0.00543	0.00465	0.00465	0.00465	0.00620	0.00388	0.00349	0.00659	0.01046	0.01240	0.04651	0.04418	0.80815	0.01163	0.00543	0.00155	0.00233	0.00969	0.00426	0.00388
35	0.00941	0.06373	0.59070	0.01288	0.01849	0.01098	0.09085	0.01390	0.00982	0.01437	0.05897	0.01142	0.00833	0.00486	0.00518	0.00148	0.06216	0.00390	0.00218	0.00640
36	0.44641	0.09067	0.01132	0.00965	0.08331	0.12902	0.00713	0.11306	0.01084	0.03703	0.00769	0.00871	0.00602	0.00449	0.00346	0.00133	0.00472	0.00298	0.01642	0.00573
37	0.01322	0.60434	0.02114	0.00874	0.01233	0.01703	0.00820	0.18079	0.01179	0.01470	0.00735	0.00834	0.00631	0.00456	0.00417	0.00114	0.06417	0.00293	0.00253	0.00624
38	0.01053	0.01048	0.06535	0.00839	0.01256	0.05031	0.04640	0.06760	0.01063	0.01571	0.00837	0.00972	0.00677	0.00371	0.00369	0.00085	0.00422	0.00301	0.00276	0.65893
39	0.01733	0.00993	0.01141	0.00890	0.01218	0.01027	0.00730	0.40722	0.03232	0.30541	0.01418	0.01354	0.00969	0.00557	0.00443	0.00136	0.00425	0.00434	0.11300	0.00736
40	0.00555	0.00459	0.00487	0.00494	0.00631	0.00391	0.00365	0.00678	0.01054	0.01293	0.12029	0.12455	0.65187	0.01169	0.00547	0.00157	0.00234	0.00990	0.00434	0.00391
41	0.01192	0.58769	0.21119	0.00929	0.01388	0.01610	0.01008	0.06999	0.01029	0.01299	0.00716	0.00818	0.00601	0.00414	0.00340	0.00112	0.00537	0.00280	0.00215	0.00624
42	0.00859	0.00798	0.01336	0.77548	0.03021	0.00989	0.01241	0.01159	0.00927	0.01186	0.00919	0.01476	0.00741	0.00511	0.00470	0.00157	0.00600	0.05341	0.00218	0.00504
43	0.00568	0.00406	0.00541	0.00637	0.00671	0.00379	0.00431	0.00659	0.00911	0.01222	0.08056	0.76945	0.03123	0.01401	0.00583	0.00184	0.00265	0.02209	0.00432	0.00378
44	0.00609	0.00493	0.00544	0.00526	0.00671	0.00441	0.00396	0.00818	0.05125	0.01475	0.29891	0.03952	0.51301	0.01061	0.00538	0.00152	0.00234	0.00900	0.00455	0.00420
45	0.00936	0.02281	0.76047	0.01283	0.01933	0.01071	0.01631	0.01521	0.06325	0.01485	0.00895	0.01020	0.00637	0.00449	0.00438	0.00146	0.00657	0.00351	0.00212	0.00682
46	0.00629	0.00574	0.00538	0.00551	0.00686	0.06152	0.00402	0.00738	0.01031	0.01218	0.03947	0.20040	0.59547	0.01169	0.00542	0.00159	0.00281	0.00989	0.00413	0.00395
47	0.00890	0.00839	0.01418	0.75943	0.09802	0.01026	0.01286	0.01193	0.00929	0.01201	0.00820	0.01217	0.00622	0.00455	0.00459	0.00152	0.00606	0.00408	0.00206	0.00529
48	0.01048	0.00888	0.00942	0.00853	0.01092	0.01000	0.00662	0.02121	0.64672	0.02736	0.07226	0.02148	0.11203	0.00708	0.00481	0.00155	0.00338	0.00593	0.00466	0.00668
49	0.00635	0.00469	0.00594	0.00562	0.00677	0.00427	0.00422	0.00838	0.01266	0.01760	0.70539	0.03562	0.14603	0.00969	0.00542	0.00146	0.00219	0.00849	0.00495	0.00427
50	0.00562	0.00405	0.00534	0.00635	0.00669	0.00377	0.00429	0.00646	0.00890	0.01179	0.02628	0.78333	0.06680	0.01422	0.00585	0.00185	0.00268	0.02772	0.00426	0.00375
51	0.00907	0.02275	0.77249	0.01270	0.01919	0.01033	0.01630	0.01423	0.00987	0.01474	0.05013	0.01098	0.00778	0.00463	0.00442	0.00145	0.00654	0.00365	0.00210	0.00666
52	0.01072	0.01025	0.01748	0.21831	0.62490	0.01074	0.01377	0.01353	0.01015	0.01422	0.00852	0.01157	0.00700	0.00421	0.00456	0.00140	0.00561	0.00409	0.00222	0.00676
53	0.00575	0.00465	0.00477	0.00480	0.00628	0.00397	0.00364	0.00705	0.01049	0.01297	0.06655	0.04225	0.69954	0.01115	0.00530	0.00153	0.00238	0.03795	0.06503	0.00393
54	0.00906	0.00847	0.01421	0.64134	0.17123	0.01004	0.01249	0.01190	0.00928	0.01218	0.00856	0.01298	0.00686	0.04660	0.00553	0.00165	0.00592	0.00421	0.00212	0.00538
55	0.00952	0.00816	0.00952	0.00680	0.01088	0.00612	0.00544	0.01156	0.00952	0.01496	0.00816	0.00952	0.00680	0.00340	0.00340	0.00068	0.00340	0.00272	0.00272	0.86672
56	0.00545	0.00454	0.00476	0.00494	0.00628	0.00385	0.00362	0.00656	0.01018	0.01229	0.04296	0.17670	0.67793	0.01209	0.00550	0.00160	0.00238	0.01025	0.00426	0.00385
57	0.01099	0.49919	0.35504	0.01004	0.01517	0.01503	0.01167	0.01408	0.00948	0.01237	0.00716	0.00834	0.00586	0.00411	0.00354	0.00118	0.00569	0.00285	0.00195	0.00627
58	0.01153	0.01122	0.01797	0.01390	0.01647	0.03655	0.29564	0.15111	0.02950	0.01570	0.00907	0.01201	0.00743	0.00866	0.09244	0.00225	0.25532	0.00464	0.00270	0.00591
59	0.01167	0.01148	0.01834	0.02732	0.76831	0.05332	0.01382	0.01431	0.01059	0.01480	0.00855	0.01120	0.00720	0.00412	0.00452	0.00135	0.00560	0.00403	0.00228	0.00717
60	0.00565	0.00402	0.00531	0.00632	0.00657	0.00377	0.00418	0.00641	0.00868	0.01157	0.02474	0.79344	0.02965	0.05758	0.00678	0.00200	0.00276	0.01272	0.00418	0.00368
61	0.01126	0.01107	0.01760	0.14823	0.65059	0.05321	0.01361	0.01396	0.01039	0.01431	0.00848	0.01133	0.00703	0.00420	0.00453	0.00138	0.00570	0.00403	0.00224	0.00684
62	0.00687	0.00532	0.00809	0.00855	0.05029	0.00616	0.00625	0.00856	0.00753	0.01089	0.01199	0.01754	0.01116	0.03237	0.76327	0.00697	0.02660	0.00486	0.00244	0.00428
63	0.01084	0.01238	0.02709	0.01935	0.02399	0.01161	0.79334	0.01471	0.01084	0.01471	0.00929	0.01238	0.00697	0.00387	0.00542	0.00155	0.00774	0.00542	0.00232	0.00619
64	0.00543	0.00465	0.00465	0.00465	0.00620	0.00388	0.00349	0.00659	0.01046	0.01240	0.04651	0.04418	0.80815	0.01163	0.00543	0.00155	0.00233	0.00969	0.00426	0.00388
65	0.01188	0.68334	0.12065	0.00879	0.01284	0.03221	0.00911	0.01380	0.00933	0.01128	0.00661	0.00780	0.00589	0.00420	0.00375	0.00110	0.04686	0.00266	0.00197	0.00595
66	0.01136	0.01091	0.01863	0.02818	0.81002	0.01091	0.01409	0.01409	0.01045	0.01500	0.00864	0.01136	0.00727	0.00409	0.00455	0.00136	0.00545	0.00409	0.00227	0.00727
67	0.00586	0.00421	0.00572	0.00649	0.00687	0.00416	0.00447	0.00680	0.00851	0.01152	0.04025	0.61873	0.02634	0.06130	0.16246	0.00304	0.00459	0.01105	0.00386	0.00376
68	0.00631	0.00469	0.00588	0.00558	0.00675	0.00425	0.00419	0.00831	0.01256	0.01738	0.67748	0.03598	0.17407	0.00977	0.00542	0.00146	0.00219	0.00854	0.00492	0.00425
69	0.01127	0.01082	0.01847	0.05448	0.78441	0.01088	0.01405	0.01401	0.01041	0.01489	0.00862	0.01139	0.00723	0.00411	0.00455	0.00137	0.00548	0.00409	0.00226	0.00720
70	0.01080	0.00927	0.00972	0.06626	0.01230	0.04401	0.00697	0.08762	0.44436	0.03345	0.02319	0.02209	0.19601	0.00722	0.00481	0.00152	0.00384	0.00595	0.00431	0.00631
71	0.01959	0.00814	0.01067	0.00826	0.01173	0.00734	0.00680	0.07649	0.03959	0.70594	0.01854	0.01627	0.03681	0.00588	0.00464	0.00143	0.00393	0.00476	0.00553	0.00767
72	0.03680	0.00599	0.00696	0.00649	0.00814	0.00590	0.00493	0.01230	0.15753	0.08768	0.33318	0.11056	0.18713	0.00926	0.00517	0.00153	0.00272	0.00796	0.00473	0.00505
73	0.02456	0.00927	0.01067	0.06516	0.05483	0.01044	0.00764	0.10621	0.47685	0.01945	0.14637	0.01849	0.01712	0.00641	0.00474	0.00150	0.00381	0.00541	0.00439	0.00666
74	0.87108	0.00888	0.00675	0.00604	0.00888	0.01030	0.00497	0.01350	0.00781	0.02060	0.00639	0.00746	0.00497	0.00426	0.00284	0.00142	0.00355	0.00249	0.00284	0.00497
75	0.02123	0.06641	0.05407	0.02262	0.01250	0.02578	0.02327	0.08511	0.37277	0.13363	0.09545	0.02482	0.01461	0.00606	0.00457	0.00144	0.00409	0.00501	0.00433	0.02223
76	0.03962	0.00959	0.02324	0.05167	0.02714	0.04680	0.00713	0.18847	0.22334	0.03261	0.08975	0.07126	0.11549	0.00713	0.00474	0.00145	0.00401	0.00588	0.00414	0.04654

[dist]
# distance from previous block
# <min> <max>
0	7

[block]
# block no. 3 follows, 56 sequences, length 16
# corresponding to MSA columns:
# 209-224
name=unknown_D
#
# <colnr> <probs for GDERKNQSTAVLIFYWHMCP>
#	G	D	E	R	K	N	Q	S	T	A	V	L	I	F	Y	W	H	M	C	P
0	0.05085	0.32216	0.03166	0.01095	0.07553	0.23249	0.00867	0.09342	0.07350	0.03075	0.00882	0.01019	0.00733	0.00473	0.00382	0.00121	0.00572	0.01932	0.00273	0.00613
1	0.01255	0.79511	0.02343	0.00808	0.01192	0.06348	0.00791	0.01401	0.00954	0.01083	0.00642	0.00742	0.00589	0.00397	0.00301	0.00099	0.00510	0.00248	0.00199	0.00586
2	0.05170	0.00818	0.00944	0.00683	0.01082	0.00635	0.00548	0.01218	0.00961	0.05381	0.00856	0.00972	0.00693	0.00355	0.00343	0.00075	0.00343	0.00280	0.00287	0.78356
3	0.01151	0.01005	0.01181	0.00982	0.01256	0.05571	0.10225	0.15951	0.30847	0.03472	0.02142	0.05334	0.17431	0.00714	0.00492	0.00151	0.00435	0.00612	0.00416	0.00630
4	0.01285	0.01214	0.01276	0.05494	0.05563	0.20692	0.07924	0.14741	0.09209	0.05774	0.01368	0.18638	0.01270	0.00708	0.00510	0.00149	0.02647	0.00598	0.00352	0.00589
5	0.00664	0.00461	0.00583	0.00583	0.00611	0.00490	0.00380	0.00720	0.00692	0.00951	0.01372	0.02590	0.01489	0.56098	0.29858	0.00546	0.00716	0.00607	0.00267	0.00324
6	0.01032	0.00989	0.01654	0.30049	0.46944	0.01096	0.01326	0.01300	0.00970	0.01351	0.00823	0.01154	0.00676	0.00463	0.00554	0.00148	0.08215	0.00408	0.00217	0.00632
7	0.01808	0.00789	0.01040	0.00786	0.01153	0.00660	0.00645	0.01991	0.01232	0.63151	0.01585	0.01424	0.01033	0.00516	0.00434	0.00125	0.00379	0.00419	0.00501	0.20331
8	0.01627	0.02041	0.01314	0.01186	0.01393	0.71998	0.00902	0.01743	0.01227	0.01121	0.00696	0.00850	0.00593	0.00514	0.00550	0.00129	0.11049	0.00309	0.00232	0.00528
9	0.00932	0.00795	0.00931	0.00678	0.01067	0.00600	0.00538	0.01130	0.00948	0.01480	0.00902	0.05097	0.00798	0.00395	0.00352	0.00074	0.00336	0.00324	0.00280	0.82342
10	0.02506	0.35348	0.19577	0.01055	0.05080	0.07387	0.02321	0.03105	0.04864	0.09870	0.00940	0.02386	0.00751	0.00533	0.02333	0.00139	0.00561	0.00346	0.00265	0.00633
11	0.01651	0.09933	0.04936	0.01037	0.01343	0.38729	0.00854	0.13325	0.01363	0.16946	0.01064	0.03314	0.00833	0.00536	0.00428	0.00129	0.00631	0.01989	0.00337	0.00623
12	0.00611	0.00432	0.00572	0.00665	0.00705	0.00415	0.00473	0.00708	0.00889	0.01178	0.02371	0.56853	0.02779	0.11930	0.00820	0.00225	0.00322	0.17275	0.00407	0.00371
13	0.00849	0.03915	0.04923	0.00773	0.02787	0.00575	0.00637	0.01044	0.01107	0.09954	0.20997	0.14396	0.12235	0.01028	0.00548	0.00168	0.00345	0.22807	0.00433	0.00479
14	0.13365	0.06950	0.03529	0.00939	0.01269	0.06629	0.00793	0.33943	0.11156	0.11201	0.01209	0.01326	0.00915	0.00559	0.00430	0.00141	0.00476	0.04079	0.00406	0.00685
15	0.06482	0.05343	0.05635	0.01914	0.34849	0.12901	0.12983	0.08096	0.01157	0.03519	0.00863	0.01061	0.00687	0.00440	0.00463	0.00137	0.02158	0.00393	0.00257	0.00661

[dist]
# distance from previous block
# <min> <max>
9	57

[block]
# block no. 4 follows, 56 sequences, length 24
# corresponding to MSA columns:
# 283-306
name=unknown_E
#
# <colnr> <probs for GDERKNQSTAVLIFYWHMCP>
#	G	D	E	R	K	N	Q	S	T	A	V	L	I	F	Y	W	H	M	C	P
0	0.08328	0.12471	0.11625	0.02798	0.26252	0.08978	0.01061	0.02636	0.09203	0.07641	0.02560	0.01199	0.02365	0.00479	0.00418	0.00134	0.00524	0.00388	0.00287	0.00654
1	0.09903	0.11702	0.02491	0.01407	0.24441	0.03000	0.00908	0.11058	0.07102	0.12242	0.04154	0.04773	0.01028	0.00527	0.00423	0.00134	0.00458	0.00434	0.00341	0.03472
2	0.02831	0.14954	0.11318	0.01389	0.18273	0.02567	0.05482	0.07755	0.10707	0.16306	0.01179	0.01227	0.01816	0.00484	0.00430	0.00135	0.00507	0.00405	0.00332	0.01903
3	0.05312	0.07050	0.15972	0.02923	0.21643	0.04115	0.12659	0.08155	0.09587	0.06651	0.01021	0.01151	0.00772	0.00458	0.00446	0.00140	0.00569	0.00409	0.00289	0.00679
4	0.06224	0.04382	0.07044	0.03245	0.18560	0.06444	0.00969	0.19628	0.03916	0.16763	0.02540	0.01240	0.02020	0.00512	0.00458	0.00137	0.02091	0.00407	0.00361	0.03058
5	0.13645	0.02682	0.07703	0.18657	0.12368	0.03474	0.04165	0.11354	0.02436	0.10767	0.04666	0.01357	0.02746	0.00517	0.00439	0.00144	0.00510	0.01431	0.00320	0.00619
6	0.01183	0.01321	0.11928	0.04027	0.58758	0.05276	0.01372	0.07807	0.01137	0.01582	0.00869	0.01098	0.00704	0.00428	0.00451	0.00137	0.00575	0.00395	0.00242	0.00711
7	0.01345	0.01046	0.02737	0.02601	0.07360	0.01084	0.00805	0.39310	0.10138	0.05232	0.08826	0.01672	0.07568	0.00671	0.02021	0.00149	0.00449	0.00500	0.00422	0.06063
8	0.41769	0.06244	0.04535	0.02466	0.02814	0.22590	0.00716	0.02496	0.01004	0.04581	0.02916	0.00911	0.00678	0.00454	0.00351	0.00130	0.00511	0.00298	0.00278	0.04259
9	0.00664	0.00532	0.00702	0.00800	0.09676	0.00488	0.00516	0.00845	0.01159	0.01564	0.42073	0.10069	0.27219	0.00989	0.00536	0.00150	0.00262	0.00865	0.00443	0.00447
10	0.00656	0.00492	0.00738	0.00738	0.00820	0.00574	0.00574	0.00820	0.00738	0.01066	0.01230	0.01804	0.01148	0.03443	0.82046	0.00738	0.01230	0.00492	0.00246	0.00410
11	0.00673	0.00508	0.00682	0.00711	0.05752	0.00471	0.00489	0.00886	0.01265	0.01776	0.70208	0.03356	0.09638	0.00921	0.00536	0.00145	0.00239	0.00814	0.00482	0.00448
12	0.00952	0.00816	0.00952	0.00680	0.01088	0.00612	0.00544	0.01156	0.00952	0.01496	0.00816	0.00952	0.00680	0.00340	0.00340	0.00068	0.00340	0.00272	0.00272	0.86672
13	0.00952	0.00816	0.00952	0.00680	0.01088	0.00612	0.00544	0.01156	0.00952	0.01496	0.00816	0.00952	0.00680	0.00340	0.00340	0.00068	0.00340	0.00272	0.00272	0.86672
14	0.01103	0.01057	0.01803	0.12759	0.71323	0.01082	0.01392	0.01380	0.01030	0.01459	0.00858	0.01147	0.00713	0.00415	0.00455	0.00138	0.00554	0.00409	0.00224	0.00700
15	0.00582	0.00442	0.00566	0.00636	0.00688	0.00425	0.00445	0.00676	0.00917	0.01206	0.05379	0.62469	0.16095	0.01344	0.00618	0.00181	0.03866	0.02660	0.00419	0.00384
16	0.01704	0.00941	0.01200	0.01100	0.09746	0.00941	0.00806	0.18679	0.12810	0.41067	0.01593	0.01597	0.01120	0.00586	0.00469	0.00146	0.00429	0.03827	0.00488	0.00752
17	0.01858	0.00856	0.01092	0.00830	0.01195	0.00769	0.00683	0.12724	0.01378	0.59063	0.01571	0.01412	0.01022	0.00533	0.00444	0.00131	0.00399	0.00428	0.00511	0.13102
18	0.00664	0.00478	0.00634	0.00627	0.00733	0.00449	0.00488	0.00876	0.01245	0.01740	0.64643	0.05777	0.03994	0.01011	0.00559	0.00158	0.00255	0.14750	0.00488	0.00430
19	0.00958	0.00913	0.01258	0.01107	0.03715	0.01158	0.00881	0.01086	0.00759	0.01175	0.00728	0.01123	0.00697	0.02887	0.09098	0.00234	0.56460	0.00395	0.00220	0.15147
20	0.00658	0.00484	0.00700	0.00700	0.00769	0.00553	0.00527	0.00795	0.00727	0.01038	0.01264	0.01996	0.01231	0.16320	0.69284	0.00691	0.01104	0.00520	0.00251	0.00389
21	0.01207	0.58710	0.10295	0.00866	0.01260	0.01569	0.00870	0.03312	0.09727	0.03907	0.00910	0.01071	0.00778	0.00465	0.00350	0.00116	0.00491	0.03223	0.00253	0.00618
22	0.49258	0.17222	0.17561	0.00792	0.01181	0.01174	0.00806	0.01414	0.00872	0.05170	0.00727	0.00825	0.00560	0.00428	0.00325	0.00134	0.00449	0.00276	0.00261	0.00564
23	0.02993	0.59887	0.09495	0.00866	0.01264	0.04272	0.00863	0.06811	0.04569	0.02661	0.02181	0.00891	0.00711	0.00434	0.00338	0.00111	0.00505	0.00294	0.00241	0.00613

[dist]
# distance from previous block
# <min> <max>
4	7

[block]
# block no. 5 follows, 56 sequences, length 8
# corresponding to MSA columns:
# 314-321
name=unknown_F
#
# <colnr> <probs for GDERKNQSTAVLIFYWHMCP>
#	G	D	E	R	K	N	Q	S	T	A	V	L	I	F	Y	W	H	M	C	P
0	0.08304	0.01097	0.08452	0.24139	0.33001	0.02753	0.03638	0.01344	0.00990	0.03274	0.00898	0.01244	0.00730	0.00456	0.00442	0.00141	0.00553	0.02973	0.00240	0.05331
1	0.01061	0.05303	0.01746	0.26582	0.53633	0.01107	0.01337	0.01337	0.01002	0.01381	0.00838	0.01142	0.00686	0.00423	0.00448	0.00139	0.00562	0.00400	0.00219	0.00655
2	0.01234	0.00828	0.01089	0.07806	0.01308	0.05812	0.08037	0.09018	0.01206	0.22689	0.04561	0.20632	0.07750	0.00831	0.00513	0.00157	0.00439	0.05097	0.00421	0.00572
3	0.08772	0.04776	0.03782	0.03490	0.13859	0.00893	0.11855	0.03398	0.07679	0.02910	0.01691	0.21297	0.07589	0.00778	0.00513	0.00158	0.02273	0.03405	0.00332	0.00553
4	0.00987	0.14828	0.61795	0.01183	0.01772	0.04938	0.01455	0.01422	0.00983	0.01371	0.00970	0.01089	0.04347	0.00465	0.00418	0.00137	0.00636	0.00352	0.00207	0.00644
5	0.08199	0.00892	0.01474	0.57754	0.16224	0.01041	0.05504	0.01244	0.00937	0.01320	0.00815	0.01169	0.00627	0.00444	0.00448	0.00149	0.00588	0.00402	0.00216	0.00552
6	0.01775	0.01071	0.01138	0.03427	0.01286	0.12038	0.00747	0.19124	0.03652	0.42535	0.04482	0.01523	0.03901	0.00584	0.00460	0.00139	0.00470	0.00460	0.00477	0.00710
7	0.00985	0.00936	0.01590	0.47833	0.37172	0.01051	0.01334	0.01276	0.00974	0.01316	0.00837	0.01186	0.00662	0.00437	0.00457	0.00146	0.00583	0.00408	0.00214	0.00605

[dist]
# distance from previous block
# <min> <max>
0	1

[block]
# block no. 6 follows, 56 sequences, length 25
# corresponding to MSA columns:
# 323-347
name=unknown_G
#
# <colnr> <probs for GDERKNQSTAVLIFYWHMCP>
#	G	D	E	R	K	N	Q	S	T	A	V	L	I	F	Y	W	H	M	C	P
0	0.00941	0.00932	0.01615	0.46710	0.06916	0.01115	0.14105	0.01212	0.00907	0.01226	0.00824	0.02640	0.00674	0.00533	0.00690	0.00163	0.17603	0.00445	0.00213	0.00536
1	0.01666	0.00716	0.00946	0.00774	0.01046	0.00649	0.00619	0.03453	0.03703	0.56463	0.04373	0.04338	0.01467	0.11401	0.00722	0.00188	0.00392	0.05907	0.00509	0.00667
2	0.00586	0.00434	0.00551	0.00611	0.00682	0.00398	0.00436	0.00708	0.01002	0.01326	0.17856	0.48547	0.17181	0.01281	0.00573	0.00175	0.00262	0.06561	0.00441	0.00391
3	0.07181	0.01445	0.01365	0.03098	0.01471	0.21812	0.05911	0.40173	0.09389	0.02160	0.01029	0.01081	0.00765	0.00517	0.00442	0.00136	0.00583	0.00391	0.00371	0.00677
4	0.13941	0.01254	0.01242	0.00982	0.01324	0.07253	0.00803	0.55431	0.03905	0.07818	0.01074	0.01078	0.00766	0.00531	0.00431	0.00138	0.00496	0.00387	0.00425	0.00721
5	0.01722	0.01226	0.01280	0.01010	0.01354	0.06584	0.00823	0.52190	0.11474	0.15622	0.01287	0.01235	0.00903	0.00558	0.00458	0.00139	0.00490	0.00426	0.00464	0.00758
6	0.00626	0.00470	0.00585	0.00590	0.00702	0.00429	0.00452	0.00805	0.01166	0.01567	0.44140	0.10922	0.23520	0.01083	0.00558	0.00160	0.00252	0.11090	0.00467	0.00415
7	0.00650	0.00477	0.00627	0.00705	0.00796	0.00454	0.00564	0.00809	0.01024	0.01331	0.08798	0.26885	0.15752	0.01273	0.00598	0.00190	0.00332	0.37899	0.00431	0.00404
8	0.01022	0.06986	0.05316	0.29192	0.02470	0.01174	0.38344	0.02806	0.01011	0.01348	0.00851	0.01172	0.00652	0.00440	0.00544	0.00152	0.05263	0.00457	0.00221	0.00579
9	0.01021	0.26951	0.54660	0.01208	0.04732	0.01293	0.01411	0.01428	0.00961	0.01343	0.00769	0.00905	0.00589	0.00422	0.00394	0.00131	0.00617	0.00314	0.00196	0.00653
10	0.00584	0.00413	0.00548	0.00643	0.00682	0.00387	0.00444	0.00662	0.00888	0.01172	0.02554	0.69071	0.07218	0.01418	0.00648	0.04518	0.00283	0.07084	0.00415	0.00369
11	0.01007	0.00964	0.01674	0.33410	0.41027	0.01037	0.06843	0.01297	0.01000	0.01365	0.00937	0.01402	0.00787	0.00474	0.00472	0.00148	0.00580	0.04727	0.00230	0.00619
12	0.00970	0.15388	0.68901	0.01225	0.01858	0.01186	0.01551	0.01441	0.00963	0.01394	0.00794	0.00932	0.00583	0.00429	0.00414	0.00138	0.00649	0.00324	0.00194	0.00664
13	0.00921	0.02375	0.81487	0.01309	0.01987	0.01066	0.01696	0.01454	0.00969	0.01454	0.00824	0.00969	0.00582	0.00436	0.00436	0.00145	0.00678	0.00339	0.00194	0.00678
14	0.00657	0.00484	0.00691	0.00690	0.00767	0.00545	0.00523	0.00803	0.00764	0.01091	0.03898	0.02087	0.04370	0.12168	0.65807	0.00651	0.01051	0.00539	0.02019	0.00395
15	0.00735	0.00534	0.00658	0.00700	0.00778	0.00534	0.00493	0.10865	0.03136	0.01409	0.02291	0.66515	0.02649	0.04023	0.00625	0.00188	0.00309	0.02698	0.00427	0.00433
16	0.01184	0.72655	0.13515	0.00859	0.01292	0.01711	0.00913	0.01386	0.00938	0.01133	0.00664	0.00769	0.00588	0.00399	0.00314	0.00105	0.00517	0.00259	0.00196	0.00602
17	0.01569	0.00854	0.01044	0.06829	0.01287	0.02496	0.00716	0.04110	0.22987	0.42555	0.04710	0.01779	0.05722	0.00619	0.00469	0.00147	0.00396	0.00510	0.00494	0.00707
18	0.00952	0.00816	0.00952	0.00680	0.01088	0.00612	0.00544	0.01156	0.00952	0.01496	0.00816	0.00952	0.00680	0.00340	0.00340	0.00068	0.00340	0.00272	0.00272	0.86672
19	0.00807	0.00633	0.00756	0.00768	0.03921	0.00642	0.00557	0.03789	0.18897	0.02781	0.24608	0.15423	0.17700	0.00970	0.00531	0.00159	0.00298	0.05799	0.00453	0.00508
20	0.00921	0.02375	0.81487	0.01309	0.01987	0.01066	0.01696	0.01454	0.00969	0.01454	0.00824	0.00969	0.00582	0.00436	0.00436	0.00145	0.00678	0.00339	0.00194	0.00678
21	0.00748	0.18600	0.00982	0.00647	0.02315	0.00736	0.00516	0.00908	0.01080	0.01391	0.26919	0.06962	0.28590	0.01021	0.03760	0.00166	0.00338	0.03478	0.00390	0.00453
22	0.04850	0.01123	0.01250	0.02933	0.04289	0.01237	0.00835	0.46187	0.19049	0.09076	0.01334	0.01381	0.00983	0.00577	0.00459	0.00145	0.00460	0.02645	0.00448	0.00740
23	0.05509	0.01163	0.05685	0.01287	0.01585	0.02751	0.23486	0.14657	0.10408	0.04763	0.01135	0.03040	0.02101	0.00596	0.00700	0.00161	0.17775	0.02260	0.00316	0.00623
24	0.38516	0.05613	0.06747	0.03527	0.01220	0.03270	0.00741	0.19243	0.06050	0.06726	0.02669	0.01075	0.01849	0.00497	0.00375	0.00140	0.00439	0.00350	0.00343	0.00609

[dist]
# distance from previous block
# <min> <max>
1	3

[block]
# block no. 7 follows, 56 sequences, length 32
# corresponding to MSA columns:
# 355-386
name=unknown_H
#
# <colnr> <probs for GDERKNQSTAVLIFYWHMCP>
#	G	D	E	R	K	N	Q	S	T	A	V	L	I	F	Y	W	H	M	C	P
0	0.04169	0.01191	0.16614	0.28749	0.02098	0.01060	0.08410	0.07783	0.07026	0.03554	0.03640	0.01403	0.00901	0.00590	0.01909	0.00165	0.06666	0.03208	0.00276	0.00589
1	0.01293	0.00791	0.01123	0.01255	0.19687	0.02594	0.01800	0.01505	0.03145	0.29064	0.08671	0.12694	0.03745	0.03936	0.00592	0.00164	0.02469	0.04433	0.00419	0.00621
2	0.01070	0.01134	0.02258	0.07763	0.27375	0.01114	0.45130	0.01400	0.01045	0.01442	0.00934	0.03350	0.00759	0.00437	0.00534	0.00151	0.02728	0.00507	0.00233	0.00637
3	0.01320	0.01130	0.01749	0.04565	0.06825	0.10045	0.30405	0.03379	0.03170	0.18297	0.03055	0.03499	0.04660	0.00546	0.00553	0.00150	0.05179	0.00518	0.00332	0.00625
4	0.01101	0.02860	0.01020	0.00986	0.09663	0.00863	0.00702	0.21324	0.08290	0.06575	0.08593	0.04227	0.23906	0.00819	0.00502	0.00151	0.00379	0.07024	0.00426	0.00590
5	0.00644	0.00583	0.04257	0.00756	0.00880	0.00491	0.06570	0.00798	0.00976	0.01291	0.09116	0.43340	0.15281	0.03098	0.00611	0.00183	0.00336	0.09971	0.00404	0.00416
6	0.12907	0.08885	0.01312	0.00936	0.01273	0.02765	0.00779	0.49368	0.06765	0.05063	0.04750	0.01178	0.00938	0.00542	0.00424	0.00136	0.00464	0.00401	0.00414	0.00701
7	0.01085	0.01132	0.07689	0.25314	0.38938	0.03966	0.05929	0.01376	0.01011	0.04439	0.00885	0.01188	0.00705	0.01839	0.00515	0.00149	0.02557	0.00413	0.00232	0.00637
8	0.01030	0.01373	0.28354	0.15698	0.04015	0.00977	0.13446	0.01389	0.02158	0.09514	0.01012	0.01301	0.00780	0.04237	0.08559	0.00221	0.04650	0.00432	0.00254	0.00601
9	0.01066	0.05379	0.23155	0.01381	0.01778	0.11787	0.26812	0.01395	0.01037	0.01368	0.04859	0.01400	0.00936	0.00651	0.04120	0.00176	0.07548	0.04326	0.00242	0.00584
10	0.01025	0.01039	0.03367	0.25258	0.40135	0.01056	0.15479	0.01326	0.01008	0.01389	0.00923	0.04221	0.00771	0.00458	0.00476	0.00146	0.00598	0.00465	0.00228	0.00632
11	0.00956	0.02937	0.51557	0.20974	0.02189	0.01051	0.03398	0.01391	0.00965	0.04318	0.00890	0.01159	0.00663	0.00477	0.00483	0.00150	0.03366	0.02232	0.00217	0.00627
12	0.01008	0.00969	0.01671	0.36110	0.42805	0.01049	0.05174	0.01297	0.00994	0.01356	0.00932	0.01252	0.02480	0.00446	0.00463	0.00145	0.00577	0.00428	0.00222	0.00624
13	0.00945	0.01313	0.23600	0.01233	0.03509	0.00946	0.20703	0.01491	0.16974	0.02624	0.03552	0.01993	0.16518	0.00629	0.00496	0.00153	0.00531	0.01861	0.00320	0.00610
14	0.01011	0.14443	0.60845	0.05335	0.03673	0.01162	0.01494	0.01456	0.00976	0.04360	0.00833	0.00973	0.00608	0.00435	0.00417	0.00138	0.00633	0.00335	0.00209	0.00662
15	0.00657	0.00488	0.00718	0.00718	0.00794	0.00563	0.00549	0.00807	0.00732	0.01051	0.01248	0.01903	0.01191	0.10072	0.75476	0.00714	0.01165	0.00506	0.00249	0.00399
16	0.00921	0.02375	0.81487	0.01309	0.01987	0.01066	0.01696	0.01454	0.00969	0.01454	0.00824	0.00969	0.00582	0.00436	0.00436	0.00145	0.00678	0.00339	0.00194	0.00678
17	0.00921	0.02375	0.81487	0.01309	0.01987	0.01066	0.01696	0.01454	0.00969	0.01454	0.00824	0.00969	0.00582	0.00436	0.00436	0.00145	0.00678	0.00339	0.00194	0.00678
18	0.01372	0.01725	0.21218	0.01160	0.03569	0.25953	0.01048	0.10159	0.21945	0.05608	0.01142	0.01169	0.00852	0.00514	0.00442	0.00139	0.00606	0.00389	0.00326	0.00663
19	0.00794	0.00713	0.00811	0.00796	0.00898	0.11188	0.00615	0.00952	0.00811	0.01073	0.01162	0.01676	0.01075	0.03056	0.71408	0.00657	0.01177	0.00466	0.00245	0.00426
20	0.00644	0.00452	0.00589	0.00662	0.00705	0.00444	0.00478	0.00741	0.00864	0.01146	0.02151	0.35962	0.02473	0.24587	0.04069	0.00286	0.00396	0.22612	0.00377	0.00362
21	0.01073	0.00911	0.00982	0.00900	0.01136	0.01040	0.00704	0.02205	0.68062	0.01874	0.08136	0.02106	0.01725	0.00696	0.00485	0.00159	0.00356	0.06302	0.00467	0.00681
22	0.00867	0.00816	0.01377	0.82762	0.03162	0.01020	0.01275	0.01173	0.00918	0.01173	0.00816	0.01224	0.00612	0.00459	0.00459	0.00153	0.00612	0.00408	0.00204	0.00510
23	0.00585	0.00425	0.00555	0.00652	0.00689	0.00406	0.00439	0.00718	0.04333	0.01205	0.02502	0.80001	0.02965	0.01403	0.00581	0.00185	0.00271	0.01271	0.00428	0.00388
24	0.00972	0.00843	0.01036	0.00741	0.01151	0.00651	0.03982	0.02582	0.00979	0.01520	0.00826	0.00967	0.00683	0.00346	0.00351	0.00073	0.00362	0.00286	0.00274	0.81375
25	0.00707	0.00564	0.00832	0.03736	0.00956	0.00543	0.07415	0.00950	0.03771	0.01610	0.46359	0.11188	0.07040	0.04278	0.00621	0.00169	0.00319	0.08053	0.00441	0.00447
26	0.01192	0.01096	0.04068	0.01009	0.04301	0.04851	0.00785	0.10849	0.51625	0.01919	0.04587	0.01551	0.01286	0.00580	0.00454	0.00143	0.00412	0.00476	0.00420	0.08398
27	0.04439	0.01063	0.01746	0.02578	0.71642	0.01072	0.01314	0.04379	0.01071	0.01562	0.00931	0.04425	0.00813	0.00456	0.00453	0.00139	0.00525	0.00439	0.00246	0.00706
28	0.02866	0.01159	0.08998	0.04428	0.10774	0.01015	0.23429	0.12763	0.01279	0.24401	0.02282	0.01342	0.02060	0.00491	0.00480	0.00145	0.00564	0.00467	0.00362	0.00694
29	0.01058	0.12646	0.60174	0.01234	0.01830	0.04437	0.03470	0.07338	0.01070	0.01502	0.00819	0.00951	0.00601	0.00440	0.00422	0.00138	0.00650	0.00336	0.00217	0.00667
30	0.01134	0.01070	0.01733	0.10239	0.63934	0.03045	0.01318	0.01396	0.01031	0.03281	0.00867	0.01135	0.00716	0.00429	0.00484	0.00137	0.03272	0.00402	0.00234	0.04142
31	0.01062	0.04459	0.03839	0.04845	0.06162	0.08572	0.06202	0.01281	0.04777	0.01222	0.00948	0.01330	0.03665	0.00702	0.01034	0.00175	0.45551	0.03398	0.00237	0.00539

[dist]
# distance from previous block
# <min> <max>
0	51

[block]
# block no. 8 follows, 56 sequences, length 17
# corresponding to MSA columns:
# 440-456
name=unknown_I
#
# <colnr> <probs for GDERKNQSTAVLIFYWHMCP>
#	G	D	E	R	K	N	Q	S	T	A	V	L	I	F	Y	W	H	M	C	P
0	0.01200	0.01092	0.01674	0.09398	0.27839	0.07892	0.15332	0.03428	0.01073	0.09518	0.01078	0.07161	0.00924	0.00560	0.00582	0.00151	0.08580	0.01610	0.00282	0.00626
1	0.00811	0.05566	0.01000	0.00945	0.06700	0.00643	0.07144	0.00967	0.00992	0.06135	0.07602	0.39479	0.07468	0.01074	0.00571	0.00170	0.02482	0.09388	0.00390	0.00470
2	0.01089	0.05855	0.02256	0.00870	0.01099	0.01032	0.00689	0.12084	0.43583	0.01788	0.01766	0.13561	0.01564	0.06735	0.00614	0.00177	0.00389	0.03794	0.00425	0.00629
3	0.01157	0.00980	0.01043	0.00916	0.01187	0.01107	0.00716	0.07857	0.67163	0.01963	0.04427	0.01682	0.01413	0.00612	0.00462	0.00149	0.00367	0.00507	0.00456	0.05837
4	0.00713	0.00610	0.04022	0.00814	0.05580	0.00537	0.00593	0.05562	0.01076	0.01439	0.14084	0.38484	0.13133	0.01151	0.00558	0.00171	0.00321	0.10284	0.00418	0.00448
5	0.58880	0.01038	0.00883	0.05614	0.01154	0.07799	0.00635	0.11613	0.01043	0.06569	0.00783	0.00874	0.00585	0.00456	0.00338	0.00140	0.00431	0.00296	0.00314	0.00554
6	0.01200	0.00985	0.01213	0.03670	0.01358	0.01084	0.07464	0.22192	0.34375	0.02026	0.05669	0.02111	0.01491	0.00693	0.00500	0.00159	0.00445	0.12270	0.00432	0.00663
7	0.00569	0.00416	0.00526	0.00602	0.00650	0.00383	0.00406	0.00657	0.00916	0.01205	0.07464	0.62447	0.14271	0.06355	0.00683	0.00195	0.00269	0.01189	0.00422	0.00373
8	0.66199	0.00905	0.00792	0.00677	0.00976	0.01014	0.00557	0.07136	0.03806	0.12993	0.00878	0.00918	0.00638	0.00462	0.00328	0.00142	0.00371	0.00299	0.00342	0.00565
9	0.01275	0.62333	0.07127	0.00885	0.01266	0.10381	0.00859	0.04674	0.03710	0.01212	0.00718	0.00814	0.00625	0.00426	0.00352	0.00109	0.02137	0.00276	0.00221	0.00599
10	0.00938	0.04631	0.75246	0.01326	0.01985	0.01092	0.05616	0.01453	0.00974	0.01444	0.00824	0.00976	0.00588	0.00432	0.00438	0.00145	0.00678	0.00347	0.00196	0.00673
11	0.00558	0.00441	0.00503	0.00540	0.00643	0.00386	0.00385	0.00668	0.01004	0.01264	0.10092	0.34230	0.45167	0.01248	0.00559	0.00166	0.00244	0.01085	0.00433	0.00386
12	0.01055	0.00902	0.00961	0.00884	0.01114	0.01029	0.00679	0.02174	0.68454	0.01812	0.02046	0.10849	0.04558	0.00733	0.00483	0.00159	0.00348	0.00623	0.00461	0.00675
13	0.21591	0.09432	0.01318	0.13679	0.06317	0.09762	0.00877	0.14727	0.05842	0.01718	0.00835	0.00999	0.00662	0.00508	0.00515	0.00143	0.09851	0.00349	0.00286	0.00589
14	0.00775	0.00677	0.06641	0.04170	0.00810	0.00603	0.00481	0.04882	0.04983	0.01102	0.01378	0.02610	0.01483	0.65372	0.01919	0.00379	0.00468	0.00611	0.00288	0.00368
15	0.36788	0.06294	0.19522	0.04941	0.01339	0.01100	0.00880	0.13237	0.02477	0.01880	0.01081	0.01165	0.06567	0.00505	0.00378	0.00141	0.00465	0.00361	0.00295	0.00584
