[name]
unknown

[dist]
# distance from previous block
# <min> <max>
0	30

[block]
# block no. 0 follows, 52 sequences, length 11
# corresponding to MSA columns:
# 75-85
name=unknown_A
#
# <colnr> <probs for GDERKNQSTAVLIFYWHMCP>
#	G	D	E	R	K	N	Q	S	T	A	V	L	I	F	Y	W	H	M	C	P
0	0.00734	0.00524	0.00727	0.00839	0.00930	0.00517	0.00699	0.00923	0.01069	0.01398	0.02592	0.24513	0.02892	0.01383	0.00657	0.00217	0.00405	0.58101	0.00447	0.00433
1	0.65257	0.00872	0.00774	0.10467	0.01193	0.01001	0.00605	0.01310	0.00877	0.01952	0.01229	0.01335	0.10477	0.00552	0.00357	0.00153	0.00392	0.00378	0.00308	0.00512
2	0.00747	0.10535	0.00851	0.00617	0.00767	0.00629	0.00482	0.00940	0.01253	0.01708	0.56192	0.03380	0.13360	0.05703	0.00650	0.00166	0.00280	0.00810	0.00470	0.00462
3	0.11874	0.01025	0.01140	0.01172	0.10751	0.01162	0.00815	0.02249	0.57485	0.01989	0.03992	0.01660	0.01365	0.00614	0.00470	0.00160	0.00401	0.00508	0.00439	0.00728
4	0.00671	0.00480	0.00605	0.00608	0.00709	0.00439	0.00449	0.00802	0.01146	0.01538	0.37811	0.13634	0.22122	0.01219	0.00744	0.10569	0.00275	0.05314	0.00458	0.00407
5	0.00596	0.00429	0.00565	0.00663	0.00702	0.00399	0.00447	0.00692	0.00965	0.01288	0.08035	0.74268	0.06212	0.01471	0.00614	0.00193	0.00276	0.01330	0.00456	0.00399
6	0.01071	0.01147	0.02255	0.01689	0.02029	0.01182	0.50917	0.01446	0.05257	0.01463	0.01077	0.05017	0.00909	0.00808	0.07230	0.00223	0.14832	0.00577	0.00263	0.00609
7	0.01145	0.01260	0.02392	0.01731	0.02175	0.04718	0.56914	0.01490	0.01108	0.01520	0.00931	0.01221	0.00722	0.00427	0.00581	0.00148	0.04983	0.00502	0.00251	0.15781
8	0.00697	0.00499	0.00677	0.00677	0.00729	0.00551	0.00479	0.00800	0.00749	0.01050	0.01391	0.02419	0.01435	0.35864	0.49125	0.00653	0.00962	0.00595	0.00273	0.00376
9	0.01029	0.00907	0.01176	0.00858	0.01263	0.00743	0.06945	0.03245	0.01036	0.01589	0.00921	0.03350	0.00789	0.00422	0.00438	0.00091	0.03778	0.00351	0.00290	0.70779
10	0.00768	0.00588	0.00728	0.00768	0.00903	0.00586	0.00626	0.01104	0.10951	0.01534	0.12788	0.09165	0.18004	0.02983	0.00652	0.00199	0.00362	0.36357	0.00461	0.00474

[dist]
# distance from previous block
# <min> <max>
1	3

[block]
# block no. 1 follows, 52 sequences, length 38
# corresponding to MSA columns:
# 89-101,121-127,131-143,149-153
name=unknown_B
#
# <colnr> <probs for GDERKNQSTAVLIFYWHMCP>
#	G	D	E	R	K	N	Q	S	T	A	V	L	I	F	Y	W	H	M	C	P
0	0.01039	0.00997	0.01724	0.46767	0.33690	0.01113	0.05029	0.01352	0.01031	0.01390	0.00887	0.01256	0.00698	0.00460	0.00487	0.00155	0.00626	0.00438	0.00226	0.00635
1	0.01319	0.01097	0.01160	0.01009	0.01303	0.01258	0.00794	0.16057	0.65405	0.02210	0.01828	0.01693	0.01363	0.00644	0.00492	0.00161	0.00410	0.00528	0.00492	0.00777
2	0.79304	0.00931	0.00737	0.00644	0.00955	0.01051	0.00529	0.01408	0.00840	0.02125	0.00690	0.00805	0.00541	0.00442	0.00305	0.00143	0.00374	0.00264	0.00299	0.07614
3	0.01334	0.00861	0.01031	0.00805	0.01165	0.00755	0.00640	0.04994	0.11704	0.21859	0.01444	0.08063	0.01155	0.00567	0.00437	0.00118	0.00377	0.00471	0.00417	0.41803
4	0.01148	0.01159	0.02302	0.01700	0.02092	0.01145	0.54038	0.04513	0.04806	0.04570	0.01095	0.01406	0.00851	0.00893	0.11497	0.00248	0.05075	0.00547	0.00280	0.00636
5	0.01091	0.00857	0.00936	0.00847	0.01085	0.00933	0.00658	0.02010	0.49645	0.07056	0.13332	0.02556	0.14094	0.00800	0.00519	0.00163	0.00343	0.01911	0.00498	0.00666
6	0.00585	0.00491	0.00508	0.00504	0.00662	0.00414	0.00378	0.00719	0.01133	0.01377	0.12936	0.04552	0.71680	0.01202	0.00573	0.00162	0.00244	0.01007	0.00459	0.00414
7	0.01051	0.22198	0.61459	0.01247	0.01889	0.01319	0.01556	0.01514	0.01014	0.01438	0.00822	0.00963	0.00616	0.00449	0.00424	0.00141	0.00668	0.00334	0.00205	0.00693
8	0.00718	0.00531	0.00723	0.00697	0.00747	0.00538	0.04502	0.00779	0.00823	0.01106	0.04073	0.20194	0.05499	0.41520	0.06572	0.04409	0.03768	0.02108	0.00332	0.00361
9	0.00590	0.00425	0.00559	0.00666	0.00701	0.00394	0.00446	0.00676	0.00936	0.01240	0.02777	0.78971	0.06818	0.01504	0.00616	0.00195	0.00279	0.01361	0.00450	0.00394
10	0.03702	0.01083	0.01146	0.01000	0.01283	0.03029	0.02194	0.13109	0.58268	0.02127	0.04511	0.03572	0.01474	0.00664	0.00492	0.00161	0.00416	0.00550	0.00477	0.00742
11	0.01199	0.01151	0.01967	0.02974	0.79946	0.01151	0.01487	0.01487	0.01103	0.01583	0.00912	0.01199	0.00768	0.00432	0.00480	0.00144	0.00576	0.00432	0.00240	0.00768
12	0.01037	0.01045	0.01484	0.66816	0.08968	0.09998	0.01311	0.01335	0.01024	0.01259	0.00853	0.01238	0.00653	0.00482	0.00479	0.00156	0.00666	0.00418	0.00221	0.00558
13	0.00611	0.00474	0.00556	0.00575	0.00688	0.00419	0.00416	0.00754	0.01135	0.01475	0.26161	0.25338	0.37189	0.01236	0.00585	0.00169	0.00250	0.01075	0.00474	0.00419
14	0.00827	0.00657	0.00738	0.00726	0.00864	0.02977	0.00540	0.07453	0.09766	0.01671	0.22240	0.29805	0.14681	0.01131	0.00571	0.00172	0.00318	0.03894	0.00473	0.00496
15	0.02015	0.00925	0.02890	0.00906	0.01278	0.00834	0.00757	0.07915	0.10143	0.64148	0.01841	0.01618	0.01191	0.00602	0.00487	0.00151	0.00425	0.00488	0.00571	0.00816
16	0.00590	0.00422	0.00562	0.00675	0.00703	0.00394	0.00450	0.00675	0.00928	0.01237	0.02671	0.82653	0.03205	0.01518	0.00619	0.00197	0.00281	0.01378	0.00450	0.00394
17	0.86392	0.00937	0.00712	0.00637	0.00937	0.01087	0.00525	0.01425	0.00825	0.02174	0.00675	0.00787	0.00525	0.00450	0.00300	0.00150	0.00375	0.00262	0.00300	0.00525
18	0.09165	0.00834	0.01090	0.00844	0.01212	0.00743	0.00697	0.02284	0.01340	0.73798	0.01809	0.01578	0.01144	0.00587	0.00472	0.00150	0.00409	0.00469	0.00575	0.00800
19	0.00911	0.00723	0.00878	0.00878	0.05543	0.00747	0.00631	0.06477	0.20091	0.01926	0.39722	0.04971	0.09174	0.00899	0.00547	0.00160	0.00319	0.04344	0.00491	0.00569
20	0.01122	0.01242	0.02531	0.01844	0.02248	0.01239	0.61121	0.01470	0.01069	0.01488	0.00916	0.01250	0.00718	0.00480	0.00733	0.00167	0.14532	0.00532	0.00242	0.05056
21	0.01314	0.00977	0.01548	0.01203	0.01533	0.00973	0.24512	0.07229	0.17549	0.16038	0.08025	0.01866	0.01432	0.00608	0.00512	0.00156	0.00505	0.03388	0.09959	0.00674
22	0.86392	0.00937	0.00712	0.00637	0.00937	0.01087	0.00525	0.01425	0.00825	0.02174	0.00675	0.00787	0.00525	0.00450	0.00300	0.00150	0.00375	0.00262	0.00300	0.00525
23	0.01132	0.01260	0.02589	0.01889	0.02295	0.01266	0.63627	0.01521	0.03378	0.01505	0.00955	0.01283	0.00741	0.00486	0.00732	0.00171	0.13739	0.00548	0.00247	0.00637
24	0.00740	0.00478	0.00543	0.00537	0.00546	0.00476	0.00304	0.00745	0.00721	0.02866	0.01536	0.03134	0.01748	0.80969	0.02418	0.00462	0.00468	0.00699	0.00301	0.00307
25	0.00590	0.00424	0.00560	0.00670	0.00702	0.00394	0.00448	0.00675	0.00933	0.01239	0.02734	0.80472	0.05345	0.01510	0.00617	0.00196	0.00280	0.01368	0.00450	0.00394
26	0.00686	0.00495	0.00648	0.00610	0.00724	0.00457	0.00457	0.00914	0.01372	0.01943	0.79691	0.03620	0.04572	0.00991	0.00572	0.00152	0.00229	0.00876	0.00533	0.00457
27	0.01296	0.83261	0.02539	0.00829	0.01244	0.01917	0.00829	0.01451	0.00985	0.01140	0.00674	0.00777	0.00622	0.00415	0.00311	0.00104	0.00518	0.00259	0.00207	0.00622
28	0.00903	0.00452	0.00452	0.00452	0.00565	0.00452	0.00339	0.01129	0.01016	0.01807	0.01581	0.01807	0.01242	0.00565	0.00339	0.00113	0.00226	0.00452	0.85659	0.00452
29	0.01018	0.13872	0.69492	0.01304	0.01977	0.01237	0.01655	0.01523	0.01018	0.01479	0.00842	0.00989	0.00615	0.00454	0.00439	0.00146	0.00688	0.00344	0.00205	0.00703
30	0.01265	0.01048	0.01123	0.00998	0.01275	0.01196	0.00791	0.13769	0.61120	0.02133	0.01901	0.02015	0.01490	0.00703	0.00506	0.00166	0.00411	0.06851	0.00488	0.00749
31	0.00694	0.00513	0.00749	0.00749	0.00826	0.00590	0.00569	0.00846	0.00770	0.01103	0.01325	0.02053	0.01276	0.12988	0.71784	0.00742	0.01200	0.00541	0.00264	0.00416
32	0.00943	0.00720	0.00828	0.00805	0.00991	0.00746	0.00642	0.07761	0.20705	0.04008	0.04980	0.12501	0.20827	0.01067	0.00573	0.00181	0.00364	0.20335	0.00469	0.00555
33	0.01789	0.01331	0.01425	0.01104	0.01483	0.01478	0.00908	0.72042	0.08653	0.02969	0.01231	0.01217	0.00879	0.00588	0.00485	0.00147	0.00521	0.00446	0.00485	0.00819
34	0.00962	0.00759	0.00869	0.00789	0.00950	0.03824	0.00622	0.05218	0.10961	0.05622	0.31482	0.03018	0.15049	0.00924	0.00663	0.00164	0.09502	0.05551	0.02535	0.00537
35	0.01173	0.00986	0.01078	0.00802	0.01206	0.07343	0.02290	0.02627	0.01094	0.08069	0.01062	0.01161	0.03005	0.00420	0.00389	0.00088	0.00416	0.00335	0.00317	0.66139
36	0.01304	0.01277	0.02446	0.01776	0.02226	0.02794	0.58179	0.11875	0.02592	0.06802	0.01118	0.03289	0.00847	0.00477	0.00552	0.00160	0.00734	0.00562	0.00309	0.00681
37	0.00708	0.00556	0.00773	0.00803	0.00883	0.00561	0.02786	0.00837	0.00961	0.01297	0.02387	0.49766	0.05351	0.02602	0.00727	0.00199	0.07609	0.15894	0.00411	0.04885

[dist]
# distance from previous block
# <min> <max>
1	37

[block]
# block no. 2 follows, 52 sequences, length 24
# corresponding to MSA columns:
# 191-214
name=unknown_C
#
# <colnr> <probs for GDERKNQSTAVLIFYWHMCP>
#	G	D	E	R	K	N	Q	S	T	A	V	L	I	F	Y	W	H	M	C	P
0	0.01192	0.00954	0.01254	0.01207	0.13191	0.03027	0.03719	0.03181	0.08813	0.10469	0.10316	0.01558	0.02431	0.00563	0.00547	0.00129	0.07116	0.00462	0.00362	0.29511
1	0.06575	0.01124	0.01865	0.01370	0.01797	0.01064	0.35189	0.08196	0.08968	0.05000	0.01082	0.01246	0.00818	0.00446	0.00480	0.00136	0.00584	0.00459	0.00320	0.23283
2	0.01065	0.00996	0.01590	0.40213	0.31481	0.01124	0.01310	0.01534	0.12911	0.01486	0.01049	0.01336	0.00818	0.00491	0.00484	0.00155	0.00580	0.00449	0.00267	0.00658
3	0.01447	0.01117	0.01151	0.00989	0.01288	0.05859	0.00780	0.13983	0.49854	0.12599	0.01865	0.01727	0.03839	0.00647	0.00490	0.00157	0.00435	0.00524	0.00490	0.00760
4	0.00696	0.00480	0.00629	0.00607	0.00703	0.00445	0.00444	0.00841	0.01214	0.01688	0.57742	0.07695	0.09691	0.01143	0.00776	0.13212	0.00262	0.00846	0.00473	0.00412
5	0.01073	0.01098	0.01694	0.01390	0.01464	0.01445	0.12804	0.01225	0.00803	0.01225	0.00689	0.01098	0.00651	0.00781	0.01435	0.00205	0.69708	0.00447	0.00217	0.00549
6	0.00747	0.00595	0.00825	0.00952	0.12776	0.00556	0.00601	0.00969	0.01291	0.01793	0.56392	0.03409	0.15356	0.00941	0.00558	0.00153	0.00284	0.00831	0.00476	0.00497
7	0.00641	0.00429	0.00576	0.00656	0.00683	0.00406	0.00437	0.00684	0.00896	0.01202	0.06863	0.61148	0.02844	0.06114	0.00914	0.13259	0.00310	0.01164	0.00409	0.00364
8	0.01047	0.01280	0.13509	0.01289	0.01398	0.01430	0.01171	0.01222	0.00785	0.01222	0.00672	0.01055	0.00633	0.00789	0.01418	0.00203	0.69693	0.00414	0.00211	0.00558
9	0.01570	0.10288	0.01360	0.01087	0.01344	0.58649	0.00838	0.03627	0.01315	0.01247	0.01385	0.01448	0.12677	0.00604	0.00446	0.00129	0.00733	0.00418	0.00282	0.00551
10	0.01842	0.01357	0.01454	0.01115	0.01503	0.01503	0.00921	0.78330	0.02278	0.03054	0.01163	0.01163	0.00824	0.00582	0.00485	0.00145	0.00533	0.00436	0.00485	0.00824
11	0.01007	0.02300	0.68507	0.01624	0.13951	0.01129	0.01744	0.01527	0.01035	0.01542	0.00876	0.01050	0.00637	0.00456	0.00463	0.00152	0.00695	0.00369	0.00210	0.00724
12	0.01033	0.01103	0.02261	0.01678	0.02034	0.01091	0.54571	0.01355	0.01026	0.01414	0.01044	0.01504	0.00872	0.05865	0.14838	0.00293	0.06627	0.00560	0.00248	0.00585
13	0.01005	0.00861	0.01005	0.00718	0.01148	0.00646	0.00574	0.01220	0.01005	0.01579	0.00861	0.01005	0.00718	0.00359	0.00359	0.00072	0.00359	0.00287	0.00287	0.85932
14	0.02083	0.00805	0.01095	0.00847	0.01206	0.00697	0.00697	0.02273	0.01386	0.75478	0.06681	0.01770	0.01406	0.00624	0.00492	0.00150	0.00401	0.00511	0.00596	0.00802
15	0.01677	0.01275	0.01361	0.01082	0.01440	0.01426	0.00881	0.58697	0.22181	0.02788	0.01373	0.01331	0.00994	0.00601	0.00487	0.00150	0.00494	0.00465	0.00487	0.00809
16	0.00782	0.00590	0.00721	0.00672	0.00814	0.00588	0.00509	0.01210	0.14959	0.01955	0.64162	0.03258	0.03949	0.00922	0.00552	0.00154	0.00256	0.00808	0.02629	0.00511
17	0.00705	0.00470	0.00529	0.00529	0.00529	0.00470	0.00294	0.00705	0.00705	0.00940	0.01527	0.03171	0.01762	0.82969	0.02467	0.00470	0.00470	0.00705	0.00294	0.00294
18	0.01871	0.01232	0.01367	0.01057	0.01435	0.01327	0.00870	0.58622	0.06621	0.18494	0.01361	0.01299	0.00938	0.00590	0.00486	0.00147	0.00500	0.00453	0.00508	0.00821
19	0.00603	0.00489	0.00538	0.00565	0.00691	0.00433	0.00408	0.00760	0.03603	0.01340	0.07429	0.26778	0.52092	0.01281	0.00583	0.00173	0.00259	0.01102	0.00455	0.00418
20	0.00589	0.00427	0.00557	0.00661	0.00699	0.00395	0.00444	0.00676	0.00941	0.01242	0.02834	0.76983	0.08770	0.01497	0.00615	0.00194	0.00279	0.01352	0.00450	0.00395
21	0.01087	0.31218	0.52755	0.01185	0.01794	0.01407	0.01449	0.01505	0.01009	0.01394	0.00800	0.00936	0.00617	0.00444	0.00407	0.00136	0.00646	0.00323	0.00206	0.00683
22	0.01493	0.01329	0.01248	0.01065	0.01371	0.13262	0.00840	0.25905	0.43677	0.02219	0.01539	0.01469	0.01149	0.00610	0.00482	0.00153	0.00503	0.00478	0.00454	0.00754
23	0.66313	0.01043	0.02954	0.00727	0.01047	0.05721	0.00611	0.01600	0.00948	0.13992	0.00873	0.00930	0.00636	0.00476	0.00341	0.00149	0.00419	0.00302	0.00340	0.00578

[dist]
# distance from previous block
# <min> <max>
1	22

[block]
# block no. 3 follows, 52 sequences, length 23
# corresponding to MSA columns:
# 237-259
name=unknown_D
#
# <colnr> <probs for GDERKNQSTAVLIFYWHMCP>
#	G	D	E	R	K	N	Q	S	T	A	V	L	I	F	Y	W	H	M	C	P
0	0.01199	0.01151	0.01967	0.02974	0.79946	0.01151	0.01487	0.01487	0.01103	0.01583	0.00912	0.01199	0.00768	0.00432	0.00480	0.00144	0.00576	0.00432	0.00240	0.00768
1	0.01161	0.01171	0.01502	0.01219	0.01518	0.11916	0.21363	0.03080	0.29442	0.01729	0.11637	0.02042	0.07408	0.00665	0.00525	0.00158	0.00539	0.01890	0.00395	0.00638
2	0.00615	0.00493	0.00550	0.00536	0.00681	0.00427	0.00402	0.00778	0.01205	0.01547	0.33006	0.04272	0.51504	0.01138	0.00572	0.00159	0.00239	0.00968	0.00481	0.00427
3	0.01187	0.00957	0.01138	0.00862	0.01220	0.00894	0.00699	0.11281	0.03963	0.05713	0.00963	0.01094	0.00772	0.00477	0.00554	0.00108	0.11510	0.00345	0.00326	0.55938
4	0.00609	0.00440	0.00576	0.00653	0.00705	0.00407	0.00447	0.00723	0.01025	0.01381	0.18104	0.62986	0.07351	0.01399	0.00607	0.00186	0.00269	0.01260	0.00466	0.00407
5	0.00841	0.00538	0.00648	0.00595	0.00765	0.00472	0.00455	0.01021	0.01264	0.12309	0.38504	0.03780	0.34914	0.01035	0.00561	0.00157	0.00260	0.00884	0.00508	0.00487
6	0.01973	0.00870	0.01119	0.00888	0.01242	0.00815	0.00724	0.02406	0.17537	0.64013	0.01924	0.01682	0.01258	0.00612	0.00489	0.00153	0.00406	0.00500	0.00578	0.00813
7	0.01296	0.83261	0.02539	0.00829	0.01244	0.01917	0.00829	0.01451	0.00985	0.01140	0.00674	0.00777	0.00622	0.00415	0.00311	0.00104	0.00518	0.00259	0.00207	0.00622
8	0.55870	0.01202	0.01034	0.00872	0.01188	0.13298	0.05313	0.08768	0.01094	0.06308	0.00817	0.00914	0.00617	0.00475	0.00365	0.00147	0.00494	0.00317	0.00323	0.00583
9	0.00588	0.00430	0.00554	0.00653	0.00697	0.00395	0.00440	0.00677	0.00949	0.01246	0.02938	0.73332	0.12353	0.01483	0.00613	0.00193	0.00277	0.01335	0.00450	0.00395
10	0.00705	0.00470	0.00529	0.00529	0.00529	0.00470	0.00294	0.00705	0.00705	0.00940	0.01527	0.03171	0.01762	0.82969	0.02467	0.00470	0.00470	0.00705	0.00294	0.00294
11	0.01296	0.83261	0.02539	0.00829	0.01244	0.01917	0.00829	0.01451	0.00985	0.01140	0.00674	0.00777	0.00622	0.00415	0.00311	0.00104	0.00518	0.00259	0.00207	0.00622
12	0.00598	0.00427	0.00571	0.00684	0.00715	0.00400	0.00464	0.00688	0.00936	0.01246	0.02667	0.79435	0.03188	0.01511	0.00621	0.00198	0.00288	0.04517	0.00450	0.00396
13	0.00595	0.00424	0.00561	0.00669	0.00696	0.00397	0.00444	0.00676	0.00919	0.01225	0.02626	0.79560	0.03149	0.04688	0.00690	0.00207	0.00288	0.01351	0.00444	0.00390
14	0.00767	0.00551	0.00764	0.00871	0.00982	0.00547	0.00756	0.00983	0.01109	0.01438	0.02655	0.07838	0.05613	0.01340	0.00664	0.00220	0.00434	0.71578	0.00446	0.00443
15	0.00732	0.00529	0.00705	0.00765	0.00862	0.00513	0.01916	0.00940	0.05409	0.03618	0.02736	0.44538	0.10067	0.01390	0.02214	0.00209	0.00361	0.21601	0.00448	0.00448
16	0.01175	0.01127	0.01923	0.09676	0.73434	0.01145	0.01475	0.01466	0.01092	0.01554	0.00907	0.01207	0.00757	0.00436	0.00480	0.00145	0.00582	0.00432	0.00238	0.00748
17	0.00726	0.00529	0.00712	0.00810	0.00915	0.00514	0.00680	0.00916	0.01086	0.01400	0.02871	0.17133	0.12337	0.01352	0.00650	0.00212	0.00396	0.55880	0.00447	0.00434
18	0.04396	0.01146	0.01173	0.00991	0.01293	0.05448	0.00786	0.26681	0.35970	0.06143	0.04444	0.04928	0.01345	0.00657	0.00486	0.00154	0.00448	0.00528	0.00471	0.02510
19	0.05901	0.01371	0.01452	0.01143	0.01494	0.18448	0.10948	0.21830	0.03606	0.06372	0.01015	0.01127	0.00774	0.00569	0.02226	0.00146	0.03399	0.00396	0.00347	0.17437
20	0.00864	0.00658	0.00781	0.00714	0.00840	0.00701	0.00538	0.01129	0.10348	0.06323	0.14554	0.03146	0.26789	0.17269	0.01084	0.00229	0.12383	0.00759	0.00411	0.00480
21	0.00694	0.00513	0.00749	0.00749	0.00825	0.00590	0.00568	0.00846	0.00770	0.01103	0.01325	0.02055	0.01277	0.13116	0.71657	0.00742	0.01199	0.00541	0.00264	0.00416
22	0.01244	0.01051	0.01244	0.01096	0.03168	0.01174	0.06549	0.05497	0.62862	0.05011	0.01931	0.01815	0.03848	0.00646	0.00501	0.00162	0.00423	0.00555	0.00471	0.00752

[dist]
# distance from previous block
# <min> <max>
2	4

[block]
# block no. 4 follows, 52 sequences, length 12
# corresponding to MSA columns:
# 264-275
name=unknown_E
#
# <colnr> <probs for GDERKNQSTAVLIFYWHMCP>
#	G	D	E	R	K	N	Q	S	T	A	V	L	I	F	Y	W	H	M	C	P
0	0.03134	0.01042	0.01140	0.00992	0.01284	0.01176	0.02720	0.07225	0.64570	0.04575	0.01907	0.01773	0.03114	0.00646	0.00489	0.00160	0.00401	0.00538	0.00480	0.02633
1	0.01207	0.01179	0.01916	0.07233	0.72776	0.04170	0.01459	0.01491	0.01106	0.01549	0.00903	0.01192	0.00756	0.00437	0.00478	0.00144	0.00591	0.00427	0.00239	0.00747
2	0.00843	0.00546	0.00620	0.00581	0.00760	0.00479	0.00443	0.01023	0.03038	0.12430	0.15804	0.08176	0.47892	0.01079	0.00552	0.00160	0.00271	0.00911	0.03910	0.00484
3	0.00972	0.02507	0.80458	0.01381	0.02097	0.01125	0.01790	0.01535	0.01023	0.01535	0.00870	0.01023	0.00614	0.00460	0.00460	0.00153	0.00716	0.00358	0.00205	0.00716
4	0.01798	0.01189	0.01311	0.01015	0.01379	0.01275	0.00835	0.58700	0.02021	0.15842	0.01482	0.01437	0.04614	0.00614	0.00483	0.00146	0.00486	0.00473	0.04110	0.00789
5	0.01148	0.01099	0.01874	0.17262	0.66061	0.01138	0.01462	0.01442	0.01079	0.01521	0.00902	0.01216	0.00746	0.00441	0.00481	0.00147	0.00588	0.00432	0.00235	0.00726
6	0.86392	0.00937	0.00712	0.00637	0.00937	0.01087	0.00525	0.01425	0.00825	0.02174	0.00675	0.00787	0.00525	0.00450	0.00300	0.00150	0.00375	0.00262	0.00300	0.00525
7	0.01169	0.00875	0.01079	0.00791	0.01200	0.00697	0.03001	0.04448	0.01104	0.11123	0.01069	0.04034	0.00870	0.00440	0.00395	0.00092	0.00384	0.00365	0.00337	0.66526
8	0.00915	0.00861	0.01453	0.81804	0.03338	0.01077	0.01346	0.01238	0.00969	0.01238	0.00861	0.01292	0.00646	0.00484	0.00484	0.00161	0.00646	0.00431	0.00215	0.00538
9	0.00703	0.00475	0.00557	0.00557	0.00567	0.00485	0.00329	0.00723	0.00713	0.00961	0.01501	0.03026	0.01699	0.73871	0.11479	0.00505	0.00565	0.00683	0.00290	0.00310
10	0.00952	0.02366	0.74890	0.01327	0.02002	0.01079	0.01697	0.01491	0.01047	0.01563	0.06369	0.01204	0.00890	0.00497	0.00468	0.00153	0.00682	0.00394	0.00228	0.00698
11	0.00614	0.00464	0.00566	0.00612	0.00688	0.00439	0.00426	0.00712	0.00934	0.01205	0.03036	0.36079	0.26992	0.12320	0.12320	0.00305	0.00439	0.01055	0.00402	0.00391

[dist]
# distance from previous block
# <min> <max>
0	16

[block]
# block no. 5 follows, 52 sequences, length 53
# corresponding to MSA columns:
# 292-304,307-336,342-351
name=unknown_F
#
# <colnr> <probs for GDERKNQSTAVLIFYWHMCP>
#	G	D	E	R	K	N	Q	S	T	A	V	L	I	F	Y	W	H	M	C	P
0	0.66753	0.00994	0.00794	0.00702	0.00993	0.06398	0.00568	0.01526	0.02319	0.08680	0.05734	0.01060	0.00858	0.00503	0.00345	0.00149	0.00403	0.00328	0.00340	0.00553
1	0.01296	0.83261	0.02539	0.00829	0.01244	0.01917	0.00829	0.01451	0.00985	0.01140	0.00674	0.00777	0.00622	0.00415	0.00311	0.00104	0.00518	0.00259	0.00207	0.00622
2	0.00698	0.00467	0.00531	0.00538	0.00539	0.00465	0.00303	0.00703	0.00719	0.00958	0.01598	0.08127	0.01852	0.77891	0.02351	0.00453	0.00458	0.00747	0.00303	0.00300
3	0.00785	0.00456	0.00523	0.00537	0.00633	0.00441	0.00391	0.00982	0.01085	0.01722	0.21040	0.19034	0.02470	0.00867	0.00454	0.00140	0.00238	0.00748	0.47013	0.00441
4	0.00626	0.00493	0.00565	0.00547	0.00687	0.00432	0.00410	0.00799	0.01231	0.01609	0.40318	0.04169	0.44154	0.01115	0.00572	0.00158	0.00237	0.00953	0.00490	0.00432
5	0.01199	0.01151	0.01967	0.02974	0.79946	0.01151	0.01487	0.01487	0.01103	0.01583	0.00912	0.01199	0.00768	0.00432	0.00480	0.00144	0.00576	0.00432	0.00240	0.00768
6	0.00589	0.00429	0.00555	0.00656	0.00698	0.00395	0.00442	0.00677	0.00946	0.01244	0.02898	0.74729	0.10982	0.01489	0.00614	0.00193	0.00278	0.01342	0.00450	0.00395
7	0.86392	0.00937	0.00712	0.00637	0.00937	0.01087	0.00525	0.01425	0.00825	0.02174	0.00675	0.00787	0.00525	0.00450	0.00300	0.00150	0.00375	0.00262	0.00300	0.00525
8	0.01681	0.01234	0.01311	0.01047	0.01395	0.02919	0.00851	0.51137	0.20321	0.07929	0.01411	0.01365	0.01015	0.00599	0.00481	0.00149	0.00486	0.00464	0.03411	0.00793
9	0.00676	0.00495	0.00634	0.00599	0.00718	0.00453	0.00449	0.00895	0.01348	0.01887	0.73059	0.03712	0.11239	0.01012	0.00572	0.00153	0.00230	0.00889	0.00526	0.00453
10	0.01289	0.01195	0.01135	0.01019	0.01293	0.10455	0.00790	0.04094	0.68458	0.01951	0.01814	0.01686	0.01366	0.00638	0.00486	0.00159	0.00443	0.00518	0.00465	0.00744
11	0.00732	0.00536	0.00714	0.00790	0.00907	0.00518	0.00668	0.00937	0.01141	0.01486	0.12858	0.07379	0.14538	0.01282	0.00641	0.00204	0.00383	0.53387	0.00458	0.00441
12	0.04956	0.01409	0.01317	0.01105	0.01413	0.19379	0.02811	0.39140	0.05519	0.03918	0.01311	0.01773	0.01099	0.00671	0.00497	0.00154	0.00589	0.11836	0.00415	0.00689
13	0.01224	0.01500	0.16108	0.01724	0.02204	0.01258	0.47340	0.12583	0.01263	0.02937	0.00978	0.01225	0.00727	0.00475	0.00607	0.00162	0.06222	0.00504	0.00276	0.00683
14	0.01761	0.02064	0.01382	0.01225	0.01470	0.64185	0.00938	0.08811	0.01401	0.04067	0.00817	0.00943	0.00663	0.00540	0.00543	0.00135	0.07843	0.00339	0.00280	0.00592
15	0.00703	0.00472	0.00537	0.00534	0.00542	0.00469	0.00305	0.00719	0.00750	0.01007	0.06787	0.03201	0.01951	0.77452	0.02339	0.00448	0.00454	0.00716	0.00310	0.00305
16	0.01193	0.01145	0.01956	0.04636	0.78331	0.01150	0.01484	0.01482	0.01101	0.01576	0.00910	0.01201	0.00765	0.00433	0.00480	0.00144	0.00577	0.00432	0.00239	0.00763
17	0.86392	0.00937	0.00712	0.00637	0.00937	0.01087	0.00525	0.01425	0.00825	0.02174	0.00675	0.00787	0.00525	0.00450	0.00300	0.00150	0.00375	0.00262	0.00300	0.00525
18	0.00626	0.00493	0.00565	0.00547	0.00687	0.00432	0.00410	0.00799	0.01230	0.01608	0.40155	0.04172	0.44318	0.01116	0.00572	0.00158	0.00238	0.00954	0.00489	0.00432
19	0.00589	0.00426	0.00557	0.00662	0.00700	0.00395	0.00444	0.00676	0.00940	0.01242	0.02822	0.77404	0.08357	0.01499	0.00615	0.00195	0.00279	0.01354	0.00450	0.00395
20	0.00653	0.00494	0.00602	0.00575	0.00704	0.00443	0.00431	0.00851	0.01294	0.01758	0.57896	0.03924	0.26482	0.01060	0.00572	0.00156	0.00234	0.00919	0.00509	0.00443
21	0.00972	0.02507	0.80458	0.01381	0.02097	0.01125	0.01790	0.01535	0.01023	0.01535	0.00870	0.01023	0.00614	0.00460	0.00460	0.00153	0.00716	0.00358	0.00205	0.00716
22	0.00764	0.00517	0.00649	0.00604	0.00745	0.00465	0.00457	0.00969	0.01321	0.07092	0.59876	0.03691	0.19003	0.01011	0.00566	0.00154	0.00244	0.00879	0.00522	0.00473
23	0.00972	0.02507	0.80458	0.01381	0.02097	0.01125	0.01790	0.01535	0.01023	0.01535	0.00870	0.01023	0.00614	0.00460	0.00460	0.00153	0.00716	0.00358	0.00205	0.00716
24	0.00692	0.00519	0.00779	0.00779	0.00865	0.00606	0.00606	0.00865	0.00779	0.01125	0.01298	0.01904	0.01211	0.03634	0.81049	0.00779	0.01298	0.00519	0.00260	0.00433
25	0.06275	0.00897	0.01463	0.68262	0.11430	0.01085	0.01310	0.01277	0.00974	0.01334	0.00855	0.01251	0.00652	0.00477	0.00472	0.00159	0.00622	0.00420	0.00223	0.00562
26	0.01077	0.00904	0.01044	0.00752	0.01179	0.00720	0.00604	0.07882	0.01115	0.01707	0.00887	0.01019	0.00727	0.00378	0.00370	0.00078	0.00374	0.00300	0.00304	0.78579
27	0.00896	0.00458	0.00472	0.00479	0.00592	0.00458	0.00366	0.01121	0.01022	0.01784	0.01642	0.02035	0.01339	0.00613	0.00359	0.00120	0.00240	0.05205	0.80346	0.00451
28	0.00729	0.03362	0.00721	0.00643	0.00777	0.00545	0.00496	0.00996	0.05228	0.01793	0.55704	0.06487	0.11760	0.01013	0.00563	0.00158	0.00265	0.06100	0.02190	0.00470
29	0.00687	0.00518	0.00640	0.00622	0.00751	0.00482	0.00475	0.00933	0.04298	0.01755	0.52813	0.06039	0.20307	0.01069	0.00577	0.00162	0.00256	0.06656	0.00505	0.00456
30	0.01084	0.00753	0.00913	0.00719	0.01042	0.00600	0.00554	0.01258	0.01027	0.13054	0.01377	0.15524	0.01294	0.06157	0.00565	0.00132	0.00361	0.00535	0.00362	0.52690
31	0.20971	0.01144	0.01110	0.00941	0.02798	0.10214	0.00736	0.20346	0.06273	0.22549	0.01372	0.01404	0.03234	0.04183	0.00528	0.00161	0.00485	0.00432	0.00432	0.00686
32	0.02775	0.01026	0.01044	0.00940	0.01160	0.13225	0.00751	0.17756	0.01348	0.13423	0.01584	0.07616	0.01447	0.03439	0.16719	0.00295	0.00685	0.13770	0.00403	0.00592
33	0.01043	0.00515	0.00570	0.00529	0.00677	0.00500	0.00406	0.02542	0.01122	0.11023	0.10565	0.01985	0.01612	0.00618	0.00385	0.00122	0.00253	0.00504	0.64526	0.00502
34	0.00875	0.00451	0.00652	0.00640	0.00660	0.00450	0.00433	0.02318	0.00700	0.02198	0.02178	0.01593	0.02363	0.03175	0.01808	0.78167	0.00418	0.00446	0.00234	0.00242
35	0.16932	0.17457	0.48216	0.01134	0.01700	0.04008	0.01345	0.01512	0.00991	0.01567	0.00792	0.00928	0.00599	0.00451	0.00402	0.00142	0.00621	0.00320	0.00224	0.00658
36	0.00641	0.00458	0.00620	0.00732	0.00782	0.00437	0.00537	0.00762	0.00977	0.01293	0.02643	0.62310	0.03095	0.01471	0.00632	0.00204	0.00325	0.21225	0.00449	0.00407
37	0.00654	0.00489	0.00621	0.00702	0.00797	0.00456	0.00546	0.00798	0.01043	0.01333	0.03245	0.33781	0.23973	0.01375	0.00624	0.00197	0.00330	0.28170	0.00449	0.00417
38	0.00937	0.00880	0.01484	0.73245	0.09941	0.01072	0.01346	0.01255	0.00984	0.01273	0.00902	0.01372	0.00702	0.00498	0.00488	0.00161	0.00636	0.02047	0.00222	0.00556
39	0.00972	0.02507	0.80458	0.01381	0.02097	0.01125	0.01790	0.01535	0.01023	0.01535	0.00870	0.01023	0.00614	0.00460	0.00460	0.00153	0.00716	0.00358	0.00205	0.00716
40	0.00733	0.00504	0.00581	0.00584	0.00611	0.00510	0.00364	0.00823	0.04264	0.01076	0.05067	0.03328	0.01961	0.68649	0.02140	0.00421	0.00453	0.07270	0.00326	0.00335
41	0.00647	0.00449	0.00597	0.00686	0.00739	0.00419	0.00480	0.00757	0.00994	0.02994	0.08985	0.65937	0.05492	0.01433	0.00615	0.00193	0.00292	0.07418	0.00460	0.00413
42	0.01139	0.01292	0.02774	0.01994	0.02454	0.01242	0.73377	0.01528	0.01119	0.01528	0.00959	0.01292	0.00729	0.00436	0.00635	0.00166	0.05884	0.00563	0.00243	0.00646
43	0.77410	0.00982	0.00791	0.00688	0.00997	0.01131	0.00567	0.09595	0.00979	0.02268	0.00727	0.00827	0.00557	0.00464	0.00320	0.00149	0.00392	0.00281	0.00320	0.00557
44	0.00693	0.00466	0.00534	0.00545	0.00549	0.00462	0.00312	0.00706	0.00739	0.00988	0.03112	0.11054	0.01958	0.73356	0.02248	0.00437	0.00447	0.00775	0.00314	0.00307
45	0.00615	0.00441	0.00579	0.00680	0.00718	0.00416	0.00458	0.02196	0.00957	0.01274	0.02680	0.79700	0.04490	0.01495	0.00615	0.00195	0.00285	0.01353	0.00451	0.00402
46	0.83332	0.00987	0.00736	0.00659	0.00957	0.03980	0.00540	0.01443	0.00845	0.02138	0.00677	0.00790	0.00528	0.00452	0.00305	0.00149	0.00393	0.00264	0.00298	0.00526
47	0.01525	0.01211	0.01224	0.00994	0.01317	0.08875	0.00806	0.43589	0.04794	0.04963	0.04954	0.03210	0.06074	0.00684	0.00493	0.00145	0.00499	0.05743	0.00445	0.08455
48	0.01399	0.01027	0.01089	0.00910	0.01182	0.08588	0.04076	0.15913	0.18705	0.12496	0.06476	0.01652	0.01329	0.00602	0.00455	0.00140	0.00434	0.00490	0.20237	0.02800
49	0.03938	0.00533	0.00661	0.00630	0.00763	0.00504	0.00483	0.00979	0.03116	0.03034	0.61822	0.03656	0.11344	0.01001	0.00564	0.00158	0.00256	0.05581	0.00511	0.00467
50	0.04493	0.01106	0.01457	0.01100	0.01485	0.03110	0.14424	0.26117	0.01482	0.09619	0.02993	0.05291	0.01006	0.00542	0.00467	0.00131	0.00508	0.00472	0.00386	0.23810
51	0.04646	0.01479	0.01347	0.01398	0.15060	0.29612	0.00942	0.11192	0.08841	0.04386	0.08286	0.01430	0.02973	0.00598	0.00540	0.00145	0.05688	0.00450	0.00343	0.00643
52	0.01186	0.08358	0.08764	0.01304	0.01680	0.06962	0.26349	0.04253	0.14317	0.05700	0.02978	0.06843	0.07845	0.00630	0.00512	0.00155	0.00589	0.00589	0.00343	0.00643

[dist]
# distance from previous block
# <min> <max>
7	23

[block]
# block no. 6 follows, 52 sequences, length 28
# corresponding to MSA columns:
# 379-384,387-390,403-420
name=unknown_G
#
# <colnr> <probs for GDERKNQSTAVLIFYWHMCP>
#	G	D	E	R	K	N	Q	S	T	A	V	L	I	F	Y	W	H	M	C	P
0	0.00884	0.00663	0.00990	0.00977	0.01116	0.00685	0.06451	0.01093	0.01083	0.05526	0.02357	0.09582	0.06322	0.01191	0.00733	0.00209	0.08269	0.50968	0.00417	0.00484
1	0.01605	0.09875	0.01767	0.01350	0.01659	0.52578	0.15560	0.03888	0.02830	0.01318	0.00818	0.00977	0.00668	0.00488	0.00481	0.00134	0.02787	0.00367	0.00255	0.00595
2	0.01138	0.43937	0.40482	0.01098	0.01659	0.01532	0.01297	0.01492	0.01003	0.01332	0.00769	0.00897	0.00618	0.00437	0.00384	0.00128	0.00615	0.00307	0.00206	0.00668
3	0.00663	0.00548	0.00583	0.00580	0.00727	0.02100	0.00438	0.02706	0.01177	0.01475	0.19099	0.10842	0.51367	0.01180	0.00576	0.00166	0.00275	0.04604	0.00463	0.00432
4	0.00693	0.00516	0.00760	0.00760	0.00840	0.00596	0.00583	0.00853	0.00773	0.01111	0.01315	0.01998	0.01252	0.09523	0.75216	0.00756	0.01237	0.00533	0.00262	0.00422
5	0.01182	0.01432	0.15432	0.01581	0.02044	0.01203	0.40098	0.08752	0.16720	0.01790	0.01196	0.01363	0.00888	0.00488	0.00521	0.00159	0.00667	0.00514	0.03273	0.00695
6	0.01005	0.00861	0.01005	0.00718	0.01148	0.00646	0.00574	0.01220	0.01005	0.01579	0.00861	0.01005	0.00718	0.00359	0.00359	0.00072	0.00359	0.00287	0.00287	0.85932
7	0.00698	0.00557	0.00643	0.00678	0.00821	0.00530	0.00536	0.00972	0.09019	0.01413	0.03670	0.14210	0.40538	0.01237	0.00598	0.00185	0.00321	0.22466	0.00453	0.00454
8	0.01296	0.83261	0.02539	0.00829	0.01244	0.01917	0.00829	0.01451	0.00985	0.01140	0.00674	0.00777	0.00622	0.00415	0.00311	0.00104	0.00518	0.00259	0.00207	0.00622
9	0.01205	0.01041	0.01096	0.00986	0.01260	0.01205	0.00767	0.02575	0.79071	0.02027	0.01972	0.01808	0.01479	0.00657	0.00493	0.00164	0.00384	0.00548	0.00493	0.00767
10	0.00613	0.00510	0.00537	0.00527	0.00686	0.00444	0.00396	0.00795	0.03759	0.01439	0.17316	0.04394	0.64558	0.01169	0.00570	0.00162	0.00247	0.00982	0.00465	0.00429
11	0.01190	0.01260	0.01831	0.01572	0.07899	0.12562	0.23388	0.01408	0.00994	0.02938	0.00864	0.01210	0.00740	0.00900	0.08647	0.00233	0.31074	0.00462	0.00242	0.00586
12	0.01144	0.01307	0.02859	0.02042	0.02533	0.01225	0.78186	0.01552	0.01144	0.01552	0.00980	0.01307	0.00735	0.00408	0.00572	0.00163	0.00817	0.00572	0.00245	0.00654
13	0.00692	0.00519	0.00779	0.00779	0.00865	0.00606	0.00606	0.00865	0.00779	0.01125	0.01298	0.01904	0.01211	0.03634	0.81049	0.00779	0.01298	0.00519	0.00260	0.00433
14	0.00590	0.00422	0.00562	0.00675	0.00703	0.00394	0.00450	0.00675	0.00928	0.01237	0.02671	0.82653	0.03205	0.01518	0.00619	0.00197	0.00281	0.01378	0.00450	0.00394
15	0.01006	0.10993	0.72269	0.01323	0.02008	0.01209	0.01689	0.01526	0.01019	0.01493	0.00849	0.00997	0.00615	0.00456	0.00445	0.00148	0.00695	0.00348	0.00205	0.00706
16	0.01077	0.01077	0.01666	0.01363	0.01459	0.01385	0.14125	0.03080	0.00859	0.01295	0.00786	0.03344	0.00743	0.00778	0.01333	0.00199	0.62034	0.00476	0.02368	0.00553
17	0.00699	0.00471	0.00527	0.00527	0.00534	0.00467	0.00297	0.00704	0.00722	0.00956	0.01677	0.03237	0.05223	0.79341	0.02382	0.00456	0.00460	0.00719	0.00301	0.00299
18	0.17258	0.01083	0.01071	0.00933	0.01222	0.03947	0.00737	0.15701	0.41457	0.04787	0.01578	0.05649	0.01235	0.00642	0.00460	0.00158	0.00421	0.00507	0.00448	0.00707
19	0.01414	0.01292	0.01364	0.01148	0.01425	0.25908	0.14238	0.03594	0.01270	0.15720	0.01835	0.06415	0.10120	0.00757	0.00528	0.00159	0.00610	0.11234	0.00379	0.00590
20	0.00695	0.00510	0.00732	0.00732	0.00802	0.00580	0.00547	0.00835	0.00765	0.01090	0.01341	0.02142	0.01315	0.18527	0.66298	0.00721	0.01143	0.00554	0.00266	0.00407
21	0.00915	0.00861	0.01453	0.81804	0.03338	0.01077	0.01346	0.01238	0.00969	0.01238	0.00861	0.01292	0.00646	0.00484	0.00484	0.00161	0.00646	0.00431	0.00215	0.00538
22	0.01199	0.01151	0.01967	0.02974	0.79946	0.01151	0.01487	0.01487	0.01103	0.01583	0.00912	0.01199	0.00768	0.00432	0.00480	0.00144	0.00576	0.00432	0.00240	0.00768
23	0.03699	0.01070	0.01436	0.01141	0.01460	0.03843	0.13142	0.14513	0.14179	0.23499	0.03783	0.01747	0.02470	0.00648	0.00596	0.00162	0.07009	0.04448	0.00444	0.00711
24	0.01304	0.01020	0.01079	0.00920	0.01203	0.08096	0.02421	0.05166	0.33164	0.13411	0.11471	0.03963	0.04382	0.00678	0.00490	0.00147	0.00418	0.00565	0.00462	0.09640
25	0.50264	0.00929	0.00850	0.02792	0.01069	0.02933	0.00607	0.07348	0.04740	0.08081	0.06203	0.01387	0.02929	0.02298	0.02428	0.00172	0.00422	0.01719	0.00363	0.02466
26	0.03997	0.00604	0.00751	0.00725	0.00884	0.00584	0.00568	0.04383	0.03226	0.08326	0.25190	0.15705	0.10346	0.01193	0.04731	0.00202	0.00375	0.14239	0.00468	0.03504
27	0.03914	0.00742	0.00949	0.19132	0.01468	0.02645	0.00743	0.03235	0.01064	0.04841	0.06859	0.14860	0.13914	0.02998	0.00619	0.00167	0.04488	0.05465	0.00362	0.11536

[dist]
# distance from previous block
# <min> <max>
0	46

# created by:
# /st0/software/busco_prod/Augustus/scripts/msa2prfl.pl ./align_prep/99327.fa
