[name]
unknown

[dist]
# distance from previous block
# <min> <max>
0	238

[block]
# block no. 0 follows, 62 sequences, length 8
# corresponding to MSA columns:
# 288-295
name=unknown_A
#
# <colnr> <probs for GDERKNQSTAVLIFYWHMCP>
#	G	D	E	R	K	N	Q	S	T	A	V	L	I	F	Y	W	H	M	C	P
0	0.03398	0.03987	0.03340	0.00643	0.00795	0.00524	0.04846	0.00861	0.01007	0.04095	0.33521	0.18350	0.12652	0.05408	0.00574	0.00156	0.00291	0.02488	0.00388	0.02674
1	0.00970	0.08730	0.46408	0.01131	0.05115	0.03517	0.05037	0.01361	0.03509	0.07474	0.07162	0.01177	0.00911	0.00602	0.04940	0.00160	0.00583	0.00374	0.00243	0.00594
2	0.00527	0.00401	0.00486	0.00531	0.00607	0.00359	0.00373	0.00633	0.00929	0.01209	0.16170	0.45223	0.28666	0.01174	0.00523	0.00157	0.00229	0.01036	0.00407	0.00359
3	0.00858	0.00807	0.01362	0.57562	0.24638	0.00934	0.01177	0.01123	0.00881	0.01170	0.00847	0.05226	0.00707	0.00457	0.00430	0.00139	0.00535	0.00419	0.00205	0.00522
4	0.00614	0.00443	0.00528	0.00505	0.00629	0.00392	0.00379	0.00771	0.01096	0.04860	0.44486	0.06484	0.35344	0.00956	0.00501	0.00139	0.00215	0.00823	0.00439	0.00396
5	0.00881	0.00765	0.00926	0.05160	0.01118	0.00626	0.00563	0.01070	0.00868	0.01351	0.00746	0.00899	0.00623	0.00344	0.00378	0.00074	0.04747	0.00265	0.00245	0.78351
6	0.00581	0.00413	0.00522	0.00583	0.00623	0.00397	0.00395	0.02963	0.00840	0.01117	0.04860	0.57400	0.05077	0.16836	0.00841	0.00215	0.00289	0.05330	0.00373	0.00345
7	0.04774	0.08893	0.01527	0.07640	0.33674	0.25255	0.03592	0.05330	0.01068	0.03278	0.00762	0.00938	0.00620	0.00409	0.00394	0.00120	0.00577	0.00334	0.00229	0.00587

[dist]
# distance from previous block
# <min> <max>
0	2

[block]
# block no. 1 follows, 62 sequences, length 48
# corresponding to MSA columns:
# 300-320,322-348
name=unknown_B
#
# <colnr> <probs for GDERKNQSTAVLIFYWHMCP>
#	G	D	E	R	K	N	Q	S	T	A	V	L	I	F	Y	W	H	M	C	P
0	0.00781	0.00583	0.00762	0.00673	0.00760	0.01861	0.07967	0.05830	0.03438	0.03205	0.01364	0.05099	0.01459	0.58619	0.01639	0.00330	0.00440	0.04546	0.00287	0.00356
1	0.02605	0.01032	0.01143	0.08459	0.13402	0.11179	0.00813	0.16559	0.18214	0.07550	0.07711	0.02295	0.02114	0.00524	0.00422	0.00129	0.00448	0.00431	0.00348	0.04623
2	0.00830	0.00463	0.00617	0.00607	0.00719	0.00420	0.00443	0.00960	0.01013	0.18149	0.25352	0.42599	0.04084	0.01028	0.00507	0.00153	0.00257	0.00915	0.00443	0.00440
3	0.00915	0.00870	0.01477	0.47823	0.38264	0.00975	0.01237	0.01184	0.00903	0.01222	0.00776	0.01098	0.00615	0.00405	0.00424	0.00135	0.00540	0.00379	0.00199	0.00562
4	0.01287	0.00894	0.01170	0.00867	0.01228	0.00818	0.09179	0.19520	0.03274	0.19097	0.01050	0.01081	0.00761	0.00416	0.00387	0.00103	0.00403	0.00352	0.00351	0.37761
5	0.00884	0.00838	0.01421	0.57917	0.28412	0.00966	0.01222	0.01157	0.00889	0.01184	0.00770	0.01108	0.00601	0.00411	0.00424	0.00137	0.00547	0.00378	0.00196	0.00537
6	0.01138	0.85302	0.02230	0.00728	0.01092	0.01684	0.00728	0.01274	0.00865	0.01001	0.00592	0.00683	0.00546	0.00364	0.00273	0.00091	0.00455	0.00228	0.00182	0.00546
7	0.00560	0.00410	0.00527	0.00551	0.00626	0.00377	0.00396	0.00701	0.01022	0.01396	0.41141	0.35453	0.11755	0.01080	0.00520	0.00151	0.00224	0.02306	0.00430	0.00375
8	0.00856	0.04992	0.02106	0.00664	0.02329	0.01933	0.00516	0.06333	0.10421	0.07705	0.30175	0.06739	0.19356	0.00793	0.00463	0.00135	0.00286	0.00673	0.03040	0.00484
9	0.00604	0.00433	0.00556	0.00526	0.00628	0.00399	0.00394	0.00800	0.01183	0.01675	0.75743	0.03171	0.07720	0.00868	0.00495	0.00133	0.00201	0.00764	0.03306	0.00399
10	0.01207	0.14567	0.04978	0.00976	0.04858	0.17786	0.02466	0.16852	0.16870	0.01600	0.08973	0.01367	0.04639	0.00531	0.00406	0.00123	0.00479	0.00414	0.00324	0.00582
11	0.00507	0.00422	0.00441	0.00455	0.00579	0.00358	0.00332	0.00608	0.00942	0.01135	0.03979	0.15625	0.69493	0.02526	0.00537	0.00152	0.00223	0.00938	0.00393	0.00356
12	0.13705	0.01144	0.07348	0.01224	0.06931	0.05766	0.21422	0.09470	0.22075	0.05047	0.01076	0.01150	0.00802	0.00452	0.00420	0.00136	0.00505	0.00408	0.00310	0.00611
13	0.01038	0.00996	0.01700	0.07503	0.77617	0.01007	0.01298	0.01293	0.00962	0.01372	0.00798	0.01058	0.00668	0.00382	0.00421	0.00127	0.00509	0.00379	0.00209	0.00662
14	0.01031	0.00970	0.01587	0.14763	0.61164	0.01018	0.01224	0.03745	0.06344	0.01403	0.00858	0.01098	0.00699	0.00409	0.00439	0.00131	0.01861	0.00386	0.00228	0.00642
15	0.01087	0.00920	0.01235	0.03595	0.04846	0.01170	0.00875	0.12676	0.05659	0.07060	0.00827	0.01079	0.00699	0.00819	0.06378	0.00200	0.49685	0.00390	0.00263	0.00537
16	0.00519	0.00377	0.00487	0.00575	0.00610	0.00348	0.00386	0.00595	0.00825	0.01087	0.02510	0.75670	0.10225	0.02887	0.00570	0.00175	0.00247	0.01169	0.00392	0.00345
17	0.01040	0.00973	0.03447	0.10520	0.40872	0.01007	0.01050	0.07323	0.21987	0.01534	0.01140	0.02396	0.02151	0.02147	0.00462	0.00140	0.00459	0.00428	0.00287	0.00637
18	0.00705	0.00429	0.00509	0.00484	0.00594	0.00404	0.00365	0.00898	0.01074	0.04066	0.44723	0.02602	0.08155	0.00736	0.00424	0.00122	0.00206	0.00631	0.32467	0.00407
19	0.83010	0.00813	0.00640	0.00568	0.00831	0.00932	0.00467	0.01279	0.00753	0.05385	0.01881	0.00762	0.00540	0.00408	0.00274	0.00132	0.00329	0.00247	0.00278	0.00471
20	0.00530	0.00402	0.00489	0.00531	0.00607	0.00361	0.00374	0.00639	0.00939	0.01227	0.18500	0.43623	0.27912	0.01163	0.00522	0.00156	0.00228	0.01026	0.00409	0.00361
21	0.01016	0.00973	0.01660	0.14698	0.70595	0.01001	0.01287	0.01273	0.00951	0.01345	0.00794	0.01065	0.00658	0.00386	0.00422	0.00129	0.00515	0.00379	0.00207	0.00644
22	0.70437	0.01068	0.00744	0.00669	0.00923	0.17739	0.00534	0.01342	0.00822	0.01732	0.00606	0.00707	0.00479	0.00404	0.00288	0.00127	0.00418	0.00239	0.00254	0.00467
23	0.01031	0.01079	0.03008	0.01565	0.03180	0.01094	0.54670	0.02890	0.00955	0.04986	0.00899	0.01164	0.02193	0.00467	0.00688	0.00151	0.18720	0.00472	0.00230	0.00558
24	0.00898	0.02242	0.15920	0.00759	0.01168	0.00702	0.00718	0.02328	0.06545	0.01415	0.00851	0.02181	0.00693	0.00368	0.00344	0.00085	0.00377	0.00295	0.00255	0.61855
25	0.00932	0.04489	0.00912	0.00640	0.00979	0.00600	0.00512	0.01106	0.00899	0.07214	0.00971	0.09114	0.00871	0.00432	0.00344	0.00080	0.00318	0.00357	0.00283	0.68946
26	0.00521	0.00426	0.00460	0.00464	0.00589	0.00365	0.00343	0.00642	0.00995	0.01238	0.17339	0.11319	0.61688	0.01066	0.00506	0.00145	0.00216	0.00905	0.00408	0.00365
27	0.00515	0.00423	0.00453	0.00465	0.00587	0.00361	0.00341	0.00626	0.00969	0.01193	0.11404	0.15794	0.63206	0.01095	0.00509	0.00147	0.00219	0.00931	0.00402	0.00361
28	0.01221	0.61189	0.04446	0.00857	0.01204	0.15729	0.04385	0.01388	0.01963	0.03292	0.00665	0.00757	0.00574	0.00385	0.00313	0.00100	0.00522	0.00259	0.00203	0.00547
29	0.76009	0.12528	0.00848	0.00583	0.00860	0.01056	0.00498	0.01254	0.00744	0.01783	0.00592	0.00690	0.00473	0.00391	0.00265	0.00126	0.00347	0.00230	0.00252	0.00473
30	0.01015	0.33736	0.36267	0.01114	0.03999	0.01258	0.10051	0.01364	0.03341	0.03082	0.00760	0.00882	0.00592	0.00391	0.00367	0.00119	0.00554	0.00312	0.00201	0.00596
31	0.00552	0.00384	0.00484	0.00550	0.00566	0.00368	0.00349	0.00601	0.00749	0.00999	0.02010	0.57430	0.02392	0.29248	0.01084	0.00253	0.00302	0.01013	0.00349	0.00316
32	0.00954	0.08974	0.09211	0.00860	0.01160	0.07232	0.09402	0.02246	0.00903	0.01303	0.00864	0.01100	0.00725	0.04294	0.02273	0.00130	0.06932	0.00339	0.13408	0.27690
33	0.07003	0.02563	0.01119	0.00911	0.01075	0.03805	0.00752	0.09803	0.00982	0.23135	0.00977	0.01123	0.00752	0.00791	0.06811	0.00191	0.34740	0.00379	0.02529	0.00556
34	0.00901	0.15322	0.68451	0.01148	0.01731	0.01100	0.03059	0.01336	0.00895	0.01293	0.00738	0.00869	0.00542	0.00397	0.00386	0.00128	0.00603	0.00305	0.00181	0.00615
35	0.00564	0.00431	0.00517	0.00502	0.00614	0.00384	0.00374	0.00726	0.01105	0.01484	0.51444	0.07183	0.31199	0.00963	0.00504	0.00139	0.00208	0.00834	0.00440	0.00384
36	0.01053	0.01011	0.01727	0.02612	0.82392	0.01011	0.01306	0.01306	0.00969	0.01390	0.00800	0.01053	0.00674	0.00379	0.00421	0.00126	0.00505	0.00379	0.00211	0.00674
37	0.00640	0.00515	0.00720	0.00698	0.00813	0.00498	0.06570	0.00886	0.08610	0.01328	0.18730	0.35028	0.12713	0.01043	0.00521	0.00159	0.00293	0.09424	0.00400	0.00412
38	0.00870	0.06991	0.78195	0.01185	0.01798	0.01028	0.01523	0.01343	0.00896	0.01328	0.00754	0.00886	0.00539	0.00402	0.00397	0.00132	0.00619	0.00309	0.00180	0.00624
39	0.00905	0.17202	0.68290	0.01125	0.01706	0.01114	0.01420	0.01334	0.00892	0.01285	0.00733	0.00859	0.00540	0.00397	0.00381	0.00127	0.00597	0.00299	0.00180	0.00614
40	0.01574	0.01163	0.01245	0.00963	0.01294	0.01289	0.00793	0.75481	0.06068	0.02615	0.01065	0.01061	0.00760	0.00514	0.00424	0.00128	0.00457	0.00388	0.02004	0.00715
41	0.00963	0.00780	0.00859	0.00793	0.00988	0.00870	0.00611	0.06705	0.51737	0.03010	0.09219	0.15291	0.01799	0.00745	0.00463	0.00149	0.00320	0.03681	0.00430	0.00588
42	0.00739	0.00370	0.00554	0.00554	0.00554	0.00370	0.00370	0.00554	0.00554	0.00739	0.00739	0.01293	0.00739	0.01478	0.01663	0.87620	0.00370	0.00370	0.00185	0.00185
43	0.00640	0.00486	0.00628	0.00596	0.00690	0.00489	0.00449	0.00881	0.05870	0.01606	0.64385	0.11269	0.03525	0.00892	0.00556	0.00142	0.05265	0.00774	0.00442	0.00416
44	0.00515	0.00397	0.00467	0.00521	0.00595	0.00353	0.00361	0.00601	0.00873	0.01104	0.03136	0.48417	0.36011	0.03865	0.00577	0.00168	0.00239	0.01061	0.00391	0.00349
45	0.00927	0.10248	0.50752	0.01337	0.01880	0.01084	0.25150	0.01345	0.00927	0.01317	0.00775	0.00951	0.00572	0.00387	0.00420	0.00133	0.00638	0.00362	0.00191	0.00604
46	0.01129	0.68892	0.05779	0.00986	0.10808	0.04146	0.00838	0.01295	0.00889	0.01064	0.00626	0.00739	0.00561	0.00370	0.00300	0.00098	0.00479	0.00251	0.00186	0.00563
47	0.57916	0.01076	0.00853	0.00765	0.03056	0.13702	0.00597	0.14799	0.01020	0.01893	0.00680	0.00768	0.00524	0.00421	0.00313	0.00127	0.00425	0.00267	0.00283	0.00516

[dist]
# distance from previous block
# <min> <max>
0	1

[block]
# block no. 2 follows, 62 sequences, length 8
# corresponding to MSA columns:
# 350,354,355,373-377
name=unknown_C
#
# <colnr> <probs for GDERKNQSTAVLIFYWHMCP>
#	G	D	E	R	K	N	Q	S	T	A	V	L	I	F	Y	W	H	M	C	P
0	0.03274	0.00925	0.00954	0.02245	0.01085	0.09516	0.02800	0.12388	0.29892	0.07082	0.09342	0.07991	0.04474	0.00659	0.00443	0.00139	0.00389	0.03190	0.02636	0.00574
1	0.00549	0.00403	0.00509	0.00544	0.00611	0.00370	0.00381	0.00669	0.00964	0.01299	0.30203	0.41402	0.14685	0.04656	0.00591	0.00165	0.00233	0.00987	0.00415	0.00363
2	0.00585	0.00444	0.00617	0.00641	0.00711	0.00421	0.03938	0.00733	0.03282	0.01233	0.16935	0.51767	0.05975	0.05331	0.00612	0.00176	0.00277	0.05554	0.00395	0.00374
3	0.00583	0.00433	0.00492	0.00488	0.00604	0.00380	0.00356	0.00703	0.00993	0.03978	0.22193	0.13168	0.46481	0.06488	0.00613	0.00162	0.00233	0.00870	0.00408	0.00373
4	0.01374	0.01504	0.01112	0.00992	0.01230	0.43058	0.00760	0.08237	0.34259	0.01475	0.01127	0.01124	0.00870	0.00501	0.00407	0.00125	0.00567	0.00368	0.00323	0.00586
5	0.00542	0.00393	0.00502	0.00575	0.00621	0.00366	0.00398	0.00629	0.00849	0.01117	0.06290	0.58605	0.12100	0.07990	0.00670	0.00189	0.00265	0.07164	0.00387	0.00346
6	0.00884	0.11251	0.74062	0.01160	0.01760	0.01064	0.01480	0.01340	0.00895	0.01310	0.00745	0.00875	0.00540	0.00400	0.00390	0.00130	0.00610	0.00305	0.00180	0.00620
7	0.01053	0.01011	0.01727	0.02612	0.82392	0.01011	0.01306	0.01306	0.00969	0.01390	0.00800	0.01053	0.00674	0.00379	0.00421	0.00126	0.00505	0.00379	0.00211	0.00674

[dist]
# distance from previous block
# <min> <max>
0	14

[block]
# block no. 3 follows, 62 sequences, length 84
# corresponding to MSA columns:
# 398-481
name=unknown_D
#
# <colnr> <probs for GDERKNQSTAVLIFYWHMCP>
#	G	D	E	R	K	N	Q	S	T	A	V	L	I	F	Y	W	H	M	C	P
0	0.00570	0.00432	0.00525	0.00505	0.00617	0.00387	0.00377	0.00739	0.01122	0.01520	0.56260	0.05676	0.27826	0.00946	0.00503	0.00138	0.00207	0.00821	0.00444	0.00387
1	0.01575	0.02000	0.01220	0.01137	0.03520	0.81100	0.00835	0.01688	0.01199	0.01051	0.00662	0.00775	0.00552	0.00437	0.00385	0.00110	0.00760	0.00277	0.00219	0.00498
2	0.03405	0.01021	0.01805	0.04318	0.66193	0.01018	0.13325	0.01308	0.00965	0.01393	0.00803	0.01059	0.00661	0.00378	0.00429	0.00129	0.00534	0.00394	0.00212	0.00648
3	0.00686	0.00490	0.00686	0.00784	0.00882	0.00490	0.00686	0.00882	0.00980	0.01273	0.02253	0.04800	0.02449	0.01175	0.00588	0.00196	0.00392	0.79528	0.00392	0.00392
4	0.01232	0.01781	0.23313	0.02253	0.01637	0.36433	0.17509	0.04544	0.02570	0.01281	0.00783	0.00932	0.00601	0.00420	0.00414	0.00125	0.00683	0.00344	0.02590	0.00555
5	0.00739	0.00370	0.00554	0.00554	0.00554	0.00370	0.00370	0.00554	0.00554	0.00739	0.00739	0.01293	0.00739	0.01478	0.01663	0.87620	0.00370	0.00370	0.00185	0.00185
6	0.00739	0.00370	0.00554	0.00554	0.00554	0.00370	0.00370	0.00554	0.00554	0.00739	0.00739	0.01293	0.00739	0.01478	0.01663	0.87620	0.00370	0.00370	0.00185	0.00185
7	0.12735	0.14133	0.03129	0.00851	0.01181	0.08574	0.00727	0.33580	0.01388	0.13631	0.00941	0.00955	0.00685	0.00456	0.00371	0.00118	0.00455	0.00327	0.00348	0.05416
8	0.00927	0.00902	0.01458	0.37127	0.28766	0.02101	0.03012	0.01161	0.00857	0.01180	0.00731	0.01061	0.00602	0.00474	0.00625	0.00145	0.17754	0.00379	0.00197	0.00540
9	0.00536	0.00384	0.00509	0.00581	0.00621	0.00357	0.00396	0.00636	0.00896	0.01215	0.18939	0.67807	0.03064	0.01237	0.00535	0.00165	0.00237	0.01118	0.00410	0.00357
10	0.00591	0.00432	0.00552	0.00526	0.00626	0.00396	0.00392	0.00776	0.01160	0.01621	0.71287	0.05701	0.10833	0.02580	0.00536	0.00141	0.00208	0.00791	0.00456	0.00393
11	0.00982	0.00842	0.02532	0.00875	0.04118	0.03906	0.00668	0.01759	0.47671	0.04895	0.13378	0.05846	0.01795	0.00693	0.00460	0.00146	0.00347	0.08085	0.00415	0.00587
12	0.03543	0.00982	0.01040	0.00882	0.01145	0.01120	0.00702	0.27534	0.49144	0.02052	0.01436	0.01368	0.01069	0.00551	0.00440	0.00138	0.02047	0.00437	0.03701	0.00669
13	0.01119	0.79822	0.07546	0.00760	0.01142	0.01638	0.00784	0.01279	0.00867	0.01024	0.00603	0.00697	0.00546	0.00367	0.00282	0.00094	0.00467	0.00233	0.00182	0.00552
14	0.00907	0.00773	0.00928	0.00671	0.01044	0.00603	0.02522	0.01145	0.04478	0.02480	0.00814	0.00928	0.00666	0.00331	0.00327	0.00070	0.00327	0.00271	0.00263	0.80454
15	0.00881	0.06880	0.60849	0.01100	0.01662	0.00958	0.03951	0.01295	0.00897	0.01334	0.00755	0.00891	0.00559	0.00385	0.00384	0.00120	0.00566	0.00304	0.00194	0.16037
16	0.00503	0.00431	0.00431	0.00431	0.00575	0.00359	0.00323	0.00611	0.00970	0.01149	0.04310	0.04095	0.82219	0.01078	0.00503	0.00144	0.00216	0.00898	0.00395	0.00359
17	0.01626	0.01248	0.01260	0.00981	0.01311	0.08492	0.00803	0.71118	0.01902	0.05477	0.01014	0.01015	0.00720	0.00505	0.00422	0.00126	0.00491	0.00375	0.00411	0.00703
18	0.01058	0.00914	0.00962	0.00866	0.01106	0.01058	0.00673	0.02261	0.81623	0.01780	0.01732	0.01588	0.01299	0.00577	0.00433	0.00144	0.00337	0.00481	0.00433	0.00673
19	0.00941	0.00896	0.01524	0.39225	0.46655	0.00981	0.01250	0.01208	0.00916	0.01254	0.00781	0.01090	0.00626	0.00400	0.00423	0.00133	0.00533	0.00379	0.00201	0.00583
20	0.01053	0.01011	0.01727	0.02612	0.82392	0.01011	0.01306	0.01306	0.00969	0.01390	0.00800	0.01053	0.00674	0.00379	0.00421	0.00126	0.00505	0.00379	0.00211	0.00674
21	0.00525	0.00432	0.00461	0.00454	0.00588	0.00369	0.00341	0.00653	0.01022	0.01272	0.21476	0.03893	0.64977	0.01032	0.00503	0.00142	0.00212	0.00870	0.00411	0.00369
22	0.01571	0.01993	0.01224	0.01149	0.04142	0.80468	0.00839	0.01685	0.01198	0.01054	0.00663	0.00777	0.00552	0.00436	0.00385	0.00110	0.00758	0.00278	0.00219	0.00500
23	0.00882	0.00756	0.00882	0.00630	0.01008	0.00567	0.00504	0.01071	0.00882	0.01387	0.00756	0.00882	0.00630	0.00315	0.00315	0.00063	0.00315	0.00252	0.00252	0.87647
24	0.00853	0.02201	0.82841	0.01213	0.01842	0.00988	0.01572	0.01348	0.00898	0.01348	0.00764	0.00898	0.00539	0.00404	0.00404	0.00135	0.00629	0.00314	0.00180	0.00629
25	0.00938	0.00789	0.00912	0.00656	0.01032	0.00624	0.00527	0.07080	0.00966	0.01484	0.00776	0.00893	0.00637	0.00330	0.00323	0.00068	0.00327	0.00262	0.00265	0.81110
26	0.01618	0.01192	0.01277	0.00979	0.01320	0.01320	0.00809	0.80973	0.02001	0.02682	0.01022	0.01022	0.00724	0.00511	0.00426	0.00128	0.00468	0.00383	0.00426	0.00724
27	0.01053	0.01011	0.01727	0.02612	0.82392	0.01011	0.01306	0.01306	0.00969	0.01390	0.00800	0.01053	0.00674	0.00379	0.00421	0.00126	0.00505	0.00379	0.00211	0.00674
28	0.00518	0.00370	0.00494	0.00592	0.00617	0.00346	0.00395	0.00592	0.00815	0.01086	0.02345	0.84768	0.02814	0.01333	0.00543	0.00173	0.00247	0.01210	0.00395	0.00346
29	0.03619	0.01183	0.01262	0.00969	0.01308	0.01311	0.00801	0.79127	0.01971	0.02664	0.01012	0.01014	0.00718	0.00508	0.00422	0.00128	0.00465	0.00380	0.00422	0.00718
30	0.01138	0.85302	0.02230	0.00728	0.01092	0.01684	0.00728	0.01274	0.00865	0.01001	0.00592	0.00683	0.00546	0.00364	0.00273	0.00091	0.00455	0.00228	0.00182	0.00546
31	0.00518	0.00370	0.00494	0.00592	0.00617	0.00346	0.00395	0.00592	0.00815	0.01086	0.02345	0.84768	0.02814	0.01333	0.00543	0.00173	0.00247	0.01210	0.00395	0.00346
32	0.01101	0.73639	0.11782	0.00809	0.01205	0.01588	0.02563	0.01285	0.00872	0.01050	0.00618	0.00718	0.00547	0.00369	0.00294	0.00097	0.00481	0.00244	0.00182	0.00556
33	0.83519	0.03761	0.00678	0.00563	0.00828	0.00970	0.00468	0.01241	0.00733	0.01864	0.00656	0.00749	0.01867	0.00406	0.00268	0.00130	0.00332	0.00242	0.00263	0.00462
34	0.00909	0.06349	0.72249	0.01200	0.01796	0.01026	0.04888	0.02765	0.00927	0.02947	0.00781	0.00911	0.00557	0.00405	0.00403	0.00133	0.00616	0.00321	0.00192	0.00626
35	0.01045	0.00899	0.00953	0.00863	0.01099	0.01039	0.00674	0.02213	0.78812	0.01762	0.01750	0.01700	0.01339	0.00598	0.00438	0.00146	0.00339	0.03237	0.00432	0.00664
36	0.00804	0.00756	0.01276	0.84023	0.02931	0.00945	0.01182	0.01087	0.00851	0.01087	0.00756	0.01134	0.00567	0.00425	0.00425	0.00142	0.00567	0.00378	0.00189	0.00473
37	0.67324	0.00911	0.00782	0.00660	0.00942	0.01042	0.00544	0.20369	0.01030	0.02094	0.00695	0.00770	0.00524	0.00423	0.00302	0.00131	0.00363	0.00267	0.00302	0.00524
38	0.00541	0.00388	0.00518	0.00610	0.00649	0.00365	0.00429	0.00635	0.00852	0.01132	0.05162	0.70440	0.04622	0.01292	0.00546	0.00174	0.00262	0.10633	0.00397	0.00353
39	0.00602	0.00435	0.00569	0.00535	0.00636	0.00401	0.00401	0.00803	0.01204	0.01706	0.82167	0.03178	0.04015	0.00870	0.00502	0.00134	0.00201	0.00770	0.00468	0.00401
40	0.00853	0.02201	0.82841	0.01213	0.01842	0.00988	0.01572	0.01348	0.00898	0.01348	0.00764	0.00898	0.00539	0.00404	0.00404	0.00135	0.00629	0.00314	0.00180	0.00629
41	0.01053	0.01011	0.01727	0.02612	0.82392	0.01011	0.01306	0.01306	0.00969	0.01390	0.00800	0.01053	0.00674	0.00379	0.00421	0.00126	0.00505	0.00379	0.00211	0.00674
42	0.00686	0.00490	0.00686	0.00784	0.00882	0.00490	0.00686	0.00882	0.00980	0.01273	0.02253	0.04800	0.02449	0.01175	0.00588	0.00196	0.00392	0.79528	0.00392	0.00392
43	0.00686	0.00490	0.00686	0.00784	0.00882	0.00490	0.00686	0.00882	0.00980	0.01273	0.02253	0.04800	0.02449	0.01175	0.00588	0.00196	0.00392	0.79528	0.00392	0.00392
44	0.00609	0.00453	0.00668	0.00668	0.00738	0.00523	0.00512	0.00749	0.00679	0.00976	0.01154	0.01753	0.01099	0.09186	0.77413	0.00664	0.01086	0.00468	0.00230	0.00371
45	0.01138	0.85302	0.02230	0.00728	0.01092	0.01684	0.00728	0.01274	0.00865	0.01001	0.00592	0.00683	0.00546	0.00364	0.00273	0.00091	0.00455	0.00228	0.00182	0.00546
46	0.01004	0.01148	0.02511	0.01793	0.02224	0.01076	0.80846	0.01363	0.01004	0.01363	0.00861	0.01148	0.00646	0.00359	0.00502	0.00143	0.00717	0.00502	0.00215	0.00574
47	0.00812	0.00769	0.01311	0.80909	0.04126	0.00949	0.02999	0.01097	0.00856	0.01098	0.00759	0.01133	0.00571	0.00423	0.00427	0.00142	0.00570	0.00381	0.00190	0.00478
48	0.01004	0.01148	0.02511	0.01793	0.02224	0.01076	0.80846	0.01363	0.01004	0.01363	0.00861	0.01148	0.00646	0.00359	0.00502	0.00143	0.00717	0.00502	0.00215	0.00574
49	0.00997	0.00953	0.01625	0.21004	0.64440	0.00996	0.01278	0.01256	0.00942	0.01322	0.00790	0.01071	0.00650	0.00390	0.00422	0.00130	0.00519	0.00379	0.00206	0.00629
50	0.00877	0.02152	0.77821	0.01219	0.01828	0.02868	0.03453	0.01370	0.02115	0.01347	0.00778	0.00912	0.00553	0.00407	0.00407	0.00135	0.00630	0.00321	0.00185	0.00625
51	0.00590	0.00424	0.00583	0.01903	0.00758	0.00413	0.00524	0.00716	0.00882	0.01162	0.02284	0.51249	0.02634	0.01256	0.00559	0.00182	0.00310	0.32814	0.00391	0.00366
52	0.88052	0.00823	0.00625	0.00560	0.00823	0.00955	0.00461	0.01251	0.00724	0.01909	0.00592	0.00691	0.00461	0.00395	0.00263	0.00132	0.00329	0.00230	0.00263	0.00461
53	0.00541	0.00391	0.00530	0.00642	0.02020	0.00368	0.00434	0.00628	0.00831	0.01106	0.02312	0.76931	0.02749	0.01304	0.00545	0.00174	0.00263	0.07486	0.00392	0.00355
54	0.00882	0.00756	0.00882	0.00630	0.01008	0.00567	0.00504	0.01071	0.00882	0.01387	0.00756	0.00882	0.00630	0.00315	0.00315	0.00063	0.00315	0.00252	0.00252	0.87647
55	0.01058	0.00914	0.00962	0.00866	0.01106	0.01058	0.00673	0.02261	0.81623	0.01780	0.01732	0.01588	0.01299	0.00577	0.00433	0.00144	0.00337	0.00481	0.00433	0.00673
56	0.01618	0.01192	0.01277	0.00979	0.01320	0.01320	0.00809	0.80973	0.02001	0.02682	0.01022	0.01022	0.00724	0.00511	0.00426	0.00128	0.00468	0.00383	0.00426	0.00724
57	0.01070	0.65401	0.21535	0.00844	0.01272	0.01517	0.00930	0.01292	0.00873	0.01084	0.00633	0.00734	0.00544	0.00374	0.00304	0.00101	0.00497	0.00248	0.00181	0.00566
58	0.00932	0.25201	0.60531	0.01079	0.01634	0.01181	0.01339	0.01327	0.00889	0.01252	0.00716	0.00839	0.00541	0.00393	0.00368	0.00123	0.00581	0.00290	0.00180	0.00606
59	0.01059	0.01095	0.02318	0.05478	0.05649	0.01037	0.68351	0.01396	0.01010	0.06876	0.00909	0.01163	0.00671	0.00374	0.00490	0.00142	0.00677	0.00486	0.00235	0.00584
60	0.01046	0.01007	0.01731	0.04631	0.78835	0.01011	0.02860	0.01302	0.00967	0.01382	0.00800	0.01057	0.00671	0.00380	0.00423	0.00127	0.00511	0.00382	0.00210	0.00667
61	0.01053	0.01011	0.01727	0.02612	0.82392	0.01011	0.01306	0.01306	0.00969	0.01390	0.00800	0.01053	0.00674	0.00379	0.00421	0.00126	0.00505	0.00379	0.00211	0.00674
62	0.00977	0.01084	0.02313	0.01751	0.06536	0.01021	0.69859	0.01314	0.00997	0.01353	0.00974	0.03174	0.00803	0.00430	0.00504	0.00146	0.00676	0.05293	0.00230	0.00563
63	0.09588	0.58031	0.15752	0.00814	0.01207	0.04947	0.00851	0.02578	0.00889	0.01177	0.00631	0.00729	0.00539	0.00379	0.00302	0.00104	0.00486	0.00247	0.00195	0.00552
64	0.00627	0.00456	0.00567	0.00559	0.00672	0.00423	0.00428	0.00827	0.03587	0.03367	0.45867	0.10016	0.20640	0.00968	0.00511	0.00146	0.00236	0.09262	0.00439	0.00403
65	0.00523	0.00403	0.00477	0.00532	0.00611	0.00360	0.00378	0.00616	0.00885	0.01118	0.03150	0.44940	0.36225	0.02766	0.00559	0.00166	0.00245	0.05301	0.00392	0.00352
66	0.01040	0.01205	0.12203	0.03501	0.49853	0.02797	0.18907	0.01343	0.00976	0.02871	0.00822	0.01057	0.00653	0.00383	0.00436	0.00131	0.00572	0.00397	0.00213	0.00640
67	0.01095	0.01097	0.01712	0.02462	0.73100	0.07626	0.04025	0.01339	0.00989	0.01361	0.00791	0.01033	0.00663	0.00383	0.00421	0.00126	0.00534	0.00375	0.00211	0.00656
68	0.00619	0.00413	0.00464	0.00464	0.00464	0.00413	0.00258	0.00619	0.00619	0.00825	0.01341	0.02785	0.01547	0.85046	0.02166	0.00413	0.00413	0.00619	0.00258	0.00258
69	0.00731	0.00563	0.00839	0.01013	0.11269	0.00559	0.02053	0.00937	0.00997	0.01324	0.08464	0.04132	0.02319	0.01036	0.00558	0.00181	0.00396	0.61825	0.00372	0.00432
70	0.00935	0.01648	0.47302	0.07978	0.05996	0.00983	0.13909	0.03068	0.02787	0.04099	0.00898	0.01171	0.00687	0.00450	0.00459	0.00140	0.02876	0.03792	0.00220	0.00602
71	0.00994	0.01106	0.03606	0.01652	0.02041	0.01044	0.67638	0.03975	0.01022	0.01388	0.00966	0.01425	0.00788	0.00444	0.00536	0.00149	0.03594	0.06838	0.00235	0.00561
72	0.00905	0.00891	0.01244	0.01070	0.01078	0.01231	0.00888	0.01006	0.00696	0.01079	0.07113	0.01111	0.00836	0.00755	0.01325	0.00182	0.77515	0.00404	0.00209	0.00460
73	0.00886	0.00770	0.00916	0.00669	0.01017	0.00626	0.00538	0.01068	0.00864	0.01357	0.00740	0.00886	0.00624	0.00350	0.00402	0.00073	0.07058	0.00262	0.00247	0.80645
74	0.00870	0.02098	0.76265	0.01185	0.01783	0.00994	0.01500	0.01421	0.07382	0.01382	0.00841	0.00954	0.00600	0.00418	0.00407	0.00136	0.00605	0.00328	0.00200	0.00632
75	0.00666	0.00476	0.00662	0.00749	0.00841	0.00472	0.00640	0.00853	0.00985	0.01294	0.08679	0.10819	0.02603	0.01163	0.00577	0.00189	0.00365	0.67179	0.00398	0.00389
76	0.01131	0.78532	0.02189	0.00879	0.07622	0.01630	0.00774	0.01277	0.00873	0.01032	0.00608	0.00712	0.00556	0.00365	0.00285	0.00094	0.00459	0.00240	0.00184	0.00556
77	0.00633	0.00411	0.00459	0.00459	0.00467	0.00411	0.00261	0.00649	0.00641	0.00886	0.01344	0.02688	0.01510	0.78255	0.02016	0.00387	0.00395	0.00601	0.07258	0.00269
78	0.01551	0.01128	0.01206	0.00932	0.01253	0.01245	0.00768	0.74549	0.01912	0.02594	0.01051	0.01067	0.00753	0.00510	0.00415	0.00125	0.00447	0.00384	0.07412	0.00697
79	0.01081	0.01190	0.08199	0.02375	0.69267	0.07767	0.01288	0.01341	0.00983	0.01358	0.00786	0.01017	0.00653	0.00386	0.00417	0.00126	0.00537	0.00365	0.00209	0.00656
80	0.00839	0.00445	0.00455	0.00442	0.00558	0.00455	0.00335	0.01117	0.07383	0.03358	0.01422	0.01583	0.01107	0.00503	0.00311	0.00103	0.00213	0.00404	0.78541	0.00426
81	0.01053	0.01011	0.01727	0.02612	0.82392	0.01011	0.01306	0.01306	0.00969	0.01390	0.00800	0.01053	0.00674	0.00379	0.00421	0.00126	0.00505	0.00379	0.00211	0.00674
82	0.00609	0.00415	0.00465	0.00465	0.00477	0.00410	0.00267	0.00620	0.00648	0.00854	0.01576	0.02873	0.08019	0.77057	0.03267	0.00395	0.00408	0.00639	0.00268	0.00268
83	0.01564	0.01844	0.01203	0.01066	0.01305	0.66763	0.00812	0.13371	0.05752	0.01323	0.00770	0.00850	0.00615	0.00457	0.00393	0.00114	0.00700	0.00301	0.00261	0.00537

[dist]
# distance from previous block
# <min> <max>
0	20

# created by:
# /st0/software/busco_prod/Augustus/scripts/msa2prfl.pl ./align_prep/99401.fa
