[name]
unknown

[dist]
# distance from previous block
# <min> <max>
0	34

[block]
# block no. 0 follows, 53 sequences, length 23
# corresponding to MSA columns:
# 34-56
name=unknown_A
#
# <colnr> <probs for GDERKNQSTAVLIFYWHMCP>
#	G	D	E	R	K	N	Q	S	T	A	V	L	I	F	Y	W	H	M	C	P
0	0.00770	0.00550	0.00770	0.00880	0.00990	0.00550	0.00770	0.00990	0.01100	0.01430	0.02531	0.05391	0.02751	0.01320	0.00660	0.00220	0.00440	0.77004	0.00440	0.00440
1	0.86579	0.00924	0.00702	0.00629	0.00924	0.01072	0.00518	0.01405	0.00813	0.02144	0.00666	0.00776	0.00518	0.00444	0.00296	0.00148	0.00370	0.00259	0.00296	0.00518
2	0.00930	0.00526	0.00485	0.00480	0.00597	0.03983	0.00360	0.01148	0.01018	0.01755	0.01523	0.01742	0.01198	0.00554	0.00338	0.00112	0.00251	0.00439	0.82109	0.00450
3	0.01278	0.83490	0.02505	0.00818	0.01227	0.01891	0.00818	0.01431	0.00971	0.01125	0.00664	0.00767	0.00613	0.00409	0.00307	0.00102	0.00511	0.00256	0.00204	0.00613
4	0.86579	0.00924	0.00702	0.00629	0.00924	0.01072	0.00518	0.01405	0.00813	0.02144	0.00666	0.00776	0.00518	0.00444	0.00296	0.00148	0.00370	0.00259	0.00296	0.00518
5	0.86579	0.00924	0.00702	0.00629	0.00924	0.01072	0.00518	0.01405	0.00813	0.02144	0.00666	0.00776	0.00518	0.00444	0.00296	0.00148	0.00370	0.00259	0.00296	0.00518
6	0.01189	0.01027	0.01081	0.00973	0.01243	0.01189	0.00757	0.02540	0.79357	0.01999	0.01945	0.01783	0.01459	0.00648	0.00486	0.00162	0.00378	0.00540	0.00486	0.00757
7	0.00565	0.00484	0.00484	0.00484	0.00646	0.00403	0.00363	0.00686	0.01089	0.01291	0.04842	0.04600	0.80027	0.01210	0.00565	0.00161	0.00242	0.01009	0.00444	0.00403
8	0.00991	0.00850	0.00991	0.00708	0.01133	0.00637	0.00566	0.01203	0.00991	0.01557	0.00850	0.00991	0.00708	0.00354	0.00354	0.00071	0.00354	0.00283	0.00283	0.86124
9	0.00974	0.00923	0.01563	0.61869	0.22918	0.01081	0.01363	0.01284	0.00990	0.01308	0.00862	0.01251	0.00668	0.00465	0.00477	0.00155	0.00619	0.00425	0.00219	0.00589
10	0.00903	0.00850	0.01434	0.82054	0.03292	0.01062	0.01327	0.01221	0.00956	0.01221	0.00850	0.01274	0.00637	0.00478	0.00478	0.00159	0.00637	0.00425	0.00212	0.00531
11	0.01264	0.80494	0.02430	0.00804	0.01203	0.01839	0.00800	0.01420	0.00972	0.01148	0.00697	0.00803	0.00635	0.00414	0.00308	0.00103	0.00501	0.00262	0.03295	0.00607
12	0.00959	0.02472	0.80726	0.01362	0.02069	0.01110	0.01766	0.01514	0.01009	0.01514	0.00858	0.01009	0.00605	0.00454	0.00454	0.00151	0.00706	0.00353	0.00202	0.00706
13	0.00582	0.00416	0.00555	0.00666	0.00693	0.00388	0.00444	0.00666	0.00915	0.01220	0.02634	0.82891	0.03161	0.01497	0.00610	0.00194	0.00277	0.01359	0.00444	0.00388
14	0.00676	0.00489	0.00639	0.00601	0.00714	0.00451	0.00451	0.00902	0.01353	0.01917	0.79969	0.03570	0.04510	0.00977	0.00564	0.00150	0.00225	0.00864	0.00526	0.00451
15	0.00946	0.00893	0.01511	0.69931	0.15079	0.01073	0.01349	0.01259	0.00976	0.01273	0.00857	0.01260	0.00656	0.00470	0.00477	0.00157	0.00627	0.00425	0.00216	0.00566
16	0.00818	0.00648	0.00810	0.02655	0.03862	0.00669	0.00620	0.01292	0.19778	0.01723	0.32654	0.13116	0.06913	0.00991	0.00559	0.00169	0.00321	0.11405	0.00473	0.00525
17	0.01217	0.01124	0.01910	0.02860	0.77411	0.01120	0.01440	0.01498	0.01098	0.04371	0.00934	0.01199	0.00772	0.00432	0.00473	0.00142	0.00562	0.00428	0.00249	0.00759
18	0.01164	0.01129	0.01963	0.07276	0.71429	0.01136	0.05936	0.01457	0.01083	0.01541	0.00900	0.01194	0.00749	0.00427	0.00479	0.00144	0.00586	0.00434	0.00236	0.00738
19	0.01165	0.01117	0.01907	0.08094	0.75203	0.01131	0.01458	0.01451	0.01080	0.01539	0.00896	0.01189	0.00749	0.00429	0.00473	0.00143	0.00572	0.00426	0.00235	0.00742
20	0.01094	0.00880	0.01072	0.00871	0.06249	0.00697	0.00642	0.03515	0.01055	0.06150	0.00921	0.01045	0.00742	0.00379	0.00373	0.00082	0.00376	0.00308	0.00304	0.73247
21	0.00949	0.02401	0.77848	0.01335	0.02020	0.01086	0.01719	0.01492	0.01021	0.01528	0.03701	0.01101	0.00746	0.00473	0.00458	0.00151	0.00689	0.00372	0.00213	0.00697
22	0.01207	0.01234	0.02572	0.01993	0.09776	0.01165	0.63686	0.01607	0.03067	0.07186	0.01050	0.01315	0.00779	0.00425	0.00548	0.00158	0.00744	0.00544	0.00272	0.00670

[dist]
# distance from previous block
# <min> <max>
0	23

[block]
# block no. 1 follows, 53 sequences, length 47
# corresponding to MSA columns:
# 80-126
name=unknown_B
#
# <colnr> <probs for GDERKNQSTAVLIFYWHMCP>
#	G	D	E	R	K	N	Q	S	T	A	V	L	I	F	Y	W	H	M	C	P
0	0.01167	0.01120	0.01912	0.07313	0.75963	0.01132	0.01459	0.01453	0.01081	0.01543	0.00896	0.01188	0.00750	0.00429	0.00473	0.00143	0.00572	0.00426	0.00235	0.00745
1	0.01278	0.83490	0.02505	0.00818	0.01227	0.01891	0.00818	0.01431	0.00971	0.01125	0.00664	0.00767	0.00613	0.00409	0.00307	0.00102	0.00511	0.00256	0.00204	0.00613
2	0.01177	0.01129	0.01929	0.04711	0.78493	0.01134	0.01464	0.01461	0.01085	0.01554	0.00898	0.01185	0.00754	0.00427	0.00473	0.00142	0.00569	0.00426	0.00236	0.00752
3	0.01196	0.39863	0.19995	0.00981	0.01416	0.01381	0.04383	0.05710	0.01136	0.06345	0.12148	0.01319	0.01219	0.00521	0.00409	0.00128	0.00522	0.00402	0.00290	0.00636
4	0.02011	0.01027	0.01242	0.00952	0.01327	0.01020	0.00786	0.33397	0.01726	0.48979	0.01585	0.01432	0.01032	0.00584	0.00480	0.00146	0.00455	0.00460	0.00545	0.00813
5	0.00953	0.02334	0.74204	0.01353	0.02020	0.01082	0.03771	0.01485	0.01017	0.01510	0.00953	0.01259	0.00728	0.00501	0.00468	0.00155	0.00694	0.04605	0.00216	0.00690
6	0.00736	0.00624	0.01000	0.25763	0.04179	0.00669	0.05077	0.00920	0.00957	0.01266	0.03393	0.47767	0.02192	0.01076	0.00563	0.00180	0.00428	0.02394	0.00356	0.00460
7	0.01761	0.01166	0.09762	0.00980	0.01353	0.03579	0.00868	0.24397	0.01550	0.38761	0.03873	0.05945	0.01194	0.00634	0.00502	0.00150	0.01775	0.00506	0.00489	0.00754
8	0.00737	0.00480	0.00572	0.00565	0.00587	0.00489	0.00344	0.00765	0.00725	0.03328	0.01487	0.02913	0.01647	0.69892	0.13119	0.00495	0.00573	0.00664	0.00294	0.00324
9	0.00963	0.00907	0.01552	0.39636	0.28623	0.00998	0.05410	0.01241	0.01004	0.01352	0.01127	0.12899	0.01042	0.00602	0.00500	0.00159	0.00572	0.00566	0.00255	0.00592
10	0.00830	0.00415	0.00623	0.00623	0.00623	0.00415	0.00415	0.00623	0.00623	0.00830	0.00830	0.01453	0.00830	0.01660	0.01868	0.86094	0.00415	0.00415	0.00208	0.00208
11	0.03462	0.00885	0.01397	0.57545	0.11889	0.03120	0.02823	0.01234	0.00980	0.01313	0.01009	0.07418	0.00860	0.00549	0.00477	0.00157	0.00589	0.00491	0.03253	0.00546
12	0.01166	0.01206	0.01326	0.01157	0.01216	0.16225	0.00941	0.01287	0.00879	0.01227	0.00756	0.01097	0.00694	0.00740	0.01214	0.00182	0.57655	0.00401	0.10113	0.00520
13	0.00891	0.00445	0.00445	0.00445	0.00557	0.00445	0.00334	0.01114	0.01002	0.01782	0.01559	0.01782	0.01225	0.00557	0.00334	0.00111	0.00223	0.00445	0.85856	0.00445
14	0.01669	0.01105	0.01204	0.00985	0.01291	0.06191	0.00791	0.22454	0.22578	0.26797	0.01551	0.01510	0.01111	0.03294	0.00602	0.00163	0.04999	0.00476	0.00480	0.00748
15	0.00571	0.00462	0.00507	0.00544	0.00661	0.00398	0.00390	0.00679	0.01032	0.01268	0.04119	0.30226	0.54868	0.01304	0.00580	0.00172	0.00254	0.01123	0.00444	0.00398
16	0.01352	0.01123	0.01380	0.11114	0.11850	0.01260	0.02430	0.26385	0.33726	0.02161	0.01405	0.01432	0.01049	0.00571	0.00482	0.00153	0.00489	0.00477	0.00413	0.00745
17	0.01128	0.01289	0.02820	0.02015	0.02498	0.01209	0.78485	0.01531	0.01128	0.01531	0.00967	0.01289	0.00725	0.00403	0.00564	0.00161	0.00806	0.00564	0.00242	0.00645
18	0.05702	0.01157	0.11911	0.01310	0.01646	0.03056	0.29770	0.01389	0.09876	0.01516	0.01543	0.24633	0.01508	0.00770	0.00537	0.00169	0.00565	0.02034	0.00328	0.00579
19	0.00954	0.00806	0.01053	0.08973	0.04313	0.00703	0.02761	0.02492	0.03105	0.02615	0.05701	0.08219	0.03544	0.00624	0.02183	0.00124	0.00411	0.01495	0.00320	0.49606
20	0.00582	0.00416	0.00555	0.00666	0.00693	0.00388	0.00444	0.00666	0.00915	0.01220	0.02634	0.82891	0.03161	0.01497	0.00610	0.00194	0.00277	0.01359	0.00444	0.00388
21	0.01096	0.01381	0.13262	0.11957	0.04728	0.01197	0.49233	0.03972	0.01104	0.01518	0.00923	0.01228	0.00696	0.00449	0.00586	0.00161	0.05128	0.00501	0.00238	0.00641
22	0.01215	0.08172	0.28077	0.01316	0.11361	0.04459	0.03474	0.07944	0.01169	0.08333	0.02565	0.03326	0.00859	0.00490	0.00440	0.00132	0.00561	0.00401	0.00293	0.15413
23	0.00991	0.00850	0.00991	0.00708	0.01133	0.00637	0.00566	0.01203	0.00991	0.01557	0.00850	0.00991	0.00708	0.00354	0.00354	0.00071	0.00354	0.00283	0.00283	0.86124
24	0.00597	0.00485	0.00528	0.00518	0.00665	0.00417	0.00388	0.00748	0.01165	0.01470	0.26326	0.04305	0.58431	0.01144	0.00565	0.00158	0.00237	0.00967	0.00467	0.00417
25	0.00767	0.00518	0.00672	0.00621	0.00752	0.00480	0.00470	0.01013	0.03095	0.06246	0.72368	0.03444	0.05810	0.00953	0.00557	0.00151	0.00239	0.00839	0.00527	0.00477
26	0.12115	0.00774	0.00971	0.00827	0.01115	0.00737	0.00690	0.05512	0.01281	0.44766	0.06475	0.02458	0.01632	0.00759	0.00503	0.00164	0.00405	0.17632	0.00512	0.00672
27	0.00891	0.00445	0.00445	0.00445	0.00557	0.00445	0.00334	0.01114	0.01002	0.01782	0.01559	0.01782	0.01225	0.00557	0.00334	0.00111	0.00223	0.00445	0.85856	0.00445
28	0.61456	0.00970	0.00920	0.00785	0.01067	0.01118	0.02910	0.09025	0.02122	0.05021	0.01923	0.01026	0.00700	0.00521	0.00446	0.00155	0.07116	0.01833	0.00325	0.00563
29	0.00629	0.00454	0.00610	0.00709	0.00749	0.00442	0.00506	0.00732	0.00933	0.01242	0.02526	0.64666	0.02977	0.04852	0.00715	0.00210	0.02116	0.14104	0.00432	0.00396
30	0.86579	0.00924	0.00702	0.00629	0.00924	0.01072	0.00518	0.01405	0.00813	0.02144	0.00666	0.00776	0.00518	0.00444	0.00296	0.00148	0.00370	0.00259	0.00296	0.00518
31	0.00928	0.00878	0.01489	0.63607	0.11296	0.01051	0.04018	0.01225	0.00967	0.01266	0.00951	0.05779	0.00793	0.00538	0.00523	0.00161	0.03271	0.00481	0.00229	0.00551
32	0.00582	0.00416	0.00555	0.00666	0.00693	0.00388	0.00444	0.00666	0.00915	0.01220	0.02634	0.82891	0.03161	0.01497	0.00610	0.00194	0.00277	0.01359	0.00444	0.00388
33	0.00683	0.00512	0.00768	0.00768	0.00853	0.00597	0.00597	0.00853	0.00768	0.01110	0.01280	0.01878	0.01195	0.03585	0.81308	0.00768	0.01280	0.00512	0.00256	0.00427
34	0.01761	0.01594	0.01393	0.01164	0.03219	0.25653	0.00910	0.50540	0.03326	0.02375	0.01042	0.01087	0.00773	0.00547	0.00461	0.00137	0.00619	0.00395	0.02279	0.00724
35	0.01183	0.01136	0.01940	0.02934	0.80221	0.01136	0.01467	0.01467	0.01088	0.01562	0.00899	0.01183	0.00757	0.00426	0.00473	0.00142	0.00568	0.00426	0.00237	0.00757
36	0.01080	0.10291	0.31246	0.01230	0.01688	0.02852	0.12701	0.09661	0.03951	0.01614	0.01389	0.04451	0.05089	0.00642	0.00494	0.00157	0.00602	0.09926	0.00298	0.00638
37	0.01878	0.01210	0.01329	0.01023	0.01400	0.03806	0.00842	0.52923	0.01939	0.23966	0.01325	0.01263	0.00904	0.00569	0.00473	0.00142	0.00499	0.00435	0.00495	0.03577
38	0.00641	0.00472	0.00600	0.00600	0.00700	0.00431	0.00438	0.00821	0.01221	0.01679	0.52799	0.21249	0.14331	0.01123	0.00574	0.00161	0.00239	0.00993	0.00497	0.00431
39	0.00573	0.00452	0.00517	0.00569	0.00668	0.00396	0.00401	0.00676	0.01008	0.01258	0.03809	0.41222	0.44071	0.01345	0.00586	0.00177	0.00259	0.01172	0.00444	0.00396
40	0.00934	0.02181	0.67364	0.01325	0.01947	0.01041	0.05877	0.01436	0.01023	0.01507	0.03132	0.05632	0.00924	0.00549	0.00478	0.00156	0.00667	0.02923	0.00233	0.00670
41	0.31522	0.00978	0.01134	0.06541	0.01357	0.03128	0.05144	0.09261	0.01181	0.27199	0.02846	0.01227	0.00875	0.00539	0.00481	0.00152	0.04990	0.00399	0.00399	0.00649
42	0.00584	0.00422	0.00553	0.00653	0.00691	0.00391	0.00439	0.00673	0.00937	0.01243	0.04840	0.76122	0.07753	0.01466	0.00606	0.00191	0.00274	0.01325	0.00446	0.00391
43	0.00581	0.00422	0.00548	0.00649	0.00689	0.00390	0.00436	0.00667	0.00931	0.01227	0.02835	0.75780	0.10142	0.01471	0.00606	0.00191	0.00274	0.01327	0.00444	0.00390
44	0.01279	0.58640	0.14928	0.00956	0.01390	0.10421	0.00980	0.01536	0.03796	0.01223	0.00749	0.00852	0.00642	0.00434	0.00350	0.00115	0.00576	0.00287	0.00219	0.00627
45	0.02889	0.00997	0.01693	0.41263	0.38878	0.01101	0.03647	0.01348	0.01019	0.01408	0.00872	0.01222	0.00693	0.00451	0.00474	0.00151	0.00604	0.00426	0.00226	0.00639
46	0.06469	0.10432	0.18405	0.03554	0.03648	0.06902	0.01067	0.29388	0.11944	0.02082	0.01068	0.01125	0.00796	0.00520	0.00441	0.00142	0.00562	0.00391	0.00349	0.00716

[dist]
# distance from previous block
# <min> <max>
0	1

[block]
# block no. 2 follows, 53 sequences, length 28
# corresponding to MSA columns:
# 128-155
name=unknown_C
#
# <colnr> <probs for GDERKNQSTAVLIFYWHMCP>
#	G	D	E	R	K	N	Q	S	T	A	V	L	I	F	Y	W	H	M	C	P
0	0.04494	0.01093	0.05436	0.02356	0.10359	0.02495	0.02229	0.14285	0.30083	0.01949	0.04305	0.04982	0.04055	0.00663	0.00486	0.00153	0.00449	0.04238	0.00406	0.05485
1	0.00762	0.00598	0.00865	0.02650	0.14521	0.00590	0.00691	0.02878	0.00998	0.01341	0.02206	0.46035	0.03673	0.06610	0.00708	0.00205	0.00379	0.13429	0.00394	0.00468
2	0.01000	0.00851	0.00995	0.00718	0.01133	0.00654	0.00574	0.02815	0.01012	0.01576	0.00867	0.01017	0.00723	0.00442	0.02442	0.00090	0.00381	0.00292	0.00287	0.82131
3	0.01083	0.16390	0.55006	0.01266	0.04687	0.03380	0.01463	0.01515	0.01037	0.04439	0.02976	0.01061	0.00741	0.00463	0.00430	0.00140	0.00639	0.00354	0.00230	0.02697
4	0.04771	0.01092	0.01261	0.01066	0.04285	0.01188	0.03203	0.41224	0.12024	0.06502	0.06930	0.01695	0.04017	0.03572	0.01827	0.00171	0.02105	0.01907	0.00448	0.00710
5	0.01504	0.00703	0.00879	0.00725	0.00989	0.00632	0.00573	0.06144	0.01270	0.43490	0.04052	0.05438	0.19716	0.07096	0.00649	0.00175	0.00363	0.00655	0.04307	0.00639
6	0.02888	0.01108	0.02583	0.08946	0.28086	0.06536	0.05933	0.09731	0.03916	0.15016	0.07237	0.02713	0.02047	0.00553	0.00485	0.00147	0.00535	0.00490	0.00357	0.00693
7	0.01032	0.01026	0.01438	0.01237	0.01240	0.01432	0.01029	0.01139	0.00733	0.01149	0.00651	0.01076	0.00648	0.00938	0.04499	0.00230	0.79349	0.00422	0.00211	0.00519
8	0.00578	0.00485	0.00503	0.00498	0.00654	0.00409	0.00374	0.00712	0.01121	0.01365	0.13766	0.04478	0.71057	0.01183	0.00565	0.00160	0.00240	0.00992	0.00454	0.00409
9	0.01162	0.01165	0.04642	0.06626	0.71347	0.01133	0.01449	0.01490	0.03498	0.01557	0.00928	0.01200	0.00768	0.00436	0.00473	0.00144	0.00570	0.00427	0.00242	0.00744
10	0.03583	0.01642	0.01343	0.01118	0.01432	0.31671	0.00883	0.40626	0.07126	0.02197	0.03102	0.01138	0.00873	0.00556	0.00459	0.00137	0.00632	0.00399	0.00388	0.00695
11	0.00608	0.00439	0.00580	0.00681	0.00729	0.00411	0.00481	0.00714	0.00959	0.01266	0.04409	0.66394	0.07855	0.01446	0.00613	0.00195	0.00295	0.11084	0.00445	0.00397
12	0.01143	0.01149	0.04635	0.11985	0.68636	0.01126	0.01461	0.01440	0.01070	0.01521	0.00892	0.01187	0.00738	0.00433	0.00473	0.00144	0.00581	0.00423	0.00233	0.00729
13	0.01266	0.80354	0.05532	0.00839	0.01259	0.01861	0.00855	0.01434	0.00973	0.01140	0.00672	0.00776	0.00613	0.00411	0.00312	0.00104	0.00519	0.00259	0.00204	0.00617
14	0.00629	0.00485	0.00575	0.00556	0.00686	0.00430	0.00416	0.00809	0.01236	0.01648	0.47886	0.06102	0.34645	0.01084	0.00565	0.00156	0.00234	0.00935	0.00491	0.00430
15	0.01120	0.01057	0.01792	0.17788	0.62889	0.01097	0.01401	0.01408	0.01060	0.01505	0.00913	0.01221	0.00751	0.00440	0.00469	0.00144	0.00569	0.00426	0.03245	0.00703
16	0.01341	0.31534	0.20417	0.01109	0.01552	0.15089	0.05505	0.05636	0.06067	0.05166	0.00905	0.00997	0.00710	0.00465	0.00406	0.00128	0.00619	0.00343	0.00264	0.01746
17	0.00582	0.00416	0.00555	0.00666	0.00693	0.00388	0.00444	0.00666	0.00915	0.01220	0.02634	0.82891	0.03161	0.01497	0.00610	0.00194	0.00277	0.01359	0.00444	0.00388
18	0.01461	0.01660	0.02849	0.03639	0.24064	0.38848	0.07964	0.03367	0.02521	0.02989	0.03330	0.01148	0.00832	0.00487	0.00461	0.00135	0.00705	0.00399	0.02509	0.00630
19	0.00596	0.00431	0.00570	0.00667	0.00708	0.00397	0.00448	0.00684	0.00918	0.01232	0.02573	0.80081	0.03077	0.01458	0.00601	0.00190	0.00280	0.01322	0.00438	0.03329
20	0.01106	0.00943	0.01009	0.00916	0.01163	0.01073	0.00712	0.02276	0.67069	0.01954	0.09888	0.02140	0.04558	0.00716	0.00501	0.00162	0.00359	0.02258	0.00488	0.00707
21	0.01182	0.02856	0.03918	0.01256	0.16624	0.06798	0.02225	0.06607	0.01145	0.04613	0.02506	0.02343	0.00843	0.00437	0.00410	0.00105	0.00466	0.00365	0.00298	0.45001
22	0.01785	0.02278	0.01354	0.01231	0.01478	0.81284	0.00924	0.01909	0.01354	0.01170	0.00739	0.00862	0.00616	0.00493	0.00431	0.00123	0.00862	0.00308	0.00246	0.00554
23	0.00990	0.00839	0.00979	0.00715	0.01118	0.00645	0.00568	0.03074	0.01018	0.01576	0.00950	0.05270	0.00839	0.00419	0.00370	0.00079	0.00354	0.00343	0.00296	0.79557
24	0.01902	0.01051	0.11223	0.00924	0.01326	0.00805	0.00843	0.08204	0.01391	0.60847	0.05202	0.01598	0.01230	0.00590	0.00481	0.00148	0.00446	0.00478	0.00530	0.00784
25	0.00739	0.00529	0.00681	0.00665	0.00716	0.00580	0.00461	0.03720	0.00786	0.01089	0.01377	0.02471	0.01446	0.44036	0.36399	0.00578	0.02471	0.00600	0.00281	0.00373
26	0.01231	0.11566	0.13910	0.01504	0.20386	0.11713	0.02446	0.03350	0.14797	0.04025	0.07962	0.01462	0.01194	0.00547	0.00459	0.00142	0.00554	0.01761	0.00317	0.00674
27	0.24828	0.09605	0.11191	0.03608	0.10460	0.02211	0.00906	0.03203	0.03829	0.21047	0.02539	0.01175	0.00850	0.00495	0.00406	0.00142	0.00474	0.00375	0.00351	0.02305

[dist]
# distance from previous block
# <min> <max>
2	7

[block]
# block no. 3 follows, 53 sequences, length 7
# corresponding to MSA columns:
# 163-169
name=unknown_D
#
# <colnr> <probs for GDERKNQSTAVLIFYWHMCP>
#	G	D	E	R	K	N	Q	S	T	A	V	L	I	F	Y	W	H	M	C	P
0	0.01126	0.01203	0.08212	0.02222	0.47603	0.01161	0.04866	0.04145	0.03424	0.01538	0.01129	0.01371	0.05441	0.00552	0.00659	0.00156	0.13781	0.00463	0.00258	0.00691
1	0.24054	0.01151	0.06665	0.01226	0.15109	0.06428	0.00866	0.05884	0.18438	0.03811	0.07017	0.01513	0.04768	0.00575	0.00436	0.00149	0.00456	0.00454	0.00358	0.00642
2	0.28363	0.38183	0.13023	0.00858	0.01252	0.01447	0.00864	0.01461	0.00933	0.04967	0.00744	0.00855	0.00607	0.00454	0.00391	0.00131	0.04328	0.00288	0.00250	0.00601
3	0.57589	0.01066	0.06431	0.02648	0.01140	0.03161	0.02117	0.04737	0.02399	0.05942	0.00842	0.00957	0.00638	0.00483	0.00391	0.00148	0.03546	0.00316	0.04887	0.00562
4	0.01079	0.06464	0.01021	0.00826	0.01026	0.05554	0.00656	0.07717	0.03997	0.10240	0.03517	0.08939	0.01331	0.02002	0.36992	0.00423	0.00824	0.00543	0.00343	0.06509
5	0.04031	0.02907	0.00844	0.00828	0.05553	0.04550	0.00580	0.01232	0.14245	0.01679	0.33498	0.10953	0.12569	0.03704	0.00591	0.00166	0.00330	0.00781	0.00445	0.00514
6	0.17186	0.56436	0.02013	0.00830	0.01207	0.05748	0.00776	0.08584	0.01079	0.01491	0.00713	0.00809	0.00614	0.00435	0.00327	0.00116	0.00504	0.00275	0.00249	0.00611

[dist]
# distance from previous block
# <min> <max>
0	1

[block]
# block no. 4 follows, 53 sequences, length 40
# corresponding to MSA columns:
# 171-210
name=unknown_E
#
# <colnr> <probs for GDERKNQSTAVLIFYWHMCP>
#	G	D	E	R	K	N	Q	S	T	A	V	L	I	F	Y	W	H	M	C	P
0	0.31266	0.04321	0.01339	0.24847	0.01896	0.07772	0.10405	0.03122	0.01011	0.06202	0.00899	0.03357	0.00709	0.00492	0.00418	0.00150	0.00552	0.00397	0.00282	0.00564
1	0.09769	0.01084	0.01251	0.03528	0.15205	0.06166	0.00889	0.18874	0.09430	0.04795	0.03243	0.01492	0.04591	0.00610	0.00570	0.00151	0.09168	0.01333	0.07201	0.00652
2	0.01891	0.01111	0.01283	0.00988	0.01355	0.01154	0.00814	0.47440	0.01888	0.31456	0.04619	0.01422	0.01099	0.00597	0.00483	0.00145	0.00470	0.00466	0.00522	0.00798
3	0.01013	0.00916	0.02796	0.00795	0.01228	0.00692	0.04497	0.02714	0.01022	0.01583	0.00861	0.01009	0.00709	0.00363	0.00369	0.00078	0.00387	0.00302	0.00283	0.78383
4	0.00684	0.00507	0.00743	0.00743	0.00820	0.00584	0.00566	0.00837	0.00761	0.01091	0.01303	0.02004	0.01250	0.11633	0.73335	0.00737	0.01198	0.00531	0.00259	0.00413
5	0.00577	0.00485	0.00501	0.00497	0.00653	0.00409	0.00372	0.00709	0.01117	0.01357	0.12788	0.04491	0.72039	0.01186	0.00565	0.00160	0.00240	0.00993	0.00453	0.00409
6	0.00891	0.00445	0.00445	0.00445	0.00557	0.00445	0.00334	0.01114	0.01002	0.01782	0.01559	0.01782	0.01225	0.00557	0.00334	0.00111	0.00223	0.00445	0.85856	0.00445
7	0.01014	0.00884	0.01105	0.00976	0.10653	0.00697	0.00675	0.01235	0.01003	0.01558	0.00855	0.01014	0.00714	0.00363	0.00368	0.00079	0.00380	0.00300	0.00278	0.75848
8	0.00657	0.00495	0.00611	0.00615	0.00722	0.00461	0.00448	0.00881	0.04871	0.01633	0.43327	0.23968	0.17261	0.01136	0.00572	0.00164	0.00249	0.01001	0.00489	0.00441
9	0.00805	0.00649	0.00692	0.00643	0.00830	0.00633	0.00491	0.10544	0.10586	0.01637	0.10383	0.09872	0.48309	0.01067	0.00548	0.00161	0.00295	0.00896	0.00460	0.00499
10	0.83001	0.00933	0.00754	0.00725	0.04247	0.01075	0.00557	0.01408	0.00825	0.02120	0.00675	0.00793	0.00528	0.00443	0.00303	0.00148	0.00378	0.00266	0.00293	0.00528
11	0.00603	0.00443	0.00585	0.00682	0.00720	0.00425	0.00471	0.00695	0.00929	0.01233	0.02696	0.72713	0.07214	0.01456	0.00635	0.00194	0.02405	0.05070	0.00437	0.00395
12	0.00966	0.04279	0.78981	0.01350	0.02050	0.01127	0.01745	0.01512	0.01008	0.01505	0.00853	0.01004	0.00606	0.00453	0.00451	0.00150	0.00702	0.00351	0.00202	0.00704
13	0.00758	0.00542	0.00756	0.00862	0.00968	0.00539	0.00745	0.00972	0.01098	0.01434	0.04735	0.09186	0.02821	0.01319	0.00655	0.00217	0.00426	0.71087	0.00443	0.00438
14	0.01755	0.01802	0.01354	0.01153	0.01453	0.44160	0.00899	0.29212	0.08252	0.03897	0.01015	0.01060	0.00771	0.00537	0.00454	0.00134	0.00690	0.00375	0.00358	0.00670
15	0.81578	0.05765	0.00808	0.00640	0.00942	0.01120	0.00535	0.01407	0.00823	0.02085	0.00665	0.00776	0.00523	0.00442	0.00296	0.00145	0.00378	0.00259	0.00290	0.00523
16	0.01176	0.01166	0.01878	0.13348	0.62464	0.05453	0.04646	0.01461	0.01087	0.01494	0.00887	0.01182	0.00732	0.00435	0.00475	0.00144	0.00603	0.00425	0.00234	0.00711
17	0.00769	0.00542	0.00666	0.00641	0.00689	0.00585	0.00432	0.05327	0.00813	0.01121	0.01401	0.02586	0.01495	0.52518	0.24412	0.00518	0.02680	0.00617	0.01821	0.00367
18	0.02796	0.00986	0.01658	0.43015	0.39574	0.01097	0.01377	0.01341	0.01015	0.01401	0.00869	0.01221	0.00691	0.00453	0.00472	0.00151	0.00599	0.00422	0.00226	0.00637
19	0.00692	0.00462	0.00522	0.00525	0.00526	0.00461	0.00294	0.00694	0.00701	0.00934	0.01535	0.05199	0.01775	0.81081	0.02385	0.00456	0.00459	0.00712	0.00294	0.00292
20	0.00853	0.00500	0.00569	0.00537	0.00673	0.00473	0.00407	0.02419	0.01176	0.05697	0.29382	0.02751	0.12511	0.00790	0.00454	0.00134	0.00241	0.00666	0.39303	0.00467
21	0.05029	0.00561	0.00665	0.00608	0.00707	0.00548	0.00405	0.01078	0.00854	0.17591	0.01609	0.02668	0.03318	0.55795	0.06283	0.00393	0.00488	0.00627	0.00354	0.00420
22	0.00746	0.00547	0.00671	0.00702	0.00796	0.00535	0.00500	0.09867	0.01103	0.01469	0.05982	0.56519	0.09343	0.03375	0.02101	0.00199	0.00329	0.02792	0.00441	0.01982
23	0.00830	0.00415	0.00623	0.00623	0.00623	0.00415	0.00415	0.00623	0.00623	0.00830	0.00830	0.01453	0.00830	0.01660	0.01868	0.86094	0.00415	0.00415	0.00208	0.00208
24	0.05309	0.01304	0.01400	0.01239	0.08077	0.06987	0.02792	0.45798	0.17887	0.02478	0.01237	0.01249	0.00912	0.00561	0.00470	0.00146	0.00523	0.00440	0.00429	0.00761
25	0.00891	0.00445	0.00445	0.00445	0.00557	0.00445	0.00334	0.01114	0.01002	0.01782	0.01559	0.01782	0.01225	0.00557	0.00334	0.00111	0.00223	0.00445	0.85856	0.00445
26	0.86579	0.00924	0.00702	0.00629	0.00924	0.01072	0.00518	0.01405	0.00813	0.02144	0.00666	0.00776	0.00518	0.00444	0.00296	0.00148	0.00370	0.00259	0.00296	0.00518
27	0.00891	0.00445	0.00445	0.00445	0.00557	0.00445	0.00334	0.01114	0.01002	0.01782	0.01559	0.01782	0.01225	0.00557	0.00334	0.00111	0.00223	0.00445	0.85856	0.00445
28	0.00737	0.00502	0.00658	0.00612	0.00735	0.00461	0.00461	0.00961	0.01354	0.05178	0.76731	0.03490	0.04372	0.00961	0.00560	0.00150	0.00233	0.00848	0.00529	0.00466
29	0.00682	0.00492	0.00626	0.00675	0.00757	0.00470	0.00514	0.00824	0.01031	0.01361	0.15875	0.17307	0.12846	0.17491	0.00974	0.00245	0.00356	0.26649	0.00426	0.00399
30	0.01867	0.01259	0.01385	0.01062	0.01442	0.01364	0.00877	0.67044	0.02114	0.14784	0.01260	0.01220	0.00869	0.00576	0.00479	0.00144	0.00508	0.00438	0.00495	0.00813
31	0.00959	0.02472	0.80726	0.01362	0.02069	0.01110	0.01766	0.01514	0.01009	0.01514	0.00858	0.01009	0.00605	0.00454	0.00454	0.00151	0.00706	0.00353	0.00202	0.00706
32	0.00917	0.00864	0.01459	0.78127	0.07110	0.01066	0.01334	0.01233	0.00962	0.01238	0.00852	0.01270	0.00643	0.00475	0.00478	0.00158	0.00634	0.00425	0.00214	0.00542
33	0.07077	0.00848	0.01103	0.00851	0.01217	0.00766	0.00703	0.06350	0.01382	0.71814	0.01775	0.01551	0.01124	0.00582	0.00470	0.00148	0.00411	0.00465	0.00568	0.00796
34	0.00606	0.00435	0.00574	0.00667	0.00711	0.00412	0.00462	0.00697	0.00922	0.01220	0.02658	0.65287	0.08187	0.03852	0.04064	0.01665	0.00336	0.06430	0.00427	0.00389
35	0.01175	0.01128	0.01926	0.05126	0.78089	0.01134	0.01463	0.01460	0.01085	0.01552	0.00898	0.01185	0.00754	0.00427	0.00473	0.00142	0.00570	0.00426	0.00236	0.00751
36	0.00992	0.02132	0.62282	0.01407	0.02032	0.01073	0.13258	0.01487	0.01030	0.03453	0.01004	0.05867	0.00788	0.00511	0.00481	0.00155	0.00689	0.00447	0.00232	0.00681
37	0.05657	0.00505	0.00570	0.00560	0.00696	0.00462	0.00418	0.00819	0.01170	0.01604	0.36741	0.11436	0.35475	0.01093	0.00553	0.00159	0.00246	0.00936	0.00471	0.00429
38	0.05566	0.03134	0.01701	0.08163	0.54252	0.01075	0.01248	0.02651	0.01101	0.09517	0.00977	0.01190	0.00773	0.00444	0.00453	0.00138	0.00530	0.00409	0.00279	0.06399
39	0.10786	0.09849	0.03728	0.02641	0.01452	0.01272	0.10391	0.21023	0.24369	0.02045	0.01432	0.01523	0.04298	0.00583	0.00460	0.00151	0.00491	0.02431	0.00387	0.00686

[dist]
# distance from previous block
# <min> <max>
1	9

[block]
# block no. 5 follows, 53 sequences, length 20
# corresponding to MSA columns:
# 220-239
name=unknown_F
#
# <colnr> <probs for GDERKNQSTAVLIFYWHMCP>
#	G	D	E	R	K	N	Q	S	T	A	V	L	I	F	Y	W	H	M	C	P
0	0.00963	0.00790	0.00832	0.00834	0.04517	0.07738	0.00586	0.05376	0.10940	0.05693	0.18658	0.16908	0.16580	0.06598	0.00666	0.00180	0.00370	0.00814	0.00438	0.00520
1	0.00891	0.00445	0.00445	0.00445	0.00557	0.00445	0.00334	0.01114	0.01002	0.01782	0.01559	0.01782	0.01225	0.00557	0.00334	0.00111	0.00223	0.00445	0.85856	0.00445
2	0.01023	0.00983	0.01366	0.01147	0.01233	0.01259	0.03123	0.02782	0.00846	0.01294	0.04376	0.04175	0.00916	0.00784	0.01270	0.00184	0.60354	0.00459	0.00249	0.12177
3	0.01050	0.01010	0.01614	0.06865	0.44242	0.04618	0.07867	0.01305	0.01086	0.01475	0.03960	0.11021	0.03104	0.00674	0.00518	0.00158	0.00542	0.07964	0.00293	0.00634
4	0.00891	0.00445	0.00445	0.00445	0.00557	0.00445	0.00334	0.01114	0.01002	0.01782	0.01559	0.01782	0.01225	0.00557	0.00334	0.00111	0.00223	0.00445	0.85856	0.00445
5	0.06160	0.01195	0.02287	0.01684	0.02090	0.03638	0.57227	0.04143	0.03716	0.01618	0.04704	0.07030	0.01079	0.00524	0.00542	0.00160	0.00695	0.00602	0.00288	0.00617
6	0.01167	0.01134	0.04769	0.01931	0.27199	0.01086	0.25366	0.03541	0.08300	0.05804	0.04872	0.01701	0.01146	0.00559	0.00561	0.00159	0.03627	0.06089	0.00312	0.00678
7	0.01142	0.00966	0.04727	0.00828	0.01246	0.00756	0.03244	0.06785	0.03821	0.08003	0.01037	0.02993	0.00832	0.00431	0.00395	0.00095	0.00400	0.00356	0.00327	0.61616
8	0.00691	0.00473	0.00563	0.00560	0.00592	0.00478	0.00352	0.00746	0.00788	0.01076	0.08279	0.03021	0.05598	0.58759	0.13518	0.00458	0.00545	0.00692	0.02480	0.00332
9	0.04087	0.07417	0.12969	0.01031	0.04995	0.02621	0.00884	0.12160	0.22928	0.08702	0.05544	0.01673	0.03716	0.05470	0.00574	0.00165	0.00465	0.00489	0.03435	0.00674
10	0.01113	0.26197	0.29207	0.01074	0.01533	0.02659	0.05330	0.05458	0.01120	0.03150	0.11602	0.01318	0.01174	0.00527	0.00463	0.00135	0.03130	0.00410	0.00276	0.04126
11	0.02972	0.16051	0.25489	0.01151	0.03444	0.13518	0.01125	0.09403	0.14668	0.03200	0.01098	0.01258	0.00865	0.00530	0.00438	0.00142	0.00596	0.03072	0.00304	0.00676
12	0.01259	0.78708	0.07121	0.00850	0.01276	0.01845	0.00874	0.01436	0.00973	0.01147	0.00676	0.00781	0.00613	0.00412	0.00315	0.00105	0.00523	0.00261	0.00204	0.00619
13	0.00615	0.00482	0.00558	0.00559	0.00688	0.00425	0.00418	0.00774	0.01169	0.01518	0.31982	0.11778	0.42141	0.01157	0.00572	0.00163	0.00247	0.03858	0.00474	0.00421
14	0.00658	0.00488	0.00614	0.00582	0.00703	0.00443	0.00437	0.00867	0.01310	0.01815	0.67731	0.03738	0.16811	0.01015	0.00564	0.00152	0.00228	0.00888	0.00513	0.00443
15	0.00629	0.00495	0.00575	0.00552	0.00695	0.00437	0.00416	0.00800	0.01193	0.01570	0.38257	0.03959	0.41555	0.01175	0.03554	0.00177	0.00276	0.00910	0.00470	0.02306
16	0.00596	0.00439	0.00563	0.00656	0.00712	0.00405	0.00460	0.00698	0.00959	0.01250	0.02978	0.63504	0.15399	0.01436	0.00607	0.00191	0.00286	0.08023	0.00443	0.00395
17	0.01785	0.02278	0.01354	0.01231	0.01478	0.81284	0.00924	0.01909	0.01354	0.01170	0.00739	0.00862	0.00616	0.00493	0.00431	0.00123	0.00862	0.00308	0.00246	0.00554
18	0.32485	0.00861	0.00936	0.00739	0.01094	0.00822	0.00606	0.01752	0.01086	0.35105	0.01220	0.01182	0.00840	0.00487	0.00386	0.00131	0.00382	0.00358	0.00418	0.19110
19	0.02849	0.04441	0.21849	0.01118	0.01517	0.13113	0.03107	0.12832	0.21538	0.05521	0.05041	0.02701	0.01116	0.00573	0.00467	0.00148	0.00565	0.00454	0.00362	0.00691

[dist]
# distance from previous block
# <min> <max>
1	2

[block]
# block no. 6 follows, 53 sequences, length 28
# corresponding to MSA columns:
# 242-269
name=unknown_G
#
# <colnr> <probs for GDERKNQSTAVLIFYWHMCP>
#	G	D	E	R	K	N	Q	S	T	A	V	L	I	F	Y	W	H	M	C	P
0	0.01140	0.37510	0.42878	0.01113	0.01675	0.01467	0.01312	0.05335	0.01055	0.01420	0.00789	0.00911	0.00619	0.00441	0.00391	0.00130	0.00613	0.00315	0.00217	0.00671
1	0.01216	0.72172	0.08960	0.00858	0.01273	0.01750	0.00881	0.01402	0.00967	0.01159	0.00750	0.03010	0.00697	0.00530	0.02583	0.00127	0.00543	0.00300	0.00212	0.00610
2	0.00605	0.00447	0.00569	0.00647	0.00714	0.00411	0.00460	0.00720	0.01001	0.01313	0.09727	0.54788	0.17065	0.01384	0.00603	0.00187	0.00281	0.08226	0.00451	0.00401
3	0.01136	0.17677	0.31726	0.01469	0.15627	0.04893	0.04291	0.01579	0.07689	0.02821	0.03605	0.01159	0.00856	0.00474	0.00436	0.00138	0.00595	0.00386	0.00256	0.03188
4	0.02480	0.00711	0.01084	0.07099	0.12936	0.00726	0.06369	0.02386	0.05404	0.04797	0.01940	0.45768	0.02107	0.01045	0.00581	0.00176	0.02535	0.00950	0.00382	0.00524
5	0.00825	0.00594	0.00767	0.00853	0.00965	0.03138	0.00717	0.01020	0.01096	0.04386	0.03945	0.16756	0.02718	0.01286	0.00637	0.00209	0.00424	0.58774	0.00442	0.00450
6	0.01084	0.01280	0.15907	0.13151	0.29955	0.01051	0.11542	0.04729	0.01119	0.03696	0.01309	0.01639	0.06951	0.00546	0.00498	0.00154	0.00597	0.03854	0.00273	0.00664
7	0.01123	0.10166	0.26087	0.01226	0.07072	0.03666	0.06191	0.07823	0.09501	0.04278	0.16505	0.01624	0.01516	0.00582	0.00474	0.00145	0.00534	0.00491	0.00337	0.00659
8	0.01201	0.01260	0.01562	0.34011	0.28457	0.18882	0.01253	0.02942	0.01112	0.01358	0.00894	0.03289	0.00742	0.00492	0.00469	0.00146	0.00652	0.00424	0.00239	0.00613
9	0.00886	0.00577	0.00767	0.00806	0.00941	0.00563	0.00670	0.03063	0.01132	0.09288	0.05293	0.15471	0.11307	0.01221	0.00633	0.00198	0.01823	0.44428	0.00456	0.00477
10	0.01301	0.03374	0.32092	0.01172	0.05260	0.03168	0.04216	0.03846	0.02477	0.22543	0.06745	0.01704	0.04881	0.02474	0.00527	0.00158	0.00547	0.02467	0.00364	0.00684
11	0.04836	0.00806	0.04208	0.00848	0.02944	0.03773	0.01941	0.04830	0.05610	0.15326	0.08559	0.18456	0.14549	0.02468	0.00571	0.00172	0.00388	0.08720	0.00444	0.00552
12	0.00903	0.00850	0.01434	0.82054	0.03292	0.01062	0.01327	0.01221	0.00956	0.01221	0.00850	0.01274	0.00637	0.00478	0.00478	0.00159	0.00637	0.00425	0.00212	0.00531
13	0.01128	0.01032	0.01771	0.05663	0.36881	0.02523	0.17320	0.01405	0.01131	0.06742	0.09939	0.02793	0.06064	0.00570	0.00540	0.00151	0.02831	0.00552	0.00307	0.00656
14	0.01628	0.02894	0.01262	0.01048	0.05644	0.00858	0.06817	0.09676	0.06457	0.41150	0.06689	0.06112	0.05119	0.00676	0.00501	0.00152	0.00434	0.01668	0.00496	0.00719
15	0.01292	0.04738	0.07470	0.16663	0.23687	0.10573	0.03191	0.10427	0.02870	0.06543	0.02081	0.02771	0.00877	0.00531	0.00501	0.00148	0.02780	0.01898	0.00296	0.00665
16	0.01024	0.01052	0.04508	0.27309	0.11786	0.07395	0.14052	0.01326	0.03291	0.03470	0.01424	0.12936	0.05293	0.00668	0.00515	0.00160	0.00588	0.02340	0.00290	0.00572
17	0.01218	0.01205	0.05139	0.02743	0.71579	0.01159	0.01441	0.06794	0.01165	0.01660	0.00915	0.01173	0.00755	0.00437	0.00473	0.00142	0.00571	0.00423	0.00252	0.00759
18	0.05043	0.01080	0.02752	0.04583	0.28049	0.02447	0.01033	0.15470	0.06098	0.25128	0.01313	0.02775	0.00959	0.00538	0.00471	0.00147	0.00498	0.00456	0.00404	0.00755
19	0.05880	0.05671	0.15799	0.05895	0.19140	0.05745	0.03154	0.21373	0.01362	0.01886	0.02440	0.02785	0.04465	0.00542	0.00459	0.00144	0.00564	0.00444	0.01571	0.00683
20	0.01174	0.01109	0.01859	0.12426	0.67794	0.01140	0.01428	0.04502	0.01118	0.01578	0.00903	0.01193	0.00745	0.00438	0.00474	0.00144	0.00575	0.00426	0.00243	0.00732
21	0.01159	0.01169	0.06920	0.09727	0.55574	0.03010	0.01339	0.01448	0.01091	0.04504	0.03253	0.01309	0.02275	0.00467	0.00470	0.00141	0.00558	0.00436	0.00260	0.04891
22	0.04219	0.05548	0.05657	0.09740	0.21092	0.10227	0.12162	0.08516	0.05169	0.04881	0.01148	0.03504	0.02193	0.00541	0.00479	0.00149	0.00602	0.03216	0.00300	0.00658
23	0.03484	0.04651	0.05066	0.02195	0.51912	0.02600	0.01227	0.03741	0.02931	0.09755	0.03254	0.01423	0.04639	0.00506	0.00468	0.00143	0.00525	0.00456	0.00302	0.00721
24	0.01215	0.01180	0.08192	0.04747	0.29526	0.05309	0.01110	0.06830	0.07541	0.07396	0.03065	0.05206	0.03724	0.00601	0.00575	0.00151	0.07879	0.00496	0.01958	0.03299
25	0.05099	0.08244	0.18395	0.01437	0.16859	0.13625	0.04429	0.05283	0.04049	0.04352	0.02837	0.04260	0.07956	0.00580	0.00460	0.00144	0.00580	0.00475	0.00296	0.00642
26	0.01154	0.05818	0.16854	0.02955	0.16513	0.04154	0.06357	0.07749	0.07871	0.06317	0.12746	0.01763	0.06464	0.00604	0.00486	0.00147	0.00521	0.00522	0.00345	0.00660
27	0.02681	0.15376	0.13331	0.01551	0.22784	0.07283	0.04007	0.07869	0.05666	0.04174	0.03714	0.04139	0.04301	0.00550	0.00452	0.00140	0.00552	0.00459	0.00299	0.00670

[dist]
# distance from previous block
# <min> <max>
27	164

[block]
# block no. 7 follows, 53 sequences, length 14
# corresponding to MSA columns:
# 435-448
name=unknown_H
#
# <colnr> <probs for GDERKNQSTAVLIFYWHMCP>
#	G	D	E	R	K	N	Q	S	T	A	V	L	I	F	Y	W	H	M	C	P
0	0.16443	0.03862	0.04868	0.10176	0.05457	0.05909	0.04365	0.07383	0.08158	0.06740	0.03973	0.08758	0.03417	0.00649	0.00525	0.00155	0.05796	0.00516	0.02256	0.00596
1	0.04284	0.05193	0.07083	0.03260	0.19746	0.15294	0.02500	0.07425	0.06640	0.03955	0.06710	0.09969	0.02250	0.00658	0.00481	0.00149	0.00544	0.02900	0.00333	0.00627
2	0.07352	0.03965	0.13282	0.01163	0.11706	0.00879	0.03290	0.07910	0.01220	0.14196	0.14699	0.11163	0.05722	0.00725	0.00492	0.00152	0.00444	0.00621	0.00394	0.00625
3	0.01064	0.00759	0.02057	0.00811	0.01022	0.04715	0.02147	0.01340	0.07848	0.15287	0.07168	0.19010	0.10431	0.00971	0.00541	0.00165	0.00386	0.15015	0.00445	0.08818
4	0.01165	0.06069	0.18238	0.01779	0.19973	0.08676	0.22219	0.05003	0.01175	0.01574	0.07088	0.01387	0.01029	0.00497	0.00492	0.00147	0.00654	0.01906	0.00267	0.00662
5	0.03276	0.63889	0.02205	0.00861	0.01251	0.04633	0.03122	0.01498	0.04096	0.03654	0.02533	0.00927	0.00757	0.00437	0.00339	0.00109	0.00506	0.00300	0.00244	0.05362
6	0.01027	0.01229	0.18269	0.00878	0.01355	0.00801	0.00849	0.04388	0.05032	0.01628	0.00919	0.01041	0.00728	0.00399	0.00387	0.00096	0.00438	0.00317	0.00284	0.59934
7	0.01452	0.11368	0.19520	0.10125	0.05775	0.01109	0.03489	0.11620	0.01283	0.24585	0.04212	0.01322	0.00966	0.00524	0.00458	0.00144	0.00542	0.00426	0.00368	0.00711
8	0.00687	0.00503	0.00657	0.00678	0.00752	0.00522	0.00497	0.00846	0.03233	0.01222	0.08172	0.14095	0.08190	0.21618	0.27050	0.00440	0.00660	0.09426	0.00354	0.00400
9	0.01242	0.01130	0.01817	0.06979	0.63939	0.03073	0.01370	0.03168	0.01110	0.05926	0.00939	0.01197	0.00765	0.00464	0.00529	0.00146	0.04789	0.00426	0.00259	0.00732
10	0.01144	0.01096	0.01870	0.13950	0.69510	0.01125	0.01447	0.01433	0.01070	0.01514	0.00892	0.01196	0.00740	0.00433	0.00474	0.00144	0.00577	0.00426	0.00233	0.00726
11	0.01237	0.00770	0.00940	0.00868	0.01087	0.00791	0.00699	0.07823	0.20800	0.19537	0.07293	0.13259	0.02090	0.00929	0.00549	0.00175	0.00389	0.19641	0.00495	0.00627
12	0.01239	0.01122	0.01825	0.04942	0.67042	0.01141	0.01370	0.05530	0.05496	0.04167	0.01000	0.01231	0.00809	0.00453	0.00475	0.00144	0.00552	0.00434	0.00274	0.00755
13	0.12513	0.11358	0.09575	0.01133	0.09113	0.06604	0.00907	0.17642	0.05904	0.04223	0.01082	0.06688	0.00909	0.00549	0.00423	0.00135	0.00501	0.00426	0.00333	0.09982

[dist]
# distance from previous block
# <min> <max>
0	1

[block]
# block no. 8 follows, 53 sequences, length 40
# corresponding to MSA columns:
# 450-489
name=unknown_I
#
# <colnr> <probs for GDERKNQSTAVLIFYWHMCP>
#	G	D	E	R	K	N	Q	S	T	A	V	L	I	F	Y	W	H	M	C	P
0	0.03440	0.46449	0.09163	0.00944	0.01344	0.09576	0.00904	0.12092	0.04792	0.04437	0.00876	0.00948	0.00709	0.00465	0.00371	0.00120	0.00547	0.00318	0.01853	0.00652
1	0.00726	0.00551	0.00800	0.00783	0.00869	0.00646	0.00608	0.02881	0.00802	0.01152	0.01263	0.01887	0.01190	0.07162	0.72533	0.00717	0.04220	0.00515	0.00262	0.00434
2	0.01791	0.01337	0.01486	0.01134	0.01520	0.01472	0.03791	0.75762	0.02206	0.02957	0.01141	0.01153	0.00810	0.00567	0.00481	0.00144	0.00536	0.00435	0.00469	0.00807
3	0.00652	0.00488	0.00605	0.00575	0.00699	0.00440	0.00431	0.00854	0.01294	0.01778	0.63296	0.03799	0.21269	0.01029	0.00564	0.00153	0.00229	0.00896	0.00508	0.00440
4	0.02108	0.00872	0.01146	0.00878	0.01250	0.00790	0.00726	0.10886	0.01467	0.71856	0.01803	0.01573	0.01142	0.00590	0.00480	0.00147	0.00420	0.00475	0.00579	0.00813
5	0.01252	0.02939	0.01941	0.02570	0.61592	0.05974	0.08330	0.01561	0.03357	0.04474	0.00957	0.01198	0.00779	0.00440	0.00476	0.00143	0.00594	0.00433	0.00257	0.00734
6	0.01278	0.83490	0.02505	0.00818	0.01227	0.01891	0.00818	0.01431	0.00971	0.01125	0.00664	0.00767	0.00613	0.00409	0.00307	0.00102	0.00511	0.00256	0.00204	0.00613
7	0.04040	0.03154	0.01085	0.02461	0.05638	0.00724	0.00638	0.01232	0.00989	0.01560	0.00841	0.00994	0.00700	0.00365	0.00360	0.00080	0.00377	0.00292	0.00277	0.74193
8	0.01385	0.01444	0.01833	0.06258	0.31378	0.22613	0.15518	0.04396	0.04109	0.05052	0.00958	0.01162	0.00754	0.00463	0.00480	0.00142	0.00679	0.00427	0.00273	0.00674
9	0.01951	0.00858	0.01091	0.00855	0.01196	0.02702	0.00699	0.07452	0.02946	0.64064	0.09426	0.01768	0.01474	0.00627	0.00487	0.00147	0.00408	0.00512	0.00567	0.00771
10	0.01692	0.01277	0.01364	0.01075	0.01435	0.01424	0.00878	0.63531	0.17546	0.02811	0.01306	0.01274	0.00941	0.00589	0.00480	0.00147	0.00497	0.00452	0.00480	0.00802
11	0.01213	0.21943	0.41980	0.01157	0.01695	0.05986	0.01308	0.09009	0.06463	0.03633	0.00932	0.01023	0.00701	0.00474	0.00422	0.00138	0.00620	0.00350	0.00261	0.00691
12	0.00676	0.00489	0.00639	0.00601	0.00714	0.00451	0.00451	0.00902	0.01353	0.01917	0.79969	0.03570	0.04510	0.00977	0.00564	0.00150	0.00225	0.00864	0.00526	0.00451
13	0.00679	0.00487	0.00664	0.00671	0.00724	0.00531	0.00476	0.00787	0.00775	0.01083	0.04099	0.08700	0.01643	0.30247	0.45623	0.00599	0.00890	0.00652	0.00291	0.00378
14	0.01183	0.01136	0.01940	0.02934	0.80221	0.01136	0.01467	0.01467	0.01088	0.01562	0.00899	0.01183	0.00757	0.00426	0.00473	0.00142	0.00568	0.00426	0.00237	0.00757
15	0.01817	0.01339	0.01434	0.01100	0.01482	0.01482	0.00908	0.78627	0.02247	0.03012	0.01148	0.01148	0.00813	0.00574	0.00478	0.00143	0.00526	0.00430	0.00478	0.00813
16	0.00578	0.00435	0.00535	0.00616	0.00680	0.00392	0.00422	0.00671	0.00963	0.01240	0.03240	0.61401	0.24260	0.01419	0.00598	0.00185	0.00268	0.01263	0.00444	0.00392
17	0.00695	0.00463	0.00521	0.00521	0.00521	0.00463	0.00290	0.00695	0.00695	0.00927	0.01506	0.03128	0.01738	0.83203	0.02433	0.00463	0.00463	0.00695	0.00290	0.00290
18	0.01189	0.01027	0.01081	0.00973	0.01243	0.01189	0.00757	0.02540	0.79357	0.01999	0.01945	0.01783	0.01459	0.00648	0.00486	0.00162	0.00378	0.00540	0.00486	0.00757
19	0.01624	0.01243	0.01326	0.01061	0.01409	0.01392	0.00862	0.55303	0.25885	0.02702	0.01392	0.01342	0.01011	0.00597	0.00481	0.00149	0.00481	0.00464	0.00481	0.00796
20	0.01172	0.01094	0.01459	0.01229	0.01292	0.01467	0.01023	0.13841	0.00980	0.01455	0.00713	0.01062	0.00658	0.00794	0.01390	0.00198	0.68928	0.00420	0.00253	0.00570
21	0.01193	0.03602	0.11862	0.04066	0.54624	0.01183	0.07762	0.07041	0.01159	0.01639	0.00910	0.01158	0.00733	0.00439	0.00474	0.00144	0.00602	0.00424	0.00249	0.00737
22	0.01600	0.06971	0.03749	0.01224	0.08617	0.04426	0.00942	0.48339	0.11027	0.04454	0.01270	0.01280	0.02777	0.00567	0.00467	0.00143	0.00519	0.00439	0.00424	0.00765
23	0.01626	0.09035	0.27394	0.01040	0.01507	0.02935	0.01080	0.01925	0.01190	0.42390	0.01361	0.01304	0.00906	0.00536	0.00495	0.00146	0.03570	0.00412	0.00405	0.00743
