[name]
unknown

[dist]
# distance from previous block
# <min> <max>
24	251

[block]
# block no. 0 follows, 55 sequences, length 31
# corresponding to MSA columns:
# 678-708
name=unknown_A
#
# <colnr> <probs for GDERKNQSTAVLIFYWHMCP>
#	G	D	E	R	K	N	Q	S	T	A	V	L	I	F	Y	W	H	M	C	P
0	0.02507	0.01035	0.02874	0.41554	0.16167	0.08233	0.01149	0.03264	0.02384	0.07838	0.01051	0.01301	0.03287	0.00499	0.00482	0.00146	0.02539	0.00420	0.00265	0.03007
1	0.13782	0.07924	0.10037	0.00892	0.01234	0.02277	0.00804	0.14036	0.08304	0.23468	0.05179	0.05758	0.01158	0.00598	0.00460	0.00145	0.02403	0.00463	0.00410	0.00667
2	0.01028	0.08226	0.51538	0.01262	0.04326	0.01134	0.04560	0.05744	0.09414	0.01593	0.04398	0.01175	0.00865	0.00482	0.00443	0.00143	0.00602	0.00391	0.00258	0.02419
3	0.01129	0.00815	0.00958	0.00722	0.01085	0.00670	0.00576	0.08087	0.01123	0.11980	0.01368	0.05777	0.06850	0.00516	0.00400	0.00098	0.00354	0.00423	0.00352	0.56719
4	0.03154	0.00610	0.00766	0.16687	0.01229	0.00618	0.00607	0.03156	0.04382	0.05325	0.14795	0.08456	0.36604	0.00932	0.00519	0.00156	0.00335	0.00792	0.00406	0.00471
5	0.01533	0.01299	0.05073	0.01061	0.01427	0.04734	0.03044	0.49540	0.17156	0.02453	0.01213	0.01213	0.00887	0.00544	0.00458	0.00138	0.00502	0.00425	0.00425	0.06877
6	0.00571	0.00414	0.00531	0.00622	0.00661	0.00383	0.00416	0.00651	0.00897	0.01180	0.02728	0.71051	0.10978	0.05707	0.00682	0.00199	0.00276	0.01254	0.00424	0.00374
7	0.01870	0.01010	0.01231	0.01063	0.07205	0.03571	0.00803	0.22924	0.05803	0.47206	0.01537	0.01410	0.01020	0.00559	0.00465	0.00142	0.00452	0.00448	0.00504	0.00776
8	0.16126	0.01169	0.01082	0.00956	0.01227	0.13609	0.03074	0.04230	0.45276	0.03912	0.01460	0.01489	0.01123	0.00581	0.00440	0.00150	0.00459	0.02582	0.00399	0.00657
9	0.00577	0.00418	0.00547	0.00643	0.00686	0.00388	0.00442	0.00671	0.00924	0.01222	0.04915	0.71254	0.09023	0.01413	0.00592	0.00187	0.00274	0.05007	0.00434	0.00383
10	0.01208	0.68505	0.13684	0.00907	0.01344	0.03623	0.02655	0.01418	0.00963	0.01158	0.00682	0.00793	0.00598	0.00406	0.00327	0.00108	0.00539	0.00270	0.00200	0.00609
11	0.00973	0.00939	0.01638	0.53627	0.25389	0.01065	0.07170	0.01280	0.00980	0.01306	0.00849	0.01216	0.00660	0.00445	0.00470	0.00150	0.00613	0.00424	0.00216	0.00588
12	0.01244	0.83930	0.02438	0.00796	0.01194	0.01841	0.00796	0.01393	0.00945	0.01095	0.00647	0.00746	0.00597	0.00398	0.00299	0.00100	0.00498	0.00249	0.00199	0.00597
13	0.00867	0.00434	0.00434	0.00434	0.00542	0.00434	0.00325	0.01084	0.00976	0.01734	0.01518	0.01734	0.01192	0.00542	0.00325	0.00108	0.00217	0.00434	0.86233	0.00434
14	0.00677	0.00451	0.00507	0.00507	0.00507	0.00451	0.00282	0.00677	0.00677	0.00902	0.01466	0.03044	0.01691	0.83650	0.02368	0.00451	0.00451	0.00677	0.00282	0.00282
15	0.00569	0.00472	0.00497	0.00491	0.00640	0.00401	0.00368	0.00704	0.01105	0.01363	0.17906	0.04303	0.67300	0.01139	0.00550	0.00155	0.00233	0.00957	0.00446	0.00401
16	0.00550	0.00471	0.00471	0.00471	0.00628	0.00393	0.00353	0.00668	0.01060	0.01257	0.04713	0.04477	0.80560	0.01178	0.00550	0.00157	0.00236	0.00982	0.00432	0.00393
17	0.00965	0.00827	0.00965	0.00689	0.01102	0.00620	0.00551	0.01171	0.00965	0.01516	0.00827	0.00965	0.00689	0.00345	0.00345	0.00069	0.00345	0.00276	0.00276	0.86494
18	0.00828	0.00589	0.00670	0.00644	0.00777	0.04859	0.00482	0.00997	0.01195	0.09450	0.40742	0.18095	0.14993	0.01024	0.00544	0.00156	0.00287	0.02733	0.00475	0.00461
19	0.01497	0.01010	0.03200	0.05125	0.01359	0.05417	0.02764	0.01702	0.03603	0.34658	0.02255	0.01317	0.00915	0.00656	0.00873	0.00167	0.32024	0.00439	0.00375	0.00643
20	0.01659	0.01162	0.01252	0.00988	0.01320	0.03174	0.00808	0.55657	0.07181	0.11243	0.01267	0.01271	0.00908	0.00706	0.04428	0.00169	0.00517	0.00433	0.05114	0.00744
21	0.00658	0.00437	0.00577	0.00642	0.00703	0.00403	0.00443	0.00764	0.00978	0.05442	0.13325	0.65277	0.05933	0.01332	0.00579	0.00180	0.00268	0.01200	0.00450	0.00408
22	0.01196	0.53968	0.20912	0.00975	0.01408	0.07725	0.01034	0.01433	0.00970	0.01189	0.00695	0.00824	0.00596	0.00437	0.00408	0.00118	0.05020	0.00284	0.00202	0.00609
23	0.00882	0.00832	0.01396	0.80314	0.03150	0.01044	0.01285	0.01187	0.00924	0.01187	0.00821	0.01234	0.00620	0.00475	0.00494	0.00156	0.02862	0.00413	0.00207	0.00517
24	0.00677	0.00451	0.00507	0.00507	0.00507	0.00451	0.00282	0.00677	0.00677	0.00902	0.01466	0.03044	0.01691	0.83650	0.02368	0.00451	0.00451	0.00677	0.00282	0.00282
25	0.00577	0.00414	0.00557	0.00659	0.00692	0.00394	0.00449	0.00667	0.00888	0.01188	0.02490	0.76648	0.02961	0.01563	0.05000	0.00220	0.00327	0.03503	0.00422	0.00381
26	0.00965	0.00827	0.00965	0.00689	0.01102	0.00620	0.00551	0.01171	0.00965	0.01516	0.00827	0.00965	0.00689	0.00345	0.00345	0.00069	0.00345	0.00276	0.00276	0.86494
27	0.01741	0.21532	0.05559	0.00828	0.01195	0.00980	0.00744	0.01922	0.01182	0.52703	0.01468	0.01423	0.01014	0.05018	0.00527	0.00150	0.00439	0.00418	0.00446	0.00710
28	0.86937	0.00900	0.00684	0.00612	0.00900	0.01044	0.00504	0.01368	0.00792	0.02087	0.00648	0.00756	0.00504	0.00432	0.00288	0.00144	0.00360	0.00252	0.00288	0.00504
29	0.00632	0.00475	0.00585	0.00558	0.00679	0.00428	0.00418	0.00827	0.01255	0.01718	0.62074	0.03719	0.22911	0.01006	0.00549	0.00149	0.00223	0.00875	0.00493	0.00428
30	0.01035	0.00924	0.01021	0.00761	0.01138	0.04665	0.00608	0.03520	0.03560	0.01532	0.00853	0.00991	0.00707	0.00391	0.00417	0.00083	0.04667	0.00296	0.00282	0.72547

[dist]
# distance from previous block
# <min> <max>
5	26

[block]
# block no. 1 follows, 55 sequences, length 36
# corresponding to MSA columns:
# 738-773
name=unknown_B
#
# <colnr> <probs for GDERKNQSTAVLIFYWHMCP>
#	G	D	E	R	K	N	Q	S	T	A	V	L	I	F	Y	W	H	M	C	P
0	0.24109	0.01090	0.03662	0.03554	0.02889	0.04313	0.15018	0.11381	0.08096	0.06173	0.02143	0.01259	0.03879	0.00501	0.00439	0.00140	0.01630	0.00416	0.00331	0.08977
1	0.17694	0.01370	0.01216	0.03385	0.01370	0.17478	0.00814	0.39816	0.08721	0.02273	0.01010	0.01053	0.00750	0.00523	0.00423	0.00139	0.00539	0.00373	0.00380	0.00674
2	0.11511	0.01089	0.01173	0.00909	0.01258	0.10495	0.07397	0.14208	0.01222	0.06575	0.02254	0.01203	0.02955	0.02751	0.00456	0.00122	0.00472	0.00373	0.00327	0.33250
3	0.00570	0.00408	0.00537	0.00638	0.00668	0.00381	0.00425	0.00649	0.00889	0.01180	0.02594	0.78306	0.05397	0.04144	0.00651	0.00197	0.00275	0.01291	0.00427	0.00375
4	0.01673	0.01520	0.01378	0.01123	0.01416	0.23412	0.00904	0.48939	0.01778	0.02230	0.00949	0.01029	0.00718	0.00567	0.00577	0.00142	0.10200	0.00385	0.00373	0.00689
5	0.00650	0.00479	0.00610	0.00587	0.00703	0.00439	0.00447	0.00855	0.01268	0.01757	0.65772	0.03715	0.14335	0.01001	0.00555	0.00152	0.00234	0.05514	0.00496	0.00432
6	0.00601	0.00430	0.00577	0.00672	0.00717	0.00406	0.00477	0.00713	0.00955	0.01279	0.09709	0.64996	0.03141	0.01387	0.00597	0.00189	0.00288	0.12038	0.00439	0.00391
7	0.00944	0.02338	0.77096	0.01406	0.06125	0.01082	0.01704	0.01471	0.00986	0.01476	0.00837	0.00991	0.00597	0.00441	0.00443	0.00147	0.00680	0.00347	0.00198	0.00690
8	0.00649	0.00475	0.00609	0.00576	0.00689	0.00435	0.00432	0.00860	0.01295	0.01814	0.74142	0.03559	0.10782	0.00970	0.00549	0.00147	0.00221	0.00853	0.00505	0.00435
9	0.01318	0.25353	0.22429	0.00968	0.01432	0.01236	0.00999	0.13152	0.02705	0.12746	0.00982	0.01030	0.00730	0.00455	0.00394	0.00121	0.00511	0.00339	0.00307	0.12793
10	0.01263	0.80764	0.02394	0.00812	0.01203	0.04939	0.00800	0.01411	0.00960	0.01096	0.00650	0.00750	0.00597	0.00401	0.00303	0.00100	0.00511	0.00251	0.00201	0.00595
11	0.00965	0.00827	0.00965	0.00689	0.01102	0.00620	0.00551	0.01171	0.00965	0.01516	0.00827	0.00965	0.00689	0.00345	0.00345	0.00069	0.00345	0.00276	0.00276	0.86494
12	0.01151	0.01105	0.01888	0.02855	0.80748	0.01105	0.01428	0.01428	0.01059	0.01520	0.00875	0.01151	0.00737	0.00415	0.00461	0.00138	0.00553	0.00415	0.00230	0.00737
13	0.00751	0.00681	0.01172	0.01013	0.01187	0.00648	0.21887	0.00999	0.05761	0.01337	0.03730	0.47348	0.08194	0.01084	0.00571	0.00175	0.00415	0.02195	0.00382	0.00471
14	0.00867	0.00434	0.00434	0.00434	0.00542	0.00434	0.00325	0.01084	0.00976	0.01734	0.01518	0.01734	0.01192	0.00542	0.00325	0.00108	0.00217	0.00434	0.86233	0.00434
15	0.00609	0.00470	0.00557	0.00543	0.00667	0.00417	0.00404	0.00780	0.01188	0.01581	0.45421	0.08719	0.34819	0.01073	0.00552	0.00153	0.00229	0.00927	0.00475	0.00417
16	0.00638	0.00433	0.00581	0.00673	0.00721	0.00405	0.00472	0.00739	0.00936	0.03847	0.04813	0.70566	0.03013	0.01397	0.00593	0.00189	0.00288	0.08862	0.00439	0.00398
17	0.01216	0.00586	0.00725	0.00630	0.00837	0.00519	0.00488	0.01372	0.01144	0.32646	0.09851	0.07918	0.21312	0.05849	0.00599	0.00164	0.00310	0.00694	0.12587	0.00552
18	0.01059	0.01087	0.01419	0.01220	0.01234	0.06036	0.01011	0.01162	0.00747	0.01121	0.00617	0.01008	0.00610	0.00795	0.01463	0.00199	0.78096	0.00401	0.00206	0.00511
19	0.00602	0.00423	0.00545	0.00629	0.00655	0.00404	0.00418	0.00673	0.00854	0.01136	0.02313	0.60675	0.02743	0.19807	0.00993	0.00249	0.00320	0.05804	0.00398	0.00359
20	0.00750	0.00535	0.00750	0.00857	0.00964	0.00535	0.00750	0.00964	0.01071	0.01392	0.02463	0.05248	0.02677	0.01285	0.00643	0.00214	0.00428	0.77617	0.00428	0.00428
21	0.01476	0.01158	0.01231	0.01011	0.01331	0.01306	0.00813	0.42458	0.39403	0.02460	0.01489	0.01413	0.01092	0.00593	0.00469	0.00148	0.00443	0.00470	0.00469	0.00765
22	0.01055	0.00928	0.01182	0.03551	0.01324	0.02963	0.08503	0.05648	0.05844	0.02869	0.01000	0.04257	0.00836	0.00433	0.00397	0.00097	0.00420	0.00375	0.00302	0.58016
23	0.00608	0.00433	0.00583	0.00688	0.00731	0.00413	0.00494	0.00715	0.00923	0.01223	0.02513	0.64836	0.02956	0.03653	0.00652	0.00201	0.00308	0.17258	0.00427	0.00386
24	0.00942	0.02353	0.78220	0.01312	0.01983	0.01083	0.01682	0.01511	0.03954	0.01491	0.00875	0.01011	0.00621	0.00449	0.00443	0.00148	0.00676	0.00351	0.00207	0.00689
25	0.01095	0.00863	0.01006	0.00728	0.01135	0.00689	0.00586	0.07424	0.01083	0.06355	0.00910	0.01014	0.00725	0.00375	0.00361	0.00079	0.00361	0.00298	0.00309	0.74605
26	0.00557	0.00454	0.00493	0.00520	0.00642	0.00390	0.00376	0.00668	0.01022	0.01254	0.05999	0.25055	0.58463	0.01246	0.00561	0.00165	0.00244	0.01067	0.00434	0.00390
27	0.01134	0.55075	0.30330	0.00984	0.01484	0.01572	0.01123	0.01421	0.00958	0.01229	0.00713	0.00830	0.00594	0.00414	0.00349	0.00116	0.00565	0.00282	0.00198	0.00629
28	0.00947	0.00807	0.00945	0.00683	0.01079	0.00610	0.00545	0.01155	0.00985	0.01536	0.05399	0.01109	0.00901	0.00379	0.00356	0.00073	0.00337	0.00308	0.00289	0.81557
29	0.00614	0.03592	0.00616	0.00596	0.00699	0.00458	0.00439	0.00743	0.01037	0.01344	0.17648	0.35462	0.28292	0.01223	0.00563	0.00169	0.00267	0.05393	0.00438	0.00405
30	0.00603	0.00438	0.00574	0.00646	0.00708	0.00409	0.00463	0.00728	0.01004	0.01341	0.17038	0.53123	0.09677	0.01321	0.00588	0.00181	0.00276	0.10038	0.00446	0.00396
31	0.00933	0.02406	0.81240	0.01326	0.02014	0.01080	0.01719	0.01473	0.00982	0.01473	0.00835	0.00982	0.00589	0.00442	0.00442	0.00147	0.00688	0.00344	0.00196	0.00688
32	0.01734	0.01283	0.01378	0.01054	0.01428	0.01408	0.00870	0.75877	0.02135	0.02872	0.01105	0.01110	0.00787	0.00549	0.00460	0.00137	0.00505	0.00413	0.00457	0.04438
33	0.00955	0.00823	0.00977	0.00715	0.01092	0.00659	0.00573	0.01156	0.00965	0.01508	0.04205	0.01075	0.00842	0.00397	0.00421	0.00080	0.05070	0.00307	0.00282	0.77899
34	0.04255	0.00437	0.00556	0.00634	0.00686	0.00415	0.00435	0.00712	0.00950	0.01324	0.13624	0.67090	0.04493	0.01337	0.00574	0.00180	0.00266	0.01203	0.00437	0.00392
35	0.01622	0.00994	0.01098	0.00882	0.01184	0.05571	0.00712	0.28276	0.05821	0.29434	0.13207	0.01745	0.03450	0.00637	0.00474	0.00141	0.00424	0.00511	0.03115	0.00701

[dist]
# distance from previous block
# <min> <max>
0	1

[block]
# block no. 2 follows, 55 sequences, length 20
# corresponding to MSA columns:
# 775-794
name=unknown_C
#
# <colnr> <probs for GDERKNQSTAVLIFYWHMCP>
#	G	D	E	R	K	N	Q	S	T	A	V	L	I	F	Y	W	H	M	C	P
0	0.00960	0.05716	0.01566	0.15656	0.12850	0.01071	0.13320	0.01190	0.00946	0.01300	0.01240	0.04757	0.04128	0.00739	0.01925	0.00178	0.19395	0.10670	0.01852	0.00544
1	0.00965	0.00827	0.00965	0.00689	0.01102	0.00620	0.00551	0.01171	0.00965	0.01516	0.00827	0.00965	0.00689	0.00345	0.00345	0.00069	0.00345	0.00276	0.00276	0.86494
2	0.00591	0.00424	0.00565	0.00663	0.00702	0.00403	0.00461	0.00686	0.00901	0.01197	0.02532	0.68299	0.05016	0.04013	0.03553	0.00218	0.00325	0.08649	0.00420	0.00382
3	0.00873	0.00574	0.00764	0.00696	0.00852	0.00536	0.03996	0.03407	0.02419	0.11832	0.23508	0.16190	0.18560	0.07124	0.03832	0.00203	0.00354	0.03355	0.00447	0.00477
4	0.01000	0.00934	0.01559	0.12708	0.47639	0.00960	0.04659	0.01298	0.04851	0.01431	0.01250	0.17202	0.01209	0.00634	0.00492	0.00152	0.00508	0.00603	0.00279	0.00633
5	0.01098	0.01255	0.02745	0.01961	0.02431	0.01176	0.79059	0.01490	0.01098	0.01490	0.00941	0.01255	0.00706	0.00392	0.00549	0.00157	0.00784	0.00549	0.00235	0.00627
6	0.01014	0.00969	0.01638	0.42019	0.34058	0.01076	0.05101	0.01373	0.05569	0.01380	0.00914	0.01234	0.00717	0.00451	0.00468	0.00149	0.00587	0.00427	0.00233	0.00623
7	0.03970	0.17037	0.01278	0.00843	0.01136	0.01078	0.00713	0.14785	0.14654	0.17947	0.06876	0.03541	0.05177	0.00684	0.00459	0.00146	0.00411	0.08187	0.00429	0.00649
8	0.01224	0.00768	0.00903	0.00793	0.01027	0.00789	0.00618	0.03414	0.31297	0.22126	0.17753	0.08725	0.06988	0.00779	0.00501	0.00154	0.00332	0.00664	0.00501	0.00642
9	0.02023	0.00898	0.01087	0.00851	0.01195	0.07160	0.00695	0.02199	0.01330	0.72686	0.03728	0.01572	0.01189	0.00578	0.00466	0.00142	0.00427	0.00464	0.00547	0.00763
10	0.15781	0.00826	0.00925	0.04719	0.01126	0.00848	0.00632	0.17746	0.01313	0.26303	0.01677	0.01650	0.09007	0.00598	0.00422	0.00139	0.00379	0.00465	0.14816	0.00630
11	0.01049	0.20056	0.59489	0.01196	0.01802	0.01267	0.01470	0.05962	0.01044	0.01476	0.00810	0.00939	0.00603	0.00439	0.00412	0.00136	0.00636	0.00327	0.00213	0.00674
12	0.00573	0.00413	0.00543	0.00635	0.00674	0.00383	0.00429	0.00667	0.00932	0.01245	0.08890	0.73430	0.06652	0.01405	0.00588	0.00184	0.00264	0.01269	0.00438	0.00383
13	0.00586	0.00429	0.00551	0.00612	0.00674	0.00394	0.00424	0.00704	0.01010	0.01354	0.20997	0.55372	0.12565	0.01306	0.00578	0.00175	0.00254	0.01170	0.00451	0.00394
14	0.09582	0.01198	0.01200	0.07498	0.01441	0.14340	0.02032	0.18125	0.16818	0.19690	0.01286	0.01274	0.00919	0.00546	0.00463	0.00144	0.01936	0.00417	0.00409	0.00683
15	0.00977	0.13886	0.70144	0.01251	0.01898	0.01187	0.01589	0.01462	0.00977	0.01420	0.00808	0.00949	0.00590	0.00436	0.00422	0.00141	0.00661	0.00330	0.00197	0.00675
16	0.00598	0.00472	0.00540	0.00534	0.00665	0.00414	0.00401	0.00756	0.01153	0.01494	0.34009	0.07548	0.45513	0.01105	0.00554	0.00156	0.00236	0.02980	0.00463	0.00411
17	0.17281	0.00979	0.03187	0.01011	0.01385	0.00919	0.13519	0.10053	0.01277	0.43619	0.01374	0.01316	0.00910	0.00515	0.00448	0.00146	0.00472	0.00434	0.00447	0.00710
18	0.06236	0.01037	0.01698	0.01374	0.07949	0.00997	0.27968	0.09791	0.01179	0.11919	0.01065	0.01268	0.00808	0.00467	0.00503	0.00136	0.03871	0.01773	0.03389	0.16574
19	0.06735	0.07600	0.01226	0.00886	0.01223	0.01064	0.00734	0.22383	0.14138	0.33634	0.04544	0.01443	0.01143	0.00572	0.00447	0.00142	0.00421	0.00449	0.00481	0.00736

[dist]
# distance from previous block
# <min> <max>
0	2

[block]
# block no. 3 follows, 55 sequences, length 13
# corresponding to MSA columns:
# 797-809
name=unknown_D
#
# <colnr> <probs for GDERKNQSTAVLIFYWHMCP>
#	G	D	E	R	K	N	Q	S	T	A	V	L	I	F	Y	W	H	M	C	P
0	0.01901	0.00751	0.01020	0.00796	0.01123	0.00652	0.00652	0.02086	0.01330	0.70749	0.12087	0.01830	0.01574	0.00625	0.00478	0.00144	0.00373	0.00517	0.00567	0.00746
1	0.01164	0.00829	0.01016	0.00981	0.08334	0.00853	0.00704	0.20798	0.10060	0.09400	0.28592	0.02457	0.07922	0.00765	0.00508	0.00149	0.00366	0.04019	0.00467	0.00616
2	0.24495	0.01514	0.28601	0.01239	0.01705	0.01105	0.20694	0.01584	0.11693	0.01710	0.00954	0.01091	0.00708	0.00452	0.00431	0.00150	0.00579	0.00395	0.00269	0.00629
3	0.65528	0.01001	0.00863	0.00727	0.01036	0.01144	0.00599	0.20931	0.01143	0.02300	0.00766	0.00847	0.00576	0.00464	0.00333	0.00143	0.00398	0.00294	0.00333	0.00576
4	0.00673	0.00511	0.00643	0.00709	0.00835	0.00481	0.00598	0.00850	0.01067	0.01340	0.03326	0.04952	0.32554	0.01244	0.00607	0.00192	0.00354	0.48219	0.00430	0.00415
5	0.00567	0.00405	0.00540	0.00648	0.00675	0.00378	0.00432	0.00648	0.00891	0.01188	0.02564	0.83347	0.03077	0.01457	0.00594	0.00189	0.00270	0.01323	0.00432	0.00378
6	0.00567	0.00405	0.00540	0.00648	0.00675	0.00378	0.00432	0.00648	0.00891	0.01188	0.02564	0.83347	0.03077	0.01457	0.00594	0.00189	0.00270	0.01323	0.00432	0.00378
7	0.05123	0.00869	0.01039	0.00844	0.01153	0.00871	0.00682	0.11319	0.19500	0.41626	0.07864	0.01682	0.01399	0.00609	0.00463	0.00146	0.00382	0.00495	0.03206	0.00728
8	0.01685	0.02106	0.01294	0.01175	0.01417	0.74387	0.00884	0.01914	0.08527	0.01213	0.00827	0.00921	0.00675	0.00493	0.00424	0.00123	0.00796	0.00320	0.00261	0.00557
9	0.00695	0.00509	0.00679	0.00770	0.00874	0.00493	0.00647	0.00877	0.01046	0.01345	0.02824	0.15300	0.14753	0.01291	0.00622	0.00202	0.00378	0.55849	0.00429	0.00416
10	0.00933	0.02406	0.81240	0.01326	0.02014	0.01080	0.01719	0.01473	0.00982	0.01473	0.00835	0.00982	0.00589	0.00442	0.00442	0.00147	0.00688	0.00344	0.00196	0.00688
11	0.01078	0.01013	0.01691	0.31494	0.49576	0.01093	0.01357	0.04509	0.01059	0.01458	0.00868	0.01182	0.00697	0.00439	0.00462	0.00144	0.00575	0.00414	0.00231	0.00660
12	0.01578	0.14440	0.01458	0.01094	0.01349	0.56041	0.00862	0.06997	0.01275	0.01271	0.00844	0.00961	0.02530	0.00508	0.00463	0.00123	0.05023	0.00325	0.02299	0.00558

[dist]
# distance from previous block
# <min> <max>
0	21

[block]
# block no. 4 follows, 55 sequences, length 15
# corresponding to MSA columns:
# 831-845
name=unknown_E
#
# <colnr> <probs for GDERKNQSTAVLIFYWHMCP>
#	G	D	E	R	K	N	Q	S	T	A	V	L	I	F	Y	W	H	M	C	P
0	0.01875	0.00834	0.01074	0.00840	0.01174	0.00774	0.00688	0.11506	0.04911	0.60707	0.09057	0.01709	0.01420	0.00611	0.00475	0.00144	0.00392	0.00499	0.00552	0.00756
1	0.01019	0.26072	0.51892	0.01167	0.01738	0.01281	0.04485	0.01427	0.00989	0.01379	0.03967	0.01024	0.00748	0.00448	0.00409	0.00134	0.00617	0.00344	0.00211	0.00649
2	0.00671	0.00452	0.00506	0.00506	0.00513	0.00448	0.00285	0.00676	0.00694	0.00918	0.01611	0.03108	0.05214	0.79967	0.02287	0.00438	0.00441	0.00690	0.00289	0.00287
3	0.00965	0.00827	0.00965	0.00689	0.01102	0.00620	0.00551	0.01171	0.00965	0.01516	0.00827	0.00965	0.00689	0.00345	0.00345	0.00069	0.00345	0.00276	0.00276	0.86494
4	0.00677	0.00451	0.00507	0.00507	0.00507	0.00451	0.00282	0.00677	0.00677	0.00902	0.01466	0.03044	0.01691	0.83650	0.02368	0.00451	0.00451	0.00677	0.00282	0.00282
5	0.00550	0.00471	0.00471	0.00471	0.00628	0.00393	0.00353	0.00668	0.01060	0.01257	0.04713	0.04477	0.80560	0.01178	0.00550	0.00157	0.00236	0.00982	0.00432	0.00393
6	0.04726	0.01073	0.01166	0.00952	0.01271	0.01177	0.00769	0.34105	0.30481	0.14415	0.01506	0.01420	0.01078	0.00583	0.00458	0.00146	0.00427	0.00460	0.03037	0.00750
7	0.00666	0.00493	0.00722	0.00722	0.00796	0.00567	0.00549	0.00814	0.00740	0.01061	0.01270	0.01959	0.01220	0.12113	0.73261	0.00716	0.01161	0.00518	0.00253	0.00401
8	0.00680	0.00494	0.00724	0.00724	0.00809	0.00571	0.00562	0.00850	0.00765	0.01129	0.01266	0.01821	0.01165	0.03270	0.75739	0.00700	0.01169	0.00494	0.06652	0.00417
9	0.00647	0.00473	0.00606	0.00610	0.00699	0.00446	0.00440	0.00856	0.03899	0.01629	0.51070	0.25975	0.06062	0.03689	0.00616	0.00169	0.00247	0.00965	0.00479	0.00426
10	0.00563	0.00467	0.00493	0.00498	0.00639	0.00397	0.00369	0.00690	0.01076	0.01319	0.13019	0.10443	0.66075	0.01174	0.00553	0.00158	0.00236	0.00992	0.00441	0.00397
11	0.01738	0.02217	0.01318	0.01199	0.01438	0.81783	0.00899	0.01858	0.01318	0.01139	0.00719	0.00839	0.00599	0.00479	0.00419	0.00120	0.00839	0.00300	0.00240	0.00539
12	0.01216	0.01167	0.01470	0.05074	0.36467	0.09121	0.01084	0.03767	0.32236	0.01672	0.01266	0.01354	0.00990	0.00512	0.00462	0.00145	0.00510	0.00447	0.00332	0.00710
13	0.01403	0.01190	0.01536	0.01220	0.01538	0.10816	0.19766	0.15240	0.18247	0.12806	0.01387	0.05315	0.01094	0.00600	0.00528	0.00153	0.03175	0.02929	0.00388	0.00670
14	0.01233	0.01341	0.02235	0.01759	0.07632	0.11696	0.49961	0.07991	0.05011	0.01588	0.02583	0.01246	0.00809	0.00450	0.00535	0.00150	0.02374	0.00498	0.00271	0.00636

[dist]
# distance from previous block
# <min> <max>
0	1

[block]
# block no. 5 follows, 55 sequences, length 47
# corresponding to MSA columns:
# 847-855,859-861,872-894,912-923
name=unknown_F
#
# <colnr> <probs for GDERKNQSTAVLIFYWHMCP>
#	G	D	E	R	K	N	Q	S	T	A	V	L	I	F	Y	W	H	M	C	P
0	0.08720	0.01054	0.01081	0.03966	0.01285	0.04078	0.00762	0.08709	0.58641	0.01962	0.01604	0.01529	0.01207	0.00601	0.00482	0.00155	0.02558	0.00478	0.00431	0.00699
1	0.01380	0.48709	0.09556	0.00982	0.01354	0.28640	0.00918	0.01557	0.01074	0.01145	0.00689	0.00800	0.00597	0.00430	0.00353	0.00111	0.00630	0.00275	0.00212	0.00586
2	0.00965	0.00827	0.00965	0.00689	0.01102	0.00620	0.00551	0.01171	0.00965	0.01516	0.00827	0.00965	0.00689	0.00345	0.00345	0.00069	0.00345	0.00276	0.00276	0.86494
3	0.09359	0.00724	0.00933	0.10199	0.04213	0.00753	0.02390	0.11140	0.02295	0.08345	0.20399	0.18758	0.05865	0.00845	0.00503	0.00156	0.00372	0.01801	0.00416	0.00533
4	0.01107	0.19526	0.21592	0.02909	0.04427	0.09660	0.01037	0.05452	0.09238	0.01434	0.01229	0.09407	0.01138	0.00647	0.00464	0.00146	0.01768	0.07925	0.00291	0.00603
5	0.00664	0.00455	0.00516	0.00512	0.00538	0.00445	0.00305	0.00697	0.00777	0.01034	0.10031	0.03215	0.08874	0.67770	0.02018	0.00393	0.00408	0.00721	0.00319	0.00308
6	0.00779	0.00526	0.00734	0.00709	0.00787	0.00586	0.00528	0.00901	0.00768	0.06536	0.01319	0.02093	0.01277	0.23740	0.52876	0.00610	0.04004	0.00539	0.00278	0.00410
7	0.01424	0.03487	0.01384	0.06030	0.01500	0.37955	0.06880	0.07080	0.07493	0.04654	0.06394	0.01235	0.00984	0.00625	0.02378	0.00154	0.09056	0.00410	0.00300	0.00577
8	0.17971	0.03706	0.21404	0.01080	0.01457	0.34758	0.01013	0.04840	0.03990	0.04535	0.00834	0.00929	0.00637	0.00471	0.00403	0.00134	0.00653	0.00320	0.00267	0.00598
9	0.00706	0.00467	0.00590	0.00601	0.00693	0.00437	0.00439	0.00862	0.01087	0.04453	0.32984	0.23705	0.08845	0.08306	0.00704	0.00186	0.00275	0.06371	0.07870	0.00418
10	0.00932	0.00931	0.01724	0.62932	0.03016	0.01068	0.20210	0.01262	0.00971	0.01262	0.00855	0.01244	0.00641	0.00447	0.00486	0.00155	0.00660	0.00446	0.00214	0.00544
11	0.11006	0.00977	0.00938	0.00818	0.01040	0.13444	0.02668	0.06003	0.09619	0.12819	0.08893	0.01673	0.01339	0.00606	0.00463	0.00138	0.03538	0.03060	0.20389	0.00569
12	0.01708	0.00897	0.01159	0.03928	0.01309	0.00886	0.03380	0.15536	0.11590	0.44644	0.08533	0.01663	0.01372	0.00602	0.00478	0.00146	0.00419	0.00500	0.00513	0.00738
13	0.01769	0.01240	0.01284	0.01016	0.01362	0.08277	0.00826	0.47526	0.10271	0.19598	0.01321	0.01260	0.00920	0.00563	0.00463	0.00141	0.00500	0.00431	0.00470	0.00763
14	0.00576	0.00409	0.00537	0.00635	0.00660	0.00384	0.00419	0.00650	0.00872	0.01163	0.02468	0.76321	0.02956	0.08649	0.00749	0.00212	0.00286	0.01266	0.00419	0.00369
15	0.04484	0.01066	0.01479	0.19796	0.19966	0.02347	0.05982	0.17794	0.16223	0.03078	0.01127	0.01279	0.00853	0.00502	0.00461	0.00147	0.00528	0.00438	0.01775	0.00676
16	0.01132	0.01085	0.01853	0.08570	0.75187	0.01100	0.01418	0.01411	0.01050	0.01496	0.00872	0.01158	0.00729	0.00418	0.00461	0.00139	0.00558	0.00414	0.00229	0.00721
17	0.00677	0.00451	0.00507	0.00507	0.00507	0.00451	0.00282	0.00677	0.00677	0.00902	0.01466	0.03044	0.01691	0.83650	0.02368	0.00451	0.00451	0.00677	0.00282	0.00282
18	0.01185	0.68451	0.17400	0.00897	0.01350	0.01696	0.00971	0.01408	0.00952	0.01166	0.00682	0.00791	0.00596	0.00406	0.00326	0.00109	0.00534	0.00267	0.00199	0.00614
19	0.01063	0.00824	0.00975	0.00701	0.01110	0.00626	0.00563	0.01267	0.00997	0.08476	0.00915	0.01019	0.00730	0.00365	0.00355	0.00075	0.00349	0.00292	0.00302	0.78996
20	0.01054	0.00967	0.01608	0.37858	0.35006	0.01079	0.03030	0.01373	0.03834	0.04060	0.00911	0.01222	0.00717	0.00470	0.00521	0.00150	0.04851	0.00422	0.00239	0.00627
21	0.01422	0.15124	0.04331	0.00964	0.02317	0.12240	0.02184	0.12852	0.09544	0.15745	0.08135	0.02520	0.01209	0.00580	0.00487	0.00136	0.04553	0.00443	0.04571	0.00643
22	0.00686	0.00539	0.00631	0.00668	0.00777	0.00534	0.00488	0.01006	0.14800	0.01371	0.05749	0.38734	0.21834	0.03150	0.00606	0.00182	0.00294	0.07065	0.00438	0.00448
23	0.00946	0.00896	0.01518	0.62743	0.22464	0.01051	0.01326	0.01248	0.00962	0.01271	0.00839	0.01218	0.00649	0.00453	0.00464	0.00151	0.00603	0.00414	0.00213	0.00571
24	0.00680	0.00526	0.00776	0.00771	0.00844	0.00622	0.00598	0.00835	0.00758	0.01092	0.01318	0.08904	0.01293	0.03127	0.69182	0.00661	0.06768	0.00564	0.00262	0.00419
25	0.01441	0.01073	0.01093	0.00935	0.01224	0.08110	0.00738	0.11357	0.43772	0.18220	0.01827	0.01689	0.05155	0.00625	0.00470	0.00149	0.00425	0.00504	0.00471	0.00720
26	0.09388	0.00825	0.01039	0.00820	0.01159	0.00770	0.00672	0.03900	0.08461	0.63461	0.03450	0.01556	0.01183	0.00576	0.00454	0.00145	0.00389	0.00461	0.00537	0.00754
27	0.01822	0.06781	0.04146	0.00929	0.01281	0.06622	0.00792	0.19863	0.01473	0.44781	0.03627	0.01382	0.01047	0.00565	0.00481	0.00140	0.02617	0.00434	0.00476	0.00740
28	0.01018	0.01018	0.01425	0.01221	0.01221	0.01425	0.01018	0.01120	0.00712	0.01120	0.00611	0.01018	0.00611	0.00814	0.01527	0.00204	0.82799	0.00407	0.00204	0.00509
29	0.01236	0.01057	0.01095	0.00965	0.01240	0.02771	0.00756	0.10986	0.69729	0.02040	0.01784	0.01649	0.01334	0.00620	0.00471	0.00155	0.00393	0.00510	0.00468	0.00739
30	0.00597	0.00426	0.00533	0.00607	0.00642	0.00401	0.00401	0.00667	0.00863	0.01135	0.02497	0.55408	0.09525	0.20255	0.00998	0.00247	0.00314	0.03727	0.00397	0.00359
31	0.01225	0.78916	0.07285	0.00829	0.01244	0.01794	0.00853	0.01398	0.00948	0.01118	0.00658	0.00761	0.00597	0.00401	0.00307	0.00102	0.00509	0.00255	0.00199	0.00603
32	0.00568	0.00414	0.00536	0.00627	0.00671	0.00382	0.00424	0.00658	0.00924	0.01220	0.05669	0.72357	0.11017	0.01410	0.00588	0.00184	0.00265	0.01270	0.00435	0.00382
33	0.00671	0.00473	0.00620	0.00620	0.00659	0.00512	0.00422	0.00749	0.00710	0.00985	0.01363	0.02475	0.01444	0.46158	0.39523	0.00590	0.00823	0.00593	0.00267	0.00344
34	0.02890	0.01626	0.01317	0.01152	0.03148	0.36705	0.02707	0.23368	0.19028	0.01846	0.01098	0.01131	0.00839	0.00531	0.00446	0.00135	0.00629	0.00391	0.00355	0.00659
35	0.00933	0.02406	0.81240	0.01326	0.02014	0.01080	0.01719	0.01473	0.00982	0.01473	0.00835	0.00982	0.00589	0.00442	0.00442	0.00147	0.00688	0.00344	0.00196	0.00688
36	0.00658	0.00476	0.00622	0.00585	0.00695	0.00439	0.00439	0.00878	0.01317	0.01866	0.80503	0.03475	0.04390	0.00951	0.00549	0.00146	0.00219	0.00841	0.00512	0.00439
37	0.02087	0.00792	0.01080	0.00828	0.01188	0.00684	0.00684	0.02267	0.01332	0.81071	0.01835	0.01583	0.01152	0.00576	0.00468	0.00144	0.00396	0.00468	0.00576	0.00792
38	0.01441	0.01020	0.01078	0.00929	0.01211	0.06551	0.00743	0.12872	0.36087	0.20259	0.01840	0.01945	0.04170	0.00672	0.00484	0.00154	0.00427	0.06936	0.00475	0.00705
39	0.00550	0.00471	0.00471	0.00471	0.00628	0.00393	0.00353	0.00668	0.01060	0.01257	0.04713	0.04477	0.80560	0.01178	0.00550	0.00157	0.00236	0.00982	0.00432	0.00393
40	0.01401	0.00608	0.00773	0.00654	0.00877	0.00563	0.00522	0.01596	0.01144	0.38461	0.07072	0.01792	0.01391	0.00844	0.07536	0.00183	0.00390	0.00483	0.33112	0.00598
41	0.00878	0.00800	0.01329	0.76887	0.03021	0.00992	0.01226	0.01181	0.00933	0.01226	0.00874	0.01274	0.00660	0.00470	0.00455	0.00152	0.00592	0.00415	0.06122	0.00511
42	0.00965	0.00827	0.00965	0.00689	0.01102	0.00620	0.00551	0.01171	0.00965	0.01516	0.00827	0.00965	0.00689	0.00345	0.00345	0.00069	0.00345	0.00276	0.00276	0.86494
43	0.00965	0.00827	0.00965	0.00689	0.01102	0.00620	0.00551	0.01171	0.00965	0.01516	0.00827	0.00965	0.00689	0.00345	0.00345	0.00069	0.00345	0.00276	0.00276	0.86494
44	0.00587	0.00431	0.00541	0.00618	0.00673	0.00399	0.00427	0.00680	0.00923	0.01202	0.04231	0.55926	0.16636	0.08251	0.00737	0.00206	0.00289	0.06446	0.00421	0.00377
45	0.01211	0.11103	0.21614	0.01160	0.01519	0.10792	0.08591	0.06808	0.02286	0.07302	0.07706	0.02566	0.01037	0.00576	0.00620	0.00148	0.13626	0.00432	0.00288	0.00615
46	0.00953	0.15219	0.12560	0.00892	0.01266	0.00913	0.06146	0.01239	0.04586	0.01397	0.01182	0.15313	0.01141	0.00592	0.00418	0.00119	0.00439	0.01794	0.00287	0.33542

[dist]
# distance from previous block
# <min> <max>
16	95

[block]
# block no. 6 follows, 55 sequences, length 20
# corresponding to MSA columns:
# 1019-1038
name=unknown_G
#
# <colnr> <probs for GDERKNQSTAVLIFYWHMCP>
#	G	D	E	R	K	N	Q	S	T	A	V	L	I	F	Y	W	H	M	C	P
0	0.01149	0.01112	0.01928	0.02814	0.77137	0.01109	0.05007	0.01431	0.01061	0.01518	0.00878	0.01156	0.00735	0.00413	0.00465	0.00139	0.00563	0.00421	0.00231	0.00732
1	0.00658	0.00476	0.00622	0.00585	0.00695	0.00439	0.00439	0.00878	0.01317	0.01866	0.80503	0.03475	0.04390	0.00951	0.00549	0.00146	0.00219	0.00841	0.00512	0.00439
2	0.00669	0.00451	0.00526	0.00533	0.00540	0.00455	0.00312	0.00685	0.00695	0.00933	0.01522	0.08192	0.01746	0.72872	0.07629	0.00454	0.00493	0.00707	0.00289	0.00297
3	0.00976	0.13571	0.70448	0.01253	0.01901	0.01185	0.01592	0.01462	0.00977	0.01421	0.00809	0.00950	0.00590	0.00436	0.00422	0.00141	0.00662	0.00331	0.00197	0.00675
4	0.86937	0.00900	0.00684	0.00612	0.00900	0.01044	0.00504	0.01368	0.00792	0.02087	0.00648	0.00756	0.00504	0.00432	0.00288	0.00144	0.00360	0.00252	0.00288	0.00504
5	0.01276	0.78608	0.02365	0.00822	0.01210	0.07047	0.00803	0.01423	0.00970	0.01097	0.00651	0.00752	0.00597	0.00403	0.00306	0.00101	0.00520	0.00252	0.00202	0.00593
6	0.01244	0.83930	0.02438	0.00796	0.01194	0.01841	0.00796	0.01393	0.00945	0.01095	0.00647	0.00746	0.00597	0.00398	0.00299	0.00100	0.00498	0.00249	0.00199	0.00597
7	0.64792	0.00953	0.00877	0.12348	0.03128	0.02964	0.00673	0.06777	0.00927	0.01983	0.00713	0.00861	0.00548	0.00446	0.00333	0.00145	0.00423	0.00291	0.00286	0.00532
8	0.00833	0.01861	0.59236	0.01141	0.01648	0.00889	0.01368	0.01248	0.00957	0.01395	0.01306	0.23440	0.01268	0.00719	0.00483	0.00159	0.00574	0.00611	0.00261	0.00603
9	0.01094	0.01023	0.01594	0.28184	0.42929	0.02903	0.01268	0.01333	0.01087	0.01471	0.03264	0.01687	0.08879	0.00584	0.00511	0.00162	0.00571	0.00508	0.00282	0.00665
10	0.00672	0.00449	0.00509	0.00513	0.00514	0.00448	0.00288	0.00675	0.00685	0.00913	0.01509	0.06188	0.01746	0.80433	0.02298	0.00441	0.00444	0.00702	0.00288	0.00286
11	0.00933	0.02406	0.81240	0.01326	0.02014	0.01080	0.01719	0.01473	0.00982	0.01473	0.00835	0.00982	0.00589	0.00442	0.00442	0.00147	0.00688	0.00344	0.00196	0.00688
12	0.01033	0.01042	0.01942	0.32926	0.29161	0.01098	0.23259	0.01354	0.01021	0.01385	0.00875	0.01214	0.00684	0.00427	0.00487	0.00150	0.00644	0.00452	0.00223	0.00622
13	0.01701	0.02157	0.01324	0.01200	0.01427	0.77719	0.00905	0.01820	0.01288	0.01138	0.00714	0.00848	0.00600	0.00496	0.00475	0.00124	0.04983	0.00305	0.00238	0.00538
14	0.00808	0.00404	0.00606	0.00606	0.00606	0.00404	0.00404	0.00606	0.00606	0.00808	0.00808	0.01414	0.00808	0.01616	0.01818	0.86465	0.00404	0.00404	0.00202	0.00202
15	0.00567	0.00405	0.00540	0.00648	0.00675	0.00378	0.00432	0.00648	0.00891	0.01188	0.02564	0.83347	0.03077	0.01457	0.00594	0.00189	0.00270	0.01323	0.00432	0.00378
16	0.00665	0.00498	0.00748	0.00748	0.00831	0.00582	0.00582	0.00831	0.00748	0.01080	0.01246	0.01828	0.01163	0.03489	0.81807	0.00748	0.01246	0.00498	0.00249	0.00415
17	0.00808	0.00404	0.00606	0.00606	0.00606	0.00404	0.00404	0.00606	0.00606	0.00808	0.00808	0.01414	0.00808	0.01616	0.01818	0.86465	0.00404	0.00404	0.00202	0.00202
18	0.01181	0.01011	0.01065	0.00952	0.01219	0.01168	0.00742	0.05453	0.76888	0.01984	0.01863	0.01712	0.01396	0.00628	0.00473	0.00157	0.00374	0.00522	0.00473	0.00738
19	0.86937	0.00900	0.00684	0.00612	0.00900	0.01044	0.00504	0.01368	0.00792	0.02087	0.00648	0.00756	0.00504	0.00432	0.00288	0.00144	0.00360	0.00252	0.00288	0.00504

[dist]
# distance from previous block
# <min> <max>
0	39

[block]
# block no. 7 follows, 55 sequences, length 24
# corresponding to MSA columns:
# 1078-1101
name=unknown_H
#
# <colnr> <probs for GDERKNQSTAVLIFYWHMCP>
#	G	D	E	R	K	N	Q	S	T	A	V	L	I	F	Y	W	H	M	C	P
0	0.02087	0.00792	0.01080	0.00828	0.01188	0.00684	0.00684	0.02267	0.01332	0.81071	0.01835	0.01583	0.01152	0.00576	0.00468	0.00144	0.00396	0.00468	0.00576	0.00792
1	0.00879	0.00827	0.01395	0.82532	0.03204	0.01034	0.01292	0.01189	0.00930	0.01189	0.00827	0.01240	0.00620	0.00465	0.00465	0.00155	0.00620	0.00413	0.00207	0.00517
2	0.00750	0.00535	0.00750	0.00857	0.00964	0.00535	0.00750	0.00964	0.01071	0.01392	0.02463	0.05248	0.02677	0.01285	0.00643	0.00214	0.00428	0.77617	0.00428	0.00428
3	0.00581	0.00455	0.00532	0.00585	0.00688	0.00405	0.00432	0.00697	0.00998	0.01248	0.03630	0.33971	0.41926	0.01296	0.00578	0.00176	0.00273	0.10707	0.00431	0.00392
4	0.00665	0.00498	0.00748	0.00748	0.00831	0.00582	0.00582	0.00831	0.00748	0.01080	0.01246	0.01828	0.01163	0.03489	0.81807	0.00748	0.01246	0.00498	0.00249	0.00415
5	0.00916	0.00875	0.01416	0.71326	0.10042	0.03016	0.01273	0.01213	0.00950	0.01217	0.00872	0.03291	0.00692	0.00486	0.00467	0.00154	0.00611	0.00434	0.00215	0.00534
6	0.00841	0.00634	0.00881	0.00823	0.00926	0.00755	0.00653	0.07301	0.00884	0.03136	0.01180	0.01657	0.01064	0.02718	0.59649	0.00588	0.11453	0.00477	0.03912	0.00467
7	0.00567	0.00405	0.00540	0.00648	0.00675	0.00378	0.00432	0.00648	0.00891	0.01188	0.02564	0.83347	0.03077	0.01457	0.00594	0.00189	0.00270	0.01323	0.00432	0.00378
8	0.00965	0.00827	0.00965	0.00689	0.01102	0.00620	0.00551	0.01171	0.00965	0.01516	0.00827	0.00965	0.00689	0.00345	0.00345	0.00069	0.00345	0.00276	0.00276	0.86494
9	0.01071	0.01001	0.01632	0.20996	0.39011	0.01081	0.04322	0.01351	0.02598	0.03027	0.00869	0.01163	0.00711	0.00478	0.00590	0.00145	0.10970	0.00410	0.00238	0.08336
10	0.05282	0.01179	0.01302	0.01064	0.03242	0.04050	0.02483	0.43954	0.13989	0.14524	0.01291	0.01261	0.00918	0.00564	0.00487	0.00145	0.02629	0.00434	0.00451	0.00750
11	0.01325	0.00623	0.00835	0.00698	0.00925	0.00553	0.00553	0.01526	0.01324	0.38829	0.43791	0.02592	0.02878	0.00776	0.00511	0.00145	0.00302	0.00667	0.00542	0.00604
12	0.86937	0.00900	0.00684	0.00612	0.00900	0.01044	0.00504	0.01368	0.00792	0.02087	0.00648	0.00756	0.00504	0.00432	0.00288	0.00144	0.00360	0.00252	0.00288	0.00504
13	0.00593	0.00424	0.00570	0.00678	0.00716	0.00400	0.00477	0.00693	0.00917	0.01217	0.02550	0.72138	0.03020	0.01433	0.00601	0.00193	0.00293	0.12272	0.00431	0.00385
14	0.00906	0.00855	0.01445	0.74525	0.10997	0.01041	0.01306	0.01213	0.00943	0.01222	0.00832	0.01231	0.00632	0.00460	0.00465	0.00153	0.00613	0.00414	0.00209	0.00539
15	0.00943	0.00893	0.01512	0.63600	0.21630	0.01051	0.01324	0.01245	0.00961	0.01267	0.00838	0.01219	0.00648	0.00453	0.00464	0.00151	0.00604	0.00414	0.00212	0.00569
16	0.00550	0.00471	0.00471	0.00471	0.00628	0.00393	0.00353	0.00668	0.01060	0.01257	0.04713	0.04477	0.80560	0.01178	0.00550	0.00157	0.00236	0.00982	0.00432	0.00393
17	0.01465	0.00960	0.01087	0.00911	0.01207	0.01033	0.00727	0.15129	0.41159	0.22526	0.07232	0.01714	0.01453	0.00627	0.00476	0.00150	0.00389	0.00515	0.00501	0.00739
18	0.00567	0.00405	0.00540	0.00648	0.00675	0.00378	0.00432	0.00648	0.00891	0.01188	0.02564	0.83347	0.03077	0.01457	0.00594	0.00189	0.00270	0.01323	0.00432	0.00378
19	0.01005	0.00999	0.01401	0.01204	0.01207	0.01395	0.01002	0.01109	0.00714	0.01118	0.00633	0.01047	0.00630	0.00910	0.04387	0.00223	0.79893	0.00410	0.00205	0.00506
20	0.01151	0.01105	0.01888	0.02855	0.80748	0.01105	0.01428	0.01428	0.01059	0.01520	0.00875	0.01151	0.00737	0.00415	0.00461	0.00138	0.00553	0.00415	0.00230	0.00737
21	0.05788	0.01284	0.01363	0.01049	0.01417	0.01424	0.00866	0.75524	0.02121	0.02892	0.01095	0.01100	0.00778	0.00552	0.00457	0.00140	0.00505	0.00411	0.00457	0.00778
22	0.00805	0.00618	0.00872	0.00812	0.00973	0.00603	0.07314	0.01132	0.10287	0.04658	0.24472	0.15234	0.11335	0.01024	0.00564	0.00171	0.00348	0.17844	0.00447	0.00487
23	0.07119	0.01185	0.01295	0.00998	0.01363	0.01280	0.00824	0.60432	0.01946	0.17026	0.01218	0.01179	0.00839	0.00554	0.00455	0.00141	0.00481	0.00417	0.00474	0.00773

[dist]
# distance from previous block
# <min> <max>
0	1

[block]
# block no. 8 follows, 55 sequences, length 46
# corresponding to MSA columns:
# 1103-1148
name=unknown_I
#
# <colnr> <probs for GDERKNQSTAVLIFYWHMCP>
#	G	D	E	R	K	N	Q	S	T	A	V	L	I	F	Y	W	H	M	C	P
0	0.04223	0.01244	0.01717	0.07103	0.25098	0.11886	0.15456	0.08637	0.05423	0.02980	0.00925	0.01139	0.00734	0.00483	0.00555	0.00145	0.07704	0.00420	0.00273	0.03855
1	0.86937	0.00900	0.00684	0.00612	0.00900	0.01044	0.00504	0.01368	0.00792	0.02087	0.00648	0.00756	0.00504	0.00432	0.00288	0.00144	0.00360	0.00252	0.00288	0.00504
2	0.01244	0.83930	0.02438	0.00796	0.01194	0.01841	0.00796	0.01393	0.00945	0.01095	0.00647	0.00746	0.00597	0.00398	0.00299	0.00100	0.00498	0.00249	0.00199	0.00597
3	0.01151	0.01105	0.01888	0.02855	0.80748	0.01105	0.01428	0.01428	0.01059	0.01520	0.00875	0.01151	0.00737	0.00415	0.00461	0.00138	0.00553	0.00415	0.00230	0.00737
4	0.00753	0.00581	0.00863	0.00894	0.01022	0.00573	0.06454	0.00992	0.03648	0.01381	0.02435	0.16944	0.05555	0.01220	0.00619	0.00202	0.00421	0.54584	0.00416	0.00444
5	0.00665	0.00498	0.00748	0.00748	0.00831	0.00582	0.00582	0.00831	0.00748	0.01080	0.01246	0.01828	0.01163	0.03489	0.81807	0.00748	0.01246	0.00498	0.00249	0.00415
6	0.00571	0.00419	0.00537	0.00620	0.00670	0.00384	0.00422	0.00667	0.00945	0.01247	0.08592	0.66987	0.13465	0.01383	0.00585	0.00182	0.00262	0.01242	0.00438	0.00384
7	0.00567	0.00405	0.00540	0.00648	0.00675	0.00378	0.00432	0.00648	0.00891	0.01188	0.02564	0.83347	0.03077	0.01457	0.00594	0.00189	0.00270	0.01323	0.00432	0.00378
8	0.00613	0.00468	0.00570	0.00607	0.00714	0.00425	0.00461	0.00761	0.01077	0.01396	0.20164	0.23198	0.31756	0.01215	0.00577	0.00173	0.00275	0.14699	0.00449	0.00406
9	0.00842	0.00439	0.00456	0.00452	0.00560	0.00434	0.00339	0.01059	0.01017	0.01750	0.11059	0.01945	0.01579	0.00591	0.00352	0.00113	0.00217	0.00483	0.75878	0.00434
10	0.00933	0.02406	0.81240	0.01326	0.02014	0.01080	0.01719	0.01473	0.00982	0.01473	0.00835	0.00982	0.00589	0.00442	0.00442	0.00147	0.00688	0.00344	0.00196	0.00688
11	0.00867	0.00434	0.00434	0.00434	0.00542	0.00434	0.00325	0.01084	0.00976	0.01734	0.01518	0.01734	0.01192	0.00542	0.00325	0.00108	0.00217	0.00434	0.86233	0.00434
12	0.01885	0.01052	0.01229	0.00945	0.01304	0.01078	0.00780	0.42868	0.01774	0.37579	0.01447	0.01341	0.00962	0.00566	0.00463	0.00141	0.00452	0.00441	0.02913	0.00781
13	0.01436	0.13216	0.06856	0.01315	0.01639	0.43260	0.17651	0.01643	0.01160	0.01228	0.00757	0.00936	0.00622	0.00469	0.00503	0.00132	0.06020	0.00356	0.00228	0.00574
14	0.00585	0.00412	0.00534	0.00625	0.00647	0.00390	0.00407	0.00653	0.00855	0.01140	0.02382	0.70064	0.02848	0.15053	0.00887	0.00232	0.00300	0.01216	0.00407	0.00362
15	0.00696	0.00598	0.01030	0.00947	0.01076	0.00562	0.17266	0.00856	0.00951	0.01270	0.02208	0.58953	0.02535	0.01215	0.00588	0.00184	0.00394	0.07845	0.00390	0.00436
16	0.01195	0.26367	0.14255	0.01525	0.19371	0.06409	0.09664	0.04777	0.05106	0.01425	0.00850	0.01015	0.00692	0.00445	0.00451	0.00131	0.03364	0.00364	0.00239	0.02356
17	0.01376	0.55468	0.04394	0.00959	0.01321	0.25269	0.02859	0.01534	0.01060	0.01129	0.00681	0.00793	0.00600	0.00423	0.00345	0.00108	0.00611	0.00274	0.00212	0.00583
18	0.00585	0.00430	0.00536	0.00596	0.00657	0.00395	0.00407	0.00686	0.00966	0.01274	0.13812	0.51717	0.17412	0.07391	0.00710	0.00196	0.00270	0.01145	0.00432	0.00382
19	0.01591	0.01218	0.01268	0.01024	0.01356	0.04585	0.00828	0.47824	0.26615	0.06641	0.01383	0.01325	0.01001	0.00579	0.00466	0.00145	0.00474	0.00450	0.00464	0.00764
20	0.09000	0.00905	0.05198	0.00824	0.01147	0.00807	0.00702	0.14254	0.01366	0.40446	0.11273	0.05070	0.01478	0.00630	0.00459	0.00143	0.00394	0.00511	0.02513	0.02877
21	0.01784	0.00790	0.00963	0.00771	0.01069	0.04877	0.00624	0.01969	0.01277	0.59382	0.07526	0.01706	0.01367	0.00593	0.00450	0.00138	0.00380	0.00482	0.13148	0.00700
22	0.02087	0.00792	0.01080	0.00828	0.01188	0.00684	0.00684	0.02267	0.01332	0.81071	0.01835	0.01583	0.01152	0.00576	0.00468	0.00144	0.00396	0.00468	0.00576	0.00792
23	0.00773	0.00571	0.00758	0.00871	0.09405	0.00546	0.00574	0.00969	0.04080	0.05455	0.15090	0.18308	0.20502	0.07929	0.03927	0.00212	0.00365	0.08790	0.00412	0.00464
24	0.00564	0.00415	0.00530	0.00622	0.00668	0.00380	0.00420	0.00651	0.00916	0.01198	0.02881	0.71706	0.14513	0.01416	0.00587	0.00184	0.00265	0.01272	0.00432	0.00380
