[name]
unknown

[dist]
# distance from previous block
# <min> <max>
0	20

[block]
# block no. 0 follows, 54 sequences, length 27
# corresponding to MSA columns:
# 20-46
name=unknown_A
#
# <colnr> <probs for GDERKNQSTAVLIFYWHMCP>
#	G	D	E	R	K	N	Q	S	T	A	V	L	I	F	Y	W	H	M	C	P
0	0.00760	0.00543	0.00760	0.00868	0.00977	0.00543	0.00760	0.00977	0.01085	0.01411	0.02496	0.05319	0.02714	0.01303	0.00651	0.00217	0.00434	0.77315	0.00434	0.00434
1	0.01697	0.00827	0.01039	0.00840	0.01149	0.00796	0.00679	0.07156	0.16127	0.48878	0.13737	0.01894	0.01693	0.00651	0.00488	0.00149	0.00376	0.00540	0.00547	0.00737
2	0.01392	0.01080	0.01196	0.01000	0.01301	0.01198	0.02271	0.34662	0.33653	0.03877	0.03799	0.01871	0.03446	0.00676	0.00495	0.00156	0.00440	0.06289	0.00470	0.00728
3	0.00890	0.00838	0.01414	0.82296	0.03247	0.01048	0.01309	0.01205	0.00943	0.01205	0.00838	0.01257	0.00629	0.00471	0.00471	0.00157	0.00629	0.00419	0.00210	0.00524
4	0.01636	0.01658	0.01295	0.01106	0.01385	0.39027	0.00865	0.31666	0.04203	0.01879	0.00983	0.01099	0.00772	0.00854	0.09263	0.00200	0.00751	0.00380	0.00341	0.00639
5	0.00574	0.00413	0.00545	0.00650	0.00682	0.00383	0.00435	0.00657	0.00909	0.01206	0.02673	0.80447	0.05745	0.01468	0.00600	0.00190	0.00272	0.01329	0.00438	0.00383
6	0.01173	0.01013	0.01066	0.00960	0.01226	0.01173	0.00746	0.02505	0.79636	0.01972	0.01919	0.01759	0.01439	0.00640	0.00480	0.00160	0.00373	0.00533	0.00480	0.00746
7	0.01020	0.21710	0.62370	0.01217	0.01844	0.01278	0.01520	0.01474	0.00987	0.01402	0.00801	0.00939	0.00599	0.00437	0.00413	0.00138	0.00651	0.00326	0.00200	0.00675
8	0.00803	0.00567	0.00711	0.00629	0.00813	0.00488	0.00477	0.00997	0.01196	0.06574	0.45148	0.11603	0.08784	0.00886	0.00513	0.00137	0.00266	0.00774	0.00459	0.18174
9	0.00685	0.00461	0.00536	0.00536	0.00543	0.00469	0.00313	0.00700	0.00692	0.00930	0.01466	0.02976	0.01667	0.76324	0.09440	0.00484	0.00529	0.00670	0.00283	0.00298
10	0.00828	0.00689	0.00717	0.00677	0.00828	0.05878	0.00507	0.09378	0.03394	0.01669	0.29561	0.17494	0.24510	0.01036	0.00545	0.00157	0.00314	0.00888	0.00458	0.00474
11	0.00571	0.00424	0.00533	0.00619	0.00674	0.00386	0.00421	0.00661	0.00939	0.01218	0.03055	0.66650	0.19295	0.01418	0.00592	0.00185	0.00266	0.01268	0.00438	0.00386
12	0.00760	0.00543	0.00760	0.00868	0.00977	0.00543	0.00760	0.00977	0.01085	0.01411	0.02496	0.05319	0.02714	0.01303	0.00651	0.00217	0.00434	0.77315	0.00434	0.00434
13	0.00890	0.00838	0.01414	0.82296	0.03247	0.01048	0.01309	0.01205	0.00943	0.01205	0.00838	0.01257	0.00629	0.00471	0.00471	0.00157	0.00629	0.00419	0.00210	0.00524
14	0.01730	0.02182	0.01322	0.01201	0.01445	0.77295	0.00902	0.01916	0.05469	0.01197	0.00792	0.00898	0.00651	0.00494	0.00428	0.00123	0.00825	0.00316	0.00255	0.00557
15	0.01765	0.02146	0.01345	0.01201	0.01458	0.72834	0.00909	0.10255	0.01432	0.01352	0.00773	0.00881	0.00628	0.00495	0.00430	0.00124	0.00814	0.00317	0.00268	0.00574
16	0.01962	0.00859	0.01149	0.00898	0.01221	0.00825	0.00742	0.06220	0.02913	0.66448	0.01688	0.01521	0.01094	0.00610	0.00591	0.00153	0.09337	0.00466	0.00535	0.00770
17	0.00932	0.00700	0.00793	0.00742	0.00917	0.00707	0.00574	0.22633	0.01353	0.01762	0.05349	0.26852	0.25285	0.01105	0.00555	0.00169	0.00346	0.08264	0.00450	0.00512
18	0.01032	0.01066	0.02028	0.13984	0.13766	0.01123	0.36120	0.01364	0.02999	0.01392	0.00946	0.01302	0.00765	0.00809	0.09448	0.00227	0.10301	0.00493	0.00237	0.00601
19	0.03582	0.01433	0.01345	0.09918	0.01612	0.20209	0.00922	0.40881	0.07932	0.04197	0.01064	0.01131	0.00787	0.00546	0.00480	0.00142	0.02341	0.00401	0.00383	0.00694
20	0.01040	0.01048	0.01506	0.57571	0.18533	0.09810	0.01294	0.01327	0.01012	0.01266	0.00836	0.01195	0.00650	0.00463	0.00465	0.00150	0.00639	0.00407	0.00218	0.00571
21	0.05813	0.01442	0.01510	0.03446	0.01501	0.27946	0.11306	0.03266	0.02874	0.01305	0.00775	0.01047	0.00668	0.00721	0.04025	0.00186	0.30982	0.00394	0.00242	0.00550
22	0.00669	0.00579	0.00693	0.00674	0.00775	0.00610	0.00521	0.00781	0.00967	0.01230	0.03397	0.14400	0.46379	0.04710	0.00840	0.00189	0.16242	0.05540	0.00386	0.00416
23	0.00670	0.00488	0.00690	0.00697	0.00759	0.00547	0.00512	0.00795	0.00751	0.01062	0.01400	0.07461	0.01425	0.21105	0.58704	0.00654	0.01019	0.00600	0.00272	0.00389
24	0.03948	0.07759	0.01313	0.00946	0.01290	0.07196	0.00783	0.27189	0.04109	0.25509	0.01270	0.01293	0.00912	0.00554	0.00484	0.00136	0.03688	0.01873	0.00431	0.09318
25	0.01042	0.21662	0.47540	0.05568	0.01767	0.01249	0.01344	0.05579	0.01031	0.01428	0.00886	0.02801	0.00724	0.04847	0.00522	0.00155	0.00616	0.00372	0.00225	0.00643
26	0.01127	0.11084	0.02341	0.14766	0.02296	0.01222	0.48825	0.04716	0.01102	0.03093	0.00946	0.01279	0.00740	0.03667	0.00579	0.00162	0.00700	0.00495	0.00248	0.00611

[dist]
# distance from previous block
# <min> <max>
2	24

[block]
# block no. 1 follows, 54 sequences, length 7
# corresponding to MSA columns:
# 76-82
name=unknown_B
#
# <colnr> <probs for GDERKNQSTAVLIFYWHMCP>
#	G	D	E	R	K	N	Q	S	T	A	V	L	I	F	Y	W	H	M	C	P
0	0.01089	0.01050	0.18555	0.00928	0.01231	0.00744	0.00901	0.01494	0.10114	0.17006	0.13042	0.06992	0.02068	0.00859	0.00536	0.00171	0.00440	0.21754	0.00429	0.00598
1	0.03634	0.00831	0.01244	0.20571	0.04315	0.00882	0.06163	0.04091	0.03944	0.26582	0.01500	0.15343	0.01266	0.00707	0.00576	0.00162	0.06577	0.00603	0.00390	0.00619
2	0.00598	0.00427	0.00574	0.00684	0.00721	0.00403	0.00479	0.00698	0.00926	0.01230	0.02586	0.73148	0.03067	0.01455	0.00608	0.00195	0.00294	0.11080	0.00437	0.00390
3	0.00709	0.00745	0.10938	0.00738	0.00918	0.00551	0.00653	0.00979	0.03694	0.01637	0.41103	0.16250	0.07965	0.01025	0.00559	0.00165	0.00323	0.10127	0.00449	0.00473
4	0.12039	0.02934	0.09230	0.12360	0.13206	0.05383	0.02781	0.12160	0.01246	0.16575	0.05145	0.01284	0.00951	0.00512	0.00444	0.00143	0.00522	0.00416	0.00348	0.02319
5	0.15284	0.04107	0.01193	0.14450	0.01517	0.04056	0.02775	0.18575	0.02770	0.05477	0.01172	0.12856	0.01051	0.00651	0.00518	0.00150	0.05949	0.00513	0.00343	0.06591
6	0.11487	0.13423	0.07967	0.11504	0.05670	0.09383	0.00966	0.22223	0.06657	0.01871	0.00934	0.01049	0.00716	0.00486	0.00415	0.00135	0.00546	0.00362	0.00313	0.03894

[dist]
# distance from previous block
# <min> <max>
5	21

[block]
# block no. 2 follows, 54 sequences, length 20
# corresponding to MSA columns:
# 104-123
name=unknown_C
#
# <colnr> <probs for GDERKNQSTAVLIFYWHMCP>
#	G	D	E	R	K	N	Q	S	T	A	V	L	I	F	Y	W	H	M	C	P
0	0.05988	0.08313	0.09209	0.00971	0.01272	0.15763	0.00847	0.22509	0.04731	0.01799	0.02965	0.01287	0.00929	0.02361	0.14761	0.00249	0.00690	0.00405	0.04343	0.00609
1	0.17658	0.05345	0.01177	0.10621	0.07827	0.10831	0.00829	0.09567	0.04484	0.05807	0.04900	0.06108	0.01145	0.00781	0.04946	0.00183	0.02826	0.04058	0.00330	0.00578
2	0.01425	0.00948	0.05471	0.02476	0.01257	0.00876	0.02019	0.17813	0.09510	0.25790	0.01928	0.08304	0.06750	0.00765	0.00508	0.00158	0.00432	0.10063	0.00468	0.03042
3	0.01034	0.00870	0.01085	0.00788	0.01200	0.00691	0.04834	0.01315	0.05337	0.04239	0.00939	0.01058	0.00756	0.00376	0.00372	0.00082	0.00377	0.00315	0.00298	0.74034
4	0.00978	0.00838	0.00978	0.00698	0.01117	0.00629	0.00559	0.01187	0.00978	0.01536	0.00838	0.00978	0.00698	0.00349	0.00349	0.00070	0.00349	0.00279	0.00279	0.86312
5	0.03782	0.00833	0.03722	0.00833	0.01124	0.00743	0.04941	0.05123	0.11301	0.17658	0.11414	0.07023	0.11402	0.00734	0.00487	0.00143	0.00377	0.03449	0.00435	0.14475
6	0.00819	0.00410	0.00614	0.00614	0.00614	0.00410	0.00410	0.00614	0.00614	0.00819	0.00819	0.01433	0.00819	0.01638	0.01843	0.86282	0.00410	0.00410	0.00205	0.00205
7	0.05837	0.00744	0.00845	0.02995	0.01035	0.00760	0.00601	0.05908	0.19573	0.16385	0.02672	0.07619	0.25788	0.00983	0.04306	0.00186	0.00389	0.02333	0.00454	0.00589
8	0.05611	0.79500	0.02380	0.00797	0.01195	0.01825	0.00792	0.01411	0.00950	0.01161	0.00656	0.00757	0.00600	0.00405	0.00302	0.00103	0.00497	0.00252	0.00206	0.00600
9	0.04646	0.00878	0.01273	0.03220	0.12248	0.00883	0.08235	0.07886	0.09468	0.23605	0.03691	0.09500	0.01310	0.00920	0.08262	0.00210	0.00533	0.00564	0.02007	0.00661
10	0.00592	0.00421	0.00554	0.00641	0.00676	0.00395	0.00429	0.00685	0.00938	0.01263	0.11304	0.69155	0.03182	0.06508	0.00708	0.00203	0.00279	0.01245	0.00437	0.00384
11	0.00942	0.04402	0.75789	0.01300	0.01966	0.01088	0.01667	0.01467	0.01008	0.01500	0.04028	0.01091	0.00752	0.00468	0.00449	0.00148	0.00673	0.00366	0.00212	0.00684
12	0.01057	0.06355	0.58298	0.01519	0.11398	0.07254	0.04688	0.01514	0.01034	0.01454	0.00837	0.01004	0.00621	0.00443	0.00445	0.00144	0.00686	0.00357	0.00208	0.00684
13	0.01676	0.00864	0.01051	0.00865	0.01175	0.00862	0.00695	0.04882	0.28090	0.45096	0.03376	0.03404	0.01354	0.00627	0.00475	0.00150	0.00383	0.00517	0.03705	0.00754
14	0.01092	0.01199	0.02434	0.06371	0.08247	0.01218	0.56636	0.01431	0.01040	0.01438	0.00891	0.01226	0.00698	0.00469	0.00698	0.00165	0.13380	0.00516	0.00232	0.00620
15	0.00694	0.00628	0.05911	0.00791	0.00912	0.00608	0.00660	0.00882	0.00796	0.01138	0.01365	0.04554	0.01319	0.05860	0.65870	0.00656	0.01115	0.05540	0.00268	0.00434
16	0.01062	0.00781	0.00851	0.00746	0.00981	0.00803	0.00585	0.12904	0.23318	0.08837	0.11008	0.02891	0.31572	0.00868	0.00515	0.00154	0.00331	0.00720	0.00476	0.00596
17	0.00592	0.00452	0.00550	0.00620	0.00705	0.00409	0.00451	0.00705	0.00988	0.01256	0.03369	0.44782	0.30818	0.01353	0.00592	0.00183	0.00282	0.11061	0.00437	0.00395
18	0.01491	0.01171	0.01238	0.00988	0.01330	0.02748	0.00799	0.45710	0.22294	0.02449	0.01432	0.01400	0.03897	0.00582	0.00462	0.00138	0.00457	0.00455	0.00446	0.10512
19	0.00999	0.00949	0.01610	0.51135	0.33561	0.01076	0.01363	0.01300	0.00994	0.01336	0.00857	0.01222	0.00675	0.00451	0.00470	0.00150	0.00602	0.00419	0.00219	0.00611

[dist]
# distance from previous block
# <min> <max>
0	6

[block]
# block no. 3 follows, 54 sequences, length 14
# corresponding to MSA columns:
# 130-143
name=unknown_D
#
# <colnr> <probs for GDERKNQSTAVLIFYWHMCP>
#	G	D	E	R	K	N	Q	S	T	A	V	L	I	F	Y	W	H	M	C	P
0	0.00578	0.00426	0.00541	0.00623	0.00677	0.00390	0.00425	0.00675	0.00960	0.01260	0.08014	0.64837	0.16077	0.01397	0.00591	0.00183	0.00264	0.01251	0.00443	0.00390
1	0.05776	0.01069	0.04717	0.34461	0.28812	0.03330	0.07019	0.01420	0.01031	0.06579	0.00917	0.01202	0.00702	0.00454	0.00464	0.00149	0.00598	0.00418	0.00249	0.00632
2	0.08646	0.04663	0.03987	0.00867	0.01164	0.07821	0.00714	0.10116	0.24248	0.07678	0.10943	0.01750	0.06181	0.00625	0.00450	0.00140	0.00420	0.00497	0.00411	0.08679
3	0.01167	0.01120	0.01914	0.02894	0.80488	0.01120	0.01447	0.01447	0.01074	0.01540	0.00887	0.01167	0.00747	0.00420	0.00467	0.00140	0.00560	0.00420	0.00233	0.00747
4	0.00609	0.00490	0.00629	0.00640	0.00757	0.00439	0.03622	0.00743	0.01039	0.01324	0.10670	0.32630	0.37220	0.01249	0.00579	0.00174	0.00285	0.06054	0.00437	0.00409
5	0.01323	0.26476	0.05650	0.01364	0.13656	0.05942	0.11230	0.09341	0.03477	0.08455	0.06111	0.01231	0.00985	0.00496	0.00455	0.00133	0.02299	0.00413	0.00303	0.00661
6	0.01191	0.17811	0.42637	0.01176	0.01713	0.03383	0.03801	0.15661	0.03009	0.01699	0.00906	0.01018	0.00676	0.00467	0.00425	0.00137	0.00614	0.00356	0.02633	0.00686
7	0.00574	0.00414	0.00544	0.00648	0.00682	0.00384	0.00434	0.00658	0.00911	0.01207	0.02707	0.79232	0.06938	0.01463	0.00600	0.00190	0.00272	0.01323	0.00438	0.00384
8	0.12733	0.06421	0.14963	0.01291	0.12761	0.00989	0.12329	0.03362	0.03617	0.04533	0.10038	0.01822	0.11982	0.00604	0.00465	0.00147	0.00494	0.00526	0.00320	0.00604
9	0.01393	0.01384	0.21437	0.01212	0.08817	0.04570	0.01059	0.17429	0.06225	0.18408	0.04583	0.06713	0.01205	0.00623	0.00481	0.00150	0.00519	0.02696	0.00393	0.00703
10	0.00618	0.00459	0.00635	0.08879	0.00945	0.00456	0.00529	0.00731	0.00917	0.01224	0.02446	0.69089	0.04685	0.01342	0.00582	0.00186	0.00311	0.03062	0.02504	0.00400
11	0.01028	0.01051	0.01675	0.01362	0.01462	0.01347	0.16568	0.01194	0.00802	0.01208	0.00721	0.01124	0.00669	0.00887	0.05700	0.00227	0.61778	0.00446	0.00215	0.00535
12	0.06861	0.08563	0.15035	0.01291	0.12064	0.01194	0.03401	0.21469	0.07592	0.16206	0.01167	0.01196	0.00838	0.00508	0.00444	0.00142	0.00519	0.00407	0.00372	0.00732
13	0.01096	0.00984	0.01616	0.32760	0.40127	0.01077	0.01299	0.04367	0.01076	0.04109	0.03807	0.01296	0.00850	0.00483	0.00505	0.00149	0.03060	0.00437	0.00255	0.00648

[dist]
# distance from previous block
# <min> <max>
0	1

[block]
# block no. 4 follows, 54 sequences, length 10
# corresponding to MSA columns:
# 145-154
name=unknown_E
#
# <colnr> <probs for GDERKNQSTAVLIFYWHMCP>
#	G	D	E	R	K	N	Q	S	T	A	V	L	I	F	Y	W	H	M	C	P
0	0.00588	0.00428	0.00548	0.00634	0.00681	0.00397	0.00433	0.00680	0.00934	0.01229	0.05503	0.64037	0.12222	0.05642	0.00689	0.00201	0.00283	0.04054	0.00433	0.00384
1	0.00980	0.00886	0.01121	0.09352	0.01335	0.05560	0.04932	0.08255	0.11055	0.01462	0.01616	0.31766	0.01677	0.00942	0.00733	0.00177	0.16486	0.00777	0.00356	0.00531
2	0.00923	0.00886	0.01541	0.71889	0.07751	0.01062	0.06836	0.01241	0.00963	0.01246	0.00849	0.01253	0.00642	0.00463	0.00477	0.00156	0.00636	0.00429	0.00213	0.00545
3	0.01070	0.00893	0.01027	0.00742	0.01156	0.00723	0.00597	0.09984	0.01118	0.01699	0.00871	0.00995	0.00710	0.00374	0.00363	0.00078	0.00368	0.00296	0.00301	0.76635
4	0.06881	0.05537	0.05475	0.00924	0.01244	0.01095	0.00778	0.06486	0.43388	0.18398	0.01672	0.03580	0.01238	0.00609	0.00458	0.00152	0.00409	0.00492	0.00457	0.00726
5	0.00630	0.00434	0.00531	0.00586	0.00600	0.00420	0.00362	0.00671	0.00795	0.01060	0.02045	0.43327	0.02420	0.42225	0.01496	0.00324	0.00365	0.01015	0.00362	0.00335
6	0.01238	0.66840	0.02153	0.00816	0.01175	0.09361	0.00773	0.01389	0.01021	0.01165	0.05212	0.01121	0.05146	0.00485	0.00342	0.00109	0.00508	0.00330	0.00236	0.00580
7	0.01162	0.44158	0.35501	0.01051	0.01576	0.01515	0.01207	0.06426	0.01055	0.01391	0.00766	0.00881	0.00614	0.00433	0.00375	0.00124	0.00586	0.00304	0.00218	0.00656
8	0.01533	0.01375	0.01486	0.01397	0.12959	0.14044	0.05550	0.35689	0.17219	0.02190	0.01178	0.01225	0.00884	0.00537	0.00470	0.00143	0.00565	0.00434	0.00389	0.00733
9	0.03223	0.01105	0.01301	0.05307	0.03856	0.01233	0.02676	0.39083	0.12082	0.04177	0.01180	0.01309	0.00903	0.03712	0.00637	0.00158	0.08492	0.00440	0.03535	0.05591

[dist]
# distance from previous block
# <min> <max>
1	3

[block]
# block no. 5 follows, 54 sequences, length 32
# corresponding to MSA columns:
# 160-191
name=unknown_F
#
# <colnr> <probs for GDERKNQSTAVLIFYWHMCP>
#	G	D	E	R	K	N	Q	S	T	A	V	L	I	F	Y	W	H	M	C	P
0	0.00898	0.00953	0.07299	0.21922	0.08772	0.00910	0.13981	0.01215	0.04020	0.01415	0.06017	0.06253	0.12393	0.00670	0.00565	0.00157	0.05612	0.00598	0.05802	0.00548
1	0.01145	0.06445	0.08156	0.03262	0.03729	0.01109	0.31967	0.01423	0.01028	0.10670	0.02385	0.08423	0.01015	0.00676	0.02628	0.00177	0.14311	0.00553	0.00290	0.00608
2	0.00624	0.00499	0.00571	0.00607	0.00750	0.00446	0.00491	0.00776	0.01078	0.01319	0.04020	0.04797	0.54552	0.01230	0.00588	0.00178	0.00304	0.26320	0.00437	0.00410
3	0.04992	0.08041	0.59461	0.01284	0.01898	0.01190	0.05976	0.08967	0.01109	0.01638	0.00858	0.00997	0.00620	0.00453	0.00439	0.00145	0.00656	0.00357	0.00232	0.00688
4	0.01180	0.04549	0.01643	0.15141	0.08986	0.13041	0.20377	0.03565	0.01174	0.07017	0.11158	0.03629	0.03991	0.00571	0.00493	0.00146	0.00593	0.00531	0.01625	0.00587
5	0.00632	0.00432	0.00573	0.00645	0.00695	0.00408	0.01752	0.00746	0.00938	0.01320	0.05850	0.66314	0.02857	0.01300	0.00559	0.00177	0.00272	0.01174	0.12957	0.00398
6	0.06735	0.01055	0.01114	0.00943	0.01239	0.01186	0.00751	0.24667	0.44047	0.05744	0.03188	0.01580	0.02316	0.00615	0.00464	0.00152	0.00408	0.00492	0.02572	0.00732
7	0.03259	0.01050	0.01863	0.19859	0.03698	0.01099	0.31692	0.07311	0.03825	0.10896	0.01118	0.04671	0.00869	0.00532	0.00578	0.00160	0.06069	0.00518	0.00306	0.00627
8	0.00986	0.17179	0.59031	0.01195	0.01782	0.01205	0.01469	0.01422	0.00986	0.01401	0.01007	0.01197	0.04025	0.00501	0.00463	0.00144	0.03095	0.02041	0.00215	0.00656
9	0.00573	0.00477	0.00501	0.00502	0.00652	0.00405	0.00377	0.00705	0.01098	0.01341	0.12858	0.06678	0.68446	0.01179	0.00560	0.00160	0.00242	0.02394	0.00447	0.00403
10	0.28439	0.01050	0.01104	0.00901	0.01224	0.01156	0.03124	0.28350	0.13973	0.10753	0.01217	0.01270	0.00896	0.00548	0.00420	0.00148	0.00434	0.01934	0.02380	0.00680
11	0.03713	0.00965	0.01534	0.48924	0.27447	0.03188	0.01290	0.01353	0.01008	0.04859	0.00890	0.01218	0.00686	0.00459	0.00463	0.00150	0.00595	0.00414	0.00237	0.00607
12	0.02642	0.00629	0.00842	0.00832	0.00953	0.00663	0.00667	0.01152	0.02527	0.14874	0.02201	0.27615	0.05421	0.01132	0.00718	0.00191	0.11967	0.24049	0.00427	0.00499
13	0.00655	0.00462	0.00506	0.00506	0.00543	0.00443	0.00303	0.00684	0.00777	0.00999	0.02261	0.03428	0.20224	0.64060	0.01966	0.00387	0.00406	0.00759	0.00322	0.00312
14	0.13762	0.01356	0.01183	0.01003	0.01306	0.18359	0.00795	0.26683	0.25375	0.03653	0.01232	0.01220	0.00920	0.00553	0.00439	0.00144	0.00521	0.00409	0.00402	0.00689
15	0.06997	0.01364	0.08377	0.03085	0.01454	0.11083	0.04370	0.32632	0.06381	0.03154	0.03704	0.01395	0.05858	0.00605	0.00554	0.00149	0.07350	0.00453	0.00370	0.00664
16	0.20749	0.00799	0.00866	0.00740	0.01012	0.00827	0.00592	0.01842	0.18909	0.27742	0.06209	0.01720	0.05109	0.00611	0.00426	0.00146	0.00348	0.00481	0.10230	0.00642
17	0.00959	0.00924	0.01359	0.01221	0.04470	0.01217	0.04601	0.01092	0.00760	0.01152	0.00803	0.01290	0.00780	0.04835	0.16408	0.00315	0.56641	0.00449	0.00221	0.00503
18	0.01046	0.00930	0.01502	0.51579	0.15333	0.01082	0.04030	0.03120	0.07538	0.04907	0.00984	0.01290	0.00745	0.00494	0.00512	0.00156	0.03458	0.00436	0.00259	0.00601
19	0.00968	0.01000	0.01450	0.04814	0.01449	0.08538	0.18428	0.01144	0.00944	0.01250	0.01456	0.22478	0.05696	0.00870	0.00871	0.00179	0.26963	0.00707	0.00290	0.00505
20	0.00636	0.00482	0.00565	0.00567	0.00685	0.00439	0.00416	0.00829	0.03500	0.01542	0.33340	0.18051	0.31238	0.01111	0.00552	0.00159	0.00242	0.00964	0.04257	0.00426
21	0.01143	0.01208	0.02306	0.01703	0.02115	0.02782	0.57200	0.05674	0.12257	0.01633	0.01195	0.03782	0.00957	0.00504	0.00543	0.00160	0.00695	0.03201	0.00297	0.00644
22	0.01153	0.00792	0.01143	0.00964	0.03138	0.00783	0.12580	0.04591	0.11840	0.16947	0.04852	0.03706	0.16728	0.00888	0.05459	0.00187	0.02173	0.00619	0.10862	0.00595
23	0.00573	0.00478	0.00500	0.00494	0.00647	0.00405	0.00371	0.00708	0.01113	0.01364	0.15777	0.04390	0.69240	0.01161	0.00557	0.00158	0.00236	0.00974	0.00450	0.00405
24	0.01038	0.00989	0.01682	0.39813	0.44574	0.01086	0.01383	0.01334	0.01013	0.01384	0.00864	0.01209	0.00692	0.00444	0.00469	0.00148	0.00592	0.00420	0.00222	0.00643
25	0.06137	0.01090	0.01306	0.03382	0.02989	0.02136	0.03939	0.33948	0.09349	0.16120	0.01301	0.04658	0.00986	0.00663	0.01768	0.00163	0.08450	0.00477	0.00428	0.00711
26	0.01408	0.02738	0.02643	0.01253	0.01528	0.03559	0.19040	0.11001	0.01179	0.20442	0.01110	0.01277	0.00831	0.00727	0.04370	0.00190	0.23466	0.00460	0.02133	0.00646
27	0.07463	0.00886	0.01109	0.00905	0.01189	0.00892	0.05563	0.23490	0.02485	0.23900	0.07070	0.14251	0.05507	0.00766	0.00499	0.00155	0.00417	0.02327	0.00471	0.00654
28	0.18719	0.02717	0.03193	0.28340	0.02787	0.03353	0.04013	0.13428	0.03007	0.03278	0.01045	0.03357	0.00874	0.03481	0.02807	0.00181	0.00552	0.03994	0.00303	0.00570
29	0.06569	0.10816	0.09253	0.01129	0.01375	0.08364	0.09626	0.03534	0.03714	0.01444	0.09870	0.01413	0.03686	0.00651	0.00794	0.00160	0.26304	0.00457	0.00277	0.00564
30	0.52278	0.04770	0.11429	0.00782	0.01126	0.02957	0.00726	0.01544	0.05848	0.09771	0.00963	0.04352	0.00760	0.00509	0.00359	0.00147	0.00427	0.00353	0.00321	0.00579
31	0.08255	0.02663	0.01223	0.03084	0.05476	0.12693	0.00826	0.23772	0.24658	0.02042	0.03973	0.01393	0.02260	0.00650	0.02476	0.00159	0.01516	0.00445	0.00393	0.02042

[dist]
# distance from previous block
# <min> <max>
1	111

[block]
# block no. 6 follows, 54 sequences, length 49
# corresponding to MSA columns:
# 303-337,339-352
name=unknown_G
#
# <colnr> <probs for GDERKNQSTAVLIFYWHMCP>
#	G	D	E	R	K	N	Q	S	T	A	V	L	I	F	Y	W	H	M	C	P
0	0.01243	0.00942	0.01458	0.10980	0.18335	0.00967	0.10974	0.04558	0.15347	0.15440	0.04202	0.04796	0.03103	0.00627	0.00523	0.01572	0.00498	0.03395	0.00375	0.00665
1	0.00960	0.03634	0.71898	0.01327	0.01981	0.01103	0.04008	0.01470	0.00990	0.01479	0.00839	0.01000	0.00606	0.00453	0.00477	0.00147	0.03090	0.00352	0.00204	0.03983
2	0.04400	0.01054	0.01912	0.30711	0.16111	0.01112	0.27391	0.05280	0.01094	0.03837	0.00933	0.01238	0.00706	0.00445	0.00491	0.00153	0.00645	0.00461	0.01406	0.00621
3	0.01067	0.01102	0.01836	0.37419	0.17762	0.07027	0.21177	0.01377	0.01038	0.01355	0.00881	0.01221	0.00684	0.00450	0.00502	0.00151	0.01883	0.00446	0.02025	0.00596
4	0.00590	0.00430	0.00575	0.00672	0.00701	0.00416	0.00455	0.00676	0.00907	0.01216	0.04222	0.78985	0.03074	0.01447	0.00629	0.00191	0.02691	0.01303	0.00433	0.00388
5	0.01579	0.00911	0.01066	0.00874	0.01183	0.00930	0.00703	0.15083	0.24938	0.33668	0.05475	0.01910	0.08187	0.00667	0.00486	0.00151	0.00391	0.00545	0.00518	0.00735
6	0.01179	0.04355	0.07773	0.01039	0.07637	0.05403	0.00818	0.06136	0.07211	0.14956	0.12107	0.03316	0.06912	0.01091	0.11419	0.00233	0.03716	0.03708	0.00387	0.00603
7	0.01771	0.01966	0.01360	0.01175	0.01459	0.57219	0.00907	0.25277	0.01604	0.01706	0.00851	0.00936	0.00666	0.00510	0.00439	0.00128	0.00750	0.00340	0.00312	0.00624
8	0.01101	0.00579	0.00764	0.00662	0.00853	0.00518	0.00516	0.01307	0.01327	0.25775	0.53026	0.02988	0.06938	0.00859	0.00531	0.00148	0.00277	0.00745	0.00535	0.00551
9	0.00786	0.00552	0.00702	0.00651	0.00789	0.00535	0.00501	0.04874	0.03158	0.04768	0.57369	0.03273	0.08699	0.01165	0.07392	0.00203	0.00343	0.03275	0.00488	0.00478
10	0.01113	0.00863	0.01126	0.16056	0.01538	0.00976	0.02190	0.15665	0.14075	0.06033	0.02832	0.14913	0.01565	0.00832	0.00610	0.00172	0.07256	0.11198	0.00395	0.00592
11	0.09145	0.00883	0.01048	0.00833	0.01148	0.00880	0.00680	0.20881	0.01436	0.41505	0.01506	0.01476	0.01037	0.02547	0.04891	0.00182	0.00459	0.00446	0.08308	0.00712
12	0.00657	0.00433	0.00575	0.00661	0.00710	0.00400	0.00449	0.00745	0.00931	0.05471	0.02619	0.76585	0.05145	0.01421	0.00594	0.00188	0.00279	0.01284	0.00446	0.00406
13	0.01208	0.00744	0.00894	0.00773	0.00991	0.00736	0.00608	0.20570	0.01457	0.17340	0.23554	0.15577	0.09197	0.00905	0.00530	0.00156	0.00348	0.03327	0.00497	0.00589
14	0.01279	0.00960	0.01022	0.00889	0.01136	0.04317	0.00694	0.19307	0.29568	0.09735	0.07054	0.10629	0.05071	0.04126	0.00578	0.00168	0.00407	0.01938	0.00466	0.00658
15	0.01652	0.01023	0.01271	0.01000	0.01338	0.04347	0.07856	0.21343	0.09861	0.33066	0.01844	0.01793	0.08624	0.00636	0.00491	0.00149	0.00468	0.02031	0.00482	0.00724
16	0.00581	0.00415	0.00555	0.00661	0.00692	0.00389	0.00447	0.00670	0.00916	0.01223	0.04125	0.79406	0.03134	0.01462	0.00602	0.00191	0.00277	0.03428	0.00439	0.00386
17	0.01113	0.01272	0.02782	0.01987	0.02464	0.01192	0.78776	0.01510	0.01113	0.01510	0.00954	0.01272	0.00715	0.00397	0.00556	0.00159	0.00795	0.00556	0.00238	0.00636
18	0.01182	0.20840	0.45296	0.01214	0.01749	0.17105	0.03503	0.01552	0.01057	0.01340	0.00783	0.00920	0.00604	0.00444	0.00413	0.00133	0.00686	0.00323	0.00209	0.00645
19	0.00686	0.00541	0.00816	0.00848	0.03085	0.00516	0.07273	0.03316	0.00998	0.01342	0.06961	0.64804	0.02840	0.01291	0.00588	0.00184	0.00335	0.02723	0.00421	0.00433
20	0.21595	0.01058	0.01074	0.00896	0.01193	0.01193	0.00719	0.31698	0.22986	0.03350	0.01268	0.01350	0.00973	0.04821	0.03649	0.00187	0.00466	0.00431	0.00415	0.00677
21	0.01016	0.00835	0.00821	0.00775	0.00931	0.11628	0.00579	0.04186	0.10020	0.08347	0.14531	0.20566	0.11993	0.05981	0.02344	0.00190	0.01871	0.02451	0.00426	0.00508
22	0.01149	0.01115	0.05410	0.17092	0.15556	0.05980	0.06911	0.02889	0.22453	0.05735	0.01356	0.05341	0.01986	0.00591	0.00516	0.00156	0.02806	0.01976	0.00332	0.00651
23	0.00683	0.00469	0.00575	0.00575	0.00596	0.00490	0.00361	0.00725	0.00704	0.00959	0.01430	0.02778	0.01581	0.63504	0.22143	0.00532	0.00658	0.00641	0.00277	0.00319
24	0.00898	0.00845	0.01427	0.80245	0.05243	0.01049	0.01313	0.01211	0.00946	0.01213	0.00839	0.01255	0.00632	0.00470	0.00471	0.00157	0.00627	0.00419	0.00210	0.00530
25	0.03916	0.01324	0.01274	0.08484	0.04085	0.18634	0.00884	0.26459	0.15671	0.09812	0.01237	0.02594	0.00930	0.00612	0.01845	0.00154	0.00569	0.00434	0.00394	0.00688
26	0.01617	0.01116	0.08070	0.00973	0.01327	0.01035	0.00845	0.25573	0.16643	0.28658	0.01617	0.05725	0.01202	0.00643	0.00484	0.00152	0.00452	0.02636	0.00484	0.00751
27	0.01113	0.01272	0.02782	0.01987	0.02464	0.01192	0.78776	0.01510	0.01113	0.01510	0.00954	0.01272	0.00715	0.00397	0.00556	0.00159	0.00795	0.00556	0.00238	0.00636
28	0.03883	0.01793	0.01476	0.01229	0.01536	0.45781	0.09146	0.21005	0.04532	0.03832	0.00927	0.01018	0.00712	0.00504	0.00451	0.00133	0.00719	0.00373	0.00319	0.00633
29	0.05092	0.08102	0.01362	0.01072	0.02937	0.21079	0.00854	0.21321	0.02351	0.09608	0.01184	0.01327	0.04768	0.00649	0.01514	0.00154	0.13554	0.02099	0.00345	0.00631
30	0.00674	0.00505	0.00758	0.00758	0.00842	0.00589	0.00589	0.00842	0.00758	0.01095	0.01263	0.01852	0.01179	0.03536	0.81561	0.00758	0.01263	0.00505	0.00253	0.00421
31	0.00576	0.00414	0.00547	0.00650	0.00683	0.00385	0.00435	0.00662	0.00917	0.01221	0.04332	0.78940	0.05578	0.01457	0.00599	0.00190	0.00271	0.01319	0.00439	0.00385
32	0.01134	0.01142	0.01649	0.19913	0.31037	0.09567	0.09737	0.01559	0.12010	0.01486	0.03633	0.03044	0.00969	0.00506	0.00481	0.00148	0.00589	0.00472	0.00278	0.00646
33	0.01188	0.01208	0.02290	0.06173	0.20048	0.01196	0.45377	0.09654	0.04929	0.01677	0.00997	0.01256	0.00761	0.00436	0.00519	0.00153	0.00684	0.00503	0.00272	0.00678
34	0.00578	0.00448	0.00527	0.00576	0.00669	0.00397	0.00408	0.00690	0.01018	0.01297	0.10342	0.40799	0.36873	0.01306	0.00579	0.00174	0.00256	0.02220	0.00445	0.00396
35	0.01400	0.09719	0.01722	0.01603	0.18663	0.33138	0.10483	0.01737	0.10570	0.01374	0.00921	0.01078	0.00751	0.00487	0.00496	0.00137	0.04443	0.00387	0.00263	0.00629
36	0.03130	0.01222	0.01385	0.01085	0.01420	0.01355	0.04031	0.62262	0.04125	0.02645	0.01273	0.03982	0.02671	0.00633	0.00536	0.00150	0.04617	0.02291	0.00443	0.00743
37	0.00871	0.00806	0.01348	0.75233	0.03037	0.00996	0.01247	0.01170	0.00947	0.01213	0.00986	0.05183	0.00828	0.00551	0.00485	0.00161	0.00604	0.03590	0.00229	0.00514
38	0.00946	0.02439	0.80987	0.01344	0.02041	0.01095	0.01742	0.01493	0.00995	0.01493	0.00846	0.00995	0.00597	0.00448	0.00448	0.00149	0.00697	0.00348	0.00199	0.00697
39	0.01055	0.09188	0.68693	0.01263	0.01911	0.01132	0.01589	0.01543	0.01017	0.07082	0.00902	0.01018	0.00638	0.00454	0.00438	0.00145	0.00660	0.00349	0.00227	0.00697
40	0.00865	0.00794	0.01325	0.71155	0.02925	0.00983	0.01220	0.01162	0.00934	0.01205	0.00958	0.01512	0.00781	0.00779	0.07505	0.00212	0.00674	0.04278	0.00224	0.00510
41	0.01740	0.01423	0.01367	0.01089	0.01436	0.13410	0.00882	0.59297	0.08775	0.04104	0.01154	0.01153	0.00835	0.00561	0.00465	0.00140	0.00554	0.00417	0.00440	0.00759
42	0.01345	0.01470	0.01723	0.17087	0.23084	0.27262	0.12561	0.07125	0.01222	0.01450	0.00854	0.01094	0.00679	0.00458	0.00468	0.00140	0.00699	0.00402	0.00250	0.00627
43	0.01153	0.04820	0.04952	0.01510	0.14392	0.02030	0.25268	0.01422	0.01105	0.12605	0.03207	0.09670	0.05072	0.00644	0.00513	0.00153	0.00549	0.05633	0.00333	0.04970
44	0.00696	0.02786	0.00690	0.00654	0.00709	0.00556	0.00465	0.00789	0.00754	0.01036	0.01457	0.05665	0.01550	0.38352	0.37371	0.00559	0.00808	0.04457	0.00282	0.00366
45	0.00691	0.00457	0.00522	0.00533	0.00544	0.00455	0.00316	0.00716	0.00730	0.00994	0.01596	0.08059	0.01814	0.71045	0.02118	0.00414	0.00433	0.03663	0.04597	0.00305
46	0.04952	0.40194	0.13729	0.02658	0.01353	0.06284	0.00911	0.03825	0.07302	0.08007	0.00952	0.01090	0.00776	0.04615	0.00474	0.00140	0.00528	0.00341	0.00275	0.01593
47	0.01236	0.13451	0.22148	0.01093	0.01479	0.15636	0.03984	0.13336	0.07001	0.01617	0.03714	0.10947	0.01125	0.00619	0.00455	0.00142	0.00583	0.00495	0.00310	0.00628
48	0.05644	0.22374	0.05874	0.00894	0.03367	0.02669	0.04338	0.01330	0.06309	0.03282	0.02284	0.10934	0.01119	0.05163	0.00513	0.00139	0.00444	0.00471	0.00295	0.22559

[dist]
# distance from previous block
# <min> <max>
31	76

[block]
# block no. 7 follows, 54 sequences, length 94
# corresponding to MSA columns:
# 446-500,516-554
name=unknown_H
#
# <colnr> <probs for GDERKNQSTAVLIFYWHMCP>
#	G	D	E	R	K	N	Q	S	T	A	V	L	I	F	Y	W	H	M	C	P
0	0.01094	0.03173	0.45632	0.01235	0.01793	0.01030	0.09837	0.05404	0.03918	0.06921	0.03507	0.01175	0.00825	0.00467	0.00452	0.00139	0.00602	0.00395	0.00274	0.12126
1	0.00944	0.04346	0.71753	0.01334	0.03705	0.01082	0.02952	0.01453	0.01008	0.01488	0.02790	0.01157	0.02966	0.00479	0.00452	0.00148	0.00667	0.00381	0.00215	0.00680
2	0.01104	0.30545	0.40821	0.01171	0.01706	0.03717	0.07408	0.01466	0.01006	0.02949	0.00864	0.03674	0.00705	0.00467	0.00411	0.00134	0.00622	0.00366	0.00220	0.00647
3	0.01555	0.07242	0.01428	0.17426	0.01800	0.57512	0.00984	0.04323	0.01263	0.01223	0.00760	0.00935	0.00618	0.00480	0.00428	0.00128	0.00772	0.00328	0.00241	0.00554
4	0.01155	0.00839	0.00958	0.00878	0.01111	0.00906	0.00703	0.05772	0.40780	0.10906	0.07566	0.03739	0.06362	0.00822	0.00523	0.00168	0.00376	0.15304	0.00482	0.00650
5	0.01092	0.00994	0.01707	0.36170	0.40642	0.01073	0.05019	0.01387	0.01033	0.05043	0.00914	0.01230	0.00715	0.00448	0.00473	0.00148	0.00593	0.00429	0.00240	0.00650
6	0.00736	0.01713	0.03539	0.00831	0.00970	0.00584	0.06452	0.00956	0.03836	0.01363	0.08562	0.23398	0.08850	0.08596	0.02280	0.00222	0.00414	0.25855	0.00401	0.00443
7	0.01716	0.00723	0.00963	0.00774	0.01075	0.00634	0.00630	0.01916	0.02439	0.58983	0.13385	0.02250	0.08760	0.00714	0.00498	0.00150	0.00362	0.02769	0.00556	0.00704
8	0.01127	0.01094	0.16898	0.03401	0.01442	0.00805	0.10997	0.06493	0.01204	0.16219	0.12529	0.11506	0.02986	0.00783	0.00529	0.00163	0.00487	0.10337	0.00398	0.00602
9	0.01081	0.01809	0.44279	0.02727	0.03843	0.03426	0.09838	0.05526	0.01083	0.05608	0.01139	0.01389	0.04365	0.00557	0.00580	0.00157	0.08492	0.03183	0.00260	0.00655
10	0.00892	0.00824	0.01375	0.75176	0.03041	0.01031	0.01254	0.01173	0.00918	0.01183	0.00829	0.01257	0.00638	0.00543	0.00580	0.04460	0.03691	0.00418	0.00209	0.00508
11	0.01007	0.11968	0.69451	0.01273	0.01926	0.01196	0.01608	0.03721	0.01026	0.01491	0.00832	0.00971	0.00604	0.00446	0.00432	0.00143	0.00669	0.00339	0.00207	0.00689
12	0.01055	0.01642	0.32356	0.07677	0.14032	0.01135	0.26219	0.01489	0.02505	0.02790	0.00914	0.01154	0.00686	0.00450	0.00531	0.00154	0.03874	0.00439	0.00229	0.00668
13	0.00985	0.02170	0.63138	0.01508	0.03673	0.01116	0.17785	0.01496	0.01021	0.01498	0.00869	0.01056	0.00625	0.00437	0.00471	0.00151	0.00715	0.00393	0.00208	0.00685
14	0.00721	0.00497	0.00627	0.00586	0.00718	0.00449	0.00442	0.00923	0.01291	0.05726	0.63314	0.03601	0.17363	0.00985	0.00552	0.00150	0.00234	0.00858	0.00508	0.00455
15	0.19812	0.03887	0.09291	0.04040	0.03460	0.24717	0.04416	0.08294	0.08823	0.01674	0.01058	0.01298	0.02288	0.00540	0.00427	0.00144	0.00594	0.04337	0.00302	0.00597
16	0.05448	0.01219	0.01625	0.01669	0.23026	0.10056	0.09736	0.11608	0.01210	0.12055	0.00973	0.01151	0.00754	0.00546	0.00678	0.00154	0.16693	0.00421	0.00309	0.00670
17	0.00562	0.00478	0.00484	0.00483	0.00640	0.00400	0.00362	0.00686	0.01086	0.01300	0.07971	0.04495	0.77086	0.01184	0.00557	0.00159	0.00238	0.00989	0.00441	0.00400
18	0.00724	0.00524	0.00669	0.00618	0.00742	0.00496	0.00467	0.04787	0.01379	0.01945	0.76289	0.03403	0.04267	0.00944	0.00552	0.00148	0.00237	0.00831	0.00517	0.00463
19	0.01152	0.01160	0.02159	0.09333	0.39652	0.01163	0.30019	0.05313	0.01128	0.01565	0.00915	0.01210	0.00726	0.00430	0.00518	0.00150	0.02006	0.00471	0.00245	0.00685
20	0.01779	0.01314	0.01407	0.01082	0.01457	0.01456	0.00893	0.77230	0.03925	0.02950	0.01149	0.01146	0.00816	0.00568	0.00472	0.00142	0.00516	0.00427	0.00472	0.00801
21	0.00566	0.00478	0.00490	0.00487	0.00642	0.00402	0.00365	0.00694	0.01096	0.01325	0.11055	0.04453	0.73986	0.01175	0.00557	0.00158	0.00237	0.00983	0.00445	0.00402
22	0.03961	0.00724	0.00875	0.00770	0.00973	0.01883	0.00604	0.12364	0.04413	0.18008	0.27122	0.10994	0.02414	0.01131	0.09138	0.00218	0.00443	0.02917	0.00473	0.00575
23	0.01187	0.64700	0.20838	0.00932	0.01404	0.01685	0.01026	0.01431	0.00967	0.01199	0.00700	0.00812	0.00603	0.00414	0.00337	0.00112	0.00549	0.00275	0.00201	0.00627
24	0.00574	0.00410	0.00547	0.00657	0.00684	0.00383	0.00438	0.00657	0.00903	0.01204	0.02599	0.83122	0.03119	0.01477	0.00602	0.00191	0.00274	0.01340	0.00438	0.00383
25	0.01547	0.01887	0.01442	0.09443	0.07401	0.58074	0.03484	0.01706	0.01217	0.01197	0.00749	0.00943	0.00624	0.00507	0.00535	0.00135	0.07975	0.00341	0.00236	0.00559
26	0.01174	0.28385	0.13075	0.01108	0.01421	0.07973	0.06998	0.02905	0.00988	0.03386	0.03631	0.01085	0.00800	0.00694	0.04486	0.00174	0.20514	0.00375	0.00238	0.00589
27	0.00580	0.00474	0.00512	0.00512	0.00653	0.00406	0.00380	0.00717	0.01114	0.01389	0.19237	0.09434	0.60619	0.01168	0.00560	0.00159	0.00238	0.00990	0.00454	0.00406
28	0.00685	0.00461	0.00533	0.00533	0.00540	0.00467	0.00309	0.00698	0.00691	0.00928	0.01468	0.02990	0.01673	0.77261	0.08512	0.00480	0.00519	0.00672	0.00283	0.00296
29	0.01155	0.01142	0.03664	0.04963	0.76693	0.01118	0.01450	0.01442	0.01068	0.01530	0.00885	0.01166	0.00740	0.00422	0.00466	0.00141	0.00565	0.00418	0.00232	0.00740
30	0.01229	0.75506	0.10399	0.00861	0.01294	0.01788	0.00901	0.01420	0.00962	0.01148	0.00675	0.00780	0.00604	0.00408	0.00317	0.00106	0.00524	0.00262	0.00201	0.00614
31	0.00577	0.00412	0.00546	0.00653	0.00680	0.00385	0.00434	0.00657	0.00897	0.01196	0.02570	0.81076	0.03083	0.03572	0.00648	0.00198	0.00278	0.01324	0.00434	0.00380
32	0.11433	0.00979	0.01151	0.00893	0.01253	0.00978	0.00737	0.26528	0.01564	0.47335	0.01495	0.01361	0.00978	0.00562	0.00453	0.00145	0.00435	0.00434	0.00516	0.00770
33	0.01135	0.01147	0.01571	0.01269	0.01467	0.10558	0.18784	0.04369	0.07472	0.02726	0.13646	0.01538	0.01337	0.00681	0.00884	0.00169	0.29856	0.00515	0.00307	0.00570
34	0.00750	0.00536	0.00749	0.00857	0.00962	0.00534	0.00743	0.00960	0.01076	0.01400	0.02502	0.09336	0.02734	0.01312	0.00649	0.00216	0.00426	0.73391	0.00434	0.00432
35	0.00667	0.00482	0.00630	0.00593	0.00704	0.00445	0.00445	0.00890	0.01335	0.01891	0.80239	0.03522	0.04449	0.00964	0.00556	0.00148	0.00222	0.00853	0.00519	0.00445
36	0.01153	0.01138	0.07454	0.01378	0.01704	0.02918	0.32371	0.01505	0.05478	0.11043	0.14122	0.01642	0.01399	0.00601	0.00690	0.00162	0.13745	0.00550	0.00332	0.00614
37	0.01131	0.46676	0.29883	0.01077	0.01565	0.01540	0.05040	0.01430	0.00966	0.01265	0.00735	0.00881	0.00609	0.00442	0.00434	0.00126	0.05055	0.00310	0.00203	0.00634
38	0.01113	0.01272	0.02782	0.01987	0.02464	0.01192	0.78776	0.01510	0.01113	0.01510	0.00954	0.01272	0.00715	0.00397	0.00556	0.00159	0.00795	0.00556	0.00238	0.00636
39	0.86760	0.00912	0.00693	0.00620	0.00912	0.01058	0.00511	0.01386	0.00802	0.02115	0.00657	0.00766	0.00511	0.00438	0.00292	0.00146	0.00365	0.00255	0.00292	0.00511
40	0.01225	0.01039	0.01096	0.00970	0.01246	0.01197	0.00759	0.08991	0.73066	0.02057	0.01852	0.01706	0.01385	0.00633	0.00479	0.00158	0.00386	0.00524	0.00479	0.00751
41	0.00612	0.00480	0.00554	0.00536	0.00671	0.00422	0.00402	0.00784	0.01205	0.01583	0.42640	0.04028	0.42240	0.01079	0.00557	0.00154	0.00231	0.00924	0.00479	0.00422
42	0.00574	0.00410	0.00547	0.00657	0.00684	0.00383	0.00438	0.00657	0.00903	0.01204	0.02599	0.83122	0.03119	0.01477	0.00602	0.00191	0.00274	0.01340	0.00438	0.00383
43	0.01261	0.83713	0.02471	0.00807	0.01210	0.01866	0.00807	0.01412	0.00958	0.01109	0.00656	0.00756	0.00605	0.00403	0.00303	0.00101	0.00504	0.00252	0.00202	0.00605
44	0.00890	0.00838	0.01414	0.82296	0.03247	0.01048	0.01309	0.01205	0.00943	0.01205	0.00838	0.01257	0.00629	0.00471	0.00471	0.00157	0.00629	0.00419	0.00210	0.00524
45	0.00557	0.00478	0.00478	0.00478	0.00637	0.00398	0.00358	0.00677	0.01075	0.01274	0.04776	0.04538	0.80297	0.01194	0.00557	0.00159	0.00239	0.00995	0.00438	0.00398
46	0.01261	0.83713	0.02471	0.00807	0.01210	0.01866	0.00807	0.01412	0.00958	0.01109	0.00656	0.00756	0.00605	0.00403	0.00303	0.00101	0.00504	0.00252	0.00202	0.00605
47	0.00674	0.00502	0.00743	0.00743	0.00822	0.00581	0.00570	0.00832	0.00753	0.01083	0.01277	0.01929	0.01212	0.08506	0.76637	0.00739	0.01213	0.00516	0.00255	0.00413
48	0.01703	0.02082	0.01327	0.01193	0.01436	0.69679	0.00904	0.06007	0.06157	0.01300	0.00820	0.00927	0.00669	0.00511	0.00468	0.00128	0.03521	0.00328	0.00268	0.00571
49	0.00593	0.00478	0.00529	0.00527	0.00667	0.00414	0.00397	0.00741	0.01137	0.01437	0.24378	0.07119	0.55197	0.01147	0.00562	0.00159	0.00242	0.03405	0.00459	0.00411
50	0.00952	0.03999	0.79479	0.01334	0.02025	0.01110	0.01724	0.01492	0.00995	0.01486	0.00842	0.00991	0.00597	0.00447	0.00445	0.00148	0.00693	0.00347	0.00199	0.00695
51	0.01152	0.01270	0.02602	0.04258	0.04391	0.02516	0.67849	0.05496	0.01160	0.01565	0.00948	0.01250	0.00715	0.00418	0.00563	0.00158	0.02263	0.00535	0.00249	0.00640
52	0.01154	0.00977	0.01027	0.00927	0.01184	0.01127	0.00720	0.02417	0.74699	0.01959	0.01895	0.01759	0.01425	0.00634	0.00470	0.00157	0.00364	0.00527	0.05852	0.00727
53	0.01154	0.01401	0.11570	0.01800	0.02275	0.01216	0.59680	0.08686	0.01187	0.01630	0.00945	0.01218	0.00706	0.00436	0.00575	0.00158	0.03942	0.00515	0.00254	0.00654
54	0.02418	0.00651	0.00737	0.00676	0.00855	0.00656	0.00522	0.05174	0.17579	0.03898	0.35641	0.03183	0.21578	0.00912	0.00528	0.00154	0.00284	0.02211	0.01818	0.00525
55	0.04140	0.01219	0.06671	0.20196	0.06057	0.01149	0.49596	0.02435	0.01069	0.01482	0.00910	0.01228	0.00684	0.00422	0.00516	0.00156	0.00722	0.00495	0.00234	0.00616
56	0.00667	0.00482	0.00630	0.00593	0.00704	0.00445	0.00445	0.00890	0.01335	0.01891	0.80239	0.03522	0.04449	0.00964	0.00556	0.00148	0.00222	0.00853	0.00519	0.00445
57	0.02321	0.01067	0.01691	0.01436	0.07771	0.01198	0.21657	0.16030	0.02615	0.01631	0.00967	0.01322	0.00818	0.04414	0.10849	0.00253	0.22597	0.00477	0.00283	0.00603
58	0.00994	0.02111	0.59499	0.01566	0.06053	0.01118	0.19003	0.01495	0.01026	0.01499	0.00872	0.01066	0.00631	0.00435	0.00473	0.00151	0.00712	0.00399	0.00210	0.00686
59	0.86760	0.00912	0.00693	0.00620	0.00912	0.01058	0.00511	0.01386	0.00802	0.02115	0.00657	0.00766	0.00511	0.00438	0.00292	0.00146	0.00365	0.00255	0.00292	0.00511
60	0.00753	0.00491	0.00670	0.00673	0.00752	0.00525	0.00495	0.00888	0.00829	0.05142	0.02703	0.14323	0.01607	0.15565	0.43202	0.00519	0.00821	0.00657	0.08970	0.00415
61	0.01169	0.01179	0.04875	0.12064	0.41923	0.02609	0.22178	0.01487	0.01084	0.05442	0.00943	0.01216	0.00737	0.00431	0.00490	0.00147	0.00634	0.00455	0.00248	0.00687
62	0.01100	0.01363	0.08920	0.01937	0.02431	0.01185	0.72730	0.01509	0.01104	0.01509	0.00945	0.01250	0.00706	0.00401	0.00548	0.00158	0.00787	0.00540	0.00235	0.00641
63	0.00574	0.00410	0.00547	0.00657	0.00684	0.00383	0.00438	0.00657	0.00903	0.01204	0.02599	0.83122	0.03119	0.01477	0.00602	0.00191	0.00274	0.01340	0.00438	0.00383
64	0.01104	0.01114	0.02143	0.04613	0.27374	0.01098	0.38069	0.01418	0.01086	0.03783	0.03975	0.01478	0.04839	0.00497	0.00578	0.00155	0.05236	0.00530	0.00264	0.00647
65	0.01148	0.01101	0.01880	0.08232	0.75295	0.01115	0.01438	0.01431	0.01065	0.01518	0.00884	0.01173	0.00739	0.00424	0.00467	0.00141	0.00565	0.00420	0.00232	0.00732
66	0.02115	0.00802	0.01094	0.00839	0.01204	0.00693	0.00693	0.02298	0.01350	0.80815	0.01860	0.01605	0.01167	0.00584	0.00474	0.00146	0.00401	0.00474	0.00584	0.00802
67	0.01113	0.39771	0.42784	0.01090	0.01644	0.01459	0.01290	0.03507	0.01011	0.01356	0.00766	0.00889	0.00606	0.00431	0.00382	0.00127	0.00604	0.00306	0.00208	0.00657
68	0.01321	0.01018	0.02767	0.24313	0.05810	0.02452	0.01000	0.24597	0.08146	0.10207	0.01360	0.02984	0.01108	0.00642	0.00495	0.00158	0.00522	0.10060	0.00383	0.00657
69	0.00714	0.00534	0.00781	0.00770	0.00864	0.00621	0.00600	0.03646	0.00810	0.01162	0.01258	0.01826	0.01165	0.03430	0.78649	0.00736	0.01236	0.00502	0.00260	0.00435
70	0.01104	0.01214	0.02456	0.01945	0.10125	0.01230	0.57131	0.01437	0.01039	0.01447	0.00888	0.01219	0.00701	0.00476	0.00724	0.00165	0.15324	0.00517	0.00232	0.00626
71	0.00998	0.00911	0.01550	0.60191	0.14326	0.01058	0.06116	0.01340	0.03497	0.04156	0.00924	0.01273	0.00696	0.00469	0.00476	0.00154	0.00613	0.00433	0.00237	0.00580
72	0.01478	0.01064	0.01614	0.02080	0.47702	0.01062	0.01163	0.11627	0.04626	0.21030	0.01199	0.01294	0.00886	0.00488	0.00470	0.00142	0.00508	0.00439	0.00360	0.00767
73	0.01761	0.02247	0.01336	0.01215	0.01458	0.81537	0.00911	0.01883	0.01336	0.01154	0.00729	0.00850	0.00607	0.00486	0.00425	0.00121	0.00850	0.00304	0.00243	0.00547
