[name]
unknown

[dist]
# distance from previous block
# <min> <max>
0	40

[block]
# block no. 0 follows, 52 sequences, length 35
# corresponding to MSA columns:
# 50-67,75-91
name=unknown_A
#
# <colnr> <probs for GDERKNQSTAVLIFYWHMCP>
#	G	D	E	R	K	N	Q	S	T	A	V	L	I	F	Y	W	H	M	C	P
0	0.07409	0.03885	0.07961	0.01085	0.07127	0.02492	0.00868	0.14139	0.14337	0.13206	0.03998	0.06169	0.01296	0.00649	0.00474	0.00149	0.00458	0.05048	0.00412	0.08839
1	0.06075	0.05997	0.06600	0.01011	0.03555	0.07180	0.03432	0.16624	0.09260	0.06365	0.02948	0.10770	0.04846	0.00684	0.00471	0.00145	0.00478	0.02098	0.01952	0.09507
2	0.03951	0.02697	0.12662	0.01282	0.08482	0.03853	0.08362	0.19592	0.06838	0.11866	0.04814	0.03159	0.03818	0.00619	0.00495	0.00153	0.00536	0.03911	0.00391	0.02521
3	0.10573	0.06976	0.09211	0.00993	0.01359	0.06594	0.04592	0.16615	0.07792	0.16118	0.03544	0.04324	0.05319	0.00611	0.00460	0.00146	0.00498	0.00486	0.00403	0.03385
4	0.05474	0.07666	0.15226	0.04207	0.08889	0.06331	0.03937	0.13583	0.09656	0.07293	0.01356	0.01557	0.04691	0.00580	0.00467	0.00148	0.00548	0.04092	0.00346	0.03954
5	0.08186	0.02835	0.14131	0.01151	0.04185	0.14325	0.07453	0.10572	0.03509	0.04818	0.04246	0.04612	0.02363	0.05215	0.00610	0.00163	0.03287	0.00474	0.02733	0.05132
6	0.15578	0.07969	0.17415	0.02489	0.07378	0.04260	0.02486	0.09519	0.09102	0.08499	0.03675	0.01400	0.02325	0.01919	0.00474	0.00152	0.00520	0.01983	0.00341	0.02517
7	0.06776	0.04333	0.07803	0.02438	0.06048	0.04710	0.06085	0.07833	0.07730	0.08492	0.06897	0.01799	0.11089	0.00633	0.00492	0.01720	0.00468	0.00509	0.00366	0.13779
8	0.05535	0.02481	0.08985	0.12640	0.19597	0.01037	0.07346	0.04616	0.06933	0.06446	0.05652	0.04605	0.01156	0.00682	0.03302	0.00175	0.02741	0.01767	0.00317	0.03987
9	0.02838	0.05440	0.05111	0.15450	0.43440	0.03678	0.02752	0.03751	0.05720	0.03949	0.00980	0.01214	0.00779	0.00464	0.00466	0.00145	0.00578	0.00421	0.00268	0.02556
10	0.04133	0.02705	0.01777	0.07014	0.40786	0.02899	0.09234	0.06764	0.09409	0.04331	0.03541	0.01337	0.00953	0.00501	0.00510	0.00150	0.02471	0.00463	0.00304	0.00717
11	0.00965	0.00827	0.00957	0.00697	0.01103	0.00624	0.00555	0.01172	0.01014	0.01554	0.01235	0.01343	0.08012	0.00439	0.00379	0.00080	0.00348	0.00355	0.00302	0.78039
12	0.00829	0.00648	0.00737	0.00673	0.00868	0.00621	0.00518	0.02583	0.15393	0.03162	0.27764	0.05223	0.25605	0.00942	0.00534	0.00153	0.00290	0.02936	0.02122	0.08399
13	0.00932	0.00510	0.00481	0.00477	0.00594	0.03001	0.00358	0.01155	0.01028	0.01787	0.01555	0.01777	0.01223	0.00563	0.00342	0.00113	0.00246	0.00447	0.82957	0.00455
14	0.00610	0.00470	0.00563	0.00629	0.00725	0.00423	0.00463	0.00730	0.01028	0.01297	0.03593	0.39079	0.35192	0.01371	0.00607	0.00187	0.00290	0.11886	0.00449	0.00408
15	0.00582	0.00486	0.00507	0.00512	0.00663	0.00411	0.00380	0.00709	0.01110	0.01347	0.09879	0.10180	0.69108	0.01232	0.00576	0.00165	0.00247	0.01038	0.00456	0.00411
16	0.00682	0.00507	0.00633	0.00599	0.00721	0.00468	0.00447	0.00916	0.03132	0.01827	0.65004	0.03714	0.15137	0.03333	0.00623	0.00163	0.00241	0.00885	0.00514	0.00453
17	0.00597	0.00427	0.00568	0.00670	0.00704	0.00398	0.00450	0.00691	0.00958	0.01286	0.07984	0.77201	0.03299	0.01482	0.00615	0.00194	0.00278	0.01343	0.00456	0.00398
18	0.86392	0.00937	0.00712	0.00637	0.00937	0.01087	0.00525	0.01425	0.00825	0.02174	0.00675	0.00787	0.00525	0.00450	0.00300	0.00150	0.00375	0.00262	0.00300	0.00525
19	0.00781	0.00558	0.00781	0.00892	0.01004	0.00558	0.00781	0.01004	0.01116	0.01450	0.02566	0.05466	0.02789	0.01339	0.00669	0.00223	0.00446	0.76685	0.00446	0.00446
20	0.02174	0.00825	0.01125	0.00862	0.01237	0.00712	0.00712	0.02362	0.01387	0.80282	0.01912	0.01649	0.01200	0.00600	0.00487	0.00150	0.00412	0.00487	0.00600	0.00825
21	0.86392	0.00937	0.00712	0.00637	0.00937	0.01087	0.00525	0.01425	0.00825	0.02174	0.00675	0.00787	0.00525	0.00450	0.00300	0.00150	0.00375	0.00262	0.00300	0.00525
22	0.01845	0.01260	0.01385	0.01066	0.01443	0.01367	0.00879	0.66053	0.02134	0.12829	0.03921	0.01308	0.00999	0.00598	0.00488	0.00146	0.00508	0.00458	0.00501	0.00812
23	0.86392	0.00937	0.00712	0.00637	0.00937	0.01087	0.00525	0.01425	0.00825	0.02174	0.00675	0.00787	0.00525	0.00450	0.00300	0.00150	0.00375	0.00262	0.00300	0.00525
24	0.01199	0.01151	0.01967	0.02974	0.79946	0.01151	0.01487	0.01487	0.01103	0.01583	0.00912	0.01199	0.00768	0.00432	0.00480	0.00144	0.00576	0.00432	0.00240	0.00768
25	0.01238	0.01057	0.01114	0.00993	0.01273	0.01221	0.00775	0.06447	0.75146	0.02080	0.01931	0.01775	0.01446	0.00654	0.00493	0.00163	0.00391	0.00542	0.00493	0.00770
26	0.01449	0.01161	0.01245	0.02901	0.01404	0.01319	0.00841	0.32348	0.47057	0.02413	0.01629	0.01543	0.01202	0.00624	0.00490	0.00157	0.00448	0.00501	0.00483	0.00784
27	0.00674	0.00457	0.00538	0.00568	0.00575	0.00450	0.00335	0.00697	0.00764	0.01019	0.01832	0.24351	0.02146	0.61265	0.01974	0.00397	0.00420	0.00884	0.00335	0.00320
28	0.00797	0.00573	0.00715	0.00658	0.00802	0.00553	0.00500	0.02766	0.08429	0.04225	0.66340	0.03379	0.06486	0.00948	0.00560	0.00154	0.00255	0.00830	0.00528	0.00502
29	0.01236	0.01195	0.01927	0.16242	0.14051	0.04571	0.26972	0.12217	0.10826	0.01758	0.01103	0.01326	0.00838	0.00489	0.00508	0.00155	0.00642	0.00489	0.02778	0.00678
30	0.01065	0.01000	0.01683	0.49363	0.26105	0.01131	0.05494	0.05701	0.01093	0.01461	0.00900	0.01258	0.00697	0.00470	0.00488	0.00155	0.00628	0.00439	0.00240	0.00629
31	0.00604	0.00442	0.00569	0.00653	0.00709	0.00407	0.00452	0.00711	0.00999	0.01320	0.10187	0.62551	0.13105	0.01425	0.00610	0.00189	0.00277	0.03927	0.00458	0.00403
32	0.01283	0.00817	0.01013	0.00858	0.01113	0.00827	0.03103	0.09230	0.20456	0.20193	0.25958	0.02521	0.06568	0.00784	0.00527	0.00157	0.00365	0.03053	0.00518	0.00657
33	0.03091	0.03962	0.05959	0.01278	0.01667	0.06058	0.17019	0.34461	0.15221	0.02243	0.01242	0.03438	0.00948	0.00565	0.00495	0.00152	0.00586	0.00489	0.00394	0.00734
34	0.04001	0.02511	0.03539	0.05581	0.13551	0.01019	0.02785	0.05679	0.08904	0.01537	0.05207	0.05447	0.05194	0.05476	0.08741	0.00245	0.15152	0.02957	0.01898	0.00576

[dist]
# distance from previous block
# <min> <max>
1	5

[block]
# block no. 1 follows, 52 sequences, length 21
# corresponding to MSA columns:
# 97-117
name=unknown_B
#
# <colnr> <probs for GDERKNQSTAVLIFYWHMCP>
#	G	D	E	R	K	N	Q	S	T	A	V	L	I	F	Y	W	H	M	C	P
0	0.21180	0.02315	0.01172	0.02425	0.12448	0.06523	0.03823	0.07793	0.05691	0.03713	0.01104	0.03149	0.00980	0.11733	0.04002	0.00213	0.01755	0.01615	0.00318	0.08050
1	0.01191	0.01147	0.01527	0.05933	0.42056	0.11153	0.01127	0.01449	0.02304	0.02980	0.01021	0.03726	0.00878	0.00697	0.05980	0.00177	0.00610	0.00435	0.03234	0.12375
2	0.01046	0.00891	0.01135	0.00812	0.01246	0.00687	0.05898	0.01273	0.01025	0.03675	0.00897	0.01043	0.00732	0.00369	0.00377	0.00080	0.00392	0.00312	0.00293	0.77818
3	0.00692	0.00519	0.00779	0.00779	0.00865	0.00606	0.00606	0.00865	0.00779	0.01125	0.01298	0.01904	0.01211	0.03634	0.81049	0.00779	0.01298	0.00519	0.00260	0.00433
4	0.00845	0.00536	0.00683	0.00641	0.00784	0.00489	0.00482	0.01063	0.02977	0.10931	0.50076	0.13442	0.13111	0.01033	0.00566	0.00159	0.00262	0.00905	0.00520	0.00493
5	0.00624	0.00493	0.00563	0.00545	0.00686	0.00431	0.00409	0.00796	0.01227	0.01599	0.39102	0.04186	0.45376	0.01119	0.00572	0.00159	0.00238	0.00956	0.00488	0.00431
6	0.01810	0.02310	0.01373	0.01248	0.01498	0.81024	0.00936	0.01935	0.01373	0.01186	0.00749	0.00874	0.00624	0.00499	0.00437	0.00125	0.00874	0.00312	0.00250	0.00562
7	0.00590	0.00422	0.00562	0.00675	0.00703	0.00394	0.00450	0.00675	0.00928	0.01237	0.02671	0.82653	0.03205	0.01518	0.00619	0.00197	0.00281	0.01378	0.00450	0.00394
8	0.01296	0.83261	0.02539	0.00829	0.01244	0.01917	0.00829	0.01451	0.00985	0.01140	0.00674	0.00777	0.00622	0.00415	0.00311	0.00104	0.00518	0.00259	0.00207	0.00622
9	0.01005	0.00861	0.01005	0.00718	0.01148	0.00646	0.00574	0.01220	0.01005	0.01579	0.00861	0.01005	0.00718	0.00359	0.00359	0.00072	0.00359	0.00287	0.00287	0.85932
10	0.02174	0.00825	0.01125	0.00862	0.01237	0.00712	0.00712	0.02362	0.01387	0.80282	0.01912	0.01649	0.01200	0.00600	0.00487	0.00150	0.00412	0.00487	0.00600	0.00825
11	0.00895	0.00453	0.00459	0.00458	0.00571	0.00452	0.00343	0.01121	0.01030	0.01812	0.04674	0.01878	0.01374	0.00581	0.00348	0.00114	0.00226	0.00468	0.82289	0.00452
12	0.00965	0.00845	0.01242	0.40478	0.10744	0.03204	0.01050	0.03947	0.01068	0.04201	0.01713	0.11943	0.11762	0.00741	0.00541	0.00165	0.02484	0.02052	0.00308	0.00547
13	0.01048	0.05111	0.61814	0.01440	0.02076	0.05033	0.11712	0.01544	0.01048	0.01497	0.00866	0.01046	0.00631	0.00463	0.00497	0.00153	0.02735	0.00382	0.00212	0.00693
14	0.00819	0.00614	0.00750	0.00698	0.00842	0.00615	0.00527	0.06401	0.11040	0.01954	0.56389	0.11705	0.03785	0.00978	0.00561	0.00158	0.00274	0.00859	0.00516	0.00514
15	0.01036	0.00876	0.01012	0.00732	0.01151	0.00685	0.00586	0.05423	0.01078	0.01651	0.01015	0.01138	0.03407	0.00401	0.00373	0.00079	0.00365	0.00320	0.00303	0.78370
16	0.00693	0.00515	0.00756	0.00756	0.00835	0.00593	0.00578	0.00851	0.00772	0.01108	0.01319	0.02018	0.01261	0.10791	0.73960	0.00751	0.01223	0.00536	0.00263	0.00420
17	0.01056	0.00826	0.00989	0.00780	0.01078	0.00748	0.00607	0.02727	0.06338	0.06705	0.01179	0.06140	0.01070	0.10691	0.00771	0.00154	0.08153	0.00449	0.00329	0.49212
18	0.01959	0.00815	0.01075	0.00848	0.01190	0.00736	0.00692	0.02259	0.08596	0.66115	0.06838	0.01793	0.01440	0.00629	0.00490	0.00151	0.00393	0.00517	0.02678	0.00787
19	0.01769	0.02101	0.01400	0.01243	0.01490	0.68329	0.02797	0.01904	0.01327	0.06615	0.00827	0.00950	0.00667	0.00527	0.00520	0.00133	0.06212	0.00338	0.00271	0.00580
20	0.00578	0.00491	0.00499	0.00497	0.00658	0.00412	0.00373	0.00707	0.01118	0.01341	0.08709	0.04611	0.75930	0.01215	0.00573	0.00163	0.00245	0.01015	0.00454	0.00412

[dist]
# distance from previous block
# <min> <max>
0	6

[block]
# block no. 2 follows, 52 sequences, length 44
# corresponding to MSA columns:
# 124-167
name=unknown_C
#
# <colnr> <probs for GDERKNQSTAVLIFYWHMCP>
#	G	D	E	R	K	N	Q	S	T	A	V	L	I	F	Y	W	H	M	C	P
0	0.01296	0.83261	0.02539	0.00829	0.01244	0.01917	0.00829	0.01451	0.00985	0.01140	0.00674	0.00777	0.00622	0.00415	0.00311	0.00104	0.00518	0.00259	0.00207	0.00622
1	0.00581	0.00491	0.00503	0.00500	0.00660	0.00413	0.00375	0.00712	0.01124	0.01356	0.10483	0.04586	0.74146	0.01210	0.00573	0.00163	0.00244	0.01012	0.00456	0.00413
2	0.00915	0.00861	0.01453	0.81804	0.03338	0.01077	0.01346	0.01238	0.00969	0.01238	0.00861	0.01292	0.00646	0.00484	0.00484	0.00161	0.00646	0.00431	0.00215	0.00538
3	0.01278	0.78942	0.06707	0.00859	0.01289	0.01875	0.00881	0.01456	0.00987	0.01161	0.00684	0.00791	0.00621	0.00417	0.00319	0.00106	0.00529	0.00264	0.00207	0.00627
4	0.01265	0.01039	0.01106	0.00984	0.01265	0.01190	0.00768	0.04418	0.73641	0.05630	0.01950	0.01785	0.01450	0.00653	0.00493	0.00163	0.00389	0.00542	0.00498	0.00771
5	0.00671	0.00495	0.00627	0.00594	0.00715	0.00451	0.00446	0.00886	0.01337	0.01861	0.69936	0.03756	0.14379	0.01022	0.00572	0.00154	0.00231	0.00895	0.00523	0.00451
6	0.01735	0.04805	0.01474	0.01399	0.09230	0.66915	0.00986	0.05367	0.01375	0.01309	0.00782	0.00916	0.00647	0.00494	0.00439	0.00127	0.00817	0.00328	0.00258	0.00596
7	0.00692	0.00519	0.00779	0.00779	0.00865	0.00606	0.00606	0.00865	0.00779	0.01125	0.01298	0.01904	0.01211	0.03634	0.81049	0.00779	0.01298	0.00519	0.00260	0.00433
8	0.01189	0.01141	0.01948	0.05893	0.77110	0.01149	0.01482	0.01478	0.01098	0.01570	0.00910	0.01203	0.00763	0.00434	0.00480	0.00145	0.00578	0.00432	0.00239	0.00759
9	0.00997	0.05871	0.72786	0.01417	0.03924	0.01163	0.04197	0.01531	0.01027	0.01520	0.00866	0.01026	0.00622	0.00456	0.00458	0.00151	0.00708	0.00363	0.00207	0.00711
10	0.00683	0.00495	0.00643	0.00606	0.00722	0.00456	0.00455	0.00908	0.01364	0.01925	0.77484	0.03651	0.06790	0.00998	0.00572	0.00153	0.00229	0.00881	0.00531	0.00456
11	0.00778	0.00556	0.00777	0.00884	0.00996	0.00555	0.00772	0.01001	0.01123	0.01464	0.04794	0.05413	0.02840	0.01329	0.00667	0.00221	0.00440	0.74495	0.00449	0.00447
12	0.01189	0.01213	0.05555	0.02902	0.76387	0.01150	0.01501	0.01489	0.01100	0.01581	0.00910	0.01191	0.00761	0.00433	0.00479	0.00144	0.00582	0.00428	0.00238	0.00765
13	0.01140	0.01316	0.04609	0.03557	0.08460	0.01215	0.69098	0.01541	0.01135	0.01548	0.00970	0.01292	0.00733	0.00413	0.00561	0.00162	0.00793	0.00554	0.00243	0.00662
14	0.00692	0.00519	0.00779	0.00779	0.00865	0.00606	0.00606	0.00865	0.00779	0.01125	0.01298	0.01904	0.01211	0.03634	0.81049	0.00779	0.01298	0.00519	0.00260	0.00433
15	0.21490	0.01281	0.01613	0.06487	0.27494	0.11820	0.10726	0.10447	0.01207	0.01817	0.00869	0.01073	0.00686	0.00463	0.00444	0.00146	0.00597	0.00394	0.00283	0.00662
16	0.00590	0.00422	0.00562	0.00675	0.00703	0.00394	0.00450	0.00675	0.00928	0.01237	0.02671	0.82653	0.03205	0.01518	0.00619	0.00197	0.00281	0.01378	0.00450	0.00394
17	0.86392	0.00937	0.00712	0.00637	0.00937	0.01087	0.00525	0.01425	0.00825	0.02174	0.00675	0.00787	0.00525	0.00450	0.00300	0.00150	0.00375	0.00262	0.00300	0.00525
18	0.01005	0.00861	0.01005	0.00718	0.01148	0.00646	0.00574	0.01220	0.01005	0.01579	0.00861	0.01005	0.00718	0.00359	0.00359	0.00072	0.00359	0.00287	0.00287	0.85932
19	0.01810	0.02310	0.01373	0.01248	0.01498	0.81024	0.00936	0.01935	0.01373	0.01186	0.00749	0.00874	0.00624	0.00499	0.00437	0.00125	0.00874	0.00312	0.00250	0.00562
20	0.86392	0.00937	0.00712	0.00637	0.00937	0.01087	0.00525	0.01425	0.00825	0.02174	0.00675	0.00787	0.00525	0.00450	0.00300	0.00150	0.00375	0.00262	0.00300	0.00525
21	0.61830	0.00904	0.00833	0.00703	0.01025	0.00978	0.00579	0.01698	0.00989	0.24955	0.01036	0.01039	0.00722	0.00494	0.00355	0.00150	0.00386	0.00328	0.00387	0.00612
22	0.00573	0.00491	0.00491	0.00491	0.00655	0.00409	0.00368	0.00695	0.01105	0.01309	0.04909	0.04664	0.79750	0.01227	0.00573	0.00164	0.00245	0.01023	0.00450	0.00409
23	0.00686	0.00495	0.00648	0.00610	0.00724	0.00457	0.00457	0.00914	0.01372	0.01943	0.79691	0.03620	0.04572	0.00991	0.00572	0.00152	0.00229	0.00876	0.00533	0.00457
24	0.01205	0.01041	0.01096	0.00986	0.01260	0.01205	0.00767	0.02575	0.79071	0.02027	0.01972	0.01808	0.01479	0.00657	0.00493	0.00164	0.00384	0.00548	0.00493	0.00767
25	0.01901	0.01130	0.01298	0.01009	0.01381	0.01183	0.00829	0.42885	0.09594	0.31319	0.01519	0.01406	0.01027	0.00596	0.00487	0.00149	0.00474	0.00466	0.00528	0.00819
26	0.00595	0.00425	0.00568	0.00680	0.00710	0.00398	0.00458	0.00683	0.00932	0.01242	0.02668	0.80797	0.03195	0.01514	0.00620	0.00197	0.00285	0.03189	0.00450	0.00395
27	0.01810	0.02310	0.01373	0.01248	0.01498	0.81024	0.00936	0.01935	0.01373	0.01186	0.00749	0.00874	0.00624	0.00499	0.00437	0.00125	0.00874	0.00312	0.00250	0.00562
28	0.00607	0.00434	0.00582	0.00694	0.00730	0.00408	0.00479	0.00704	0.00945	0.01256	0.02662	0.75772	0.03168	0.01502	0.00623	0.00199	0.00296	0.08091	0.00450	0.00398
29	0.00704	0.00471	0.00536	0.00536	0.00538	0.00474	0.00302	0.00709	0.00707	0.00945	0.01521	0.03136	0.01746	0.80762	0.04653	0.00478	0.00493	0.00700	0.00293	0.00298
30	0.01772	0.01231	0.01347	0.01059	0.01425	0.01346	0.00866	0.54862	0.15866	0.12985	0.01406	0.01342	0.00990	0.00598	0.00487	0.00149	0.00491	0.00463	0.00501	0.00814
31	0.01225	0.01051	0.01107	0.00990	0.01268	0.01215	0.00772	0.04908	0.76706	0.02059	0.01947	0.01788	0.01459	0.00655	0.00493	0.00164	0.00388	0.00544	0.00493	0.00769
32	0.01199	0.01151	0.01967	0.02974	0.79946	0.01151	0.01487	0.01487	0.01103	0.01583	0.00912	0.01199	0.00768	0.00432	0.00480	0.00144	0.00576	0.00432	0.00240	0.00768
33	0.00712	0.00478	0.00551	0.00561	0.00571	0.00478	0.00337	0.00731	0.00741	0.00985	0.01620	0.03376	0.01853	0.75692	0.02306	0.00448	0.00468	0.07478	0.00307	0.00307
34	0.12646	0.36917	0.07166	0.00852	0.01245	0.04996	0.00803	0.01501	0.01016	0.08453	0.00849	0.00945	0.00688	0.00450	0.00392	0.00116	0.03145	0.00303	0.01721	0.15796
35	0.01160	0.08684	0.07747	0.02131	0.22412	0.01262	0.46353	0.01525	0.01111	0.01522	0.00928	0.01213	0.00725	0.00419	0.00517	0.00152	0.00721	0.00493	0.00238	0.00684
36	0.00685	0.00491	0.00635	0.00604	0.00706	0.00457	0.00442	0.00891	0.01303	0.01838	0.71030	0.05316	0.04292	0.08311	0.00742	0.00182	0.00251	0.00872	0.00510	0.00441
37	0.00774	0.00533	0.00627	0.00618	0.00772	0.00478	0.00471	0.00960	0.03407	0.08487	0.17698	0.15017	0.39943	0.01161	0.00577	0.00170	0.00282	0.07080	0.00480	0.00466
38	0.02905	0.16719	0.36875	0.01539	0.16040	0.05189	0.03662	0.06918	0.01144	0.03431	0.00880	0.01032	0.00674	0.00459	0.00438	0.00141	0.00639	0.00364	0.00246	0.00705
39	0.00611	0.00434	0.00574	0.00666	0.00695	0.00417	0.00444	0.00692	0.00892	0.01196	0.02444	0.67961	0.02900	0.10732	0.06651	0.00269	0.00376	0.01241	0.00419	0.00385
40	0.00602	0.00482	0.00538	0.00545	0.00678	0.00418	0.00401	0.00745	0.01143	0.01450	0.22392	0.15328	0.51149	0.01212	0.00579	0.00166	0.00246	0.01038	0.00470	0.00418
41	0.03565	0.16015	0.33951	0.13074	0.12189	0.05752	0.01383	0.04552	0.01085	0.01487	0.00869	0.01110	0.00684	0.00474	0.00439	0.00144	0.00640	0.01688	0.00232	0.00666
42	0.01167	0.01129	0.01832	0.20140	0.55840	0.03540	0.02886	0.03320	0.01104	0.01523	0.00898	0.01208	0.00735	0.00457	0.00503	0.00149	0.02193	0.00431	0.00240	0.00706
43	0.05992	0.00923	0.01113	0.03394	0.02648	0.04154	0.00737	0.08230	0.05640	0.52165	0.04352	0.01602	0.01222	0.00595	0.00471	0.00148	0.00432	0.00477	0.04951	0.00754

[dist]
# distance from previous block
# <min> <max>
0	3

[block]
# block no. 3 follows, 52 sequences, length 66
# corresponding to MSA columns:
# 172-237
name=unknown_D
#
# <colnr> <probs for GDERKNQSTAVLIFYWHMCP>
#	G	D	E	R	K	N	Q	S	T	A	V	L	I	F	Y	W	H	M	C	P
0	0.13814	0.07127	0.25510	0.04959	0.21820	0.08507	0.02693	0.02724	0.04018	0.01614	0.00875	0.01051	0.00683	0.00459	0.00432	0.00144	0.00607	0.00366	0.00250	0.02346
1	0.01082	0.01054	0.01385	0.01226	0.02772	0.04409	0.00990	0.03425	0.03453	0.01274	0.00811	0.02632	0.00772	0.01000	0.06608	0.00238	0.63356	0.00449	0.02523	0.00541
2	0.01183	0.14861	0.27307	0.01855	0.31462	0.05874	0.01389	0.02902	0.03703	0.01514	0.00889	0.01070	0.00710	0.00450	0.00441	0.00138	0.00616	0.00373	0.00238	0.03025
3	0.00710	0.00525	0.00743	0.00740	0.00812	0.00590	0.00559	0.00817	0.00801	0.01113	0.01687	0.07930	0.09287	0.06510	0.50378	0.10217	0.05268	0.00624	0.00286	0.00401
4	0.00926	0.00531	0.00611	0.00569	0.00706	0.00514	0.00428	0.03223	0.02681	0.07244	0.28800	0.02570	0.04709	0.05504	0.00567	0.00153	0.00266	0.00634	0.38881	0.00485
5	0.00631	0.00489	0.00575	0.00563	0.00693	0.00433	0.00419	0.00805	0.01229	0.01627	0.42736	0.09106	0.36699	0.01126	0.00575	0.00160	0.00239	0.00971	0.00492	0.00433
6	0.00600	0.00462	0.00523	0.00564	0.00652	0.00413	0.00386	0.00689	0.00977	0.01225	0.03557	0.32990	0.39451	0.14191	0.00887	0.00224	0.00294	0.01103	0.00425	0.00385
7	0.01296	0.83261	0.02539	0.00829	0.01244	0.01917	0.00829	0.01451	0.00985	0.01140	0.00674	0.00777	0.00622	0.00415	0.00311	0.00104	0.00518	0.00259	0.00207	0.00622
8	0.01205	0.01041	0.01096	0.00986	0.01260	0.01205	0.00767	0.02575	0.79071	0.02027	0.01972	0.01808	0.01479	0.00657	0.00493	0.00164	0.00384	0.00548	0.00493	0.00767
9	0.01005	0.00861	0.01005	0.00718	0.01148	0.00646	0.00574	0.01220	0.01005	0.01579	0.00861	0.01005	0.00718	0.00359	0.00359	0.00072	0.00359	0.00287	0.00287	0.85932
10	0.86392	0.00937	0.00712	0.00637	0.00937	0.01087	0.00525	0.01425	0.00825	0.02174	0.00675	0.00787	0.00525	0.00450	0.00300	0.00150	0.00375	0.00262	0.00300	0.00525
11	0.01144	0.01307	0.02859	0.02042	0.02533	0.01225	0.78186	0.01552	0.01144	0.01552	0.00980	0.01307	0.00735	0.00408	0.00572	0.00163	0.00817	0.00572	0.00245	0.00654
12	0.00580	0.00493	0.00501	0.00505	0.00667	0.00414	0.00382	0.00706	0.01105	0.01314	0.04828	0.04691	0.77088	0.01231	0.00576	0.00166	0.00252	0.03639	0.00450	0.00410
13	0.00972	0.02507	0.80458	0.01381	0.02097	0.01125	0.01790	0.01535	0.01023	0.01535	0.00870	0.01023	0.00614	0.00460	0.00460	0.00153	0.00716	0.00358	0.00205	0.00716
14	0.00686	0.00495	0.00648	0.00610	0.00724	0.00457	0.00457	0.00914	0.01372	0.01943	0.79691	0.03620	0.04572	0.00991	0.00572	0.00152	0.00229	0.00876	0.00533	0.00457
15	0.00705	0.00470	0.00529	0.00529	0.00529	0.00470	0.00294	0.00705	0.00705	0.00940	0.01527	0.03171	0.01762	0.82969	0.02467	0.00470	0.00470	0.00705	0.00294	0.00294
16	0.01252	0.01063	0.01103	0.00988	0.01265	0.03019	0.00769	0.02553	0.74688	0.04628	0.01942	0.01781	0.01450	0.00652	0.00492	0.00163	0.00396	0.00540	0.00491	0.00764
17	0.00842	0.00421	0.00631	0.00631	0.00631	0.00421	0.00421	0.00631	0.00631	0.00842	0.00842	0.01473	0.00842	0.01684	0.01894	0.85901	0.00421	0.00421	0.00210	0.00210
18	0.01842	0.01357	0.01454	0.01115	0.01503	0.01503	0.00921	0.78330	0.02278	0.03054	0.01163	0.01163	0.00824	0.00582	0.00485	0.00145	0.00533	0.00436	0.00485	0.00824
19	0.01891	0.00762	0.01034	0.00814	0.01139	0.00664	0.00664	0.02086	0.01384	0.65349	0.16738	0.02025	0.01843	0.00674	0.00503	0.00150	0.00377	0.00561	0.00587	0.00755
20	0.01842	0.01357	0.01454	0.01115	0.01503	0.01503	0.00921	0.78330	0.02278	0.03054	0.01163	0.01163	0.00824	0.00582	0.00485	0.00145	0.00533	0.00436	0.00485	0.00824
21	0.86392	0.00937	0.00712	0.00637	0.00937	0.01087	0.00525	0.01425	0.00825	0.02174	0.00675	0.00787	0.00525	0.00450	0.00300	0.00150	0.00375	0.00262	0.00300	0.00525
22	0.05132	0.01309	0.01204	0.02428	0.01365	0.15772	0.00821	0.18303	0.38476	0.06127	0.03037	0.01477	0.01177	0.00604	0.00474	0.00152	0.00507	0.00471	0.00440	0.00724
23	0.00573	0.00491	0.00491	0.00491	0.00655	0.00409	0.00368	0.00695	0.01105	0.01309	0.04909	0.04664	0.79750	0.01227	0.00573	0.00164	0.00245	0.01023	0.00450	0.00409
24	0.00581	0.00491	0.00502	0.00500	0.00660	0.00413	0.00375	0.00711	0.01124	0.01355	0.10349	0.04588	0.74281	0.01210	0.00573	0.00163	0.00244	0.01012	0.00456	0.00413
25	0.01211	0.01031	0.01085	0.00974	0.01246	0.01191	0.00758	0.04243	0.75107	0.02044	0.01943	0.01793	0.01458	0.00653	0.00488	0.00162	0.00382	0.00543	0.02927	0.00759
26	0.00990	0.05932	0.75047	0.01375	0.02072	0.01162	0.03792	0.01532	0.01025	0.01518	0.00864	0.01020	0.00617	0.00457	0.00457	0.00152	0.00710	0.00360	0.00206	0.00710
27	0.07827	0.00913	0.01075	0.00885	0.01212	0.00927	0.00713	0.04504	0.28558	0.42788	0.01813	0.01634	0.01240	0.00608	0.00472	0.00154	0.00398	0.00490	0.03019	0.00772
28	0.00590	0.00422	0.00562	0.00675	0.00703	0.00394	0.00450	0.00675	0.00928	0.01237	0.02671	0.82653	0.03205	0.01518	0.00619	0.00197	0.00281	0.01378	0.00450	0.00394
29	0.02174	0.00825	0.01125	0.00862	0.01237	0.00712	0.00712	0.02362	0.01387	0.80282	0.01912	0.01649	0.01200	0.00600	0.00487	0.00150	0.00412	0.00487	0.00600	0.00825
30	0.01647	0.01232	0.01326	0.01057	0.01402	0.01372	0.00858	0.55605	0.19947	0.04241	0.01378	0.01391	0.01016	0.02867	0.02238	0.00172	0.00511	0.00472	0.00479	0.00788
31	0.01288	0.01153	0.07262	0.04004	0.01627	0.01117	0.16007	0.20224	0.11824	0.07164	0.03710	0.01956	0.01269	0.00757	0.02883	0.00184	0.04686	0.10285	0.01927	0.00674
32	0.00720	0.00468	0.00523	0.00523	0.00531	0.00468	0.00297	0.00737	0.00729	0.01006	0.01531	0.03066	0.01722	0.76631	0.02303	0.00442	0.00451	0.00685	0.06860	0.00306
33	0.01016	0.00872	0.01010	0.00733	0.01155	0.00678	0.00585	0.01299	0.05521	0.01605	0.00926	0.01051	0.00762	0.00376	0.00367	0.00077	0.00360	0.00302	0.00299	0.81005
34	0.01232	0.01035	0.01097	0.00983	0.01260	0.01192	0.00766	0.02569	0.76965	0.04148	0.01971	0.01804	0.01472	0.00656	0.00493	0.00164	0.00384	0.00546	0.00496	0.00769
35	0.00697	0.00515	0.00611	0.00579	0.00724	0.00462	0.00437	0.00908	0.02907	0.03987	0.47045	0.03925	0.33299	0.01063	0.00568	0.00157	0.00244	0.00914	0.00502	0.00456
36	0.00688	0.00506	0.00600	0.00576	0.00720	0.00448	0.00438	0.00869	0.01249	0.04146	0.42479	0.04068	0.36732	0.01092	0.00573	0.00160	0.00249	0.03465	0.00497	0.00448
37	0.00654	0.00481	0.00613	0.00608	0.00712	0.00440	0.00445	0.00843	0.01256	0.01735	0.56285	0.18807	0.13082	0.01119	0.00581	0.00162	0.00241	0.00989	0.00508	0.00440
38	0.00692	0.00519	0.00779	0.00779	0.00865	0.00606	0.00606	0.00865	0.00779	0.01125	0.01298	0.01904	0.01211	0.03634	0.81049	0.00779	0.01298	0.00519	0.00260	0.00433
39	0.00673	0.00495	0.00629	0.00596	0.00716	0.00452	0.00447	0.00889	0.01341	0.01869	0.70962	0.03742	0.13347	0.01018	0.00572	0.00154	0.00231	0.00893	0.00524	0.00452
40	0.00728	0.00525	0.00714	0.00794	0.00898	0.00511	0.00660	0.00928	0.01132	0.01497	0.15652	0.15611	0.07196	0.01299	0.00641	0.00205	0.00377	0.49733	0.00462	0.00439
41	0.01296	0.83261	0.02539	0.00829	0.01244	0.01917	0.00829	0.01451	0.00985	0.01140	0.00674	0.00777	0.00622	0.00415	0.00311	0.00104	0.00518	0.00259	0.00207	0.00622
42	0.01092	0.00873	0.00944	0.00850	0.01083	0.00967	0.00659	0.05345	0.49434	0.03396	0.15992	0.02296	0.07343	0.00745	0.00501	0.00157	0.00342	0.00626	0.06688	0.00668
43	0.00817	0.00594	0.02532	0.00660	0.00819	0.00524	0.00518	0.01097	0.04679	0.07079	0.66457	0.03322	0.05494	0.00931	0.00556	0.00151	0.00261	0.00816	0.00522	0.02170
44	0.00935	0.00881	0.01489	0.76376	0.08613	0.01082	0.01356	0.01255	0.00978	0.01262	0.00865	0.01286	0.00654	0.00481	0.00484	0.00160	0.00641	0.00431	0.00217	0.00554
45	0.01842	0.01357	0.01454	0.01115	0.01503	0.01503	0.00921	0.78330	0.02278	0.03054	0.01163	0.01163	0.00824	0.00582	0.00485	0.00145	0.00533	0.00436	0.00485	0.00824
46	0.00997	0.02286	0.00857	0.00763	0.02445	0.00671	0.00577	0.01396	0.13717	0.12575	0.49861	0.02946	0.05742	0.00867	0.00559	0.00154	0.01760	0.00747	0.00516	0.00566
47	0.01708	0.01617	0.01373	0.01236	0.06617	0.31946	0.00918	0.33572	0.01689	0.04682	0.01029	0.01115	0.00782	0.00547	0.00485	0.00137	0.02821	0.00391	0.06649	0.00684
48	0.01005	0.00861	0.01005	0.00718	0.01148	0.00646	0.00574	0.01220	0.01005	0.01579	0.00861	0.01005	0.00718	0.00359	0.00359	0.00072	0.00359	0.00287	0.00287	0.85932
49	0.00947	0.00678	0.00810	0.00727	0.00915	0.00679	0.00559	0.02764	0.20213	0.07791	0.48225	0.02959	0.06563	0.00865	0.00539	0.00153	0.00290	0.00749	0.00517	0.03058
50	0.01205	0.01041	0.01096	0.00986	0.01260	0.01205	0.00767	0.02575	0.79071	0.02027	0.01972	0.01808	0.01479	0.00657	0.00493	0.00164	0.00384	0.00548	0.00493	0.00767
51	0.00705	0.00470	0.00529	0.00529	0.00529	0.00470	0.00294	0.00705	0.00705	0.00940	0.01527	0.03171	0.01762	0.82969	0.02467	0.00470	0.00470	0.00705	0.00294	0.00294
52	0.00781	0.00558	0.00781	0.00892	0.01004	0.00558	0.00781	0.01004	0.01116	0.01450	0.02566	0.05466	0.02789	0.01339	0.00669	0.00223	0.00446	0.76685	0.00446	0.00446
53	0.01842	0.01357	0.01454	0.01115	0.01503	0.01503	0.00921	0.78330	0.02278	0.03054	0.01163	0.01163	0.00824	0.00582	0.00485	0.00145	0.00533	0.00436	0.00485	0.00824
54	0.01810	0.02310	0.01373	0.01248	0.01498	0.81024	0.00936	0.01935	0.01373	0.01186	0.00749	0.00874	0.00624	0.00499	0.00437	0.00125	0.00874	0.00312	0.00250	0.00562
55	0.00781	0.00558	0.00781	0.00892	0.01004	0.00558	0.00781	0.01004	0.01116	0.01450	0.02566	0.05466	0.02789	0.01339	0.00669	0.00223	0.00446	0.76685	0.00446	0.00446
56	0.00596	0.00426	0.00569	0.00682	0.00712	0.00399	0.00460	0.00685	0.00934	0.01244	0.02668	0.80198	0.03192	0.01513	0.00620	0.00198	0.00286	0.03773	0.00450	0.00395
57	0.00700	0.00517	0.00768	0.00768	0.00855	0.00600	0.00597	0.00874	0.00787	0.01149	0.01308	0.01900	0.01213	0.03528	0.78258	0.00756	0.01261	0.00517	0.03213	0.00433
58	0.05780	0.00830	0.01107	0.00853	0.01224	0.00728	0.00704	0.02322	0.01363	0.76937	0.01859	0.01613	0.01171	0.00593	0.00479	0.00150	0.00411	0.00478	0.00587	0.00812
59	0.00903	0.00452	0.00452	0.00452	0.00565	0.00452	0.00339	0.01129	0.01016	0.01807	0.01581	0.01807	0.01242	0.00565	0.00339	0.00113	0.00226	0.00452	0.85659	0.00452
60	0.01842	0.01357	0.01454	0.01115	0.01503	0.01503	0.00921	0.78330	0.02278	0.03054	0.01163	0.01163	0.00824	0.00582	0.00485	0.00145	0.00533	0.00436	0.00485	0.00824
61	0.00573	0.00491	0.00491	0.00491	0.00655	0.00409	0.00368	0.00695	0.01105	0.01309	0.04909	0.04664	0.79750	0.01227	0.00573	0.00164	0.00245	0.01023	0.00450	0.00409
62	0.00590	0.00425	0.00559	0.00667	0.00701	0.00394	0.00446	0.00676	0.00935	0.01240	0.02767	0.79314	0.06483	0.01506	0.00617	0.00195	0.00280	0.01362	0.00450	0.00394
63	0.00692	0.00519	0.00779	0.00779	0.00865	0.00606	0.00606	0.00865	0.00779	0.01125	0.01298	0.01904	0.01211	0.03634	0.81049	0.00779	0.01298	0.00519	0.00260	0.00433
64	0.01199	0.01151	0.01967	0.02974	0.79946	0.01151	0.01487	0.01487	0.01103	0.01583	0.00912	0.01199	0.00768	0.00432	0.00480	0.00144	0.00576	0.00432	0.00240	0.00768
65	0.01415	0.01046	0.01140	0.00983	0.01284	0.01168	0.00777	0.11072	0.59325	0.13327	0.01873	0.01713	0.01366	0.00641	0.00491	0.00160	0.00404	0.00527	0.00507	0.00782

[dist]
# distance from previous block
# <min> <max>
0	1

[block]
# block no. 4 follows, 52 sequences, length 36
# corresponding to MSA columns:
# 239-274
name=unknown_E
#
# <colnr> <probs for GDERKNQSTAVLIFYWHMCP>
#	G	D	E	R	K	N	Q	S	T	A	V	L	I	F	Y	W	H	M	C	P
0	0.04179	0.00987	0.01644	0.45446	0.35682	0.01109	0.01376	0.01350	0.01021	0.01419	0.00876	0.01234	0.00693	0.00461	0.00476	0.00154	0.00606	0.00425	0.00229	0.00635
1	0.00590	0.00422	0.00562	0.00675	0.00703	0.00394	0.00450	0.00675	0.00928	0.01237	0.02671	0.82653	0.03205	0.01518	0.00619	0.00197	0.00281	0.01378	0.00450	0.00394
2	0.01005	0.00861	0.01005	0.00718	0.01148	0.00646	0.00574	0.01220	0.01005	0.01579	0.00861	0.01005	0.00718	0.00359	0.00359	0.00072	0.00359	0.00287	0.00287	0.85932
3	0.00697	0.00466	0.00531	0.00539	0.00541	0.00465	0.00304	0.00703	0.00720	0.00960	0.01606	0.08651	0.01861	0.77353	0.02339	0.00451	0.00457	0.00751	0.00304	0.00301
4	0.00588	0.00484	0.00517	0.00525	0.00668	0.00413	0.00387	0.00719	0.01117	0.01376	0.13434	0.12949	0.62685	0.01231	0.00578	0.00166	0.00247	0.01044	0.00460	0.00413
5	0.00668	0.00495	0.00623	0.00591	0.00713	0.00450	0.00443	0.00879	0.01329	0.01841	0.67667	0.03788	0.16659	0.01029	0.00572	0.00154	0.00231	0.00900	0.00520	0.00450
6	0.01252	0.00635	0.00834	0.00712	0.00927	0.00579	0.00559	0.01510	0.04409	0.30376	0.46554	0.02790	0.03148	0.00826	0.00532	0.00151	0.00301	0.00712	0.02590	0.00603
7	0.00734	0.00525	0.00727	0.00839	0.00930	0.00518	0.00700	0.00923	0.01070	0.01398	0.02592	0.24347	0.02891	0.01383	0.00657	0.00217	0.00406	0.58264	0.00447	0.00433
8	0.01810	0.02310	0.01373	0.01248	0.01498	0.81024	0.00936	0.01935	0.01373	0.01186	0.00749	0.00874	0.00624	0.00499	0.00437	0.00125	0.00874	0.00312	0.00250	0.00562
9	0.01199	0.01151	0.01967	0.02974	0.79946	0.01151	0.01487	0.01487	0.01103	0.01583	0.00912	0.01199	0.00768	0.00432	0.00480	0.00144	0.00576	0.00432	0.00240	0.00768
10	0.00706	0.00593	0.00626	0.00600	0.00777	0.00563	0.00455	0.01075	0.15524	0.01535	0.15431	0.03983	0.54192	0.01087	0.00558	0.00162	0.00268	0.00914	0.00470	0.00482
11	0.01296	0.83261	0.02539	0.00829	0.01244	0.01917	0.00829	0.01451	0.00985	0.01140	0.00674	0.00777	0.00622	0.00415	0.00311	0.00104	0.00518	0.00259	0.00207	0.00622
12	0.00665	0.00495	0.00584	0.00576	0.00709	0.00437	0.00429	0.00830	0.01203	0.03525	0.35299	0.12581	0.37283	0.01148	0.00577	0.00163	0.00250	0.02321	0.00488	0.00438
13	0.00813	0.00730	0.02558	0.01083	0.09554	0.00666	0.11492	0.01094	0.03014	0.01766	0.47250	0.03102	0.11296	0.00865	0.00560	0.00156	0.00368	0.02666	0.00444	0.00525
14	0.01269	0.50487	0.21849	0.01100	0.04947	0.05929	0.01109	0.05846	0.01094	0.01369	0.00765	0.00884	0.00638	0.00441	0.00372	0.00121	0.00590	0.00304	0.00226	0.00660
15	0.01162	0.01092	0.01264	0.01096	0.01168	0.11055	0.00890	0.01290	0.00891	0.04489	0.00874	0.01239	0.00785	0.03520	0.01224	0.00190	0.52314	0.00423	0.12590	0.02443
16	0.09538	0.15158	0.04606	0.01114	0.03873	0.05751	0.03222	0.39950	0.01653	0.04908	0.01024	0.02552	0.00789	0.00549	0.00476	0.00142	0.03197	0.00403	0.00377	0.00719
17	0.00696	0.00503	0.00697	0.00697	0.00755	0.00561	0.00503	0.00813	0.00754	0.01064	0.01373	0.02320	0.01392	0.29707	0.55223	0.00677	0.01026	0.00580	0.00271	0.00387
18	0.02014	0.00789	0.01073	0.00835	0.01182	0.00685	0.00685	0.02206	0.01385	0.71837	0.10296	0.01862	0.01563	0.00642	0.00496	0.00150	0.00393	0.00529	0.00593	0.00785
19	0.00731	0.00602	0.00863	0.00877	0.06375	0.00560	0.05945	0.00956	0.02678	0.01634	0.36449	0.12891	0.21281	0.01041	0.00575	0.00165	0.00319	0.05121	0.00458	0.00479
20	0.01114	0.29537	0.48900	0.01216	0.01808	0.03996	0.04250	0.01520	0.01026	0.01392	0.00804	0.00946	0.00621	0.00444	0.00414	0.00136	0.00659	0.00331	0.00208	0.00677
21	0.00842	0.00421	0.00631	0.00631	0.00631	0.00421	0.00421	0.00631	0.00631	0.00842	0.00842	0.01473	0.00842	0.01684	0.01894	0.85901	0.00421	0.00421	0.00210	0.00210
22	0.00781	0.00558	0.00781	0.00892	0.01004	0.00558	0.00781	0.01004	0.01116	0.01450	0.02566	0.05466	0.02789	0.01339	0.00669	0.00223	0.00446	0.76685	0.00446	0.00446
23	0.01153	0.01185	0.04077	0.22683	0.08888	0.04950	0.19825	0.04979	0.18835	0.01603	0.01141	0.01357	0.00872	0.00528	0.00574	0.00162	0.05748	0.00484	0.00300	0.00656
24	0.01332	0.77600	0.02458	0.00859	0.01262	0.07449	0.00837	0.01485	0.01012	0.01143	0.00679	0.00784	0.00622	0.00421	0.00320	0.00105	0.00543	0.00263	0.00210	0.00618
25	0.00704	0.00471	0.00534	0.00532	0.00537	0.00469	0.00301	0.00714	0.00734	0.00984	0.04965	0.03191	0.01885	0.79364	0.02383	0.00456	0.00459	0.00712	0.00304	0.00301
26	0.00995	0.08154	0.75009	0.01343	0.02038	0.01181	0.01723	0.01529	0.01020	0.01507	0.00856	0.01006	0.00614	0.00457	0.00450	0.00150	0.00702	0.00351	0.00205	0.00710
27	0.01737	0.00942	0.04014	0.00890	0.01228	0.00859	0.00751	0.18164	0.03726	0.43377	0.12628	0.01991	0.04599	0.00685	0.00504	0.00152	0.00417	0.02050	0.00540	0.00745
28	0.00704	0.00473	0.00546	0.00546	0.00552	0.00479	0.00315	0.00716	0.00710	0.00953	0.01511	0.03083	0.01723	0.77443	0.07940	0.00491	0.00528	0.00692	0.00291	0.00303
29	0.01112	0.01461	0.14049	0.01880	0.02362	0.01233	0.60478	0.01517	0.01092	0.01517	0.00935	0.01245	0.00709	0.00454	0.00642	0.00166	0.07732	0.00528	0.00236	0.00652
30	0.01045	0.14633	0.66429	0.01294	0.01952	0.03592	0.01621	0.01534	0.01028	0.01465	0.00837	0.00982	0.00615	0.00455	0.00437	0.00145	0.00691	0.00342	0.00206	0.00697
31	0.02064	0.00814	0.01099	0.00850	0.01208	0.00712	0.00699	0.03971	0.01406	0.73144	0.07258	0.01774	0.01424	0.00626	0.00493	0.00150	0.00402	0.00513	0.00593	0.00799
32	0.00615	0.00458	0.00653	0.00725	0.00773	0.00427	0.03415	0.00716	0.00950	0.01272	0.05114	0.76977	0.03155	0.01459	0.00615	0.00194	0.00300	0.01331	0.00445	0.00406
33	0.01148	0.27766	0.49991	0.01186	0.01776	0.05062	0.01417	0.01552	0.01038	0.03752	0.00834	0.00958	0.00634	0.00452	0.00413	0.00136	0.00652	0.00329	0.00219	0.00683
34	0.01637	0.01298	0.04522	0.01464	0.15636	0.11359	0.06375	0.22021	0.01503	0.20648	0.01281	0.01486	0.00968	0.02088	0.00547	0.00156	0.01944	0.03935	0.00401	0.00732
35	0.01039	0.19201	0.64350	0.01267	0.01921	0.01289	0.01592	0.01517	0.01015	0.01453	0.00829	0.00972	0.00616	0.00451	0.00430	0.00143	0.00675	0.00338	0.00205	0.00697

[dist]
# distance from previous block
# <min> <max>
1	9

[block]
# block no. 5 follows, 52 sequences, length 50
# corresponding to MSA columns:
# 284-295,298-317,360-377
name=unknown_F
#
# <colnr> <probs for GDERKNQSTAVLIFYWHMCP>
#	G	D	E	R	K	N	Q	S	T	A	V	L	I	F	Y	W	H	M	C	P
0	0.04061	0.01385	0.01344	0.03302	0.01483	0.11986	0.00889	0.47195	0.17725	0.03793	0.01264	0.01257	0.00924	0.00580	0.00475	0.00147	0.00545	0.00438	0.00445	0.00761
1	0.00693	0.00515	0.00757	0.00757	0.00837	0.00594	0.00579	0.00852	0.00772	0.01109	0.01318	0.02012	0.01259	0.10414	0.74334	0.00752	0.01227	0.00535	0.00263	0.00421
2	0.00654	0.00504	0.00563	0.00553	0.00706	0.00437	0.00422	0.00811	0.01180	0.03517	0.23719	0.04365	0.54379	0.01157	0.00576	0.00164	0.00257	0.05126	0.00475	0.00434
3	0.14230	0.01398	0.01337	0.01059	0.01419	0.09936	0.00865	0.58899	0.01969	0.02726	0.01048	0.01077	0.00759	0.00554	0.00453	0.00144	0.00546	0.00398	0.00433	0.00752
4	0.01812	0.02271	0.01377	0.01243	0.01498	0.77810	0.00936	0.05023	0.01410	0.01262	0.00766	0.00886	0.00632	0.00503	0.00439	0.00126	0.00860	0.00317	0.00259	0.00572
5	0.00590	0.00422	0.00562	0.00675	0.00703	0.00394	0.00450	0.00675	0.00928	0.01237	0.02671	0.82653	0.03205	0.01518	0.00619	0.00197	0.00281	0.01378	0.00450	0.00394
6	0.01264	0.01040	0.01106	0.00984	0.01265	0.01191	0.00769	0.04521	0.73667	0.05500	0.01949	0.01784	0.01450	0.00653	0.00493	0.00163	0.00389	0.00542	0.00498	0.00771
7	0.03476	0.00873	0.01462	0.77662	0.03249	0.01080	0.02974	0.01250	0.00968	0.01273	0.00858	0.01277	0.00644	0.00482	0.00481	0.00161	0.00642	0.00429	0.00219	0.00540
8	0.01686	0.01280	0.01367	0.01083	0.01443	0.01430	0.00883	0.59798	0.21064	0.02803	0.01361	0.01321	0.00984	0.00600	0.00487	0.00150	0.00497	0.00464	0.00487	0.00810
9	0.00777	0.00555	0.00776	0.00888	0.00997	0.00554	0.00774	0.00997	0.01111	0.01445	0.02568	0.07191	0.02798	0.01343	0.00668	0.00223	0.00443	0.75002	0.00446	0.00445
10	0.01994	0.01061	0.01261	0.00969	0.01344	0.01069	0.00800	0.37166	0.01788	0.43134	0.01561	0.01430	0.01028	0.00591	0.00483	0.00147	0.00464	0.00463	0.02431	0.00816
11	0.00590	0.00422	0.00562	0.00675	0.00703	0.00394	0.00450	0.00675	0.00928	0.01237	0.02671	0.82653	0.03205	0.01518	0.00619	0.00197	0.00281	0.01378	0.00450	0.00394
12	0.01624	0.00928	0.01095	0.00919	0.01234	0.00962	0.00733	0.02430	0.41916	0.37112	0.04269	0.01791	0.01446	0.00642	0.00493	0.00158	0.00392	0.00531	0.00542	0.00784
13	0.00590	0.00422	0.00562	0.00675	0.00703	0.00394	0.00450	0.00675	0.00928	0.01237	0.02671	0.82653	0.03205	0.01518	0.00619	0.00197	0.00281	0.01378	0.00450	0.00394
14	0.01296	0.83261	0.02539	0.00829	0.01244	0.01917	0.00829	0.01451	0.00985	0.01140	0.00674	0.00777	0.00622	0.00415	0.00311	0.00104	0.00518	0.00259	0.00207	0.00622
15	0.01036	0.02166	0.62064	0.01282	0.01897	0.01135	0.01549	0.04990	0.13685	0.01674	0.01170	0.01255	0.02911	0.00518	0.00470	0.00155	0.00642	0.00410	0.00270	0.00721
16	0.00705	0.00470	0.00529	0.00529	0.00529	0.00470	0.00294	0.00705	0.00705	0.00940	0.01527	0.03171	0.01762	0.82969	0.02467	0.00470	0.00470	0.00705	0.00294	0.00294
17	0.00692	0.00519	0.00779	0.00779	0.00865	0.00606	0.00606	0.00865	0.00779	0.01125	0.01298	0.01904	0.01211	0.03634	0.81049	0.00779	0.01298	0.00519	0.00260	0.00433
18	0.01330	0.01362	0.08330	0.16963	0.13314	0.10626	0.08678	0.20754	0.03072	0.01849	0.01014	0.01218	0.00771	0.00510	0.00495	0.00148	0.02154	0.00430	0.06311	0.00671
19	0.08291	0.27335	0.01723	0.01106	0.03298	0.25110	0.00908	0.03168	0.03098	0.01318	0.00737	0.00919	0.00648	0.00555	0.00661	0.00143	0.19823	0.00330	0.00243	0.00586
20	0.00590	0.00425	0.00559	0.00667	0.00701	0.00394	0.00447	0.00676	0.00935	0.01240	0.02761	0.79501	0.06299	0.01506	0.00617	0.00195	0.00280	0.01363	0.00450	0.00394
21	0.01036	0.00991	0.01674	0.27940	0.32890	0.01086	0.07480	0.01354	0.03723	0.01440	0.03203	0.07056	0.01017	0.00576	0.00580	0.00161	0.06373	0.00525	0.00262	0.00633
22	0.01231	0.00864	0.00906	0.00792	0.01005	0.05023	0.00622	0.11746	0.18375	0.09361	0.11511	0.01929	0.03584	0.00670	0.00499	0.00143	0.03800	0.00534	0.26792	0.00614
23	0.00859	0.00460	0.00482	0.00476	0.00591	0.00451	0.00357	0.01081	0.01071	0.01806	0.13010	0.02184	0.04890	0.00653	0.00382	0.00121	0.00227	0.00536	0.69913	0.00451
24	0.84101	0.00934	0.00723	0.00643	0.00945	0.01077	0.00530	0.01450	0.00840	0.04299	0.00708	0.00811	0.00543	0.00454	0.00305	0.00150	0.00376	0.00269	0.00308	0.00533
25	0.00682	0.00495	0.00644	0.00617	0.00730	0.00457	0.00465	0.00903	0.01342	0.01885	0.72336	0.05864	0.07194	0.01025	0.00576	0.00156	0.00238	0.03412	0.00525	0.00453
26	0.01842	0.01357	0.01454	0.01115	0.01503	0.01503	0.00921	0.78330	0.02278	0.03054	0.01163	0.01163	0.00824	0.00582	0.00485	0.00145	0.00533	0.00436	0.00485	0.00824
27	0.02070	0.00992	0.01228	0.00942	0.01321	0.00961	0.00778	0.26229	0.01667	0.56019	0.01677	0.01497	0.01082	0.00594	0.00487	0.00149	0.00450	0.00471	0.00564	0.00825
28	0.01135	0.00801	0.01189	0.05272	0.22512	0.00813	0.00885	0.01389	0.04386	0.15527	0.13238	0.11136	0.05468	0.02749	0.02377	0.00184	0.05341	0.04583	0.00400	0.00614
29	0.01225	0.06102	0.05850	0.01006	0.01319	0.01257	0.00838	0.05775	0.66410	0.01990	0.01794	0.01672	0.01348	0.00628	0.00480	0.00159	0.00418	0.00514	0.00459	0.00758
30	0.83574	0.00983	0.00734	0.00658	0.00956	0.03750	0.00539	0.01442	0.00843	0.02141	0.00677	0.00790	0.00528	0.00451	0.00304	0.00149	0.00391	0.00264	0.00298	0.00526
31	0.01239	0.10896	0.11169	0.03803	0.04091	0.00995	0.12184	0.02658	0.07864	0.17673	0.13227	0.01973	0.08835	0.00645	0.00496	0.00150	0.00491	0.00565	0.00393	0.00652
32	0.82032	0.01008	0.00746	0.00669	0.00966	0.05208	0.00546	0.01451	0.00853	0.02123	0.00679	0.00792	0.00530	0.00452	0.00307	0.00149	0.00401	0.00265	0.00297	0.00527
33	0.00647	0.00485	0.00558	0.00580	0.00671	0.00446	0.00412	0.00752	0.00998	0.01274	0.10667	0.13547	0.32640	0.24317	0.01123	0.00260	0.00334	0.09493	0.00414	0.00384
