[name]
unknown

[dist]
# distance from previous block
# <min> <max>
0	32

[block]
# block no. 0 follows, 60 sequences, length 50
# corresponding to MSA columns:
# 32-81
name=unknown_A
#
# <colnr> <probs for GDERKNQSTAVLIFYWHMCP>
#	G	D	E	R	K	N	Q	S	T	A	V	L	I	F	Y	W	H	M	C	P
0	0.00703	0.00502	0.00703	0.00803	0.00904	0.00502	0.00703	0.00904	0.01004	0.01305	0.02309	0.04920	0.02510	0.01205	0.00602	0.00201	0.00402	0.79016	0.00402	0.00402
1	0.01957	0.00742	0.01012	0.00776	0.01113	0.00641	0.00641	0.02126	0.01248	0.82254	0.01721	0.01484	0.01080	0.00540	0.00439	0.00135	0.00371	0.00439	0.00540	0.00742
2	0.01066	0.01023	0.01746	0.06883	0.77849	0.01033	0.01332	0.01327	0.00987	0.01409	0.00818	0.01084	0.00685	0.00391	0.00432	0.00130	0.00521	0.00389	0.00215	0.00680
3	0.00758	0.00379	0.00568	0.00568	0.00568	0.00379	0.00379	0.00568	0.00568	0.00758	0.00758	0.01326	0.00758	0.01515	0.01705	0.87311	0.00379	0.00379	0.00189	0.00189
4	0.87753	0.00843	0.00641	0.00574	0.00843	0.00978	0.00472	0.01282	0.00742	0.01957	0.00607	0.00709	0.00472	0.00405	0.00270	0.00135	0.00337	0.00236	0.00270	0.00472
5	0.00878	0.02231	0.80567	0.01257	0.01897	0.01015	0.03432	0.01382	0.00923	0.01382	0.00785	0.00927	0.00555	0.00413	0.00417	0.00138	0.00647	0.00327	0.00185	0.00643
6	0.87753	0.00843	0.00641	0.00574	0.00843	0.00978	0.00472	0.01282	0.00742	0.01957	0.00607	0.00709	0.00472	0.00405	0.00270	0.00135	0.00337	0.00236	0.00270	0.00472
7	0.01166	0.84935	0.02285	0.00746	0.01119	0.01726	0.00746	0.01306	0.00886	0.01026	0.00606	0.00700	0.00560	0.00373	0.00280	0.00093	0.00466	0.00233	0.00187	0.00560
8	0.00913	0.00783	0.00908	0.00657	0.01038	0.00605	0.00525	0.01155	0.04645	0.01440	0.00822	0.00938	0.00678	0.00336	0.00329	0.00068	0.00324	0.00269	0.00267	0.83300
9	0.00824	0.00775	0.01308	0.83624	0.03004	0.00969	0.01211	0.01114	0.00872	0.01114	0.00775	0.01163	0.00581	0.00436	0.00436	0.00145	0.00581	0.00388	0.00194	0.00484
10	0.00758	0.00379	0.00568	0.00568	0.00568	0.00379	0.00379	0.00568	0.00568	0.00758	0.00758	0.01326	0.00758	0.01515	0.01705	0.87311	0.00379	0.00379	0.00189	0.00189
11	0.00515	0.00442	0.00442	0.00442	0.00589	0.00368	0.00331	0.00626	0.00994	0.01178	0.04418	0.04197	0.81775	0.01105	0.00515	0.00147	0.00221	0.00920	0.00405	0.00368
12	0.00617	0.00446	0.00583	0.00549	0.00652	0.00412	0.00412	0.00823	0.01235	0.01749	0.81722	0.03258	0.04115	0.00892	0.00514	0.00137	0.00206	0.00789	0.00480	0.00412
13	0.00875	0.02256	0.82413	0.01243	0.01888	0.01013	0.01611	0.01381	0.00921	0.01381	0.00783	0.00921	0.00552	0.00414	0.00414	0.00138	0.00645	0.00322	0.00184	0.00645
14	0.00882	0.02206	0.78691	0.01271	0.01906	0.01017	0.05282	0.01382	0.00926	0.01382	0.00787	0.00933	0.00558	0.00412	0.00419	0.00139	0.00649	0.00331	0.00186	0.00642
15	0.00824	0.00775	0.01308	0.83624	0.03004	0.00969	0.01211	0.01114	0.00872	0.01114	0.00775	0.01163	0.00581	0.00436	0.00436	0.00145	0.00581	0.00388	0.00194	0.00484
16	0.00987	0.00773	0.00913	0.00656	0.01040	0.00586	0.00527	0.01179	0.00932	0.07803	0.00850	0.00950	0.00680	0.00340	0.00332	0.00070	0.00327	0.00273	0.00281	0.80502
17	0.01166	0.84935	0.02285	0.00746	0.01119	0.01726	0.00746	0.01306	0.00886	0.01026	0.00606	0.00700	0.00560	0.00373	0.00280	0.00093	0.00466	0.00233	0.00187	0.00560
18	0.01957	0.00742	0.01012	0.00776	0.01113	0.00641	0.00641	0.02126	0.01248	0.82254	0.01721	0.01484	0.01080	0.00540	0.00439	0.00135	0.00371	0.00439	0.00540	0.00742
19	0.01060	0.00915	0.00962	0.00868	0.01110	0.01053	0.00675	0.02243	0.77628	0.01796	0.01892	0.01741	0.04879	0.00614	0.00447	0.00148	0.00340	0.00512	0.00442	0.00676
20	0.01629	0.02079	0.01236	0.01124	0.01348	0.82921	0.00843	0.01742	0.01236	0.01067	0.00674	0.00787	0.00562	0.00449	0.00393	0.00112	0.00787	0.00281	0.00225	0.00506
21	0.00617	0.00446	0.00583	0.00549	0.00652	0.00412	0.00412	0.00823	0.01235	0.01749	0.81722	0.03258	0.04115	0.00892	0.00514	0.00137	0.00206	0.00789	0.00480	0.00412
22	0.01629	0.02079	0.01236	0.01124	0.01348	0.82921	0.00843	0.01742	0.01236	0.01067	0.00674	0.00787	0.00562	0.00449	0.00393	0.00112	0.00787	0.00281	0.00225	0.00506
23	0.01629	0.02079	0.01236	0.01124	0.01348	0.82921	0.00843	0.01742	0.01236	0.01067	0.00674	0.00787	0.00562	0.00449	0.00393	0.00112	0.00787	0.00281	0.00225	0.00506
24	0.00758	0.00379	0.00568	0.00568	0.00568	0.00379	0.00379	0.00568	0.00568	0.00758	0.00758	0.01326	0.00758	0.01515	0.01705	0.87311	0.00379	0.00379	0.00189	0.00189
25	0.00954	0.00954	0.01336	0.01145	0.01145	0.01336	0.00954	0.01050	0.00668	0.01050	0.00573	0.00954	0.00573	0.00763	0.01431	0.00191	0.83874	0.00382	0.00191	0.00477
26	0.00758	0.00379	0.00568	0.00568	0.00568	0.00379	0.00379	0.00568	0.00568	0.00758	0.00758	0.01326	0.00758	0.01515	0.01705	0.87311	0.00379	0.00379	0.00189	0.00189
27	0.01084	0.00943	0.01032	0.00993	0.05875	0.01082	0.00728	0.02260	0.76461	0.01801	0.01719	0.01595	0.01294	0.00580	0.00443	0.00147	0.00355	0.00487	0.00430	0.00690
28	0.00875	0.02256	0.82413	0.01243	0.01888	0.01013	0.01611	0.01381	0.00921	0.01381	0.00783	0.00921	0.00552	0.00414	0.00414	0.00138	0.00645	0.00322	0.00184	0.00645
29	0.01108	0.01042	0.01733	0.04293	0.75552	0.01053	0.01306	0.05977	0.01053	0.01496	0.00833	0.01079	0.00692	0.00398	0.00432	0.00130	0.00517	0.00389	0.00228	0.00689
30	0.01629	0.02079	0.01236	0.01124	0.01348	0.82921	0.00843	0.01742	0.01236	0.01067	0.00674	0.00787	0.00562	0.00449	0.00393	0.00112	0.00787	0.00281	0.00225	0.00506
31	0.01957	0.00742	0.01012	0.00776	0.01113	0.00641	0.00641	0.02126	0.01248	0.82254	0.01721	0.01484	0.01080	0.00540	0.00439	0.00135	0.00371	0.00439	0.00540	0.00742
32	0.11720	0.00777	0.00762	0.04529	0.00958	0.04399	0.00549	0.08977	0.23547	0.01780	0.01323	0.01400	0.01013	0.00514	0.00362	0.00124	0.00329	0.00402	0.36000	0.00534
33	0.10020	0.04829	0.01112	0.00805	0.01143	0.06277	0.05371	0.07541	0.01100	0.23954	0.02274	0.01131	0.00819	0.02151	0.00414	0.00114	0.00412	0.00348	0.00347	0.29839
34	0.00758	0.00379	0.00568	0.00568	0.00568	0.00379	0.00379	0.00568	0.00568	0.00758	0.00758	0.01326	0.00758	0.01515	0.01705	0.87311	0.00379	0.00379	0.00189	0.00189
35	0.01658	0.01222	0.01309	0.01003	0.01353	0.01353	0.00829	0.80497	0.02051	0.02749	0.01047	0.01047	0.00742	0.00524	0.00436	0.00131	0.00480	0.00393	0.00436	0.00742
36	0.00991	0.01061	0.04591	0.04912	0.32387	0.00994	0.34766	0.01316	0.02512	0.01434	0.08436	0.01379	0.02241	0.00444	0.00476	0.00139	0.00580	0.00487	0.00248	0.00607
37	0.01085	0.42265	0.36242	0.00989	0.01467	0.06859	0.01122	0.03240	0.00952	0.01221	0.00696	0.00808	0.00561	0.00399	0.00348	0.00115	0.00564	0.00278	0.00194	0.00596
38	0.00998	0.00953	0.01623	0.28406	0.56858	0.01015	0.01298	0.01267	0.00955	0.01326	0.00806	0.01106	0.00656	0.00404	0.00433	0.00135	0.00538	0.00388	0.00209	0.00625
39	0.00538	0.00404	0.00483	0.00541	0.00602	0.00366	0.00366	0.00616	0.00863	0.01104	0.02921	0.50301	0.27429	0.10472	0.00727	0.00195	0.00262	0.01073	0.00389	0.00349
40	0.01136	0.01117	0.01652	0.06604	0.60842	0.08874	0.02783	0.02621	0.03768	0.02647	0.00848	0.01078	0.00697	0.00419	0.00461	0.00132	0.03049	0.00385	0.00231	0.00655
41	0.01004	0.09463	0.56463	0.01230	0.03384	0.03666	0.07553	0.02765	0.00973	0.05247	0.02176	0.00989	0.00654	0.00430	0.00433	0.00135	0.02247	0.00345	0.00216	0.00628
42	0.00531	0.00381	0.00505	0.00603	0.00632	0.00355	0.00403	0.00608	0.00839	0.01115	0.02453	0.82435	0.04806	0.01360	0.00556	0.00176	0.00252	0.01232	0.00405	0.00355
43	0.00596	0.00407	0.00487	0.00524	0.00534	0.00397	0.00316	0.00624	0.00708	0.00945	0.01755	0.32988	0.02066	0.53884	0.01605	0.00332	0.00360	0.00858	0.00316	0.00298
44	0.02424	0.02321	0.01157	0.02557	0.21162	0.06696	0.03215	0.03909	0.24476	0.01553	0.11755	0.11314	0.02824	0.00661	0.00460	0.00142	0.00411	0.02028	0.00352	0.00582
45	0.16926	0.27670	0.01421	0.00883	0.01153	0.37945	0.00730	0.01466	0.01020	0.01223	0.00739	0.03079	0.00669	0.00466	0.00347	0.00115	0.00579	0.02829	0.00231	0.00509
46	0.00725	0.00499	0.00616	0.00633	0.00712	0.00492	0.00458	0.06606	0.02168	0.03787	0.09725	0.32158	0.05098	0.21190	0.00943	0.00230	0.00333	0.12852	0.00385	0.00391
47	0.01012	0.01060	0.10801	0.06585	0.35692	0.03207	0.03712	0.01340	0.05851	0.05969	0.12793	0.01513	0.03502	0.00506	0.00442	0.00132	0.00470	0.00458	0.00289	0.04665
48	0.00541	0.00443	0.00477	0.00483	0.00615	0.00382	0.00365	0.00665	0.01011	0.01244	0.13110	0.06999	0.63690	0.02561	0.00552	0.00155	0.00235	0.05688	0.00411	0.00373
49	0.05449	0.05167	0.36338	0.01302	0.12853	0.04980	0.04730	0.04735	0.05201	0.08273	0.03157	0.01081	0.00768	0.00442	0.00411	0.00131	0.00545	0.00362	0.00261	0.03813

[dist]
# distance from previous block
# <min> <max>
1	3

[block]
# block no. 1 follows, 60 sequences, length 42
# corresponding to MSA columns:
# 85-126
name=unknown_B
#
# <colnr> <probs for GDERKNQSTAVLIFYWHMCP>
#	G	D	E	R	K	N	Q	S	T	A	V	L	I	F	Y	W	H	M	C	P
0	0.05579	0.45769	0.07520	0.00897	0.02615	0.12796	0.00823	0.13315	0.02329	0.01393	0.00721	0.00806	0.00599	0.00413	0.00334	0.00108	0.00514	0.00278	0.00240	0.02951
1	0.29430	0.07589	0.08859	0.00865	0.03686	0.14650	0.03342	0.03700	0.00982	0.02618	0.08415	0.08659	0.04426	0.00574	0.00384	0.00133	0.00452	0.00442	0.00290	0.00504
2	0.01110	0.00580	0.00765	0.00664	0.00854	0.00532	0.01753	0.01282	0.02550	0.31134	0.19561	0.08956	0.16031	0.04980	0.03943	0.00181	0.01901	0.02251	0.00451	0.00522
3	0.01053	0.20201	0.15872	0.04821	0.14453	0.02162	0.03868	0.11562	0.05393	0.01470	0.02193	0.06819	0.04090	0.00552	0.00418	0.00132	0.00491	0.03581	0.00275	0.00594
4	0.00789	0.00445	0.00477	0.00464	0.00576	0.00434	0.00347	0.03301	0.00989	0.03201	0.11271	0.06437	0.09516	0.02952	0.00422	0.00125	0.00225	0.00553	0.57063	0.00413
5	0.01044	0.03841	0.07979	0.04143	0.29580	0.02912	0.03801	0.04794	0.21372	0.02941	0.05578	0.01515	0.06190	0.00541	0.00460	0.01450	0.00457	0.00462	0.00310	0.00628
6	0.00549	0.00438	0.00489	0.00486	0.00608	0.00381	0.00359	0.00683	0.01045	0.01334	0.26900	0.09661	0.51467	0.02968	0.00557	0.00153	0.00223	0.00898	0.00424	0.00378
7	0.01054	0.06145	0.06394	0.00975	0.06136	0.03180	0.00766	0.08223	0.44168	0.01698	0.06766	0.01659	0.05293	0.00729	0.04718	0.00168	0.00433	0.00485	0.00380	0.00629
8	0.02723	0.07117	0.58866	0.01315	0.09161	0.03695	0.02930	0.03981	0.00982	0.04140	0.00810	0.00941	0.00590	0.00417	0.00408	0.00133	0.00607	0.00330	0.00211	0.00641
9	0.00618	0.00458	0.00574	0.00562	0.00672	0.00420	0.00430	0.00792	0.01115	0.01521	0.50128	0.03581	0.17668	0.06269	0.00631	0.00164	0.00252	0.11522	0.00438	0.02186
10	0.00980	0.32086	0.49485	0.01082	0.03290	0.01257	0.01268	0.01340	0.00912	0.01252	0.00761	0.00953	0.00611	0.00420	0.00371	0.00123	0.00571	0.02436	0.00192	0.00608
11	0.01068	0.04314	0.04377	0.03894	0.66264	0.01058	0.01254	0.03347	0.03613	0.01435	0.00940	0.01161	0.02909	0.00426	0.00447	0.00131	0.02065	0.00398	0.00231	0.00669
12	0.00714	0.00428	0.00494	0.00499	0.00601	0.00411	0.01928	0.00887	0.00937	0.01469	0.06830	0.16281	0.12131	0.00782	0.00405	0.00128	0.00233	0.04075	0.50370	0.00396
13	0.00994	0.20654	0.50015	0.01111	0.01627	0.03546	0.05058	0.03957	0.03761	0.01335	0.00808	0.00972	0.00627	0.03211	0.00450	0.00137	0.00590	0.00329	0.00208	0.00611
14	0.87753	0.00843	0.00641	0.00574	0.00843	0.00978	0.00472	0.01282	0.00742	0.01957	0.00607	0.00709	0.00472	0.00405	0.00270	0.00135	0.00337	0.00236	0.00270	0.00472
15	0.00886	0.05566	0.79205	0.01223	0.01857	0.01041	0.01577	0.01378	0.00919	0.01367	0.00776	0.00912	0.00553	0.00413	0.00409	0.00136	0.00637	0.00319	0.00184	0.00641
16	0.01948	0.00756	0.01021	0.00782	0.01120	0.00661	0.00646	0.04352	0.01271	0.79995	0.01702	0.01472	0.01070	0.00539	0.00439	0.00135	0.00374	0.00437	0.00537	0.00742
17	0.00986	0.00758	0.00851	0.00743	0.00945	0.00809	0.00586	0.20727	0.21042	0.01935	0.30078	0.02402	0.09036	0.00782	0.01604	0.00148	0.00329	0.03516	0.02164	0.00557
18	0.01693	0.00684	0.00928	0.00731	0.01022	0.00596	0.00596	0.01869	0.01246	0.66382	0.17493	0.01834	0.01678	0.00609	0.00454	0.00135	0.00339	0.00508	0.00528	0.00677
19	0.01630	0.02058	0.01238	0.01121	0.01348	0.80956	0.00842	0.03639	0.01256	0.01108	0.00683	0.00793	0.00566	0.00451	0.00394	0.00113	0.00779	0.00284	0.00230	0.00511
20	0.01629	0.02079	0.01236	0.01124	0.01348	0.82921	0.00843	0.01742	0.01236	0.01067	0.00674	0.00787	0.00562	0.00449	0.00393	0.00112	0.00787	0.00281	0.00225	0.00506
21	0.00824	0.00775	0.01308	0.83624	0.03004	0.00969	0.01211	0.01114	0.00872	0.01114	0.00775	0.01163	0.00581	0.00436	0.00436	0.00145	0.00581	0.00388	0.00194	0.00484
22	0.01079	0.01036	0.01770	0.02677	0.81952	0.01036	0.01339	0.01339	0.00993	0.01425	0.00820	0.01079	0.00691	0.00389	0.00432	0.00130	0.00518	0.00389	0.00216	0.00691
23	0.87753	0.00843	0.00641	0.00574	0.00843	0.00978	0.00472	0.01282	0.00742	0.01957	0.00607	0.00709	0.00472	0.00405	0.00270	0.00135	0.00337	0.00236	0.00270	0.00472
24	0.01079	0.01036	0.01770	0.02677	0.81952	0.01036	0.01339	0.01339	0.00993	0.01425	0.00820	0.01079	0.00691	0.00389	0.00432	0.00130	0.00518	0.00389	0.00216	0.00691
25	0.00531	0.00380	0.00506	0.00607	0.00633	0.00354	0.00405	0.00607	0.00835	0.01113	0.02404	0.84388	0.02885	0.01366	0.00557	0.00177	0.00253	0.01240	0.00405	0.00354
26	0.00516	0.00439	0.00444	0.00448	0.00591	0.00368	0.00334	0.00625	0.00988	0.01176	0.04338	0.07408	0.78616	0.01115	0.00517	0.00148	0.00222	0.00933	0.00405	0.00368
27	0.00633	0.00426	0.00490	0.00487	0.00496	0.00426	0.00282	0.00651	0.00677	0.00911	0.06762	0.02847	0.01741	0.76635	0.04498	0.00412	0.00430	0.00640	0.00278	0.00278
28	0.00634	0.00423	0.00476	0.00476	0.00476	0.00423	0.00264	0.00634	0.00634	0.00846	0.01374	0.02854	0.01586	0.84672	0.02220	0.00423	0.00423	0.00634	0.00264	0.00264
29	0.00623	0.00466	0.00696	0.00696	0.00772	0.00542	0.00539	0.00775	0.00699	0.01009	0.01173	0.01740	0.01102	0.05181	0.81049	0.00694	0.01151	0.00471	0.00234	0.00386
30	0.00899	0.09123	0.75757	0.01202	0.01824	0.01072	0.01540	0.01375	0.00918	0.01352	0.00768	0.00902	0.00553	0.00411	0.00403	0.00134	0.00630	0.00315	0.00184	0.00638
31	0.00758	0.00379	0.00568	0.00568	0.00568	0.00379	0.00379	0.00568	0.00568	0.00758	0.00758	0.01326	0.00758	0.01515	0.01705	0.87311	0.00379	0.00379	0.00189	0.00189
32	0.01337	0.35321	0.09074	0.03750	0.02954	0.36838	0.00896	0.03084	0.01066	0.01122	0.00671	0.00787	0.00567	0.00415	0.00353	0.00109	0.00627	0.00273	0.00209	0.00548
33	0.00535	0.00420	0.00486	0.00529	0.00623	0.00371	0.00381	0.00641	0.00945	0.01190	0.07914	0.36209	0.42532	0.01201	0.00536	0.00161	0.00240	0.04310	0.00409	0.00366
34	0.00829	0.00653	0.00836	0.00894	0.11204	0.00655	0.00595	0.06920	0.12682	0.03059	0.42962	0.02672	0.12727	0.00778	0.00487	0.00139	0.00290	0.00677	0.00429	0.00511
35	0.00578	0.00395	0.00522	0.00608	0.00645	0.00368	0.00411	0.00657	0.00847	0.03415	0.02395	0.76012	0.04584	0.04084	0.00608	0.00184	0.00264	0.02656	0.00404	0.00364
36	0.01115	0.01110	0.03316	0.02238	0.61829	0.07444	0.01194	0.06050	0.02592	0.01477	0.02841	0.02438	0.03496	0.00455	0.00435	0.00130	0.00515	0.00420	0.00248	0.00656
37	0.00758	0.00379	0.00568	0.00568	0.00568	0.00379	0.00379	0.00568	0.00568	0.00758	0.00758	0.01326	0.00758	0.01515	0.01705	0.87311	0.00379	0.00379	0.00189	0.00189
38	0.01050	0.01219	0.17766	0.01558	0.27827	0.00994	0.05256	0.13361	0.10617	0.01677	0.08514	0.01488	0.05676	0.00524	0.00447	0.00136	0.00484	0.00461	0.00305	0.00640
39	0.61764	0.00819	0.00716	0.00630	0.00881	0.00924	0.00509	0.10058	0.00920	0.05691	0.00876	0.05988	0.00736	0.01747	0.02949	0.00158	0.00372	0.00343	0.03420	0.00500
40	0.00969	0.07669	0.03401	0.17878	0.16377	0.05543	0.08250	0.03461	0.05950	0.01357	0.08241	0.03672	0.05036	0.00555	0.00497	0.00137	0.05264	0.01717	0.01691	0.02336
41	0.05427	0.02735	0.07321	0.02421	0.02888	0.02200	0.00566	0.02041	0.02692	0.01241	0.03499	0.45551	0.14118	0.03555	0.00553	0.00168	0.00326	0.01922	0.00360	0.00418

[dist]
# distance from previous block
# <min> <max>
2	22

[block]
# block no. 2 follows, 60 sequences, length 25
# corresponding to MSA columns:
# 149-173
name=unknown_C
#
# <colnr> <probs for GDERKNQSTAVLIFYWHMCP>
#	G	D	E	R	K	N	Q	S	T	A	V	L	I	F	Y	W	H	M	C	P
0	0.01080	0.09186	0.23690	0.01435	0.22889	0.06354	0.01959	0.08672	0.05138	0.02800	0.03582	0.02369	0.03773	0.00480	0.00414	0.00128	0.00516	0.00398	0.02622	0.02515
1	0.00686	0.00567	0.00683	0.00629	0.00744	0.00601	0.00492	0.02555	0.02530	0.02616	0.18645	0.03071	0.40267	0.02461	0.04945	0.00185	0.15352	0.00733	0.01821	0.00417
2	0.02092	0.04105	0.39691	0.01420	0.18524	0.03237	0.01260	0.07313	0.10851	0.02569	0.00958	0.01072	0.00719	0.00444	0.00413	0.00133	0.00543	0.00362	0.03643	0.00651
3	0.87753	0.00843	0.00641	0.00574	0.00843	0.00978	0.00472	0.01282	0.00742	0.01957	0.00607	0.00709	0.00472	0.00405	0.00270	0.00135	0.00337	0.00236	0.00270	0.00472
4	0.01174	0.01144	0.11593	0.02024	0.51093	0.00997	0.01201	0.03140	0.10312	0.11441	0.01042	0.01172	0.00797	0.00437	0.00432	0.00133	0.00495	0.00399	0.00283	0.00692
5	0.00595	0.00450	0.00515	0.00505	0.00635	0.00393	0.00380	0.00740	0.01075	0.03597	0.30232	0.07583	0.47549	0.01032	0.00517	0.00146	0.00226	0.03001	0.00434	0.00393
6	0.01220	0.01283	0.02761	0.01167	0.08096	0.25914	0.04594	0.06155	0.15229	0.03477	0.10900	0.01345	0.01175	0.00577	0.00599	0.00140	0.14069	0.00429	0.00308	0.00564
7	0.00526	0.00442	0.00456	0.00452	0.00595	0.00373	0.00339	0.00646	0.01018	0.01235	0.12121	0.04104	0.74036	0.01083	0.00515	0.00146	0.00219	0.00907	0.00412	0.00373
8	0.00988	0.00821	0.00945	0.00689	0.01063	0.00671	0.00553	0.10859	0.01044	0.01577	0.00848	0.02937	0.00712	0.00373	0.00343	0.00075	0.00341	0.00299	0.00284	0.74580
9	0.01629	0.02079	0.01236	0.01124	0.01348	0.82921	0.00843	0.01742	0.01236	0.01067	0.00674	0.00787	0.00562	0.00449	0.00393	0.00112	0.00787	0.00281	0.00225	0.00506
10	0.00549	0.00388	0.00508	0.00597	0.00621	0.00367	0.00396	0.00619	0.00815	0.01086	0.02274	0.72008	0.02714	0.11615	0.00763	0.00208	0.00278	0.03460	0.00387	0.00345
11	0.01654	0.01327	0.01300	0.01018	0.01352	0.11393	0.00831	0.70804	0.01950	0.02542	0.01001	0.01015	0.00720	0.00514	0.00431	0.00129	0.00518	0.00379	0.00410	0.00713
12	0.00875	0.02256	0.82413	0.01243	0.01888	0.01013	0.01611	0.01381	0.00921	0.01381	0.00783	0.00921	0.00552	0.00414	0.00414	0.00138	0.00645	0.00322	0.00184	0.00645
13	0.00875	0.02256	0.82413	0.01243	0.01888	0.01013	0.01611	0.01381	0.00921	0.01381	0.00783	0.00921	0.00552	0.00414	0.00414	0.00138	0.00645	0.00322	0.00184	0.00645
14	0.01555	0.01968	0.01401	0.01212	0.01463	0.72851	0.10631	0.01699	0.01211	0.01108	0.00700	0.00835	0.00574	0.00439	0.00408	0.00117	0.00780	0.00310	0.00224	0.00516
15	0.02699	0.51332	0.13704	0.00922	0.02624	0.12647	0.00898	0.08389	0.01041	0.01259	0.00684	0.00781	0.00576	0.00404	0.00331	0.00107	0.00536	0.00269	0.00215	0.00582
16	0.00744	0.00474	0.00589	0.00564	0.00698	0.00423	0.00427	0.00900	0.01104	0.11390	0.35720	0.14423	0.25866	0.00987	0.00515	0.00148	0.00245	0.03901	0.00453	0.00432
17	0.03111	0.15566	0.06169	0.01003	0.03505	0.02728	0.00859	0.50252	0.03877	0.05484	0.00973	0.01003	0.00717	0.00492	0.00426	0.00127	0.02295	0.00361	0.00365	0.00687
18	0.00924	0.16210	0.68889	0.01159	0.01758	0.01133	0.01465	0.01369	0.00915	0.01321	0.00753	0.00883	0.00554	0.00407	0.00392	0.00131	0.00615	0.00307	0.00185	0.00630
19	0.00571	0.00435	0.00525	0.00521	0.00628	0.00389	0.00383	0.00726	0.01098	0.01468	0.44573	0.14835	0.30206	0.01030	0.00521	0.00146	0.00217	0.00896	0.00444	0.00389
20	0.01146	0.49854	0.25120	0.00941	0.01371	0.12664	0.01008	0.01387	0.00944	0.01134	0.00666	0.00775	0.00558	0.00395	0.00334	0.00109	0.00561	0.00265	0.00191	0.00577
21	0.00571	0.00447	0.00520	0.00520	0.00642	0.00396	0.00397	0.00723	0.01078	0.01397	0.32423	0.06458	0.43537	0.01044	0.00524	0.00149	0.00233	0.08121	0.00432	0.00387
22	0.01085	0.11620	0.15724	0.01103	0.02796	0.08714	0.12481	0.05942	0.24984	0.01507	0.02175	0.03979	0.03202	0.00536	0.00433	0.00137	0.00514	0.02152	0.00306	0.00608
23	0.00580	0.00447	0.00522	0.00518	0.00626	0.00405	0.00377	0.00745	0.03067	0.01392	0.34723	0.13540	0.33815	0.06522	0.00630	0.00165	0.00235	0.00878	0.00427	0.00385
24	0.01152	0.01017	0.03233	0.00876	0.01143	0.04248	0.00707	0.18683	0.49150	0.01900	0.01875	0.01768	0.11056	0.00630	0.00448	0.00143	0.00384	0.00511	0.00422	0.00653

[dist]
# distance from previous block
# <min> <max>
2	2

[block]
# block no. 3 follows, 60 sequences, length 48
# corresponding to MSA columns:
# 181-186,189-205,235-240,278-296
name=unknown_D
#
# <colnr> <probs for GDERKNQSTAVLIFYWHMCP>
#	G	D	E	R	K	N	Q	S	T	A	V	L	I	F	Y	W	H	M	C	P
0	0.07338	0.28163	0.36897	0.01046	0.03627	0.05107	0.01132	0.09492	0.01030	0.01437	0.00737	0.00846	0.00573	0.00413	0.00363	0.00122	0.00552	0.00295	0.00220	0.00610
1	0.01482	0.01257	0.05111	0.01028	0.03693	0.07538	0.00844	0.56246	0.02744	0.02314	0.01024	0.01150	0.00777	0.00512	0.00426	0.00126	0.00492	0.03122	0.00382	0.09734
2	0.12289	0.13989	0.02911	0.00880	0.01162	0.18956	0.00726	0.13627	0.23622	0.01653	0.01214	0.01216	0.04949	0.00516	0.00388	0.00127	0.00479	0.00378	0.00326	0.00593
3	0.01148	0.39120	0.13817	0.00937	0.02565	0.08539	0.03657	0.07973	0.02506	0.02818	0.03245	0.03432	0.00861	0.00483	0.00370	0.00116	0.00507	0.03778	0.00250	0.03878
4	0.00976	0.12362	0.57425	0.01263	0.06463	0.01085	0.05658	0.01407	0.02306	0.04725	0.00846	0.02093	0.00635	0.00426	0.00407	0.00133	0.00598	0.00346	0.00211	0.00635
5	0.46765	0.00881	0.00865	0.00713	0.01006	0.00959	0.00587	0.17638	0.01123	0.20406	0.00976	0.00999	0.00693	0.00585	0.03960	0.00159	0.00411	0.00324	0.00364	0.00585
6	0.00958	0.15226	0.51884	0.01195	0.01729	0.01135	0.10705	0.02640	0.05670	0.01364	0.00839	0.00980	0.00630	0.00491	0.02610	0.00147	0.00621	0.00346	0.00209	0.00622
7	0.02276	0.00839	0.01181	0.11694	0.29199	0.04611	0.02361	0.01242	0.08618	0.04219	0.08664	0.08021	0.13049	0.00652	0.00462	0.00141	0.00426	0.01478	0.00314	0.00553
8	0.00629	0.00429	0.00556	0.00579	0.00661	0.00393	0.00416	0.00765	0.01028	0.04925	0.33947	0.40089	0.10506	0.01116	0.00532	0.00157	0.00239	0.02196	0.00441	0.00396
9	0.01072	0.01037	0.01796	0.04360	0.76788	0.01038	0.04794	0.01336	0.00992	0.01417	0.00822	0.01085	0.00687	0.00389	0.00435	0.00131	0.00529	0.00394	0.00216	0.00682
10	0.01122	0.14942	0.13798	0.01236	0.07574	0.01153	0.14052	0.08486	0.01024	0.08666	0.02649	0.05010	0.00843	0.00574	0.01635	0.00149	0.15803	0.00427	0.00266	0.00590
11	0.00597	0.00426	0.00474	0.00480	0.00522	0.00407	0.00297	0.00634	0.00742	0.00953	0.02230	0.08003	0.22716	0.55795	0.03652	0.00343	0.00378	0.00741	0.00309	0.00300
12	0.00619	0.00446	0.00604	0.00700	0.00770	0.00431	0.00555	0.00761	0.00931	0.01216	0.02458	0.39203	0.06728	0.01269	0.00578	0.00188	0.00328	0.41430	0.00403	0.00379
13	0.00846	0.00794	0.01071	0.02297	0.03303	0.04523	0.02434	0.00997	0.02175	0.01095	0.01081	0.06105	0.02284	0.02888	0.22880	0.00322	0.37624	0.06588	0.00242	0.00449
14	0.05094	0.01359	0.03547	0.01329	0.16212	0.26572	0.02176	0.07981	0.18127	0.03868	0.01016	0.01144	0.00807	0.00509	0.00498	0.00135	0.07134	0.01588	0.00297	0.00605
15	0.00891	0.06724	0.11148	0.01278	0.19801	0.00858	0.07206	0.03811	0.03188	0.01482	0.21052	0.01890	0.05497	0.03774	0.01442	0.00152	0.03358	0.01597	0.04310	0.00541
16	0.81789	0.00830	0.00656	0.00581	0.00851	0.00951	0.00478	0.01320	0.00771	0.06060	0.00679	0.00765	0.00515	0.00414	0.00279	0.00134	0.00337	0.00250	0.01856	0.00485
17	0.00992	0.00924	0.01502	0.36261	0.37475	0.01012	0.02446	0.04670	0.05369	0.01373	0.00863	0.01139	0.00681	0.00423	0.00433	0.00136	0.00531	0.00392	0.00230	0.03150
18	0.03652	0.34305	0.21754	0.04623	0.05404	0.07754	0.00989	0.05199	0.02354	0.02541	0.00823	0.04863	0.00707	0.00454	0.00364	0.00118	0.00523	0.00338	0.00228	0.03009
19	0.00908	0.00881	0.08389	0.04610	0.21958	0.00765	0.06820	0.03641	0.04943	0.05710	0.13019	0.12273	0.06946	0.06468	0.00594	0.00162	0.00426	0.00617	0.00325	0.00542
20	0.00548	0.00439	0.00491	0.00487	0.00612	0.00381	0.00362	0.00686	0.01058	0.01353	0.28500	0.09492	0.51942	0.01056	0.00518	0.00146	0.00218	0.00901	0.00429	0.00381
21	0.00836	0.00788	0.01331	0.79560	0.06967	0.00972	0.01218	0.01126	0.00878	0.01130	0.00777	0.01159	0.00587	0.00434	0.00436	0.00145	0.00578	0.00388	0.00195	0.00495
22	0.04478	0.15224	0.37723	0.01369	0.15191	0.01124	0.05961	0.02507	0.01766	0.01352	0.00847	0.05200	0.00712	0.00468	0.00449	0.00134	0.04295	0.00379	0.00214	0.00608
23	0.00991	0.01024	0.01979	0.08416	0.30787	0.01010	0.37003	0.01288	0.00992	0.01363	0.01046	0.02936	0.03281	0.00465	0.00499	0.00144	0.02028	0.03918	0.00233	0.00596
24	0.00533	0.00386	0.00505	0.00595	0.00631	0.00357	0.00401	0.00616	0.00859	0.01140	0.05306	0.76620	0.07773	0.01334	0.00553	0.00174	0.00249	0.01204	0.00408	0.00357
25	0.18753	0.06850	0.03593	0.01290	0.21075	0.04445	0.02743	0.11672	0.07839	0.14899	0.02172	0.01103	0.00801	0.00460	0.00392	0.00131	0.00450	0.00367	0.00328	0.00637
26	0.01034	0.01088	0.10155	0.01637	0.33083	0.06460	0.06660	0.03900	0.04403	0.05005	0.08455	0.11209	0.01295	0.00579	0.00453	0.00137	0.00482	0.00528	0.02843	0.00596
27	0.00623	0.00467	0.00701	0.00701	0.00779	0.00545	0.00545	0.00779	0.00701	0.01012	0.01168	0.01713	0.01090	0.03271	0.82944	0.00701	0.01168	0.00467	0.00234	0.00389
28	0.00549	0.00437	0.00492	0.00491	0.00613	0.00380	0.00363	0.00686	0.01054	0.01350	0.28355	0.11574	0.49989	0.01063	0.00519	0.00147	0.00219	0.00910	0.00428	0.00380
29	0.01259	0.03215	0.01314	0.13810	0.14354	0.01075	0.03122	0.28377	0.11897	0.07708	0.07219	0.02533	0.01090	0.00530	0.00442	0.00136	0.00459	0.00449	0.00363	0.00648
30	0.07910	0.02595	0.16741	0.00956	0.01324	0.01105	0.00896	0.40283	0.05592	0.09186	0.01168	0.06820	0.00920	0.00566	0.00429	0.00138	0.00467	0.01859	0.00378	0.00665
31	0.00531	0.00380	0.00506	0.00607	0.00633	0.00354	0.00405	0.00607	0.00835	0.01113	0.02404	0.84388	0.02885	0.01366	0.00557	0.00177	0.00253	0.01240	0.00405	0.00354
32	0.01061	0.01014	0.01709	0.08577	0.73304	0.01033	0.01306	0.01356	0.03793	0.01416	0.00851	0.01105	0.00705	0.00399	0.00433	0.00131	0.00517	0.00392	0.00222	0.00676
33	0.00933	0.03146	0.64167	0.02995	0.01837	0.04641	0.07852	0.01378	0.00956	0.03021	0.03094	0.02433	0.00713	0.00444	0.00426	0.00138	0.00630	0.00367	0.00208	0.00620
34	0.00919	0.14908	0.70151	0.01167	0.01770	0.01122	0.01479	0.01370	0.00916	0.01327	0.00756	0.00887	0.00554	0.00408	0.00394	0.00131	0.00617	0.00309	0.00185	0.00632
35	0.00632	0.00431	0.00518	0.00518	0.00533	0.00446	0.00317	0.00662	0.00647	0.00877	0.01335	0.02638	0.01492	0.69253	0.17511	0.00476	0.00564	0.00603	0.00258	0.00288
36	0.01594	0.01110	0.01215	0.00950	0.01283	0.01206	0.00778	0.57452	0.13341	0.12539	0.01230	0.01182	0.00867	0.00531	0.00435	0.00132	0.00443	0.00410	0.00446	0.02857
37	0.01050	0.00993	0.01699	0.07039	0.67711	0.01000	0.04738	0.01327	0.02246	0.02385	0.04912	0.01211	0.00870	0.00421	0.00440	0.00132	0.00511	0.00416	0.00236	0.00661
38	0.75177	0.00978	0.00706	0.00635	0.00896	0.10647	0.00512	0.01318	0.00808	0.01830	0.00720	0.00814	0.02716	0.00429	0.00291	0.00133	0.00387	0.00260	0.00268	0.00473
39	0.00651	0.00465	0.00644	0.00744	0.00822	0.00457	0.00613	0.00814	0.00953	0.01247	0.02338	0.28874	0.02623	0.01254	0.00589	0.00194	0.00357	0.55571	0.00403	0.00387
40	0.00516	0.00440	0.00444	0.00446	0.00590	0.00368	0.00333	0.00625	0.00990	0.01176	0.04364	0.06343	0.79664	0.01112	0.00517	0.00148	0.00222	0.00929	0.00405	0.00368
41	0.00531	0.00380	0.00506	0.00607	0.00633	0.00354	0.00405	0.00607	0.00835	0.01113	0.02404	0.84388	0.02885	0.01366	0.00557	0.00177	0.00253	0.01240	0.00405	0.00354
42	0.00904	0.00775	0.00904	0.00646	0.01034	0.00581	0.00517	0.01098	0.00904	0.01421	0.00775	0.00904	0.00646	0.00323	0.00323	0.00065	0.00323	0.00258	0.00258	0.87339
43	0.01077	0.01015	0.01701	0.09857	0.67884	0.01037	0.02834	0.05359	0.01035	0.01459	0.00853	0.02368	0.00717	0.00414	0.00436	0.00132	0.00522	0.00404	0.00228	0.00668
44	0.01108	0.01090	0.01743	0.02598	0.77827	0.05227	0.01313	0.01359	0.01006	0.01407	0.00813	0.01064	0.00684	0.00392	0.00430	0.00129	0.00532	0.00383	0.00216	0.00681
45	0.26199	0.43852	0.08648	0.00774	0.01129	0.03002	0.00754	0.07476	0.00941	0.01461	0.00657	0.00755	0.00548	0.00406	0.00323	0.00114	0.01917	0.00258	0.00231	0.00553
46	0.10543	0.13563	0.30250	0.01008	0.01430	0.11277	0.03206	0.11973	0.04047	0.03773	0.00930	0.01011	0.02703	0.00454	0.00385	0.00127	0.00547	0.00336	0.01836	0.00601
47	0.03285	0.12121	0.09662	0.00782	0.01951	0.04098	0.00692	0.08504	0.06160	0.04940	0.22584	0.06592	0.06530	0.00691	0.00441	0.00132	0.00377	0.04488	0.01431	0.04538

[dist]
# distance from previous block
# <min> <max>
16	43

[block]
# block no. 4 follows, 60 sequences, length 68
# corresponding to MSA columns:
# 349-374,386-427
name=unknown_E
#
# <colnr> <probs for GDERKNQSTAVLIFYWHMCP>
#	G	D	E	R	K	N	Q	S	T	A	V	L	I	F	Y	W	H	M	C	P
0	0.00868	0.07001	0.03901	0.04366	0.06480	0.03958	0.00635	0.05255	0.04439	0.04401	0.19926	0.13727	0.13264	0.01594	0.00479	0.00138	0.00351	0.01857	0.00364	0.06995
1	0.64706	0.00946	0.04070	0.00816	0.06518	0.01006	0.02389	0.06064	0.05202	0.01913	0.00728	0.00827	0.00561	0.00419	0.00313	0.00134	0.00379	0.00280	0.00281	0.02448
2	0.03003	0.00731	0.00842	0.00866	0.08298	0.07586	0.03728	0.05322	0.02237	0.01516	0.09249	0.10251	0.01435	0.00787	0.05217	0.00161	0.04570	0.00523	0.33211	0.00470
3	0.01180	0.01157	0.01654	0.02352	0.66025	0.11001	0.01231	0.03188	0.03421	0.03367	0.00857	0.01069	0.00705	0.00409	0.00428	0.00128	0.00541	0.00380	0.00236	0.00671
4	0.00569	0.00451	0.00540	0.00591	0.03031	0.00408	0.00408	0.00716	0.02773	0.01287	0.18171	0.29460	0.37785	0.01115	0.00524	0.00154	0.00240	0.00972	0.00414	0.00389
5	0.02520	0.46201	0.07444	0.00908	0.04078	0.03691	0.00824	0.16869	0.03260	0.06675	0.02006	0.02191	0.00738	0.00448	0.00350	0.00112	0.00474	0.00321	0.00276	0.00613
6	0.00937	0.00772	0.00843	0.00774	0.00970	0.00862	0.00594	0.01829	0.55124	0.01760	0.19906	0.06420	0.02035	0.00697	0.00460	0.00145	0.00302	0.00596	0.04378	0.00596
7	0.02385	0.00922	0.01187	0.07470	0.21738	0.01016	0.00872	0.07339	0.40052	0.02743	0.06339	0.01498	0.01223	0.00537	0.00438	0.00140	0.00404	0.00463	0.02582	0.00652
8	0.01198	0.01035	0.01124	0.00996	0.03453	0.05062	0.03892	0.13617	0.57874	0.03080	0.02845	0.01493	0.01205	0.00564	0.00444	0.00143	0.00405	0.00470	0.00419	0.00681
9	0.00532	0.00412	0.00485	0.00532	0.00616	0.00365	0.00374	0.00633	0.00936	0.01194	0.09877	0.43453	0.36602	0.01215	0.00536	0.00161	0.00235	0.01066	0.00411	0.00365
10	0.01083	0.01203	0.10760	0.05567	0.36203	0.07809	0.03001	0.05643	0.14959	0.01526	0.05363	0.01318	0.02658	0.00482	0.00437	0.00134	0.00508	0.00426	0.00281	0.00639
11	0.00868	0.04318	0.02201	0.01016	0.01240	0.00783	0.21950	0.07752	0.04797	0.01401	0.03572	0.10685	0.08729	0.08790	0.00681	0.00185	0.00468	0.19744	0.00336	0.00483
12	0.01207	0.03612	0.07225	0.01179	0.03417	0.05595	0.18266	0.18140	0.27713	0.03607	0.03121	0.01354	0.02497	0.00512	0.00451	0.00139	0.00507	0.00457	0.00352	0.00650
13	0.00882	0.01382	0.29752	0.03614	0.02580	0.00943	0.30106	0.01243	0.00995	0.01409	0.13397	0.02697	0.03364	0.00523	0.00527	0.00145	0.05124	0.00500	0.00253	0.00563
14	0.01093	0.01242	0.11870	0.03743	0.40787	0.08740	0.04265	0.03057	0.12025	0.02424	0.05680	0.01244	0.00951	0.00460	0.00436	0.00133	0.00525	0.00413	0.00267	0.00644
15	0.00629	0.00421	0.00477	0.00482	0.00483	0.00420	0.00271	0.00633	0.00644	0.00858	0.01422	0.06644	0.01646	0.80801	0.02143	0.00411	0.00415	0.00662	0.00271	0.00268
16	0.01038	0.01171	0.02270	0.01664	0.02048	0.06129	0.64919	0.01387	0.02974	0.01364	0.01026	0.01388	0.02735	0.00448	0.00546	0.00149	0.04079	0.03860	0.00237	0.00568
17	0.00813	0.00407	0.00407	0.00407	0.00508	0.00407	0.00305	0.01016	0.00915	0.01626	0.01423	0.01626	0.01118	0.00508	0.00305	0.00102	0.00203	0.00407	0.87093	0.00407
18	0.01031	0.00985	0.03090	0.34687	0.09816	0.05359	0.03916	0.06696	0.24637	0.01487	0.01107	0.01271	0.00838	0.00483	0.00435	0.00141	0.00507	0.00417	0.02509	0.00588
19	0.23135	0.00778	0.00941	0.00791	0.03911	0.00744	0.00621	0.03037	0.01126	0.56343	0.03348	0.01314	0.00984	0.00509	0.00398	0.00135	0.00366	0.00395	0.00458	0.00666
20	0.01172	0.05663	0.33486	0.02458	0.05722	0.19833	0.10240	0.04405	0.01058	0.05333	0.00834	0.01012	0.00639	0.00446	0.00453	0.00132	0.03383	0.01498	0.00231	0.02003
21	0.01003	0.30822	0.49609	0.01057	0.01575	0.01264	0.01264	0.01359	0.00906	0.03052	0.00734	0.00858	0.00568	0.00417	0.00409	0.00125	0.03879	0.00296	0.00193	0.00611
22	0.00596	0.00408	0.00491	0.00527	0.00540	0.00397	0.00321	0.00631	0.00729	0.00976	0.04607	0.32823	0.02153	0.51090	0.01548	0.00322	0.00353	0.00862	0.00324	0.00303
23	0.00630	0.00457	0.00649	0.00649	0.00713	0.00518	0.00484	0.00757	0.00694	0.00997	0.01215	0.01932	0.01187	0.18967	0.65055	0.00631	0.00998	0.00498	0.02603	0.00366
24	0.01332	0.21458	0.05140	0.13734	0.01544	0.44410	0.00892	0.01500	0.01071	0.01099	0.00705	0.00860	0.00584	0.00430	0.00371	0.00114	0.00652	0.00292	0.03295	0.00518
25	0.01481	0.00656	0.00859	0.00699	0.00958	0.00589	0.00564	0.02597	0.04374	0.51538	0.19397	0.02068	0.06062	0.00656	0.00455	0.00136	0.00320	0.01528	0.04436	0.00628
26	0.00597	0.00421	0.00552	0.00626	0.00666	0.00409	0.00448	0.00690	0.00835	0.01110	0.03621	0.45006	0.02497	0.19038	0.03161	0.00248	0.00347	0.19009	0.00371	0.00348
27	0.01089	0.00915	0.00974	0.00876	0.01115	0.01048	0.00686	0.07514	0.69014	0.01844	0.01758	0.03970	0.01377	0.00631	0.00450	0.00149	0.00352	0.03621	0.01951	0.00668
28	0.01046	0.02833	0.01268	0.23913	0.15000	0.06157	0.02851	0.05528	0.27264	0.01525	0.04912	0.01372	0.01033	0.00505	0.00434	0.00138	0.00475	0.00435	0.02715	0.00599
29	0.00815	0.06239	0.06247	0.00850	0.08960	0.00693	0.00639	0.01099	0.07937	0.02408	0.11653	0.02949	0.22981	0.00735	0.02715	0.00136	0.00356	0.00554	0.00331	0.21705
30	0.00969	0.11237	0.59128	0.01198	0.01763	0.04320	0.07248	0.03399	0.00966	0.01367	0.00773	0.00913	0.00570	0.00407	0.00403	0.00130	0.00620	0.00324	0.00198	0.04068
31	0.00674	0.00481	0.00670	0.00770	0.00858	0.00477	0.00653	0.00854	0.00976	0.01273	0.02325	0.18268	0.02573	0.01232	0.00595	0.00197	0.00377	0.65952	0.00402	0.00394
32	0.00654	0.00455	0.00594	0.00564	0.00674	0.00419	0.00428	0.00852	0.01206	0.04033	0.70969	0.05138	0.06989	0.00915	0.00517	0.00141	0.00221	0.04340	0.00474	0.00418
33	0.01136	0.01112	0.10188	0.01125	0.01467	0.01020	0.19955	0.12108	0.29559	0.06887	0.03646	0.01525	0.03532	0.00536	0.00459	0.00143	0.00480	0.01555	0.02927	0.00641
34	0.01833	0.00723	0.00978	0.00763	0.01077	0.00632	0.00624	0.03416	0.01246	0.73896	0.05440	0.04827	0.01285	0.00588	0.00447	0.00137	0.00361	0.00486	0.00530	0.00712
35	0.00634	0.00423	0.00476	0.00476	0.00476	0.00423	0.00264	0.00634	0.00634	0.00846	0.01374	0.02854	0.01586	0.84672	0.02220	0.00423	0.00423	0.00634	0.00264	0.00264
36	0.01107	0.00948	0.00999	0.00892	0.01143	0.01095	0.00696	0.05400	0.78044	0.01861	0.01746	0.01604	0.01308	0.00589	0.00443	0.00147	0.00350	0.00489	0.00443	0.00692
37	0.04458	0.01048	0.01520	0.34803	0.19315	0.09596	0.10166	0.04402	0.00978	0.01300	0.00773	0.01067	0.00613	0.00450	0.00518	0.00142	0.07697	0.00385	0.00217	0.00552
38	0.60493	0.00924	0.00838	0.00703	0.00993	0.04794	0.02856	0.07685	0.00959	0.15004	0.00834	0.00878	0.00602	0.00437	0.00323	0.00134	0.00387	0.00292	0.00323	0.00542
39	0.01035	0.04663	0.01117	0.00809	0.01106	0.00862	0.02170	0.08416	0.00983	0.04987	0.01971	0.01994	0.00732	0.00463	0.00567	0.00104	0.17019	0.00326	0.00275	0.50399
40	0.00901	0.00523	0.00680	0.00601	0.00755	0.00482	0.00464	0.03423	0.01254	0.16697	0.62731	0.02828	0.03387	0.00807	0.00493	0.00136	0.00244	0.00704	0.02408	0.00482
41	0.01029	0.01029	0.04843	0.04500	0.68040	0.00986	0.01255	0.01322	0.03325	0.01452	0.07165	0.01261	0.00969	0.00436	0.00438	0.00131	0.00495	0.00420	0.00241	0.00662
42	0.00586	0.00427	0.00554	0.00606	0.00662	0.00411	0.00435	0.00700	0.00927	0.01252	0.18351	0.45874	0.08140	0.06927	0.00682	0.00186	0.02266	0.09148	0.01499	0.00369
43	0.01018	0.41079	0.37611	0.01038	0.01530	0.01343	0.06350	0.01336	0.00913	0.01213	0.00740	0.00923	0.00607	0.00410	0.00362	0.00119	0.00561	0.02057	0.00193	0.00595
44	0.01350	0.00722	0.00889	0.00703	0.00997	0.02590	0.00555	0.01509	0.01065	0.38964	0.04414	0.10122	0.01252	0.04381	0.00496	0.00129	0.00350	0.00483	0.00412	0.28616
45	0.00942	0.01063	0.13084	0.11224	0.27342	0.02976	0.03227	0.03418	0.07652	0.02277	0.10751	0.01651	0.05080	0.06759	0.00579	0.00158	0.00481	0.00480	0.00281	0.00574
46	0.01027	0.01149	0.10413	0.15199	0.55516	0.03427	0.01304	0.01311	0.00970	0.01360	0.00803	0.01061	0.00653	0.00398	0.00426	0.00130	0.00543	0.00373	0.00211	0.03726
47	0.59335	0.03803	0.01959	0.00725	0.00985	0.14604	0.00596	0.03331	0.00877	0.04426	0.00674	0.00782	0.00530	0.00471	0.01384	0.00139	0.04347	0.00265	0.00268	0.00498
48	0.87753	0.00843	0.00641	0.00574	0.00843	0.00978	0.00472	0.01282	0.00742	0.01957	0.00607	0.00709	0.00472	0.00405	0.00270	0.00135	0.00337	0.00236	0.00270	0.00472
49	0.01041	0.05109	0.17473	0.07201	0.43436	0.01040	0.05099	0.01354	0.02193	0.04552	0.00897	0.01197	0.00735	0.00447	0.00469	0.00137	0.03579	0.03171	0.00229	0.00642
50	0.00634	0.00423	0.00476	0.00476	0.00476	0.00423	0.00264	0.00634	0.00634	0.00846	0.01374	0.02854	0.01586	0.84672	0.02220	0.00423	0.00423	0.00634	0.00264	0.00264
51	0.01017	0.01575	0.45713	0.01038	0.01496	0.00888	0.03449	0.10378	0.01117	0.09119	0.12477	0.01449	0.03797	0.00571	0.00490	0.03575	0.00516	0.00435	0.00297	0.00603
52	0.00548	0.00393	0.00512	0.00597	0.00631	0.00371	0.00404	0.00626	0.00830	0.01099	0.02391	0.68165	0.06906	0.08418	0.02665	0.00210	0.00293	0.04200	0.00389	0.00350
53	0.00633	0.00429	0.00505	0.00505	0.00514	0.00438	0.00300	0.00653	0.00643	0.00867	0.01348	0.02708	0.01522	0.74251	0.12555	0.00458	0.00518	0.00613	0.00260	0.00280
54	0.75853	0.04932	0.00793	0.02124	0.03794	0.04012	0.00543	0.01299	0.00778	0.01846	0.00620	0.00732	0.00489	0.00405	0.00284	0.00132	0.00371	0.00246	0.00261	0.00486
55	0.87753	0.00843	0.00641	0.00574	0.00843	0.00978	0.00472	0.01282	0.00742	0.01957	0.00607	0.00709	0.00472	0.00405	0.00270	0.00135	0.00337	0.00236	0.00270	0.00472
56	0.01586	0.02011	0.01255	0.01130	0.01356	0.78548	0.02867	0.01706	0.01216	0.01074	0.00693	0.00822	0.00579	0.00526	0.02683	0.00130	0.00796	0.00292	0.00225	0.00505
57	0.00552	0.00443	0.00492	0.00480	0.00611	0.00384	0.00360	0.00696	0.01079	0.01381	0.31828	0.03864	0.54239	0.01029	0.00515	0.00144	0.00216	0.00874	0.00432	0.00384
58	0.01021	0.00859	0.01068	0.04730	0.01154	0.02243	0.01713	0.17994	0.12902	0.01566	0.03973	0.08413	0.01141	0.01142	0.14811	0.00250	0.22027	0.00503	0.01950	0.00538
59	0.87753	0.00843	0.00641	0.00574	0.00843	0.00978	0.00472	0.01282	0.00742	0.01957	0.00607	0.00709	0.00472	0.00405	0.00270	0.00135	0.00337	0.00236	0.00270	0.00472
60	0.00930	0.06450	0.38293	0.01559	0.22425	0.01014	0.08190	0.01299	0.01782	0.01349	0.02452	0.01172	0.03123	0.00625	0.05827	0.00172	0.02118	0.00390	0.00214	0.00615
61	0.00634	0.00424	0.00481	0.00481	0.00483	0.00426	0.00271	0.00638	0.00636	0.00849	0.01369	0.02828	0.01574	0.82808	0.04069	0.00429	0.00440	0.00630	0.00264	0.00267
62	0.00742	0.06634	0.18853	0.04076	0.03889	0.01546	0.02551	0.01017	0.03678	0.01374	0.20976	0.12325	0.17632	0.00795	0.00474	0.00143	0.00380	0.02091	0.00340	0.00484
63	0.00939	0.09541	0.68646	0.01255	0.05202	0.04327	0.01492	0.01387	0.00933	0.01339	0.00764	0.00903	0.00559	0.00411	0.00402	0.00133	0.00629	0.00316	0.00187	0.00633
64	0.00530	0.00402	0.00488	0.00551	0.00619	0.00361	0.00381	0.00622	0.00902	0.01159	0.06177	0.55235	0.28472	0.01263	0.00542	0.00166	0.00241	0.01119	0.00408	0.00361
65	0.00800	0.00647	0.02191	0.00656	0.00830	0.00632	0.01363	0.09256	0.14706	0.01753	0.42138	0.02805	0.16366	0.00814	0.00487	0.00139	0.00273	0.00698	0.02954	0.00491
66	0.00906	0.00842	0.04076	0.00697	0.01096	0.00610	0.02467	0.01116	0.00908	0.01419	0.00778	0.00912	0.00643	0.00328	0.00331	0.00069	0.00345	0.00267	0.00255	0.81935
67	0.13385	0.05375	0.12437	0.00930	0.01230	0.24081	0.00820	0.02653	0.17886	0.06167	0.01010	0.01072	0.00777	0.00588	0.03682	0.00151	0.02408	0.00345	0.02117	0.02886

[dist]
# distance from previous block
# <min> <max>
0	1

[block]
# block no. 5 follows, 60 sequences, length 69
# corresponding to MSA columns:
# 429-494,500-502
name=unknown_F
#
# <colnr> <probs for GDERKNQSTAVLIFYWHMCP>
#	G	D	E	R	K	N	Q	S	T	A	V	L	I	F	Y	W	H	M	C	P
0	0.01046	0.00997	0.01668	0.13200	0.67349	0.01030	0.01288	0.01361	0.05191	0.01405	0.00865	0.01119	0.00710	0.00405	0.00433	0.00133	0.00517	0.00394	0.00225	0.00664
1	0.00516	0.00440	0.00443	0.00446	0.00590	0.00368	0.00333	0.00625	0.00990	0.01177	0.04371	0.06084	0.79918	0.01111	0.00516	0.00148	0.00222	0.00928	0.00405	0.00368
