[name]
unknown

[dist]
# distance from previous block
# <min> <max>
0	18

[block]
# block no. 0 follows, 55 sequences, length 118
# corresponding to MSA columns:
# 76-112,116-119,128-147,149-163,178-189,210-232,238-244
name=unknown_A
#
# <colnr> <probs for GDERKNQSTAVLIFYWHMCP>
#	G	D	E	R	K	N	Q	S	T	A	V	L	I	F	Y	W	H	M	C	P
0	0.04809	0.39447	0.19112	0.00973	0.01405	0.01388	0.04419	0.05050	0.05250	0.08238	0.03318	0.01148	0.00858	0.00481	0.00387	0.00127	0.00521	0.02153	0.00277	0.00638
1	0.09913	0.04388	0.03153	0.00968	0.01310	0.03967	0.05846	0.30388	0.04172	0.10160	0.03506	0.04137	0.00983	0.01840	0.00484	0.00139	0.01865	0.00437	0.00387	0.11956
2	0.36623	0.00905	0.01013	0.00892	0.04673	0.02545	0.04617	0.04501	0.02948	0.21038	0.03460	0.01204	0.00888	0.00516	0.00444	0.00143	0.04791	0.00379	0.06197	0.02225
3	0.00942	0.00802	0.00940	0.00685	0.01076	0.00606	0.00544	0.01144	0.00971	0.01513	0.03002	0.04119	0.00877	0.00402	0.00359	0.00075	0.00338	0.00330	0.00288	0.80987
4	0.01569	0.01250	0.03661	0.01022	0.01373	0.04644	0.00847	0.46945	0.21348	0.06519	0.01308	0.01272	0.00947	0.00561	0.00459	0.00140	0.00481	0.00434	0.00447	0.04771
5	0.01159	0.01140	0.05132	0.06633	0.68672	0.01094	0.01390	0.03488	0.01083	0.02983	0.00894	0.01152	0.00733	0.00424	0.00458	0.00138	0.00554	0.00410	0.00241	0.02222
6	0.01505	0.01294	0.06618	0.01286	0.07220	0.08004	0.12401	0.28412	0.09149	0.13356	0.02330	0.01320	0.02255	0.00531	0.00473	0.00142	0.00552	0.00453	0.00391	0.02309
7	0.01205	0.66675	0.15274	0.00916	0.01358	0.04098	0.02370	0.01422	0.00965	0.01165	0.00685	0.00797	0.00598	0.00408	0.00330	0.00109	0.00544	0.00271	0.00200	0.00611
8	0.00558	0.00471	0.00485	0.00495	0.00644	0.00398	0.00373	0.00678	0.01053	0.01259	0.04523	0.08244	0.73853	0.01196	0.00556	0.00161	0.00245	0.03985	0.00432	0.00393
9	0.00979	0.10018	0.65710	0.01341	0.01979	0.01162	0.09571	0.01467	0.00991	0.01439	0.00828	0.00988	0.00602	0.00433	0.00439	0.00144	0.00679	0.00356	0.00201	0.00673
10	0.01448	0.06564	0.24395	0.00995	0.01415	0.04305	0.02013	0.08540	0.02799	0.30858	0.01534	0.07123	0.04716	0.00608	0.00461	0.00145	0.00504	0.00492	0.00395	0.00688
11	0.00633	0.00475	0.00561	0.00545	0.00675	0.00420	0.00406	0.00800	0.01180	0.03088	0.41478	0.08796	0.37113	0.01073	0.00550	0.00154	0.00233	0.00924	0.00474	0.00422
12	0.00674	0.00450	0.00508	0.00511	0.00512	0.00449	0.00286	0.00676	0.00682	0.00909	0.01494	0.05074	0.01726	0.81573	0.02323	0.00444	0.00446	0.00693	0.00286	0.00284
13	0.01229	0.01250	0.01803	0.02098	0.40200	0.10582	0.11384	0.06600	0.02337	0.01498	0.00849	0.01111	0.00708	0.00505	0.00664	0.00151	0.15705	0.00419	0.00247	0.00661
14	0.00893	0.00841	0.01421	0.78451	0.07176	0.01037	0.01299	0.01201	0.00937	0.01206	0.00829	0.01236	0.00626	0.00463	0.00465	0.00154	0.00617	0.00413	0.00208	0.00528
15	0.00567	0.00405	0.00540	0.00648	0.00675	0.00378	0.00432	0.00648	0.00891	0.01188	0.02564	0.83347	0.03077	0.01457	0.00594	0.00189	0.00270	0.01323	0.00432	0.00378
16	0.00879	0.00827	0.01395	0.82532	0.03204	0.01034	0.01292	0.01189	0.00930	0.01189	0.00827	0.01240	0.00620	0.00465	0.00465	0.00155	0.00620	0.00413	0.00207	0.00517
17	0.03303	0.00989	0.01179	0.00917	0.01269	0.00995	0.00753	0.30341	0.06945	0.44480	0.02929	0.01442	0.01084	0.00577	0.00466	0.00143	0.00433	0.00457	0.00523	0.00777
18	0.00683	0.00648	0.00948	0.00798	0.01005	0.01790	0.15990	0.00857	0.01070	0.01324	0.07302	0.10297	0.53454	0.01024	0.00551	0.00159	0.00356	0.00907	0.00394	0.00442
19	0.03251	0.00877	0.00989	0.00725	0.01124	0.02388	0.00581	0.04108	0.02604	0.06104	0.00909	0.01013	0.00727	0.00376	0.00359	0.00080	0.00365	0.00297	0.00303	0.72822
20	0.01617	0.00872	0.01048	0.00855	0.01164	0.00875	0.00689	0.10184	0.24028	0.39930	0.03850	0.01666	0.02399	0.00670	0.02368	0.00159	0.00405	0.00491	0.03826	0.02904
21	0.01738	0.02217	0.01318	0.01199	0.01438	0.81783	0.00899	0.01858	0.01318	0.01139	0.00719	0.00839	0.00599	0.00479	0.00419	0.00120	0.00839	0.00300	0.00240	0.00539
22	0.01151	0.01105	0.01888	0.02855	0.80748	0.01105	0.01428	0.01428	0.01059	0.01520	0.00875	0.01151	0.00737	0.00415	0.00461	0.00138	0.00553	0.00415	0.00230	0.00737
23	0.01129	0.00823	0.02204	0.00797	0.01029	0.00845	0.00633	0.10788	0.28832	0.11097	0.19682	0.02409	0.09697	0.04214	0.00575	0.00164	0.00349	0.02023	0.02095	0.00618
24	0.00867	0.00434	0.00434	0.00434	0.00542	0.00434	0.00325	0.01084	0.00976	0.01734	0.01518	0.01734	0.01192	0.00542	0.00325	0.00108	0.00217	0.00434	0.86233	0.00434
25	0.00677	0.00451	0.00507	0.00507	0.00507	0.00451	0.00282	0.00677	0.00677	0.00902	0.01466	0.03044	0.01691	0.83650	0.02368	0.00451	0.00451	0.00677	0.00282	0.00282
26	0.01244	0.83930	0.02438	0.00796	0.01194	0.01841	0.00796	0.01393	0.00945	0.01095	0.00647	0.00746	0.00597	0.00398	0.00299	0.00100	0.00498	0.00249	0.00199	0.00597
27	0.00867	0.00434	0.00434	0.00434	0.00542	0.00434	0.00325	0.01084	0.00976	0.01734	0.01518	0.01734	0.01192	0.00542	0.00325	0.00108	0.00217	0.00434	0.86233	0.00434
28	0.13834	0.01788	0.01205	0.01063	0.01333	0.53783	0.00817	0.08416	0.03672	0.08655	0.00879	0.00945	0.00676	0.00493	0.00411	0.00128	0.00689	0.00325	0.00303	0.00584
29	0.02047	0.00834	0.01133	0.00866	0.01229	0.00742	0.02257	0.07173	0.01382	0.74487	0.01772	0.01547	0.01120	0.00571	0.00469	0.00144	0.00411	0.00466	0.00562	0.00788
30	0.01173	0.01147	0.01867	0.02793	0.77775	0.04130	0.01408	0.01444	0.01069	0.01506	0.00869	0.01140	0.00732	0.00417	0.00459	0.00137	0.00563	0.00410	0.00231	0.00729
31	0.01745	0.02007	0.01277	0.01145	0.01395	0.69931	0.00867	0.01895	0.02793	0.09848	0.00872	0.00955	0.00685	0.00549	0.01937	0.00135	0.00789	0.00326	0.00281	0.00568
32	0.00965	0.00827	0.00965	0.00689	0.01102	0.00620	0.00551	0.01171	0.00965	0.01516	0.00827	0.00965	0.00689	0.00345	0.00345	0.00069	0.00345	0.00276	0.00276	0.86494
33	0.01439	0.00940	0.01064	0.00910	0.01205	0.01013	0.00720	0.03602	0.54235	0.25344	0.01848	0.01669	0.01320	0.00609	0.00470	0.00152	0.00378	0.00503	0.00500	0.02078
34	0.00808	0.00404	0.00606	0.00606	0.00606	0.00404	0.00404	0.00606	0.00606	0.00808	0.00808	0.01414	0.00808	0.01616	0.01818	0.86465	0.00404	0.00404	0.00202	0.00202
35	0.01846	0.01086	0.01245	0.00959	0.01316	0.01132	0.00791	0.48647	0.01834	0.30767	0.01389	0.01308	0.00936	0.00564	0.00461	0.00140	0.00459	0.00437	0.03908	0.00777
36	0.01733	0.01285	0.01376	0.01063	0.01429	0.01426	0.00876	0.74689	0.06754	0.02874	0.01163	0.01153	0.00828	0.00563	0.00466	0.00141	0.00503	0.00425	0.00466	0.00788
37	0.00648	0.00475	0.00607	0.00574	0.00689	0.00435	0.00431	0.00858	0.01292	0.01807	0.73223	0.03571	0.11706	0.00973	0.00549	0.00147	0.00221	0.00855	0.00504	0.00435
38	0.01157	0.00999	0.01052	0.00947	0.01210	0.01157	0.00736	0.02472	0.79908	0.01946	0.01893	0.01736	0.01420	0.00631	0.00473	0.00158	0.00368	0.00526	0.00473	0.00736
39	0.00665	0.00497	0.00742	0.00742	0.00824	0.00579	0.00575	0.00827	0.00746	0.01076	0.01251	0.01855	0.01175	0.05263	0.80049	0.00741	0.01229	0.00502	0.00250	0.00412
40	0.86937	0.00900	0.00684	0.00612	0.00900	0.01044	0.00504	0.01368	0.00792	0.02087	0.00648	0.00756	0.00504	0.00432	0.00288	0.00144	0.00360	0.00252	0.00288	0.00504
41	0.00640	0.00475	0.00596	0.00566	0.00684	0.00431	0.00424	0.00842	0.01273	0.01762	0.67639	0.03645	0.17318	0.00990	0.00549	0.00148	0.00222	0.00865	0.00499	0.00431
42	0.00677	0.00451	0.00507	0.00507	0.00507	0.00451	0.00282	0.00677	0.00677	0.00902	0.01466	0.03044	0.01691	0.83650	0.02368	0.00451	0.00451	0.00677	0.00282	0.00282
43	0.00556	0.00448	0.00495	0.00533	0.00645	0.00388	0.00381	0.00661	0.01001	0.01233	0.03964	0.31966	0.53554	0.01276	0.00565	0.00168	0.00248	0.01101	0.00432	0.00388
44	0.00867	0.00434	0.00434	0.00434	0.00542	0.00434	0.00325	0.01084	0.00976	0.01734	0.01518	0.01734	0.01192	0.00542	0.00325	0.00108	0.00217	0.00434	0.86233	0.00434
45	0.00553	0.00459	0.00484	0.00504	0.00637	0.00390	0.00368	0.00664	0.01029	0.01244	0.04318	0.18979	0.66312	0.01230	0.00558	0.00163	0.00242	0.01044	0.00432	0.00390
46	0.01244	0.83930	0.02438	0.00796	0.01194	0.01841	0.00796	0.01393	0.00945	0.01095	0.00647	0.00746	0.00597	0.00398	0.00299	0.00100	0.00498	0.00249	0.00199	0.00597
47	0.00867	0.00434	0.00434	0.00434	0.00542	0.00434	0.00325	0.01084	0.00976	0.01734	0.01518	0.01734	0.01192	0.00542	0.00325	0.00108	0.00217	0.00434	0.86233	0.00434
48	0.01768	0.01303	0.01396	0.01070	0.01443	0.01443	0.00884	0.79197	0.02187	0.02932	0.01117	0.01117	0.00791	0.00558	0.00465	0.00140	0.00512	0.00419	0.00465	0.00791
49	0.02087	0.00792	0.01080	0.00828	0.01188	0.00684	0.00684	0.02267	0.01332	0.81071	0.01835	0.01583	0.01152	0.00576	0.00468	0.00144	0.00396	0.00468	0.00576	0.00792
50	0.00656	0.00475	0.00618	0.00583	0.00693	0.00438	0.00437	0.00873	0.01311	0.01852	0.78765	0.03498	0.06136	0.00956	0.00549	0.00147	0.00220	0.00845	0.00510	0.00438
51	0.01018	0.01018	0.01425	0.01221	0.01221	0.01425	0.01018	0.01120	0.00712	0.01120	0.00611	0.01018	0.00611	0.00814	0.01527	0.00204	0.82799	0.00407	0.00204	0.00509
52	0.00879	0.00827	0.01395	0.82532	0.03204	0.01034	0.01292	0.01189	0.00930	0.01189	0.00827	0.01240	0.00620	0.00465	0.00465	0.00155	0.00620	0.00413	0.00207	0.00517
53	0.22842	0.01359	0.01207	0.00979	0.01308	0.15064	0.00793	0.46727	0.01694	0.02417	0.00933	0.00980	0.00687	0.00514	0.00414	0.00137	0.00530	0.00357	0.00383	0.00677
54	0.00569	0.00406	0.00539	0.00645	0.00671	0.00380	0.00428	0.00648	0.00886	0.01181	0.02539	0.81476	0.03045	0.03372	0.00635	0.00195	0.00274	0.01307	0.00428	0.00376
55	0.86937	0.00900	0.00684	0.00612	0.00900	0.01044	0.00504	0.01368	0.00792	0.02087	0.00648	0.00756	0.00504	0.00432	0.00288	0.00144	0.00360	0.00252	0.00288	0.00504
56	0.00658	0.00476	0.00622	0.00585	0.00695	0.00439	0.00439	0.00878	0.01317	0.01866	0.80503	0.03475	0.04390	0.00951	0.00549	0.00146	0.00219	0.00841	0.00512	0.00439
57	0.01018	0.01018	0.01425	0.01221	0.01221	0.01425	0.01018	0.01120	0.00712	0.01120	0.00611	0.01018	0.00611	0.00814	0.01527	0.00204	0.82799	0.00407	0.00204	0.00509
58	0.00575	0.00413	0.00546	0.00638	0.00676	0.00384	0.00431	0.00670	0.00934	0.01252	0.09824	0.74210	0.04913	0.01404	0.00589	0.00184	0.00264	0.01270	0.00439	0.00384
59	0.01206	0.01024	0.01080	0.00957	0.01228	0.01180	0.00748	0.08619	0.73681	0.02025	0.01831	0.01686	0.01370	0.00625	0.00473	0.00156	0.00380	0.00517	0.00473	0.00741
60	0.00677	0.00451	0.00507	0.00507	0.00507	0.00451	0.00282	0.00677	0.00677	0.00902	0.01466	0.03044	0.01691	0.83650	0.02368	0.00451	0.00451	0.00677	0.00282	0.00282
61	0.00658	0.00476	0.00622	0.00585	0.00695	0.00439	0.00439	0.00878	0.01317	0.01866	0.80503	0.03475	0.04390	0.00951	0.00549	0.00146	0.00219	0.00841	0.00512	0.00439
62	0.00885	0.00834	0.01407	0.80611	0.05074	0.01035	0.01295	0.01194	0.00933	0.01197	0.00828	0.01238	0.00623	0.00464	0.00465	0.00155	0.00619	0.00413	0.00207	0.00522
63	0.01768	0.01303	0.01396	0.01070	0.01443	0.01443	0.00884	0.79197	0.02187	0.02932	0.01117	0.01117	0.00791	0.00558	0.00465	0.00140	0.00512	0.00419	0.00465	0.00791
64	0.01181	0.01011	0.01066	0.00952	0.01219	0.01168	0.00742	0.05516	0.76824	0.01985	0.01863	0.01711	0.01395	0.00628	0.00473	0.00157	0.00374	0.00522	0.00473	0.00739
65	0.01205	0.01414	0.02364	0.01752	0.02157	0.17465	0.59950	0.01529	0.01134	0.01406	0.00964	0.04597	0.00783	0.00454	0.00525	0.00151	0.00774	0.00531	0.00244	0.00599
66	0.00571	0.00407	0.00538	0.00642	0.00668	0.00381	0.00426	0.00649	0.00882	0.01176	0.02518	0.79995	0.03019	0.04888	0.00668	0.00200	0.00277	0.01296	0.00426	0.00374
67	0.01244	0.83930	0.02438	0.00796	0.01194	0.01841	0.00796	0.01393	0.00945	0.01095	0.00647	0.00746	0.00597	0.00398	0.00299	0.00100	0.00498	0.00249	0.00199	0.00597
68	0.01139	0.00984	0.01035	0.00933	0.01192	0.01134	0.00725	0.02418	0.77547	0.01925	0.01978	0.01818	0.03789	0.00648	0.00476	0.00158	0.00364	0.00540	0.00472	0.00726
69	0.01721	0.02189	0.01321	0.01199	0.01433	0.79906	0.00902	0.01840	0.01304	0.01138	0.00717	0.00843	0.00600	0.00487	0.00445	0.00122	0.02753	0.00302	0.00239	0.00539
70	0.00808	0.00404	0.00606	0.00606	0.00606	0.00404	0.00404	0.00606	0.00606	0.00808	0.00808	0.01414	0.00808	0.01616	0.01818	0.86465	0.00404	0.00404	0.00202	0.00202
71	0.01171	0.01028	0.01058	0.00953	0.01215	0.03045	0.00740	0.02458	0.78068	0.01927	0.01866	0.01715	0.01401	0.00628	0.00472	0.00157	0.00379	0.00521	0.00468	0.00732
72	0.00814	0.00420	0.00620	0.00609	0.00625	0.00412	0.00410	0.00627	0.00620	0.00835	0.00809	0.01397	0.00804	0.01568	0.01763	0.83226	0.00402	0.00399	0.00205	0.03437
73	0.00685	0.00561	0.00829	0.00939	0.09132	0.00531	0.05230	0.00856	0.02838	0.01348	0.11571	0.48110	0.11894	0.01172	0.00565	0.00173	0.00325	0.02384	0.00409	0.00448
74	0.01096	0.01249	0.02713	0.01943	0.02402	0.01182	0.77177	0.01481	0.01089	0.01481	0.00933	0.01249	0.00704	0.00402	0.00573	0.00158	0.02762	0.00546	0.00235	0.00625
75	0.00570	0.00415	0.00538	0.00634	0.00677	0.00384	0.00432	0.00658	0.00914	0.01200	0.02794	0.72758	0.11437	0.01423	0.00590	0.00186	0.00270	0.03306	0.00432	0.00381
76	0.00884	0.00835	0.01397	0.79138	0.03121	0.01050	0.01281	0.01186	0.00921	0.01186	0.00818	0.01231	0.00620	0.00480	0.00509	0.00157	0.04050	0.00413	0.00207	0.00516
77	0.01378	0.01664	0.02044	0.01642	0.05229	0.36529	0.39206	0.01638	0.01181	0.01326	0.00831	0.01061	0.00658	0.00444	0.00518	0.00141	0.03254	0.00430	0.00236	0.00590
78	0.00750	0.00535	0.00750	0.00857	0.00964	0.00535	0.00750	0.00964	0.01071	0.01392	0.02463	0.05248	0.02677	0.01285	0.00643	0.00214	0.00428	0.77617	0.00428	0.00428
79	0.01098	0.01255	0.02745	0.01961	0.02431	0.01176	0.79059	0.01490	0.01098	0.01490	0.00941	0.01255	0.00706	0.00392	0.00549	0.00157	0.00784	0.00549	0.00235	0.00627
80	0.00581	0.00415	0.00551	0.00643	0.00679	0.00388	0.00436	0.00675	0.00928	0.01247	0.09518	0.73217	0.03161	0.02949	0.00624	0.00191	0.00272	0.02708	0.00436	0.00382
81	0.86937	0.00900	0.00684	0.00612	0.00900	0.01044	0.00504	0.01368	0.00792	0.02087	0.00648	0.00756	0.00504	0.00432	0.00288	0.00144	0.00360	0.00252	0.00288	0.00504
82	0.86937	0.00900	0.00684	0.00612	0.00900	0.01044	0.00504	0.01368	0.00792	0.02087	0.00648	0.00756	0.00504	0.00432	0.00288	0.00144	0.00360	0.00252	0.00288	0.00504
83	0.01738	0.02217	0.01318	0.01199	0.01438	0.81783	0.00899	0.01858	0.01318	0.01139	0.00719	0.00839	0.00599	0.00479	0.00419	0.00120	0.00839	0.00300	0.00240	0.00539
84	0.01862	0.00876	0.01087	0.00851	0.01184	0.02357	0.00696	0.15150	0.02637	0.56857	0.08663	0.01705	0.02649	0.00615	0.00475	0.00143	0.00406	0.00498	0.00541	0.00748
85	0.01713	0.02065	0.01326	0.01210	0.02789	0.71377	0.00904	0.04518	0.01320	0.04203	0.00773	0.00889	0.00629	0.00498	0.00468	0.00125	0.04058	0.00316	0.00259	0.00560
86	0.03776	0.00794	0.01072	0.00823	0.01182	0.00691	0.00680	0.02249	0.01321	0.79499	0.01812	0.01567	0.01139	0.00573	0.00464	0.00144	0.00395	0.00464	0.00570	0.00786
87	0.02843	0.00906	0.03592	0.27882	0.06502	0.02374	0.02405	0.06454	0.10126	0.12749	0.01482	0.10721	0.03661	0.00673	0.00513	0.00158	0.02571	0.03443	0.00350	0.00596
88	0.01208	0.01160	0.02033	0.01905	0.23320	0.02569	0.34110	0.07688	0.09045	0.04892	0.03158	0.01319	0.00902	0.00477	0.00546	0.00151	0.04052	0.00494	0.00296	0.00676
89	0.00675	0.00456	0.00534	0.00534	0.00543	0.00466	0.00315	0.00694	0.00684	0.00922	0.01441	0.02909	0.01632	0.74715	0.11222	0.00484	0.00540	0.00657	0.00278	0.00297
90	0.00677	0.00451	0.00507	0.00507	0.00507	0.00451	0.00282	0.00677	0.00677	0.00902	0.01466	0.03044	0.01691	0.83650	0.02368	0.00451	0.00451	0.00677	0.00282	0.00282
91	0.01279	0.00980	0.01345	0.36398	0.02161	0.06878	0.06532	0.07784	0.07365	0.17642	0.03448	0.04031	0.00995	0.00550	0.00475	0.00150	0.00551	0.00477	0.00344	0.00615
92	0.01125	0.01197	0.03612	0.01766	0.04000	0.01131	0.61154	0.02939	0.09321	0.04016	0.01129	0.04384	0.00883	0.00467	0.00535	0.00157	0.00698	0.00565	0.00281	0.00641
93	0.01019	0.01023	0.01415	0.01213	0.01227	0.02893	0.02104	0.01127	0.00731	0.01124	0.00642	0.01050	0.00633	0.00907	0.04636	0.00223	0.76909	0.00411	0.00206	0.00507
94	0.10589	0.05491	0.01299	0.01121	0.01372	0.70038	0.00853	0.01787	0.01248	0.01236	0.00709	0.00826	0.00589	0.00471	0.00401	0.00122	0.00775	0.00293	0.00243	0.00538
95	0.00836	0.00431	0.00445	0.00456	0.00556	0.00428	0.00336	0.01039	0.00967	0.01677	0.01627	0.10233	0.01389	0.00637	0.00353	0.00117	0.00222	0.00526	0.77298	0.00428
96	0.01196	0.03070	0.01077	0.00931	0.01161	0.15518	0.00728	0.08603	0.36773	0.01745	0.09715	0.03021	0.07968	0.00699	0.00527	0.00150	0.04364	0.01719	0.00411	0.00624
97	0.01272	0.01056	0.01116	0.00970	0.01253	0.01211	0.00764	0.16841	0.65352	0.02131	0.01748	0.01620	0.01302	0.00618	0.00472	0.00154	0.00395	0.00506	0.00472	0.00747
98	0.01275	0.04372	0.06584	0.01189	0.09111	0.11091	0.00901	0.07489	0.46017	0.03655	0.01484	0.01480	0.01132	0.00572	0.00458	0.00147	0.00482	0.01462	0.00393	0.00705
99	0.01244	0.83930	0.02438	0.00796	0.01194	0.01841	0.00796	0.01393	0.00945	0.01095	0.00647	0.00746	0.00597	0.00398	0.00299	0.00100	0.00498	0.00249	0.00199	0.00597
100	0.02002	0.00820	0.01082	0.00835	0.01181	0.00738	0.00684	0.08653	0.01376	0.71171	0.01760	0.01605	0.01144	0.04042	0.00547	0.00156	0.00408	0.00472	0.00554	0.00770
101	0.01086	0.01217	0.02484	0.10279	0.02415	0.03199	0.64472	0.01448	0.01069	0.01436	0.00909	0.01228	0.00690	0.00418	0.00571	0.00156	0.03972	0.00518	0.00232	0.02203
102	0.01077	0.01165	0.02387	0.01961	0.14642	0.01111	0.57871	0.01477	0.04397	0.01541	0.06679	0.01418	0.01005	0.00446	0.00532	0.00153	0.00690	0.00548	0.00264	0.00636
103	0.01151	0.01105	0.01888	0.02855	0.80748	0.01105	0.01428	0.01428	0.01059	0.01520	0.00875	0.01151	0.00737	0.00415	0.00461	0.00138	0.00553	0.00415	0.00230	0.00737
104	0.00665	0.00498	0.00748	0.00748	0.00831	0.00582	0.00582	0.00831	0.00748	0.01080	0.01246	0.01828	0.01163	0.03489	0.81807	0.00748	0.01246	0.00498	0.00249	0.00415
105	0.01647	0.01888	0.01344	0.01291	0.07948	0.57622	0.00921	0.09941	0.08636	0.03118	0.00905	0.00992	0.00718	0.00498	0.00434	0.00127	0.00729	0.00346	0.00291	0.00605
106	0.01728	0.01271	0.01363	0.01049	0.01408	0.01406	0.00862	0.76254	0.02131	0.02856	0.01130	0.01189	0.00825	0.03673	0.00537	0.00151	0.00510	0.00429	0.00459	0.00772
107	0.00879	0.00827	0.01395	0.82532	0.03204	0.01034	0.01292	0.01189	0.00930	0.01189	0.00827	0.01240	0.00620	0.00465	0.00465	0.00155	0.00620	0.00413	0.00207	0.00517
108	0.04858	0.00775	0.01006	0.00799	0.01119	0.00705	0.00651	0.02082	0.07703	0.62326	0.09795	0.01812	0.02964	0.00624	0.00472	0.00146	0.00372	0.00512	0.00548	0.00734
109	0.02087	0.00792	0.01080	0.00828	0.01188	0.00684	0.00684	0.02267	0.01332	0.81071	0.01835	0.01583	0.01152	0.00576	0.00468	0.00144	0.00396	0.00468	0.00576	0.00792
110	0.01037	0.01037	0.01981	0.03416	0.01892	0.01034	0.45186	0.06324	0.02975	0.01543	0.02671	0.03408	0.01270	0.00666	0.00622	0.00172	0.05659	0.18226	0.00305	0.00578
111	0.00714	0.00620	0.01075	0.01004	0.02780	0.00585	0.17861	0.00880	0.00957	0.01281	0.02160	0.56097	0.02466	0.01184	0.00586	0.00183	0.00405	0.08333	0.00384	0.00445
112	0.00665	0.00498	0.00748	0.00748	0.00831	0.00582	0.00582	0.00831	0.00748	0.01080	0.01246	0.01828	0.01163	0.03489	0.81807	0.00748	0.01246	0.00498	0.00249	0.00415
113	0.00958	0.00908	0.01539	0.59321	0.25794	0.01054	0.01332	0.01258	0.00968	0.01285	0.00841	0.01214	0.00654	0.00450	0.00464	0.00150	0.00600	0.00414	0.00214	0.00581
114	0.01115	0.45552	0.35766	0.01062	0.01585	0.01492	0.03754	0.02544	0.00984	0.01294	0.00743	0.00868	0.00600	0.00419	0.00370	0.00122	0.00588	0.00301	0.00203	0.00639
115	0.01145	0.01096	0.01857	0.04666	0.77024	0.01105	0.01408	0.01447	0.02958	0.01522	0.00899	0.01168	0.00751	0.00421	0.00461	0.00139	0.00550	0.00417	0.00236	0.00732
116	0.00567	0.00405	0.00540	0.00648	0.00675	0.00378	0.00432	0.00648	0.00891	0.01188	0.02564	0.83347	0.03077	0.01457	0.00594	0.00189	0.00270	0.01323	0.00432	0.00378
117	0.06165	0.03172	0.04599	0.02581	0.02741	0.16164	0.04082	0.12956	0.05093	0.19365	0.02486	0.05387	0.01023	0.00614	0.00561	0.00148	0.08717	0.01832	0.01677	0.00638

[dist]
# distance from previous block
# <min> <max>
0	5

[block]
# block no. 1 follows, 55 sequences, length 7
# corresponding to MSA columns:
# 253-259
name=unknown_B
#
# <colnr> <probs for GDERKNQSTAVLIFYWHMCP>
#	G	D	E	R	K	N	Q	S	T	A	V	L	I	F	Y	W	H	M	C	P
0	0.01877	0.00887	0.01146	0.00895	0.01214	0.00871	0.00738	0.15331	0.01422	0.57166	0.04861	0.01531	0.01175	0.00610	0.00566	0.00149	0.07819	0.00469	0.00521	0.00752
1	0.00701	0.00481	0.00633	0.00712	0.00801	0.00468	0.00573	0.00876	0.01026	0.01404	0.07257	0.25103	0.06625	0.01210	0.00579	0.00187	0.00337	0.39259	0.11351	0.00415
2	0.01211	0.01094	0.01743	0.18311	0.43941	0.05663	0.08198	0.01482	0.01068	0.09022	0.00947	0.01198	0.00739	0.00453	0.00498	0.00145	0.02934	0.00425	0.00259	0.00671
3	0.01147	0.01168	0.01165	0.14764	0.05268	0.21297	0.03398	0.05991	0.15505	0.01477	0.04140	0.09439	0.08081	0.00709	0.00488	0.00151	0.00537	0.04371	0.00342	0.00562
4	0.01186	0.01299	0.01204	0.01083	0.01200	0.28483	0.00856	0.01382	0.05678	0.01166	0.00877	0.01195	0.00788	0.01333	0.20387	0.00303	0.30427	0.00400	0.00243	0.00510
5	0.48530	0.04737	0.00995	0.03664	0.04678	0.05918	0.00674	0.12805	0.05617	0.01990	0.00926	0.05957	0.00780	0.00526	0.00365	0.00144	0.00429	0.00373	0.00321	0.00569
6	0.06023	0.01417	0.16993	0.04158	0.04615	0.09777	0.12493	0.01857	0.31464	0.01641	0.01368	0.01418	0.03626	0.00536	0.00464	0.00150	0.00553	0.00461	0.00328	0.00657

[dist]
# distance from previous block
# <min> <max>
10	37

[block]
# block no. 2 follows, 55 sequences, length 27
# corresponding to MSA columns:
# 299-325
name=unknown_C
#
# <colnr> <probs for GDERKNQSTAVLIFYWHMCP>
#	G	D	E	R	K	N	Q	S	T	A	V	L	I	F	Y	W	H	M	C	P
0	0.01180	0.05838	0.35769	0.01290	0.08199	0.14128	0.03066	0.07134	0.05630	0.04216	0.02810	0.01334	0.06331	0.00528	0.00449	0.00141	0.00612	0.00417	0.00278	0.00650
1	0.03901	0.02652	0.28931	0.04408	0.15116	0.06320	0.01196	0.06919	0.05658	0.10590	0.07598	0.01327	0.01054	0.00514	0.00451	0.00142	0.00552	0.00421	0.00313	0.01939
2	0.01165	0.10087	0.24287	0.01466	0.15188	0.06017	0.09430	0.03566	0.07797	0.05844	0.04222	0.01209	0.00895	0.00481	0.00471	0.00138	0.02557	0.00408	0.00277	0.04494
3	0.06261	0.01372	0.15471	0.03786	0.35544	0.07933	0.04106	0.02694	0.04710	0.08246	0.00972	0.01132	0.00747	0.00449	0.00443	0.00138	0.00567	0.00391	0.00274	0.04766
4	0.00967	0.09654	0.69432	0.01283	0.01930	0.01140	0.04216	0.01459	0.00982	0.01441	0.00821	0.00970	0.00597	0.00434	0.00430	0.00141	0.00665	0.00340	0.00200	0.02897
5	0.00855	0.03157	0.16452	0.00790	0.01063	0.00699	0.00745	0.07780	0.01224	0.03150	0.35052	0.09526	0.08146	0.00873	0.02365	0.00158	0.00384	0.00691	0.00404	0.06486
6	0.01244	0.83930	0.02438	0.00796	0.01194	0.01841	0.00796	0.01393	0.00945	0.01095	0.00647	0.00746	0.00597	0.00398	0.00299	0.00100	0.00498	0.00249	0.00199	0.00597
7	0.00691	0.00446	0.00518	0.00518	0.00518	0.00446	0.00295	0.00669	0.00669	0.00892	0.01394	0.02866	0.01595	0.74690	0.02308	0.09847	0.00446	0.00647	0.00273	0.00273
8	0.00677	0.00451	0.00507	0.00507	0.00507	0.00451	0.00282	0.00677	0.00677	0.00902	0.01466	0.03044	0.01691	0.83650	0.02368	0.00451	0.00451	0.00677	0.00282	0.00282
9	0.03706	0.06082	0.15578	0.01308	0.15355	0.01019	0.02062	0.07133	0.11816	0.26529	0.01357	0.03878	0.00995	0.00541	0.00453	0.00144	0.00486	0.00450	0.00387	0.00722
10	0.01117	0.14313	0.42083	0.01369	0.01928	0.01210	0.21070	0.04243	0.01068	0.06002	0.00900	0.01055	0.00659	0.00434	0.00450	0.00142	0.00661	0.00391	0.00238	0.00668
11	0.00984	0.00878	0.01219	0.01041	0.01121	0.01120	0.05441	0.03586	0.02921	0.01358	0.01160	0.01515	0.05763	0.00756	0.01086	0.00176	0.49614	0.02357	0.17396	0.00506
12	0.07257	0.03580	0.39241	0.01148	0.03666	0.01065	0.01215	0.04466	0.10208	0.05897	0.04418	0.03486	0.01021	0.00584	0.00547	0.00155	0.07970	0.03136	0.00295	0.00645
13	0.03481	0.06518	0.05629	0.01248	0.05344	0.41098	0.08197	0.04474	0.11234	0.02775	0.00950	0.01084	0.00761	0.02387	0.00477	0.00137	0.00680	0.00371	0.00281	0.02875
14	0.01165	0.09095	0.02987	0.00845	0.02965	0.07421	0.02716	0.10546	0.03943	0.10955	0.02614	0.06766	0.03412	0.28314	0.01089	0.00241	0.00478	0.00559	0.00346	0.03544
15	0.09914	0.19695	0.12388	0.00973	0.01329	0.08942	0.05891	0.09193	0.07187	0.05987	0.08324	0.04498	0.02667	0.00565	0.00423	0.00136	0.00508	0.00446	0.00324	0.00610
16	0.01221	0.08929	0.07066	0.00960	0.02734	0.18492	0.02865	0.10225	0.02638	0.07098	0.06951	0.15034	0.05585	0.00769	0.02010	0.00151	0.00518	0.00585	0.02373	0.03799
17	0.03324	0.05435	0.05499	0.02719	0.07124	0.07664	0.02337	0.14584	0.12614	0.04289	0.05144	0.04653	0.01122	0.02652	0.03146	0.00168	0.07865	0.00463	0.00341	0.08857
18	0.01328	0.16761	0.09024	0.02307	0.03663	0.19511	0.02704	0.10169	0.08995	0.04850	0.01034	0.03112	0.00863	0.04865	0.00584	0.00150	0.05393	0.00401	0.02519	0.01766
19	0.01288	0.08616	0.09052	0.00997	0.02487	0.18866	0.02309	0.12502	0.10357	0.05735	0.07520	0.04251	0.01249	0.07938	0.02060	0.00173	0.00554	0.00472	0.00341	0.03233
20	0.01147	0.05532	0.18929	0.02732	0.04989	0.16073	0.05137	0.05475	0.05335	0.04563	0.03745	0.08353	0.03800	0.06978	0.00604	0.00163	0.00565	0.00507	0.00301	0.05071
21	0.07177	0.04110	0.05986	0.01038	0.03421	0.12573	0.05756	0.13865	0.10606	0.05855	0.04756	0.05599	0.01187	0.03299	0.00531	0.00151	0.01769	0.03855	0.00354	0.08114
22	0.04206	0.08021	0.09378	0.00918	0.02579	0.15025	0.03195	0.07134	0.05819	0.03349	0.08389	0.08443	0.08294	0.10424	0.00683	0.00177	0.00496	0.00571	0.02366	0.00534
23	0.02855	0.09461	0.03318	0.00958	0.02563	0.12996	0.05918	0.05787	0.14634	0.05193	0.09820	0.05416	0.08775	0.02363	0.02065	0.00157	0.02004	0.00544	0.00360	0.04813
24	0.02927	0.03383	0.05771	0.00982	0.01272	0.16540	0.04854	0.10968	0.06740	0.04389	0.06841	0.07895	0.01213	0.02093	0.00549	0.00138	0.05864	0.00480	0.00333	0.16767
25	0.01357	0.04051	0.02877	0.03042	0.04076	0.18888	0.07453	0.13634	0.09379	0.08249	0.04097	0.01523	0.06847	0.00596	0.00537	0.00141	0.06339	0.01380	0.00348	0.05186
26	0.06922	0.04360	0.15343	0.02361	0.06531	0.10091	0.03277	0.05242	0.07669	0.07118	0.04433	0.05182	0.06158	0.05669	0.00580	0.00159	0.01799	0.00489	0.00322	0.06294

[dist]
# distance from previous block
# <min> <max>
6	35

[block]
# block no. 3 follows, 55 sequences, length 6
# corresponding to MSA columns:
# 450-455
name=unknown_D
#
# <colnr> <probs for GDERKNQSTAVLIFYWHMCP>
#	G	D	E	R	K	N	Q	S	T	A	V	L	I	F	Y	W	H	M	C	P
0	0.03441	0.12561	0.16132	0.03018	0.09175	0.03032	0.03604	0.05039	0.04636	0.19475	0.04369	0.05546	0.03068	0.00574	0.00471	0.00141	0.02461	0.00468	0.00347	0.02443
1	0.05191	0.06735	0.10888	0.06688	0.01403	0.11760	0.03483	0.08423	0.08188	0.08024	0.07244	0.04951	0.08031	0.00640	0.00459	0.00142	0.00499	0.02573	0.00350	0.04328
2	0.05329	0.04223	0.06219	0.02713	0.05321	0.07870	0.05393	0.15919	0.10677	0.12939	0.02864	0.11776	0.02667	0.00651	0.00467	0.00146	0.00483	0.00545	0.00387	0.03411
3	0.04573	0.03518	0.05320	0.00994	0.03385	0.07506	0.07208	0.06224	0.15327	0.04670	0.01498	0.13083	0.03939	0.04635	0.00683	0.06240	0.02509	0.02083	0.00345	0.06259
4	0.07480	0.05089	0.06597	0.01023	0.03666	0.22111	0.04199	0.12143	0.01259	0.05926	0.05845	0.08648	0.02876	0.00602	0.00439	0.00133	0.00536	0.00478	0.02935	0.08017
5	0.11386	0.03033	0.03317	0.04775	0.06482	0.02471	0.00762	0.15035	0.13826	0.06134	0.06112	0.06113	0.03033	0.02252	0.00522	0.00153	0.03575	0.02136	0.06563	0.02319

[dist]
# distance from previous block
# <min> <max>
6	28

[block]
# block no. 4 follows, 55 sequences, length 9
# corresponding to MSA columns:
# 484-492
name=unknown_E
#
# <colnr> <probs for GDERKNQSTAVLIFYWHMCP>
#	G	D	E	R	K	N	Q	S	T	A	V	L	I	F	Y	W	H	M	C	P
0	0.27516	0.00803	0.00808	0.02847	0.00993	0.02759	0.00568	0.08970	0.04650	0.06224	0.15807	0.07198	0.06578	0.00684	0.00428	0.00142	0.00352	0.01881	0.03314	0.07479
1	0.06537	0.00822	0.01319	0.65269	0.07964	0.00991	0.01180	0.01191	0.00961	0.01324	0.07258	0.01383	0.00925	0.00499	0.00460	0.00152	0.00566	0.00437	0.00238	0.00524
2	0.01110	0.01068	0.01761	0.02393	0.59094	0.01107	0.05752	0.01463	0.07975	0.01511	0.01125	0.01352	0.04489	0.00500	0.00557	0.00147	0.07182	0.00458	0.00259	0.00696
3	0.06055	0.00723	0.00929	0.00741	0.01015	0.00644	0.05698	0.01154	0.01074	0.09916	0.16092	0.02261	0.18907	0.00691	0.00504	0.00127	0.04159	0.00575	0.00379	0.28355
4	0.01110	0.00989	0.01834	0.01351	0.01724	0.00908	0.40215	0.01402	0.01108	0.10586	0.09534	0.01677	0.04047	0.00528	0.00540	0.00141	0.03476	0.02404	0.00321	0.16106
5	0.04586	0.01044	0.01233	0.00961	0.01313	0.05696	0.06977	0.17456	0.11850	0.23802	0.01425	0.01388	0.03453	0.00531	0.00445	0.00131	0.00457	0.00436	0.00423	0.16392
6	0.01093	0.01045	0.01782	0.20024	0.64039	0.01090	0.01398	0.01376	0.01031	0.01448	0.00865	0.01171	0.00712	0.00425	0.00462	0.00142	0.00567	0.00414	0.00225	0.00689
7	0.01012	0.00944	0.01566	0.51410	0.29886	0.01077	0.01321	0.04744	0.01031	0.01381	0.00856	0.01204	0.00668	0.00452	0.00464	0.00149	0.00592	0.00414	0.00226	0.00605
8	0.12598	0.01051	0.01115	0.00890	0.01228	0.01110	0.00720	0.33517	0.16218	0.06334	0.01222	0.03484	0.00934	0.00540	0.00424	0.00132	0.00420	0.00417	0.00412	0.17233

[dist]
# distance from previous block
# <min> <max>
5	11

[block]
# block no. 5 follows, 55 sequences, length 30
# corresponding to MSA columns:
# 507-536
name=unknown_F
#
# <colnr> <probs for GDERKNQSTAVLIFYWHMCP>
#	G	D	E	R	K	N	Q	S	T	A	V	L	I	F	Y	W	H	M	C	P
0	0.74577	0.00952	0.00802	0.00734	0.03476	0.01091	0.00576	0.10195	0.00958	0.02165	0.00708	0.00809	0.00544	0.00446	0.00313	0.00143	0.00383	0.00276	0.00306	0.00544
1	0.00585	0.00418	0.00560	0.00668	0.00703	0.00393	0.00463	0.00679	0.00908	0.01208	0.02554	0.75731	0.03038	0.01441	0.00599	0.00191	0.00285	0.08762	0.00432	0.00383
2	0.86937	0.00900	0.00684	0.00612	0.00900	0.01044	0.00504	0.01368	0.00792	0.02087	0.00648	0.00756	0.00504	0.00432	0.00288	0.00144	0.00360	0.00252	0.00288	0.00504
3	0.02087	0.00792	0.01080	0.00828	0.01188	0.00684	0.00684	0.02267	0.01332	0.81071	0.01835	0.01583	0.01152	0.00576	0.00468	0.00144	0.00396	0.00468	0.00576	0.00792
4	0.01115	0.01130	0.02007	0.01514	0.01892	0.01147	0.45712	0.01868	0.32354	0.01678	0.01336	0.01459	0.01003	0.00491	0.00513	0.00156	0.00603	0.00537	0.02821	0.00665
5	0.01029	0.00980	0.01667	0.38685	0.45878	0.01073	0.01367	0.01320	0.01001	0.01371	0.00853	0.01191	0.00684	0.00437	0.00463	0.00146	0.00583	0.00414	0.00220	0.00638
6	0.00686	0.00504	0.00634	0.00591	0.00714	0.00469	0.00446	0.03579	0.01322	0.01842	0.70247	0.03492	0.11800	0.00960	0.00546	0.00147	0.00231	0.00841	0.00503	0.00447
7	0.01240	0.01101	0.01704	0.02319	0.57394	0.03262	0.03008	0.05400	0.07658	0.06642	0.03122	0.01277	0.00911	0.00474	0.00490	0.00142	0.02402	0.00438	0.00291	0.00722
8	0.01272	0.00957	0.01044	0.00921	0.01193	0.01073	0.00721	0.02401	0.66971	0.12841	0.04001	0.01762	0.01463	0.00632	0.00475	0.00156	0.00368	0.00526	0.00489	0.00736
9	0.01703	0.08056	0.01398	0.01170	0.01421	0.76070	0.00892	0.01824	0.01292	0.01135	0.00714	0.00832	0.00599	0.00474	0.00411	0.00118	0.00815	0.00296	0.00237	0.00543
10	0.00677	0.00451	0.00507	0.00507	0.00507	0.00451	0.00282	0.00677	0.00677	0.00902	0.01466	0.03044	0.01691	0.83650	0.02368	0.00451	0.00451	0.00677	0.00282	0.00282
11	0.01650	0.28333	0.12206	0.00889	0.01305	0.01133	0.00863	0.03507	0.01176	0.42538	0.01296	0.01218	0.00887	0.00499	0.00409	0.00130	0.00471	0.00378	0.00399	0.00714
12	0.01082	0.27227	0.51288	0.01163	0.01741	0.01299	0.03810	0.01483	0.00989	0.04740	0.00823	0.00944	0.00619	0.00433	0.00403	0.00133	0.00620	0.00326	0.00215	0.00662
13	0.00563	0.00448	0.00506	0.00542	0.00649	0.00390	0.00387	0.00674	0.01017	0.01272	0.08947	0.32601	0.47839	0.01263	0.00565	0.00168	0.00247	0.01094	0.00437	0.00390
14	0.00933	0.02406	0.81240	0.01326	0.02014	0.01080	0.01719	0.01473	0.00982	0.01473	0.00835	0.00982	0.00589	0.00442	0.00442	0.00147	0.00688	0.00344	0.00196	0.00688
15	0.01083	0.01037	0.03241	0.35913	0.32219	0.02586	0.10562	0.01384	0.01026	0.05166	0.00905	0.01212	0.00699	0.00442	0.00472	0.00148	0.00609	0.00429	0.00237	0.00630
16	0.01273	0.01647	0.28930	0.12105	0.09559	0.05501	0.04757	0.27145	0.01404	0.01905	0.00929	0.01082	0.00680	0.00481	0.00458	0.00144	0.00620	0.00391	0.00294	0.00693
17	0.01626	0.00691	0.00923	0.00742	0.01026	0.00603	0.00599	0.01811	0.01306	0.55960	0.20645	0.02262	0.08288	0.00713	0.00494	0.00146	0.00341	0.00597	0.00549	0.00676
18	0.01395	0.01280	0.16358	0.00932	0.01277	0.12990	0.00862	0.02944	0.10272	0.26789	0.09286	0.01831	0.08989	0.00635	0.00469	0.00143	0.00482	0.00510	0.01908	0.00649
19	0.00823	0.03739	0.30292	0.00935	0.01251	0.00721	0.00975	0.01102	0.00983	0.05137	0.01916	0.30774	0.05392	0.00970	0.00529	0.00171	0.00460	0.12959	0.00345	0.00527
20	0.01829	0.03162	0.01096	0.04288	0.01241	0.00756	0.00703	0.07295	0.01333	0.61366	0.01952	0.01853	0.07284	0.00634	0.00475	0.00146	0.00405	0.02925	0.00526	0.00732
21	0.06848	0.19121	0.21136	0.03376	0.01529	0.15432	0.03669	0.11793	0.01180	0.04913	0.00860	0.01013	0.00677	0.02404	0.01755	0.00149	0.02907	0.00346	0.00267	0.00623
22	0.01128	0.01431	0.20297	0.04819	0.32425	0.03108	0.17182	0.04107	0.03183	0.03815	0.03373	0.01226	0.00832	0.00451	0.00477	0.00145	0.00620	0.00440	0.00256	0.00685
23	0.00914	0.02154	0.11929	0.02516	0.05655	0.00786	0.11972	0.08267	0.01095	0.03005	0.01809	0.28288	0.05900	0.02116	0.00552	0.00167	0.00463	0.06548	0.02436	0.03431
24	0.01188	0.01171	0.11721	0.14643	0.33996	0.01046	0.01227	0.09641	0.01164	0.08846	0.03070	0.02864	0.02564	0.00517	0.00498	0.00145	0.03109	0.00448	0.00294	0.01848
25	0.01022	0.04018	0.18074	0.05909	0.05165	0.02970	0.14839	0.07653	0.03599	0.02713	0.09242	0.06754	0.01409	0.02522	0.00536	0.00157	0.00544	0.06893	0.00315	0.05668
26	0.07211	0.01423	0.27251	0.13358	0.07219	0.01028	0.09087	0.07526	0.04282	0.08109	0.03708	0.03388	0.00901	0.00506	0.00457	0.00147	0.00568	0.00437	0.00293	0.03102
27	0.04934	0.02370	0.05570	0.01337	0.19127	0.01978	0.05435	0.05266	0.06414	0.19762	0.06765	0.03908	0.05350	0.00573	0.00460	0.00138	0.00450	0.00498	0.00377	0.09288
28	0.01119	0.10016	0.06485	0.04402	0.04364	0.05267	0.04480	0.03010	0.03763	0.12904	0.13880	0.06633	0.06326	0.05489	0.00599	0.00156	0.02417	0.00561	0.00362	0.07769
29	0.03330	0.02995	0.23950	0.01231	0.08781	0.04677	0.07009	0.02973	0.02306	0.15050	0.08512	0.03255	0.04527	0.00577	0.00515	0.00144	0.04510	0.00478	0.00329	0.04849

[dist]
# distance from previous block
# <min> <max>
2	15

[block]
# block no. 6 follows, 55 sequences, length 8
# corresponding to MSA columns:
# 552-559
name=unknown_G
#
# <colnr> <probs for GDERKNQSTAVLIFYWHMCP>
#	G	D	E	R	K	N	Q	S	T	A	V	L	I	F	Y	W	H	M	C	P
0	0.03187	0.05011	0.36630	0.01476	0.14341	0.05889	0.05693	0.06229	0.08893	0.06744	0.01014	0.01123	0.00749	0.00469	0.00447	0.00143	0.00604	0.00389	0.00277	0.00693
1	0.01051	0.09380	0.39789	0.01541	0.18607	0.04950	0.05246	0.03224	0.01049	0.01466	0.01069	0.01226	0.04975	0.00478	0.00439	0.00139	0.00606	0.00398	0.03711	0.00656
2	0.00969	0.06111	0.38830	0.01530	0.14227	0.01042	0.14391	0.01372	0.01064	0.01524	0.13207	0.01428	0.01222	0.00506	0.00472	0.00145	0.00600	0.00461	0.00257	0.00642
3	0.06136	0.08398	0.45726	0.01182	0.03597	0.01053	0.05465	0.04579	0.01057	0.07331	0.03302	0.05925	0.03178	0.00542	0.00445	0.00146	0.00577	0.00444	0.00272	0.00646
4	0.01099	0.07296	0.27159	0.10358	0.09389	0.03320	0.20235	0.01549	0.07047	0.04831	0.00966	0.01156	0.00723	0.00456	0.00489	0.00147	0.02457	0.00421	0.00249	0.00653
5	0.01206	0.07481	0.22216	0.07379	0.08220	0.01133	0.16766	0.09806	0.06978	0.09408	0.01197	0.01312	0.03777	0.00495	0.00467	0.00146	0.00589	0.00446	0.00303	0.00674
6	0.00959	0.04802	0.25697	0.00950	0.01299	0.00775	0.05546	0.01256	0.01094	0.10840	0.16411	0.05224	0.09972	0.03800	0.00574	0.00166	0.00465	0.09242	0.00364	0.00561
7	0.01497	0.00792	0.00974	0.00808	0.01085	0.03648	0.02665	0.06851	0.04286	0.41364	0.04828	0.06473	0.16582	0.00782	0.00503	0.00153	0.00388	0.05177	0.00498	0.00646

[dist]
# distance from previous block
# <min> <max>
10	30

[block]
# block no. 7 follows, 55 sequences, length 12
# corresponding to MSA columns:
# 590-601
name=unknown_H
#
# <colnr> <probs for GDERKNQSTAVLIFYWHMCP>
#	G	D	E	R	K	N	Q	S	T	A	V	L	I	F	Y	W	H	M	C	P
0	0.01779	0.00907	0.01189	0.08512	0.08998	0.05278	0.00823	0.02037	0.05503	0.55255	0.01576	0.01484	0.01048	0.00627	0.02683	0.00160	0.00478	0.00452	0.00476	0.00734
1	0.05852	0.02760	0.09305	0.01281	0.14298	0.05660	0.05281	0.06228	0.12774	0.12128	0.02911	0.01251	0.00928	0.00481	0.00432	0.00129	0.00487	0.00403	0.00340	0.17071
2	0.04876	0.01320	0.06866	0.01656	0.02066	0.05627	0.51950	0.05819	0.01127	0.05246	0.00932	0.01181	0.00702	0.00457	0.00603	0.00156	0.08041	0.00487	0.00261	0.00627
3	0.01455	0.04567	0.00980	0.00786	0.01044	0.00690	0.00649	0.05892	0.01258	0.40898	0.07654	0.08910	0.07880	0.00834	0.00513	0.00159	0.00378	0.14323	0.00499	0.00630
4	0.01049	0.17557	0.58852	0.01240	0.01848	0.01211	0.05686	0.01493	0.00996	0.04750	0.00847	0.00978	0.00621	0.00437	0.00422	0.00139	0.00645	0.00342	0.00215	0.00672
5	0.00879	0.00827	0.01395	0.82532	0.03204	0.01034	0.01292	0.01189	0.00930	0.01189	0.00827	0.01240	0.00620	0.00465	0.00465	0.00155	0.00620	0.00413	0.00207	0.00517
6	0.00567	0.00405	0.00540	0.00648	0.00675	0.00378	0.00432	0.00648	0.00891	0.01188	0.02564	0.83347	0.03077	0.01457	0.00594	0.00189	0.00270	0.01323	0.00432	0.00378
7	0.86937	0.00900	0.00684	0.00612	0.00900	0.01044	0.00504	0.01368	0.00792	0.02087	0.00648	0.00756	0.00504	0.00432	0.00288	0.00144	0.00360	0.00252	0.00288	0.00504
8	0.00683	0.00514	0.00657	0.00729	0.00852	0.00488	0.00618	0.00866	0.01067	0.01347	0.03210	0.04992	0.28536	0.01250	0.00612	0.00195	0.00364	0.52172	0.00430	0.00417
9	0.61173	0.00867	0.00804	0.00677	0.00987	0.00934	0.00558	0.01641	0.00956	0.26069	0.01008	0.01007	0.00701	0.00476	0.00343	0.00144	0.00371	0.00317	0.00375	0.00591
10	0.10436	0.00587	0.00651	0.00599	0.00723	0.00583	0.00417	0.04783	0.00950	0.11679	0.07609	0.08013	0.10278	0.39188	0.01351	0.00291	0.00384	0.00678	0.00373	0.00427
11	0.09292	0.01361	0.01182	0.01016	0.03166	0.29257	0.02199	0.07867	0.04796	0.27212	0.01185	0.01173	0.00842	0.00510	0.00427	0.00131	0.00560	0.00378	0.02146	0.05300

[dist]
# distance from previous block
# <min> <max>
2	8

[block]
# block no. 8 follows, 55 sequences, length 21
# corresponding to MSA columns:
# 610-620,647-656
name=unknown_I
#
# <colnr> <probs for GDERKNQSTAVLIFYWHMCP>
#	G	D	E	R	K	N	Q	S	T	A	V	L	I	F	Y	W	H	M	C	P
0	0.12728	0.01272	0.05760	0.05879	0.01440	0.09175	0.00874	0.35657	0.06067	0.08576	0.03135	0.01242	0.00896	0.00559	0.00479	0.00145	0.03341	0.01706	0.00390	0.00678
1	0.58708	0.12567	0.03653	0.00690	0.01004	0.03354	0.00605	0.02795	0.00904	0.06280	0.00954	0.01022	0.04971	0.00480	0.00326	0.00138	0.00401	0.00311	0.00298	0.00539
2	0.00954	0.00561	0.00699	0.00629	0.00810	0.00505	0.00493	0.02869	0.01256	0.18053	0.37596	0.03400	0.24382	0.00945	0.00535	0.00152	0.00278	0.04879	0.00498	0.00506
3	0.01748	0.01257	0.01408	0.01080	0.01451	0.01373	0.03470	0.68901	0.04644	0.08123	0.01185	0.01173	0.00833	0.00556	0.00469	0.00141	0.00508	0.00430	0.00465	0.00784
4	0.01018	0.01018	0.01425	0.01221	0.01221	0.01425	0.01018	0.01120	0.00712	0.01120	0.00611	0.01018	0.00611	0.00814	0.01527	0.00204	0.82799	0.00407	0.00204	0.00509
5	0.01767	0.01345	0.01393	0.01076	0.01442	0.05145	0.00885	0.75633	0.02147	0.02849	0.01099	0.01104	0.00782	0.00555	0.00463	0.00139	0.00527	0.00413	0.00455	0.00780
6	0.01850	0.00742	0.01004	0.00795	0.01115	0.00646	0.00654	0.02032	0.01308	0.67888	0.08352	0.02017	0.04610	0.00662	0.00486	0.00148	0.00377	0.04025	0.00558	0.00731
7	0.00709	0.00493	0.00624	0.00674	0.00753	0.00477	0.00483	0.00910	0.06878	0.04631	0.09992	0.47990	0.06819	0.07458	0.00711	0.00201	0.00306	0.09025	0.00437	0.00427
8	0.24903	0.01299	0.01136	0.00945	0.01257	0.15342	0.00758	0.32528	0.11048	0.04930	0.01038	0.01061	0.00768	0.00520	0.00410	0.00140	0.00506	0.00367	0.00382	0.00662
9	0.06116	0.79209	0.02338	0.00786	0.01177	0.01795	0.00779	0.01392	0.00937	0.01151	0.00647	0.00747	0.00592	0.00400	0.00298	0.00102	0.00490	0.00249	0.00204	0.00592
10	0.00738	0.00527	0.00735	0.00834	0.00938	0.00524	0.00720	0.00947	0.01078	0.01412	0.06904	0.07997	0.02789	0.01272	0.00635	0.00209	0.00411	0.70467	0.00433	0.00427
11	0.01126	0.01314	0.15273	0.07099	0.30465	0.01113	0.16501	0.03067	0.13938	0.03851	0.01076	0.01256	0.00823	0.00461	0.00477	0.00148	0.00590	0.00449	0.00278	0.00696
12	0.01062	0.00892	0.02242	0.00868	0.01104	0.00969	0.00688	0.04823	0.53433	0.03602	0.13859	0.03698	0.05725	0.00744	0.00497	0.00158	0.00351	0.04154	0.00472	0.00657
13	0.00552	0.00463	0.00480	0.00493	0.00634	0.00391	0.00363	0.00665	0.01040	0.01248	0.04452	0.14067	0.71139	0.01212	0.00555	0.00161	0.00240	0.01023	0.00432	0.00391
